APPTR,N11,11,DA
IF,DA,65.570139,-37.207083, ,0.0,0.0,2,3800,0,1,120,0,0,0
CF,D269D,65.543044,-37.353517,0,DA,269.0,4.0,269.0,4.0,2,1800,0,0,0,0,0,1
CF,FN11,65.563108,-37.366619,2,DA,287.0,4.0,107.0,1.0,2,1800,0,0,0,0,0,0

FINAL,N11,11,N,2
IF,FN11,65.563108,-37.366619,DA,0.0,0.0,2,1800,0,0,0,0,2,0
CF,DA,65.570139,-37.207083,0,DA,0.0,0.0,107.0,4.0,1,726,0,0,0,0,3,0
CA,0,107.0,2,726,0,0,0,0,0,0
CA,1,241.0,2,3800,0,1,120,0,0,0
DF,DA,65.570139,-37.207083,1, ,0.0,0.0,1,3800,0,0,0,0,0,0
HM,DA,65.570139,-37.207083,1, ,0.0,0.0,269.0,04.3,0,0,0,0,0,0,0,0,0

APPTR,R11,11,ESIBA
IF,ESIBA,65.453686,-37.507808, ,0.0,0.0,2,4300,0,0,0,0,1,0
TF,KKI11,65.529969,-37.587039,0, ,0.0,0.0,0.0,0.0,2,3500,0,0,0,0,1,0
TF,KKF11,65.560844,-37.413969,0, ,0.0,0.0,0.0,0.0,2,2700,0,0,0,0,0,0

APPTR,R11,11,LUNAL
IF,LUNAL,65.496903,-37.770708, ,0.0,0.0,2,5000,0,0,0,0,1,0
TF,KKI11,65.529969,-37.587039,0, ,0.0,0.0,0.0,0.0,2,3500,0,0,0,0,1,0
TF,KKF11,65.560844,-37.413969,0, ,0.0,0.0,0.0,0.0,2,2700,0,0,0,0,0,0

APPTR,R11,11,SOMEV
IF,SOMEV,65.636697,-37.698742, ,0.0,0.0,2,6000,0,0,0,0,1,0
TF,25NM,65.568081,-37.626814,0, ,0.0,0.0,0.0,0.0,2,4200,0,0,0,0,0,0
TF,KKI11,65.529969,-37.587039,0, ,0.0,0.0,0.0,0.0,2,3500,0,0,0,0,1,0
TF,KKF11,65.560844,-37.413969,0, ,0.0,0.0,0.0,0.0,2,2700,0,0,0,0,0,0

FINAL,R11,11,R,2
IF,KKF11,65.560844,-37.413969, ,0.0,0.0,2,2700,0,0,0,0,2,0
TF,KKM11,65.569133,-37.227064,0, ,0.0,0.0,107.0,4.7,1,992,0,1,130,0,3,1
DF,LUNAL,65.496903,-37.770708,1, ,0.0,0.0,1,4000,0,1,130,0,0,0
HM,LUNAL,65.496903,-37.770708,2, ,0.0,0.0,90.0,04.3,1,4000,0,0,0,0,0,0,0

APPTR,R11-A,11,BUMUD
IF,BUMUD,65.618661,-36.618872, ,0.0,0.0,2,4500,0,0,0,0,1,0
TF,INGUB,65.537544,-36.662158,0, ,0.0,0.0,0.0,0.0,2,3200,0,0,0,0,1,0

APPTR,R11-A,11,INGUB
HF,INGUB,65.537544,-36.662158,2, ,0.0,0.0,305.0,04.3,2,3200,0,0,0,0,1,0,0

APPTR,R11-A,11,URUKU
IF,URUKU,65.456417,-36.705169, ,0.0,0.0,2,4000,0,0,0,0,1,0
TF,INGUB,65.537544,-36.662158,0, ,0.0,0.0,0.0,0.0,2,3200,0,0,0,0,1,0

FINAL,R11-A,11,R,3
IF,INGUB,65.537544,-36.662158, ,0.0,0.0,2,3200,0,0,0,0,0,0
TF,KKF41,65.555308,-36.857967,0, ,0.0,0.0,305.0,5.0,2,2600,0,0,0,0,2,0
TF,KKM41,65.574294,-37.070700,0, ,0.0,0.0,305.0,5.4,1,2600,0,0,0,0,3,1
DF,KKF11,65.560844,-37.413969,0, ,0.0,0.0,0,0,0,0,0,0,0,0
TF,LUNAL,65.496903,-37.770708,0, ,0.0,0.0,0.0,0.0,1,4000,0,0,0,0,0,0
HM,LUNAL,65.496903,-37.770708,2, ,0.0,0.0,90.0,04.3,1,4000,0,0,0,0,0,0,0

APPTR,R29-A,29,BUMUD
IF,BUMUD,65.618661,-36.618872, ,0.0,0.0,2,4500,0,0,0,0,1,0
TF,INGUB,65.537544,-36.662158,0, ,0.0,0.0,0.0,0.0,2,3200,0,0,0,0,1,0

APPTR,R29-A,29,INGUB
HF,INGUB,65.537544,-36.662158,2, ,0.0,0.0,305.0,04.3,2,3200,0,0,0,0,1,0,0

APPTR,R29-A,29,URUKU
IF,URUKU,65.456417,-36.705169, ,0.0,0.0,2,4000,0,0,0,0,1,0
TF,INGUB,65.537544,-36.662158,0, ,0.0,0.0,0.0,0.0,2,3200,0,0,0,0,1,0

FINAL,R29-A,29,R,3
IF,INGUB,65.537544,-36.662158, ,0.0,0.0,2,3200,0,0,0,0,0,0
TF,KKF41,65.555308,-36.857967,0, ,0.0,0.0,305.0,5.0,2,2600,0,0,0,0,2,0
TF,KKM41,65.574294,-37.070700,0, ,0.0,0.0,305.0,5.4,1,2600,0,0,0,0,3,1
DF,KKF11,65.560844,-37.413969,0, ,0.0,0.0,0,0,0,0,0,0,0,0
TF,LUNAL,65.496903,-37.770708,0, ,0.0,0.0,0.0,0.0,1,4000,0,0,0,0,0,0
HM,LUNAL,65.496903,-37.770708,2, ,0.0,0.0,90.0,04.3,1,4000,0,0,0,0,0,0,0

