SID,AKI2A,01,2
DF,OE,65.686472,-18.077639,0, ,0.0,0.0,0,0,0,0,0,0,0,0
TF,HJ,65.851667,-18.191611,0, ,0.0,0.0,0.0,0.0,2,4200,0,0,0,0,0,1
CF,AKI,65.759806,-18.004111,2,AKI,0.0,0.0,173.0,6.0,0,0,0,0,0,0,0,0

SID,AKI2B,01,2
DF,OE,65.686472,-18.077639,0, ,0.0,0.0,0,0,0,0,0,0,0,0
TF,HJ,65.851667,-18.191611,0, ,0.0,0.0,0.0,0.0,2,2600,0,0,0,0,0,0
TF,D341K,65.911389,-18.236389,0, ,0.0,0.0,0.0,0.0,0,0,0,0,0,0,0,0
FA,D341K,65.911389,-18.236389,0,AKI,0.0,0.0,341.0,2,5500,0,0,0,0,0,0
DF,AKI,65.759806,-18.004111,2, ,0.0,0.0,0,0,0,0,0,0,0,0

SID,AR1,01,2
DF,OE,65.686472,-18.077639,0, ,0.0,0.0,0,0,0,0,0,0,0,0
TF,HJ,65.851667,-18.191611,0, ,0.0,0.0,0.0,0.0,0,0,0,0,0,0,0,1
CA,0,354.0,2,5000,0,0,0,0,0,0
DF,AR,65.755944,-18.089611,2, ,0.0,0.0,0,0,0,0,0,0,0,0

SID,ASKU1A,01,5
CA,0,8.0,2,410,0,0,0,0,0,0
CF,AR410,65.750736,-18.072094,0,AKI,264.1,1.8,12.0,5.0,2,2300,0,1,165,0,0,0
TF,AR411,65.751200,-18.204869,0, ,0.0,0.0,0.0,0.0,2,3700,0,1,165,0,0,0
TF,AR412,65.670556,-18.416744,0, ,0.0,0.0,0.0,0.0,2,5800,0,0,0,0,0,0
TF,ASKUR,65.195556,-18.691667,0, ,0.0,0.0,0.0,0.0,0,0,0,0,0,0,0,0

SID,ASKU1B,01,5
CA,0,7.0,2,2600,0,1,165,0,0,0
DF,AR421,65.623464,-17.923422,2, ,0.0,0.0,2,4500,0,1,165,0,0,0
TF,AR422,65.512531,-17.973603,0, ,0.0,0.0,0.0,0.0,2,6000,0,0,0,0,0,0
TF,ASKUR,65.195556,-18.691667,0, ,0.0,0.0,0.0,0.0,0,0,0,0,0,0,0,0

SID,ASKU1C,19,5
CF,AR441,65.601100,-18.061514,0,AKI,200.5,9.7,187.0,2.7,0,0,0,1,175,0,0,0
TF,AR442,65.500433,-18.151022,0, ,0.0,0.0,0.0,0.0,2,3200,0,0,0,0,0,0
TF,AR443,65.430475,-18.224936,0, ,0.0,0.0,0.0,0.0,2,4500,0,0,0,0,0,0
TF,GILTU,65.305833,-18.355556,0, ,0.0,0.0,0.0,0.0,2,6000,0,0,0,0,0,0
TF,ASKUR,65.195556,-18.691667,0, ,0.0,0.0,0.0,0.0,0,0,0,0,0,0,0,0

SID,ASKU1E,19,2
CD, ,0,0,0,IAL,0,0.0,187.0,2.5,0,0,0,1,205,0,0,0
CI,0, ,0.0,200.0,0,0,0,1,205,0,0,0
CF,D216A,65.565650,-18.081722,0,AKI,201.4,11.9,216.0,1.0,0,0,0,1,205,0,0,0
TF,TO,65.500417,-18.150944,0, ,0.0,0.0,0.0,0.0,2,3000,0,1,230,0,0,0
TF,NB,65.326111,-18.293583,0, ,0.0,0.0,0.0,0.0,2,5200,0,1,250,0,0,0
TF,ASKUR,65.195556,-18.691667,0, ,0.0,0.0,0.0,0.0,2,7500,0,0,0,0,0,0

SID,JARI1C,19,5
CF,AR441,65.601100,-18.061514,0,AKI,200.5,9.7,187.0,2.7,0,0,0,1,175,0,0,0
TF,AR442,65.500433,-18.151022,0, ,0.0,0.0,0.0,0.0,2,3200,0,0,0,0,0,0
TF,AR443,65.430475,-18.224936,0, ,0.0,0.0,0.0,0.0,2,4500,0,0,0,0,0,0
TF,GILTU,65.305833,-18.355556,0, ,0.0,0.0,0.0,0.0,2,6000,0,0,0,0,0,0
TF,JARRI,65.205267,-17.990533,0, ,0.0,0.0,0.0,0.0,0,0,0,0,0,0,0,0

SID,JARI1E,19,2
CD, ,0,0,0,IAL,0,0.0,187.0,2.5,0,0,0,0,0,0,0,0
CI,0, ,0.0,200.0,0,0,0,1,205,0,0,0
CF,D216A,65.565650,-18.081722,0,AKI,201.4,11.9,216.0,1.0,0,0,0,1,205,0,0,0
TF,TO,65.500417,-18.150944,0, ,0.0,0.0,0.0,0.0,2,3000,0,1,230,0,0,0
TF,NB,65.326111,-18.293583,0, ,0.0,0.0,0.0,0.0,2,5200,0,1,250,0,0,0
TF,JARRI,65.205267,-17.990533,0, ,0.0,0.0,0.0,0.0,2,7000,0,0,0,0,0,0

SID,MAME1A,01,5
CA,0,6.0,2,2600,0,0,0,0,0,0
DF,MAMEP,65.698814,-17.346308,2, ,0.0,0.0,2,6000,0,0,0,0,0,0

SID,PERU1A,01,5
CA,0,8.0,2,410,0,0,0,0,0,0
CF,AR410,65.750736,-18.072094,0,AKI,264.1,1.8,12.0,5.0,2,2300,0,1,165,0,0,0
TF,AR411,65.751200,-18.204869,0, ,0.0,0.0,0.0,0.0,2,3700,0,1,165,0,0,0
TF,AR412,65.670556,-18.416744,0, ,0.0,0.0,0.0,0.0,2,5800,0,0,0,0,0,0
TF,PERUR,65.440900,-18.959397,0, ,0.0,0.0,0.0,0.0,0,0,0,0,0,0,0,0

SID,PERU1B,01,5
CA,0,7.0,2,2600,0,1,165,0,0,0
DF,AR421,65.623464,-17.923422,2, ,0.0,0.0,2,4500,0,1,165,0,0,0
TF,AR422,65.512531,-17.973603,0, ,0.0,0.0,0.0,0.0,2,6000,0,0,0,0,0,0
TF,PERUR,65.440900,-18.959397,0, ,0.0,0.0,0.0,0.0,0,0,0,0,0,0,0,0

SID,UTIS2A,01,5
CF,AR401,65.854050,-18.125631,0,AKI,344.2,6.4,6.0,11.3,2,6500,0,0,0,0,0,0
TF,UTISU,65.881889,-17.341656,2, ,0.0,0.0,0.0,0.0,0,0,0,0,0,0,0,0

STAR,AFPA1M,19,5
IF,AFPAC,65.793092,-18.821139, ,0.0,0.0,2,10000,0,0,0,0,0,0
TF,AR702,65.941825,-18.497014,0, ,0.0,0.0,0.0,0.0,2,7000,0,0,0,0,0,0
TF,NORFI,65.967522,-18.324969,0, ,0.0,0.0,0.0,0.0,2,6000,0,1,230,0,0,0

STAR,AKI1A,ALL,2
IF,HE,65.750861,-19.519056, ,0.0,0.0,0,0,0,0,0,0,0,0
TF,D282O,65.758028,-18.610217,0, ,0.0,0.0,0.0,0.0,0,0,0,0,0,0,0,0
TF,D282F,65.759383,-18.246561,0, ,0.0,0.0,0.0,0.0,0,0,0,0,0,0,0,0
TF,AKI,65.759806,-18.004111,0, ,0.0,0.0,0.0,0.0,0,0,0,0,0,0,0,0

STAR,AKI1B,ALL,2
IF,LA,65.576750,-19.488417, ,0.0,0.0,0,0,0,0,0,0,0,0
TF,D266O,65.690156,-18.585303,0, ,0.0,0.0,0.0,0.0,0,0,0,0,0,0,0,0
TF,D266F,65.732211,-18.236961,0, ,0.0,0.0,0.0,0.0,0,0,0,0,0,0,0,0
TF,AKI,65.759806,-18.004111,0, ,0.0,0.0,0.0,0.0,0,0,0,0,0,0,0,0

STAR,AKI1D,ALL,2
IF,NB,65.326111,-18.293583, ,0.0,0.0,0,0,0,0,0,0,0,0
TF,D208F,65.663803,-18.069053,0, ,0.0,0.0,0.0,0.0,0,0,0,0,0,0,0,0
TF,AKI,65.759806,-18.004111,0, ,0.0,0.0,0.0,0.0,0,0,0,0,0,0,0,0

STAR,AKI1E,ALL,2
IF,FELLI,65.354167,-15.173889, ,0.0,0.0,0,0,0,0,0,0,0,0
TF,D120J,65.708569,-17.620103,0, ,0.0,0.0,0.0,0.0,0,0,0,0,0,0,0,0
TF,AKI,65.759806,-18.004111,0, ,0.0,0.0,0.0,0.0,0,0,0,0,0,0,0,0

STAR,AKI1F,ALL,2
IF,HA,65.629444,-15.041389, ,0.0,0.0,0,0,0,0,0,0,0,0
TF,D107J,65.745539,-17.601619,0, ,0.0,0.0,0.0,0.0,0,0,0,0,0,0,0,0
TF,AKI,65.759806,-18.004111,0, ,0.0,0.0,0.0,0.0,0,0,0,0,0,0,0,0

STAR,AKI1G,ALL,2
IF,TN,66.220806,-15.331222, ,0.0,0.0,0,0,0,0,0,0,0,0
TF,D079J,65.827278,-17.634525,0, ,0.0,0.0,0.0,0.0,0,0,0,0,0,0,0,0
TF,AKI,65.759806,-18.004111,0, ,0.0,0.0,0.0,0.0,0,0,0,0,0,0,0,0

STAR,AKI1H,ALL,2
IF,GR,66.528333,-17.983111, ,0.0,0.0,0,0,0,0,0,0,0,0
TF,D014F,65.859456,-18.001458,0, ,0.0,0.0,0.0,0.0,0,0,0,0,0,0,0,0
TF,AKI,65.759806,-18.004111,0, ,0.0,0.0,0.0,0.0,0,0,0,0,0,0,0,0

STAR,AKI1J,ALL,2
IF,NB,65.326111,-18.293583, ,0.0,0.0,0,0,0,0,0,0,0,0
TF,PEXIL,65.403889,-18.051111,0, ,0.0,0.0,0.0,0.0,0,0,0,0,0,0,0,0
TF,D196F,65.660297,-18.017381,0, ,0.0,0.0,0.0,0.0,0,0,0,0,0,0,0,0
TF,AKI,65.759806,-18.004111,0, ,0.0,0.0,0.0,0.0,0,0,0,0,0,0,0,0

STAR,AKI2C,ALL,2
IF,PERUR,65.440900,-18.959397, ,0.0,0.0,0,0,0,0,0,0,0,0
TF,D244O,65.604064,-18.475811,0, ,0.0,0.0,0.0,0.0,0,0,0,0,0,0,0,0
TF,D244F,65.697683,-18.193469,0, ,0.0,0.0,0.0,0.0,0,0,0,0,0,0,0,0
TF,AKI,65.759806,-18.004111,0, ,0.0,0.0,0.0,0.0,0,0,0,0,0,0,0,0

STAR,BEZI1M,19,5
IF,BEZIM,65.985000,-18.730278, ,0.0,0.0,2,7000,0,0,0,0,0,0
TF,NORFI,65.967522,-18.324969,0, ,0.0,0.0,0.0,0.0,2,6000,0,1,230,0,0,0

STAR,CUBA1M,19,5
IF,CUBAS,66.126794,-18.440689, ,0.0,0.0,2,7000,0,0,0,0,0,0
TF,NORFI,65.967522,-18.324969,0, ,0.0,0.0,0.0,0.0,2,6000,0,1,230,0,0,0

STAR,DORF1M,19,5
IF,DORFA,66.130042,-18.240922, ,0.0,0.0,2,7000,0,0,0,0,0,0
TF,NORFI,65.967522,-18.324969,0, ,0.0,0.0,0.0,0.0,2,6000,0,1,230,0,0,0

STAR,MAME1M,19,5
IF,MAMEP,65.698814,-17.346308, ,0.0,0.0,2,10000,0,0,0,0,0,0
TF,AR705,65.798297,-17.661778,0, ,0.0,0.0,0.0,0.0,2,7000,0,0,0,0,0,0
TF,ARLAX,65.843581,-17.806783,0, ,0.0,0.0,0.0,0.0,2,6000,0,1,230,0,0,0

STAR,PEXI1M,19,5
IF,PEXIL,65.403889,-18.051111, ,0.0,0.0,2,11000,0,0,0,0,0,0
TF,AR701,65.710864,-17.822447,0, ,0.0,0.0,0.0,0.0,2,8000,0,0,0,0,0,0
TF,ARLAX,65.843581,-17.806783,0, ,0.0,0.0,0.0,0.0,2,6000,0,1,230,0,0,0

STAR,UTIS1M,19,5
IF,UTISU,65.881889,-17.341656, ,0.0,0.0,2,7000,0,0,0,0,0,0
TF,ARLAX,65.843581,-17.806783,0, ,0.0,0.0,0.0,0.0,2,6000,0,1,230,0,0,0

APPTR,I01,01,NB
IF,NB,65.326111,-18.293583, ,0.0,0.0,0,0,0,0,0,0,1,0
CF,PEXIL,65.403889,-18.051111,0,IAL,190.2,16.0,65.0,7.7,2,6100,0,0,0,0,1,0

APPTR,I01,01,PEXIL
HF,PEXIL,65.403889,-18.051111,2, ,0.0,0.0,10.0,04.3,2,6000,0,0,0,0,1,0,0

FINAL,I01,01,I,3
IF,PEXIL,65.403889,-18.051111,IAL,190.2,16.0,2,6100,0,0,0,0,0,0
CF,FI01,65.508950,-18.062497,0,IAL,190.7,9.7,10.0,6.3,1,4800,0,0,0,0,2,0
CF,RW01,65.645842,-18.069944,0,IAL,190.7,1.4,10.0,8.2,1,91,0,0,0,0,3,0
FD,RW01,65.645842,-18.069944,0,IAL,0.0,1.6,10.0,1.6,0,0,0,0,0,0,0,0
DF,OE,65.686472,-18.077639,1, ,0.0,0.0,0,0,0,0,0,0,0,0
CF,HJ,65.851667,-18.191611,0,AKI,333.1,7.2,356.0,10.3,0,0,0,0,0,0,0,0
CR,0,AKI,341.0,356.0,0,0,0,0,0,0,0,0
CA,0,341.0,2,5500,0,0,0,0,0,0
DF,AR,65.755944,-18.089611,2, ,0.0,0.0,1,6000,0,0,0,0,0,0
HM,AR,65.755944,-18.089611,2, ,0.0,0.0,188.0,04.3,0,0,0,0,0,0,0,0,0

APPTR,L01,01,GILTU
IF,GILTU,65.305833,-18.355556, ,0.0,0.0,2,7000,0,0,0,0,1,0
CF,D217Q,65.379983,-18.279461,0,AKI,209.8,23.9,37.0,4.9,2,5800,0,0,0,0,1,0
CF,CL01,65.441028,-18.214783,0,IEY,217.0,12.5,37.0,4.0,2,4300,0,0,0,0,0,0

APPTR,L01,01,NB
IF,NB,65.326111,-18.293583, ,0.0,0.0,2,6500,0,0,0,0,1,0
TF,D217Q,65.379983,-18.279461,0, ,0.0,0.0,0.0,0.0,2,5800,0,0,0,0,1,0
CF,CL01,65.441028,-18.214783,0,IEY,217.0,12.5,37.0,4.0,2,4300,0,0,0,0,0,0

FINAL,L01,01,D,4
IF,CL01,65.441028,-18.214783,IEY,217.0,12.5,2,4300,0,0,0,0,0,0
CF,FL01,65.471944,-18.181111,0,IEY,216.9,10.5,37.0,2.0,2,3550,0,0,0,0,2,0
CF,70LOC,65.533856,-18.115939,0,IEY,217.0,6.4,37.0,4.1,2,2050,0,0,0,0,0,0
CF,KN,65.586944,-18.058833,0,IEY,216.9,2.9,37.0,3.5,1,800,0,0,0,0,3,0
CF,D217B,65.601139,-18.043611,0,AKI,198.9,9.6,37.0,0.9,2,800,0,0,0,0,0,1
CF,OE,65.686472,-18.077639,0,AKI,215.5,4.8,360.0,5.0,0,0,0,1,130,0,0,0
CF,HJ,65.851667,-18.191611,0,AKI,333.1,7.2,357.0,10.3,1,6000,0,0,0,0,0,0
HM,HJ,65.851667,-18.191611,2, ,0.0,0.0,9.0,06,0,0,0,0,0,0,0,0,0

APPTR,L01-B,01,GILTU
IF,GILTU,65.305833,-18.355556, ,0.0,0.0,2,7000,0,0,0,0,1,0
CF,D217Q,65.379983,-18.279461,0,AKI,209.8,23.9,37.0,4.9,2,5800,0,0,0,0,1,0
CF,CL01,65.441028,-18.214783,0,IEY,217.0,12.5,37.0,4.0,2,4300,0,0,0,0,0,0

APPTR,L01-B,01,NB
IF,NB,65.326111,-18.293583, ,0.0,0.0,2,6500,0,0,0,0,1,0
TF,D217Q,65.379983,-18.279461,0, ,0.0,0.0,0.0,0.0,2,5800,0,0,0,0,1,0
CF,CL01,65.441028,-18.214783,0,IEY,217.0,12.5,37.0,4.0,2,4300,0,0,0,0,0,0

FINAL,L01-B,01,D,4
IF,CL01,65.441028,-18.214783,IEY,217.0,12.5,2,4300,0,0,0,0,0,0
CF,FL01,65.471944,-18.181111,0,IEY,216.9,10.5,37.0,2.0,2,3550,0,0,0,0,2,0
CF,70LOC,65.533856,-18.115939,0,IEY,217.0,6.4,37.0,4.1,2,2050,0,0,0,0,0,0
CF,ML01,65.573825,-18.073144,0,IEY,217.0,3.8,37.0,2.6,1,1400,0,0,0,0,3,0
CF,D217B,65.601139,-18.043611,0,AKI,198.9,9.6,37.0,1.8,2,1400,0,0,0,0,0,1
CF,OE,65.686472,-18.077639,0,AKI,215.5,4.8,360.0,5.0,0,0,0,1,185,0,0,0
CF,HJ,65.851667,-18.191611,0,AKI,333.1,7.2,357.0,10.3,1,6000,0,0,0,0,0,0
HM,HJ,65.851667,-18.191611,2, ,0.0,0.0,9.0,06,0,0,0,0,0,0,0,0,0

APPTR,L19,19,ARLAX
IF,ARLAX,65.843581,-17.806783, ,0.0,0.0,2,6000,0,1,230,0,1,0
TF,AR490,65.860014,-17.984803,0, ,0.0,0.0,0.0,0.0,2,4800,0,0,0,0,0,0
TF,2NM,65.851564,-18.050592,0, ,0.0,0.0,0.0,0.0,2,4200,0,0,0,0,0,0
TF,REFUM,65.841592,-18.127942,0,IAR,0.0,0.0,0.0,0.0,2,3600,0,1,220,0,1,0

APPTR,L19,19,NORFI
IF,NORFI,65.967522,-18.324969, ,0.0,0.0,2,6000,0,1,230,0,1,0
TF,AR489,65.904589,-18.226217,0, ,0.0,0.0,0.0,0.0,2,4000,0,0,0,0,0,0
TF,REFUM,65.841592,-18.127942,0,IAR,0.0,0.0,0.0,0.0,2,3600,0,1,220,0,1,0

FINAL,L19,19,D,3
IF,REFUM,65.841592,-18.127942,IAR,4.6,12.0,2,3600,0,1,220,0,0,0
CF,SAGGO,65.775725,-18.106808,0,IAR,4.6,8.0,185.0,4.0,2,2500,0,0,0,0,2,0
CF,ML19,65.693092,-18.079500,0,IAR,5.0,2.9,185.0,5.0,1,629,0,0,0,0,3,0
TF,AR495,65.621603,-18.057778,0, ,0.0,0.0,0.0,0.0,0,0,0,1,185,0,0,0
TF,AR496,65.565778,-18.096997,0, ,0.0,0.0,0.0,0.0,0,0,0,1,210,0,0,0
TF,TO,65.500417,-18.150944,0, ,0.0,0.0,0.0,0.0,0,0,0,0,0,0,0,0
TF,NB,65.326111,-18.293583,0, ,0.0,0.0,0.0,0.0,0,0,0,1,230,0,0,0
TF,AR594,65.231914,-18.369600,0, ,0.0,0.0,0.0,0.0,0,0,0,0,0,0,0,1
CA,0,211.0,2,6000,0,0,0,0,0,0
DF,NB,65.326111,-18.293583,1, ,0.0,0.0,0,0,0,0,0,0,0,0
HM,NB,65.326111,-18.293583,2, ,0.0,0.0,19.0,04.3,1,7000,0,1,230,0,0,0,0

APPTR,L19-B,19,GILTU
IF,GILTU,65.305833,-18.355556, ,0.0,0.0,2,7000,0,0,0,0,1,0
CF,D217Q,65.379983,-18.279461,0,AKI,209.8,23.9,37.0,4.9,2,5800,0,0,0,0,1,0
CF,CL01,65.441028,-18.214783,0,IEY,217.0,12.5,37.0,4.0,2,4300,0,0,0,0,0,0

APPTR,L19-B,19,NB
IF,NB,65.326111,-18.293583, ,0.0,0.0,2,6500,0,0,0,0,1,0
TF,D217Q,65.379983,-18.279461,0, ,0.0,0.0,0.0,0.0,2,5800,0,0,0,0,1,0
CF,CL01,65.441028,-18.214783,0,IEY,217.0,12.5,37.0,4.0,2,4300,0,0,0,0,0,0

FINAL,L19-B,19,D,4
IF,CL01,65.441028,-18.214783,IEY,217.0,12.5,2,4300,0,0,0,0,0,0
CF,FL01,65.471944,-18.181111,0,IEY,216.9,10.5,37.0,2.0,2,3550,0,0,0,0,2,0
CF,70LOC,65.533856,-18.115939,0,IEY,217.0,6.4,37.0,4.1,2,2050,0,0,0,0,0,0
CF,ML01,65.573825,-18.073144,0,IEY,217.0,3.8,37.0,2.6,1,1400,0,0,0,0,3,0
CF,D217B,65.601139,-18.043611,0,AKI,198.9,9.6,37.0,1.8,2,1400,0,0,0,0,0,1
CF,OE,65.686472,-18.077639,0,AKI,215.5,4.8,360.0,5.0,0,0,0,1,185,0,0,0
CF,HJ,65.851667,-18.191611,0,AKI,333.1,7.2,357.0,10.3,1,6000,0,0,0,0,0,0
HM,HJ,65.851667,-18.191611,2, ,0.0,0.0,9.0,06,0,0,0,0,0,0,0,0,0

APPTR,Q19,19,AKI
IF,AKI,65.759806,-18.004111, ,0.0,0.0,2,5000,0,0,0,0,1,0
CF,HJ,65.851667,-18.191611,0,AKI,332.1,7.2,332.0,7.2,2,4700,0,0,0,0,0,0
CF,D332Q,65.911908,-18.315428,0,AKI,332.2,12.0,332.0,4.7,2,4700,0,0,0,0,0,1
CF,CQ19,65.905806,-18.229597,2,AKI,339.8,10.4,176.0,2.0,2,4700,0,0,0,0,1,0

FINAL,Q19,19,N,4
IF,CQ19,65.905806,-18.229597,HJ,0.0,0.0,2,4700,0,0,0,0,0,0
CF,HJ,65.851667,-18.191611,0,HJ,0.0,0.0,176.0,3.4,2,3700,0,0,0,0,0,0
CF,FQ19,65.825864,-18.173700,0,HJ,0.0,0.0,176.0,1.6,2,3700,0,0,0,0,2,0
CF,MQ19,65.710669,-18.094228,0,IAL,0.0,3.8,176.0,7.2,1,1054,0,0,0,0,3,0
CF,OE,65.686472,-18.077639,0,AKI,214.5,4.8,176.0,1.5,0,0,0,0,0,0,0,0
CF,D187C,65.607014,-18.062494,0,AKI,201.0,9.3,187.0,4.8,0,0,0,0,0,0,0,1
CF,TO,65.500417,-18.150944,0,AKI,205.2,16.0,211.0,6.8,0,0,0,0,0,0,0,0
CA,0,211.0,2,4500,0,0,0,0,0,0
CF,AKI,65.759806,-18.004111,1,AKI,0.0,0.0,12.0,23.0,1,5000,0,0,0,0,0,1
HM,AKI,65.759806,-18.004111,2, ,0.0,0.0,332.0,04.3,1,5000,0,0,0,0,0,0,0

APPTR,R19,19,ADVUN
IF,ADVUN,65.855250,-18.435342, ,0.0,0.0,2,6200,0,0,0,0,1,0
TF,5NM,65.859361,-18.314081,0, ,0.0,0.0,0.0,0.0,2,5200,0,0,0,0,0,0
TF,ARI19,65.866006,-18.111875,0, ,0.0,0.0,0.0,0.0,2,3800,0,0,0,0,1,0
TF,008AT,65.832889,-18.105522,0, ,0.0,0.0,0.0,0.0,2,3000,0,0,0,0,0,0
TF,ARF19,65.783214,-18.096028,0, ,0.0,0.0,0.0,0.0,1,2600,0,0,0,0,0,0

APPTR,R19,19,EVGIS
IF,EVGIS,65.873628,-17.869103, ,0.0,0.0,2,5700,0,0,0,0,1,0
TF,25NM,65.869228,-18.010733,0, ,0.0,0.0,0.0,0.0,2,4500,0,0,0,0,0,0
TF,ARI19,65.866006,-18.111875,0, ,0.0,0.0,0.0,0.0,2,3800,0,0,0,0,1,0
TF,008AT,65.832889,-18.105522,0, ,0.0,0.0,0.0,0.0,2,3000,0,0,0,0,0,0
TF,ARF19,65.783214,-18.096028,0, ,0.0,0.0,0.0,0.0,1,2600,0,0,0,0,0,0

APPTR,R19,19,REDSU
IF,REDSU,65.998458,-18.137456, ,0.0,0.0,2,6100,0,0,0,0,1,0
TF,3NM,65.915678,-18.121436,0, ,0.0,0.0,0.0,0.0,2,4500,0,0,0,0,0,0
TF,ARI19,65.866006,-18.111875,0, ,0.0,0.0,0.0,0.0,2,3800,0,0,0,0,1,0
TF,008AT,65.832889,-18.105522,0, ,0.0,0.0,0.0,0.0,2,3000,0,0,0,0,0,0
TF,ARF19,65.783214,-18.096028,0, ,0.0,0.0,0.0,0.0,1,2600,0,0,0,0,0,0

FINAL,R19,19,R,2
IF,ARF19,65.783214,-18.096028, ,0.0,0.0,1,2600,0,0,0,0,2,0
TF,ARM19,65.700419,-18.080275,0, ,0.0,0.0,188.0,5.0,1,802,0,0,0,0,3,1
CF,ART19,65.607014,-18.062494,0,AKI,201.0,9.3,188.0,5.6,0,0,0,0,0,0,0,0
CA,0,212.0,2,4500,0,0,0,0,0,0
CF,AKI,65.759806,-18.004111,1,AKI,0.0,0.0,14.0,17.0,1,6000,0,0,0,0,0,1
HM,AKI,65.759806,-18.004111,2, ,0.0,0.0,333.0,04.3,0,0,0,0,0,0,0,0,0

APPTR,T01,01,BIBTO
IF,BIBTO,65.310550,-18.232883, ,0.0,0.0,2,6200,0,0,0,0,1,0
TF,CAINA,65.391825,-18.191978,0, ,0.0,0.0,0.0,0.0,2,4900,0,0,0,0,1,0

FINAL,T01,01,D,6
IF,CAINA,65.391825,-18.191978,MOB,205.0,15.0,2,4900,0,0,0,0,0,0
CF,TAC13,65.432458,-18.171428,0,MOB,205.0,12.5,25.0,2.5,2,4200,0,0,0,0,0,0
CF,TAC12,65.445461,-18.164839,0,MOB,205.0,11.7,25.0,0.8,2,4000,0,0,0,0,0,0
CF,DETIX,65.479592,-18.147511,0,MOB,205.0,9.6,25.0,2.1,2,3900,0,0,0,0,2,0
CF,82TAC,65.502342,-18.135933,0,MOB,205.0,8.2,25.0,1.4,2,3300,0,0,0,0,0,0
CF,MOB,65.635583,-18.067722,0,MOB,0.0,0.0,25.0,8.2,1,283,0,0,0,0,3,0
CA,0,25.0,2,2300,0,0,0,0,0,0
CF,EBOLU,65.998956,-18.161517,0,MOB,7.0,22.0,7.0,17.0,2,6300,0,1,230,0,0,0
HM,EBOLU,65.998956,-18.161517,2, ,0.0,0.0,187.0,05,2,6300,0,1,250,0,0,0,0

APPTR,T19,19,EBOLU
IF,EBOLU,65.998956,-18.161517, ,0.0,0.0,2,5400,0,0,0,0,1,0
TF,IAFSD,65.965892,-18.152925,0, ,0.0,0.0,0.0,0.0,2,5400,0,0,0,0,0,0
TF,FERAS,65.932858,-18.144308,0, ,0.0,0.0,0.0,0.0,2,4800,0,0,0,0,1,0

FINAL,T19,19,D,5
IF,FERAS,65.932858,-18.144308,MOB,7.0,18.0,2,4800,0,0,0,0,0,0
CF,IFSD2,65.908086,-18.137864,0,MOB,7.0,16.5,187.0,1.5,2,4700,0,0,0,0,0,0
CF,IFSD1,65.886614,-18.132286,0,MOB,7.0,15.2,187.0,1.3,2,4300,0,0,0,0,0,0
CF,GELPA,65.835414,-18.119025,0,MOB,7.0,12.1,187.0,3.1,2,3800,0,0,0,0,2,0
CF,KOMIK,65.675194,-18.077872,0,MOB,7.0,2.4,187.0,9.7,1,241,0,0,0,0,3,0
CA,0,187.0,2,410,0,0,0,0,0,0
DF,MOB,65.635583,-18.067722,0, ,0.0,0.0,0,0,0,0,0,0,0,1
CF,LISNO,65.603181,-18.049697,0,MOB,180.0,2.0,180.0,2.0,0,0,0,0,0,0,0,0
CF,MADUB,65.317689,-18.300086,0,MOB,210.0,20.0,210.0,20.0,2,6300,0,0,0,0,0,0

