SID,GR1A,02,2
CA,0,23.0,2,1000,0,0,0,0,0,0
CF,GR,66.528333,-17.983111,0,AKI,12.6,46.3,346.0,33.0,2,7000,0,0,0,0,0,0

SID,RETU1A,20,2
CF,GA,65.877778,-17.463333,0,AKI,73.7,15.1,203.0,4.2,0,0,0,0,0,0,0,0
TF,LEBGO,65.680778,-17.557611,0, ,0.0,0.0,0.0,0.0,4,5500,5000,0,0,0,0,0
TF,RETUR,65.538611,-17.624722,0, ,0.0,0.0,0.0,0.0,2,6600,0,0,0,0,0,0

APPTR,N02,02,GA
IF,GA,65.877778,-17.463333, ,0.0,0.0,2,4200,0,0,0,0,0,0
HF,GA,65.877778,-17.463333,2, ,0.0,0.0,9.0,04.3,2,3300,0,0,0,0,0,0,0

FINAL,N02,02,N,2
IF,GA,65.877778,-17.463333,GA,0.0,0.0,2,1700,0,0,0,0,2,0
CF,HS,65.926944,-17.438889,0,GA,0.0,0.0,24.0,3.0,1,538,0,0,0,0,3,0
FA,HS,65.926944,-17.438889,0,AKI,0.0,0.0,24.0,2,3100,0,0,0,0,0,0
DF,GA,65.877778,-17.463333,2, ,0.0,0.0,1,4200,0,0,0,0,0,0
HM,GA,65.877778,-17.463333,2, ,0.0,0.0,9.0,04.3,0,0,0,0,0,0,0,0,0

APPTR,R02,02,GUGSI
IF,GUGSI,65.634061,-17.583836, ,0.0,0.0,2,5200,0,0,0,0,1,0
TF,HUI02,65.715456,-17.543853,0, ,0.0,0.0,0.0,0.0,2,4000,0,0,0,0,1,0

APPTR,R02,02,MAMEP
IF,MAMEP,65.698814,-17.346308, ,0.0,0.0,2,4800,0,0,0,0,1,0
TF,HUI02,65.715456,-17.543853,0, ,0.0,0.0,0.0,0.0,2,4000,0,0,0,0,1,0

APPTR,R02,02,SUXOT
IF,SUXOT,65.731842,-17.741650, ,0.0,0.0,2,5500,0,0,0,0,1,0
TF,HUI02,65.715456,-17.543853,0, ,0.0,0.0,0.0,0.0,2,4000,0,0,0,0,1,0

FINAL,R02,02,R,4
IF,HUI02,65.715456,-17.543853, ,0.0,0.0,2,4000,0,0,0,0,0,0
TF,HUF02,65.838056,-17.483300,0, ,0.0,0.0,23.0,7.5,2,2500,0,0,0,0,2,0
TF,40THR,65.880361,-17.462150,0, ,0.0,0.0,23.0,2.6,2,1560,0,0,0,0,0,0
TF,RW02,65.945453,-17.429472,0, ,0.0,0.0,23.0,4.0,1,98,0,0,0,0,3,1
TF,HUT02,66.181189,-17.309864,0, ,0.0,0.0,0.0,0.0,0,0,0,0,0,0,0,1
DF,MAMEP,65.698814,-17.346308,2, ,0.0,0.0,1,4000,0,0,0,0,0,1
HM,MAMEP,65.698814,-17.346308,2, ,0.0,0.0,293.0,04.3,1,4000,0,0,0,0,0,0,0

