APPTR,R31,31,MUSPO
IF,MUSPO,56.618678,-124.848489, ,0.0,0.0,0,0,0,1,200,0,1,0
TF,OBVEV,56.674733,-124.691392,0, ,0.0,0.0,0.0,0.0,2,7700,0,1,180,0,1,0

APPTR,R31,31,PUSIL
IF,PUSIL,56.590878,-124.593242, ,0.0,0.0,0,0,0,0,0,0,1,0
TF,OBVEV,56.674733,-124.691392,0, ,0.0,0.0,0.0,0.0,2,7500,0,1,180,0,1,0

FINAL,R31,31,R,4
IF,OBVEV,56.674733,-124.691392, ,0.0,0.0,2,7500,0,1,180,0,1,0
TF,VIKDU,56.762700,-124.794919,0, ,0.0,0.0,308.0,6.3,2,6200,0,0,0,0,2,0
TF,XOPUN,56.831672,-124.876503,0, ,0.0,0.0,308.0,4.9,2,4240,0,0,0,0,0,0
TF,RW31,56.901369,-124.959317,0, ,0.0,0.0,308.0,5.0,1,2320,0,0,0,0,3,1
CA,0,308.0,2,3000,0,0,0,0,0,0
DF,UDNIP,57.188644,-125.375008,0, ,0.0,0.0,1,9000,0,0,0,0,0,1
HM,UDNIP,57.188644,-125.375008,2, ,0.0,0.0,302.0,04.3,0,0,0,1,175,0,0,0,0

