APPTR,R14,14,ILUMO
IF,ILUMO,46.880275,-67.021192, ,0.0,0.0,0,0,0,1,200,0,1,0
TF,NORAS,46.796094,-67.079800,0, ,0.0,0.0,0.0,0.0,2,3100,0,1,180,0,1,0

APPTR,R14,14,UDPES
IF,UDPES,46.711883,-67.138225, ,0.0,0.0,0,0,0,1,200,0,1,0
TF,NORAS,46.796094,-67.079800,0, ,0.0,0.0,0.0,0.0,2,3100,0,1,180,0,1,0

FINAL,R14,14,R,3
IF,NORAS,46.796094,-67.079800, ,0.0,0.0,2,3100,0,1,180,0,1,0
TF,APDES,46.752964,-66.948550,0, ,0.0,0.0,134.0,6.0,2,3000,0,0,0,0,2,0
TF,RW14,46.715622,-66.835461,0, ,0.0,0.0,134.0,5.2,1,1327,0,0,0,0,3,1
TF,OBNUB,46.664961,-66.682811,0, ,0.0,0.0,0.0,0.0,1,3100,0,0,0,0,0,1
HM,OBNUB,46.664961,-66.682811,2, ,0.0,0.0,134.0,04.3,0,0,0,1,200,0,0,0,0

APPTR,R32,32,IMAPA
IF,IMAPA,46.715161,-66.522492, ,0.0,0.0,0,0,0,1,200,0,1,0
TF,BOPON,46.631236,-66.581694,0, ,0.0,0.0,0.0,0.0,2,3300,0,1,180,0,1,0

APPTR,R32,32,OKOXI
IF,OKOXI,46.547278,-66.640714, ,0.0,0.0,0,0,0,1,200,0,1,0
TF,BOPON,46.631236,-66.581694,0, ,0.0,0.0,0.0,0.0,2,3300,0,1,180,0,1,0

FINAL,R32,32,R,3
IF,BOPON,46.631236,-66.581694, ,0.0,0.0,2,3300,0,1,180,0,1,0
TF,AVASA,46.674789,-66.712356,0, ,0.0,0.0,314.0,6.0,2,3300,0,0,0,0,2,0
TF,RW32,46.710892,-66.821169,0, ,0.0,0.0,314.0,5.0,1,1370,0,0,0,0,3,1
TF,XOVBO,46.761369,-66.974078,0, ,0.0,0.0,0.0,0.0,1,3300,0,0,0,0,0,1
HM,XOVBO,46.761369,-66.974078,2, ,0.0,0.0,314.0,04.3,0,0,0,1,200,0,0,0,0

