APPTR,R16,16,VETBO
IF,VETBO,51.363803,-113.661314, ,0.0,0.0,0,0,0,1,210,0,1,0
TF,IKBET,51.306144,-113.565486,0, ,0.0,0.0,0.0,0.0,2,4800,0,1,180,0,1,0

APPTR,R16,16,XOSAR
IF,XOSAR,51.308125,-113.392886, ,0.0,0.0,0,0,0,1,210,0,1,0
TF,IKBET,51.306144,-113.565486,0, ,0.0,0.0,0.0,0.0,2,4800,0,1,180,0,1,0

FINAL,R16,16,R,3
IF,IKBET,51.306144,-113.565486, ,0.0,0.0,2,4800,0,1,180,0,0,0
TF,DEPRA,51.222928,-113.562903,0, ,0.0,0.0,164.0,5.0,2,4750,0,0,0,0,2,0
TF,RW16,51.139494,-113.559886,0, ,0.0,0.0,164.0,5.0,1,3149,0,0,0,0,3,1
DF,GOSUX,51.137069,-113.295614,1, ,0.0,0.0,1,4700,0,0,0,0,0,1
HM,GOSUX,51.137069,-113.295614,2, ,0.0,0.0,344.0,04.3,0,0,0,1,265,0,0,0,0

APPTR,R34,34,IKDIS
IF,IKDIS,50.964089,-113.383550, ,0.0,0.0,0,0,0,1,210,0,1,0
TF,EMPUD,50.962122,-113.554872,0, ,0.0,0.0,0.0,0.0,2,4800,0,1,180,0,1,0

APPTR,R34,34,LESOB
IF,LESOB,50.902103,-113.646136, ,0.0,0.0,0,0,0,1,210,0,1,0
TF,EMPUD,50.962122,-113.554872,0, ,0.0,0.0,0.0,0.0,2,4800,0,1,180,0,1,0

FINAL,R34,34,R,4
IF,EMPUD,50.962122,-113.554872, ,0.0,0.0,2,4800,0,1,180,0,0,0
TF,DEBEV,51.045344,-113.557425,0, ,0.0,0.0,344.0,5.0,2,4730,0,0,0,0,2,0
TF,KESPU,51.094625,-113.558667,0, ,0.0,0.0,345.0,3.0,2,3790,0,0,0,0,0,0
TF,RW34,51.127914,-113.559508,0, ,0.0,0.0,345.0,2.0,1,3149,0,0,0,0,3,1
DF,GOSUX,51.137069,-113.295614,2, ,0.0,0.0,1,4700,0,0,0,0,0,1
HM,GOSUX,51.137069,-113.295614,2, ,0.0,0.0,344.0,04.3,0,0,0,1,265,0,0,0,0

