APPTR,R07,07,OMTUX
IF,OMTUX,56.054328,-114.157539, ,0.0,0.0,0,0,0,1,210,0,1,0
TF,DUTOG,55.959525,-114.155397,0, ,0.0,0.0,0.0,0.0,2,3600,0,1,180,0,1,0

APPTR,R07,07,RABEX
IF,RABEX,55.864719,-114.153267, ,0.0,0.0,0,0,0,1,210,0,1,0
TF,DUTOG,55.959525,-114.155397,0, ,0.0,0.0,0.0,0.0,2,3600,0,1,180,0,1,0

FINAL,R07,07,R,3
IF,DUTOG,55.959525,-114.155397, ,0.0,0.0,2,3600,0,1,180,0,1,0
TF,APNUR,55.960658,-113.977494,0, ,0.0,0.0,73.0,6.0,2,3500,0,0,0,0,2,0
TF,RW07,55.961414,-113.826928,0, ,0.0,0.0,73.0,5.1,1,1870,0,0,0,0,3,1
TF,KIREG,55.962158,-113.619358,0, ,0.0,0.0,0.0,0.0,1,4500,0,0,0,0,0,1
HM,KIREG,55.962158,-113.619358,2, ,0.0,0.0,74.0,04.3,0,0,0,1,200,0,0,0,0

APPTR,R25,25,LOKMI
IF,LOKMI,56.057269,-113.482214, ,0.0,0.0,0,0,0,1,210,0,1,0
TF,DUSEL,55.962458,-113.481722,0, ,0.0,0.0,0.0,0.0,2,3600,0,1,180,0,1,0

APPTR,R25,25,OTODA
IF,OTODA,55.867647,-113.481236, ,0.0,0.0,0,0,0,1,210,0,1,0
TF,DUSEL,55.962458,-113.481722,0, ,0.0,0.0,0.0,0.0,2,3600,0,1,180,0,1,0

FINAL,R25,25,R,3
IF,DUSEL,55.962458,-113.481722, ,0.0,0.0,2,3600,0,1,180,0,1,0
TF,GABIP,55.962042,-113.659644,0, ,0.0,0.0,254.0,6.0,2,3500,0,0,0,0,2,0
TF,RW25,55.961492,-113.809636,0, ,0.0,0.0,254.0,5.1,1,1876,0,0,0,0,3,1
TF,ERBOT,55.960428,-114.017197,0, ,0.0,0.0,0.0,0.0,1,4500,0,0,0,0,0,1
HM,ERBOT,55.960428,-114.017197,2, ,0.0,0.0,254.0,04.3,0,0,0,1,200,0,0,0,0

