SID,ITBOT1,07,4
DF,ONGUV,50.553381,-113.665142,0, ,0.0,0.0,2,5000,0,0,0,0,0,0
TF,ITBOT,50.638333,-113.495000,0, ,0.0,0.0,0.0,0.0,0,0,0,0,0,0,0,0

SID,ITBOT1,25,4
DF,VIXEL,50.526392,-113.914583,0, ,0.0,0.0,2,5200,0,0,0,0,0,1
DF,ITBOT,50.638333,-113.495000,2, ,0.0,0.0,0,0,0,0,0,0,0,0

APPTR,R07,07,IKDIB
IF,IKDIB,50.401311,-114.052844, ,0.0,0.0,0,0,0,1,200,0,1,0
TF,DUVID,50.507931,-114.081886,0, ,0.0,0.0,0.0,0.0,2,5500,0,1,180,0,1,0

APPTR,R07,07,IRGAB
IF,IRGAB,50.606339,-114.108811, ,0.0,0.0,0,0,0,1,200,0,1,0
TF,DUVID,50.507931,-114.081886,0, ,0.0,0.0,0.0,0.0,2,5600,0,1,180,0,1,0

FINAL,R07,07,R,4
IF,DUVID,50.507931,-114.081886, ,0.0,0.0,2,5000,0,1,180,0,0,0
TF,AVERU,50.522136,-113.953244,0, ,0.0,0.0,66.0,5.0,2,4900,0,0,0,0,2,0
TF,BOTEX,50.528950,-113.891075,0, ,0.0,0.0,66.0,2.4,2,4060,0,0,0,0,0,0
TF,RW07,50.533725,-113.847308,0, ,0.0,0.0,66.0,1.7,1,3475,0,0,0,0,3,1
TF,KETRO,50.553211,-113.666992,0, ,0.0,0.0,0.0,0.0,1,6500,0,0,0,0,0,1
HM,KETRO,50.553211,-113.666992,2, ,0.0,0.0,66.0,04.3,0,0,0,1,200,0,0,0,0

APPTR,R25,25,PIGRU
IF,PIGRU,50.658078,-113.633161, ,0.0,0.0,0,0,0,1,200,0,1,0
TF,MITUG,50.559558,-113.607244,0, ,0.0,0.0,0.0,0.0,2,4800,0,1,180,0,1,0

APPTR,R25,25,RETIR
IF,RETIR,50.461031,-113.581436, ,0.0,0.0,0,0,0,1,200,0,1,0
TF,MITUG,50.559558,-113.607244,0, ,0.0,0.0,0.0,0.0,2,4800,0,1,180,0,1,0

FINAL,R25,25,R,3
IF,MITUG,50.559558,-113.607244, ,0.0,0.0,2,4800,0,1,180,0,1,0
TF,LOMGI,50.545758,-113.736097,0, ,0.0,0.0,246.0,5.0,2,4700,0,0,0,0,2,0
TF,RW25,50.535108,-113.834603,0, ,0.0,0.0,246.0,3.8,1,3479,0,0,0,0,3,1
CA,0,246.0,2,4500,0,0,0,0,0,0
DF,PIGRU,50.658078,-113.633161,2, ,0.0,0.0,1,5300,0,0,0,0,0,1
HM,PIGRU,50.658078,-113.633161,2, ,0.0,0.0,156.0,04.3,0,0,0,1,200,0,0,0,0

