APPTR,R13,13,ILUTU
IF,ILUTU,53.708106,-112.047142, ,0.0,0.0,0,0,0,1,210,0,1,0
TF,VETRA,53.660172,-112.178472,0, ,0.0,0.0,0.0,0.0,2,3400,0,1,180,0,1,0

APPTR,R13,13,XOMVU
IF,XOMVU,53.612094,-112.309506, ,0.0,0.0,0,0,0,1,210,0,1,0
TF,VETRA,53.660172,-112.178472,0, ,0.0,0.0,0.0,0.0,2,3400,0,1,180,0,1,0

FINAL,R13,13,R,3
IF,VETRA,53.660172,-112.178472, ,0.0,0.0,2,3400,0,1,180,0,1,0
TF,KAXAD,53.575031,-112.090369,0, ,0.0,0.0,134.0,6.0,2,3400,0,0,0,0,2,0
TF,RW13,53.518614,-112.032222,0, ,0.0,0.0,134.0,4.0,1,2119,0,0,0,0,3,1
TF,ALPOL,53.419275,-111.930283,0, ,0.0,0.0,0.0,0.0,1,4000,0,0,0,0,0,1
HM,ALPOL,53.419275,-111.930283,2, ,0.0,0.0,134.0,04.3,0,0,0,1,250,0,0,0,0

APPTR,R31,31,IGVOM
IF,IGVOM,53.415167,-111.746675, ,0.0,0.0,0,0,0,1,210,0,1,0
TF,DEMVI,53.367561,-111.877439,0, ,0.0,0.0,0.0,0.0,2,3700,0,1,180,0,1,0

APPTR,R31,31,KEBUP
IF,KEBUP,53.319811,-112.007911, ,0.0,0.0,0,0,0,1,210,0,1,0
TF,DEMVI,53.367561,-111.877439,0, ,0.0,0.0,0.0,0.0,2,3700,0,1,180,0,1,0

FINAL,R31,31,R,3
IF,DEMVI,53.367561,-111.877439, ,0.0,0.0,2,3700,0,1,180,0,1,0
TF,ALNUV,53.452867,-111.964692,0, ,0.0,0.0,314.0,6.0,2,3400,0,0,0,0,2,0
TF,RW31,53.509272,-112.022614,0, ,0.0,0.0,314.0,4.0,1,2120,0,0,0,0,3,1
TF,VESTU,53.608533,-112.124986,0, ,0.0,0.0,0.0,0.0,1,4000,0,0,0,0,0,1
HM,VESTU,53.608533,-112.124986,2, ,0.0,0.0,314.0,04.3,0,0,0,1,250,0,0,0,0

