APPTR,R10,10,KESGU
IF,KESGU,55.085417,-108.051272, ,0.0,0.0,0,0,0,1,210,0,1,0
TF,MUTAP,55.171025,-107.994908,0, ,0.0,0.0,0.0,0.0,2,3100,0,1,180,0,1,0

APPTR,R10,10,LOPSA
IF,LOPSA,55.256606,-107.938303, ,0.0,0.0,0,0,0,1,210,0,1,0
TF,MUTAP,55.171025,-107.994908,0, ,0.0,0.0,0.0,0.0,2,3100,0,1,180,0,1,0

FINAL,R10,10,R,4
IF,MUTAP,55.171025,-107.994908, ,0.0,0.0,2,3100,0,1,180,0,1,0
TF,PEKVI,55.141556,-107.859064,0, ,0.0,0.0,99.0,5.0,2,3070,0,0,0,0,2,0
TF,ONBEN,55.122025,-107.769517,0, ,0.0,0.0,99.0,3.3,2,2020,0,0,0,0,0,0
TF,RW10,55.111939,-107.723419,0, ,0.0,0.0,99.0,1.7,1,1475,0,0,0,0,3,1
TF,OVDUL,55.082167,-107.587978,0, ,0.0,0.0,0.0,0.0,1,3000,0,0,0,0,0,1
HM,OVDUL,55.082167,-107.587978,2, ,0.0,0.0,99.0,04.3,0,0,0,1,200,0,0,0,0

APPTR,R28,28,ANTUP
IF,ANTUP,54.963747,-107.495928, ,0.0,0.0,0,0,0,1,210,0,1,0
TF,DENLO,55.049097,-107.438550,0, ,0.0,0.0,0.0,0.0,2,3100,0,1,180,0,1,0

APPTR,R28,28,KISOL
IF,KISOL,55.134419,-107.380931, ,0.0,0.0,0,0,0,1,210,0,1,0
TF,DENLO,55.049097,-107.438550,0, ,0.0,0.0,0.0,0.0,2,3100,0,1,180,0,1,0

FINAL,R28,28,R,4
IF,DENLO,55.049097,-107.438550, ,0.0,0.0,2,3100,0,1,180,0,1,0
TF,LITKA,55.079033,-107.573772,0, ,0.0,0.0,279.0,5.0,2,3060,0,0,0,0,2,0
TF,AMAVI,55.093969,-107.641458,0, ,0.0,0.0,279.0,2.5,2,2270,0,0,0,0,0,0
TF,RW28,55.108819,-107.709194,0, ,0.0,0.0,279.0,2.5,1,1472,0,0,0,0,3,1
TF,NUBUP,55.138456,-107.844817,0, ,0.0,0.0,0.0,0.0,1,3000,0,0,0,0,0,1
HM,NUBUP,55.138456,-107.844817,2, ,0.0,0.0,279.0,04.3,0,0,0,1,200,0,0,0,0

