APPTR,R06,06,DEBMI
IF,DEBMI,49.747736,-109.710697, ,0.0,0.0,0,0,0,1,210,0,1,0
TF,SEGOK,49.841656,-109.755208,0, ,0.0,0.0,0.0,0.0,2,4300,0,1,180,0,1,0

APPTR,R06,06,LEVEM
IF,LEVEM,49.935558,-109.799892, ,0.0,0.0,0,0,0,1,210,0,1,0
TF,SEGOK,49.841656,-109.755208,0, ,0.0,0.0,0.0,0.0,2,4300,0,1,180,0,1,0

FINAL,R06,06,R,3
IF,SEGOK,49.841656,-109.755208, ,0.0,0.0,2,4300,0,1,180,0,1,0
TF,ALEVO,49.870892,-109.607444,0, ,0.0,0.0,61.0,6.0,2,4200,0,0,0,0,2,0
TF,RW06,49.895497,-109.482206,0, ,0.0,0.0,61.0,5.1,1,2559,0,0,0,0,3,1
TF,PIBRA,49.929181,-109.309417,0, ,0.0,0.0,0.0,0.0,1,5800,0,0,0,0,0,1
HM,PIBRA,49.929181,-109.309417,2, ,0.0,0.0,61.0,04.3,0,0,0,1,200,0,0,0,0

APPTR,R24,24,ILEPA
IF,ILEPA,50.045256,-109.239589, ,0.0,0.0,0,0,0,1,210,0,1,0
TF,TEVEG,49.951144,-109.195894,0, ,0.0,0.0,0.0,0.0,2,4300,0,1,180,0,1,0

APPTR,R24,24,MEGAX
IF,MEGAX,49.857014,-109.152369, ,0.0,0.0,0,0,0,1,210,0,1,0
TF,TEVEG,49.951144,-109.195894,0, ,0.0,0.0,0.0,0.0,2,4300,0,1,180,0,1,0

FINAL,R24,24,R,4
IF,TEVEG,49.951144,-109.195894, ,0.0,0.0,2,4300,0,1,180,0,1,0
TF,BINDA,49.922433,-109.344150,0, ,0.0,0.0,241.0,6.0,2,4200,0,0,0,0,2,0
TF,ODKOV,49.908550,-109.415425,0, ,0.0,0.0,241.0,2.9,2,3270,0,0,0,0,0,0
TF,RW24,49.897942,-109.469711,0, ,0.0,0.0,241.0,2.2,1,2557,0,0,0,0,3,1
TF,RABUT,49.864019,-109.642278,0, ,0.0,0.0,0.0,0.0,1,5800,0,0,0,0,0,1
HM,RABUT,49.864019,-109.642278,2, ,0.0,0.0,241.0,04.3,0,0,0,1,200,0,0,0,0

