APPTR,R11,11,BONOB
IF,BONOB,52.237986,-109.572281, ,0.0,0.0,0,0,0,0,0,0,1,0
TF,DUTEP,52.166278,-109.641019,0, ,0.0,0.0,0.0,0.0,2,4000,0,0,0,0,1,0

APPTR,R11,11,DUSUV
IF,DUSUV,52.094531,-109.709536, ,0.0,0.0,0,0,0,0,0,0,1,0
TF,DUTEP,52.166278,-109.641019,0, ,0.0,0.0,0.0,0.0,2,4000,0,0,0,0,1,0

FINAL,R11,11,R,3
IF,DUTEP,52.166278,-109.641019, ,0.0,0.0,2,4000,0,0,0,0,1,0
TF,AVTAB,52.115556,-109.501206,0, ,0.0,0.0,109.0,6.0,2,4000,0,0,0,0,2,0
TF,RW11,52.071642,-109.380789,0, ,0.0,0.0,109.0,5.2,1,2337,0,0,0,0,3,1
TF,EBKAM,52.012086,-109.218394,0, ,0.0,0.0,0.0,0.0,1,4000,0,0,0,0,0,1
HM,EBKAM,52.012086,-109.218394,2, ,0.0,0.0,109.0,04.3,0,0,0,1,175,0,0,0,0

APPTR,R29,29,IMUNO
IF,IMUNO,51.900114,-109.177528, ,0.0,0.0,0,0,0,0,0,0,1,0
TF,IRKUG,51.971553,-109.108458,0, ,0.0,0.0,0.0,0.0,2,4000,0,0,0,0,1,0

APPTR,R29,29,IPSUP
IF,IPSUP,52.042950,-109.039169, ,0.0,0.0,0,0,0,0,0,0,1,0
TF,IRKUG,51.971553,-109.108458,0, ,0.0,0.0,0.0,0.0,2,4000,0,0,0,0,1,0

FINAL,R29,29,R,3
IF,IRKUG,51.971553,-109.108458, ,0.0,0.0,2,4000,0,0,0,0,1,0
TF,EPNEM,52.022742,-109.247375,0, ,0.0,0.0,289.0,6.0,2,4000,0,0,0,0,2,0
TF,RW29,52.067433,-109.369281,0, ,0.0,0.0,289.0,5.3,1,2312,0,0,0,0,3,1
TF,KEKRO,52.126778,-109.532078,0, ,0.0,0.0,0.0,0.0,1,4000,0,0,0,0,0,1
HM,KEKRO,52.126778,-109.532078,2, ,0.0,0.0,289.0,04.3,0,0,0,1,175,0,0,0,0

