APPTR,R01,01,VISOT
IF,VISOT,55.095772,-102.702317, ,0.0,0.0,0,0,0,1,210,0,1,0
TF,XULDI,55.127336,-102.852131,0, ,0.0,0.0,0.0,0.0,2,2900,0,1,180,0,1,0

APPTR,R01,01,XOTMO
IF,XOTMO,55.158717,-103.002181, ,0.0,0.0,0,0,0,1,210,0,1,0
TF,XULDI,55.127336,-102.852131,0, ,0.0,0.0,0.0,0.0,2,2900,0,1,180,0,1,0

FINAL,R01,01,R,3
IF,XULDI,55.127336,-102.852131, ,0.0,0.0,2,2900,0,1,180,0,1,0
TF,XOVER,55.205428,-102.802100,0, ,0.0,0.0,12.0,5.0,2,2870,0,0,0,0,2,0
TF,RW01,55.283500,-102.751872,0, ,0.0,0.0,12.0,5.0,1,1281,0,0,0,0,3,1
TF,OTNID,55.361550,-102.701450,0, ,0.0,0.0,0.0,0.0,1,2800,0,0,0,0,0,1
HM,OTNID,55.361550,-102.701450,2, ,0.0,0.0,12.0,04.3,0,0,0,1,200,0,0,0,0

APPTR,R19,19,SIPDA
IF,SIPDA,55.415236,-102.495108, ,0.0,0.0,0,0,0,1,210,0,1,0
TF,TOXET,55.447056,-102.645964,0, ,0.0,0.0,0.0,0.0,2,3000,0,1,180,0,1,0

APPTR,R19,19,SUVET
IF,SUVET,55.478686,-102.797064, ,0.0,0.0,0,0,0,1,210,0,1,0
TF,TOXET,55.447056,-102.645964,0, ,0.0,0.0,0.0,0.0,2,3000,0,1,180,0,1,0

FINAL,R19,19,R,3
IF,TOXET,55.447056,-102.645964, ,0.0,0.0,2,3000,0,1,180,0,1,0
TF,UKTOK,55.369028,-102.696606,0, ,0.0,0.0,192.0,5.0,2,2910,0,0,0,0,2,0
TF,RW19,55.290981,-102.747050,0, ,0.0,0.0,192.0,5.0,1,1314,0,0,0,0,3,1
TF,URPET,55.212914,-102.797294,0, ,0.0,0.0,0.0,0.0,1,2800,0,0,0,0,0,1
HM,URPET,55.212914,-102.797294,2, ,0.0,0.0,192.0,04.3,0,0,0,1,200,0,0,0,0

