APPTR,R12-X,12,TEXEK
IF,TEXEK,71.532456,-79.656003, ,0.0,0.0,0,0,0,1,210,0,1,0
TF,NOXOP,71.432081,-79.864853,0, ,0.0,0.0,0.0,0.0,2,3400,0,1,200,0,1,0

APPTR,R12-X,12,VIMRO
IF,VIMRO,71.331481,-80.071539, ,0.0,0.0,0,0,0,1,210,0,1,0
TF,NOXOP,71.432081,-79.864853,0, ,0.0,0.0,0.0,0.0,2,3300,0,1,200,0,1,0

FINAL,R12-X,12,R,3
IF,NOXOP,71.432081,-79.864853, ,0.0,0.0,2,3300,0,1,200,0,0,0
TF,AGBIG,71.375064,-79.594958,0, ,0.0,0.0,15.6,6.2,2,2300,0,0,0,0,2,0
TF,RW12,71.328442,-79.376797,0, ,0.0,0.0,15.7,5.1,1,613,0,0,0,0,3,1
VA,0,15.7,2,1000,0,0,0,0,0,0
DF,USBIK,71.099644,-79.161100,0, ,0.0,0.0,1,4700,0,0,0,0,0,1
HM,USBIK,71.099644,-79.161100,2, ,0.0,0.0,19.6,04.3,0,0,0,1,250,0,0,0,0

APPTR,R12-Y,12,TEXEK
IF,TEXEK,71.532456,-79.656003, ,0.0,0.0,0,0,0,1,210,0,1,0
TF,NOXOP,71.432081,-79.864853,0, ,0.0,0.0,0.0,0.0,2,3300,0,1,200,0,1,0

APPTR,R12-Y,12,VIMRO
IF,VIMRO,71.331481,-80.071539, ,0.0,0.0,0,0,0,1,210,0,1,0
TF,NOXOP,71.432081,-79.864853,0, ,0.0,0.0,0.0,0.0,2,3300,0,1,200,0,1,0

FINAL,R12-Y,12,R,3
IF,NOXOP,71.432081,-79.864853, ,0.0,0.0,2,3300,0,1,200,0,0,0
TF,AGBIG,71.375064,-79.594958,0, ,0.0,0.0,15.6,6.2,2,2300,0,0,0,0,2,0
TF,KEKLI,71.335833,-79.411236,0, ,0.0,0.0,15.7,4.3,1,883,0,0,0,0,3,1
DF,USBIK,71.099644,-79.161100,0, ,0.0,0.0,1,4700,0,1,180,0,0,1
HM,USBIK,71.099644,-79.161100,2, ,0.0,0.0,19.6,04.3,0,0,0,1,250,0,0,0,0

APPTR,R12-Z,12,TEXEK
IF,TEXEK,71.532456,-79.656003, ,0.0,0.0,0,0,0,1,210,0,1,0
TF,NOXOP,71.432081,-79.864853,0, ,0.0,0.0,0.0,0.0,2,3300,0,1,200,0,1,0

APPTR,R12-Z,12,VIMRO
IF,VIMRO,71.331481,-80.071539, ,0.0,0.0,0,0,0,1,210,0,1,0
TF,NOXOP,71.432081,-79.864853,0, ,0.0,0.0,0.0,0.0,2,3300,0,1,200,0,1,0

FINAL,R12-Z,12,R,3
IF,NOXOP,71.432081,-79.864853, ,0.0,0.0,2,3300,0,1,200,0,0,0
TF,AGBIG,71.375064,-79.594958,0, ,0.0,0.0,15.6,6.2,2,2300,0,0,0,0,2,0
TF,KEKLI,71.335833,-79.411236,0, ,0.0,0.0,15.7,4.3,1,883,0,0,0,0,3,1
DF,USBIK,71.099644,-79.161100,0, ,0.0,0.0,1,4700,0,1,180,0,0,1
HM,USBIK,71.099644,-79.161100,2, ,0.0,0.0,19.6,04.3,0,0,0,1,250,0,0,0,0

APPTR,R30,30,PIBLA
IF,PIBLA,71.116319,-78.681761, ,0.0,0.0,0,0,0,0,0,0,1,0
TF,OVUPU,71.185981,-78.901911,0, ,0.0,0.0,0.0,0.0,2,3000,0,1,200,0,1,0

APPTR,R30,30,SEKUM
IF,SEKUM,71.187364,-78.387586, ,0.0,0.0,0,0,0,0,0,0,1,0
TF,OVUPU,71.185981,-78.901911,0, ,0.0,0.0,0.0,0.0,2,3400,0,1,200,0,1,0

APPTR,R30,30,USBIK
IF,USBIK,71.099644,-79.161100, ,0.0,0.0,0,0,0,1,210,0,1,0
TF,OVUPU,71.185981,-78.901911,0, ,0.0,0.0,0.0,0.0,2,3000,0,1,200,0,1,0

FINAL,R30,30,R,4
IF,OVUPU,71.185981,-78.901911, ,0.0,0.0,2,3000,0,1,200,0,0,0
TF,EBNAG,71.255381,-79.123636,0, ,0.0,0.0,34.7,6.0,2,2200,0,0,0,0,2,0
TF,IRMED,71.293325,-79.245897,0, ,0.0,0.0,34.7,3.3,2,1480,0,0,0,0,0,0
TF,MITAL,71.314050,-79.312983,0, ,0.0,0.0,34.7,1.8,1,799,0,0,0,0,3,1
DF,VIMRO,71.331481,-80.071539,0, ,0.0,0.0,1,4700,0,0,0,0,0,1
HM,VIMRO,71.331481,-80.071539,2, ,0.0,0.0,30.4,04.3,0,0,0,1,250,0,0,0,0

APPTR,R30-Y,30,ROTMU
IF,ROTMU,71.166492,-78.635794, ,0.0,0.0,0,0,0,0,0,0,1,0
TF,IPTUS,71.222786,-78.890469,0, ,0.0,0.0,0.0,0.0,2,2700,0,1,180,0,1,0

APPTR,R30-Y,30,SUVRU
IF,SUVRU,71.119822,-79.107114, ,0.0,0.0,0,0,0,1,230,0,1,0
TF,IPTUS,71.222786,-78.890469,0, ,0.0,0.0,0.0,0.0,2,2700,0,1,180,0,1,0

FINAL,R30-Y,30,R,3
IF,IPTUS,71.222786,-78.890469, ,0.0,0.0,2,2700,0,1,180,0,0,0
TF,NAGID,71.269433,-79.103822,0, ,0.0,0.0,33.7,5.0,2,2400,0,0,0,0,2,0
TF,RW30,71.318542,-79.330750,0, ,0.0,0.0,33.7,5.3,1,634,0,0,0,0,3,1
VA,0,33.7,2,1100,0,0,0,0,0,0
DF,VIMRO,71.331481,-80.071539,0, ,0.0,0.0,1,4700,0,0,0,0,0,1
HM,VIMRO,71.331481,-80.071539,2, ,0.0,0.0,30.4,04.3,0,0,0,1,250,0,0,0,0

