FINAL,N30,30,N,2
IF,FF30,55.912047,-60.982836,E8,0.0,0.0,2,2180,0,0,0,0,2,0
CF,RW30,55.913631,-61.178317,0,E8,0.0,0.0,293.0,6.6,1,78,0,0,0,0,3,0
TF,E8,55.912222,-61.189444,0, ,0.0,0.0,0.0,0.0,0,0,0,0,0,0,0,1
CA,0,293.0,2,3800,0,0,0,0,0,0
DF,E8,55.912222,-61.189444,2, ,0.0,0.0,1,3800,0,0,0,0,0,0

APPTR,R12,12,OMLUM
IF,OMLUM,56.049825,-61.441689, ,0.0,0.0,0,0,0,1,210,0,1,0
TF,LIDOK,55.971339,-61.490794,0, ,0.0,0.0,0.0,0.0,2,2500,0,0,0,0,1,0

APPTR,R12,12,SAVEN
IF,SAVEN,55.935192,-61.624297, ,0.0,0.0,0,0,0,0,0,0,1,0
TF,LIDOK,55.971339,-61.490794,0, ,0.0,0.0,0.0,0.0,2,2800,0,0,0,0,1,0

FINAL,R12,12,R,4
IF,LIDOK,55.971339,-61.490794, ,0.0,0.0,2,2500,0,0,0,0,0,0
TF,ILAVO,55.943722,-61.350639,0, ,0.0,0.0,133.0,5.0,2,2000,0,0,0,0,2,0
TF,DENVA,55.926522,-61.263856,0, ,0.0,0.0,133.0,3.1,2,1100,0,0,0,0,0,0
TF,REXAP,55.912078,-61.191264,0, ,0.0,0.0,133.0,2.6,1,83,0,0,0,0,3,1
TF,ALTOK,55.884178,-61.051814,0, ,0.0,0.0,0.0,0.0,1,3500,0,0,0,0,0,1
HM,ALTOK,55.884178,-61.051814,2, ,0.0,0.0,133.0,04.3,0,0,0,0,0,0,0,0,0

APPTR,R30,30,DATIP
IF,DATIP,55.817931,-60.911283, ,0.0,0.0,0,0,0,1,210,0,1,0
TF,IKLUL,55.900808,-60.898958,0, ,0.0,0.0,0.0,0.0,2,2300,0,0,0,0,1,0

APPTR,R30,30,MATAD
IF,MATAD,55.983686,-60.886578, ,0.0,0.0,0,0,0,1,210,0,1,0
TF,IKLUL,55.900808,-60.898958,0, ,0.0,0.0,0.0,0.0,2,2300,0,0,0,0,1,0

FINAL,R30,30,R,4
IF,IKLUL,55.900808,-60.898958, ,0.0,0.0,2,2300,0,0,0,0,0,0
TF,OBVOP,55.907661,-61.046503,0, ,0.0,0.0,298.0,5.0,2,1500,0,0,0,0,2,0
TF,KELDI,55.909233,-61.080900,0, ,0.0,0.0,298.0,1.2,2,1130,0,0,0,0,0,0
TF,BOMUL,55.912306,-61.148794,0, ,0.0,0.0,298.0,2.3,1,398,0,0,0,0,3,1
DF,OLEKO,55.952450,-61.373872,0, ,0.0,0.0,1,3200,0,0,0,0,0,1
HM,OLEKO,55.952450,-61.373872,2, ,0.0,0.0,314.0,04.3,0,0,0,1,250,0,0,0,0

