APPTR,R17,17,MAVAK
IF,MAVAK,45.437772,-79.771358, ,0.0,0.0,0,0,0,1,210,0,1,0
TF,ELSIL,45.403728,-79.904850,0, ,0.0,0.0,0.0,0.0,2,2300,0,1,180,0,1,0

APPTR,R17,17,SASUD
IF,SASUD,45.369528,-80.038181, ,0.0,0.0,0,0,0,1,210,0,1,0
TF,ELSIL,45.403728,-79.904850,0, ,0.0,0.0,0.0,0.0,2,2300,0,1,180,0,1,0

FINAL,R17,17,R,4
IF,ELSIL,45.403728,-79.904850, ,0.0,0.0,2,2300,0,1,180,0,1,0
TF,GADKO,45.325403,-79.864542,0, ,0.0,0.0,171.0,5.0,2,2140,0,0,0,0,2,0
TF,NAKPU,45.294069,-79.848450,0, ,0.0,0.0,171.0,2.0,2,1500,0,0,0,0,0,0
TF,RW17,45.262733,-79.832375,0, ,0.0,0.0,171.0,2.0,1,867,0,0,0,0,3,1
TF,KANIB,45.184381,-79.792264,0, ,0.0,0.0,0.0,0.0,1,2900,0,0,0,0,0,1
HM,KANIB,45.184381,-79.792264,2, ,0.0,0.0,171.0,04.3,0,0,0,1,250,0,0,0,0

APPTR,R35,35,DANEP
IF,DANEP,45.077347,-79.887736, ,0.0,0.0,0,0,0,1,210,0,1,0
TF,BIRPA,45.111372,-79.754997,0, ,0.0,0.0,0.0,0.0,2,2400,0,1,180,0,1,0

APPTR,R35,35,GOSEN
IF,GOSEN,45.145244,-79.622100, ,0.0,0.0,0,0,0,1,210,0,1,0
TF,BIRPA,45.111372,-79.754997,0, ,0.0,0.0,0.0,0.0,2,2400,0,1,180,0,1,0

FINAL,R35,35,R,3
IF,BIRPA,45.111372,-79.754997, ,0.0,0.0,2,2400,0,1,180,0,1,0
TF,APLUN,45.189739,-79.795003,0, ,0.0,0.0,351.0,5.0,2,2370,0,0,0,0,2,0
TF,RW35,45.252419,-79.827089,0, ,0.0,0.0,351.0,4.0,1,880,0,0,0,0,3,1
TF,IKLED,45.330758,-79.867294,0, ,0.0,0.0,0.0,0.0,1,2900,0,0,0,0,0,1
HM,IKLED,45.330758,-79.867294,2, ,0.0,0.0,351.0,04.3,0,0,0,1,250,0,0,0,0

