APPTR,R13,13,BITPO
IF,BITPO,44.614794,-80.137817, ,0.0,0.0,0,0,0,1,210,0,1,0
TF,SIGLI,44.526011,-80.202181,0, ,0.0,0.0,0.0,0.0,2,3000,0,1,180,0,1,0

APPTR,R13,13,UKNUN
IF,UKNUN,44.437189,-80.266350, ,0.0,0.0,0,0,0,1,210,0,1,0
TF,SIGLI,44.526011,-80.202181,0, ,0.0,0.0,0.0,0.0,2,3000,0,1,180,0,1,0

FINAL,R13,13,R,3
IF,SIGLI,44.526011,-80.202181, ,0.0,0.0,2,3000,0,1,180,0,1,0
TF,EBMUD,44.479967,-80.078144,0, ,0.0,0.0,127.0,6.0,2,2400,0,0,0,0,2,0
TF,RW13,44.440522,-79.972317,0, ,0.0,0.0,128.0,5.1,1,754,0,0,0,0,3,1
TF,XOVIM,44.386500,-79.828050,0, ,0.0,0.0,0.0,0.0,1,3300,0,0,0,0,0,1
HM,XOVIM,44.386500,-79.828050,1, ,0.0,0.0,128.0,04.3,0,0,0,1,175,0,0,0,0

APPTR,R31,31,ITMIP
IF,ITMIP,44.438319,-79.665575, ,0.0,0.0,0,0,0,1,210,0,1,0
TF,LOKDA,44.349800,-79.730458,0, ,0.0,0.0,0.0,0.0,2,3200,0,1,180,0,1,0

APPTR,R31,31,MEGEK
IF,MEGEK,44.261242,-79.795147, ,0.0,0.0,0,0,0,1,210,0,1,0
TF,LOKDA,44.349800,-79.730458,0, ,0.0,0.0,0.0,0.0,2,3200,0,1,180,0,1,0

FINAL,R31,31,R,3
IF,LOKDA,44.349800,-79.730458, ,0.0,0.0,2,3200,0,1,180,0,1,0
TF,DUXOG,44.391583,-79.841589,0, ,0.0,0.0,308.0,5.4,2,2600,0,0,0,0,2,0
TF,RW31,44.435531,-79.958956,0, ,0.0,0.0,308.0,5.7,1,758,0,0,0,0,3,1
TF,KAVNA,44.489383,-80.103467,0, ,0.0,0.0,0.0,0.0,1,3300,0,0,0,0,0,1
HM,KAVNA,44.489383,-80.103467,2, ,0.0,0.0,308.0,04.3,0,0,0,1,175,0,0,0,0

