APPTR,R11-A,11,ADSIB
IF,ADSIB,43.750764,-60.066106, ,0.0,0.0,0,0,0,1,180,0,1,0
TF,GOVOT,43.753722,-59.951203,0, ,0.0,0.0,0.0,0.0,2,1500,0,1,180,0,1,0

FINAL,R11-A,11,R,3
IF,GOVOT,43.753722,-59.951203, ,0.0,0.0,2,1500,0,1,180,0,0,0
TF,DAVNI,43.853672,-59.956011,0, ,0.0,0.0,17.0,6.0,2,1500,0,0,0,0,2,0
TF,KEGMO,43.928889,-59.959642,0, ,0.0,0.0,17.0,4.5,1,520,0,0,0,0,3,1
TF,LEPOX,44.045492,-59.965286,0, ,0.0,0.0,0.0,0.0,1,1500,0,0,0,0,0,1
HM,LEPOX,44.045492,-59.965286,2, ,0.0,0.0,17.0,04.3,0,0,0,1,175,0,0,0,0

APPTR,R29-A,29,ADSIB
IF,ADSIB,43.750764,-60.066106, ,0.0,0.0,0,0,0,1,180,0,1,0
TF,GOVOT,43.753722,-59.951203,0, ,0.0,0.0,0.0,0.0,2,1500,0,1,180,0,1,0

FINAL,R29-A,29,R,3
IF,GOVOT,43.753722,-59.951203, ,0.0,0.0,2,1500,0,1,180,0,0,0
TF,DAVNI,43.853672,-59.956011,0, ,0.0,0.0,17.0,6.0,2,1500,0,0,0,0,2,0
TF,KEGMO,43.928889,-59.959642,0, ,0.0,0.0,17.0,4.5,1,520,0,0,0,0,3,1
TF,LEPOX,44.045492,-59.965286,0, ,0.0,0.0,0.0,0.0,1,1500,0,0,0,0,0,1
HM,LEPOX,44.045492,-59.965286,2, ,0.0,0.0,17.0,04.3,0,0,0,1,175,0,0,0,0

