APPTR,N06,06,VLV
IF,VLV,45.925056,-70.846039, ,0.0,0.0,0,0,0,0,0,0,0,0
TF,R1,46.045556,-71.267778,0, ,0.0,0.0,0.0,0.0,2,5400,0,0,0,0,0,0
PI,R1,46.045556,-71.267778,2,VLV,183.0,10.0,228,5.0,2,3500,0,0,0,0,1,0
CF,FF06,45.958364,-71.347281,0,VLV,290.6,21.1,48.0,3.8,2,3500,0,0,0,0,0,0

APPTR,N06,06,YQB
IF,YQB,46.705308,-71.626261, ,0.0,0.0,0,0,0,0,0,0,0,0
TF,R1,46.045556,-71.267778,0, ,0.0,0.0,0.0,0.0,2,5200,0,0,0,0,0,0
PI,R1,46.045556,-71.267778,2,VLV,183.0,10.0,228,5.0,2,3500,0,0,0,0,1,0
CF,FF06,45.958364,-71.347281,0,VLV,290.6,21.1,48.0,3.8,2,3500,0,0,0,0,0,0

FINAL,N06,06,N,3
IF,FF06,45.958364,-71.347281,R1,0.0,0.0,2,3500,0,0,0,0,2,0
CF,ITBOL,45.970944,-71.334428,0,R1,0.0,0.0,48.0,0.9,2,3200,0,0,0,0,0,0
CF,R1,46.045556,-71.267778,0,R1,0.0,0.0,48.0,5.3,1,1525,0,0,0,0,3,0
CA,0,48.0,2,1810,0,0,0,0,0,0
VA,1,228.0,2,3500,0,0,0,0,0,0
DF,R1,46.045556,-71.267778,1, ,0.0,0.0,1,3500,0,0,0,0,0,0
HM,R1,46.045556,-71.267778,2, ,0.0,0.0,48.0,04.3,0,0,0,1,230,0,0,0,0

APPTR,R06,06,EBKUN
IF,EBKUN,45.848139,-71.381253, ,0.0,0.0,0,0,0,1,200,0,1,0
TF,OKOLU,45.931697,-71.435144,0, ,0.0,0.0,0.0,0.0,2,3100,0,1,180,0,1,0

APPTR,R06,06,UKTIX
IF,UKTIX,45.971428,-71.553536, ,0.0,0.0,0,0,0,1,200,0,1,0
TF,OKOLU,45.931697,-71.435144,0, ,0.0,0.0,0.0,0.0,2,3100,0,1,180,0,1,0

FINAL,R06,06,R,3
IF,OKOLU,45.931697,-71.435144, ,0.0,0.0,2,3100,0,1,180,0,0,0
TF,KIRUS,45.989814,-71.349556,0, ,0.0,0.0,62.0,5.0,2,3050,0,0,0,0,2,0
TF,DEDNA,46.029297,-71.291253,0, ,0.0,0.0,62.0,3.4,1,1971,0,0,0,0,3,1
DF,UKTIX,45.971428,-71.553536,1, ,0.0,0.0,1,4000,0,0,0,0,0,1
HM,UKTIX,45.971428,-71.553536,2, ,0.0,0.0,42.0,04.3,0,0,0,1,230,0,0,0,0

APPTR,R24,24,PETPO
IF,PETPO,46.336631,-71.105544, ,0.0,0.0,0,0,0,1,200,0,1,0
TF,LOKMU,46.265186,-71.167358,0, ,0.0,0.0,0.0,0.0,2,4200,0,1,180,0,1,0

FINAL,R24,24,R,5
IF,LOKMU,46.265186,-71.167358, ,0.0,0.0,2,4200,0,1,180,0,1,0
TF,EMAXI,46.182089,-71.158842,0, ,0.0,0.0,192.0,5.0,2,4140,0,0,0,0,2,0
TF,VERBU,46.137133,-71.190289,0, ,0.0,0.0,222.0,3.0,2,3190,0,0,0,0,0,0
TF,PESRI,46.099664,-71.216453,0, ,0.0,0.0,222.0,2.5,2,2390,0,0,0,0,0,0
TF,LISVI,46.062189,-71.242583,0, ,0.0,0.0,222.0,2.5,1,1585,0,0,0,0,3,1
TF,MUPRA,45.882217,-71.367517,0, ,0.0,0.0,0.0,0.0,1,4500,0,0,0,0,0,1
HM,MUPRA,45.882217,-71.367517,2, ,0.0,0.0,222.0,04.3,0,0,0,1,200,0,0,0,0

