APPTR,R10,10,XOXES
IF,XOXES,49.295633,-62.542475, ,0.0,0.0,0,0,0,1,210,0,1,0
TF,XUKEL,49.378161,-62.559350,0, ,0.0,0.0,0.0,0.0,2,1900,0,1,180,0,1,0

APPTR,R10,10,XULTU
IF,XULTU,49.460683,-62.576283, ,0.0,0.0,0,0,0,1,210,0,1,0
TF,XUKEL,49.378161,-62.559350,0, ,0.0,0.0,0.0,0.0,2,1900,0,1,180,0,1,0

FINAL,R10,10,R,3
IF,XUKEL,49.378161,-62.559350, ,0.0,0.0,2,1900,0,1,180,0,1,0
TF,ROPVO,49.391533,-62.408872,0, ,0.0,0.0,103.0,6.0,2,1670,0,0,0,0,2,0
TF,RW10,49.400511,-62.306561,0, ,0.0,0.0,103.0,4.0,1,397,0,0,0,0,3,1
TF,VIXUD,49.411481,-62.180083,0, ,0.0,0.0,0.0,0.0,1,2100,0,0,0,0,0,1
HM,VIXUD,49.411481,-62.180083,2, ,0.0,0.0,103.0,04.3,2,2100,0,0,0,0,0,0,0

APPTR,R28,28,URKOR
IF,URKOR,49.506742,-62.048028, ,0.0,0.0,0,0,0,1,210,0,1,0
TF,USBIX,49.424214,-62.031117,0, ,0.0,0.0,0.0,0.0,2,1700,0,1,180,0,1,0

APPTR,R28,28,URNUK
IF,URNUK,49.341683,-62.014264, ,0.0,0.0,0,0,0,1,210,0,1,0
TF,USBIX,49.424214,-62.031117,0, ,0.0,0.0,0.0,0.0,2,1700,0,1,180,0,1,0

FINAL,R28,28,R,3
IF,USBIX,49.424214,-62.031117, ,0.0,0.0,2,1700,0,1,180,0,1,0
TF,DUSOX,49.411217,-62.183122,0, ,0.0,0.0,283.0,6.0,2,1700,0,0,0,0,2,0
TF,RW28,49.402464,-62.284153,0, ,0.0,0.0,283.0,4.0,1,414,0,0,0,0,3,1
TF,ULUTU,49.391383,-62.410586,0, ,0.0,0.0,0.0,0.0,1,2100,0,0,0,0,0,1
HM,ULUTU,49.391383,-62.410586,2, ,0.0,0.0,283.0,04.3,2,2100,0,0,0,0,0,0,0

