SID,CYAV5,04,1
VA,0,41.0,2,2000,0,0,0,0,0,0
VM,0,0,0,15.0,0,0,0,0,0,0,0,0

SID,CYAV5,13,1
VA,0,129.0,2,1160,0,0,0,0,0,0
VM,0,0,0,129.0,0,0,0,0,0,0,0,0

SID,CYAV5,18,1
VA,0,184.0,2,2000,0,0,0,0,0,0
VM,0,0,0,133.0,0,0,0,0,0,0,0,0

SID,CYAV5,22,1
VA,0,221.0,2,1160,0,0,0,0,0,0
VM,0,0,0,221.0,0,0,0,0,0,0,0,0

SID,CYAV5,31,1
VA,0,309.0,2,2000,0,0,0,0,0,0
VM,0,0,0,3.0,0,0,0,0,0,0,0,0

SID,CYAV5,36,1
VA,0,4.0,2,1160,0,0,0,0,0,0
VM,0,0,0,4.0,0,0,0,0,0,0,0,0

APPTR,N31,31,YWG
IF,YWG,49.927778,-97.239167, ,0.0,0.0,0,0,0,0,0,0,0,0
TF,AV,50.053056,-97.045000,0, ,0.0,0.0,0.0,0.0,2,2400,0,0,0,0,0,0
PI,AV,50.053056,-97.045000,1,YWG,147.0,10.0,102,5.0,2,2400,0,0,0,0,1,0
CF,FF31,50.027072,-96.904808,0,YWG,62.2,14.3,282.0,4.4,2,2400,0,0,0,0,0,0

FINAL,N31,31,N,3
IF,FF31,50.027072,-96.904808,AV,0.0,0.0,2,2400,0,0,0,0,2,0
CF,EP31,50.050072,-97.028858,0,AV,0.0,0.0,282.0,5.0,1,810,0,0,0,0,0,1
CF,AV,50.053056,-97.045000,0,AV,0.0,0.0,282.0,0.7,2,1160,0,0,0,0,3,1
CA,0,282.0,2,2000,0,0,0,0,0,0
VA,0,2.0,2,3000,0,0,0,0,0,0
DF,AV,50.053056,-97.045000,2, ,0.0,0.0,1,3000,0,0,0,0,0,0
HM,AV,50.053056,-97.045000,1, ,0.0,0.0,282.0,04.3,0,0,0,1,230,0,0,0,0

APPTR,R13,13,OVDUK
IF,OVDUK,50.222269,-97.072078, ,0.0,0.0,0,0,0,1,210,0,1,0
TF,ULBES,50.177856,-97.181772,0, ,0.0,0.0,0.0,0.0,2,3000,0,0,0,0,1,0

FINAL,R13,13,R,4
IF,ULBES,50.177856,-97.181772, ,0.0,0.0,2,3000,0,0,0,0,1,0
TF,NOXOX,50.107456,-97.112631,0, ,0.0,0.0,144.0,5.0,2,2100,0,0,0,0,2,0
TF,XERUG,50.089853,-97.083056,0, ,0.0,0.0,129.0,1.6,2,1600,0,0,0,0,0,0
TF,RW13,50.061567,-97.035603,0, ,0.0,0.0,129.0,2.5,1,808,0,0,0,0,3,1
VA,0,129.0,2,1300,0,0,0,0,0,0
DF,AXILU,49.982156,-96.702886,0, ,0.0,0.0,1,3000,0,0,0,0,0,1
HM,AXILU,49.982156,-96.702886,2, ,0.0,0.0,95.0,04.3,0,0,0,1,230,0,0,0,0

APPTR,R18,18,AVRAD
IF,AVRAD,50.238894,-97.129992, ,0.0,0.0,0,0,0,1,210,0,1,0
TF,PETGU,50.227553,-97.001417,0, ,0.0,0.0,0.0,0.0,2,3000,0,0,0,0,1,0

APPTR,R18,18,KETSI
IF,KETSI,50.216067,-96.872900, ,0.0,0.0,0,0,0,1,210,0,1,0
TF,PETGU,50.227553,-97.001417,0, ,0.0,0.0,0.0,0.0,2,3000,0,0,0,0,1,0

FINAL,R18,18,R,3
IF,PETGU,50.227553,-97.001417, ,0.0,0.0,2,3000,0,0,0,0,1,0
TF,SUTOP,50.128594,-97.022722,0, ,0.0,0.0,184.0,6.0,2,2100,0,0,0,0,2,0
TF,RW18,50.061628,-97.037089,0, ,0.0,0.0,184.0,4.1,1,807,0,0,0,0,3,1
VA,0,184.0,2,1300,0,0,0,0,0,0
DF,AXILU,49.982156,-96.702886,1, ,0.0,0.0,1,3000,0,0,0,0,0,1
HM,AXILU,49.982156,-96.702886,2, ,0.0,0.0,95.0,04.3,0,0,0,1,230,0,0,0,0

APPTR,R31,31,LONTI
IF,LONTI,50.002917,-96.748017, ,0.0,0.0,0,0,0,1,210,0,1,0
TF,OBTED,49.942044,-96.836075,0, ,0.0,0.0,0.0,0.0,2,3000,0,0,0,0,1,0

APPTR,R31,31,UDGOB
IF,UDGOB,49.881103,-96.923908, ,0.0,0.0,0,0,0,1,210,0,1,0
TF,OBTED,49.942044,-96.836075,0, ,0.0,0.0,0.0,0.0,2,3000,0,0,0,0,1,0

FINAL,R31,31,R,3
IF,OBTED,49.942044,-96.836075, ,0.0,0.0,2,3000,0,0,0,0,1,0
TF,DEGPI,50.010094,-96.949486,0, ,0.0,0.0,309.0,6.0,2,2100,0,0,0,0,2,0
TF,RW31,50.055972,-97.026231,0, ,0.0,0.0,309.0,4.1,1,810,0,0,0,0,3,1
VA,0,309.0,2,1300,0,0,0,0,0,0
DF,DUTEN,50.309153,-96.985225,0, ,0.0,0.0,1,3000,0,0,0,0,0,1
HM,DUTEN,50.309153,-96.985225,1, ,0.0,0.0,22.0,04.3,0,0,0,0,0,0,0,0,0

