APPTR,R05,05,KAVMA
IF,KAVMA,68.482197,-90.310814, ,0.0,0.0,0,0,0,1,210,0,1,0
TF,LENEK,68.420319,-90.160264,0, ,0.0,0.0,0.0,0.0,2,1400,0,0,0,0,1,0

APPTR,R05,05,MEBIN
IF,MEBIN,68.358306,-90.010536, ,0.0,0.0,0,0,0,1,210,0,1,0
TF,LENEK,68.420319,-90.160264,0, ,0.0,0.0,0.0,0.0,2,1400,0,0,0,0,1,0

FINAL,R05,05,R,3
IF,LENEK,68.420319,-90.160264, ,0.0,0.0,2,1400,0,0,0,0,1,0
TF,DATNU,68.486522,-89.957747,0, ,0.0,0.0,6.5,6.0,2,1400,0,0,0,0,2,0
TF,RW05,68.531389,-89.819386,0, ,0.0,0.0,6.6,4.1,1,101,0,0,0,0,3,1
TF,GOXAK,68.586228,-89.649039,0, ,0.0,0.0,0.0,0.0,1,2200,0,0,0,0,0,1
HM,GOXAK,68.586228,-89.649039,2, ,0.0,0.0,6.6,04.3,0,0,0,0,0,0,0,0,0

APPTR,R23,23,DATLA
IF,DATLA,68.693831,-89.469789, ,0.0,0.0,0,0,0,0,0,0,1,0
TF,ONDEM,68.619622,-89.367625,0, ,0.0,0.0,0.0,0.0,2,1900,0,0,0,0,1,0

APPTR,R23,23,MURUD
IF,MURUD,68.545356,-89.266136, ,0.0,0.0,0,0,0,0,0,0,1,0
TF,ONDEM,68.619622,-89.367625,0, ,0.0,0.0,0.0,0.0,2,1900,0,0,0,0,1,0

FINAL,R23,23,R,3
IF,ONDEM,68.619622,-89.367625, ,0.0,0.0,2,1900,0,0,0,0,1,0
TF,TEVID,68.582836,-89.571417,0, ,0.0,0.0,26.1,5.0,2,1810,0,0,0,0,2,0
TF,VOBUB,68.545806,-89.774542,0, ,0.0,0.0,26.1,5.0,1,223,0,0,0,0,3,1
TF,LOYID,68.508528,-89.976997,0, ,0.0,0.0,0.0,0.0,1,2300,0,0,0,0,0,1
HM,LOYID,68.508528,-89.976997,2, ,0.0,0.0,26.0,04.3,0,0,0,0,0,0,0,0,0

