APPTR,R12-A,12,DUPET
IF,DUPET,50.685208,-112.204858, ,0.0,0.0,0,0,0,1,200,0,1,0
TF,KEVRI,50.750700,-112.086053,0, ,0.0,0.0,0.0,0.0,2,4000,0,1,180,0,1,0

APPTR,R12-A,12,SENRO
IF,SENRO,50.816072,-111.966917, ,0.0,0.0,0,0,0,1,200,0,1,0
TF,KEVRI,50.750700,-112.086053,0, ,0.0,0.0,0.0,0.0,2,3700,0,1,180,0,1,0

FINAL,R12-A,12,R,4
IF,KEVRI,50.750700,-112.086053, ,0.0,0.0,2,3700,0,1,180,0,1,0
TF,BODSU,50.687772,-112.000219,0, ,0.0,0.0,126.0,5.0,2,3300,0,0,0,0,2,0
TF,ROPDI,50.656286,-111.957389,0, ,0.0,0.0,126.0,2.5,2,3160,0,0,0,0,0,0
TF,RW12,50.637386,-111.931717,0, ,0.0,0.0,126.0,1.5,1,2541,0,0,0,0,3,1
TF,NOSEL,50.574342,-111.846294,0, ,0.0,0.0,0.0,0.0,1,4000,0,0,0,0,0,1
HM,NOSEL,50.574342,-111.846294,2, ,0.0,0.0,126.0,04.3,0,0,0,1,250,0,0,0,0

APPTR,R30,30,PEMBO
IF,PEMBO,50.439400,-111.870747, ,0.0,0.0,0,0,0,1,200,0,1,0
TF,ILEBA,50.504553,-111.752097,0, ,0.0,0.0,0.0,0.0,2,4200,0,1,180,0,1,0

APPTR,R30,30,VESTI
IF,VESTI,50.569586,-111.633122, ,0.0,0.0,0,0,0,1,200,0,1,0
TF,ILEBA,50.504553,-111.752097,0, ,0.0,0.0,0.0,0.0,2,4200,0,1,180,0,1,0

FINAL,R30,30,R,4
IF,ILEBA,50.504553,-111.752097, ,0.0,0.0,2,4200,0,1,180,0,1,0
TF,OTORO,50.567667,-111.837267,0, ,0.0,0.0,306.0,5.0,2,4130,0,0,0,0,2,0
TF,ETLIN,50.599197,-111.879939,0, ,0.0,0.0,306.0,2.5,2,3330,0,0,0,0,0,0
TF,RW30,50.630714,-111.922664,0, ,0.0,0.0,306.0,2.5,1,2535,0,0,0,0,3,1
TF,TILEK,50.693700,-112.008292,0, ,0.0,0.0,0.0,0.0,1,4000,0,0,0,0,0,1
HM,TILEK,50.693700,-112.008292,2, ,0.0,0.0,306.0,04.3,0,0,0,1,250,0,0,0,0

