APPTR,N27,27,YBV
PI,YBV,52.354167,-97.024167,2,YBV,25.0,10.0,070,5.0,2,2000,0,0,0,0,0,0
CF,FF27,52.374294,-96.909147,0,YBV,70.0,4.4,250.0,5.6,2,2000,0,0,0,0,0,0

FINAL,N27,27,N,2
IF,FF27,52.374294,-96.909147,YBV,0.0,0.0,2,2000,0,0,0,0,2,0
CF,RW27,52.358906,-97.011486,0,YBV,0.0,0.0,250.0,3.9,1,775,0,0,0,0,3,0
CF,YBV,52.354167,-97.024167,0,YBV,0.0,0.0,250.0,0.6,0,0,0,0,0,0,0,1
CA,0,250.0,2,2000,0,0,0,0,0,0
DF,YBV,52.354167,-97.024167,2, ,0.0,0.0,1,2000,0,0,0,0,0,0
HM,YBV,52.354167,-97.024167,2, ,0.0,0.0,250.0,04.3,0,0,0,0,0,0,0,0,0

APPTR,R09,09,AMOMU
IF,AMOMU,52.441217,-97.296831, ,0.0,0.0,0,0,0,0,0,0,1,0
TF,IKLUD,52.358000,-97.296244,0, ,0.0,0.0,0.0,0.0,2,2400,0,0,0,0,1,0

APPTR,R09,09,MIXAB
IF,MIXAB,52.274781,-97.295661, ,0.0,0.0,0,0,0,0,0,0,1,0
TF,IKLUD,52.358000,-97.296244,0, ,0.0,0.0,0.0,0.0,2,2400,0,0,0,0,1,0

FINAL,R09,09,R,3
IF,IKLUD,52.358000,-97.296244, ,0.0,0.0,2,2400,0,0,0,0,1,0
TF,DUTUP,52.358436,-97.160328,0, ,0.0,0.0,86.0,5.0,2,2370,0,0,0,0,2,0
TF,RW09,52.358872,-97.024408,0, ,0.0,0.0,86.0,5.0,1,777,0,0,0,0,3,1
TF,SEMVI,52.359172,-96.875564,0, ,0.0,0.0,0.0,0.0,1,2000,0,0,0,0,0,1
HM,SEMVI,52.359172,-96.875564,2, ,0.0,0.0,86.0,04.3,0,0,0,0,0,0,0,0,0

APPTR,R27,27,AVTOB
IF,AVTOB,52.442653,-96.740206, ,0.0,0.0,0,0,0,0,0,0,1,0
TF,IPRUM,52.359436,-96.739642,0, ,0.0,0.0,0.0,0.0,2,2400,0,0,0,0,1,0

APPTR,R27,27,EBMEK
IF,EBMEK,52.276219,-96.739083, ,0.0,0.0,0,0,0,0,0,0,1,0
TF,IPRUM,52.359436,-96.739642,0, ,0.0,0.0,0.0,0.0,2,2400,0,0,0,0,1,0

FINAL,R27,27,R,3
IF,IPRUM,52.359436,-96.739642, ,0.0,0.0,2,2400,0,0,0,0,1,0
TF,SEMVI,52.359172,-96.875564,0, ,0.0,0.0,266.0,5.0,2,2370,0,0,0,0,2,0
TF,RW27,52.358906,-97.011486,0, ,0.0,0.0,266.0,5.0,1,775,0,0,0,0,3,1
TF,DUTUP,52.358436,-97.160328,0, ,0.0,0.0,0.0,0.0,1,2000,0,0,0,0,0,1
HM,DUTUP,52.358436,-97.160328,2, ,0.0,0.0,266.0,04.3,0,0,0,0,0,0,0,0,0

