APPTR,N03-A,03,DA
IF,DA,64.028900,-139.167667, ,0.0,0.0,0,0,0,0,0,0,1,0
PI,DA,64.028900,-139.167667,1,DA,77.0,10.0,032,5.0,2,4800,0,0,0,0,0,0
CF,FF212,64.097097,-138.952572,0,DA,32.0,7.0,212.0,3.0,2,4800,0,0,0,0,0,0

FINAL,N03-A,03,N,2
IF,FF212,64.097097,-138.952572,DA,0.0,0.0,2,4800,0,0,0,0,2,0
CF,DA,64.028900,-139.167667,0,DA,0.0,0.0,212.0,7.0,1,3460,0,0,0,0,3,0
VA,0,265.0,2,6000,0,0,0,0,0,0
DF,DA,64.028900,-139.167667,2, ,0.0,0.0,1,6000,0,0,0,0,0,0
HM,DA,64.028900,-139.167667,1, ,0.0,0.0,212.0,04.3,0,0,0,1,250,0,0,0,0

APPTR,N21-A,21,DA
IF,DA,64.028900,-139.167667, ,0.0,0.0,0,0,0,0,0,0,1,0
PI,DA,64.028900,-139.167667,1,DA,77.0,10.0,032,5.0,2,4800,0,0,0,0,0,0
CF,FF212,64.097097,-138.952572,0,DA,32.0,7.0,212.0,3.0,2,4800,0,0,0,0,0,0

FINAL,N21-A,21,N,2
IF,FF212,64.097097,-138.952572,DA,0.0,0.0,2,4800,0,0,0,0,2,0
CF,DA,64.028900,-139.167667,0,DA,0.0,0.0,212.0,7.0,1,3460,0,0,0,0,3,0
VA,0,265.0,2,6000,0,0,0,0,0,0
DF,DA,64.028900,-139.167667,2, ,0.0,0.0,1,6000,0,0,0,0,0,0
HM,DA,64.028900,-139.167667,1, ,0.0,0.0,212.0,04.3,0,0,0,1,250,0,0,0,0

APPTR,R03,03,KITIM
IF,KITIM,64.050242,-139.705225, ,0.0,0.0,0,0,0,1,210,0,1,0
TF,SUTSO,63.963533,-139.639556,0, ,0.0,0.0,0.0,0.0,2,5800,0,0,0,0,1,0

APPTR,R03,03,PENBO
IF,PENBO,63.874033,-139.681386, ,0.0,0.0,0,0,0,1,210,0,1,0
TF,SUTSO,63.963533,-139.639556,0, ,0.0,0.0,0.0,0.0,2,5800,0,0,0,0,1,0

FINAL,R03,03,R,4
IF,SUTSO,63.963533,-139.639556, ,0.0,0.0,2,5800,0,0,0,0,0,0
TF,GOTAB,63.994761,-139.424056,0, ,0.0,0.0,51.0,6.0,2,4400,0,0,0,0,2,0
TF,XONGO,64.010256,-139.316128,0, ,0.0,0.0,51.0,3.0,2,3200,0,0,0,0,0,0
TF,BUBEK,64.035392,-139.139586,0, ,0.0,0.0,51.0,4.9,1,1253,0,0,0,0,3,1
TF,MIXAD,64.060817,-138.959117,0, ,0.0,0.0,0.0,0.0,1,5100,0,0,0,0,0,1
HM,MIXAD,64.060817,-138.959117,2, ,0.0,0.0,51.0,04.3,0,0,0,0,0,0,0,0,0

APPTR,R21,21,EBMUP
IF,EBMUP,63.997381,-138.708097, ,0.0,0.0,0,0,0,1,210,0,1,0
TF,VIVAB,64.123864,-138.772433,0, ,0.0,0.0,0.0,0.0,2,4600,0,0,0,0,1,0

FINAL,R21,21,R,3
IF,VIVAB,64.123864,-138.772433, ,0.0,0.0,2,4600,0,0,0,0,0,0
TF,LORPU,64.103806,-138.976353,0, ,0.0,0.0,236.0,5.5,2,3300,0,0,0,0,2,0
TF,RW21,64.046319,-139.117989,0, ,0.0,0.0,206.0,5.1,1,1264,0,0,0,0,3,1
VA,0,206.0,2,2900,0,0,0,0,0,0
DF,BUBAM,64.022381,-139.532969,0, ,0.0,0.0,1,5600,0,0,0,0,0,1
HM,BUBAM,64.022381,-139.532969,1, ,0.0,0.0,253.0,04.3,0,0,0,0,0,0,0,0,0

