SID,EPVAD1,29,5
VA,0,289.0,2,3200,0,0,0,0,0,0
DF,EPVAD,61.626792,-139.475256,0, ,0.0,0.0,2,8400,0,0,0,0,0,0

SID,MEMIE1,11,5
VA,0,109.0,2,3200,0,0,0,0,0,0
DF,MEMIE,61.274058,-138.493494,0, ,0.0,0.0,2,9900,0,0,0,0,0,0

APPTR,R11,11,ODBAM
IF,ODBAM,61.489764,-139.785092, ,0.0,0.0,0,0,0,0,0,0,1,0
TF,EBMIB,61.602928,-139.530025,0, ,0.0,0.0,0.0,0.0,2,7700,0,0,0,0,1,0

APPTR,R11,11,SATAD
IF,SATAD,61.715608,-139.273094, ,0.0,0.0,0,0,0,0,0,0,1,0
TF,EBMIB,61.602928,-139.530025,0, ,0.0,0.0,0.0,0.0,2,7700,0,0,0,0,1,0

FINAL,R11,11,R,5
IF,EBMIB,61.602928,-139.530025, ,0.0,0.0,2,7700,0,0,0,0,0,0
TF,DUNUV,61.534581,-139.397553,0, ,0.0,0.0,119.0,5.6,2,7100,0,0,0,0,0,0
TF,ANALA,61.484458,-139.300931,0, ,0.0,0.0,119.0,4.1,2,5800,0,0,0,0,2,0
TF,XUBOP,61.404083,-139.117583,0, ,0.0,0.0,114.0,7.2,2,3520,0,0,0,0,0,0
TF,RW11,61.374842,-139.051247,0, ,0.0,0.0,114.0,2.6,1,2691,0,0,0,0,3,1
TF,IGVIV,61.339936,-138.972319,0, ,0.0,0.0,0.0,0.0,0,0,0,0,0,0,0,0
TF,MEVGU,61.280206,-138.756669,0, ,0.0,0.0,0.0,0.0,0,0,0,0,0,0,0,0
TF,SINRI,61.123647,-138.523478,0, ,0.0,0.0,0.0,0.0,0,0,0,0,0,0,0,0
TF,KERVI,61.072750,-138.322744,0, ,0.0,0.0,0.0,0.0,1,10000,0,0,0,0,0,1
HM,KERVI,61.072750,-138.322744,1, ,0.0,0.0,99.0,04.3,0,0,0,1,250,0,0,0,0

APPTR,R29,29,GADED
IF,GADED,61.002364,-138.640067, ,0.0,0.0,0,0,0,0,0,0,1,0
TF,JERVI,61.095678,-138.558311,0, ,0.0,0.0,0.0,0.0,2,9500,0,0,0,0,0,0
TF,PIGPA,61.191997,-138.473369,0, ,0.0,0.0,0.0,0.0,2,8800,0,0,0,0,1,0

APPTR,R29,29,SUTAP
IF,SUTAP,61.344775,-138.337469, ,0.0,0.0,0,0,0,0,0,0,1,0
TF,PIGPA,61.191997,-138.473369,0, ,0.0,0.0,0.0,0.0,2,8800,0,0,0,0,1,0

FINAL,R29,29,R,5
IF,PIGPA,61.191997,-138.473369, ,0.0,0.0,2,8800,0,0,0,0,0,0
TF,CITOL,61.231028,-138.663622,0, ,0.0,0.0,274.0,6.0,2,7400,0,0,0,0,0,0
TF,IKMET,61.253669,-138.774819,0, ,0.0,0.0,274.0,3.5,2,6600,0,0,0,0,2,0
TF,XUDON,61.332689,-138.952308,0, ,0.0,0.0,294.0,7.0,2,3800,0,0,0,0,0,0
TF,RW29,61.366483,-139.028647,0, ,0.0,0.0,294.0,3.0,1,2659,0,0,0,0,3,1
TF,TALUP,61.433939,-139.181822,0, ,0.0,0.0,0.0,0.0,0,0,0,0,0,0,0,0
TF,NOXOV,61.685942,-139.636217,0, ,0.0,0.0,0.0,0.0,1,8800,0,0,0,0,0,1
HM,NOXOV,61.685942,-139.636217,2, ,0.0,0.0,300.0,04.3,0,0,0,1,250,0,0,0,0

