APPTR,N15-A,15,YER
IF,YER,55.992583,-87.638953, ,0.0,0.0,0,0,0,0,0,0,1,0
PI,YER,55.992583,-87.638953,2,YER,105.0,10.0,150,5.0,2,1300,0,0,0,0,0,0
CF,YER,55.992583,-87.638953,0,YER,0.0,0.0,330.0,8.0,2,800,0,0,0,0,0,0

FINAL,N15-A,15,N,2
IF,YER,55.992583,-87.638953,YER,0.0,0.0,2,800,0,0,0,0,2,0
CF,MA330,56.014861,-87.670031,0,YER,0.0,0.0,329.0,1.7,1,660,0,0,0,0,3,0
CA,0,329.0,2,1500,0,0,0,0,0,0
DF,YER,55.992583,-87.638953,1, ,0.0,0.0,1,1500,0,0,0,0,0,0

APPTR,N33-A,33,YER
IF,YER,55.992583,-87.638953, ,0.0,0.0,0,0,0,0,0,0,1,0
PI,YER,55.992583,-87.638953,2,YER,105.0,10.0,150,5.0,2,1300,0,0,0,0,0,0
CF,YER,55.992583,-87.638953,0,YER,0.0,0.0,330.0,8.0,2,800,0,0,0,0,0,0

FINAL,N33-A,33,N,2
IF,YER,55.992583,-87.638953,YER,0.0,0.0,2,800,0,0,0,0,2,0
CF,MA330,56.014861,-87.670031,0,YER,0.0,0.0,329.0,1.7,1,660,0,0,0,0,3,0
CA,0,329.0,2,1500,0,0,0,0,0,0
DF,YER,55.992583,-87.638953,1, ,0.0,0.0,1,1500,0,0,0,0,0,0

APPTR,R15,15,MUVOT
IF,MUVOT,56.206503,-87.746578, ,0.0,0.0,0,0,0,1,210,0,1,0
TF,EBNAX,56.155711,-87.864650,0, ,0.0,0.0,0.0,0.0,2,1400,0,0,0,0,1,0

APPTR,R15,15,TANRO
IF,TANRO,56.104806,-87.982408, ,0.0,0.0,0,0,0,1,210,0,1,0
TF,EBNAX,56.155711,-87.864650,0, ,0.0,0.0,0.0,0.0,2,1400,0,0,0,0,1,0

FINAL,R15,15,R,3
IF,EBNAX,56.155711,-87.864650, ,0.0,0.0,2,1400,0,0,0,0,1,0
TF,ALKUS,56.076692,-87.755539,0, ,0.0,0.0,150.0,6.0,2,1400,0,0,0,0,2,0
TF,RW15,56.022789,-87.681447,0, ,0.0,0.0,150.0,4.1,1,98,0,0,0,0,3,1
TF,GUDOV,55.956811,-87.591114,0, ,0.0,0.0,0.0,0.0,1,1500,0,0,0,0,0,1
HM,GUDOV,55.956811,-87.591114,2, ,0.0,0.0,150.0,04.3,0,0,0,0,0,0,0,0,0

APPTR,R33,33,UMEPA
IF,UMEPA,55.932336,-87.371311, ,0.0,0.0,0,0,0,1,210,0,1,0
TF,ODGIB,55.881900,-87.489039,0, ,0.0,0.0,0.0,0.0,2,1400,0,0,0,0,1,0

APPTR,R33,33,VIVOR
IF,VIVOR,55.831350,-87.606461, ,0.0,0.0,0,0,0,1,210,0,1,0
TF,ODGIB,55.881900,-87.489039,0, ,0.0,0.0,0.0,0.0,2,1400,0,0,0,0,1,0

FINAL,R33,33,R,3
IF,ODGIB,55.881900,-87.489039, ,0.0,0.0,2,1400,0,0,0,0,1,0
TF,ITKAT,55.961156,-87.597053,0, ,0.0,0.0,330.0,6.0,2,1400,0,0,0,0,2,0
TF,RW33,56.015153,-87.670969,0, ,0.0,0.0,330.0,4.1,1,97,0,0,0,0,3,1
TF,RABUB,56.081072,-87.761572,0, ,0.0,0.0,0.0,0.0,1,1500,0,0,0,0,0,1
HM,RABUB,56.081072,-87.761572,2, ,0.0,0.0,330.0,04.3,0,0,0,0,0,0,0,0,0

