APPTR,R10-T,10,YEU
IF,YEU,79.991003,-85.898717, ,0.0,0.0,2,3700,0,0,0,0,1,0
PI,YEU,79.991003,-85.898717,1,YEU,36.2,10.0,351,5.0,2,3200,0,0,0,0,0,0
CF,FN084,79.975294,-86.704050,0,YEU,325.0,8.5,13.7,1.5,2,3200,0,0,0,0,0,0

FINAL,R10-T,10,R,2
IF,FN084,79.975294,-86.704050,YEU,0.0,0.0,2,3200,0,0,0,0,2,0
CF,YEU,79.991003,-85.898717,0,YEU,0.0,0.0,13.7,8.5,1,2120,0,0,0,0,3,0
CA,0,15.2,2,3800,0,0,0,0,0,0
DF,YEU,79.991003,-85.898717,2, ,0.0,0.0,1,3800,0,0,0,0,0,0
HM,YEU,79.991003,-85.898717,1, ,0.0,0.0,13.7,04.3,0,0,0,0,0,0,0,0,0

APPTR,R28,28,MEPVU
IF,MEPVU,79.964750,-84.488989, ,0.0,0.0,0,0,0,0,0,0,1,0
TF,UKNEK,79.906742,-84.891786,0, ,0.0,0.0,0.0,0.0,2,1800,0,0,0,0,1,0

APPTR,R28,28,TAPVU
IF,TAPVU,79.816978,-84.984161, ,0.0,0.0,0,0,0,0,0,0,1,0
TF,UKNEK,79.906742,-84.891786,0, ,0.0,0.0,0.0,0.0,2,1800,0,0,0,0,1,0

FINAL,R28,28,R,4
IF,UKNEK,79.906742,-84.891786, ,0.0,0.0,2,1800,0,0,0,0,0,0
TF,URMIN,79.956608,-85.384306,0, ,0.0,0.0,35.3,6.0,2,1800,0,0,0,0,2,0
TF,KATSI,79.965267,-85.471044,0, ,0.0,0.0,35.2,1.1,2,1470,0,0,0,0,0,0
TF,XIDID,79.990867,-85.729758,0, ,0.0,0.0,35.2,3.1,1,472,0,0,0,0,3,1
TF,VIDKO,80.037069,-86.205311,0, ,0.0,0.0,0.0,0.0,1,3800,0,0,0,0,0,1
HM,VIDKO,80.037069,-86.205311,2, ,0.0,0.0,35.2,04.3,0,0,0,0,0,0,0,0,0

APPTR,R28-T,28,YEU
IF,YEU,79.991003,-85.898717, ,0.0,0.0,2,3700,0,0,0,0,1,0
PI,YEU,79.991003,-85.898717,1,YEU,36.2,10.0,351,5.0,2,3200,0,0,0,0,0,0
CF,FN084,79.975294,-86.704050,0,YEU,325.0,8.5,13.7,1.5,2,3200,0,0,0,0,0,0

FINAL,R28-T,28,R,2
IF,FN084,79.975294,-86.704050,YEU,0.0,0.0,2,3200,0,0,0,0,2,0
CF,YEU,79.991003,-85.898717,0,YEU,0.0,0.0,13.7,8.5,1,2120,0,0,0,0,3,0
CA,0,15.2,2,3800,0,0,0,0,0,0
DF,YEU,79.991003,-85.898717,2, ,0.0,0.0,1,3800,0,0,0,0,0,0
HM,YEU,79.991003,-85.898717,1, ,0.0,0.0,13.7,04.3,0,0,0,0,0,0,0,0,0

