SID,CYFB5,16,1
VA,0,163.0,2,1100,0,0,0,0,0,0
VM,0,0,0,163.0,0,0,0,0,0,0,0,0

SID,CYFB5,34,1
VA,0,343.0,2,1000,0,0,0,0,0,0
VM,0,0,0,343.0,0,0,0,0,0,0,0,0

APPTR,I34,34,YFB
IF,YFB,63.741667,-68.473333, ,0.0,0.0,0,0,0,0,0,0,0,0
TF,TIBEG,63.678961,-68.384856,0, ,0.0,0.0,0.0,0.0,2,2100,0,0,0,0,0,0
PI,TIBEG,63.678961,-68.384856,1,YFY,208.0,10.0,163,5.0,2,2100,0,0,0,0,0,0

APPTR,I34,34,YFY
IF,YFY,63.733447,-68.547919, ,0.0,0.0,0,0,0,0,0,0,0,0
TF,TIBEG,63.678961,-68.384856,0, ,0.0,0.0,0.0,0.0,2,2100,0,0,0,0,0,0
PI,TIBEG,63.678961,-68.384856,1,YFY,208.0,10.0,163,5.0,2,2100,0,0,0,0,0,0

FINAL,I34,34,I,3
IF,BILKU,63.559789,-68.124667,IFB,162.5,17.4,2,2100,0,0,0,0,0,0
CF,TIBEG,63.678961,-68.384856,0,IFB,162.5,7.4,343.0,10.0,1,1700,0,0,0,0,2,0
CF,RW34,63.748175,-68.537511,0,IFB,162.6,1.5,343.0,5.8,1,127,0,0,0,0,3,0
VA,0,343.0,2,2500,0,0,0,0,0,0
DF,YFB,63.741667,-68.473333,1, ,0.0,0.0,1,2500,0,0,0,0,0,0
HM,YFB,63.741667,-68.473333,2, ,0.0,0.0,344.0,04.3,0,0,0,0,0,0,0,0,0

APPTR,R16,16,CIRCK
IF,CIRCK,63.826786,-68.976917, ,0.0,0.0,0,0,0,0,0,0,1,0
TF,XUDPA,63.885039,-68.842697,0, ,0.0,0.0,0.0,0.0,2,2300,0,0,0,0,1,0

APPTR,R16,16,GLASE
IF,GLASE,63.965833,-69.024833, ,0.0,0.0,0,0,0,0,0,0,1,0
TF,XUDPA,63.885039,-68.842697,0, ,0.0,0.0,0.0,0.0,2,2300,0,0,0,0,1,0

APPTR,R16,16,USBIV
IF,USBIV,63.943167,-68.707922, ,0.0,0.0,0,0,0,0,0,0,1,0
TF,XUDPA,63.885039,-68.842697,0, ,0.0,0.0,0.0,0.0,2,2300,0,0,0,0,1,0

FINAL,R16,16,R,3
IF,XUDPA,63.885039,-68.842697, ,0.0,0.0,2,2300,0,0,0,0,0,0
TF,ATHAB,63.814111,-68.683986,0, ,0.0,0.0,163.0,6.0,2,1500,0,0,0,0,2,0
TF,RW16,63.764972,-68.574725,0, ,0.0,0.0,163.0,4.1,1,160,0,0,0,0,3,1
TF,KIXON,63.741250,-68.522183,0, ,0.0,0.0,0.0,0.0,0,0,0,0,0,0,0,0
TF,FORJE,63.646172,-68.312889,0, ,0.0,0.0,0.0,0.0,1,3600,0,0,0,0,0,1
HM,FORJE,63.646172,-68.312889,2, ,0.0,0.0,163.0,04.3,0,0,0,0,0,0,0,0,0

APPTR,R34,34,DEPMO
IF,DEPMO,63.571136,-68.409183, ,0.0,0.0,0,0,0,1,210,0,1,0
TF,IPTOV,63.629114,-68.275558,0, ,0.0,0.0,0.0,0.0,2,1900,0,0,0,0,1,0

APPTR,R34,34,OMTID
IF,OMTID,63.686967,-68.141392, ,0.0,0.0,0,0,0,1,210,0,1,0
TF,IPTOV,63.629114,-68.275558,0, ,0.0,0.0,0.0,0.0,2,1900,0,0,0,0,1,0

FINAL,R34,34,R,3
IF,IPTOV,63.629114,-68.275558, ,0.0,0.0,2,1900,0,0,0,0,0,0
TF,EPROK,63.700492,-68.432208,0, ,0.0,0.0,343.0,6.0,2,1400,0,0,0,0,2,0
TF,RW34,63.748175,-68.537511,0, ,0.0,0.0,343.0,4.0,1,121,0,0,0,0,3,1
TF,UMANI,63.807431,-68.669097,0, ,0.0,0.0,0.0,0.0,1,2500,0,0,0,0,0,1
HM,UMANI,63.807431,-68.669097,2, ,0.0,0.0,343.0,04.3,0,0,0,0,0,0,0,0,0

