APPTR,R13,13,UDKIL
IF,UDKIL,61.267211,-114.045572, ,0.0,0.0,0,0,0,0,0,0,1,0
TF,EBMOV,61.317881,-113.908792,0, ,0.0,0.0,0.0,0.0,2,1900,0,0,0,0,1,0

APPTR,R13,13,ULBEN
IF,ULBEN,61.368414,-113.771447, ,0.0,0.0,0,0,0,0,0,0,1,0
TF,EBMOV,61.317881,-113.908792,0, ,0.0,0.0,0.0,0.0,2,1900,0,0,0,0,1,0

FINAL,R13,13,R,3
IF,EBMOV,61.317881,-113.908792, ,0.0,0.0,2,1900,0,0,0,0,1,0
TF,XOSOT,61.238922,-113.782256,0, ,0.0,0.0,126.0,6.0,2,1880,0,0,0,0,2,0
TF,RW13,61.185150,-113.696556,0, ,0.0,0.0,126.0,4.1,1,575,0,0,0,0,3,1
TF,USBAS,61.119192,-113.591950,0, ,0.0,0.0,0.0,0.0,1,1900,0,0,0,0,0,1
HM,USBAS,61.119192,-113.591950,2, ,0.0,0.0,126.0,04.3,0,0,0,0,0,0,0,0,0

APPTR,R31,31,KINEB
IF,KINEB,61.095417,-113.338608, ,0.0,0.0,0,0,0,0,0,0,1,0
TF,EPRUT,61.044894,-113.474789,0, ,0.0,0.0,0.0,0.0,2,1900,0,0,0,0,1,0

APPTR,R31,31,TABIV
IF,TABIV,60.994233,-113.610536, ,0.0,0.0,0,0,0,0,0,0,1,0
TF,EPRUT,61.044894,-113.474789,0, ,0.0,0.0,0.0,0.0,2,1900,0,0,0,0,1,0

FINAL,R31,31,R,3
IF,EPRUT,61.044894,-113.474789, ,0.0,0.0,2,1900,0,0,0,0,1,0
TF,URPAN,61.124142,-113.599781,0, ,0.0,0.0,306.0,6.0,2,1880,0,0,0,0,2,0
TF,RW31,61.177889,-113.685011,0, ,0.0,0.0,306.0,4.1,1,577,0,0,0,0,3,1
TF,NUBOP,61.243772,-113.790006,0, ,0.0,0.0,0.0,0.0,1,1900,0,0,0,0,0,1
HM,NUBOP,61.243772,-113.790006,2, ,0.0,0.0,306.0,04.3,0,0,0,0,0,0,0,0,0

