APPTR,N05,05,YGX
PI,YGX,56.353250,-94.700028,2,YGX,199.0,10.0,244,5.0,2,1700,0,0,0,0,0,0
CF,FF05,56.322967,-94.816681,0,YGX,244.0,4.3,64.0,5.7,2,1700,0,0,0,0,0,0

FINAL,N05,05,N,3
IF,FF05,56.322967,-94.816681,YGX,0.0,0.0,2,1700,0,0,0,0,2,0
CF,EP05,56.349006,-94.716406,0,YGX,0.0,0.0,64.0,3.7,1,526,0,0,0,0,0,1
CF,YGX,56.353250,-94.700028,0,YGX,0.0,0.0,64.0,0.6,2,880,0,0,0,0,3,1
CA,0,64.0,2,2300,0,0,0,0,0,0
DF,YGX,56.353250,-94.700028,1, ,0.0,0.0,1,2300,0,0,0,0,0,0
HM,YGX,56.353250,-94.700028,2, ,0.0,0.0,64.0,04.3,0,0,0,0,0,0,0,0,0

APPTR,N23,23,YGX
PI,YGX,56.353250,-94.700028,2,YGX,341.0,10.0,026,5.0,2,1700,0,0,0,0,0,0
CF,FF23,56.415478,-94.642811,0,YGX,26.0,4.2,206.0,5.8,2,1700,0,0,0,0,0,0

FINAL,N23,23,N,3
IF,FF23,56.415478,-94.642811,YGX,0.0,0.0,2,1700,0,0,0,0,2,0
CF,EP23,56.360167,-94.693675,0,YGX,0.0,0.0,206.0,3.7,1,524,0,0,0,0,0,1
CF,YGX,56.353250,-94.700028,0,YGX,0.0,0.0,206.0,0.5,2,880,0,0,0,0,3,1
CA,0,206.0,2,2300,0,0,0,0,0,0
DF,YGX,56.353250,-94.700028,2, ,0.0,0.0,1,2300,0,0,0,0,0,0
HM,YGX,56.353250,-94.700028,2, ,0.0,0.0,206.0,04.3,0,0,0,0,0,0,0,0,0

APPTR,R05,05,ODBEM
IF,ODBEM,56.300325,-95.040775, ,0.0,0.0,0,0,0,1,210,0,1,0
TF,RIDUB,56.239622,-94.938617,0, ,0.0,0.0,0.0,0.0,2,1800,0,0,0,0,1,0

APPTR,R05,05,PELVO
IF,PELVO,56.178833,-94.836783, ,0.0,0.0,0,0,0,1,210,0,1,0
TF,RIDUB,56.239622,-94.938617,0, ,0.0,0.0,0.0,0.0,2,1800,0,0,0,0,1,0

FINAL,R05,05,R,3
IF,RIDUB,56.239622,-94.938617, ,0.0,0.0,2,1800,0,0,0,0,1,0
TF,SATUK,56.307711,-94.807486,0, ,0.0,0.0,46.0,6.0,2,1800,0,0,0,0,2,0
TF,RW05,56.353033,-94.719792,0, ,0.0,0.0,46.0,4.0,1,526,0,0,0,0,3,1
TF,UDNOK,56.409589,-94.609897,0, ,0.0,0.0,0.0,0.0,1,2300,0,0,0,0,0,1
HM,UDNOK,56.409589,-94.609897,2, ,0.0,0.0,46.0,04.3,0,0,0,0,0,0,0,0,0

APPTR,R23,23,SEGEK
IF,SEGEK,56.536547,-94.583292, ,0.0,0.0,0,0,0,1,210,0,1,0
TF,UDNUV,56.475469,-94.481233,0, ,0.0,0.0,0.0,0.0,2,1800,0,0,0,0,1,0

APPTR,R23,23,VEVRO
IF,VEVRO,56.414308,-94.379500, ,0.0,0.0,0,0,0,1,210,0,1,0
TF,UDNUV,56.475469,-94.481233,0, ,0.0,0.0,0.0,0.0,2,1800,0,0,0,0,1,0

FINAL,R23,23,R,3
IF,UDNUV,56.475469,-94.481233, ,0.0,0.0,2,1800,0,0,0,0,1,0
TF,UKORU,56.407728,-94.613522,0, ,0.0,0.0,226.0,6.0,2,1800,0,0,0,0,2,0
TF,RW23,56.362411,-94.701606,0, ,0.0,0.0,226.0,4.0,1,524,0,0,0,0,3,1
TF,AGLEM,56.305772,-94.811228,0, ,0.0,0.0,0.0,0.0,1,2300,0,0,0,0,0,1
HM,AGLEM,56.305772,-94.811228,2, ,0.0,0.0,226.0,04.3,0,0,0,0,0,0,0,0,0

