APPTR,L19,19,OBRAT
PI,OBRAT,51.297636,-58.680078,2,YIF,327.0,10.0,012,5.0,2,2200,0,0,0,0,1,0

APPTR,L19,19,YIF
IF,YIF,51.188703,-58.651919, ,0.0,0.0,0,0,0,0,0,0,0,0
TF,OBRAT,51.297636,-58.680078,0, ,0.0,0.0,0.0,0.0,2,2200,0,0,0,0,1,0
PI,OBRAT,51.297636,-58.680078,2,YIF,327.0,10.0,012,5.0,2,2200,0,0,0,0,0,0

FINAL,L19,19,D,4
IF,NOVUP,51.463586,-58.723222,IIF,11.8,15.9,2,2200,0,0,0,0,0,0
CF,OBRAT,51.297636,-58.680078,0,IIF,11.8,5.8,192.0,10.1,2,1670,0,0,0,0,2,0
CF,AGNEG,51.256556,-58.669444,0,IIF,11.8,3.3,192.0,2.5,2,860,0,0,0,0,0,0
CF,RW19,51.216125,-58.658997,0,IIF,11.8,0.8,192.0,2.5,1,63,0,0,0,0,3,0
CA,0,192.0,2,2400,0,0,0,0,0,0
DF,YIF,51.188703,-58.651919,2, ,0.0,0.0,1,2400,0,0,0,0,0,0
HM,YIF,51.188703,-58.651919,1, ,0.0,0.0,12.0,04.3,0,0,0,0,0,0,0,0,0

APPTR,R01-Y,01,ETLIP
IF,ETLIP,51.082433,-58.428206, ,0.0,0.0,0,0,0,1,210,0,1,0
TF,OXADO,51.048475,-58.548811,0, ,0.0,0.0,0.0,0.0,2,1400,0,0,0,0,1,0

APPTR,R01-Y,01,VEVGA
IF,VEVGA,51.014392,-58.669239, ,0.0,0.0,0,0,0,1,210,0,1,0
TF,OXADO,51.048475,-58.548811,0, ,0.0,0.0,0.0,0.0,2,1400,0,0,0,0,1,0

FINAL,R01-Y,01,R,3
IF,OXADO,51.048475,-58.548811, ,0.0,0.0,2,1400,0,0,0,0,1,0
TF,ALKUV,51.139617,-58.613706,0, ,0.0,0.0,357.0,6.0,2,1400,0,0,0,0,2,0
TF,IMEGO,51.203083,-58.659064,0, ,0.0,0.0,357.0,4.2,1,69,0,0,0,0,3,1
TF,RETUN,51.278983,-58.713486,0, ,0.0,0.0,0.0,0.0,1,2000,0,0,0,0,0,1
HM,RETUN,51.278983,-58.713486,2, ,0.0,0.0,357.0,04.3,0,0,0,0,0,0,0,0,0

APPTR,R01-Z,01,MANUT
IF,MANUT,51.050564,-58.482664, ,0.0,0.0,0,0,0,1,210,0,1,0
TF,AXASO,51.037367,-58.613033,0, ,0.0,0.0,0.0,0.0,2,1700,0,0,0,0,1,0

APPTR,R01-Z,01,PILMU
IF,PILMU,51.024025,-58.743325, ,0.0,0.0,0,0,0,1,210,0,1,0
TF,AXASO,51.037367,-58.613033,0, ,0.0,0.0,0.0,0.0,2,1700,0,0,0,0,1,0

FINAL,R01-Z,01,R,3
IF,AXASO,51.037367,-58.613033, ,0.0,0.0,2,1700,0,0,0,0,1,0
TF,DUVBO,51.119536,-58.634117,0, ,0.0,0.0,12.0,5.0,2,1700,0,0,0,0,2,0
TF,RW01,51.203700,-58.655792,0, ,0.0,0.0,12.0,5.1,1,69,0,0,0,0,3,1
TF,IKPAK,51.285861,-58.677028,0, ,0.0,0.0,0.0,0.0,1,1900,0,0,0,0,0,1
HM,IKPAK,51.285861,-58.677028,2, ,0.0,0.0,12.0,04.3,0,0,0,0,0,0,0,0,0

APPTR,R19-Y,19,EPNOV
IF,EPNOV,51.341992,-58.891494, ,0.0,0.0,0,0,0,1,210,0,1,0
TF,IKNIP,51.376300,-58.770369,0, ,0.0,0.0,0.0,0.0,2,2000,0,0,0,0,1,0

APPTR,R19-Y,19,IMADO
IF,IMADO,51.410481,-58.649064, ,0.0,0.0,0,0,0,1,210,0,1,0
TF,IKNIP,51.376300,-58.770369,0, ,0.0,0.0,0.0,0.0,2,2000,0,0,0,0,1,0

FINAL,R19-Y,19,R,4
IF,IKNIP,51.376300,-58.770369, ,0.0,0.0,2,2000,0,0,0,0,1,0
TF,KELSA,51.285247,-58.704839,0, ,0.0,0.0,177.0,6.0,2,1500,0,0,0,0,2,0
TF,LESAX,51.257733,-58.685094,0, ,0.0,0.0,177.0,1.8,2,920,0,0,0,0,0,0
TF,URNUD,51.216742,-58.655725,0, ,0.0,0.0,177.0,2.7,1,63,0,0,0,0,3,1
TF,XOTMU,51.095242,-58.569014,0, ,0.0,0.0,0.0,0.0,1,1900,0,0,0,0,0,1
HM,XOTMU,51.095242,-58.569014,2, ,0.0,0.0,177.0,04.3,0,0,0,0,0,0,0,0,0

APPTR,R19-Z,19,UBVOB
IF,UBVOB,51.375414,-58.835022, ,0.0,0.0,0,0,0,1,210,0,1,0
TF,TUBOT,51.388858,-58.703758,0, ,0.0,0.0,0.0,0.0,2,2000,0,0,0,0,1,0

APPTR,R19-Z,19,UKROS
IF,UKROS,51.402156,-58.572419, ,0.0,0.0,0,0,0,1,210,0,1,0
TF,TUBOT,51.388858,-58.703758,0, ,0.0,0.0,0.0,0.0,2,2000,0,0,0,0,1,0

FINAL,R19-Z,19,R,3
IF,TUBOT,51.388858,-58.703758, ,0.0,0.0,2,2000,0,0,0,0,1,0
TF,GOSUK,51.290275,-58.678169,0, ,0.0,0.0,192.0,6.0,2,1500,0,0,0,0,2,0
TF,RW19,51.216125,-58.658997,0, ,0.0,0.0,192.0,4.5,1,63,0,0,0,0,3,1
TF,PESNI,51.086306,-58.625581,0, ,0.0,0.0,0.0,0.0,1,2000,0,0,0,0,0,1
HM,PESNI,51.086306,-58.625581,2, ,0.0,0.0,192.0,04.3,0,0,0,0,0,0,0,0,0

