APPTR,R15,15,MIVIM
IF,MIVIM,63.017239,-70.057611, ,0.0,0.0,0,0,0,1,140,0,1,0
TF,KARUR,62.951542,-70.169406,0, ,0.0,0.0,0.0,0.0,2,2100,0,0,0,0,1,0

APPTR,R15,15,OLOMI
IF,OLOMI,62.885756,-70.280700, ,0.0,0.0,0,0,0,1,140,0,1,0
TF,KARUR,62.951542,-70.169406,0, ,0.0,0.0,0.0,0.0,2,1600,0,0,0,0,1,0

FINAL,R15,15,R,4
IF,KARUR,62.951542,-70.169406, ,0.0,0.0,2,1600,0,0,0,0,0,0
TF,GORIB,62.900672,-70.025289,0, ,0.0,0.0,153.0,5.0,2,1500,0,0,0,0,2,0
TF,DURLI,62.870081,-69.939058,0, ,0.0,0.0,154.0,3.0,2,1000,0,0,0,0,0,0
TF,UKTOT,62.857831,-69.904617,0, ,0.0,0.0,154.0,1.2,1,518,0,0,0,0,3,1
TF,PUXAX,62.798497,-69.738550,0, ,0.0,0.0,0.0,0.0,1,2100,0,0,0,0,0,1
HM,PUXAX,62.798497,-69.738550,2, ,0.0,0.0,154.0,04.3,0,0,0,0,0,0,0,0,0

APPTR,R33,33,ADGAP
IF,ADGAP,62.809214,-69.474731, ,0.0,0.0,0,0,0,1,140,0,1,0
TF,RADUX,62.743978,-69.587031,0, ,0.0,0.0,0.0,0.0,2,2100,0,0,0,0,1,0

APPTR,R33,33,MASAN
IF,MASAN,62.678653,-69.698833, ,0.0,0.0,0,0,0,1,140,0,1,0
TF,RADUX,62.743978,-69.587031,0, ,0.0,0.0,0.0,0.0,2,2100,0,0,0,0,1,0

FINAL,R33,33,R,3
IF,RADUX,62.743978,-69.587031, ,0.0,0.0,2,2100,0,0,0,0,0,0
TF,TAGBI,62.795294,-69.729622,0, ,0.0,0.0,334.0,5.0,2,1780,0,0,0,0,2,0
TF,ALKOX,62.829083,-69.824006,0, ,0.0,0.0,334.0,3.3,1,722,0,0,0,0,3,1
TF,DEMLU,62.897489,-70.016297,0, ,0.0,0.0,0.0,0.0,1,2200,0,0,0,0,0,1
HM,DEMLU,62.897489,-70.016297,2, ,0.0,0.0,333.0,04.3,0,0,0,1,250,0,0,0,0

