APPTR,N07-A,07,MA
PI,MA,63.627811,-135.895114,2,MA,45.0,10.0,090,5.0,2,5800,0,0,0,0,0,0
CF,FF270,63.587822,-135.649756,0,MA,90.0,7.0,270.0,3.0,2,5800,0,0,0,0,0,0

FINAL,N07-A,07,N,2
IF,FF270,63.587822,-135.649756,MA,0.0,0.0,2,5800,0,0,0,0,2,0
CF,MA,63.627811,-135.895114,0,MA,0.0,0.0,270.0,7.0,1,4300,0,0,0,0,3,0
CA,0,270.0,2,5300,0,0,0,0,0,0
DF,MA,63.627811,-135.895114,2, ,0.0,0.0,1,6000,0,0,0,0,0,0
HM,MA,63.627811,-135.895114,2, ,0.0,0.0,270.0,04.3,0,0,0,1,200,0,0,0,0

APPTR,N25-A,25,MA
PI,MA,63.627811,-135.895114,2,MA,45.0,10.0,090,5.0,2,5800,0,0,0,0,0,0
CF,FF270,63.587822,-135.649756,0,MA,90.0,7.0,270.0,3.0,2,5800,0,0,0,0,0,0

FINAL,N25-A,25,N,2
IF,FF270,63.587822,-135.649756,MA,0.0,0.0,2,5800,0,0,0,0,2,0
CF,MA,63.627811,-135.895114,0,MA,0.0,0.0,270.0,7.0,1,4300,0,0,0,0,3,0
CA,0,270.0,2,5300,0,0,0,0,0,0
DF,MA,63.627811,-135.895114,2, ,0.0,0.0,1,6000,0,0,0,0,0,0
HM,MA,63.627811,-135.895114,2, ,0.0,0.0,270.0,04.3,0,0,0,1,200,0,0,0,0

APPTR,R07-A,07,OBVAK
IF,OBVAK,63.536767,-136.262681, ,0.0,0.0,0,0,0,1,210,0,1,0
TF,UDMUX,63.619828,-136.259944,0, ,0.0,0.0,0.0,0.0,2,5400,0,0,0,0,1,0

APPTR,R07-A,07,SELEM
IF,SELEM,63.702889,-136.257192, ,0.0,0.0,0,0,0,1,210,0,1,0
TF,UDMUX,63.619828,-136.259944,0, ,0.0,0.0,0.0,0.0,2,5600,0,0,0,0,1,0

FINAL,R07-A,07,R,3
IF,UDMUX,63.619828,-136.259944, ,0.0,0.0,2,5400,0,0,0,0,0,0
TF,ALMAV,63.618189,-136.035928,0, ,0.0,0.0,71.0,6.0,2,4700,0,0,0,0,2,0
TF,RW07,63.616875,-135.883889,0, ,0.0,0.0,71.0,4.1,1,3080,0,0,0,0,3,1
VA,0,71.0,2,3100,0,0,0,0,0,0
DF,ONBOD,63.597992,-135.483183,0, ,0.0,0.0,1,6500,0,0,0,0,0,1
HM,ONBOD,63.597992,-135.483183,2, ,0.0,0.0,77.0,04.3,0,0,0,0,0,0,0,0,0

APPTR,R25-B,25,IGTUR
IF,IGTUR,63.529964,-135.518419, ,0.0,0.0,0,0,0,1,210,0,1,0
TF,BOVOG,63.613006,-135.513511,0, ,0.0,0.0,0.0,0.0,2,5400,0,0,0,0,1,0

APPTR,R25-B,25,MIREG
IF,MIREG,63.696047,-135.508575, ,0.0,0.0,0,0,0,1,210,0,1,0
TF,BOVOG,63.613006,-135.513511,0, ,0.0,0.0,0.0,0.0,2,5400,0,0,0,0,1,0

FINAL,R25-B,25,R,3
IF,BOVOG,63.613006,-135.513511, ,0.0,0.0,2,5400,0,0,0,0,0,0
TF,DUVAD,63.615075,-135.700125,0, ,0.0,0.0,251.0,5.0,2,4400,0,0,0,0,2,0
TF,RW25,63.616600,-135.854139,0, ,0.0,0.0,251.0,4.1,1,3040,0,0,0,0,3,1
DF,AMOMI,63.475047,-136.231133,0, ,0.0,0.0,1,7000,0,0,0,0,0,1
HM,AMOMI,63.475047,-136.231133,2, ,0.0,0.0,199.0,04.3,0,0,0,0,0,0,0,0,0

