SID,CYMJ7,11L,1
CA,0,109.0,2,2300,0,0,0,0,0,0
FM,YMJ,50.331111,-105.563333,0,YMJ,0.0,0.0,106.0,1,5000,0,0,0,0,0,0

SID,CYMJ7,11R,1
VA,0,109.0,2,2300,0,0,0,0,0,0
VM,0,0,0,109.0,2,5000,0,0,0,0,0,0

SID,CYMJ7,29L,1
VA,0,289.0,2,2300,0,0,0,0,0,0
VM,0,0,0,289.0,2,5000,0,0,0,0,0,0

SID,CYMJ7,29R,1
CA,0,289.0,2,2300,0,0,0,0,0,0
FM,YMJ,50.331111,-105.563333,0,YMJ,0.0,0.0,292.0,1,5000,0,0,0,0,0,0

APPTR,I11LY,11L,ALPOD
IF,ALPOD,50.147178,-106.145550, ,0.0,0.0,2,20000,0,0,0,0,1,0
TF,D234O,50.221100,-105.913200,0, ,0.0,0.0,0.0,0.0,0,0,0,0,0,0,0,0
AF,D265O,50.352225,-105.952183,2,YMJ,265.0,15.0,234.0,3,6000,0,0,0,0,0,0
AF,D289O,50.451683,-105.905442,2,YMJ,289.0,15.0,265.0,0,0,0,0,0,0,0,0
CF,BESEN,50.428456,-105.836453,0,IBP,289.6,13.0,109.0,3.0,2,4000,0,0,0,0,1,0

FINAL,I11LY,11L,I,3
IF,BESEN,50.428456,-105.836453,IBP,289.6,13.0,2,4000,0,0,0,0,0,0
CF,NADAG,50.379892,-105.693592,0,IBP,290.0,6.8,109.0,6.2,1,3630,0,0,0,0,2,0
CF,RW11L,50.338056,-105.575000,0,IBP,290.0,1.6,109.0,5.2,1,1935,0,0,0,0,3,0
CA,0,109.0,2,2300,0,0,0,0,0,0
CF,ALPEL,50.221100,-105.213464,0,YMJ,106.0,15.0,106.0,14.6,1,5000,0,0,0,0,0,0

APPTR,I11LZ,11L,DUKPI
IF,DUKPI,50.516364,-105.762117, ,0.0,0.0,0,0,0,1,210,0,1,0
TF,BESEN,50.428456,-105.836453,0,IBP,0.0,0.0,0.0,0.0,2,4000,0,1,210,0,1,0

APPTR,I11LZ,11L,EBLEP
IF,EBLEP,50.340497,-105.910517, ,0.0,0.0,0,0,0,1,210,0,1,0
TF,BESEN,50.428456,-105.836453,0,IBP,0.0,0.0,0.0,0.0,2,4000,0,1,210,0,1,0

FINAL,I11LZ,11L,I,3
IF,BESEN,50.428456,-105.836453,IBP,289.6,13.0,2,4000,0,1,210,0,1,0
CF,NADAG,50.379892,-105.693592,0,IBP,290.0,6.8,109.0,6.2,1,3630,0,0,0,0,2,0
CF,RW11L,50.338056,-105.575000,0,IBP,290.0,1.6,109.0,5.2,1,1935,0,0,0,0,3,0
CA,0,109.0,2,2300,0,0,0,0,0,0
CF,ALPEL,50.221100,-105.213464,0,YMJ,106.0,15.0,106.0,14.6,1,5000,0,0,0,0,0,0

APPTR,I29RX,29R,DUMLA
IF,DUMLA,50.192986,-105.418303, ,0.0,0.0,2,20000,0,0,0,0,1,0
TF,EBMAN,50.108642,-105.330244,0, ,0.0,0.0,0.0,0.0,0,0,0,0,0,0,0,0
CF,IGTOL,50.237511,-105.287861,1,IMJ,109.5,12.8,289.0,3.0,2,4500,0,0,0,0,1,0

FINAL,I29RX,29R,I,3
IF,IGTOL,50.237511,-105.287861,IMJ,109.5,12.8,2,4500,0,0,0,0,0,0
CF,GOXAG,50.290300,-105.438369,0,IMJ,109.5,6.2,289.0,6.6,1,3420,0,0,0,0,2,0
CF,RW29R,50.326944,-105.543333,0,IMJ,109.5,1.6,289.0,4.6,1,1934,0,0,0,0,3,0
CA,0,289.0,2,2300,0,0,0,0,0,0
CF,IGSAG,50.462981,-105.895128,0,YMJ,292.0,15.0,292.0,14.9,1,5000,0,0,0,0,0,0

APPTR,I29RY,29R,BILGU
IF,BILGU,49.980211,-105.168725, ,0.0,0.0,2,20000,0,0,0,0,1,0
TF,D134T,50.061308,-105.259275,0, ,0.0,0.0,0.0,0.0,0,0,0,0,0,0,0,0
AF,D108T,50.172786,-105.106328,1,YMJ,108.2,20.0,134.0,0,0,0,0,0,0,0,0
CF,IGTOL,50.237511,-105.287861,0,IMJ,109.5,12.8,289.0,8.0,2,4500,0,0,0,0,1,0

FINAL,I29RY,29R,I,3
IF,IGTOL,50.237511,-105.287861,IMJ,109.5,12.8,2,4500,0,0,0,0,0,0
CF,GOXAG,50.290300,-105.438369,0,IMJ,109.5,6.2,289.0,6.6,1,3420,0,0,0,0,2,0
CF,RW29R,50.326944,-105.543333,0,IMJ,109.5,1.6,289.0,4.6,1,1934,0,0,0,0,3,0
CA,0,289.0,2,2300,0,0,0,0,0,0
CF,IGSAG,50.462981,-105.895128,0,YMJ,292.0,15.0,292.0,14.9,1,5000,0,0,0,0,0,0

APPTR,I29RZ,29R,IPRUN
IF,IPRUN,50.325072,-105.212814, ,0.0,0.0,0,0,0,1,210,0,1,0
TF,IGTOL,50.237511,-105.287861,0,IMJ,0.0,0.0,0.0,0.0,2,4500,0,1,210,0,1,0

APPTR,I29RZ,29R,LIDAN
IF,LIDAN,50.149900,-105.362636, ,0.0,0.0,0,0,0,1,210,0,1,0
TF,IGTOL,50.237511,-105.287861,0,IMJ,0.0,0.0,0.0,0.0,2,4500,0,1,210,0,1,0

FINAL,I29RZ,29R,I,3
IF,IGTOL,50.237511,-105.287861,IMJ,109.5,12.8,2,4500,0,1,210,0,0,0
CF,GOXAG,50.290300,-105.438369,0,IMJ,109.5,6.2,289.0,6.6,1,3420,0,0,0,0,2,0
CF,RW29R,50.326944,-105.543333,0,IMJ,109.5,1.6,289.0,4.6,1,1934,0,0,0,0,3,0
CA,0,289.0,2,2300,0,0,0,0,0,0
CF,IGSAG,50.462981,-105.895128,0,YMJ,292.0,15.0,292.0,14.9,1,5000,0,0,0,0,0,0

APPTR,R11L,11L,ILISU
IF,ILISU,50.351936,-105.888781, ,0.0,0.0,0,0,0,0,0,0,1,0
TF,UDLEL,50.425089,-105.826636,0, ,0.0,0.0,0.0,0.0,2,4300,0,0,0,0,1,0

APPTR,R11L,11L,XIGEX
IF,XIGEX,50.498208,-105.764300, ,0.0,0.0,0,0,0,0,0,0,1,0
TF,UDLEL,50.425089,-105.826636,0, ,0.0,0.0,0.0,0.0,2,4300,0,0,0,0,1,0

FINAL,R11L,11L,R,3
IF,UDLEL,50.425089,-105.826636, ,0.0,0.0,2,4300,0,0,0,0,0,0
TF,TOVIR,50.385519,-105.712036,0, ,0.0,0.0,109.0,5.0,2,3840,0,0,0,0,2,0
TF,RW11L,50.338056,-105.575000,0, ,0.0,0.0,109.0,6.0,1,1935,0,0,0,0,3,1
TF,XORDO,50.218097,-105.232803,0, ,0.0,0.0,0.0,0.0,1,5000,0,0,0,0,0,1
HM,XORDO,50.218097,-105.232803,2, ,0.0,0.0,109.0,04.3,0,0,0,0,0,0,0,0,0

APPTR,R29R,29R,ESRUB
IF,ESRUB,50.312283,-105.230511, ,0.0,0.0,0,0,0,0,0,0,1,0
TF,RERAR,50.239178,-105.292653,0, ,0.0,0.0,0.0,0.0,2,4300,0,0,0,0,1,0

APPTR,R29R,29R,XEVUG
IF,XEVUG,50.166039,-105.354603, ,0.0,0.0,0,0,0,0,0,0,1,0
TF,RERAR,50.239178,-105.292653,0, ,0.0,0.0,0.0,0.0,2,4300,0,0,0,0,1,0

FINAL,R29R,29R,R,3
IF,RERAR,50.239178,-105.292653, ,0.0,0.0,2,4300,0,0,0,0,0,0
TF,OMSEX,50.279161,-105.406550,0, ,0.0,0.0,289.0,5.0,2,3840,0,0,0,0,2,0
TF,RW29R,50.326944,-105.543333,0, ,0.0,0.0,289.0,6.0,1,1934,0,0,0,0,3,1
TF,XIBOM,50.445864,-105.887006,0, ,0.0,0.0,0.0,0.0,1,5000,0,0,0,0,0,1
HM,XIBOM,50.445864,-105.887006,2, ,0.0,0.0,289.0,04.3,0,0,0,0,0,0,0,0,0

APPTR,T11LY,11L,ALPOD
IF,ALPOD,50.147178,-106.145550, ,0.0,0.0,2,20000,0,0,0,0,1,0
TF,D234O,50.221100,-105.913200,0, ,0.0,0.0,0.0,0.0,0,0,0,0,0,0,0,0
AF,D265O,50.352225,-105.952183,2,YMJ,265.0,15.0,234.0,3,6000,0,0,0,0,0,0
AF,D296O,50.477472,-105.879953,2,YMJ,296.0,15.0,265.0,0,0,0,0,0,0,0,0
CF,IGSER,50.448269,-105.816472,0,YMJ,296.0,12.0,116.0,3.0,2,4000,0,0,0,0,1,0

FINAL,T11LY,11L,D,3
IF,IGSER,50.448269,-105.816472,YMJ,296.0,12.0,2,4000,0,0,0,0,0,0
CF,ALREV,50.389758,-105.689747,0,YMJ,296.0,6.0,116.0,6.0,2,2700,0,0,0,0,2,0
CF,MT11L,50.341872,-105.586483,0,YMJ,296.0,1.1,116.0,4.9,1,2092,0,0,0,0,3,0
TF,ALPEL,50.221100,-105.213464,0, ,0.0,0.0,0.0,0.0,1,5000,0,0,0,0,0,0

FINAL,T11LZ,11L,D,3
IF,IGSER,50.448269,-105.816472,YMJ,296.0,12.0,2,4000,0,0,0,0,0,0
CF,ALREV,50.389758,-105.689747,0,YMJ,296.0,6.0,116.0,6.0,2,3660,0,0,0,0,2,0
CF,MT11L,50.341872,-105.586483,0,YMJ,296.0,1.1,116.0,4.9,1,2092,0,0,0,0,3,0
TF,ALPEL,50.221100,-105.213464,0, ,0.0,0.0,0.0,0.0,1,5000,0,0,0,0,0,0

APPTR,T29RX,29R,VLN
IF,VLN,50.666944,-104.889722, ,0.0,0.0,0,0,0,0,0,0,0,0
TF,KEDGO,50.203444,-105.396583,0, ,0.0,0.0,0.0,0.0,2,20000,0,0,0,0,1,0
TF,METLO,50.126731,-105.296964,0, ,0.0,0.0,0.0,0.0,0,0,0,0,0,0,0,0
CF,IRKER,50.255906,-105.274386,1,YMJ,102.0,12.0,282.0,3.0,2,3400,0,0,0,0,1,0

FINAL,T29RX,29R,D,3
IF,IRKER,50.255906,-105.274386,YMJ,102.0,12.0,2,3400,0,0,0,0,0,0
CF,IGTUK,50.293597,-105.418744,0,YMJ,102.0,6.0,282.0,6.0,2,2600,0,0,0,0,2,0
CF,RW29R,50.326944,-105.543333,0,YMJ,98.0,0.8,282.0,5.2,1,1934,0,0,0,0,3,0
CF,IGSAG,50.462981,-105.895128,0,YMJ,292.0,15.0,292.0,15.8,1,5000,0,0,0,0,0,0

APPTR,T29RY,29R,BILGU
IF,BILGU,49.980211,-105.168725, ,0.0,0.0,2,20000,0,0,0,0,1,0
TF,D134T,50.061308,-105.259275,0, ,0.0,0.0,0.0,0.0,0,0,0,0,0,0,0,0
AF,D102T,50.205369,-105.082264,1,YMJ,102.0,20.0,134.0,0,0,0,0,0,0,0,0
CF,IRKER,50.255906,-105.274386,0,YMJ,102.0,12.0,282.0,8.0,2,4500,0,0,0,0,1,0

FINAL,T29RY,29R,D,3
IF,IRKER,50.255906,-105.274386,YMJ,102.0,12.0,2,4500,0,0,0,0,0,0
CF,IGTUK,50.293597,-105.418744,0,YMJ,102.0,6.0,282.0,6.0,2,2600,0,0,0,0,2,0
CF,RW29R,50.326944,-105.543333,0,YMJ,98.0,0.8,282.0,5.2,1,1934,0,0,0,0,3,0
CF,IGSAG,50.462981,-105.895128,0,YMJ,292.0,15.0,292.0,15.8,1,5000,0,0,0,0,0,0

FINAL,T29RZ,29R,D,3
IF,IRKER,50.255906,-105.274386,YMJ,102.0,12.0,2,4500,0,0,0,0,0,0
CF,IGTUK,50.293597,-105.418744,0,YMJ,102.0,6.0,282.0,6.0,2,3590,0,0,0,0,2,0
CF,RW29R,50.326944,-105.543333,0,YMJ,98.0,0.8,282.0,5.2,1,1934,0,0,0,0,3,0
CF,IGSAG,50.462981,-105.895128,0,YMJ,292.0,15.0,292.0,15.8,1,5000,0,0,0,0,0,0

