APPTR,N02-A,02,YMU
PI,YMU,56.537253,-76.523092,1,YMU,285.0,10.0,240,5.0,2,2500,0,0,0,0,0,0
CF,FF060,56.448050,-76.662978,0,YMU,240.0,7.1,60.0,2.9,2,2500,0,0,0,0,0,0

FINAL,N02-A,02,N,2
IF,FF060,56.448050,-76.662978,YMU,0.0,0.0,2,2500,0,0,0,0,2,0
CF,YMU,56.537253,-76.523092,0,YMU,0.0,0.0,60.0,7.1,1,1080,0,0,0,0,3,0
CA,0,60.0,2,1080,0,0,0,0,0,0
CA,0,9.0,2,2600,0,0,0,0,0,0
DF,YMU,56.537253,-76.523092,1, ,0.0,0.0,1,2600,0,0,0,0,0,0
HM,YMU,56.537253,-76.523092,1, ,0.0,0.0,60.0,04.3,0,0,0,0,0,0,0,0,0

APPTR,N20-A,20,YMU
PI,YMU,56.537253,-76.523092,1,YMU,285.0,10.0,240,5.0,2,2500,0,0,0,0,0,0
CF,FF060,56.448050,-76.662978,0,YMU,240.0,7.1,60.0,2.9,2,2500,0,0,0,0,0,0

FINAL,N20-A,20,N,2
IF,FF060,56.448050,-76.662978,YMU,0.0,0.0,2,2500,0,0,0,0,2,0
CF,YMU,56.537253,-76.523092,0,YMU,0.0,0.0,60.0,7.1,1,1080,0,0,0,0,3,0
CA,0,60.0,2,1080,0,0,0,0,0,0
CA,0,9.0,2,2600,0,0,0,0,0,0
DF,YMU,56.537253,-76.523092,1, ,0.0,0.0,1,2600,0,0,0,0,0,0
HM,YMU,56.537253,-76.523092,1, ,0.0,0.0,60.0,04.3,0,0,0,0,0,0,0,0,0

APPTR,R02,02,OVARA
IF,OVARA,56.355408,-76.403031, ,0.0,0.0,0,0,0,1,210,0,1,0
TF,LOBTU,56.364467,-76.551947,0, ,0.0,0.0,0.0,0.0,2,2100,0,0,0,0,1,0

APPTR,R02,02,VIDLO
IF,VIDLO,56.373344,-76.700936, ,0.0,0.0,0,0,0,1,210,0,1,0
TF,LOBTU,56.364467,-76.551947,0, ,0.0,0.0,0.0,0.0,2,2100,0,0,0,0,1,0

FINAL,R02,02,R,3
IF,LOBTU,56.364467,-76.551947, ,0.0,0.0,2,2100,0,0,0,0,1,0
TF,KITEP,56.463678,-76.532511,0, ,0.0,0.0,25.0,6.0,2,1600,0,0,0,0,2,0
TF,RW02,56.531331,-76.519197,0, ,0.0,0.0,25.0,4.1,1,297,0,0,0,0,3,1
TF,MUSOV,56.614000,-76.502861,0, ,0.0,0.0,0.0,0.0,1,2600,0,0,0,0,0,1
HM,MUSOV,56.614000,-76.502861,2, ,0.0,0.0,25.0,04.3,0,0,0,0,0,0,0,0,0

APPTR,R20,20,BETAT
IF,BETAT,56.719181,-76.329819, ,0.0,0.0,0,0,0,1,210,0,1,0
TF,URLEN,56.728325,-76.480156,0, ,0.0,0.0,0.0,0.0,2,2400,0,0,0,0,1,0

APPTR,R20,20,SEBES
IF,SEBES,56.737286,-76.630564, ,0.0,0.0,0,0,0,1,210,0,1,0
TF,URLEN,56.728325,-76.480156,0, ,0.0,0.0,0.0,0.0,2,2400,0,0,0,0,1,0

FINAL,R20,20,R,3
IF,URLEN,56.728325,-76.480156, ,0.0,0.0,2,2400,0,0,0,0,1,0
TF,MIBKA,56.629125,-76.499867,0, ,0.0,0.0,205.0,6.0,2,2000,0,0,0,0,2,0
TF,RW20,56.540917,-76.517306,0, ,0.0,0.0,205.0,5.3,1,301,0,0,0,0,3,1
TF,KEBUN,56.458244,-76.533578,0, ,0.0,0.0,0.0,0.0,1,2600,0,0,0,0,0,1
HM,KEBUN,56.458244,-76.533578,2, ,0.0,0.0,205.0,04.3,0,0,0,0,0,0,0,0,0

