APPTR,R18,18,ONBIT
IF,ONBIT,59.675622,-97.949069, ,0.0,0.0,0,0,0,1,210,0,1,0
TF,EMEDO,59.672614,-97.768397,0, ,0.0,0.0,0.0,0.0,2,2700,0,1,180,0,1,0

APPTR,R18,18,OTASA
IF,OTASA,59.669356,-97.587758, ,0.0,0.0,0,0,0,1,210,0,1,0
TF,EMEDO,59.672614,-97.768397,0, ,0.0,0.0,0.0,0.0,2,2700,0,1,180,0,1,0

FINAL,R18,18,R,3
IF,EMEDO,59.672614,-97.768397, ,0.0,0.0,2,2700,0,1,180,0,1,0
TF,DEMDA,59.572928,-97.775133,0, ,0.0,0.0,180.0,6.0,2,2600,0,0,0,0,2,0
TF,RW18,59.489892,-97.780714,0, ,0.0,0.0,180.0,5.0,1,996,0,0,0,0,3,1
TF,PEKTU,59.406817,-97.786269,0, ,0.0,0.0,0.0,0.0,1,2600,0,0,0,0,0,1
HM,PEKTU,59.406817,-97.786269,2, ,0.0,0.0,180.0,04.3,0,0,0,1,175,0,0,0,0

APPTR,R36,36,SEBEV
IF,SEBEV,59.293981,-97.614911, ,0.0,0.0,0,0,0,1,210,0,1,0
TF,ROSGI,59.297200,-97.793558,0, ,0.0,0.0,0.0,0.0,2,2700,0,1,180,0,1,0

APPTR,R36,36,TIKAG
IF,TIKAG,59.300175,-97.972239, ,0.0,0.0,0,0,0,1,210,0,1,0
TF,ROSGI,59.297200,-97.793558,0, ,0.0,0.0,0.0,0.0,2,2700,0,1,180,0,1,0

FINAL,R36,36,R,3
IF,ROSGI,59.297200,-97.793558, ,0.0,0.0,2,2700,0,1,180,0,1,0
TF,VITUB,59.396889,-97.786933,0, ,0.0,0.0,360.0,6.0,2,2600,0,0,0,0,2,0
TF,RW36,59.480481,-97.781344,0, ,0.0,0.0,360.0,5.0,1,985,0,0,0,0,3,1
TF,UBVOS,59.563553,-97.775764,0, ,0.0,0.0,0.0,0.0,1,2600,0,0,0,0,0,1
HM,UBVOS,59.563553,-97.775764,2, ,0.0,0.0,360.0,04.3,0,0,0,1,175,0,0,0,0

