FINAL,N20,20,N,2
IF,FF20,69.449892,-124.015553,YPC,0.0,0.0,2,1700,0,0,0,0,2,0
CF,RW20,69.365781,-124.070256,0,YPC,0.0,0.0,17.1,5.2,1,64,0,0,0,0,3,0
TF,YPC,69.350844,-124.075486,0, ,0.0,0.0,0.0,0.0,0,0,0,0,0,0,0,1
CA,0,17.1,2,2500,0,0,0,0,0,0
DF,YPC,69.350844,-124.075486,2, ,0.0,0.0,1,2500,0,0,0,0,0,0

APPTR,R02,02,BERAK
IF,BERAK,69.143325,-124.056069, ,0.0,0.0,0,0,0,1,210,0,1,0
TF,GABDO,69.172414,-124.274403,0, ,0.0,0.0,0.0,0.0,2,2300,0,0,0,0,1,0

APPTR,R02,02,VERDU
IF,VERDU,69.201228,-124.493314, ,0.0,0.0,0,0,0,1,210,0,1,0
TF,GABDO,69.172414,-124.274403,0, ,0.0,0.0,0.0,0.0,2,2300,0,0,0,0,1,0

FINAL,R02,02,R,4
IF,GABDO,69.172414,-124.274403, ,0.0,0.0,2,2300,0,0,0,0,1,0
TF,OMAPO,69.265744,-124.176356,0, ,0.0,0.0,0.0,6.0,2,1900,0,0,0,0,2,0
TF,XIDEV,69.322903,-124.115861,0, ,0.0,0.0,0.0,3.7,2,730,0,0,0,0,0,0
TF,RW02,69.355542,-124.081161,0, ,0.0,0.0,0.0,2.1,1,61,0,0,0,0,3,1
TF,LEROT,69.433228,-123.998122,0, ,0.0,0.0,0.0,0.0,1,2400,0,0,0,0,0,1
HM,LEROT,69.433228,-123.998122,2, ,0.0,0.0,0.0,04.3,0,0,0,0,0,0,0,0,0

APPTR,R20,20,ODKUX
IF,ODKUX,69.561842,-123.859219, ,0.0,0.0,0,0,0,0,0,0,1,0
TF,SEGOX,69.484225,-123.943261,0, ,0.0,0.0,0.0,0.0,2,1200,0,0,0,0,1,0

APPTR,R20,20,RUDPI
IF,RUDPI,69.513456,-124.164908, ,0.0,0.0,0,0,0,1,210,0,1,0
TF,SEGOX,69.484225,-123.943261,0, ,0.0,0.0,0.0,0.0,2,1200,0,0,0,0,1,0

APPTR,R20,20,TEXIL
IF,TEXIL,69.454714,-123.722217, ,0.0,0.0,0,0,0,1,210,0,1,0
TF,SEGOX,69.484225,-123.943261,0, ,0.0,0.0,0.0,0.0,2,1200,0,0,0,0,1,0

FINAL,R20,20,R,3
IF,SEGOX,69.484225,-123.943261, ,0.0,0.0,2,1200,0,0,0,0,0,0
TF,ULORA,69.406567,-124.026694,0, ,0.0,0.0,18.0,5.0,2,900,0,0,0,0,2,0
TF,RW20,69.365781,-124.070256,0, ,0.0,0.0,18.0,2.6,1,64,0,0,0,0,3,1
TF,LOGPA,69.288061,-124.152778,0, ,0.0,0.0,0.0,0.0,1,2400,0,0,0,0,0,1
HM,LOGPA,69.288061,-124.152778,2, ,0.0,0.0,18.0,04.3,0,0,0,0,0,0,0,0,0

