APPTR,N07,07,YPH
PI,YPH,58.467536,-78.073514,2,YPH,222.0,10.0,267,5.0,2,1500,0,0,0,0,0,0
CF,FF07,58.436522,-78.206039,0,YPH,267.0,4.6,87.0,5.4,2,1500,0,0,0,0,0,0

FINAL,N07,07,N,3
IF,FF07,58.436522,-78.206039,YPH,0.0,0.0,2,1500,0,0,0,0,2,0
CF,EP07,58.465728,-78.081247,0,YPH,0.0,0.0,87.0,4.3,1,128,0,0,0,0,0,1
CF,YPH,58.467536,-78.073514,0,YPH,0.0,0.0,87.0,0.3,2,490,0,0,0,0,3,1
CA,0,87.0,2,1900,0,0,0,0,0,0
DF,YPH,58.467536,-78.073514,2, ,0.0,0.0,1,1900,0,0,0,0,0,0
HM,YPH,58.467536,-78.073514,2, ,0.0,0.0,87.0,04.3,0,0,0,0,0,0,0,0,0

APPTR,N25,25,YPH
PI,YPH,58.467536,-78.073514,1,YPH,94.0,10.0,049,5.0,2,1500,0,0,0,0,0,0
CF,FF25,58.537478,-78.002369,0,YPH,49.0,4.8,229.0,5.2,2,1500,0,0,0,0,0,0

FINAL,N25,25,N,2
IF,FF25,58.537478,-78.002369,YPH,0.0,0.0,2,1500,0,0,0,0,2,0
CF,RW25,58.475231,-78.070317,0,YPH,0.0,0.0,229.0,4.3,1,127,0,0,0,0,3,0
CF,YPH,58.467536,-78.073514,0,YPH,0.0,0.0,229.0,0.5,0,0,0,0,0,0,0,1
CA,0,229.0,2,1900,0,0,0,0,0,0
DF,YPH,58.467536,-78.073514,1, ,0.0,0.0,1,1900,0,0,0,0,0,0
HM,YPH,58.467536,-78.073514,1, ,0.0,0.0,229.0,04.3,0,0,0,0,0,0,0,0,0

APPTR,R07,07,LEVAG
IF,LEVAG,58.414864,-78.422931, ,0.0,0.0,0,0,0,1,210,0,1,0
TF,IRDOL,58.354556,-78.313975,0, ,0.0,0.0,0.0,0.0,2,1400,0,0,0,0,1,0

APPTR,R07,07,RIGUN
IF,RIGUN,58.294153,-78.205389, ,0.0,0.0,0,0,0,1,210,0,1,0
TF,IRDOL,58.354556,-78.313975,0, ,0.0,0.0,0.0,0.0,2,1400,0,0,0,0,1,0

FINAL,R07,07,R,3
IF,IRDOL,58.354556,-78.313975, ,0.0,0.0,2,1400,0,0,0,0,1,0
TF,KEPMU,58.423089,-78.175919,0, ,0.0,0.0,66.0,6.0,2,1400,0,0,0,0,2,0
TF,RW07,58.468631,-78.083714,0, ,0.0,0.0,66.0,4.0,1,128,0,0,0,0,3,1
TF,MIPOB,58.525544,-77.967958,0, ,0.0,0.0,0.0,0.0,1,1900,0,0,0,0,0,1
HM,MIPOB,58.525544,-77.967958,2, ,0.0,0.0,66.0,04.3,0,0,0,0,0,0,0,0,0

APPTR,R25,25,DAXOM
IF,DAXOM,58.649611,-77.947267, ,0.0,0.0,0,0,0,1,210,0,1,0
TF,ITBEM,58.588900,-77.838403,0, ,0.0,0.0,0.0,0.0,2,1400,0,0,0,0,1,0

APPTR,R25,25,GONIP
IF,GONIP,58.528097,-77.729914, ,0.0,0.0,0,0,0,1,210,0,1,0
TF,ITBEM,58.588900,-77.838403,0, ,0.0,0.0,0.0,0.0,2,1400,0,0,0,0,1,0

FINAL,R25,25,R,4
IF,ITBEM,58.588900,-77.838403, ,0.0,0.0,2,1400,0,0,0,0,1,0
TF,KESRI,58.520733,-77.977767,0, ,0.0,0.0,246.0,6.0,2,1400,0,0,0,0,2,0
TF,XIDUP,58.488897,-78.042561,0, ,0.0,0.0,246.0,2.8,2,510,0,0,0,0,0,0
TF,RW25,58.475231,-78.070317,0, ,0.0,0.0,246.0,1.2,1,127,0,0,0,0,3,1
TF,MASUB,58.418225,-78.185742,0, ,0.0,0.0,0.0,0.0,1,1900,0,0,0,0,0,1
HM,MASUB,58.418225,-78.185742,2, ,0.0,0.0,246.0,04.3,0,0,0,0,0,0,0,0,0

