SID,CYPK1,08R,4
VA,0,80.0,2,600,0,0,0,0,0,0
CF,ATUSA,49.137972,-122.687111,0,YVR,61.5,18.6,170.0,4.0,0,0,0,0,0,0,0,0
TF,PETMI,49.064392,-122.740214,0, ,0.0,0.0,0.0,0.0,0,0,0,0,0,0,0,0

SID,CYPK1,26L,4
VA,0,260.0,2,600,0,0,0,0,0,0
CF,KELMA,49.144242,-122.765103,0,YVR,58.0,15.7,171.0,4.0,0,0,0,0,0,0,0,0
TF,PETMI,49.064392,-122.740214,0, ,0.0,0.0,0.0,0.0,0,0,0,0,0,0,0,0

SID,CYPK1,ALL,5
IF,PETMI,49.064392,-122.740214, ,0.0,0.0,0,0,0,0,0,0,0,0
TF,WC,49.003231,-122.750397,0, ,0.0,0.0,0.0,0.0,0,0,0,1,200,0,0,0

APPTR,R08RY,08R,JORJA
IF,JORJA,49.228731,-123.543483, ,0.0,0.0,0,0,0,0,0,0,0,0
TF,VARSY,49.287044,-123.285211,0, ,0.0,0.0,0.0,0.0,2,4600,0,0,0,0,1,0
TF,LEXIK,49.282397,-123.087464,0, ,0.0,0.0,0.0,0.0,2,3500,0,0,0,0,1,0

FINAL,R08RY,08R,R,4
IF,LEXIK,49.282397,-123.087464, ,0.0,0.0,2,3500,0,0,0,0,0,0
TF,VIDRU,49.260811,-123.004728,0, ,0.0,0.0,95.0,3.5,2,3000,0,0,0,0,0,0
TF,KEDBI,49.226767,-122.874858,0, ,0.0,0.0,95.0,5.5,1,2000,0,0,0,0,2,0
TF,RW08R,49.214681,-122.722967,0, ,0.0,0.0,80.0,6.0,1,52,0,0,0,0,3,1
CA,0,80.0,2,700,0,0,0,0,0,0
DF,SAFOL,49.076389,-122.699444,2, ,0.0,0.0,1,3000,0,1,165,0,0,1
HM,SAFOL,49.076389,-122.699444,2, ,0.0,0.0,134.0,04.3,0,0,0,1,175,0,0,0,0

APPTR,R08RZ,08R,JORJA
IF,JORJA,49.228731,-123.543483, ,0.0,0.0,0,0,0,0,0,0,0,0
TF,VARSY,49.287044,-123.285211,0, ,0.0,0.0,0.0,0.0,2,4600,0,0,0,0,1,0
TF,LEXIK,49.282397,-123.087464,0, ,0.0,0.0,0.0,0.0,2,3500,0,0,0,0,1,0

FINAL,R08RZ,08R,R,6
IF,LEXIK,49.282397,-123.087464, ,0.0,0.0,2,3500,0,0,0,0,0,0
TF,VIDRU,49.260811,-123.004728,0, ,0.0,0.0,95.0,3.5,2,3000,0,0,0,0,0,0
TF,KEDBI,49.226767,-122.874858,0, ,0.0,0.0,95.0,5.5,1,2000,0,0,0,0,2,0
TF,ULOXU,49.220933,-122.801194,0, ,0.0,0.0,80.0,2.9,2,840,0,0,0,0,0,0
TF,AXOKI,49.217914,-122.763339,0, ,0.0,0.0,80.0,1.5,2,640,0,0,0,0,0,0
TF,RW08R,49.214681,-122.722967,0, ,0.0,0.0,80.0,1.6,1,52,0,0,0,0,3,1
CA,0,80.0,2,700,0,0,0,0,0,0
DF,SAFOL,49.076389,-122.699444,2, ,0.0,0.0,1,3000,0,1,165,0,0,1
HM,SAFOL,49.076389,-122.699444,2, ,0.0,0.0,134.0,04.3,0,0,0,1,175,0,0,0,0

