APPTR,N09,09,OO
IF,OO,43.920842,-78.899969, ,0.0,0.0,0,0,0,0,0,0,0,0
TF,YPQ,44.212453,-78.463125,0, ,0.0,0.0,0.0,0.0,2,3700,0,0,0,0,0,0
PI,YPQ,44.212453,-78.463125,2,VIE,223.0,7.0,268,5.0,2,2800,0,0,0,0,1,0
CF,YPQ,44.212453,-78.463125,0,VIE,234.8,36.5,88.0,5.0,2,1910,0,0,0,0,0,0

APPTR,N09,09,YPQ
PI,YPQ,44.212453,-78.463125,2,VIE,223.0,7.0,268,5.0,2,2800,0,0,0,0,1,0
CF,YPQ,44.212453,-78.463125,0,VIE,234.8,36.5,88.0,5.0,2,1910,0,0,0,0,0,0

FINAL,N09,09,N,2
IF,YPQ,44.212453,-78.463125,YPQ,0.0,0.0,2,1910,0,0,0,0,2,0
CF,RW09,44.228211,-78.376150,0,YPQ,0.0,0.0,88.0,3.9,1,675,0,0,0,0,3,0
CA,0,88.0,2,2900,0,0,0,0,0,0
DF,YPQ,44.212453,-78.463125,2, ,0.0,0.0,1,2900,0,0,0,0,0,0
HM,YPQ,44.212453,-78.463125,1, ,0.0,0.0,268.0,04.3,0,0,0,0,0,0,0,0,0

APPTR,R09,09,AVSAM
IF,AVSAM,44.269192,-78.624564, ,0.0,0.0,0,0,0,1,210,0,1,0
TF,NALTU,44.188406,-78.596117,0, ,0.0,0.0,0.0,0.0,2,2700,0,0,0,0,1,0

APPTR,R09,09,SATIK
IF,SATIK,44.107611,-78.567750, ,0.0,0.0,0,0,0,1,210,0,1,0
TF,NALTU,44.188406,-78.596117,0, ,0.0,0.0,0.0,0.0,2,2700,0,0,0,0,1,0

FINAL,R09,09,R,4
IF,NALTU,44.188406,-78.596117, ,0.0,0.0,2,2700,0,0,0,0,1,0
TF,GABID,44.208789,-78.483797,0, ,0.0,0.0,88.0,5.0,2,2200,0,0,0,0,2,0
TF,DAXUL,44.220111,-78.421117,0, ,0.0,0.0,88.0,2.8,2,1310,0,0,0,0,0,0
TF,RW09,44.228211,-78.376150,0, ,0.0,0.0,88.0,2.0,1,675,0,0,0,0,3,1
TF,EBLOK,44.276428,-78.106089,0, ,0.0,0.0,0.0,0.0,2,2900,0,0,0,0,0,1
HM,EBLOK,44.276428,-78.106089,2, ,0.0,0.0,268.0,04.3,0,0,0,0,0,0,0,0,0

APPTR,R27,27,DASRO
IF,DASRO,44.293600,-78.008922, ,0.0,0.0,0,0,0,0,0,0,1,0
TF,URLIM,44.273683,-78.121567,0, ,0.0,0.0,0.0,0.0,2,2200,0,0,0,0,1,0

APPTR,R27,27,EXTRO
IF,EXTRO,44.354586,-78.149403, ,0.0,0.0,0,0,0,1,210,0,1,0
TF,URLIM,44.273683,-78.121567,0, ,0.0,0.0,0.0,0.0,2,2200,0,0,0,0,1,0

APPTR,R27,27,IGSOG
IF,IGSOG,44.192772,-78.093808, ,0.0,0.0,0,0,0,1,210,0,1,0
TF,URLIM,44.273683,-78.121567,0, ,0.0,0.0,0.0,0.0,2,2200,0,0,0,0,1,0

FINAL,R27,27,R,3
IF,URLIM,44.273683,-78.121567, ,0.0,0.0,2,2200,0,0,0,0,0,0
TF,VIXAG,44.249636,-78.256639,0, ,0.0,0.0,268.0,6.0,2,2000,0,0,0,0,2,0
TF,RW27,44.232867,-78.350242,0, ,0.0,0.0,268.0,4.2,1,675,0,0,0,0,3,1
TF,ETMUD,44.212614,-78.462653,0, ,0.0,0.0,0.0,0.0,1,2900,0,0,0,0,0,1
HM,ETMUD,44.212614,-78.462653,2, ,0.0,0.0,268.0,04.3,0,0,0,0,0,0,0,0,0

