APPTR,N04,04,PY
PI,PY,58.761569,-111.108272,2,PY,198.0,10.0,243,5.0,2,2300,0,0,0,0,0,0
CF,FF04,58.742789,-111.277214,0,PY,243.0,5.4,63.0,4.6,2,2300,0,0,0,0,0,0

FINAL,N04,04,N,3
IF,FF04,58.742789,-111.277214,PY,0.0,0.0,2,2300,0,0,0,0,2,0
CF,EP04,58.759567,-111.126383,0,PY,0.0,0.0,63.0,4.8,1,754,0,0,0,0,0,1
CF,PY,58.761569,-111.108272,0,PY,0.0,0.0,63.0,0.6,2,1170,0,0,0,0,3,1
CA,0,63.0,2,2300,0,0,0,0,0,0
DF,PY,58.761569,-111.108272,1, ,0.0,0.0,1,2300,0,0,0,0,0,0
HM,PY,58.761569,-111.108272,2, ,0.0,0.0,63.0,04.3,0,0,0,0,0,0,0,0,0

APPTR,R04,04,DUNUN
IF,DUNUN,58.602525,-111.258589, ,0.0,0.0,0,0,0,1,210,0,1,0
TF,VISUT,58.667419,-111.358231,0, ,0.0,0.0,0.0,0.0,2,2100,0,0,0,0,1,0

APPTR,R04,04,XEROG
IF,XEROG,58.732236,-111.458244, ,0.0,0.0,0,0,0,1,210,0,1,0
TF,VISUT,58.667419,-111.358231,0, ,0.0,0.0,0.0,0.0,2,2100,0,0,0,0,1,0

FINAL,R04,04,R,3
IF,VISUT,58.667419,-111.358231, ,0.0,0.0,2,2100,0,0,0,0,1,0
TF,ULOGO,58.719364,-111.233550,0, ,0.0,0.0,37.0,5.0,2,2100,0,0,0,0,2,0
TF,RW04,58.763181,-111.127867,0, ,0.0,0.0,37.0,4.2,1,754,0,0,0,0,3,1
TF,LESOV,58.814903,-111.002497,0, ,0.0,0.0,0.0,0.0,1,2300,0,0,0,0,0,1
HM,LESOV,58.814903,-111.002497,2, ,0.0,0.0,37.0,04.3,0,0,0,0,0,0,0,0,0

APPTR,R22,22,SATEP
IF,SATEP,58.930481,-110.979392, ,0.0,0.0,0,0,0,1,210,0,1,0
TF,ROVMI,58.865294,-110.879703,0, ,0.0,0.0,0.0,0.0,2,2200,0,0,0,0,1,0

APPTR,R22,22,TESUL
IF,TESUL,58.800033,-110.780389, ,0.0,0.0,0,0,0,1,210,0,1,0
TF,ROVMI,58.865294,-110.879703,0, ,0.0,0.0,0.0,0.0,2,2200,0,0,0,0,1,0

FINAL,R22,22,R,4
IF,ROVMI,58.865294,-110.879703, ,0.0,0.0,2,2200,0,0,0,0,1,0
TF,APNOV,58.813694,-111.005436,0, ,0.0,0.0,217.0,5.0,2,2100,0,0,0,0,2,0
TF,DUSUK,58.789294,-111.064656,0, ,0.0,0.0,217.0,2.4,2,1350,0,0,0,0,0,0
TF,RW22,58.771700,-111.107258,0, ,0.0,0.0,217.0,1.7,1,807,0,0,0,0,3,1
TF,WACBO,58.719878,-111.232314,0, ,0.0,0.0,0.0,0.0,1,2300,0,0,0,0,0,1
HM,WACBO,58.719878,-111.232314,2, ,0.0,0.0,217.0,04.3,0,0,0,0,0,0,0,0,0

