SID,CYPZ5,11,5
DF,KAVLU,54.347172,-125.904222,0, ,0.0,0.0,0,0,0,0,0,0,0,0
TF,EMIRO,54.282864,-125.801022,0, ,0.0,0.0,0.0,0.0,0,0,0,0,0,0,0,0
TF,OTASI,54.293322,-125.300817,0, ,0.0,0.0,0.0,0.0,0,0,0,0,0,0,0,0
TF,DAVON,54.151389,-124.240000,0, ,0.0,0.0,0.0,0.0,0,0,0,0,0,0,0,0

APPTR,R11,11,KERKA
IF,KERKA,54.591050,-126.284236, ,0.0,0.0,0,0,0,1,200,0,1,0
TF,ILOMA,54.501678,-126.360728,0, ,0.0,0.0,0.0,0.0,2,6200,0,1,180,0,1,0

APPTR,R11,11,TUGUG
IF,TUGUG,54.412256,-126.436883, ,0.0,0.0,0,0,0,1,200,0,1,0
TF,ILOMA,54.501678,-126.360728,0, ,0.0,0.0,0.0,0.0,2,5600,0,1,180,0,1,0

FINAL,R11,11,R,5
IF,ILOMA,54.501678,-126.360728, ,0.0,0.0,2,5600,0,1,180,0,1,0
TF,DUDNO,54.457161,-126.207289,0, ,0.0,0.0,98.0,6.0,2,5600,0,0,0,0,2,0
TF,NADVO,54.433847,-126.127336,0, ,0.0,0.0,98.0,3.1,2,4400,0,0,0,0,0,0
TF,ELIDA,54.403994,-126.025344,0, ,0.0,0.0,98.0,4.0,2,3420,0,0,0,0,0,0
TF,ANVUV,54.383794,-125.956583,0, ,0.0,0.0,98.0,2.7,1,2393,0,0,0,0,3,1
VA,0,98.0,2,3200,0,0,0,0,0,0
DF,LONPU,54.234622,-125.729639,0, ,0.0,0.0,1,6900,0,1,180,0,0,1
HM,LONPU,54.234622,-125.729639,2, ,0.0,0.0,123.0,04.3,0,0,0,1,200,0,0,0,0

APPTR,R29,29,IKMOS
IF,IKMOS,54.264203,-125.541933, ,0.0,0.0,0,0,0,1,200,0,1,0
TF,VIRPO,54.197303,-125.664556,0, ,0.0,0.0,0.0,0.0,2,5800,0,1,180,0,1,0

APPTR,R29,29,PIGNU
IF,PIGNU,54.130278,-125.786783, ,0.0,0.0,0,0,0,1,200,0,1,0
TF,VIRPO,54.197303,-125.664556,0, ,0.0,0.0,0.0,0.0,2,5400,0,1,180,0,1,0

FINAL,R29,29,R,4
IF,VIRPO,54.197303,-125.664556, ,0.0,0.0,2,5400,0,1,180,0,0,0
TF,SATAS,54.270244,-125.780900,0, ,0.0,0.0,298.0,6.0,2,5100,0,0,0,0,2,0
TF,XESUX,54.336250,-125.886689,0, ,0.0,0.0,298.0,5.4,2,3280,0,0,0,0,0,0
TF,RW29,54.371417,-125.943250,0, ,0.0,0.0,298.0,2.9,1,2393,0,0,0,0,3,1
VA,0,298.0,2,3200,0,0,0,0,0,0
DF,MUPDI,54.475781,-126.300367,0, ,0.0,0.0,1,6900,0,0,0,0,0,1
HM,MUPDI,54.475781,-126.300367,2, ,0.0,0.0,273.0,04.3,0,0,0,1,200,0,0,0,0

