APPTR,R06,06,APNOT
IF,APNOT,43.635697,-66.165681, ,0.0,0.0,0,0,0,1,210,0,1,0
TF,DUREV,43.690892,-66.251703,0, ,0.0,0.0,0.0,0.0,2,1500,0,0,0,0,1,0

APPTR,R06,06,IGVUP
IF,IGVUP,43.746022,-66.337881, ,0.0,0.0,0,0,0,1,210,0,1,0
TF,DUREV,43.690892,-66.251703,0, ,0.0,0.0,0.0,0.0,2,1500,0,0,0,0,1,0

FINAL,R06,06,R,3
IF,DUREV,43.690892,-66.251703, ,0.0,0.0,2,1500,0,0,0,0,1,0
TF,EBMEP,43.765825,-66.160361,0, ,0.0,0.0,59.0,6.0,2,1500,0,0,0,0,2,0
TF,RW06,43.817236,-66.097511,0, ,0.0,0.0,59.0,4.1,1,188,0,0,0,0,3,1
TF,HAVNN,43.879583,-66.021089,0, ,0.0,0.0,0.0,0.0,1,1800,0,0,0,0,0,1
HM,HAVNN,43.879583,-66.021089,2, ,0.0,0.0,59.0,04.3,0,0,0,0,0,0,0,0,0

APPTR,R15,15,DUNPI
IF,DUNPI,43.889947,-66.343161, ,0.0,0.0,0,0,0,0,0,0,1,0
TF,BOXAB,43.951339,-66.265186,0, ,0.0,0.0,0.0,0.0,2,1500,0,0,0,0,1,0

APPTR,R15,15,IMUMA
IF,IMUMA,44.012678,-66.187050, ,0.0,0.0,0,0,0,0,0,0,1,0
TF,BOXAB,43.951339,-66.265186,0, ,0.0,0.0,0.0,0.0,2,1500,0,0,0,0,1,0

FINAL,R15,15,R,3
IF,BOXAB,43.951339,-66.265186, ,0.0,0.0,2,1500,0,0,0,0,1,0
TF,AMEBU,43.883778,-66.163178,0, ,0.0,0.0,150.0,6.0,2,1500,0,0,0,0,2,0
TF,RW15,43.837128,-66.092958,0, ,0.0,0.0,150.0,4.1,1,170,0,0,0,0,3,1
TF,ONGUG,43.814567,-66.059061,0, ,0.0,0.0,0.0,0.0,0,0,0,0,0,0,0,0
TF,PUTOM,43.780703,-66.008261,0, ,0.0,0.0,0.0,0.0,1,1800,0,0,0,0,0,1
HM,PUTOM,43.780703,-66.008261,2, ,0.0,0.0,150.0,04.3,0,0,0,0,0,0,0,0,0

APPTR,R24,24,APGIN
IF,APGIN,43.901131,-65.840311, ,0.0,0.0,0,0,0,1,210,0,1,0
TF,MEGMI,43.956569,-65.926414,0, ,0.0,0.0,0.0,0.0,2,1500,0,0,0,0,1,0

APPTR,R24,24,KEKDI
IF,KEKDI,44.011942,-66.012675, ,0.0,0.0,0,0,0,1,210,0,1,0
TF,MEGMI,43.956569,-65.926414,0, ,0.0,0.0,0.0,0.0,2,1500,0,0,0,0,1,0

FINAL,R24,24,R,3
IF,MEGMI,43.956569,-65.926414, ,0.0,0.0,2,1500,0,0,0,0,1,0
TF,PEKRU,43.881825,-66.018336,0, ,0.0,0.0,239.0,6.0,2,1500,0,0,0,0,2,0
TF,RW24,43.829558,-66.082428,0, ,0.0,0.0,239.0,4.2,1,165,0,0,0,0,3,1
TF,SASUR,43.767169,-66.158719,0, ,0.0,0.0,0.0,0.0,1,1800,0,0,0,0,0,1
HM,SASUR,43.767169,-66.158719,2, ,0.0,0.0,239.0,04.3,0,0,0,0,0,0,0,0,0

APPTR,R33,33,BOSIR
IF,BOSIR,43.774061,-65.828725, ,0.0,0.0,0,0,0,0,0,0,1,0
TF,KIPOT,43.712731,-65.906564,0, ,0.0,0.0,0.0,0.0,2,1500,0,0,0,0,1,0

APPTR,R33,33,LEVUB
IF,LEVUB,43.651347,-65.984244, ,0.0,0.0,0,0,0,0,0,0,1,0
TF,KIPOT,43.712731,-65.906564,0, ,0.0,0.0,0.0,0.0,2,1500,0,0,0,0,1,0

FINAL,R33,33,R,3
IF,KIPOT,43.712731,-65.906564, ,0.0,0.0,2,1500,0,0,0,0,1,0
TF,ALOVI,43.780522,-66.007992,0, ,0.0,0.0,330.0,6.0,2,1500,0,0,0,0,2,0
TF,RW33,43.827847,-66.079011,0, ,0.0,0.0,330.0,4.2,1,152,0,0,0,0,3,1
TF,ESTIN,43.850403,-66.112925,0, ,0.0,0.0,0.0,0.0,0,0,0,0,0,0,0,0
TF,OMSAP,43.884219,-66.163842,0, ,0.0,0.0,0.0,0.0,1,1800,0,0,0,0,0,1
HM,OMSAP,43.884219,-66.163842,2, ,0.0,0.0,330.0,04.3,0,0,0,0,0,0,0,0,0

APPTR,S15,15,YQI
PI,YQI,43.825114,-66.082475,2,YQI,294.0,10.0,339,5.0,2,1800,0,0,0,0,0,0

FINAL,S15,15,D,3
IF,IGTON,43.956672,-66.223994,YQI,339.2,10.0,2,1800,0,0,0,0,0,0
CF,FS15,43.903889,-66.167633,0,YQI,339.0,6.0,159.0,4.0,2,1800,0,0,0,0,2,0
CF,RW15,43.837128,-66.092958,0,YQI,344.7,0.9,159.0,5.1,1,170,0,0,0,0,3,0
CF,YQI,43.825114,-66.082475,0,YQI,0.0,0.0,159.0,0.9,0,0,0,0,0,0,0,1
FA,YQI,43.825114,-66.082475,0,YQI,0.0,0.0,159.0,2,1800,0,0,0,0,0,0
DF,YQI,43.825114,-66.082475,1, ,0.0,0.0,1,1800,0,0,0,0,0,0
HM,YQI,43.825114,-66.082475,2, ,0.0,0.0,159.0,04.3,0,0,0,0,0,0,0,0,0

APPTR,S33,33,YQI
PI,YQI,43.825114,-66.082475,2,YQI,89.0,10.0,134,5.0,2,1700,0,0,0,0,0,0

FINAL,S33,33,D,4
IF,JUNOT,43.749167,-65.877667,YQI,134.0,10.0,2,1700,0,0,0,0,0,0
CF,FS33,43.787989,-65.982017,0,YQI,134.0,4.9,314.0,5.1,2,1700,0,0,0,0,2,0
CF,EP33,43.824661,-66.081250,0,YQI,134.0,0.1,314.0,4.8,1,152,0,0,0,0,0,1
CF,YQI,43.825114,-66.082475,0,YQI,0.0,0.0,314.0,0.1,2,540,0,0,0,0,3,1
FA,YQI,43.825114,-66.082475,0,YQI,0.0,0.0,314.0,2,1800,0,0,0,0,0,0
DF,YQI,43.825114,-66.082475,1, ,0.0,0.0,1,1800,0,0,0,0,0,0
HM,YQI,43.825114,-66.082475,2, ,0.0,0.0,314.0,04.3,0,0,0,0,0,0,0,0,0

