APPTR,D03-A,03,DUTAD
PI,DUTAD,42.839681,-81.112272,2,YXU,315.0,10.0,000,5.0,2,3000,0,0,0,0,1,0

APPTR,D03-A,03,YXU
IF,YXU,43.037911,-81.148931, ,0.0,0.0,0,0,0,0,0,0,0,0
TF,SEBAP,43.004872,-81.142803,0, ,0.0,0.0,0.0,0.0,2,3000,0,0,0,0,1,0

FINAL,D03-A,03,D,3
IF,SEBAP,43.004872,-81.142803,YXU,180.3,2.0,2,3000,0,0,0,0,0,0
CF,DUTAD,42.839681,-81.112272,0,YXU,180.3,12.0,180.0,10.0,2,2100,0,0,0,0,2,0
CF,MA180,42.774281,-81.100231,0,YXU,180.3,16.0,180.0,4.0,1,1400,0,0,0,0,3,0
CA,0,180.0,2,3000,0,0,0,0,0,0
CI,1, ,0.0,330.0,0,0,0,0,0,0,0,0
CF,DUTAD,42.839681,-81.112272,0,YXU,180.3,12.0,360.0,2.0,0,0,0,0,0,0,0,0
HM,DUTAD,42.839681,-81.112272,2, ,0.0,0.0,180.0,04.3,2,3000,0,0,0,0,0,0,0

APPTR,D09-A,09,DUTAD
PI,DUTAD,42.839681,-81.112272,2,YXU,315.0,10.0,000,5.0,2,3000,0,0,0,0,1,0

APPTR,D09-A,09,YXU
IF,YXU,43.037911,-81.148931, ,0.0,0.0,0,0,0,0,0,0,0,0
TF,SEBAP,43.004872,-81.142803,0, ,0.0,0.0,0.0,0.0,2,3000,0,0,0,0,1,0

FINAL,D09-A,09,D,3
IF,SEBAP,43.004872,-81.142803,YXU,180.3,2.0,2,3000,0,0,0,0,0,0
CF,DUTAD,42.839681,-81.112272,0,YXU,180.3,12.0,180.0,10.0,2,2100,0,0,0,0,2,0
CF,MA180,42.774281,-81.100231,0,YXU,180.3,16.0,180.0,4.0,1,1400,0,0,0,0,3,0
CA,0,180.0,2,3000,0,0,0,0,0,0
CI,1, ,0.0,330.0,0,0,0,0,0,0,0,0
CF,DUTAD,42.839681,-81.112272,0,YXU,180.3,12.0,360.0,2.0,0,0,0,0,0,0,0,0
HM,DUTAD,42.839681,-81.112272,2, ,0.0,0.0,180.0,04.3,2,3000,0,0,0,0,0,0,0

APPTR,D15-A,15,DUTAD
PI,DUTAD,42.839681,-81.112272,2,YXU,315.0,10.0,000,5.0,2,3000,0,0,0,0,1,0

APPTR,D15-A,15,YXU
IF,YXU,43.037911,-81.148931, ,0.0,0.0,0,0,0,0,0,0,0,0
TF,SEBAP,43.004872,-81.142803,0, ,0.0,0.0,0.0,0.0,2,3000,0,0,0,0,1,0

FINAL,D15-A,15,D,3
IF,SEBAP,43.004872,-81.142803,YXU,180.3,2.0,2,3000,0,0,0,0,0,0
CF,DUTAD,42.839681,-81.112272,0,YXU,180.3,12.0,180.0,10.0,2,2100,0,0,0,0,2,0
CF,MA180,42.774281,-81.100231,0,YXU,180.3,16.0,180.0,4.0,1,1400,0,0,0,0,3,0
CA,0,180.0,2,3000,0,0,0,0,0,0
CI,1, ,0.0,330.0,0,0,0,0,0,0,0,0
CF,DUTAD,42.839681,-81.112272,0,YXU,180.3,12.0,360.0,2.0,0,0,0,0,0,0,0,0
HM,DUTAD,42.839681,-81.112272,2, ,0.0,0.0,180.0,04.3,2,3000,0,0,0,0,0,0,0

APPTR,D21-A,21,DUTAD
PI,DUTAD,42.839681,-81.112272,2,YXU,315.0,10.0,000,5.0,2,3000,0,0,0,0,1,0

APPTR,D21-A,21,YXU
IF,YXU,43.037911,-81.148931, ,0.0,0.0,0,0,0,0,0,0,0,0
TF,SEBAP,43.004872,-81.142803,0, ,0.0,0.0,0.0,0.0,2,3000,0,0,0,0,1,0

FINAL,D21-A,21,D,3
IF,SEBAP,43.004872,-81.142803,YXU,180.3,2.0,2,3000,0,0,0,0,0,0
CF,DUTAD,42.839681,-81.112272,0,YXU,180.3,12.0,180.0,10.0,2,2100,0,0,0,0,2,0
CF,MA180,42.774281,-81.100231,0,YXU,180.3,16.0,180.0,4.0,1,1400,0,0,0,0,3,0
CA,0,180.0,2,3000,0,0,0,0,0,0
CI,1, ,0.0,330.0,0,0,0,0,0,0,0,0
CF,DUTAD,42.839681,-81.112272,0,YXU,180.3,12.0,360.0,2.0,0,0,0,0,0,0,0,0
HM,DUTAD,42.839681,-81.112272,2, ,0.0,0.0,180.0,04.3,2,3000,0,0,0,0,0,0,0

APPTR,D27-A,27,DUTAD
PI,DUTAD,42.839681,-81.112272,2,YXU,315.0,10.0,000,5.0,2,3000,0,0,0,0,1,0

APPTR,D27-A,27,YXU
IF,YXU,43.037911,-81.148931, ,0.0,0.0,0,0,0,0,0,0,0,0
TF,SEBAP,43.004872,-81.142803,0, ,0.0,0.0,0.0,0.0,2,3000,0,0,0,0,1,0

FINAL,D27-A,27,D,3
IF,SEBAP,43.004872,-81.142803,YXU,180.3,2.0,2,3000,0,0,0,0,0,0
CF,DUTAD,42.839681,-81.112272,0,YXU,180.3,12.0,180.0,10.0,2,2100,0,0,0,0,2,0
CF,MA180,42.774281,-81.100231,0,YXU,180.3,16.0,180.0,4.0,1,1400,0,0,0,0,3,0
CA,0,180.0,2,3000,0,0,0,0,0,0
CI,1, ,0.0,330.0,0,0,0,0,0,0,0,0
CF,DUTAD,42.839681,-81.112272,0,YXU,180.3,12.0,360.0,2.0,0,0,0,0,0,0,0,0
HM,DUTAD,42.839681,-81.112272,2, ,0.0,0.0,180.0,04.3,2,3000,0,0,0,0,0,0,0

APPTR,D33-A,33,DUTAD
PI,DUTAD,42.839681,-81.112272,2,YXU,315.0,10.0,000,5.0,2,3000,0,0,0,0,1,0

APPTR,D33-A,33,YXU
IF,YXU,43.037911,-81.148931, ,0.0,0.0,0,0,0,0,0,0,0,0
TF,SEBAP,43.004872,-81.142803,0, ,0.0,0.0,0.0,0.0,2,3000,0,0,0,0,1,0

FINAL,D33-A,33,D,3
IF,SEBAP,43.004872,-81.142803,YXU,180.3,2.0,2,3000,0,0,0,0,0,0
CF,DUTAD,42.839681,-81.112272,0,YXU,180.3,12.0,180.0,10.0,2,2100,0,0,0,0,2,0
CF,MA180,42.774281,-81.100231,0,YXU,180.3,16.0,180.0,4.0,1,1400,0,0,0,0,3,0
CA,0,180.0,2,3000,0,0,0,0,0,0
CI,1, ,0.0,330.0,0,0,0,0,0,0,0,0
CF,DUTAD,42.839681,-81.112272,0,YXU,180.3,12.0,360.0,2.0,0,0,0,0,0,0,0,0
HM,DUTAD,42.839681,-81.112272,2, ,0.0,0.0,180.0,04.3,2,3000,0,0,0,0,0,0,0

APPTR,N27,27,7B
IF,7B,42.771364,-81.105208, ,0.0,0.0,0,0,0,0,0,0,0,0
TF,ELISI,42.789456,-81.008381,0, ,0.0,0.0,0.0,0.0,2,2300,0,0,0,0,0,0
PI,ELISI,42.789456,-81.008381,2,YXU,40.0,10.0,085,5.0,2,2300,0,0,0,0,1,0
CF,ELISI,42.789456,-81.008381,0,YXU,165.4,16.1,265.0,8.0,2,2100,0,0,0,0,0,0

APPTR,N27,27,YXU
IF,YXU,43.037911,-81.148931, ,0.0,0.0,0,0,0,0,0,0,0,0
TF,ELISI,42.789456,-81.008381,0, ,0.0,0.0,0.0,0.0,2,2500,0,0,0,0,0,0
PI,ELISI,42.789456,-81.008381,2,YXU,40.0,10.0,085,5.0,2,2300,0,0,0,0,1,0
CF,ELISI,42.789456,-81.008381,0,YXU,165.4,16.1,265.0,8.0,2,2100,0,0,0,0,0,0

FINAL,N27,27,N,2
IF,ELISI,42.789456,-81.008381,7B,0.0,0.0,2,2100,0,0,0,0,2,0
CF,RW27,42.773583,-81.100658,0,7B,0.0,0.0,265.0,4.2,1,824,0,0,0,0,3,0
CF,7B,42.771364,-81.105208,0,YXU,181.1,16.1,265.0,0.3,0,0,0,0,0,0,0,1
CA,0,265.0,2,3000,0,0,0,0,0,0
DF,7B,42.771364,-81.105208,1, ,0.0,0.0,1,3000,0,0,0,0,0,0
HM,7B,42.771364,-81.105208,2, ,0.0,0.0,68.0,04.3,0,0,0,0,0,0,0,0,0

APPTR,R09,09,AXIPA
IF,AXIPA,42.847422,-81.377642, ,0.0,0.0,0,0,0,1,210,0,1,0
TF,EPRAN,42.756106,-81.366367,0, ,0.0,0.0,0.0,0.0,2,2400,0,1,180,0,1,0

APPTR,R09,09,GABEP
IF,GABEP,42.664789,-81.355122, ,0.0,0.0,0,0,0,1,210,0,1,0
TF,EPRAN,42.756106,-81.366367,0, ,0.0,0.0,0.0,0.0,2,2400,0,1,180,0,1,0

FINAL,R09,09,R,3
IF,EPRAN,42.756106,-81.366367, ,0.0,0.0,2,2400,0,1,180,0,1,0
TF,FAZEO,42.765078,-81.231164,0, ,0.0,0.0,94.0,6.0,2,2400,0,0,0,0,2,0
TF,RW09,42.772381,-81.119258,0, ,0.0,0.0,94.0,5.0,1,819,0,0,0,0,3,1
TF,EBLIK,42.784631,-80.927611,0, ,0.0,0.0,0.0,0.0,1,3000,0,0,0,0,0,1
HM,EBLIK,42.784631,-80.927611,2, ,0.0,0.0,94.0,04.3,0,0,0,1,200,0,0,0,0

APPTR,R27,27,BOVUT
IF,BOVUT,42.796983,-80.728981, ,0.0,0.0,0,0,0,0,0,0,1,0
TF,ODGUT,42.789308,-80.853047,0, ,0.0,0.0,0.0,0.0,2,2500,0,1,180,0,1,0

APPTR,R27,27,XOSAP
IF,XOSAP,42.697942,-80.842553, ,0.0,0.0,0,0,0,1,210,0,1,0
TF,ODGUT,42.789308,-80.853047,0, ,0.0,0.0,0.0,0.0,2,2500,0,1,180,0,1,0

FINAL,R27,27,R,3
IF,ODGUT,42.789308,-80.853047, ,0.0,0.0,2,2500,0,1,180,0,1,0
TF,DUTIM,42.780783,-80.988356,0, ,0.0,0.0,274.0,6.0,2,2400,0,0,0,0,2,0
TF,RW27,42.773583,-81.100658,0, ,0.0,0.0,274.0,5.0,1,814,0,0,0,0,3,1
TF,URPEN,42.758197,-81.335050,0, ,0.0,0.0,0.0,0.0,1,3000,0,0,0,0,0,1
HM,URPEN,42.758197,-81.335050,1, ,0.0,0.0,274.0,04.3,0,0,0,1,200,0,0,0,0

