SID,OTEPI2,07,4
VA,0,72.0,2,2600,0,0,0,0,0,0
DF,OTEPI,55.000853,-119.245389,2, ,0.0,0.0,0,0,0,0,0,0,0,0

SID,OTEPI2,12,4
VA,0,117.0,2,2600,0,0,0,0,0,0
DF,OTEPI,55.000853,-119.245389,2, ,0.0,0.0,0,0,0,0,0,0,0,0

SID,OTEPI2,25,4
VA,0,252.0,2,2600,0,0,0,0,0,0
DF,OTEPI,55.000853,-119.245389,1, ,0.0,0.0,0,0,0,0,0,0,0,0

SID,OTEPI2,30,4
VA,0,297.0,2,2600,0,0,0,0,0,0
DF,OTEPI,55.000853,-119.245389,1, ,0.0,0.0,0,0,0,0,0,0,0,0

SID,OTEPI2,YXS,6
IF,OTEPI,55.000853,-119.245389, ,0.0,0.0,0,0,0,0,0,0,0,0
TF,YXS,53.894267,-122.455519,0, ,0.0,0.0,0.0,0.0,0,0,0,0,0,0,0,0

SID,ROVNA3,07,4
VA,0,72.0,2,2600,0,0,0,0,0,0
DF,ROVNA,55.372528,-118.538058,1, ,0.0,0.0,0,0,0,0,0,0,0,0

SID,ROVNA3,12,4
VA,0,117.0,2,2600,0,0,0,0,0,0
DF,ROVNA,55.372528,-118.538058,1, ,0.0,0.0,0,0,0,0,0,0,0,0

SID,ROVNA3,25,4
VA,0,252.0,2,2600,0,0,0,0,0,0
DF,ROVNA,55.372528,-118.538058,2, ,0.0,0.0,0,0,0,0,0,0,0,0

SID,ROVNA3,30,4
VA,0,297.0,2,2600,0,0,0,0,0,0
DF,ROVNA,55.372528,-118.538058,2, ,0.0,0.0,0,0,0,0,0,0,0,0

SID,ROVNA3,YMM,6
IF,ROVNA,55.372528,-118.538058, ,0.0,0.0,0,0,0,0,0,0,0,0
TF,YMM,56.647222,-111.122222,0, ,0.0,0.0,0.0,0.0,0,0,0,0,0,0,0,0

SID,ROVNA3,YOJ,6
IF,ROVNA,55.372528,-118.538058, ,0.0,0.0,0,0,0,0,0,0,0,0
TF,YOJ,58.554261,-117.093017,0, ,0.0,0.0,0.0,0.0,0,0,0,0,0,0,0,0

SID,ROVNA3,YPE,6
IF,ROVNA,55.372528,-118.538058, ,0.0,0.0,0,0,0,0,0,0,0,0
TF,YPE,56.206922,-117.511800,0, ,0.0,0.0,0.0,0.0,0,0,0,0,0,0,0,0

SID,VIDGI3,07,4
VA,0,72.0,2,2600,0,0,0,0,0,0
DF,VIDGI,55.360964,-119.206861,1, ,0.0,0.0,0,0,0,0,0,0,0,0

SID,VIDGI3,12,4
VA,0,117.0,2,2600,0,0,0,0,0,0
DF,VIDGI,55.360964,-119.206861,2, ,0.0,0.0,0,0,0,0,0,0,0,0

SID,VIDGI3,25,4
VA,0,252.0,2,2600,0,0,0,0,0,0
DF,VIDGI,55.360964,-119.206861,2, ,0.0,0.0,0,0,0,0,0,0,0,0

SID,VIDGI3,30,4
VA,0,297.0,2,2600,0,0,0,0,0,0
DF,VIDGI,55.360964,-119.206861,0, ,0.0,0.0,0,0,0,0,0,0,0,0

SID,VIDGI3,YXJ,6
IF,VIDGI,55.360964,-119.206861, ,0.0,0.0,0,0,0,0,0,0,0,0
TF,YXJ,56.284167,-120.895556,0, ,0.0,0.0,0.0,0.0,0,0,0,0,0,0,0,0

SID,VIDGI3,YYE,6
IF,VIDGI,55.360964,-119.206861, ,0.0,0.0,0,0,0,0,0,0,0,0
TF,YYE,58.891908,-123.015986,0, ,0.0,0.0,0.0,0.0,0,0,0,0,0,0,0,0

STAR,MESBO4,ALL,5
IF,MESBO,54.815922,-117.854028, ,0.0,0.0,0,0,0,0,0,0,0,0

STAR,MESBO4,07,6
IF,MESBO,54.815922,-117.854028, ,0.0,0.0,0,0,0,0,0,0,0,0
TF,DEBAB,55.100467,-119.134767,0, ,0.0,0.0,0.0,0.0,0,0,0,0,0,0,0,0
TF,XOPUS,55.100392,-119.196614,0, ,0.0,0.0,0.0,0.0,2,6000,0,1,200,0,0,0
FM,XOPUS,55.100392,-119.196614,0,YQU,0.0,0.0,252.0,0,0,0,0,0,0,0,0

STAR,MESBO4,12,6
IF,MESBO,54.815922,-117.854028, ,0.0,0.0,0,0,0,0,0,0,0,0
TF,EBMIP,55.115114,-118.526939,0, ,0.0,0.0,0.0,0.0,2,8000,0,0,0,0,0,0
TF,MURAV,55.376794,-118.985733,0, ,0.0,0.0,0.0,0.0,2,6000,0,1,200,0,0,0
FM,MURAV,55.376794,-118.985733,0,YQU,0.0,0.0,297.0,0,0,0,0,0,0,0,0

STAR,MESBO4,25,6
IF,MESBO,54.815922,-117.854028, ,0.0,0.0,0,0,0,0,0,0,0,0
TF,OTPOX,55.184528,-118.573019,0, ,0.0,0.0,0.0,0.0,2,5000,0,0,0,0,0,0

STAR,MESBO4,30,6
IF,MESBO,54.815922,-117.854028, ,0.0,0.0,0,0,0,0,0,0,0,0
TF,IKBIR,55.053011,-118.664703,0, ,0.0,0.0,0.0,0.0,2,5000,0,0,0,0,0,0

STAR,ONDET4,ALL,5
IF,ONDET,54.574347,-118.296644, ,0.0,0.0,0,0,0,0,0,0,0,0

STAR,ONDET4,07,6
IF,ONDET,54.574347,-118.296644, ,0.0,0.0,0,0,0,0,0,0,0,0
TF,DEBAB,55.100467,-119.134767,0, ,0.0,0.0,0.0,0.0,0,0,0,0,0,0,0,0
TF,XOPUS,55.100392,-119.196614,0, ,0.0,0.0,0.0,0.0,2,6000,0,1,200,0,0,0
FM,XOPUS,55.100392,-119.196614,0,YQU,0.0,0.0,252.0,0,0,0,0,0,0,0,0

STAR,ONDET4,12,6
IF,ONDET,54.574347,-118.296644, ,0.0,0.0,0,0,0,0,0,0,0,0
TF,EBMIP,55.115114,-118.526939,0, ,0.0,0.0,0.0,0.0,2,8000,0,0,0,0,0,0
TF,MURAV,55.376794,-118.985733,0, ,0.0,0.0,0.0,0.0,2,6000,0,1,200,0,0,0
FM,MURAV,55.376794,-118.985733,0,YQU,0.0,0.0,297.0,0,0,0,0,0,0,0,0

STAR,ONDET4,25,6
IF,ONDET,54.574347,-118.296644, ,0.0,0.0,0,0,0,0,0,0,0,0
TF,EBMIP,55.115114,-118.526939,0, ,0.0,0.0,0.0,0.0,2,6000,0,0,0,0,0,0
TF,OTPOX,55.184528,-118.573019,0, ,0.0,0.0,0.0,0.0,2,5000,0,0,0,0,0,0

STAR,ONDET4,30,6
IF,ONDET,54.574347,-118.296644, ,0.0,0.0,0,0,0,0,0,0,0,0
TF,VIKVI,54.891917,-118.534236,0, ,0.0,0.0,0.0,0.0,2,6000,0,0,0,0,0,0
TF,IKBIR,55.053011,-118.664703,0, ,0.0,0.0,0.0,0.0,2,5000,0,0,0,0,0,0

APPTR,I30,30,AMEMU
IF,AMEMU,55.020675,-118.608272, ,0.0,0.0,0,0,0,0,0,0,1,0
CF,IKBIR,55.053011,-118.664703,0,IQU,116.8,11.8,297.0,2.8,2,5000,0,0,0,0,0,0

APPTR,I30,30,YQU
IF,YQU,55.174208,-119.030206, ,0.0,0.0,0,0,0,0,0,0,0,0
TF,QU,55.137425,-118.812886,0, ,0.0,0.0,0.0,0.0,2,5000,0,0,0,0,0,0
PI,QU,55.137425,-118.812886,2,YQU,72.0,10.0,117,5.0,2,5000,0,0,0,0,0,0

FINAL,I30,30,I,3
IF,IKBIR,55.053011,-118.664703,IQU,116.8,11.8,2,5000,0,0,0,0,0,0
CF,QU,55.137425,-118.812886,0,IQU,117.1,4.6,297.0,7.2,1,3240,0,0,0,0,2,0
CF,RW30,55.173697,-118.875683,0,IQU,116.8,1.5,297.0,3.0,1,2248,0,0,0,0,3,0
CA,0,297.0,2,6000,0,0,0,0,0,0
DF,YQU,55.174208,-119.030206,1, ,0.0,0.0,1,6000,0,0,0,0,0,0
HM,YQU,55.174208,-119.030206,2, ,0.0,0.0,89.0,04.3,0,0,0,0,0,0,0,0,0

APPTR,N30,30,AMEMU
IF,AMEMU,55.020675,-118.608272, ,0.0,0.0,0,0,0,0,0,0,1,0
TF,IKBIR,55.053011,-118.664703,0, ,0.0,0.0,0.0,0.0,2,5000,0,0,0,0,0,0

APPTR,N30,30,YQU
IF,YQU,55.174208,-119.030206, ,0.0,0.0,0,0,0,0,0,0,0,0
TF,QU,55.137425,-118.812886,0, ,0.0,0.0,0.0,0.0,2,5000,0,0,0,0,0,0
PI,QU,55.137425,-118.812886,2,YQU,72.0,10.0,117,5.0,2,5000,0,0,0,0,0,0

FINAL,N30,30,N,3
IF,IKBIR,55.053011,-118.664703,QU,0.0,0.0,2,5000,0,0,0,0,0,0
CF,QU,55.137425,-118.812886,0,QU,0.0,0.0,297.0,7.2,2,3240,0,0,0,0,2,0
CF,RW30,55.173697,-118.875683,0,QU,0.0,0.0,297.0,3.0,1,2248,0,0,0,0,3,0
CA,0,297.0,2,6000,0,0,0,0,0,0
DF,YQU,55.174208,-119.030206,1, ,0.0,0.0,1,6000,0,0,0,0,0,0
HM,YQU,55.174208,-119.030206,2, ,0.0,0.0,89.0,04.3,0,0,0,0,0,0,0,0,0

APPTR,R07,07,ITMET
IF,ITMET,55.266744,-119.198694, ,0.0,0.0,0,0,0,1,210,0,1,0
TF,DUTLA,55.183569,-119.197650,0, ,0.0,0.0,0.0,0.0,2,4300,0,0,0,0,1,0

APPTR,R07,07,XOPUS
IF,XOPUS,55.100392,-119.196614, ,0.0,0.0,0,0,0,1,210,0,1,0
TF,DUTLA,55.183569,-119.197650,0, ,0.0,0.0,0.0,0.0,2,4300,0,0,0,0,1,0

FINAL,R07,07,R,4
IF,DUTLA,55.183569,-119.197650, ,0.0,0.0,2,4300,0,0,0,0,1,0
TF,EMIKI,55.184158,-119.023214,0, ,0.0,0.0,72.0,6.0,2,3600,0,0,0,0,2,0
TF,UKSIB,55.184317,-118.957667,0, ,0.0,0.0,72.0,2.3,2,2880,0,0,0,0,0,0
TF,RW07,55.184425,-118.899519,0, ,0.0,0.0,72.0,2.0,1,2245,0,0,0,0,3,1
TF,NUDEB,55.184242,-118.405267,0, ,0.0,0.0,0.0,0.0,1,6000,0,0,0,0,0,1
HM,NUDEB,55.184242,-118.405267,2, ,0.0,0.0,73.0,04.3,2,6000,0,0,0,0,0,0,0

APPTR,R12,12,ALUVU
IF,ALUVU,55.246664,-119.211292, ,0.0,0.0,0,0,0,1,210,0,1,0
TF,KIVUG,55.305867,-119.108950,0, ,0.0,0.0,0.0,0.0,2,3900,0,0,0,0,1,0

APPTR,R12,12,MURAV
IF,MURAV,55.376794,-118.985733, ,0.0,0.0,0,0,0,1,210,0,1,0
TF,KIVUG,55.305867,-119.108950,0, ,0.0,0.0,0.0,0.0,2,3900,0,0,0,0,1,0

FINAL,R12,12,R,3
IF,KIVUG,55.305867,-119.108950, ,0.0,0.0,2,3900,0,0,0,0,1,0
TF,BIVGA,55.235642,-118.984717,0, ,0.0,0.0,117.0,6.0,2,3500,0,0,0,0,2,0
TF,RW12,55.189339,-118.903169,0, ,0.0,0.0,117.0,4.0,1,2242,0,0,0,0,3,1
TF,NUDAP,54.977661,-118.533944,0, ,0.0,0.0,0.0,0.0,1,6000,0,0,0,0,0,1
HM,NUDAP,54.977661,-118.533944,2, ,0.0,0.0,117.0,04.3,0,0,0,0,0,0,0,0,0

APPTR,R25,25,DUPUX
IF,DUPUX,55.267706,-118.573378, ,0.0,0.0,0,0,0,0,0,0,1,0
TF,OTPOX,55.184528,-118.573019,0, ,0.0,0.0,0.0,0.0,2,4100,0,0,0,0,1,0

APPTR,R25,25,EBMIP
IF,EBMIP,55.115114,-118.526939, ,0.0,0.0,0,0,0,0,0,0,1,0
TF,OTPOX,55.184528,-118.573019,0, ,0.0,0.0,0.0,0.0,2,4100,0,0,0,0,1,0

FINAL,R25,25,R,4
IF,OTPOX,55.184528,-118.573019, ,0.0,0.0,2,4100,0,0,0,0,1,0
TF,BOTUN,55.184583,-118.747461,0, ,0.0,0.0,252.0,6.0,2,3600,0,0,0,0,2,0
TF,ANEVA,55.184533,-118.817522,0, ,0.0,0.0,252.0,2.4,2,2820,0,0,0,0,0,0
TF,RW25,55.184472,-118.869853,0, ,0.0,0.0,252.0,1.8,1,2242,0,0,0,0,3,1
TF,KAPIG,55.184375,-118.928000,0, ,0.0,0.0,0.0,0.0,0,0,0,0,0,0,0,0
TF,EPLOV,55.182611,-119.393158,0, ,0.0,0.0,0.0,0.0,1,6000,0,0,0,0,0,1
HM,EPLOV,55.182611,-119.393158,2, ,0.0,0.0,252.0,04.3,0,0,0,0,0,0,0,0,0

APPTR,R30,30,ETMER
IF,ETMER,55.111756,-118.562050, ,0.0,0.0,0,0,0,1,210,0,1,0
TF,IKBIR,55.053011,-118.664703,0, ,0.0,0.0,0.0,0.0,2,3600,0,0,0,0,1,0

APPTR,R30,30,MOBOB
IF,MOBOB,54.994178,-118.767053, ,0.0,0.0,0,0,0,1,210,0,1,0
TF,IKBIR,55.053011,-118.664703,0, ,0.0,0.0,0.0,0.0,2,3600,0,0,0,0,1,0

FINAL,R30,30,R,3
IF,IKBIR,55.053011,-118.664703, ,0.0,0.0,2,3600,0,0,0,0,1,0
TF,ROLPA,55.123561,-118.787806,0, ,0.0,0.0,297.0,6.0,2,3600,0,0,0,0,2,0
TF,RW30,55.173697,-118.875683,0, ,0.0,0.0,297.0,4.3,1,2240,0,0,0,0,3,1
TF,URLIG,55.384325,-119.248542,0, ,0.0,0.0,0.0,0.0,1,6000,0,0,0,0,0,1
HM,URLIG,55.384325,-119.248542,2, ,0.0,0.0,297.0,04.3,2,6000,0,0,0,0,0,0,0

APPTR,S07,07,YQU
PI,YQU,55.174208,-119.030206,2,YQU,200.0,10.0,245,5.0,2,5000,0,0,0,0,0,0
CF,YQU,55.174208,-119.030206,0,YQU,0.0,0.0,65.0,8.0,2,3690,0,0,0,0,0,0

FINAL,S07,07,D,2
IF,YQU,55.174208,-119.030206,YQU,0.0,0.0,2,3690,0,0,0,0,2,0
CF,RW07,55.184425,-118.899519,0,YQU,65.2,4.5,65.0,4.5,1,2244,0,0,0,0,3,0
CA,0,65.0,2,6000,0,0,0,0,0,0
DF,YQU,55.174208,-119.030206,1, ,0.0,0.0,1,6000,0,0,0,0,0,0
HM,YQU,55.174208,-119.030206,1, ,0.0,0.0,235.0,04.3,0,0,0,0,0,0,0,0,0

