SID,VALIN2,06,1
VA,0,62.0,2,1000,0,0,0,0,0,0
CF,YRC,48.536111,-71.158333,1,VBS,25.1,31.5,223.0,3.0,2,4000,0,0,0,0,0,0

SID,VALIN2,12,1
VA,0,122.0,2,950,0,0,0,0,0,0
VM,0,0,0,122.0,0,0,0,0,0,0,0,0

SID,VALIN2,18,1
VA,0,182.0,2,950,0,0,0,0,0,0
VM,0,0,0,182.0,0,0,0,0,0,0,0,0

SID,VALIN2,24,1
VA,0,242.0,2,950,0,0,0,0,0,0
VM,0,0,0,242.0,0,0,0,0,0,0,0,0

SID,VALIN2,30,1
VA,0,302.0,2,950,0,0,0,0,0,0
VM,0,0,0,302.0,0,0,0,0,0,0,0,0

SID,VALIN2,36,1
VA,0,2.0,2,950,0,0,0,0,0,0
VM,0,0,0,2.0,0,0,0,0,0,0,0,0

APPTR,R12,12,XESUT
IF,XESUT,48.502686,-71.456922, ,0.0,0.0,0,0,0,0,0,0,1,0
TF,RABAD,48.561383,-71.305261,0, ,0.0,0.0,0.0,0.0,2,2200,0,0,0,0,1,0

APPTR,R12,12,XIDAK
IF,XIDAK,48.662133,-71.393717, ,0.0,0.0,0,0,0,0,0,0,1,0
TF,RABAD,48.561383,-71.305261,0, ,0.0,0.0,0.0,0.0,2,2200,0,0,0,0,1,0

FINAL,R12,12,R,3
IF,RABAD,48.561383,-71.305261, ,0.0,0.0,2,2200,0,0,0,0,0,0
TF,ESRIX,48.540267,-71.183933,0, ,0.0,0.0,122.0,5.0,2,2170,0,0,0,0,2,0
TF,RW12,48.519022,-71.062706,0, ,0.0,0.0,122.0,5.0,1,582,0,0,0,0,3,1
TF,XEXIN,48.476153,-70.820558,0, ,0.0,0.0,0.0,0.0,1,4600,0,0,0,0,0,1
HM,XEXIN,48.476153,-70.820558,2, ,0.0,0.0,122.0,04.3,0,0,0,1,200,0,0,0,0

APPTR,R30,30,DUREG
IF,DUREG,48.556636,-70.788389, ,0.0,0.0,0,0,0,0,0,0,1,0
TF,TOXOP,48.476147,-70.820525,0, ,0.0,0.0,0.0,0.0,2,3000,0,0,0,0,1,0

APPTR,R30,30,UMELU
IF,UMELU,48.445833,-70.651264, ,0.0,0.0,0,0,0,0,0,0,1,0
TF,TOXOP,48.476147,-70.820525,0, ,0.0,0.0,0.0,0.0,2,3600,0,0,0,0,1,0

FINAL,R30,30,R,3
IF,TOXOP,48.476147,-70.820525, ,0.0,0.0,2,3000,0,0,0,0,0,0
TF,OTUPO,48.497647,-70.941547,0, ,0.0,0.0,302.0,5.0,2,2100,0,0,0,0,2,0
TF,RW30,48.514753,-71.038439,0, ,0.0,0.0,302.0,4.0,1,593,0,0,0,0,3,1
TF,PUSOG,48.557164,-71.280953,0, ,0.0,0.0,0.0,0.0,1,4600,0,0,0,0,0,1
HM,PUSOG,48.557164,-71.280953,2, ,0.0,0.0,302.0,04.3,0,0,0,0,0,0,0,0,0

