APPTR,R13,13,OMREM
IF,OMREM,52.544594,-115.190014, ,0.0,0.0,0,0,0,1,210,0,1,0
TF,NUDUD,52.590183,-115.075767,0, ,0.0,0.0,0.0,0.0,2,5500,0,1,180,0,1,0

APPTR,R13,13,UMIMA
IF,UMIMA,52.635664,-114.961286, ,0.0,0.0,0,0,0,1,210,0,1,0
TF,NUDUD,52.590183,-115.075767,0, ,0.0,0.0,0.0,0.0,2,5500,0,1,180,0,1,0

FINAL,R13,13,R,3
IF,NUDUD,52.590183,-115.075767, ,0.0,0.0,2,5500,0,1,180,0,0,0
TF,DUNIN,52.506569,-114.986217,0, ,0.0,0.0,132.0,6.0,2,4880,0,0,0,0,2,0
TF,RW13,52.436014,-114.910969,0, ,0.0,0.0,132.0,5.1,1,3276,0,0,0,0,3,1
TF,XOXOM,52.366233,-114.836839,0, ,0.0,0.0,0.0,0.0,1,5200,0,1,200,0,0,1
HM,XOXOM,52.366233,-114.836839,2, ,0.0,0.0,132.0,04.3,0,0,0,1,175,0,0,0,0

APPTR,R31,31,OLUNU
IF,OLUNU,52.224000,-114.848064, ,0.0,0.0,0,0,0,1,210,0,1,0
TF,ROPRI,52.269264,-114.734294,0, ,0.0,0.0,0.0,0.0,2,5500,0,1,180,0,1,0

APPTR,R31,31,UKIRA
IF,UKIRA,52.314419,-114.620292, ,0.0,0.0,0,0,0,1,210,0,1,0
TF,ROPRI,52.269264,-114.734294,0, ,0.0,0.0,0.0,0.0,2,5500,0,1,180,0,1,0

FINAL,R31,31,R,3
IF,ROPRI,52.269264,-114.734294, ,0.0,0.0,2,5500,0,1,180,0,0,0
TF,VIVOL,52.353072,-114.822889,0, ,0.0,0.0,312.0,6.0,2,4880,0,0,0,0,2,0
TF,RW31,52.423353,-114.897500,0, ,0.0,0.0,312.0,5.0,1,3284,0,0,0,0,3,1
TF,VEVGU,52.493094,-114.971822,0, ,0.0,0.0,0.0,0.0,1,5300,0,1,200,0,0,1
HM,VEVGU,52.493094,-114.971822,2, ,0.0,0.0,312.0,04.3,0,0,0,1,175,0,0,0,0

