APPTR,R09,09,KAXIB
IF,KAXIB,45.379947,-75.926683, ,0.0,0.0,0,0,0,0,0,0,1,0
TF,IKUTA,45.431950,-75.850933,0, ,0.0,0.0,0.0,0.0,2,2700,0,0,0,0,1,0

FINAL,R09,09,R,4
IF,IKUTA,45.431950,-75.850933, ,0.0,0.0,2,2700,0,0,0,0,0,0
TF,EBNAB,45.448997,-75.727839,0, ,0.0,0.0,92.0,5.3,2,1300,0,0,0,0,2,0
TF,OMROS,45.453500,-75.695317,0, ,0.0,0.0,92.0,1.4,2,1000,0,0,0,0,0,0
TF,RW09,45.459917,-75.648847,0, ,0.0,0.0,92.0,2.0,1,233,0,0,0,0,3,1
TF,ANAGA,45.479931,-75.503628,0, ,0.0,0.0,0.0,0.0,1,3000,0,0,0,0,0,1
HM,ANAGA,45.479931,-75.503628,1, ,0.0,0.0,92.0,04.3,0,0,0,1,175,0,0,0,0

APPTR,R27-A,27,KEKLA
IF,KEKLA,45.543258,-75.307978, ,0.0,0.0,0,0,0,0,0,0,1,0
TF,ITBOV,45.490206,-75.428519,0, ,0.0,0.0,0.0,0.0,2,3000,0,0,0,0,1,0

FINAL,R27-A,27,R,3
IF,ITBOV,45.490206,-75.428519, ,0.0,0.0,2,3000,0,0,0,0,0,0
TF,URLAB,45.474236,-75.544764,0, ,0.0,0.0,272.0,5.0,2,1500,0,0,0,0,2,0
TF,RW27,45.461447,-75.637742,0, ,0.0,0.0,272.0,4.0,1,223,0,0,0,0,3,1
TF,NUDOP,45.442167,-75.777125,0, ,0.0,0.0,0.0,0.0,1,3000,0,0,0,0,0,1
HM,NUDOP,45.442167,-75.777125,2, ,0.0,0.0,272.0,04.3,0,0,0,1,175,0,0,0,0

