APPTR,D31,31,YRT
PI,YRT,62.813969,-92.117339,1,YRT,18.7,10.0,334,5.0,2,1300,0,0,0,0,1,0

FINAL,D31,31,D,3
IF,JIMOL,62.698144,-91.857447,YRT,134.1,10.0,2,1300,0,0,0,0,0,0
CF,IRDIL,62.767725,-92.013183,0,YRT,134.1,4.0,32.2,6.0,2,1200,0,0,0,0,2,0
CF,RW31,62.805522,-92.100639,0,YRT,137.9,0.7,32.2,3.3,1,146,0,0,0,0,3,0
CF,YRT,62.813969,-92.117339,0,YRT,0.0,0.0,32.2,0.7,0,0,0,0,0,0,0,1
CA,0,32.2,2,2100,0,0,0,0,0,0
DF,YRT,62.813969,-92.117339,1, ,0.0,0.0,1,2100,0,0,0,0,0,0
HM,YRT,62.813969,-92.117339,1, ,0.0,0.0,32.2,04.3,0,0,0,0,0,0,0,0,0

APPTR,R13,13,PIGBU
IF,PIGBU,62.992808,-92.321692, ,0.0,0.0,0,0,0,0,0,0,1,0
TF,ONDOS,62.928092,-92.436128,0, ,0.0,0.0,0.0,0.0,2,1700,0,0,0,0,1,0

APPTR,R13,13,USBAB
IF,USBAB,62.863283,-92.550058, ,0.0,0.0,0,0,0,0,0,0,1,0
TF,ONDOS,62.928092,-92.436128,0, ,0.0,0.0,0.0,0.0,2,1700,0,0,0,0,1,0

FINAL,R13,13,R,3
IF,ONDOS,62.928092,-92.436128, ,0.0,0.0,2,1700,0,0,0,0,1,0
TF,URPOX,62.865914,-92.265314,0, ,0.0,0.0,13.7,6.0,2,1700,0,0,0,0,2,0
TF,RW13,62.815803,-92.128586,0, ,0.0,0.0,13.7,4.8,1,137,0,0,0,0,3,1
TF,EPVOR,62.794978,-92.072003,0, ,0.0,0.0,0.0,0.0,0,0,0,0,0,0,0,0
TF,NOXAX,62.763694,-91.987278,0, ,0.0,0.0,0.0,0.0,1,2100,0,0,0,0,0,1
HM,NOXAX,62.763694,-91.987278,2, ,0.0,0.0,13.7,04.3,0,0,0,0,0,0,0,0,0

APPTR,R31,31,OVESA
IF,OVESA,62.628011,-91.909528, ,0.0,0.0,0,0,0,0,0,0,1,0
TF,TIGEP,62.692800,-91.796439,0, ,0.0,0.0,0.0,0.0,2,1700,0,0,0,0,1,0

APPTR,R31,31,SEGIK
IF,SEGIK,62.757494,-91.682856, ,0.0,0.0,0,0,0,0,0,0,1,0
TF,TIGEP,62.692800,-91.796439,0, ,0.0,0.0,0.0,0.0,2,1700,0,0,0,0,1,0

FINAL,R31,31,R,3
IF,TIGEP,62.692800,-91.796439, ,0.0,0.0,2,1700,0,0,0,0,1,0
TF,UDPEP,62.755544,-91.965261,0, ,0.0,0.0,31.7,6.0,2,1700,0,0,0,0,2,0
TF,RW31,62.805522,-92.100639,0, ,0.0,0.0,31.7,4.8,1,146,0,0,0,0,3,1
TF,SERTU,62.826339,-92.157264,0, ,0.0,0.0,0.0,0.0,0,0,0,0,0,0,0,0
TF,VOGOM,62.857519,-92.242350,0, ,0.0,0.0,0.0,0.0,1,2100,0,0,0,0,0,1
HM,VOGOM,62.857519,-92.242350,2, ,0.0,0.0,31.7,04.3,0,0,0,0,0,0,0,0,0

APPTR,S13,13,YRT
PI,YRT,62.813969,-92.117339,2,YRT,26.4,10.0,071,5.0,2,1300,0,0,0,0,0,0
CF,FF13,62.848144,-92.242003,0,YRT,301.0,4.0,12.9,6.0,2,1300,0,0,0,0,0,0

FINAL,S13,13,D,2
IF,FF13,62.848144,-92.242003,YRT,301.0,4.0,2,1300,0,0,0,0,2,0
CF,RW13,62.815803,-92.128586,0,YRT,289.6,0.3,12.9,3.7,1,137,0,0,0,0,3,0
CF,YRT,62.813969,-92.117339,0,YRT,0.0,0.0,12.9,0.3,2,510,0,0,0,0,0,1
CA,0,12.9,2,2100,0,0,0,0,0,0
DF,YRT,62.813969,-92.117339,1, ,0.0,0.0,1,2100,0,0,0,0,0,0
HM,YRT,62.813969,-92.117339,2, ,0.0,0.0,12.9,04.3,0,0,0,0,0,0,0,0,0

