APPTR,D05,05,LEREX
PI,LEREX,43.331019,-80.984897,2,YXU,165.0,10.0,210,5.0,2,3000,0,0,0,0,1,0

APPTR,D05,05,YXU
IF,YXU,43.037911,-81.148931, ,0.0,0.0,0,0,0,0,0,0,0,0
TF,LIVMO,43.176786,-81.071436,0, ,0.0,0.0,0.0,0.0,2,3000,0,0,0,0,1,0

FINAL,D05,05,D,3
IF,LIVMO,43.176786,-81.071436,YXU,30.2,9.0,2,3000,0,0,0,0,0,0
CF,LEREX,43.331019,-80.984897,0,YXU,30.2,19.0,30.0,10.0,2,2910,0,0,0,0,2,0
CF,RW05,43.410817,-80.939925,0,YXU,30.2,24.2,30.0,5.2,1,1259,0,0,0,0,3,0
CA,0,30.0,2,3000,0,0,0,0,0,0
VI,2, ,0.0,256.0,0,0,0,0,0,0,0,0
CF,LEREX,43.331019,-80.984897,0,YXU,30.2,19.0,210.0,6.0,1,3000,0,0,0,0,0,0
HM,LEREX,43.331019,-80.984897,2, ,0.0,0.0,30.0,04.3,0,0,0,0,0,0,0,0,0

APPTR,R05,05,PELKO
IF,PELKO,43.212347,-81.018964, ,0.0,0.0,0,0,0,1,200,0,1,0
TF,KIVIS,43.274278,-81.111447,0, ,0.0,0.0,0.0,0.0,2,2900,0,1,180,0,1,0

APPTR,R05,05,UKNAX
IF,UKNAX,43.336131,-81.204117, ,0.0,0.0,0,0,0,1,200,0,1,0
TF,KIVIS,43.274278,-81.111447,0, ,0.0,0.0,0.0,0.0,2,2900,0,1,180,0,1,0

FINAL,R05,05,R,3
IF,KIVIS,43.274278,-81.111447, ,0.0,0.0,2,2900,0,1,180,0,1,0
TF,RUDBO,43.348031,-81.018933,0, ,0.0,0.0,52.0,6.0,2,2900,0,0,0,0,2,0
TF,RW05,43.410817,-80.939925,0, ,0.0,0.0,52.0,5.1,1,1249,0,0,0,0,3,1
TF,VOGIK,43.496692,-80.831486,0, ,0.0,0.0,0.0,0.0,1,3200,0,0,0,0,0,1
HM,VOGIK,43.496692,-80.831486,1, ,0.0,0.0,52.0,04.3,0,0,0,1,200,0,0,0,0

APPTR,R23,23,EBKUM
IF,EBKUM,43.617122,-80.849811, ,0.0,0.0,0,0,0,1,200,0,1,0
TF,OVIDU,43.554883,-80.757200,0, ,0.0,0.0,0.0,0.0,2,2900,0,1,180,0,1,0

APPTR,R23,23,XIBAD
IF,XIBAD,43.492572,-80.664783, ,0.0,0.0,0,0,0,1,200,0,1,0
TF,OVIDU,43.554883,-80.757200,0, ,0.0,0.0,0.0,0.0,2,2900,0,1,180,0,1,0

FINAL,R23,23,R,3
IF,OVIDU,43.554883,-80.757200, ,0.0,0.0,2,2900,0,1,180,0,1,0
TF,UBDIK,43.481447,-80.850500,0, ,0.0,0.0,232.0,6.0,2,2900,0,0,0,0,2,0
TF,RW23,43.418831,-80.929794,0, ,0.0,0.0,232.0,5.1,1,1249,0,0,0,0,3,1
TF,IRKEP,43.332978,-81.038136,0, ,0.0,0.0,0.0,0.0,1,3200,0,0,0,0,0,1
HM,IRKEP,43.332978,-81.038136,2, ,0.0,0.0,232.0,04.3,0,0,0,1,200,0,0,0,0

