APPTR,R09,09,NOROG
IF,NOROG,56.397242,-79.503286, ,0.0,0.0,0,0,0,0,0,0,1,0
TF,IGVIM,56.475425,-79.554450,0, ,0.0,0.0,0.0,0.0,2,1600,0,0,0,0,1,0

APPTR,R09,09,PIBLU
IF,PIBLU,56.553583,-79.605822, ,0.0,0.0,0,0,0,0,0,0,1,0
TF,IGVIM,56.475425,-79.554450,0, ,0.0,0.0,0.0,0.0,2,1600,0,0,0,0,1,0

FINAL,R09,09,R,3
IF,IGVIM,56.475425,-79.554450, ,0.0,0.0,2,1600,0,0,0,0,1,0
TF,DUTEM,56.509758,-79.385064,0, ,0.0,0.0,86.0,6.0,2,1600,0,0,0,0,2,0
TF,RW09,56.535125,-79.258992,0, ,0.0,0.0,86.0,4.5,1,156,0,0,0,0,3,1
TF,OMLUT,56.546461,-79.202386,0, ,0.0,0.0,0.0,0.0,0,0,0,0,0,0,0,0
TF,VISOD,56.563417,-79.117417,0, ,0.0,0.0,0.0,0.0,1,1600,0,0,0,0,0,1
HM,VISOD,56.563417,-79.117417,2, ,0.0,0.0,86.0,04.3,0,0,0,0,0,0,0,0,0

APPTR,R27,27,NAGED
IF,NAGED,56.675728,-78.996681, ,0.0,0.0,0,0,0,0,0,0,1,0
TF,UMAVI,56.597564,-78.945178,0, ,0.0,0.0,0.0,0.0,2,1600,0,0,0,0,1,0

APPTR,R27,27,ROMRI
IF,ROMRI,56.519375,-78.893889, ,0.0,0.0,0,0,0,0,0,0,1,0
TF,UMAVI,56.597564,-78.945178,0, ,0.0,0.0,0.0,0.0,2,1600,0,0,0,0,1,0

FINAL,R27,27,R,3
IF,UMAVI,56.597564,-78.945178, ,0.0,0.0,2,1600,0,0,0,0,1,0
TF,VIVAP,56.563828,-79.115350,0, ,0.0,0.0,266.0,6.0,2,1600,0,0,0,0,2,0
TF,RW27,56.538681,-79.241261,0, ,0.0,0.0,266.0,4.4,1,160,0,0,0,0,3,1
TF,OTVUL,56.527325,-79.297842,0, ,0.0,0.0,0.0,0.0,0,0,0,0,0,0,0,0
TF,PITOT,56.510247,-79.382653,0, ,0.0,0.0,0.0,0.0,1,1600,0,0,0,0,0,1
HM,PITOT,56.510247,-79.382653,2, ,0.0,0.0,266.0,04.3,0,0,0,0,0,0,0,0,0

