APPTR,R18-Y,18,HASAM
IF,HASAM,47.296089,-68.073511, ,0.0,0.0,0,0,0,1,210,0,1,0
TF,UBVED,47.333214,-67.950344,0, ,0.0,0.0,0.0,0.0,2,2500,0,1,180,0,1,0

APPTR,R18-Y,18,ILORU
IF,ILORU,47.370208,-67.827008, ,0.0,0.0,0,0,0,1,210,0,1,0
TF,UBVED,47.333214,-67.950344,0, ,0.0,0.0,0.0,0.0,2,2500,0,1,180,0,1,0

FINAL,R18-Y,18,R,3
IF,UBVED,47.333214,-67.950344, ,0.0,0.0,2,2500,0,1,180,0,1,0
TF,PUPUM,47.241792,-67.890981,0, ,0.0,0.0,174.0,6.0,2,2500,0,0,0,0,2,0
TF,RW18,47.162344,-67.839572,0, ,0.0,0.0,174.0,5.2,1,816,0,0,0,0,3,1
TF,VIKPO,47.055611,-67.770778,0, ,0.0,0.0,0.0,0.0,1,3100,0,0,0,0,0,1
HM,VIKPO,47.055611,-67.770778,2, ,0.0,0.0,174.0,04.3,0,0,0,1,200,0,0,0,0

APPTR,R18-Z,18,HASAM
IF,HASAM,47.296089,-68.073511, ,0.0,0.0,0,0,0,1,210,0,1,0
TF,UBVED,47.333214,-67.950344,0, ,0.0,0.0,0.0,0.0,2,2600,0,1,180,0,1,0

APPTR,R18-Z,18,ILORU
IF,ILORU,47.370208,-67.827008, ,0.0,0.0,0,0,0,1,210,0,1,0
TF,UBVED,47.333214,-67.950344,0, ,0.0,0.0,0.0,0.0,2,2600,0,1,180,0,1,0

FINAL,R18-Z,18,R,4
IF,UBVED,47.333214,-67.950344, ,0.0,0.0,2,2600,0,1,180,0,1,0
TF,PUPUM,47.241792,-67.890981,0, ,0.0,0.0,174.0,6.0,2,2500,0,0,0,0,2,0
TF,XOVBI,47.195881,-67.861253,0, ,0.0,0.0,174.0,3.0,2,1540,0,0,0,0,0,0
TF,RW18,47.162344,-67.839572,0, ,0.0,0.0,174.0,2.2,1,816,0,0,0,0,3,1
TF,VIKPO,47.055611,-67.770778,0, ,0.0,0.0,0.0,0.0,1,3100,0,0,0,0,0,1
HM,VIKPO,47.055611,-67.770778,2, ,0.0,0.0,174.0,04.3,0,0,0,1,200,0,0,0,0

APPTR,R36,36,MUTEK
IF,MUTEK,47.018622,-67.600742, ,0.0,0.0,0,0,0,1,210,0,1,0
TF,OMLOX,46.981869,-67.723425,0, ,0.0,0.0,0.0,0.0,2,2500,0,1,180,0,1,0

APPTR,R36,36,SEVGI
IF,SEVGI,46.944986,-67.845939, ,0.0,0.0,0,0,0,1,210,0,1,0
TF,OMLOX,46.981869,-67.723425,0, ,0.0,0.0,0.0,0.0,2,2500,0,1,180,0,1,0

FINAL,R36,36,R,3
IF,OMLOX,46.981869,-67.723425, ,0.0,0.0,2,2500,0,1,180,0,1,0
TF,DUXAN,47.073383,-67.782214,0, ,0.0,0.0,354.0,6.0,2,2500,0,0,0,0,2,0
TF,RW36,47.152256,-67.833058,0, ,0.0,0.0,354.0,5.2,1,829,0,0,0,0,3,1
TF,ETBUP,47.258950,-67.902103,0, ,0.0,0.0,0.0,0.0,1,3100,0,0,0,0,0,1
HM,ETBUP,47.258950,-67.902103,2, ,0.0,0.0,354.0,04.3,0,0,0,1,200,0,0,0,0

