APPTR,R12,12,NOPUR
IF,NOPUR,60.205931,-112.117131, ,0.0,0.0,0,0,0,0,0,0,1,0
TF,ESRIB,60.145181,-112.230983,0, ,0.0,0.0,0.0,0.0,2,2200,0,0,0,0,1,0

APPTR,R12,12,OMVAD
IF,OMVAD,60.084331,-112.344417, ,0.0,0.0,0,0,0,0,0,0,1,0
TF,ESRIB,60.145181,-112.230983,0, ,0.0,0.0,0.0,0.0,2,2200,0,0,0,0,1,0

FINAL,R12,12,R,3
IF,ESRIB,60.145181,-112.230983, ,0.0,0.0,2,2200,0,0,0,0,1,0
TF,SAXEG,60.077383,-112.084433,0, ,0.0,0.0,117.0,6.0,2,2200,0,0,0,0,2,0
TF,RW12,60.025914,-111.973817,0, ,0.0,0.0,117.0,4.5,1,718,0,0,0,0,3,1
TF,ULOSU,60.003239,-111.925253,0, ,0.0,0.0,0.0,0.0,0,0,0,0,0,0,0,0
TF,XUDIT,59.969192,-111.852531,0, ,0.0,0.0,0.0,0.0,1,2200,0,0,0,0,0,1
HM,XUDIT,59.969192,-111.852531,2, ,0.0,0.0,117.0,04.3,0,0,0,0,0,0,0,0,0

APPTR,R30,30,IMESU
IF,IMESU,59.834258,-111.807694, ,0.0,0.0,0,0,0,0,0,0,1,0
TF,OVOTA,59.895089,-111.695067,0, ,0.0,0.0,0.0,0.0,2,2200,0,0,0,0,1,0

APPTR,R30,30,UDGOG
IF,UDGOG,59.955822,-111.582028, ,0.0,0.0,0,0,0,0,0,0,1,0
TF,OVOTA,59.895089,-111.695067,0, ,0.0,0.0,0.0,0.0,2,2200,0,0,0,0,1,0

FINAL,R30,30,R,3
IF,OVOTA,59.895089,-111.695067, ,0.0,0.0,2,2200,0,0,0,0,1,0
TF,DUVIV,59.963319,-111.840011,0, ,0.0,0.0,298.0,6.0,2,2200,0,0,0,0,2,0
TF,RW30,60.014719,-111.949828,0, ,0.0,0.0,297.0,4.5,1,723,0,0,0,0,3,1
TF,OMPOT,60.037386,-111.998425,0, ,0.0,0.0,0.0,0.0,0,0,0,0,0,0,0,0
TF,AVEMI,60.071353,-112.071447,0, ,0.0,0.0,0.0,0.0,1,2200,0,0,0,0,0,1
HM,AVEMI,60.071353,-112.071447,2, ,0.0,0.0,297.0,04.3,0,0,0,0,0,0,0,0,0

APPTR,S12,12,YSM
PI,YSM,60.020089,-111.969347,2,YSM,265.0,10.0,310,5.0,2,1900,0,0,0,0,1,0
CF,FF12,60.075892,-112.047578,0,YSM,310.0,4.4,130.0,5.6,2,1900,0,0,0,0,0,0

FINAL,S12,12,D,2
IF,FF12,60.075892,-112.047578,YSM,310.0,4.1,2,1900,0,0,0,0,2,0
CF,RW12,60.025914,-111.973817,0,YSM,324.0,0.4,130.0,3.7,1,718,0,0,0,0,3,0
CF,YSM,60.020089,-111.969347,0,YSM,0.0,0.0,130.0,0.4,0,0,0,0,0,0,0,1
CA,0,130.0,2,2000,0,0,0,0,0,0
DF,YSM,60.020089,-111.969347,2, ,0.0,0.0,1,2000,0,0,0,0,0,0
HM,YSM,60.020089,-111.969347,2, ,0.0,0.0,130.0,04.3,0,0,0,0,0,0,0,0,0

