APPTR,N31,31,YTE
PI,YTE,64.228611,-76.528056,2,YTE,9.9,10.0,055,5.0,2,2000,0,0,0,0,0,0
CF,FF31,64.179339,-76.324819,0,YTE,119.0,6.1,32.4,3.9,2,2000,0,0,0,0,0,0

FINAL,N31,31,N,2
IF,FF31,64.179339,-76.324819,YTE,0.0,0.0,2,2000,0,0,0,0,2,0
CF,RW31,64.226914,-76.514919,0,YTE,0.0,0.0,32.4,5.8,1,182,0,0,0,0,3,0
CF,YTE,64.228611,-76.528056,0,YTE,0.0,0.0,32.4,0.4,0,0,0,0,0,0,0,1
CA,0,32.4,2,2400,0,0,0,0,0,0
DF,YTE,64.228611,-76.528056,2, ,0.0,0.0,1,2400,0,0,0,0,0,0
HM,YTE,64.228611,-76.528056,2, ,0.0,0.0,32.4,04.3,0,0,0,0,0,0,0,0,0

APPTR,R13,13,SEDIN
IF,SEDIN,64.271919,-76.966492, ,0.0,0.0,0,0,0,1,210,0,1,0
TF,KEBDA,64.338175,-76.851094,0, ,0.0,0.0,0.0,0.0,2,2200,0,0,0,0,1,0

APPTR,R13,13,USBIT
IF,USBIT,64.404336,-76.735142, ,0.0,0.0,0,0,0,1,210,0,1,0
TF,KEBDA,64.338175,-76.851094,0, ,0.0,0.0,0.0,0.0,2,2200,0,0,0,0,1,0

FINAL,R13,13,R,3
IF,KEBDA,64.338175,-76.851094, ,0.0,0.0,2,2200,0,0,0,0,1,0
TF,APDAT,64.277869,-76.668264,0, ,0.0,0.0,15.2,6.0,2,1600,0,0,0,0,2,0
TF,RW13,64.233542,-76.534806,0, ,0.0,0.0,15.2,4.4,1,200,0,0,0,0,3,1
TF,TABAD,64.182975,-76.383539,0, ,0.0,0.0,0.0,0.0,1,2400,0,0,0,0,0,1
HM,TABAD,64.182975,-76.383539,2, ,0.0,0.0,15.3,04.3,0,0,0,0,0,0,0,0,0

APPTR,R31,31,IKMOM
IF,IKMOM,64.189925,-76.092611, ,0.0,0.0,0,0,0,1,210,0,1,0
TF,PIKNO,64.124269,-76.209194,0, ,0.0,0.0,0.0,0.0,2,1500,0,0,0,0,1,0

APPTR,R31,31,LENET
IF,LENET,64.058522,-76.325228, ,0.0,0.0,0,0,0,1,210,0,1,0
TF,PIKNO,64.124269,-76.209194,0, ,0.0,0.0,0.0,0.0,2,1500,0,0,0,0,1,0

FINAL,R31,31,R,3
IF,PIKNO,64.124269,-76.209194, ,0.0,0.0,2,1500,0,0,0,0,1,0
TF,MURKO,64.185147,-76.390014,0, ,0.0,0.0,33.3,6.0,2,1500,0,0,0,0,2,0
TF,RW31,64.226914,-76.514919,0, ,0.0,0.0,33.2,4.1,1,185,0,0,0,0,3,1
TF,DERGI,64.277342,-76.666664,0, ,0.0,0.0,0.0,0.0,1,2400,0,0,0,0,0,1
HM,DERGI,64.277342,-76.666664,2, ,0.0,0.0,33.2,04.3,0,0,0,0,0,0,0,0,0

