APPTR,N34,34,YUT
PI,YUT,66.528319,-86.242181,2,YUT,12.7,10.0,058,5.0,2,1600,0,0,0,0,0,0
CF,FF34,66.445414,-86.136636,0,YUT,153.0,5.6,35.2,4.4,2,1600,0,0,0,0,0,0

FINAL,N34,34,N,2
IF,FF34,66.445414,-86.136636,YUT,0.0,0.0,2,1600,0,0,0,0,2,0
CF,RW34,66.516275,-86.220953,0,YUT,0.0,0.0,35.2,4.7,1,88,0,0,0,0,3,0
CF,YUT,66.528319,-86.242181,0,YUT,0.0,0.0,35.2,0.9,0,0,0,0,0,0,0,1
CA,0,35.2,2,2400,0,0,0,0,0,0
DF,YUT,66.528319,-86.242181,1, ,0.0,0.0,1,2400,0,0,0,0,0,0
HM,YUT,66.528319,-86.242181,2, ,0.0,0.0,35.2,04.3,0,0,0,0,0,0,0,0,0

APPTR,R16,16,ANVIK
IF,ANVIK,66.711892,-86.168736, ,0.0,0.0,0,0,0,1,210,0,1,0
TF,IGVUM,66.684883,-86.367028,0, ,0.0,0.0,0.0,0.0,2,1700,0,0,0,0,1,0

APPTR,R16,16,BEXUG
IF,BEXUG,66.657628,-86.564883, ,0.0,0.0,0,0,0,1,210,0,1,0
TF,IGVUM,66.684883,-86.367028,0, ,0.0,0.0,0.0,0.0,2,1700,0,0,0,0,1,0

FINAL,R16,16,R,3
IF,IGVUM,66.684883,-86.367028, ,0.0,0.0,2,1700,0,0,0,0,1,0
TF,ELAVY,66.590689,-86.285161,0, ,0.0,0.0,18.0,6.0,2,1500,0,0,0,0,2,0
TF,RW16,66.525067,-86.228517,0, ,0.0,0.0,18.0,4.2,1,125,0,0,0,0,3,1
TF,BOPAD,66.446511,-86.161125,0, ,0.0,0.0,0.0,0.0,1,2400,0,0,0,0,0,1
HM,BOPAD,66.446511,-86.161125,2, ,0.0,0.0,18.0,04.3,0,0,0,0,0,0,0,0,0

APPTR,R34,34,DUPEK
IF,DUPEK,66.327661,-86.278369, ,0.0,0.0,0,0,0,1,210,0,1,0
TF,EMGOT,66.354561,-86.082808,0, ,0.0,0.0,0.0,0.0,2,1500,0,0,0,0,1,0

APPTR,R34,34,IGSID
IF,IGSID,66.381214,-85.886828, ,0.0,0.0,0,0,0,1,210,0,1,0
TF,EMGOT,66.354561,-86.082808,0, ,0.0,0.0,0.0,0.0,2,1500,0,0,0,0,1,0

FINAL,R34,34,R,3
IF,EMGOT,66.354561,-86.082808, ,0.0,0.0,2,1500,0,0,0,0,1,0
TF,MEVGO,66.448864,-86.163136,0, ,0.0,0.0,36.0,6.0,2,1500,0,0,0,0,2,0
TF,RW34,66.516275,-86.220953,0, ,0.0,0.0,36.0,4.3,1,88,0,0,0,0,3,1
TF,EBMOM,66.594806,-86.288725,0, ,0.0,0.0,0.0,0.0,1,2400,0,0,0,0,0,1
HM,EBMOM,66.594806,-86.288725,2, ,0.0,0.0,36.0,04.3,0,0,0,0,0,0,0,0,0

