APPTR,R12,12,DEBEX
IF,DEBEX,68.808417,-81.784661, ,0.0,0.0,0,0,0,0,0,0,1,0
TF,AGPEM,68.877019,-81.655261,0, ,0.0,0.0,0.0,0.0,2,1500,0,0,0,0,1,0

APPTR,R12,12,IPVUR
IF,IPVUR,68.945522,-81.525058, ,0.0,0.0,0,0,0,0,0,0,1,0
TF,AGPEM,68.877019,-81.655261,0, ,0.0,0.0,0.0,0.0,2,1500,0,0,0,0,1,0

FINAL,R12,12,R,3
IF,AGPEM,68.877019,-81.655261, ,0.0,0.0,2,1500,0,0,0,0,1,0
TF,IMODO,68.821217,-81.426764,0, ,0.0,0.0,15.2,6.0,2,1500,0,0,0,0,2,0
TF,RW12,68.779942,-81.259286,0, ,0.0,0.0,15.2,4.4,1,80,0,0,0,0,3,1
TF,APLID,68.761197,-81.183658,0, ,0.0,0.0,0.0,0.0,0,0,0,0,0,0,0,0
TF,PENKA,68.733017,-81.070453,0, ,0.0,0.0,0.0,0.0,1,1500,0,0,0,0,0,1
HM,PENKA,68.733017,-81.070453,2, ,0.0,0.0,15.2,04.3,0,0,0,0,0,0,0,0,0

APPTR,R30,30,TIGUN
IF,TIGUN,68.604992,-80.961836, ,0.0,0.0,0,0,0,0,0,0,1,0
TF,IRLAT,68.673572,-80.833517,0, ,0.0,0.0,0.0,0.0,2,1500,0,0,0,0,1,0

APPTR,R30,30,VESGI
IF,VESGI,68.742053,-80.704408, ,0.0,0.0,0,0,0,0,0,0,1,0
TF,IRLAT,68.673572,-80.833517,0, ,0.0,0.0,0.0,0.0,2,1500,0,0,0,0,1,0

FINAL,R30,30,R,3
IF,IRLAT,68.673572,-80.833517, ,0.0,0.0,2,1500,0,0,0,0,1,0
TF,MURAX,68.730167,-81.059019,0, ,0.0,0.0,33.3,6.0,2,1500,0,0,0,0,2,0
TF,RW30,68.771897,-81.226797,0, ,0.0,0.0,33.3,4.4,1,71,0,0,0,0,3,1
TF,NOTOK,68.790622,-81.302503,0, ,0.0,0.0,0.0,0.0,0,0,0,0,0,0,0,0
TF,VODET,68.818642,-81.416297,0, ,0.0,0.0,0.0,0.0,1,1500,0,0,0,0,0,1
HM,VODET,68.818642,-81.416297,2, ,0.0,0.0,33.2,04.3,0,0,0,0,0,0,0,0,0

APPTR,S12,12,YUX
PI,YUX,68.778325,-81.239400,1,YUX,36.7,10.0,352,5.0,2,1300,0,0,0,0,1,0
CF,FS12,68.807267,-81.419656,0,YUX,294.0,4.3,14.2,5.7,2,1300,0,0,0,0,0,0

FINAL,S12,12,D,2
IF,FS12,68.807267,-81.419656,YUX,294.0,4.3,2,1300,0,0,0,0,2,0
CF,RW12,68.779942,-81.259286,0,YUX,282.7,0.4,14.2,3.9,1,80,0,0,0,0,3,0
CF,YUX,68.778325,-81.239400,0,YUX,0.0,0.0,14.2,0.4,0,0,0,0,0,0,0,0
FA,YUX,68.778325,-81.239400,0,YUX,0.0,0.0,14.2,2,1500,0,0,0,0,0,0
DF,YUX,68.778325,-81.239400,1, ,0.0,0.0,1,1500,0,0,0,0,0,0
HM,YUX,68.778325,-81.239400,1, ,0.0,0.0,14.2,04.3,0,0,0,0,0,0,0,0,0

APPTR,S30,30,YUX
PI,YUX,68.778325,-81.239400,2,YUX,11.7,10.0,057,5.0,2,1200,0,0,0,0,1,0
CF,FS30,68.732139,-81.107811,0,YUX,134.0,4.0,34.2,6.0,2,1200,0,0,0,0,0,0

FINAL,S30,30,D,2
IF,FS30,68.732139,-81.107811,YUX,134.0,4.0,2,1200,0,0,0,0,2,0
CF,RW30,68.771897,-81.226797,0,YUX,144.6,0.5,34.2,3.5,1,71,0,0,0,0,3,0
CF,YUX,68.778325,-81.239400,0,YUX,0.0,0.0,34.2,0.5,0,0,0,0,0,0,0,1
FA,YUX,68.778325,-81.239400,0,YUX,0.0,0.0,34.2,2,1500,0,0,0,0,0,0
DF,YUX,68.778325,-81.239400,2, ,0.0,0.0,1,1500,0,0,0,0,0,0
HM,YUX,68.778325,-81.239400,2, ,0.0,0.0,34.2,04.3,0,0,0,0,0,0,0,0,0

