APPTR,N05-A,05,6K
PI,6K,50.350000,-119.260000,2,YNY,306.0,14.0,351,5.0,2,6800,0,0,0,0,0,0
CF,6K,50.350000,-119.260000,0,YNY,196.1,23.2,171.0,12.0,2,4900,0,0,0,0,0,0

APPTR,N05-A,05,YNY
IF,YNY,50.677828,-118.938789, ,0.0,0.0,0,0,0,0,0,0,0,0
TF,SUVAK,50.581000,-119.215500,0, ,0.0,0.0,0.0,0.0,2,9200,0,0,0,0,1,0
TF,6K,50.350000,-119.260000,0, ,0.0,0.0,0.0,0.0,2,4900,0,0,0,0,0,0

FINAL,N05-A,05,N,2
IF,6K,50.350000,-119.260000,6K,0.0,0.0,2,4900,0,0,0,0,2,0
CF,MA186,50.248094,-119.324194,0,6K,0.0,0.0,186.0,6.6,1,3300,0,0,0,0,3,0
CA,0,186.0,2,3900,0,0,0,0,0,0
CF,6K,50.350000,-119.260000,2,YNY,196.1,23.2,23.0,13.0,0,0,0,0,0,0,0,0
FA,6K,50.350000,-119.260000,0,YNY,0.0,0.0,351.0,2,8000,0,0,0,0,0,0
DF,6K,50.350000,-119.260000,1, ,0.0,0.0,1,8000,0,0,0,0,0,0
HM,6K,50.350000,-119.260000,2, ,0.0,0.0,171.0,04.3,0,0,0,1,210,0,0,0,0

APPTR,N23-A,23,6K
PI,6K,50.350000,-119.260000,2,YNY,306.0,14.0,351,5.0,2,6800,0,0,0,0,0,0
CF,6K,50.350000,-119.260000,0,YNY,196.1,23.2,171.0,12.0,2,4900,0,0,0,0,0,0

APPTR,N23-A,23,YNY
IF,YNY,50.677828,-118.938789, ,0.0,0.0,0,0,0,0,0,0,0,0
TF,SUVAK,50.581000,-119.215500,0, ,0.0,0.0,0.0,0.0,2,9200,0,0,0,0,1,0
TF,6K,50.350000,-119.260000,0, ,0.0,0.0,0.0,0.0,2,4900,0,0,0,0,0,0

FINAL,N23-A,23,N,2
IF,6K,50.350000,-119.260000,6K,0.0,0.0,2,4900,0,0,0,0,2,0
CF,MA186,50.248094,-119.324194,0,6K,0.0,0.0,186.0,6.6,1,3300,0,0,0,0,3,0
CA,0,186.0,2,3900,0,0,0,0,0,0
CF,6K,50.350000,-119.260000,2,YNY,196.1,23.2,23.0,13.0,0,0,0,0,0,0,0,0
FA,6K,50.350000,-119.260000,0,YNY,0.0,0.0,351.0,2,8000,0,0,0,0,0,0
DF,6K,50.350000,-119.260000,1, ,0.0,0.0,1,8000,0,0,0,0,0,0
HM,6K,50.350000,-119.260000,2, ,0.0,0.0,171.0,04.3,0,0,0,1,210,0,0,0,0

APPTR,R05,05,YDC
IF,YDC,49.381542,-120.373772, ,0.0,0.0,0,0,0,0,0,0,0,0
TF,MUPNU,49.929825,-119.569033,0, ,0.0,0.0,0.0,0.0,2,8900,0,0,0,0,1,0
TF,AVSON,50.028003,-119.540372,0, ,0.0,0.0,0.0,0.0,2,5900,0,0,0,0,1,0

FINAL,R05,05,R,6
IF,AVSON,50.028003,-119.540372, ,0.0,0.0,2,5900,0,0,0,0,0,0
TF,XEXON,50.077086,-119.525997,0, ,0.0,0.0,354.0,3.0,2,5900,0,0,0,0,0,0
TF,XIBUN,50.109808,-119.516397,0, ,0.0,0.0,354.0,2.0,2,5300,0,0,0,0,0,0
TF,RIBIV,50.126169,-119.511592,0, ,0.0,0.0,354.0,1.0,2,5000,0,0,0,0,2,0
TF,UBTUL,50.161194,-119.464753,0, ,0.0,0.0,24.0,2.8,2,3900,0,0,0,0,0,0
TF,PEVKU,50.234314,-119.366481,0, ,0.0,0.0,24.0,5.8,1,1651,0,0,0,0,3,1
DF,VIGPI,50.539181,-119.184456,0, ,0.0,0.0,1,8000,0,0,0,0,0,1
HM,VIGPI,50.539181,-119.184456,1, ,0.0,0.0,4.0,04.3,0,0,0,1,175,0,0,0,0

APPTR,R05-B,05,BINVO
IF,BINVO,50.758889,-116.467500, ,0.0,0.0,0,0,0,0,0,0,0,0
TF,SEGIG,50.506250,-118.961858,0, ,0.0,0.0,0.0,0.0,2,13200,0,1,200,0,1,0
TF,EBMUL,50.549261,-119.106186,0, ,0.0,0.0,0.0,0.0,2,6400,0,1,180,0,1,0
TF,ALVED,50.461744,-119.170175,0, ,0.0,0.0,0.0,0.0,2,5500,0,0,0,0,0,0

APPTR,R05-B,05,VIDRI
IF,VIDRI,50.225958,-121.499267, ,0.0,0.0,0,0,0,0,0,0,0,0
TF,KEDOD,50.592094,-119.250775,0, ,0.0,0.0,0.0,0.0,2,8900,0,1,200,0,1,0
TF,EBMUL,50.549261,-119.106186,0, ,0.0,0.0,0.0,0.0,2,6400,0,1,180,0,1,0
TF,ALVED,50.461744,-119.170175,0, ,0.0,0.0,0.0,0.0,2,5500,0,0,0,0,0,0

FINAL,R05-B,05,R,4
IF,ALVED,50.461744,-119.170175, ,0.0,0.0,2,5500,0,0,0,0,0,0
TF,OMEMA,50.398319,-119.216272,0, ,0.0,0.0,189.0,4.2,2,5100,0,0,0,0,2,0
TF,ILUDO,50.344039,-119.255700,0, ,0.0,0.0,189.0,3.6,2,3680,0,0,0,0,0,1
TF,MISAG,50.265481,-119.312517,0, ,0.0,0.0,189.0,5.2,1,3180,0,0,0,0,3,1
CA,0,189.0,2,3900,0,0,0,0,0,0
DF,VIGBI,50.456592,-119.222456,2, ,0.0,0.0,1,8000,0,1,165,0,0,1
HM,VIGBI,50.456592,-119.222456,2, ,0.0,0.0,170.0,04.3,0,0,0,1,175,0,0,0,0

APPTR,R23-B,23,BINVO
IF,BINVO,50.758889,-116.467500, ,0.0,0.0,0,0,0,0,0,0,0,0
TF,SEGIG,50.506250,-118.961858,0, ,0.0,0.0,0.0,0.0,2,13200,0,1,200,0,1,0
TF,EBMUL,50.549261,-119.106186,0, ,0.0,0.0,0.0,0.0,2,6400,0,1,180,0,1,0
TF,ALVED,50.461744,-119.170175,0, ,0.0,0.0,0.0,0.0,2,5500,0,0,0,0,0,0

APPTR,R23-B,23,VIDRI
IF,VIDRI,50.225958,-121.499267, ,0.0,0.0,0,0,0,0,0,0,0,0
TF,KEDOD,50.592094,-119.250775,0, ,0.0,0.0,0.0,0.0,2,8900,0,1,200,0,1,0
TF,EBMUL,50.549261,-119.106186,0, ,0.0,0.0,0.0,0.0,2,6400,0,1,180,0,1,0
TF,ALVED,50.461744,-119.170175,0, ,0.0,0.0,0.0,0.0,2,5500,0,0,0,0,0,0

FINAL,R23-B,23,R,4
IF,ALVED,50.461744,-119.170175, ,0.0,0.0,2,5500,0,0,0,0,0,0
TF,OMEMA,50.398319,-119.216272,0, ,0.0,0.0,189.0,4.2,2,5100,0,0,0,0,2,0
TF,ILUDO,50.344039,-119.255700,0, ,0.0,0.0,189.0,3.6,2,3680,0,0,0,0,0,1
TF,MISAG,50.265481,-119.312517,0, ,0.0,0.0,189.0,5.2,1,3180,0,0,0,0,3,1
CA,0,189.0,2,3900,0,0,0,0,0,0
DF,VIGBI,50.456592,-119.222456,2, ,0.0,0.0,1,8000,0,1,165,0,0,1
HM,VIGBI,50.456592,-119.222456,2, ,0.0,0.0,170.0,04.3,0,0,0,1,175,0,0,0,0

