APPTR,R08,08,DUKLI
IF,DUKLI,65.331033,-123.887436, ,0.0,0.0,0,0,0,0,0,0,1,0
TF,UKPEL,65.241164,-123.848203,0, ,0.0,0.0,0.0,0.0,2,2100,0,0,0,0,1,0

APPTR,R08,08,EPLEK
IF,EPLEK,65.161739,-123.955708, ,0.0,0.0,0,0,0,0,0,0,1,0
TF,UKPEL,65.241164,-123.848203,0, ,0.0,0.0,0.0,0.0,2,2100,0,0,0,0,1,0

FINAL,R08,08,R,3
IF,UKPEL,65.241164,-123.848203, ,0.0,0.0,2,2100,0,0,0,0,1,0
TF,BESIK,65.224256,-123.614033,0, ,0.0,0.0,79.0,6.0,2,2100,0,0,0,0,2,0
TF,RW08,65.212114,-123.449133,0, ,0.0,0.0,79.0,4.2,1,753,0,0,0,0,3,1
TF,ALOMO,65.197531,-123.254403,0, ,0.0,0.0,0.0,0.0,1,2700,0,0,0,0,0,1
HM,ALOMO,65.197531,-123.254403,2, ,0.0,0.0,79.0,04.3,0,0,0,0,0,0,0,0,0

APPTR,R26,26,ALUKO
IF,ALUKO,65.258628,-122.912981, ,0.0,0.0,0,0,0,0,0,0,1,0
TF,EBKOR,65.179881,-123.023344,0, ,0.0,0.0,0.0,0.0,2,2100,0,0,0,0,1,0

APPTR,R26,26,BEPIT
IF,BEPIT,65.089792,-122.987256, ,0.0,0.0,0,0,0,0,0,0,1,0
TF,EBKOR,65.179881,-123.023344,0, ,0.0,0.0,0.0,0.0,2,2100,0,0,0,0,1,0

FINAL,R26,26,R,3
IF,EBKOR,65.179881,-123.023344, ,0.0,0.0,2,2100,0,0,0,0,1,0
TF,ILADI,65.197708,-123.256739,0, ,0.0,0.0,260.0,6.0,2,2100,0,0,0,0,2,0
TF,RW26,65.210242,-123.423908,0, ,0.0,0.0,260.0,4.3,1,733,0,0,0,0,3,1
TF,DUPUV,65.224603,-123.618825,0, ,0.0,0.0,0.0,0.0,1,2700,0,0,0,0,0,1
HM,DUPUV,65.224603,-123.618825,1, ,0.0,0.0,259.0,04.3,0,0,0,0,0,0,0,0,0

