APPTR,N15,15,YXN
PI,YXN,62.236139,-92.601011,2,YRT,30.2,10.0,075,5.0,2,1300,0,0,0,0,1,0
CF,FF15,62.303689,-92.650989,0,YRT,206.0,34.1,16.7,5.7,2,1300,0,0,0,0,0,0

FINAL,N15,15,N,2
IF,FF15,62.303689,-92.650989,YXN,0.0,0.0,2,1300,0,0,0,0,2,0
CF,RW15,62.244728,-92.603756,0,YXN,0.0,0.0,16.7,3.8,1,80,0,0,0,0,3,0
CF,YXN,62.236139,-92.601011,0,YRT,201.4,37.3,16.7,0.5,0,0,0,0,0,0,0,1
CA,0,16.7,2,1400,0,0,0,0,0,0
DF,YXN,62.236139,-92.601011,1, ,0.0,0.0,1,1400,0,0,0,0,0,0
HM,YXN,62.236139,-92.601011,2, ,0.0,0.0,16.7,04.3,0,0,0,0,0,0,0,0,0

APPTR,R15,15,ETBIV
IF,ETBIV,62.348050,-92.940972, ,0.0,0.0,0,0,0,1,210,0,1,0
TF,VOKIB,62.390214,-92.786828,0, ,0.0,0.0,0.0,0.0,2,1400,0,0,0,0,1,0

APPTR,R15,15,SEDUL
IF,SEDUL,62.432206,-92.632250, ,0.0,0.0,0,0,0,1,210,0,1,0
TF,VOKIB,62.390214,-92.786828,0, ,0.0,0.0,0.0,0.0,2,1400,0,0,0,0,1,0

FINAL,R15,15,R,3
IF,VOKIB,62.390214,-92.786828, ,0.0,0.0,2,1400,0,0,0,0,1,0
TF,IMIKU,62.304200,-92.678342,0, ,0.0,0.0,15.6,6.0,2,1400,0,0,0,0,2,0
TF,RW15,62.244728,-92.603756,0, ,0.0,0.0,15.6,4.1,1,80,0,0,0,0,3,1
TF,AMOTU,62.172936,-92.514178,0, ,0.0,0.0,0.0,0.0,1,1500,0,0,0,0,0,1
HM,AMOTU,62.172936,-92.514178,2, ,0.0,0.0,15.6,04.3,0,0,0,0,0,0,0,0,0

APPTR,R33,33,MISUM
IF,MISUM,62.048386,-92.564622, ,0.0,0.0,0,0,0,1,210,0,1,0
TF,URMUP,62.090136,-92.411481,0, ,0.0,0.0,0.0,0.0,2,1400,0,0,0,0,1,0

APPTR,R33,33,OMPUV
IF,OMPUV,62.131717,-92.257917, ,0.0,0.0,0,0,0,1,210,0,1,0
TF,URMUP,62.090136,-92.411481,0, ,0.0,0.0,0.0,0.0,2,1400,0,0,0,0,1,0

FINAL,R33,33,R,3
IF,URMUP,62.090136,-92.411481, ,0.0,0.0,2,1400,0,0,0,0,1,0
TF,NUBEV,62.176361,-92.518439,0, ,0.0,0.0,33.6,6.0,2,1400,0,0,0,0,2,0
TF,RW33,62.235428,-92.592122,0, ,0.0,0.0,33.6,4.1,1,90,0,0,0,0,3,1
TF,DUROG,62.307169,-92.682072,0, ,0.0,0.0,0.0,0.0,1,1500,0,0,0,0,0,1
HM,DUROG,62.307169,-92.682072,2, ,0.0,0.0,33.6,04.3,0,0,0,0,0,0,0,0,0

