APPTR,N14-A,14,YXQ
IF,YXQ,62.408772,-140.861186, ,0.0,0.0,2,4700,0,0,0,0,0,0
PI,YXQ,62.408772,-140.861186,2,ORT,349.0,10.0,034,5.0,2,4700,0,0,0,0,0,0
CF,FF214,62.487592,-140.634556,0,ORT,103.5,44.9,214.0,2.1,2,4700,0,0,0,0,0,0

FINAL,N14-A,14,N,2
IF,FF214,62.487592,-140.634556,YXQ,0.0,0.0,2,4700,0,0,0,0,2,0
CF,YXQ,62.408772,-140.861186,0,YXQ,0.0,0.0,214.0,7.9,1,3340,0,0,0,0,3,0
CA,0,214.0,2,3340,0,0,0,0,0,0
VA,2,34.0,2,5200,0,0,0,0,0,0
DF,YXQ,62.408772,-140.861186,2, ,0.0,0.0,1,5200,0,0,0,0,0,0
HM,YXQ,62.408772,-140.861186,2, ,0.0,0.0,214.0,04.3,0,0,0,1,200,0,0,0,0

APPTR,N32-A,32,YXQ
IF,YXQ,62.408772,-140.861186, ,0.0,0.0,2,4700,0,0,0,0,0,0
PI,YXQ,62.408772,-140.861186,2,ORT,349.0,10.0,034,5.0,2,4700,0,0,0,0,0,0
CF,FF214,62.487592,-140.634556,0,ORT,103.5,44.9,214.0,2.1,2,4700,0,0,0,0,0,0

FINAL,N32-A,32,N,2
IF,FF214,62.487592,-140.634556,YXQ,0.0,0.0,2,4700,0,0,0,0,2,0
CF,YXQ,62.408772,-140.861186,0,YXQ,0.0,0.0,214.0,7.9,1,3340,0,0,0,0,3,0
CA,0,214.0,2,3340,0,0,0,0,0,0
VA,2,34.0,2,5200,0,0,0,0,0,0
DF,YXQ,62.408772,-140.861186,2, ,0.0,0.0,1,5200,0,0,0,0,0,0
HM,YXQ,62.408772,-140.861186,2, ,0.0,0.0,214.0,04.3,0,0,0,1,200,0,0,0,0

APPTR,R14,14,ALKIG
IF,ALKIG,62.627061,-140.615914, ,0.0,0.0,0,0,0,0,0,0,1,0
TF,ONBIN,62.627397,-140.922669,0, ,0.0,0.0,0.0,0.0,2,5600,0,0,0,0,1,0

APPTR,R14,14,NOTUD
IF,NOTUD,62.768636,-140.922669, ,0.0,0.0,0,0,0,0,0,0,1,0
TF,ONBIN,62.627397,-140.922669,0, ,0.0,0.0,0.0,0.0,2,5600,0,0,0,0,1,0

FINAL,R14,14,R,3
IF,ONBIN,62.627397,-140.922669, ,0.0,0.0,2,5600,0,0,0,0,0,0
TF,AVORA,62.486156,-140.922669,0, ,0.0,0.0,161.0,8.5,2,3600,0,0,0,0,2,0
TF,RW14,62.415025,-140.872206,0, ,0.0,0.0,143.0,4.5,1,2165,0,0,0,0,3,1
TF,SEGIT,62.320278,-140.805378,0, ,0.0,0.0,0.0,0.0,0,0,0,0,0,0,0,0
TF,BEXEM,62.242483,-140.619719,0, ,0.0,0.0,0.0,0.0,1,6500,0,0,0,0,0,1
HM,BEXEM,62.242483,-140.619719,1, ,0.0,0.0,161.0,04.3,0,0,0,0,0,0,0,0,0

APPTR,R32,32,DUSIR
IF,DUSIR,62.104533,-140.808422, ,0.0,0.0,0,0,0,1,210,0,1,0
TF,GOXEG,62.224372,-140.648542,0, ,0.0,0.0,0.0,0.0,2,5600,0,0,0,0,1,0

APPTR,R32,32,EBDON
IF,EBDON,62.311072,-140.409261, ,0.0,0.0,0,0,0,1,210,0,1,0
TF,GOXEG,62.224372,-140.648542,0, ,0.0,0.0,0.0,0.0,2,5600,0,0,0,0,1,0

FINAL,R32,32,R,3
IF,GOXEG,62.224372,-140.648542, ,0.0,0.0,2,5600,0,0,0,0,0,0
TF,IMOGI,62.315986,-140.802361,0, ,0.0,0.0,303.0,7.0,2,4000,0,0,0,0,2,0
TF,RW32,62.406181,-140.865947,0, ,0.0,0.0,323.0,5.7,1,2181,0,0,0,0,3,1
DF,LERAX,62.638481,-140.727533,0, ,0.0,0.0,1,8000,0,0,0,0,0,1
HM,LERAX,62.638481,-140.727533,2, ,0.0,0.0,341.0,04.3,0,0,0,1,250,0,0,0,0

