APPTR,I33-Y,33,IGTIX
IF,IGTIX,54.041797,-128.363656, ,0.0,0.0,0,0,0,0,0,0,1,0
CF,DAVED,54.101917,-128.499169,0,IXT,152.9,23.0,288.0,6.0,2,7100,0,0,0,0,1,0

APPTR,I33-Y,33,LEXUK
IF,LEXUK,54.003058,-128.475506, ,0.0,0.0,0,0,0,0,0,0,1,0
CF,DAVED,54.101917,-128.499169,0,IXT,152.9,23.0,333.0,6.0,2,7100,0,0,0,0,1,0

APPTR,I33-Y,33,ZKI
IF,ZKI,54.054242,-128.670094, ,0.0,0.0,0,0,0,0,0,0,1,0
CF,DAVED,54.101917,-128.499169,0,IXT,152.9,23.0,46.0,6.7,2,7100,0,0,0,0,1,0

FINAL,I33-Y,33,I,3
IF,DAVED,54.101917,-128.499169,IXT,152.9,23.0,2,7100,0,0,0,0,0,0
CF,NOTED,54.296319,-128.546039,0,IXT,152.9,11.2,333.0,11.8,1,4480,0,0,0,0,2,0
CF,RW33,54.458386,-128.585456,0,IXT,152.9,1.4,333.0,9.8,1,737,0,0,0,0,3,1
VA,0,333.0,2,1300,0,0,0,0,0,0
DF,ODGUP,54.609097,-128.664658,0, ,0.0,0.0,0,0,0,0,0,0,0,0
TF,IKBIG,54.690708,-128.824228,0, ,0.0,0.0,0.0,0.0,0,0,0,0,0,0,0,0
TF,ELSUV,54.964442,-128.788589,0, ,0.0,0.0,0.0,0.0,1,9700,0,0,0,0,0,1
HM,ELSUV,54.964442,-128.788589,2, ,0.0,0.0,345.0,04.3,0,0,0,1,250,0,0,0,0

APPTR,I33-Z,33,IGTIX
IF,IGTIX,54.041797,-128.363656, ,0.0,0.0,0,0,0,0,0,0,1,0
CF,DAVED,54.101917,-128.499169,0,IXT,152.9,23.0,288.0,6.0,2,7100,0,0,0,0,1,0

APPTR,I33-Z,33,LEXUK
IF,LEXUK,54.003058,-128.475506, ,0.0,0.0,0,0,0,0,0,0,1,0
CF,DAVED,54.101917,-128.499169,0,IXT,152.9,23.0,333.0,6.0,2,7100,0,0,0,0,1,0

APPTR,I33-Z,33,ZKI
IF,ZKI,54.054242,-128.670094, ,0.0,0.0,0,0,0,0,0,0,0,0
CF,DAVED,54.101917,-128.499169,0,IXT,152.9,23.0,46.0,6.7,2,7100,0,0,0,0,1,0

FINAL,I33-Z,33,I,3
IF,DAVED,54.101917,-128.499169,IXT,152.9,23.0,2,7100,0,0,0,0,0,0
CF,NOTED,54.296319,-128.546039,0,IXT,152.9,11.2,333.0,11.8,1,4480,0,0,0,0,2,0
CF,RW33,54.458386,-128.585456,0,IXT,152.9,1.4,333.0,9.8,1,737,0,0,0,0,3,1
DF,ODGUP,54.609097,-128.664658,0, ,0.0,0.0,0,0,0,0,0,0,0,0
TF,IKBIG,54.690708,-128.824228,0, ,0.0,0.0,0.0,0.0,0,0,0,0,0,0,0,0
TF,ELSUV,54.964442,-128.788589,0, ,0.0,0.0,0.0,0.0,1,9700,0,0,0,0,0,1
HM,ELSUV,54.964442,-128.788589,2, ,0.0,0.0,345.0,04.3,0,0,0,1,250,0,0,0,0

APPTR,R15-Y,15,LERAB
IF,LERAB,54.995539,-129.306403, ,0.0,0.0,0,0,0,0,0,0,0,0
TF,MUXUD,54.827303,-129.026822,0, ,0.0,0.0,0.0,0.0,2,9800,0,0,0,0,0,0
TF,ITNES,54.706742,-128.828544,0, ,0.0,0.0,0.0,0.0,2,6800,0,0,0,0,1,0
TF,ALKUG,54.631728,-128.706039,0, ,0.0,0.0,0.0,0.0,2,4700,0,0,0,0,1,0

APPTR,R15-Y,15,MATUM
IF,MATUM,54.471333,-129.281531, ,0.0,0.0,0,0,0,0,0,0,0,0
TF,OBSAB,54.716031,-129.101050,0, ,0.0,0.0,0.0,0.0,2,8100,0,0,0,0,0,0
TF,PETGO,54.710236,-128.928928,0, ,0.0,0.0,0.0,0.0,2,7900,0,0,0,0,0,0
TF,ITNES,54.706742,-128.828544,0, ,0.0,0.0,0.0,0.0,2,6900,0,0,0,0,1,0
TF,ALKUG,54.631728,-128.706039,0, ,0.0,0.0,0.0,0.0,2,4700,0,0,0,0,1,0

APPTR,R15-Y,15,TOSUX
IF,TOSUX,54.918814,-128.377597, ,0.0,0.0,0,0,0,0,0,0,0,0
TF,ETMIL,54.839706,-128.818394,0, ,0.0,0.0,0.0,0.0,2,8200,0,0,0,0,0,0
TF,ITNES,54.706742,-128.828544,0, ,0.0,0.0,0.0,0.0,2,5800,0,0,0,0,1,0
TF,ALKUG,54.631728,-128.706039,0, ,0.0,0.0,0.0,0.0,2,4700,0,0,0,0,1,0

FINAL,R15-Y,15,R,4
IF,ALKUG,54.631728,-128.706039, ,0.0,0.0,2,4700,0,0,0,0,0,0
TF,PILNU,54.577550,-128.630019,0, ,0.0,0.0,122.0,4.2,2,3700,0,0,0,0,2,0
TF,MERBU,54.511117,-128.603383,0, ,0.0,0.0,148.0,4.1,2,1720,0,0,0,0,0,0
TF,RW15,54.478708,-128.590419,0, ,0.0,0.0,148.0,2.0,1,743,0,0,0,0,3,1
VA,0,148.0,2,1300,0,0,0,0,0,0
DF,DEDIB,54.308953,-128.585628,0, ,0.0,0.0,0,0,0,0,0,0,0,0
TF,IKMIS,54.109378,-128.595547,0, ,0.0,0.0,0.0,0.0,1,7700,0,0,0,0,0,1
HM,IKMIS,54.109378,-128.595547,2, ,0.0,0.0,163.0,04.3,0,0,0,1,250,0,0,0,0

APPTR,R15-Z,15,LERAB
IF,LERAB,54.995539,-129.306403, ,0.0,0.0,0,0,0,0,0,0,0,0
TF,MUXUD,54.827303,-129.026822,0, ,0.0,0.0,0.0,0.0,2,9800,0,0,0,0,0,0
TF,ITNES,54.706742,-128.828544,0, ,0.0,0.0,0.0,0.0,2,6800,0,0,0,0,1,0
TF,XORIM,54.675272,-128.785047,0, ,0.0,0.0,0.0,0.0,2,5800,0,0,0,0,0,0
TF,TADUK,54.647989,-128.747403,0, ,0.0,0.0,0.0,0.0,2,4800,0,0,0,0,1,0

APPTR,R15-Z,15,MATUM
IF,MATUM,54.471333,-129.281531, ,0.0,0.0,0,0,0,0,0,0,0,0
TF,OBSAB,54.716031,-129.101050,0, ,0.0,0.0,0.0,0.0,2,8100,0,0,0,0,0,0
TF,PETGO,54.710236,-128.928928,0, ,0.0,0.0,0.0,0.0,2,7900,0,0,0,0,0,0
TF,ITNES,54.706742,-128.828544,0, ,0.0,0.0,0.0,0.0,2,6900,0,0,0,0,1,0
TF,XORIM,54.675272,-128.785047,0, ,0.0,0.0,0.0,0.0,2,5800,0,0,0,0,0,0
TF,TADUK,54.647989,-128.747403,0, ,0.0,0.0,0.0,0.0,2,4800,0,0,0,0,1,0

APPTR,R15-Z,15,TOSUX
IF,TOSUX,54.918814,-128.377597, ,0.0,0.0,0,0,0,0,0,0,0,0
TF,ETMIL,54.839706,-128.818394,0, ,0.0,0.0,0.0,0.0,2,8200,0,0,0,0,0,0
TF,ITNES,54.706742,-128.828544,0, ,0.0,0.0,0.0,0.0,2,5800,0,0,0,0,1,0
TF,XORIM,54.675272,-128.785047,0, ,0.0,0.0,0.0,0.0,2,5800,0,0,0,0,0,0
TF,TADUK,54.647989,-128.747403,0, ,0.0,0.0,0.0,0.0,2,4800,0,0,0,0,1,0

FINAL,R15-Z,15,R,4
IF,TADUK,54.647989,-128.747403, ,0.0,0.0,2,4800,0,0,0,0,0,0
TF,SEDEG,54.617347,-128.682628,0, ,0.0,0.0,110.0,2.9,2,4200,0,0,0,0,2,0
TF,XUDAX,54.539433,-128.628692,0, ,0.0,0.0,139.0,5.0,2,2300,0,0,0,0,0,0
TF,VITEK,54.496203,-128.598858,0, ,0.0,0.0,139.0,2.8,1,1176,0,0,0,0,3,1
VA,0,139.0,2,1300,0,0,0,0,0,0
DF,DEDIB,54.308953,-128.585628,0, ,0.0,0.0,0,0,0,0,0,0,0,0
TF,UMIPO,54.051167,-128.598422,0, ,0.0,0.0,0.0,0.0,1,6800,0,0,0,0,0,1
HM,UMIPO,54.051167,-128.598422,2, ,0.0,0.0,163.0,04.3,0,0,0,1,250,0,0,0,0

APPTR,R33-X,33,OBRAR
IF,OBRAR,54.129261,-128.748561, ,0.0,0.0,0,0,0,0,0,0,0,0
TF,KAXOS,54.176389,-128.598628,0, ,0.0,0.0,0.0,0.0,2,6800,0,0,0,0,1,0
TF,NORUL,54.275494,-128.578156,0, ,0.0,0.0,0.0,0.0,2,4200,0,0,0,0,1,0

APPTR,R33-X,33,URNIS
IF,URNIS,54.097789,-128.493806, ,0.0,0.0,0,0,0,0,0,0,0,0
TF,KAXOS,54.176389,-128.598628,0, ,0.0,0.0,0.0,0.0,2,6800,0,0,0,0,1,0
TF,NORUL,54.275494,-128.578156,0, ,0.0,0.0,0.0,0.0,2,4200,0,0,0,0,1,0

APPTR,R33-X,33,ZKI
IF,ZKI,54.054242,-128.670094, ,0.0,0.0,0,0,0,0,0,0,0,0
TF,KAXOS,54.176389,-128.598628,0, ,0.0,0.0,0.0,0.0,2,6800,0,0,0,0,1,0
TF,NORUL,54.275494,-128.578156,0, ,0.0,0.0,0.0,0.0,2,4200,0,0,0,0,1,0

FINAL,R33-X,33,R,3
IF,NORUL,54.275494,-128.578156, ,0.0,0.0,2,4200,0,0,0,0,0,0
TF,OVGAK,54.358081,-128.561022,0, ,0.0,0.0,348.0,5.0,2,3000,0,0,0,0,2,0
TF,RW33,54.458386,-128.585456,0, ,0.0,0.0,333.0,6.1,1,736,0,0,0,0,3,1
VA,0,333.0,2,1300,0,0,0,0,0,0
DF,ODGUP,54.609097,-128.664658,0, ,0.0,0.0,0,0,0,0,0,0,0,0
TF,IKBIG,54.690708,-128.824228,0, ,0.0,0.0,0.0,0.0,0,0,0,0,0,0,0,0
TF,ELSUV,54.964442,-128.788589,0, ,0.0,0.0,0.0,0.0,1,9700,0,0,0,0,0,1
HM,ELSUV,54.964442,-128.788589,2, ,0.0,0.0,345.0,04.3,0,0,0,1,250,0,0,0,0

APPTR,R33-Y,33,OBRAR
IF,OBRAR,54.129261,-128.748561, ,0.0,0.0,0,0,0,0,0,0,0,0
TF,KAXOS,54.176389,-128.598628,0, ,0.0,0.0,0.0,0.0,2,6800,0,0,0,0,1,0
TF,NORUL,54.275494,-128.578156,0, ,0.0,0.0,0.0,0.0,2,4200,0,0,0,0,1,0

APPTR,R33-Y,33,URNIS
IF,URNIS,54.097789,-128.493806, ,0.0,0.0,0,0,0,0,0,0,0,0
TF,KAXOS,54.176389,-128.598628,0, ,0.0,0.0,0.0,0.0,2,6800,0,0,0,0,1,0
TF,NORUL,54.275494,-128.578156,0, ,0.0,0.0,0.0,0.0,2,4200,0,0,0,0,1,0

APPTR,R33-Y,33,ZKI
IF,ZKI,54.054242,-128.670094, ,0.0,0.0,0,0,0,0,0,0,0,0
TF,KAXOS,54.176389,-128.598628,0, ,0.0,0.0,0.0,0.0,2,6800,0,0,0,0,1,0
TF,NORUL,54.275494,-128.578156,0, ,0.0,0.0,0.0,0.0,2,4200,0,0,0,0,1,0

FINAL,R33-Y,33,R,4
IF,NORUL,54.275494,-128.578156, ,0.0,0.0,2,4200,0,0,0,0,0,0
TF,OVGAK,54.358081,-128.561022,0, ,0.0,0.0,348.0,5.0,2,3000,0,0,0,0,2,0
TF,XOTRU,54.420500,-128.576214,0, ,0.0,0.0,333.0,3.8,2,1590,0,0,0,0,0,0
TF,RW33,54.458386,-128.585456,0, ,0.0,0.0,333.0,2.3,1,736,0,0,0,0,3,1
VA,0,333.0,2,1400,0,0,0,0,0,0
DF,ODGUP,54.609097,-128.664658,0, ,0.0,0.0,0,0,0,0,0,0,0,0
TF,IKBIG,54.690708,-128.824228,0, ,0.0,0.0,0.0,0.0,0,0,0,0,0,0,0,0
TF,ELSUV,54.964442,-128.788589,0, ,0.0,0.0,0.0,0.0,1,9700,0,0,0,0,0,1
HM,ELSUV,54.964442,-128.788589,2, ,0.0,0.0,345.0,04.3,0,0,0,1,250,0,0,0,0

APPTR,R33-Z,33,OBRAR
IF,OBRAR,54.129261,-128.748561, ,0.0,0.0,0,0,0,0,0,0,0,0
TF,KAXOS,54.176389,-128.598628,0, ,0.0,0.0,0.0,0.0,2,6800,0,0,0,0,1,0
TF,NORUL,54.275494,-128.578156,0, ,0.0,0.0,0.0,0.0,2,4200,0,0,0,0,1,0

APPTR,R33-Z,33,URNIS
IF,URNIS,54.097789,-128.493806, ,0.0,0.0,0,0,0,0,0,0,0,0
TF,KAXOS,54.176389,-128.598628,0, ,0.0,0.0,0.0,0.0,2,6800,0,0,0,0,1,0
TF,NORUL,54.275494,-128.578156,0, ,0.0,0.0,0.0,0.0,2,4200,0,0,0,0,1,0

APPTR,R33-Z,33,ZKI
IF,ZKI,54.054242,-128.670094, ,0.0,0.0,0,0,0,0,0,0,0,0
TF,KAXOS,54.176389,-128.598628,0, ,0.0,0.0,0.0,0.0,2,6800,0,0,0,0,1,0
TF,NORUL,54.275494,-128.578156,0, ,0.0,0.0,0.0,0.0,2,4200,0,0,0,0,1,0

FINAL,R33-Z,33,R,3
IF,NORUL,54.275494,-128.578156, ,0.0,0.0,2,4200,0,0,0,0,0,0
TF,OVGAK,54.358081,-128.561022,0, ,0.0,0.0,348.0,5.0,2,3000,0,0,0,0,2,0
TF,RW33,54.458386,-128.585456,0, ,0.0,0.0,333.0,6.1,1,737,0,0,0,0,3,1
DF,ODGUP,54.609097,-128.664658,0, ,0.0,0.0,0,0,0,0,0,0,0,0
TF,IKBIG,54.690708,-128.824228,0, ,0.0,0.0,0.0,0.0,0,0,0,0,0,0,0,0
TF,ELSUV,54.964442,-128.788589,0, ,0.0,0.0,0.0,0.0,1,9700,0,0,0,0,0,1
HM,ELSUV,54.964442,-128.788589,2, ,0.0,0.0,345.0,04.3,0,0,0,1,250,0,0,0,0

