APPTR,I32L,32L,RETEV
IF,RETEV,60.271769,-135.213272, ,0.0,0.0,0,0,0,0,0,0,1,0
AF,D138Z,60.321031,-134.771697,1,YXY,130.5,21.0,168.0,2,7900,0,0,0,0,0,0
CF,VETVO,60.330383,-134.778767,0,IXY,138.3,25.4,318.0,0.6,2,7900,0,0,0,0,1,0

APPTR,I32L,32L,TEXOT
IF,TEXOT,60.574694,-134.434786, ,0.0,0.0,0,0,0,0,0,0,1,0
AF,D138Z,60.321031,-134.771697,2,YXY,130.5,21.0,79.0,2,7800,0,0,0,0,0,0
CF,VETVO,60.330383,-134.778767,0,IXY,138.3,25.4,318.0,0.6,2,7800,0,0,0,0,1,0

APPTR,I32L,32L,UKTOV
PI,UKTOV,60.548353,-134.943692,2,YXY,93.0,14.0,138,5.0,2,7800,0,0,0,0,1,0

APPTR,I32L,32L,YXY
IF,YXY,60.618889,-135.138889, ,0.0,0.0,0,0,0,0,0,0,0,0
TF,UKTOV,60.548353,-134.943692,0, ,0.0,0.0,0.0,0.0,2,7800,0,0,0,0,1,0
PI,UKTOV,60.548353,-134.943692,2,YXY,93.0,14.0,138,5.0,2,7800,0,0,0,0,0,0

APPTR,I32L,32L,ZXY
IF,ZXY,60.636039,-135.010781, ,0.0,0.0,0,0,0,0,0,0,0,0
TF,UKTOV,60.548353,-134.943692,0, ,0.0,0.0,0.0,0.0,2,7800,0,0,0,0,1,0
PI,UKTOV,60.548353,-134.943692,2,YXY,93.0,14.0,138,5.0,2,7800,0,0,0,0,0,0

FINAL,I32L,32L,I,3
IF,VETVO,60.330383,-134.778767,IXY,138.3,25.4,2,7800,0,0,0,0,0,0
CF,UKTOV,60.548353,-134.943692,0,IXY,138.3,11.4,318.0,14.0,1,5600,0,0,0,0,2,0
CF,RW32L,60.700981,-135.060661,0,IXY,138.3,1.6,318.0,9.8,1,2357,0,0,0,0,3,0
VA,0,318.0,2,2720,0,0,0,0,0,0
CF,JB,60.949475,-135.137669,0,YXY,342.1,19.9,331.0,14.5,0,0,0,0,0,0,0,0
FA,JB,60.949475,-135.137669,0,YXY,0.0,0.0,331.0,2,7800,0,0,0,0,0,0
DF,ZXY,60.636039,-135.010781,2, ,0.0,0.0,1,7800,0,0,0,0,0,0
HM,ZXY,60.636039,-135.010781,2, ,0.0,0.0,318.0,04.3,0,0,0,0,0,0,0,0,0

APPTR,Q14R,14R,BISDI
IF,BISDI,61.080703,-134.753475, ,0.0,0.0,0,0,0,0,0,0,1,0
AF,YX30A,61.117206,-135.102919,1,YXY,344.0,30.0,4.0,0,0,0,0,0,0,0,1
CF,TAKIL,61.114392,-135.180247,0,YXY,339.7,29.8,151.0,0.2,2,8800,0,0,0,0,1,0

APPTR,Q14R,14R,COALE
IF,COALE,60.455278,-135.174167, ,0.0,0.0,0,0,0,0,0,0,0,0
TF,YXY,60.618889,-135.138889,0, ,0.0,0.0,0.0,0.0,2,8000,0,0,0,0,0,0
TF,JB,60.949475,-135.137669,0, ,0.0,0.0,0.0,0.0,2,7300,0,0,0,0,0,0
PI,JB,60.949475,-135.137669,1,YXY,16.0,10.0,331,5.0,2,6600,0,0,0,0,0,0

APPTR,Q14R,14R,DELRA
IF,DELRA,60.809519,-136.079308, ,0.0,0.0,0,0,0,0,0,0,1,0
AF,YX30B,61.113742,-135.264478,2,YXY,335.0,30.0,275.0,0,0,0,0,0,0,0,1
CF,TAKIL,61.114392,-135.180247,0,YXY,339.7,29.8,151.0,0.2,2,8800,0,0,0,0,1,0

APPTR,Q14R,14R,PJ
IF,PJ,60.439492,-134.861214, ,0.0,0.0,0,0,0,0,0,0,1,0
TF,JB,60.949475,-135.137669,0, ,0.0,0.0,0.0,0.0,2,7500,0,0,0,0,0,0
PI,JB,60.949475,-135.137669,1,YXY,16.0,10.0,331,5.0,2,6600,0,0,0,0,0,0

FINAL,Q14R,14R,N,4
IF,TAKIL,61.114392,-135.180247,JB,0.0,0.0,2,8800,0,0,0,0,0,0
CF,LETIP,60.884725,-135.121033,0,JB,0.0,0.0,151.0,13.9,2,6000,0,0,0,0,2,0
CF,NOXUB,60.818256,-135.104028,0,JB,0.0,0.0,152.0,4.0,2,4520,0,0,0,0,0,0
CF,ALMUT,60.744094,-135.085139,0,IXY,0.0,2.5,152.0,4.5,1,2880,0,0,0,0,3,0
CF,PJ,60.439492,-134.861214,0,YXY,124.5,13.6,139.0,19.5,1,8000,0,0,0,0,0,1
DF,YXY,60.618889,-135.138889,2, ,0.0,0.0,0,0,0,0,0,0,0,0
HM,YXY,60.618889,-135.138889,2, ,0.0,0.0,319.0,04.3,0,0,0,0,0,0,0,0,0

APPTR,R14R,14R,EPNOK
IF,EPNOK,60.851175,-135.395756, ,0.0,0.0,0,0,0,1,210,0,1,0
TF,OVUMA,60.886750,-135.204683,0, ,0.0,0.0,0.0,0.0,2,5300,0,0,0,0,1,0

APPTR,R14R,14R,IMISA
IF,IMISA,60.922050,-135.013189, ,0.0,0.0,0,0,0,1,210,0,1,0
TF,OVUMA,60.886750,-135.204683,0, ,0.0,0.0,0.0,0.0,2,5300,0,0,0,0,1,0

FINAL,R14R,14R,R,3
IF,OVUMA,60.886750,-135.204683, ,0.0,0.0,2,5300,0,0,0,0,0,0
TF,SINDU,60.801283,-135.138203,0, ,0.0,0.0,138.0,5.5,2,4000,0,0,0,0,2,0
TF,RW14R,60.719528,-135.074961,0, ,0.0,0.0,138.0,5.3,1,2325,0,0,0,0,3,1
CA,0,138.0,2,3200,0,0,0,0,0,0
DF,LEVEP,60.575969,-134.904592,0, ,0.0,0.0,0,0,0,0,0,0,0,0
TF,DUNDU,60.545719,-134.448931,0, ,0.0,0.0,0.0,0.0,1,7700,0,0,0,0,0,1
HM,DUNDU,60.545719,-134.448931,2, ,0.0,0.0,77.0,04.3,0,0,0,1,250,0,0,0,0

APPTR,R32L,32L,IKNEP
IF,IKNEP,60.439564,-135.040656, ,0.0,0.0,0,0,0,1,210,0,1,0
TF,KESNO,60.468808,-134.883156,0, ,0.0,0.0,0.0,0.0,2,7000,0,0,0,0,1,0

APPTR,R32L,32L,KEMGI
IF,KEMGI,60.393372,-134.661608, ,0.0,0.0,0,0,0,1,210,0,1,0
TF,IGTID,60.421703,-134.744567,0, ,0.0,0.0,0.0,0.0,2,7700,0,0,0,0,0,0
TF,KESNO,60.468808,-134.883156,0, ,0.0,0.0,0.0,0.0,2,7000,0,0,0,0,1,0

FINAL,R32L,32L,R,4
IF,KESNO,60.468808,-134.883156, ,0.0,0.0,2,7000,0,0,0,0,0,0
TF,MIXUM,60.562183,-134.954217,0, ,0.0,0.0,318.0,6.0,2,5200,0,0,0,0,2,0
TF,PIVUX,60.644997,-135.017608,0, ,0.0,0.0,318.0,5.3,2,3500,0,0,0,0,0,0
TF,RW32L,60.700981,-135.060661,0, ,0.0,0.0,318.0,3.6,1,2357,0,0,0,0,3,1
TF,TESOG,60.763169,-135.108675,0, ,0.0,0.0,0.0,0.0,0,0,0,0,0,0,0,0
TF,ULUKA,61.087819,-135.105103,0, ,0.0,0.0,0.0,0.0,1,7600,0,0,0,0,0,1
HM,ULUKA,61.087819,-135.105103,2, ,0.0,0.0,339.0,04.3,0,0,0,1,250,0,0,0,0

