SID,HUSTN1,15,4
VA,0,152.0,2,2120,0,0,0,0,0,0
CF,YYD,54.452347,-126.650864,0,YYD,0.0,0.0,119.0,27.0,2,7900,0,0,0,0,0,0

SID,HUSTN1,33,4
CF,ANVEN,54.960656,-127.222019,0,YYD,310.2,36.5,332.0,8.0,0,0,0,0,0,0,0,1
DF,OMIKO,55.102753,-127.342794,0, ,0.0,0.0,0,0,0,0,0,0,0,0
TF,LOBDI,55.192258,-127.021511,0, ,0.0,0.0,0.0,0.0,0,0,0,0,0,0,0,0
TF,EMOKU,55.008356,-126.865036,0, ,0.0,0.0,0.0,0.0,0,0,0,0,0,0,0,0
TF,YYD,54.452347,-126.650864,0, ,0.0,0.0,0.0,0.0,2,9900,0,0,0,0,0,0

APPTR,R15-W,15,ANCEW
IF,ANCEW,55.179297,-127.498236, ,0.0,0.0,0,0,0,0,0,0,1,0
TF,XORLO,55.144864,-127.427325,0, ,0.0,0.0,0.0,0.0,2,8200,0,0,0,0,0,0
TF,UKRIV,55.112542,-127.360958,0, ,0.0,0.0,0.0,0.0,2,6700,0,0,0,0,0,0
TF,MERTA,55.058594,-127.250583,0, ,0.0,0.0,0.0,0.0,2,6000,0,0,0,0,1,0

FINAL,R15-W,15,R,6
IF,MERTA,55.058594,-127.250583, ,0.0,0.0,2,6000,0,0,0,0,0,0
TF,ITPUN,55.014294,-127.237653,0, ,0.0,0.0,151.0,2.7,2,5330,0,0,0,0,0,0
TF,GOROX,54.997889,-127.232872,0, ,0.0,0.0,151.0,1.0,2,5000,0,0,0,0,2,0
TF,XOVUG,54.931664,-127.213614,0, ,0.0,0.0,152.0,4.0,2,3680,0,0,0,0,0,0
TF,XUDOP,54.915256,-127.208853,0, ,0.0,0.0,152.0,1.0,2,3350,0,0,0,0,0,0
TF,RW15,54.834850,-127.185575,0, ,0.0,0.0,152.0,4.9,1,1751,0,0,0,0,3,1
CA,0,152.0,2,2400,0,0,0,0,0,0
DF,PENRI,54.581042,-126.911089,0, ,0.0,0.0,1,5900,0,0,0,0,0,1
HM,PENRI,54.581042,-126.911089,1, ,0.0,0.0,127.0,04.3,0,0,0,1,175,0,0,0,0

APPTR,R15-X,15,KISPI
IF,KISPI,55.234628,-127.468725, ,0.0,0.0,0,0,0,0,0,0,1,0
TF,UDLER,55.216661,-127.296953,0, ,0.0,0.0,0.0,0.0,2,7800,0,0,0,0,1,0

APPTR,R15-X,15,TIBOS
IF,TIBOS,55.233114,-127.124725, ,0.0,0.0,0,0,0,0,0,0,1,0
TF,UDLER,55.216661,-127.296953,0, ,0.0,0.0,0.0,0.0,2,8700,0,0,0,0,1,0

FINAL,R15-X,15,R,4
IF,UDLER,55.216661,-127.296953, ,0.0,0.0,2,7800,0,0,0,0,0,0
TF,AVSUS,55.151039,-127.277658,0, ,0.0,0.0,151.0,4.0,2,7800,0,0,0,0,0,0
TF,EMDIT,55.118228,-127.268033,0, ,0.0,0.0,151.0,2.0,2,7700,0,0,0,0,2,0
TF,RW15,54.834850,-127.185575,0, ,0.0,0.0,152.0,17.3,1,1751,0,0,0,0,3,1
CA,0,152.0,2,2600,0,0,0,0,0,0
DF,PENRI,54.581042,-126.911089,0, ,0.0,0.0,1,5900,0,0,0,0,0,1
HM,PENRI,54.581042,-126.911089,1, ,0.0,0.0,125.0,04.3,0,0,0,1,175,0,0,0,0

APPTR,R15-Y,15,ALUDI
IF,ALUDI,55.196744,-127.502322, ,0.0,0.0,0,0,0,0,0,0,1,0
TF,BODPA,55.096069,-127.328950,0, ,0.0,0.0,0.0,0.0,2,6800,0,0,0,0,0,0
TF,DUPOT,55.048608,-127.247667,0, ,0.0,0.0,0.0,0.0,2,5700,0,0,0,0,1,0

FINAL,R15-Y,15,R,4
IF,DUPOT,55.048608,-127.247667, ,0.0,0.0,2,5700,0,0,0,0,0,0
TF,EBGEG,55.010872,-127.236656,0, ,0.0,0.0,151.0,2.3,2,5200,0,0,0,0,0,0
TF,NOVEX,54.982978,-127.228531,0, ,0.0,0.0,151.0,1.7,2,4700,0,0,0,0,2,0
TF,RW15,54.834850,-127.185575,0, ,0.0,0.0,151.0,9.0,1,1751,0,0,0,0,3,1
TF,XUDGO,54.805311,-127.177047,0, ,0.0,0.0,0.0,0.0,0,0,0,0,0,0,0,0
TF,YYD,54.452347,-126.650864,0, ,0.0,0.0,0.0,0.0,1,6700,0,0,0,0,0,1
HM,YYD,54.452347,-126.650864,1, ,0.0,0.0,118.0,04.3,0,0,0,1,200,0,0,0,0

APPTR,R15-Z,15,ERBEX
IF,ERBEX,55.270756,-127.374619, ,0.0,0.0,0,0,0,0,0,0,1,0
TF,VITUG,55.088936,-127.338453,0, ,0.0,0.0,0.0,0.0,2,7300,0,0,0,0,0,0
TF,DRESD,55.022817,-127.325381,0, ,0.0,0.0,0.0,0.0,2,5300,0,0,0,0,1,0

APPTR,R15-Z,15,XT
IF,XT,54.374036,-128.584517, ,0.0,0.0,0,0,0,0,0,0,0,0
TF,WROTT,54.922786,-127.722811,0, ,0.0,0.0,0.0,0.0,2,10300,0,0,0,0,1,0
TF,IGSES,54.992944,-127.444819,0, ,0.0,0.0,0.0,0.0,2,8200,0,0,0,0,0,0
TF,DRESD,55.022817,-127.325381,0, ,0.0,0.0,0.0,0.0,2,6100,0,0,0,0,1,0

APPTR,R15-Z,15,YYD
IF,YYD,54.452347,-126.650864, ,0.0,0.0,0,0,0,0,0,0,0,0
TF,KAIZE,55.121542,-126.925981,0, ,0.0,0.0,0.0,0.0,2,9000,0,0,0,0,1,0
TF,OBSOS,55.049272,-127.219067,0, ,0.0,0.0,0.0,0.0,2,7600,0,0,0,0,0,0
TF,DRESD,55.022817,-127.325381,0, ,0.0,0.0,0.0,0.0,2,5600,0,0,0,0,1,0

FINAL,R15-Z,15,R,4
IF,DRESD,55.022817,-127.325381, ,0.0,0.0,2,5300,0,0,0,0,0,0
TF,LOMGO,54.946567,-127.267569,0, ,0.0,0.0,137.0,5.0,2,4600,0,0,0,0,2,0
TF,APMUR,54.885550,-127.221475,0, ,0.0,0.0,137.0,4.0,2,3000,0,0,0,0,0,0
TF,BERIB,54.839772,-127.186997,0, ,0.0,0.0,137.0,3.0,1,1865,0,0,0,0,3,1
TF,TEVIP,54.693431,-127.029319,0, ,0.0,0.0,0.0,0.0,0,0,0,0,0,0,0,0
TF,YYD,54.452347,-126.650864,0, ,0.0,0.0,0.0,0.0,1,6700,0,0,0,0,0,1
HM,YYD,54.452347,-126.650864,1, ,0.0,0.0,118.0,04.3,0,0,0,1,200,0,0,0,0

APPTR,R33-W,33,BOSUX
IF,BOSUX,54.542792,-127.337183, ,0.0,0.0,0,0,0,0,0,0,1,0
TF,SEGAP,54.579478,-127.159092,0, ,0.0,0.0,0.0,0.0,2,6800,0,0,0,0,0,0
TF,MITOK,54.601583,-127.051003,0, ,0.0,0.0,0.0,0.0,2,6300,0,1,200,0,1,0

APPTR,R33-W,33,DEDNO
IF,DEDNO,54.659697,-126.764000, ,0.0,0.0,0,0,0,0,0,0,1,0
TF,OTNIG,54.623594,-126.942797,0, ,0.0,0.0,0.0,0.0,2,6800,0,0,0,0,0,0
TF,MITOK,54.601583,-127.051003,0, ,0.0,0.0,0.0,0.0,2,6300,0,1,200,0,1,0

APPTR,R33-W,33,YYD
IF,YYD,54.452347,-126.650864, ,0.0,0.0,0,0,0,0,0,0,0,0
TF,KELDA,54.505542,-126.796536,0, ,0.0,0.0,0.0,0.0,2,7000,0,0,0,0,1,0
TF,IGVAV,54.565406,-126.954836,0, ,0.0,0.0,0.0,0.0,2,6800,0,0,0,0,0,0
TF,MITOK,54.601583,-127.051003,0, ,0.0,0.0,0.0,0.0,2,6300,0,1,200,0,1,0

FINAL,R33-W,33,R,5
IF,MITOK,54.601583,-127.051003, ,0.0,0.0,2,6300,0,1,200,0,0,0
TF,EBKOG,54.640844,-127.074672,0, ,0.0,0.0,322.0,2.5,2,5750,0,0,0,0,0,0
TF,VOLEP,54.695750,-127.108125,0, ,0.0,0.0,322.0,3.5,2,4500,0,0,0,0,2,0
TF,ALMES,54.784331,-127.162117,0, ,0.0,0.0,322.0,5.6,2,2480,0,0,0,0,0,0
TF,SEDEP,54.815706,-127.181300,0, ,0.0,0.0,322.0,2.0,1,1763,0,0,0,0,3,1
CA,0,322.0,2,2300,0,0,0,0,0,0
DF,PIDLO,55.269875,-127.447042,0, ,0.0,0.0,1,7800,0,0,0,0,0,1
HM,PIDLO,55.269875,-127.447042,2, ,0.0,0.0,332.0,04.3,0,0,0,1,175,0,0,0,0

APPTR,R33-X,33,ODLAT
IF,ODLAT,54.621269,-126.816250, ,0.0,0.0,0,0,0,0,0,0,1,0
TF,ILEVA,54.603633,-127.002978,0, ,0.0,0.0,0.0,0.0,2,6500,0,0,0,0,0,0
TF,BITVU,54.592803,-127.116069,0, ,0.0,0.0,0.0,0.0,2,6000,0,1,200,0,1,0

APPTR,R33-X,33,VOGOP
IF,VOGOP,54.563597,-127.415467, ,0.0,0.0,0,0,0,0,0,0,1,0
TF,EPVEB,54.581319,-127.234750,0, ,0.0,0.0,0.0,0.0,2,6700,0,0,0,0,0,0
TF,BITVU,54.592803,-127.116069,0, ,0.0,0.0,0.0,0.0,2,6100,0,1,200,0,1,0

APPTR,R33-X,33,YYD
IF,YYD,54.452347,-126.650864, ,0.0,0.0,0,0,0,0,0,0,0,0
TF,LIRVI,54.510558,-126.847689,0, ,0.0,0.0,0.0,0.0,2,7000,0,0,0,0,1,0
TF,NAGEV,54.561836,-127.014667,0, ,0.0,0.0,0.0,0.0,2,6500,0,0,0,0,0,0
TF,BITVU,54.592803,-127.116069,0, ,0.0,0.0,0.0,0.0,2,6000,0,1,200,0,1,0

FINAL,R33-X,33,R,4
IF,BITVU,54.592803,-127.116069, ,0.0,0.0,2,6000,0,1,200,0,0,0
TF,DUDVA,54.635478,-127.128261,0, ,0.0,0.0,332.0,2.6,2,5300,0,0,0,0,0,0
TF,VESDI,54.692922,-127.144717,0, ,0.0,0.0,332.0,3.5,2,4200,0,0,0,0,2,0
TF,RW33,54.815883,-127.180097,0, ,0.0,0.0,332.0,7.5,1,1764,0,0,0,0,3,1
CA,0,332.0,2,2500,0,0,0,0,0,0
DF,KAVMI,55.270053,-127.445844,0, ,0.0,0.0,1,7800,0,0,0,0,0,1
HM,KAVMI,55.270053,-127.445844,2, ,0.0,0.0,341.0,04.3,0,0,0,1,175,0,0,0,0

APPTR,R33-Y,33,PESMI
IF,PESMI,54.567914,-127.387686, ,0.0,0.0,0,0,0,0,0,0,1,0
TF,OMVIK,54.587344,-127.190017,0, ,0.0,0.0,0.0,0.0,2,6400,0,0,0,0,0,0
TF,UDBOV,54.594478,-127.116547,0, ,0.0,0.0,0.0,0.0,2,5800,0,0,0,0,1,0

APPTR,R33-Y,33,YYD
IF,YYD,54.452347,-126.650864, ,0.0,0.0,0,0,0,0,0,0,1,0
TF,UDBOV,54.594478,-127.116547,0, ,0.0,0.0,0.0,0.0,2,5800,0,0,0,0,1,0

FINAL,R33-Y,33,R,4
IF,UDBOV,54.594478,-127.116547, ,0.0,0.0,2,5800,0,0,0,0,0,0
TF,ONGOK,54.635511,-127.128272,0, ,0.0,0.0,332.0,2.5,2,5200,0,0,0,0,0,0
TF,URSIL,54.692956,-127.144725,0, ,0.0,0.0,332.0,3.5,2,4200,0,0,0,0,2,0
TF,RW33,54.815883,-127.180097,0, ,0.0,0.0,332.0,7.5,1,1764,0,0,0,0,3,1
TF,ROTPU,54.865114,-127.194325,0, ,0.0,0.0,0.0,0.0,0,0,0,0,0,0,0,0
TF,UDGEL,55.022817,-127.325381,0, ,0.0,0.0,0.0,0.0,0,0,0,0,0,0,0,0
TF,ETBIB,55.268631,-127.404692,0, ,0.0,0.0,0.0,0.0,1,9600,0,0,0,0,0,1
HM,ETBIB,55.268631,-127.404692,1, ,0.0,0.0,331.0,04.3,0,0,0,1,200,0,0,0,0

APPTR,R33-Z,33,LESOL
IF,LESOL,54.543650,-127.402408, ,0.0,0.0,0,0,0,0,0,0,1,0
TF,TETIR,54.587492,-127.186139,0, ,0.0,0.0,0.0,0.0,2,7200,0,0,0,0,0,0
TF,SELOT,54.613069,-127.058864,0, ,0.0,0.0,0.0,0.0,2,5900,0,0,0,0,1,0

APPTR,R33-Z,33,YYD
IF,YYD,54.452347,-126.650864, ,0.0,0.0,0,0,0,0,0,0,1,0
TF,SELOT,54.613069,-127.058864,0, ,0.0,0.0,0.0,0.0,2,5900,0,0,0,0,1,0

FINAL,R33-Z,33,R,4
IF,SELOT,54.613069,-127.058864, ,0.0,0.0,2,5900,0,0,0,0,0,0
TF,XONPU,54.660239,-127.086992,0, ,0.0,0.0,322.0,3.0,2,5260,0,0,0,0,0,0
TF,LIBIR,54.707417,-127.115103,0, ,0.0,0.0,322.0,3.0,2,4200,0,0,0,0,2,0
TF,NABRA,54.795450,-127.167833,0, ,0.0,0.0,322.0,5.6,1,2223,0,0,0,0,3,1
DF,IGTAV,54.641117,-126.868161,2, ,0.0,0.0,1,9600,0,0,0,0,0,1
HM,IGTAV,54.641117,-126.868161,2, ,0.0,0.0,127.0,04.3,0,0,0,1,200,0,0,0,0

