APPTR,R17,17,ERBAD
IF,ERBAD,49.576564,-82.441267, ,0.0,0.0,0,0,0,0,0,0,1,0
TF,RUDVA,49.543094,-82.558461,0, ,0.0,0.0,0.0,0.0,2,2000,0,0,0,0,1,0

APPTR,R17,17,ILIXO
IF,ILIXO,49.509508,-82.675497, ,0.0,0.0,0,0,0,0,0,0,1,0
TF,RUDVA,49.543094,-82.558461,0, ,0.0,0.0,0.0,0.0,2,2000,0,0,0,0,1,0

FINAL,R17,17,R,3
IF,RUDVA,49.543094,-82.558461, ,0.0,0.0,2,2000,0,0,0,0,1,0
TF,OVDAX,49.466911,-82.506886,0, ,0.0,0.0,166.0,5.0,2,1800,0,0,0,0,2,0
TF,RW17,49.418494,-82.474197,0, ,0.0,0.0,166.0,3.2,1,785,0,0,0,0,3,1
TF,UKIVO,49.296522,-82.392189,0, ,0.0,0.0,0.0,0.0,1,2300,0,0,0,0,0,1
HM,UKIVO,49.296522,-82.392189,2, ,0.0,0.0,166.0,04.3,0,0,0,0,0,0,0,0,0

APPTR,R35,35,EBLEX
IF,EBLEX,49.312953,-82.264169, ,0.0,0.0,0,0,0,0,0,0,1,0
TF,BOGNI,49.279492,-82.380744,0, ,0.0,0.0,0.0,0.0,2,2000,0,0,0,0,1,0

APPTR,R35,35,IKUSO
IF,IKUSO,49.245911,-82.497161, ,0.0,0.0,0,0,0,0,0,0,1,0
TF,BOGNI,49.279492,-82.380744,0, ,0.0,0.0,0.0,0.0,2,2000,0,0,0,0,1,0

FINAL,R35,35,R,3
IF,BOGNI,49.279492,-82.380744, ,0.0,0.0,2,2000,0,0,0,0,1,0
TF,ALSUL,49.355733,-82.431931,0, ,0.0,0.0,346.0,5.0,2,1800,0,0,0,0,2,0
TF,RW35,49.404683,-82.464886,0, ,0.0,0.0,346.0,3.2,1,774,0,0,0,0,3,1
TF,MEBES,49.480886,-82.516333,0, ,0.0,0.0,0.0,0.0,1,2300,0,0,0,0,0,1
HM,MEBES,49.480886,-82.516333,2, ,0.0,0.0,346.0,04.3,0,0,0,0,0,0,0,0,0

