APPTR,N05-A,05,WALAC
IF,WALAC,45.778611,-82.060556, ,0.0,0.0,0,0,0,0,0,0,0,0
TF,YZE,45.927856,-82.614464,0, ,0.0,0.0,0.0,0.0,2,2600,0,0,0,0,0,0
PI,YZE,45.927856,-82.614464,2,YZE,289.0,9.0,334,5.0,2,2000,0,0,0,0,0,0
CF,YZE,45.927856,-82.614464,0,YZE,0.0,0.0,154.0,7.0,2,1650,0,0,0,0,0,0

APPTR,N05-A,05,YZE
PI,YZE,45.927856,-82.614464,2,YZE,289.0,9.0,334,5.0,2,2000,0,0,0,0,0,0
CF,YZE,45.927856,-82.614464,0,YZE,0.0,0.0,154.0,7.0,2,1650,0,0,0,0,0,0

FINAL,N05-A,05,N,2
IF,YZE,45.927856,-82.614464,YZE,0.0,0.0,2,1650,0,0,0,0,2,0
CF,MA154,45.885769,-82.572458,0,YZE,0.0,0.0,154.0,3.1,1,1240,0,0,0,0,3,0
CA,0,154.0,2,2800,0,0,0,0,0,0
DF,YZE,45.927856,-82.614464,2, ,0.0,0.0,1,2800,0,0,0,0,0,0
HM,YZE,45.927856,-82.614464,2, ,0.0,0.0,154.0,04.3,0,0,0,0,0,0,0,0,0

APPTR,N11-A,11,WALAC
IF,WALAC,45.778611,-82.060556, ,0.0,0.0,0,0,0,0,0,0,0,0
TF,YZE,45.927856,-82.614464,0, ,0.0,0.0,0.0,0.0,2,2600,0,0,0,0,0,0
PI,YZE,45.927856,-82.614464,2,YZE,289.0,9.0,334,5.0,2,2000,0,0,0,0,0,0
CF,YZE,45.927856,-82.614464,0,YZE,0.0,0.0,154.0,7.0,2,1650,0,0,0,0,0,0

APPTR,N11-A,11,YZE
PI,YZE,45.927856,-82.614464,2,YZE,289.0,9.0,334,5.0,2,2000,0,0,0,0,0,0
CF,YZE,45.927856,-82.614464,0,YZE,0.0,0.0,154.0,7.0,2,1650,0,0,0,0,0,0

FINAL,N11-A,11,N,2
IF,YZE,45.927856,-82.614464,YZE,0.0,0.0,2,1650,0,0,0,0,2,0
CF,MA154,45.885769,-82.572458,0,YZE,0.0,0.0,154.0,3.1,1,1240,0,0,0,0,3,0
CA,0,154.0,2,2800,0,0,0,0,0,0
DF,YZE,45.927856,-82.614464,2, ,0.0,0.0,1,2800,0,0,0,0,0,0
HM,YZE,45.927856,-82.614464,2, ,0.0,0.0,154.0,04.3,0,0,0,0,0,0,0,0,0

APPTR,N23-A,23,WALAC
IF,WALAC,45.778611,-82.060556, ,0.0,0.0,0,0,0,0,0,0,0,0
TF,YZE,45.927856,-82.614464,0, ,0.0,0.0,0.0,0.0,2,2600,0,0,0,0,0,0
PI,YZE,45.927856,-82.614464,2,YZE,289.0,9.0,334,5.0,2,2000,0,0,0,0,0,0
CF,YZE,45.927856,-82.614464,0,YZE,0.0,0.0,154.0,7.0,2,1650,0,0,0,0,0,0

APPTR,N23-A,23,YZE
PI,YZE,45.927856,-82.614464,2,YZE,289.0,9.0,334,5.0,2,2000,0,0,0,0,0,0
CF,YZE,45.927856,-82.614464,0,YZE,0.0,0.0,154.0,7.0,2,1650,0,0,0,0,0,0

FINAL,N23-A,23,N,2
IF,YZE,45.927856,-82.614464,YZE,0.0,0.0,2,1650,0,0,0,0,2,0
CF,MA154,45.885769,-82.572458,0,YZE,0.0,0.0,154.0,3.1,1,1240,0,0,0,0,3,0
CA,0,154.0,2,2800,0,0,0,0,0,0
DF,YZE,45.927856,-82.614464,2, ,0.0,0.0,1,2800,0,0,0,0,0,0
HM,YZE,45.927856,-82.614464,2, ,0.0,0.0,154.0,04.3,0,0,0,0,0,0,0,0,0

APPTR,N29-A,29,WALAC
IF,WALAC,45.778611,-82.060556, ,0.0,0.0,0,0,0,0,0,0,0,0
TF,YZE,45.927856,-82.614464,0, ,0.0,0.0,0.0,0.0,2,2600,0,0,0,0,0,0
PI,YZE,45.927856,-82.614464,2,YZE,289.0,9.0,334,5.0,2,2000,0,0,0,0,0,0
CF,YZE,45.927856,-82.614464,0,YZE,0.0,0.0,154.0,7.0,2,1650,0,0,0,0,0,0

APPTR,N29-A,29,YZE
PI,YZE,45.927856,-82.614464,2,YZE,289.0,9.0,334,5.0,2,2000,0,0,0,0,0,0
CF,YZE,45.927856,-82.614464,0,YZE,0.0,0.0,154.0,7.0,2,1650,0,0,0,0,0,0

FINAL,N29-A,29,N,2
IF,YZE,45.927856,-82.614464,YZE,0.0,0.0,2,1650,0,0,0,0,2,0
CF,MA154,45.885769,-82.572458,0,YZE,0.0,0.0,154.0,3.1,1,1240,0,0,0,0,3,0
CA,0,154.0,2,2800,0,0,0,0,0,0
DF,YZE,45.927856,-82.614464,2, ,0.0,0.0,1,2800,0,0,0,0,0,0
HM,YZE,45.927856,-82.614464,2, ,0.0,0.0,154.0,04.3,0,0,0,0,0,0,0,0,0

APPTR,R11,11,AXOPU
IF,AXOPU,45.984664,-82.802050, ,0.0,0.0,0,0,0,1,210,0,1,0
TF,BOSIP,45.901925,-82.816008,0, ,0.0,0.0,0.0,0.0,2,2300,0,0,0,0,1,0

APPTR,R11,11,BEVEB
IF,BEVEB,45.819183,-82.829925, ,0.0,0.0,0,0,0,1,210,0,1,0
TF,BOSIP,45.901925,-82.816008,0, ,0.0,0.0,0.0,0.0,2,2300,0,0,0,0,1,0

APPTR,R11,11,BOVAK
IF,BOVAK,45.911594,-82.934542, ,0.0,0.0,0,0,0,1,210,0,1,0
TF,BOSIP,45.901925,-82.816008,0, ,0.0,0.0,0.0,0.0,2,2300,0,0,0,0,1,0

FINAL,R11,11,R,3
IF,BOSIP,45.901925,-82.816008, ,0.0,0.0,2,2300,0,0,0,0,0,0
TF,AXANA,45.892256,-82.697494,0, ,0.0,0.0,106.0,5.0,2,2240,0,0,0,0,2,0
TF,RW11,45.882586,-82.579003,0, ,0.0,0.0,106.0,5.0,1,652,0,0,0,0,3,1
TF,DUSEM,45.866750,-82.387117,0, ,0.0,0.0,0.0,0.0,1,2600,0,0,0,0,0,1
HM,DUSEM,45.866750,-82.387117,2, ,0.0,0.0,106.0,04.3,0,0,0,1,200,0,0,0,0

APPTR,R29,29,GOTON
IF,GOTON,45.851372,-82.202286, ,0.0,0.0,0,0,0,1,210,0,1,0
TF,ELEVI,45.861189,-82.320689,0, ,0.0,0.0,0.0,0.0,2,2300,0,0,0,0,1,0

APPTR,R29,29,IMUBA
IF,IMUBA,45.778450,-82.334631, ,0.0,0.0,0,0,0,1,210,0,1,0
TF,ELEVI,45.861189,-82.320689,0, ,0.0,0.0,0.0,0.0,2,2300,0,0,0,0,1,0

APPTR,R29,29,KINEX
IF,KINEX,45.943925,-82.306706, ,0.0,0.0,0,0,0,1,210,0,1,0
TF,ELEVI,45.861189,-82.320689,0, ,0.0,0.0,0.0,0.0,2,2300,0,0,0,0,1,0

FINAL,R29,29,R,4
IF,ELEVI,45.861189,-82.320689, ,0.0,0.0,2,2300,0,0,0,0,0,0
TF,EBGIP,45.871006,-82.439111,0, ,0.0,0.0,286.0,5.0,2,2270,0,0,0,0,2,0
TF,DUVKU,45.875931,-82.498328,0, ,0.0,0.0,286.0,2.5,2,1470,0,0,0,0,0,0
TF,RW29,45.880822,-82.557556,0, ,0.0,0.0,286.0,2.5,1,663,0,0,0,0,3,1
TF,EPREN,45.897314,-82.758989,0, ,0.0,0.0,0.0,0.0,1,2600,0,0,0,0,0,1
HM,EPREN,45.897314,-82.758989,2, ,0.0,0.0,285.0,04.3,0,0,0,1,200,0,0,0,0

