APPTR,N26,26,9Y
PI,9Y,49.523333,-113.998611,2,9Y,39.0,10.0,084,5.0,2,6000,0,0,0,0,0,0
CF,FF26,49.505228,-113.824347,0,9Y,84.0,6.9,264.0,3.1,2,6000,0,0,0,0,0,0

APPTR,N26,26,QL
IF,QL,49.605322,-112.894375, ,0.0,0.0,0,0,0,0,0,0,0,0
TF,9Y,49.523333,-113.998611,0, ,0.0,0.0,0.0,0.0,2,6400,0,0,0,0,0,0
PI,9Y,49.523333,-113.998611,2,9Y,39.0,10.0,084,5.0,2,6000,0,0,0,0,0,0
CF,FF26,49.505228,-113.824347,0,9Y,84.0,6.9,264.0,3.1,2,6000,0,0,0,0,0,0

APPTR,N26,26,YC
IF,YC,51.080842,-113.910217, ,0.0,0.0,0,0,0,0,0,0,0,0
TF,9Y,49.523333,-113.998611,0, ,0.0,0.0,0.0,0.0,2,8200,0,0,0,0,0,0
PI,9Y,49.523333,-113.998611,2,9Y,39.0,10.0,084,5.0,2,6000,0,0,0,0,0,0
CF,FF26,49.505228,-113.824347,0,9Y,84.0,6.9,264.0,3.1,2,6000,0,0,0,0,0,0

FINAL,N26,26,N,2
IF,FF26,49.505228,-113.824347,9Y,0.0,0.0,2,6000,0,0,0,0,2,0
CF,RW26,49.520431,-113.988225,0,9Y,0.0,0.0,264.0,6.5,1,3930,0,0,0,0,3,0
CF,9Y,49.523333,-113.998611,0,9Y,0.0,0.0,264.0,0.4,0,0,0,0,0,0,0,1
CA,0,264.0,2,6100,0,0,0,0,0,0
DF,9Y,49.523333,-113.998611,2, ,0.0,0.0,1,6100,0,0,0,0,0,0
HM,9Y,49.523333,-113.998611,2, ,0.0,0.0,264.0,04.3,0,0,0,1,250,0,0,0,0

APPTR,R08,08,APKUK
IF,APKUK,49.629986,-114.288917, ,0.0,0.0,0,0,0,1,210,0,1,0
TF,NABAV,49.520086,-114.288281,0, ,0.0,0.0,0.0,0.0,2,7300,0,1,180,0,1,0

APPTR,R08,08,PEVBI
IF,PEVBI,49.403522,-114.287608, ,0.0,0.0,0,0,0,1,210,0,1,0
TF,NABAV,49.520086,-114.288281,0, ,0.0,0.0,0.0,0.0,2,7300,0,1,180,0,1,0

FINAL,R08,08,R,5
IF,NABAV,49.520086,-114.288281, ,0.0,0.0,2,7300,0,1,180,0,0,0
TF,RIDIM,49.520267,-114.201317,0, ,0.0,0.0,76.0,3.4,2,6600,0,0,0,0,0,0
TF,LEXAL,49.520331,-114.157833,0, ,0.0,0.0,76.0,1.7,2,6200,0,0,0,0,2,0
TF,DURPU,49.520419,-114.057931,0, ,0.0,0.0,76.0,3.9,2,4560,0,0,0,0,0,0
TF,RW08,49.520431,-114.009333,0, ,0.0,0.0,76.0,1.9,1,3950,0,0,0,0,3,1
TF,ODBOT,49.520364,-113.881444,0, ,0.0,0.0,0.0,0.0,1,6000,0,1,150,0,0,1
HM,ODBOT,49.520364,-113.881444,1, ,0.0,0.0,76.0,04.3,2,6000,0,1,175,0,0,0,0

APPTR,R26,26,LORGU
IF,LORGU,49.386856,-113.703311, ,0.0,0.0,0,0,0,1,210,0,1,0
TF,DUTBA,49.520069,-113.702528,0, ,0.0,0.0,0.0,0.0,2,7000,0,1,200,0,1,0

APPTR,R26,26,OTNUR
IF,OTNUR,49.653281,-113.701742, ,0.0,0.0,0,0,0,1,210,0,1,0
TF,DUTBA,49.520069,-113.702528,0, ,0.0,0.0,0.0,0.0,2,7000,0,1,200,0,1,0

APPTR,R26,26,YQL
IF,YQL,49.634406,-112.667883, ,0.0,0.0,0,0,0,0,0,0,0,0
TF,RAGAB,49.519378,-113.497911,0, ,0.0,0.0,0.0,0.0,2,7000,0,1,210,0,1,0
TF,DUTBA,49.520069,-113.702528,0, ,0.0,0.0,0.0,0.0,2,7000,0,1,200,0,1,0

FINAL,R26,26,R,3
IF,DUTBA,49.520069,-113.702528, ,0.0,0.0,2,7000,0,1,200,0,0,0
TF,APDEV,49.520350,-113.855994,0, ,0.0,0.0,257.0,6.0,2,5600,0,0,0,0,2,0
TF,RW26,49.520431,-113.988225,0, ,0.0,0.0,257.0,5.2,1,3930,0,0,0,0,3,1
CA,0,257.0,2,5000,0,0,0,0,0,0
DF,DUTBA,49.520069,-113.702528,1, ,0.0,0.0,1,7500,0,1,185,0,0,1
HM,DUTBA,49.520069,-113.702528,2, ,0.0,0.0,257.0,04.3,0,0,0,1,175,0,0,0,0

