APPTR,N03,03,ZRJ
PI,ZRJ,52.948519,-91.323964,2,ZRJ,133.0,10.0,178,5.0,2,2400,0,0,0,0,0,0
CF,FN03,52.866108,-91.312050,0,ZRJ,178.0,5.0,358.0,5.0,2,2400,0,0,0,0,0,0

FINAL,N03,03,N,3
IF,FN03,52.866108,-91.312050,ZRJ,0.0,0.0,2,2400,0,0,0,0,2,0
CF,EN03,52.938739,-91.322547,0,ZRJ,0.0,0.0,358.0,4.4,1,1005,0,0,0,0,0,1
CF,ZRJ,52.948519,-91.323964,0,ZRJ,0.0,0.0,358.0,0.6,2,1380,0,0,0,0,3,1
CA,0,358.0,2,2500,0,0,0,0,0,0
DF,ZRJ,52.948519,-91.323964,2, ,0.0,0.0,1,2500,0,0,0,0,0,0
HM,ZRJ,52.948519,-91.323964,2, ,0.0,0.0,358.0,04.3,0,0,0,0,0,0,0,0,0

APPTR,R03,03,AVSOB
IF,AVSOB,52.752250,-91.301131, ,0.0,0.0,0,0,0,1,210,0,1,0
TF,TOVUL,52.785600,-91.426825,0, ,0.0,0.0,0.0,0.0,2,2400,0,0,0,0,1,0

APPTR,R03,03,XEXUN
IF,XEXUN,52.818819,-91.552711, ,0.0,0.0,0,0,0,1,210,0,1,0
TF,TOVUL,52.785600,-91.426825,0, ,0.0,0.0,0.0,0.0,2,2400,0,0,0,0,1,0

FINAL,R03,03,R,3
IF,TOVUL,52.785600,-91.426825, ,0.0,0.0,2,2400,0,0,0,0,1,0
TF,UDKID,52.877100,-91.360808,0, ,0.0,0.0,26.0,6.0,2,2300,0,0,0,0,2,0
TF,RW03,52.939092,-91.315908,0, ,0.0,0.0,26.0,4.1,1,1005,0,0,0,0,3,1
TF,EPVAB,53.015289,-91.260525,0, ,0.0,0.0,0.0,0.0,1,2500,0,0,0,0,0,1
HM,EPVAB,53.015289,-91.260525,2, ,0.0,0.0,26.0,04.3,0,0,0,0,0,0,0,0,0

APPTR,R21,21,RERUX
IF,RERUX,53.134081,-91.324875, ,0.0,0.0,0,0,0,1,210,0,1,0
TF,LETUX,53.100622,-91.198244,0, ,0.0,0.0,0.0,0.0,2,2300,0,0,0,0,1,0

APPTR,R21,21,XETUG
IF,XETUG,53.067031,-91.071814, ,0.0,0.0,0,0,0,1,210,0,1,0
TF,LETUX,53.100622,-91.198244,0, ,0.0,0.0,0.0,0.0,2,2300,0,0,0,0,1,0

FINAL,R21,21,R,3
IF,LETUX,53.100622,-91.198244, ,0.0,0.0,2,2300,0,0,0,0,1,0
TF,XIDEX,53.009217,-91.264947,0, ,0.0,0.0,206.0,6.0,2,2300,0,0,0,0,2,0
TF,RW21,52.948156,-91.309331,0, ,0.0,0.0,206.0,4.0,1,1024,0,0,0,0,3,1
TF,MCMUN,52.871933,-91.364544,0, ,0.0,0.0,0.0,0.0,1,2500,0,0,0,0,0,1
HM,MCMUN,52.871933,-91.364544,2, ,0.0,0.0,206.0,04.3,0,0,0,0,0,0,0,0,0

