SID,FIBRE1,08,5
CF,FIBRE,53.639558,-113.538892,0,YEG,8.2,29.7,85.0,11.0,2,4400,0,0,0,0,0,0
FM,FIBRE,53.639558,-113.538892,0,YEG,0.0,0.0,85.0,0,0,0,0,0,0,0,0

SID,NOPOK1,16,5
CF,NOPOK,53.586117,-113.865206,0,YEG,345.1,24.1,165.0,5.0,0,0,0,1,210,0,0,0

SID,NOPOK1,KAXET,6
IF,NOPOK,53.586117,-113.865206, ,0.0,0.0,0,0,0,1,210,0,0,0
TF,KAXET,53.488611,-114.094167,0, ,0.0,0.0,0.0,0.0,0,0,0,0,0,0,0,0

SID,NOPOK1,NALDU,6
IF,NOPOK,53.586117,-113.865206, ,0.0,0.0,0,0,0,1,210,0,0,0
TF,NALDU,53.585797,-113.585553,0, ,0.0,0.0,0.0,0.0,0,0,0,0,0,0,0,0

SID,TADEV1,26,5
CF,TADEV,53.687608,-113.994550,0,YEG,336.4,30.5,265.0,5.0,0,0,0,1,210,0,0,0

SID,TADEV1,KAXET,6
IF,TADEV,53.687608,-113.994550, ,0.0,0.0,0,0,0,1,210,0,0,0
TF,KAXET,53.488611,-114.094167,0, ,0.0,0.0,0.0,0.0,0,0,0,0,0,0,0,0

SID,TADEV1,URVOT,6
IF,TADEV,53.687608,-113.994550, ,0.0,0.0,0,0,0,1,210,0,0,0
TF,URVOT,53.717575,-114.018939,0, ,0.0,0.0,0.0,0.0,0,0,0,0,0,0,0,0

SID,VOGOD1,34,5
CF,VOGOD,53.838631,-113.865225,0,YEG,345.1,39.2,345.0,10.0,0,0,0,0,0,0,0,0
FM,VOGOD,53.838631,-113.865225,0,YEG,0.0,0.0,345.0,0,0,0,0,0,0,0,0

FINAL,I26,26,I,3
IF,DEBGA,53.642208,-113.563553,IVL,85.0,11.0,2,4400,0,0,0,0,0,0
CF,ALSEV,53.656789,-113.700222,0,IVL,85.0,6.1,265.0,5.0,1,3900,0,0,0,0,2,0
CF,RW26,53.671447,-113.839319,0,IVL,85.0,0.0,265.0,5.0,1,2272,0,0,0,0,3,0
VA,0,265.0,2,3300,0,0,0,0,0,0
DF,XD,53.643678,-113.512858,2, ,0.0,0.0,1,4600,0,0,0,0,0,0
HM,XD,53.643678,-113.512858,2, ,0.0,0.0,225.0,04.3,0,0,0,1,230,0,0,0,0

APPTR,R08,08,NOTUP
IF,NOTUP,53.799886,-114.094056, ,0.0,0.0,0,0,0,1,210,0,1,0
TF,OVAGI,53.716978,-114.105803,0, ,0.0,0.0,0.0,0.0,2,4000,0,1,180,0,1,0

FINAL,R08,08,R,4
IF,OVAGI,53.716978,-114.105803, ,0.0,0.0,2,4000,0,1,180,0,0,0
TF,EPRIK,53.688322,-114.001461,0, ,0.0,0.0,100.0,4.1,2,3900,0,0,0,0,2,0
TF,NALVI,53.681022,-113.931042,0, ,0.0,0.0,85.0,2.6,2,3090,0,0,0,0,0,0
TF,RW08,53.673825,-113.862033,0, ,0.0,0.0,85.0,2.5,1,2292,0,0,0,0,3,1
CA,0,85.0,2,3300,0,0,0,0,0,0
DF,OMSEN,53.841667,-113.616667,0, ,0.0,0.0,1,4600,0,0,0,0,0,1
HM,OMSEN,53.841667,-113.616667,2, ,0.0,0.0,349.0,04.3,0,0,0,1,230,0,0,0,0

APPTR,R16,16,LOPSO
IF,LOPSO,53.856206,-114.020028, ,0.0,0.0,0,0,0,0,0,0,1,0
TF,GABDU,53.856308,-113.865228,0, ,0.0,0.0,0.0,0.0,2,4000,0,0,0,0,1,0

APPTR,R16,16,VOKUS
IF,VOKUS,53.856214,-113.710428, ,0.0,0.0,0,0,0,0,0,0,1,0
TF,GABDU,53.856308,-113.865228,0, ,0.0,0.0,0.0,0.0,2,4000,0,0,0,0,1,0

FINAL,R16,16,R,3
IF,GABDU,53.856308,-113.865228, ,0.0,0.0,2,4000,0,0,0,0,0,0
TF,TUDIL,53.756472,-113.865219,0, ,0.0,0.0,165.0,6.0,2,3900,0,0,0,0,2,0
TF,RW16,53.672233,-113.865211,0, ,0.0,0.0,165.0,5.1,1,2288,0,0,0,0,3,1
CA,0,165.0,2,3300,0,0,0,0,0,0
DF,APDAS,53.709569,-113.636803,1, ,0.0,0.0,1,4600,0,1,180,0,0,1
HM,APDAS,53.709569,-113.636803,2, ,0.0,0.0,16.0,04.3,0,0,0,1,230,0,0,0,0

APPTR,R26,26,LEPIL
IF,LEPIL,53.560269,-113.587842, ,0.0,0.0,0,0,0,0,0,0,1,0
TF,DEBGA,53.642208,-113.563553,0, ,0.0,0.0,0.0,0.0,2,4400,0,0,0,0,1,0

APPTR,R26,26,UKSOT
IF,UKSOT,53.724136,-113.539172, ,0.0,0.0,0,0,0,0,0,0,1,0
TF,DEBGA,53.642208,-113.563553,0, ,0.0,0.0,0.0,0.0,2,4400,0,0,0,0,1,0

FINAL,R26,26,R,3
IF,DEBGA,53.642208,-113.563553, ,0.0,0.0,2,4400,0,0,0,0,1,0
TF,VOBUR,53.660353,-113.733931,0, ,0.0,0.0,265.0,6.2,2,3500,0,0,0,0,2,0
TF,RW26,53.671447,-113.839319,0, ,0.0,0.0,265.0,3.8,1,2272,0,0,0,0,3,1
TF,UKULA,53.684003,-113.959519,0, ,0.0,0.0,0.0,0.0,0,0,0,0,0,0,0,0
TF,XUDMI,53.786264,-114.089714,0, ,0.0,0.0,0.0,0.0,1,4600,0,0,0,0,0,1
HM,XUDMI,53.786264,-114.089714,2, ,0.0,0.0,308.0,04.3,0,0,0,1,230,0,0,0,0

APPTR,R34,34,LORMI
IF,LORMI,53.479411,-114.018619, ,0.0,0.0,0,0,0,0,0,0,1,0
TF,TANBI,53.479514,-113.865197,0, ,0.0,0.0,0.0,0.0,2,4400,0,1,230,0,1,0

APPTR,R34,34,REVOG
IF,REVOG,53.479422,-113.711772, ,0.0,0.0,0,0,0,1,230,0,1,0
TF,TANBI,53.479514,-113.865197,0, ,0.0,0.0,0.0,0.0,2,4400,0,0,0,0,1,0

FINAL,R34,34,R,4
IF,TANBI,53.479514,-113.865197, ,0.0,0.0,2,4400,0,1,230,0,1,0
TF,BOMOP,53.529436,-113.865200,0, ,0.0,0.0,345.0,3.0,2,4400,0,0,0,0,0,0
TF,GUBUS,53.579356,-113.865206,0, ,0.0,0.0,345.0,3.0,2,3900,0,0,0,0,2,0
TF,RW34,53.662658,-113.865211,0, ,0.0,0.0,345.0,5.0,1,2306,0,0,0,0,3,1
TF,ATUBO,53.779139,-113.865222,0, ,0.0,0.0,0.0,0.0,1,4600,0,0,0,0,0,1
HM,ATUBO,53.779139,-113.865222,2, ,0.0,0.0,345.0,04.3,0,0,0,1,200,0,0,0,0

