SID,BABO1A,23,2
DF,ALR,36.690997,3.215481,0, ,0.0,0.0,0,0,0,0,0,0,0,0
FD,ALR,36.690997,3.215481,0,ALR,0.0,4.0,232.0,4.0,0,0,0,0,0,0,0,0
VI,2, ,0.0,116.0,0,0,0,0,0,0,0,0
CF,BNA,36.651297,3.591522,0,ALR,96.4,18.3,86.0,16.0,2,7000,0,0,0,0,0,0
TF,BABOR,36.484444,5.000000,0, ,0.0,0.0,0.0,0.0,0,0,0,0,0,0,0,0

SID,BABO1B,27,2
DF,SMR,36.692886,3.089872,0, ,0.0,0.0,0,0,0,0,0,0,0,1
CF,BNA,36.651297,3.591522,1,ALR,96.4,18.3,86.0,25.0,2,7000,0,0,0,0,0,0
TF,BABOR,36.484444,5.000000,0, ,0.0,0.0,0.0,0.0,0,0,0,0,0,0,0,0

SID,BABO1C,05,2
CA,0,52.0,2,490,0,0,0,0,0,0
DF,SMR,36.692886,3.089872,1, ,0.0,0.0,2,4000,0,0,0,0,0,1
CF,BNA,36.651297,3.591522,1,ALR,96.4,18.3,86.0,23.0,2,7000,0,0,0,0,0,0
TF,BABOR,36.484444,5.000000,0, ,0.0,0.0,0.0,0.0,0,0,0,0,0,0,0,0

SID,BABO1D,09,2
CA,0,91.0,2,490,0,0,0,0,0,0
DF,SMR,36.692886,3.089872,1, ,0.0,0.0,2,4000,0,0,0,0,0,1
CF,BNA,36.651297,3.591522,1,ALR,96.4,18.3,86.0,23.0,2,7000,0,0,0,0,0,0
TF,BABOR,36.484444,5.000000,0, ,0.0,0.0,0.0,0.0,0,0,0,0,0,0,0,0

SID,BJA1A,23,2
DF,ALR,36.690997,3.215481,0, ,0.0,0.0,0,0,0,0,0,0,0,0
FD,ALR,36.690997,3.215481,0,ALR,0.0,4.0,232.0,4.0,0,0,0,0,0,0,0,0
VI,2, ,0.0,116.0,0,0,0,0,0,0,0,0
CF,BNA,36.651297,3.591522,0,ALR,96.4,18.3,86.0,16.0,2,7000,0,0,0,0,0,0
TF,BJA,36.715417,5.076667,0, ,0.0,0.0,0.0,0.0,0,0,0,0,0,0,0,0

SID,BJA1B,27,2
DF,SMR,36.692886,3.089872,0, ,0.0,0.0,0,0,0,0,0,0,0,1
CF,BNA,36.651297,3.591522,1,ALR,96.4,18.3,86.0,25.0,2,7000,0,0,0,0,0,0
TF,BJA,36.715417,5.076667,0, ,0.0,0.0,0.0,0.0,0,0,0,0,0,0,0,0

SID,BJA1C,05,2
CA,0,52.0,2,490,0,0,0,0,0,0
DF,SMR,36.692886,3.089872,1, ,0.0,0.0,2,4000,0,0,0,0,0,1
CF,BNA,36.651297,3.591522,1,ALR,96.4,18.3,86.0,23.0,2,7000,0,0,0,0,0,0
TF,BJA,36.715417,5.076667,0, ,0.0,0.0,0.0,0.0,0,0,0,0,0,0,0,0

SID,BJA1D,09,2
CA,0,91.0,2,490,0,0,0,0,0,0
DF,SMR,36.692886,3.089872,1, ,0.0,0.0,2,4000,0,0,0,0,0,1
CF,BNA,36.651297,3.591522,1,ALR,96.4,18.3,86.0,23.0,2,7000,0,0,0,0,0,0
TF,BJA,36.715417,5.076667,0, ,0.0,0.0,0.0,0.0,0,0,0,0,0,0,0,0

SID,BOUR1A,23,2
CA,0,232.0,2,490,0,0,0,0,0,0
VI,2, ,0.0,47.0,0,0,0,0,0,0,0,0
CF,BOUGA,37.148611,3.404167,0,ALR,17.3,28.9,17.0,23.0,0,0,0,0,0,0,0,0
CI,0, ,0.0,62.0,0,0,0,0,0,0,0,0
CF,BOURI,37.989167,5.000000,0,ALR,46.1,115.5,45.0,39.0,0,0,0,0,0,0,0,0

SID,BOUR1B,27,2
CA,0,271.0,2,490,0,0,0,0,0,0
VI,2, ,0.0,47.0,0,0,0,0,0,0,0,0
CF,BOUGA,37.148611,3.404167,0,ALR,17.3,28.9,17.0,23.0,0,0,0,0,0,0,0,0
CI,0, ,0.0,62.0,0,0,0,0,0,0,0,0
CF,BOURI,37.989167,5.000000,0,ALR,46.1,115.5,45.0,39.0,0,0,0,0,0,0,0,0

SID,BOUR1C,05,2
CA,0,52.0,2,490,0,0,0,0,0,0
VI,0, ,0.0,347.0,0,0,0,0,0,0,0,0
CF,BOUGA,37.148611,3.404167,0,ALR,17.3,28.9,17.0,25.0,0,0,0,0,0,0,0,0
CI,0, ,0.0,62.0,0,0,0,0,0,0,0,0
CF,BOURI,37.989167,5.000000,0,ALR,46.1,115.5,45.0,39.0,0,0,0,0,0,0,0,0

SID,BOUR1D,09,2
CA,0,91.0,2,490,0,0,0,0,0,0
CF,BOUGA,37.148611,3.404167,0,ALR,17.3,28.9,17.0,29.0,0,0,0,0,0,0,0,0
CI,0, ,0.0,62.0,0,0,0,0,0,0,0,0
CF,BOURI,37.989167,5.000000,0,ALR,46.1,115.5,45.0,39.0,0,0,0,0,0,0,0,0

SID,BSA1A,23,2
DF,ALR,36.690997,3.215481,0, ,0.0,0.0,0,0,0,0,0,0,0,0
FD,ALR,36.690997,3.215481,0,ALR,0.0,4.0,232.0,4.0,0,0,0,0,0,0,0,0
VI,2, ,0.0,116.0,0,0,0,0,0,0,0,0
CF,BNA,36.651297,3.591522,0,ALR,96.4,18.3,86.0,16.0,2,7000,0,0,0,0,0,0
TF,BSA,35.332139,4.208389,0, ,0.0,0.0,0.0,0.0,0,0,0,0,0,0,0,0

SID,BSA1B,27,2
DF,SMR,36.692886,3.089872,0, ,0.0,0.0,0,0,0,0,0,0,0,1
CF,BNA,36.651297,3.591522,1,ALR,96.4,18.3,86.0,25.0,2,7000,0,0,0,0,0,0
TF,BSA,35.332139,4.208389,0, ,0.0,0.0,0.0,0.0,0,0,0,0,0,0,0,0

SID,BSA1C,05,2
CA,0,52.0,2,490,0,0,0,0,0,0
DF,SMR,36.692886,3.089872,1, ,0.0,0.0,2,4000,0,0,0,0,0,1
CF,BNA,36.651297,3.591522,1,ALR,96.4,18.3,86.0,23.0,2,7000,0,0,0,0,0,0
TF,BSA,35.332139,4.208389,0, ,0.0,0.0,0.0,0.0,0,0,0,0,0,0,0,0

SID,BSA1D,09,2
CA,0,91.0,2,490,0,0,0,0,0,0
DF,SMR,36.692886,3.089872,1, ,0.0,0.0,2,4000,0,0,0,0,0,1
CF,BNA,36.651297,3.591522,1,ALR,96.4,18.3,86.0,23.0,2,7000,0,0,0,0,0,0
TF,BSA,35.332139,4.208389,0, ,0.0,0.0,0.0,0.0,0,0,0,0,0,0,0,0

SID,BSA1E,23,2
CA,0,232.0,2,490,0,0,0,0,0,0
VI,2, ,0.0,14.0,0,0,0,0,0,0,0,0
CF,D344J,36.852186,3.161733,0,ALR,344.0,10.0,344.0,6.0,0,0,0,0,0,0,0,1
CF,ALR,36.690997,3.215481,1,ALR,0.0,0.0,147.0,11.0,2,7000,0,0,0,0,0,0
TF,BSA,35.332139,4.208389,0, ,0.0,0.0,0.0,0.0,0,0,0,0,0,0,0,0

SID,BSA1F,27,2
CA,0,271.0,2,490,0,0,0,0,0,0
VI,2, ,0.0,14.0,0,0,0,0,0,0,0,0
CF,D344J,36.852186,3.161733,0,ALR,344.0,10.0,344.0,4.0,0,0,0,0,0,0,0,1
CF,ALR,36.690997,3.215481,1,ALR,0.0,0.0,147.0,11.0,2,7000,0,0,0,0,0,0
TF,BSA,35.332139,4.208389,0, ,0.0,0.0,0.0,0.0,0,0,0,0,0,0,0,0

SID,BSA1G,05,2
CA,0,52.0,2,490,0,0,0,0,0,0
VI,1, ,0.0,314.0,0,0,0,0,0,0,0,0
CF,D344J,36.852186,3.161733,0,ALR,344.0,10.0,344.0,4.0,0,0,0,0,0,0,0,1
CF,ALR,36.690997,3.215481,1,ALR,0.0,0.0,147.0,11.0,2,7000,0,0,0,0,0,0
TF,BSA,35.332139,4.208389,0, ,0.0,0.0,0.0,0.0,0,0,0,0,0,0,0,0

SID,BSA1H,09,2
CA,0,91.0,2,490,0,0,0,0,0,0
VI,1, ,0.0,314.0,0,0,0,0,0,0,0,0
CF,D344J,36.852186,3.161733,0,ALR,344.0,10.0,344.0,6.0,0,0,0,0,0,0,0,1
CF,ALR,36.690997,3.215481,1,ALR,0.0,0.0,147.0,11.0,2,7000,0,0,0,0,0,0
TF,BSA,35.332139,4.208389,0, ,0.0,0.0,0.0,0.0,0,0,0,0,0,0,0,0

SID,CHE1A,23,2
CA,0,232.0,2,490,0,0,0,0,0,0
CF,CELBA,37.115000,2.884167,2,ALR,327.0,30.0,327.0,28.0,0,0,0,0,0,0,0,0
TF,CHE,36.601419,2.193328,1, ,0.0,0.0,0.0,0.0,0,0,0,0,0,0,0,0

SID,CHE1A,DAHRA,3
IF,CHE,36.601419,2.193328, ,0.0,0.0,0,0,0,0,0,0,0,0
TF,DAHRA,36.365278,1.500000,0, ,0.0,0.0,0.0,0.0,0,0,0,0,0,0,0,0

SID,CHE1A,TRB,3
IF,CHE,36.601419,2.193328, ,0.0,0.0,0,0,0,0,0,0,0,0
TF,TRB,35.347756,1.514917,0, ,0.0,0.0,0.0,0.0,0,0,0,0,0,0,0,0

SID,CHE1B,27,2
CA,0,271.0,2,490,0,0,0,0,0,0
VI,0, ,0.0,357.0,0,0,0,0,0,0,0,0
CF,CELBA,37.115000,2.884167,0,ALR,327.0,30.0,327.0,25.0,0,0,0,0,0,0,0,0
TF,CHE,36.601419,2.193328,1, ,0.0,0.0,0.0,0.0,0,0,0,0,0,0,0,0

SID,CHE1B,DAHRA,3
IF,CHE,36.601419,2.193328, ,0.0,0.0,0,0,0,0,0,0,0,0
TF,DAHRA,36.365278,1.500000,0, ,0.0,0.0,0.0,0.0,0,0,0,0,0,0,0,0

SID,CHE1B,TRB,3
IF,CHE,36.601419,2.193328, ,0.0,0.0,0,0,0,0,0,0,0,0
TF,TRB,35.347756,1.514917,0, ,0.0,0.0,0.0,0.0,0,0,0,0,0,0,0,0

SID,CHE1C,05,2
CA,0,52.0,2,490,0,0,0,0,0,0
VI,1, ,0.0,297.0,0,0,0,0,0,0,0,0
CF,CELBA,37.115000,2.884167,0,ALR,327.0,30.0,327.0,23.0,0,0,0,0,0,0,0,0
TF,CHE,36.601419,2.193328,1, ,0.0,0.0,0.0,0.0,0,0,0,0,0,0,0,0

SID,CHE1C,DAHRA,3
IF,CHE,36.601419,2.193328, ,0.0,0.0,0,0,0,0,0,0,0,0
TF,DAHRA,36.365278,1.500000,0, ,0.0,0.0,0.0,0.0,0,0,0,0,0,0,0,0

SID,CHE1C,TRB,3
IF,CHE,36.601419,2.193328, ,0.0,0.0,0,0,0,0,0,0,0,0
TF,TRB,35.347756,1.514917,0, ,0.0,0.0,0.0,0.0,0,0,0,0,0,0,0,0

SID,CHE1D,09,2
CA,0,91.0,2,490,0,0,0,0,0,0
VI,1, ,0.0,297.0,0,0,0,0,0,0,0,0
CF,CELBA,37.115000,2.884167,0,ALR,327.0,30.0,327.0,25.0,0,0,0,0,0,0,0,0
TF,CHE,36.601419,2.193328,1, ,0.0,0.0,0.0,0.0,0,0,0,0,0,0,0,0

SID,CHE1D,DAHRA,3
IF,CHE,36.601419,2.193328, ,0.0,0.0,0,0,0,0,0,0,0,0
TF,DAHRA,36.365278,1.500000,0, ,0.0,0.0,0.0,0.0,0,0,0,0,0,0,0,0

SID,CHE1D,TRB,3
IF,CHE,36.601419,2.193328, ,0.0,0.0,0,0,0,0,0,0,0,0
TF,TRB,35.347756,1.514917,0, ,0.0,0.0,0.0,0.0,0,0,0,0,0,0,0,0

SID,LABR1A,23,2
CA,0,232.0,2,490,0,0,0,0,0,0
CF,CELBA,37.115000,2.884167,2,ALR,327.0,30.0,327.0,28.0,0,0,0,0,0,0,0,0
TF,LABRO,37.274722,1.123889,0, ,0.0,0.0,0.0,0.0,0,0,0,0,0,0,0,0

SID,LABR1B,27,2
CA,0,271.0,2,490,0,0,0,0,0,0
VI,0, ,0.0,357.0,0,0,0,0,0,0,0,0
CF,CELBA,37.115000,2.884167,0,ALR,327.0,30.0,327.0,25.0,0,0,0,0,0,0,0,0
TF,LABRO,37.274722,1.123889,0, ,0.0,0.0,0.0,0.0,0,0,0,0,0,0,0,0

SID,LABR1C,05,2
CA,0,52.0,2,490,0,0,0,0,0,0
VI,1, ,0.0,297.0,0,0,0,0,0,0,0,0
CF,CELBA,37.115000,2.884167,0,ALR,327.0,30.0,327.0,23.0,0,0,0,0,0,0,0,0
TF,LABRO,37.274722,1.123889,0, ,0.0,0.0,0.0,0.0,0,0,0,0,0,0,0,0

SID,LABR1D,09,2
CA,0,91.0,2,490,0,0,0,0,0,0
VI,1, ,0.0,297.0,0,0,0,0,0,0,0,0
CF,CELBA,37.115000,2.884167,0,ALR,327.0,30.0,327.0,25.0,0,0,0,0,0,0,0,0
TF,LABRO,37.274722,1.123889,0, ,0.0,0.0,0.0,0.0,0,0,0,0,0,0,0,0

SID,MOGI1A,23,2
CA,0,232.0,2,490,0,0,0,0,0,0
VI,2, ,0.0,30.0,0,0,0,0,0,0,0,0
IF,ALR,36.690997,3.215481, ,0.0,0.0,0,0,0,0,0,0,0,0
TF,MOGIL,38.131944,3.201944,0, ,0.0,0.0,0.0,0.0,0,0,0,0,0,0,0,0
TF,MJV,39.435194,2.758306,0, ,0.0,0.0,0.0,0.0,0,0,0,0,0,0,0,0

SID,MOGI1B,27,2
CA,0,271.0,2,490,0,0,0,0,0,0
VI,2, ,0.0,30.0,0,0,0,0,0,0,0,0
IF,ALR,36.690997,3.215481, ,0.0,0.0,0,0,0,0,0,0,0,0
TF,MOGIL,38.131944,3.201944,0, ,0.0,0.0,0.0,0.0,0,0,0,0,0,0,0,0
TF,MJV,39.435194,2.758306,0, ,0.0,0.0,0.0,0.0,0,0,0,0,0,0,0,0

SID,MOGI1C,05,2
CA,0,52.0,2,490,0,0,0,0,0,0
VI,0, ,0.0,330.0,0,0,0,0,0,0,0,0
IF,ALR,36.690997,3.215481, ,0.0,0.0,0,0,0,0,0,0,0,0
TF,MOGIL,38.131944,3.201944,0, ,0.0,0.0,0.0,0.0,0,0,0,0,0,0,0,0
TF,MJV,39.435194,2.758306,0, ,0.0,0.0,0.0,0.0,0,0,0,0,0,0,0,0

SID,MOGI1D,09,2
CA,0,91.0,2,490,0,0,0,0,0,0
VI,1, ,0.0,330.0,0,0,0,0,0,0,0,0
IF,ALR,36.690997,3.215481, ,0.0,0.0,0,0,0,0,0,0,0,0
TF,MOGIL,38.131944,3.201944,0, ,0.0,0.0,0.0,0.0,0,0,0,0,0,0,0,0
TF,MJV,39.435194,2.758306,0, ,0.0,0.0,0.0,0.0,0,0,0,0,0,0,0,0

SID,OTAR1A,23,2
CA,0,232.0,2,490,0,0,0,0,0,0
VI,2, ,0.0,47.0,0,0,0,0,0,0,0,0
CF,BOUGA,37.148611,3.404167,0,ALR,17.3,28.9,17.0,23.0,0,0,0,0,0,0,0,0
CI,0, ,0.0,62.0,0,0,0,0,0,0,0,0
IF,ALR,36.690997,3.215481, ,0.0,0.0,0,0,0,0,0,0,0,0
TF,OTARO,39.000000,4.685000,0, ,0.0,0.0,0.0,0.0,0,0,0,0,0,0,0,0

SID,OTAR1B,27,2
CA,0,271.0,2,490,0,0,0,0,0,0
VI,2, ,0.0,47.0,0,0,0,0,0,0,0,0
CF,BOUGA,37.148611,3.404167,0,ALR,17.3,28.9,17.0,23.0,0,0,0,0,0,0,0,0
CI,0, ,0.0,62.0,0,0,0,0,0,0,0,0
IF,ALR,36.690997,3.215481, ,0.0,0.0,0,0,0,0,0,0,0,0
TF,OTARO,39.000000,4.685000,0, ,0.0,0.0,0.0,0.0,0,0,0,0,0,0,0,0

SID,OTAR1C,05,2
CA,0,52.0,2,490,0,0,0,0,0,0
VI,0, ,0.0,347.0,0,0,0,0,0,0,0,0
CF,BOUGA,37.148611,3.404167,0,ALR,17.3,28.9,17.0,25.0,0,0,0,0,0,0,0,0
CI,0, ,0.0,62.0,0,0,0,0,0,0,0,0
IF,ALR,36.690997,3.215481, ,0.0,0.0,0,0,0,0,0,0,0,0
TF,OTARO,39.000000,4.685000,0, ,0.0,0.0,0.0,0.0,0,0,0,0,0,0,0,0

SID,OTAR1D,09,2
CA,0,91.0,2,490,0,0,0,0,0,0
CF,BOUGA,37.148611,3.404167,0,ALR,17.3,28.9,17.0,29.0,0,0,0,0,0,0,0,0
CI,0, ,0.0,62.0,0,0,0,0,0,0,0,0
IF,ALR,36.690997,3.215481, ,0.0,0.0,0,0,0,0,0,0,0,0
TF,OTARO,39.000000,4.685000,0, ,0.0,0.0,0.0,0.0,0,0,0,0,0,0,0,0

SID,PECE1A,23,2
CA,0,232.0,2,490,0,0,0,0,0,0
VI,2, ,0.0,47.0,0,0,0,0,0,0,0,0
IF,ALR,36.690997,3.215481, ,0.0,0.0,0,0,0,0,0,0,0,0
TF,PECES,38.480278,3.949722,0, ,0.0,0.0,0.0,0.0,0,0,0,0,0,0,0,0
TF,MHN,39.863611,4.216306,0, ,0.0,0.0,0.0,0.0,0,0,0,0,0,0,0,0

SID,PECE1B,27,2
CA,0,271.0,2,490,0,0,0,0,0,0
VI,2, ,0.0,47.0,0,0,0,0,0,0,0,0
IF,ALR,36.690997,3.215481, ,0.0,0.0,0,0,0,0,0,0,0,0
TF,PECES,38.480278,3.949722,0, ,0.0,0.0,0.0,0.0,0,0,0,0,0,0,0,0
TF,MHN,39.863611,4.216306,0, ,0.0,0.0,0.0,0.0,0,0,0,0,0,0,0,0

SID,PECE1C,05,2
CA,0,52.0,2,490,0,0,0,0,0,0
VI,0, ,0.0,347.0,0,0,0,0,0,0,0,0
IF,ALR,36.690997,3.215481, ,0.0,0.0,0,0,0,0,0,0,0,0
TF,PECES,38.480278,3.949722,0, ,0.0,0.0,0.0,0.0,0,0,0,0,0,0,0,0
TF,MHN,39.863611,4.216306,0, ,0.0,0.0,0.0,0.0,0,0,0,0,0,0,0,0

SID,PECE1D,09,2
CA,0,91.0,2,490,0,0,0,0,0,0
VI,1, ,0.0,347.0,0,0,0,0,0,0,0,0
IF,ALR,36.690997,3.215481, ,0.0,0.0,0,0,0,0,0,0,0,0
TF,PECES,38.480278,3.949722,0, ,0.0,0.0,0.0,0.0,0,0,0,0,0,0,0,0
TF,MHN,39.863611,4.216306,0, ,0.0,0.0,0.0,0.0,0,0,0,0,0,0,0,0

SID,SADA1A,23,2
CA,0,232.0,2,490,0,0,0,0,0,0
VI,2, ,0.0,357.0,0,0,0,0,0,0,0,0
IF,ALR,36.690997,3.215481, ,0.0,0.0,0,0,0,0,0,0,0,0
TF,SADAF,37.803611,2.328889,0, ,0.0,0.0,0.0,0.0,0,0,0,0,0,0,0,0

SID,SADA1A,IZA,3
IF,SADAF,37.803611,2.328889, ,0.0,0.0,0,0,0,0,0,0,0,0
TF,IZA,38.915472,1.470417,0, ,0.0,0.0,0.0,0.0,0,0,0,0,0,0,0,0

SID,SADA1A,MJV,3
IF,SADAF,37.803611,2.328889, ,0.0,0.0,0,0,0,0,0,0,0,0
TF,MJV,39.435194,2.758306,0, ,0.0,0.0,0.0,0.0,0,0,0,0,0,0,0,0

SID,SADA1B,27,2
CA,0,271.0,2,490,0,0,0,0,0,0
VI,0, ,0.0,357.0,0,0,0,0,0,0,0,0
IF,ALR,36.690997,3.215481, ,0.0,0.0,0,0,0,0,0,0,0,0
TF,SADAF,37.803611,2.328889,0, ,0.0,0.0,0.0,0.0,0,0,0,0,0,0,0,0

SID,SADA1B,IZA,3
IF,SADAF,37.803611,2.328889, ,0.0,0.0,0,0,0,0,0,0,0,0
TF,IZA,38.915472,1.470417,0, ,0.0,0.0,0.0,0.0,0,0,0,0,0,0,0,0

SID,SADA1B,MJV,3
IF,SADAF,37.803611,2.328889, ,0.0,0.0,0,0,0,0,0,0,0,0
TF,MJV,39.435194,2.758306,0, ,0.0,0.0,0.0,0.0,0,0,0,0,0,0,0,0

SID,SADA1C,05,2
CA,0,52.0,2,490,0,0,0,0,0,0
VI,1, ,0.0,297.0,0,0,0,0,0,0,0,0
IF,ALR,36.690997,3.215481, ,0.0,0.0,0,0,0,0,0,0,0,0
TF,SADAF,37.803611,2.328889,0, ,0.0,0.0,0.0,0.0,0,0,0,0,0,0,0,0

SID,SADA1C,IZA,3
IF,SADAF,37.803611,2.328889, ,0.0,0.0,0,0,0,0,0,0,0,0
TF,IZA,38.915472,1.470417,0, ,0.0,0.0,0.0,0.0,0,0,0,0,0,0,0,0

SID,SADA1C,MJV,3
IF,SADAF,37.803611,2.328889, ,0.0,0.0,0,0,0,0,0,0,0,0
TF,MJV,39.435194,2.758306,0, ,0.0,0.0,0.0,0.0,0,0,0,0,0,0,0,0

SID,SADA1D,09,2
CA,0,91.0,2,490,0,0,0,0,0,0
VI,1, ,0.0,297.0,0,0,0,0,0,0,0,0
IF,ALR,36.690997,3.215481, ,0.0,0.0,0,0,0,0,0,0,0,0
TF,SADAF,37.803611,2.328889,0, ,0.0,0.0,0.0,0.0,0,0,0,0,0,0,0,0

SID,SADA1D,IZA,3
IF,SADAF,37.803611,2.328889, ,0.0,0.0,0,0,0,0,0,0,0,0
TF,IZA,38.915472,1.470417,0, ,0.0,0.0,0.0,0.0,0,0,0,0,0,0,0,0

SID,SADA1D,MJV,3
IF,SADAF,37.803611,2.328889, ,0.0,0.0,0,0,0,0,0,0,0,0
TF,MJV,39.435194,2.758306,0, ,0.0,0.0,0.0,0.0,0,0,0,0,0,0,0,0

SID,TAGR1A,23,2
DF,ALR,36.690997,3.215481,0, ,0.0,0.0,0,0,0,0,0,0,0,0
FD,ALR,36.690997,3.215481,0,ALR,0.0,4.0,232.0,4.0,0,0,0,0,0,0,0,0
VI,2, ,0.0,116.0,0,0,0,0,0,0,0,0
CF,BNA,36.651297,3.591522,0,ALR,96.4,18.3,86.0,16.0,2,7000,0,0,0,0,0,0
TF,TAGRO,36.202222,5.000000,0, ,0.0,0.0,0.0,0.0,0,0,0,0,0,0,0,0

SID,TAGR1B,27,2
DF,SMR,36.692886,3.089872,0, ,0.0,0.0,0,0,0,0,0,0,0,1
CF,BNA,36.651297,3.591522,1,ALR,96.4,18.3,86.0,25.0,2,7000,0,0,0,0,0,0
TF,TAGRO,36.202222,5.000000,0, ,0.0,0.0,0.0,0.0,0,0,0,0,0,0,0,0

SID,TAGR1C,05,2
CA,0,52.0,2,490,0,0,0,0,0,0
DF,SMR,36.692886,3.089872,1, ,0.0,0.0,2,4000,0,0,0,0,0,1
CF,BNA,36.651297,3.591522,1,ALR,96.4,18.3,86.0,23.0,2,7000,0,0,0,0,0,0
TF,TAGRO,36.202222,5.000000,0, ,0.0,0.0,0.0,0.0,0,0,0,0,0,0,0,0

SID,TAGR1D,09,2
CA,0,91.0,2,490,0,0,0,0,0,0
DF,SMR,36.692886,3.089872,1, ,0.0,0.0,2,4000,0,0,0,0,0,1
CF,BNA,36.651297,3.591522,1,ALR,96.4,18.3,86.0,23.0,2,7000,0,0,0,0,0,0
TF,TAGRO,36.202222,5.000000,0, ,0.0,0.0,0.0,0.0,0,0,0,0,0,0,0,0

APPTR,D05,05,ZEM1
IF,ZEM,36.795000,3.570833, ,0.0,0.0,2,5000,0,0,0,0,0,0
CF,OA,36.780833,3.362222,0,ALR,51.7,8.9,264.0,10.1,2,2300,0,0,0,0,0,0
CF,D232D,36.655828,3.157581,0,ALR,232.0,3.5,232.0,12.4,2,2300,0,0,0,0,0,0
CF,D253F,36.662906,3.096156,0,ALR,252.7,6.0,277.0,3.0,0,0,0,1,185,0,0,1
CF,CD05,36.610572,3.083217,1,ALR,232.0,8.0,52.0,1.0,2,2300,0,0,0,0,1,0

APPTR,D05,05,ZEM2
IF,ZEM,36.795000,3.570833, ,0.0,0.0,2,5000,0,0,0,0,0,0
TF,OA,36.780833,3.362222,0, ,0.0,0.0,0.0,0.0,2,2300,0,0,0,0,0,0
TF,FD05,36.630692,3.116256,0, ,0.0,0.0,0.0,0.0,2,2300,0,0,0,0,0,0
FC,FD05,36.630692,3.116256,0,ALR,0.0,0.0,277.0,2.3,0,0,0,1,140,0,0,1
CF,CD05,36.610572,3.083217,1,ALR,232.0,8.0,52.0,1.0,2,2300,0,0,0,0,1,0

FINAL,D05,05,D,3
IF,CD05,36.610572,3.083217,ALR,232.0,8.0,2,2300,0,0,0,0,0,0
CF,FD05,36.630692,3.116256,0,ALR,232.0,6.0,52.0,2.0,2,2300,0,0,0,0,2,0
CF,ALR,36.690997,3.215481,0,ALR,0.0,0.0,52.0,6.0,1,220,0,0,0,0,3,0
CA,0,52.0,2,490,0,0,0,0,0,0
FM,ALR,36.690997,3.215481,1,ALR,0.0,0.0,344.0,1,3060,0,0,0,0,0,0

APPTR,D09,09,MAR
IF,MAR,36.684764,2.782161, ,0.0,0.0,2,3940,0,0,0,0,0,0
CF,CF09,36.699353,2.842692,0,ALR,270.7,18.0,70.0,3.1,2,3260,0,0,0,0,1,0

FINAL,D09,09,D,5
IF,CF09,36.699353,2.842692,ALR,270.7,18.0,2,3260,0,0,0,0,0,0
CF,KARIM,36.696394,2.967014,0,ALR,270.6,12.0,91.0,6.0,2,3260,0,0,0,0,2,0
CF,VOR10,36.695783,3.008431,0,ALR,270.7,10.0,91.0,2.0,2,2620,0,0,0,0,0,0
CF,80VOR,36.694853,3.049861,0,ALR,270.7,8.0,91.0,2.0,2,1990,0,0,0,0,0,0
CF,MD09,36.692711,3.143081,0,ALR,270.7,3.5,91.0,4.5,1,535,0,0,0,0,3,0
FM,MD09,36.692711,3.143081,1,ALR,0.0,0.0,344.0,1,3060,0,0,0,0,0,0

APPTR,D23,23,ZEM
IF,ZEM,36.795000,3.570833, ,0.0,0.0,2,5000,0,0,0,0,0,0
TF,CD23,36.801494,3.397644,0, ,0.0,0.0,0.0,0.0,2,2300,0,0,0,0,1,0

FINAL,D23,23,D,3
IF,CD23,36.801494,3.397644,ALR,51.9,11.0,2,2300,0,0,0,0,0,0
CF,FD23,36.781444,3.364467,0,ALR,51.9,9.0,232.0,2.0,2,2300,0,0,0,0,2,0
CF,RW23,36.712947,3.251439,0,ALR,51.8,2.2,232.0,6.8,1,134,0,0,0,0,3,0
CA,0,232.0,2,480,0,0,0,0,0,0
FM,ALR,36.690997,3.215481,2,ALR,0.0,0.0,344.0,1,2470,0,0,0,0,0,0

APPTR,D27,27,ZEM
IF,ZEM,36.795000,3.570833, ,0.0,0.0,2,5000,0,0,0,0,0,0
TF,D249I,36.742153,3.390892,0, ,0.0,0.0,0.0,0.0,2,2530,0,0,0,0,1,0
TF,FD27,36.686831,3.360444,0, ,0.0,0.0,0.0,0.0,2,2530,0,0,0,0,0,0

FINAL,D27,27,D,2
IF,FD27,36.686831,3.360444,ALR,91.0,7.0,2,2530,0,0,0,0,2,0
CF,ALR,36.690997,3.215481,0,ALR,0.0,0.0,271.0,7.0,1,206,0,0,0,0,3,0
CA,0,271.0,2,490,0,0,0,0,0,0
VI,2, ,0.0,29.0,0,0,0,0,0,0,0,0
FM,ALR,36.690997,3.215481,0,ALR,0.0,0.0,344.0,1,2470,0,0,0,0,0,0

APPTR,I09,09,MAR
IF,MAR,36.684764,2.782161, ,0.0,0.0,2,3940,0,0,0,0,0,0
CF,CF09,36.699353,2.842692,0,HB,270.7,17.9,70.0,3.1,2,3260,0,0,0,0,1,0

FINAL,I09,09,I,3
IF,CF09,36.699353,2.842692,HB,270.7,17.9,2,3260,0,0,0,0,0,0
CF,KARIM,36.696394,2.967014,0,HB,270.6,11.9,91.0,6.0,1,3260,0,0,0,0,2,0
CF,RW09,36.692061,3.170800,0,HB,270.7,2.1,91.0,9.8,1,106,0,0,0,0,3,0
CA,0,91.0,2,490,0,0,0,0,0,0
FM,ALR,36.690997,3.215481,1,ALR,0.0,0.0,344.0,1,3060,0,0,0,0,0,0

APPTR,I23,23,ZEM
IF,ZEM,36.795000,3.570833, ,0.0,0.0,2,5000,0,0,0,0,0,0
CF,CI23,36.801011,3.395556,0,AG,51.7,10.8,269.0,8.5,2,2260,0,0,0,0,1,0

FINAL,I23,23,I,3
IF,CI23,36.801011,3.395556,AG,51.7,10.8,2,2260,0,0,0,0,0,0
CF,OA,36.780833,3.362222,0,AG,51.7,8.8,232.0,2.0,1,2260,0,0,0,0,2,0
CF,RW23,36.712947,3.251439,0,AG,51.8,2.1,232.0,6.7,1,134,0,0,0,0,3,0
CA,0,232.0,2,480,0,0,0,0,0,0
FM,ALR,36.690997,3.215481,2,ALR,0.0,0.0,344.0,1,2470,0,0,0,0,0,0

APPTR,I27,27,ZEM
IF,ZEM,36.795000,3.570833, ,0.0,0.0,2,5000,0,0,0,0,0,0
FC,ZEM,36.795000,3.570833,0,ZEM,0.0,0.0,223.0,5.2,0,0,0,0,0,0,0,0
CF,CI27,36.685303,3.437056,0,AL,90.7,13.0,223.0,4.0,2,2790,0,0,0,0,1,0

FINAL,I27,27,I,3
IF,CI27,36.685303,3.437056,AL,90.7,13.0,2,2790,0,0,0,0,0,0
CF,FI27,36.686664,3.385278,0,AL,90.7,10.5,271.0,2.5,1,2790,0,0,0,0,2,0
CF,RW27,36.691139,3.209944,0,AL,90.7,2.1,271.0,8.5,1,115,0,0,0,0,3,0
CA,0,271.0,2,490,0,0,0,0,0,0
FM,ALR,36.690997,3.215481,0,ALR,0.0,0.0,344.0,1,2470,0,1,185,0,0,0

APPTR,L27,27,ZEM
IF,ZEM,36.795000,3.570833, ,0.0,0.0,2,5000,0,0,0,0,0,0
FC,ZEM,36.795000,3.570833,0,ZEM,0.0,0.0,223.0,5.2,0,0,0,0,0,0,0,0
CF,CI27,36.685303,3.437056,0,AL,90.7,13.0,223.0,4.0,2,2790,0,0,0,0,1,0

FINAL,L27,27,D,3
IF,CI27,36.685303,3.437056,AL,90.7,13.0,2,2790,0,0,0,0,0,0
CF,FI27,36.686664,3.385278,0,AL,90.7,10.5,271.0,2.5,2,2790,0,0,0,0,2,0
CF,ML27,36.690306,3.242367,0,AL,90.7,3.6,271.0,6.9,1,614,0,0,0,0,3,0
CF,ALR,36.690997,3.215481,0,ALR,0.0,0.0,271.0,1.3,0,0,0,0,0,0,0,0
FM,ALR,36.690997,3.215481,0,ALR,0.0,0.0,344.0,1,2470,0,1,185,0,0,0

