APPTR,D17,17,JIL
IF,JIL,36.797583,5.875472, ,0.0,0.0,2,6400,0,0,0,0,0,0
TF,D346I,36.943308,5.830203,0, ,0.0,0.0,0.0,0.0,2,3090,0,0,0,0,0,0
FC,D346I,36.943308,5.830203,0,JIL,0.0,0.0,301.0,4.4,0,0,0,0,0,0,0,1
CF,CD17,37.016164,5.807503,2,JIL,346.0,13.5,166.0,1.0,2,3090,0,0,0,0,1,0

FINAL,D17,17,D,5
IF,CD17,37.016164,5.807503,JIL,346.0,13.5,2,3090,0,0,0,0,0,0
CF,FF17,36.959647,5.825117,0,JIL,346.0,10.0,166.0,3.5,2,3090,0,0,0,0,2,0
CF,50VOR,36.878544,5.850342,0,JIL,346.0,5.0,166.0,5.0,2,1500,0,0,0,0,0,0
CF,30VOR,36.846161,5.860400,0,JIL,346.0,3.0,166.0,2.0,2,860,0,0,0,0,0,0
CF,RW17,36.805806,5.871403,0,JIL,338.3,0.5,166.0,2.5,1,70,0,0,0,0,3,0
CA,0,166.0,2,440,0,0,0,0,0,0
CI,2, ,0.0,31.0,0,0,0,1,200,0,0,0
FM,JIL,36.797583,5.875472,0,JIL,0.0,0.0,346.0,1,6400,0,0,0,0,0,0

APPTR,I17,17,JIL
IF,JIL,36.797583,5.875472, ,0.0,0.0,2,6400,0,0,0,0,0,0
TF,D351G,36.904719,5.854342,0, ,0.0,0.0,0.0,0.0,0,0,0,0,0,0,0,0
FC,D351G,36.904719,5.854342,0,JIL,0.0,0.0,36.0,4.4,2,3090,0,0,0,0,0,1
CF,D171K,36.984497,5.836208,1,JIL,350.4,11.4,171.0,1.0,2,3090,0,0,0,0,0,0
CF,CF17,36.959772,5.841086,0,JL,351.0,10.8,171.0,1.5,2,2620,0,0,0,0,1,0

FINAL,I17,17,I,3
IF,CF17,36.959772,5.841086,JL,351.0,10.8,2,2620,0,0,0,0,0,0
CF,FI17,36.935047,5.845964,0,JL,351.0,9.3,171.0,1.5,1,2620,0,0,0,0,2,0
CF,RW17,36.805806,5.871403,0,JL,351.0,1.5,171.0,7.8,1,70,0,0,0,0,3,0
CF,D171A,36.786694,5.875156,0,JIL,181.3,0.7,171.0,1.2,0,0,0,0,0,0,0,1
CI,2, ,0.0,36.0,0,0,0,1,185,0,0,0
FM,JIL,36.797583,5.875472,0,JIL,0.0,0.0,351.0,1,6400,0,0,0,0,0,0

APPTR,S17,17,JIL
IF,JIL,36.797583,5.875472, ,0.0,0.0,2,6400,0,0,0,0,0,0
TF,D346G,36.910928,5.840278,0, ,0.0,0.0,0.0,0.0,2,3090,0,0,0,0,0,0
FC,D346G,36.910928,5.840278,0,JIL,0.0,0.0,301.0,4.4,0,0,0,0,0,0,0,1
CF,FF17,36.959647,5.825117,2,JIL,346.0,10.0,166.0,2.0,2,3090,0,0,0,0,0,0

FINAL,S17,17,D,2
IF,FF17,36.959647,5.825117,JIL,346.0,10.0,2,3090,0,0,0,0,2,0
CF,RW17,36.805806,5.871403,0,JIL,338.3,0.5,166.0,9.5,1,70,0,0,0,0,3,0
CA,0,166.0,2,440,0,0,0,0,0,0
CI,2, ,0.0,31.0,0,0,0,1,200,0,0,0
FM,JIL,36.797583,5.875472,0,JIL,0.0,0.0,346.0,1,6400,0,0,0,0,0,0

