APPTR,N08,08,GRS
IF,GRS,35.212272,0.158447, ,0.0,0.0,2,5000,0,0,0,0,0,0
FC,GRS,35.212272,0.158447,0,MOS,0.0,0.0,277.0,7.5,2,3120,0,0,0,0,0,1
CF,FN08,35.199419,0.047492,1,MOS,187.0,42.1,82.0,3.0,2,3120,0,0,0,0,0,0

FINAL,N08,08,N,2
IF,FN08,35.199419,0.047492,GRS,0.0,0.0,2,3120,0,0,0,0,2,0
CF,MN08,35.205075,0.096211,0,GRS,0.0,0.0,82.0,2.4,1,2351,0,0,0,0,3,0
CF,GRS,35.212272,0.158447,0,MOS,179.5,41.1,82.0,3.1,0,0,0,0,0,0,0,0
VM,0,0,0,82.0,1,5000,0,0,0,0,0,0

APPTR,V08,08,GRS
IF,GRS,35.209372,0.148914, ,0.0,0.0,2,5000,0,0,0,0,0,0
FC,GRS,35.209372,0.148914,0,MOS,0.0,0.0,277.0,7.5,2,3120,0,0,0,0,0,1
CF,FV08,35.197656,0.047725,1,MOS,186.9,42.2,82.0,3.0,2,3120,0,0,0,0,0,0

FINAL,V08,08,D,2
IF,FV08,35.197656,0.047725,GRS,262.0,5.0,2,3120,0,0,0,0,2,0
CF,MV08,35.204042,0.102792,0,GRS,262.0,2.3,82.0,2.7,1,2250,0,0,0,0,3,0
CF,GRS,35.209372,0.148914,0,MOS,180.1,41.3,82.0,2.3,0,0,0,0,0,0,0,0
VM,0,0,0,82.0,1,5000,0,0,0,0,0,0

