APPTR,D04,04,ADR1
IF,ADR,27.820333,-0.202758, ,0.0,0.0,2,3880,0,0,0,0,0,0
FD,ADR,27.820333,-0.202758,0,ADR,0.0,9.0,193.0,9.0,2,2960,0,0,0,0,0,0
CF,D221I,27.705067,-0.311389,2,ADR,221.0,9.0,41.0,1.0,2,2960,0,0,0,0,1,0
TF,FF04,27.756306,-0.263136,0, ,0.0,0.0,0.0,0.0,2,2960,0,0,0,0,0,0

APPTR,D04,04,ADR2
IF,ADR,27.820333,-0.202758, ,0.0,0.0,2,3880,0,0,0,0,0,0
FD,ADR,27.820333,-0.202758,0,ADR,0.0,8.0,205.0,8.0,2,2960,0,0,0,0,0,0
CF,D221H,27.717878,-0.299331,2,ADR,221.0,8.0,41.0,1.0,2,2960,0,0,0,0,1,0
TF,FF04,27.756306,-0.263136,0, ,0.0,0.0,0.0,0.0,2,2960,0,0,0,0,0,0

FINAL,D04,04,D,2
IF,FF04,27.756306,-0.263136,ADR,221.0,5.0,2,2960,0,0,0,0,2,0
CF,ADR,27.820333,-0.202758,0,ADR,0.0,0.0,41.0,5.0,1,1161,0,0,0,0,3,0
CA,0,41.0,2,2010,0,0,0,0,0,0
DF,ADR,27.820333,-0.202758,2, ,0.0,0.0,1,3880,0,0,0,0,0,0

APPTR,S04,04,ADR1
IF,ADR,27.820333,-0.202758, ,0.0,0.0,2,3880,0,0,0,0,0,0
FC,ADR,27.820333,-0.202758,0,ADR,0.0,0.0,193.0,7.0,2,2960,0,0,0,0,0,1
CF,FF04,27.756306,-0.263136,2,ADR,221.0,5.0,41.0,2.0,2,2960,0,0,0,0,0,0

APPTR,S04,04,ADR2
IF,ADR,27.820333,-0.202758, ,0.0,0.0,2,3880,0,0,0,0,0,0
FC,ADR,27.820333,-0.202758,0,ADR,0.0,0.0,205.0,5.8,2,2960,0,0,0,0,0,1
CF,FF04,27.756306,-0.263136,2,ADR,221.0,5.0,41.0,1.0,2,2960,0,0,0,0,0,0

FINAL,S04,04,D,2
IF,FF04,27.756306,-0.263136,ADR,221.0,5.0,2,2960,0,0,0,0,2,0
CF,ADR,27.820333,-0.202758,0,ADR,0.0,0.0,41.0,5.0,1,1161,0,0,0,0,3,0
CA,0,41.0,2,2010,0,0,0,0,0,0
DF,ADR,27.820333,-0.202758,2, ,0.0,0.0,2,3880,0,0,0,0,0,0

