APPTR,D05,05,NSL1
IF,NSL,27.246739,2.502567, ,0.0,0.0,2,3290,0,0,0,0,0,0
FD,NSL,27.246739,2.502567,0,NSL,0.0,9.0,255.0,9.0,2,2960,0,0,0,0,0,0
CF,D228I,27.146028,2.377606,1,NSL,228.0,9.0,48.0,1.0,2,2960,0,0,0,0,1,0
CF,FD05,27.176253,2.415069,0,NSL,228.0,6.3,48.0,2.7,2,2960,0,0,0,0,0,0

APPTR,D05,05,NSL2
IF,NSL,27.246739,2.502567, ,0.0,0.0,2,3290,0,0,0,0,0,0
FD,NSL,27.246739,2.502567,0,NSL,0.0,8.0,244.0,8.0,2,2960,0,0,0,0,0,0
CF,D228H,27.157222,2.391478,1,NSL,228.0,8.0,48.0,1.0,2,2960,0,0,0,0,1,0
CF,FD05,27.176253,2.415069,0,NSL,228.0,6.3,48.0,1.7,2,2960,0,0,0,0,0,0

FINAL,D05,05,D,2
IF,FD05,27.176253,2.415069,NSL,228.0,6.3,2,2960,0,0,0,0,2,0
CF,MD05,27.232197,2.484503,0,NSL,228.0,1.3,48.0,5.0,1,1289,0,0,0,0,3,0
CF,NSL,27.246739,2.502567,0,NSL,0.0,0.0,48.0,1.3,0,0,0,0,0,0,0,0
FA,NSL,27.246739,2.502567,0,NSL,0.0,0.0,48.0,2,1970,0,0,0,0,0,0
DF,NSL,27.246739,2.502567,2, ,0.0,0.0,1,3290,0,0,0,0,0,0

APPTR,N05,05,SAH1
IF,SAH,27.255333,2.512747, ,0.0,0.0,2,2960,0,0,0,0,0,0
FC,SAH,27.255333,2.512747,0,NSL,0.0,0.0,246.0,8.8,2,2170,0,0,0,0,0,1
CF,FN05,27.196931,2.445131,1,NSL,225.9,4.3,46.0,4.0,2,2170,0,0,0,0,0,0

APPTR,N05,05,SAH2
IF,SAH,27.255333,2.512747, ,0.0,0.0,2,2960,0,0,0,0,0,0
FC,SAH,27.255333,2.512747,0,NSL,0.0,0.0,238.0,7.0,2,2170,0,0,0,0,0,1
CF,FN05,27.196931,2.445131,1,NSL,225.9,4.3,46.0,2.0,2,2170,0,0,0,0,0,0

FINAL,N05,05,N,2
IF,FN05,27.196931,2.445131,SAH,0.0,0.0,2,2170,0,0,0,0,2,0
CF,RW05,27.242289,2.500069,0,SAH,0.0,0.0,46.0,4.0,1,946,0,0,0,0,3,0
CF,SAH,27.255333,2.512747,0,NSL,46.6,0.8,46.0,1.0,0,0,0,0,0,0,0,1
CA,0,46.0,2,2170,0,0,0,0,0,0
DF,SAH,27.255333,2.512747,2, ,0.0,0.0,1,2960,0,0,0,0,0,0

APPTR,S05,05,NSL1
IF,NSL,27.246739,2.502567, ,0.0,0.0,2,3290,0,0,0,0,0,0
FC,NSL,27.246739,2.502567,0,NSL,0.0,0.0,255.0,7.0,2,2140,0,0,0,0,0,1
CF,FS05,27.198903,2.443167,1,NSL,228.0,4.3,48.0,3.0,2,2140,0,0,0,0,0,0

APPTR,S05,05,NSL2
IF,NSL,27.246739,2.502567, ,0.0,0.0,2,3290,0,0,0,0,0,0
FC,NSL,27.246739,2.502567,0,NSL,0.0,0.0,244.0,7.0,2,2140,0,0,0,0,0,1
CF,FS05,27.198903,2.443167,1,NSL,228.0,4.3,48.0,3.0,2,2140,0,0,0,0,0,0

FINAL,S05,05,D,2
IF,FS05,27.198903,2.443167,NSL,228.0,4.3,2,2140,0,0,0,0,2,0
CF,RW05,27.242289,2.500069,0,NSL,206.6,0.3,48.0,4.0,1,946,0,0,0,0,3,0
CF,NSL,27.246739,2.502567,0,NSL,0.0,0.0,48.0,0.3,0,0,0,0,0,0,0,1
FA,NSL,27.246739,2.502567,0,NSL,0.0,0.0,48.0,2,1970,0,0,0,0,0,0
DF,NSL,27.246739,2.502567,2, ,0.0,0.0,1,3290,0,0,0,0,0,0

