SID,VOPE1D,23,5
DF,LE600,9.498694,-0.921028,0, ,0.0,0.0,2,1400,0,0,0,0,0,1
VI,1, ,0.0,147.0,0,0,0,0,0,0,0,0
CF,VOPEN,9.055094,-0.876033,0,TLE,186.2,31.0,177.0,24.0,2,7000,0,0,0,0,0,0

STAR,AGRA1B,23,5
IF,AGRAT,9.065786,-0.758606, ,0.0,0.0,0,0,0,0,0,0,0,0
TF,ENIDO,9.498644,-0.802961,0, ,0.0,0.0,0.0,0.0,2,7000,0,0,0,0,0,0
TF,BOMSI,9.626019,-0.677028,0, ,0.0,0.0,0.0,0.0,2,3600,0,0,0,0,0,0

APPTR,D23-Z,23,D138H
IF,D138H,9.478761,-0.751725, ,0.0,0.0,2,6000,0,0,0,0,1,0
AF,CD23Z,9.668203,-0.751672,1,TLE,48.0,8.0,138.0,2,2000,0,0,0,0,1,0

APPTR,D23-Z,23,D318H
IF,D318H,9.668203,-0.942592, ,0.0,0.0,2,6000,0,0,0,0,1,0
AF,CD23Z,9.668203,-0.751672,2,TLE,48.0,8.0,318.0,2,2000,0,0,0,0,1,0

APPTR,D23-Z,23,TLE1
IF,TLE,9.573497,-0.847133, ,0.0,0.0,2,3000,0,1,210,0,0,0
FD,TLE,9.573497,-0.847133,0,TLE,0.0,8.0,70.0,8.0,2,2000,0,0,0,0,0,0
CF,CD23Z,9.668203,-0.751672,1,TLE,48.0,8.0,228.0,1.0,2,2000,0,0,0,0,0,0

APPTR,D23-Z,23,TLE2
IF,TLE,9.573497,-0.847133, ,0.0,0.0,2,3000,0,1,140,0,0,0
FD,TLE,9.573497,-0.847133,0,TLE,0.0,8.0,60.0,8.0,2,2000,0,0,0,0,0,0
CF,CD23Z,9.668203,-0.751672,1,TLE,48.0,8.0,228.0,1.0,2,2000,0,0,0,0,0,0

FINAL,D23-Z,23,D,3
IF,CD23Z,9.668203,-0.751672,TLE,48.0,8.0,2,2000,0,0,0,0,0,0
CF,FD23Z,9.617300,-0.802989,0,TLE,48.0,3.7,228.0,4.3,2,2000,0,0,0,0,2,0
CF,RW23,9.565097,-0.855436,0,TLE,227.5,0.7,228.0,4.4,1,590,0,0,0,0,3,0
CA,0,228.0,2,960,0,0,0,0,0,0
FA,TLE,9.573497,-0.847133,0,TLE,0.0,0.0,228.0,2,2000,0,0,0,0,0,0
DF,TLE,9.573497,-0.847133,2, ,0.0,0.0,1,3000,0,1,210,0,0,0
HM,TLE,9.573497,-0.847133,2, ,0.0,0.0,48.0,04.3,0,0,0,1,210,0,0,0,0

APPTR,R05,05,GALVA
IF,GALVA,9.488414,-1.049247, ,0.0,0.0,2,3600,0,0,0,0,1,0
TF,GUGUT,9.429822,-0.989014,0, ,0.0,0.0,0.0,0.0,2,2200,0,0,0,0,1,0

APPTR,R05,05,IKPOR
IF,IKPOR,9.371219,-0.928803, ,0.0,0.0,2,3600,0,0,0,0,1,0
TF,GUGUT,9.429822,-0.989014,0, ,0.0,0.0,0.0,0.0,2,2200,0,0,0,0,1,0

FINAL,R05,05,R,3
IF,GUGUT,9.429822,-0.989014, ,0.0,0.0,2,2200,0,0,0,0,0,0
TF,LE800,9.480833,-0.938056,0, ,0.0,0.0,47.0,4.3,2,2200,0,0,0,0,2,0
TF,LE799,9.530992,-0.889161,0, ,0.0,0.0,47.0,4.2,1,879,0,0,0,0,3,1
VA,0,47.0,2,1400,0,0,0,0,0,0
DF,GALVA,9.488414,-1.049247,1, ,0.0,0.0,2,3600,0,0,0,0,0,0
HM,GALVA,9.488414,-1.049247,1, ,0.0,0.0,47.0,04.3,2,3600,0,0,0,0,0,0,0

APPTR,R23,23,AKMAK
IF,AKMAK,9.743300,-0.797475, ,0.0,0.0,2,3600,0,0,0,0,1,0
TF,DEKIN,9.684664,-0.737239,0, ,0.0,0.0,0.0,0.0,2,2000,0,0,0,0,1,0

APPTR,R23,23,BOMSI
IF,BOMSI,9.626019,-0.677028, ,0.0,0.0,2,3600,0,0,0,0,1,0
TF,DEKIN,9.684664,-0.737239,0, ,0.0,0.0,0.0,0.0,2,2000,0,0,0,0,1,0

FINAL,R23,23,R,4
IF,DEKIN,9.684664,-0.737239, ,0.0,0.0,2,2000,0,0,0,0,0,0
TF,LE500,9.618058,-0.803097,0, ,0.0,0.0,227.0,5.6,2,2000,0,0,0,0,2,0
TF,21THR,9.589836,-0.830992,0, ,0.0,0.0,227.0,2.4,2,1250,0,0,0,0,0,0
TF,LE499,9.576394,-0.844278,0, ,0.0,0.0,227.0,1.1,1,890,0,0,0,0,3,1
CA,0,227.0,2,1400,0,0,0,0,0,0
DF,AKMAK,9.743300,-0.797475,2, ,0.0,0.0,2,3600,0,0,0,0,0,0
HM,AKMAK,9.743300,-0.797475,2, ,0.0,0.0,227.0,04.3,2,3600,0,0,0,0,0,0,0

APPTR,S23-Y,23,TLE1
IF,TLE,9.573497,-0.847133, ,0.0,0.0,2,3000,0,1,210,0,0,0
FC,TLE,9.573497,-0.847133,0,TLE,0.0,0.0,71.0,7.0,2,2000,0,0,0,0,0,1
CF,FS23Y,9.617600,-0.802689,1,TLE,48.0,3.7,228.0,3.0,2,2000,0,0,0,0,0,0

APPTR,S23-Y,23,TLE2
IF,TLE,9.573497,-0.847133, ,0.0,0.0,2,3000,0,1,140,0,0,0
FC,TLE,9.573497,-0.847133,0,TLE,0.0,0.0,60.0,7.0,2,2000,0,0,0,0,0,1
CF,FS23Y,9.617600,-0.802689,1,TLE,48.0,3.7,228.0,3.0,2,2000,0,0,0,0,0,0

FINAL,S23-Y,23,D,2
IF,FS23Y,9.617600,-0.802689,TLE,48.0,3.7,2,2000,0,0,0,0,2,0
CF,TLE,9.573497,-0.847133,0,TLE,0.0,0.0,228.0,3.7,1,813,0,0,0,0,3,0
FA,TLE,9.573497,-0.847133,0,TLE,0.0,0.0,228.0,2,2000,0,0,0,0,0,0
DF,TLE,9.573497,-0.847133,2, ,0.0,0.0,1,3000,0,1,210,0,0,0
HM,TLE,9.573497,-0.847133,2, ,0.0,0.0,48.0,04.3,0,0,0,1,210,0,0,0,0

