STAR,AFO2V,ALL,2
IF,AFO,5.408333,-2.916667, ,0.0,0.0,0,0,0,0,0,0,0,0
TF,AD,5.282817,-3.916978,0, ,0.0,0.0,0.0,0.0,0,0,0,0,0,0,0,0

STAR,AFO3D,21,2
IF,AFO,5.408333,-2.916667, ,0.0,0.0,0,0,0,0,0,0,0,0
TF,D088O,5.314167,-3.668333,0, ,0.0,0.0,0.0,0.0,0,0,0,0,0,0,0,0
CI,0, ,0.0,267.0,0,0,0,0,0,0,0,0
AF,DIPRI,5.453028,-3.846767,1,AD,27.5,11.0,87.0,0,0,0,0,0,0,0,0

STAR,AFO3T,03,2
IF,AFO,5.408333,-2.916667, ,0.0,0.0,0,0,0,0,0,0,0,0
TF,D088O,5.314167,-3.668333,0, ,0.0,0.0,0.0,0.0,0,0,0,0,0,0,0,0
CI,0, ,0.0,267.0,0,0,0,0,0,0,0,0
AF,TUTEL,5.081600,-3.999931,2,AD,207.5,13.0,87.0,0,0,0,0,0,0,0,0

STAR,DEGA2V,ALL,2
IF,DEGAS,6.491111,-4.485556, ,0.0,0.0,0,0,0,0,0,0,0,0
TF,AD,5.282817,-3.916978,0, ,0.0,0.0,0.0,0.0,0,0,0,0,0,0,0,0

STAR,DEGA3D,21,2
IF,DEGAS,6.491111,-4.485556, ,0.0,0.0,0,0,0,0,0,0,0,0
TF,D340M,5.479778,-4.009500,0, ,0.0,0.0,0.0,0.0,0,0,0,0,0,0,0,0
CI,0, ,0.0,159.0,0,0,0,0,0,0,0,0
AF,DIPRI,5.453028,-3.846767,2,AD,27.5,11.0,339.0,0,0,0,0,0,0,0,0

STAR,DEGA3T,03,2
IF,DEGAS,6.491111,-4.485556, ,0.0,0.0,0,0,0,0,0,0,0,0
TF,D340O,5.510083,-4.023750,0, ,0.0,0.0,0.0,0.0,0,0,0,0,0,0,0,0
CI,0, ,0.0,159.0,0,0,0,0,0,0,0,0
AF,TUTEL,5.081600,-3.999931,1,AD,207.5,13.0,339.0,0,0,0,0,0,0,0,0

STAR,EGAD2V,ALL,2
IF,EGADU,4.860556,-3.000000, ,0.0,0.0,0,0,0,0,0,0,0,0
TF,AD,5.282817,-3.916978,0, ,0.0,0.0,0.0,0.0,0,0,0,0,0,0,0,0

STAR,EGAD3D,21,2
IF,EGADU,4.860556,-3.000000, ,0.0,0.0,0,0,0,0,0,0,0,0
TF,D120O,5.178111,-3.689194,0, ,0.0,0.0,0.0,0.0,0,0,0,0,0,0,0,0
CI,0, ,0.0,299.0,0,0,0,0,0,0,0,0
AF,DIPRI,5.453028,-3.846767,1,AD,27.5,11.0,119.0,0,0,0,0,0,0,0,0

STAR,EGAD3T,03,2
IF,EGADU,4.860556,-3.000000, ,0.0,0.0,0,0,0,0,0,0,0,0
TF,D120O,5.178111,-3.689194,0, ,0.0,0.0,0.0,0.0,0,0,0,0,0,0,0,0
CI,0, ,0.0,299.0,0,0,0,0,0,0,0,0
AF,TUTEL,5.081600,-3.999931,2,AD,207.5,13.0,119.0,0,0,0,0,0,0,0,0

STAR,GANO2A,21,5
IF,DEVLI,4.000000,-7.500000, ,0.0,0.0,0,0,0,0,0,0,0,0
TF,GANOT,5.136389,-4.329322,0, ,0.0,0.0,0.0,0.0,0,0,0,0,0,0,0,0
TF,AKLOS,5.485042,-3.923983,0, ,0.0,0.0,0.0,0.0,2,2200,0,0,0,0,0,0

STAR,GANO2T,03,5
IF,DEVLI,4.000000,-7.500000, ,0.0,0.0,0,0,0,0,0,0,0,0
TF,GANOT,5.136389,-4.329322,0, ,0.0,0.0,0.0,0.0,0,0,0,0,0,0,0,0
TF,TUTEL,5.081600,-3.999931,0, ,0.0,0.0,0.0,0.0,2,2200,0,0,0,0,0,0

STAR,GUPE3V,ALL,2
IF,GUPEX,7.758611,-3.527778, ,0.0,0.0,0,0,0,0,0,0,0,0
TF,AD,5.282817,-3.916978,0, ,0.0,0.0,0.0,0.0,0,0,0,0,0,0,0,0

STAR,GUPE4D,21,2
IF,GUPEX,7.758611,-3.527778, ,0.0,0.0,0,0,0,0,0,0,0,0
TF,D014V,5.646778,-3.859972,0, ,0.0,0.0,0.0,0.0,0,0,0,0,0,0,0,0
TF,D028O,5.514944,-3.821222,0, ,0.0,0.0,0.0,0.0,0,0,0,0,0,0,0,0
TF,DIPRI,5.453028,-3.846767,0, ,0.0,0.0,0.0,0.0,0,0,0,0,0,0,0,0

STAR,IKTO2A,21,5
IF,ABIPO,6.129197,-6.290631, ,0.0,0.0,0,0,0,0,0,0,0,0
TF,IKTOS,5.424011,-4.310608,0, ,0.0,0.0,0.0,0.0,0,0,0,0,0,0,0,0
TF,AKLOS,5.485042,-3.923983,0, ,0.0,0.0,0.0,0.0,2,2200,0,0,0,0,0,0

STAR,IKTO2G,03,5
IF,ABIPO,6.129197,-6.290631, ,0.0,0.0,0,0,0,0,0,0,0,0
TF,IKTOS,5.424011,-4.310608,0, ,0.0,0.0,0.0,0.0,0,0,0,0,0,0,0,0
TF,GALIS,5.113569,-4.077114,0, ,0.0,0.0,0.0,0.0,2,2200,0,0,0,0,0,0

STAR,INAK2V,ALL,2
IF,INAKA,3.686667,-3.000000, ,0.0,0.0,0,0,0,0,0,0,0,0
TF,AD,5.282817,-3.916978,0, ,0.0,0.0,0.0,0.0,0,0,0,0,0,0,0,0

STAR,INAK3D,21,2
IF,INAKA,3.686667,-3.000000, ,0.0,0.0,0,0,0,0,0,0,0,0
TF,D156M,5.094250,-3.808417,0, ,0.0,0.0,0.0,0.0,0,0,0,0,0,0,0,0
CI,0, ,0.0,335.0,0,0,0,0,0,0,0,0
AF,DIPRI,5.453028,-3.846767,1,AD,27.5,11.0,155.0,0,0,0,0,0,0,0,0

STAR,INAK3T,03,2
IF,INAKA,3.686667,-3.000000, ,0.0,0.0,0,0,0,0,0,0,0,0
TF,D156O,5.065250,-3.791722,0, ,0.0,0.0,0.0,0.0,0,0,0,0,0,0,0,0
CI,0, ,0.0,335.0,0,0,0,0,0,0,0,0
AF,TUTEL,5.081600,-3.999931,2,AD,207.5,13.0,155.0,0,0,0,0,0,0,0,0

STAR,KONE2D,21,5
IF,GUPEX,7.758611,-3.527778, ,0.0,0.0,0,0,0,0,0,0,0,0
TF,KONET,5.666944,-3.856819,0, ,0.0,0.0,0.0,0.0,0,0,0,0,0,0,0,0
TF,DIPRI,5.453028,-3.846767,0, ,0.0,0.0,0.0,0.0,2,2200,0,0,0,0,0,0

STAR,KONE2G,03,5
IF,GUPEX,7.758611,-3.527778, ,0.0,0.0,0,0,0,0,0,0,0,0
TF,KONET,5.666944,-3.856819,0, ,0.0,0.0,0.0,0.0,0,0,0,0,0,0,0,0
TF,GALIS,5.113569,-4.077114,0, ,0.0,0.0,0.0,0.0,2,2200,0,0,0,0,0,0

STAR,LITE2D,21,5
IF,DEGAS,6.491111,-4.485556, ,0.0,0.0,0,0,0,0,0,0,0,0
TF,LITED,5.642381,-4.085931,0, ,0.0,0.0,0.0,0.0,0,0,0,0,0,0,0,0
TF,DIPRI,5.453028,-3.846767,0, ,0.0,0.0,0.0,0.0,2,2200,0,0,0,0,0,0

STAR,LITE2G,03,5
IF,DEGAS,6.491111,-4.485556, ,0.0,0.0,0,0,0,0,0,0,0,0
TF,LITED,5.642381,-4.085931,0, ,0.0,0.0,0.0,0.0,0,0,0,0,0,0,0,0
TF,GALIS,5.113569,-4.077114,0, ,0.0,0.0,0.0,0.0,2,2200,0,0,0,0,0,0

STAR,MOKA2A,21,5
IF,POKSO,6.756389,-5.947500, ,0.0,0.0,0,0,0,0,0,0,0,0
TF,MOKAR,5.524211,-4.248181,0, ,0.0,0.0,0.0,0.0,0,0,0,0,0,0,0,0
TF,AKLOS,5.485042,-3.923983,0, ,0.0,0.0,0.0,0.0,2,2200,0,0,0,0,0,0

STAR,MOKA2G,03,5
IF,POKSO,6.756389,-5.947500, ,0.0,0.0,0,0,0,0,0,0,0,0
TF,MOKAR,5.524211,-4.248181,0, ,0.0,0.0,0.0,0.0,0,0,0,0,0,0,0,0
TF,GALIS,5.113569,-4.077114,0, ,0.0,0.0,0.0,0.0,2,2200,0,0,0,0,0,0

STAR,MOTU2A,21,5
IF,YAM,6.888881,-5.378850, ,0.0,0.0,0,0,0,0,0,0,0,0
TF,MOTUS,5.582242,-4.188625,0, ,0.0,0.0,0.0,0.0,0,0,0,0,0,0,0,0
TF,AKLOS,5.485042,-3.923983,0, ,0.0,0.0,0.0,0.0,2,2200,0,0,0,0,0,0

STAR,MOTU2G,03,5
IF,YAM,6.888881,-5.378850, ,0.0,0.0,0,0,0,0,0,0,0,0
TF,MOTUS,5.582242,-4.188625,0, ,0.0,0.0,0.0,0.0,0,0,0,0,0,0,0,0
TF,GALIS,5.113569,-4.077114,0, ,0.0,0.0,0.0,0.0,2,2200,0,0,0,0,0,0

STAR,NATN2A,21,5
IF,POMET,5.480278,-5.240556, ,0.0,0.0,0,0,0,0,0,0,0,0
TF,NATNA,5.345683,-4.336325,0, ,0.0,0.0,0.0,0.0,0,0,0,0,0,0,0,0
TF,AKLOS,5.485042,-3.923983,0, ,0.0,0.0,0.0,0.0,2,2200,0,0,0,0,0,0

STAR,NATN2G,03,5
IF,POMET,5.480278,-5.240556, ,0.0,0.0,0,0,0,0,0,0,0,0
TF,NATNA,5.345683,-4.336325,0, ,0.0,0.0,0.0,0.0,0,0,0,0,0,0,0,0
TF,GALIS,5.113569,-4.077114,0, ,0.0,0.0,0.0,0.0,2,2200,0,0,0,0,0,0

STAR,NIVA2A,21,5
IF,ONPAL,6.312028,-6.204861, ,0.0,0.0,0,0,0,0,0,0,0,0
TF,NIVAR,5.454122,-4.295850,0, ,0.0,0.0,0.0,0.0,0,0,0,0,0,0,0,0
TF,AKLOS,5.485042,-3.923983,0, ,0.0,0.0,0.0,0.0,2,2200,0,0,0,0,0,0

STAR,NIVA2G,03,5
IF,ONPAL,6.312028,-6.204861, ,0.0,0.0,0,0,0,0,0,0,0,0
TF,NIVAR,5.454122,-4.295850,0, ,0.0,0.0,0.0,0.0,0,0,0,0,0,0,0,0
TF,GALIS,5.113569,-4.077114,0, ,0.0,0.0,0.0,0.0,2,2200,0,0,0,0,0,0

STAR,ODSA2D,21,5
IF,BD,11.145036,-4.350856, ,0.0,0.0,0,0,0,0,0,0,0,0
TF,ODSAB,5.672839,-3.945486,0, ,0.0,0.0,0.0,0.0,0,0,0,0,0,0,0,0
TF,DIPRI,5.453028,-3.846767,0, ,0.0,0.0,0.0,0.0,2,2200,0,0,0,0,0,0

STAR,ODSA2G,03,5
IF,BD,11.145036,-4.350856, ,0.0,0.0,0,0,0,0,0,0,0,0
TF,ODSAB,5.672839,-3.945486,0, ,0.0,0.0,0.0,0.0,0,0,0,0,0,0,0,0
TF,GALIS,5.113569,-4.077114,0, ,0.0,0.0,0.0,0.0,2,2200,0,0,0,0,0,0

STAR,ONEL2A,21,5
IF,SPO,4.755558,-6.655422, ,0.0,0.0,0,0,0,0,0,0,0,0
TF,ONELA,5.203631,-4.343211,0, ,0.0,0.0,0.0,0.0,0,0,0,0,0,0,0,0
TF,AKLOS,5.485042,-3.923983,0, ,0.0,0.0,0.0,0.0,2,2200,0,0,0,0,0,0

STAR,ONEL2G,03,5
IF,SPO,4.755558,-6.655422, ,0.0,0.0,0,0,0,0,0,0,0,0
TF,ONELA,5.203631,-4.343211,0, ,0.0,0.0,0.0,0.0,0,0,0,0,0,0,0,0
TF,GALIS,5.113569,-4.077114,0, ,0.0,0.0,0.0,0.0,2,2200,0,0,0,0,0,0

STAR,ONPA3T,03,2
IF,ONPAL,6.312028,-6.204861, ,0.0,0.0,0,0,0,0,0,0,0,0
TF,D300O,5.386139,-4.145417,0, ,0.0,0.0,0.0,0.0,0,0,0,0,0,0,0,0
CI,0, ,0.0,119.0,0,0,0,0,0,0,0,0
AF,TUTEL,5.081600,-3.999931,1,AD,207.5,13.0,299.0,0,0,0,0,0,0,0,0

STAR,ONPA3V,ALL,2
IF,ONPAL,6.312028,-6.204861, ,0.0,0.0,0,0,0,0,0,0,0,0
TF,AD,5.282817,-3.916978,0, ,0.0,0.0,0.0,0.0,0,0,0,0,0,0,0,0

STAR,ONPA4D,21,2
IF,ONPAL,6.312028,-6.204861, ,0.0,0.0,0,0,0,0,0,0,0,0
TF,D300M,5.372361,-4.114972,0, ,0.0,0.0,0.0,0.0,0,0,0,0,0,0,0,0
CI,0, ,0.0,119.0,0,0,0,0,0,0,0,0
AF,DIPRI,5.453028,-3.846767,2,AD,27.5,11.0,299.0,0,0,0,0,0,0,0,0

STAR,PEDR2V,ALL,2
IF,SPO,4.755558,-6.655422, ,0.0,0.0,0,0,0,0,0,0,0,0
TF,AD,5.282817,-3.916978,0, ,0.0,0.0,0.0,0.0,0,0,0,0,0,0,0,0

STAR,PEDR3D,21,2
IF,SPO,4.755558,-6.655422, ,0.0,0.0,0,0,0,0,0,0,0,0
TF,D265M,5.243167,-4.130556,0, ,0.0,0.0,0.0,0.0,0,0,0,0,0,0,0,0
CI,0, ,0.0,84.0,0,0,0,0,0,0,0,0
AF,DIPRI,5.453028,-3.846767,2,AD,27.5,11.0,264.0,0,0,0,0,0,0,0,0

STAR,PEDR3T,03,2
IF,SPO,4.755558,-6.655422, ,0.0,0.0,0,0,0,0,0,0,0,0
TF,D265O,5.237083,-4.163389,0, ,0.0,0.0,0.0,0.0,0,0,0,0,0,0,0,0
CI,0, ,0.0,84.0,0,0,0,0,0,0,0,0
AF,TUTEL,5.081600,-3.999931,1,AD,207.5,13.0,264.0,0,0,0,0,0,0,0,0

STAR,PISR2B,21,5
IF,INAKA,3.686667,-3.000000, ,0.0,0.0,0,0,0,0,0,0,0,0
TF,PISRO,4.904633,-3.699289,0, ,0.0,0.0,0.0,0.0,0,0,0,0,0,0,0,0
TF,BINOK,5.421050,-3.769547,0, ,0.0,0.0,0.0,0.0,2,2200,0,0,0,0,0,0

STAR,PISR2T,03,5
IF,INAKA,3.686667,-3.000000, ,0.0,0.0,0,0,0,0,0,0,0,0
TF,PISRO,4.904633,-3.699289,0, ,0.0,0.0,0.0,0.0,0,0,0,0,0,0,0,0
TF,TUTEL,5.081600,-3.999931,0, ,0.0,0.0,0.0,0.0,2,2200,0,0,0,0,0,0

STAR,PITN2B,21,5
IF,EGADU,4.860556,-3.000000, ,0.0,0.0,0,0,0,0,0,0,0,0
TF,PITNO,5.108244,-3.537347,0, ,0.0,0.0,0.0,0.0,0,0,0,0,0,0,0,0
TF,BINOK,5.421050,-3.769547,0, ,0.0,0.0,0.0,0.0,2,2200,0,0,0,0,0,0

STAR,PITN2R,03,5
IF,EGADU,4.860556,-3.000000, ,0.0,0.0,0,0,0,0,0,0,0,0
TF,PITNO,5.108244,-3.537347,0, ,0.0,0.0,0.0,0.0,0,0,0,0,0,0,0,0
TF,RAKOL,5.049608,-3.922756,0, ,0.0,0.0,0.0,0.0,2,2200,0,0,0,0,0,0

STAR,POKS3T,03,2
IF,POKSO,6.756389,-5.947500, ,0.0,0.0,0,0,0,0,0,0,0,0
TF,D312O,5.430583,-4.119667,0, ,0.0,0.0,0.0,0.0,0,0,0,0,0,0,0,0
CI,0, ,0.0,131.0,0,0,0,0,0,0,0,0
AF,TUTEL,5.081600,-3.999931,1,AD,207.5,13.0,311.0,0,0,0,0,0,0,0,0

STAR,POKS3V,ALL,2
IF,POKSO,6.756389,-5.947500, ,0.0,0.0,0,0,0,0,0,0,0,0
TF,AD,5.282817,-3.916978,0, ,0.0,0.0,0.0,0.0,0,0,0,0,0,0,0,0

STAR,POKS4D,21,2
IF,POKSO,6.756389,-5.947500, ,0.0,0.0,0,0,0,0,0,0,0,0
TF,D312M,5.410889,-4.092639,0, ,0.0,0.0,0.0,0.0,0,0,0,0,0,0,0,0
CI,0, ,0.0,131.0,0,0,0,0,0,0,0,0
AF,DIPRI,5.453028,-3.846767,2,AD,27.5,11.0,311.0,0,0,0,0,0,0,0,0

STAR,POME2V,ALL,2
IF,POMET,5.480278,-5.240556, ,0.0,0.0,0,0,0,0,0,0,0,0
TF,AD,5.282817,-3.916978,0, ,0.0,0.0,0.0,0.0,0,0,0,0,0,0,0,0

STAR,POME3D,21,2
IF,POMET,5.480278,-5.240556, ,0.0,0.0,0,0,0,0,0,0,0,0
TF,D284M,5.315056,-4.131778,0, ,0.0,0.0,0.0,0.0,0,0,0,0,0,0,0,0
CI,0, ,0.0,103.0,0,0,0,0,0,0,0,0
AF,DIPRI,5.453028,-3.846767,2,AD,27.5,11.0,283.0,0,0,0,0,0,0,0,0

STAR,POME3T,03,2
IF,POMET,5.480278,-5.240556, ,0.0,0.0,0,0,0,0,0,0,0,0
TF,D284O,5.317725,-4.165161,0, ,0.0,0.0,0.0,0.0,0,0,0,0,0,0,0,0
CI,0, ,0.0,103.0,0,0,0,0,0,0,0,0
AF,TUTEL,5.081600,-3.999931,1,AD,207.5,13.0,283.0,0,0,0,0,0,0,0,0

STAR,SEMA2V,ALL,2
IF,SEMAX,3.371056,-4.553806, ,0.0,0.0,0,0,0,0,0,0,0,0
TF,AD,5.282817,-3.916978,0, ,0.0,0.0,0.0,0.0,0,0,0,0,0,0,0,0

STAR,SEMA3D,21,2
IF,SEMAX,3.371056,-4.553806, ,0.0,0.0,0,0,0,0,0,0,0,0
TF,AD,5.282817,-3.916978,0, ,0.0,0.0,0.0,0.0,0,0,0,0,0,0,0,0
FD,AD,5.282817,-3.916978,0,AD,0.0,16.0,41.0,16.0,0,0,0,0,0,0,0,0
DF,D028O,5.514944,-3.821222,1, ,0.0,0.0,0,0,0,0,0,0,0,0
TF,DIPRI,5.453028,-3.846767,0, ,0.0,0.0,0.0,0.0,0,0,0,0,0,0,0,0

STAR,SEMA3T,03,2
IF,SEMAX,3.371056,-4.553806, ,0.0,0.0,0,0,0,0,0,0,0,0
TF,D204T,4.965167,-4.023028,0, ,0.0,0.0,0.0,0.0,0,0,0,0,0,0,0,0
TF,TUTEL,5.081600,-3.999931,0, ,0.0,0.0,0.0,0.0,0,0,0,0,0,0,0,0

STAR,SENO2B,21,5
IF,SESIG,4.953889,-3.000000, ,0.0,0.0,0,0,0,0,0,0,0,0
TF,SENOT,5.142858,-3.526150,0, ,0.0,0.0,0.0,0.0,0,0,0,0,0,0,0,0
TF,BINOK,5.421050,-3.769547,0, ,0.0,0.0,0.0,0.0,2,2200,0,0,0,0,0,0

STAR,SENO2R,03,5
IF,SESIG,4.953889,-3.000000, ,0.0,0.0,0,0,0,0,0,0,0,0
TF,SENOT,5.142858,-3.526150,0, ,0.0,0.0,0.0,0.0,0,0,0,0,0,0,0,0
TF,RAKOL,5.049608,-3.922756,0, ,0.0,0.0,0.0,0.0,2,2200,0,0,0,0,0,0

STAR,SESI2V,ALL,2
IF,SESIG,4.953889,-3.000000, ,0.0,0.0,0,0,0,0,0,0,0,0
TF,AD,5.282817,-3.916978,0, ,0.0,0.0,0.0,0.0,0,0,0,0,0,0,0,0

STAR,SESI3D,21,2
IF,SESIG,4.953889,-3.000000, ,0.0,0.0,0,0,0,0,0,0,0,0
TF,D115O,5.198333,-3.680972,0, ,0.0,0.0,0.0,0.0,0,0,0,0,0,0,0,0
CI,0, ,0.0,294.0,0,0,0,0,0,0,0,0
AF,DIPRI,5.453028,-3.846767,1,AD,27.5,11.0,114.0,0,0,0,0,0,0,0,0

STAR,SESI3T,03,2
IF,SESIG,4.953889,-3.000000, ,0.0,0.0,0,0,0,0,0,0,0,0
TF,D115O,5.198333,-3.680972,0, ,0.0,0.0,0.0,0.0,0,0,0,0,0,0,0,0
CI,0, ,0.0,294.0,0,0,0,0,0,0,0,0
AF,TUTEL,5.081600,-3.999931,2,AD,207.5,13.0,114.0,0,0,0,0,0,0,0,0

STAR,TAVA2D,21,5
IF,AFO,5.408333,-2.916667, ,0.0,0.0,0,0,0,0,0,0,0,0
TF,TAVAL,5.333028,-3.518381,0, ,0.0,0.0,0.0,0.0,0,0,0,0,0,0,0,0
TF,DIPRI,5.453028,-3.846767,0, ,0.0,0.0,0.0,0.0,2,2200,0,0,0,0,0,0

STAR,TAVA2R,03,5
IF,AFO,5.408333,-2.916667, ,0.0,0.0,0,0,0,0,0,0,0,0
TF,TAVAL,5.333028,-3.518381,0, ,0.0,0.0,0.0,0.0,0,0,0,0,0,0,0,0
TF,RAKOL,5.049608,-3.922756,0, ,0.0,0.0,0.0,0.0,2,2200,0,0,0,0,0,0

STAR,TUSE2V,ALL,2
IF,TUSEK,6.276667,-3.183333, ,0.0,0.0,0,0,0,0,0,0,0,0
TF,AD,5.282817,-3.916978,0, ,0.0,0.0,0.0,0.0,0,0,0,0,0,0,0,0

STAR,TUSE3D,21,2
IF,TUSEK,6.276667,-3.183333, ,0.0,0.0,0,0,0,0,0,0,0,0
TF,D042V,5.579167,-3.698556,0, ,0.0,0.0,0.0,0.0,0,0,0,0,0,0,0,0
TF,D028O,5.514944,-3.821222,0, ,0.0,0.0,0.0,0.0,0,0,0,0,0,0,0,0
TF,DIPRI,5.453028,-3.846767,0, ,0.0,0.0,0.0,0.0,0,0,0,0,0,0,0,0

STAR,UDRA2D,21,5
IF,TUSEK,6.276667,-3.183333, ,0.0,0.0,0,0,0,0,0,0,0,0
TF,UDRAS,5.595617,-3.686425,0, ,0.0,0.0,0.0,0.0,0,0,0,0,0,0,0,0
TF,DIPRI,5.453028,-3.846767,0, ,0.0,0.0,0.0,0.0,2,2200,0,0,0,0,0,0

STAR,UDRA2R,03,5
IF,TUSEK,6.276667,-3.183333, ,0.0,0.0,0,0,0,0,0,0,0,0
TF,UDRAS,5.595617,-3.686425,0, ,0.0,0.0,0.0,0.0,0,0,0,0,0,0,0,0
TF,RAKOL,5.049608,-3.922756,0, ,0.0,0.0,0.0,0.0,2,2200,0,0,0,0,0,0

STAR,VADA2D,21,5
IF,ZANOU,6.547222,-3.493333, ,0.0,0.0,0,0,0,0,0,0,0,0
TF,VADAK,5.650817,-3.793939,0, ,0.0,0.0,0.0,0.0,0,0,0,0,0,0,0,0
TF,DIPRI,5.453028,-3.846767,0, ,0.0,0.0,0.0,0.0,2,2200,0,0,0,0,0,0

STAR,VADA2G,03,5
IF,ZANOU,6.547222,-3.493333, ,0.0,0.0,0,0,0,0,0,0,0,0
TF,VADAK,5.650817,-3.793939,0, ,0.0,0.0,0.0,0.0,0,0,0,0,0,0,0,0
TF,GALIS,5.113569,-4.077114,0, ,0.0,0.0,0.0,0.0,2,2200,0,0,0,0,0,0

STAR,YAMO2V,ALL,2
IF,YAM,6.888881,-5.378850, ,0.0,0.0,0,0,0,0,0,0,0,0
TF,AD,5.282817,-3.916978,0, ,0.0,0.0,0.0,0.0,0,0,0,0,0,0,0,0

STAR,YAMO3D,21,2
IF,YAM,6.888881,-5.378850, ,0.0,0.0,0,0,0,0,0,0,0,0
TF,D323M,5.443917,-4.063083,0, ,0.0,0.0,0.0,0.0,0,0,0,0,0,0,0,0
CI,0, ,0.0,142.0,0,0,0,0,0,0,0,0
AF,DIPRI,5.453028,-3.846767,2,AD,27.5,11.0,322.0,0,0,0,0,0,0,0,0

STAR,YAMO3T,03,2
IF,YAM,6.888881,-5.378850, ,0.0,0.0,0,0,0,0,0,0,0,0
TF,D323O,5.468694,-4.085583,0, ,0.0,0.0,0.0,0.0,0,0,0,0,0,0,0,0
CI,0, ,0.0,142.0,0,0,0,0,0,0,0,0
AF,TUTEL,5.081600,-3.999931,1,AD,207.5,13.0,322.0,0,0,0,0,0,0,0,0

STAR,ZANO2V,ALL,2
IF,ZANOU,6.547222,-3.493333, ,0.0,0.0,0,0,0,0,0,0,0,0
TF,AD,5.282817,-3.916978,0, ,0.0,0.0,0.0,0.0,0,0,0,0,0,0,0,0

STAR,ZANO3D,21,2
IF,ZANOU,6.547222,-3.493333, ,0.0,0.0,0,0,0,0,0,0,0,0
TF,D024V,5.632167,-3.800194,0, ,0.0,0.0,0.0,0.0,0,0,0,0,0,0,0,0
TF,D028O,5.514944,-3.821222,0, ,0.0,0.0,0.0,0.0,0,0,0,0,0,0,0,0
TF,DIPRI,5.453028,-3.846767,0, ,0.0,0.0,0.0,0.0,0,0,0,0,0,0,0,0

APPTR,D03-Z,03,TUTEL
HF,TUTEL,5.081600,-3.999931,2, ,0.0,0.0,27.0,05,2,2200,0,1,220,0,1,0,0

FINAL,D03-Z,03,D,3
IF,TUTEL,5.081600,-3.999931,AD,206.5,13.0,2,2200,0,0,0,0,0,0
CF,FD03Z,5.145608,-3.975064,0,AD,207.0,8.9,27.0,4.1,2,2200,0,0,0,0,2,0
CF,RW03,5.248719,-3.931042,0,AD,206.5,2.2,27.0,6.7,1,71,0,0,0,0,3,0
FD,RW03,5.248719,-3.931042,0,AD,206.5,3.8,27.0,3.8,0,0,0,0,0,0,0,0
VI,2, ,0.0,224.0,0,0,0,0,0,0,0,0
FD,AD,5.282817,-3.916978,0,AD,0.0,18.0,194.0,18.0,1,2200,0,0,0,0,0,0
CF,TUTEL,5.081600,-3.999931,2,AD,206.5,13.0,27.0,5.0,0,0,0,0,0,0,0,0

APPTR,D21-Z,21,DIPRI
HF,DIPRI,5.453028,-3.846767,1, ,0.0,0.0,207.0,05,2,2200,0,1,220,0,1,0,0

FINAL,D21-Z,21,D,4
IF,DIPRI,5.453028,-3.846767,AD,26.5,11.0,2,2200,0,0,0,0,0,0
CF,FD21Z,5.376853,-3.877150,0,AD,27.0,6.1,207.0,4.9,2,2200,0,0,0,0,2,0
CF,25VOR,5.321356,-3.900656,0,AD,27.0,2.5,207.0,3.6,2,1050,0,0,0,0,0,0
CF,AD,5.282817,-3.916978,0,AD,0.0,0.0,207.0,2.5,1,247,0,0,0,0,3,0
FD,AD,5.282817,-3.916978,0,AD,0.0,5.6,207.0,5.6,0,0,0,0,0,0,0,0
VI,1, ,0.0,11.0,0,0,0,0,0,0,0,0
FD,AD,5.282817,-3.916978,0,AD,0.0,16.0,41.0,16.0,1,2200,0,0,0,0,0,0
CF,DIPRI,5.453028,-3.846767,1,AD,26.5,11.0,207.0,5.0,0,0,0,0,0,0,0,0

APPTR,I21-X,21,AKLOS
IF,AKLOS,5.485042,-3.923983, ,0.0,0.0,2,2200,0,1,220,0,1,0
TF,DIPRI,5.453028,-3.846767,0,AN,0.0,0.0,0.0,0.0,2,2200,0,1,220,0,1,0

APPTR,I21-X,21,BINOK
IF,BINOK,5.421050,-3.769547, ,0.0,0.0,2,2200,0,1,220,0,1,0
TF,DIPRI,5.453028,-3.846767,0,AN,0.0,0.0,0.0,0.0,2,2200,0,1,220,0,1,0

APPTR,I21-X,21,DIPRI
HF,DIPRI,5.453028,-3.846767,1, ,0.0,0.0,207.0,04.3,2,2200,0,1,220,0,1,0,0

FINAL,I21-X,21,I,3
IF,DIPRI,5.453028,-3.846767,AN,26.5,13.4,2,2200,0,1,220,0,0,0
CF,AP502,5.379875,-3.876958,0,AN,26.5,8.7,207.0,4.7,1,2200,0,0,0,0,2,0
CF,RW21,5.273794,-3.920700,0,AN,26.5,1.8,207.0,6.9,1,61,0,0,0,0,3,0
TF,AP504,5.196406,-3.952608,0, ,0.0,0.0,0.0,0.0,0,0,0,1,220,0,0,1
DF,BINOK,5.421050,-3.769547,1, ,0.0,0.0,2,2200,0,1,220,0,0,0

APPTR,I21-Y,21,AD
IF,AD,5.282817,-3.916978, ,0.0,0.0,2,2200,0,0,0,0,1,0
TF,FI21Y,5.353153,-3.887972,0, ,0.0,0.0,0.0,0.0,2,1700,0,0,0,0,0,0
FC,FI21Y,5.353153,-3.887972,0,AD,0.0,0.0,72.0,4.4,0,0,0,0,0,0,0,1
CF,CI21Y,5.384108,-3.875206,1,AN,26.5,8.9,207.0,3.0,2,1700,0,0,0,0,0,0

FINAL,I21-Y,21,I,3
IF,CI21Y,5.384108,-3.875206,AN,26.5,8.9,2,1700,0,0,0,0,0,0
CF,FI21Y,5.353153,-3.887972,0,AN,26.5,6.9,207.0,2.0,1,1700,0,0,0,0,2,0
CF,RW21,5.273794,-3.920700,0,AN,26.5,1.8,207.0,5.1,1,61,0,0,0,0,3,0
FA,RW21,5.273794,-3.920700,0,AD,0.0,0.0,207.0,2,1700,0,0,0,0,0,0
DF,AD,5.282817,-3.916978,1, ,0.0,0.0,1,2200,0,0,0,0,0,0

APPTR,I21-Z,21,DIPRI
HF,DIPRI,5.453028,-3.846767,1, ,0.0,0.0,207.0,05,2,2200,0,1,220,0,1,0,0

FINAL,I21-Z,21,I,3
IF,DIPRI,5.453028,-3.846767,AN,26.5,13.4,2,2200,0,0,0,0,0,0
CF,FI21Z,5.377897,-3.877708,0,AN,26.5,8.5,207.0,4.9,1,2200,0,0,0,0,2,0
CF,RW21,5.273794,-3.920700,0,AN,26.5,1.8,207.0,6.7,1,61,0,0,0,0,3,0
FD,RW21,5.273794,-3.920700,0,AD,206.5,5.6,207.0,5.6,0,0,0,0,0,0,0,0
VI,1, ,0.0,11.0,0,0,0,0,0,0,0,0
FD,AD,5.282817,-3.916978,0,AD,0.0,16.0,41.0,16.0,1,2200,0,0,0,0,0,0
CF,DIPRI,5.453028,-3.846767,1,AD,26.5,11.0,207.0,5.0,0,0,0,0,0,0,0,0

APPTR,R03,03,GALIS
IF,GALIS,5.113569,-4.077114, ,0.0,0.0,2,2200,0,1,220,0,1,0
TF,TUTEL,5.081600,-3.999931,0, ,0.0,0.0,0.0,0.0,2,2200,0,1,220,0,1,0

APPTR,R03,03,RAKOL
IF,RAKOL,5.049608,-3.922756, ,0.0,0.0,2,2200,0,1,220,0,1,0
TF,TUTEL,5.081600,-3.999931,0, ,0.0,0.0,0.0,0.0,2,2200,0,1,220,0,1,0

APPTR,R03,03,TUTEL
HF,TUTEL,5.081600,-3.999931,2, ,0.0,0.0,27.0,04.3,2,2200,0,1,220,0,1,0,0

FINAL,R03,03,R,3
IF,TUTEL,5.081600,-3.999931, ,0.0,0.0,2,2200,0,1,220,0,0,0
TF,AP501,5.144519,-3.973989,0, ,0.0,0.0,27.0,4.1,1,2200,0,0,0,0,2,0
TF,RW03,5.248719,-3.931042,0, ,0.0,0.0,27.0,6.7,1,71,0,0,0,0,3,1
TF,AP503,5.326106,-3.899128,0, ,0.0,0.0,0.0,0.0,0,0,0,1,220,0,0,1
DF,RAKOL,5.049608,-3.922756,2, ,0.0,0.0,2,2200,0,1,220,0,0,0

APPTR,R21,21,AKLOS
IF,AKLOS,5.485042,-3.923983, ,0.0,0.0,2,2200,0,1,220,0,1,0
TF,DIPRI,5.453028,-3.846767,0, ,0.0,0.0,0.0,0.0,2,2200,0,1,220,0,1,0

APPTR,R21,21,BINOK
IF,BINOK,5.421050,-3.769547, ,0.0,0.0,2,2200,0,1,220,0,1,0
TF,DIPRI,5.453028,-3.846767,0, ,0.0,0.0,0.0,0.0,2,2200,0,1,220,0,1,0

APPTR,R21,21,DIPRI
HF,DIPRI,5.453028,-3.846767,1, ,0.0,0.0,207.0,04.3,2,2200,0,1,220,0,1,0,0

FINAL,R21,21,R,3
IF,DIPRI,5.453028,-3.846767, ,0.0,0.0,2,2200,0,1,220,0,0,0
TF,AP502,5.379875,-3.876958,0, ,0.0,0.0,207.0,4.7,1,2200,0,0,0,0,2,0
TF,RW21,5.273794,-3.920700,0, ,0.0,0.0,207.0,6.9,1,61,0,0,0,0,3,1
TF,AP504,5.196406,-3.952608,0, ,0.0,0.0,0.0,0.0,0,0,0,1,220,0,0,1
DF,BINOK,5.421050,-3.769547,1, ,0.0,0.0,2,2200,0,1,220,0,0,0

APPTR,S03-Y,03,AD
IF,AD,5.282817,-3.916978, ,0.0,0.0,2,2200,0,0,0,0,1,0
TF,D207G,5.174900,-3.962667,0, ,0.0,0.0,0.0,0.0,2,1700,0,0,0,0,0,0
FC,D207G,5.174900,-3.962667,0,AD,0.0,0.0,252.0,4.4,0,0,0,0,0,0,0,1
CF,FS03Y,5.169967,-3.964753,1,AD,207.0,7.3,27.0,5.0,2,1700,0,0,0,0,0,0

FINAL,S03-Y,03,D,2
IF,FS03Y,5.169967,-3.964753,AD,207.0,7.3,2,1700,0,0,0,0,2,0
CF,RW03,5.248719,-3.931042,0,AD,206.5,2.2,27.0,5.1,1,71,0,0,0,0,3,0
CF,AD,5.282817,-3.916978,0,AD,0.0,0.0,27.0,2.2,0,0,0,0,0,0,0,1
FA,AD,5.282817,-3.916978,0,AD,0.0,0.0,27.0,2,1700,0,0,0,0,0,0
DF,AD,5.282817,-3.916978,2, ,0.0,0.0,1,2200,0,0,0,0,0,0

APPTR,S21-Y,21,AD
IF,AD,5.282817,-3.916978, ,0.0,0.0,2,2200,0,0,0,0,1,0
TF,D027E,5.352189,-3.887597,0, ,0.0,0.0,0.0,0.0,2,1700,0,0,0,0,0,0
FC,D027E,5.352189,-3.887597,0,AD,0.0,0.0,72.0,4.4,0,0,0,0,0,0,0,1
CF,FS21Y,5.353114,-3.887206,1,AD,27.0,4.6,207.0,5.0,2,1700,0,0,0,0,0,0

FINAL,S21-Y,21,D,2
IF,FS21Y,5.353114,-3.887206,AD,27.0,4.6,2,1700,0,0,0,0,2,0
CF,AD,5.282817,-3.916978,0,AD,0.0,0.0,207.0,4.6,1,247,0,0,0,0,3,0
FA,AD,5.282817,-3.916978,0,AD,0.0,0.0,207.0,2,1700,0,0,0,0,0,0
DF,AD,5.282817,-3.916978,1, ,0.0,0.0,1,2200,0,0,0,0,0,0

