APPTR,D11,11,SAB
IF,SAB,6.196078,6.689794,SAB,0.0,0.0,2,3000,0,0,0,0,0,0
TF,FD11,6.235394,6.568831,0, ,0.0,0.0,0.0,0.0,2,2500,0,0,0,0,0,0
FC,FD11,6.235394,6.568831,0,SAB,0.0,0.0,245.0,4.3,0,0,0,0,0,0,0,1
CF,FD11,6.235394,6.568831,2,SAB,290.0,7.6,110.0,5.0,2,2000,0,0,0,0,0,0

FINAL,D11,11,D,2
IF,FD11,6.235394,6.568831,SAB,290.0,7.6,2,2000,0,0,0,0,2,0
CF,RW11,6.208528,6.652061,0,SAB,290.3,2.4,110.0,5.2,1,348,0,0,0,0,3,0
CA,0,110.0,2,2000,0,0,0,0,0,0
DF,SAB,6.196078,6.689794,2, ,0.0,0.0,1,3000,0,0,0,0,0,0
HM,SAB,6.196078,6.689794,1, ,0.0,0.0,290.0,04.3,2,3000,0,0,0,0,0,0,0

FINAL,D29,29,D,2
IF,FD29,6.170194,6.769364,SAB,110.0,5.0,2,2000,0,0,0,0,2,0
CF,RW29,6.198914,6.681211,0,SAB,290.3,0.5,290.0,5.5,1,242,0,0,0,0,3,0
CA,0,290.0,2,2000,0,0,0,0,0,0
DF,SAB,6.196078,6.689794,1, ,0.0,0.0,1,3000,0,0,0,0,0,0
HM,SAB,6.196078,6.689794,1, ,0.0,0.0,290.0,04.3,2,3000,0,0,0,0,0,0,0

APPTR,R11,11,BIRUD
IF,BIRUD,6.340378,6.519219, ,0.0,0.0,1,3000,0,1,250,0,1,0
TF,AMVED,6.260833,6.493081,0, ,0.0,0.0,0.0,0.0,2,1930,0,1,250,0,1,0

APPTR,R11,11,VIVKA
IF,VIVKA,6.286981,6.413583, ,0.0,0.0,1,3000,0,1,250,0,1,0
TF,AMVED,6.260833,6.493081,0, ,0.0,0.0,0.0,0.0,2,1930,0,1,250,0,1,0

APPTR,R11,11,XUTKO
IF,XUTKO,6.181286,6.466947, ,0.0,0.0,1,3000,0,1,250,0,1,0
TF,AMVED,6.260833,6.493081,0, ,0.0,0.0,0.0,0.0,2,1930,0,1,250,0,1,0

FINAL,R11,11,R,3
IF,AMVED,6.260833,6.493081, ,0.0,0.0,2,1930,0,0,0,0,0,0
TF,AB200,6.234686,6.572575,0, ,0.0,0.0,111.0,5.0,1,1930,0,1,200,0,2,0
TF,RW11,6.208528,6.652061,0, ,0.0,0.0,111.0,5.0,1,348,0,0,0,0,3,1
DF,XUTKO,6.181286,6.466947,2, ,0.0,0.0,0,0,0,0,0,0,0,0
HM,XUTKO,6.181286,6.466947,2, ,0.0,0.0,21.0,04.3,2,3000,0,1,230,0,0,0,0

APPTR,R29,29,ISBUD
IF,ISBUD,6.067042,6.814039, ,0.0,0.0,1,3000,0,1,250,0,1,0
TF,IKPIB,6.146586,6.840164,0, ,0.0,0.0,0.0,0.0,2,1840,0,1,250,0,1,0

APPTR,R29,29,OXETA
IF,OXETA,6.226133,6.866300, ,0.0,0.0,1,3000,0,1,250,0,1,0
TF,IKPIB,6.146586,6.840164,0, ,0.0,0.0,0.0,0.0,2,1840,0,1,250,0,1,0

APPTR,R29,29,TUXOR
IF,TUXOR,6.120428,6.919636, ,0.0,0.0,1,3000,0,1,250,0,1,0
TF,IKPIB,6.146586,6.840164,0, ,0.0,0.0,0.0,0.0,2,1840,0,1,250,0,1,0

FINAL,R29,29,R,3
IF,IKPIB,6.146586,6.840164, ,0.0,0.0,2,1840,0,0,0,0,0,0
TF,AB300,6.172747,6.760689,0, ,0.0,0.0,291.0,5.0,1,1840,0,1,200,0,2,0
TF,RW29,6.198914,6.681211,0, ,0.0,0.0,291.0,5.0,1,242,0,0,0,0,3,1
DF,OXETA,6.226133,6.866300,2, ,0.0,0.0,0,0,0,0,0,0,0,0
HM,OXETA,6.226133,6.866300,1, ,0.0,0.0,201.0,04.3,2,3000,0,1,230,0,0,0,0

