APPTR,D08,08,ENG
IF,ENG,6.480889,7.601222, ,0.0,0.0,2,3500,0,0,0,0,0,0
TF,FD08,6.453528,7.446233,0, ,0.0,0.0,0.0,0.0,2,2770,0,0,0,0,0,0
FC,FD08,6.453528,7.446233,0,ENG,0.0,0.0,307.0,4.4,0,0,0,0,0,0,0,1
CF,FD08,6.453528,7.446233,1,ENG,262.0,9.4,82.0,5.0,2,2770,0,0,0,0,0,0

FINAL,D08,08,D,3
IF,FD08,6.453528,7.446233,ENG,262.0,9.4,2,2770,0,0,0,0,2,0
CF,69VOR,6.460808,7.487453,0,ENG,262.0,6.9,82.0,2.5,2,1830,0,0,0,0,0,0
CF,RW08,6.471244,7.545567,0,ENG,262.2,3.4,82.0,3.5,1,564,0,0,0,0,3,0
VA,0,82.0,2,3500,0,0,0,0,0,0
DF,ENG,6.480889,7.601222,1, ,0.0,0.0,1,3500,0,0,0,0,0,0

APPTR,D26,26,ENG
IF,ENG,6.480889,7.601222, ,0.0,0.0,2,3500,0,0,0,0,0,0
HF,ENG,6.480889,7.601222,2, ,0.0,0.0,262.0,06,2,2200,0,0,0,0,0,0,0

FINAL,D26,26,D,2
IF,FD26,6.491403,7.660911,ENG,82.0,3.6,2,2200,0,0,0,0,2,0
CF,ENG,6.480889,7.601222,0,ENG,0.0,0.0,262.0,3.6,1,1056,0,0,0,0,3,0
FD,ENG,6.480889,7.601222,0,ENG,0.0,7.0,262.0,7.0,0,0,0,0,0,0,0,0
DF,ENG,6.480889,7.601222,2, ,0.0,0.0,1,3500,0,0,0,0,0,0
HM,ENG,6.480889,7.601222,2, ,0.0,0.0,262.0,04.3,0,0,0,0,0,0,0,0,0

APPTR,I26,26,ENG
IF,ENG,6.480889,7.601222, ,0.0,0.0,2,3500,0,0,0,0,0,0
HF,ENG,6.480889,7.601222,2, ,0.0,0.0,262.0,06,2,2200,0,0,0,0,0,0,0

FINAL,I26,26,I,3
IF,CI26,6.496608,7.691958,IEN,82.2,9.0,2,2200,0,0,0,0,0,0
CF,FI26,6.490894,7.658961,0,IEN,82.2,7.0,262.0,2.0,1,2200,0,0,0,0,2,0
CF,RW26,6.475883,7.572289,0,IEN,82.2,1.8,262.0,5.3,1,498,0,0,0,0,3,0
CA,0,262.0,2,920,0,0,0,0,0,0
DF,ENG,6.480889,7.601222,2, ,0.0,0.0,1,3500,0,0,0,0,0,0
HM,ENG,6.480889,7.601222,2, ,0.0,0.0,262.0,04.3,0,0,0,0,0,0,0,0,0

APPTR,R08,08,ARODU
IF,ARODU,6.424628,7.281781, ,0.0,0.0,1,3500,0,1,250,0,1,0
TF,LOVNO,6.439181,7.364297,0, ,0.0,0.0,0.0,0.0,1,2770,0,0,0,0,1,0

APPTR,R08,08,LULKA
IF,LULKA,6.521644,7.349675, ,0.0,0.0,1,3500,0,1,250,0,1,0
TF,LOVNO,6.439181,7.364297,0, ,0.0,0.0,0.0,0.0,1,2770,0,0,0,0,1,0

APPTR,R08,08,TIXOL
IF,TIXOL,6.356719,7.378747, ,0.0,0.0,1,3500,0,1,250,0,1,0
TF,LOVNO,6.439181,7.364297,0, ,0.0,0.0,0.0,0.0,1,2770,0,0,0,0,1,0

FINAL,R08,08,R,3
IF,LOVNO,6.439181,7.364297, ,0.0,0.0,1,2770,0,0,0,0,0,0
TF,EN500,6.453700,7.446656,0, ,0.0,0.0,82.0,5.0,1,2770,0,1,200,0,2,0
TF,RW08,6.471244,7.545567,0, ,0.0,0.0,82.0,6.0,1,564,0,0,0,0,3,1
DF,LULKA,6.521644,7.349675,1, ,0.0,0.0,0,0,0,0,0,0,0,0
HM,LULKA,6.521644,7.349675,1, ,0.0,0.0,172.0,04.3,2,3500,0,1,230,0,0,0,0

APPTR,R26,26,AGVUL
IF,AGVUL,6.587142,7.722836, ,0.0,0.0,2,3500,0,1,230,0,1,0
TF,BUKLI,6.504656,7.737233,0, ,0.0,0.0,0.0,0.0,2,3500,0,1,230,0,1,0

APPTR,R26,26,AKLOV
IF,AKLOV,6.519044,7.819708, ,0.0,0.0,2,3500,0,1,230,0,1,0
TF,BUKLI,6.504656,7.737233,0, ,0.0,0.0,0.0,0.0,2,3500,0,1,230,0,1,0

APPTR,R26,26,AKMIB
IF,AKMIB,6.422167,7.751625, ,0.0,0.0,2,3500,0,1,230,0,1,0
TF,BUKLI,6.504656,7.737233,0, ,0.0,0.0,0.0,0.0,2,3500,0,1,230,0,1,0

FINAL,R26,26,R,3
IF,BUKLI,6.504656,7.737233, ,0.0,0.0,2,3500,0,1,230,0,0,0
TF,EN400,6.490264,7.654761,0, ,0.0,0.0,262.0,5.0,2,2090,0,1,200,0,2,0
TF,RW26,6.475883,7.572289,0, ,0.0,0.0,262.0,5.0,1,498,0,0,0,0,3,1
DF,AGVUL,6.587142,7.722836,2, ,0.0,0.0,0,0,0,0,0,0,0,0
HM,AGVUL,6.587142,7.722836,2, ,0.0,0.0,172.0,04.3,2,3500,0,1,230,0,0,0,0

