SID,BOMV1M,06,5
CA,0,62.0,2,2000,0,0,0,0,0,0
DF,KN500,12.096469,8.607678,0, ,0.0,0.0,0,0,0,0,0,0,0,0
TF,KN509,12.169750,8.566558,0, ,0.0,0.0,0.0,0.0,0,0,0,0,0,0,0,0
TF,KN508,11.969406,8.198392,0, ,0.0,0.0,0.0,0.0,0,0,0,0,0,0,0,0
TF,BOMVO,11.261667,7.935833,0, ,0.0,0.0,0.0,0.0,0,0,0,0,0,0,0,0

SID,BOMV1N,24,5
CA,0,242.0,2,2500,0,0,0,0,0,0
DF,KN506,11.647658,8.215303,0, ,0.0,0.0,0,0,0,0,0,0,0,0
TF,BOMVO,11.261667,7.935833,0, ,0.0,0.0,0.0,0.0,0,0,0,0,0,0,0,0

SID,DETA1M,06,5
CA,0,62.0,2,2000,0,0,0,0,0,0
DF,KN500,12.096469,8.607678,0, ,0.0,0.0,0,0,0,0,0,0,0,0
TF,KN509,12.169750,8.566558,0, ,0.0,0.0,0.0,0.0,0,0,0,0,0,0,0,0
TF,KN503,12.308733,8.488497,0, ,0.0,0.0,0.0,0.0,0,0,0,0,0,0,0,0
TF,KN504,12.551169,8.578814,0, ,0.0,0.0,0.0,0.0,0,0,0,0,0,0,0,0
TF,DETAR,12.883250,8.807617,0, ,0.0,0.0,0.0,0.0,0,0,0,0,0,0,0,0

SID,DETA1N,24,5
CA,0,242.0,2,2500,0,0,0,0,0,0
DF,KN701,12.217908,8.481028,2, ,0.0,0.0,0,0,0,0,0,0,0,0
TF,KN504,12.551169,8.578814,0, ,0.0,0.0,0.0,0.0,0,0,0,0,0,0,0,0
TF,DETAR,12.883250,8.807617,0, ,0.0,0.0,0.0,0.0,0,0,0,0,0,0,0,0

STAR,DETA1R,06,5
IF,DETAR,12.883250,8.807617, ,0.0,0.0,0,0,0,0,0,0,0,0
TF,KN406,12.487892,8.770558,0, ,0.0,0.0,0.0,0.0,0,0,0,0,0,0,0,0
TF,SISKO,12.011136,8.626372,0, ,0.0,0.0,0.0,0.0,0,0,0,0,0,0,0,0
TF,PISNU,11.920467,8.459708,0, ,0.0,0.0,0.0,0.0,0,0,0,1,200,0,0,0
TF,KN402,11.880022,8.385289,0, ,0.0,0.0,0.0,0.0,0,0,0,0,0,0,0,0
TF,TISOK,11.953308,8.344214,0, ,0.0,0.0,0.0,0.0,2,4000,0,1,200,0,0,0

STAR,DETA1S,24,5
IF,DETAR,12.883250,8.807617, ,0.0,0.0,0,0,0,0,0,0,0,0
TF,KN406,12.487892,8.770558,0, ,0.0,0.0,0.0,0.0,0,0,0,0,0,0,0,0
TF,ARAKO,12.212419,8.728206,0, ,0.0,0.0,0.0,0.0,0,0,0,0,0,0,0,0
TF,TUMIX,12.139306,8.686775,0, ,0.0,0.0,0.0,0.0,2,4000,0,1,200,0,0,0

STAR,ISGA1R,06,5
IF,ISGAT,11.366667,9.471111, ,0.0,0.0,0,0,0,0,0,0,0,0
TF,PISNU,11.920467,8.459708,0, ,0.0,0.0,0.0,0.0,0,0,0,1,200,0,0,0
TF,KN402,11.880022,8.385289,0, ,0.0,0.0,0.0,0.0,0,0,0,0,0,0,0,0
TF,TISOK,11.953308,8.344214,0, ,0.0,0.0,0.0,0.0,2,4000,0,1,200,0,0,0

STAR,ISGA1S,24,5
IF,ISGAT,11.366667,9.471111, ,0.0,0.0,0,0,0,0,0,0,0,0
TF,KN407,12.021861,9.033322,0, ,0.0,0.0,0.0,0.0,0,0,0,0,0,0,0,0
TF,NENGI,12.065997,8.727836,0, ,0.0,0.0,0.0,0.0,0,0,0,1,200,0,0,0
TF,TUMIX,12.139306,8.686775,0, ,0.0,0.0,0.0,0.0,2,4000,0,1,200,0,0,0

STAR,KIBT1R,06,5
IF,KIBTA,10.906389,8.098056, ,0.0,0.0,0,0,0,0,0,0,0,0
TF,KN409,11.581072,8.335433,0, ,0.0,0.0,0.0,0.0,0,0,0,0,0,0,0,0
TF,OXIRI,11.912844,8.269797,0, ,0.0,0.0,0.0,0.0,0,0,0,1,200,0,0,0
TF,TISOK,11.953308,8.344214,0, ,0.0,0.0,0.0,0.0,2,4000,0,1,200,0,0,0

STAR,KIBT1S,24,5
IF,KIBTA,10.906389,8.098056, ,0.0,0.0,0,0,0,0,0,0,0,0
TF,KN409,11.581072,8.335433,0, ,0.0,0.0,0.0,0.0,0,0,0,0,0,0,0,0
TF,IRMON,12.025594,8.653325,0, ,0.0,0.0,0.0,0.0,0,0,0,0,0,0,0,0
TF,NENGI,12.065997,8.727836,0, ,0.0,0.0,0.0,0.0,0,0,0,1,200,0,0,0
TF,TUMIX,12.139306,8.686775,0, ,0.0,0.0,0.0,0.0,2,4000,0,1,200,0,0,0

STAR,ODNO1R,06,5
IF,ODNOM,12.003333,9.687778, ,0.0,0.0,0,0,0,0,0,0,0,0
TF,KN407,12.021861,9.033322,0, ,0.0,0.0,0.0,0.0,0,0,0,0,0,0,0,0
TF,SISKO,12.011136,8.626372,0, ,0.0,0.0,0.0,0.0,0,0,0,0,0,0,0,0
TF,PISNU,11.920467,8.459708,0, ,0.0,0.0,0.0,0.0,0,0,0,1,200,0,0,0
TF,KN402,11.880022,8.385289,0, ,0.0,0.0,0.0,0.0,0,0,0,0,0,0,0,0
TF,TISOK,11.953308,8.344214,0, ,0.0,0.0,0.0,0.0,2,4000,0,1,200,0,0,0

STAR,ODNO1S,24,5
IF,ODNOM,12.003333,9.687778, ,0.0,0.0,0,0,0,0,0,0,0,0
TF,KN407,12.021861,9.033322,0, ,0.0,0.0,0.0,0.0,0,0,0,0,0,0,0,0
TF,NENGI,12.065997,8.727836,0, ,0.0,0.0,0.0,0.0,0,0,0,1,200,0,0,0
TF,TUMIX,12.139306,8.686775,0, ,0.0,0.0,0.0,0.0,2,4000,0,1,200,0,0,0

FINAL,D06,06,D,2
IF,FF06,12.001122,8.432133,KAN,242.1,4.3,2,3200,0,0,0,0,2,0
CF,RW06,12.041614,8.506647,0,KAN,62.1,0.7,62.0,5.0,1,1610,0,0,0,0,3,0
FA,RW06,12.041614,8.506647,0,KAN,0.0,0.0,62.0,2,3000,0,0,0,0,0,0
DF,KAN,12.035861,8.496056,1, ,0.0,0.0,1,4000,0,0,0,0,0,0
HM,KAN,12.035861,8.496056,1, ,0.0,0.0,62.0,04.3,2,4000,0,0,0,0,0,0,0

APPTR,D24,24,AGPUR
HF,AGPUR,12.096792,8.607689,2, ,0.0,0.0,242.0,05.5,2,3200,0,0,0,0,0,0,0

FINAL,D24,24,D,2
IF,AGPUR,12.096792,8.607689,KAN,62.0,7.5,2,3200,0,0,0,0,2,0
CF,RW24,12.056025,8.533211,0,KAN,62.1,2.5,242.0,5.0,1,1556,0,0,0,0,3,0
FA,RW24,12.056025,8.533211,0,KAN,0.0,0.0,242.0,2,3000,0,0,0,0,0,0
DF,AGPUR,12.096792,8.607689,2, ,0.0,0.0,1,4000,0,0,0,0,0,0
HM,AGPUR,12.096792,8.607689,2, ,0.0,0.0,242.0,04.3,2,4000,0,0,0,0,0,0,0

FINAL,I06,06,I,3
IF,CI06,11.984933,8.402361,IKN,242.1,8.9,2,3200,0,0,0,0,0,0
CF,FF06,12.001122,8.432133,0,IKN,242.1,6.9,62.0,2.0,1,3200,0,0,0,0,2,0
CF,RW06,12.041614,8.506647,0,IKN,242.1,1.9,62.0,5.0,1,1610,0,0,0,0,3,0
FA,RW06,12.041614,8.506647,0,KAN,0.0,0.0,62.0,2,3000,0,0,0,0,0,0
DF,KAN,12.035861,8.496056,1, ,0.0,0.0,1,4000,0,0,0,0,0,0
HM,KAN,12.035861,8.496056,1, ,0.0,0.0,62.0,04.3,2,4000,0,0,0,0,0,0,0

APPTR,I24,24,AGPUR
HF,AGPUR,12.096792,8.607689,2, ,0.0,0.0,242.0,05.5,2,3200,0,0,0,0,0,0,0

FINAL,I24,24,I,3
IF,CI24,12.113008,8.637417,IKK,62.0,9.0,2,3200,0,0,0,0,0,0
CF,AGPUR,12.096792,8.607689,0,IKK,62.0,7.0,242.0,2.0,1,3200,0,0,0,0,2,0
CF,RW24,12.056025,8.533211,0,IKK,62.1,1.9,242.0,5.0,1,1556,0,0,0,0,3,0
FA,RW24,12.056025,8.533211,0,KAN,0.0,0.0,242.0,2,3000,0,0,0,0,0,0
DF,AGPUR,12.096792,8.607689,2, ,0.0,0.0,1,4000,0,0,0,0,0,0
HM,AGPUR,12.096792,8.607689,2, ,0.0,0.0,242.0,04.3,2,4000,0,0,0,0,0,0,0

APPTR,R06,06,OXIRI
IF,OXIRI,11.912844,8.269797, ,0.0,0.0,0,0,0,1,200,0,1,0
TF,TISOK,11.953308,8.344214,0, ,0.0,0.0,0.0,0.0,2,4000,0,1,200,0,1,0

APPTR,R06,06,PISNU
IF,PISNU,11.920467,8.459708, ,0.0,0.0,0,0,0,1,200,0,1,0
TF,KN402,11.880022,8.385289,0, ,0.0,0.0,0.0,0.0,0,0,0,0,0,0,0,0
TF,TISOK,11.953308,8.344214,0, ,0.0,0.0,0.0,0.0,2,4000,0,1,200,0,1,0

APPTR,R06,06,SISKO
IF,SISKO,12.011136,8.626372, ,0.0,0.0,0,0,0,0,0,0,1,0
TF,PISNU,11.920467,8.459708,0, ,0.0,0.0,0.0,0.0,0,0,0,1,200,0,0,0
TF,KN402,11.880022,8.385289,0, ,0.0,0.0,0.0,0.0,0,0,0,0,0,0,0,0
TF,TISOK,11.953308,8.344214,0, ,0.0,0.0,0.0,0.0,2,4000,0,1,200,0,1,0

APPTR,R06,06,TISOK
HF,TISOK,11.953308,8.344214,2, ,0.0,0.0,62.0,04.3,2,4000,0,1,200,0,0,0,0

FINAL,R06,06,R,3
IF,TISOK,11.953308,8.344214, ,0.0,0.0,2,4000,0,1,200,0,0,0
TF,KN400,11.996175,8.422922,0, ,0.0,0.0,62.0,5.3,2,3400,0,0,0,0,2,0
TF,RW06,12.041614,8.506647,0, ,0.0,0.0,62.0,5.6,1,1610,0,0,0,0,3,1
CA,0,62.0,2,2160,0,0,0,0,0,0
DF,TUMIX,12.139306,8.686775,0, ,0.0,0.0,1,4000,0,0,0,0,0,0
HM,TUMIX,12.139306,8.686775,2, ,0.0,0.0,242.0,04.3,2,4000,0,1,200,0,0,0,0

APPTR,R24,24,ARAKO
IF,ARAKO,12.212419,8.728206, ,0.0,0.0,0,0,0,0,0,0,1,0
TF,TUMIX,12.139306,8.686775,0, ,0.0,0.0,0.0,0.0,2,4000,0,1,200,0,1,0

APPTR,R24,24,IRMON
IF,IRMON,12.025594,8.653325, ,0.0,0.0,0,0,0,0,0,0,1,0
TF,NENGI,12.065997,8.727836,0, ,0.0,0.0,0.0,0.0,0,0,0,1,200,0,0,0
TF,TUMIX,12.139306,8.686775,0, ,0.0,0.0,0.0,0.0,2,4000,0,1,200,0,1,0

APPTR,R24,24,NENGI
IF,NENGI,12.065997,8.727836, ,0.0,0.0,0,0,0,1,200,0,1,0
TF,TUMIX,12.139306,8.686775,0, ,0.0,0.0,0.0,0.0,2,4000,0,1,200,0,1,0

APPTR,R24,24,TUMIX
HF,TUMIX,12.139306,8.686775,2, ,0.0,0.0,242.0,04.3,2,4000,0,1,200,0,0,0,0

FINAL,R24,24,R,3
IF,TUMIX,12.139306,8.686775, ,0.0,0.0,2,4000,0,1,200,0,0,0
TF,KN600,12.098906,8.612272,0, ,0.0,0.0,242.0,5.0,2,3200,0,0,0,0,2,0
TF,RW24,12.056025,8.533211,0, ,0.0,0.0,242.0,5.3,1,1556,0,0,0,0,3,1
CA,0,242.0,2,2100,0,0,0,0,0,0
DF,TISOK,11.953308,8.344214,0, ,0.0,0.0,1,4000,0,1,200,0,0,0
HM,TISOK,11.953308,8.344214,2, ,0.0,0.0,62.0,04.3,2,4000,0,1,200,0,0,0,0

APPTR,S24,24,KAN
IF,KAN,12.035861,8.496056, ,0.0,0.0,2,4000,0,0,0,0,0,0
CF,D062K,12.121050,8.652308,0,KAN,62.0,10.5,62.0,10.5,2,2900,0,0,0,0,0,0
FC,D062K,12.121050,8.652308,0,KAN,0.0,0.0,17.0,4.3,0,0,0,0,0,0,0,1
CF,FS24,12.090314,8.595900,2,KAN,62.0,6.7,242.0,8.0,2,2900,0,0,0,0,0,0

FINAL,S24,24,D,2
IF,FS24,12.090314,8.595900,KAN,62.0,6.7,2,2900,0,0,0,0,2,0
CF,RW24,12.056025,8.533211,0,KAN,62.1,2.5,242.0,4.2,1,1556,0,0,0,0,3,0
CF,KAN,12.035861,8.496056,0,KAN,0.0,0.0,242.0,2.5,2,1970,0,0,0,0,0,1
FA,KAN,12.035861,8.496056,0,KAN,0.0,0.0,242.0,2,3000,0,0,0,0,0,0
DF,KAN,12.035861,8.496056,2, ,0.0,0.0,1,4000,0,0,0,0,0,0
HM,KAN,12.035861,8.496056,2, ,0.0,0.0,62.0,04.3,0,0,0,0,0,0,0,0,0

