APPTR,N07,07,AS1
IF,AS,16.956325,7.974844, ,0.0,0.0,2,4200,0,0,0,0,1,0
CF,D282E,16.974742,7.884692,0,AS,282.0,5.3,282.0,5.3,2,3200,0,0,0,0,0,1
CF,FN07,16.931642,7.911408,1,AS,248.0,3.9,68.0,2.0,2,3200,0,0,0,0,0,0

APPTR,N07,07,AS2
IF,AS,16.956325,7.974844, ,0.0,0.0,2,4200,0,0,0,0,1,0
CF,D266F,16.949289,7.870772,0,AS,266.0,6.0,266.0,6.0,2,3200,0,0,0,0,0,1
CF,FN07,16.931642,7.911408,1,AS,248.0,3.9,68.0,3.0,2,3200,0,0,0,0,0,0

FINAL,N07,07,N,2
IF,FN07,16.931642,7.911408,AS,0.0,0.0,2,3200,0,0,0,0,2,0
CF,AS,16.956325,7.974844,0,AS,0.0,0.0,68.0,3.9,1,1944,0,0,0,0,3,0
CA,0,68.0,2,3200,0,0,0,0,0,0
DF,AS,16.956325,7.974844,2, ,0.0,0.0,0,0,0,0,0,0,0,0

APPTR,N25,25,AS1
IF,AS,16.956325,7.974844, ,0.0,0.0,2,4200,0,0,0,0,1,0
CF,D094G,16.948114,8.096258,0,AS,94.0,7.0,94.0,7.0,2,3200,0,0,0,0,0,1
CF,FN25,17.000172,8.087722,1,AS,68.0,7.0,248.0,1.0,2,3200,0,0,0,0,0,0

APPTR,N25,25,AS2
IF,AS,16.956325,7.974844, ,0.0,0.0,2,4200,0,0,0,0,1,0
CF,D082H,16.973747,8.103997,0,AS,82.0,7.5,82.0,7.5,2,3200,0,0,0,0,0,1
CF,FN25,17.000172,8.087722,1,AS,68.0,7.0,248.0,1.0,2,3200,0,0,0,0,0,0

FINAL,N25,25,N,2
IF,FN25,17.000172,8.087722,AS,0.0,0.0,2,3200,0,0,0,0,2,0
CF,RW25,16.971081,8.013153,0,AS,0.0,0.0,248.0,4.6,1,1710,0,0,0,0,3,0
TF,AS,16.956325,7.974844,0, ,0.0,0.0,0.0,0.0,0,0,0,0,0,0,0,1
CA,0,248.0,2,3200,0,0,0,0,0,0
DF,AS,16.956325,7.974844,1, ,0.0,0.0,0,0,0,0,0,0,0,0

APPTR,R25,25,USTAV
HF,USTAV,17.045625,8.207017,2, ,0.0,0.0,248.0,04.3,2,5000,0,1,230,0,1,0,0

APPTR,R25,25,ZA007
IF,ZA007,17.145972,8.203806, ,0.0,0.0,0,0,0,1,230,0,1,0
TF,USTAV,17.045625,8.207017,0, ,0.0,0.0,0.0,0.0,2,5000,0,0,0,0,1,0

APPTR,R25,25,ZA008
IF,ZA008,16.970722,8.276500, ,0.0,0.0,0,0,0,1,230,0,1,0
TF,USTAV,17.045625,8.207017,0, ,0.0,0.0,0.0,0.0,2,5000,0,0,0,0,1,0

FINAL,R25,25,R,3
IF,USTAV,17.045625,8.207017, ,0.0,0.0,2,5000,0,0,0,0,0,0
TF,ZA009,17.000306,8.089083,0, ,0.0,0.0,248.0,7.3,2,3200,0,0,0,0,2,0
TF,ZA010,16.971111,8.013194,0, ,0.0,0.0,248.0,4.7,1,1713,0,0,0,0,3,1
TF,ZA011,16.940000,7.932500,0, ,0.0,0.0,0.0,0.0,0,0,0,0,0,0,0,1
DF,ZA012,16.765361,8.094694,1, ,0.0,0.0,1,5000,0,1,230,0,0,0

APPTR,V07,07,AS1
IF,AS,16.974964,8.023231, ,0.0,0.0,2,4200,0,0,0,0,0,0
CF,D275G,16.985136,7.901958,0,AS,275.0,7.0,275.0,7.0,2,3200,0,0,0,0,0,1
CF,FV07,16.931472,7.911481,1,AS,248.0,6.9,68.0,1.0,2,3200,0,0,0,0,0,0

APPTR,V07,07,AS2
IF,AS,16.974964,8.023231, ,0.0,0.0,2,4200,0,0,0,0,0,0
CF,D263H,16.959625,7.893789,0,AS,263.0,7.5,263.0,7.5,2,3200,0,0,0,0,0,1
CF,FV07,16.931472,7.911481,1,AS,248.0,6.9,68.0,1.0,2,3200,0,0,0,0,0,0

FINAL,V07,07,D,2
IF,FV07,16.931472,7.911481,AS,248.0,6.9,2,3200,0,0,0,0,2,0
CF,RW07,16.961047,7.987106,0,AS,248.2,2.2,68.0,4.7,1,1705,0,0,0,0,3,0
CF,AS,16.974964,8.023231,0,AS,0.0,0.0,68.0,2.2,0,0,0,0,0,0,0,1
CA,0,68.0,2,3200,0,0,0,0,0,0
DF,AS,16.974964,8.023231,2, ,0.0,0.0,0,0,0,0,0,0,0,0

APPTR,V25,25,AS1
IF,AS,16.974964,8.023231, ,0.0,0.0,2,4200,0,0,0,0,0,0
CF,D095G,16.964717,8.144489,0,AS,95.0,7.0,95.0,7.0,2,3200,0,0,0,0,0,1
CF,FV25,17.000372,8.088619,1,AS,68.0,4.1,248.0,3.0,2,3200,0,0,0,0,0,0

APPTR,V25,25,AS2
IF,AS,16.974964,8.023231, ,0.0,0.0,2,4200,0,0,0,0,0,0
CF,D083H,16.990217,8.152692,0,AS,83.0,7.5,83.0,7.5,2,3200,0,0,0,0,0,1
CF,FV25,17.000372,8.088619,1,AS,68.0,4.1,248.0,4.0,2,3200,0,0,0,0,0,0

FINAL,V25,25,D,2
IF,FV25,17.000372,8.088619,AS,68.0,4.1,2,3200,0,0,0,0,2,0
CF,AS,16.974964,8.023231,0,AS,0.0,0.0,248.0,4.0,1,1911,0,0,0,0,3,0
CF,AS,16.956325,7.974844,0,AS,248.2,3.0,248.0,3.0,0,0,0,0,0,0,0,0
CA,0,248.0,2,3200,0,0,0,0,0,0
DF,AS,16.974964,8.023231,2, ,0.0,0.0,0,0,0,0,0,0,0,0

