SID,ARBE1A,24,2
CA,0,241.0,2,810,0,0,0,0,0,0
CI,0, ,0.0,167.0,0,0,0,1,210,0,0,0
CF,ARBES,33.475000,9.832194,0,GAB,194.0,16.0,194.0,13.0,0,0,0,0,0,0,0,0

SID,ARBE1B,06,2
CA,0,61.0,2,810,0,0,0,0,0,0
CI,2, ,0.0,254.0,0,0,0,1,210,0,0,0
CF,ARBES,33.475000,9.832194,0,GAB,194.0,16.0,194.0,13.0,0,0,0,0,0,0,0,0

SID,BATL1A,24,2
CA,0,241.0,2,810,0,0,0,0,0,0
CI,0, ,0.0,305.0,0,0,0,1,210,0,0,0
CF,BATLO,33.799667,9.636972,0,GAB,284.0,14.7,284.0,12.0,0,0,0,0,0,0,0,0

SID,BATL1B,06,2
CA,0,61.0,2,810,0,0,0,0,0,0
CI,1, ,0.0,224.0,0,0,0,1,210,0,0,0
CF,BATLO,33.799667,9.636972,0,GAB,284.0,14.7,284.0,12.0,0,0,0,0,0,0,0,0

SID,GINE1A,24,2
CA,0,241.0,2,810,0,0,0,0,0,0
CI,2, ,0.0,54.0,0,0,0,1,210,0,0,0
CF,GINEN,34.016778,9.920194,0,GAB,358.0,17.0,358.0,14.0,0,0,0,0,0,0,0,0

SID,GINE1B,06,2
CA,0,61.0,2,810,0,0,0,0,0,0
CI,1, ,0.0,328.0,0,0,0,1,210,0,0,0
CF,GINEN,34.016778,9.920194,0,GAB,358.0,17.0,358.0,13.0,0,0,0,0,0,0,0,0

SID,MAZR1D,06,2
CA,0,61.0,2,810,0,0,0,0,0,0
CF,MAZRA,33.890833,10.271389,0,GAB,59.5,20.0,60.0,18.0,0,0,0,0,0,0,0,0

SID,MAZR1E,24,2
CA,0,241.0,2,810,0,0,0,0,0,0
CI,2, ,0.0,115.0,0,0,0,1,210,0,0,0
CF,MAZRA,33.890833,10.271389,0,GAB,59.5,20.0,60.0,18.0,0,0,0,0,0,0,0,0

APPTR,D06-Z,06,GAB
IF,GAB,33.732194,9.920194, ,0.0,0.0,2,3000,0,0,0,0,1,0
TF,D243F,33.689806,9.811575,0, ,0.0,0.0,0.0,0.0,0,0,0,0,0,0,0,0
FC,D243F,33.689806,9.811575,0,GAB,0.0,0.0,198.0,4.4,2,2200,0,0,0,0,0,1
CF,FD06Z,33.687683,9.806147,2,GAB,243.0,6.3,63.0,4.0,2,2200,0,1,190,0,0,0

FINAL,D06-Z,06,D,2
IF,FD06Z,33.687683,9.806147,GAB,243.0,6.3,2,2200,0,0,0,0,2,0
CF,RW06,33.727628,9.904725,0,GAB,248.6,0.8,63.0,5.5,1,460,0,0,0,0,3,0
CF,GAB,33.732194,9.920194,0,GAB,0.0,0.0,63.0,0.8,0,0,0,0,0,0,0,1
FD,GAB,33.732194,9.920194,0,GAB,0.0,5.0,63.0,5.0,0,0,0,0,0,0,0,0
DF,GAB,33.732194,9.920194,2, ,0.0,0.0,1,3000,0,1,220,0,0,0

APPTR,D24-Z,24,GAB
IF,GAB,33.732194,9.920194, ,0.0,0.0,2,3000,0,0,0,0,1,0
TF,D058E,33.773906,10.006769,0, ,0.0,0.0,0.0,0.0,0,0,0,0,0,0,0,0
FC,D058E,33.773906,10.006769,0,GAB,0.0,0.0,13.0,4.4,2,1900,0,0,0,0,0,1
CF,FD24Z,33.778075,10.015431,2,GAB,58.0,5.5,238.0,4.0,2,1900,0,1,190,0,0,0

FINAL,D24-Z,24,D,2
IF,FD24Z,33.778075,10.015431,GAB,58.0,5.5,2,1900,0,0,0,0,2,0
CF,RW24,33.739742,9.933772,0,GAB,54.4,0.8,238.0,4.7,1,431,0,0,0,0,3,0
CF,GAB,33.732194,9.920194,0,GAB,0.0,0.0,238.0,0.8,0,0,0,0,0,0,0,1
FD,GAB,33.732194,9.920194,0,GAB,0.0,5.0,238.0,5.0,0,0,0,0,0,0,0,0
DF,GAB,33.732194,9.920194,2, ,0.0,0.0,1,3000,0,1,220,0,0,0

APPTR,S06-Y,06,GAB1
IF,GAB,33.732194,9.920194, ,0.0,0.0,2,3000,0,0,0,0,1,0
FC,GAB,33.732194,9.920194,0,GAB,0.0,0.0,265.0,7.0,2,2200,0,0,0,0,0,1
CF,FS06Y,33.687819,9.806497,1,GAB,243.0,6.3,63.0,1.0,2,2200,0,1,190,0,0,0

APPTR,S06-Y,06,GAB2
IF,GAB,33.732194,9.920194, ,0.0,0.0,2,3000,0,0,0,0,1,0
FC,GAB,33.732194,9.920194,0,GAB,0.0,0.0,255.0,7.0,2,2200,0,0,0,0,0,1
CF,FS06Y,33.687819,9.806497,1,GAB,243.0,6.3,63.0,1.0,2,2200,0,0,0,0,0,0

FINAL,S06-Y,06,D,2
IF,FS06Y,33.687819,9.806497,GAB,243.0,6.3,2,2200,0,0,0,0,2,0
CF,RW06,33.727628,9.904725,0,GAB,248.6,0.8,63.0,5.5,1,460,0,0,0,0,3,0
CF,GAB,33.732194,9.920194,0,GAB,0.0,0.0,63.0,0.8,0,0,0,0,0,0,0,1
FA,GAB,33.732194,9.920194,0,GAB,0.0,0.0,63.0,2,2000,0,0,0,0,0,0
DF,GAB,33.732194,9.920194,2, ,0.0,0.0,1,3000,0,1,220,0,0,0

APPTR,S24-Y,24,GAB1
IF,GAB,33.732194,9.920194, ,0.0,0.0,2,3000,0,0,0,0,1,0
FC,GAB,33.732194,9.920194,0,GAB,0.0,0.0,36.0,7.0,2,1800,0,0,0,0,0,1
CF,FS24Y,33.774850,10.008731,2,GAB,58.0,5.1,238.0,2.0,2,1800,0,1,190,0,0,0

APPTR,S24-Y,24,GAB2
IF,GAB,33.732194,9.920194, ,0.0,0.0,2,3000,0,0,0,0,1,0
FC,GAB,33.732194,9.920194,0,GAB,0.0,0.0,43.0,5.8,2,1800,0,0,0,0,0,1
CF,FS24Y,33.774850,10.008731,2,GAB,58.0,5.1,238.0,1.0,2,1800,0,0,0,0,0,0

FINAL,S24-Y,24,D,2
IF,FS24Y,33.774850,10.008731,GAB,58.0,5.1,2,1800,0,0,0,0,2,0
CF,RW24,33.739742,9.933772,0,GAB,54.4,0.8,238.0,4.3,1,431,0,0,0,0,3,0
CF,GAB,33.732194,9.920194,0,GAB,0.0,0.0,238.0,0.8,0,0,0,0,0,0,0,1
FA,GAB,33.732194,9.920194,0,GAB,0.0,0.0,238.0,2,1500,0,0,0,0,0,0
DF,GAB,33.732194,9.920194,2, ,0.0,0.0,1,3000,0,1,220,0,0,0

