SID,BISK1A,09,2
CA,0,86.0,2,500,0,0,0,0,0,0
VI,1, ,0.0,323.0,0,0,0,1,210,0,0,0
CF,BISKO,34.293056,10.727778,0,JBA,353.0,25.0,353.0,20.0,0,0,0,0,0,0,0,0

SID,BISK1B,27,2
CA,0,266.0,2,500,0,1,210,0,0,0
VI,2, ,0.0,23.0,0,0,0,0,0,0,0,0
CF,BISKO,34.293056,10.727778,0,JBA,353.0,25.0,353.0,21.0,0,0,0,0,0,0,0,0

SID,KBIR1A,09,2
CA,0,86.0,2,500,0,0,0,0,0,0
VI,1, ,0.0,302.0,0,0,0,1,210,0,0,0
CF,KBIRA,34.252222,10.551389,0,JBA,332.0,25.0,332.0,19.0,0,0,0,0,0,0,0,0

SID,KBIR1B,27,2
CA,0,266.0,2,500,0,1,210,0,0,0
VI,2, ,0.0,2.0,0,0,0,0,0,0,0,0
CF,KBIRA,34.252222,10.551389,0,JBA,332.0,25.0,332.0,23.0,0,0,0,0,0,0,0,0

SID,LEMS1A,09,2
CA,0,86.0,2,500,0,0,0,0,0,0
DF,JBA,33.877222,10.771611,1, ,0.0,0.0,2,3000,0,1,210,0,0,0
TF,LEMSA,33.461389,10.815000,0, ,0.0,0.0,0.0,0.0,0,0,0,0,0,0,0,0

SID,LEMS1B,27,2
CA,0,266.0,2,500,0,0,0,0,0,0
DF,JBA,33.877222,10.771611,2, ,0.0,0.0,2,3000,0,1,210,0,0,0
TF,LEMSA,33.461389,10.815000,0, ,0.0,0.0,0.0,0.0,0,0,0,0,0,0,0,0

SID,LILN1A,09,2
CA,0,86.0,2,500,0,0,0,0,0,0
CI,1, ,0.0,334.0,0,0,0,1,210,0,0,0
CF,LILNA,34.280278,10.901667,0,JBA,13.0,25.0,13.0,22.0,0,0,0,0,0,0,0,0

SID,LILN1B,27,2
CA,0,266.0,2,500,0,1,210,0,0,0
CI,2, ,0.0,57.0,0,0,0,0,0,0,0,0
CF,LILNA,34.280278,10.901667,0,JBA,13.0,25.0,13.0,22.0,0,0,0,0,0,0,0,0

SID,MANE1A,09,2
CA,0,86.0,2,500,0,0,0,0,0,0
DF,JBA,33.877222,10.771611,1, ,0.0,0.0,2,3000,0,1,210,0,0,0
TF,MANED,33.468889,10.668056,0, ,0.0,0.0,0.0,0.0,0,0,0,0,0,0,0,0

SID,MANE1B,27,2
CA,0,266.0,2,500,0,1,210,0,0,0
VI,1, ,0.0,160.0,0,0,0,0,0,0,0,0
CF,MANED,33.468889,10.668056,0,JBA,190.0,25.0,190.0,23.0,0,0,0,0,0,0,0,0

SID,MAZR1A,09,2
CA,0,86.0,2,500,0,0,0,0,0,0
CF,JBA,33.877222,10.771611,2,JBA,0.0,0.0,330.0,2.0,2,3000,0,1,210,0,0,0
TF,MAZRA,33.890833,10.271389,0, ,0.0,0.0,0.0,0.0,0,0,0,0,0,0,0,0

SID,MAZR1B,27,2
CA,0,266.0,2,500,0,0,0,0,0,0
CF,MAZRA,33.890833,10.271389,0,JBA,270.0,25.0,270.0,24.0,0,0,0,0,0,0,0,0

SID,MITB1A,09,2
CA,0,86.0,2,500,0,0,0,0,0,0
CF,MITBA,33.655278,11.195000,0,JBA,120.0,25.0,120.0,24.0,0,0,0,0,0,0,0,0

SID,MITB1B,27,2
CA,0,266.0,2,500,0,0,0,0,0,0
DF,JBA,33.877222,10.771611,2, ,0.0,0.0,2,3000,0,1,210,0,0,0
TF,MITBA,33.655278,11.195000,0, ,0.0,0.0,0.0,0.0,0,0,0,0,0,0,0,0

SID,TINA1A,09,2
CA,0,86.0,2,500,0,0,0,0,0,0
CF,JBA,33.877222,10.771611,2,JBA,0.0,0.0,330.0,2.0,2,3000,0,1,210,0,0,0
TF,TINAP,34.127778,10.370833,0, ,0.0,0.0,0.0,0.0,0,0,0,0,0,0,0,0

SID,TINA1B,27,2
CA,0,266.0,2,500,0,1,210,0,0,0
CF,TINAP,34.127778,10.370833,0,JBA,305.0,25.0,305.0,25.0,0,0,0,0,0,0,0,0

SID,TRIF1A,09,2
CA,0,86.0,2,500,0,0,0,0,0,0
VI,0, ,0.0,11.0,0,0,0,1,210,0,0,0
CF,TRIFA,34.181944,11.114167,0,JBA,41.0,25.0,41.0,22.0,0,0,0,0,0,0,0,0

SID,TRIF1B,27,2
FA,RW27,33.875864,10.793964,0,JBA,0.0,0.0,267.0,2,500,0,0,0,0,0,0
CF,JBA,33.877222,10.771611,1,JBA,0.0,0.0,42.0,2.0,2,3000,0,1,210,0,0,0
TF,TRIFA,34.181944,11.114167,0, ,0.0,0.0,0.0,0.0,0,0,0,0,0,0,0,0

APPTR,D27-Z,27,BISKO
IF,BISKO,34.293056,10.727778, ,0.0,0.0,0,0,0,0,0,0,0,0
TF,D353M,34.093447,10.748872,0, ,0.0,0.0,0.0,0.0,0,0,0,0,0,0,0,0
CI,0, ,0.0,173.0,0,0,0,0,0,0,0,0
AF,NAKIL,33.873889,10.991667,2,JBA,89.0,11.0,353.0,2,1600,0,0,0,0,1,0

APPTR,D27-Z,27,KBIRA
IF,KBIRA,34.252222,10.551389, ,0.0,0.0,0,0,0,0,0,0,0,0
TF,D332M,34.072281,10.657331,0, ,0.0,0.0,0.0,0.0,0,0,0,0,0,0,0,0
CI,0, ,0.0,152.0,0,0,0,0,0,0,0,0
AF,NAKIL,33.873889,10.991667,2,JBA,89.0,11.0,332.0,2,1600,0,0,0,0,1,0

APPTR,D27-Z,27,LEMSA
IF,LEMSA,33.461389,10.815000, ,0.0,0.0,0,0,0,0,0,0,0,0
TF,D173M,33.660981,10.794225,0, ,0.0,0.0,0.0,0.0,0,0,0,0,0,0,0,0
CI,0, ,0.0,353.0,0,0,0,0,0,0,0,0
AF,NAKIL,33.873889,10.991667,1,JBA,89.0,11.0,173.0,2,1600,0,0,0,0,1,0

APPTR,D27-Z,27,MAZRA
IF,MAZRA,33.890833,10.271389, ,0.0,0.0,0,0,0,0,0,0,0,0
TF,D270M,33.884553,10.511514,0, ,0.0,0.0,0.0,0.0,0,0,0,0,0,0,0,0
CI,0, ,0.0,90.0,0,0,0,0,0,0,0,0
AF,NAKIL,33.873889,10.991667,2,JBA,89.0,11.0,270.0,2,1600,0,0,0,0,1,0

APPTR,D27-Z,27,MITBA
IF,MITBA,33.655278,11.195000, ,0.0,0.0,0,0,0,0,0,0,0,0
TF,D120M,33.762008,10.992014,0, ,0.0,0.0,0.0,0.0,0,0,0,0,0,0,0,0
CI,0, ,0.0,300.0,0,0,0,0,0,0,0,0
AF,NAKIL,33.873889,10.991667,1,JBA,89.0,11.0,120.0,2,1600,0,0,0,0,1,0

APPTR,D27-Z,27,NAKI1
IF,NAKIL,33.873889,10.991667, ,0.0,0.0,2,2500,0,0,0,0,0,0
HF,NAKIL,33.873889,10.991667,2, ,0.0,0.0,269.0,04.3,2,1600,0,0,0,0,1,0,0

APPTR,D27-Z,27,NAKI2
IF,NAKIL,33.873889,10.991667, ,0.0,0.0,2,2500,0,0,0,0,0,0
HF,NAKIL,33.873889,10.991667,2, ,0.0,0.0,269.0,04.3,2,1600,0,0,0,0,1,0,0

APPTR,D27-Z,27,TINAP
IF,TINAP,34.127778,10.370833, ,0.0,0.0,0,0,0,0,0,0,0,0
TF,D305M,34.007689,10.563475,0, ,0.0,0.0,0.0,0.0,0,0,0,0,0,0,0,0
CI,0, ,0.0,125.0,0,0,0,0,0,0,0,0
AF,NAKIL,33.873889,10.991667,2,JBA,89.0,11.0,305.0,2,1600,0,0,0,0,1,0

APPTR,D27-Z,27,TRIFA
IF,TRIFA,34.181944,11.114167, ,0.0,0.0,0,0,0,0,0,0,0,0
TF,D041M,34.035814,10.949450,0, ,0.0,0.0,0.0,0.0,0,0,0,0,0,0,0,0
CI,0, ,0.0,221.0,0,0,0,0,0,0,0,0
AF,NAKIL,33.873889,10.991667,2,JBA,89.0,11.0,41.0,2,1600,0,0,0,0,1,0

FINAL,D27-Z,27,D,4
IF,NAKIL,33.873889,10.991667,JBA,89.0,11.0,2,1600,0,0,0,0,0,0
CF,FD27Z,33.875414,10.891697,0,JBA,89.0,6.0,269.0,5.0,2,1600,0,0,0,0,2,0
CF,30VOR,33.876331,10.831653,0,JBA,89.0,3.0,269.0,3.0,2,670,0,0,0,0,0,0
CF,RW27,33.875864,10.793964,0,JBA,92.2,1.1,269.0,1.9,1,69,0,0,0,0,3,0
CF,JBA,33.877222,10.771611,0,JBA,0.0,0.0,269.0,1.1,0,0,0,0,0,0,0,1
FD,JBA,33.877222,10.771611,0,JBA,0.0,5.0,269.0,5.0,0,0,0,0,0,0,0,0
DF,DIBLA,33.694167,10.790833,1, ,0.0,0.0,1,2500,0,1,190,0,0,0
HM,DIBLA,33.694167,10.790833,1, ,0.0,0.0,353.0,05,2,2500,0,1,190,0,0,0,0

APPTR,L09-Y,09,JBA1
IF,JBA,33.877222,10.771611, ,0.0,0.0,2,2500,0,0,0,0,1,0
FD,JBA,33.877222,10.771611,0,JBA,0.0,7.0,285.0,7.0,2,1700,0,0,0,0,0,0
CF,CL09Y,33.871767,10.631581,1,JAZ,266.3,8.2,86.0,1.0,2,1700,0,1,190,0,0,0

APPTR,L09-Y,09,JBA2
IF,JBA,33.877222,10.771611, ,0.0,0.0,2,2500,0,0,0,0,1,0
FD,JBA,33.877222,10.771611,0,JBA,0.0,7.0,277.0,7.0,2,1700,0,0,0,0,0,0
CF,CL09Y,33.871767,10.631581,1,JAZ,266.3,8.2,86.0,1.0,2,1700,0,0,0,0,0,0

FINAL,L09-Y,09,D,3
IF,CL09Y,33.871767,10.631581,JAZ,266.3,8.2,2,1700,0,0,0,0,0,0
CF,FF09,33.872589,10.663594,0,JAZ,266.3,6.6,86.0,1.6,2,1700,0,0,0,0,2,0
CF,RW09,33.875197,10.767039,0,JAZ,266.3,1.5,86.0,5.2,1,62,0,0,0,0,3,0
CA,0,86.0,2,420,0,0,0,0,0,0
FD,JBA,33.877222,10.771611,0,JBA,0.0,4.0,86.0,4.0,0,0,0,0,0,0,0,0
DF,JBA,33.877222,10.771611,1, ,0.0,0.0,1,2500,0,1,200,0,0,0

APPTR,L09-Z,09,BISKO
IF,BISKO,34.293056,10.727778, ,0.0,0.0,0,0,0,0,0,0,0,0
TF,D353M,34.093447,10.748872,0, ,0.0,0.0,0.0,0.0,0,0,0,0,0,0,0,0
CI,0, ,0.0,173.0,0,0,0,0,0,0,0,0
AF,D277K,33.905761,10.554050,1,JBA,277.0,11.0,353.0,2,1700,0,0,0,0,0,0
VI,0,JAZ,0.0,116.0,0,0,0,0,0,0,0,0

APPTR,L09-Z,09,KBIRA
IF,KBIRA,34.252222,10.551389, ,0.0,0.0,0,0,0,0,0,0,0,0
TF,D332M,34.072281,10.657331,0, ,0.0,0.0,0.0,0.0,0,0,0,0,0,0,0,0
CI,0, ,0.0,152.0,0,0,0,0,0,0,0,0
AF,D277K,33.905761,10.554050,1,JBA,277.0,11.0,332.0,2,1700,0,0,0,0,0,0
VI,0,JAZ,0.0,116.0,0,0,0,0,0,0,0,0

APPTR,L09-Z,09,LEMSA
IF,LEMSA,33.461389,10.815000, ,0.0,0.0,0,0,0,0,0,0,0,0
TF,D173M,33.660981,10.794225,0, ,0.0,0.0,0.0,0.0,0,0,0,0,0,0,0,0
CI,0, ,0.0,353.0,0,0,0,0,0,0,0,0
AF,D255K,33.835719,10.557158,2,JBA,255.0,11.0,173.0,2,1700,0,0,0,0,0,0
VI,0,JAZ,0.0,56.0,0,0,0,0,0,0,0,0

APPTR,L09-Z,09,MAZRA
IF,MAZRA,33.890833,10.271389, ,0.0,0.0,0,0,0,0,0,0,0,0
TF,D270M,33.884553,10.511514,0, ,0.0,0.0,0.0,0.0,0,0,0,0,0,0,0,1
CF,ZEKRI,33.867500,10.551667,0,JAZ,265.7,12.2,115.0,2.3,2,1700,0,0,0,0,1,0

APPTR,L09-Z,09,MITBA
IF,MITBA,33.655278,11.195000, ,0.0,0.0,0,0,0,0,0,0,0,0
TF,D120M,33.762008,10.992014,0, ,0.0,0.0,0.0,0.0,0,0,0,0,0,0,0,0
CI,0, ,0.0,300.0,0,0,0,0,0,0,0,0
AF,D255K,33.835719,10.557158,2,JBA,255.0,11.0,120.0,2,1700,0,0,0,0,0,0
VI,0,JAZ,0.0,56.0,0,0,0,0,0,0,0,0

APPTR,L09-Z,09,TINAP
IF,TINAP,34.127778,10.370833, ,0.0,0.0,0,0,0,0,0,0,0,0
TF,D305M,34.007689,10.563475,0, ,0.0,0.0,0.0,0.0,0,0,0,0,0,0,0,0
CI,0, ,0.0,125.0,0,0,0,0,0,0,0,0
AF,D277K,33.905761,10.554050,1,JBA,277.0,11.0,305.0,2,1700,0,0,0,0,0,0
VI,0,JAZ,0.0,116.0,0,0,0,0,0,0,0,0

APPTR,L09-Z,09,TRIFA
IF,TRIFA,34.181944,11.114167, ,0.0,0.0,0,0,0,0,0,0,0,0
TF,D041M,34.035814,10.949450,0, ,0.0,0.0,0.0,0.0,0,0,0,0,0,0,0,0
CI,0, ,0.0,221.0,0,0,0,0,0,0,0,0
AF,D277K,33.905761,10.554050,1,JBA,277.0,11.0,41.0,2,1700,0,0,0,0,0,0
VI,0,JAZ,0.0,116.0,0,0,0,0,0,0,0,0

APPTR,L09-Z,09,ZEKR1
IF,ZEKRI,33.867500,10.551667, ,0.0,0.0,2,2500,0,0,0,0,1,0
HF,ZEKRI,33.867500,10.551667,2, ,0.0,0.0,85.0,04.3,2,1700,0,0,0,0,0,0,0

APPTR,L09-Z,09,ZEKR2
IF,ZEKRI,33.867500,10.551667, ,0.0,0.0,2,2500,0,0,0,0,1,0
HF,ZEKRI,33.867500,10.551667,2, ,0.0,0.0,85.0,04.3,2,1700,0,0,0,0,0,0,0

FINAL,L09-Z,09,D,3
IF,ZEKRI,33.867500,10.551667,JAZ,265.7,12.2,2,1700,0,0,0,0,0,0
CF,FF09,33.872589,10.663594,0,JAZ,266.3,6.6,86.0,5.6,2,1700,0,0,0,0,2,0
CF,RW09,33.875197,10.767039,0,JAZ,266.3,1.5,86.0,5.2,1,62,0,0,0,0,3,0
CA,0,86.0,2,420,0,0,0,0,0,0
FD,JBA,33.877222,10.771611,0,JBA,0.0,4.0,86.0,4.0,0,0,0,0,0,0,0,0
DF,DIBLA,33.694167,10.790833,2, ,0.0,0.0,1,2500,0,1,190,0,0,0
HM,DIBLA,33.694167,10.790833,2, ,0.0,0.0,353.0,05,2,2500,0,1,190,0,0,0,0

APPTR,S09,09,JBA1
IF,JBA,33.877222,10.771611, ,0.0,0.0,2,2500,0,0,0,0,1,0
FC,JBA,33.877222,10.771611,0,JBA,0.0,0.0,293.0,5.3,2,1300,0,0,0,0,0,1
CF,FS09,33.872258,10.687047,1,JBA,264.0,4.2,84.0,2.0,2,1300,0,1,190,0,0,0

APPTR,S09,09,JBA2
IF,JBA,33.877222,10.771611, ,0.0,0.0,2,2500,0,0,0,0,1,0
FC,JBA,33.877222,10.771611,0,JBA,0.0,0.0,282.0,4.7,2,1300,0,0,0,0,0,1
CF,FS09,33.872258,10.687047,1,JBA,264.0,4.2,84.0,1.0,2,1300,0,0,0,0,0,0

FINAL,S09,09,D,2
IF,FS09,33.872258,10.687047,JBA,264.0,4.2,2,1300,0,0,0,0,2,0
CF,RW09,33.875197,10.767039,0,JBA,240.0,0.3,84.0,4.0,1,62,0,0,0,0,3,0
CF,JBA,33.877222,10.771611,0,JBA,0.0,0.0,84.0,0.3,0,0,0,0,0,0,0,1
FA,JBA,33.877222,10.771611,0,JBA,0.0,0.0,84.0,2,1000,0,0,0,0,0,0
DF,JBA,33.877222,10.771611,1, ,0.0,0.0,1,2500,0,0,0,0,0,0

APPTR,S27-Y,27,JBA1
IF,JBA,33.877222,10.771611, ,0.0,0.0,2,2500,0,0,0,0,1,0
FC,JBA,33.877222,10.771611,0,JBA,0.0,0.0,60.0,5.3,2,1300,0,0,0,0,0,1
CF,FS27Y,33.875686,10.874033,2,JBA,89.0,5.1,269.0,1.0,2,1300,0,1,190,0,0,0

APPTR,S27-Y,27,JBA2
IF,JBA,33.877222,10.771611, ,0.0,0.0,2,2500,0,0,0,0,1,0
FC,JBA,33.877222,10.771611,0,JBA,0.0,0.0,71.0,4.7,2,1300,0,0,0,0,0,1
CF,FS27Y,33.875686,10.874033,2,JBA,89.0,5.1,269.0,1.0,2,1300,0,0,0,0,0,0

FINAL,S27-Y,27,D,2
IF,FS27Y,33.875686,10.874033,JBA,89.0,5.1,2,1300,0,0,0,0,2,0
CF,RW27,33.875864,10.793964,0,JBA,92.2,1.1,269.0,4.0,1,69,0,0,0,0,3,0
CF,JBA,33.877222,10.771611,0,JBA,0.0,0.0,269.0,1.1,0,0,0,0,0,0,0,1
FA,JBA,33.877222,10.771611,0,JBA,0.0,0.0,269.0,2,1500,0,0,0,0,0,0
DF,JBA,33.877222,10.771611,1, ,0.0,0.0,1,2500,0,0,0,0,0,0

