SID,BL05A,05L,2
CF,D053A,51.180128,5.492069,0,BBL,52.4,1.3,48.0,2.0,0,0,0,0,0,0,0,0
CA,0,48.0,2,600,0,0,0,0,0,0
CR,1,BBL,328.0,257.0,2,3600,0,1,210,0,0,0
CI,0, ,0.0,257.0,0,0,0,0,0,0,0,0
CF,ERPUD,51.051167,5.047500,0,BBL,245.2,17.2,196.0,10.0,4,23000,16000,0,0,0,0,0

SID,BL05B,05L,2
CF,D053A,51.180128,5.492069,0,BBL,52.4,1.3,48.0,2.0,0,0,0,0,0,0,0,0
CA,0,48.0,2,600,0,0,0,0,0,0
CR,1,BBL,328.0,257.0,2,3600,0,1,210,0,0,0
CI,0, ,0.0,257.0,0,0,0,0,0,0,0,0
CF,D289J,51.226922,5.216567,0,BBL,289.0,10.0,289.0,4.0,0,0,0,0,0,0,0,0
TF,D289T,51.285794,4.968417,0, ,0.0,0.0,0.0,0.0,0,0,0,0,0,0,0,0

SID,BL05C,05L,2
CF,D053A,51.180128,5.492069,0,BBL,52.4,1.3,48.0,2.0,0,0,0,0,0,0,0,1
CA,0,48.0,2,600,0,0,0,0,0,0
CI,2, ,0.0,148.0,0,0,0,1,270,0,0,0
CF,D098F,51.150078,5.620481,0,BBL,98.0,6.0,98.0,1.0,0,0,0,0,0,0,0,1
CF,ELRIB,50.903500,5.619500,0,BBL,157.6,16.9,184.0,13.0,0,0,0,0,0,0,0,1
TF,ULTAV,50.790667,5.475833,0, ,0.0,0.0,0.0,0.0,0,0,0,0,0,0,0,1

SID,BL05D,05L,2
CF,D053A,51.180128,5.492069,0,BBL,52.4,1.3,48.0,2.0,0,0,0,0,0,0,0,0
CA,0,48.0,2,600,0,0,0,0,0,0
CR,1,BBL,328.0,187.0,2,4500,0,1,210,0,0,0
CI,0, ,0.0,187.0,0,0,0,0,0,0,0,0
CF,D227I,51.069094,5.284611,0,BBL,227.0,9.0,227.0,7.0,0,0,0,0,0,0,0,0
CF,ULRUD,51.038000,5.265333,0,BBL,222.1,10.8,178.0,2.0,1,5000,0,0,0,0,0,1

SID,BL23B,23R,2
DF,DER23,51.159597,5.453128,0, ,0.0,0.0,0,0,0,0,0,0,0,1
CF,D227F,51.098653,5.338372,0,BBL,227.0,6.3,227.0,6.0,0,0,0,0,0,0,0,0
TF,D227I,51.069094,5.284611,0, ,0.0,0.0,0.0,0.0,0,0,0,0,0,0,0,0
AF,D240I,51.097000,5.253992,2,BBL,240.0,9.0,227.0,3,3000,0,0,0,0,0,0
AF,D280I,51.198444,5.230828,2,BBL,280.0,9.0,240.0,2,4500,0,0,0,0,0,0
CF,D289T,51.285794,4.968417,0,BBL,289.0,20.0,289.0,10.0,0,0,0,0,0,0,0,0

SID,BL23C,23R,2
CF,BBL01,51.153431,5.441569,0,BBL,223.1,1.2,228.0,2.0,0,0,0,0,0,0,0,1
CA,0,228.0,2,600,0,0,0,0,0,0
CI,2, ,0.0,128.0,0,0,0,1,270,0,0,0
CF,D098F,51.150078,5.620481,0,BBL,98.0,6.0,98.0,6.0,0,0,0,0,0,0,0,1
CF,ELRIB,50.903500,5.619500,0,BBL,157.6,16.9,184.0,13.0,0,0,0,0,0,0,0,1
TF,ULTAV,50.790667,5.475833,0, ,0.0,0.0,0.0,0.0,0,0,0,0,0,0,0,1

SID,BL23D,23R,2
CF,D227I,51.069094,5.284611,0,BBL,227.0,9.0,227.0,9.0,0,0,0,0,0,0,0,0
CF,ULRUD,51.038000,5.265333,0,BBL,222.1,10.8,178.0,1.0,1,5000,0,0,0,0,0,1

SID,HPM05A,05L,2
CF,D053A,51.180128,5.492069,0,BBL,52.4,1.3,48.0,2.0,0,0,0,0,0,0,0,0
CA,0,48.0,2,600,0,0,0,0,0,0
CR,1,BBL,328.0,257.0,2,4500,0,1,300,0,0,0
CI,0, ,0.0,257.0,0,0,0,0,0,0,0,0
CF,ERPUD,51.051167,5.047500,0,BBL,244.2,17.2,196.0,10.0,4,23000,16000,0,0,0,0,0

SID,HPM05B,05L,2
CF,D053A,51.180128,5.492069,0,BBL,52.4,1.3,48.0,2.0,0,0,0,0,0,0,0,0
CA,0,48.0,2,600,0,0,0,0,0,0
CR,1,BBL,328.0,257.0,2,4500,0,1,300,0,0,0
CI,0, ,0.0,257.0,0,0,0,0,0,0,0,0
CF,D289J,51.226922,5.216567,0,BBL,289.0,10.0,289.0,4.0,0,0,0,0,0,0,0,0
TF,D289T,51.285794,4.968417,0, ,0.0,0.0,0.0,0.0,0,0,0,0,0,0,0,0

SID,HPM23A,23R,2
CA,0,228.0,2,600,0,0,0,0,0,0
CF,D225D,51.122086,5.386697,0,BBL,225.0,4.0,225.0,2.0,0,0,0,0,0,0,0,0
CI,0, ,0.0,225.0,0,0,0,0,0,0,0,0
AF,D273G,51.177536,5.279397,2,BBL,273.0,7.0,225.0,0,0,0,0,0,0,0,0
CF,D289J,51.226922,5.216567,0,BBL,289.0,10.0,289.0,4.0,0,0,0,0,0,0,0,1
CF,ERPUD,51.051167,5.047500,1,BBL,244.2,17.4,196.0,10.0,4,23000,16000,0,0,0,0,0

SID,HPM23B,23R,2
CA,0,228.0,2,600,0,0,0,0,0,0
CF,D225D,51.122086,5.386697,0,BBL,225.0,4.0,225.0,2.0,0,0,0,0,0,0,0,0
CI,0, ,0.0,225.0,0,0,0,0,0,0,0,0
AF,D273G,51.177536,5.279397,2,BBL,273.0,7.0,225.0,0,0,0,0,0,0,0,0
CF,D289J,51.226922,5.216567,0,BBL,289.0,10.0,289.0,4.0,0,0,0,0,0,0,0,0
TF,D289T,51.285794,4.968417,0, ,0.0,0.0,0.0,0.0,0,0,0,0,0,0,0,0

APPTR,I23R,23R,D070F
IF,D070F,51.198333,5.615333, ,0.0,0.0,4,4000,3000,0,0,0,1,0
CF,D070L,51.228867,5.766672,0,BBL,70.0,12.0,70.0,6.0,1,3000,0,0,0,0,0,1
CF,D048L,51.294381,5.709872,1,BBL,48.5,12.0,228.0,1.0,1,3000,0,0,0,0,0,0
CF,CF23R,51.240958,5.608272,0,IBBL,48.1,7.7,228.0,5.0,1,1700,0,0,0,0,0,0

APPTR,I23R,23R,D254F
IF,D254F,51.143333,5.310000, ,0.0,0.0,4,15000,9000,0,0,0,1,0
CF,D254D,51.153397,5.374189,0,BBL,254.0,3.5,74.0,2.5,2,8000,0,0,0,0,0,0
CF,BBL,51.167528,5.464083,0,BBL,0.0,0.0,74.0,3.5,0,0,0,0,0,0,0,0
CF,D070F,51.198333,5.615333,0,BBL,70.0,6.0,70.0,6.0,1,3000,0,0,0,0,0,1
CF,D070L,51.228867,5.766672,0,BBL,70.0,12.0,70.0,6.0,1,3000,0,0,0,0,0,1
CF,D048L,51.294381,5.709872,1,BBL,48.5,12.0,228.0,1.0,1,3000,0,0,0,0,0,0
CF,CF23R,51.240958,5.608272,0,IBBL,48.1,7.7,228.0,5.0,1,1700,0,0,0,0,0,0

FINAL,I23R,23R,I,3
IF,CF23R,51.240958,5.608272,IBBL,48.1,7.7,1,1700,0,0,0,0,0,0
CF,FF23R,51.229236,5.585864,0,IBBL,48.1,6.6,228.0,1.1,1,1700,0,0,0,0,2,0
CF,RW23R,51.175469,5.483328,0,IBBL,48.1,1.5,228.0,5.0,1,213,0,0,0,0,3,0
CF,D228A,51.155614,5.445589,0,BBL,222.3,0.0,228.0,1.9,2,1000,0,0,0,0,0,1
CI,2, ,0.0,102.0,1,3000,0,1,210,0,0,0
FM,BBL,51.167528,5.464083,0,BBL,0.0,0.0,70.0,0,0,0,0,0,0,0,0

APPTR,R05L,05L,BL500
IF,BL500,51.200333,5.287000, ,0.0,0.0,4,4000,3000,0,0,0,1,0
TF,BL501,51.144333,5.182000,0, ,0.0,0.0,0.0,0.0,4,4000,3000,0,0,0,0,0
TF,BL502,51.069333,5.282333,0, ,0.0,0.0,0.0,0.0,4,2500,1700,0,0,0,1,0
TF,BL503,51.107833,5.355167,0, ,0.0,0.0,0.0,0.0,1,1700,0,0,0,0,0,0

APPTR,R05L,05L,BL510
IF,BL510,51.032333,5.212833, ,0.0,0.0,4,3000,2000,0,0,0,1,0
TF,BL502,51.069333,5.282333,0, ,0.0,0.0,0.0,0.0,4,2500,1700,0,0,0,1,0
TF,BL503,51.107833,5.355167,0, ,0.0,0.0,0.0,0.0,1,1700,0,0,0,0,0,0

FINAL,R05L,05L,R,2
IF,BL503,51.107833,5.355167, ,0.0,0.0,1,1700,0,0,0,0,2,0
TF,BL504,51.161500,5.456833,0, ,0.0,0.0,48.0,5.0,1,236,0,1,190,0,3,1
TF,BL505,51.202000,5.534000,0, ,0.0,0.0,0.0,0.0,2,1610,0,1,190,0,0,0
TF,BL506,51.262833,5.452667,0, ,0.0,0.0,0.0,0.0,2,2850,0,1,190,0,0,0
TF,BL500,51.200333,5.287000,0, ,0.0,0.0,0.0,0.0,1,3000,0,1,190,0,0,0

APPTR,R23R,23R,BL400
IF,BL400,51.281833,5.490667, ,0.0,0.0,4,4000,3000,1,230,0,1,0
TF,BL401,51.345167,5.611000,0, ,0.0,0.0,0.0,0.0,1,3000,0,1,230,0,0,0
TF,BL402,51.283833,5.690000,2, ,0.0,0.0,0.0,0.0,4,2500,1700,1,230,0,1,0
TF,BL403,51.230500,5.588167,0, ,0.0,0.0,0.0,0.0,1,1700,0,0,0,0,0,0

APPTR,R23R,23R,BL410
IF,BL410,51.114000,5.664000, ,0.0,0.0,4,4500,3000,1,230,0,1,0
TF,BL411,51.233167,5.801000,0, ,0.0,0.0,0.0,0.0,1,3000,0,1,230,0,0,0
TF,BL402,51.283833,5.690000,0, ,0.0,0.0,0.0,0.0,4,2500,1700,1,230,0,1,0
TF,BL403,51.230500,5.588167,0, ,0.0,0.0,0.0,0.0,1,1700,0,0,0,0,0,0

FINAL,R23R,23R,R,2
IF,BL403,51.230500,5.588167, ,0.0,0.0,1,1700,0,0,0,0,2,0
TF,BL404,51.175500,5.483333,0, ,0.0,0.0,228.0,5.2,1,214,0,1,165,0,3,1
TF,BL405,51.144500,5.424500,0, ,0.0,0.0,0.0,0.0,2,860,0,1,165,0,0,0
TF,BL406,51.204667,5.344167,0, ,0.0,0.0,0.0,0.0,2,1510,0,1,165,0,0,0
TF,BL400,51.281833,5.490667,0, ,0.0,0.0,0.0,0.0,1,3000,0,1,165,0,0,0

APPTR,T05L,05L,D286F
IF,D286F,51.198333,5.312833, ,0.0,0.0,4,4000,3000,0,0,0,1,0
CF,D286G,51.203403,5.287667,0,BBL,286.0,7.0,286.0,1.0,0,0,0,0,0,0,0,0
CI,0, ,0.0,286.0,0,0,0,0,0,0,0,0
AF,D244I,51.106386,5.246667,1,BBL,244.0,9.0,286.0,4,4000,3000,0,0,0,0,0
AF,D241I,51.099314,5.252064,1,BBL,241.0,9.0,244.0,0,0,0,0,0,0,0,0
CF,FT05L,51.108500,5.356308,0,BBL,227.0,5.4,47.0,3.0,1,1700,0,0,0,0,0,0

APPTR,T05L,05L,D289R
IF,D289R,51.274000,5.018167, ,0.0,0.0,3,17000,0,0,0,0,1,0
CF,D289K,51.232833,5.191781,0,BBL,289.0,11.0,109.0,7.0,0,0,0,0,0,0,0,0
CI,0, ,0.0,109.0,0,0,0,0,0,0,0,0
AF,D276I,51.188139,5.227989,1,BBL,276.0,9.0,289.0,0,0,0,0,0,0,0,0
AF,D244I,51.106386,5.246667,1,BBL,244.0,9.0,276.0,4,4000,3000,0,0,0,0,0
AF,D241I,51.099314,5.252064,1,BBL,241.0,9.0,244.0,0,0,0,0,0,0,0,0
CF,FT05L,51.108500,5.356308,0,BBL,227.0,5.4,47.0,3.0,1,1700,0,0,0,0,0,0

FINAL,T05L,05L,D,3
IF,FT05L,51.108500,5.356308,BBL,227.0,5.4,1,1700,0,0,0,0,2,0
CF,25TAC,51.140211,5.414153,0,BBL,227.0,2.5,47.0,2.9,2,800,0,0,0,0,0,0
CF,RW05L,51.161536,5.456836,0,BBL,215.3,0.5,47.0,2.1,1,235,0,0,0,0,3,0
CF,D047A,51.178447,5.484069,0,BBL,47.0,0.0,47.0,1.5,1,1000,0,0,0,0,0,1
CF,D047C,51.194819,5.514069,0,BBL,47.0,2.5,47.0,1.5,0,0,0,0,0,0,0,1
CI,1, ,0.0,233.0,0,0,0,1,210,0,0,0
CF,D286F,51.198333,5.312833,0,BBL,286.0,6.0,286.0,2.0,1,3000,0,0,0,0,0,0

APPTR,T05R,05R,D286F
IF,D286F,51.198333,5.312833, ,0.0,0.0,4,4000,3000,0,0,0,1,0
CF,D286G,51.203403,5.287667,0,BBL,286.0,7.0,286.0,1.0,0,0,0,0,0,0,0,0
CI,0, ,0.0,286.0,0,0,0,0,0,0,0,0
AF,D244I,51.106386,5.246667,1,BBL,244.0,9.0,286.0,4,4000,3000,0,0,0,0,0
AF,D235I,51.085756,5.264575,1,BBL,235.0,9.0,244.0,0,0,0,0,0,0,0,0
CF,FT05R,51.102819,5.364897,0,BBL,222.0,5.4,42.0,3.6,1,1700,0,0,0,0,0,0

APPTR,T05R,05R,D289R
IF,D289R,51.274000,5.018167, ,0.0,0.0,3,17000,0,0,0,0,1,0
CF,D289K,51.232833,5.191781,0,BBL,289.0,11.0,109.0,7.0,0,0,0,0,0,0,0,0
CI,0, ,0.0,109.0,0,0,0,0,0,0,0,0
AF,D276I,51.188139,5.227989,1,BBL,276.0,9.0,289.0,0,0,0,0,0,0,0,0
AF,D244I,51.106386,5.246667,1,BBL,244.0,9.0,276.0,4,4000,3000,0,0,0,0,0
AF,D235I,51.085756,5.264575,1,BBL,235.0,9.0,244.0,0,0,0,0,0,0,0,0
CF,FT05R,51.102819,5.364897,0,BBL,222.0,5.4,42.0,3.6,1,1700,0,0,0,0,0,0

FINAL,T05R,05R,D,4
IF,FT05R,51.102819,5.364897,BBL,222.0,5.4,1,1700,0,0,0,0,2,0
CF,25TA2,51.137581,5.418128,0,BBL,222.0,2.5,42.0,2.9,2,800,0,0,0,0,0,0
CF,ET05R,51.162033,5.455647,0,BBL,222.0,0.5,42.0,2.0,1,240,0,0,0,0,0,1
CF,MT05R,51.162736,5.456725,0,BBL,222.0,0.4,42.0,0.1,2,620,0,0,0,0,3,1
CF,D042A,51.179500,5.482481,0,BBL,42.0,0.0,42.0,1.4,1,1000,0,0,0,0,0,1
CF,D042C,51.197456,5.510094,0,BBL,42.0,2.5,42.0,1.5,0,0,0,0,0,0,0,1
CI,1, ,0.0,233.0,0,0,0,1,210,0,0,0
CF,D286F,51.198333,5.312833,0,BBL,286.0,6.0,286.0,2.0,1,3000,0,0,0,0,0,0

APPTR,T23L,23L,D074F
IF,D074F,51.191667,5.618333, ,0.0,0.0,4,4000,3000,0,0,0,1,0
CF,D074L,51.215447,5.772706,0,BBL,74.0,12.0,74.0,6.0,1,3000,0,0,0,0,0,1
CF,D053L,51.281817,5.725006,1,BBL,53.0,12.0,233.0,1.0,1,3000,0,0,0,0,0,0
CF,FT23L,51.224744,5.594383,0,BBL,53.0,6.0,233.0,6.0,1,1700,0,0,0,0,0,0

APPTR,T23L,23L,D254F
IF,D254F,51.143333,5.310000, ,0.0,0.0,4,15000,9000,0,0,0,1,0
CF,D254D,51.153397,5.374189,0,BBL,254.0,3.5,74.0,2.5,2,8000,0,0,0,0,0,0
CF,BBL,51.167528,5.464083,0,BBL,0.0,0.0,74.0,3.5,0,0,0,0,0,0,0,0
CF,D074F,51.191667,5.618333,0,BBL,74.0,6.0,74.0,6.0,1,3000,0,0,0,0,0,0
CF,D074L,51.215447,5.772706,0,BBL,74.0,12.0,74.0,6.0,1,3000,0,0,0,0,0,1
CF,D053L,51.281817,5.725006,1,BBL,53.0,12.0,233.0,1.0,1,3000,0,0,0,0,0,0
CF,FT23L,51.224744,5.594383,0,BBL,53.0,6.0,233.0,6.0,1,1700,0,0,0,0,0,0

FINAL,T23L,23L,D,3
IF,FT23L,51.224744,5.594383,BBL,53.0,6.0,1,1700,0,0,0,0,2,0
CF,40TAC,51.205689,5.550914,0,BBL,53.0,4.0,233.0,2.0,2,1100,0,0,0,0,0,0
CF,RW23L,51.173906,5.485097,0,BBL,62.2,0.9,233.0,3.1,1,194,0,0,0,0,3,0
CF,D233A,51.157975,5.442397,0,BBL,233.0,0.0,233.0,1.9,1,1000,0,0,0,0,0,1
CI,2,BBL,0.0,107.0,1,3000,0,1,210,0,0,0
FM,BBL,51.167528,5.464083,0,BBL,0.0,0.0,74.0,0,0,0,0,0,0,0,0

APPTR,T23R,23R,D074F
IF,D074F,51.191667,5.618333, ,0.0,0.0,4,4000,3000,0,0,0,1,0
CF,D074L,51.215447,5.772706,0,BBL,74.0,12.0,74.0,6.0,1,3000,0,0,0,0,0,1
CF,D053L,51.281817,5.725006,1,BBL,53.0,12.0,233.0,1.0,1,3000,0,0,0,0,0,0
CF,FT23R,51.223792,5.592208,0,BBL,53.0,5.9,233.0,6.1,1,1700,0,0,0,0,0,0

APPTR,T23R,23R,D254F
IF,D254F,51.143333,5.310000, ,0.0,0.0,4,15000,9000,0,0,0,1,0
CF,D254D,51.153397,5.374189,0,BBL,254.0,3.5,74.0,2.5,2,8000,0,0,0,0,0,0
CF,D074F,51.191667,5.618333,0,BBL,74.0,6.0,74.0,9.5,1,3000,0,0,0,0,0,0
CF,D074L,51.215447,5.772706,0,BBL,74.0,12.0,74.0,6.0,1,3000,0,0,0,0,0,1
CF,D053L,51.281817,5.725006,1,BBL,53.0,12.0,233.0,1.0,1,3000,0,0,0,0,0,0
CF,FT23R,51.223792,5.592208,0,BBL,53.0,5.9,233.0,6.1,1,1700,0,0,0,0,0,0

FINAL,T23R,23R,D,3
IF,FT23R,51.223792,5.592208,BBL,53.0,5.9,1,1700,0,0,0,0,2,0
CF,41TAC,51.206642,5.553086,0,BBL,53.0,4.1,233.0,1.8,2,1100,0,0,0,0,0,0
CF,RW23R,51.175469,5.483328,0,BBL,54.7,0.9,233.0,3.2,1,213,0,0,0,0,3,0
CF,D233A,51.157975,5.442397,0,BBL,233.0,0.0,233.0,1.9,1,1000,0,0,0,0,0,1
CI,2, ,0.0,107.0,1,3000,0,1,210,0,0,0
FM,BBL,51.167528,5.464083,0,BBL,0.0,0.0,74.0,0,0,0,0,0,0,0,0

