SID,FS08A,08L,2
CF,D075C,50.253403,4.728864,0,BFS,75.1,3.0,78.0,3.0,2,1500,0,0,0,0,0,0
CR,0,BFS,93.0,129.0,2,2500,0,0,0,0,0,0
CF,D097P,50.203594,5.064278,0,BFS,97.0,16.0,97.0,12.0,2,4500,0,0,0,0,0,0
TF,D097Q,50.201183,5.089947,0, ,0.0,0.0,0.0,0.0,0,0,0,0,0,0,0,1
VI,1, ,0.0,296.0,0,0,0,0,0,0,0,0
CF,BFS,50.241417,4.653250,0,BFS,0.0,0.0,251.0,14.0,0,0,0,0,0,0,0,0

SID,FS08B,08L,2
CF,D075C,50.253403,4.728864,0,BFS,75.1,3.0,78.0,3.0,2,1500,0,0,0,0,0,1
CR,0,BFS,93.0,153.0,2,2500,0,0,0,0,0,0
CR,0,BFS,118.0,179.0,2,3500,0,0,0,0,0,0
CI,0, ,0.0,179.0,0,0,0,0,0,0,0,0
CF,D129K,50.123464,4.871483,0,BFS,129.0,11.0,129.0,7.0,2,4500,0,0,0,0,0,0
TF,D129T,50.026669,5.049239,0, ,0.0,0.0,0.0,0.0,0,0,0,0,0,0,0,0

SID,FS08C,08L,2
CF,D075C,50.253403,4.728864,0,BFS,75.1,3.0,78.0,3.0,2,1500,0,0,0,0,0,1
CR,0,BFS,93.0,153.0,2,2500,0,0,0,0,0,0
CR,0,BFS,118.0,178.0,2,3500,0,0,0,0,0,0
CI,2, ,0.0,269.0,0,0,0,0,0,0,0,0
CF,D237P,50.099694,4.302022,0,BFS,237.0,16.0,237.0,10.0,2,4500,0,0,0,0,0,0
TF,D237Q,50.090803,4.280139,0, ,0.0,0.0,0.0,0.0,0,0,0,0,0,0,0,1
DF,D263O,50.214664,4.266169,2, ,0.0,0.0,3,19000,0,0,0,0,0,1
TF,BFS,50.241417,4.653250,0, ,0.0,0.0,0.0,0.0,0,0,0,0,0,0,0,0

SID,FS08D,08L,2
CF,D075C,50.253403,4.728864,0,BFS,75.1,3.0,78.0,3.0,0,0,0,0,0,0,0,1
CR,2,BFS,93.0,145.0,2,2500,0,0,0,0,0,0
CR,0,BFS,118.0,180.0,2,3500,0,0,0,0,0,0
CI,0, ,0.0,259.0,0,0,0,0,0,0,0,0
CF,D201J,50.086978,4.556311,0,BFS,201.0,10.0,201.0,5.0,2,4500,0,0,0,0,0,0
TF,D201O,50.005103,4.505186,0, ,0.0,0.0,0.0,0.0,0,0,0,0,0,0,0,0
TF,D201S,49.947931,4.469594,0, ,0.0,0.0,0.0,0.0,0,0,0,0,0,0,0,0
AF,D262S,50.201814,4.164058,2,BFS,262.0,19.0,201.0,0,0,0,0,0,0,0,0
CF,D262P,50.208200,4.241244,0,BFS,262.0,16.0,82.0,3.0,4,19000,15000,0,0,0,0,1
VM,0,0,0,82.0,0,0,0,0,0,0,0,0

SID,FS08E,08L,2
CF,D075C,50.253403,4.728864,0,BFS,75.1,3.0,78.0,3.0,0,0,0,0,0,0,0,1
CR,2,BFS,93.0,145.0,2,2500,0,0,0,0,0,0
CR,0,BFS,118.0,180.0,2,3500,0,0,0,0,0,0
CI,0, ,0.0,259.0,0,0,0,0,0,0,0,0
CF,D201J,50.086978,4.556311,0,BFS,201.0,10.0,201.0,5.0,2,4500,0,0,0,0,0,0
TF,D201O,50.005103,4.505186,0, ,0.0,0.0,0.0,0.0,0,0,0,0,0,0,0,0
TF,D201S,49.947931,4.469594,0, ,0.0,0.0,0.0,0.0,0,0,0,0,0,0,0,0
AF,D253S,50.150917,4.180886,2,BFS,252.6,19.0,201.0,0,0,0,0,0,0,0,0
TF,BBE30,50.332550,4.355217,0, ,0.0,0.0,0.0,0.0,4,19000,10000,0,0,0,0,0
VM,0,0,0,32.0,0,0,0,0,0,0,0,0

SID,FS26A,26R,2
CF,D261C,50.234661,4.576086,0,BFS,261.3,3.0,258.0,3.0,2,1500,0,0,0,0,0,1
CR,0,BFS,243.0,183.0,2,2500,0,0,0,0,0,0
CR,0,BFS,162.0,102.0,2,3500,0,0,0,0,0,0
CI,1, ,0.0,59.0,0,0,0,0,0,0,0,0
CF,D097P,50.203594,5.064278,0,BFS,97.0,16.0,97.0,12.0,2,4500,0,0,0,0,0,0
TF,D097Q,50.201183,5.089947,0, ,0.0,0.0,0.0,0.0,0,0,0,0,0,0,0,1
VI,1, ,0.0,296.0,0,0,0,0,0,0,0,0
CF,BFS,50.241417,4.653250,0,BFS,0.0,0.0,251.0,14.0,0,0,0,0,0,0,0,0

SID,FS26B,26R,2
CF,D261C,50.234661,4.576086,0,BFS,261.3,3.0,258.0,3.0,2,1500,0,0,0,0,0,1
CR,0,BFS,243.0,183.0,2,2500,0,0,0,0,0,0
CR,0,BFS,162.0,102.0,2,3500,0,0,0,0,0,0
CI,1, ,0.0,69.0,0,0,0,0,0,0,0,0
CF,D129K,50.123464,4.871483,0,BFS,129.0,11.0,129.0,8.0,2,4500,0,0,0,0,0,0
TF,D129T,50.026669,5.049239,0, ,0.0,0.0,0.0,0.0,0,0,0,0,0,0,0,0

SID,FS26C,26R,2
CF,D261C,50.234661,4.576086,0,BFS,261.3,3.0,258.0,3.0,2,1500,0,0,0,0,0,0
CR,0,BFS,243.0,209.0,2,2500,0,0,0,0,0,0
CI,0, ,0.0,209.0,0,0,0,0,0,0,0,0
CF,D237P,50.099694,4.302022,0,BFS,237.0,16.0,237.0,11.0,2,4500,0,0,0,0,0,0
TF,D237Q,50.090803,4.280139,0, ,0.0,0.0,0.0,0.0,0,0,0,0,0,0,0,1
DF,D263O,50.214664,4.266169,2, ,0.0,0.0,3,19000,0,0,0,0,0,1
TF,BFS,50.241417,4.653250,0, ,0.0,0.0,0.0,0.0,0,0,0,0,0,0,0,0

SID,FS26D,26R,2
CF,D261C,50.234661,4.576086,0,BFS,261.3,3.0,258.0,3.0,0,0,0,0,0,0,0,1
CR,0,BFS,243.0,169.0,2,2500,0,0,0,0,0,0
CR,0,BFS,211.0,169.0,2,4500,0,0,0,0,0,0
CF,D201O,50.005103,4.505186,0,BFS,201.0,15.3,201.0,9.0,0,0,0,0,0,0,0,0
TF,D201S,49.947931,4.469594,0, ,0.0,0.0,0.0,0.0,0,0,0,0,0,0,0,0
AF,D262S,50.201814,4.164058,2,BFS,262.0,19.0,201.0,0,0,0,0,0,0,0,0
CF,D262P,50.208200,4.241244,0,BFS,262.0,16.0,82.0,3.0,4,19000,15000,0,0,0,0,0
VM,0,0,0,82.0,0,0,0,0,0,0,0,0

SID,FS26E,26R,2
CF,D261C,50.234661,4.576086,0,BFS,261.3,3.0,258.0,3.0,0,0,0,0,0,0,0,0
CR,0,BFS,243.0,169.0,2,2500,0,0,0,0,0,0
CR,0,BFS,211.0,169.0,2,4500,0,0,0,0,0,0
CF,D201O,50.005103,4.505186,0,BFS,201.0,15.3,201.0,9.0,0,0,0,0,0,0,0,0
TF,D201S,49.947931,4.469594,0, ,0.0,0.0,0.0,0.0,0,0,0,0,0,0,0,0
AF,D253S,50.150917,4.180886,2,BFS,252.6,19.0,201.0,0,0,0,0,0,0,0,0
TF,BBE30,50.332550,4.355217,0, ,0.0,0.0,0.0,0.0,4,19000,10000,0,0,0,0,0
VM,0,0,0,32.0,0,0,0,0,0,0,0,0

APPTR,I26R,26R,D100E
IF,D100E,50.225500,4.780667, ,0.0,0.0,4,4500,3000,0,0,0,1,0
CF,D100L,50.202889,4.958822,0,BFS,100.0,12.0,100.0,7.0,4,4500,3000,0,0,0,0,1
CF,CI26R,50.274056,4.907969,1,IBFS,78.5,11.1,259.0,2.0,2,3000,0,0,0,0,0,0

APPTR,I26R,26R,D100J
IF,D100J,50.209500,4.908000, ,0.0,0.0,4,13000,9000,0,0,0,1,0
CF,D100N,50.196392,5.009703,0,BFS,100.0,14.0,100.0,4.0,1,9000,0,0,0,0,0,1
CF,D079N,50.285900,5.010244,1,BFS,77.9,14.0,259.0,1.0,0,0,0,0,0,0,0,0
CF,CI26R,50.274056,4.907969,0,IBFS,78.5,11.1,259.0,4.0,2,3000,0,0,0,0,0,0

FINAL,I26R,26R,I,3
IF,CI26R,50.274056,4.907969,IBFS,78.5,11.1,2,3000,0,0,0,0,0,0
CF,FI26R,50.266606,4.844075,0,IBFS,78.5,8.6,259.0,2.5,1,3000,0,0,0,0,2,0
CF,RW26R,50.245894,4.668069,0,IBFS,78.5,1.7,259.0,6.9,1,974,0,0,0,0,3,0
CA,0,259.0,2,1340,0,0,0,0,0,0
CF,D260C,50.234886,4.589153,0,BFS,260.0,2.5,260.0,2.5,1,2000,0,0,0,0,0,1
DF,D100E,50.225500,4.780667,2, ,0.0,0.0,1,3000,0,1,210,0,0,0

APPTR,R08L,08L,FS500
IF,FS500,50.150833,4.627833, ,0.0,0.0,4,4500,3000,0,0,0,1,0
TF,FS501,50.123500,4.392167,0, ,0.0,0.0,0.0,0.0,4,4500,3000,0,0,0,0,0
TF,FS502,50.209833,4.367667,0, ,0.0,0.0,0.0,0.0,1,3000,0,0,0,0,1,0

APPTR,R08L,08L,FS510
IF,FS510,50.192000,4.221333, ,0.0,0.0,4,4500,3000,0,0,0,1,0
TF,FS502,50.209833,4.367667,0, ,0.0,0.0,0.0,0.0,1,3000,0,0,0,0,1,0

APPTR,R08L,08L,FS520
IF,FS520,50.296167,4.342833, ,0.0,0.0,4,4500,3000,0,0,0,1,0
TF,FS502,50.209833,4.367667,0, ,0.0,0.0,0.0,0.0,1,3000,0,0,0,0,1,0

FINAL,R08L,08L,R,3
IF,FS502,50.209833,4.367667, ,0.0,0.0,1,3000,0,0,0,0,0,0
TF,FS503,50.225333,4.495167,0, ,0.0,0.0,79.0,5.0,1,2500,0,0,0,0,2,0
TF,FS504,50.241333,4.629500,0, ,0.0,0.0,79.0,5.3,1,955,0,1,190,0,3,1
TF,FS505,50.259333,4.781833,0, ,0.0,0.0,0.0,0.0,2,2260,0,1,190,0,0,0
TF,FS506,50.169667,4.807000,0, ,0.0,0.0,0.0,0.0,2,3000,0,1,190,0,0,0
TF,FS500,50.150833,4.627833,0, ,0.0,0.0,0.0,0.0,1,3000,0,1,190,0,0,1
HM,FS500,50.150833,4.627833,2, ,0.0,0.0,260.0,04.3,3,4500,0,0,0,0,0,0,0

APPTR,R26R,26R,FS400
IF,FS400,50.162667,4.716833, ,0.0,0.0,4,4500,3000,0,0,0,1,0
TF,FS401,50.189833,4.952667,0, ,0.0,0.0,0.0,0.0,4,4500,3000,0,0,0,0,0
TF,FS402,50.276333,4.928333,0, ,0.0,0.0,0.0,0.0,1,3000,0,0,0,0,1,0

APPTR,R26R,26R,FS410
IF,FS410,50.293167,5.075167, ,0.0,0.0,4,4500,3000,0,0,0,1,0
TF,FS402,50.276333,4.928333,0, ,0.0,0.0,0.0,0.0,1,3000,0,0,0,0,1,0

APPTR,R26R,26R,FS420
IF,FS420,50.363167,4.921333, ,0.0,0.0,4,4500,3000,0,0,0,1,0
TF,FS402,50.276333,4.928333,0, ,0.0,0.0,0.0,0.0,1,3000,0,0,0,0,1,0

FINAL,R26R,26R,R,3
IF,FS402,50.276333,4.928333, ,0.0,0.0,1,3000,0,0,0,0,0,0
TF,FS403,50.261500,4.800500,0, ,0.0,0.0,259.0,5.0,1,2500,0,0,0,0,2,0
TF,FS404,50.245833,4.668000,0, ,0.0,0.0,259.0,5.2,1,978,0,1,190,0,3,1
TF,FS405,50.228167,4.519000,0, ,0.0,0.0,0.0,0.0,2,1980,0,1,190,0,0,0
TF,FS406,50.138667,4.544167,0, ,0.0,0.0,0.0,0.0,2,2820,0,1,190,0,0,0
TF,FS400,50.162667,4.716833,0, ,0.0,0.0,0.0,0.0,1,3000,0,1,190,0,0,1
HM,FS400,50.162667,4.716833,1, ,0.0,0.0,80.0,04.3,3,4500,0,0,0,0,0,0,0

APPTR,T08L,08L,D240E
IF,D240E,50.201000,4.539833, ,0.0,0.0,4,4500,3000,0,0,0,1,0
CF,D240L,50.144233,4.381319,0,BFS,240.0,12.0,240.0,7.0,4,4500,3000,0,0,0,0,1
CF,CT08L,50.220819,4.395681,2,BFS,262.0,10.0,82.0,2.0,1,3000,0,0,0,0,0,0

APPTR,T08L,08L,D240J
IF,D240J,50.160500,4.426500, ,0.0,0.0,4,19000,6000,0,0,0,1,0
CF,D240N,50.127972,4.336106,0,BFS,240.0,14.0,240.0,4.0,0,0,0,0,0,0,0,1
CF,D262N,50.212447,4.292708,2,BFS,262.0,14.0,82.0,1.0,0,0,0,0,0,0,0,0
CF,CT08L,50.220819,4.395681,0,BFS,262.0,10.0,82.0,4.0,1,3000,0,0,0,0,0,0

FINAL,T08L,08L,D,3
IF,CT08L,50.220819,4.395681,BFS,262.0,10.0,1,3000,0,0,0,0,0,0
CF,FT08L,50.228706,4.493533,0,BFS,262.0,6.2,82.0,3.8,1,2500,0,0,0,0,2,0
CF,RW08L,50.241328,4.629575,0,BFS,268.7,0.9,82.0,5.3,1,950,0,0,0,0,3,0
CF,BFS,50.241417,4.653250,0,BFS,0.0,0.0,82.0,0.9,0,0,0,0,0,0,0,0
FD,BFS,50.241417,4.653250,0,BFS,0.0,2.5,80.0,2.5,1,2000,0,0,0,0,0,0
DF,D240E,50.201000,4.539833,1, ,0.0,0.0,1,3000,0,1,210,0,0,0

APPTR,T08R,08R,D233E
IF,D233E,50.192500,4.548333, ,0.0,0.0,4,4500,3000,0,0,0,1,0
CF,D233L,50.123703,4.401825,0,BFS,233.0,12.0,233.0,7.0,4,4500,3000,0,0,0,0,1
CF,CT08R,50.200864,4.401556,2,BFS,255.0,10.0,75.0,2.0,1,3000,0,0,0,0,0,0

APPTR,T08R,08R,D233J
IF,D233J,50.143333,4.443667, ,0.0,0.0,4,19000,6000,0,0,0,1,0
CF,D233N,50.104031,4.360039,0,BFS,233.0,14.0,233.0,4.0,0,0,0,0,0,0,0,1
CF,D255N,50.184489,4.300997,2,BFS,255.0,14.0,75.0,1.0,0,0,0,0,0,0,0,0
CF,CT08R,50.200864,4.401556,0,BFS,255.0,10.0,75.0,4.0,1,3000,0,0,0,0,0,0

FINAL,T08R,08R,D,3
IF,CT08R,50.200864,4.401556,BFS,255.0,10.0,1,3000,0,0,0,0,0,0
CF,FT08R,50.216744,4.499664,0,BFS,255.0,6.1,75.0,3.9,1,2500,0,0,0,0,2,0
CF,RW08R,50.236458,4.633936,0,BFS,247.2,0.8,75.0,5.3,1,951,0,0,0,0,3,0
CF,BFS,50.241417,4.653250,0,BFS,0.0,0.0,75.0,0.8,0,0,0,0,0,0,0,0
FD,BFS,50.241417,4.653250,0,BFS,0.0,2.5,80.0,2.5,1,2000,0,0,0,0,0,0
DF,D233E,50.192500,4.548333,1, ,0.0,0.0,1,3000,0,1,210,0,0,0

APPTR,T26L,26L,D107E
IF,D107E,50.215667,4.776667, ,0.0,0.0,4,4500,3000,0,0,0,1,0
CF,D107L,50.179297,4.949158,0,BFS,107.0,12.0,107.0,7.0,4,4500,3000,0,0,0,0,1
CF,CT26L,50.252742,4.912297,1,BFS,85.0,10.0,265.0,2.0,2,3000,0,0,0,0,0,0

APPTR,T26L,26L,D107J
IF,D107J,50.189667,4.899833, ,0.0,0.0,4,13000,9000,0,0,0,1,0
CF,D107N,50.168869,4.998403,0,BFS,107.0,14.0,107.0,4.0,1,9000,0,0,0,0,0,1
CF,D085N,50.257108,5.015950,1,BFS,85.0,14.0,265.0,1.0,0,0,0,0,0,0,0,0
CF,CT26L,50.252742,4.912297,0,BFS,85.0,10.0,265.0,4.0,2,3000,0,0,0,0,0,0

FINAL,T26L,26L,D,3
IF,CT26L,50.252742,4.912297,BFS,85.0,10.0,2,3000,0,0,0,0,0,0
CF,FT26L,50.247828,4.798300,0,BFS,85.0,5.6,265.0,4.4,1,2500,0,0,0,0,2,0
CF,RW26L,50.239658,4.660847,0,BFS,108.8,0.3,265.0,5.3,1,953,0,0,0,0,3,0
CF,BFS,50.241417,4.653250,0,BFS,0.0,0.0,265.0,0.3,0,0,0,0,0,0,0,0
FD,BFS,50.241417,4.653250,0,BFS,0.0,2.5,260.0,2.5,1,2000,0,0,0,0,0,0
DF,D107E,50.215667,4.776667,2, ,0.0,0.0,1,3000,0,1,210,0,0,0

APPTR,T26R,26R,D096E
IF,D096E,50.231167,4.782000, ,0.0,0.0,4,4500,3000,0,0,0,1,0
CF,D096L,50.216656,4.962311,0,BFS,96.0,12.0,96.0,7.0,4,4500,3000,0,0,0,0,1
CF,CT26R,50.284217,4.904253,1,BFS,74.0,10.0,254.0,2.0,2,3000,0,0,0,0,1,0

APPTR,T26R,26R,D096J
IF,D096J,50.221167,4.910833, ,0.0,0.0,3,13000,0,0,0,0,1,0
CF,D096N,50.212447,5.013789,0,BFS,96.0,14.0,96.0,4.0,0,0,0,0,0,0,0,1
CF,D074N,50.301214,5.004772,1,BFS,74.0,14.0,254.0,1.0,0,0,0,0,0,0,0,0
CF,CT26R,50.284217,4.904253,0,BFS,74.0,10.0,254.0,4.0,2,3000,0,0,0,0,0,0

FINAL,T26R,26R,D,3
IF,CT26R,50.284217,4.904253,BFS,74.0,10.0,2,3000,0,0,0,0,0,0
CF,FT26R,50.266317,4.798772,0,BFS,74.0,5.8,254.0,4.2,1,2500,0,0,0,0,2,0
CF,RW26R,50.245894,4.668069,0,BFS,63.8,0.6,254.0,5.2,1,974,0,0,0,0,3,0
CF,BFS,50.241417,4.653250,0,BFS,0.0,0.0,254.0,0.6,0,0,0,0,0,0,0,0
FD,BFS,50.241417,4.653250,0,BFS,0.0,2.5,260.0,2.5,1,2000,0,0,0,0,0,0
DF,D096E,50.231167,4.782000,2, ,0.0,0.0,1,3000,0,1,210,0,0,0

