SID,DRN1E,08R,5
CA,0,83.0,2,900,0,0,0,0,0,0
CF,DP545,51.428039,12.566561,0,MAG,136.5,44.6,83.0,11.0,2,2800,0,0,0,0,0,0
TF,TORPU,51.170789,13.210525,0, ,0.0,0.0,0.0,0.0,0,0,0,0,0,0,0,0
TF,DRN,51.015547,13.598889,0, ,0.0,0.0,0.0,0.0,0,0,0,0,0,0,0,0

SID,DRN1N,26R,5
DF,DP518,51.427333,12.133033,0, ,0.0,0.0,2,1700,0,1,210,0,0,1
DF,DP519,51.385853,12.087317,1, ,0.0,0.0,0,0,0,1,210,0,0,0
TF,DP552,51.013458,12.262444,0, ,0.0,0.0,0.0,0.0,0,0,0,0,0,0,0,0
TF,DRN,51.015547,13.598889,0, ,0.0,0.0,0.0,0.0,0,0,0,0,0,0,0,0

SID,DRN1Q,08L,5
CA,0,83.0,2,900,0,0,0,0,0,0
CF,DP535,51.445222,12.522964,0,MAG,137.3,42.8,83.0,9.0,2,2500,0,0,0,0,0,0
TF,TORPU,51.170789,13.210525,0, ,0.0,0.0,0.0,0.0,0,0,0,0,0,0,0,0
TF,DRN,51.015547,13.598889,0, ,0.0,0.0,0.0,0.0,0,0,0,0,0,0,0,0

SID,DRN1S,26L,5
DF,DP553,51.407153,12.109717,0, ,0.0,0.0,2,1900,0,1,210,0,0,1
DF,DP554,51.363475,12.064208,1, ,0.0,0.0,0,0,0,1,210,0,0,0
TF,DP552,51.013458,12.262444,0, ,0.0,0.0,0.0,0.0,0,0,0,0,0,0,0,0
TF,DRN,51.015547,13.598889,0, ,0.0,0.0,0.0,0.0,0,0,0,0,0,0,0,0

SID,DRN1V,26R,5
CA,0,263.0,2,900,0,0,0,0,0,0
DF,DP517,51.418514,11.950692,0, ,0.0,0.0,2,3000,0,0,0,0,0,0
TF,DP551,51.254369,11.798750,0, ,0.0,0.0,0.0,0.0,0,0,0,0,0,0,0,0
TF,DP552,51.013458,12.262444,0, ,0.0,0.0,0.0,0.0,0,0,0,0,0,0,0,0
TF,DRN,51.015547,13.598889,0, ,0.0,0.0,0.0,0.0,0,0,0,0,0,0,0,0

SID,DRN1W,26L,5
CA,0,263.0,2,900,0,0,0,0,0,0
DF,DESAN,51.398483,11.932081,0, ,0.0,0.0,2,3000,0,0,0,0,0,0
TF,DP551,51.254369,11.798750,0, ,0.0,0.0,0.0,0.0,0,0,0,0,0,0,0,0
TF,DP552,51.013458,12.262444,0, ,0.0,0.0,0.0,0.0,0,0,0,0,0,0,0,0
TF,DRN,51.015547,13.598889,0, ,0.0,0.0,0.0,0.0,0,0,0,0,0,0,0,0

SID,GOLA1E,08R,5
DF,DP546,51.414019,12.256247,0, ,0.0,0.0,0,0,0,0,0,0,0,1
CA,0,83.0,2,900,0,1,210,0,0,0
DF,DP547,51.362253,12.282850,2, ,0.0,0.0,0,0,0,1,210,0,0,0
TF,DP548,51.337453,12.219828,0, ,0.0,0.0,0.0,0.0,0,0,0,0,0,0,0,0
TF,DP540,51.124925,12.000419,0, ,0.0,0.0,0.0,0.0,0,0,0,0,0,0,0,0
TF,GOLAT,50.912189,11.938039,0, ,0.0,0.0,0.0,0.0,0,0,0,0,0,0,0,0

SID,GOLA1L,08R,5
CA,0,83.0,2,900,0,0,0,0,0,0
CF,DP544,51.427175,12.546939,0,MAG,137.2,44.2,83.0,10.0,2,2400,0,0,0,0,0,0
TF,AKASO,51.141681,12.578878,0, ,0.0,0.0,0.0,0.0,0,0,0,0,0,0,0,0
TF,GOLAT,50.912189,11.938039,0, ,0.0,0.0,0.0,0.0,0,0,0,0,0,0,0,0

SID,GOLA1M,08L,5
CA,0,83.0,2,900,0,0,0,0,0,0
CF,DP536,51.446183,12.544797,0,MAG,136.4,43.3,83.0,10.0,2,2400,0,0,0,0,0,0
TF,AKASO,51.141681,12.578878,0, ,0.0,0.0,0.0,0.0,0,0,0,0,0,0,0,0
TF,GOLAT,50.912189,11.938039,0, ,0.0,0.0,0.0,0.0,0,0,0,0,0,0,0,0

SID,GOLA1N,26R,5
CA,0,263.0,2,900,0,0,0,0,0,0
DF,DP517,51.418514,11.950692,0, ,0.0,0.0,2,3000,0,0,0,0,0,0
TF,DP551,51.254369,11.798750,0, ,0.0,0.0,0.0,0.0,0,0,0,0,0,0,0,0
TF,GOLAT,50.912189,11.938039,0, ,0.0,0.0,0.0,0.0,0,0,0,0,0,0,0,0

SID,GOLA1Q,08L,5
DF,DP537,51.433647,12.267444,0, ,0.0,0.0,0,0,0,0,0,0,0,1
CA,0,83.0,2,900,0,1,210,0,0,0
DF,DP538,51.395464,12.313506,2, ,0.0,0.0,0,0,0,1,210,0,0,0
TF,DP539,51.367947,12.297342,0, ,0.0,0.0,0.0,0.0,0,0,0,1,210,0,0,0
TF,DP548,51.337453,12.219828,0, ,0.0,0.0,0.0,0.0,0,0,0,0,0,0,0,0
TF,DP540,51.124925,12.000419,0, ,0.0,0.0,0.0,0.0,0,0,0,0,0,0,0,0
TF,GOLAT,50.912189,11.938039,0, ,0.0,0.0,0.0,0.0,0,0,0,0,0,0,0,0

SID,GOLA1S,26L,5
CA,0,263.0,2,900,0,0,0,0,0,0
DF,DESAN,51.398483,11.932081,0, ,0.0,0.0,2,3000,0,0,0,0,0,0
TF,DP551,51.254369,11.798750,0, ,0.0,0.0,0.0,0.0,0,0,0,0,0,0,0,0
TF,GOLAT,50.912189,11.938039,0, ,0.0,0.0,0.0,0.0,0,0,0,0,0,0,0,0

SID,MAG3E,08R,2
CD, ,0,0,0,LLD,0,0.0,83.0,2.5,0,0,0,1,210,0,0,0
CA,0,83.0,2,900,0,1,210,0,0,0
CF,PENEM,51.709178,12.088469,1,MAG,144.4,20.4,325.0,18.0,0,0,0,0,0,0,0,0
TF,MAG,51.994989,11.794306,0, ,0.0,0.0,0.0,0.0,0,0,0,0,0,0,0,0

SID,MAG4Q,08L,2
DF,ZIG,51.434022,12.280494,0, ,0.0,0.0,1,900,0,0,0,0,0,1
CI,1, ,0.0,337.0,0,0,0,1,210,0,0,0
CF,PENEM,51.709178,12.088469,0,MAG,144.4,20.4,325.0,18.0,0,0,0,0,0,0,0,0
TF,MAG,51.994989,11.794306,0, ,0.0,0.0,0.0,0.0,0,0,0,0,0,0,0,0

SID,MAG5N,26R,2
CF,D257A,51.430431,12.194389,0,MAG,153.1,37.1,263.0,2.0,0,0,0,1,210,0,0,1
CA,0,263.0,2,900,0,1,210,0,0,0
CF,MATIB,51.720017,11.965978,0,MAG,155.8,17.7,336.0,18.0,0,0,0,0,0,0,0,0
TF,MAG,51.994989,11.794306,0, ,0.0,0.0,0.0,0.0,0,0,0,0,0,0,0,0

SID,MAG5S,26L,2
CD, ,0,0,0,LLD,0,0.0,263.0,3.0,2,1300,0,1,210,0,0,0
CI,2, ,0.0,357.0,0,0,0,0,0,0,0,0
CF,MATIB,51.720017,11.965978,0,MAG,155.8,17.7,336.0,12.0,0,0,0,0,0,0,0,0
TF,MAG,51.994989,11.794306,0, ,0.0,0.0,0.0,0.0,0,0,0,0,0,0,0,0

SID,NEVK1E,08R,5
DF,DP546,51.414019,12.256247,0, ,0.0,0.0,0,0,0,0,0,0,0,1
CA,0,83.0,2,900,0,1,210,0,0,0
DF,DP547,51.362253,12.282850,2, ,0.0,0.0,0,0,0,1,210,0,0,0
TF,DP548,51.337453,12.219828,0, ,0.0,0.0,0.0,0.0,0,0,0,0,0,0,0,0
TF,DP540,51.124925,12.000419,0, ,0.0,0.0,0.0,0.0,0,0,0,0,0,0,0,0
TF,NEVKO,50.857500,11.307222,0, ,0.0,0.0,0.0,0.0,0,0,0,0,0,0,0,0

SID,NEVK1H,08L,5
CA,0,83.0,2,900,0,0,0,0,0,0
CF,DP536,51.446183,12.544797,0,MAG,136.4,43.3,83.0,10.0,2,2400,0,0,0,0,0,0
TF,AKASO,51.141681,12.578878,0, ,0.0,0.0,0.0,0.0,0,0,0,0,0,0,0,0
TF,NEVKO,50.857500,11.307222,0, ,0.0,0.0,0.0,0.0,0,0,0,0,0,0,0,0

SID,NEVK1L,08R,5
CA,0,83.0,2,900,0,0,0,0,0,0
CF,DP544,51.427175,12.546939,0,MAG,137.2,44.2,83.0,10.0,2,2400,0,0,0,0,0,0
TF,AKASO,51.141681,12.578878,0, ,0.0,0.0,0.0,0.0,0,0,0,0,0,0,0,0
TF,NEVKO,50.857500,11.307222,0, ,0.0,0.0,0.0,0.0,0,0,0,0,0,0,0,0

SID,NEVK1N,26R,5
CA,0,263.0,2,900,0,0,0,0,0,0
DF,DP517,51.418514,11.950692,0, ,0.0,0.0,2,3000,0,0,0,0,0,0
TF,NAMUB,51.123653,11.678658,0, ,0.0,0.0,0.0,0.0,0,0,0,0,0,0,0,0
TF,NEVKO,50.857500,11.307222,0, ,0.0,0.0,0.0,0.0,0,0,0,0,0,0,0,0

SID,NEVK1Q,08L,5
DF,DP537,51.433647,12.267444,0, ,0.0,0.0,0,0,0,0,0,0,0,1
CA,0,83.0,2,900,0,1,210,0,0,0
DF,DP538,51.395464,12.313506,2, ,0.0,0.0,0,0,0,1,210,0,0,0
TF,DP539,51.367947,12.297342,0, ,0.0,0.0,0.0,0.0,0,0,0,1,210,0,0,0
TF,DP548,51.337453,12.219828,0, ,0.0,0.0,0.0,0.0,0,0,0,0,0,0,0,0
TF,DP540,51.124925,12.000419,0, ,0.0,0.0,0.0,0.0,0,0,0,0,0,0,0,0
TF,NEVKO,50.857500,11.307222,0, ,0.0,0.0,0.0,0.0,0,0,0,0,0,0,0,0

SID,NEVK1S,26L,5
CA,0,263.0,2,900,0,0,0,0,0,0
DF,DESAN,51.398483,11.932081,0, ,0.0,0.0,2,3000,0,0,0,0,0,0
TF,NAMUB,51.123653,11.678658,0, ,0.0,0.0,0.0,0.0,0,0,0,0,0,0,0,0
TF,NEVKO,50.857500,11.307222,0, ,0.0,0.0,0.0,0.0,0,0,0,0,0,0,0,0

SID,ODLU4E,08R,5
CF,DP541,51.415867,12.296061,0,MAG,148.5,39.5,83.0,2.0,0,0,0,0,0,0,0,1
CA,0,83.0,2,900,0,1,210,0,0,0
DF,DP542,51.465272,12.335983,1, ,0.0,0.0,0,0,0,1,210,0,0,0
TF,PENEM,51.709178,12.088469,0, ,0.0,0.0,0.0,0.0,0,0,0,0,0,0,0,0
TF,ODLUN,51.850461,11.838317,0, ,0.0,0.0,0.0,0.0,0,0,0,0,0,0,0,0

SID,ODLU4Q,08L,5
CF,ZIG,51.434022,12.280494,0,MAG,148.5,38.3,83.0,1.0,0,0,0,0,0,0,0,1
CA,0,83.0,2,900,0,1,210,0,0,0
DF,DP531,51.469400,12.316236,1, ,0.0,0.0,0,0,0,1,210,0,0,0
TF,DP533,51.505892,12.294986,0, ,0.0,0.0,0.0,0.0,0,0,0,1,210,0,0,0
TF,PENEM,51.709178,12.088469,0, ,0.0,0.0,0.0,0.0,0,0,0,0,0,0,0,0
TF,ODLUN,51.850461,11.838317,0, ,0.0,0.0,0.0,0.0,0,0,0,0,0,0,0,0

SID,ODLU5N,26R,5
DF,DP515,51.427944,12.145881,0, ,0.0,0.0,2,1500,0,1,210,0,0,0
CF,MATIB,51.720017,11.965978,0,MAG,155.8,17.7,336.0,19.0,0,0,0,0,0,0,0,0
TF,ODLUN,51.850461,11.838317,0, ,0.0,0.0,0.0,0.0,0,0,0,0,0,0,0,0

SID,ODLU5S,26L,5
DF,DP527,51.405794,12.082281,0, ,0.0,0.0,2,1300,0,1,210,0,0,0
TF,DP528,51.531914,12.082219,2, ,0.0,0.0,0.0,0.0,2,3900,0,0,0,0,0,0
TF,MATIB,51.720017,11.965978,0, ,0.0,0.0,0.0,0.0,0,0,0,0,0,0,0,0
TF,ODLUN,51.850461,11.838317,0, ,0.0,0.0,0.0,0.0,0,0,0,0,0,0,0,0

SID,ORTA4E,08R,5
CF,DP541,51.415867,12.296061,0,MAG,148.5,39.5,83.0,2.0,0,0,0,0,0,0,0,1
CA,0,83.0,2,900,0,1,210,0,0,0
DF,DP542,51.465272,12.335983,1, ,0.0,0.0,0,0,0,1,210,0,0,0
TF,PENEM,51.709178,12.088469,0, ,0.0,0.0,0.0,0.0,0,0,0,0,0,0,0,0
TF,GIGUB,51.667389,11.272169,0, ,0.0,0.0,0.0,0.0,0,0,0,0,0,0,0,0
TF,ORTAG,51.486792,11.079797,0, ,0.0,0.0,0.0,0.0,0,0,0,0,0,0,0,0

SID,ORTA4N,26R,5
CA,0,263.0,2,900,0,0,0,0,0,0
DF,DP517,51.418514,11.950692,0, ,0.0,0.0,2,3000,0,0,0,0,0,0
TF,DP513,51.408850,11.757414,0, ,0.0,0.0,0.0,0.0,0,0,0,0,0,0,0,0
TF,DP514,51.402500,11.633858,0, ,0.0,0.0,0.0,0.0,0,0,0,0,0,0,0,0
TF,ORTAG,51.486792,11.079797,0, ,0.0,0.0,0.0,0.0,0,0,0,0,0,0,0,0

SID,ORTA4Q,08L,5
CF,ZIG,51.434022,12.280494,0,MAG,148.5,38.3,83.0,1.0,0,0,0,0,0,0,0,1
CA,0,83.0,2,900,0,1,210,0,0,0
DF,DP531,51.469400,12.316236,1, ,0.0,0.0,0,0,0,1,210,0,0,0
TF,DP533,51.505892,12.294986,0, ,0.0,0.0,0.0,0.0,0,0,0,1,210,0,0,0
TF,PENEM,51.709178,12.088469,0, ,0.0,0.0,0.0,0.0,0,0,0,0,0,0,0,0
TF,GIGUB,51.667389,11.272169,0, ,0.0,0.0,0.0,0.0,0,0,0,0,0,0,0,0
TF,ORTAG,51.486792,11.079797,0, ,0.0,0.0,0.0,0.0,0,0,0,0,0,0,0,0

SID,ORTA4S,26L,5
CA,0,263.0,2,900,0,0,0,0,0,0
DF,DESAN,51.398483,11.932081,0, ,0.0,0.0,2,3000,0,0,0,0,0,0
TF,DP524,51.389839,11.759569,0, ,0.0,0.0,0.0,0.0,0,0,0,0,0,0,0,0
TF,DP525,51.388144,11.726328,0, ,0.0,0.0,0.0,0.0,0,0,0,0,0,0,0,0
TF,ORTAG,51.486792,11.079797,0, ,0.0,0.0,0.0,0.0,0,0,0,0,0,0,0,0

SID,RUDA1E,08R,5
CA,0,83.0,2,900,0,0,0,0,0,0
CF,DP543,51.423175,12.456769,0,MAG,141.0,42.3,83.0,7.0,2,2400,0,0,0,0,0,0
TF,DP529,51.638058,12.733614,0, ,0.0,0.0,0.0,0.0,0,0,0,0,0,0,0,0
TF,RUDAK,51.778286,12.916167,0, ,0.0,0.0,0.0,0.0,0,0,0,0,0,0,0,0

SID,RUDA1N,26R,5
DF,DP510,51.430200,12.193667,0, ,0.0,0.0,0,0,0,0,0,0,0,1
CA,0,263.0,2,900,0,1,210,0,0,0
DF,DP516,51.470347,12.125292,0, ,0.0,0.0,0,0,0,1,210,0,0,0
TF,ETIPO,51.724469,12.131336,0, ,0.0,0.0,0.0,0.0,0,0,0,0,0,0,0,0
TF,DP522,51.741933,12.377567,0, ,0.0,0.0,0.0,0.0,0,0,0,0,0,0,0,0
TF,RUDAK,51.778286,12.916167,0, ,0.0,0.0,0.0,0.0,0,0,0,0,0,0,0,0

SID,RUDA1Q,08L,5
CA,0,83.0,2,900,0,0,0,0,0,0
CF,DP534,51.443436,12.482728,0,MAG,138.9,41.9,83.0,7.0,2,2400,0,0,0,0,0,0
TF,DP529,51.638058,12.733614,0, ,0.0,0.0,0.0,0.0,0,0,0,0,0,0,0,0
TF,RUDAK,51.778286,12.916167,0, ,0.0,0.0,0.0,0.0,0,0,0,0,0,0,0,0

SID,RUDA1W,26L,5
DF,DP520,51.408919,12.147733,0, ,0.0,0.0,0,0,0,0,0,0,0,1
CA,0,263.0,2,900,0,1,210,0,0,0
DF,DP521,51.453333,12.081267,0, ,0.0,0.0,0,0,0,1,210,0,0,0
TF,ETIPO,51.724469,12.131336,0, ,0.0,0.0,0.0,0.0,0,0,0,0,0,0,0,0
TF,DP522,51.741933,12.377567,0, ,0.0,0.0,0.0,0.0,0,0,0,0,0,0,0,0
TF,RUDAK,51.778286,12.916167,0, ,0.0,0.0,0.0,0.0,0,0,0,0,0,0,0,0

SID,UMBA4E,08R,5
CF,DP541,51.415867,12.296061,0,MAG,148.5,39.5,83.0,2.0,0,0,0,0,0,0,0,1
CA,0,83.0,2,900,0,1,210,0,0,0
DF,DP542,51.465272,12.335983,1, ,0.0,0.0,0,0,0,1,210,0,0,0
TF,PENEM,51.709178,12.088469,0, ,0.0,0.0,0.0,0.0,0,0,0,0,0,0,0,0
TF,UMBAL,51.804114,12.172928,0, ,0.0,0.0,0.0,0.0,0,0,0,0,0,0,0,0

SID,UMBA4N,26R,5
DF,DP510,51.430200,12.193667,0, ,0.0,0.0,0,0,0,0,0,0,0,1
CA,0,263.0,2,900,0,1,210,0,0,0
DF,DP516,51.470347,12.125292,0, ,0.0,0.0,0,0,0,1,210,0,0,0
TF,ETIPO,51.724469,12.131336,0, ,0.0,0.0,0.0,0.0,0,0,0,0,0,0,0,0
TF,UMBAL,51.804114,12.172928,0, ,0.0,0.0,0.0,0.0,0,0,0,0,0,0,0,0

SID,UMBA4Q,08L,5
CF,ZIG,51.434022,12.280494,0,MAG,148.5,38.3,83.0,1.0,0,0,0,0,0,0,0,1
CA,0,83.0,2,900,0,1,210,0,0,0
DF,DP531,51.469400,12.316236,1, ,0.0,0.0,0,0,0,1,210,0,0,0
TF,DP533,51.505892,12.294986,0, ,0.0,0.0,0.0,0.0,0,0,0,1,210,0,0,0
TF,PENEM,51.709178,12.088469,0, ,0.0,0.0,0.0,0.0,0,0,0,0,0,0,0,0
TF,UMBAL,51.804114,12.172928,0, ,0.0,0.0,0.0,0.0,0,0,0,0,0,0,0,0

SID,UMBA4S,26L,5
DF,DP520,51.408919,12.147733,0, ,0.0,0.0,0,0,0,0,0,0,0,1
CA,0,263.0,2,900,0,1,210,0,0,0
DF,DP521,51.453333,12.081267,0, ,0.0,0.0,0,0,0,1,210,0,0,0
TF,ETIPO,51.724469,12.131336,0, ,0.0,0.0,0.0,0.0,0,0,0,0,0,0,0,0
TF,UMBAL,51.804114,12.172928,0, ,0.0,0.0,0.0,0.0,0,0,0,0,0,0,0,0

STAR,GOT1E,08L,2
IF,GOT,51.343117,11.597528, ,0.0,0.0,0,0,0,0,0,0,0,0
TF,MOWOX,51.404667,11.677419,0, ,0.0,0.0,0.0,0.0,2,5000,0,0,0,0,0,0

STAR,GOT1E,08R,2
IF,GOT,51.343117,11.597528, ,0.0,0.0,0,0,0,0,0,0,0,0
TF,MOWOX,51.404667,11.677419,0, ,0.0,0.0,0.0,0.0,2,5000,0,0,0,0,0,0

STAR,GOT1G,08L,2
IF,GOT,51.343117,11.597528, ,0.0,0.0,0,0,0,0,0,0,0,0
TF,SAHNU,51.385681,11.679919,0, ,0.0,0.0,0.0,0.0,1,4000,0,0,0,0,0,0

STAR,GOT1G,08R,2
IF,GOT,51.343117,11.597528, ,0.0,0.0,0,0,0,0,0,0,0,0
TF,SAHNU,51.385681,11.679919,0, ,0.0,0.0,0.0,0.0,1,4000,0,0,0,0,0,0

STAR,GOT1L,26L,2
IF,GOT,51.343117,11.597528, ,0.0,0.0,0,0,0,0,0,0,0,0
TF,LEG,51.436047,12.473592,0, ,0.0,0.0,0.0,0.0,0,0,0,0,0,0,0,0
TF,D102N,51.375175,12.833275,0, ,0.0,0.0,0.0,0.0,0,0,0,0,0,0,0,1
CF,JOGGA,51.437900,12.796875,1,LEG,86.4,12.1,266.0,2.0,2,5000,0,0,0,0,0,0

STAR,GOT1L,26R,2
IF,GOT,51.343117,11.597528, ,0.0,0.0,0,0,0,0,0,0,0,0
TF,LEG,51.436047,12.473592,0, ,0.0,0.0,0.0,0.0,0,0,0,0,0,0,0,0
TF,D102N,51.375175,12.833275,0, ,0.0,0.0,0.0,0.0,0,0,0,0,0,0,0,1
CF,JOGGA,51.437900,12.796875,1,LEG,86.4,12.1,266.0,2.0,2,5000,0,0,0,0,0,0

STAR,GOT1W,26L,2
IF,GOT,51.343117,11.597528, ,0.0,0.0,0,0,0,0,0,0,0,0
TF,LEG,51.436047,12.473592,0, ,0.0,0.0,0.0,0.0,0,0,0,0,0,0,0,0
TF,D065N,51.522836,12.819964,0, ,0.0,0.0,0.0,0.0,0,0,0,0,0,0,0,1
CF,LOFTO,51.456914,12.794839,2,LEG,80.9,12.1,261.0,3.0,1,4000,0,0,0,0,0,0

STAR,GOT1W,26R,2
IF,GOT,51.343117,11.597528, ,0.0,0.0,0,0,0,0,0,0,0,0
TF,LEG,51.436047,12.473592,0, ,0.0,0.0,0.0,0.0,0,0,0,0,0,0,0,0
TF,D065N,51.522836,12.819964,0, ,0.0,0.0,0.0,0.0,0,0,0,0,0,0,0,1
CF,LOFTO,51.456914,12.794839,2,LEG,80.9,12.1,261.0,3.0,1,4000,0,0,0,0,0,0

STAR,GOXL1R,08L,5
IF,GOXLI,51.111944,11.558333, ,0.0,0.0,0,0,0,0,0,0,0,0
TF,DP470,51.120153,11.714672,0, ,0.0,0.0,0.0,0.0,0,0,0,0,0,0,0,0
TF,DP471,51.125544,11.820217,0, ,0.0,0.0,0.0,0.0,0,0,0,0,0,0,0,0
TF,DP472,51.131289,11.934861,0, ,0.0,0.0,0.0,0.0,0,0,0,0,0,0,0,0
TF,DP473,51.136475,12.040383,0, ,0.0,0.0,0.0,0.0,0,0,0,0,0,0,0,0
TF,DP474,51.147650,12.274864,0, ,0.0,0.0,0.0,0.0,0,0,0,0,0,0,0,0
TF,DP475,51.152797,12.386439,0, ,0.0,0.0,0.0,0.0,0,0,0,0,0,0,0,0
TF,DP476,51.158281,12.507967,0, ,0.0,0.0,0.0,0.0,0,0,0,0,0,0,0,0
TF,DP466,51.257961,12.496700,0, ,0.0,0.0,0.0,0.0,0,0,0,0,0,0,0,0
TF,DP465,51.252467,12.374908,0, ,0.0,0.0,0.0,0.0,0,0,0,0,0,0,0,0
TF,DP464,51.247306,12.263089,0, ,0.0,0.0,0.0,0.0,0,0,0,0,0,0,0,0
TF,DP453,51.285936,12.021939,0, ,0.0,0.0,0.0,0.0,0,0,0,0,0,0,0,0
TF,DP452,51.280733,11.916072,0, ,0.0,0.0,0.0,0.0,0,0,0,0,0,0,0,0
TF,DP451,51.274969,11.801056,0, ,0.0,0.0,0.0,0.0,0,0,0,0,0,0,0,0
TF,DP450,51.269561,11.695167,0, ,0.0,0.0,0.0,0.0,0,0,0,0,0,0,0,0
FM,DP450,51.269561,11.695167,0,LEG,0.0,0.0,262.0,0,0,0,0,0,0,0,0

STAR,GOXL1R,08R,5
IF,GOXLI,51.111944,11.558333, ,0.0,0.0,0,0,0,0,0,0,0,0
TF,DP470,51.120153,11.714672,0, ,0.0,0.0,0.0,0.0,0,0,0,0,0,0,0,0
TF,DP471,51.125544,11.820217,0, ,0.0,0.0,0.0,0.0,0,0,0,0,0,0,0,0
TF,DP472,51.131289,11.934861,0, ,0.0,0.0,0.0,0.0,0,0,0,0,0,0,0,0
TF,DP473,51.136475,12.040383,0, ,0.0,0.0,0.0,0.0,0,0,0,0,0,0,0,0
TF,DP474,51.147650,12.274864,0, ,0.0,0.0,0.0,0.0,0,0,0,0,0,0,0,0
TF,DP475,51.152797,12.386439,0, ,0.0,0.0,0.0,0.0,0,0,0,0,0,0,0,0
TF,DP476,51.158281,12.507967,0, ,0.0,0.0,0.0,0.0,0,0,0,0,0,0,0,0
TF,DP466,51.257961,12.496700,0, ,0.0,0.0,0.0,0.0,0,0,0,0,0,0,0,0
TF,DP465,51.252467,12.374908,0, ,0.0,0.0,0.0,0.0,0,0,0,0,0,0,0,0
TF,DP464,51.247306,12.263089,0, ,0.0,0.0,0.0,0.0,0,0,0,0,0,0,0,0
TF,DP453,51.285936,12.021939,0, ,0.0,0.0,0.0,0.0,0,0,0,0,0,0,0,0
TF,DP452,51.280733,11.916072,0, ,0.0,0.0,0.0,0.0,0,0,0,0,0,0,0,0
TF,DP451,51.274969,11.801056,0, ,0.0,0.0,0.0,0.0,0,0,0,0,0,0,0,0
TF,DP450,51.269561,11.695167,0, ,0.0,0.0,0.0,0.0,0,0,0,0,0,0,0,0
FM,DP450,51.269561,11.695167,0,LEG,0.0,0.0,262.0,0,0,0,0,0,0,0,0

STAR,GOXL1V,26L,5
IF,GOXLI,51.111944,11.558333, ,0.0,0.0,0,0,0,0,0,0,0,0
TF,DP462,51.230911,11.922350,0, ,0.0,0.0,0.0,0.0,0,0,0,0,0,0,0,0
TF,DP463,51.236108,12.028103,0, ,0.0,0.0,0.0,0.0,0,0,0,0,0,0,0,0
TF,DP464,51.247306,12.263089,0, ,0.0,0.0,0.0,0.0,0,0,0,0,0,0,0,0
TF,DP465,51.252467,12.374908,0, ,0.0,0.0,0.0,0.0,0,0,0,0,0,0,0,0
TF,DP457,51.312497,12.597111,0, ,0.0,0.0,0.0,0.0,0,0,0,0,0,0,0,0
TF,DP458,51.317081,12.703194,0, ,0.0,0.0,0.0,0.0,0,0,0,0,0,0,0,0
TF,DP459,51.321567,12.809300,0, ,0.0,0.0,0.0,0.0,0,0,0,0,0,0,0,0
FM,DP459,51.321567,12.809300,0,LEG,0.0,0.0,83.0,0,0,0,0,0,0,0,0

STAR,GOXL1V,26R,5
IF,GOXLI,51.111944,11.558333, ,0.0,0.0,0,0,0,0,0,0,0,0
TF,DP462,51.230911,11.922350,0, ,0.0,0.0,0.0,0.0,0,0,0,0,0,0,0,0
TF,DP463,51.236108,12.028103,0, ,0.0,0.0,0.0,0.0,0,0,0,0,0,0,0,0
TF,DP464,51.247306,12.263089,0, ,0.0,0.0,0.0,0.0,0,0,0,0,0,0,0,0
TF,DP465,51.252467,12.374908,0, ,0.0,0.0,0.0,0.0,0,0,0,0,0,0,0,0
TF,DP457,51.312497,12.597111,0, ,0.0,0.0,0.0,0.0,0,0,0,0,0,0,0,0
TF,DP458,51.317081,12.703194,0, ,0.0,0.0,0.0,0.0,0,0,0,0,0,0,0,0
TF,DP459,51.321567,12.809300,0, ,0.0,0.0,0.0,0.0,0,0,0,0,0,0,0,0
FM,DP459,51.321567,12.809300,0,LEG,0.0,0.0,83.0,0,0,0,0,0,0,0,0

STAR,KOJE1R,08L,5
IF,KOJEC,51.512778,11.504444, ,0.0,0.0,0,0,0,0,0,0,0,0
TF,DP411,51.625992,11.755544,0, ,0.0,0.0,0.0,0.0,0,0,0,0,0,0,0,0
TF,DP412,51.631800,11.871447,0, ,0.0,0.0,0.0,0.0,0,0,0,0,0,0,0,0
TF,DP413,51.637044,11.978131,0, ,0.0,0.0,0.0,0.0,0,0,0,0,0,0,0,0
TF,DP414,51.648344,12.215192,0, ,0.0,0.0,0.0,0.0,0,0,0,0,0,0,0,0
TF,DP415,51.653550,12.327997,0, ,0.0,0.0,0.0,0.0,0,0,0,0,0,0,0,0
TF,DP416,51.659094,12.450861,0, ,0.0,0.0,0.0,0.0,0,0,0,0,0,0,0,0
TF,DP426,51.559417,12.462328,0, ,0.0,0.0,0.0,0.0,0,0,0,0,0,0,0,0
TF,DP425,51.553886,12.339731,0, ,0.0,0.0,0.0,0.0,0,0,0,0,0,0,0,0
TF,DP424,51.548692,12.227172,0, ,0.0,0.0,0.0,0.0,0,0,0,0,0,0,0,0
TF,DP423,51.537417,11.990631,0, ,0.0,0.0,0.0,0.0,0,0,0,0,0,0,0,0
TF,DP422,51.532186,11.884181,0, ,0.0,0.0,0.0,0.0,0,0,0,0,0,0,0,0
TF,DP421,51.526392,11.768531,0, ,0.0,0.0,0.0,0.0,0,0,0,0,0,0,0,0
TF,DP420,51.520953,11.662061,0, ,0.0,0.0,0.0,0.0,0,0,0,0,0,0,0,0
FM,DP420,51.520953,11.662061,0,LEG,0.0,0.0,262.0,0,0,0,0,0,0,0,0

STAR,KOJE1R,08R,5
IF,KOJEC,51.512778,11.504444, ,0.0,0.0,0,0,0,0,0,0,0,0
TF,DP411,51.625992,11.755544,0, ,0.0,0.0,0.0,0.0,0,0,0,0,0,0,0,0
TF,DP412,51.631800,11.871447,0, ,0.0,0.0,0.0,0.0,0,0,0,0,0,0,0,0
TF,DP413,51.637044,11.978131,0, ,0.0,0.0,0.0,0.0,0,0,0,0,0,0,0,0
TF,DP414,51.648344,12.215192,0, ,0.0,0.0,0.0,0.0,0,0,0,0,0,0,0,0
TF,DP415,51.653550,12.327997,0, ,0.0,0.0,0.0,0.0,0,0,0,0,0,0,0,0
TF,DP416,51.659094,12.450861,0, ,0.0,0.0,0.0,0.0,0,0,0,0,0,0,0,0
TF,DP426,51.559417,12.462328,0, ,0.0,0.0,0.0,0.0,0,0,0,0,0,0,0,0
TF,DP425,51.553886,12.339731,0, ,0.0,0.0,0.0,0.0,0,0,0,0,0,0,0,0
TF,DP424,51.548692,12.227172,0, ,0.0,0.0,0.0,0.0,0,0,0,0,0,0,0,0
TF,DP423,51.537417,11.990631,0, ,0.0,0.0,0.0,0.0,0,0,0,0,0,0,0,0
TF,DP422,51.532186,11.884181,0, ,0.0,0.0,0.0,0.0,0,0,0,0,0,0,0,0
TF,DP421,51.526392,11.768531,0, ,0.0,0.0,0.0,0.0,0,0,0,0,0,0,0,0
TF,DP420,51.520953,11.662061,0, ,0.0,0.0,0.0,0.0,0,0,0,0,0,0,0,0
FM,DP420,51.520953,11.662061,0,LEG,0.0,0.0,262.0,0,0,0,0,0,0,0,0

STAR,KOJE1V,26L,5
IF,KOJEC,51.512778,11.504444, ,0.0,0.0,0,0,0,0,0,0,0,0
TF,DP420,51.520953,11.662061,0, ,0.0,0.0,0.0,0.0,0,0,0,0,0,0,0,0
TF,DP421,51.526392,11.768531,0, ,0.0,0.0,0.0,0.0,0,0,0,0,0,0,0,0
TF,DP422,51.532186,11.884181,0, ,0.0,0.0,0.0,0.0,0,0,0,0,0,0,0,0
TF,DP423,51.537417,11.990631,0, ,0.0,0.0,0.0,0.0,0,0,0,0,0,0,0,0
TF,DP424,51.548692,12.227172,0, ,0.0,0.0,0.0,0.0,0,0,0,0,0,0,0,0
TF,DP425,51.553886,12.339731,0, ,0.0,0.0,0.0,0.0,0,0,0,0,0,0,0,0
TF,DP426,51.559417,12.462328,0, ,0.0,0.0,0.0,0.0,0,0,0,0,0,0,0,0
TF,DP427,51.564125,12.568978,0, ,0.0,0.0,0.0,0.0,0,0,0,0,0,0,0,0
TF,DP428,51.568733,12.675647,0, ,0.0,0.0,0.0,0.0,0,0,0,0,0,0,0,0
TF,DP429,51.573244,12.782342,0, ,0.0,0.0,0.0,0.0,0,0,0,0,0,0,0,0
FM,DP429,51.573244,12.782342,0,LEG,0.0,0.0,83.0,0,0,0,0,0,0,0,0

STAR,KOJE1V,26R,5
IF,KOJEC,51.512778,11.504444, ,0.0,0.0,0,0,0,0,0,0,0,0
TF,DP420,51.520953,11.662061,0, ,0.0,0.0,0.0,0.0,0,0,0,0,0,0,0,0
TF,DP421,51.526392,11.768531,0, ,0.0,0.0,0.0,0.0,0,0,0,0,0,0,0,0
TF,DP422,51.532186,11.884181,0, ,0.0,0.0,0.0,0.0,0,0,0,0,0,0,0,0
TF,DP423,51.537417,11.990631,0, ,0.0,0.0,0.0,0.0,0,0,0,0,0,0,0,0
TF,DP424,51.548692,12.227172,0, ,0.0,0.0,0.0,0.0,0,0,0,0,0,0,0,0
TF,DP425,51.553886,12.339731,0, ,0.0,0.0,0.0,0.0,0,0,0,0,0,0,0,0
TF,DP426,51.559417,12.462328,0, ,0.0,0.0,0.0,0.0,0,0,0,0,0,0,0,0
TF,DP427,51.564125,12.568978,0, ,0.0,0.0,0.0,0.0,0,0,0,0,0,0,0,0
TF,DP428,51.568733,12.675647,0, ,0.0,0.0,0.0,0.0,0,0,0,0,0,0,0,0
TF,DP429,51.573244,12.782342,0, ,0.0,0.0,0.0,0.0,0,0,0,0,0,0,0,0
FM,DP429,51.573244,12.782342,0,LEG,0.0,0.0,83.0,0,0,0,0,0,0,0,0

STAR,LIPV2M,26L,5
IF,LIPVO,51.195606,12.362489, ,0.0,0.0,2,8000,0,1,250,0,0,0
TF,DP858,51.333703,12.701383,0, ,0.0,0.0,0.0,0.0,2,6000,0,1,230,0,0,0
TF,DP448,51.433403,12.690500,0, ,0.0,0.0,0.0,0.0,2,5000,0,1,210,0,0,0
TF,DP447,51.428111,12.568217,0, ,0.0,0.0,0.0,0.0,0,0,0,0,0,0,0,0
TF,TAKOR,51.423403,12.461886,0, ,0.0,0.0,0.0,0.0,2,3000,0,1,180,0,0,0

STAR,LIPV2N,26R,5
IF,LIPVO,51.195606,12.362489, ,0.0,0.0,2,8000,0,1,250,0,0,0
TF,DP858,51.333703,12.701383,0, ,0.0,0.0,0.0,0.0,2,6000,0,1,230,0,0,0
TF,DP812,51.452433,12.688453,0, ,0.0,0.0,0.0,0.0,2,5000,0,1,210,0,0,0
TF,DP437,51.447817,12.582019,0, ,0.0,0.0,0.0,0.0,0,0,0,0,0,0,0,0
TF,KOSAM,51.443122,12.475642,0, ,0.0,0.0,0.0,0.0,2,3000,0,1,180,0,0,0

STAR,LUXB1R,08L,5
IF,LUXBO,51.539167,12.866389, ,0.0,0.0,0,0,0,0,0,0,0,0
TF,DP429,51.573244,12.782342,0, ,0.0,0.0,0.0,0.0,0,0,0,0,0,0,0,0
TF,DP428,51.568733,12.675647,0, ,0.0,0.0,0.0,0.0,0,0,0,0,0,0,0,0
TF,DP427,51.564125,12.568978,0, ,0.0,0.0,0.0,0.0,0,0,0,0,0,0,0,0
TF,DP426,51.559417,12.462328,0, ,0.0,0.0,0.0,0.0,0,0,0,0,0,0,0,0
TF,DP425,51.553886,12.339731,0, ,0.0,0.0,0.0,0.0,0,0,0,0,0,0,0,0
TF,DP424,51.548692,12.227172,0, ,0.0,0.0,0.0,0.0,0,0,0,0,0,0,0,0
TF,DP423,51.537417,11.990631,0, ,0.0,0.0,0.0,0.0,0,0,0,0,0,0,0,0
TF,DP422,51.532186,11.884181,0, ,0.0,0.0,0.0,0.0,0,0,0,0,0,0,0,0
TF,DP421,51.526392,11.768531,0, ,0.0,0.0,0.0,0.0,0,0,0,0,0,0,0,0
TF,DP420,51.520953,11.662061,0, ,0.0,0.0,0.0,0.0,0,0,0,0,0,0,0,0
FM,DP420,51.520953,11.662061,0,LEG,0.0,0.0,262.0,0,0,0,0,0,0,0,0

STAR,LUXB1R,08R,5
IF,LUXBO,51.539167,12.866389, ,0.0,0.0,0,0,0,0,0,0,0,0
TF,DP429,51.573244,12.782342,0, ,0.0,0.0,0.0,0.0,0,0,0,0,0,0,0,0
TF,DP428,51.568733,12.675647,0, ,0.0,0.0,0.0,0.0,0,0,0,0,0,0,0,0
TF,DP427,51.564125,12.568978,0, ,0.0,0.0,0.0,0.0,0,0,0,0,0,0,0,0
TF,DP426,51.559417,12.462328,0, ,0.0,0.0,0.0,0.0,0,0,0,0,0,0,0,0
TF,DP425,51.553886,12.339731,0, ,0.0,0.0,0.0,0.0,0,0,0,0,0,0,0,0
TF,DP424,51.548692,12.227172,0, ,0.0,0.0,0.0,0.0,0,0,0,0,0,0,0,0
TF,DP423,51.537417,11.990631,0, ,0.0,0.0,0.0,0.0,0,0,0,0,0,0,0,0
TF,DP422,51.532186,11.884181,0, ,0.0,0.0,0.0,0.0,0,0,0,0,0,0,0,0
TF,DP421,51.526392,11.768531,0, ,0.0,0.0,0.0,0.0,0,0,0,0,0,0,0,0
TF,DP420,51.520953,11.662061,0, ,0.0,0.0,0.0,0.0,0,0,0,0,0,0,0,0
FM,DP420,51.520953,11.662061,0,LEG,0.0,0.0,262.0,0,0,0,0,0,0,0,0

STAR,LUXB1V,26L,5
IF,LUXBO,51.539167,12.866389, ,0.0,0.0,0,0,0,0,0,0,0,0
TF,DP417,51.663811,12.557744,0, ,0.0,0.0,0.0,0.0,0,0,0,0,0,0,0,0
TF,DP416,51.659094,12.450861,0, ,0.0,0.0,0.0,0.0,0,0,0,0,0,0,0,0
TF,DP415,51.653550,12.327997,0, ,0.0,0.0,0.0,0.0,0,0,0,0,0,0,0,0
TF,DP414,51.648344,12.215192,0, ,0.0,0.0,0.0,0.0,0,0,0,0,0,0,0,0
TF,DP413,51.637044,11.978131,0, ,0.0,0.0,0.0,0.0,0,0,0,0,0,0,0,0
TF,DP412,51.631800,11.871447,0, ,0.0,0.0,0.0,0.0,0,0,0,0,0,0,0,0
TF,DP422,51.532186,11.884181,0, ,0.0,0.0,0.0,0.0,0,0,0,0,0,0,0,0
TF,DP423,51.537417,11.990631,0, ,0.0,0.0,0.0,0.0,0,0,0,0,0,0,0,0
TF,DP424,51.548692,12.227172,0, ,0.0,0.0,0.0,0.0,0,0,0,0,0,0,0,0
TF,DP425,51.553886,12.339731,0, ,0.0,0.0,0.0,0.0,0,0,0,0,0,0,0,0
TF,DP426,51.559417,12.462328,0, ,0.0,0.0,0.0,0.0,0,0,0,0,0,0,0,0
TF,DP427,51.564125,12.568978,0, ,0.0,0.0,0.0,0.0,0,0,0,0,0,0,0,0
TF,DP428,51.568733,12.675647,0, ,0.0,0.0,0.0,0.0,0,0,0,0,0,0,0,0
TF,DP429,51.573244,12.782342,0, ,0.0,0.0,0.0,0.0,0,0,0,0,0,0,0,0
FM,DP429,51.573244,12.782342,0,LEG,0.0,0.0,83.0,0,0,0,0,0,0,0,0

STAR,LUXB1V,26R,5
IF,LUXBO,51.539167,12.866389, ,0.0,0.0,0,0,0,0,0,0,0,0
TF,DP417,51.663811,12.557744,0, ,0.0,0.0,0.0,0.0,0,0,0,0,0,0,0,0
TF,DP416,51.659094,12.450861,0, ,0.0,0.0,0.0,0.0,0,0,0,0,0,0,0,0
TF,DP415,51.653550,12.327997,0, ,0.0,0.0,0.0,0.0,0,0,0,0,0,0,0,0
TF,DP414,51.648344,12.215192,0, ,0.0,0.0,0.0,0.0,0,0,0,0,0,0,0,0
TF,DP413,51.637044,11.978131,0, ,0.0,0.0,0.0,0.0,0,0,0,0,0,0,0,0
TF,DP412,51.631800,11.871447,0, ,0.0,0.0,0.0,0.0,0,0,0,0,0,0,0,0
TF,DP422,51.532186,11.884181,0, ,0.0,0.0,0.0,0.0,0,0,0,0,0,0,0,0
TF,DP423,51.537417,11.990631,0, ,0.0,0.0,0.0,0.0,0,0,0,0,0,0,0,0
TF,DP424,51.548692,12.227172,0, ,0.0,0.0,0.0,0.0,0,0,0,0,0,0,0,0
TF,DP425,51.553886,12.339731,0, ,0.0,0.0,0.0,0.0,0,0,0,0,0,0,0,0
TF,DP426,51.559417,12.462328,0, ,0.0,0.0,0.0,0.0,0,0,0,0,0,0,0,0
TF,DP427,51.564125,12.568978,0, ,0.0,0.0,0.0,0.0,0,0,0,0,0,0,0,0
TF,DP428,51.568733,12.675647,0, ,0.0,0.0,0.0,0.0,0,0,0,0,0,0,0,0
TF,DP429,51.573244,12.782342,0, ,0.0,0.0,0.0,0.0,0,0,0,0,0,0,0,0
FM,DP429,51.573244,12.782342,0,LEG,0.0,0.0,83.0,0,0,0,0,0,0,0,0

STAR,MAXE2M,08R,5
IF,MAXEB,51.207425,12.231250, ,0.0,0.0,2,8000,0,1,250,0,0,0
TF,DP808,51.321131,11.815489,0, ,0.0,0.0,0.0,0.0,2,5500,0,1,230,0,0,0
TF,DP807,51.392186,11.806383,0, ,0.0,0.0,0.0,0.0,2,5000,0,1,210,0,0,0
TF,DP442,51.396511,11.892247,0, ,0.0,0.0,0.0,0.0,0,0,0,0,0,0,0,0
TF,GAMKO,51.401550,11.994606,0, ,0.0,0.0,0.0,0.0,2,3000,0,1,180,0,0,0

STAR,MAXE2N,08L,5
IF,MAXEB,51.207425,12.231250, ,0.0,0.0,2,8000,0,1,250,0,0,0
TF,DP808,51.321131,11.815489,0, ,0.0,0.0,0.0,0.0,2,5500,0,1,230,0,0,0
TF,DP806,51.411133,11.803869,0, ,0.0,0.0,0.0,0.0,2,5000,0,1,210,0,0,0
TF,DP432,51.415953,11.898894,0, ,0.0,0.0,0.0,0.0,0,0,0,0,0,0,0,0
TF,MOKUL,51.421175,12.005144,0, ,0.0,0.0,0.0,0.0,2,3000,0,1,180,0,0,0

STAR,UPLE3M,26L,5
IF,UPLEG,51.582831,12.244033, ,0.0,0.0,2,8000,0,1,250,0,0,0
TF,DP828,51.552111,12.677478,0, ,0.0,0.0,0.0,0.0,2,6000,0,1,230,0,0,0
TF,DP448,51.433403,12.690500,0, ,0.0,0.0,0.0,0.0,2,5000,0,1,210,0,0,0
TF,DP447,51.428111,12.568217,0, ,0.0,0.0,0.0,0.0,0,0,0,0,0,0,0,0
TF,TAKOR,51.423403,12.461886,0, ,0.0,0.0,0.0,0.0,2,3000,0,1,180,0,0,0

STAR,UPLE3N,26R,5
IF,UPLEG,51.582831,12.244033, ,0.0,0.0,2,8000,0,1,250,0,0,0
TF,DP828,51.552111,12.677478,0, ,0.0,0.0,0.0,0.0,2,6000,0,1,230,0,0,0
TF,DP812,51.452433,12.688453,0, ,0.0,0.0,0.0,0.0,2,5000,0,1,210,0,0,0
TF,DP437,51.447817,12.582019,0, ,0.0,0.0,0.0,0.0,0,0,0,0,0,0,0,0
TF,KOSAM,51.443122,12.475642,0, ,0.0,0.0,0.0,0.0,2,3000,0,1,180,0,0,0

STAR,YAWO1R,08L,5
IF,YAWOY,51.171944,12.825278, ,0.0,0.0,0,0,0,0,0,0,0,0
TF,DP466,51.257961,12.496700,0, ,0.0,0.0,0.0,0.0,0,0,0,0,0,0,0,0
TF,DP465,51.252467,12.374908,0, ,0.0,0.0,0.0,0.0,0,0,0,0,0,0,0,0
TF,DP464,51.247306,12.263089,0, ,0.0,0.0,0.0,0.0,0,0,0,0,0,0,0,0
TF,DP453,51.285936,12.021939,0, ,0.0,0.0,0.0,0.0,0,0,0,0,0,0,0,0
TF,DP452,51.280733,11.916072,0, ,0.0,0.0,0.0,0.0,0,0,0,0,0,0,0,0
TF,DP451,51.274969,11.801056,0, ,0.0,0.0,0.0,0.0,0,0,0,0,0,0,0,0
TF,DP450,51.269561,11.695167,0, ,0.0,0.0,0.0,0.0,0,0,0,0,0,0,0,0
FM,DP450,51.269561,11.695167,0,LEG,0.0,0.0,262.0,0,0,0,0,0,0,0,0

STAR,YAWO1R,08R,5
IF,YAWOY,51.171944,12.825278, ,0.0,0.0,0,0,0,0,0,0,0,0
TF,DP466,51.257961,12.496700,0, ,0.0,0.0,0.0,0.0,0,0,0,0,0,0,0,0
TF,DP465,51.252467,12.374908,0, ,0.0,0.0,0.0,0.0,0,0,0,0,0,0,0,0
TF,DP464,51.247306,12.263089,0, ,0.0,0.0,0.0,0.0,0,0,0,0,0,0,0,0
TF,DP453,51.285936,12.021939,0, ,0.0,0.0,0.0,0.0,0,0,0,0,0,0,0,0
TF,DP452,51.280733,11.916072,0, ,0.0,0.0,0.0,0.0,0,0,0,0,0,0,0,0
TF,DP451,51.274969,11.801056,0, ,0.0,0.0,0.0,0.0,0,0,0,0,0,0,0,0
TF,DP450,51.269561,11.695167,0, ,0.0,0.0,0.0,0.0,0,0,0,0,0,0,0,0
FM,DP450,51.269561,11.695167,0,LEG,0.0,0.0,262.0,0,0,0,0,0,0,0,0

STAR,YAWO1V,26L,5
IF,YAWOY,51.171944,12.825278, ,0.0,0.0,0,0,0,0,0,0,0,0
TF,DP478,51.167517,12.719422,0, ,0.0,0.0,0.0,0.0,0,0,0,0,0,0,0,0
TF,DP477,51.162947,12.613683,0, ,0.0,0.0,0.0,0.0,0,0,0,0,0,0,0,0
TF,DP476,51.158281,12.507967,0, ,0.0,0.0,0.0,0.0,0,0,0,0,0,0,0,0
TF,DP475,51.152797,12.386439,0, ,0.0,0.0,0.0,0.0,0,0,0,0,0,0,0,0
TF,DP474,51.147650,12.274864,0, ,0.0,0.0,0.0,0.0,0,0,0,0,0,0,0,0
TF,DP473,51.136475,12.040383,0, ,0.0,0.0,0.0,0.0,0,0,0,0,0,0,0,0
TF,DP472,51.131289,11.934861,0, ,0.0,0.0,0.0,0.0,0,0,0,0,0,0,0,0
TF,DP462,51.230911,11.922350,0, ,0.0,0.0,0.0,0.0,0,0,0,0,0,0,0,0
TF,DP463,51.236108,12.028103,0, ,0.0,0.0,0.0,0.0,0,0,0,0,0,0,0,0
TF,DP464,51.247306,12.263089,0, ,0.0,0.0,0.0,0.0,0,0,0,0,0,0,0,0
TF,DP465,51.252467,12.374908,0, ,0.0,0.0,0.0,0.0,0,0,0,0,0,0,0,0
TF,DP457,51.312497,12.597111,0, ,0.0,0.0,0.0,0.0,0,0,0,0,0,0,0,0
TF,DP458,51.317081,12.703194,0, ,0.0,0.0,0.0,0.0,0,0,0,0,0,0,0,0
TF,DP459,51.321567,12.809300,0, ,0.0,0.0,0.0,0.0,0,0,0,0,0,0,0,0
FM,DP459,51.321567,12.809300,0,LEG,0.0,0.0,83.0,0,0,0,0,0,0,0,0

STAR,YAWO1V,26R,5
IF,YAWOY,51.171944,12.825278, ,0.0,0.0,0,0,0,0,0,0,0,0
TF,DP478,51.167517,12.719422,0, ,0.0,0.0,0.0,0.0,0,0,0,0,0,0,0,0
TF,DP477,51.162947,12.613683,0, ,0.0,0.0,0.0,0.0,0,0,0,0,0,0,0,0
TF,DP476,51.158281,12.507967,0, ,0.0,0.0,0.0,0.0,0,0,0,0,0,0,0,0
TF,DP475,51.152797,12.386439,0, ,0.0,0.0,0.0,0.0,0,0,0,0,0,0,0,0
TF,DP474,51.147650,12.274864,0, ,0.0,0.0,0.0,0.0,0,0,0,0,0,0,0,0
TF,DP473,51.136475,12.040383,0, ,0.0,0.0,0.0,0.0,0,0,0,0,0,0,0,0
TF,DP472,51.131289,11.934861,0, ,0.0,0.0,0.0,0.0,0,0,0,0,0,0,0,0
TF,DP462,51.230911,11.922350,0, ,0.0,0.0,0.0,0.0,0,0,0,0,0,0,0,0
TF,DP463,51.236108,12.028103,0, ,0.0,0.0,0.0,0.0,0,0,0,0,0,0,0,0
TF,DP464,51.247306,12.263089,0, ,0.0,0.0,0.0,0.0,0,0,0,0,0,0,0,0
TF,DP465,51.252467,12.374908,0, ,0.0,0.0,0.0,0.0,0,0,0,0,0,0,0,0
TF,DP457,51.312497,12.597111,0, ,0.0,0.0,0.0,0.0,0,0,0,0,0,0,0,0
TF,DP458,51.317081,12.703194,0, ,0.0,0.0,0.0,0.0,0,0,0,0,0,0,0,0
TF,DP459,51.321567,12.809300,0, ,0.0,0.0,0.0,0.0,0,0,0,0,0,0,0,0
FM,DP459,51.321567,12.809300,0,LEG,0.0,0.0,83.0,0,0,0,0,0,0,0,0

APPTR,I08L,08L,MOWOX
IF,MOWOX,51.404667,11.677419, ,0.0,0.0,2,5000,0,0,0,0,1,0
CF,DP431,51.410119,11.783617,0,LEG,263.8,26.0,82.0,4.0,2,4000,0,0,0,0,0,0
CF,DP432,51.415953,11.898894,0,ILNE,262.8,14.1,82.0,4.3,2,3000,0,0,0,0,1,0

FINAL,I08L,08L,I,3
IF,DP432,51.415953,11.898894,ILNE,262.8,14.1,2,3000,0,0,0,0,0,0
CF,MOKUL,51.421175,12.005144,0,ILNE,262.8,10.1,82.0,4.0,1,3000,0,0,0,0,2,0
CF,RW08L,51.431242,12.215825,0,ILNE,262.8,2.1,82.0,7.9,1,472,0,0,0,0,3,0
CF,ZIG,51.434022,12.280494,0,LEG,266.1,7.3,82.0,2.4,0,0,0,0,0,0,0,1
CA,0,82.0,2,900,0,0,0,0,0,0
CF,LEG32,51.658603,11.697383,1,LEG,292.0,32.0,292.0,25.0,0,0,0,0,0,0,0,1
CI,0, ,0.0,213.0,0,0,0,0,0,0,0,0
CF,D342G,51.458314,11.544644,0,LEG,269.6,34.9,162.0,8.0,0,0,0,0,0,0,0,1
DF,MOWOX,51.404667,11.677419,1, ,0.0,0.0,1,5000,0,0,0,0,0,0

APPTR,I08R,08R,SAHNU
IF,SAHNU,51.385681,11.679919, ,0.0,0.0,1,4000,0,0,0,0,1,0
CF,DP441,51.391131,11.786072,0,GOT,65.8,7.7,82.0,4.0,1,4000,0,0,0,0,0,0
CF,DP442,51.396511,11.892247,0,ILSR,262.8,14.0,82.0,4.0,2,3000,0,0,0,0,1,0

FINAL,I08R,08R,I,3
IF,DP442,51.396511,11.892247,ILSR,262.8,14.0,2,3000,0,0,0,0,0,0
CF,GAMKO,51.401550,11.994606,0,ILSR,262.8,10.2,82.0,3.9,1,3000,0,0,0,0,2,0
CF,RW08R,51.411608,12.204647,0,ILSR,262.7,2.2,82.0,7.9,1,482,0,0,0,0,3,0
CF,SKZ,51.414897,12.271278,0,GOT,78.1,25.7,82.0,2.5,0,0,0,0,0,0,0,1
CA,0,82.0,2,900,0,0,0,0,0,0
CI,2, ,0.0,265.0,0,0,0,0,0,0,0,0
CF,D055U,51.141244,11.704978,0,GOT,159.5,12.8,235.0,25.0,0,0,0,0,0,0,0,1
CI,2, ,0.0,342.0,0,0,0,0,0,0,0,0
CF,GOT,51.343117,11.597528,0,GOT,0.0,0.0,15.0,6.0,0,0,0,0,0,0,0,1
DF,SAHNU,51.385681,11.679919,2, ,0.0,0.0,1,4000,0,0,0,0,0,0

APPTR,I26L,26L,JOGGA
IF,JOGGA,51.437900,12.796875, ,0.0,0.0,2,5000,0,0,0,0,1,0
CF,DP448,51.433403,12.690500,0,LEG,88.0,8.2,263.0,4.0,2,4000,0,0,0,0,0,0
CF,DP447,51.428111,12.568217,0,ILSL,82.7,14.0,263.0,4.6,2,3000,0,0,0,0,1,0

FINAL,I26L,26L,I,3
IF,DP447,51.428111,12.568217,ILSL,82.7,14.0,2,3000,0,0,0,0,0,0
CF,TAKOR,51.423403,12.461886,0,ILSL,82.7,10.0,263.0,4.0,1,3000,0,0,0,0,2,0
CF,RW26L,51.414019,12.256247,0,ILSL,82.7,2.2,263.0,7.7,1,522,0,0,0,0,3,0
FD,RW26L,51.414019,12.256247,0,LLD,0.0,1.8,263.0,1.8,0,0,0,0,0,0,0,0
CA,0,263.0,2,900,0,0,0,0,0,0
CF,D116U,51.265550,12.960956,1,LEG,116.0,21.0,92.0,30.0,0,0,0,0,0,0,0,1
CF,D090O,51.422586,12.864450,1,LEG,90.0,14.7,308.0,9.0,0,0,0,0,0,0,0,1
DF,JOGGA,51.437900,12.796875,0, ,0.0,0.0,1,5000,0,0,0,0,0,0

APPTR,I26R,26R,LOFTO
IF,LOFTO,51.456914,12.794839, ,0.0,0.0,1,4000,0,0,0,0,1,0
CF,DP438,51.452414,12.688419,0,LEG,80.0,8.1,263.0,4.0,1,4000,0,0,0,0,0,0
CF,DP437,51.447817,12.582019,0,ILNW,82.7,14.0,263.0,4.0,2,3000,0,0,0,0,1,0

FINAL,I26R,26R,I,3
IF,DP437,51.447817,12.582019,ILNW,82.7,14.0,2,3000,0,0,0,0,0,0
CF,KOSAM,51.443122,12.475642,0,ILNW,82.7,10.0,263.0,4.0,1,3000,0,0,0,0,2,0
CF,RW26R,51.433647,12.267444,0,ILNW,82.7,2.1,263.0,7.8,1,504,0,0,0,0,3,0
CF,D263A,51.430200,12.193669,0,LEG,265.2,10.5,263.0,2.8,0,0,0,0,0,0,0,0
CA,0,263.0,2,900,0,0,0,0,0,0
CF,GOT40,51.634594,12.571156,2,LEG,14.0,12.5,62.0,18.0,0,0,0,0,0,0,0,1
CI,0, ,0.0,90.0,0,0,0,0,0,0,0,0
CF,DRN42,51.541036,12.836586,0,LEG,62.0,15.0,135.0,9.0,0,0,0,0,0,0,0,1
DF,LOFTO,51.456914,12.794839,2, ,0.0,0.0,1,4000,0,0,0,0,0,0

APPTR,R08L,08L,MOWOX
IF,MOWOX,51.404667,11.677419, ,0.0,0.0,2,5000,0,0,0,0,1,0
TF,DP431,51.410119,11.783617,0, ,0.0,0.0,0.0,0.0,2,4000,0,0,0,0,0,0
TF,DP432,51.415953,11.898894,0, ,0.0,0.0,0.0,0.0,2,3000,0,0,0,0,1,0

FINAL,R08L,08L,R,3
IF,DP432,51.415953,11.898894, ,0.0,0.0,2,3000,0,0,0,0,0,0
TF,MOKUL,51.421175,12.005144,0, ,0.0,0.0,82.0,4.0,1,3000,0,0,0,0,2,0
TF,RW08L,51.431242,12.215825,0, ,0.0,0.0,82.0,7.9,1,468,0,0,0,0,3,1
TF,ZIG,51.434022,12.280494,0, ,0.0,0.0,0.0,0.0,0,0,0,0,0,0,0,1
CA,0,82.0,2,900,0,0,0,0,0,0
DF,DP481,51.488297,12.296631,1, ,0.0,0.0,0,0,0,0,0,0,0,0
TF,DP981,51.677794,11.642683,0, ,0.0,0.0,0.0,0.0,0,0,0,0,0,0,0,0
TF,DP982,51.559931,11.503222,0, ,0.0,0.0,0.0,0.0,0,0,0,0,0,0,0,0
CF,DP983,51.459081,11.547203,0,LEG,269.6,34.8,162.0,6.3,0,0,0,0,0,0,0,1
DF,MOWOX,51.404667,11.677419,1, ,0.0,0.0,1,5000,0,0,0,0,0,0

APPTR,R08R,08R,SAHNU
IF,SAHNU,51.385681,11.679919, ,0.0,0.0,1,4000,0,0,0,0,1,0
TF,DP441,51.391131,11.786072,0, ,0.0,0.0,0.0,0.0,1,4000,0,0,0,0,0,0
TF,DP442,51.396511,11.892247,0, ,0.0,0.0,0.0,0.0,2,3000,0,0,0,0,1,0

FINAL,R08R,08R,R,3
IF,DP442,51.396511,11.892247, ,0.0,0.0,2,3000,0,0,0,0,0,0
TF,GAMKO,51.401550,11.994606,0, ,0.0,0.0,82.0,3.9,1,3000,0,0,0,0,2,0
TF,RW08R,51.411608,12.204647,0, ,0.0,0.0,82.0,7.9,1,478,0,0,0,0,3,1
TF,SKZ,51.414897,12.271278,0, ,0.0,0.0,0.0,0.0,0,0,0,0,0,0,0,1
CA,0,82.0,2,900,0,0,0,0,0,0
DF,DP991,51.310617,12.148028,2, ,0.0,0.0,0,0,0,0,0,0,0,0
CF,DP992,51.138236,11.707281,0,LEG,235.5,34.0,235.0,19.6,0,0,0,0,0,0,0,1
DF,DP993,51.250578,11.550053,2, ,0.0,0.0,0,0,0,0,0,0,0,0
CF,GOT,51.343117,11.597528,0,LEG,257.7,33.4,15.0,5.8,0,0,0,0,0,0,0,1
DF,SAHNU,51.385681,11.679919,2, ,0.0,0.0,1,4000,0,0,0,0,0,0

APPTR,R26L,26L,JOGGA
IF,JOGGA,51.437900,12.796875, ,0.0,0.0,2,5000,0,0,0,0,1,0
TF,DP448,51.433403,12.690500,0, ,0.0,0.0,0.0,0.0,2,4000,0,0,0,0,0,0
TF,DP447,51.428111,12.568217,0, ,0.0,0.0,0.0,0.0,2,3000,0,0,0,0,1,0

FINAL,R26L,26L,R,3
IF,DP447,51.428111,12.568217, ,0.0,0.0,2,3000,0,0,0,0,0,0
TF,TAKOR,51.423403,12.461886,0, ,0.0,0.0,263.0,4.0,1,3000,0,0,0,0,2,0
TF,RW26L,51.414019,12.256247,0, ,0.0,0.0,263.0,7.7,1,520,0,0,0,0,3,1
TF,DP499,51.410611,12.183447,0, ,0.0,0.0,0.0,0.0,0,0,0,0,0,0,0,1
CA,0,263.0,2,900,0,0,0,0,0,0
CF,DP962,51.263536,12.958047,1,LEG,116.4,21.0,92.0,30.0,0,0,0,0,0,0,0,1
DF,DP963,51.441236,12.877281,1, ,0.0,0.0,0,0,0,0,0,0,0,0
TF,JOGGA,51.437900,12.796875,0, ,0.0,0.0,0.0,0.0,1,5000,0,0,0,0,0,0

APPTR,R26R,26R,LOFTO
IF,LOFTO,51.456914,12.794839, ,0.0,0.0,1,4000,0,0,0,0,1,0
TF,DP438,51.452414,12.688419,0, ,0.0,0.0,0.0,0.0,1,4000,0,0,0,0,0,0
TF,DP437,51.447817,12.582019,0, ,0.0,0.0,0.0,0.0,2,3000,0,0,0,0,1,0

FINAL,R26R,26R,R,3
IF,DP437,51.447817,12.582019, ,0.0,0.0,2,3000,0,0,0,0,0,0
TF,KOSAM,51.443122,12.475642,0, ,0.0,0.0,263.0,4.0,1,3000,0,0,0,0,2,0
TF,RW26R,51.433647,12.267444,0, ,0.0,0.0,263.0,7.8,1,498,0,0,0,0,3,1
TF,DP510,51.430200,12.193667,0, ,0.0,0.0,0.0,0.0,0,0,0,0,0,0,0,1
CA,0,263.0,2,900,0,0,0,0,0,0
DF,DP971,51.506036,12.162119,2, ,0.0,0.0,0,0,0,0,0,0,0,0
TF,DP972,51.624258,12.580450,0, ,0.0,0.0,0.0,0.0,0,0,0,0,0,0,0,0
TF,DP973,51.618467,12.753433,0, ,0.0,0.0,0.0,0.0,0,0,0,0,0,0,0,0
TF,DP974,51.543661,12.860031,0, ,0.0,0.0,0.0,0.0,0,0,0,0,0,0,0,1
DF,LOFTO,51.456914,12.794839,2, ,0.0,0.0,1,4000,0,0,0,0,0,0

