SID,ANEL3C,11,5
CA,0,111.0,2,1200,0,0,0,0,0,0
DF,QT111,49.974161,10.685506,0, ,0.0,0.0,0,0,0,0,0,0,0,0
TF,QT211,49.865958,10.769722,0, ,0.0,0.0,0.0,0.0,0,0,0,0,0,0,0,0
TF,ANELA,49.768764,11.224603,0, ,0.0,0.0,0.0,0.0,2,6000,0,0,0,0,0,0

SID,ANEL3D,29,5
DF,QT129,50.035369,10.468022,0, ,0.0,0.0,0,0,0,0,0,0,0,1
DF,QT429,49.913819,10.541797,1, ,0.0,0.0,0,0,0,0,0,0,0,0
TF,QT211,49.865958,10.769722,0, ,0.0,0.0,0.0,0.0,0,0,0,0,0,0,0,0
TF,ANELA,49.768764,11.224603,0, ,0.0,0.0,0.0,0.0,2,6000,0,0,0,0,0,0

SID,LONL3C,11,5
CA,0,111.0,2,1200,0,0,0,0,0,0
DF,QT111,49.974161,10.685506,0, ,0.0,0.0,0,0,0,0,0,0,0,0
TF,LONLI,50.074739,11.226386,0, ,0.0,0.0,0.0,0.0,2,5000,0,0,0,0,0,0

SID,LONL3D,29,5
DF,QT129,50.035369,10.468022,0, ,0.0,0.0,0,0,0,0,0,0,0,1
DF,SULUS,50.075192,10.728808,2, ,0.0,0.0,0,0,0,0,0,0,0,0
TF,LONLI,50.074739,11.226386,0, ,0.0,0.0,0.0,0.0,2,5000,0,0,0,0,0,0

APPTR,R29,29,ANELA
IF,ANELA,49.768764,11.224603, ,0.0,0.0,2,5000,0,0,0,0,1,0
TF,QT296,49.863783,10.818100,0, ,0.0,0.0,0.0,0.0,2,5000,0,0,0,0,0,0
TF,QT290,49.924728,10.859689,0, ,0.0,0.0,0.0,0.0,2,4600,0,0,0,0,1,0

APPTR,R29,29,LONLI
IF,LONLI,50.074739,11.226386, ,0.0,0.0,2,5000,0,0,0,0,1,0
TF,QT295,49.985653,10.901386,0, ,0.0,0.0,0.0,0.0,2,5000,0,0,0,0,0,0
TF,QT290,49.924728,10.859689,0, ,0.0,0.0,0.0,0.0,2,4600,0,0,0,0,1,0

FINAL,R29,29,R,3
IF,QT290,49.924728,10.859689, ,0.0,0.0,2,4600,0,0,0,0,0,0
TF,ELTAM,49.948222,10.777061,0, ,0.0,0.0,291.0,3.5,2,4000,0,0,0,0,2,0
TF,RW29,50.016208,10.536322,0, ,0.0,0.0,291.0,10.2,1,760,0,0,0,0,3,1
CF,QT129,50.035369,10.468022,0,RDG,304.4,100.2,291.0,2.9,0,0,0,0,0,0,0,1
DF,SULUS,50.075192,10.728808,2, ,0.0,0.0,0,0,0,0,0,0,0,0
TF,LONLI,50.074739,11.226386,0, ,0.0,0.0,0.0,0.0,2,5000,0,0,0,0,0,0

