STAR,ABUR2A,12,5
IF,ABURO,66.298056,28.442778, ,0.0,0.0,2,10000,0,0,0,0,0,0
TF,PESEG,66.106031,28.916203,0, ,0.0,0.0,0.0,0.0,2,3000,0,0,0,0,0,0

STAR,ABUR2B,30,5
IF,ABURO,66.298056,28.442778, ,0.0,0.0,2,10000,0,0,0,0,0,0
TF,ELTUG,66.044161,28.779767,0, ,0.0,0.0,0.0,0.0,0,0,0,0,0,0,0,0
TF,BATVO,65.806797,29.423647,0, ,0.0,0.0,0.0,0.0,2,3000,0,1,240,0,0,0
TF,TUMRI,65.868103,29.560378,0, ,0.0,0.0,0.0,0.0,2,3000,0,0,0,0,0,0

STAR,BEVN2A,12,5
IF,BEVNA,65.955833,28.382222, ,0.0,0.0,2,10000,0,0,0,0,0,0
TF,ELTUG,66.044161,28.779767,0, ,0.0,0.0,0.0,0.0,2,3000,0,1,240,0,0,0
TF,PESEG,66.106031,28.916203,0, ,0.0,0.0,0.0,0.0,2,3000,0,0,0,0,0,0

STAR,BEVN2B,30,5
IF,BEVNA,65.955833,28.382222, ,0.0,0.0,2,10000,0,0,0,0,0,0
TF,BATVO,65.806797,29.423647,0, ,0.0,0.0,0.0,0.0,2,3000,0,1,240,0,0,0
TF,TUMRI,65.868103,29.560378,0, ,0.0,0.0,0.0,0.0,2,3000,0,0,0,0,0,0

STAR,IBEV2B,30,5
IF,IBEVU,65.692778,28.961667, ,0.0,0.0,2,10000,0,0,0,0,0,0
TF,BATVO,65.806797,29.423647,0, ,0.0,0.0,0.0,0.0,2,3000,0,1,240,0,0,0
TF,TUMRI,65.868103,29.560378,0, ,0.0,0.0,0.0,0.0,2,3000,0,0,0,0,0,0

STAR,IBEV3A,12,5
IF,IBEVU,65.692778,28.961667, ,0.0,0.0,2,10000,0,0,0,0,0,0
TF,UNVOL,65.788333,29.030000,0, ,0.0,0.0,0.0,0.0,0,0,0,0,0,0,0,0
TF,ELTUG,66.044161,28.779767,0, ,0.0,0.0,0.0,0.0,2,3000,0,1,240,0,0,0
TF,PESEG,66.106031,28.916203,0, ,0.0,0.0,0.0,0.0,2,3000,0,0,0,0,0,0

APPTR,I12,12,ELTUG
IF,ELTUG,66.044161,28.779767, ,0.0,0.0,2,3000,0,1,240,0,1,0
TF,PESEG,66.106031,28.916203,0,KO,0.0,0.0,0.0,0.0,2,3000,0,0,0,0,1,0

APPTR,I12,12,PESEG
HF,PESEG,66.106031,28.916203,1, ,0.0,0.0,119.0,04.3,2,3000,0,1,230,0,1,0,0

FINAL,I12,12,I,3
IF,PESEG,66.106031,28.916203,KO,299.2,11.5,2,3000,0,0,0,0,0,0
CF,XISTA,66.050378,29.068631,0,KO,299.2,6.5,119.0,5.0,1,2500,0,0,0,0,2,0
CF,RW12,65.994814,29.219736,0,KO,299.2,1.5,119.0,5.0,1,911,0,0,0,0,3,1
CA,0,119.0,2,1300,0,0,0,0,0,0
DF,TUMRI,65.868103,29.560378,0, ,0.0,0.0,1,3000,0,0,0,0,0,0

APPTR,R12,12,ELTUG
IF,ELTUG,66.044161,28.779767, ,0.0,0.0,2,3000,0,1,240,0,1,0
TF,PESEG,66.106031,28.916203,0, ,0.0,0.0,0.0,0.0,2,3000,0,0,0,0,1,0

APPTR,R12,12,PESEG
HF,PESEG,66.106031,28.916203,1, ,0.0,0.0,119.0,04.3,2,3000,0,1,230,0,1,0,0

FINAL,R12,12,R,3
IF,PESEG,66.106031,28.916203, ,0.0,0.0,2,3000,0,0,0,0,0,0
TF,XISTA,66.050378,29.068631,0, ,0.0,0.0,119.0,5.0,2,2500,0,0,0,0,2,0
TF,RW12,65.994814,29.219736,0, ,0.0,0.0,119.0,5.0,1,911,0,0,0,0,3,1
TF,TUMRI,65.868103,29.560378,0, ,0.0,0.0,0.0,0.0,1,3000,0,0,0,0,0,0

APPTR,R30,30,BATVO
IF,BATVO,65.806797,29.423647, ,0.0,0.0,2,3000,0,1,240,0,1,0
TF,TUMRI,65.868103,29.560378,0, ,0.0,0.0,0.0,0.0,2,3000,0,0,0,0,1,0

APPTR,R30,30,TUMRI
HF,TUMRI,65.868103,29.560378,2, ,0.0,0.0,299.0,04.3,2,3000,0,1,210,0,1,0,0

FINAL,R30,30,R,3
IF,TUMRI,65.868103,29.560378, ,0.0,0.0,2,3000,0,0,0,0,0,0
TF,GUNLU,65.924400,29.409719,0, ,0.0,0.0,299.0,5.0,2,2500,0,0,0,0,2,0
TF,RW30,65.979994,29.259856,0, ,0.0,0.0,299.0,5.0,1,916,0,0,0,0,3,1
TF,PESEG,66.106031,28.916203,0, ,0.0,0.0,0.0,0.0,1,3000,0,0,0,0,0,0

