APPTR,I08-Y,08,EGT
IF,EGT,55.045544,-7.156031, ,0.0,0.0,2,3500,0,0,0,0,1,0
FC,EGT,55.045544,-7.156031,0,BEL,0.0,0.0,244.0,9.8,2,2000,0,0,0,0,0,1
CF,CI08Y,54.991222,-7.424581,2,IEGN,254.0,9.9,74.0,1.0,2,2000,0,0,0,0,0,0

FINAL,I08-Y,08,I,3
IF,CI08Y,54.991222,-7.424581,IEGN,254.0,9.9,2,2000,0,0,0,0,0,0
CF,FI08Y,55.007625,-7.342583,0,IEGN,254.0,6.9,74.0,3.0,1,2000,0,0,0,0,2,0
CF,RW08,55.040333,-7.175428,0,IEGN,252.0,0.8,74.0,6.1,1,81,0,0,0,0,3,0
FA,RW08,55.040333,-7.175428,0,BEL,0.0,0.0,74.0,2,2500,0,0,0,0,0,0
DF,EGT,55.045544,-7.156031,1, ,0.0,0.0,1,2500,0,0,0,0,0,0
HM,EGT,55.045544,-7.156031,1, ,0.0,0.0,256.0,04.3,0,0,0,0,0,0,0,0,0

APPTR,I08-Z,08,EGT1
IF,EGT,55.045544,-7.156031, ,0.0,0.0,2,3500,0,1,210,0,1,0
FC,EGT,55.045544,-7.156031,0,BEL,0.0,0.0,236.0,11.3,2,2500,0,0,0,0,0,1
CF,CI08Z,54.982997,-7.465553,2,IEGN,254.0,11.4,74.0,1.0,2,2500,0,0,0,0,0,0

APPTR,I08-Z,08,EGT2
IF,EGT,55.045544,-7.156031, ,0.0,0.0,2,3500,0,1,210,0,1,0
FC,EGT,55.045544,-7.156031,0,BEL,0.0,0.0,246.0,11.3,2,2500,0,0,0,0,0,1
CF,CI08Z,54.982997,-7.465553,2,IEGN,254.0,11.4,74.0,1.0,2,2500,0,0,0,0,0,0

FINAL,I08-Z,08,I,3
IF,CI08Z,54.982997,-7.465553,IEGN,254.0,11.4,2,2500,0,0,0,0,0,0
CF,FI08Z,54.999431,-7.383589,0,IEGN,254.0,8.4,74.0,3.0,1,2500,0,0,0,0,2,0
CF,RW08,55.040333,-7.175428,0,IEGN,252.0,0.8,74.0,7.6,1,81,0,0,0,0,3,0
FA,RW08,55.040333,-7.175428,0,BEL,0.0,0.0,74.0,2,2500,0,0,0,0,0,0
DF,EGT,55.045544,-7.156031,1, ,0.0,0.0,1,2500,0,1,210,0,0,0
HM,EGT,55.045544,-7.156031,1, ,0.0,0.0,256.0,04.3,0,0,0,1,210,0,0,0,0

APPTR,I26,26,BEL
FD,BEL,54.661144,-6.229908,0,BEL,0.0,31.3,332.0,31.3,2,3300,0,0,0,0,0,0
CF,CI26,55.093156,-6.869742,0,IEGT,76.1,11.2,256.0,4.0,2,2500,0,0,0,0,0,0

APPTR,I26,26,EGT
IF,EGT,55.045544,-7.156031, ,0.0,0.0,2,3500,0,0,0,0,0,0
HF,EGT,55.045544,-7.156031,1, ,0.0,0.0,256.0,10,2,2500,0,1,210,0,1,0,0

FINAL,I26,26,I,3
IF,CI26,55.093156,-6.869742,IEGT,76.1,11.2,2,2500,0,0,0,0,0,0
CF,FI26,55.082186,-6.933650,0,IEGT,76.1,8.9,256.0,2.3,1,2500,0,0,0,0,2,0
CF,RW26,55.045242,-7.147239,0,IEGT,76.1,1.2,256.0,7.7,1,61,0,0,0,0,3,0
FA,RW26,55.045242,-7.147239,0,BEL,0.0,0.0,256.0,2,600,0,0,0,0,0,0
CA,2,67.0,2,2500,0,1,180,0,0,0
DF,EGT,55.045544,-7.156031,2, ,0.0,0.0,1,2500,0,0,0,0,0,0
HM,EGT,55.045544,-7.156031,1, ,0.0,0.0,256.0,04.3,0,0,0,1,210,0,0,0,0

