SID,ROG20N,20,2
CF,05ADM,53.456256,-1.014278,0,GAM,0.0,0.0,199.0,1.8,2,500,0,0,0,0,0,0
CF,25DME,53.423158,-1.021489,0,GAM,0.0,0.0,190.0,2.0,0,0,0,0,0,0,0,1
CF,D015K,53.459056,-0.872964,1,GAM,0.0,0.0,15.0,4.0,1,6000,0,0,0,0,0,1
DF,LAMIX,53.308056,-0.682222,1, ,0.0,0.0,0,0,0,0,0,0,0,0
TF,ROGAG,53.234942,-0.295961,0, ,0.0,0.0,0.0,0.0,2,16000,0,0,0,0,0,0

SID,ROG20S,20,2
CF,05ADM,53.456256,-1.014278,0,GAM,0.0,0.0,199.0,1.8,2,500,0,0,0,0,0,0
CF,15DME,53.441428,-1.027175,0,GAM,0.0,0.0,210.0,1.0,0,0,0,0,0,0,0,0
CF,35DME,53.427022,-1.085100,0,GAM,0.0,0.0,250.0,2.0,0,0,0,0,0,0,0,1
VI,1, ,0.0,187.0,0,0,0,0,0,0,0,0
CF,D322B,53.306697,-0.983331,0,GAM,0.0,0.0,142.0,7.0,0,0,0,0,0,0,0,0
CF,ROGAG,53.234942,-0.295961,0,GAM,0.0,0.0,99.0,25.0,2,16000,0,0,0,0,0,0

SID,ROGA02,02,2
CF,DME01,53.502228,-0.989747,0,GAM,0.0,0.0,19.0,2.4,2,500,0,0,0,0,0,0
VI,2, ,0.0,152.0,0,0,0,0,0,0,0,0
CF,D017E,53.361981,-0.912372,0,GAM,0.0,0.0,197.0,6.0,1,8000,0,0,0,0,0,1
VI,0, ,0.0,144.0,0,0,0,0,0,0,0,0
CF,ROGAG,53.234942,-0.295961,0,GAM,0.0,0.0,99.0,24.0,2,16000,0,0,0,0,0,0

SID,ROGA2A,20,5
CF,CNS01,53.461494,-1.011489,0,GAM,349.0,11.1,198.0,1.0,0,0,0,0,0,0,0,1
CA,0,198.0,2,560,0,0,0,0,0,0
CF,CNS02,53.428872,-1.038561,0,GAM,340.7,9.5,207.0,1.0,2,1100,0,1,185,0,0,0
TF,CNS03,53.409781,-1.119525,0, ,0.0,0.0,0.0,0.0,2,2300,0,1,185,0,0,0
TF,CNS05,53.324742,-1.088225,0, ,0.0,0.0,0.0,0.0,2,5300,0,1,200,0,0,0
TF,CNS06,53.279850,-0.923603,0, ,0.0,0.0,0.0,0.0,2,9000,0,1,200,0,0,0
TF,LEDLA,53.266569,-0.732692,0, ,0.0,0.0,0.0,0.0,2,12500,0,1,210,0,0,0
TF,ROGAG,53.234942,-0.295961,0, ,0.0,0.0,0.0,0.0,1,16000,0,0,0,0,0,0

SID,ROGA2A,BODSO,6
IF,ROGAG,53.234942,-0.295961, ,0.0,0.0,1,16000,0,0,0,0,0,0
TF,SUPEL,53.227778,0.591111,0, ,0.0,0.0,0.0,0.0,0,0,0,0,0,0,0,0
TF,BODSO,53.052222,2.094722,0, ,0.0,0.0,0.0,0.0,0,0,0,0,0,0,0,0

SID,ROGA2C,02,5
CF,CNN04,53.546608,-0.966031,0,GAM,358.6,16.0,18.0,3.7,2,1500,0,1,185,0,0,0
TF,CNE01,53.523092,-0.874417,2, ,0.0,0.0,0.0,0.0,2,2800,0,1,185,0,0,0
TF,CNE02,53.459478,-0.908992,0, ,0.0,0.0,0.0,0.0,4,8000,4400,1,210,0,0,0
TF,CNS06,53.279850,-0.923603,0, ,0.0,0.0,0.0,0.0,2,9000,0,1,230,0,0,0
TF,LEDLA,53.266569,-0.732692,0, ,0.0,0.0,0.0,0.0,2,12500,0,1,250,0,0,0
TF,ROGAG,53.234942,-0.295961,0, ,0.0,0.0,0.0,0.0,1,16000,0,0,0,0,0,0

SID,ROGA2C,BODSO,6
IF,ROGAG,53.234942,-0.295961, ,0.0,0.0,1,16000,0,0,0,0,0,0
TF,SUPEL,53.227778,0.591111,0, ,0.0,0.0,0.0,0.0,0,0,0,0,0,0,0,0
TF,BODSO,53.052222,2.094722,0, ,0.0,0.0,0.0,0.0,0,0,0,0,0,0,0,0

SID,UPTO2A,20,5
CF,CNS01,53.461494,-1.011489,0,GAM,349.0,11.1,198.0,1.0,0,0,0,0,0,0,0,1
CA,0,198.0,2,560,0,0,0,0,0,0
CF,CNS02,53.428872,-1.038561,0,GAM,340.7,9.5,207.0,1.0,2,1300,0,1,190,0,0,0
TF,CNW06,53.406258,-1.134419,0, ,0.0,0.0,0.0,0.0,2,2900,0,1,200,0,0,0
TF,CNW07,53.463492,-1.186958,0, ,0.0,0.0,0.0,0.0,2,4500,0,1,200,0,0,0
TF,CNW08,53.523569,-1.242281,0, ,0.0,0.0,0.0,0.0,1,6000,0,1,250,0,0,0
TF,UPTON,53.586944,-1.300717,0, ,0.0,0.0,0.0,0.0,1,6000,0,1,250,0,0,0

SID,UPTO2A,DESIG,6
IF,UPTON,53.586944,-1.300717, ,0.0,0.0,1,6000,0,0,0,0,0,0
TF,DESIG,53.527222,-1.892778,0, ,0.0,0.0,0.0,0.0,0,0,0,0,0,0,0,0

SID,UPTO2A,HON,6
IF,UPTON,53.586944,-1.300717, ,0.0,0.0,1,6000,0,0,0,0,0,0
TF,BARTN,53.470556,-2.428056,0, ,0.0,0.0,0.0,0.0,0,0,0,0,0,0,0,0
TF,HON,52.356678,-1.663725,1, ,0.0,0.0,0.0,0.0,0,0,0,0,0,0,0,0

SID,UPTO2A,MONTY,6
IF,UPTON,53.586944,-1.300717, ,0.0,0.0,1,6000,0,0,0,0,0,0
TF,WAL,53.391936,-3.134461,0, ,0.0,0.0,0.0,0.0,0,0,0,0,0,0,0,0
TF,MONTY,52.892778,-3.173889,0, ,0.0,0.0,0.0,0.0,0,0,0,0,0,0,0,0

SID,UPTO2A,NOKIN,6
IF,UPTON,53.586944,-1.300717, ,0.0,0.0,1,6000,0,0,0,0,0,0
TF,BARTN,53.470556,-2.428056,0, ,0.0,0.0,0.0,0.0,0,0,0,0,0,0,0,0
TF,NOKIN,53.076667,-2.882778,0, ,0.0,0.0,0.0,0.0,0,0,0,0,0,0,0,0

SID,UPTO2A,POL,6
IF,UPTON,53.586944,-1.300717, ,0.0,0.0,1,6000,0,0,0,0,0,0
TF,POL,53.743767,-2.103328,0, ,0.0,0.0,0.0,0.0,0,0,0,0,0,0,0,0

SID,UPTO2A,WAL,6
IF,UPTON,53.586944,-1.300717, ,0.0,0.0,1,6000,0,0,0,0,0,0
TF,WAL,53.391936,-3.134461,0, ,0.0,0.0,0.0,0.0,0,0,0,0,0,0,0,0

SID,UPTO2B,20,5
CF,CNS01,53.461494,-1.011489,0,GAM,349.0,11.1,198.0,1.0,0,0,0,0,0,0,0,1
CA,0,198.0,2,560,0,0,0,0,0,0
CF,CNS04,53.403817,-1.060739,0,GAM,332.0,8.4,208.0,3.0,2,1500,0,1,185,0,0,0
TF,CNE03,53.368844,-0.912364,1, ,0.0,0.0,0.0,0.0,2,2500,0,1,185,0,0,0
TF,CNE04,53.634497,-0.805589,1, ,0.0,0.0,0.0,0.0,1,6000,0,1,220,0,0,0
TF,UPTON,53.586944,-1.300717,1, ,0.0,0.0,0.0,0.0,1,6000,0,1,250,0,0,0

SID,UPTO2B,DESIG,6
IF,UPTON,53.586944,-1.300717, ,0.0,0.0,1,6000,0,0,0,0,0,0
TF,DESIG,53.527222,-1.892778,0, ,0.0,0.0,0.0,0.0,0,0,0,0,0,0,0,0

SID,UPTO2B,HON,6
IF,UPTON,53.586944,-1.300717, ,0.0,0.0,1,6000,0,0,0,0,0,0
TF,BARTN,53.470556,-2.428056,0, ,0.0,0.0,0.0,0.0,0,0,0,0,0,0,0,0
TF,HON,52.356678,-1.663725,1, ,0.0,0.0,0.0,0.0,0,0,0,0,0,0,0,0

SID,UPTO2B,MONTY,6
IF,UPTON,53.586944,-1.300717, ,0.0,0.0,1,6000,0,0,0,0,0,0
TF,WAL,53.391936,-3.134461,0, ,0.0,0.0,0.0,0.0,0,0,0,0,0,0,0,0
TF,MONTY,52.892778,-3.173889,0, ,0.0,0.0,0.0,0.0,0,0,0,0,0,0,0,0

SID,UPTO2B,NOKIN,6
IF,UPTON,53.586944,-1.300717, ,0.0,0.0,1,6000,0,0,0,0,0,0
TF,BARTN,53.470556,-2.428056,0, ,0.0,0.0,0.0,0.0,0,0,0,0,0,0,0,0
TF,NOKIN,53.076667,-2.882778,0, ,0.0,0.0,0.0,0.0,0,0,0,0,0,0,0,0

SID,UPTO2B,POL,6
IF,UPTON,53.586944,-1.300717, ,0.0,0.0,1,6000,0,0,0,0,0,0
TF,POL,53.743767,-2.103328,0, ,0.0,0.0,0.0,0.0,0,0,0,0,0,0,0,0

SID,UPTO2B,WAL,6
IF,UPTON,53.586944,-1.300717, ,0.0,0.0,1,6000,0,0,0,0,0,0
TF,WAL,53.391936,-3.134461,0, ,0.0,0.0,0.0,0.0,0,0,0,0,0,0,0,0

SID,UPTO2C,02,5
CF,CNN01,53.488442,-0.997114,0,GAM,352.8,12.6,18.0,1.0,0,0,0,0,0,0,0,1
CA,0,18.0,2,560,0,0,0,0,0,0
CF,CNN02,53.524908,-0.991575,0,GAM,354.8,14.7,6.0,1.0,2,1500,0,1,185,0,0,0
TF,CNN05,53.609275,-1.071108,0, ,0.0,0.0,0.0,0.0,2,4500,0,1,210,0,0,0
TF,UPTON,53.586944,-1.300717,0, ,0.0,0.0,0.0,0.0,1,6000,0,1,250,0,0,0

SID,UPTO2C,DESIG,6
IF,UPTON,53.586944,-1.300717, ,0.0,0.0,1,6000,0,0,0,0,0,0
TF,DESIG,53.527222,-1.892778,0, ,0.0,0.0,0.0,0.0,0,0,0,0,0,0,0,0

SID,UPTO2C,HON,6
IF,UPTON,53.586944,-1.300717, ,0.0,0.0,1,6000,0,0,0,0,0,0
TF,BARTN,53.470556,-2.428056,0, ,0.0,0.0,0.0,0.0,0,0,0,0,0,0,0,0
TF,HON,52.356678,-1.663725,1, ,0.0,0.0,0.0,0.0,0,0,0,0,0,0,0,0

SID,UPTO2C,MONTY,6
IF,UPTON,53.586944,-1.300717, ,0.0,0.0,1,6000,0,0,0,0,0,0
TF,WAL,53.391936,-3.134461,0, ,0.0,0.0,0.0,0.0,0,0,0,0,0,0,0,0
TF,MONTY,52.892778,-3.173889,0, ,0.0,0.0,0.0,0.0,0,0,0,0,0,0,0,0

SID,UPTO2C,NOKIN,6
IF,UPTON,53.586944,-1.300717, ,0.0,0.0,1,6000,0,0,0,0,0,0
TF,BARTN,53.470556,-2.428056,0, ,0.0,0.0,0.0,0.0,0,0,0,0,0,0,0,0
TF,NOKIN,53.076667,-2.882778,0, ,0.0,0.0,0.0,0.0,0,0,0,0,0,0,0,0

SID,UPTO2C,POL,6
IF,UPTON,53.586944,-1.300717, ,0.0,0.0,1,6000,0,0,0,0,0,0
TF,POL,53.743767,-2.103328,0, ,0.0,0.0,0.0,0.0,0,0,0,0,0,0,0,0

SID,UPTO2C,WAL,6
IF,UPTON,53.586944,-1.300717, ,0.0,0.0,1,6000,0,0,0,0,0,0
TF,WAL,53.391936,-3.134461,0, ,0.0,0.0,0.0,0.0,0,0,0,0,0,0,0,0

STAR,CALD1D,ALL,5
IF,CALDA,53.774167,-2.643889, ,0.0,0.0,0,0,0,0,0,0,0,0
TF,DENBY,53.520278,-1.961111,0, ,0.0,0.0,0.0,0.0,0,0,0,1,250,0,0,0
TF,UNIGO,53.561111,-1.560833,0, ,0.0,0.0,0.0,0.0,1,11000,0,1,250,0,0,0
TF,UPTON,53.586944,-1.300717,0, ,0.0,0.0,0.0,0.0,0,0,0,1,250,0,0,0
TF,FNY,53.474822,-1.001728,0, ,0.0,0.0,0.0,0.0,4,11000,7000,1,250,0,0,0

STAR,EMBO1D,ALL,5
IF,EMBOR,52.963333,-1.295833, ,0.0,0.0,1,20000,0,0,0,0,0,0
TF,EVSON,53.357500,-1.663611,0, ,0.0,0.0,0.0,0.0,1,12000,0,1,250,0,0,0
TF,ADELU,53.441667,-1.536944,0, ,0.0,0.0,0.0,0.0,0,0,0,1,220,0,0,0
TF,MAMUL,53.418056,-1.280000,0, ,0.0,0.0,0.0,0.0,0,0,0,1,220,0,0,0
TF,FNY,53.474822,-1.001728,0, ,0.0,0.0,0.0,0.0,4,11000,7000,1,220,0,0,0

STAR,GASK1D,ALL,5
IF,GASKO,54.224722,-1.955833, ,0.0,0.0,1,17000,0,0,0,0,0,0
TF,CNW02,53.775783,-1.492311,0, ,0.0,0.0,0.0,0.0,0,0,0,1,250,0,0,0
TF,BATLI,53.645833,-1.360278,0, ,0.0,0.0,0.0,0.0,0,0,0,1,250,0,0,0
TF,UPTON,53.586944,-1.300717,0, ,0.0,0.0,0.0,0.0,1,11000,0,1,250,0,0,0
TF,FNY,53.474822,-1.001728,0, ,0.0,0.0,0.0,0.0,4,11000,7000,1,250,0,0,0

STAR,REXA1D,ALL,5
IF,REXAM,53.066667,-3.160278, ,0.0,0.0,0,0,0,0,0,0,0,0
TF,CNW03,53.414514,-2.531089,0, ,0.0,0.0,0.0,0.0,1,15000,0,1,250,0,0,0
TF,BARTN,53.470556,-2.428056,0, ,0.0,0.0,0.0,0.0,0,0,0,1,250,0,0,0
TF,UNIGO,53.561111,-1.560833,0, ,0.0,0.0,0.0,0.0,1,11000,0,1,250,0,0,0
TF,UPTON,53.586944,-1.300717,0, ,0.0,0.0,0.0,0.0,0,0,0,1,250,0,0,0
TF,FNY,53.474822,-1.001728,0, ,0.0,0.0,0.0,0.0,4,11000,7000,1,250,0,0,0

STAR,SETE1D,ALL,5
IF,SETEL,54.012500,-2.435833, ,0.0,0.0,0,0,0,0,0,0,0,0
TF,POL,53.743767,-2.103328,0, ,0.0,0.0,0.0,0.0,0,0,0,0,0,0,0,0
TF,DENBY,53.520278,-1.961111,0, ,0.0,0.0,0.0,0.0,0,0,0,1,250,0,0,0
TF,UNIGO,53.561111,-1.560833,0, ,0.0,0.0,0.0,0.0,1,11000,0,1,250,0,0,0
TF,UPTON,53.586944,-1.300717,0, ,0.0,0.0,0.0,0.0,0,0,0,1,250,0,0,0
TF,FNY,53.474822,-1.001728,0, ,0.0,0.0,0.0,0.0,4,11000,7000,1,250,0,0,0

STAR,TNT1D,ALL,5
IF,TNT,53.053953,-1.669969, ,0.0,0.0,0,0,0,1,250,0,0,0
TF,TIPIL,53.166667,-1.739722,0, ,0.0,0.0,0.0,0.0,0,0,0,1,250,0,0,0
TF,EVSON,53.357500,-1.663611,0, ,0.0,0.0,0.0,0.0,1,12000,0,1,250,0,0,0
TF,ADELU,53.441667,-1.536944,0, ,0.0,0.0,0.0,0.0,0,0,0,1,220,0,0,0
TF,MAMUL,53.418056,-1.280000,0, ,0.0,0.0,0.0,0.0,0,0,0,1,220,0,0,0
TF,FNY,53.474822,-1.001728,0, ,0.0,0.0,0.0,0.0,4,11000,7000,1,220,0,0,0

STAR,WAL1D,ALL,5
IF,WAL,53.391936,-3.134461, ,0.0,0.0,0,0,0,0,0,0,0,0
TF,CNW04,53.455672,-2.565300,0, ,0.0,0.0,0.0,0.0,1,15000,0,0,0,0,0,0
TF,BARTN,53.470556,-2.428056,0, ,0.0,0.0,0.0,0.0,0,0,0,0,0,0,0,0
TF,UNIGO,53.561111,-1.560833,0, ,0.0,0.0,0.0,0.0,1,11000,0,1,250,0,0,0
TF,UPTON,53.586944,-1.300717,0, ,0.0,0.0,0.0,0.0,0,0,0,1,250,0,0,0
TF,FNY,53.474822,-1.001728,0, ,0.0,0.0,0.0,0.0,4,11000,7000,1,250,0,0,0

APPTR,I02-Y,02,FNY
IF,FNY,53.474822,-1.001728, ,0.0,0.0,2,3500,0,0,0,0,1,0
FC,FNY,53.474822,-1.001728,0,OTR,0.0,0.0,176.0,11.0,2,2500,0,0,0,0,0,1
CF,CF02Y,53.300917,-1.096811,2,IFIN,198.7,11.9,19.0,1.0,2,2500,0,0,0,0,0,0

FINAL,I02-Y,02,I,3
IF,CF02Y,53.300917,-1.096811,IFIN,198.7,11.9,2,2500,0,0,0,0,0,0
CF,FF02Y,53.348500,-1.071592,0,IFIN,198.7,8.9,19.0,3.0,1,2500,0,0,0,0,2,0
CF,RW02,53.464197,-1.010047,0,IFIN,198.7,1.6,19.0,7.3,1,105,0,0,0,0,3,0
FA,RW02,53.464197,-1.010047,0,OTR,0.0,0.0,19.0,2,2500,0,0,0,0,0,0
DF,FNY,53.474822,-1.001728,2, ,0.0,0.0,1,2500,0,0,0,0,0,0

APPTR,I02-Z,02,FNY
IF,FNY,53.474822,-1.001728, ,0.0,0.0,2,3500,0,0,0,0,1,0
FC,FNY,53.474822,-1.001728,0,OTR,0.0,0.0,188.0,8.0,2,1500,0,0,0,0,0,1
CF,CF02Z,53.348503,-1.071594,2,IFIN,198.7,8.9,19.0,1.0,2,1500,0,0,0,0,0,0

FINAL,I02-Z,02,I,3
IF,CF02Z,53.348503,-1.071594,IFIN,198.7,8.9,2,1500,0,0,0,0,0,0
CF,FF02Z,53.396081,-1.046325,0,IFIN,198.7,5.9,19.0,3.0,1,1500,0,0,0,0,2,0
CF,RW02,53.464197,-1.010047,0,IFIN,198.7,1.6,19.0,4.3,1,105,0,0,0,0,3,0
FA,RW02,53.464197,-1.010047,0,OTR,0.0,0.0,19.0,2,2500,0,0,0,0,0,0
DF,FNY,53.474822,-1.001728,2, ,0.0,0.0,1,2500,0,0,0,0,0,0

APPTR,I20,20,FNY1
IF,FNY,53.474822,-1.001728, ,0.0,0.0,2,3500,0,0,0,0,1,0
FC,FNY,53.474822,-1.001728,0,OTR,0.0,0.0,42.0,11.3,2,2500,0,0,0,0,0,1
CF,CF20,53.654389,-0.908167,1,IFNL,18.7,12.2,199.0,1.0,2,2500,0,0,0,0,0,0

APPTR,I20,20,FNY2
IF,FNY,53.474822,-1.001728, ,0.0,0.0,2,3500,0,0,0,0,1,0
FC,FNY,53.474822,-1.001728,0,OTR,0.0,0.0,30.0,11.3,2,2500,0,0,0,0,0,1
CF,CF20,53.654389,-0.908167,1,IFNL,18.7,12.2,199.0,1.0,2,2500,0,0,0,0,0,0

FINAL,I20,20,I,3
IF,CF20,53.654389,-0.908167,IFNL,18.7,12.2,2,2500,0,0,0,0,0,0
CF,FF20,53.606836,-0.933728,0,IFNL,18.7,9.2,199.0,3.0,1,2500,0,0,0,0,2,0
CF,RW20,53.486369,-0.998217,0,IFNL,18.7,1.6,199.0,7.6,1,78,0,0,0,0,3,0
FA,RW20,53.486369,-0.998217,0,OTR,0.0,0.0,199.0,2,2500,0,0,0,0,0,0
DF,FNY,53.474822,-1.001728,1, ,0.0,0.0,1,2500,0,0,0,0,0,0

APPTR,L02-Y,02,FNY
IF,FNY,53.474822,-1.001728, ,0.0,0.0,2,3500,0,0,0,0,1,0
FC,FNY,53.474822,-1.001728,0,OTR,0.0,0.0,176.0,11.0,2,2500,0,0,0,0,0,1
CF,CF02Y,53.300917,-1.096811,2,IFIN,198.7,11.9,19.0,1.0,2,2500,0,0,0,0,0,0

FINAL,L02-Y,02,D,3
IF,CF02Y,53.300917,-1.096811,IFIN,198.7,11.9,2,2500,0,0,0,0,0,0
CF,FF02Y,53.348500,-1.071592,0,IFIN,198.7,8.9,19.0,3.0,2,2500,0,0,0,0,2,0
CF,ML02,53.448414,-1.018461,0,IFIN,198.7,2.6,19.0,6.3,1,434,0,0,0,0,3,0
FA,ML02,53.448414,-1.018461,0,OTR,0.0,0.0,19.0,2,2500,0,0,0,0,0,0
DF,FNY,53.474822,-1.001728,2, ,0.0,0.0,1,2500,0,0,0,0,0,0

APPTR,L02-Z,02,FNY
IF,FNY,53.474822,-1.001728, ,0.0,0.0,2,3500,0,0,0,0,1,0
FC,FNY,53.474822,-1.001728,0,OTR,0.0,0.0,188.0,8.0,2,1500,0,0,0,0,0,1
CF,CF02Z,53.348503,-1.071594,2,IFIN,198.7,8.9,19.0,1.0,2,1500,0,0,0,0,0,0

FINAL,L02-Z,02,D,3
IF,CF02Z,53.348503,-1.071594,IFIN,198.7,8.9,2,1500,0,0,0,0,0,0
CF,FF02Z,53.396081,-1.046325,0,IFIN,198.7,5.9,19.0,3.0,2,1500,0,0,0,0,2,0
CF,ML02,53.448414,-1.018461,0,IFIN,198.7,2.6,19.0,3.3,1,435,0,0,0,0,3,0
FA,ML02,53.448414,-1.018461,0,OTR,0.0,0.0,19.0,2,2500,0,0,0,0,0,0
DF,FNY,53.474822,-1.001728,2, ,0.0,0.0,1,2500,0,0,0,0,0,0

APPTR,L20,20,FNY1
IF,FNY,53.474822,-1.001728, ,0.0,0.0,2,3500,0,0,0,0,1,0
FC,FNY,53.474822,-1.001728,0,OTR,0.0,0.0,42.0,11.3,2,2500,0,0,0,0,0,1
CF,CF20,53.654389,-0.908167,1,IFNL,18.7,12.2,199.0,1.0,2,2500,0,0,0,0,0,0

APPTR,L20,20,FNY2
IF,FNY,53.474822,-1.001728, ,0.0,0.0,2,3500,0,0,0,0,1,0
FC,FNY,53.474822,-1.001728,0,OTR,0.0,0.0,30.0,11.3,2,2500,0,0,0,0,0,1
CF,CF20,53.654389,-0.908167,1,IFNL,18.7,12.2,199.0,1.0,2,2500,0,0,0,0,0,0

FINAL,L20,20,D,4
IF,CF20,53.654389,-0.908167,IFNL,18.7,12.2,2,2500,0,0,0,0,0,0
CF,FF20,53.606836,-0.933728,0,IFNL,18.7,9.2,199.0,3.0,2,2500,0,0,0,0,2,0
CF,20LOC,53.518056,-0.981292,0,IFNL,18.7,3.6,199.0,5.6,2,720,0,0,0,0,0,0
CF,ML20,53.502200,-0.989764,0,IFNL,18.7,2.6,199.0,1.0,1,400,0,0,0,0,3,0
FA,ML20,53.502200,-0.989764,0,OTR,0.0,0.0,199.0,2,2500,0,0,0,0,0,0
DF,FNY,53.474822,-1.001728,1, ,0.0,0.0,1,2500,0,0,0,0,0,0

APPTR,N02-Y,02,FNY
IF,FNY,53.474822,-1.001728, ,0.0,0.0,2,3500,0,0,0,0,1,0
FC,FNY,53.474822,-1.001728,0,GAM,0.0,0.0,175.0,11.0,2,2500,0,0,0,0,0,1
CF,FN02Y,53.348192,-1.070475,2,GAM,313.2,6.0,19.0,3.0,2,2500,0,0,0,0,0,0

FINAL,N02-Y,02,N,3
IF,FN02Y,53.348192,-1.070475,FNY,0.0,0.0,2,2500,0,0,0,0,2,0
CF,20DME,53.432089,-1.024972,0,FNY,0.0,0.0,19.0,5.3,2,760,0,0,0,0,0,0
CF,RW02,53.464197,-1.010047,0,FNY,0.0,0.0,19.0,2.0,1,105,0,0,0,0,3,0
CF,FNY,53.474822,-1.001728,0,GAM,351.4,11.8,19.0,0.7,2,460,0,0,0,0,0,0
FA,FNY,53.474822,-1.001728,0,GAM,0.0,0.0,19.0,2,2500,0,0,0,0,0,0
DF,FNY,53.474822,-1.001728,2, ,0.0,0.0,1,2500,0,0,0,0,0,0

APPTR,N02-Z,02,FNY
IF,FNY,53.474822,-1.001728, ,0.0,0.0,2,3500,0,0,0,0,1,0
FC,FNY,53.474822,-1.001728,0,GAM,0.0,0.0,184.0,8.0,2,1500,0,0,0,0,0,1
CF,FN02Z,53.395681,-1.044739,2,GAM,334.0,7.7,19.0,3.0,2,1500,0,0,0,0,0,0

FINAL,N02-Z,02,N,3
IF,FN02Z,53.395681,-1.044739,FNY,0.0,0.0,2,1500,0,0,0,0,2,0
CF,20DME,53.432089,-1.024972,0,FNY,0.0,0.0,19.0,2.3,2,750,0,0,0,0,0,0
CF,RW02,53.464197,-1.010047,0,FNY,0.0,0.0,19.0,2.0,1,105,0,0,0,0,3,0
CF,FNY,53.474822,-1.001728,0,GAM,351.4,11.8,19.0,0.7,2,460,0,0,0,0,0,0
FA,FNY,53.474822,-1.001728,0,GAM,0.0,0.0,19.0,2,2500,0,0,0,0,0,0
DF,FNY,53.474822,-1.001728,2, ,0.0,0.0,1,2500,0,0,0,0,0,0

APPTR,N20,20,FNY1
IF,FNY,53.474822,-1.001728, ,0.0,0.0,2,3500,0,0,0,0,1,0
FC,FNY,53.474822,-1.001728,0,OTR,0.0,0.0,42.0,11.3,2,2500,0,0,0,0,0,1
CF,FN20,53.607042,-0.933744,1,GAM,2.4,19.6,198.0,3.0,2,2500,0,0,0,0,0,0

APPTR,N20,20,FNY2
IF,FNY,53.474822,-1.001728, ,0.0,0.0,2,3500,0,0,0,0,1,0
FC,FNY,53.474822,-1.001728,0,OTR,0.0,0.0,30.0,11.3,2,2500,0,0,0,0,0,1
CF,FN20,53.607042,-0.933744,1,GAM,2.4,19.6,198.0,3.0,2,2500,0,0,0,0,0,0

FINAL,N20,20,N,2
IF,FN20,53.607042,-0.933744,FNY,0.0,0.0,2,2500,0,0,0,0,2,0
CF,RW20,53.486369,-0.998217,0,FNY,0.0,0.0,198.0,7.6,1,78,0,0,0,0,3,0
CF,FNY,53.474822,-1.001728,0,OTR,248.7,34.8,198.0,0.7,2,460,0,0,0,0,0,0
FA,FNY,53.474822,-1.001728,0,OTR,0.0,0.0,198.0,2,2500,0,0,0,0,0,0
DF,FNY,53.474822,-1.001728,1, ,0.0,0.0,1,2500,0,0,0,0,0,0

FINAL,R02,02,R,3
IF,NUVRU,53.300997,-1.096731, ,0.0,0.0,2,2500,0,0,0,0,1,0
TF,CN02F,53.348583,-1.071525,0, ,0.0,0.0,18.0,3.0,1,2500,0,0,0,0,2,0
TF,RW02,53.464197,-1.010047,0, ,0.0,0.0,18.0,7.3,1,105,0,0,0,0,3,1
CF,CNM01,53.602294,-0.936150,0,OTR,260.4,30.3,18.0,8.7,0,0,0,1,185,0,0,0
TF,CNM02,53.578008,-0.808758,0, ,0.0,0.0,0.0,0.0,0,0,0,1,185,0,0,0
TF,CNM03,53.519747,-0.840175,0, ,0.0,0.0,0.0,0.0,0,0,0,1,185,0,0,0
TF,FNY,53.474822,-1.001728,0, ,0.0,0.0,0.0,0.0,1,2500,0,0,0,0,0,0
HM,FNY,53.474822,-1.001728,1, ,0.0,0.0,198.0,04.3,0,0,0,0,0,0,0,0,0

FINAL,R20,20,R,3
IF,IBIPA,53.654564,-0.908044, ,0.0,0.0,2,2500,0,0,0,0,1,0
TF,CN20F,53.607014,-0.933614,0, ,0.0,0.0,198.0,3.0,1,2500,0,0,0,0,2,0
TF,RW20,53.486369,-0.998217,0, ,0.0,0.0,198.0,7.6,1,78,0,0,0,0,3,1
CF,CNM04,53.395897,-1.046408,0,OTR,243.1,38.3,198.0,5.7,0,0,0,1,185,0,0,0
TF,CNM05,53.371733,-0.919569,0, ,0.0,0.0,0.0,0.0,0,0,0,1,185,0,0,0
TF,CNM06,53.478136,-0.862556,0, ,0.0,0.0,0.0,0.0,0,0,0,1,185,0,0,0
TF,FNY,53.474822,-1.001728,0, ,0.0,0.0,0.0,0.0,1,2500,0,0,0,0,0,0
HM,FNY,53.474822,-1.001728,1, ,0.0,0.0,198.0,04.3,0,0,0,0,0,0,0,0,0

