APPTR,I29,29,CUL
IF,CUL,50.082486,-5.248622, ,0.0,0.0,2,3770,0,0,0,0,1,0
CF,D081H,50.107494,-5.047175,0,LND,97.1,22.8,81.0,7.9,2,1770,0,0,0,0,0,1
CF,CI29,50.032347,-5.059028,2,ICUL,114.8,8.8,295.0,1.0,2,1770,0,0,0,0,1,0

FINAL,I29,29,I,3
IF,CI29,50.032347,-5.059028,ICUL,114.8,8.8,2,1770,0,0,0,0,0,0
CF,FI29,50.051825,-5.130450,0,ICUL,114.8,5.8,295.0,3.0,1,1770,0,0,0,0,2,0
CF,RW29,50.082203,-5.242292,0,ICUL,114.8,1.1,295.0,4.7,1,290,0,0,0,0,3,0
CA,0,295.0,2,670,0,0,0,0,0,0
CF,D295H,50.137081,-5.444089,0,LND,92.6,7.4,295.0,8.0,2,2770,0,0,0,0,0,1
DF,CUL,50.082486,-5.248622,1, ,0.0,0.0,1,3770,0,0,0,0,0,0
HM,CUL,50.082486,-5.248622,1, ,0.0,0.0,78.0,04.3,2,3770,0,0,0,0,0,0,0

