SID,ALVI1B,12,2
CA,0,118.0,2,720,0,0,0,0,0,0
CF,D118E,51.357747,-3.221914,0,BCN,177.0,22.2,118.0,4.0,2,2600,0,0,0,0,0,1
CD, ,0,0,1,BCN,0,0.0,1.0,19.0,2,3500,0,0,0,0,0,0
CI,0, ,0.0,1.0,2,4500,0,0,0,0,0,0
CF,HON65,51.577942,-2.887392,0,HON,225.6,65.2,58.0,13.0,1,6000,0,0,0,0,0,0
TF,HON62,51.610636,-2.806761,0, ,0.0,0.0,0.0,0.0,0,0,0,0,0,0,0,0
TF,ALVIN,51.662500,-2.678333,0, ,0.0,0.0,0.0,0.0,0,0,0,0,0,0,0,0

SID,BCN1A,30,2
CF,D298D,51.430706,-3.450475,0,BCN,202.7,19.1,298.0,4.0,2,2300,0,0,0,0,0,1
CF,D211O,51.509117,-3.463100,2,BCN,211.0,15.0,31.0,2.0,2,3500,0,0,0,0,0,0
TF,D211K,51.566858,-3.409936,0, ,0.0,0.0,0.0,0.0,2,4500,0,0,0,0,0,0
TF,D211F,51.639003,-3.343289,0, ,0.0,0.0,0.0,0.0,1,6000,0,0,0,0,0,0
TF,BCN,51.725525,-3.263033,0, ,0.0,0.0,0.0,0.0,0,0,0,0,0,0,0,0

SID,BCN1B,12,2
CF,D118E,51.357747,-3.221914,0,BCN,177.0,22.2,118.0,4.0,2,2600,0,0,0,0,0,1
CF,D165S,51.429425,-3.127242,1,BCN,165.0,18.5,345.0,2.0,2,3500,0,0,0,0,0,0
TF,D165N,51.501464,-3.160108,0, ,0.0,0.0,0.0,0.0,2,4500,0,0,0,0,0,0
TF,D165F,51.629511,-3.218797,0, ,0.0,0.0,0.0,0.0,1,6000,0,0,0,0,0,0
TF,BCN,51.725525,-3.263033,0, ,0.0,0.0,0.0,0.0,0,0,0,0,0,0,0,0

SID,EXMO1A,30,2
CF,D298D,51.430706,-3.450475,0,BCN,202.7,19.1,298.0,4.0,2,2300,0,0,0,0,0,1
CF,BHD57,51.346950,-3.440861,1,BCN,197.4,23.7,129.0,3.0,2,3500,0,0,0,0,0,0
CI,0, ,0.0,129.0,0,0,0,0,0,0,0,0
CF,BHD52,51.254508,-3.350381,0,BCN,187.6,28.5,188.0,3.0,1,5000,0,0,0,0,0,0
TF,EXMOR,51.178611,-3.359722,0, ,0.0,0.0,0.0,0.0,0,0,0,0,0,0,0,0

SID,EXMO1B,12,2
CF,D118B,51.377297,-3.280653,0,BCN,182.8,20.9,118.0,2.0,2,1350,0,0,0,0,0,1
CF,BHD55,51.302753,-3.265261,2,BCN,181.2,25.4,219.0,2.0,2,3500,0,0,0,0,0,0
CF,BHD52,51.254508,-3.350381,0,BCN,187.6,28.5,219.0,4.0,1,5000,0,0,0,0,0,0
TF,EXMOR,51.178611,-3.359722,0, ,0.0,0.0,0.0,0.0,0,0,0,0,0,0,0,0

STAR,CDF1A,ALL,2
IF,RETSI,52.511667,-2.875833, ,0.0,0.0,0,0,0,0,0,0,0,0
TF,AMRAL,52.114722,-2.909167,0, ,0.0,0.0,0.0,0.0,1,16000,0,0,0,0,0,0
TF,RILES,51.948611,-2.922778,0, ,0.0,0.0,0.0,0.0,1,16000,0,0,0,0,0,0
TF,DOBEM,51.869722,-2.929167,0, ,0.0,0.0,0.0,0.0,0,0,0,0,0,0,0,0
TF,KUKIS,51.698889,-3.076944,0, ,0.0,0.0,0.0,0.0,0,0,0,1,250,0,0,0
TF,CDF,51.393378,-3.337908,0, ,0.0,0.0,0.0,0.0,0,0,0,0,0,0,0,0

STAR,CDF1B,ALL,2
IF,STU,51.994689,-5.040192, ,0.0,0.0,0,0,0,0,0,0,0,0
TF,STU30,51.880150,-4.259447,0, ,0.0,0.0,0.0,0.0,1,17000,0,0,0,0,0,0
TF,AMMAN,51.840556,-3.998333,0, ,0.0,0.0,0.0,0.0,0,0,0,0,0,0,0,0
TF,BCN,51.725525,-3.263033,0, ,0.0,0.0,0.0,0.0,0,0,0,1,250,0,0,0
TF,CDF,51.393378,-3.337908,0, ,0.0,0.0,0.0,0.0,0,0,0,0,0,0,0,0

STAR,CDF1C,ALL,2
IF,CPT,51.491572,-1.219692, ,0.0,0.0,1,26000,0,0,0,0,0,0
TF,ABDAL,51.446111,-1.863333,0, ,0.0,0.0,0.0,0.0,0,0,0,0,0,0,0,0
TF,BRI,51.381442,-2.717544,0, ,0.0,0.0,0.0,0.0,0,0,0,1,250,0,0,0
TF,CDF,51.393378,-3.337908,0, ,0.0,0.0,0.0,0.0,0,0,0,0,0,0,0,0

STAR,CDF1E,ALL,2
IF,TALGA,51.958333,-3.245556, ,0.0,0.0,0,0,0,0,0,0,0,0
TF,BCN,51.725525,-3.263033,0, ,0.0,0.0,0.0,0.0,0,0,0,1,250,0,0,0
TF,CDF,51.393378,-3.337908,0, ,0.0,0.0,0.0,0.0,0,0,0,0,0,0,0,0

STAR,CDF3D,ALL,2
IF,BHD,50.398606,-3.493739, ,0.0,0.0,0,0,0,0,0,0,0,0
TF,TINAN,50.666667,-3.448333,0, ,0.0,0.0,0.0,0.0,0,0,0,0,0,0,0,0
TF,TIVER,50.809167,-3.423889,0, ,0.0,0.0,0.0,0.0,0,0,0,0,0,0,0,0
TF,BCN40,51.063683,-3.379792,0, ,0.0,0.0,0.0,0.0,0,0,0,1,250,0,0,0
TF,EXMOR,51.178611,-3.359722,0, ,0.0,0.0,0.0,0.0,0,0,0,0,0,0,0,0
TF,CDF,51.393378,-3.337908,0, ,0.0,0.0,0.0,0.0,0,0,0,0,0,0,0,0

APPTR,I12,12,CDF1
IF,CDF,51.393378,-3.337908, ,0.0,0.0,2,3000,0,1,210,0,1,0
CF,D277E,51.403158,-3.488172,0,BCN,205.6,21.1,277.0,5.7,2,2500,0,0,0,0,0,0
CF,D277H,51.408256,-3.567686,0,BCN,213.0,22.2,277.0,3.0,2,2200,0,0,0,0,0,1
CF,CF12,51.460331,-3.546100,2,ICDF,297.8,9.2,118.0,1.0,2,2200,0,0,0,0,0,0

APPTR,I12,12,CDF2
IF,CDF,51.393378,-3.337908, ,0.0,0.0,2,3000,0,1,210,0,1,0
CF,D288E,51.419667,-3.485058,0,BCN,206.4,20.2,288.0,5.8,2,2500,0,0,0,0,0,0
CF,D288H,51.433311,-3.561903,0,BCN,214.6,20.8,288.0,3.0,2,2200,0,0,0,0,0,1
CF,CF12,51.460331,-3.546100,2,ICDF,297.8,9.2,118.0,1.0,2,2200,0,0,0,0,0,0

FINAL,I12,12,I,3
IF,CF12,51.460331,-3.546100,ICDF,297.8,9.2,2,2200,0,0,0,0,0,0
CF,FF12,51.445483,-3.498706,0,ICDF,297.8,7.3,118.0,2.0,1,2200,0,0,0,0,2,0
CF,RW12,51.400478,-3.355603,0,ICDF,297.8,1.2,118.0,6.0,1,255,0,0,0,0,3,0
CA,0,118.0,2,620,0,0,0,0,0,0
CF,D118D,51.362039,-3.234039,0,BCN,179.1,21.9,118.0,4.3,0,0,0,0,0,0,0,0
FA,D118D,51.362039,-3.234039,0,BCN,0.0,0.0,118.0,2,3000,0,0,0,0,0,0
DF,CDF,51.393378,-3.337908,1, ,0.0,0.0,1,3000,0,0,0,0,0,0

APPTR,I30-Y,30,CDF1
IF,CDF,51.393378,-3.337908, ,0.0,0.0,2,3000,0,0,0,0,1,0
CF,D132F,51.326325,-3.210494,0,BCN,177.3,24.1,132.0,6.3,2,1600,0,0,0,0,0,1
CF,CF30Y,51.347361,-3.187831,1,ICWA,117.8,7.3,298.0,1.0,2,1600,0,0,0,0,0,0

FINAL,I30-Y,30,I,3
IF,CF30Y,51.347361,-3.187831,ICWA,117.8,7.3,2,1600,0,0,0,0,0,0
CF,FF30Y,51.360911,-3.230514,0,ICWA,117.8,5.5,298.0,1.8,1,1600,0,0,0,0,2,0
CF,RW30,51.392453,-3.330178,0,ICWA,117.8,1.3,298.0,4.2,1,263,0,0,0,0,3,0
CF,D298B,51.415631,-3.402997,0,BCN,197.8,19.3,298.0,3.1,0,0,0,0,0,0,0,0
FA,D298B,51.415631,-3.402997,0,BCN,0.0,0.0,298.0,2,3000,0,0,0,0,0,0
DF,CDF,51.393378,-3.337908,2, ,0.0,0.0,1,3000,0,0,0,0,0,0

APPTR,I30-Z,30,CDF1
IF,CDF,51.393378,-3.337908, ,0.0,0.0,2,3000,0,1,185,0,1,0
CF,D134H,51.299833,-3.178075,0,BCN,174.9,25.8,134.0,8.2,2,2200,0,0,0,0,0,1
CF,CF30Z,51.332064,-3.139722,1,ICWA,117.8,9.3,298.0,1.0,2,2200,0,0,0,0,0,0

FINAL,I30-Z,30,I,3
IF,CF30Z,51.332064,-3.139722,ICWA,117.8,9.3,2,2200,0,0,0,0,0,0
CF,FF30Z,51.347136,-3.187119,0,ICWA,117.8,7.3,298.0,2.0,1,2200,0,0,0,0,2,0
CF,RW30,51.392453,-3.330178,0,ICWA,117.8,1.3,298.0,6.0,1,263,0,0,0,0,3,0
CA,0,298.0,2,620,0,0,0,0,0,0
CF,D298D,51.430706,-3.450475,0,BCN,203.7,19.1,298.0,4.3,0,0,0,1,185,0,0,0
FA,D298D,51.430706,-3.450475,0,BCN,0.0,0.0,298.0,2,3000,0,0,0,0,0,0
DF,CDF,51.393378,-3.337908,2, ,0.0,0.0,1,3000,0,0,0,0,0,0

APPTR,L12,12,CDF1
IF,CDF,51.393378,-3.337908, ,0.0,0.0,2,3000,0,1,210,0,1,0
CF,D277E,51.403158,-3.488172,0,BCN,205.6,21.1,277.0,5.7,2,2500,0,0,0,0,0,0
CF,D277H,51.408256,-3.567686,0,BCN,213.0,22.2,277.0,3.0,2,2200,0,0,0,0,0,1
CF,CF12,51.460331,-3.546100,2,ICDF,297.8,9.2,118.0,1.0,2,2200,0,0,0,0,0,0

APPTR,L12,12,CDF2
IF,CDF,51.393378,-3.337908, ,0.0,0.0,2,3000,0,1,210,0,1,0
CF,D288E,51.419667,-3.485058,0,BCN,206.4,20.2,288.0,5.8,2,2500,0,0,0,0,0,0
CF,D288H,51.433311,-3.561903,0,BCN,214.6,20.8,288.0,3.0,2,2200,0,0,0,0,0,1
CF,CF12,51.460331,-3.546100,2,ICDF,297.8,9.2,118.0,1.0,2,2200,0,0,0,0,0,0

FINAL,L12,12,D,4
IF,CF12,51.460331,-3.546100,ICDF,297.8,9.2,2,2200,0,0,0,0,0,0
CF,FF12,51.445483,-3.498706,0,ICDF,297.8,7.3,118.0,2.0,2,2200,0,0,0,0,2,0
CF,30LOC,51.423064,-3.427314,0,ICDF,297.8,4.3,118.0,3.0,2,1210,0,0,0,0,0,0
CF,ML12,51.404272,-3.367636,0,ICDF,297.8,1.7,118.0,2.5,1,417,0,0,0,0,3,0
CA,0,118.0,2,620,0,0,0,0,0,0
CF,D118D,51.362039,-3.234039,0,BCN,179.1,21.9,118.0,4.8,0,0,0,0,0,0,0,0
FA,D118D,51.362039,-3.234039,0,BCN,0.0,0.0,118.0,2,3000,0,0,0,0,0,0
DF,CDF,51.393378,-3.337908,1, ,0.0,0.0,1,3000,0,0,0,0,0,0

APPTR,L30-Y,30,CDF1
IF,CDF,51.393378,-3.337908, ,0.0,0.0,2,3000,0,0,0,0,1,0
CF,D132F,51.326325,-3.210494,0,BCN,177.3,24.1,132.0,6.3,2,1600,0,0,0,0,0,1
CF,CF30Y,51.347361,-3.187831,1,ICWA,117.8,7.3,298.0,1.0,2,1600,0,0,0,0,0,0

FINAL,L30-Y,30,D,3
IF,CF30Y,51.347361,-3.187831,ICWA,117.8,7.3,2,1600,0,0,0,0,0,0
CF,FF30Y,51.360911,-3.230514,0,ICWA,117.8,5.5,298.0,1.8,2,1600,0,0,0,0,2,0
CF,ML30,51.388558,-3.317856,0,ICWA,117.8,1.8,298.0,3.7,1,429,0,0,0,0,3,0
CF,D298B,51.415631,-3.402997,0,BCN,197.8,19.3,298.0,3.6,0,0,0,0,0,0,0,0
FA,D298B,51.415631,-3.402997,0,BCN,0.0,0.0,298.0,2,3000,0,0,0,0,0,0
DF,CDF,51.393378,-3.337908,2, ,0.0,0.0,1,3000,0,0,0,0,0,0

APPTR,L30-Z,30,CDF1
IF,CDF,51.393378,-3.337908, ,0.0,0.0,2,3000,0,1,185,0,1,0
CF,D134H,51.299833,-3.178075,0,BCN,174.9,25.8,134.0,8.2,2,2200,0,0,0,0,0,1
CF,CF30Z,51.332064,-3.139722,1,ICWA,117.8,9.3,298.0,1.0,2,2200,0,0,0,0,0,0

FINAL,L30-Z,30,D,3
IF,CF30Z,51.332064,-3.139722,ICWA,117.8,9.3,2,2200,0,0,0,0,0,0
CF,FF30Z,51.347136,-3.187119,0,ICWA,117.8,7.3,298.0,2.0,2,2200,0,0,0,0,2,0
CF,ML30,51.388558,-3.317856,0,ICWA,117.8,1.8,298.0,5.5,1,429,0,0,0,0,3,0
CF,D298D,51.430706,-3.450475,0,BCN,203.7,19.1,298.0,5.6,0,0,0,0,0,0,0,0
FA,D298D,51.430706,-3.450475,0,BCN,0.0,0.0,298.0,2,3000,0,0,0,0,0,0
DF,CDF,51.393378,-3.337908,2, ,0.0,0.0,1,3000,0,1,185,0,0,0

APPTR,N30-Y,30,CDF1
IF,CDF,51.393378,-3.337908, ,0.0,0.0,2,3000,0,0,0,0,1,0
CF,D132F,51.326325,-3.210494,0,BCN,177.3,24.1,132.0,6.3,2,1600,0,0,0,0,0,1
CF,FN30Y,51.360578,-3.230656,1,CDF,117.0,4.5,297.0,2.0,2,1600,0,0,0,0,0,0

FINAL,N30-Y,30,N,2
IF,FN30Y,51.360578,-3.230656,CDF,0.0,0.0,2,1600,0,0,0,0,2,0
CF,RW30,51.392453,-3.330178,0,CDF,0.0,0.0,297.0,4.2,1,263,0,0,0,0,3,0
CF,CDF,51.393378,-3.337908,0,BCN,190.0,20.2,297.0,0.3,0,0,0,0,0,0,0,1
CF,D297B,51.413450,-3.403783,0,BCN,197.8,19.5,297.0,2.8,0,0,0,0,0,0,0,0
FA,D297B,51.413450,-3.403783,0,BCN,0.0,0.0,297.0,2,3000,0,0,0,0,0,0
DF,CDF,51.393378,-3.337908,2, ,0.0,0.0,1,3000,0,0,0,0,0,0

APPTR,N30-Z,30,CDF1
IF,CDF,51.393378,-3.337908, ,0.0,0.0,2,3000,0,1,185,0,1,0
CF,D134H,51.299833,-3.178075,0,BCN,174.9,25.8,134.0,8.2,2,2200,0,0,0,0,0,1
CF,FN30Z,51.347383,-3.187639,1,CDF,117.0,6.3,297.0,2.0,2,2200,0,0,0,0,0,0

FINAL,N30-Z,30,N,2
IF,FN30Z,51.347383,-3.187639,CDF,0.0,0.0,2,2200,0,0,0,0,2,0
CF,RW30,51.392453,-3.330178,0,CDF,0.0,0.0,297.0,6.0,1,263,0,0,0,0,3,0
CF,CDF,51.393378,-3.337908,0,BCN,190.0,20.2,297.0,0.3,0,0,0,0,0,0,0,0
CF,D297D,51.428047,-3.451803,0,BCN,203.7,19.2,297.0,4.8,0,0,0,1,185,0,0,0
FA,D297D,51.428047,-3.451803,0,BCN,0.0,0.0,297.0,2,3000,0,0,0,0,0,0
DF,CDF,51.393378,-3.337908,2, ,0.0,0.0,1,3000,0,0,0,0,0,0

APPTR,R12,12,IVNIM
IF,IVNIM,51.526639,-3.543672, ,0.0,0.0,2,3200,0,1,210,0,1,0
TF,OGPUV,51.473031,-3.586681,0, ,0.0,0.0,0.0,0.0,2,2500,0,0,0,0,1,0

APPTR,R12,12,VABMU
IF,VABMU,51.419414,-3.629586, ,0.0,0.0,2,2700,0,1,210,0,1,0
TF,OGPUV,51.473031,-3.586681,0, ,0.0,0.0,0.0,0.0,2,2500,0,0,0,0,1,0

FINAL,R12,12,R,3
IF,OGPUV,51.473031,-3.586681, ,0.0,0.0,2,2500,0,0,0,0,1,0
TF,FF12F,51.446172,-3.500886,0, ,0.0,0.0,118.0,3.6,2,2200,0,0,0,0,2,0
TF,RW12,51.400478,-3.355603,0, ,0.0,0.0,118.0,6.1,1,255,0,0,0,0,3,1
TF,FFM01,51.338069,-3.158572,0, ,0.0,0.0,0.0,0.0,0,0,0,1,200,0,0,0
TF,FFM02,51.401908,-3.106744,0, ,0.0,0.0,0.0,0.0,0,0,0,1,200,0,0,0
TF,FFM03,51.435831,-3.213614,0, ,0.0,0.0,0.0,0.0,0,0,0,1,200,0,0,0
TF,CDF,51.393378,-3.337908,0, ,0.0,0.0,0.0,0.0,1,3000,0,1,200,0,0,0
HM,CDF,51.393378,-3.337908,1, ,0.0,0.0,298.0,04.3,0,0,0,0,0,0,0,0,0

APPTR,R30,30,AMRUR
IF,AMRUR,51.293006,-3.017258, ,0.0,0.0,2,3500,0,1,210,0,1,0
TF,LOLPI,51.327764,-3.126178,0, ,0.0,0.0,0.0,0.0,2,2000,0,0,0,0,1,0

APPTR,R30,30,ETPOB
IF,ETPOB,51.259453,-3.181511, ,0.0,0.0,2,2500,0,1,210,0,1,0
TF,LOLPI,51.327764,-3.126178,0, ,0.0,0.0,0.0,0.0,2,2000,0,0,0,0,1,0

APPTR,R30,30,IPTAT
IF,IPTAT,51.403794,-3.111381, ,0.0,0.0,2,2500,0,1,210,0,1,0
TF,LOLPI,51.327764,-3.126178,0, ,0.0,0.0,0.0,0.0,2,2000,0,0,0,0,1,0

FINAL,R30,30,R,3
IF,LOLPI,51.327764,-3.126178, ,0.0,0.0,2,2000,0,0,0,0,0,0
TF,FF30F,51.360917,-3.230514,0, ,0.0,0.0,298.0,4.4,2,1600,0,0,0,0,2,0
TF,RW30,51.392453,-3.330178,0, ,0.0,0.0,298.0,4.2,1,263,0,0,0,0,3,1
TF,FFM04,51.461286,-3.549119,0, ,0.0,0.0,0.0,0.0,0,0,0,1,200,0,0,0
TF,FFM05,51.525294,-3.497700,0, ,0.0,0.0,0.0,0.0,0,0,0,1,200,0,0,0
TF,FFM06,51.491631,-3.390414,0, ,0.0,0.0,0.0,0.0,0,0,0,1,200,0,0,0
TF,CDF,51.393378,-3.337908,0, ,0.0,0.0,0.0,0.0,1,3000,0,1,200,0,0,0
HM,CDF,51.393378,-3.337908,1, ,0.0,0.0,298.0,04.3,0,0,0,0,0,0,0,0,0

