SID,BADI1X,27,2
CA,0,268.0,2,1130,0,0,0,0,0,0
CF,D268E,51.378222,-2.854644,0,HON,218.5,73.6,268.0,4.0,2,3000,0,1,230,0,0,1
CI,2, ,0.0,88.0,1,6000,0,0,0,0,0,0
CF,HON60,51.544911,-2.605239,0,HON,217.0,60.0,37.0,8.0,0,0,0,0,0,0,0,0
TF,BADIM,51.643889,-2.511111,0, ,0.0,0.0,0.0,0.0,0,0,0,0,0,0,0,0

SID,BCN1X,27,2
CF,D268E,51.378222,-2.854644,0,BCN,144.6,25.9,268.0,5.0,2,3000,0,0,0,0,0,1
CF,D149T,51.442853,-2.980719,0,BCN,149.0,20.0,329.0,5.0,2,4500,0,0,0,0,0,0
TF,D149O,51.513583,-3.050969,0, ,0.0,0.0,0.0,0.0,1,6000,0,0,0,0,0,0
TF,D149J,51.584275,-3.121439,0, ,0.0,0.0,0.0,0.0,0,0,0,0,0,0,0,0
TF,BCN,51.725525,-3.263033,0, ,0.0,0.0,0.0,0.0,0,0,0,0,0,0,0,0

SID,BCN1Z,09,2
CF,D087E,51.388706,-2.580428,0,BCN,129.1,32.6,87.0,5.0,2,3000,0,0,0,0,0,1
CF,BCN30,51.451622,-2.592700,1,BCN,124.0,30.0,304.0,3.0,2,4500,0,0,0,0,0,0
TF,D124O,51.589053,-2.926858,0, ,0.0,0.0,0.0,0.0,1,6000,0,0,0,0,0,0
TF,D124J,51.634650,-3.038692,0, ,0.0,0.0,0.0,0.0,0,0,0,0,0,0,0,0
TF,BCN,51.725525,-3.263033,0, ,0.0,0.0,0.0,0.0,0,0,0,0,0,0,0,0

SID,EXMO1X,27,2
CF,D268E,51.378222,-2.854644,0,BCN,144.6,25.9,268.0,5.0,2,3000,0,0,0,0,0,1
CF,SOMOT,51.292500,-2.998056,0,BCN,160.0,27.9,224.0,7.0,2,3500,0,0,0,0,0,0
TF,D245P,51.264625,-3.087067,0, ,0.0,0.0,0.0,0.0,2,5500,0,0,0,0,0,0
TF,EXMOR,51.178611,-3.359722,0, ,0.0,0.0,0.0,0.0,1,6000,0,0,0,0,0,0

SID,EXMO1Z,09,2
CF,D087E,51.388706,-2.580428,0,BCN,129.1,32.6,87.0,5.0,2,3000,0,0,0,0,0,1
CF,SOMOT,51.292500,-2.998056,2,BCN,160.0,27.9,267.0,16.0,2,3500,0,0,0,0,0,0
TF,D245P,51.264625,-3.087067,0, ,0.0,0.0,0.0,0.0,2,5500,0,0,0,0,0,0
TF,EXMOR,51.178611,-3.359722,0, ,0.0,0.0,0.0,0.0,1,6000,0,0,0,0,0,0

SID,WOTA1Z,09,2
CF,D087E,51.388706,-2.580428,0,HON,211.7,67.4,87.0,4.0,2,3000,0,0,0,0,0,1
CF,HON63,51.445503,-2.502831,0,HON,211.0,63.0,31.0,4.0,1,6000,0,0,0,0,0,0
TF,HON58,51.518039,-2.437464,0, ,0.0,0.0,0.0,0.0,0,0,0,0,0,0,0,0
TF,WOTAN,51.623889,-2.335000,0, ,0.0,0.0,0.0,0.0,0,0,0,0,0,0,0,0

STAR,ADVE1A,09,5
IF,EXMOR,51.178611,-3.359722, ,0.0,0.0,2,6000,0,1,250,0,0,0
TF,ADVED,51.294444,-3.041050,0, ,0.0,0.0,0.0,0.0,2,3500,0,1,220,0,0,0

STAR,BAXU1A,27,5
IF,EXMOR,51.178611,-3.359722, ,0.0,0.0,2,6000,0,1,250,0,0,0
TF,ROTLU,51.308531,-2.784028,0, ,0.0,0.0,0.0,0.0,0,0,0,1,250,0,0,0
TF,BAXUN,51.326503,-2.439883,0, ,0.0,0.0,0.0,0.0,2,4000,0,1,210,0,0,0

STAR,BRI1A,ALL,2
IF,RETSI,52.511667,-2.875833, ,0.0,0.0,0,0,0,0,0,0,0,0
TF,AMRAL,52.114722,-2.909167,0, ,0.0,0.0,0.0,0.0,1,16000,0,0,0,0,0,0
TF,RILES,51.948611,-2.922778,0, ,0.0,0.0,0.0,0.0,1,16000,0,0,0,0,0,0
TF,DOBEM,51.869722,-2.929167,0, ,0.0,0.0,0.0,0.0,0,0,0,0,0,0,0,0
TF,INGUR,51.711667,-2.860278,0, ,0.0,0.0,0.0,0.0,0,0,0,1,250,0,0,0
TF,BRI,51.381442,-2.717544,0, ,0.0,0.0,0.0,0.0,0,0,0,0,0,0,0,0

STAR,BRI1B,ALL,2
IF,STU,51.994689,-5.040192, ,0.0,0.0,0,0,0,0,0,0,0,0
TF,STU30,51.880150,-4.259447,0, ,0.0,0.0,0.0,0.0,1,17000,0,0,0,0,0,0
TF,AMMAN,51.840556,-3.998333,0, ,0.0,0.0,0.0,0.0,0,0,0,0,0,0,0,0
TF,BCN,51.725525,-3.263033,0, ,0.0,0.0,0.0,0.0,0,0,0,0,0,0,0,0
TF,D136I,51.625153,-3.102636,0, ,0.0,0.0,0.0,0.0,0,0,0,1,250,0,0,0
TF,BRI,51.381442,-2.717544,0, ,0.0,0.0,0.0,0.0,0,0,0,0,0,0,0,0

STAR,BRI1C,ALL,2
IF,CPT,51.491572,-1.219692, ,0.0,0.0,1,22000,0,0,0,0,0,0
TF,POMAX,51.527222,-2.081111,0, ,0.0,0.0,0.0,0.0,0,0,0,1,250,0,0,0
TF,BRI,51.381442,-2.717544,0, ,0.0,0.0,0.0,0.0,0,0,0,0,0,0,0,0

STAR,BRI1E,ALL,2
IF,TALGA,51.958333,-3.245556, ,0.0,0.0,0,0,0,0,0,0,0,0
TF,BCN,51.725525,-3.263033,0, ,0.0,0.0,0.0,0.0,0,0,0,0,0,0,0,0
TF,D136I,51.625153,-3.102636,0, ,0.0,0.0,0.0,0.0,0,0,0,1,250,0,0,0
TF,BRI,51.381442,-2.717544,0, ,0.0,0.0,0.0,0.0,0,0,0,0,0,0,0,0

STAR,BRI2D,ALL,2
IF,BHD,50.398606,-3.493739, ,0.0,0.0,0,0,0,0,0,0,0,0
TF,TINAN,50.666667,-3.448333,0, ,0.0,0.0,0.0,0.0,0,0,0,0,0,0,0,0
TF,TIVER,50.809167,-3.423889,0, ,0.0,0.0,0.0,0.0,0,0,0,0,0,0,0,0
TF,EXMOR,51.178611,-3.359722,0, ,0.0,0.0,0.0,0.0,0,0,0,1,250,0,0,0
TF,BRI,51.381442,-2.717544,0, ,0.0,0.0,0.0,0.0,0,0,0,0,0,0,0,0

APPTR,I09,09,BRI1
IF,BRI,51.381442,-2.717544, ,0.0,0.0,2,3000,0,1,185,0,0,0
FC,BRI,51.381442,-2.717544,0,BCN,0.0,0.0,284.0,8.7,2,2500,0,0,0,0,0,1
CF,CF09,51.373628,-2.945847,1,IBON,267.5,9.2,87.0,1.0,2,2500,0,0,0,0,0,0

APPTR,I09,09,BRI2
IF,BRI,51.381442,-2.717544, ,0.0,0.0,2,3000,0,1,140,0,0,0
FC,BRI,51.381442,-2.717544,0,BCN,0.0,0.0,279.0,8.7,2,2500,0,0,0,0,0,1
CF,CF09,51.373628,-2.945847,1,IBON,267.5,9.2,87.0,1.0,2,2500,0,0,0,0,0,0

FINAL,I09,09,I,3
IF,CF09,51.373628,-2.945847,IBON,267.5,9.2,2,2500,0,0,0,0,0,0
CF,FF09,51.375997,-2.887456,0,IBON,267.5,7.0,87.0,2.2,1,2500,0,0,0,0,2,0
CF,RW09,51.382108,-2.733503,0,IBON,267.5,1.2,87.0,5.8,1,670,0,0,0,0,3,0
FA,RW09,51.382108,-2.733503,0,BCN,0.0,0.0,87.0,2,3000,0,0,0,0,0,0
VM,0,0,0,87.0,1,3000,0,0,0,0,0,0

APPTR,I27,27,BRI1
IF,BRI,51.381442,-2.717544, ,0.0,0.0,2,3000,0,1,185,0,0,0
FC,BRI,51.381442,-2.717544,0,BCN,0.0,0.0,103.0,8.4,2,2500,0,0,0,0,0,1
CF,CF27,51.391192,-2.494197,1,IBTS,87.4,9.1,268.0,1.0,2,2500,0,0,0,0,0,0

APPTR,I27,27,BRI2
IF,BRI,51.381442,-2.717544, ,0.0,0.0,2,3000,0,1,140,0,0,0
FC,BRI,51.381442,-2.717544,0,BCN,0.0,0.0,98.0,8.4,2,2500,0,0,0,0,0,1
CF,CF27,51.391192,-2.494197,1,IBTS,87.4,9.1,268.0,1.0,2,2500,0,0,0,0,0,0

FINAL,I27,27,I,3
IF,CF27,51.391192,-2.494197,IBTS,87.4,9.1,2,2500,0,0,0,0,0,0
CF,FF27,51.389019,-2.552628,0,IBTS,87.4,6.9,268.0,2.2,1,2500,0,0,0,0,2,0
CF,RW27,51.383158,-2.706528,0,IBTS,87.4,1.1,268.0,5.8,1,651,0,0,0,0,3,0
FA,RW27,51.383158,-2.706528,0,BCN,0.0,0.0,268.0,2,3000,0,0,0,0,0,0
VM,0,0,0,268.0,1,3000,0,0,0,0,0,0

APPTR,L09,09,BRI1
IF,BRI,51.381442,-2.717544, ,0.0,0.0,2,3000,0,1,185,0,0,0
FC,BRI,51.381442,-2.717544,0,BCN,0.0,0.0,284.0,8.7,2,2500,0,0,0,0,0,1
CF,CF09,51.373628,-2.945847,1,IBON,267.5,9.2,87.0,1.0,2,2500,0,0,0,0,0,0

APPTR,L09,09,BRI2
IF,BRI,51.381442,-2.717544, ,0.0,0.0,2,3000,0,1,140,0,0,0
FC,BRI,51.381442,-2.717544,0,BCN,0.0,0.0,279.0,8.7,2,2500,0,0,0,0,0,1
CF,CF09,51.373628,-2.945847,1,IBON,267.5,9.2,87.0,1.0,2,2500,0,0,0,0,0,0

FINAL,L09,09,D,3
IF,CF09,51.373628,-2.945847,IBON,267.5,9.2,2,2500,0,0,0,0,0,0
CF,FF09,51.375997,-2.887456,0,IBON,267.5,7.0,87.0,2.2,2,2500,0,0,0,0,2,0
CF,ML09,51.381589,-2.746758,0,IBON,267.5,1.7,87.0,5.3,1,829,0,0,0,0,3,0
FA,ML09,51.381589,-2.746758,0,BCN,0.0,0.0,87.0,2,3000,0,0,0,0,0,0
VM,0,0,0,87.0,1,3000,0,0,0,0,0,0

APPTR,L27,27,BRI1
IF,BRI,51.381442,-2.717544, ,0.0,0.0,2,3000,0,1,185,0,0,0
FC,BRI,51.381442,-2.717544,0,BCN,0.0,0.0,103.0,8.4,2,2500,0,0,0,0,0,1
CF,CF27,51.391192,-2.494197,1,IBTS,87.4,9.1,268.0,1.0,2,2500,0,0,0,0,0,0

APPTR,L27,27,BRI2
IF,BRI,51.381442,-2.717544, ,0.0,0.0,2,3000,0,1,140,0,0,0
FC,BRI,51.381442,-2.717544,0,BCN,0.0,0.0,98.0,8.4,2,2500,0,0,0,0,0,1
CF,CF27,51.391192,-2.494197,1,IBTS,87.4,9.1,268.0,1.0,2,2500,0,0,0,0,0,0

FINAL,L27,27,D,4
IF,CF27,51.391192,-2.494197,IBTS,87.4,9.1,2,2500,0,0,0,0,0,0
CF,FF27,51.389019,-2.552628,0,IBTS,87.4,6.9,268.0,2.2,2,2500,0,0,0,0,2,0
CF,17LOC,51.384894,-2.661508,0,IBTS,87.4,2.8,268.0,4.1,2,1130,0,0,0,0,0,0
CF,ML27,51.383667,-2.693372,0,IBTS,87.4,1.6,268.0,1.2,1,811,0,0,0,0,3,0
FA,ML27,51.383667,-2.693372,0,BCN,0.0,0.0,268.0,2,3000,0,0,0,0,0,0
VM,0,0,0,268.0,1,3000,0,0,0,0,0,0

APPTR,N09,09,BRI
IF,BRI,51.381442,-2.717544, ,0.0,0.0,2,3000,0,1,185,0,1,0
FC,BRI,51.381442,-2.717544,0,BCN,0.0,0.0,288.0,6.8,2,2500,0,0,0,0,0,1
CF,FN09,51.381317,-2.887794,1,BCN,147.7,25.0,91.0,2.0,2,2500,0,0,0,0,0,0

FINAL,N09,09,N,2
IF,FN09,51.381317,-2.887794,BRI,0.0,0.0,2,2500,0,0,0,0,2,0
CF,RW09,51.382108,-2.733503,0,BRI,0.0,0.0,91.0,5.8,1,670,0,0,0,0,3,0
CF,BRI,51.381442,-2.717544,0,BCN,137.1,29.1,91.0,0.6,2,1030,0,0,0,0,0,0
FA,BRI,51.381442,-2.717544,0,BCN,0.0,0.0,91.0,2,3000,0,0,0,0,0,0
VM,0,0,0,91.0,1,3000,0,0,0,0,0,0

APPTR,N27,27,BRI
IF,BRI,51.381442,-2.717544, ,0.0,0.0,2,3000,0,1,185,0,0,0
FC,BRI,51.381442,-2.717544,0,BCN,0.0,0.0,100.0,7.7,2,2500,0,0,0,0,0,1
CF,FN27,51.393964,-2.553006,1,BCN,128.6,33.2,264.0,2.0,2,2500,0,0,0,0,0,0

FINAL,N27,27,N,3
IF,FN27,51.393964,-2.553006,BRI,0.0,0.0,2,2500,0,0,0,0,2,0
CF,16LOC,51.385547,-2.663939,0,BRI,0.0,0.0,264.0,4.2,2,1170,0,0,0,0,0,0
CF,RW27,51.383158,-2.706528,0,BRI,0.0,0.0,264.0,1.6,1,651,0,0,0,0,3,0
CF,BRI,51.381442,-2.717544,0,BCN,137.1,29.1,264.0,0.4,2,1030,0,0,0,0,0,1
FA,BRI,51.381442,-2.717544,0,BCN,0.0,0.0,264.0,2,3000,0,0,0,0,0,0
VM,0,0,0,264.0,1,3000,0,0,0,0,0,0

APPTR,R09,09,ADVED
IF,ADVED,51.294444,-3.041050, ,0.0,0.0,2,3500,0,1,220,0,1,0
TF,EMPAS,51.371172,-3.005456,0, ,0.0,0.0,0.0,0.0,2,2500,0,1,220,0,1,0

FINAL,R09,09,R,3
IF,EMPAS,51.371172,-3.005456, ,0.0,0.0,2,2500,0,1,220,0,0,0
TF,GD09F,51.376053,-2.886025,0, ,0.0,0.0,87.0,4.5,2,2500,0,0,0,0,2,0
TF,RW09,51.382108,-2.733503,0, ,0.0,0.0,87.0,5.7,1,670,0,0,0,0,3,1
CA,0,87.0,2,3000,0,0,0,0,0,0
VM,0,0,0,87.0,1,3000,0,0,0,0,0,0

APPTR,R27,27,BAXUN
IF,BAXUN,51.326503,-2.439883, ,0.0,0.0,2,4000,0,1,210,0,1,0
TF,ELROV,51.392975,-2.446086,0, ,0.0,0.0,0.0,0.0,2,2500,0,1,210,0,1,0

FINAL,R27,27,R,3
IF,ELROV,51.392975,-2.446086, ,0.0,0.0,2,2500,0,1,210,0,0,0
TF,GD27F,51.389042,-2.552328,0, ,0.0,0.0,268.0,4.0,2,2500,0,0,0,0,2,0
TF,RW27,51.383158,-2.706528,0, ,0.0,0.0,268.0,5.8,1,651,0,0,0,0,3,1
CA,0,268.0,2,3000,0,0,0,0,0,0
VM,0,0,0,268.0,1,3000,0,0,0,0,0,0

