SID,BPK5K,09L,2
CF,D113B,51.477714,-0.429528,0,LON,113.4,1.5,90.0,2.0,2,590,0,0,0,0,0,1
CI,0, ,0.0,50.0,0,0,0,0,0,0,0,0
CF,D071J,51.543911,-0.215675,0,LON,71.0,10.0,71.0,6.0,2,3000,0,0,0,0,0,1
CF,D196J,51.588931,-0.175897,0,BPK,196.0,10.0,16.0,3.0,2,4000,0,0,0,0,0,0
TF,D196F,51.653256,-0.148292,0, ,0.0,0.0,0.0,0.0,1,6000,0,0,0,0,0,0
TF,BAPAG,51.718056,-0.123333,0, ,0.0,0.0,0.0,0.0,0,0,0,0,0,0,0,0
TF,BPK,51.749736,-0.106736,0, ,0.0,0.0,0.0,0.0,1,6000,0,0,0,0,0,0

SID,BPK6J,09R,2
CF,D132B,51.465031,-0.426883,0,LON,132.9,2.0,90.0,2.0,2,590,0,0,0,0,0,1
CI,0, ,0.0,50.0,0,0,0,0,0,0,0,0
CF,D071J,51.543911,-0.215675,0,LON,71.0,10.0,71.0,4.0,2,3000,0,0,0,0,0,1
CF,D196J,51.588931,-0.175897,0,BPK,196.0,10.0,16.0,3.0,2,4000,0,0,0,0,0,0
TF,D196F,51.653256,-0.148292,0, ,0.0,0.0,0.0,0.0,1,6000,0,0,0,0,0,0
TF,BAPAG,51.718056,-0.123333,0, ,0.0,0.0,0.0,0.0,0,0,0,0,0,0,0,0
TF,BPK,51.749736,-0.106736,0, ,0.0,0.0,0.0,0.0,1,6000,0,0,0,0,0,0

SID,BPK7F,27R,2
CA,0,270.0,2,590,0,0,0,0,0,0
CI,0, ,0.0,270.0,0,0,0,0,0,0,0,0
CF,D270D,51.485872,-0.573167,0,LON,269.9,4.0,298.0,2.0,0,0,0,0,0,0,0,0
TF,D280F,51.502297,-0.624669,0, ,0.0,0.0,0.0,0.0,0,0,0,0,0,0,0,1
DF,D305H,51.563906,-0.649225,0, ,0.0,0.0,2,4000,0,0,0,0,0,0
TF,D326G,51.592894,-0.585372,0, ,0.0,0.0,0.0,0.0,2,5000,0,0,0,0,0,0
TF,CHT,51.623144,-0.518575,0, ,0.0,0.0,0.0,0.0,1,6000,0,0,0,0,0,0
TF,BPK,51.749736,-0.106736,0, ,0.0,0.0,0.0,0.0,1,6000,0,0,0,0,0,0

SID,BPK7G,27L,2
CI,0, ,0.0,270.0,2,590,0,0,0,0,0,0
CF,D259C,51.476794,-0.544747,0,LON,258.9,3.0,298.0,2.0,0,0,0,0,0,0,0,0
TF,D280F,51.502297,-0.624669,0, ,0.0,0.0,0.0,0.0,0,0,0,0,0,0,0,1
DF,D305H,51.563906,-0.649225,0, ,0.0,0.0,2,4000,0,0,0,0,0,0
TF,D326G,51.592894,-0.585372,0, ,0.0,0.0,0.0,0.0,2,5000,0,0,0,0,0,0
TF,CHT,51.623144,-0.518575,0, ,0.0,0.0,0.0,0.0,1,6000,0,0,0,0,0,0
TF,BPK,51.749736,-0.106736,0, ,0.0,0.0,0.0,0.0,1,6000,0,0,0,0,0,0

SID,CPT3F,27R,2
CI,0, ,0.0,270.0,2,590,0,0,0,0,0,0
CF,D256G,51.456950,-0.646700,0,LON,256.0,7.0,256.0,5.0,0,0,0,0,0,0,0,1
CF,D261K,51.455411,-0.755242,0,LON,261.1,11.0,269.0,4.0,2,3000,0,0,0,0,0,0
TF,WOD,51.452783,-0.878800,0, ,0.0,0.0,0.0,0.0,2,4000,0,0,0,0,0,0
TF,D101H,51.467817,-1.009842,0, ,0.0,0.0,0.0,0.0,1,6000,0,0,0,0,0,0
TF,CPT,51.491572,-1.219692,0, ,0.0,0.0,0.0,0.0,1,6000,0,0,0,0,0,0

SID,CPT3G,27L,2
CI,0, ,0.0,270.0,2,590,0,0,0,0,0,0
CF,D256G,51.456950,-0.646700,0,LON,256.0,7.0,256.0,2.0,0,0,0,0,0,0,0,1
CF,D261K,51.455411,-0.755242,0,LON,261.1,11.0,269.0,4.0,2,3000,0,0,0,0,0,0
TF,WOD,51.452783,-0.878800,0, ,0.0,0.0,0.0,0.0,2,4000,0,0,0,0,0,0
TF,D101H,51.467817,-1.009842,0, ,0.0,0.0,0.0,0.0,1,6000,0,0,0,0,0,0
TF,CPT,51.491572,-1.219692,0, ,0.0,0.0,0.0,0.0,1,6000,0,0,0,0,0,0

SID,CPT4K,09L,2
CF,D113B,51.477714,-0.429528,0,LON,113.4,1.5,90.0,2.0,2,590,0,0,0,0,0,1
CF,D256K,51.438403,-0.748961,2,LON,255.6,11.0,281.0,12.0,2,3000,0,0,0,0,0,0
TF,WOD,51.452783,-0.878800,0, ,0.0,0.0,0.0,0.0,2,4000,0,0,0,0,0,0
TF,D101H,51.467817,-1.009842,0, ,0.0,0.0,0.0,0.0,1,6000,0,0,0,0,0,0
TF,CPT,51.491572,-1.219692,0, ,0.0,0.0,0.0,0.0,1,6000,0,0,0,0,0,0

SID,CPT5J,09R,2
CF,D132B,51.465031,-0.426883,0,LON,132.9,2.0,90.0,2.0,2,590,0,0,0,0,0,1
CF,D256K,51.438403,-0.748961,2,LON,255.6,11.0,281.0,12.0,2,3000,0,0,0,0,0,0
TF,WOD,51.452783,-0.878800,0, ,0.0,0.0,0.0,0.0,2,4000,0,0,0,0,0,0
TF,D101H,51.467817,-1.009842,0, ,0.0,0.0,0.0,0.0,1,6000,0,0,0,0,0,0
TF,CPT,51.491572,-1.219692,0, ,0.0,0.0,0.0,0.0,1,6000,0,0,0,0,0,0

SID,DET1J,09R,2
CF,D132B,51.465031,-0.426883,0,LON,132.9,2.0,90.0,2.0,2,590,0,0,0,0,0,1
CD, ,0,0,0,LON,0,0.0,121.0,4.0,0,0,0,0,0,0,0,0
CF,DE34A,51.428006,-0.284914,0,DET,283.0,34.0,103.0,4.0,0,0,0,0,0,0,0,0
TF,DE29C,51.410186,-0.154883,0, ,0.0,0.0,0.0,0.0,2,3000,0,0,0,0,0,0
TF,D283T,51.377750,0.078914,0, ,0.0,0.0,0.0,0.0,2,5000,0,0,0,0,0,0
TF,D283P,51.363183,0.182719,0, ,0.0,0.0,0.0,0.0,1,6000,0,0,0,0,0,0
TF,D283E,51.322653,0.467839,0, ,0.0,0.0,0.0,0.0,1,6000,0,0,0,0,0,0
TF,DET,51.304003,0.597275,0, ,0.0,0.0,0.0,0.0,1,6000,0,0,0,0,0,0

SID,DET1K,09L,2
CF,D113B,51.477714,-0.429528,0,LON,113.4,1.5,90.0,2.0,2,590,0,0,0,0,0,1
CD, ,0,0,0,LON,0,0.0,122.0,4.0,0,0,0,0,0,0,0,0
CF,DE34A,51.428006,-0.284914,0,DET,283.0,34.0,103.0,4.0,0,0,0,0,0,0,0,0
TF,DE29C,51.410186,-0.154883,0, ,0.0,0.0,0.0,0.0,2,3000,0,0,0,0,0,0
TF,D283T,51.377750,0.078914,0, ,0.0,0.0,0.0,0.0,2,5000,0,0,0,0,0,0
TF,D283P,51.363183,0.182719,0, ,0.0,0.0,0.0,0.0,1,6000,0,0,0,0,0,0
TF,D283E,51.322653,0.467839,0, ,0.0,0.0,0.0,0.0,1,6000,0,0,0,0,0,0
TF,DET,51.304003,0.597275,0, ,0.0,0.0,0.0,0.0,1,6000,0,0,0,0,0,0

SID,DET2F,27R,2
CF,D253B,51.477172,-0.517444,0,LON,253.4,2.0,270.0,2.0,2,590,0,0,0,0,0,1
CF,D163J,51.328544,-0.385819,1,LON,163.3,10.0,137.0,8.0,0,0,0,0,0,0,0,1
TF,EPM,51.319564,-0.371978,0, ,0.0,0.0,0.0,0.0,2,4000,0,0,0,0,0,0
TF,DET32,51.318078,-0.252381,0, ,0.0,0.0,0.0,0.0,2,5000,0,0,0,0,0,0
TF,DE29A,51.317022,-0.172703,0, ,0.0,0.0,0.0,0.0,1,6000,0,0,0,0,0,0
TF,D271E,51.306608,0.464550,0, ,0.0,0.0,0.0,0.0,1,6000,0,0,0,0,0,0
TF,DET,51.304003,0.597275,0, ,0.0,0.0,0.0,0.0,1,6000,0,0,0,0,0,0

SID,DET2G,27L,2
CF,D270A,51.464528,-0.509181,0,LON,230.6,2.1,270.0,1.0,2,590,0,0,0,0,0,1
CF,D163J,51.328544,-0.385819,1,LON,163.3,10.0,137.0,8.0,0,0,0,0,0,0,0,1
TF,EPM,51.319564,-0.371978,0, ,0.0,0.0,0.0,0.0,2,4000,0,0,0,0,0,0
TF,DET32,51.318078,-0.252381,0, ,0.0,0.0,0.0,0.0,2,5000,0,0,0,0,0,0
TF,DE29A,51.317022,-0.172703,0, ,0.0,0.0,0.0,0.0,1,6000,0,0,0,0,0,0
TF,D271E,51.306608,0.464550,0, ,0.0,0.0,0.0,0.0,1,6000,0,0,0,0,0,0
TF,DET,51.304003,0.597275,0, ,0.0,0.0,0.0,0.0,1,6000,0,0,0,0,0,0

SID,GASG2J,09R,2
CF,D132B,51.465031,-0.426883,0,LON,132.9,2.0,90.0,2.0,2,590,0,0,0,0,0,1
CF,D125E,51.440653,-0.356125,0,LON,125.0,5.0,125.0,3.0,0,0,0,0,0,0,0,1
CF,D042B,51.329783,-0.411622,2,OCK,42.0,2.0,222.0,5.0,2,4000,0,0,0,0,0,1
CF,D253A,51.298228,-0.482733,0,OCK,253.0,1.4,253.0,3.0,2,5000,0,0,0,0,0,0
TF,D253E,51.282111,-0.566489,0, ,0.0,0.0,0.0,0.0,1,6000,0,0,0,0,0,0
TF,GASGU,51.206667,-0.960000,0, ,0.0,0.0,0.0,0.0,1,6000,0,0,0,0,0,0

SID,GASG2K,09L,2
CF,D113B,51.477714,-0.429528,0,LON,113.4,1.5,90.0,2.0,2,590,0,0,0,0,0,1
CF,D125E,51.440653,-0.356125,0,LON,125.0,5.0,125.0,3.0,0,0,0,0,0,0,0,1
CF,D042B,51.329783,-0.411622,2,OCK,42.0,2.0,222.0,5.0,2,4000,0,0,0,0,0,1
CF,D253A,51.298228,-0.482733,0,OCK,253.0,1.4,253.0,3.0,2,5000,0,0,0,0,0,0
TF,D253E,51.282111,-0.566489,0, ,0.0,0.0,0.0,0.0,1,6000,0,0,0,0,0,0
TF,GASGU,51.206667,-0.960000,0, ,0.0,0.0,0.0,0.0,1,6000,0,0,0,0,0,0

SID,GOGS2F,27R,2
CI,0, ,0.0,270.0,2,590,0,0,0,0,0,0
CF,D256G,51.456950,-0.646700,0,LON,256.0,7.0,256.0,5.0,0,0,0,0,0,0,0,1
CF,D089I,51.454514,-0.708811,0,LON,258.9,9.3,269.0,2.0,2,3000,0,0,0,0,0,0
CF,D089M,51.453525,-0.808797,0,LON,262.2,13.0,269.0,4.0,2,4000,0,0,0,0,0,1
CF,SAM33,51.412222,-0.869522,0,SAM,34.0,32.8,214.0,3.0,2,5000,0,0,0,0,0,0
TF,SAM30,51.367728,-0.916331,0, ,0.0,0.0,0.0,0.0,1,6000,0,0,0,0,0,0
TF,GOGSI,51.290833,-1.000556,0, ,0.0,0.0,0.0,0.0,1,6000,0,0,0,0,0,0

SID,GOGS2G,27L,2
CI,0, ,0.0,270.0,2,590,0,0,0,0,0,0
CF,D256G,51.456950,-0.646700,0,LON,256.0,7.0,256.0,2.0,0,0,0,0,0,0,0,1
CF,D089I,51.454514,-0.708811,0,LON,258.9,9.3,269.0,2.0,2,3000,0,0,0,0,0,0
CF,D089M,51.453525,-0.808797,0,LON,262.2,13.0,269.0,4.0,2,4000,0,0,0,0,0,1
CF,SAM33,51.412222,-0.869522,0,SAM,34.0,32.8,214.0,3.0,2,5000,0,0,0,0,0,0
TF,SAM30,51.367728,-0.916331,0, ,0.0,0.0,0.0,0.0,1,6000,0,0,0,0,0,0
TF,GOGSI,51.290833,-1.000556,0, ,0.0,0.0,0.0,0.0,1,6000,0,0,0,0,0,0

SID,MAXI1F,27R,2
CI,0, ,0.0,270.0,2,590,0,0,0,0,0,0
CF,D256E,51.465633,-0.595250,0,LON,256.0,5.0,256.0,3.0,0,0,0,0,0,0,0,1
CF,D161H,51.395003,-0.608947,1,LON,225.0,7.7,161.0,3.0,2,3000,0,0,0,0,0,0
TF,D161I,51.351300,-0.584989,0, ,0.0,0.0,0.0,0.0,2,4000,0,0,0,0,0,0
TF,D161L,51.295181,-0.554297,0, ,0.0,0.0,0.0,0.0,0,0,0,0,0,0,0,0
TF,MAXIT,51.249722,-0.561944,0, ,0.0,0.0,0.0,0.0,1,6000,0,0,0,0,0,0

SID,MAXI1G,27L,2
CI,0, ,0.0,270.0,2,590,0,0,0,0,0,0
CF,D240F,51.440025,-0.592108,0,LON,240.0,5.5,240.0,3.0,0,0,0,0,0,0,0,1
CF,D161H,51.395003,-0.608947,0,LON,225.0,7.7,161.0,2.0,2,3000,0,0,0,0,0,0
TF,D161I,51.351300,-0.584989,0, ,0.0,0.0,0.0,0.0,2,4000,0,0,0,0,0,0
TF,D161L,51.295181,-0.554297,0, ,0.0,0.0,0.0,0.0,0,0,0,0,0,0,0,0
TF,MAXIT,51.249722,-0.561944,0, ,0.0,0.0,0.0,0.0,1,6000,0,0,0,0,0,0

SID,MAY2G,27L,2
CF,D270A,51.464528,-0.509181,0,LON,230.6,2.1,270.0,1.0,2,590,0,0,0,0,0,1
CF,D163J,51.328544,-0.385819,1,LON,163.3,10.0,137.0,7.0,0,0,0,0,0,0,0,1
TF,EPM,51.319564,-0.371978,0, ,0.0,0.0,0.0,0.0,1,5000,0,0,0,0,0,0
TF,MAY,51.017183,0.116122,0, ,0.0,0.0,0.0,0.0,1,5000,0,1,220,0,0,0

SID,MAY2J,09R,2
CF,D132B,51.465031,-0.426883,0,LON,132.9,2.0,90.0,2.0,2,590,0,0,0,0,0,1
CF,D125D,51.454642,-0.389225,0,LON,125.0,3.5,125.0,1.0,0,0,0,0,0,0,0,1
VI,0, ,0.0,162.0,0,0,0,0,0,0,0,0
CF,D027T,51.356156,-0.402803,0,MID,25.7,20.0,207.0,5.0,1,5000,0,0,0,0,0,1
CF,MAY,51.017183,0.116122,0,MAY,0.0,0.0,135.0,28.0,1,5000,0,1,220,0,0,0

SID,MAY2K,09L,2
CF,D113B,51.477714,-0.429528,0,LON,113.4,1.5,90.0,2.0,2,590,0,0,0,0,0,1
CF,D125D,51.454642,-0.389225,0,LON,125.0,3.5,125.0,1.0,0,0,0,0,0,0,0,1
VI,0, ,0.0,162.0,0,0,0,0,0,0,0,0
CF,D027T,51.356156,-0.402803,0,MID,25.7,20.0,207.0,5.0,1,5000,0,0,0,0,0,1
CF,MAY,51.017183,0.116122,0,MAY,0.0,0.0,135.0,28.0,1,5000,0,1,220,0,0,0

SID,MAY3F,27R,2
CF,D253B,51.477172,-0.517444,0,LON,253.4,2.0,270.0,2.0,2,590,0,0,0,0,0,1
CF,D163J,51.328544,-0.385819,1,LON,163.3,10.0,137.0,8.0,0,0,0,0,0,0,0,1
TF,EPM,51.319564,-0.371978,0, ,0.0,0.0,0.0,0.0,1,5000,0,0,0,0,0,0
TF,MAY,51.017183,0.116122,0, ,0.0,0.0,0.0,0.0,1,5000,0,1,220,0,0,0

SID,MODM1J,09R,2
CF,D132B,51.465031,-0.426883,0,LON,132.9,2.0,90.0,2.0,2,590,0,0,0,0,0,1
CF,D125D,51.454642,-0.389225,0,LON,125.0,3.5,125.0,1.0,0,0,0,0,0,0,0,1
VI,0, ,0.0,162.0,0,0,0,0,0,0,0,0
CF,D027R,51.323086,-0.415364,0,MID,27.0,18.0,207.0,6.0,2,4000,0,0,0,0,0,0
TF,D027O,51.278256,-0.450472,0, ,0.0,0.0,0.0,0.0,2,5000,0,0,0,0,0,0
TF,MODMI,51.233611,-0.486111,0, ,0.0,0.0,0.0,0.0,1,6000,0,0,0,0,0,0

SID,MODM1K,09L,2
CF,D113B,51.477714,-0.429528,0,LON,113.4,1.5,90.0,2.0,2,590,0,0,0,0,0,1
CF,D125D,51.454642,-0.389225,0,LON,125.0,3.5,125.0,2.0,0,0,0,0,0,0,0,1
VI,0, ,0.0,162.0,0,0,0,0,0,0,0,0
CF,D027R,51.323086,-0.415364,0,MID,27.0,18.0,207.0,6.0,2,4000,0,0,0,0,0,0
TF,D027O,51.278256,-0.450472,0, ,0.0,0.0,0.0,0.0,2,5000,0,0,0,0,0,0
TF,MODMI,51.233611,-0.486111,0, ,0.0,0.0,0.0,0.0,1,6000,0,0,0,0,0,0

SID,ULTI1J,09R,2
CF,D132B,51.465031,-0.426883,0,LON,132.9,2.0,90.0,2.0,2,590,0,0,0,0,0,1
CI,0, ,0.0,50.0,0,0,0,0,0,0,0,0
CF,D071J,51.543911,-0.215675,0,LON,71.0,10.0,71.0,4.0,2,3000,0,0,0,0,0,1
CF,D330T,51.617039,-0.237636,1,LON,48.6,11.6,330.0,3.0,2,5000,0,0,0,0,0,0
TF,ULTIB,51.660000,-0.278889,0, ,0.0,0.0,0.0,0.0,1,6000,0,0,0,0,0,0

SID,ULTI1K,09L,2
CF,D113B,51.477714,-0.429528,0,LON,113.4,1.5,90.0,2.0,2,590,0,0,0,0,0,1
CI,0, ,0.0,50.0,0,0,0,0,0,0,0,0
CF,D071J,51.543911,-0.215675,0,LON,71.0,10.0,71.0,6.0,2,3000,0,0,0,0,0,1
CF,D330T,51.617039,-0.237636,1,LON,48.6,11.6,330.0,3.0,2,5000,0,0,0,0,0,0
TF,ULTIB,51.660000,-0.278889,0, ,0.0,0.0,0.0,0.0,1,6000,0,0,0,0,0,0

SID,UMLA1F,27R,2
CA,0,270.0,2,590,0,0,0,0,0,0
CI,0, ,0.0,270.0,0,0,0,0,0,0,0,0
CF,D270D,51.485872,-0.573167,0,LON,269.9,4.0,298.0,2.0,0,0,0,0,0,0,0,0
TF,D282G,51.510222,-0.649561,0, ,0.0,0.0,0.0,0.0,0,0,0,0,0,0,0,0
TF,BUR,51.519011,-0.677192,0, ,0.0,0.0,0.0,0.0,2,3000,0,0,0,0,0,0
TF,D357D,51.583486,-0.684319,0, ,0.0,0.0,0.0,0.0,2,4000,0,0,0,0,0,0
TF,UMLAT,51.672222,-0.694167,0, ,0.0,0.0,0.0,0.0,1,6000,0,0,0,0,0,0

SID,UMLA1G,27L,2
CI,0, ,0.0,270.0,2,590,0,0,0,0,0,0
CF,D259C,51.476794,-0.544747,0,LON,258.9,3.0,298.0,2.0,0,0,0,0,0,0,0,0
TF,D282G,51.510222,-0.649561,0, ,0.0,0.0,0.0,0.0,0,0,0,0,0,0,0,0
TF,BUR,51.519011,-0.677192,0, ,0.0,0.0,0.0,0.0,2,3000,0,0,0,0,0,0
TF,D357D,51.583486,-0.684319,0, ,0.0,0.0,0.0,0.0,2,4000,0,0,0,0,0,0
TF,UMLAT,51.672222,-0.694167,0, ,0.0,0.0,0.0,0.0,1,6000,0,0,0,0,0,0

STAR,ALES1H,ALL,5
IF,ALESO,50.575622,1.225417, ,0.0,0.0,0,0,0,0,0,0,0,0
TF,ROTNO,50.857242,0.778111,0, ,0.0,0.0,0.0,0.0,0,0,0,0,0,0,0,0
TF,ETVAX,50.968608,0.598964,0, ,0.0,0.0,0.0,0.0,1,18000,0,0,0,0,0,0
TF,TIGER,51.067172,0.439317,0, ,0.0,0.0,0.0,0.0,0,0,0,0,0,0,0,0
TF,LLE01,51.187211,0.256022,0, ,0.0,0.0,0.0,0.0,0,0,0,1,250,0,0,0
TF,BIG,51.330875,0.034811,0, ,0.0,0.0,0.0,0.0,1,7000,0,1,220,0,0,0

STAR,BEDE1H,ALL,5
IF,BEDEK,51.370833,-1.558611, ,0.0,0.0,1,14000,0,0,0,0,0,0
TF,NIGIT,51.313044,-1.170753,0, ,0.0,0.0,0.0,0.0,0,0,0,0,0,0,0,0
TF,LLW03,51.309119,-0.765817,0, ,0.0,0.0,0.0,0.0,0,0,0,1,250,0,0,0
TF,OCK,51.305047,-0.447183,0, ,0.0,0.0,0.0,0.0,1,7000,0,1,220,0,0,0

STAR,BIG1Z,ALL,5
IF,BIG,51.330875,0.034811, ,0.0,0.0,0,0,0,1,250,0,0,0
TF,DORKI,51.275833,-0.264444,0, ,0.0,0.0,0.0,0.0,0,0,0,0,0,0,0,0
TF,OCK,51.305047,-0.447183,0, ,0.0,0.0,0.0,0.0,1,7000,0,1,220,0,0,0

STAR,BNN1B,ALL,2
IF,NUGRA,53.029444,-2.303889, ,0.0,0.0,0,0,0,0,0,0,0,0
TF,TOBID,52.216667,-1.466389,0, ,0.0,0.0,0.0,0.0,1,20000,0,0,0,0,0,0
TF,SOPIT,51.958289,-1.107319,0, ,0.0,0.0,0.0,0.0,1,15000,0,0,0,0,0,0
TF,WCO,51.852919,-0.962408,0, ,0.0,0.0,0.0,0.0,0,0,0,1,250,0,0,0
TF,BNN,51.726164,-0.549750,0, ,0.0,0.0,0.0,0.0,0,0,0,0,0,0,0,0

STAR,BNN1C,ALL,2
IF,DTY,52.180142,-1.113789, ,0.0,0.0,0,0,0,0,0,0,0,0
TF,WCO,51.852919,-0.962408,0, ,0.0,0.0,0.0,0.0,0,0,0,1,250,0,0,0
TF,BNN,51.726164,-0.549750,0, ,0.0,0.0,0.0,0.0,0,0,0,0,0,0,0,0

STAR,BNN1D,ALL,2
IF,KENET,51.520556,-1.455000, ,0.0,0.0,0,0,0,0,0,0,0,0
TF,D251L,51.658467,-0.852131,0, ,0.0,0.0,0.0,0.0,0,0,0,1,250,0,0,0
TF,BNN,51.726164,-0.549750,0, ,0.0,0.0,0.0,0.0,0,0,0,0,0,0,0,0

STAR,BNN1E,ALL,2
IF,LAM,51.646025,0.151703, ,0.0,0.0,0,0,0,0,0,0,0,0
TF,DONNA,51.700000,-0.743611,0, ,0.0,0.0,0.0,0.0,0,0,0,0,0,0,0,1
CF,BNN,51.726164,-0.549750,2,BNN,0.0,0.0,117.0,7.0,0,0,0,0,0,0,0,0

STAR,BNN4A,ALL,2
IF,HON,52.356678,-1.663725, ,0.0,0.0,0,0,0,0,0,0,0,0
TF,TOBID,52.216667,-1.466389,0, ,0.0,0.0,0.0,0.0,0,0,0,0,0,0,0,0
TF,SOPIT,51.958289,-1.107319,0, ,0.0,0.0,0.0,0.0,1,15000,0,0,0,0,0,0
TF,WCO,51.852919,-0.962408,0, ,0.0,0.0,0.0,0.0,0,0,0,1,250,0,0,0
TF,BNN,51.726164,-0.549750,0, ,0.0,0.0,0.0,0.0,0,0,0,0,0,0,0,0

STAR,BOVA1B,ALL,2
IF,NUGRA,53.029444,-2.303889, ,0.0,0.0,0,0,0,0,0,0,0,0
TF,TOBID,52.216667,-1.466389,0, ,0.0,0.0,0.0,0.0,1,20000,0,0,0,0,0,0
TF,SOPIT,51.958289,-1.107319,0, ,0.0,0.0,0.0,0.0,1,15000,0,0,0,0,0,0
TF,WCO,51.852919,-0.962408,0, ,0.0,0.0,0.0,0.0,0,0,0,0,0,0,0,0
TF,BOVVA,51.726111,-0.549722,0, ,0.0,0.0,0.0,0.0,0,0,0,0,0,0,0,0

STAR,BOVA1C,ALL,2
IF,DTY,52.180142,-1.113789, ,0.0,0.0,0,0,0,0,0,0,0,0
TF,WCO,51.852919,-0.962408,0, ,0.0,0.0,0.0,0.0,0,0,0,0,0,0,0,0
TF,BOVVA,51.726111,-0.549722,0, ,0.0,0.0,0.0,0.0,0,0,0,0,0,0,0,0

STAR,BOVA1D,ALL,2
IF,KENET,51.520556,-1.455000, ,0.0,0.0,0,0,0,0,0,0,0,0
TF,BOVVA,51.726111,-0.549722,0, ,0.0,0.0,0.0,0.0,0,0,0,0,0,0,0,0

STAR,BOVA1E,ALL,2
IF,LAM,51.646025,0.151703, ,0.0,0.0,0,0,0,0,0,0,0,0
TF,DONNA,51.700000,-0.743611,0, ,0.0,0.0,0.0,0.0,0,0,0,0,0,0,0,0
VI,2, ,0.0,93.0,0,0,0,0,0,0,0,0
CF,BOVVA,51.726111,-0.549722,0,LAM,280.7,26.6,138.0,4.0,0,0,0,0,0,0,0,0

STAR,BOVA4A,ALL,2
IF,HON,52.356678,-1.663725, ,0.0,0.0,0,0,0,0,0,0,0,0
TF,TOBID,52.216667,-1.466389,0, ,0.0,0.0,0.0,0.0,0,0,0,0,0,0,0,0
TF,SOPIT,51.958289,-1.107319,0, ,0.0,0.0,0.0,0.0,1,15000,0,0,0,0,0,0
TF,WCO,51.852919,-0.962408,0, ,0.0,0.0,0.0,0.0,0,0,0,0,0,0,0,0
TF,BOVVA,51.726111,-0.549722,0, ,0.0,0.0,0.0,0.0,0,0,0,0,0,0,0,0

STAR,FITB1H,ALL,5
IF,FITBO,52.219042,-2.403486, ,0.0,0.0,1,18000,0,0,0,0,0,0
TF,SOPIT,51.958289,-1.107319,0, ,0.0,0.0,0.0,0.0,1,15000,0,0,0,0,0,0
TF,WCO,51.852919,-0.962408,0, ,0.0,0.0,0.0,0.0,0,0,0,1,220,0,0,0
TF,BNN,51.726164,-0.549750,0, ,0.0,0.0,0.0,0.0,1,7000,0,1,220,0,0,0

STAR,HAZE1H,ALL,5
IF,HAZEL,51.005278,-0.984444, ,0.0,0.0,1,13000,0,0,0,0,0,0
TF,LLS01,51.172775,-0.685675,0, ,0.0,0.0,0.0,0.0,0,0,0,1,250,0,0,0
TF,OCK,51.305047,-0.447183,0, ,0.0,0.0,0.0,0.0,1,7000,0,1,220,0,0,0

STAR,LAM1X,ALL,5
IF,LAM,51.646025,0.151703, ,0.0,0.0,0,0,0,1,250,0,0,0
TF,HILLY,51.335011,0.243717,0, ,0.0,0.0,0.0,0.0,0,0,0,1,220,0,0,1
CF,BIG,51.330875,0.034811,2,BIG,0.0,0.0,303.0,7.0,1,7000,0,1,220,0,0,0

STAR,LAM1Y,ALL,5
IF,LAM,51.646025,0.151703, ,0.0,0.0,0,0,0,1,250,0,0,0
TF,DORKI,51.275833,-0.264444,0, ,0.0,0.0,0.0,0.0,0,0,0,0,0,0,0,0
TF,OCK,51.305047,-0.447183,0, ,0.0,0.0,0.0,0.0,1,7000,0,1,220,0,0,0

STAR,LOGA1H,ALL,2
IF,LOGAN,51.747589,1.611828, ,0.0,0.0,1,25000,0,0,0,0,0,0
TF,TRIPO,51.713056,1.082778,0, ,0.0,0.0,0.0,0.0,0,0,0,0,0,0,0,0
TF,SABER,51.703822,0.949497,0, ,0.0,0.0,0.0,0.0,1,16000,0,0,0,0,0,0
TF,BRASO,51.685278,0.683333,0, ,0.0,0.0,0.0,0.0,0,0,0,0,0,0,0,0
TF,D083L,51.669864,0.470564,0, ,0.0,0.0,0.0,0.0,0,0,0,1,250,0,0,0
TF,LAM,51.646025,0.151703,0, ,0.0,0.0,0.0,0.0,0,0,0,0,0,0,0,0

STAR,LOGA1Z,ALL,2
IF,LOGAN,51.747589,1.611828, ,0.0,0.0,1,25000,0,0,0,0,0,0
TF,TRIPO,51.713056,1.082778,0, ,0.0,0.0,0.0,0.0,0,0,0,0,0,0,0,0
TF,SABER,51.703822,0.949497,0, ,0.0,0.0,0.0,0.0,1,16000,0,0,0,0,0,0
TF,BRASO,51.685278,0.683333,0, ,0.0,0.0,0.0,0.0,0,0,0,0,0,0,0,0
TF,D083L,51.669864,0.470564,0, ,0.0,0.0,0.0,0.0,0,0,0,1,250,0,0,0
TF,TAWNY,51.646111,0.151667,0, ,0.0,0.0,0.0,0.0,0,0,0,0,0,0,0,0

STAR,OCK1Z,ALL,5
IF,OCK,51.305047,-0.447183, ,0.0,0.0,0,0,0,0,0,0,0,0
TF,DORKI,51.275833,-0.264444,0, ,0.0,0.0,0.0,0.0,0,0,0,1,250,0,0,0
TF,HILLY,51.335011,0.243717,0, ,0.0,0.0,0.0,0.0,0,0,0,1,220,0,0,1
CF,BIG,51.330875,0.034811,2,OCK,84.9,18.2,303.0,7.0,1,7000,0,1,220,0,0,0

STAR,OTME1H,ALL,5
IF,OTMET,50.681961,-2.514825, ,0.0,0.0,1,27000,0,0,0,0,0,0
TF,SOKDU,50.660894,-2.025850,0, ,0.0,0.0,0.0,0.0,0,0,0,0,0,0,0,0
TF,NEDUL,50.666111,-1.547739,0, ,0.0,0.0,0.0,0.0,1,21000,0,0,0,0,0,0
TF,BEGTO,50.762500,-1.235556,0, ,0.0,0.0,0.0,0.0,0,0,0,0,0,0,0,0
TF,HAZEL,51.005278,-0.984444,0, ,0.0,0.0,0.0,0.0,1,13000,0,0,0,0,0,0
TF,LLS01,51.172775,-0.685675,0, ,0.0,0.0,0.0,0.0,0,0,0,1,250,0,0,0
TF,OCK,51.305047,-0.447183,0, ,0.0,0.0,0.0,0.0,1,7000,0,1,220,0,0,0

STAR,ROXO1H,ALL,5
IF,ROXOG,50.266192,-1.562336, ,0.0,0.0,0,0,0,0,0,0,0,0
TF,AMTOD,50.537692,-1.429017,0, ,0.0,0.0,0.0,0.0,0,0,0,0,0,0,0,0
TF,BEGTO,50.762500,-1.235556,0, ,0.0,0.0,0.0,0.0,0,0,0,0,0,0,0,0
TF,HAZEL,51.005278,-0.984444,0, ,0.0,0.0,0.0,0.0,1,13000,0,0,0,0,0,0
TF,LLS01,51.172775,-0.685675,0, ,0.0,0.0,0.0,0.0,0,0,0,1,250,0,0,0
TF,OCK,51.305047,-0.447183,0, ,0.0,0.0,0.0,0.0,1,7000,0,1,220,0,0,0

STAR,TANE1Z,ALL,5
IF,TANET,51.449444,0.925553, ,0.0,0.0,0,0,0,0,0,0,0,0
TF,DET,51.304003,0.597275,0, ,0.0,0.0,0.0,0.0,0,0,0,0,0,0,0,0
TF,LLE02,51.316022,0.352742,0, ,0.0,0.0,0.0,0.0,0,0,0,1,250,0,0,0
TF,BIG,51.330875,0.034811,0, ,0.0,0.0,0.0,0.0,1,7000,0,1,220,0,0,0

STAR,TOBI1X,ALL,5
IF,TOBID,52.216667,-1.466389, ,0.0,0.0,0,0,0,0,0,0,0,0
TF,WOD,51.452783,-0.878800,0, ,0.0,0.0,0.0,0.0,0,0,0,0,0,0,0,0
TF,LLW02,51.401086,-0.726914,0, ,0.0,0.0,0.0,0.0,0,0,0,1,250,0,0,0
TF,OCK,51.305047,-0.447183,0, ,0.0,0.0,0.0,0.0,1,7000,0,1,220,0,0,0

APPTR,I09L,09L,BIG
FD,BIG,51.330875,0.034811,0,BIG,0.0,26.0,275.0,26.0,1,7000,0,1,220,0,1,0
CF,BIG29,51.370431,-0.733531,0,LON,236.1,12.2,275.0,3.0,2,6000,0,0,0,0,0,1
CF,GWC35,51.437058,-0.805519,0,LON,257.8,13.1,358.0,4.0,2,3500,0,0,0,0,0,1
CF,CI09L,51.476222,-0.751481,2,IAA,269.7,12.2,90.0,2.0,1,3000,0,0,0,0,0,0

APPTR,I09L,09L,BNN
IF,BNN,51.726164,-0.549750, ,0.0,0.0,2,7000,0,1,220,0,1,0
CF,D178E,51.643047,-0.542747,0,BNN,178.0,5.0,178.0,5.0,1,7000,0,0,0,0,0,1
CF,LAM30,51.599781,-0.647131,0,BNN,206.6,8.4,265.0,4.0,1,7000,0,0,0,0,0,0
TF,LA34A,51.593206,-0.753517,0, ,0.0,0.0,0.0,0.0,2,6000,0,0,0,0,0,1
CF,GW39B,51.503550,-0.811175,0,LON,275.5,13.0,178.0,6.0,2,3500,0,0,0,0,0,1
CF,CI09L,51.476222,-0.751481,1,IAA,269.7,12.2,90.0,2.0,1,3000,0,0,0,0,0,0

APPTR,I09L,09L,CHT
IF,CHT,51.623144,-0.518575, ,0.0,0.0,2,3000,0,1,220,0,1,0
CF,LA34B,51.612892,-0.756119,0,LAM,267.0,34.0,267.0,9.0,1,3000,0,0,0,0,0,1
CF,GW39A,51.504353,-0.774889,0,LON,276.2,11.6,180.0,6.5,0,0,0,0,0,0,0,1
CF,CI09L,51.476222,-0.751481,1,IAA,269.7,12.2,90.0,2.0,1,3000,0,0,0,0,0,0

APPTR,I09L,09L,EPM
IF,EPM,51.319564,-0.371978, ,0.0,0.0,1,3000,0,1,220,0,1,0
TF,D283O,51.366525,-0.749847,0, ,0.0,0.0,0.0,0.0,1,3000,0,1,180,0,0,1
CF,CI09L,51.476222,-0.751481,2,IAA,269.7,12.2,90.0,3.0,1,3000,0,0,0,0,0,0

APPTR,I09L,09L,LAM
IF,LAM,51.646025,0.151703, ,0.0,0.0,2,7000,0,1,220,0,1,0
TF,LAM30,51.599781,-0.647131,0, ,0.0,0.0,0.0,0.0,1,7000,0,0,0,0,0,0
TF,LA34A,51.593206,-0.753517,0, ,0.0,0.0,0.0,0.0,2,6000,0,0,0,0,0,1
CF,GW39B,51.503550,-0.811175,0,LON,275.5,13.0,178.0,6.0,2,3500,0,0,0,0,0,1
CF,CI09L,51.476222,-0.751481,1,IAA,269.7,12.2,90.0,2.0,1,3000,0,0,0,0,0,0

APPTR,I09L,09L,OCK
FD,OCK,51.305047,-0.447183,0,OCK,0.0,8.0,287.0,8.0,1,7000,0,1,220,0,1,0
CF,D287L,51.359706,-0.753892,0,OCK,287.0,12.0,287.0,4.0,2,6000,0,0,0,0,0,1
CF,GWC35,51.437058,-0.805519,0,LON,257.8,13.1,358.0,4.0,2,3500,0,0,0,0,0,1
CF,CI09L,51.476222,-0.751481,2,IAA,269.7,12.2,90.0,2.0,1,3000,0,0,0,0,0,0

FINAL,I09L,09L,I,3
IF,CI09L,51.476222,-0.751481,IAA,269.7,12.2,1,3000,0,0,0,0,0,0
CF,FF09L,51.476600,-0.684842,0,IAA,269.7,9.7,90.0,2.5,1,2500,0,0,0,0,2,0
CF,RW09L,51.477500,-0.484992,0,IAA,269.7,2.2,90.0,7.5,1,130,0,0,0,0,3,0
CA,0,90.0,2,1580,0,0,0,0,0,0
CA,0,37.0,2,3000,0,0,0,0,0,0

APPTR,I09R,09R,BIG
FD,BIG,51.330875,0.034811,0,BIG,0.0,26.0,275.0,26.0,1,7000,0,1,220,0,1,0
CF,BIG29,51.370431,-0.733531,0,BIG,275.0,29.0,275.0,3.0,2,6000,0,0,0,0,0,1
CF,GWC35,51.437058,-0.805519,0,LON,257.8,13.1,358.0,4.0,2,3500,0,0,0,0,0,1
CF,CI09R,51.463561,-0.748939,2,IBB,269.7,12.0,90.0,2.0,1,3000,0,0,0,0,0,0

APPTR,I09R,09R,BNN
IF,BNN,51.726164,-0.549750, ,0.0,0.0,2,7000,0,1,220,0,1,0
CF,D178E,51.643047,-0.542747,0,BNN,178.0,5.0,178.0,5.0,1,7000,0,0,0,0,0,1
CF,LAM30,51.599781,-0.647131,0,BNN,206.6,8.4,265.0,4.0,1,7000,0,0,0,0,0,0
TF,LA34A,51.593206,-0.753517,0, ,0.0,0.0,0.0,0.0,2,6000,0,0,0,0,0,1
CF,GW39B,51.503550,-0.811175,0,LON,275.5,13.0,178.0,6.0,2,3500,0,0,0,0,0,1
CF,CI09R,51.463561,-0.748939,1,IBB,269.7,12.0,90.0,2.0,1,3000,0,0,0,0,0,0

APPTR,I09R,09R,CHT
IF,CHT,51.623144,-0.518575, ,0.0,0.0,2,3000,0,1,220,0,1,0
CF,LA34B,51.612892,-0.756119,0,LAM,267.0,34.0,267.0,9.0,1,3000,0,0,0,0,0,1
CF,GW39A,51.504353,-0.774889,0,LON,276.2,11.6,180.0,6.5,0,0,0,0,0,0,0,1
CF,CI09R,51.463561,-0.748939,1,IBB,269.7,12.0,90.0,2.0,1,3000,0,0,0,0,0,0

APPTR,I09R,09R,EPM
IF,EPM,51.319564,-0.371978, ,0.0,0.0,1,3000,0,1,220,0,1,0
TF,D283O,51.366525,-0.749847,0, ,0.0,0.0,0.0,0.0,1,3000,0,1,180,0,0,1
CF,CI09R,51.463561,-0.748939,2,IBB,269.7,12.0,90.0,4.0,1,3000,0,0,0,0,0,0

APPTR,I09R,09R,LAM
IF,LAM,51.646025,0.151703, ,0.0,0.0,2,7000,0,1,220,0,1,0
TF,LAM30,51.599781,-0.647131,0, ,0.0,0.0,0.0,0.0,1,7000,0,0,0,0,0,0
TF,LA34A,51.593206,-0.753517,0, ,0.0,0.0,0.0,0.0,2,6000,0,0,0,0,0,1
CF,GW39B,51.503550,-0.811175,0,LON,275.5,13.0,178.0,6.0,2,3500,0,0,0,0,0,1
CF,CI09R,51.463561,-0.748939,1,IBB,269.7,12.0,90.0,2.0,1,3000,0,0,0,0,0,0

APPTR,I09R,09R,OCK
FD,OCK,51.305047,-0.447183,0,OCK,0.0,8.0,287.0,8.0,1,7000,0,1,220,0,1,0
CF,D287L,51.359706,-0.753892,0,OCK,287.0,12.0,287.0,4.0,2,6000,0,0,0,0,0,1
CF,GWC35,51.437058,-0.805519,0,LON,257.8,13.1,358.0,4.0,2,3500,0,0,0,0,0,1
CF,CI09R,51.463561,-0.748939,2,IBB,269.7,12.0,90.0,2.0,1,3000,0,0,0,0,0,0

FINAL,I09R,09R,I,3
IF,CI09R,51.463561,-0.748939,IBB,269.7,12.0,1,3000,0,0,0,0,0,0
CF,FF09R,51.463925,-0.682319,0,IBB,269.7,9.5,90.0,2.5,1,2500,0,0,0,0,2,0
CF,RW09R,51.464792,-0.482314,0,IBB,269.7,2.0,90.0,7.5,1,125,0,0,0,0,3,0
CA,0,90.0,2,3000,0,0,0,0,0,0

APPTR,I27L,27L,BIG
IF,BIG,51.330875,0.034811, ,0.0,0.0,0,0,0,1,220,0,1,0
CD, ,0,0,0,BIG,0,0.0,275.0,9.0,2,7000,0,1,180,0,0,1
CR,0,BIG,279.0,320.0,2,7000,0,0,0,0,0,0
CR,2,BIG,295.0,48.0,2,6000,0,0,0,0,0,0
CR,0,BIG,303.0,93.0,0,0,0,0,0,0,0,0
CD, ,0,0,1,BIG,0,0.0,360.0,9.0,2,3500,0,0,0,0,0,0
CF,ILL10,51.465578,-0.167408,0,LON,98.3,11.3,271.0,1.0,1,3000,0,0,0,0,0,0
CF,CI27L,51.465481,-0.167544,0,ILL,91.0,9.6,271.0,2.5,1,2500,0,0,0,0,0,0

APPTR,I27L,27L,BNN
FD,BNN,51.726164,-0.549750,0,BNN,0.0,11.0,127.0,11.0,1,7000,0,1,220,0,1,0
CF,D127O,51.578953,-0.225533,0,BNN,127.0,15.0,127.0,4.0,2,6000,0,0,0,0,0,0
CF,D127S,51.539544,-0.139431,0,BNN,127.0,19.0,127.0,4.0,0,0,0,1,180,0,0,0
CR,2,BNN,132.0,217.0,2,3500,0,0,0,0,0,0
CF,CI27L,51.465481,-0.167544,0,ILL,89.7,12.1,270.0,2.0,1,3000,0,0,0,0,0,0

APPTR,I27L,27L,CHT
IF,CHT,51.623144,-0.518575, ,0.0,0.0,2,3000,0,1,220,0,1,0
TF,D290O,51.540797,-0.137956,0, ,0.0,0.0,0.0,0.0,0,0,0,1,180,0,0,1
CF,CI27L,51.465481,-0.167544,2,ILL,89.7,12.1,270.0,2.0,1,3000,0,0,0,0,0,0

APPTR,I27L,27L,EPM
IF,EPM,51.319564,-0.371978, ,0.0,0.0,2,3000,0,1,220,0,1,0
TF,D074L,51.363053,-0.142033,0, ,0.0,0.0,0.0,0.0,0,0,0,0,0,0,0,1
CR,0,OCK,63.0,359.0,0,0,0,0,0,0,0,0
CI,0, ,0.0,359.0,0,0,0,0,0,0,0,0
CF,CI27L,51.465481,-0.167544,0,ILL,89.7,12.1,270.0,2.0,1,3000,0,0,0,0,0,0

APPTR,I27L,27L,LAM
FD,LAM,51.646025,0.151703,0,LAM,0.0,11.0,273.0,11.0,1,7000,0,1,220,0,1,0
DF,D127O,51.578953,-0.225533,1, ,0.0,0.0,2,6000,0,0,0,0,0,0
CF,D127S,51.539544,-0.139431,0,BNN,127.0,19.0,127.0,4.0,0,0,0,1,180,0,0,0
CR,2,BNN,132.0,217.0,2,3500,0,0,0,0,0,0
CF,CI27L,51.465481,-0.167544,0,ILL,89.7,12.1,270.0,2.0,1,3000,0,0,0,0,0,0

APPTR,I27L,27L,OCK
FD,OCK,51.305047,-0.447183,0,OCK,0.0,7.0,74.0,7.0,1,7000,0,1,220,0,1,0
CF,D074K,51.358250,-0.167492,0,OCK,74.0,11.0,74.0,4.0,2,6000,0,0,0,0,0,0
CF,D074L,51.363053,-0.142033,0,OCK,74.0,12.0,74.0,1.0,0,0,0,0,0,0,0,1
CR,0,OCK,63.0,359.0,2,3500,0,0,0,0,0,0
CI,0, ,0.0,359.0,0,0,0,0,0,0,0,0
CF,CI27L,51.465481,-0.167544,0,ILL,89.7,12.1,270.0,2.0,1,3000,0,0,0,0,0,0

FINAL,I27L,27L,I,3
IF,CI27L,51.465481,-0.167544,ILL,89.7,12.1,1,3000,0,0,0,0,0,0
CF,FI27L,51.465406,-0.234169,0,ILL,89.7,9.6,270.0,2.5,1,2500,0,0,0,0,2,0
CF,RW27L,51.464950,-0.434100,0,ILL,89.7,2.1,270.0,7.5,1,133,0,0,0,0,3,0
CA,0,270.0,2,1080,0,0,0,0,0,0
CD, ,0,0,1,LON,0,0.0,147.0,6.0,1,2000,0,0,0,0,0,0
CA,0,147.0,2,3000,0,0,0,0,0,0

APPTR,I27R,27R,BIG
IF,BIG,51.330875,0.034811, ,0.0,0.0,0,0,0,1,220,0,1,0
CD, ,0,0,0,BIG,0,0.0,275.0,9.0,2,7000,0,1,180,0,0,1
CR,0,BIG,279.0,320.0,2,7000,0,0,0,0,0,0
CR,2,BIG,295.0,48.0,2,6000,0,0,0,0,0,0
CR,0,BIG,303.0,93.0,0,0,0,0,0,0,0,0
CD, ,0,0,1,BIG,0,0.0,360.0,9.0,2,3500,0,0,0,0,0,0
CF,IRR10,51.478314,-0.166517,0,LON,94.4,11.3,271.0,1.0,1,3000,0,0,0,0,0,0
CF,CI27R,51.478222,-0.166797,0,IRR,91.0,9.8,271.0,2.5,1,2500,0,0,0,0,0,0

APPTR,I27R,27R,BNN
FD,BNN,51.726164,-0.549750,0,BNN,0.0,11.0,127.0,11.0,1,7000,0,1,220,0,1,0
CF,D127O,51.578953,-0.225533,0,BNN,127.0,15.0,127.0,4.0,2,6000,0,0,0,0,0,0
CF,D127S,51.539544,-0.139431,0,BNN,127.0,19.0,127.0,4.0,0,0,0,1,180,0,0,0
CR,2,BNN,132.0,217.0,2,3500,0,0,0,0,0,0
CF,CI27R,51.478222,-0.166797,0,IRR,89.7,12.3,270.0,2.0,1,3000,0,0,0,0,0,0

APPTR,I27R,27R,CHT
IF,CHT,51.623144,-0.518575, ,0.0,0.0,2,3000,0,1,220,0,1,0
TF,D290O,51.540797,-0.137956,0, ,0.0,0.0,0.0,0.0,0,0,0,1,180,0,0,1
CF,CI27R,51.478222,-0.166797,2,IRR,89.7,12.3,270.0,2.0,1,3000,0,0,0,0,0,0

APPTR,I27R,27R,EPM
IF,EPM,51.319564,-0.371978, ,0.0,0.0,2,3000,0,1,220,0,1,0
TF,D074L,51.363053,-0.142033,0, ,0.0,0.0,0.0,0.0,0,0,0,0,0,0,0,1
CR,0,OCK,63.0,359.0,0,0,0,0,0,0,0,0
CI,0, ,0.0,359.0,0,0,0,0,0,0,0,0
CF,CI27R,51.478222,-0.166797,0,IRR,89.7,12.3,270.0,2.0,1,3000,0,0,0,0,0,0

APPTR,I27R,27R,LAM
FD,LAM,51.646025,0.151703,0,LAM,0.0,11.0,273.0,11.0,1,7000,0,1,220,0,1,0
DF,D127O,51.578953,-0.225533,1, ,0.0,0.0,2,6000,0,0,0,0,0,0
CF,D127S,51.539544,-0.139431,0,BNN,127.0,19.0,127.0,4.0,0,0,0,1,180,0,0,0
CR,2,BNN,132.0,217.0,2,3500,0,0,0,0,0,0
CF,CI27R,51.478222,-0.166797,0,IRR,89.7,12.3,270.0,2.0,1,3000,0,0,0,0,0,0

APPTR,I27R,27R,OCK
FD,OCK,51.305047,-0.447183,0,OCK,0.0,7.0,74.0,7.0,1,7000,0,1,220,0,1,0
CF,D074K,51.358250,-0.167492,0,OCK,74.0,11.0,74.0,4.0,2,6000,0,0,0,0,0,0
CF,D074L,51.363053,-0.142033,0,OCK,74.0,12.0,74.0,1.0,0,0,0,0,0,0,0,1
CR,0,OCK,63.0,359.0,2,3500,0,0,0,0,0,0
CI,0, ,0.0,359.0,0,0,0,0,0,0,0,0
CF,CI27R,51.478222,-0.166797,0,IRR,89.7,12.3,270.0,2.0,1,3000,0,0,0,0,0,0

FINAL,I27R,27R,I,3
IF,CI27R,51.478222,-0.166797,IRR,89.7,12.3,1,3000,0,0,0,0,0,0
CF,FI27R,51.478142,-0.233442,0,IRR,89.7,9.8,270.0,2.5,1,2500,0,0,0,0,2,0
CF,RW27R,51.477675,-0.433283,0,IRR,89.7,2.3,270.0,7.5,1,136,0,0,0,0,3,0
CA,0,270.0,2,1580,0,0,0,0,0,0
CA,0,316.0,2,3000,0,0,0,0,0,0

APPTR,L09L,09L,BIG
FD,BIG,51.330875,0.034811,0,BIG,0.0,26.0,275.0,26.0,1,7000,0,1,220,0,1,0
CF,BIG29,51.370431,-0.733531,0,BIG,275.0,29.0,275.0,3.0,2,6000,0,0,0,0,0,1
CF,GWC35,51.437058,-0.805519,0,LON,257.8,13.1,358.0,4.0,2,3500,0,0,0,0,0,1
CF,CI09L,51.476222,-0.751481,2,IAA,269.7,12.2,90.0,2.0,1,3000,0,0,0,0,0,0

APPTR,L09L,09L,BNN
IF,BNN,51.726164,-0.549750, ,0.0,0.0,2,7000,0,1,220,0,1,0
CF,D178E,51.643047,-0.542747,0,BNN,178.0,5.0,178.0,5.0,1,7000,0,0,0,0,0,1
CF,LAM30,51.599781,-0.647131,0,BNN,206.6,8.4,265.0,4.0,1,7000,0,0,0,0,0,0
TF,LA34A,51.593206,-0.753517,0, ,0.0,0.0,0.0,0.0,2,6000,0,0,0,0,0,1
CF,GW39B,51.503550,-0.811175,0,LON,275.5,13.0,178.0,6.0,2,3500,0,0,0,0,0,1
CF,CI09L,51.476222,-0.751481,1,IAA,269.7,12.2,90.0,2.0,1,3000,0,0,0,0,0,0

APPTR,L09L,09L,CHT
IF,CHT,51.623144,-0.518575, ,0.0,0.0,2,3000,0,1,220,0,1,0
CF,LA34B,51.612892,-0.756119,0,LAM,267.0,34.0,267.0,9.0,1,3000,0,0,0,0,0,1
CF,GW39A,51.504353,-0.774889,0,LON,276.2,11.6,180.0,6.5,0,0,0,0,0,0,0,1
CF,CI09L,51.476222,-0.751481,1,IAA,269.7,12.2,90.0,2.0,1,3000,0,0,0,0,0,0

APPTR,L09L,09L,EPM
IF,EPM,51.319564,-0.371978, ,0.0,0.0,2,3000,0,1,220,0,1,0
TF,D283O,51.366525,-0.749847,0, ,0.0,0.0,0.0,0.0,1,3000,0,1,180,0,0,1
CF,CI09L,51.476222,-0.751481,2,IAA,269.7,12.2,90.0,3.0,1,3000,0,0,0,0,0,0

APPTR,L09L,09L,LAM
IF,LAM,51.646025,0.151703, ,0.0,0.0,2,7000,0,1,220,0,1,0
TF,LAM30,51.599781,-0.647131,0, ,0.0,0.0,0.0,0.0,1,7000,0,0,0,0,0,0
TF,LA34A,51.593206,-0.753517,0, ,0.0,0.0,0.0,0.0,2,6000,0,0,0,0,0,1
CF,GW39B,51.503550,-0.811175,0,LON,275.5,13.0,178.0,6.0,2,3500,0,0,0,0,0,1
CF,CI09L,51.476222,-0.751481,1,IAA,269.7,12.2,90.0,2.0,1,3000,0,0,0,0,0,0

APPTR,L09L,09L,OCK
FD,OCK,51.305047,-0.447183,0,OCK,0.0,8.0,287.0,8.0,1,7000,0,1,220,0,1,0
CF,D287L,51.359706,-0.753892,0,OCK,287.0,12.0,287.0,4.0,2,6000,0,0,0,0,0,1
CF,GWC35,51.437058,-0.805519,0,LON,257.8,13.1,358.0,4.0,2,3500,0,0,0,0,0,1
CF,CI09L,51.476222,-0.751481,2,IAA,269.7,12.2,90.0,2.0,1,3000,0,0,0,0,0,0

FINAL,L09L,09L,D,4
IF,CI09L,51.476222,-0.751481,IAA,269.7,12.2,1,3000,0,0,0,0,0,0
CF,FF09L,51.476600,-0.684842,0,IAA,269.7,9.7,90.0,2.5,1,2500,0,0,0,0,2,0
CF,40LOC,51.477061,-0.591700,0,IAA,269.7,6.2,90.0,3.5,2,1400,0,0,0,0,0,0
CF,ML09L,51.477450,-0.498400,0,IAA,269.7,2.7,90.0,3.5,1,293,0,0,0,0,3,0
CA,0,90.0,2,1580,0,0,0,0,0,0
CA,0,37.0,2,3000,0,0,0,0,0,0

APPTR,L09R,09R,BIG
FD,BIG,51.330875,0.034811,0,BIG,0.0,26.0,275.0,26.0,1,7000,0,1,220,0,1,0
CF,BIG29,51.370431,-0.733531,0,BIG,275.0,29.0,275.0,3.0,2,6000,0,0,0,0,0,1
CF,GWC35,51.437058,-0.805519,0,LON,257.8,13.1,358.0,4.0,2,3500,0,0,0,0,0,1
CF,CI09R,51.463561,-0.748939,2,IBB,269.7,12.0,90.0,2.0,1,3000,0,0,0,0,0,0

APPTR,L09R,09R,BNN
IF,BNN,51.726164,-0.549750, ,0.0,0.0,2,7000,0,1,220,0,1,0
CF,D178E,51.643047,-0.542747,0,BNN,178.0,5.0,178.0,5.0,1,7000,0,0,0,0,0,1
CF,LAM30,51.599781,-0.647131,0,BNN,206.6,8.4,265.0,4.0,1,7000,0,0,0,0,0,0
TF,LA34A,51.593206,-0.753517,0, ,0.0,0.0,0.0,0.0,2,6000,0,0,0,0,0,1
CF,GW39B,51.503550,-0.811175,0,LON,275.5,13.0,178.0,6.0,2,3500,0,0,0,0,0,1
CF,CI09R,51.463561,-0.748939,1,IBB,269.7,12.0,90.0,2.0,1,3000,0,0,0,0,0,0

APPTR,L09R,09R,CHT
IF,CHT,51.623144,-0.518575, ,0.0,0.0,2,3000,0,1,220,0,1,0
CF,LA34B,51.612892,-0.756119,0,LAM,267.0,34.0,267.0,9.0,1,3000,0,0,0,0,0,1
CF,GW39A,51.504353,-0.774889,0,LON,276.2,11.6,180.0,6.5,0,0,0,0,0,0,0,1
CF,CI09R,51.463561,-0.748939,1,IBB,269.7,12.0,90.0,2.0,1,3000,0,0,0,0,0,0

APPTR,L09R,09R,EPM
IF,EPM,51.319564,-0.371978, ,0.0,0.0,2,3000,0,1,220,0,1,0
TF,D283O,51.366525,-0.749847,0, ,0.0,0.0,0.0,0.0,1,3000,0,1,180,0,0,1
CF,CI09R,51.463561,-0.748939,2,IBB,269.7,12.0,90.0,4.0,1,3000,0,0,0,0,0,0

APPTR,L09R,09R,LAM
IF,LAM,51.646025,0.151703, ,0.0,0.0,2,7000,0,1,220,0,1,0
TF,LAM30,51.599781,-0.647131,0, ,0.0,0.0,0.0,0.0,1,7000,0,0,0,0,0,0
TF,LA34A,51.593206,-0.753517,0, ,0.0,0.0,0.0,0.0,2,6000,0,0,0,0,0,1
CF,GW39B,51.503550,-0.811175,0,LON,275.5,13.0,178.0,6.0,2,3500,0,0,0,0,0,1
CF,CI09R,51.463561,-0.748939,1,IBB,269.7,12.0,90.0,2.0,1,3000,0,0,0,0,0,0

APPTR,L09R,09R,OCK
FD,OCK,51.305047,-0.447183,0,OCK,0.0,8.0,287.0,8.0,1,7000,0,1,220,0,1,0
CF,D287L,51.359706,-0.753892,0,OCK,287.0,12.0,287.0,4.0,2,6000,0,0,0,0,0,1
CF,GWC35,51.437058,-0.805519,0,LON,257.8,13.1,358.0,4.0,2,3500,0,0,0,0,0,1
CF,CI09R,51.463561,-0.748939,2,IBB,269.7,12.0,90.0,2.0,1,3000,0,0,0,0,0,0

FINAL,L09R,09R,D,4
IF,CI09R,51.463561,-0.748939,IBB,269.7,12.0,1,3000,0,0,0,0,0,0
CF,FF09R,51.463925,-0.682319,0,IBB,269.7,9.5,90.0,2.5,1,2500,0,0,0,0,2,0
CF,40LO2,51.464367,-0.588925,0,IBB,269.7,6.0,90.0,3.5,2,1400,0,0,0,0,0,0
CF,ML09R,51.464742,-0.495653,0,IBB,269.7,2.5,90.0,3.5,1,285,0,0,0,0,3,0
CA,0,90.0,2,3000,0,0,0,0,0,0

APPTR,L27L,27L,BNN
FD,BNN,51.726164,-0.549750,0,BNN,0.0,11.0,127.0,11.0,1,7000,0,1,220,0,1,0
CF,D127O,51.578953,-0.225533,0,BNN,127.0,15.0,127.0,4.0,2,6000,0,0,0,0,0,0
CF,D127S,51.539544,-0.139431,0,BNN,127.0,19.0,127.0,4.0,0,0,0,1,180,0,0,0
CR,2,BNN,132.0,217.0,2,3500,0,0,0,0,0,0
CF,CI27L,51.465481,-0.167544,0,ILL,89.7,12.1,270.0,2.0,1,3000,0,0,0,0,0,0

APPTR,L27L,27L,CHT
IF,CHT,51.623144,-0.518575, ,0.0,0.0,2,3000,0,1,220,0,1,0
TF,D290O,51.540797,-0.137956,0, ,0.0,0.0,0.0,0.0,0,0,0,1,180,0,0,1
CF,CI27L,51.465481,-0.167544,2,ILL,89.7,12.1,270.0,2.0,1,3000,0,0,0,0,0,0

APPTR,L27L,27L,EPM
IF,EPM,51.319564,-0.371978, ,0.0,0.0,2,3000,0,1,220,0,1,0
TF,D074L,51.363053,-0.142033,0, ,0.0,0.0,0.0,0.0,0,0,0,0,0,0,0,1
CR,0,OCK,63.0,359.0,0,0,0,0,0,0,0,0
CI,0, ,0.0,359.0,0,0,0,0,0,0,0,0
CF,CI27L,51.465481,-0.167544,0,ILL,89.7,12.1,270.0,2.0,1,3000,0,0,0,0,0,0

APPTR,L27L,27L,LAM
FD,LAM,51.646025,0.151703,0,LAM,0.0,11.0,273.0,11.0,1,7000,0,1,220,0,1,0
DF,D127O,51.578953,-0.225533,1, ,0.0,0.0,2,6000,0,0,0,0,0,0
CF,D127S,51.539544,-0.139431,0,BNN,127.0,19.0,127.0,4.0,0,0,0,1,180,0,0,0
CR,2,BNN,132.0,217.0,2,3500,0,0,0,0,0,0
CF,CI27L,51.465481,-0.167544,0,ILL,89.7,12.1,270.0,2.0,1,3000,0,0,0,0,0,0

APPTR,L27L,27L,OCK
FD,OCK,51.305047,-0.447183,0,OCK,0.0,7.0,74.0,7.0,1,7000,0,1,220,0,1,0
CF,D074K,51.358250,-0.167492,0,OCK,74.0,11.0,74.0,4.0,2,6000,0,0,0,0,0,0
CF,D074L,51.363053,-0.142033,0,OCK,74.0,12.0,74.0,1.0,0,0,0,0,0,0,0,1
CR,0,OCK,63.0,359.0,2,3500,0,0,0,0,0,0
CI,0, ,0.0,359.0,0,0,0,0,0,0,0,0
CF,CI27L,51.465481,-0.167544,0,ILL,89.7,12.1,270.0,2.0,1,3000,0,0,0,0,0,0

FINAL,L27L,27L,D,4
IF,CI27L,51.465481,-0.167544,ILL,89.7,12.1,1,3000,0,0,0,0,0,0
CF,FI27L,51.465406,-0.234169,0,ILL,89.7,9.6,270.0,2.5,1,2500,0,0,0,0,2,0
CF,40LO3,51.465236,-0.327536,0,ILL,89.7,6.1,270.0,3.5,2,1410,0,0,0,0,0,0
CF,ML27L,51.464992,-0.420811,0,ILL,89.7,2.6,270.0,3.5,1,293,0,0,0,0,3,0
CA,0,270.0,2,1080,0,0,0,0,0,0
CD, ,0,0,1,LON,0,0.0,147.0,6.0,1,2000,0,0,0,0,0,0
CA,0,147.0,2,3000,0,0,0,0,0,0

APPTR,L27R,27R,BNN
FD,BNN,51.726164,-0.549750,0,BNN,0.0,11.0,127.0,11.0,1,7000,0,1,220,0,1,0
CF,D127O,51.578953,-0.225533,0,BNN,127.0,15.0,127.0,4.0,2,6000,0,0,0,0,0,0
CF,D127S,51.539544,-0.139431,0,BNN,127.0,19.0,127.0,4.0,0,0,0,1,180,0,0,0
CR,2,BNN,132.0,217.0,2,3500,0,0,0,0,0,0
CF,CI27R,51.478222,-0.166797,0,IRR,89.7,12.3,270.0,2.0,1,3000,0,0,0,0,0,0

APPTR,L27R,27R,CHT
IF,CHT,51.623144,-0.518575, ,0.0,0.0,2,3000,0,1,220,0,1,0
TF,D290O,51.540797,-0.137956,0, ,0.0,0.0,0.0,0.0,0,0,0,1,180,0,0,1
CF,CI27R,51.478222,-0.166797,2,IRR,89.7,12.3,270.0,2.0,1,3000,0,0,0,0,0,0

APPTR,L27R,27R,EPM
IF,EPM,51.319564,-0.371978, ,0.0,0.0,2,3000,0,1,220,0,1,0
TF,D074L,51.363053,-0.142033,0, ,0.0,0.0,0.0,0.0,0,0,0,0,0,0,0,1
CR,0,OCK,63.0,359.0,0,0,0,0,0,0,0,0
CI,0, ,0.0,359.0,0,0,0,0,0,0,0,0
CF,CI27R,51.478222,-0.166797,0,IRR,89.7,12.3,270.0,2.0,1,3000,0,0,0,0,0,0

APPTR,L27R,27R,LAM
FD,LAM,51.646025,0.151703,0,LAM,0.0,11.0,273.0,11.0,1,7000,0,1,220,0,1,0
DF,D127O,51.578953,-0.225533,1, ,0.0,0.0,2,6000,0,0,0,0,0,0
CF,D127S,51.539544,-0.139431,0,BNN,127.0,19.0,127.0,4.0,0,0,0,1,180,0,0,0
CR,2,BNN,132.0,217.0,2,3500,0,0,0,0,0,0
CF,CI27R,51.478222,-0.166797,0,IRR,89.7,12.3,270.0,2.0,1,3000,0,0,0,0,0,0

APPTR,L27R,27R,OCK
FD,OCK,51.305047,-0.447183,0,OCK,0.0,7.0,74.0,7.0,1,7000,0,1,220,0,1,0
CF,D074K,51.358250,-0.167492,0,OCK,74.0,11.0,74.0,4.0,2,6000,0,0,0,0,0,0
CF,D074L,51.363053,-0.142033,0,OCK,74.0,12.0,74.0,1.0,0,0,0,0,0,0,0,1
CR,0,OCK,63.0,359.0,2,3500,0,0,0,0,0,0
CI,0, ,0.0,359.0,0,0,0,0,0,0,0,0
CF,CI27R,51.478222,-0.166797,0,IRR,89.7,12.3,270.0,2.0,1,3000,0,0,0,0,0,0

FINAL,L27R,27R,D,4
IF,CI27R,51.478222,-0.166797,IRR,89.7,12.3,1,3000,0,0,0,0,0,0
CF,FI27R,51.478142,-0.233442,0,IRR,89.7,9.8,270.0,2.5,1,2500,0,0,0,0,2,0
CF,30LOC,51.477903,-0.353233,0,IRR,89.7,5.3,270.0,4.5,2,1090,0,0,0,0,0,0
CF,ML27R,51.477717,-0.419878,0,IRR,89.7,2.8,270.0,2.5,1,299,0,0,0,0,3,0
CA,0,270.0,2,1580,0,0,0,0,0,0
CA,0,316.0,2,3000,0,0,0,0,0,0

FINAL,R09LY,09L,R,3
IF,ABAVI,51.476236,-0.751575, ,0.0,0.0,2,3000,0,0,0,0,0,0
TF,L09LT,51.476681,-0.671061,0, ,0.0,0.0,90.0,3.0,2,2500,0,0,0,0,2,0
TF,RW09L,51.477500,-0.484992,0, ,0.0,0.0,90.0,7.0,1,129,0,0,0,0,3,1
CA,0,90.0,2,1580,0,0,0,0,0,0
VM,0,0,0,37.0,1,3000,0,0,0,0,0,0

FINAL,R09LZ,09L,R,3
IF,ABAVI,51.476236,-0.751575, ,0.0,0.0,2,3000,0,0,0,0,0,0
TF,L09LF,51.476617,-0.683519,0, ,0.0,0.0,90.0,2.6,2,2500,0,0,0,0,2,0
TF,RW09L,51.477500,-0.484992,0, ,0.0,0.0,90.0,7.4,1,129,0,0,0,0,3,1
CA,0,90.0,2,1580,0,0,0,0,0,0
VM,0,0,0,37.0,1,3000,0,0,0,0,0,0

FINAL,R09RY,09R,R,3
IF,BENPA,51.463544,-0.748822, ,0.0,0.0,2,3000,0,0,0,0,0,0
TF,L09RT,51.463983,-0.668647,0, ,0.0,0.0,90.0,3.0,2,2500,0,0,0,0,2,0
TF,RW09R,51.464792,-0.482314,0, ,0.0,0.0,90.0,7.0,1,125,0,0,0,0,3,1
CA,0,90.0,2,3000,0,0,0,0,0,0
VM,0,0,0,90.0,1,3000,0,0,0,0,0,0

FINAL,R09RZ,09R,R,3
IF,BENPA,51.463544,-0.748822, ,0.0,0.0,2,3000,0,0,0,0,0,0
TF,L09RF,51.463919,-0.681072,0, ,0.0,0.0,90.0,2.5,2,2500,0,0,0,0,2,0
TF,RW09R,51.464792,-0.482314,0, ,0.0,0.0,90.0,7.5,1,125,0,0,0,0,3,1
CA,0,90.0,2,3000,0,0,0,0,0,0
VM,0,0,0,90.0,1,3000,0,0,0,0,0,0

FINAL,R27LY,27L,R,3
IF,NEKSA,51.465478,-0.167192, ,0.0,0.0,2,3000,0,0,0,0,0,0
TF,L27LT,51.465389,-0.247917,0, ,0.0,0.0,270.0,3.0,2,2500,0,0,0,0,2,0
TF,RW27L,51.464950,-0.434100,0, ,0.0,0.0,270.0,7.0,1,127,0,0,0,0,3,1
CA,0,270.0,2,1080,0,0,0,0,0,0
CD, ,0,0,1,LON,0,0.0,148.0,6.0,1,2000,0,0,0,0,0,0
VM,0,0,0,148.0,1,3000,0,0,0,0,0,0

FINAL,R27LZ,27L,R,3
IF,NEKSA,51.465478,-0.167192, ,0.0,0.0,2,3000,0,0,0,0,0,0
TF,L27LF,51.465406,-0.235458,0, ,0.0,0.0,270.0,2.5,2,2500,0,0,0,0,2,0
TF,RW27L,51.464950,-0.434100,0, ,0.0,0.0,270.0,7.5,1,127,0,0,0,0,3,1
CA,0,270.0,2,1080,0,0,0,0,0,0
CD, ,0,0,1,LON,0,0.0,147.0,6.0,1,2000,0,0,0,0,0,0
VM,0,0,0,147.0,1,3000,0,0,0,0,0,0

FINAL,R27RY,27R,R,3
IF,IVLAR,51.478214,-0.166689, ,0.0,0.0,2,3000,0,0,0,0,0,0
TF,L27RT,51.478117,-0.247128,0, ,0.0,0.0,270.0,3.0,2,2500,0,0,0,0,2,0
TF,RW27R,51.477675,-0.433283,0, ,0.0,0.0,270.0,7.0,1,128,0,0,0,0,3,1
CA,0,270.0,2,1580,0,0,0,0,0,0
VM,0,0,0,317.0,1,3000,0,0,0,0,0,0

FINAL,R27RZ,27R,R,3
IF,IVLAR,51.478214,-0.166689, ,0.0,0.0,2,3000,0,0,0,0,0,0
TF,L27RF,51.478133,-0.234694,0, ,0.0,0.0,270.0,2.6,2,2500,0,0,0,0,2,0
TF,RW27R,51.477675,-0.433283,0, ,0.0,0.0,270.0,7.4,1,128,0,0,0,0,3,1
CA,0,270.0,2,1580,0,0,0,0,0,0
VM,0,0,0,316.0,1,3000,0,0,0,0,0,0

