APPTR,N01-A,01,CL1
IF,CL,54.940289,-2.805464, ,0.0,0.0,2,3000,0,1,185,0,1,0
FC,CL,54.940289,-2.805464,0,TLA,0.0,0.0,273.0,6.2,2,1700,0,0,0,0,0,1
CF,FU071,54.904408,-2.967189,1,TLA,161.5,38.1,71.0,1.0,2,1700,0,0,0,0,0,0

APPTR,N01-A,01,CL2
IF,CL,54.940289,-2.805464, ,0.0,0.0,2,3000,0,1,185,0,1,0
CF,D035C,54.983533,-2.756622,0,TLA,148.3,37.2,35.0,3.1,0,0,0,0,0,0,0,1
DF,CL,54.940289,-2.805464,2, ,0.0,0.0,2,3000,0,0,0,0,0,0
FC,CL,54.940289,-2.805464,0,TLA,0.0,0.0,273.0,6.2,2,1700,0,0,0,0,0,1
CF,FU071,54.904408,-2.967189,1,TLA,161.5,38.1,71.0,1.0,2,1700,0,0,0,0,0,0

APPTR,N01-A,01,CL3
IF,CL,54.940289,-2.805464, ,0.0,0.0,2,3000,0,1,140,0,1,0
FC,CL,54.940289,-2.805464,0,TLA,0.0,0.0,263.0,6.2,2,1700,0,0,0,0,0,1
CF,FU071,54.904408,-2.967189,1,TLA,161.5,38.1,71.0,1.0,2,1700,0,0,0,0,0,0

APPTR,N01-A,01,CL4
IF,CL,54.940289,-2.805464, ,0.0,0.0,2,3000,0,1,140,0,1,0
CF,D035B,54.972375,-2.769236,0,TLA,149.4,37.5,35.0,2.3,0,0,0,0,0,0,0,1
DF,CL,54.940289,-2.805464,2, ,0.0,0.0,2,3000,0,0,0,0,0,0
FC,CL,54.940289,-2.805464,0,TLA,0.0,0.0,263.0,6.2,2,1700,0,0,0,0,0,1
CF,FU071,54.904408,-2.967189,1,TLA,161.5,38.1,71.0,1.0,2,1700,0,0,0,0,0,0

FINAL,N01-A,01,N,2
IF,FU071,54.904408,-2.967189,CL,0.0,0.0,2,1700,0,0,0,0,2,0
CF,CL,54.940289,-2.805464,0,CL,0.0,0.0,71.0,6.0,1,1100,0,0,0,0,3,0
CA,0,71.0,2,1100,0,0,0,0,0,0
CA,1,261.0,2,3000,0,1,185,0,0,0
DF,CL,54.940289,-2.805464,1, ,0.0,0.0,1,3000,0,0,0,0,0,0

APPTR,N06-A,06,CL1
IF,CL,54.940289,-2.805464, ,0.0,0.0,2,3000,0,1,185,0,1,0
FC,CL,54.940289,-2.805464,0,TLA,0.0,0.0,273.0,6.2,2,1700,0,0,0,0,0,1
CF,FU071,54.904408,-2.967189,1,TLA,161.5,38.1,71.0,1.0,2,1700,0,0,0,0,0,0

APPTR,N06-A,06,CL2
IF,CL,54.940289,-2.805464, ,0.0,0.0,2,3000,0,1,185,0,1,0
CF,D035C,54.983533,-2.756622,0,TLA,148.3,37.2,35.0,3.1,0,0,0,0,0,0,0,1
DF,CL,54.940289,-2.805464,2, ,0.0,0.0,2,3000,0,0,0,0,0,0
FC,CL,54.940289,-2.805464,0,TLA,0.0,0.0,273.0,6.2,2,1700,0,0,0,0,0,1
CF,FU071,54.904408,-2.967189,1,TLA,161.5,38.1,71.0,1.0,2,1700,0,0,0,0,0,0

APPTR,N06-A,06,CL3
IF,CL,54.940289,-2.805464, ,0.0,0.0,2,3000,0,1,140,0,1,0
FC,CL,54.940289,-2.805464,0,TLA,0.0,0.0,263.0,6.2,2,1700,0,0,0,0,0,1
CF,FU071,54.904408,-2.967189,1,TLA,161.5,38.1,71.0,1.0,2,1700,0,0,0,0,0,0

APPTR,N06-A,06,CL4
IF,CL,54.940289,-2.805464, ,0.0,0.0,2,3000,0,1,140,0,1,0
CF,D035B,54.972375,-2.769236,0,TLA,149.4,37.5,35.0,2.3,0,0,0,0,0,0,0,1
DF,CL,54.940289,-2.805464,2, ,0.0,0.0,2,3000,0,0,0,0,0,0
FC,CL,54.940289,-2.805464,0,TLA,0.0,0.0,263.0,6.2,2,1700,0,0,0,0,0,1
CF,FU071,54.904408,-2.967189,1,TLA,161.5,38.1,71.0,1.0,2,1700,0,0,0,0,0,0

FINAL,N06-A,06,N,2
IF,FU071,54.904408,-2.967189,CL,0.0,0.0,2,1700,0,0,0,0,2,0
CF,CL,54.940289,-2.805464,0,CL,0.0,0.0,71.0,6.0,1,1100,0,0,0,0,3,0
CA,0,71.0,2,1100,0,0,0,0,0,0
CA,1,261.0,2,3000,0,1,185,0,0,0
DF,CL,54.940289,-2.805464,1, ,0.0,0.0,1,3000,0,0,0,0,0,0

APPTR,N19-A,19,CL1
IF,CL,54.940289,-2.805464, ,0.0,0.0,2,3000,0,1,185,0,1,0
FC,CL,54.940289,-2.805464,0,TLA,0.0,0.0,273.0,6.2,2,1700,0,0,0,0,0,1
CF,FU071,54.904408,-2.967189,1,TLA,161.5,38.1,71.0,1.0,2,1700,0,0,0,0,0,0

APPTR,N19-A,19,CL2
IF,CL,54.940289,-2.805464, ,0.0,0.0,2,3000,0,1,185,0,1,0
CF,D035C,54.983533,-2.756622,0,TLA,148.3,37.2,35.0,3.1,0,0,0,0,0,0,0,1
DF,CL,54.940289,-2.805464,2, ,0.0,0.0,2,3000,0,0,0,0,0,0
FC,CL,54.940289,-2.805464,0,TLA,0.0,0.0,273.0,6.2,2,1700,0,0,0,0,0,1
CF,FU071,54.904408,-2.967189,1,TLA,161.5,38.1,71.0,1.0,2,1700,0,0,0,0,0,0

APPTR,N19-A,19,CL3
IF,CL,54.940289,-2.805464, ,0.0,0.0,2,3000,0,1,140,0,1,0
FC,CL,54.940289,-2.805464,0,TLA,0.0,0.0,263.0,6.2,2,1700,0,0,0,0,0,1
CF,FU071,54.904408,-2.967189,1,TLA,161.5,38.1,71.0,1.0,2,1700,0,0,0,0,0,0

APPTR,N19-A,19,CL4
IF,CL,54.940289,-2.805464, ,0.0,0.0,2,3000,0,1,140,0,1,0
CF,D035B,54.972375,-2.769236,0,TLA,149.4,37.5,35.0,2.3,0,0,0,0,0,0,0,1
DF,CL,54.940289,-2.805464,2, ,0.0,0.0,2,3000,0,0,0,0,0,0
FC,CL,54.940289,-2.805464,0,TLA,0.0,0.0,263.0,6.2,2,1700,0,0,0,0,0,1
CF,FU071,54.904408,-2.967189,1,TLA,161.5,38.1,71.0,1.0,2,1700,0,0,0,0,0,0

FINAL,N19-A,19,N,2
IF,FU071,54.904408,-2.967189,CL,0.0,0.0,2,1700,0,0,0,0,2,0
CF,CL,54.940289,-2.805464,0,CL,0.0,0.0,71.0,6.0,1,1100,0,0,0,0,3,0
CA,0,71.0,2,1100,0,0,0,0,0,0
CA,1,261.0,2,3000,0,1,185,0,0,0
DF,CL,54.940289,-2.805464,1, ,0.0,0.0,1,3000,0,0,0,0,0,0

APPTR,N24-A,24,CL1
IF,CL,54.940289,-2.805464, ,0.0,0.0,2,3000,0,1,185,0,1,0
FC,CL,54.940289,-2.805464,0,TLA,0.0,0.0,273.0,6.2,2,1700,0,0,0,0,0,1
CF,FU071,54.904408,-2.967189,1,TLA,161.5,38.1,71.0,1.0,2,1700,0,0,0,0,0,0

APPTR,N24-A,24,CL2
IF,CL,54.940289,-2.805464, ,0.0,0.0,2,3000,0,1,185,0,1,0
CF,D035C,54.983533,-2.756622,0,TLA,148.3,37.2,35.0,3.1,0,0,0,0,0,0,0,1
DF,CL,54.940289,-2.805464,2, ,0.0,0.0,2,3000,0,0,0,0,0,0
FC,CL,54.940289,-2.805464,0,TLA,0.0,0.0,273.0,6.2,2,1700,0,0,0,0,0,1
CF,FU071,54.904408,-2.967189,1,TLA,161.5,38.1,71.0,1.0,2,1700,0,0,0,0,0,0

APPTR,N24-A,24,CL3
IF,CL,54.940289,-2.805464, ,0.0,0.0,2,3000,0,1,140,0,1,0
FC,CL,54.940289,-2.805464,0,TLA,0.0,0.0,263.0,6.2,2,1700,0,0,0,0,0,1
CF,FU071,54.904408,-2.967189,1,TLA,161.5,38.1,71.0,1.0,2,1700,0,0,0,0,0,0

APPTR,N24-A,24,CL4
IF,CL,54.940289,-2.805464, ,0.0,0.0,2,3000,0,1,140,0,1,0
CF,D035B,54.972375,-2.769236,0,TLA,149.4,37.5,35.0,2.3,0,0,0,0,0,0,0,1
DF,CL,54.940289,-2.805464,2, ,0.0,0.0,2,3000,0,0,0,0,0,0
FC,CL,54.940289,-2.805464,0,TLA,0.0,0.0,263.0,6.2,2,1700,0,0,0,0,0,1
CF,FU071,54.904408,-2.967189,1,TLA,161.5,38.1,71.0,1.0,2,1700,0,0,0,0,0,0

FINAL,N24-A,24,N,2
IF,FU071,54.904408,-2.967189,CL,0.0,0.0,2,1700,0,0,0,0,2,0
CF,CL,54.940289,-2.805464,0,CL,0.0,0.0,71.0,6.0,1,1100,0,0,0,0,3,0
CA,0,71.0,2,1100,0,0,0,0,0,0
CA,1,261.0,2,3000,0,1,185,0,0,0
DF,CL,54.940289,-2.805464,1, ,0.0,0.0,1,3000,0,0,0,0,0,0

