SID,DOPE2W,32,2
CF,D319A,53.878197,-1.679389,0,POL,63.7,17.1,319.0,1.0,2,1190,0,0,0,0,0,0
TF,D312C,53.895514,-1.713633,0, ,0.0,0.0,0.0,0.0,0,0,0,0,0,0,0,1
TF,D298D,53.896247,-1.759839,0, ,0.0,0.0,0.0,0.0,0,0,0,0,0,0,0,1
DF,D254F,53.837103,-1.797553,1, ,0.0,0.0,2,3000,0,0,0,0,0,0
TF,GAM38,53.749267,-1.661003,0, ,0.0,0.0,0.0,0.0,2,3500,0,0,0,0,0,0
TF,GAM35,53.712492,-1.604072,0, ,0.0,0.0,0.0,0.0,2,6000,0,0,0,0,0,0
TF,GAM31,53.663417,-1.528319,0, ,0.0,0.0,0.0,0.0,1,7000,0,0,0,0,0,0
TF,D319S,53.515903,-1.302117,0, ,0.0,0.0,0.0,0.0,0,0,0,0,0,0,0,0
TF,D319R,53.503592,-1.283339,0, ,0.0,0.0,0.0,0.0,0,0,0,0,0,0,0,1
CF,D322O,53.473831,-1.213169,0,GAM,321.5,15.0,117.0,3.0,0,0,0,0,0,0,0,0
TF,DOPEK,53.384444,-0.925556,0, ,0.0,0.0,0.0,0.0,0,0,0,0,0,0,0,0

SID,DOPE2X,14,2
CA,0,139.0,2,1190,0,0,0,0,0,0
CF,D139B,53.835025,-1.613503,0,POL,74.3,18.3,139.0,2.0,0,0,0,0,0,0,0,1
CF,GAM36,53.776778,-1.512686,0,GAM,327.0,36.0,147.0,4.0,2,3000,0,0,0,0,0,0
TF,GAM32,53.721878,-1.449197,0, ,0.0,0.0,0.0,0.0,2,3500,0,0,0,0,0,0
TF,GAM29,53.680681,-1.401686,0, ,0.0,0.0,0.0,0.0,1,7000,0,0,0,0,0,0
TF,D327S,53.543219,-1.243989,0, ,0.0,0.0,0.0,0.0,0,0,0,0,0,0,0,0
TF,D327O,53.488175,-1.181194,0, ,0.0,0.0,0.0,0.0,0,0,0,0,0,0,0,0
TF,D327N,53.474408,-1.165522,0, ,0.0,0.0,0.0,0.0,0,0,0,0,0,0,0,1
CF,DOPEK,53.384444,-0.925556,0,POL,118.7,47.4,117.0,9.0,0,0,0,0,0,0,0,0

SID,LAMI2W,32,2
CF,D319A,53.878197,-1.679389,0,POL,63.7,17.1,319.0,1.0,2,1190,0,0,0,0,0,0
TF,D312C,53.895514,-1.713633,0, ,0.0,0.0,0.0,0.0,0,0,0,0,0,0,0,1
TF,D298D,53.896247,-1.759839,0, ,0.0,0.0,0.0,0.0,0,0,0,0,0,0,0,1
DF,D254F,53.837103,-1.797553,1, ,0.0,0.0,2,3000,0,0,0,0,0,0
TF,GAM38,53.749267,-1.661003,0, ,0.0,0.0,0.0,0.0,2,3500,0,0,0,0,0,0
TF,GAM35,53.712492,-1.604072,0, ,0.0,0.0,0.0,0.0,2,6000,0,0,0,0,0,0
TF,GAM31,53.663417,-1.528319,0, ,0.0,0.0,0.0,0.0,1,7000,0,0,0,0,0,0
TF,D319S,53.515903,-1.302117,0, ,0.0,0.0,0.0,0.0,0,0,0,0,0,0,0,0
TF,D319R,53.503592,-1.283339,0, ,0.0,0.0,0.0,0.0,0,0,0,0,0,0,0,1
CF,D322O,53.473831,-1.213169,0,GAM,321.5,15.0,117.0,3.0,0,0,0,0,0,0,0,0
TF,DOPEK,53.384444,-0.925556,0, ,0.0,0.0,0.0,0.0,0,0,0,0,0,0,0,0
TF,LAMIX,53.308056,-0.682222,0, ,0.0,0.0,0.0,0.0,0,0,0,0,0,0,0,0

SID,LAMI2X,14,2
CA,0,139.0,2,1190,0,0,0,0,0,0
CF,D139B,53.835025,-1.613503,0,POL,74.3,18.3,139.0,2.0,0,0,0,0,0,0,0,1
CF,GAM36,53.776778,-1.512686,0,GAM,327.0,36.0,147.0,4.0,2,3000,0,0,0,0,0,0
TF,GAM32,53.721878,-1.449197,0, ,0.0,0.0,0.0,0.0,2,3500,0,0,0,0,0,0
TF,GAM29,53.680681,-1.401686,0, ,0.0,0.0,0.0,0.0,1,7000,0,0,0,0,0,0
TF,D327S,53.543219,-1.243989,0, ,0.0,0.0,0.0,0.0,0,0,0,0,0,0,0,0
TF,D327O,53.488175,-1.181194,0, ,0.0,0.0,0.0,0.0,0,0,0,0,0,0,0,0
TF,D327N,53.474408,-1.165522,0, ,0.0,0.0,0.0,0.0,0,0,0,0,0,0,0,1
CF,DOPEK,53.384444,-0.925556,0,POL,118.7,47.4,117.0,9.0,0,0,0,0,0,0,0,0
TF,LAMIX,53.308056,-0.682222,0, ,0.0,0.0,0.0,0.0,0,0,0,0,0,0,0,0

SID,NELS3W,32,2
CF,D319A,53.878197,-1.679389,0,POL,63.7,17.1,319.0,1.0,2,1190,0,0,0,0,0,0
TF,D312C,53.895514,-1.713633,0, ,0.0,0.0,0.0,0.0,0,0,0,0,0,0,0,1
TF,D298D,53.896247,-1.759839,0, ,0.0,0.0,0.0,0.0,0,0,0,0,0,0,0,1
CF,D052L,53.871836,-1.844500,0,POL,52.0,12.0,232.0,2.0,2,3000,0,0,0,0,0,0
TF,D052K,53.861186,-1.866131,0, ,0.0,0.0,0.0,0.0,0,0,0,0,0,0,0,0
TF,D052J,53.850531,-1.887747,0, ,0.0,0.0,0.0,0.0,2,3500,0,0,0,0,0,1
CI,0, ,0.0,301.0,0,0,0,0,0,0,0,0
CF,NELSA,53.863333,-2.184722,0,POL,340.1,7.8,271.0,7.0,1,7000,0,0,0,0,0,0

SID,POL2X,14,2
CA,0,139.0,2,1190,0,0,0,0,0,0
CF,D139B,53.835025,-1.613503,0,POL,74.3,18.3,139.0,2.0,0,0,0,0,0,0,0,1
CF,D082N,53.783592,-1.715944,2,POL,82.0,14.0,262.0,2.0,2,3000,0,0,0,0,0,0
TF,D082J,53.772342,-1.826700,0, ,0.0,0.0,0.0,0.0,2,3500,0,0,0,0,0,0
TF,POL,53.743767,-2.103328,0, ,0.0,0.0,0.0,0.0,1,7000,0,0,0,0,0,0

APPTR,I14-Y,14,LBA1
IF,LBA,53.864992,-1.652892, ,0.0,0.0,2,4000,0,0,0,0,1,0
CF,D331G,53.975322,-1.760994,0,POL,43.0,18.5,331.0,7.7,2,2600,0,0,0,0,0,1
CF,CI14Y,53.957550,-1.801836,1,ILBF,318.8,8.1,139.0,1.0,2,2600,0,0,0,0,0,0

APPTR,I14-Y,14,LBA2
IF,LBA,53.864992,-1.652892, ,0.0,0.0,2,4000,0,0,0,0,1,0
HF,LBA,53.864992,-1.652892,1, ,0.0,0.0,139.0,07,2,2600,0,0,0,0,0,0,0

FINAL,I14-Y,14,I,3
IF,CI14Y,53.957550,-1.801836,ILBF,318.8,8.1,2,2600,0,0,0,0,0,0
CF,FI14Y,53.934183,-1.765739,0,ILBF,318.8,6.2,139.0,1.9,1,2600,0,0,0,0,2,0
CF,RW14,53.871431,-1.669078,0,ILBF,318.8,1.1,139.0,5.1,1,720,0,0,0,0,3,0
FA,RW14,53.871431,-1.669078,0,POL,0.0,0.0,139.0,2,2000,0,0,0,0,0,0
DF,LBA,53.864992,-1.652892,2, ,0.0,0.0,1,3000,0,0,0,0,0,0

APPTR,I14-Z,14,LBA1
IF,LBA,53.864992,-1.652892, ,0.0,0.0,2,4000,0,1,185,0,1,0
CF,D333J,54.006844,-1.780994,0,POL,37.8,19.5,333.0,9.7,2,3000,0,0,0,0,0,1
CF,CI14Z,53.982136,-1.839878,1,ILBF,318.8,10.1,139.0,1.0,2,3000,0,0,0,0,0,0

APPTR,I14-Z,14,LBA2
IF,LBA,53.864992,-1.652892, ,0.0,0.0,2,4000,0,0,0,0,1,0
HF,LBA,53.864992,-1.652892,1, ,0.0,0.0,139.0,09,2,3000,0,0,0,0,0,0,0

FINAL,I14-Z,14,I,3
IF,CI14Z,53.982136,-1.839878,ILBF,318.8,10.1,2,3000,0,0,0,0,0,0
CF,FI14Z,53.946483,-1.784733,0,ILBF,318.8,7.2,139.0,2.9,1,3000,0,0,0,0,2,0
CF,RW14,53.871431,-1.669078,0,ILBF,318.8,1.1,139.0,6.1,1,720,0,0,0,0,3,0
FA,RW14,53.871431,-1.669078,0,POL,0.0,0.0,139.0,2,2000,0,0,0,0,0,0
DF,LBA,53.864992,-1.652892,2, ,0.0,0.0,1,3000,0,0,0,0,0,0

APPTR,I32,32,LBA
IF,LBA,53.864992,-1.652892, ,0.0,0.0,2,4000,0,1,185,0,1,0
CF,D154I,53.727642,-1.534931,0,POL,94.5,20.3,154.0,9.3,2,3000,0,0,0,0,0,1
CF,CI32,53.749428,-1.482231,1,ILF,138.7,10.1,319.0,1.0,2,3000,0,0,0,0,0,0

FINAL,I32,32,I,3
IF,CI32,53.749428,-1.482231,ILF,138.7,10.1,2,3000,0,0,0,0,0,0
CF,FI32,53.771642,-1.516136,0,ILF,138.7,8.3,319.0,1.8,1,3000,0,0,0,0,2,0
CF,RW32,53.860364,-1.652067,0,ILF,138.7,1.1,319.0,7.2,1,712,0,0,0,0,3,0
FA,RW32,53.860364,-1.652067,0,POL,0.0,0.0,319.0,2,2000,0,0,0,0,0,0
DF,LBA,53.864992,-1.652892,2, ,0.0,0.0,1,3000,0,0,0,0,0,0

APPTR,L32,32,LBA
IF,LBA,53.864992,-1.652892, ,0.0,0.0,2,4000,0,1,185,0,1,0
CF,D154I,53.727642,-1.534931,0,POL,94.5,20.3,154.0,9.3,2,3000,0,0,0,0,0,1
CF,CI32,53.749428,-1.482231,1,ILF,138.7,10.1,319.0,1.0,2,3000,0,0,0,0,0,0

FINAL,L32,32,D,3
IF,CI32,53.749428,-1.482231,ILF,138.7,10.1,2,3000,0,0,0,0,0,0
CF,FI32,53.771642,-1.516136,0,ILF,138.7,8.3,319.0,1.8,2,3000,0,0,0,0,2,0
CF,ML32,53.849311,-1.635092,0,ILF,138.7,2.0,319.0,6.3,1,998,0,0,0,0,3,0
FA,ML32,53.849311,-1.635092,0,POL,0.0,0.0,319.0,2,2000,0,0,0,0,0,0
DF,LBA,53.864992,-1.652892,2, ,0.0,0.0,1,3000,0,0,0,0,0,0

APPTR,N14-Y,14,LBA1
IF,LBA,53.864992,-1.652892, ,0.0,0.0,2,4000,0,0,0,0,1,0
FC,LBA,53.864992,-1.652892,0,POL,0.0,0.0,325.0,7.7,2,2600,0,0,0,0,0,1
CF,FQ14Y,53.929394,-1.774206,1,POL,48.2,16.2,133.0,3.0,2,2600,0,0,0,0,0,0

APPTR,N14-Y,14,LBA2
IF,LBA,53.864992,-1.652892, ,0.0,0.0,2,4000,0,0,0,0,1,0
HF,LBA,53.864992,-1.652892,1, ,0.0,0.0,139.0,07.7,2,2600,0,0,0,0,0,0,0

FINAL,N14-Y,14,N,3
IF,FQ14Y,53.929394,-1.774206,LBA,0.0,0.0,2,2600,0,0,0,0,2,0
CF,16DME,53.890478,-1.700828,0,LBA,0.0,0.0,133.0,3.5,2,1300,0,0,0,0,0,0
CF,RW14,53.871431,-1.669078,0,LBA,0.0,0.0,133.0,1.6,1,720,0,0,0,0,3,0
CF,LBA,53.864992,-1.652892,0,POL,67.4,17.6,133.0,0.7,2,1090,0,0,0,0,0,1
FA,LBA,53.864992,-1.652892,0,POL,0.0,0.0,133.0,2,2000,0,0,0,0,0,0
DF,LBA,53.864992,-1.652892,2, ,0.0,0.0,1,3000,0,0,0,0,0,0

APPTR,N14-Z,14,LBA1
IF,LBA,53.864992,-1.652892, ,0.0,0.0,2,4000,0,1,185,0,1,0
FC,LBA,53.864992,-1.652892,0,POL,0.0,0.0,328.0,9.7,2,3000,0,0,0,0,0,1
CF,FQ14Z,53.940506,-1.795197,1,POL,44.7,16.1,133.0,4.0,2,3000,0,0,0,0,0,0

APPTR,N14-Z,14,LBA2
IF,LBA,53.864992,-1.652892, ,0.0,0.0,2,4000,0,0,0,0,1,0
HF,LBA,53.864992,-1.652892,1, ,0.0,0.0,139.0,09.7,2,3000,0,0,0,0,0,0,0

FINAL,N14-Z,14,N,3
IF,FQ14Z,53.940506,-1.795197,LBA,0.0,0.0,2,3000,0,0,0,0,2,0
CF,16DME,53.890478,-1.700828,0,LBA,0.0,0.0,133.0,4.5,2,1300,0,0,0,0,0,0
CF,RW14,53.871431,-1.669078,0,LBA,0.0,0.0,133.0,1.6,1,720,0,0,0,0,3,0
CF,LBA,53.864992,-1.652892,0,POL,67.4,17.6,133.0,0.7,2,1090,0,0,0,0,0,1
FA,LBA,53.864992,-1.652892,0,POL,0.0,0.0,133.0,2,2000,0,0,0,0,0,0
DF,LBA,53.864992,-1.652892,2, ,0.0,0.0,1,3000,0,0,0,0,0,0

APPTR,N32,32,LBA1
IF,LBA,53.864992,-1.652892, ,0.0,0.0,2,4000,0,1,210,0,1,0
FC,LBA,53.864992,-1.652892,0,POL,0.0,0.0,166.0,9.3,2,3000,0,0,0,0,0,1
CF,D146G,53.763519,-1.533047,1,POL,88.4,20.4,326.0,2.0,2,3000,0,0,0,0,0,0
CF,FQ32,53.793536,-1.568425,0,POL,82.9,19.3,326.0,2.2,2,2300,0,0,0,0,0,0

APPTR,N32,32,LBA2
IF,LBA,53.864992,-1.652892, ,0.0,0.0,2,4000,0,1,210,0,1,0
FC,LBA,53.864992,-1.652892,0,POL,0.0,0.0,159.0,7.3,2,2300,0,0,0,0,0,1
CF,FQ32,53.793536,-1.568425,1,POL,82.9,19.3,326.0,3.0,2,2300,0,0,0,0,0,0

FINAL,N32,32,N,2
IF,FQ32,53.793536,-1.568425,LBA,0.0,0.0,2,2300,0,0,0,0,2,0
CF,RW32,53.860364,-1.652067,0,LBA,0.0,0.0,326.0,5.0,1,712,0,0,0,0,3,0
CF,LBA,53.864992,-1.652892,0,POL,67.4,17.6,326.0,0.3,2,1090,0,0,0,0,0,1
FA,LBA,53.864992,-1.652892,0,POL,0.0,0.0,326.0,2,2000,0,0,0,0,0,0
DF,LBA,53.864992,-1.652892,2, ,0.0,0.0,1,3000,0,0,0,0,0,0

