SID,REXAM5,04,1
CA,0,42.0,2,440,0,0,0,0,0,0
DF,REXAM,53.066667,-3.160278,2, ,0.0,0.0,0,0,0,0,0,0,0,0

SID,REXAM5,22,1
DF,RW04,53.173244,-2.984703,0, ,0.0,0.0,0,0,0,0,0,0,0,1
CA,0,222.0,2,420,0,0,0,0,0,0
DF,REXAM,53.066667,-3.160278,0, ,0.0,0.0,0,0,0,0,0,0,0,0

SID,WAL4,04,1
CA,0,42.0,2,440,0,0,0,0,0,0
DF,WAL,53.391936,-3.134461,0, ,0.0,0.0,0,0,0,0,0,0,0,0

SID,WAL4,22,1
CA,0,222.0,2,420,0,0,0,0,0,0
DF,WAL,53.391936,-3.134461,2, ,0.0,0.0,0,0,0,0,0,0,0,0

STAR,KEGU1D,ALL,2
IF,MONTY,52.892778,-3.173889, ,0.0,0.0,0,0,0,0,0,0,0,0
TF,D184X,52.992992,-3.166044,0, ,0.0,0.0,0.0,0.0,0,0,0,1,250,0,0,0
TF,KEGUN,53.192500,-3.150278,0, ,0.0,0.0,0.0,0.0,0,0,0,1,210,0,0,1
DF,TORGO,53.132500,-3.266389,1, ,0.0,0.0,0,0,0,0,0,0,0,0
VI,1, ,0.0,34.0,0,0,0,0,0,0,0,0
CF,KEGUN,53.192500,-3.150278,0,WAL,184.7,12.0,4.0,6.0,0,0,0,1,210,0,0,0

STAR,KEGU2A,ALL,2
IF,LESTA,52.740833,-1.071944, ,0.0,0.0,1,20000,0,0,0,0,0,0
TF,TNT,53.053953,-1.669969,0, ,0.0,0.0,0.0,0.0,0,0,0,0,0,0,0,0
TF,NANTI,53.137500,-2.566944,0, ,0.0,0.0,0.0,0.0,1,10000,0,0,0,0,0,0
TF,TNT42,53.163011,-2.817261,0, ,0.0,0.0,0.0,0.0,0,0,0,1,250,0,0,0
TF,KEGUN,53.192500,-3.150278,0, ,0.0,0.0,0.0,0.0,0,0,0,1,210,0,0,1
DF,TORGO,53.132500,-3.266389,0, ,0.0,0.0,0,0,0,0,0,0,0,0
VI,1, ,0.0,34.0,0,0,0,0,0,0,0,0
CF,KEGUN,53.192500,-3.150278,0,WAL,184.7,12.0,4.0,6.0,0,0,0,0,0,0,0,0

STAR,KEGU2B,ALL,2
IF,TNT,53.053953,-1.669969, ,0.0,0.0,0,0,0,0,0,0,0,0
TF,NANTI,53.137500,-2.566944,0, ,0.0,0.0,0.0,0.0,1,10000,0,0,0,0,0,0
TF,TNT42,53.163011,-2.817261,0, ,0.0,0.0,0.0,0.0,0,0,0,1,250,0,0,0
TF,KEGUN,53.192500,-3.150278,0, ,0.0,0.0,0.0,0.0,0,0,0,1,210,0,0,1
DF,TORGO,53.132500,-3.266389,0, ,0.0,0.0,0,0,0,0,0,0,0,0
VI,1, ,0.0,34.0,0,0,0,0,0,0,0,0
CF,KEGUN,53.192500,-3.150278,0,WAL,184.7,12.0,4.0,6.0,0,0,0,1,210,0,0,0

STAR,KEGU2C,ALL,2
IF,PEDIG,52.746667,-1.719444, ,0.0,0.0,0,0,0,0,0,0,0,0
TF,NANTI,53.137500,-2.566944,0, ,0.0,0.0,0.0,0.0,0,0,0,0,0,0,0,0
TF,TNT42,53.163011,-2.817261,0, ,0.0,0.0,0.0,0.0,0,0,0,1,250,0,0,0
TF,KEGUN,53.192500,-3.150278,0, ,0.0,0.0,0.0,0.0,0,0,0,1,210,0,0,1
DF,TORGO,53.132500,-3.266389,0, ,0.0,0.0,0,0,0,0,0,0,0,0
VI,1, ,0.0,34.0,0,0,0,0,0,0,0,0
CF,KEGUN,53.192500,-3.150278,0,WAL,184.7,12.0,4.0,6.0,0,0,0,1,210,0,0,0

APPTR,I04,04,HAW1
FC,HAW,53.179167,-2.979536,0,WAL,0.0,0.0,7.0,3.4,0,0,0,0,0,0,1,1
DF,HAW,53.179167,-2.979536,2, ,0.0,0.0,2,3100,0,0,0,0,0,0
FC,HAW,53.179167,-2.979536,0,WAL,0.0,0.0,236.0,11.6,0,0,0,0,0,0,0,1
CF,CI04,53.054764,-3.145592,1,IHWD,220.0,9.6,40.0,3.0,2,3100,0,0,0,0,0,0

APPTR,I04,04,HAW2
FC,HAW,53.179167,-2.979536,0,WAL,0.0,0.0,7.0,3.4,0,0,0,0,0,0,1,1
DF,HAW,53.179167,-2.979536,2, ,0.0,0.0,2,3100,0,0,0,0,0,0
FC,HAW,53.179167,-2.979536,0,WAL,0.0,0.0,229.0,10.6,0,0,0,1,210,0,0,1
CF,CI04,53.054764,-3.145592,1,IHWD,220.0,9.6,40.0,3.0,2,3100,0,0,0,0,0,0

APPTR,I04,04,HAW3
HF,HAW,53.179167,-2.979536,2, ,0.0,0.0,40.0,11.6,1,3100,0,1,210,0,1,0,0

FINAL,I04,04,I,3
IF,CI04,53.054764,-3.145592,IHWD,220.0,9.6,2,3100,0,0,0,0,0,0
CF,FI04,53.067722,-3.128256,0,IHWD,220.0,8.6,40.0,1.0,1,3100,0,0,0,0,2,0
CF,RW04,53.173244,-2.984703,0,IHWD,212.4,0.4,40.0,8.2,1,73,0,0,0,0,3,0
CA,0,40.0,2,450,0,0,0,0,0,0
CA,0,61.0,2,1500,0,1,210,0,0,0
DF,HAW,53.179167,-2.979536,2, ,0.0,0.0,1,2500,0,0,0,0,0,0

APPTR,I22,22,HAW1
IF,HAW,53.179167,-2.979536, ,0.0,0.0,2,2500,0,1,210,0,1,0
FC,HAW,53.179167,-2.979536,0,WAL,0.0,0.0,65.0,7.9,2,1510,0,0,0,0,0,1
CF,CI22,53.277189,-2.833847,1,IHDN,42.0,8.6,222.0,1.0,2,1510,0,0,0,0,1,0

APPTR,I22,22,HAW2
IF,HAW,53.179167,-2.979536, ,0.0,0.0,2,2500,0,1,210,0,1,0
FC,HAW,53.179167,-2.979536,0,WAL,0.0,0.0,52.0,7.9,2,1510,0,0,0,0,0,1
CF,CI22,53.277189,-2.833847,1,IHDN,42.0,8.6,222.0,1.0,2,1510,0,0,0,0,1,0

FINAL,I22,22,I,3
IF,CI22,53.277189,-2.833847,IHDN,42.0,8.6,2,1510,0,0,0,0,0,0
CF,FI22,53.239564,-2.888569,0,IHDN,42.0,5.6,222.0,3.0,1,1510,0,0,0,0,2,0
CF,RW22,53.183011,-2.970572,0,IHDN,42.0,0.0,222.0,4.5,1,69,0,0,0,0,3,0
FA,RW22,53.183011,-2.970572,0,WAL,0.0,0.0,222.0,2,2500,0,0,0,0,0,0
DF,HAW,53.179167,-2.979536,2, ,0.0,0.0,1,2500,0,1,210,0,0,0

APPTR,N22,22,HAW1
IF,HAW,53.179167,-2.979536, ,0.0,0.0,2,2500,0,1,210,0,1,0
FC,HAW,53.179167,-2.979536,0,WAL,0.0,0.0,66.0,7.9,2,1510,0,0,0,0,0,1
CF,CN22,53.270269,-2.821983,1,WAL,124.9,13.4,227.0,1.0,2,1510,0,0,0,0,1,0

APPTR,N22,22,HAW2
IF,HAW,53.179167,-2.979536, ,0.0,0.0,2,2500,0,1,210,0,1,0
FC,HAW,53.179167,-2.979536,0,WAL,0.0,0.0,58.0,7.9,2,1510,0,0,0,0,0,1
CF,CN22,53.270269,-2.821983,1,WAL,124.9,13.4,227.0,1.0,2,1510,0,0,0,0,1,0

FINAL,N22,22,N,4
IF,CN22,53.270269,-2.821983,HAW,0.0,0.0,2,1510,0,0,0,0,0,0
CF,FN22,53.235653,-2.881969,0,HAW,0.0,0.0,227.0,3.0,2,1510,0,0,0,0,2,0
CF,20DME,53.206783,-2.931881,0,HAW,0.0,0.0,227.0,2.5,2,710,0,0,0,0,0,0
CF,RW22,53.183011,-2.970572,0,HAW,0.0,0.0,227.0,2.0,1,69,0,0,0,0,3,0
CF,HAW,53.179167,-2.979536,0,WAL,158.4,14.0,227.0,0.4,2,450,0,0,0,0,0,1
FA,HAW,53.179167,-2.979536,0,WAL,0.0,0.0,227.0,2,2500,0,0,0,0,0,0
DF,HAW,53.179167,-2.979536,2, ,0.0,0.0,1,2500,0,1,210,0,0,0

