APPTR,D08,08,IOM1
IF,IOM,54.066867,-4.763475, ,0.0,0.0,2,3000,0,1,210,0,1,0
FD,IOM,54.066867,-4.763475,0,IOM,0.0,4.0,215.0,4.0,2,2000,0,0,0,0,0,0
CF,IOM,54.066867,-4.763475,2,IOM,0.0,0.0,81.0,4.0,2,2000,0,0,0,0,0,0

APPTR,D08,08,IOM2
IF,IOM,54.066867,-4.763475, ,0.0,0.0,2,3000,0,1,210,0,1,0
FD,IOM,54.066867,-4.763475,0,IOM,0.0,4.0,238.0,4.0,2,2000,0,0,0,0,0,0
CF,IOM,54.066867,-4.763475,2,IOM,0.0,0.0,81.0,4.0,2,2000,0,0,0,0,0,0

FINAL,D08,08,D,3
IF,IOM,54.066867,-4.763475,IOM,0.0,0.0,2,2000,0,0,0,0,2,0
CF,20VOR,54.073203,-4.707928,0,IOM,81.0,2.0,81.0,2.0,2,1170,0,0,0,0,0,0
CF,RW08,54.081939,-4.634581,0,IOM,80.7,4.6,81.0,2.6,1,82,0,0,0,0,3,0
FA,RW08,54.081939,-4.634581,0,IOM,0.0,0.0,81.0,2,2000,0,0,0,0,0,0
DF,IOM,54.066867,-4.763475,2, ,0.0,0.0,1,3000,0,1,210,0,0,0

APPTR,I08,08,RONY1
IF,RWY,54.081083,-4.622889, ,0.0,0.0,2,3000,0,0,0,0,1,0
CF,D234I,53.992547,-4.814611,0,IOM,204.1,4.8,234.0,8.6,2,2000,0,0,0,0,0,1
CF,CI08,54.064597,-4.836200,2,IRH,264.0,7.7,84.0,2.0,2,2000,0,0,0,0,0,0

APPTR,I08,08,RONY2
IF,RWY,54.081083,-4.622889, ,0.0,0.0,2,3000,0,0,0,0,1,0
CF,D254I,54.036458,-4.854542,0,IOM,242.5,3.7,254.0,8.6,2,2000,0,0,0,0,0,1
CF,CI08,54.064597,-4.836200,2,IRH,264.0,7.7,84.0,1.0,2,2000,0,0,0,0,0,0

FINAL,I08,08,I,3
IF,CI08,54.064597,-4.836200,IRH,264.0,7.7,2,2000,0,0,0,0,0,0
CF,FI08,54.069317,-4.780194,0,IRH,264.0,5.7,84.0,2.0,1,2000,0,0,0,0,2,0
CF,RW08,54.081939,-4.634581,0,IRH,267.2,0.5,84.0,5.2,1,82,0,0,0,0,3,0
FA,RW08,54.081939,-4.634581,0,IOM,0.0,0.0,84.0,2,2000,0,0,0,0,0,0
DF,RWY,54.081083,-4.622889,2, ,0.0,0.0,1,3000,0,0,0,0,0,0

APPTR,I26,26,IOM1
IF,IOM,54.066867,-4.763475, ,0.0,0.0,0,0,0,0,0,0,0,0
TF,RWY,54.081083,-4.622889,0, ,0.0,0.0,0.0,0.0,2,3000,0,0,0,0,1,0
CF,D111H,54.035017,-4.396967,0,IOM,100.3,13.1,111.0,8.5,2,2000,0,0,0,0,0,1
CF,CI26,54.112317,-4.390319,1,IRY,80.0,9.0,260.0,1.0,2,2000,0,0,0,0,0,0

APPTR,I26,26,IOM2
IF,IOM,54.066867,-4.763475, ,0.0,0.0,0,0,0,0,0,0,0,0
TF,RWY,54.081083,-4.622889,0, ,0.0,0.0,0.0,0.0,2,3000,0,0,0,0,1,0
CF,D091H,54.083219,-4.383714,0,IOM,87.7,13.5,91.0,8.5,2,2000,0,0,0,0,0,1
CF,CI26,54.112317,-4.390319,1,IRY,80.0,9.0,260.0,2.0,2,2000,0,0,0,0,0,0

APPTR,I26,26,RONY1
IF,RWY,54.081083,-4.622889, ,0.0,0.0,2,3000,0,0,0,0,1,0
CF,D111H,54.035017,-4.396967,0,IOM,100.3,13.1,111.0,8.5,2,2000,0,0,0,0,0,1
CF,CI26,54.112317,-4.390319,1,IRY,80.0,9.0,260.0,1.0,2,2000,0,0,0,0,0,0

APPTR,I26,26,RONY2
IF,RWY,54.081083,-4.622889, ,0.0,0.0,2,3000,0,0,0,0,1,0
CF,D091H,54.083219,-4.383714,0,IOM,87.7,13.5,91.0,8.5,2,2000,0,0,0,0,0,1
CF,CI26,54.112317,-4.390319,1,IRY,80.0,9.0,260.0,2.0,2,2000,0,0,0,0,0,0

FINAL,I26,26,I,3
IF,CI26,54.112317,-4.390319,IRY,80.0,9.0,2,2000,0,0,0,0,0,0
CF,FI26,54.105472,-4.445742,0,IRY,80.0,7.0,260.0,2.0,1,2000,0,0,0,0,2,0
CF,RW26,54.084792,-4.611819,0,IRY,80.0,0.0,260.0,6.0,1,88,0,0,0,0,3,0
FA,RW26,54.084792,-4.611819,0,IOM,0.0,0.0,260.0,2,2000,0,0,0,0,0,0
DF,RWY,54.081083,-4.622889,1, ,0.0,0.0,1,3000,0,0,0,0,0,0

APPTR,Q08,08,RONY1
IF,RWY,54.081083,-4.622889, ,0.0,0.0,2,3000,0,0,0,0,1,0
FC,RWY,54.081083,-4.622889,0,IOM,0.0,0.0,234.0,8.6,2,2000,0,0,0,0,0,1
CF,FQ08,54.070961,-4.780569,2,IOM,294.2,0.7,85.0,4.0,2,2000,0,0,0,0,0,0

APPTR,Q08,08,RONY2
IF,RWY,54.081083,-4.622889, ,0.0,0.0,2,3000,0,0,0,0,1,0
FC,RWY,54.081083,-4.622889,0,IOM,0.0,0.0,254.0,8.6,2,2000,0,0,0,0,0,1
CF,FQ08,54.070961,-4.780569,2,IOM,294.2,0.7,85.0,3.0,2,2000,0,0,0,0,0,0

FINAL,Q08,08,N,3
IF,FQ08,54.070961,-4.780569,RWY,0.0,0.0,2,2000,0,0,0,0,2,0
CF,30DME,54.075489,-4.718806,0,RWY,0.0,0.0,85.0,2.2,2,1190,0,0,0,0,0,0
CF,RW08,54.081939,-4.634581,0,IOM,0.0,4.6,85.0,3.0,1,82,0,0,0,0,3,0
FA,RW08,54.081939,-4.634581,0,IOM,0.0,0.0,85.0,2,2000,0,0,0,0,0,0
DF,RWY,54.081083,-4.622889,2, ,0.0,0.0,1,3000,0,0,0,0,0,0

APPTR,Q26,26,RONY1
IF,RWY,54.081083,-4.622889, ,0.0,0.0,2,3000,0,0,0,0,1,0
FC,RWY,54.081083,-4.622889,0,IOM,0.0,0.0,108.0,8.4,2,2000,0,0,0,0,0,1
CF,FQ26,54.113306,-4.449033,1,IOM,77.8,11.5,256.0,2.0,2,2000,0,0,0,0,0,0

APPTR,Q26,26,RONY2
IF,RWY,54.081083,-4.622889, ,0.0,0.0,2,3000,0,0,0,0,1,0
FC,RWY,54.081083,-4.622889,0,IOM,0.0,0.0,87.0,8.4,2,2000,0,0,0,0,0,1
CF,FQ26,54.113306,-4.449033,1,IOM,77.8,11.5,256.0,2.0,2,2000,0,0,0,0,0,0

FINAL,Q26,26,N,3
IF,FQ26,54.113306,-4.449033,RWY,0.0,0.0,2,2000,0,0,0,0,2,0
CF,22DME,54.095997,-4.552517,0,RWY,0.0,0.0,256.0,3.8,2,790,0,0,0,0,0,0
CF,RW26,54.084792,-4.611819,0,IOM,0.0,5.5,256.0,2.2,1,88,0,0,0,0,3,0
FA,RW26,54.084792,-4.611819,0,IOM,0.0,0.0,256.0,2,2000,0,0,0,0,0,0
DF,RWY,54.081083,-4.622889,1, ,0.0,0.0,1,3000,0,0,0,0,0,0

