APPTR,I05,05,D228O
IF,D228O,54.331386,-1.754444, ,0.0,0.0,0,0,0,0,0,0,1,0
CF,D228J,54.388372,-1.650667,0,POL,24.3,41.9,48.0,5.0,2,2300,0,0,0,0,1,0
CF,CI05,54.428208,-1.577850,0,ITSE,228.0,7.9,48.0,3.5,2,1700,0,0,0,0,0,0

APPTR,I05,05,TD1
IF,TD,54.560522,-1.333639, ,0.0,0.0,2,2500,0,0,0,0,1,0
FC,TD,54.560522,-1.333639,0,POL,0.0,0.0,240.0,11.4,2,1700,0,1,185,0,0,1
CF,CI05,54.428208,-1.577850,1,ITSE,228.0,7.9,48.0,1.0,2,1700,0,0,0,0,0,0

APPTR,I05,05,TD2
IF,TD,54.560522,-1.333639, ,0.0,0.0,2,2500,0,0,0,0,1,0
FC,TD,54.560522,-1.333639,0,POL,0.0,0.0,236.0,11.6,2,1700,0,1,185,0,0,1
CF,CI05,54.428208,-1.577850,1,ITSE,228.0,7.9,48.0,1.0,2,1700,0,0,0,0,0,0

FINAL,I05,05,I,3
IF,CI05,54.428208,-1.577850,ITSE,228.0,7.9,2,1700,0,0,0,0,0,0
CF,FI05,54.447542,-1.542431,0,ITSE,228.0,6.2,48.0,1.7,1,1700,0,0,0,0,2,0
CF,RW05,54.502231,-1.442428,0,ITSE,228.5,1.4,48.0,4.8,1,167,0,0,0,0,3,0
CF,TD,54.560522,-1.333639,0,POL,30.6,56.1,48.0,5.2,2,2500,0,0,0,0,0,0
HM,TD,54.560522,-1.333639,2, ,0.0,0.0,228.0,04.3,1,2500,0,1,210,0,0,0,0

APPTR,I23,23,TD1
FC,TD,54.560522,-1.333639,0,POL,0.0,0.0,8.0,4.5,2,1900,0,1,210,0,1,1
CF,CI23,54.606900,-1.248808,2,ITD,48.0,9.4,228.0,1.0,2,1900,0,0,0,0,0,0

APPTR,I23,23,TD2
FC,TD,54.560522,-1.333639,0,POL,0.0,0.0,26.0,4.5,2,1900,0,1,210,0,1,1
CF,CI23,54.606900,-1.248808,2,ITD,48.0,9.4,228.0,1.0,2,1900,0,0,0,0,0,0

APPTR,I23,23,TD3
IF,TD,54.560522,-1.333639, ,0.0,0.0,2,2500,0,1,210,0,1,0
HF,TD,54.560522,-1.333639,2, ,0.0,0.0,228.0,04.1,2,1900,0,0,0,0,0,0,0

FINAL,I23,23,I,3
IF,CI23,54.606900,-1.248808,ITD,48.0,9.4,2,1900,0,0,0,0,0,0
CF,FI23,54.578606,-1.301314,0,ITD,48.0,6.9,228.0,2.5,1,1900,0,0,0,0,2,0
CF,RW23,54.516139,-1.416392,0,ITD,48.4,1.4,228.0,5.5,1,166,0,0,0,0,3,0
CF,D228C,54.467994,-1.504964,0,POL,27.7,48.4,228.0,4.2,0,0,0,0,0,0,0,1
CA,0,228.0,2,1000,0,0,0,0,0,0
DF,TD,54.560522,-1.333639,2, ,0.0,0.0,1,2500,0,0,0,0,0,0
HM,TD,54.560522,-1.333639,2, ,0.0,0.0,228.0,04.3,0,0,0,1,210,0,0,0,0

APPTR,N23,23,TD1
FC,TD,54.560522,-1.333639,0,POL,0.0,0.0,8.0,5.3,2,1900,0,1,210,0,1,1
CF,FN23,54.577764,-1.301800,2,POL,31.1,57.6,228.0,4.0,2,1900,0,0,0,0,0,0

APPTR,N23,23,TD2
FC,TD,54.560522,-1.333639,0,POL,0.0,0.0,26.0,7.0,2,1900,0,1,210,0,1,1
CF,FN23,54.577764,-1.301800,2,POL,31.1,57.6,228.0,6.0,2,1900,0,0,0,0,0,0

APPTR,N23,23,TD3
IF,TD,54.560522,-1.333639, ,0.0,0.0,2,2500,0,0,0,0,1,0
HF,TD,54.560522,-1.333639,2, ,0.0,0.0,228.0,05.3,2,1900,0,1,210,0,0,0,0

FINAL,N23,23,N,3
IF,FN23,54.577764,-1.301800,TD,0.0,0.0,2,1900,0,0,0,0,2,0
CF,TD,54.560522,-1.333639,0,TD,0.0,0.0,228.0,1.5,2,720,0,0,0,0,0,0
CF,RW23,54.516139,-1.416392,0,TD,0.0,0.0,228.0,3.9,1,166,0,0,0,0,3,0
CA,0,228.0,2,2000,0,0,0,0,0,0
DF,TD,54.560522,-1.333639,2, ,0.0,0.0,1,2500,0,0,0,0,0,0
HM,TD,54.560522,-1.333639,2, ,0.0,0.0,228.0,04.3,0,0,0,1,210,0,0,0,0

