APPTR,D09,09,D043Y
IF,D043Y,59.272267,-2.361228, ,0.0,0.0,0,0,0,0,0,0,0,0
CF,D043M,59.122494,-2.618144,0,KWL,43.0,13.0,223.0,12.0,2,2600,0,0,0,0,0,0
CF,D043K,59.097483,-2.660744,0,KWL,43.0,11.0,223.0,2.0,0,0,0,0,0,0,1,0
AF,D283K,58.994100,-3.241828,1,KWL,283.0,11.0,43.0,2,2400,0,0,0,0,0,0
CF,FD09,58.953569,-3.112467,0,KWL,269.0,6.8,89.0,5.0,2,2400,0,0,0,0,0,0

APPTR,D09,09,KWL1
IF,KWL,58.959672,-2.893947, ,0.0,0.0,2,2600,0,1,230,0,1,0
FD,KWL,58.959672,-2.893947,0,KWL,0.0,10.0,247.0,10.0,2,2400,0,0,0,0,0,0
CF,FD09,58.953569,-3.112467,2,KWL,269.0,6.8,89.0,4.0,2,2400,0,0,0,0,0,0

APPTR,D09,09,KWL2
IF,KWL,58.959672,-2.893947, ,0.0,0.0,2,2600,0,0,0,0,1,0
FD,KWL,58.959672,-2.893947,0,KWL,0.0,9.0,259.0,9.0,2,2400,0,0,0,0,0,0
CF,FD09,58.953569,-3.112467,2,KWL,269.0,6.8,89.0,3.0,2,2400,0,0,0,0,0,0

APPTR,D09,09,KWL3
IF,KWL,58.959672,-2.893947, ,0.0,0.0,2,2600,0,0,0,0,1,0
HF,KWL,58.959672,-2.893947,2, ,0.0,0.0,87.0,10,2,2400,0,0,0,0,0,0,0

APPTR,D09,09,WIK
IF,WIK,58.458817,-3.100369, ,0.0,0.0,0,0,0,0,0,0,0,0
CF,D194O,58.715692,-2.993617,0,KWL,194.0,15.0,14.0,15.8,0,0,0,0,0,0,0,0
CF,D194M,58.748225,-2.980408,0,KWL,194.0,13.0,14.0,2.0,2,2600,0,0,0,0,0,0
CF,D194K,58.780761,-2.967175,0,KWL,194.0,11.0,14.0,2.0,0,0,0,0,0,0,1,0
AF,D256K,58.908814,-3.233769,2,KWL,256.0,11.0,194.0,2,2400,0,0,0,0,0,0
CF,FD09,58.953569,-3.112467,0,KWL,269.0,6.8,89.0,5.0,2,2400,0,0,0,0,0,0

FINAL,D09,09,D,3
IF,FD09,58.953569,-3.112467,KWL,269.0,6.8,2,2400,0,0,0,0,2,0
CF,35VOR,58.956578,-3.006431,0,KWL,269.0,3.5,89.0,3.3,2,1190,0,0,0,0,0,0
CF,MD09,58.958797,-2.926086,0,KWL,269.0,0.0,89.0,2.5,1,269,0,0,0,0,3,0
CF,KWL,58.959672,-2.893947,0,KWL,0.0,0.0,89.0,1.0,2,460,0,0,0,0,0,0
FD,KWL,58.959672,-2.893947,0,KWL,0.0,3.2,89.0,3.2,0,0,0,0,0,0,0,0
CA,0,89.0,2,1500,0,0,0,0,0,0
DF,KWL,58.959672,-2.893947,1, ,0.0,0.0,1,2600,0,0,0,0,0,0

APPTR,D27,27,D043Y
IF,D043Y,59.272267,-2.361228, ,0.0,0.0,0,0,0,0,0,0,0,0
CF,D043K,59.097483,-2.660744,0,KWL,43.0,11.0,223.0,14.0,2,2600,0,0,0,0,0,0
CF,D043I,59.072458,-2.703283,0,KWL,43.0,9.0,223.0,2.0,0,0,0,0,0,0,1,0
AF,D078I,58.995564,-2.612589,2,KWL,78.0,9.0,43.0,2,1900,0,0,0,0,0,0
CF,FD27,58.959564,-2.726583,0,KWL,92.0,5.2,272.0,4.0,2,1900,0,0,0,0,0,0

APPTR,D27,27,KWL1
IF,KWL,58.959672,-2.893947, ,0.0,0.0,2,2600,0,0,0,0,1,0
FD,KWL,58.959672,-2.893947,0,KWL,0.0,8.2,69.0,8.2,2,1900,0,0,0,0,0,0
CF,FD27,58.959564,-2.726583,2,KWL,92.0,5.2,272.0,3.0,2,1900,0,0,0,0,0,0

APPTR,D27,27,KWL2
IF,KWL,58.959672,-2.893947, ,0.0,0.0,2,2600,0,0,0,0,1,0
FD,KWL,58.959672,-2.893947,0,KWL,0.0,7.7,80.0,7.7,2,1900,0,0,0,0,0,0
CF,FD27,58.959564,-2.726583,2,KWL,92.0,5.2,272.0,3.0,2,1900,0,0,0,0,0,0

APPTR,D27,27,WIK
IF,WIK,58.458817,-3.100369, ,0.0,0.0,0,0,0,0,0,0,0,0
CF,D194O,58.715692,-2.993617,0,KWL,194.0,15.0,14.0,15.8,0,0,0,0,0,0,0,0
CF,D194K,58.780761,-2.967175,0,KWL,194.0,11.0,14.0,4.0,2,2600,0,0,0,0,0,0
CF,D194I,58.813294,-2.953917,0,KWL,194.0,9.0,14.0,2.0,0,0,0,0,0,0,1,0
AF,D105I,58.925703,-2.611981,1,KWL,105.0,9.0,194.0,2,1900,0,0,0,0,0,0
CF,FD27,58.959564,-2.726583,0,KWL,92.0,5.2,272.0,4.0,2,1900,0,0,0,0,0,0

FINAL,D27,27,D,3
IF,FD27,58.959564,-2.726583,KWL,92.0,5.2,2,1900,0,0,0,0,2,0
CF,32VO2,58.959631,-2.790953,0,KWL,92.0,3.2,272.0,2.0,2,1170,0,0,0,0,0,0
CF,RW27,58.958286,-2.888753,0,KWL,119.3,0.2,272.0,3.0,1,80,0,0,0,0,3,0
CF,KWL,58.959672,-2.893947,0,KWL,0.0,0.0,272.0,0.2,2,460,0,0,0,0,0,1
FD,KWL,58.959672,-2.893947,0,KWL,0.0,3.5,272.0,3.5,0,0,0,0,0,0,0,0
CA,0,272.0,2,2000,0,0,0,0,0,0
DF,KWL,58.959672,-2.893947,1, ,0.0,0.0,1,2600,0,0,0,0,0,0

APPTR,I09,09,D043Y
IF,D043Y,59.272267,-2.361228, ,0.0,0.0,0,0,0,0,0,0,0,0
CF,D043M,59.122494,-2.618144,0,KWL,43.0,13.0,223.0,12.0,2,2600,0,0,0,0,0,0
CF,D043K,59.097483,-2.660744,0,KWL,43.0,11.0,223.0,2.0,0,0,0,0,0,0,1,0
AF,D283K,58.994100,-3.241828,1,KWL,283.0,11.0,43.0,2,2400,0,0,0,0,0,0
CF,CI09,58.951236,-3.176933,0,IORK,269.4,9.1,90.0,2.0,2,2400,0,0,0,0,0,0

APPTR,I09,09,KWL1
IF,KWL,58.959672,-2.893947, ,0.0,0.0,2,2600,0,1,230,0,1,0
FD,KWL,58.959672,-2.893947,0,KWL,0.0,10.0,247.0,10.0,2,2400,0,0,0,0,0,0
CF,CI09,58.951236,-3.176933,2,IORK,269.4,9.1,90.0,2.0,2,2400,0,0,0,0,0,0

APPTR,I09,09,KWL2
IF,KWL,58.959672,-2.893947, ,0.0,0.0,2,2600,0,0,0,0,1,0
FD,KWL,58.959672,-2.893947,0,KWL,0.0,9.0,259.0,9.0,2,2400,0,0,0,0,0,0
CF,CI09,58.951236,-3.176933,2,IORK,269.4,9.1,90.0,1.0,2,2400,0,0,0,0,0,0

APPTR,I09,09,WIK
IF,WIK,58.458817,-3.100369, ,0.0,0.0,0,0,0,0,0,0,0,0
CF,D194O,58.715692,-2.993617,0,KWL,194.0,15.0,14.0,15.8,0,0,0,0,0,0,0,0
CF,D194M,58.748225,-2.980408,0,KWL,194.0,13.0,14.0,2.0,2,2600,0,0,0,0,0,0
CF,D194K,58.780761,-2.967175,0,KWL,194.0,11.0,14.0,2.0,0,0,0,0,0,0,1,0
AF,D256K,58.908814,-3.233769,2,KWL,256.0,11.0,194.0,2,2400,0,0,0,0,0,0
CF,CI09,58.951236,-3.176933,0,IORK,269.4,9.1,90.0,2.0,2,2400,0,0,0,0,0,0

FINAL,I09,09,I,3
IF,CI09,58.951236,-3.176933,IORK,269.4,9.1,2,2400,0,0,0,0,0,0
CF,FI09,58.952864,-3.112656,0,IORK,269.4,7.1,90.0,2.0,1,2400,0,0,0,0,2,0
CF,RW09,58.957786,-2.910122,0,IORK,269.4,0.8,90.0,6.3,1,89,0,0,0,0,3,0
CA,0,90.0,2,460,0,0,0,0,0,0
CD, ,0,0,0,KWL,0,0.0,90.0,3.2,0,0,0,0,0,0,0,0
CA,0,90.0,2,1500,0,0,0,0,0,0
DF,KWL,58.959672,-2.893947,1, ,0.0,0.0,1,2600,0,0,0,0,0,0

APPTR,I27,27,D043Y
IF,D043Y,59.272267,-2.361228, ,0.0,0.0,0,0,0,0,0,0,0,0
CF,D043K,59.097483,-2.660744,0,KWL,43.0,11.0,223.0,14.0,2,2600,0,0,0,0,0,0
CF,D043I,59.072458,-2.703283,0,KWL,43.0,9.0,223.0,2.0,0,0,0,0,0,0,1,0
AF,D076I,59.000614,-2.615169,2,KWL,76.0,9.0,43.0,2,1900,0,0,0,0,0,0
CF,CI27,58.963353,-2.663608,0,IKIR,89.4,7.8,270.0,2.0,2,1900,0,0,0,0,0,0

APPTR,I27,27,KWL1
IF,KWL,58.959672,-2.893947, ,0.0,0.0,2,2600,0,0,0,0,1,0
FD,KWL,58.959672,-2.893947,0,KWL,0.0,8.2,67.0,8.2,2,1900,0,0,0,0,0,0
CF,CI27,58.963353,-2.663608,2,IKIR,89.4,7.8,270.0,1.0,2,1900,0,0,0,0,0,0

APPTR,I27,27,KWL2
IF,KWL,58.959672,-2.893947, ,0.0,0.0,2,2600,0,0,0,0,1,0
FD,KWL,58.959672,-2.893947,0,KWL,0.0,7.7,78.0,7.7,2,1900,0,0,0,0,0,0
CF,CI27,58.963353,-2.663608,2,IKIR,89.4,7.8,270.0,1.0,2,1900,0,0,0,0,0,0

APPTR,I27,27,WIK
IF,WIK,58.458817,-3.100369, ,0.0,0.0,0,0,0,0,0,0,0,0
CF,D194O,58.715692,-2.993617,0,KWL,194.0,15.0,14.0,15.8,0,0,0,0,0,0,0,0
CF,D194K,58.780761,-2.967175,0,KWL,194.0,11.0,14.0,4.0,2,2600,0,0,0,0,0,0
CF,D194I,58.813294,-2.953917,0,KWL,194.0,9.0,14.0,2.0,0,0,0,0,0,0,1,0
AF,D103I,58.930808,-2.609836,1,KWL,103.0,9.0,194.0,2,1900,0,0,0,0,0,0
CF,CI27,58.963353,-2.663608,0,IKIR,89.4,7.8,270.0,2.0,2,1900,0,0,0,0,0,0

FINAL,I27,27,I,3
IF,CI27,58.963353,-2.663608,IKIR,89.4,7.8,2,1900,0,0,0,0,0,0
CF,FI27,58.961944,-2.727925,0,IKIR,89.4,5.8,270.0,2.0,1,1900,0,0,0,0,2,0
CF,RW27,58.958286,-2.888753,0,IKIR,89.4,0.8,270.0,5.0,1,80,0,0,0,0,3,0
CA,0,270.0,2,460,0,0,0,0,0,0
CD, ,0,0,0,KWL,0,0.0,270.0,3.5,0,0,0,0,0,0,0,0
CA,0,270.0,2,2000,0,0,0,0,0,0
DF,KWL,58.959672,-2.893947,1, ,0.0,0.0,1,2600,0,0,0,0,0,0

APPTR,N27,27,KW1
IF,KW,58.959267,-2.899303, ,0.0,0.0,2,2600,0,0,0,0,1,0
FC,KW,58.959267,-2.899303,0,KWL,0.0,0.0,72.0,6.2,2,1900,0,1,185,0,0,1
CF,FN27,58.962603,-2.706292,2,KWL,90.2,5.8,270.0,1.0,2,1900,0,0,0,0,0,0

APPTR,N27,27,KW2
IF,KW,58.959267,-2.899303, ,0.0,0.0,2,2600,0,0,0,0,1,0
FC,KW,58.959267,-2.899303,0,KWL,0.0,0.0,78.0,6.2,2,1900,0,0,0,0,0,1
CF,FN27,58.962603,-2.706292,2,KWL,90.2,5.8,270.0,1.0,2,1900,0,0,0,0,0,0

FINAL,N27,27,N,2
IF,FN27,58.962603,-2.706292,KW,0.0,0.0,2,1900,0,0,0,0,2,0
CF,RW27,58.958286,-2.888753,0,KW,0.0,0.0,270.0,5.7,1,80,0,0,0,0,3,0
CF,KW,58.959267,-2.899303,0,KWL,263.7,0.2,270.0,0.3,2,460,0,0,0,0,0,0
FA,KW,58.959267,-2.899303,0,KWL,0.0,0.0,270.0,2,2000,0,0,0,0,0,0
DF,KW,58.959267,-2.899303,1, ,0.0,0.0,1,2600,0,0,0,0,0,0

APPTR,Q09,09,D043Y
IF,D043Y,59.272267,-2.361228, ,0.0,0.0,0,0,0,0,0,0,0,0
CF,D043M,59.122494,-2.618144,0,KWL,43.0,13.0,223.0,12.0,2,2600,0,0,0,0,0,0
CF,D043K,59.097483,-2.660744,0,KWL,43.0,11.0,223.0,2.0,0,0,0,0,0,0,1,0
AF,D283K,58.994100,-3.241828,1,KWL,283.0,11.0,43.0,2,2400,0,0,0,0,0,0
CF,FQ09,58.955239,-3.112847,0,KWL,269.9,6.8,90.0,5.0,2,2400,0,0,0,0,0,0

APPTR,Q09,09,KW1
IF,KW,58.959267,-2.899303, ,0.0,0.0,2,2600,0,0,0,0,1,0
FD,KW,58.959267,-2.899303,0,KWL,263.7,10.0,251.0,10.0,2,2400,0,0,0,0,0,0
CF,FQ09,58.955239,-3.112847,2,KWL,269.9,6.8,90.0,4.0,2,2400,0,0,0,0,0,0

APPTR,Q09,09,KW2
IF,KW,58.959267,-2.899303, ,0.0,0.0,2,2600,0,0,0,0,1,0
FD,KW,58.959267,-2.899303,0,KWL,263.7,9.0,259.0,9.0,2,2400,0,0,0,0,0,0
CF,FQ09,58.955239,-3.112847,2,KWL,269.9,6.8,90.0,4.0,2,2400,0,0,0,0,0,0

APPTR,Q09,09,WIK
IF,WIK,58.458817,-3.100369, ,0.0,0.0,0,0,0,0,0,0,0,0
CF,D194O,58.715692,-2.993617,0,KWL,194.0,15.0,14.0,15.8,0,0,0,0,0,0,0,0
CF,D194M,58.748225,-2.980408,0,KWL,194.0,13.0,14.0,2.0,2,2600,0,0,0,0,0,0
CF,D194K,58.780761,-2.967175,0,KWL,194.0,11.0,14.0,2.0,0,0,0,0,0,0,1,0
AF,D256K,58.908814,-3.233769,2,KWL,256.0,11.0,194.0,2,2400,0,0,0,0,0,0
CF,FQ09,58.955239,-3.112847,0,KWL,269.9,6.8,90.0,5.0,2,2400,0,0,0,0,0,0

FINAL,Q09,09,N,3
IF,FQ09,58.955239,-3.112847,KW,0.0,0.0,2,2400,0,0,0,0,2,0
CF,35DME,58.957283,-3.006719,0,KW,0.0,0.0,90.0,3.3,2,1190,0,0,0,0,0,0
CF,MQ09,58.958775,-2.926308,0,KWL,0.0,0.0,90.0,2.5,1,275,0,0,0,0,3,0
CA,0,90.0,2,460,0,0,0,0,0,0
CD, ,0,0,0,KWL,0,0.0,90.0,3.2,0,0,0,0,0,0,0,0
CA,0,90.0,2,1500,0,0,0,0,0,0
DF,KW,58.959267,-2.899303,1, ,0.0,0.0,1,2600,0,0,0,0,0,0

APPTR,Q27,27,D043Y
IF,D043Y,59.272267,-2.361228, ,0.0,0.0,0,0,0,0,0,0,0,0
CF,D043K,59.097483,-2.660744,0,KWL,43.0,11.0,223.0,14.0,2,2600,0,0,0,0,0,0
CF,D043I,59.072458,-2.703283,0,KWL,43.0,9.0,223.0,2.0,0,0,0,0,0,0,1,0
AF,D076I,59.000614,-2.615169,2,KWL,76.0,9.0,43.0,2,1900,0,0,0,0,0,0
CF,FQ27,58.962244,-2.727839,0,KWL,90.2,5.2,270.0,4.0,2,1900,0,0,0,0,0,0

APPTR,Q27,27,KW1
IF,KW,58.959267,-2.899303, ,0.0,0.0,2,2600,0,0,0,0,1,0
FD,KW,58.959267,-2.899303,0,KWL,263.7,8.2,68.0,8.2,2,1900,0,0,0,0,0,0
CF,FQ27,58.962244,-2.727839,2,KWL,90.2,5.2,270.0,3.0,2,1900,0,0,0,0,0,0

APPTR,Q27,27,KW2
IF,KW,58.959267,-2.899303, ,0.0,0.0,2,2600,0,0,0,0,1,0
FD,KW,58.959267,-2.899303,0,KWL,263.7,7.7,78.0,7.7,2,1900,0,0,0,0,0,0
CF,FQ27,58.962244,-2.727839,2,KWL,90.2,5.2,270.0,3.0,2,1900,0,0,0,0,0,0

APPTR,Q27,27,WIK
IF,WIK,58.458817,-3.100369, ,0.0,0.0,0,0,0,0,0,0,0,0
CF,D194O,58.715692,-2.993617,0,KWL,194.0,15.0,14.0,15.8,0,0,0,0,0,0,0,0
CF,D194K,58.780761,-2.967175,0,KWL,194.0,11.0,14.0,4.0,2,2600,0,0,0,0,0,0
CF,D194I,58.813294,-2.953917,0,KWL,194.0,9.0,14.0,2.0,0,0,0,0,0,0,1,0
AF,D103I,58.930808,-2.609836,1,KWL,103.0,9.0,194.0,2,1900,0,0,0,0,0,0
CF,FQ27,58.962244,-2.727839,0,KWL,90.2,5.2,270.0,4.0,2,1900,0,0,0,0,0,0

FINAL,Q27,27,N,3
IF,FQ27,58.962244,-2.727839,KW,0.0,0.0,2,1900,0,0,0,0,2,0
CF,32DME,58.961153,-2.792181,0,KW,0.0,0.0,270.0,2.0,2,1180,0,0,0,0,0,0
CF,MQ27,58.959744,-2.872603,0,KWL,0.0,0.7,270.0,2.5,1,268,0,0,0,0,3,0
CA,0,270.0,2,460,0,0,0,0,0,0
CD, ,0,0,0,KWL,0,0.0,270.0,3.5,0,0,0,0,0,0,0,0
CA,0,270.0,2,2000,0,0,0,0,0,0
DF,KW,58.959267,-2.899303,1, ,0.0,0.0,1,2600,0,0,0,0,0,0

APPTR,R09,09,ATMEX
IF,ATMEX,58.947644,-3.332492, ,0.0,0.0,2,2600,0,0,0,0,1,0
TF,PA09I,58.950725,-3.203928,0, ,0.0,0.0,0.0,0.0,2,2100,0,0,0,0,1,0

APPTR,R09,09,TUVIV
IF,TUVIV,59.012111,-3.253478, ,0.0,0.0,2,2100,0,0,0,0,1,0
TF,PA09I,58.950725,-3.203928,0, ,0.0,0.0,0.0,0.0,2,2100,0,0,0,0,1,0

APPTR,R09,09,UPLAB
IF,UPLAB,58.887261,-3.242347, ,0.0,0.0,2,2600,0,0,0,0,1,0
TF,PA09I,58.950725,-3.203928,0, ,0.0,0.0,0.0,0.0,2,2100,0,0,0,0,1,0

FINAL,R09,09,R,3
IF,PA09I,58.950725,-3.203928, ,0.0,0.0,2,2100,0,0,0,0,0,0
TF,PA09F,58.953806,-3.075356,0, ,0.0,0.0,90.0,4.0,2,2000,0,0,0,0,2,0
TF,RW09,58.957786,-2.910122,0, ,0.0,0.0,90.0,5.1,1,89,0,0,0,0,3,1
CF,PAM01,58.961742,-2.736492,0,KWL,91.5,4.9,90.0,5.4,0,0,0,1,185,0,0,0
TF,PAM02,59.044783,-2.743811,0, ,0.0,0.0,0.0,0.0,0,0,0,1,185,0,0,0
TF,PAM03,59.040914,-2.904947,0, ,0.0,0.0,0.0,0.0,0,0,0,1,185,0,0,0
TF,KW,58.959267,-2.899303,0, ,0.0,0.0,0.0,0.0,2,2600,0,1,185,0,0,0
HM,KW,58.959267,-2.899303,2, ,0.0,0.0,90.0,04.3,2,2600,0,0,0,0,0,0,0

APPTR,R27,27,ABTOR
IF,ABTOR,58.897883,-2.620219, ,0.0,0.0,2,2600,0,1,210,0,1,0
TF,RUDKU,58.964317,-2.626050,0, ,0.0,0.0,0.0,0.0,2,1600,0,1,210,0,1,0

APPTR,R27,27,IVDIS
IF,IVDIS,59.030750,-2.631900, ,0.0,0.0,2,2600,0,1,210,0,1,0
TF,RUDKU,58.964317,-2.626050,0, ,0.0,0.0,0.0,0.0,2,1600,0,1,210,0,1,0

FINAL,R27,27,R,3
IF,RUDKU,58.964317,-2.626050, ,0.0,0.0,2,1600,0,1,210,0,1,0
TF,PA27F,58.961292,-2.757889,0, ,0.0,0.0,270.0,4.1,2,1600,0,1,210,0,2,0
TF,MA27,58.958664,-2.872678,0, ,0.0,0.0,270.0,3.6,1,275,0,0,0,0,3,1
CF,PAM04,58.954192,-3.059861,0,KWL,269.4,5.2,270.0,5.8,0,0,0,1,185,0,0,0
TF,PAM05,58.871161,-3.052611,0, ,0.0,0.0,0.0,0.0,0,0,0,1,185,0,0,0
TF,PAM06,58.874817,-2.892181,0, ,0.0,0.0,0.0,0.0,0,0,0,1,185,0,0,0
TF,KW,58.959267,-2.899303,0, ,0.0,0.0,0.0,0.0,2,2600,0,1,185,0,0,0
HM,KW,58.959267,-2.899303,2, ,0.0,0.0,90.0,04.3,2,2600,0,0,0,0,0,0,0

APPTR,S27,27,KWL1
IF,KWL,58.959672,-2.893947, ,0.0,0.0,2,2600,0,1,185,0,1,0
FC,KWL,58.959672,-2.893947,0,KWL,0.0,0.0,70.0,6.2,2,1900,0,0,0,0,0,1
CF,FS27,58.959533,-2.704819,2,KWL,92.0,5.9,272.0,2.0,2,1900,0,0,0,0,0,0

APPTR,S27,27,KWL2
IF,KWL,58.959672,-2.893947, ,0.0,0.0,2,2600,0,0,0,0,1,0
FC,KWL,58.959672,-2.893947,0,KWL,0.0,0.0,80.0,6.2,2,1900,0,0,0,0,0,1
CF,FS27,58.959533,-2.704819,2,KWL,92.0,5.9,272.0,2.0,2,1900,0,0,0,0,0,0

FINAL,S27,27,D,2
IF,FS27,58.959533,-2.704819,KWL,92.0,5.9,2,1900,0,0,0,0,2,0
CF,RW27,58.958286,-2.888753,0,KWL,119.3,0.2,272.0,5.7,1,80,0,0,0,0,3,0
CF,KWL,58.959672,-2.893947,0,KWL,0.0,0.0,272.0,0.2,2,460,0,0,0,0,0,1
CA,0,272.0,2,2000,0,0,0,0,0,0
DF,KWL,58.959672,-2.893947,1, ,0.0,0.0,1,2600,0,0,0,0,0,0

