APPTR,D13,13,CHINN
IF,CHINN,57.964167,-4.188056, ,0.0,0.0,0,0,0,0,0,0,0,0
TF,D232I,58.361867,-3.317581,0, ,0.0,0.0,0.0,0.0,0,0,0,0,0,0,0,0
CI,0, ,0.0,52.0,0,0,0,0,0,0,0,0
AF,D187G,58.342867,-3.119661,1,WIK,187.0,7.0,232.0,2,2600,0,0,0,0,0,0
AF,D135G,58.379336,-2.938311,1,WIK,135.0,7.0,187.0,2,1800,0,0,0,0,0,0
CF,WIK,58.458817,-3.100369,0,WIK,0.0,0.0,299.0,7.0,0,0,0,1,210,0,1,0
FD,WIK,58.458817,-3.100369,0,WIK,0.0,8.0,292.0,8.0,0,0,0,0,0,0,0,0
CF,FD13,58.518831,-3.227903,2,WIK,314.0,5.4,134.0,3.0,2,1800,0,0,0,0,0,0

APPTR,D13,13,D314J
IF,D314J,58.569853,-3.336889, ,0.0,0.0,0,0,0,0,0,0,1,0
CF,D314H,58.547681,-3.289464,0,WIK,314.0,8.0,134.0,2.0,2,1800,0,0,0,0,0,0
CF,FD13,58.518831,-3.227903,0,WIK,314.0,5.4,134.0,2.6,2,1800,0,0,0,0,0,0

APPTR,D13,13,KOKAL
IF,KOKAL,58.959722,-2.893889, ,0.0,0.0,0,0,0,0,0,0,0,0
TF,D014J,58.621433,-3.034100,0, ,0.0,0.0,0.0,0.0,0,0,0,0,0,0,0,0
CI,0, ,0.0,194.0,0,0,0,0,0,0,0,0
AF,D321H,58.559094,-3.267358,1,WIK,321.0,8.0,14.0,2,1800,0,0,0,0,0,0
CF,FD13,58.518831,-3.227903,0,WIK,314.0,5.4,134.0,2.6,2,1800,0,0,0,0,0,0

APPTR,D13,13,SMOKI
IF,SMOKI,57.776944,-2.598889, ,0.0,0.0,0,0,0,0,0,0,0,0
TF,D161I,58.319519,-2.996233,0, ,0.0,0.0,0.0,0.0,0,0,0,0,0,0,0,0
CI,0, ,0.0,341.0,0,0,0,0,0,0,0,0
AF,D135G,58.379336,-2.938311,1,WIK,135.0,7.0,161.0,2,1800,0,0,0,0,0,0
CF,WIK,58.458817,-3.100369,0,WIK,0.0,0.0,299.0,7.0,0,0,0,1,210,0,1,0
FD,WIK,58.458817,-3.100369,0,WIK,0.0,8.0,292.0,8.0,0,0,0,0,0,0,0,0
CF,FD13,58.518831,-3.227903,2,WIK,314.0,5.4,134.0,3.0,2,1800,0,0,0,0,0,0

APPTR,D13,13,WIK1
IF,WIK,58.458817,-3.100369, ,0.0,0.0,2,2000,0,1,210,0,1,0
FD,WIK,58.458817,-3.100369,0,WIK,0.0,8.0,292.0,8.0,2,1800,0,0,0,0,0,0
CF,FD13,58.518831,-3.227903,2,WIK,314.0,5.4,134.0,3.0,2,1800,0,0,0,0,0,0

APPTR,D13,13,WIK2
IF,WIK,58.458817,-3.100369, ,0.0,0.0,2,2000,0,1,210,0,1,0
FD,WIK,58.458817,-3.100369,0,WIK,0.0,8.0,303.0,8.0,2,1800,0,0,0,0,0,0
CF,FD13,58.518831,-3.227903,2,WIK,314.0,5.4,134.0,3.0,2,1800,0,0,0,0,0,0

APPTR,D13,13,WIK3
IF,WIK,58.458817,-3.100369, ,0.0,0.0,2,2000,0,0,0,0,1,0
HF,WIK,58.458817,-3.100369,2, ,0.0,0.0,134.0,08,2,1800,0,0,0,0,0,0,0

FINAL,D13,13,D,2
IF,FD13,58.518831,-3.227903,WIK,314.0,5.4,2,1800,0,0,0,0,2,0
CF,RW13,58.462367,-3.102114,0,WIK,347.6,0.2,134.0,5.2,1,164,0,0,0,0,3,0
CF,WIK,58.458817,-3.100369,0,WIK,0.0,0.0,134.0,0.2,2,530,0,0,0,0,0,0
FA,WIK,58.458817,-3.100369,0,WIK,0.0,0.0,134.0,2,2000,0,0,0,0,0,0
DF,WIK,58.458817,-3.100369,1, ,0.0,0.0,1,2000,0,0,0,0,0,0
HM,WIK,58.458817,-3.100369,2, ,0.0,0.0,134.0,04.3,0,0,0,0,0,0,0,0,0

APPTR,D31,31,CHINN
IF,CHINN,57.964167,-4.188056, ,0.0,0.0,0,0,0,0,0,0,0,0
TF,D232J,58.351072,-3.341642,0, ,0.0,0.0,0.0,0.0,0,0,0,0,0,0,0,0
CI,0, ,0.0,52.0,0,0,0,0,0,0,0,0
AF,D187H,58.326303,-3.122406,1,WIK,187.0,8.0,232.0,2,2600,0,0,0,0,0,0
AF,D139H,58.361417,-2.927744,1,WIK,139.0,8.0,187.0,2,1800,0,0,0,0,0,0
CF,FD31,58.407108,-2.948925,0,WIK,125.0,5.7,305.0,2.3,2,1800,0,0,0,0,0,0

APPTR,D31,31,KOKAL
IF,KOKAL,58.959722,-2.893889, ,0.0,0.0,0,0,0,0,0,0,0,0
TF,D014J,58.621433,-3.034100,0, ,0.0,0.0,0.0,0.0,0,0,0,0,0,0,0,0
CI,0, ,0.0,194.0,0,0,0,0,0,0,0,0
AF,D110H,58.417483,-2.859264,2,WIK,110.0,8.0,14.0,2,1800,0,0,0,0,0,0
CF,FD31,58.407108,-2.948925,0,WIK,125.0,5.7,305.0,2.3,2,1800,0,0,0,0,0,0

APPTR,D31,31,SMOKI
IF,SMOKI,57.776944,-2.598889, ,0.0,0.0,0,0,0,0,0,0,0,0
TF,D161J,58.304036,-2.984711,0, ,0.0,0.0,0.0,0.0,0,0,0,0,0,0,0,0
CI,0, ,0.0,341.0,0,0,0,0,0,0,0,0
AF,D139H,58.361417,-2.927744,1,WIK,139.0,8.0,161.0,2,1800,0,0,0,0,0,0
CF,FD31,58.407108,-2.948925,0,WIK,125.0,5.7,305.0,2.3,2,1800,0,0,0,0,0,0

APPTR,D31,31,WIK1
IF,WIK,58.458817,-3.100369, ,0.0,0.0,2,2000,0,1,210,0,1,0
FD,WIK,58.458817,-3.100369,0,WIK,0.0,8.0,102.0,8.0,2,1800,0,0,0,0,0,0
CF,FD31,58.407108,-2.948925,2,WIK,125.0,5.7,305.0,3.0,2,1800,0,0,0,0,0,0

APPTR,D31,31,WIK2
IF,WIK,58.458817,-3.100369, ,0.0,0.0,2,2000,0,1,210,0,1,0
FD,WIK,58.458817,-3.100369,0,WIK,0.0,8.0,148.0,8.0,2,1800,0,0,0,0,0,0
CF,FD31,58.407108,-2.948925,1,WIK,125.0,5.7,305.0,3.0,2,1800,0,0,0,0,0,0

FINAL,D31,31,D,2
IF,FD31,58.407108,-2.948925,WIK,125.0,5.7,2,1800,0,0,0,0,2,0
CF,RW31,58.455453,-3.084592,0,WIK,114.1,0.5,305.0,5.2,1,164,0,0,0,0,3,0
CF,WIK,58.458817,-3.100369,0,WIK,0.0,0.0,305.0,0.5,2,530,0,0,0,0,0,0
FA,WIK,58.458817,-3.100369,0,WIK,0.0,0.0,305.0,2,2000,0,0,0,0,0,0
DF,WIK,58.458817,-3.100369,2, ,0.0,0.0,1,2000,0,0,0,0,0,0
HM,WIK,58.458817,-3.100369,2, ,0.0,0.0,134.0,04.3,0,0,0,0,0,0,0,0,0

APPTR,Q13,13,D309K
IF,D309K,58.557581,-3.356033, ,0.0,0.0,0,0,0,0,0,0,1,0
CF,D309I,58.538142,-3.304419,0,WIK,308.7,8.0,129.0,2.0,2,1800,0,0,0,0,0,0
CF,FQ13,58.512839,-3.237408,0,WIK,309.0,5.4,129.0,2.6,2,1800,0,0,0,0,0,0

APPTR,Q13,13,KOKAL
IF,KOKAL,58.959722,-2.893889, ,0.0,0.0,0,0,0,0,0,0,0,0
TF,D014J,58.621433,-3.034100,0, ,0.0,0.0,0.0,0.0,0,0,0,0,0,0,0,0
CI,0, ,0.0,194.0,0,0,0,0,0,0,0,0
AF,D321H,58.559094,-3.267358,1,WIK,321.0,8.0,14.0,2,1800,0,0,0,0,0,0
CF,FQ13,58.512839,-3.237408,0,WIK,309.0,5.4,129.0,2.6,2,1800,0,0,0,0,0,0

APPTR,Q13,13,WCK
IF,WCK,58.446697,-3.063119, ,0.0,0.0,2,2000,0,0,0,0,1,0
HF,WCK,58.446697,-3.063119,2, ,0.0,0.0,129.0,09.4,2,1800,0,0,0,0,0,0,0

FINAL,Q13,13,N,2
IF,FQ13,58.512839,-3.237408,WCK,0.0,0.0,2,1800,0,0,0,0,2,0
CF,MQ13,58.464964,-3.111125,0,WIK,0.0,0.5,129.0,4.9,1,266,0,0,0,0,3,0
FA,MQ13,58.464964,-3.111125,0,WIK,0.0,0.0,129.0,2,2000,0,0,0,0,0,0
DF,WCK,58.446697,-3.063119,1, ,0.0,0.0,1,2000,0,0,0,0,0,0
HM,WCK,58.446697,-3.063119,2, ,0.0,0.0,129.0,04.3,0,0,0,0,0,0,0,0,0

APPTR,Q31,31,CHINN
IF,CHINN,57.964167,-4.188056, ,0.0,0.0,0,0,0,0,0,0,0,0
TF,D232J,58.351072,-3.341642,0, ,0.0,0.0,0.0,0.0,0,0,0,0,0,0,0,0
CI,0, ,0.0,52.0,0,0,0,0,0,0,0,0
AF,D187F,58.326108,-3.083172,1,WIK,178.1,8.0,232.0,2,2600,0,0,0,0,0,0
AF,D147G,58.355247,-2.941369,1,WIK,143.1,8.0,187.0,2,1800,0,0,0,0,0,0
CF,FQ31,58.404428,-2.952406,0,WIK,127.0,5.7,309.0,2.3,2,1800,0,0,0,0,0,0

APPTR,Q31,31,SMOKI
IF,SMOKI,57.776944,-2.598889, ,0.0,0.0,0,0,0,0,0,0,0,0
TF,D161J,58.304036,-2.984711,0, ,0.0,0.0,0.0,0.0,0,0,0,0,0,0,0,0
CI,0, ,0.0,341.0,0,0,0,0,0,0,0,0
AF,D147G,58.355247,-2.941369,1,WIK,143.1,8.0,161.0,2,1800,0,0,0,0,0,0
CF,FQ31,58.404428,-2.952406,0,WIK,127.0,5.7,309.0,2.3,2,1800,0,0,0,0,0,0

APPTR,Q31,31,WCK1
IF,WCK,58.446697,-3.063119, ,0.0,0.0,2,2000,0,1,210,0,1,0
FD,WCK,58.446697,-3.063119,0,WIK,123.8,8.0,102.0,8.0,2,1800,0,0,0,0,0,0
CF,FQ31,58.404428,-2.952406,2,WIK,127.0,5.7,309.0,3.0,2,1800,0,0,0,0,0,0

APPTR,Q31,31,WCK2
IF,WCK,58.446697,-3.063119, ,0.0,0.0,2,2000,0,1,210,0,1,0
FD,WCK,58.446697,-3.063119,0,WIK,123.8,8.0,116.0,8.0,2,1800,0,0,0,0,0,0
CF,FQ31,58.404428,-2.952406,2,WIK,127.0,5.7,309.0,3.0,2,1800,0,0,0,0,0,0

FINAL,Q31,31,N,2
IF,FQ31,58.404428,-2.952406,WCK,0.0,0.0,2,1800,0,0,0,0,2,0
CF,WCK,58.446697,-3.063119,0,WIK,0.0,1.4,309.0,4.3,1,438,0,0,0,0,3,0
FA,WCK,58.446697,-3.063119,0,WIK,0.0,0.0,309.0,2,2000,0,0,0,0,0,0
DF,WCK,58.446697,-3.063119,2, ,0.0,0.0,1,2000,0,0,0,0,0,0
HM,WCK,58.446697,-3.063119,2, ,0.0,0.0,129.0,04.3,0,0,0,0,0,0,0,0,0

APPTR,R13,13,ABUVO
IF,ABUVO,58.517867,-3.492906, ,0.0,0.0,2,2600,0,0,0,0,1,0
TF,PC13I,58.563531,-3.359967,0, ,0.0,0.0,0.0,0.0,2,1800,0,0,0,0,1,0

APPTR,R13,13,NISVO
IF,NISVO,58.643158,-3.313986, ,0.0,0.0,2,2400,0,0,0,0,1,0
TF,PC13I,58.563531,-3.359967,0, ,0.0,0.0,0.0,0.0,2,1800,0,0,0,0,1,0

APPTR,R13,13,OGASU
IF,OGASU,58.613231,-3.487678, ,0.0,0.0,2,2200,0,0,0,0,1,0
TF,PC13I,58.563531,-3.359967,0, ,0.0,0.0,0.0,0.0,2,1800,0,0,0,0,1,0

FINAL,R13,13,R,3
IF,PC13I,58.563531,-3.359967, ,0.0,0.0,2,1800,0,0,0,0,0,0
TF,PC13F,58.513706,-3.232619,0, ,0.0,0.0,129.0,5.0,2,1800,0,0,0,0,2,0
TF,RW13,58.462367,-3.102114,0, ,0.0,0.0,129.0,5.1,1,164,0,0,0,0,3,1
TF,PCM01,58.427147,-3.013006,0, ,0.0,0.0,0.0,0.0,0,0,0,1,185,0,0,0
FA,PCM01,58.427147,-3.013006,0,WIK,0.0,0.0,129.0,2,2000,0,0,0,0,0,0
DF,WCK,58.446697,-3.063119,1, ,0.0,0.0,0,0,0,0,0,0,0,0
HM,WCK,58.446697,-3.063119,2, ,0.0,0.0,129.0,04.3,2,2000,0,0,0,0,0,0,0

APPTR,R31,31,ETVAR
IF,ETVAR,58.425000,-2.745144, ,0.0,0.0,2,1800,0,0,0,0,1,0
TF,PC31I,58.358786,-2.840986,0, ,0.0,0.0,0.0,0.0,2,1800,0,0,0,0,1,0

APPTR,R31,31,OLNIT
IF,OLNIT,58.273017,-2.964444, ,0.0,0.0,2,2600,0,0,0,0,1,0
TF,PC31I,58.358786,-2.840986,0, ,0.0,0.0,0.0,0.0,2,1800,0,0,0,0,1,0

APPTR,R31,31,ULMOD
IF,ULMOD,58.309769,-2.718408, ,0.0,0.0,2,1800,0,0,0,0,1,0
TF,PC31I,58.358786,-2.840986,0, ,0.0,0.0,0.0,0.0,2,1800,0,0,0,0,1,0

FINAL,R31,31,R,3
IF,PC31I,58.358786,-2.840986, ,0.0,0.0,2,1800,0,0,0,0,0,0
TF,PC31F,58.403986,-2.954583,0, ,0.0,0.0,309.0,4.5,2,1800,0,0,0,0,2,0
TF,RW31,58.455453,-3.084592,0, ,0.0,0.0,309.0,5.1,1,164,0,0,0,0,3,1
TF,PCM02,58.490633,-3.173881,0, ,0.0,0.0,0.0,0.0,0,0,0,0,0,0,0,0
FA,PCM02,58.490633,-3.173881,0,WIK,0.0,0.0,309.0,2,2000,0,0,0,0,0,0
DF,WCK,58.446697,-3.063119,2, ,0.0,0.0,0,0,0,0,0,0,0,0
HM,WCK,58.446697,-3.063119,2, ,0.0,0.0,129.0,04.3,2,2000,0,0,0,0,0,0,0

