APPTR,R07,07,NEXGO
IF,NEXGO,57.659908,-3.971017, ,0.0,0.0,2,3200,0,1,230,0,1,0
TF,SOFEV,57.581519,-3.919356,0, ,0.0,0.0,0.0,0.0,2,3200,0,1,230,0,1,0

APPTR,R07,07,YABIF
IF,YABIF,57.503147,-3.867700, ,0.0,0.0,2,3200,0,1,230,0,1,0
TF,SOFEV,57.581519,-3.919356,0, ,0.0,0.0,0.0,0.0,2,3200,0,1,230,0,1,0

FINAL,R07,07,R,3
IF,SOFEV,57.581519,-3.919356, ,0.0,0.0,2,3200,0,1,230,0,1,0
TF,QK07F,57.619192,-3.720203,0, ,0.0,0.0,73.0,6.8,2,1610,0,0,0,0,2,0
TF,RW07,57.645936,-3.578892,0, ,0.0,0.0,73.0,4.8,1,62,0,0,0,0,3,1
CF,QKM01,57.673600,-3.432600,0,INS,71.9,21.2,73.0,5.0,0,0,0,1,220,0,0,1
DF,ELGAL,57.792708,-3.511581,1, ,0.0,0.0,2,3210,0,1,220,0,0,0
HM,ELGAL,57.792708,-3.511581,1, ,0.0,0.0,73.0,04.3,0,0,0,1,230,0,0,0,0

APPTR,R25,25,LUMFU
IF,LUMFU,57.787503,-3.298089, ,0.0,0.0,2,2500,0,1,230,0,1,0
TF,QK25I,57.709100,-3.246328,0, ,0.0,0.0,0.0,0.0,2,2500,0,1,230,0,1,0

APPTR,R25,25,PIZME
IF,PIZME,57.630717,-3.194567, ,0.0,0.0,2,3800,0,1,230,0,1,0
TF,QK25I,57.709100,-3.246328,0, ,0.0,0.0,0.0,0.0,2,2500,0,1,230,0,1,0

APPTR,R25,25,ROZEP
IF,ROZEP,57.736889,-3.099867, ,0.0,0.0,2,2600,0,1,230,0,1,0
TF,QK25I,57.709100,-3.246328,0, ,0.0,0.0,0.0,0.0,2,2500,0,1,230,0,1,0

FINAL,R25,25,R,3
IF,QK25I,57.709100,-3.246328, ,0.0,0.0,2,2500,0,1,230,0,0,0
TF,QK25F,57.681311,-3.392678,0, ,0.0,0.0,253.0,5.0,2,1710,0,0,0,0,2,0
TF,RW25,57.652878,-3.542286,0, ,0.0,0.0,253.0,5.1,1,72,0,0,0,0,3,1
CF,QKM02,57.636225,-3.629986,0,INS,70.9,14.4,253.0,3.0,0,0,0,1,230,0,0,1
CF,LUMFU,57.787503,-3.298089,2,INS,62.1,28.1,73.0,12.0,2,2510,0,1,230,0,0,1
HM,LUMFU,57.787503,-3.298089,1, ,0.0,0.0,163.0,04.3,0,0,0,1,230,0,0,0,0

