STAR,ABOT1A,ALL,2
IF,BKY,51.989769,0.061908, ,0.0,0.0,0,0,0,0,0,0,0,0
TF,ADNAM,52.104722,0.738611,0, ,0.0,0.0,0.0,0.0,0,0,0,0,0,0,0,1
CF,ABBOT,52.016111,0.599444,2,BKY,86.3,20.0,265.0,6.0,0,0,0,0,0,0,0,0

STAR,ABOT1F,ALL,2
IF,BPK,51.749736,-0.106736, ,0.0,0.0,0,0,0,0,0,0,0,0
TF,ADNAM,52.104722,0.738611,0, ,0.0,0.0,0.0,0.0,0,0,0,0,0,0,0,1
CF,ABBOT,52.016111,0.599444,2,BKY,86.3,20.0,265.0,6.0,0,0,0,0,0,0,0,0

STAR,ASKE1B,ALL,2
IF,KATHY,50.520556,-1.333333, ,0.0,0.0,3,17000,0,0,0,0,0,0
TF,HAZEL,51.005278,-0.984444,0, ,0.0,0.0,0.0,0.0,3,17000,0,0,0,0,0,0
TF,WOD,51.452783,-0.878800,0, ,0.0,0.0,0.0,0.0,0,0,0,0,0,0,0,0
TF,WCO,51.852919,-0.962408,0, ,0.0,0.0,0.0,0.0,0,0,0,0,0,0,0,0
TF,BOMBO,51.995556,-0.396389,0, ,0.0,0.0,0.0,0.0,0,0,0,1,250,0,0,0
TF,BKY,51.989769,0.061908,0, ,0.0,0.0,0.0,0.0,0,0,0,0,0,0,0,0
TF,BUSTA,52.092778,0.067778,0, ,0.0,0.0,0.0,0.0,0,0,0,0,0,0,0,0
VI,1, ,0.0,206.0,0,0,0,0,0,0,0,0
CF,ASKEY,52.013889,-0.052778,0,BKY,288.9,4.5,161.0,4.0,0,0,0,0,0,0,0,0

STAR,ASKE1K,ALL,2
IF,DTY,52.180142,-1.113789, ,0.0,0.0,0,0,0,0,0,0,0,0
TF,FINMA,51.996389,-1.053611,0, ,0.0,0.0,0.0,0.0,0,0,0,0,0,0,0,0
TF,BOMBO,51.995556,-0.396389,0, ,0.0,0.0,0.0,0.0,0,0,0,1,250,0,0,0
TF,BKY,51.989769,0.061908,0, ,0.0,0.0,0.0,0.0,0,0,0,0,0,0,0,0
TF,BUSTA,52.092778,0.067778,0, ,0.0,0.0,0.0,0.0,0,0,0,0,0,0,0,1
VI,1, ,0.0,206.0,0,0,0,0,0,0,0,0
CF,ASKEY,52.013889,-0.052778,0,BKY,288.9,4.5,161.0,4.0,0,0,0,0,0,0,0,0

STAR,ASKE1R,ALL,2
IF,ABBOT,52.016111,0.599444, ,0.0,0.0,0,0,0,0,0,0,0,0
TF,TABIS,52.008889,0.445556,0, ,0.0,0.0,0.0,0.0,0,0,0,0,0,0,0,0
TF,BUSTA,52.092778,0.067778,0, ,0.0,0.0,0.0,0.0,0,0,0,0,0,0,0,1
VI,0, ,0.0,251.0,0,0,0,0,0,0,0,0
CF,ASKEY,52.013889,-0.052778,0,LAM,341.1,23.4,161.0,4.0,0,0,0,0,0,0,0,0

STAR,ASKE2H,ALL,2
IF,HON,52.356678,-1.663725, ,0.0,0.0,0,0,0,0,0,0,0,0
TF,CLIPY,52.000833,-1.085833,0, ,0.0,0.0,0.0,0.0,1,15000,0,0,0,0,0,0
TF,BOMBO,51.995556,-0.396389,0, ,0.0,0.0,0.0,0.0,0,0,0,1,250,0,0,0
TF,BKY,51.989769,0.061908,0, ,0.0,0.0,0.0,0.0,0,0,0,0,0,0,0,0
TF,BUSTA,52.092778,0.067778,0, ,0.0,0.0,0.0,0.0,0,0,0,0,0,0,0,0
VI,1, ,0.0,206.0,0,0,0,0,0,0,0,0
CF,ASKEY,52.013889,-0.052778,0,BKY,288.9,4.5,161.0,4.0,0,0,0,0,0,0,0,0

STAR,ASKE2L,ALL,2
IF,KENET,51.520556,-1.455000, ,0.0,0.0,3,17000,0,0,0,0,0,0
TF,WCO,51.852919,-0.962408,0, ,0.0,0.0,0.0,0.0,0,0,0,0,0,0,0,0
TF,BOMBO,51.995556,-0.396389,0, ,0.0,0.0,0.0,0.0,0,0,0,1,250,0,0,0
TF,BKY,51.989769,0.061908,0, ,0.0,0.0,0.0,0.0,0,0,0,0,0,0,0,0
TF,BUSTA,52.092778,0.067778,0, ,0.0,0.0,0.0,0.0,0,0,0,0,0,0,0,0
VI,1, ,0.0,206.0,0,0,0,0,0,0,0,0
CF,ASKEY,52.013889,-0.052778,0,BKY,288.9,4.5,161.0,4.0,0,0,0,0,0,0,0,0

STAR,ASKE3G,ALL,2
IF,MCT,53.357025,-2.262289, ,0.0,0.0,0,0,0,0,0,0,0,0
TF,PEDIG,52.746667,-1.719444,0, ,0.0,0.0,0.0,0.0,0,0,0,0,0,0,0,0
TF,ROGBI,52.296389,-1.335000,0, ,0.0,0.0,0.0,0.0,1,20000,0,0,0,0,0,0
TF,CLIPY,52.000833,-1.085833,0, ,0.0,0.0,0.0,0.0,1,15000,0,0,0,0,0,0
TF,BOMBO,51.995556,-0.396389,0, ,0.0,0.0,0.0,0.0,0,0,0,1,250,0,0,0
TF,BKY,51.989769,0.061908,0, ,0.0,0.0,0.0,0.0,0,0,0,0,0,0,0,0
TF,BUSTA,52.092778,0.067778,0, ,0.0,0.0,0.0,0.0,0,0,0,0,0,0,0,0
VI,1, ,0.0,206.0,0,0,0,0,0,0,0,0
CF,ASKEY,52.013889,-0.052778,0,BKY,289.9,4.5,161.0,4.0,0,0,0,0,0,0,0,0

STAR,ASKE4Q,ALL,2
IF,BANVA,50.545000,0.753333, ,0.0,0.0,0,0,0,0,0,0,0,0
TF,UNDUG,50.790000,0.425000,0, ,0.0,0.0,0.0,0.0,0,0,0,0,0,0,0,0
TF,MAY,51.017183,0.116122,0, ,0.0,0.0,0.0,0.0,1,20000,0,0,0,0,0,0
TF,VATON,51.434444,-0.348889,0, ,0.0,0.0,0.0,0.0,0,0,0,0,0,0,0,0
TF,D205P,51.748258,-0.119419,0, ,0.0,0.0,0.0,0.0,0,0,0,1,250,0,0,0
TF,BKY,51.989769,0.061908,0, ,0.0,0.0,0.0,0.0,0,0,0,0,0,0,0,0
TF,BUSTA,52.092778,0.067778,0, ,0.0,0.0,0.0,0.0,0,0,0,0,0,0,0,0
VI,1, ,0.0,207.0,0,0,0,0,0,0,0,0
CF,ASKEY,52.013889,-0.052778,0,BKY,288.9,4.5,161.0,4.0,0,0,0,0,0,0,0,0

STAR,ASKE5A,ALL,2
IF,WCO,51.852919,-0.962408, ,0.0,0.0,0,0,0,0,0,0,0,0
TF,BOMBO,51.995556,-0.396389,0, ,0.0,0.0,0.0,0.0,0,0,0,1,250,0,0,0
TF,BKY,51.989769,0.061908,0, ,0.0,0.0,0.0,0.0,0,0,0,0,0,0,0,0
TF,BUSTA,52.092778,0.067778,0, ,0.0,0.0,0.0,0.0,0,0,0,0,0,0,0,1
VI,1, ,0.0,206.0,0,0,0,0,0,0,0,0
CF,ASKEY,52.013889,-0.052778,0,BKY,288.9,4.5,161.0,4.0,0,0,0,0,0,0,0,0

STAR,ASKE5F,ALL,2
IF,LISTO,53.143333,-2.199167, ,0.0,0.0,0,0,0,0,0,0,0,0
TF,PEDIG,52.746667,-1.719444,0, ,0.0,0.0,0.0,0.0,0,0,0,0,0,0,0,0
TF,ROGBI,52.296389,-1.335000,0, ,0.0,0.0,0.0,0.0,1,20000,0,0,0,0,0,0
TF,CLIPY,52.000833,-1.085833,0, ,0.0,0.0,0.0,0.0,1,15000,0,0,0,0,0,0
TF,BOMBO,51.995556,-0.396389,0, ,0.0,0.0,0.0,0.0,0,0,0,1,250,0,0,0
TF,BKY,51.989769,0.061908,0, ,0.0,0.0,0.0,0.0,0,0,0,0,0,0,0,0
TF,BUSTA,52.092778,0.067778,0, ,0.0,0.0,0.0,0.0,0,0,0,0,0,0,0,1
VI,1, ,0.0,206.0,0,0,0,0,0,0,0,0
CF,ASKEY,52.013889,-0.052778,0,BKY,288.9,4.5,161.0,4.0,0,0,0,0,0,0,0,0

STAR,AVAN1L,ALL,5
IF,AVANT,50.820000,-0.938333, ,0.0,0.0,1,19000,0,0,0,0,0,0
TF,OCK,51.305047,-0.447183,0, ,0.0,0.0,0.0,0.0,0,0,0,0,0,0,0,0
TF,VATON,51.434444,-0.348889,0, ,0.0,0.0,0.0,0.0,0,0,0,0,0,0,0,0
TF,BPK,51.749736,-0.106736,0, ,0.0,0.0,0.0,0.0,0,0,0,1,250,0,0,0
TF,BKY,51.989769,0.061908,0, ,0.0,0.0,0.0,0.0,0,0,0,1,220,0,0,0
TF,BUSTA,52.092778,0.067778,0, ,0.0,0.0,0.0,0.0,0,0,0,1,220,0,0,1
CF,LOREL,52.013889,-0.052778,1,BPK,7.2,16.0,187.0,5.0,1,7000,0,1,220,0,0,0

STAR,BARM1A,ALL,5
IF,BARMI,52.478267,2.570481, ,0.0,0.0,1,26000,0,0,0,0,0,0
TF,MEGEL,52.349428,2.073667,0, ,0.0,0.0,0.0,0.0,1,22000,0,0,0,0,0,0
TF,DITOB,52.283653,1.824189,0, ,0.0,0.0,0.0,0.0,0,0,0,0,0,0,0,0
TF,LAPRA,52.118661,1.210125,0, ,0.0,0.0,0.0,0.0,1,12000,0,1,250,0,0,0
TF,ABBOT,52.016111,0.599444,0, ,0.0,0.0,0.0,0.0,4,14000,8000,1,220,0,0,0

STAR,BARM1Q,ALL,5
IF,BARMI,52.478267,2.570481, ,0.0,0.0,1,26000,0,0,0,0,0,0
TF,MEGEL,52.349428,2.073667,0, ,0.0,0.0,0.0,0.0,1,22000,0,0,0,0,0,0
TF,DITOB,52.283653,1.824189,0, ,0.0,0.0,0.0,0.0,0,0,0,0,0,0,0,0
TF,LAPRA,52.118661,1.210125,0, ,0.0,0.0,0.0,0.0,1,12000,0,1,250,0,0,0
TF,CASEY,52.008611,0.583056,0, ,0.0,0.0,0.0,0.0,4,14000,8000,1,220,0,0,0

STAR,BEDE1L,ALL,5
IF,BEDEK,51.370833,-1.558611, ,0.0,0.0,1,18000,0,0,0,0,0,0
TF,NIGIT,51.313044,-1.170753,0, ,0.0,0.0,0.0,0.0,0,0,0,0,0,0,0,0
TF,OCK,51.305047,-0.447183,0, ,0.0,0.0,0.0,0.0,0,0,0,0,0,0,0,0
TF,VATON,51.434444,-0.348889,0, ,0.0,0.0,0.0,0.0,0,0,0,0,0,0,0,0
TF,BPK,51.749736,-0.106736,0, ,0.0,0.0,0.0,0.0,0,0,0,1,250,0,0,0
TF,BKY,51.989769,0.061908,0, ,0.0,0.0,0.0,0.0,0,0,0,1,220,0,0,0
TF,BUSTA,52.092778,0.067778,0, ,0.0,0.0,0.0,0.0,0,0,0,1,220,0,0,1
CF,LOREL,52.013889,-0.052778,1,BPK,7.2,16.0,187.0,5.0,1,7000,0,1,220,0,0,0

STAR,CASE1F,ALL,2
IF,BPK,51.749736,-0.106736, ,0.0,0.0,0,0,0,0,0,0,0,0
TF,KEMPY,52.127500,0.646111,0, ,0.0,0.0,0.0,0.0,0,0,0,0,0,0,0,1
CF,CASEY,52.008611,0.583056,2,BPK,59.5,30.0,239.0,6.0,0,0,0,0,0,0,0,0

STAR,DET1A,ALL,2
IF,DET,51.304003,0.597275, ,0.0,0.0,3,17000,0,0,0,0,0,0
TF,DET32,51.836672,0.598889,0, ,0.0,0.0,0.0,0.0,0,0,0,1,250,0,0,0
TF,ABBOT,52.016111,0.599444,0, ,0.0,0.0,0.0,0.0,0,0,0,0,0,0,0,0

STAR,DET1Q,ALL,2
IF,DET,51.304003,0.597275, ,0.0,0.0,3,17000,0,0,0,0,0,0
TF,DE32A,51.836631,0.586567,0, ,0.0,0.0,0.0,0.0,0,0,0,1,250,0,0,0
TF,CASEY,52.008611,0.583056,0, ,0.0,0.0,0.0,0.0,0,0,0,0,0,0,0,0

STAR,IDES1A,ALL,5
IF,IDESI,51.897706,1.885578, ,0.0,0.0,1,18000,0,0,0,0,0,0
TF,LAPRA,52.118661,1.210125,0, ,0.0,0.0,0.0,0.0,1,12000,0,1,250,0,0,0
TF,ABBOT,52.016111,0.599444,0, ,0.0,0.0,0.0,0.0,4,14000,8000,1,220,0,0,0

STAR,IDES1Q,ALL,5
IF,IDESI,51.897706,1.885578, ,0.0,0.0,1,18000,0,0,0,0,0,0
TF,LAPRA,52.118661,1.210125,0, ,0.0,0.0,0.0,0.0,1,12000,0,1,250,0,0,0
TF,CASEY,52.008611,0.583056,0, ,0.0,0.0,0.0,0.0,4,14000,8000,1,220,0,0,0

STAR,LOGA1A,ALL,2
IF,LOGAN,51.747589,1.611828, ,0.0,0.0,0,0,0,0,0,0,0,0
TF,CLN,51.848472,1.147589,0, ,0.0,0.0,0.0,0.0,0,0,0,1,250,0,0,0
TF,ABBOT,52.016111,0.599444,0, ,0.0,0.0,0.0,0.0,0,0,0,0,0,0,0,0

STAR,LOGA1Q,ALL,2
IF,LOGAN,51.747589,1.611828, ,0.0,0.0,0,0,0,0,0,0,0,0
TF,CLN,51.848472,1.147589,0, ,0.0,0.0,0.0,0.0,0,0,0,1,250,0,0,0
TF,CASEY,52.008611,0.583056,0, ,0.0,0.0,0.0,0.0,0,0,0,0,0,0,0,0

STAR,LORE1B,ALL,2
IF,KATHY,50.520556,-1.333333, ,0.0,0.0,3,17000,0,0,0,0,0,0
TF,HAZEL,51.005278,-0.984444,0, ,0.0,0.0,0.0,0.0,3,17000,0,0,0,0,0,0
TF,WOD,51.452783,-0.878800,0, ,0.0,0.0,0.0,0.0,0,0,0,0,0,0,0,0
TF,WCO,51.852919,-0.962408,0, ,0.0,0.0,0.0,0.0,0,0,0,0,0,0,0,0
TF,BOMBO,51.995556,-0.396389,0, ,0.0,0.0,0.0,0.0,0,0,0,1,250,0,0,0
TF,BKY,51.989769,0.061908,0, ,0.0,0.0,0.0,0.0,0,0,0,0,0,0,0,0
TF,BUSTA,52.092778,0.067778,0, ,0.0,0.0,0.0,0.0,0,0,0,0,0,0,0,1
CF,LOREL,52.013889,-0.052778,1,BKY,288.9,4.5,188.0,5.0,0,0,0,0,0,0,0,0

STAR,LORE1K,ALL,2
IF,DTY,52.180142,-1.113789, ,0.0,0.0,0,0,0,0,0,0,0,0
TF,FINMA,51.996389,-1.053611,0, ,0.0,0.0,0.0,0.0,0,0,0,0,0,0,0,0
TF,BOMBO,51.995556,-0.396389,0, ,0.0,0.0,0.0,0.0,0,0,0,1,250,0,0,0
TF,BKY,51.989769,0.061908,0, ,0.0,0.0,0.0,0.0,0,0,0,0,0,0,0,0
TF,BUSTA,52.092778,0.067778,0, ,0.0,0.0,0.0,0.0,0,0,0,0,0,0,0,1
CF,LOREL,52.013889,-0.052778,1,BKY,288.9,4.5,188.0,5.0,0,0,0,0,0,0,0,0

STAR,LORE1R,ALL,2
IF,ABBOT,52.016111,0.599444, ,0.0,0.0,0,0,0,0,0,0,0,0
TF,TABIS,52.008889,0.445556,0, ,0.0,0.0,0.0,0.0,0,0,0,0,0,0,0,0
TF,BUSTA,52.092778,0.067778,0, ,0.0,0.0,0.0,0.0,0,0,0,0,0,0,0,1
VI,0, ,0.0,232.0,0,0,0,0,0,0,0,0
CF,LOREL,52.013889,-0.052778,1,BKY,288.9,4.5,188.0,2.0,0,0,0,0,0,0,0,0

STAR,LORE2H,ALL,2
IF,HON,52.356678,-1.663725, ,0.0,0.0,0,0,0,0,0,0,0,0
TF,CLIPY,52.000833,-1.085833,0, ,0.0,0.0,0.0,0.0,1,15000,0,0,0,0,0,0
TF,BOMBO,51.995556,-0.396389,0, ,0.0,0.0,0.0,0.0,0,0,0,1,250,0,0,0
TF,BKY,51.989769,0.061908,0, ,0.0,0.0,0.0,0.0,0,0,0,0,0,0,0,0
TF,BUSTA,52.092778,0.067778,0, ,0.0,0.0,0.0,0.0,0,0,0,0,0,0,0,1
CF,LOREL,52.013889,-0.052778,1,BKY,288.9,4.5,188.0,5.0,0,0,0,0,0,0,0,0

STAR,LORE2L,ALL,2
IF,KENET,51.520556,-1.455000, ,0.0,0.0,3,17000,0,0,0,0,0,0
TF,WCO,51.852919,-0.962408,0, ,0.0,0.0,0.0,0.0,0,0,0,0,0,0,0,0
TF,BOMBO,51.995556,-0.396389,0, ,0.0,0.0,0.0,0.0,0,0,0,1,250,0,0,0
TF,BKY,51.989769,0.061908,0, ,0.0,0.0,0.0,0.0,0,0,0,0,0,0,0,0
TF,BUSTA,52.092778,0.067778,0, ,0.0,0.0,0.0,0.0,0,0,0,0,0,0,0,1
CF,LOREL,52.013889,-0.052778,1,BKY,289.9,4.5,188.0,5.0,0,0,0,0,0,0,0,0

STAR,LORE3G,ALL,2
IF,MCT,53.357025,-2.262289, ,0.0,0.0,0,0,0,0,0,0,0,0
TF,PEDIG,52.746667,-1.719444,0, ,0.0,0.0,0.0,0.0,0,0,0,0,0,0,0,0
TF,ROGBI,52.296389,-1.335000,0, ,0.0,0.0,0.0,0.0,1,20000,0,0,0,0,0,0
TF,CLIPY,52.000833,-1.085833,0, ,0.0,0.0,0.0,0.0,1,15000,0,0,0,0,0,0
TF,BOMBO,51.995556,-0.396389,0, ,0.0,0.0,0.0,0.0,0,0,0,1,250,0,0,0
TF,BKY,51.989769,0.061908,0, ,0.0,0.0,0.0,0.0,0,0,0,0,0,0,0,0
TF,BUSTA,52.092778,0.067778,0, ,0.0,0.0,0.0,0.0,0,0,0,0,0,0,0,1
CF,LOREL,52.013889,-0.052778,1,BKY,288.9,4.5,188.0,5.0,0,0,0,0,0,0,0,0

STAR,LORE4Q,ALL,2
IF,BANVA,50.545000,0.753333, ,0.0,0.0,0,0,0,0,0,0,0,0
TF,UNDUG,50.790000,0.425000,0, ,0.0,0.0,0.0,0.0,0,0,0,0,0,0,0,0
TF,MAY,51.017183,0.116122,0, ,0.0,0.0,0.0,0.0,1,20000,0,0,0,0,0,0
TF,VATON,51.434444,-0.348889,0, ,0.0,0.0,0.0,0.0,0,0,0,0,0,0,0,0
TF,BPK,51.749736,-0.106736,0, ,0.0,0.0,0.0,0.0,0,0,0,1,250,0,0,0
TF,BKY,51.989769,0.061908,0, ,0.0,0.0,0.0,0.0,0,0,0,0,0,0,0,0
TF,BUSTA,52.092778,0.067778,0, ,0.0,0.0,0.0,0.0,0,0,0,0,0,0,0,1
CF,LOREL,52.013889,-0.052778,1,BKY,289.9,4.5,188.0,5.0,0,0,0,0,0,0,0,0

STAR,LORE5A,ALL,2
IF,WCO,51.852919,-0.962408, ,0.0,0.0,0,0,0,0,0,0,0,0
TF,BOMBO,51.995556,-0.396389,0, ,0.0,0.0,0.0,0.0,0,0,0,1,250,0,0,0
TF,BKY,51.989769,0.061908,0, ,0.0,0.0,0.0,0.0,0,0,0,0,0,0,0,0
TF,BUSTA,52.092778,0.067778,0, ,0.0,0.0,0.0,0.0,0,0,0,0,0,0,0,1
CF,LOREL,52.013889,-0.052778,1,BKY,288.9,4.5,188.0,5.0,0,0,0,0,0,0,0,0

STAR,LORE5F,ALL,2
IF,LISTO,53.143333,-2.199167, ,0.0,0.0,0,0,0,0,0,0,0,0
TF,PEDIG,52.746667,-1.719444,0, ,0.0,0.0,0.0,0.0,0,0,0,0,0,0,0,0
TF,ROGBI,52.296389,-1.335000,0, ,0.0,0.0,0.0,0.0,1,20000,0,0,0,0,0,0
TF,CLIPY,52.000833,-1.085833,0, ,0.0,0.0,0.0,0.0,1,15000,0,0,0,0,0,0
TF,BOMBO,51.995556,-0.396389,0, ,0.0,0.0,0.0,0.0,0,0,0,1,250,0,0,0
TF,BKY,51.989769,0.061908,0, ,0.0,0.0,0.0,0.0,0,0,0,0,0,0,0,0
TF,BUSTA,52.092778,0.067778,0, ,0.0,0.0,0.0,0.0,0,0,0,0,0,0,0,1
CF,LOREL,52.013889,-0.052778,1,BKY,288.9,4.5,188.0,5.0,0,0,0,0,0,0,0,0

STAR,TELT1L,ALL,5
IF,TELTU,50.811089,-0.754914, ,0.0,0.0,1,19000,0,0,0,0,0,0
TF,VATON,51.434444,-0.348889,0, ,0.0,0.0,0.0,0.0,0,0,0,0,0,0,0,0
TF,BPK,51.749736,-0.106736,0, ,0.0,0.0,0.0,0.0,0,0,0,1,250,0,0,0
TF,BKY,51.989769,0.061908,0, ,0.0,0.0,0.0,0.0,0,0,0,1,220,0,0,0
TF,BUSTA,52.092778,0.067778,0, ,0.0,0.0,0.0,0.0,0,0,0,1,220,0,0,1
CF,LOREL,52.013889,-0.052778,1,BKY,288.9,4.5,187.0,5.0,1,7000,0,1,220,0,0,0

APPTR,I23,23,CAM1
IF,CAM,52.210714,0.183058, ,0.0,0.0,2,3000,0,1,185,0,1,0
FC,CAM,52.210714,0.183058,0,BKY,0.0,0.0,67.0,8.0,2,1700,0,0,0,0,0,1
CF,CF23,52.284789,0.329611,1,ICMG,49.9,8.0,230.0,2.0,2,1700,0,0,0,0,0,0

APPTR,I23,23,CAM2
IF,CAM,52.210714,0.183058, ,0.0,0.0,2,3000,0,1,185,0,1,0
FC,CAM,52.210714,0.183058,0,BKY,0.0,0.0,61.0,8.0,2,1700,0,0,0,0,0,1
CF,CF23,52.284789,0.329611,1,ICMG,49.9,8.0,230.0,2.0,2,1700,0,0,0,0,0,0

APPTR,I23,23,CAM3
IF,CAM,52.210714,0.183058, ,0.0,0.0,2,3000,0,1,185,0,1,0
FC,CAM,52.210714,0.183058,0,BKY,0.0,0.0,59.0,8.0,2,1700,0,0,0,0,0,1
CF,CF23,52.284789,0.329611,1,ICMG,49.9,8.0,230.0,2.0,2,1700,0,0,0,0,0,0

FINAL,I23,23,I,3
IF,CF23,52.284789,0.329611,ICMG,49.9,8.0,2,1700,0,0,0,0,0,0
CF,FF23,52.263389,0.288044,0,ICMG,49.9,6.0,230.0,2.0,1,1700,0,0,0,0,2,0
CF,RW23,52.209875,0.184397,0,ICMG,49.9,0.0,230.0,5.0,1,87,0,0,0,0,3,0
FA,RW23,52.209875,0.184397,0,BKY,0.0,0.0,230.0,2,2000,0,0,0,0,0,0
DF,CAM,52.210714,0.183058,1, ,0.0,0.0,1,2000,0,1,210,0,0,0

APPTR,L23,23,CAM1
IF,CAM,52.210714,0.183058, ,0.0,0.0,2,3000,0,1,185,0,1,0
FC,CAM,52.210714,0.183058,0,BKY,0.0,0.0,67.0,8.0,2,1700,0,0,0,0,0,1
CF,CF23,52.284789,0.329611,1,ICMG,49.9,8.0,230.0,1.0,2,1700,0,0,0,0,0,0

APPTR,L23,23,CAM2
IF,CAM,52.210714,0.183058, ,0.0,0.0,2,3000,0,1,185,0,1,0
FC,CAM,52.210714,0.183058,0,BKY,0.0,0.0,61.0,8.0,2,1700,0,0,0,0,0,1
CF,CF23,52.284789,0.329611,1,ICMG,49.9,8.0,230.0,1.0,2,1700,0,0,0,0,0,0

APPTR,L23,23,CAM3
IF,CAM,52.210714,0.183058, ,0.0,0.0,2,3000,0,1,185,0,1,0
FC,CAM,52.210714,0.183058,0,BKY,0.0,0.0,59.0,8.0,2,1700,0,0,0,0,0,1
CF,CF23,52.284789,0.329611,1,ICMG,49.9,8.0,230.0,1.0,2,1700,0,0,0,0,0,0

FINAL,L23,23,D,3
IF,CF23,52.284789,0.329611,ICMG,49.9,8.0,2,1700,0,0,0,0,0,0
CF,FF23,52.263389,0.288044,0,ICMG,49.9,6.0,230.0,2.0,2,1700,0,0,0,0,2,0
CF,ML23,52.215186,0.194667,0,ICMG,49.9,1.5,230.0,4.5,1,249,0,0,0,0,3,0
FA,ML23,52.215186,0.194667,0,BKY,0.0,0.0,230.0,2,2000,0,0,0,0,0,0
DF,CAM,52.210714,0.183058,1, ,0.0,0.0,1,2000,0,1,210,0,0,0

APPTR,N05,05,CAM1
IF,CAM,52.210714,0.183058, ,0.0,0.0,2,3000,0,1,185,0,1,0
FC,CAM,52.210714,0.183058,0,BKY,0.0,0.0,245.0,8.5,2,1600,0,0,0,0,0,1
CF,FN05,52.147486,0.069014,1,BKY,1.6,9.5,48.0,3.0,2,1600,0,0,0,0,0,0

APPTR,N05,05,CAM2
IF,CAM,52.210714,0.183058, ,0.0,0.0,2,3000,0,1,185,0,1,0
FC,CAM,52.210714,0.183058,0,BKY,0.0,0.0,239.0,8.5,2,1600,0,0,0,0,0,1
CF,FN05,52.147486,0.069014,1,BKY,1.6,9.5,48.0,3.0,2,1600,0,0,0,0,0,0

APPTR,N05,05,CAM3
IF,CAM,52.210714,0.183058, ,0.0,0.0,2,3000,0,1,185,0,1,0
FC,CAM,52.210714,0.183058,0,BKY,0.0,0.0,237.0,8.5,2,1600,0,0,0,0,0,1
CF,FN05,52.147486,0.069014,1,BKY,1.6,9.5,48.0,3.0,2,1600,0,0,0,0,0,0

FINAL,N05,05,N,2
IF,FN05,52.147486,0.069014,CAM,0.0,0.0,2,1600,0,0,0,0,2,0
CF,RW05,52.200589,0.166431,0,CAM,0.0,0.0,48.0,4.8,1,86,0,0,0,0,3,0
CF,CAM,52.210714,0.183058,0,BKY,18.6,14.0,48.0,0.9,2,450,0,0,0,0,0,1
FA,CAM,52.210714,0.183058,0,BKY,0.0,0.0,48.0,2,1600,0,1,210,0,0,0
DF,CAM,52.210714,0.183058,2, ,0.0,0.0,1,2000,0,0,0,0,0,0
HM,CAM,52.210714,0.183058,2, ,0.0,0.0,245.0,04.3,0,0,0,1,210,0,0,0,0

APPTR,N23,23,CAM1
IF,CAM,52.210714,0.183058, ,0.0,0.0,2,3000,0,1,185,0,1,0
FC,CAM,52.210714,0.183058,0,BKY,0.0,0.0,71.0,8.0,2,1700,0,0,0,0,0,1
CF,FN23,52.259658,0.292961,1,BKY,27.7,18.3,234.0,3.0,2,1700,0,0,0,0,0,0

APPTR,N23,23,CAM2
IF,CAM,52.210714,0.183058, ,0.0,0.0,2,3000,0,1,185,0,1,0
FC,CAM,52.210714,0.183058,0,BKY,0.0,0.0,65.0,8.0,2,1700,0,0,0,0,0,1
CF,FN23,52.259658,0.292961,1,BKY,27.7,18.3,234.0,3.0,2,1700,0,0,0,0,0,0

APPTR,N23,23,CAM3
IF,CAM,52.210714,0.183058, ,0.0,0.0,2,3000,0,1,185,0,1,0
FC,CAM,52.210714,0.183058,0,BKY,0.0,0.0,62.0,8.0,2,1700,0,0,0,0,0,1
CF,FN23,52.259658,0.292961,1,BKY,27.7,18.3,234.0,3.0,2,1700,0,0,0,0,0,0

FINAL,N23,23,N,2
IF,FN23,52.259658,0.292961,CAM,0.0,0.0,2,1700,0,0,0,0,2,0
CF,CAM,52.210714,0.183058,0,CAM,0.0,0.0,234.0,5.0,1,84,0,0,0,0,3,0
CA,0,234.0,2,2000,0,0,0,0,0,0
DF,CAM,52.210714,0.183058,1, ,0.0,0.0,1,2000,0,1,210,0,0,0
HM,CAM,52.210714,0.183058,2, ,0.0,0.0,91.0,04.3,0,0,0,1,210,0,0,0,0

APPTR,R05,05,BEPOX
IF,BEPOX,52.119464,-0.115581, ,0.0,0.0,2,3000,0,1,210,0,1,0
TF,SC05I,52.117231,0.006019,0, ,0.0,0.0,0.0,0.0,2,2000,0,1,210,0,1,0

FINAL,R05,05,R,3
IF,SC05I,52.117231,0.006019, ,0.0,0.0,2,2000,0,0,0,0,0,0
TF,SC05F,52.149475,0.067961,0, ,0.0,0.0,50.0,3.0,2,1600,0,0,0,0,2,0
TF,RW05,52.200589,0.166431,0, ,0.0,0.0,50.0,4.8,1,86,0,0,0,0,3,1
CA,0,50.0,2,1600,0,0,0,0,0,0
DF,CAM,52.210714,0.183058,2, ,0.0,0.0,1,2000,0,1,210,0,0,0
HM,CAM,52.210714,0.183058,2, ,0.0,0.0,245.0,04.3,0,0,0,1,210,0,0,0,0

APPTR,R23,23,GOPOD
IF,GOPOD,52.243161,0.459781, ,0.0,0.0,2,3000,0,1,210,0,1,0
TF,SC23I,52.306975,0.372697,0, ,0.0,0.0,0.0,0.0,2,2000,0,1,210,0,1,0

APPTR,R23,23,TIPGO
IF,TIPGO,52.370719,0.285361, ,0.0,0.0,2,3000,0,1,210,0,1,0
TF,SC23I,52.306975,0.372697,0, ,0.0,0.0,0.0,0.0,2,2000,0,1,210,0,1,0

FINAL,R23,23,R,3
IF,SC23I,52.306975,0.372697, ,0.0,0.0,2,2000,0,0,0,0,0,0
TF,SC23F,52.264181,0.289539,0, ,0.0,0.0,230.0,4.0,2,1700,0,0,0,0,2,0
TF,RW23,52.209875,0.184397,0, ,0.0,0.0,230.0,5.1,1,87,0,0,0,0,3,1
CA,0,230.0,2,2000,0,0,0,0,0,0
DF,CAM,52.210714,0.183058,1, ,0.0,0.0,1,2000,0,1,210,0,0,0
HM,CAM,52.210714,0.183058,2, ,0.0,0.0,91.0,04.3,0,0,0,1,210,0,0,0,0

