SID,BKY2S,04,2
CF,D043B,51.918908,0.286028,0,BKY,117.0,9.4,43.0,2.0,2,850,0,0,0,0,0,1
CF,D100G,51.969389,0.247681,1,BKY,100.0,7.0,280.0,1.0,0,0,0,0,0,0,0,0
TF,D100E,51.975242,0.194619,0, ,0.0,0.0,0.0,0.0,2,3000,0,0,0,0,0,0
TF,D100B,51.983975,0.115003,0, ,0.0,0.0,0.0,0.0,0,0,0,0,0,0,0,1
CF,D358C,52.039672,0.059081,0,BKY,358.0,3.0,358.0,3.0,1,5000,0,0,0,0,0,0
TF,D358G,52.106208,0.055303,0, ,0.0,0.0,0.0,0.0,1,5000,0,0,0,0,0,0

SID,BKY5R,22,2
CF,D223C,51.838608,0.164961,0,BKY,157.1,9.9,223.0,3.0,2,850,0,0,0,0,0,1
CF,D170H,51.858625,0.099250,2,BKY,170.0,8.0,350.0,1.0,0,0,0,0,0,0,0,0
TF,D170E,51.907806,0.085269,0, ,0.0,0.0,0.0,0.0,2,3000,0,0,0,0,0,0
TF,D170B,51.956983,0.071264,0, ,0.0,0.0,0.0,0.0,1,4000,0,0,0,0,0,0
TF,BKY,51.989769,0.061908,0, ,0.0,0.0,0.0,0.0,0,0,0,0,0,0,0,0
TF,D358C,52.039672,0.059081,0, ,0.0,0.0,0.0,0.0,1,4000,0,0,0,0,0,0

SID,CLN1E,22,5
CF,SSW01,51.862878,0.201639,0,CLN,271.8,35.2,223.0,1.0,2,900,0,1,210,0,0,0
RF,SSS03,51.827256,0.203800,1,SSW21,111.2,1.5,0,0,0,1,210,0,0,0
RF,SSE06,51.813908,0.264808,1,SSS22,87.7,3.0,0,0,0,1,210,0,0,0
TF,SSE11,51.819497,0.396678,0, ,0.0,0.0,0.0,0.0,2,3000,0,1,250,0,0,0
TF,SSE18,51.827183,0.584131,0, ,0.0,0.0,0.0,0.0,1,4000,0,1,250,0,0,0
TF,SSE23,51.832500,0.718356,0, ,0.0,0.0,0.0,0.0,1,5000,0,1,250,0,0,0
TF,SSE26,51.835614,0.798781,0, ,0.0,0.0,0.0,0.0,1,6000,0,1,250,0,0,0
TF,CLN,51.848472,1.147589,0, ,0.0,0.0,0.0,0.0,1,6000,0,1,250,0,0,0

SID,CLN4S,04,2
CF,IS043,51.906736,0.267647,0,BKY,123.1,9.1,43.0,1.0,2,850,0,0,0,0,0,1
CF,D115N,51.890789,0.403239,0,BKY,115.0,14.0,115.0,4.0,2,2500,0,0,0,0,0,0
TF,D115Q,51.869450,0.476186,0, ,0.0,0.0,0.0,0.0,2,3000,0,0,0,0,0,0
TF,CLN21,51.837939,0.583511,0, ,0.0,0.0,0.0,0.0,1,4000,0,0,0,0,0,1
CF,D267P,51.832533,0.718417,0,CLN,266.7,16.0,87.0,4.0,1,5000,0,0,0,0,0,0
TF,D267M,51.835642,0.798864,0, ,0.0,0.0,0.0,0.0,1,6000,0,0,0,0,0,0
TF,CLN,51.848472,1.147589,0, ,0.0,0.0,0.0,0.0,1,6000,0,0,0,0,0,0

SID,CLN8R,22,2
CF,D223A,51.861764,0.199764,0,BKY,146.3,9.2,223.0,2.0,2,850,0,0,0,0,0,1
CF,XIGAR,51.813889,0.262778,1,CLN,266.7,33.0,87.0,1.0,0,0,0,0,0,0,0,0
TF,CLN28,51.819556,0.396744,0, ,0.0,0.0,0.0,0.0,2,3000,0,0,0,0,0,0
TF,D267U,51.827233,0.584283,0, ,0.0,0.0,0.0,0.0,1,4000,0,0,0,0,0,0
TF,D267P,51.832533,0.718417,0, ,0.0,0.0,0.0,0.0,1,5000,0,0,0,0,0,0
TF,D267M,51.835642,0.798864,0, ,0.0,0.0,0.0,0.0,1,6000,0,0,0,0,0,0
TF,CLN,51.848472,1.147589,0, ,0.0,0.0,0.0,0.0,1,6000,0,0,0,0,0,0

SID,DET1D,04,5
CF,SSN01,51.904914,0.264694,0,CLN,276.2,33.0,43.0,1.0,2,900,0,1,200,0,0,0
RF,SSE02,51.910836,0.293803,2,SSN21,154.6,1.2,0,0,0,1,200,0,0,0
RF,SSE05,51.874925,0.323542,2,SSE22,206.7,1.5,0,0,0,1,200,0,0,0
TF,SSS11,51.781917,0.253439,0, ,0.0,0.0,0.0,0.0,2,3000,0,1,250,0,0,0
TF,SSS12,51.764883,0.240633,0, ,0.0,0.0,0.0,0.0,0,0,0,1,250,0,0,0
TF,SSS18,51.679200,0.308867,0, ,0.0,0.0,0.0,0.0,1,5000,0,1,250,0,0,0
TF,NEPNA,51.499536,0.449042,0, ,0.0,0.0,0.0,0.0,0,0,0,1,250,0,0,0
TF,DET,51.304003,0.597275,0, ,0.0,0.0,0.0,0.0,1,5000,0,1,250,0,0,0

SID,DET1R,22,2
CF,D223A,51.861764,0.199764,0,BKY,146.3,9.2,223.0,2.0,2,850,0,0,0,0,0,1
CF,DET30,51.754942,0.253269,0,DET,334.7,30.0,154.0,6.0,2,3000,0,0,0,0,0,0
TF,D334Y,51.679856,0.311078,0, ,0.0,0.0,0.0,0.0,1,5000,0,0,0,0,0,0
TF,NEPNA,51.499536,0.449042,0, ,0.0,0.0,0.0,0.0,0,0,0,0,0,0,0,0
TF,DET,51.304003,0.597275,0, ,0.0,0.0,0.0,0.0,1,5000,0,0,0,0,0,0

SID,DET1S,04,2
CF,D043A,51.904300,0.263969,0,LAM,15.1,16.1,43.0,2.0,2,850,0,0,0,0,0,1
CF,D025I,51.781753,0.253775,2,LAM,25.0,9.0,205.0,7.0,2,3000,0,0,0,0,0,1
CF,D334Y,51.679856,0.311078,0,DET,334.7,25.0,154.0,6.0,1,5000,0,0,0,0,0,0
TF,NEPNA,51.499536,0.449042,0, ,0.0,0.0,0.0,0.0,0,0,0,0,0,0,0,0
TF,DET,51.304003,0.597275,0, ,0.0,0.0,0.0,0.0,1,5000,0,0,0,0,0,0

SID,LAM2S,04,2
CF,D043A,51.904300,0.263969,0,LAM,15.1,16.1,43.0,2.0,2,850,0,0,0,0,0,1
CF,D025I,51.781753,0.253775,2,LAM,25.0,9.0,205.0,7.0,2,3000,0,0,0,0,0,0
TF,LAM,51.646025,0.151703,0, ,0.0,0.0,0.0,0.0,1,5000,0,0,0,0,0,0

SID,LAM3R,22,2
CF,D223A,51.861764,0.199764,0,BKY,146.3,9.2,223.0,2.0,2,850,0,0,0,0,0,1
CF,ROWAN,51.752500,0.249167,0,BKY,153.9,15.9,154.0,6.0,2,3000,0,0,0,0,0,1
CF,LAM,51.646025,0.151703,0,LAM,0.0,0.0,214.0,7.0,1,5000,0,0,0,0,0,0

SID,LYD5S,04,2
CF,D043A,51.904300,0.263969,0,LAM,15.1,16.1,43.0,2.0,2,850,0,0,0,0,0,1
CF,D025I,51.781753,0.253775,2,LAM,25.0,9.0,205.0,7.0,2,3000,0,0,0,0,0,1
CF,D334Y,51.679856,0.311078,0,DET,334.7,25.0,154.0,6.0,1,5000,0,0,0,0,0,0
TF,NEPNA,51.499536,0.449042,0, ,0.0,0.0,0.0,0.0,0,0,0,0,0,0,0,0
TF,DET,51.304003,0.597275,0, ,0.0,0.0,0.0,0.0,1,5000,0,0,0,0,0,0
TF,LYD,50.999686,0.878661,0, ,0.0,0.0,0.0,0.0,1,5000,0,0,0,0,0,0

SID,LYD6R,22,2
CF,D223A,51.861764,0.199764,0,BKY,146.3,9.2,223.0,2.0,2,850,0,0,0,0,0,1
CF,DET30,51.754942,0.253269,0,DET,334.7,30.0,154.0,6.0,2,3000,0,0,0,0,0,0
TF,D334Y,51.679856,0.311078,0, ,0.0,0.0,0.0,0.0,1,5000,0,0,0,0,0,0
TF,NEPNA,51.499536,0.449042,0, ,0.0,0.0,0.0,0.0,0,0,0,0,0,0,0,0
TF,DET,51.304003,0.597275,0, ,0.0,0.0,0.0,0.0,1,5000,0,0,0,0,0,0
TF,LYD,50.999686,0.878661,0, ,0.0,0.0,0.0,0.0,1,5000,0,0,0,0,0,0

SID,NUGB1R,22,2
CF,D223C,51.838608,0.164961,0,BKY,157.1,9.9,223.0,3.0,2,850,0,0,0,0,0,1
CF,D170H,51.858625,0.099250,2,BKY,170.0,8.0,350.0,1.0,0,0,0,0,0,0,0,0
TF,D170E,51.907806,0.085269,0, ,0.0,0.0,0.0,0.0,2,3000,0,0,0,0,0,0
TF,D170B,51.956983,0.071264,0, ,0.0,0.0,0.0,0.0,1,4000,0,0,0,0,0,1
CF,NUGBO,51.972778,-0.070000,1,BKY,258.3,5.0,258.0,3.0,1,4000,0,0,0,0,0,0

SID,NUGB1S,04,2
CF,D043B,51.918908,0.286028,0,BKY,117.0,9.4,43.0,2.0,2,850,0,0,0,0,0,1
CF,D100G,51.969389,0.247681,1,BKY,100.0,7.0,280.0,1.0,0,0,0,0,0,0,0,0
TF,D100E,51.975242,0.194619,0, ,0.0,0.0,0.0,0.0,2,3000,0,0,0,0,0,0
TF,BKY,51.989769,0.061908,0, ,0.0,0.0,0.0,0.0,1,5000,0,0,0,0,0,0
TF,NUGBO,51.972778,-0.070000,0, ,0.0,0.0,0.0,0.0,1,5000,0,0,0,0,0,0

SID,UTAV1R,22,2
CF,D223C,51.838608,0.164961,0,BKY,157.1,9.9,223.0,3.0,2,850,0,0,0,0,0,1
CF,D170H,51.858625,0.099250,2,BKY,170.0,8.0,350.0,1.0,0,0,0,0,0,0,0,0
TF,D170E,51.907806,0.085269,0, ,0.0,0.0,0.0,0.0,2,3000,0,0,0,0,0,0
TF,D170B,51.956983,0.071264,0, ,0.0,0.0,0.0,0.0,1,4000,0,0,0,0,0,1
CF,UTAVA,51.979722,-0.071944,0,BKY,263.1,5.0,263.0,5.0,1,4000,0,0,0,0,0,0

SID,UTAV1S,04,2
CF,D043B,51.918908,0.286028,0,BKY,117.0,9.4,43.0,2.0,2,850,0,0,0,0,0,1
CF,D100G,51.969389,0.247681,1,BKY,100.0,7.0,280.0,1.0,0,0,0,0,0,0,0,0
TF,D100E,51.975242,0.194619,0, ,0.0,0.0,0.0,0.0,2,3000,0,0,0,0,0,0
TF,BKY,51.989769,0.061908,0, ,0.0,0.0,0.0,0.0,1,5000,0,0,0,0,0,0
TF,UTAVA,51.979722,-0.071944,0, ,0.0,0.0,0.0,0.0,1,5000,0,0,0,0,0,0

STAR,ABOT1A,ALL,2
IF,BKY,51.989769,0.061908, ,0.0,0.0,0,0,0,0,0,0,0,0
TF,ADNAM,52.104722,0.738611,0, ,0.0,0.0,0.0,0.0,0,0,0,0,0,0,0,1
CF,ABBOT,52.016111,0.599444,2,BKY,85.3,20.0,265.0,6.0,0,0,0,0,0,0,0,0

STAR,ABOT1F,ALL,2
IF,BPK,51.749736,-0.106736, ,0.0,0.0,0,0,0,0,0,0,0,0
TF,ADNAM,52.104722,0.738611,0, ,0.0,0.0,0.0,0.0,0,0,0,0,0,0,0,1
CF,ABBOT,52.016111,0.599444,2,BKY,85.3,20.0,265.0,6.0,0,0,0,0,0,0,0,0

STAR,ASKE1B,ALL,2
IF,KATHY,50.520556,-1.333333, ,0.0,0.0,3,17000,0,0,0,0,0,0
TF,HAZEL,51.005278,-0.984444,0, ,0.0,0.0,0.0,0.0,3,17000,0,0,0,0,0,0
TF,WOD,51.452783,-0.878800,0, ,0.0,0.0,0.0,0.0,0,0,0,0,0,0,0,0
TF,WCO,51.852919,-0.962408,0, ,0.0,0.0,0.0,0.0,0,0,0,0,0,0,0,0
TF,BOMBO,51.995556,-0.396389,0, ,0.0,0.0,0.0,0.0,0,0,0,1,250,0,0,0
TF,BKY,51.989769,0.061908,0, ,0.0,0.0,0.0,0.0,0,0,0,0,0,0,0,0
TF,BUSTA,52.092778,0.067778,0, ,0.0,0.0,0.0,0.0,0,0,0,0,0,0,0,0
VI,1, ,0.0,206.0,0,0,0,0,0,0,0,0
CF,ASKEY,52.013889,-0.052778,0,BKY,288.9,4.5,161.0,4.0,0,0,0,0,0,0,0,0

STAR,ASKE1K,ALL,2
IF,DTY,52.180142,-1.113789, ,0.0,0.0,0,0,0,0,0,0,0,0
TF,FINMA,51.996389,-1.053611,0, ,0.0,0.0,0.0,0.0,0,0,0,0,0,0,0,0
TF,BOMBO,51.995556,-0.396389,0, ,0.0,0.0,0.0,0.0,0,0,0,1,250,0,0,0
TF,BKY,51.989769,0.061908,0, ,0.0,0.0,0.0,0.0,0,0,0,0,0,0,0,0
TF,BUSTA,52.092778,0.067778,0, ,0.0,0.0,0.0,0.0,0,0,0,0,0,0,0,1
VI,1, ,0.0,206.0,0,0,0,0,0,0,0,0
CF,ASKEY,52.013889,-0.052778,0,BKY,288.9,4.5,161.0,4.0,0,0,0,0,0,0,0,0

STAR,ASKE1R,ALL,2
IF,ABBOT,52.016111,0.599444, ,0.0,0.0,0,0,0,0,0,0,0,0
TF,TABIS,52.008889,0.445556,0, ,0.0,0.0,0.0,0.0,0,0,0,0,0,0,0,0
TF,BUSTA,52.092778,0.067778,0, ,0.0,0.0,0.0,0.0,0,0,0,0,0,0,0,0
VI,1, ,0.0,251.0,0,0,0,0,0,0,0,0
CF,ASKEY,52.013889,-0.052778,0,BKY,288.9,4.5,161.0,2.0,0,0,0,0,0,0,0,0

STAR,ASKE2H,ALL,2
IF,HON,52.356678,-1.663725, ,0.0,0.0,0,0,0,0,0,0,0,0
TF,CLIPY,52.000833,-1.085833,0, ,0.0,0.0,0.0,0.0,1,15000,0,0,0,0,0,0
TF,BOMBO,51.995556,-0.396389,0, ,0.0,0.0,0.0,0.0,0,0,0,1,250,0,0,0
TF,BKY,51.989769,0.061908,0, ,0.0,0.0,0.0,0.0,0,0,0,0,0,0,0,0
TF,BUSTA,52.092778,0.067778,0, ,0.0,0.0,0.0,0.0,0,0,0,0,0,0,0,0
VI,1, ,0.0,206.0,0,0,0,0,0,0,0,0
CF,ASKEY,52.013889,-0.052778,0,BKY,288.9,4.5,161.0,4.0,0,0,0,0,0,0,0,0

STAR,ASKE2L,ALL,2
IF,KENET,51.520556,-1.455000, ,0.0,0.0,3,17000,0,0,0,0,0,0
TF,WCO,51.852919,-0.962408,0, ,0.0,0.0,0.0,0.0,0,0,0,0,0,0,0,0
TF,BOMBO,51.995556,-0.396389,0, ,0.0,0.0,0.0,0.0,0,0,0,1,250,0,0,0
TF,BKY,51.989769,0.061908,0, ,0.0,0.0,0.0,0.0,0,0,0,0,0,0,0,0
TF,BUSTA,52.092778,0.067778,0, ,0.0,0.0,0.0,0.0,0,0,0,0,0,0,0,0
VI,1, ,0.0,206.0,0,0,0,0,0,0,0,0
CF,ASKEY,52.013889,-0.052778,0,BKY,288.9,4.5,161.0,4.0,0,0,0,0,0,0,0,0

STAR,ASKE3G,ALL,2
IF,MCT,53.357025,-2.262289, ,0.0,0.0,0,0,0,0,0,0,0,0
TF,PEDIG,52.746667,-1.719444,0, ,0.0,0.0,0.0,0.0,0,0,0,0,0,0,0,0
TF,ROGBI,52.296389,-1.335000,0, ,0.0,0.0,0.0,0.0,1,20000,0,0,0,0,0,0
TF,CLIPY,52.000833,-1.085833,0, ,0.0,0.0,0.0,0.0,1,15000,0,0,0,0,0,0
TF,BOMBO,51.995556,-0.396389,0, ,0.0,0.0,0.0,0.0,0,0,0,1,250,0,0,0
TF,BKY,51.989769,0.061908,0, ,0.0,0.0,0.0,0.0,0,0,0,0,0,0,0,0
TF,BUSTA,52.092778,0.067778,0, ,0.0,0.0,0.0,0.0,0,0,0,0,0,0,0,0
VI,1, ,0.0,206.0,0,0,0,0,0,0,0,0
CF,ASKEY,52.013889,-0.052778,0,BKY,288.9,4.5,161.0,4.0,0,0,0,0,0,0,0,0

STAR,ASKE4Q,ALL,2
IF,BANVA,50.545000,0.753333, ,0.0,0.0,0,0,0,0,0,0,0,0
TF,UNDUG,50.790000,0.425000,0, ,0.0,0.0,0.0,0.0,0,0,0,0,0,0,0,0
TF,MAY,51.017183,0.116122,0, ,0.0,0.0,0.0,0.0,1,20000,0,0,0,0,0,0
TF,VATON,51.434444,-0.348889,0, ,0.0,0.0,0.0,0.0,0,0,0,0,0,0,0,0
TF,D205P,51.748258,-0.119419,0, ,0.0,0.0,0.0,0.0,0,0,0,1,250,0,0,0
TF,BKY,51.989769,0.061908,0, ,0.0,0.0,0.0,0.0,0,0,0,0,0,0,0,0
TF,BUSTA,52.092778,0.067778,0, ,0.0,0.0,0.0,0.0,0,0,0,0,0,0,0,0
VI,1, ,0.0,206.0,0,0,0,0,0,0,0,0
CF,ASKEY,52.013889,-0.052778,0,BKY,288.9,4.5,161.0,4.0,0,0,0,0,0,0,0,0

STAR,ASKE5A,ALL,2
IF,WCO,51.852919,-0.962408, ,0.0,0.0,0,0,0,0,0,0,0,0
TF,BOMBO,51.995556,-0.396389,0, ,0.0,0.0,0.0,0.0,0,0,0,1,250,0,0,0
TF,BKY,51.989769,0.061908,0, ,0.0,0.0,0.0,0.0,0,0,0,0,0,0,0,0
TF,BUSTA,52.092778,0.067778,0, ,0.0,0.0,0.0,0.0,0,0,0,0,0,0,0,1
VI,1, ,0.0,206.0,0,0,0,0,0,0,0,0
CF,ASKEY,52.013889,-0.052778,0,BKY,288.9,4.5,161.0,4.0,0,0,0,0,0,0,0,0

STAR,ASKE5F,ALL,2
IF,LISTO,53.143333,-2.199167, ,0.0,0.0,0,0,0,0,0,0,0,0
TF,PEDIG,52.746667,-1.719444,0, ,0.0,0.0,0.0,0.0,0,0,0,0,0,0,0,0
TF,ROGBI,52.296389,-1.335000,0, ,0.0,0.0,0.0,0.0,1,20000,0,0,0,0,0,0
TF,CLIPY,52.000833,-1.085833,0, ,0.0,0.0,0.0,0.0,1,15000,0,0,0,0,0,0
TF,BOMBO,51.995556,-0.396389,0, ,0.0,0.0,0.0,0.0,0,0,0,1,250,0,0,0
TF,BKY,51.989769,0.061908,0, ,0.0,0.0,0.0,0.0,0,0,0,0,0,0,0,0
TF,BUSTA,52.092778,0.067778,0, ,0.0,0.0,0.0,0.0,0,0,0,0,0,0,0,1
VI,1, ,0.0,206.0,0,0,0,0,0,0,0,0
CF,ASKEY,52.013889,-0.052778,0,BKY,288.9,4.5,161.0,4.0,0,0,0,0,0,0,0,0

STAR,AVAN1L,ALL,5
IF,AVANT,50.820000,-0.938333, ,0.0,0.0,1,19000,0,0,0,0,0,0
TF,OCK,51.305047,-0.447183,0, ,0.0,0.0,0.0,0.0,0,0,0,0,0,0,0,0
TF,VATON,51.434444,-0.348889,0, ,0.0,0.0,0.0,0.0,0,0,0,0,0,0,0,0
TF,BPK,51.749736,-0.106736,0, ,0.0,0.0,0.0,0.0,0,0,0,1,250,0,0,0
TF,BKY,51.989769,0.061908,0, ,0.0,0.0,0.0,0.0,0,0,0,1,220,0,0,0
TF,BUSTA,52.092778,0.067778,0, ,0.0,0.0,0.0,0.0,0,0,0,1,220,0,0,1
CF,LOREL,52.013889,-0.052778,1,BPK,7.2,16.0,187.0,5.0,1,7000,0,1,220,0,0,0

STAR,BARM1A,ALL,5
IF,BARMI,52.478267,2.570481, ,0.0,0.0,1,26000,0,0,0,0,0,0
TF,MEGEL,52.349428,2.073667,0, ,0.0,0.0,0.0,0.0,1,22000,0,0,0,0,0,0
TF,DITOB,52.283653,1.824189,0, ,0.0,0.0,0.0,0.0,0,0,0,0,0,0,0,0
TF,LAPRA,52.118661,1.210125,0, ,0.0,0.0,0.0,0.0,1,12000,0,1,250,0,0,0
TF,ABBOT,52.016111,0.599444,0, ,0.0,0.0,0.0,0.0,4,14000,8000,1,220,0,0,0

STAR,BARM1Q,ALL,5
IF,BARMI,52.478267,2.570481, ,0.0,0.0,1,26000,0,0,0,0,0,0
TF,MEGEL,52.349428,2.073667,0, ,0.0,0.0,0.0,0.0,1,22000,0,0,0,0,0,0
TF,DITOB,52.283653,1.824189,0, ,0.0,0.0,0.0,0.0,0,0,0,0,0,0,0,0
TF,LAPRA,52.118661,1.210125,0, ,0.0,0.0,0.0,0.0,1,12000,0,1,250,0,0,0
TF,CASEY,52.008611,0.583056,0, ,0.0,0.0,0.0,0.0,4,14000,8000,1,220,0,0,0

STAR,BEDE1L,ALL,5
IF,BEDEK,51.370833,-1.558611, ,0.0,0.0,1,18000,0,0,0,0,0,0
TF,NIGIT,51.313044,-1.170753,0, ,0.0,0.0,0.0,0.0,0,0,0,0,0,0,0,0
TF,OCK,51.305047,-0.447183,0, ,0.0,0.0,0.0,0.0,0,0,0,0,0,0,0,0
TF,VATON,51.434444,-0.348889,0, ,0.0,0.0,0.0,0.0,0,0,0,0,0,0,0,0
TF,BPK,51.749736,-0.106736,0, ,0.0,0.0,0.0,0.0,0,0,0,1,250,0,0,0
TF,BKY,51.989769,0.061908,0, ,0.0,0.0,0.0,0.0,0,0,0,1,220,0,0,0
TF,BUSTA,52.092778,0.067778,0, ,0.0,0.0,0.0,0.0,0,0,0,1,220,0,0,1
CF,LOREL,52.013889,-0.052778,1,BPK,7.2,16.0,187.0,5.0,1,7000,0,1,220,0,0,0

STAR,CASE1F,ALL,2
IF,BPK,51.749736,-0.106736, ,0.0,0.0,0,0,0,0,0,0,0,0
TF,KEMPY,52.127500,0.646111,0, ,0.0,0.0,0.0,0.0,0,0,0,0,0,0,0,1
CF,CASEY,52.008611,0.583056,2,BPK,58.5,30.0,239.0,6.0,0,0,0,0,0,0,0,0

STAR,DET1A,ALL,2
IF,DET,51.304003,0.597275, ,0.0,0.0,3,17000,0,0,0,0,0,0
TF,DET32,51.836672,0.598889,0, ,0.0,0.0,0.0,0.0,0,0,0,1,250,0,0,0
TF,ABBOT,52.016111,0.599444,0, ,0.0,0.0,0.0,0.0,0,0,0,0,0,0,0,0

STAR,DET1Q,ALL,2
IF,DET,51.304003,0.597275, ,0.0,0.0,3,17000,0,0,0,0,0,0
TF,DE32A,51.836631,0.586567,0, ,0.0,0.0,0.0,0.0,0,0,0,1,250,0,0,0
TF,CASEY,52.008611,0.583056,0, ,0.0,0.0,0.0,0.0,0,0,0,0,0,0,0,0

STAR,IDES1A,ALL,5
IF,IDESI,51.897706,1.885578, ,0.0,0.0,1,18000,0,0,0,0,0,0
TF,LAPRA,52.118661,1.210125,0, ,0.0,0.0,0.0,0.0,1,12000,0,1,250,0,0,0
TF,ABBOT,52.016111,0.599444,0, ,0.0,0.0,0.0,0.0,4,14000,8000,1,220,0,0,0

STAR,IDES1Q,ALL,5
IF,IDESI,51.897706,1.885578, ,0.0,0.0,1,18000,0,0,0,0,0,0
TF,LAPRA,52.118661,1.210125,0, ,0.0,0.0,0.0,0.0,1,12000,0,1,250,0,0,0
TF,CASEY,52.008611,0.583056,0, ,0.0,0.0,0.0,0.0,4,14000,8000,1,220,0,0,0

STAR,LOGA1A,ALL,2
IF,LOGAN,51.747589,1.611828, ,0.0,0.0,0,0,0,0,0,0,0,0
TF,CLN,51.848472,1.147589,0, ,0.0,0.0,0.0,0.0,0,0,0,1,250,0,0,0
TF,ABBOT,52.016111,0.599444,0, ,0.0,0.0,0.0,0.0,0,0,0,0,0,0,0,0

STAR,LOGA1Q,ALL,2
IF,LOGAN,51.747589,1.611828, ,0.0,0.0,0,0,0,0,0,0,0,0
TF,CLN,51.848472,1.147589,0, ,0.0,0.0,0.0,0.0,0,0,0,1,250,0,0,0
TF,CASEY,52.008611,0.583056,0, ,0.0,0.0,0.0,0.0,0,0,0,0,0,0,0,0

STAR,LORE1B,ALL,2
IF,KATHY,50.520556,-1.333333, ,0.0,0.0,3,17000,0,0,0,0,0,0
TF,HAZEL,51.005278,-0.984444,0, ,0.0,0.0,0.0,0.0,3,17000,0,0,0,0,0,0
TF,WOD,51.452783,-0.878800,0, ,0.0,0.0,0.0,0.0,0,0,0,0,0,0,0,0
TF,WCO,51.852919,-0.962408,0, ,0.0,0.0,0.0,0.0,0,0,0,0,0,0,0,0
TF,BOMBO,51.995556,-0.396389,0, ,0.0,0.0,0.0,0.0,0,0,0,1,250,0,0,0
TF,BKY,51.989769,0.061908,0, ,0.0,0.0,0.0,0.0,0,0,0,0,0,0,0,0
TF,BUSTA,52.092778,0.067778,0, ,0.0,0.0,0.0,0.0,0,0,0,0,0,0,0,1
CF,LOREL,52.013889,-0.052778,1,BKY,288.9,4.5,188.0,5.0,0,0,0,0,0,0,0,0

STAR,LORE1K,ALL,2
IF,DTY,52.180142,-1.113789, ,0.0,0.0,0,0,0,0,0,0,0,0
TF,FINMA,51.996389,-1.053611,0, ,0.0,0.0,0.0,0.0,0,0,0,0,0,0,0,0
TF,BOMBO,51.995556,-0.396389,0, ,0.0,0.0,0.0,0.0,0,0,0,1,250,0,0,0
TF,BKY,51.989769,0.061908,0, ,0.0,0.0,0.0,0.0,0,0,0,0,0,0,0,0
TF,BUSTA,52.092778,0.067778,0, ,0.0,0.0,0.0,0.0,0,0,0,0,0,0,0,1
CF,LOREL,52.013889,-0.052778,1,BKY,288.9,4.5,188.0,5.0,0,0,0,0,0,0,0,0

STAR,LORE1R,ALL,2
IF,ABBOT,52.016111,0.599444, ,0.0,0.0,0,0,0,0,0,0,0,0
TF,TABIS,52.008889,0.445556,0, ,0.0,0.0,0.0,0.0,0,0,0,0,0,0,0,0
TF,BUSTA,52.092778,0.067778,0, ,0.0,0.0,0.0,0.0,0,0,0,0,0,0,0,1
VI,0, ,0.0,232.0,0,0,0,0,0,0,0,0
CF,LOREL,52.013889,-0.052778,0,BKY,288.9,4.5,188.0,2.0,0,0,0,0,0,0,0,0

STAR,LORE2H,ALL,2
IF,HON,52.356678,-1.663725, ,0.0,0.0,0,0,0,0,0,0,0,0
TF,CLIPY,52.000833,-1.085833,0, ,0.0,0.0,0.0,0.0,1,15000,0,0,0,0,0,0
TF,BOMBO,51.995556,-0.396389,0, ,0.0,0.0,0.0,0.0,0,0,0,1,250,0,0,0
TF,BKY,51.989769,0.061908,0, ,0.0,0.0,0.0,0.0,0,0,0,0,0,0,0,0
TF,BUSTA,52.092778,0.067778,0, ,0.0,0.0,0.0,0.0,0,0,0,0,0,0,0,1
CF,LOREL,52.013889,-0.052778,1,BKY,288.9,4.5,188.0,5.0,0,0,0,0,0,0,0,0

STAR,LORE2L,ALL,2
IF,KENET,51.520556,-1.455000, ,0.0,0.0,3,17000,0,0,0,0,0,0
TF,WCO,51.852919,-0.962408,0, ,0.0,0.0,0.0,0.0,0,0,0,0,0,0,0,0
TF,BOMBO,51.995556,-0.396389,0, ,0.0,0.0,0.0,0.0,0,0,0,1,250,0,0,0
TF,BKY,51.989769,0.061908,0, ,0.0,0.0,0.0,0.0,0,0,0,0,0,0,0,0
TF,BUSTA,52.092778,0.067778,0, ,0.0,0.0,0.0,0.0,0,0,0,0,0,0,0,1
CF,LOREL,52.013889,-0.052778,1,BKY,288.9,4.5,188.0,5.0,0,0,0,0,0,0,0,0

STAR,LORE3G,ALL,2
IF,MCT,53.357025,-2.262289, ,0.0,0.0,0,0,0,0,0,0,0,0
TF,PEDIG,52.746667,-1.719444,0, ,0.0,0.0,0.0,0.0,0,0,0,0,0,0,0,0
TF,ROGBI,52.296389,-1.335000,0, ,0.0,0.0,0.0,0.0,1,20000,0,0,0,0,0,0
TF,CLIPY,52.000833,-1.085833,0, ,0.0,0.0,0.0,0.0,1,15000,0,0,0,0,0,0
TF,BOMBO,51.995556,-0.396389,0, ,0.0,0.0,0.0,0.0,0,0,0,1,250,0,0,0
TF,BKY,51.989769,0.061908,0, ,0.0,0.0,0.0,0.0,0,0,0,0,0,0,0,0
TF,BUSTA,52.092778,0.067778,0, ,0.0,0.0,0.0,0.0,0,0,0,0,0,0,0,1
CF,LOREL,52.013889,-0.052778,1,BKY,288.9,4.5,188.0,5.0,0,0,0,0,0,0,0,0

STAR,LORE4Q,ALL,2
IF,BANVA,50.545000,0.753333, ,0.0,0.0,0,0,0,0,0,0,0,0
TF,UNDUG,50.790000,0.425000,0, ,0.0,0.0,0.0,0.0,0,0,0,0,0,0,0,0
TF,MAY,51.017183,0.116122,0, ,0.0,0.0,0.0,0.0,1,20000,0,0,0,0,0,0
TF,VATON,51.434444,-0.348889,0, ,0.0,0.0,0.0,0.0,0,0,0,0,0,0,0,0
TF,BPK,51.749736,-0.106736,0, ,0.0,0.0,0.0,0.0,0,0,0,1,250,0,0,0
TF,BKY,51.989769,0.061908,0, ,0.0,0.0,0.0,0.0,0,0,0,0,0,0,0,0
TF,BUSTA,52.092778,0.067778,0, ,0.0,0.0,0.0,0.0,0,0,0,0,0,0,0,1
CF,LOREL,52.013889,-0.052778,1,BKY,288.9,4.5,188.0,5.0,0,0,0,0,0,0,0,0

STAR,LORE5A,ALL,2
IF,WCO,51.852919,-0.962408, ,0.0,0.0,0,0,0,0,0,0,0,0
TF,BOMBO,51.995556,-0.396389,0, ,0.0,0.0,0.0,0.0,0,0,0,1,250,0,0,0
TF,BKY,51.989769,0.061908,0, ,0.0,0.0,0.0,0.0,0,0,0,0,0,0,0,0
TF,BUSTA,52.092778,0.067778,0, ,0.0,0.0,0.0,0.0,0,0,0,0,0,0,0,1
CF,LOREL,52.013889,-0.052778,1,BKY,288.9,4.5,188.0,5.0,0,0,0,0,0,0,0,0

STAR,LORE5F,ALL,2
IF,LISTO,53.143333,-2.199167, ,0.0,0.0,0,0,0,0,0,0,0,0
TF,PEDIG,52.746667,-1.719444,0, ,0.0,0.0,0.0,0.0,0,0,0,0,0,0,0,0
TF,ROGBI,52.296389,-1.335000,0, ,0.0,0.0,0.0,0.0,1,20000,0,0,0,0,0,0
TF,CLIPY,52.000833,-1.085833,0, ,0.0,0.0,0.0,0.0,1,15000,0,0,0,0,0,0
TF,BOMBO,51.995556,-0.396389,0, ,0.0,0.0,0.0,0.0,0,0,0,1,250,0,0,0
TF,BKY,51.989769,0.061908,0, ,0.0,0.0,0.0,0.0,0,0,0,0,0,0,0,0
TF,BUSTA,52.092778,0.067778,0, ,0.0,0.0,0.0,0.0,0,0,0,0,0,0,0,1
CF,LOREL,52.013889,-0.052778,1,BKY,288.9,4.5,188.0,5.0,0,0,0,0,0,0,0,0

STAR,TELT1L,ALL,5
IF,TELTU,50.811089,-0.754914, ,0.0,0.0,1,19000,0,0,0,0,0,0
TF,VATON,51.434444,-0.348889,0, ,0.0,0.0,0.0,0.0,0,0,0,0,0,0,0,0
TF,BPK,51.749736,-0.106736,0, ,0.0,0.0,0.0,0.0,0,0,0,1,250,0,0,0
TF,BKY,51.989769,0.061908,0, ,0.0,0.0,0.0,0.0,0,0,0,1,220,0,0,0
TF,BUSTA,52.092778,0.067778,0, ,0.0,0.0,0.0,0.0,0,0,0,1,220,0,0,1
CF,LOREL,52.013889,-0.052778,1,BKY,288.9,4.5,187.0,5.0,1,7000,0,1,220,0,0,0

APPTR,I04,04,ABBOT
HF,ABBOT,52.016111,0.599444,2, ,0.0,0.0,265.0,06,0,0,0,1,220,0,0,0,0
FD,ABBOT,52.016111,0.599444,0,BKY,85.3,15.0,265.0,15.0,1,6000,0,0,0,0,0,0
CF,D085H,52.001792,0.288661,0,BKY,85.0,8.4,265.0,7.3,0,0,0,0,0,0,0,0
CF,D044R,51.964778,0.230186,0,BPK,44.0,18.0,224.0,3.1,1,6000,0,0,0,0,0,0
FD,D044R,51.964778,0.230186,0,BPK,44.0,9.0,224.0,9.0,3,3000,0,0,0,0,0,0
CF,D044E,51.809567,-0.013467,0,BPK,44.0,5.0,224.0,4.0,0,0,0,0,0,0,0,1
VR,1,BPK,72.0,135.0,0,0,0,1,200,0,0,0
CF,CF04,51.784186,0.084047,1,ISED,222.9,9.3,43.0,2.0,1,2500,0,0,0,0,0,0

APPTR,I04,04,ASKEY
IF,ASKEY,52.013889,-0.052778, ,0.0,0.0,1,6000,0,1,220,0,1,0
CI,0, ,0.0,145.0,0,0,0,0,0,0,0,0
FD,BKY,51.989769,0.061908,0,BKY,0.0,8.0,194.0,8.0,1,3000,0,0,0,0,0,0
CF,D194L,51.795933,-0.016022,0,BKY,194.0,12.0,194.0,4.0,0,0,0,0,0,0,0,1
CF,CF04,51.784186,0.084047,1,ISED,222.9,9.3,43.0,3.0,1,2500,0,1,200,0,0,0

APPTR,I04,04,CASEY
HF,CASEY,52.008611,0.583056,2, ,0.0,0.0,239.0,06,0,0,0,1,220,0,0,0,0
CF,CLN30,52.016808,0.387078,0,BPK,49.7,24.4,290.0,7.0,1,6000,0,0,0,0,0,0
CF,D044R,51.964778,0.230186,0,BPK,44.0,18.0,224.0,7.0,1,6000,0,0,0,0,0,0
CF,D044I,51.857378,0.061322,0,BPK,44.0,9.0,224.0,9.0,3,3000,0,0,0,0,0,0
CF,D044E,51.809567,-0.013467,0,BPK,44.0,5.0,224.0,4.0,0,0,0,0,0,0,0,1
VR,1,BPK,72.0,135.0,0,0,0,1,200,0,0,0
CF,CF04,51.784186,0.084047,1,ISED,222.9,9.3,43.0,2.0,1,2500,0,0,0,0,0,0

APPTR,I04,04,LOREL
IF,LOREL,52.013889,-0.052778, ,0.0,0.0,1,6000,0,1,220,0,1,0
CI,0, ,0.0,145.0,0,0,0,0,0,0,0,0
FD,BKY,51.989769,0.061908,0,BKY,0.0,8.0,194.0,8.0,1,3000,0,0,0,0,0,0
CF,D194L,51.795933,-0.016022,0,BKY,194.0,12.0,194.0,4.0,0,0,0,0,0,0,0,1
CF,CF04,51.784186,0.084047,1,ISED,222.9,9.3,43.0,3.0,1,2500,0,1,200,0,0,0

FINAL,I04,04,I,3
IF,CF04,51.784186,0.084047,ISED,222.9,9.3,1,2500,0,0,0,0,0,0
CF,FF04,51.796406,0.102269,0,ISED,222.9,8.3,43.0,1.0,1,2500,0,0,0,0,2,0
CF,RW04,51.877042,0.222861,0,ISED,222.9,1.7,43.0,6.6,1,385,0,0,0,0,3,0
FC,RW04,51.877042,0.222861,0,BKY,0.0,0.0,43.0,3.6,2,750,0,0,0,0,0,1
CF,D103E,51.970972,0.193200,1,BKY,103.0,5.0,283.0,4.7,1,3000,0,1,185,0,0,1
CF,BKY,51.989769,0.061908,0,BKY,0.0,0.0,283.0,5.0,0,0,0,0,0,0,0,0

APPTR,I22,22,ABBOT
HF,ABBOT,52.016111,0.599444,2, ,0.0,0.0,265.0,06,0,0,0,1,220,0,0,0,0
FD,ABBOT,52.016111,0.599444,0,BKY,85.3,16.5,265.0,16.5,1,4000,0,0,0,0,0,0
CF,CF22,51.987717,0.389411,0,ISX,42.9,9.5,223.0,2.5,1,2500,0,0,0,0,0,0

APPTR,I22,22,ASKEY
IF,ASKEY,52.013889,-0.052778, ,0.0,0.0,1,6000,0,1,220,0,1,0
DF,BKY,51.989769,0.061908,0, ,0.0,0.0,0,0,0,0,0,0,0,0
FD,BKY,51.989769,0.061908,0,BKY,0.0,10.0,67.0,10.0,1,3000,0,0,0,0,0,0
CF,D067K,52.060992,0.335333,0,BKY,67.0,11.0,67.0,1.0,0,0,0,0,0,0,0,1
CR,0,BKY,75.0,135.0,0,0,0,0,0,0,0,0
CF,CF22,51.987717,0.389411,0,ISX,42.9,9.5,223.0,2.0,1,2500,0,0,0,0,0,0

APPTR,I22,22,CASEY
HF,CASEY,52.008611,0.583056,2, ,0.0,0.0,239.0,06,0,0,0,1,220,0,0,0,0
CF,D050N,52.021131,0.500539,0,BPK,53.9,27.9,284.0,3.1,1,4000,0,0,0,0,0,0
CF,CF22,51.987717,0.389411,0,ISX,42.9,9.5,223.0,4.0,1,2500,0,0,0,0,0,0

APPTR,I22,22,LOREL
IF,LOREL,52.013889,-0.052778, ,0.0,0.0,1,6000,0,1,220,0,1,0
DF,BKY,51.989769,0.061908,0, ,0.0,0.0,0,0,0,0,0,0,0,0
FD,BKY,51.989769,0.061908,0,BKY,0.0,10.0,67.0,10.0,1,3000,0,0,0,0,0,0
CF,D067K,52.060992,0.335333,0,BKY,67.0,11.0,67.0,1.0,0,0,0,0,0,0,0,1
CR,0,BKY,75.0,135.0,0,0,0,0,0,0,0,0
CF,CF22,51.987717,0.389411,0,ISX,42.9,9.5,223.0,2.0,1,2500,0,0,0,0,0,0

FINAL,I22,22,I,3
IF,CF22,51.987717,0.389411,ISX,42.9,9.5,1,2500,0,0,0,0,0,0
CF,FF22,51.975542,0.371031,0,ISX,42.9,8.5,223.0,1.0,1,2500,0,0,0,0,2,0
CF,RW22,51.895158,0.250044,0,ISX,42.9,1.9,223.0,6.6,1,397,0,0,0,0,3,0
CA,0,223.0,2,750,0,0,0,0,0,0
CF,D223E,51.839250,0.165928,0,BKY,156.8,9.8,223.0,3.8,3,3000,0,1,185,0,0,1
CF,D173H,51.857597,0.088114,2,BKY,173.0,8.0,353.0,1.0,0,0,0,0,0,0,0,0
CF,BKY,51.989769,0.061908,0,BKY,0.0,0.0,353.0,8.0,1,3000,0,0,0,0,0,0

APPTR,L04,04,ABBOT
HF,ABBOT,52.016111,0.599444,2, ,0.0,0.0,265.0,06,0,0,0,1,220,0,0,0,0
FD,ABBOT,52.016111,0.599444,0,BKY,86.3,15.0,265.0,15.0,1,6000,0,0,0,0,0,0
CF,D085H,52.001792,0.288661,0,BKY,85.0,8.4,265.0,7.3,0,0,0,0,0,0,0,0
CF,D044R,51.964778,0.230186,0,BPK,44.0,18.0,224.0,3.1,1,6000,0,0,0,0,0,0
FD,D044R,51.964778,0.230186,0,BPK,44.0,9.0,224.0,9.0,3,3000,0,0,0,0,0,0
CF,D044E,51.809567,-0.013467,0,BPK,44.0,5.0,224.0,4.0,0,0,0,0,0,0,0,1
VR,1,BPK,72.0,135.0,0,0,0,1,200,0,0,0
CF,CF04,51.784186,0.084047,1,ISED,222.9,9.3,43.0,2.0,1,2500,0,0,0,0,0,0

APPTR,L04,04,ASKEY
IF,ASKEY,52.013889,-0.052778, ,0.0,0.0,1,6000,0,1,220,0,1,0
CI,0, ,0.0,145.0,0,0,0,0,0,0,0,0
FD,BKY,51.989769,0.061908,0,BKY,0.0,8.0,194.0,8.0,1,3000,0,0,0,0,0,0
CF,D194L,51.795933,-0.016022,0,BKY,194.0,12.0,194.0,4.0,0,0,0,0,0,0,0,1
CF,CF04,51.784186,0.084047,1,ISED,222.9,9.3,43.0,3.0,1,2500,0,1,200,0,0,0

APPTR,L04,04,CASEY
HF,CASEY,52.008611,0.583056,2, ,0.0,0.0,239.0,06,0,0,0,1,220,0,0,0,0
CF,CLN30,52.016808,0.387078,0,CLN,290.0,30.0,290.0,7.0,1,6000,0,0,0,0,0,0
CF,D044R,51.964778,0.230186,0,BPK,44.0,18.0,224.0,7.0,1,6000,0,0,0,0,0,0
CF,D044I,51.857378,0.061322,0,BPK,44.0,9.0,224.0,9.0,3,3000,0,0,0,0,0,0
CF,D044E,51.809567,-0.013467,0,BPK,44.0,5.0,224.0,4.0,0,0,0,0,0,0,0,1
VR,1,BPK,72.0,135.0,0,0,0,1,200,0,0,0
CF,CF04,51.784186,0.084047,1,ISED,222.9,9.3,43.0,2.0,1,2500,0,0,0,0,0,0

APPTR,L04,04,LOREL
IF,LOREL,52.013889,-0.052778, ,0.0,0.0,1,6000,0,1,220,0,1,0
CI,0, ,0.0,145.0,0,0,0,0,0,0,0,0
FD,BKY,51.989769,0.061908,0,BKY,0.0,8.0,194.0,8.0,1,3000,0,0,0,0,0,0
CF,D194L,51.795933,-0.016022,0,BKY,194.0,12.0,194.0,4.0,0,0,0,0,0,0,0,1
CF,CF04,51.784186,0.084047,1,ISED,222.9,9.3,43.0,3.0,1,2500,0,1,200,0,0,0

FINAL,L04,04,D,3
IF,CF04,51.784186,0.084047,ISED,222.9,9.3,1,2500,0,0,0,0,0,0
CF,FF04,51.796406,0.102269,0,ISED,222.9,8.3,43.0,1.0,1,2500,0,0,0,0,2,0
CF,ML04,51.870894,0.213644,0,ISED,222.9,2.2,43.0,6.1,1,546,0,0,0,0,3,0
FC,ML04,51.870894,0.213644,0,BKY,0.0,0.0,43.0,4.0,2,750,0,0,0,0,0,1
CF,D103E,51.970972,0.193200,1,BKY,103.0,5.0,283.0,4.7,1,3000,0,1,185,0,0,0
CF,BKY,51.989769,0.061908,0,BKY,0.0,0.0,283.0,5.0,0,0,0,0,0,0,0,0

APPTR,L22,22,ABBOT
HF,ABBOT,52.016111,0.599444,2, ,0.0,0.0,265.0,06,0,0,0,1,220,0,0,0,0
FD,ABBOT,52.016111,0.599444,0,BKY,85.3,16.5,265.0,16.5,1,4000,0,0,0,0,0,0
CF,CF22,51.987717,0.389411,0,ISX,42.9,9.5,223.0,2.5,1,2500,0,0,0,0,0,0

APPTR,L22,22,ASKEY
IF,ASKEY,52.013889,-0.052778, ,0.0,0.0,1,6000,0,1,220,0,1,0
DF,BKY,51.989769,0.061908,0, ,0.0,0.0,0,0,0,0,0,0,0,0
FD,BKY,51.989769,0.061908,0,BKY,0.0,10.0,67.0,10.0,1,3000,0,0,0,0,0,0
CF,D067K,52.060992,0.335333,0,BKY,67.0,11.0,67.0,1.0,0,0,0,0,0,0,0,1
CR,0,BKY,75.0,135.0,0,0,0,0,0,0,0,0
CF,CF22,51.987717,0.389411,0,ISX,42.9,9.5,223.0,2.0,1,2500,0,0,0,0,0,0

APPTR,L22,22,CASEY
HF,CASEY,52.008611,0.583056,2, ,0.0,0.0,239.0,06,0,0,0,1,220,0,0,0,0
CF,D050N,52.021131,0.500539,0,BPK,53.9,27.9,284.0,3.1,1,4000,0,0,0,0,0,0
CF,CF22,51.987717,0.389411,0,ISX,42.9,9.5,223.0,4.0,1,2500,0,0,0,0,0,0

APPTR,L22,22,LOREL
IF,LOREL,52.013889,-0.052778, ,0.0,0.0,1,6000,0,1,220,0,1,0
DF,BKY,51.989769,0.061908,0, ,0.0,0.0,0,0,0,0,0,0,0,0
FD,BKY,51.989769,0.061908,0,BKY,0.0,10.0,67.0,10.0,1,3000,0,0,0,0,0,0
CF,D067K,52.060992,0.335333,0,BKY,67.0,11.0,67.0,1.0,0,0,0,0,0,0,0,1
CR,0,BKY,75.0,135.0,0,0,0,0,0,0,0,0
CF,CF22,51.987717,0.389411,0,ISX,42.9,9.5,223.0,2.0,1,2500,0,0,0,0,0,0

FINAL,L22,22,D,3
IF,CF22,51.987717,0.389411,ISX,42.9,9.5,1,2500,0,0,0,0,0,0
CF,FF22,51.975542,0.371031,0,ISX,42.9,8.5,223.0,1.0,1,2500,0,0,0,0,2,0
CF,ML22,51.901208,0.259131,0,ISX,42.9,2.4,223.0,6.1,1,557,0,0,0,0,3,0
CA,0,223.0,2,750,0,0,0,0,0,0
CF,D223E,51.839250,0.165928,0,BKY,156.8,9.8,223.0,3.8,3,3000,0,1,185,0,0,1
CF,D173H,51.857597,0.088114,2,BKY,173.0,8.0,353.0,1.0,0,0,0,0,0,0,0,0
CF,BKY,51.989769,0.061908,0,BKY,0.0,0.0,353.0,8.0,1,3000,0,0,0,0,0,0

FINAL,R04,04,R,3
IF,EKVEG,51.749489,0.032392, ,0.0,0.0,2,2500,0,1,200,0,0,0
TF,SS04F,51.795944,0.101586,0, ,0.0,0.0,43.0,3.8,2,2500,0,0,0,0,2,0
TF,RW04,51.877042,0.222861,0, ,0.0,0.0,43.0,6.6,1,385,0,0,0,0,3,1
CA,0,43.0,2,800,0,0,0,0,0,0
CF,D043B,51.918908,0.286028,0,BKY,117.0,9.4,43.0,2.0,0,0,0,0,0,0,0,1
CI,0, ,0.0,313.0,0,0,0,0,0,0,0,0
CF,D103E,51.970972,0.193200,0,BKY,103.0,5.0,283.0,4.0,1,3000,0,1,185,0,0,0
CF,BKY,51.989769,0.061908,0,BKY,0.0,0.0,283.0,5.0,0,0,0,0,0,0,0,0

FINAL,R22,22,R,3
IF,TOTVO,52.021894,0.441053, ,0.0,0.0,2,2500,0,1,200,0,0,0
TF,SS22F,51.975642,0.371161,0, ,0.0,0.0,223.0,3.8,2,2500,0,0,0,0,2,0
TF,RW22,51.895158,0.250044,0, ,0.0,0.0,223.0,6.6,1,397,0,0,0,0,3,1
CA,0,223.0,2,800,0,0,0,0,0,0
CF,D223E,51.839250,0.165928,0,BKY,156.8,9.8,223.0,3.8,3,3000,0,1,185,0,0,1
DF,D173H,51.857597,0.088114,2, ,0.0,0.0,0,0,0,0,0,0,0,0
CF,BKY,51.989769,0.061908,0,BKY,0.0,0.0,353.0,8.0,1,3000,0,0,0,0,0,0

