SID,BUZA1Y,25,2
CA,0,251.0,2,700,0,0,0,0,0,0
CF,D172H,51.594631,-0.516303,2,BNN,172.0,8.0,352.0,2.0,1,3000,0,0,0,0,0,0
TF,D172F,51.627517,-0.524644,0, ,0.0,0.0,0.0,0.0,1,3000,0,0,0,0,0,0
TF,BNN,51.726164,-0.549750,0, ,0.0,0.0,0.0,0.0,2,4000,0,0,0,0,0,0
TF,D360C,51.776097,-0.550317,0, ,0.0,0.0,0.0,0.0,2,5000,0,0,0,0,0,0
TF,D360F,51.826033,-0.550889,0, ,0.0,0.0,0.0,0.0,1,6000,0,0,0,0,0,0
TF,BUZAD,51.942222,-0.552222,0, ,0.0,0.0,0.0,0.0,0,0,0,0,0,0,0,0

SID,BUZA3X,07,2
CA,0,71.0,2,700,0,0,0,0,0,0
CF,D009R,51.600622,-0.368514,0,OCK,10.4,18.0,9.0,2.0,1,3000,0,0,0,0,0,0
TF,WATFO,51.675833,-0.348333,0, ,0.0,0.0,0.0,0.0,1,4000,0,0,0,0,0,1
DF,BIG27,51.717039,-0.333817,0, ,0.0,0.0,1,5000,0,0,0,0,0,0
TF,BUZAD,51.942222,-0.552222,0, ,0.0,0.0,0.0,0.0,0,0,0,0,0,0,0,0

SID,CHARLI,07,2
CD, ,0,0,0,LON,0,0.0,70.0,8.9,0,0,0,0,0,0,0,0
CF,CHARE,51.603167,-0.264833,0,BPK,213.9,10.6,34.0,2.0,1,2000,0,0,0,0,0,0

SID,CPT4Y,25,2
CA,0,251.0,2,700,0,0,0,0,0,0
DF,D170H,51.595292,-0.510175,2, ,0.0,0.0,1,3000,0,0,0,0,0,0
TF,CHT,51.623144,-0.518575,0, ,0.0,0.0,0.0,0.0,1,3000,0,0,0,0,0,0
TF,ADRUG,51.707222,-0.686111,0, ,0.0,0.0,0.0,0.0,1,4000,0,0,0,0,0,0
TF,HEN,51.759742,-0.790292,0, ,0.0,0.0,0.0,0.0,1,5000,0,0,0,0,0,0
TF,RODNI,51.715833,-0.861667,0, ,0.0,0.0,0.0,0.0,0,0,0,0,0,0,0,0
TF,CPT,51.491572,-1.219692,0, ,0.0,0.0,0.0,0.0,0,0,0,0,0,0,0,0

SID,CPT5X,07,2
CA,0,71.0,2,700,0,0,0,0,0,0
CF,D009R,51.600622,-0.368514,0,OCK,10.4,18.0,9.0,2.0,1,3000,0,0,0,0,0,0
TF,WATFO,51.675833,-0.348333,0, ,0.0,0.0,0.0,0.0,1,4000,0,0,0,0,0,0
TF,D112D,51.701364,-0.450275,0, ,0.0,0.0,0.0,0.0,1,5000,0,0,0,0,0,0
TF,BNN,51.726164,-0.549750,0, ,0.0,0.0,0.0,0.0,1,5000,0,0,0,0,0,0
TF,HEN,51.759742,-0.790292,0, ,0.0,0.0,0.0,0.0,1,5000,0,0,0,0,0,0
TF,RODNI,51.715833,-0.861667,0, ,0.0,0.0,0.0,0.0,0,0,0,0,0,0,0,0
TF,CPT,51.491572,-1.219692,0, ,0.0,0.0,0.0,0.0,0,0,0,0,0,0,0,0

SID,DET4X,07,2
CA,0,71.0,2,700,0,0,0,0,0,0
CF,D009R,51.600622,-0.368514,0,OCK,10.4,18.0,9.0,2.0,1,3000,0,0,0,0,0,0
TF,WATFO,51.675833,-0.348333,0, ,0.0,0.0,0.0,0.0,1,4000,0,0,0,0,0,0
TF,D244F,51.705675,-0.251064,0, ,0.0,0.0,0.0,0.0,1,4000,0,0,0,0,0,0
TF,D244C,51.727728,-0.178933,0, ,0.0,0.0,0.0,0.0,1,5000,0,0,0,0,0,0
TF,BPK,51.749736,-0.106736,0, ,0.0,0.0,0.0,0.0,0,0,0,0,0,0,0,0
TF,D098G,51.733372,0.079092,0, ,0.0,0.0,0.0,0.0,1,5000,0,0,0,0,0,0
TF,D098O,51.715925,0.273497,0, ,0.0,0.0,0.0,0.0,0,0,0,0,0,0,0,0
TF,NEPNA,51.499536,0.449042,0, ,0.0,0.0,0.0,0.0,0,0,0,0,0,0,0,0
TF,DET,51.304003,0.597275,0, ,0.0,0.0,0.0,0.0,1,5000,0,0,0,0,0,0

SID,DET4Y,25,2
CA,0,251.0,2,700,0,0,0,0,0,0
DF,D241Q,51.608058,-0.515172,2, ,0.0,0.0,1,3000,0,0,0,0,0,0
TF,CHT,51.623144,-0.518575,0, ,0.0,0.0,0.0,0.0,1,3000,0,0,0,0,0,0
TF,WATFO,51.675833,-0.348333,0, ,0.0,0.0,0.0,0.0,1,4000,0,0,0,0,0,0
TF,D244F,51.705675,-0.251064,0, ,0.0,0.0,0.0,0.0,1,4000,0,0,0,0,0,0
TF,D244C,51.727728,-0.178933,0, ,0.0,0.0,0.0,0.0,1,5000,0,0,0,0,0,0
TF,BPK,51.749736,-0.106736,0, ,0.0,0.0,0.0,0.0,0,0,0,0,0,0,0,0
TF,D098G,51.733372,0.079092,0, ,0.0,0.0,0.0,0.0,1,5000,0,0,0,0,0,0
TF,D098O,51.715925,0.273497,0, ,0.0,0.0,0.0,0.0,0,0,0,0,0,0,0,0
TF,NEPNA,51.499536,0.449042,0, ,0.0,0.0,0.0,0.0,0,0,0,0,0,0,0,0
TF,DET,51.304003,0.597275,0, ,0.0,0.0,0.0,0.0,1,5000,0,0,0,0,0,0

SID,MATC1X,07,2
CA,0,71.0,2,700,0,0,0,0,0,0
CF,D009R,51.600622,-0.368514,0,OCK,10.4,18.0,9.0,2.0,1,3000,0,0,0,0,0,0
TF,WATFO,51.675833,-0.348333,0, ,0.0,0.0,0.0,0.0,1,4000,0,0,0,0,0,0
TF,D244F,51.705675,-0.251064,0, ,0.0,0.0,0.0,0.0,1,4000,0,0,0,0,0,0
TF,D244C,51.727728,-0.178933,0, ,0.0,0.0,0.0,0.0,1,5000,0,0,0,0,0,0
TF,BPK,51.749736,-0.106736,0, ,0.0,0.0,0.0,0.0,0,0,0,0,0,0,0,0
TF,D083G,51.765228,0.079350,0, ,0.0,0.0,0.0,0.0,1,5000,0,0,0,0,0,0
TF,MATCH,51.779167,0.250000,0, ,0.0,0.0,0.0,0.0,1,5000,0,0,0,0,0,0

SID,MATC1Y,25,2
CA,0,251.0,2,700,0,0,0,0,0,0
DF,D241Q,51.608058,-0.515172,2, ,0.0,0.0,1,3000,0,0,0,0,0,0
TF,CHT,51.623144,-0.518575,0, ,0.0,0.0,0.0,0.0,1,3000,0,0,0,0,0,0
TF,WATFO,51.675833,-0.348333,0, ,0.0,0.0,0.0,0.0,1,4000,0,0,0,0,0,0
TF,D244F,51.705675,-0.251064,0, ,0.0,0.0,0.0,0.0,1,4000,0,0,0,0,0,0
TF,D244C,51.727728,-0.178933,0, ,0.0,0.0,0.0,0.0,1,5000,0,0,0,0,0,0
TF,BPK,51.749736,-0.106736,0, ,0.0,0.0,0.0,0.0,0,0,0,0,0,0,0,0
TF,D083G,51.765228,0.079350,0, ,0.0,0.0,0.0,0.0,1,5000,0,0,0,0,0,0
TF,MATCH,51.779167,0.250000,0, ,0.0,0.0,0.0,0.0,1,5000,0,0,0,0,0,0

SID,ROMEO,25,2
CA,0,250.0,2,700,0,0,0,0,0,0
CF,ROMEO,51.603333,-0.541833,0,LON,339.0,7.5,338.0,4.0,1,2000,0,0,0,0,0,0

STAR,ALES1H,ALL,5
IF,ALESO,50.575622,1.225417, ,0.0,0.0,0,0,0,0,0,0,0,0
TF,ROTNO,50.857242,0.778111,0, ,0.0,0.0,0.0,0.0,0,0,0,0,0,0,0,0
TF,ETVAX,50.968608,0.598964,0, ,0.0,0.0,0.0,0.0,1,18000,0,0,0,0,0,0
TF,TIGER,51.067172,0.439317,0, ,0.0,0.0,0.0,0.0,0,0,0,0,0,0,0,0
TF,LLE01,51.187211,0.256022,0, ,0.0,0.0,0.0,0.0,0,0,0,1,250,0,0,0
TF,BIG,51.330875,0.034811,0, ,0.0,0.0,0.0,0.0,1,7000,0,1,220,0,0,0

STAR,BEDE1H,ALL,5
IF,BEDEK,51.370833,-1.558611, ,0.0,0.0,1,14000,0,0,0,0,0,0
TF,NIGIT,51.313044,-1.170753,0, ,0.0,0.0,0.0,0.0,0,0,0,0,0,0,0,0
TF,LLW03,51.309119,-0.765817,0, ,0.0,0.0,0.0,0.0,0,0,0,1,250,0,0,0
TF,OCK,51.305047,-0.447183,0, ,0.0,0.0,0.0,0.0,1,7000,0,1,220,0,0,0

STAR,BIG1Z,ALL,5
IF,BIG,51.330875,0.034811, ,0.0,0.0,0,0,0,1,250,0,0,0
TF,DORKI,51.275833,-0.264444,0, ,0.0,0.0,0.0,0.0,0,0,0,0,0,0,0,0
TF,OCK,51.305047,-0.447183,0, ,0.0,0.0,0.0,0.0,1,7000,0,1,220,0,0,0

STAR,BNN1B,ALL,2
IF,NUGRA,53.029444,-2.303889, ,0.0,0.0,0,0,0,0,0,0,0,0
TF,TOBID,52.216667,-1.466389,0, ,0.0,0.0,0.0,0.0,1,20000,0,0,0,0,0,0
TF,HON27,52.021631,-1.194744,0, ,0.0,0.0,0.0,0.0,1,15000,0,0,0,0,0,0
TF,SOPIT,51.958289,-1.107319,0, ,0.0,0.0,0.0,0.0,0,0,0,0,0,0,0,0
TF,WCO,51.852919,-0.962408,0, ,0.0,0.0,0.0,0.0,0,0,0,1,250,0,0,0
TF,BNN,51.726164,-0.549750,0, ,0.0,0.0,0.0,0.0,0,0,0,0,0,0,0,0

STAR,BNN1C,ALL,2
IF,DTY,52.180142,-1.113789, ,0.0,0.0,0,0,0,0,0,0,0,0
TF,WCO,51.852919,-0.962408,0, ,0.0,0.0,0.0,0.0,0,0,0,1,250,0,0,0
TF,BNN,51.726164,-0.549750,0, ,0.0,0.0,0.0,0.0,0,0,0,0,0,0,0,0

STAR,BNN1D,ALL,2
IF,KENET,51.520556,-1.455000, ,0.0,0.0,0,0,0,0,0,0,0,0
TF,D251L,51.658467,-0.852131,0, ,0.0,0.0,0.0,0.0,0,0,0,1,250,0,0,0
TF,BNN,51.726164,-0.549750,0, ,0.0,0.0,0.0,0.0,0,0,0,0,0,0,0,0

STAR,BNN1E,ALL,2
IF,LAM,51.646025,0.151703, ,0.0,0.0,0,0,0,0,0,0,0,0
TF,DONNA,51.700000,-0.743611,0, ,0.0,0.0,0.0,0.0,0,0,0,0,0,0,0,1
CF,BNN,51.726164,-0.549750,2,BNN,0.0,0.0,117.0,7.0,0,0,0,0,0,0,0,0

STAR,BNN4A,ALL,2
IF,HON,52.356678,-1.663725, ,0.0,0.0,0,0,0,0,0,0,0,0
TF,TOBID,52.216667,-1.466389,0, ,0.0,0.0,0.0,0.0,0,0,0,0,0,0,0,0
TF,HON27,52.021631,-1.194744,0, ,0.0,0.0,0.0,0.0,1,15000,0,0,0,0,0,0
TF,SOPIT,51.958289,-1.107319,0, ,0.0,0.0,0.0,0.0,0,0,0,0,0,0,0,0
TF,WCO,51.852919,-0.962408,0, ,0.0,0.0,0.0,0.0,0,0,0,1,250,0,0,0
TF,BNN,51.726164,-0.549750,0, ,0.0,0.0,0.0,0.0,0,0,0,0,0,0,0,0

STAR,BOVA1B,ALL,2
IF,NUGRA,53.029444,-2.303889, ,0.0,0.0,0,0,0,0,0,0,0,0
TF,TOBID,52.216667,-1.466389,0, ,0.0,0.0,0.0,0.0,1,20000,0,0,0,0,0,0
TF,HON27,52.021631,-1.194744,0, ,0.0,0.0,0.0,0.0,1,15000,0,0,0,0,0,0
TF,SOPIT,51.958289,-1.107319,0, ,0.0,0.0,0.0,0.0,0,0,0,0,0,0,0,0
TF,WCO,51.852919,-0.962408,0, ,0.0,0.0,0.0,0.0,0,0,0,0,0,0,0,0
TF,BOVVA,51.726111,-0.549722,0, ,0.0,0.0,0.0,0.0,0,0,0,0,0,0,0,0

STAR,BOVA1C,ALL,2
IF,DTY,52.180142,-1.113789, ,0.0,0.0,0,0,0,0,0,0,0,0
TF,WCO,51.852919,-0.962408,0, ,0.0,0.0,0.0,0.0,0,0,0,0,0,0,0,0
TF,BOVVA,51.726111,-0.549722,0, ,0.0,0.0,0.0,0.0,0,0,0,0,0,0,0,0

STAR,BOVA1D,ALL,2
IF,KENET,51.520556,-1.455000, ,0.0,0.0,0,0,0,0,0,0,0,0
TF,BOVVA,51.726111,-0.549722,0, ,0.0,0.0,0.0,0.0,0,0,0,0,0,0,0,0

STAR,BOVA1E,ALL,2
IF,LAM,51.646025,0.151703, ,0.0,0.0,0,0,0,0,0,0,0,0
TF,DONNA,51.700000,-0.743611,0, ,0.0,0.0,0.0,0.0,0,0,0,0,0,0,0,0
VI,2, ,0.0,93.0,0,0,0,0,0,0,0,0
CF,BOVVA,51.726111,-0.549722,0,LAM,280.7,26.6,138.0,4.0,0,0,0,0,0,0,0,0

STAR,BOVA4A,ALL,2
IF,HON,52.356678,-1.663725, ,0.0,0.0,0,0,0,0,0,0,0,0
TF,TOBID,52.216667,-1.466389,0, ,0.0,0.0,0.0,0.0,0,0,0,0,0,0,0,0
TF,HON27,52.021631,-1.194744,0, ,0.0,0.0,0.0,0.0,1,15000,0,0,0,0,0,0
TF,SOPIT,51.958289,-1.107319,0, ,0.0,0.0,0.0,0.0,0,0,0,0,0,0,0,0
TF,WCO,51.852919,-0.962408,0, ,0.0,0.0,0.0,0.0,0,0,0,0,0,0,0,0
TF,BOVVA,51.726111,-0.549722,0, ,0.0,0.0,0.0,0.0,0,0,0,0,0,0,0,0

STAR,HAZE1H,ALL,5
IF,HAZEL,51.005278,-0.984444, ,0.0,0.0,1,13000,0,0,0,0,0,0
TF,LLS01,51.172775,-0.685675,0, ,0.0,0.0,0.0,0.0,0,0,0,1,250,0,0,0
TF,OCK,51.305047,-0.447183,0, ,0.0,0.0,0.0,0.0,1,7000,0,1,220,0,0,0

STAR,LAM1X,ALL,5
IF,LAM,51.646025,0.151703, ,0.0,0.0,0,0,0,1,250,0,0,0
TF,HILLY,51.335011,0.243717,0, ,0.0,0.0,0.0,0.0,0,0,0,1,220,0,0,1
CF,BIG,51.330875,0.034811,2,BIG,0.0,0.0,303.0,7.0,1,7000,0,1,220,0,0,0

STAR,LAM1Y,ALL,5
IF,LAM,51.646025,0.151703, ,0.0,0.0,0,0,0,1,250,0,0,0
TF,DORKI,51.275833,-0.264444,0, ,0.0,0.0,0.0,0.0,0,0,0,0,0,0,0,0
TF,OCK,51.305047,-0.447183,0, ,0.0,0.0,0.0,0.0,1,7000,0,1,220,0,0,0

STAR,LOGA1H,ALL,2
IF,LOGAN,51.747589,1.611828, ,0.0,0.0,1,25000,0,0,0,0,0,0
TF,TRIPO,51.713056,1.082778,0, ,0.0,0.0,0.0,0.0,1,16000,0,0,0,0,0,0
TF,SABER,51.703822,0.949497,0, ,0.0,0.0,0.0,0.0,0,0,0,0,0,0,0,0
TF,BRASO,51.685278,0.683333,0, ,0.0,0.0,0.0,0.0,0,0,0,0,0,0,0,0
TF,D083L,51.669864,0.470564,0, ,0.0,0.0,0.0,0.0,0,0,0,1,250,0,0,0
TF,LAM,51.646025,0.151703,0, ,0.0,0.0,0.0,0.0,0,0,0,0,0,0,0,0

STAR,LOGA1Z,ALL,2
IF,LOGAN,51.747589,1.611828, ,0.0,0.0,1,25000,0,0,0,0,0,0
TF,TRIPO,51.713056,1.082778,0, ,0.0,0.0,0.0,0.0,1,16000,0,0,0,0,0,0
TF,SABER,51.703822,0.949497,0, ,0.0,0.0,0.0,0.0,0,0,0,0,0,0,0,0
TF,BRASO,51.685278,0.683333,0, ,0.0,0.0,0.0,0.0,0,0,0,0,0,0,0,0
TF,D083L,51.669864,0.470564,0, ,0.0,0.0,0.0,0.0,0,0,0,1,250,0,0,0
TF,TAWNY,51.646111,0.151667,0, ,0.0,0.0,0.0,0.0,0,0,0,0,0,0,0,0

STAR,OCK1Z,ALL,5
IF,OCK,51.305047,-0.447183, ,0.0,0.0,0,0,0,0,0,0,0,0
TF,DORKI,51.275833,-0.264444,0, ,0.0,0.0,0.0,0.0,0,0,0,1,250,0,0,0
TF,HILLY,51.335011,0.243717,0, ,0.0,0.0,0.0,0.0,0,0,0,1,220,0,0,1
CF,BIG,51.330875,0.034811,2,OCK,84.9,18.2,303.0,7.0,1,7000,0,1,220,0,0,0

STAR,OTME1H,ALL,5
IF,OTMET,50.681961,-2.514825, ,0.0,0.0,1,27000,0,0,0,0,0,0
TF,SOKDU,50.660894,-2.025850,0, ,0.0,0.0,0.0,0.0,0,0,0,0,0,0,0,0
TF,NEDUL,50.666111,-1.547739,0, ,0.0,0.0,0.0,0.0,1,21000,0,0,0,0,0,0
TF,BEGTO,50.762500,-1.235556,0, ,0.0,0.0,0.0,0.0,0,0,0,0,0,0,0,0
TF,HAZEL,51.005278,-0.984444,0, ,0.0,0.0,0.0,0.0,1,13000,0,0,0,0,0,0
TF,LLS01,51.172775,-0.685675,0, ,0.0,0.0,0.0,0.0,0,0,0,1,250,0,0,0
TF,OCK,51.305047,-0.447183,0, ,0.0,0.0,0.0,0.0,1,7000,0,1,220,0,0,0

STAR,ROXO1H,ALL,5
IF,ROXOG,50.266192,-1.562336, ,0.0,0.0,0,0,0,0,0,0,0,0
TF,AMTOD,50.537692,-1.429017,0, ,0.0,0.0,0.0,0.0,0,0,0,0,0,0,0,0
TF,BEGTO,50.762500,-1.235556,0, ,0.0,0.0,0.0,0.0,0,0,0,0,0,0,0,0
TF,HAZEL,51.005278,-0.984444,0, ,0.0,0.0,0.0,0.0,1,13000,0,0,0,0,0,0
TF,LLS01,51.172775,-0.685675,0, ,0.0,0.0,0.0,0.0,0,0,0,1,250,0,0,0
TF,OCK,51.305047,-0.447183,0, ,0.0,0.0,0.0,0.0,1,7000,0,1,220,0,0,0

STAR,TANE1Z,ALL,5
IF,TANET,51.449444,0.925553, ,0.0,0.0,0,0,0,0,0,0,0,0
TF,DET,51.304003,0.597275,0, ,0.0,0.0,0.0,0.0,0,0,0,0,0,0,0,0
TF,LLE02,51.316022,0.352742,0, ,0.0,0.0,0.0,0.0,0,0,0,1,250,0,0,0
TF,BIG,51.330875,0.034811,0, ,0.0,0.0,0.0,0.0,1,7000,0,1,220,0,0,0

STAR,TOBI1X,ALL,5
IF,TOBID,52.216667,-1.466389, ,0.0,0.0,0,0,0,0,0,0,0,0
TF,WOD,51.452783,-0.878800,0, ,0.0,0.0,0.0,0.0,0,0,0,0,0,0,0,0
TF,LLW02,51.401086,-0.726914,0, ,0.0,0.0,0.0,0.0,0,0,0,1,250,0,0,0
TF,OCK,51.305047,-0.447183,0, ,0.0,0.0,0.0,0.0,1,7000,0,1,220,0,0,0

FINAL,I25,25,I,10
IF,CI25,51.609567,-0.169644,INHT,69.8,10.5,2,1800,0,0,0,0,0,0
CF,FI25,51.581092,-0.295211,0,INHT,69.8,5.5,250.0,5.0,1,1800,0,0,0,0,2,0
CF,RW25,51.555322,-0.408200,0,INHT,69.8,0.0,250.0,4.5,1,162,0,0,0,0,3,0
CR,0,BNN,158.0,250.0,2,1000,0,0,0,0,0,0
CI,0, ,0.0,327.0,0,0,0,1,185,0,0,0
CF,D177B,51.692953,-0.546011,0,BNN,178.0,2.0,357.0,9.0,1,2000,0,0,0,0,0,0
HM,D177B,51.692953,-0.546011,1, ,0.0,0.0,357.0,04,1,2400,0,0,0,0,0,0,0
IF,CI25,53.136056,0.070539,ICNY,73.0,9.9,1,2030,0,0,0,0,0,0
CF,FI25,53.126428,0.017558,0,ICNY,73.0,7.9,253.0,2.0,1,2030,0,0,0,0,2,0
CF,RW25,53.096992,-0.146644,0,ICNY,71.9,1.7,253.0,6.2,1,76,0,0,0,0,3,0
FA,RW25,53.096992,-0.146644,0,CGY,0.0,0.0,253.0,2,2730,0,0,0,0,0,0
VM,0,0,2,68.0,2,2730,0,0,0,0,0,0

