SID,EAST16,16,2
CD, ,0,0,0,LEE,0,0.0,157.0,2.0,2,1140,0,0,0,0,0,0
CF,D052G,54.370269,-1.381850,1,LEE,52.0,7.0,3.0,5.0,0,0,0,0,0,0,0,0
CF,D052O,54.453675,-1.204008,0,LEE,52.0,15.0,52.0,8.0,1,2960,0,0,0,0,0,0

SID,EAST34,34,2
CD, ,0,0,0,LEE,0,0.0,337.0,1.0,2,1140,0,0,0,0,0,0
CF,D052G,54.370269,-1.381850,2,LEE,52.0,7.0,83.0,4.0,0,0,0,0,0,0,0,0
CF,D052O,54.453675,-1.204008,0,LEE,52.0,15.0,52.0,8.0,1,2170,0,0,0,0,0,0

SID,NORT34,34,2
CD, ,0,0,0,LEE,0,0.0,337.0,1.0,2,1140,0,0,0,0,0,0
CF,D337H,54.418633,-1.629700,0,LEE,337.0,8.0,337.0,7.0,0,0,0,0,0,0,0,1
CF,D359S,54.612867,-1.561608,0,LEE,358.4,19.0,13.0,12.0,1,1810,0,0,0,0,0,0

APPTR,I16,16,D259O
IF,D259O,54.244461,-1.953694, ,0.0,0.0,2,5000,0,0,0,0,1,0
CI,0, ,0.0,79.0,0,0,0,0,0,0,0,0
AF,D318M,54.454997,-1.790033,2,LEE,318.0,13.0,259.0,2,3610,0,0,0,0,0,0
AF,D328M,54.478303,-1.739158,2,LEE,328.0,13.0,318.0,2,3610,0,0,0,0,0,0
CF,CI16,54.471847,-1.673986,0,ILI,336.8,12.6,157.0,1.0,2,3610,0,0,0,0,1,0

FINAL,I16,16,I,3
IF,CI16,54.471847,-1.673986,ILI,336.8,12.6,2,3610,0,0,0,0,0,0
CF,FI16,54.396036,-1.615231,0,ILI,336.8,7.6,157.0,5.0,1,2110,0,0,0,0,2,0
CF,RW16,54.301919,-1.542619,0,ILI,336.8,1.4,157.0,6.2,1,160,0,0,0,0,3,0
FA,RW16,54.301919,-1.542619,0,LEE,0.0,0.0,157.0,2,3610,0,0,0,0,0,0
VM,0,0,0,157.0,1,3610,0,0,0,0,0,0

APPTR,T16,16,D259O
IF,D259O,54.244461,-1.953694, ,0.0,0.0,2,5000,0,0,0,0,1,0
CI,0, ,0.0,79.0,0,0,0,0,0,0,0,0
AF,D319M,54.457556,-1.785272,2,LEE,319.0,13.0,259.0,2,3610,0,0,0,0,0,0
AF,D325M,54.471861,-1.755150,2,LEE,325.0,13.0,319.0,2,3610,0,0,0,0,0,0
CF,CT16,54.474867,-1.692506,0,LEE,334.0,12.0,154.0,1.0,2,3610,0,0,0,0,1,0

FINAL,T16,16,D,4
IF,CT16,54.474867,-1.692506,LEE,334.0,12.0,2,3610,0,0,0,0,0,0
CF,FT16,54.394886,-1.622303,0,LEE,334.0,6.6,154.0,5.4,2,2110,0,0,0,0,2,0
CF,35TAC,54.348950,-1.582122,0,LEE,334.0,3.5,154.0,3.1,2,1170,0,0,0,0,0,0
CF,MT16,54.319308,-1.556247,0,LEE,334.0,1.5,154.0,2.0,1,526,0,0,0,0,3,0
FA,MT16,54.319308,-1.556247,0,LEE,0.0,0.0,157.0,2,3610,0,0,0,0,0,0
FM,LEE,54.297075,-1.536869,0,LEE,0.0,0.0,157.0,1,3610,0,0,0,0,0,0

APPTR,T34,34,D259O
IF,D259O,54.244461,-1.953694, ,0.0,0.0,2,5000,0,0,0,0,1,0
CI,0, ,0.0,79.0,0,0,0,0,0,0,0,0
AF,D233M,54.163553,-1.827328,1,LEE,233.0,13.0,259.0,2,3640,0,0,0,0,0,0
AF,D185M,54.081294,-1.562528,1,LEE,185.0,13.0,233.0,2,3140,0,0,0,0,0,0
AF,D170M,54.084725,-1.466669,1,LEE,170.0,13.0,185.0,2,3140,0,0,0,0,0,0
CF,CT34,54.101572,-1.415828,0,LEE,161.0,12.5,341.0,1.0,2,3140,0,0,0,0,1,0

FINAL,T34,34,D,3
IF,CT34,54.101572,-1.415828,LEE,161.0,12.5,2,3140,0,0,0,0,0,0
CF,FT34,54.186044,-1.467978,0,LEE,161.0,7.1,341.0,5.4,2,2140,0,0,0,0,2,0
CF,MT34,54.265800,-1.517425,0,LEE,161.0,2.0,341.0,5.1,1,538,0,0,0,0,3,0
CF,LEE,54.297075,-1.536869,0,LEE,0.0,0.0,341.0,2.0,2,540,0,0,0,0,0,0
FM,LEE,54.297075,-1.536869,0,LEE,0.0,0.0,336.0,1,3640,0,0,0,0,0,0

