SID,21EAST,21,2
CF,D212B,54.022708,-1.280167,0,LOO,214.4,2.0,212.0,2.0,0,0,0,0,0,0,0,1
CA,0,212.0,2,450,0,0,0,0,0,0
CI,1, ,0.0,58.0,0,0,0,0,0,0,0,0
CF,D088O,54.062817,-0.825375,0,LOO,88.0,15.0,88.0,6.0,0,0,0,0,0,0,0,0

SID,21WEST,21,2
CF,D212B,54.022708,-1.280167,0,LOO,214.4,2.0,212.0,2.0,0,0,0,0,0,0,0,1
CA,0,212.0,2,450,0,0,0,0,0,0
CI,0, ,0.0,278.0,0,0,0,0,0,0,0,0
CF,D248H,53.998311,-1.457042,0,LOO,248.0,8.0,248.0,1.0,0,0,0,0,0,0,0,1
CF,D295O,54.152586,-1.636594,0,LOO,295.3,15.0,338.0,10.0,0,0,0,0,0,0,0,0

SID,MID03,03,2
CF,D032B,54.079781,-1.222186,0,LOO,29.4,2.0,32.0,2.0,0,0,0,0,0,0,0,1
CA,0,32.0,2,450,0,0,0,0,0,0
CI,2, ,0.0,138.0,0,0,0,0,0,0,0,0
CF,D088O,54.062817,-0.825375,0,LOO,88.0,15.0,88.0,9.0,0,0,0,0,0,0,0,0

SID,MID10,10,2
CA,0,97.0,2,450,0,0,0,0,0,0
CF,D088O,54.062817,-0.825375,0,LOO,88.0,15.0,88.0,14.0,0,0,0,0,0,0,0,0

SID,MID28,28,2
CF,D277B,54.052083,-1.305561,0,LOO,273.8,2.0,277.0,2.0,0,0,0,0,0,0,0,1
CA,0,277.0,2,450,0,0,0,0,0,0
CI,0, ,0.0,218.0,0,0,0,0,0,0,0,0
CF,D248H,53.998311,-1.457042,0,LOO,248.0,8.0,248.0,2.0,0,0,0,0,0,0,0,1
CF,D295O,54.152586,-1.636594,0,LOO,295.3,15.0,338.0,10.0,0,0,0,0,0,0,0,0

APPTR,I03,03,D0561
IF,D056D,54.088642,-1.156333, ,0.0,0.0,2,5000,0,0,0,0,1,0
CF,LOO,54.050503,-1.249072,0,LOO,0.0,0.0,236.0,4.0,0,0,0,0,0,0,0,0
FD,LOO,54.050503,-1.249072,0,LOO,0.0,3.0,236.0,3.0,2,5000,0,0,0,0,0,0
CF,D236H,53.974008,-1.434033,0,LOO,236.0,8.0,236.0,5.0,2,2550,0,1,210,0,0,1
CF,CL03,53.937708,-1.368975,1,ILNO,212.5,8.6,32.0,1.0,2,2050,0,0,0,0,0,0

APPTR,I03,03,D0562
IF,D056D,54.088642,-1.156333, ,0.0,0.0,2,5000,0,0,0,0,1,0
CF,LOO,54.050503,-1.249072,0,LOO,0.0,0.0,236.0,4.0,0,0,0,0,0,0,0,0
FD,LOO,54.050503,-1.249072,0,LOO,0.0,3.0,225.0,3.0,2,5000,0,0,0,0,0,0
CF,D225H,53.954644,-1.405850,0,LOO,225.0,8.0,225.0,5.0,2,2550,0,1,210,0,0,1
CF,CL03,53.937708,-1.368975,1,ILNO,212.5,8.6,32.0,1.0,2,2050,0,0,0,0,0,0

FINAL,I03,03,I,3
IF,CL03,53.937708,-1.368975,ILNO,212.5,8.6,2,2050,0,0,0,0,0,0
CF,FF03,53.955747,-1.350308,0,ILNO,212.5,7.3,32.0,1.3,1,2050,0,0,0,0,2,0
CF,RW03,54.043556,-1.259175,0,ILNO,212.5,1.1,32.0,6.2,1,78,0,0,0,0,3,0
FA,RW03,54.043556,-1.259175,0,LOO,0.0,0.0,32.0,2,3550,0,0,0,0,0,0
VM,0,0,0,32.0,1,3550,0,0,0,0,0,0

APPTR,I21,21,D068O
IF,D068O,54.146000,-0.856667, ,0.0,0.0,2,5000,0,0,0,0,1,0
CI,0, ,0.0,248.0,0,0,0,0,0,0,0,0
AF,D045M,54.205825,-0.992758,1,LOO,45.0,13.0,68.0,0,0,0,0,0,0,0,0
CI,0,ILTU,0.0,260.0,2,2550,0,0,0,0,0,0

FINAL,I21,21,I,3
IF,CL21,54.230342,-1.046475,ILTU,35.0,13.5,2,2550,0,0,0,0,0,0
CF,FF21,54.164242,-1.122922,0,ILTU,35.0,8.7,215.0,4.8,1,2550,0,0,0,0,2,0
CF,RW21,54.056414,-1.245781,0,ILTU,37.3,0.9,215.0,7.8,1,82,0,0,0,0,3,0
FD,RW21,54.056414,-1.245781,0,LOO,19.1,6.0,215.0,6.0,1,3550,0,0,0,0,0,0
VM,0,0,2,318.0,1,3550,0,0,0,0,0,0

APPTR,T03,03,D0561
IF,D056D,54.088642,-1.156333, ,0.0,0.0,2,5000,0,0,0,0,1,0
CF,LOO,54.050503,-1.249072,0,LOO,0.0,0.0,236.0,4.0,0,0,0,0,0,0,0,0
FD,LOO,54.050503,-1.249072,0,LOO,0.0,3.0,241.0,3.0,2,5000,0,0,0,0,0,0
CF,D241H,53.983786,-1.444664,0,LOO,241.0,8.0,241.0,5.0,2,2560,0,1,210,0,0,1
CF,FT03,53.960258,-1.360189,1,LOO,217.0,6.7,37.0,2.0,2,2060,0,0,0,0,0,0

APPTR,T03,03,D0562
IF,D056D,54.088642,-1.156333, ,0.0,0.0,2,5000,0,0,0,0,1,0
CF,LOO,54.050503,-1.249072,0,LOO,0.0,0.0,236.0,4.0,0,0,0,0,0,0,0,0
FD,LOO,54.050503,-1.249072,0,LOO,0.0,3.0,229.0,3.0,2,5000,0,0,0,0,0,0
CF,D229H,53.961314,-1.416822,0,LOO,229.0,8.0,229.0,5.0,2,2560,0,1,210,0,0,1
CF,FT03,53.960258,-1.360189,1,LOO,217.0,6.7,37.0,2.0,2,2060,0,0,0,0,0,0

FINAL,T03,03,D,2
IF,FT03,53.960258,-1.360189,LOO,217.0,6.7,2,2060,0,0,0,0,2,0
CF,MT03,54.030306,-1.273989,0,LOO,217.0,1.5,37.0,5.2,1,403,0,0,0,0,3,0
FA,MT03,54.030306,-1.273989,0,LOO,0.0,0.0,32.0,2,3560,0,0,0,0,0,0
VM,0,0,0,32.0,1,3560,0,0,0,0,0,0

APPTR,T21,21,D068O
IF,D068O,54.146000,-0.856667, ,0.0,0.0,2,5000,0,0,0,0,1,0
CI,0, ,0.0,248.0,0,0,0,0,0,0,0,0
AF,D038M,54.223044,-1.026925,1,LOO,38.0,13.0,68.0,2,2560,0,0,0,0,0,0
AF,D027M,54.244806,-1.087172,1,LOO,27.0,13.0,38.0,2,2560,0,0,0,0,1,0
CF,FT21,54.171594,-1.148372,0,LOO,27.0,8.1,207.0,4.9,2,2560,0,0,0,0,0,0

FINAL,T21,21,D,3
IF,FT21,54.171594,-1.148372,LOO,27.0,8.1,2,2560,0,0,0,0,2,0
CF,30TAC,54.095361,-1.211844,0,LOO,27.0,3.0,207.0,5.1,2,950,0,0,0,0,0,0
CF,MT21,54.072933,-1.230467,0,LOO,27.0,1.5,207.0,1.5,1,461,0,0,0,0,3,0
FD,MT21,54.072933,-1.230467,0,LOO,27.0,6.0,212.0,6.0,2,3560,0,0,0,0,0,0
VM,0,0,2,318.0,1,3560,0,0,0,0,0,0

APPTR,T28,28,D068O
IF,D068O,54.146000,-0.856667, ,0.0,0.0,2,5000,0,0,0,0,1,0
CI,0, ,0.0,248.0,0,0,0,0,0,0,0,0
AF,D097M,54.027336,-0.883689,2,LOO,97.0,13.0,68.0,0,0,0,0,0,0,0,0
AF,D107M,53.990361,-0.896222,2,LOO,107.0,13.0,97.0,2,2050,0,0,0,0,1,0
CF,FT28,54.020561,-1.072519,0,LOO,107.0,6.5,287.0,6.5,2,2050,0,0,0,0,0,0

FINAL,T28,28,D,2
IF,FT28,54.020561,-1.072519,LOO,107.0,6.5,2,2050,0,0,0,0,2,0
CF,MT28,54.045911,-1.221892,0,LOO,107.0,0.0,287.0,5.5,1,330,0,0,0,0,3,0
FA,MT28,54.045911,-1.221892,0,LOO,0.0,0.0,277.0,2,3550,0,0,0,0,0,0
VM,0,0,0,277.0,1,3550,0,0,0,0,0,0

