SID,MID01N,01,2
DF,RW19,52.654997,0.559656,0, ,0.0,0.0,0,0,0,0,0,0,0,0
CF,D007C,52.696561,0.570700,0,MAM,6.8,3.0,9.0,3.0,0,0,0,0,0,0,0,0
CA,0,9.0,2,1680,0,0,0,0,0,0
CA,0,35.0,2,2500,0,0,0,0,0,0
VM,0,0,0,35.0,0,0,0,0,0,0,0,0

SID,MID01W,01,2
DF,RW19,52.654997,0.559656,0, ,0.0,0.0,0,0,0,0,0,0,0,0
CF,D007C,52.696561,0.570700,0,MAM,6.8,3.0,9.0,3.0,0,0,0,0,0,0,0,0
CA,0,9.0,2,1680,0,0,0,0,0,0
CA,1,270.0,2,2500,0,0,0,0,0,0
VM,0,0,0,270.0,0,0,0,0,0,0,0,0

SID,MID06,06,2
DF,RW24,52.655397,0.567383,0, ,0.0,0.0,0,0,0,0,0,0,0,0
CA,0,56.0,2,2500,0,0,0,0,0,0
VM,0,0,0,56.0,0,0,0,0,0,0,0,0

SID,MID19,19,2
DF,RW01,52.639019,0.555700,0, ,0.0,0.0,0,0,0,0,0,0,0,0
CF,D191C,52.598028,0.544833,0,MAM,191.3,3.0,189.0,3.0,0,0,0,0,0,0,0,0
CA,0,189.0,2,1680,0,0,0,0,0,0
CA,2,270.0,2,2500,0,0,0,0,0,0
VM,0,0,0,270.0,0,0,0,0,0,0,0,0

SID,MID24,24,2
DF,RW06,52.641206,0.533517,0, ,0.0,0.0,0,0,0,0,0,0,0,0
CA,0,236.0,2,2500,0,0,0,0,0,0
VM,0,0,0,236.0,0,0,0,0,0,0,0,0

APPTR,I24,24,D251
IF,D251C,52.630706,0.483333, ,0.0,0.0,2,6000,0,0,0,0,1,0
CF,MAM,52.646989,0.560922,0,MAM,0.0,0.0,71.0,3.0,2,5070,0,0,0,0,0,0
FD,MAM,52.646989,0.560922,0,MAM,0.0,5.0,84.0,5.0,2,3070,0,0,0,0,0,0
CD, ,0,0,0,MAM,0,0.0,84.0,9.0,0,0,0,0,0,0,0,0
CF,CI24,52.731678,0.750178,1,IMR,55.4,10.0,236.0,1.0,2,1770,0,0,0,0,1,0

APPTR,I24,24,D252
IF,D251C,52.630706,0.483333, ,0.0,0.0,2,6000,0,0,0,0,1,0
CF,MAM,52.646989,0.560922,0,MAM,0.0,0.0,71.0,3.0,2,5070,0,0,0,0,0,0
FD,MAM,52.646989,0.560922,0,MAM,0.0,5.0,65.0,5.0,2,3070,0,0,0,0,0,0
CD, ,0,0,0,MAM,0,0.0,65.0,9.0,0,0,0,0,0,0,0,0
CF,CI24,52.731678,0.750178,1,IMR,55.4,10.0,236.0,1.0,2,1770,0,0,0,0,0,0

FINAL,I24,24,I,3
IF,CI24,52.731678,0.750178,IMR,55.4,10.0,2,1770,0,0,0,0,0,0
CF,FI24,52.701558,0.677847,0,IMR,55.4,6.8,236.0,3.2,1,1670,0,0,0,0,2,0
CF,RW24,52.655397,0.567383,0,IMR,55.4,1.9,236.0,4.9,1,124,0,0,0,0,3,0
FA,RW24,52.655397,0.567383,0,MAM,0.0,0.0,236.0,2,1670,0,0,0,0,0,0
VM,0,0,0,236.0,1,1670,0,0,0,0,0,0

APPTR,T01,01,D031
IF,D034E,52.715961,0.637625, ,0.0,0.0,2,6000,0,0,0,0,1,0
CF,MAM,52.646989,0.560922,0,MAM,0.0,0.0,214.0,5.0,2,3760,0,0,0,0,0,0
FD,MAM,52.646989,0.560922,0,MAM,0.0,5.1,244.0,5.1,2,1560,0,1,230,0,0,0
CF,FT01,52.568289,0.508817,1,MAM,202.0,5.1,22.0,1.0,2,1560,0,0,0,0,0,0

APPTR,T01,01,D032
IF,D034E,52.715961,0.637625, ,0.0,0.0,2,6000,0,0,0,0,1,0
CF,MAM,52.646989,0.560922,0,MAM,0.0,0.0,214.0,5.0,2,3760,0,0,0,0,0,0
FD,MAM,52.646989,0.560922,0,MAM,0.0,5.1,220.0,5.1,2,1560,0,1,230,0,0,0
CF,FT01,52.568289,0.508817,1,MAM,202.0,5.1,22.0,1.0,2,1560,0,0,0,0,0,0

FINAL,T01,01,D,2
IF,FT01,52.568289,0.508817,MAM,202.0,5.1,2,1560,0,0,0,0,2,0
CF,MT01,52.620764,0.543583,0,MAM,201.9,1.7,22.0,3.4,1,485,0,0,0,0,3,1
VM,0,0,0,35.0,1,1660,0,0,0,0,0,0

APPTR,T06,06,D081
IF,D082C,52.653908,0.642222, ,0.0,0.0,2,6000,0,0,0,0,1,0
CF,MAM,52.646989,0.560922,0,MAM,0.0,0.0,262.0,3.0,2,5060,0,0,0,0,0,0
FD,MAM,52.646989,0.560922,0,MAM,0.0,5.0,273.0,5.0,2,3060,0,0,0,0,0,0
CD, ,0,0,0,MAM,0,0.0,273.0,9.3,0,0,0,0,0,0,0,0
CF,CT06,52.578917,0.332556,1,MAM,244.0,9.3,64.0,1.0,2,1560,0,0,0,0,1,0

APPTR,T06,06,D082
IF,D082C,52.653908,0.642222, ,0.0,0.0,2,6000,0,0,0,0,1,0
CF,MAM,52.646989,0.560922,0,MAM,0.0,0.0,262.0,3.0,2,5060,0,0,0,0,0,0
FD,MAM,52.646989,0.560922,0,MAM,0.0,5.0,254.0,5.0,2,3060,0,0,0,0,0,0
CD, ,0,0,0,MAM,0,0.0,254.0,9.3,0,0,0,0,0,0,0,0
CF,CT06,52.578917,0.332556,1,MAM,244.0,9.3,64.0,1.0,2,1560,0,0,0,0,1,0

FINAL,T06,06,D,4
IF,CT06,52.578917,0.332556,MAM,244.0,9.3,2,1560,0,0,0,0,0,0
CF,FT06,52.600922,0.406144,0,MAM,244.0,6.3,64.0,3.0,2,1560,0,0,0,0,2,0
CF,30TAC,52.625078,0.487178,0,MAM,244.0,3.0,64.0,3.3,2,660,0,0,0,0,0,0
CF,MT06,52.632386,0.511750,0,MAM,244.0,2.0,64.0,1.0,1,369,0,0,0,0,3,0
FA,MT06,52.632386,0.511750,0,MAM,0.0,0.0,56.0,2,1660,0,0,0,0,0,0
VM,0,0,0,56.0,1,1660,0,0,0,0,0,0

APPTR,T19,19,D221
IF,D229C,52.614225,0.499092, ,0.0,0.0,2,6000,0,0,0,0,1,0
CF,MAM,52.646989,0.560922,0,MAM,0.0,0.0,49.0,3.0,2,5080,0,0,0,0,0,0
FD,MAM,52.646989,0.560922,0,MAM,0.0,8.0,41.0,8.0,2,2000,0,0,0,0,0,0
CF,CT19,52.779144,0.587758,1,MAM,7.0,8.0,187.0,1.0,2,2000,0,0,0,0,1,0

APPTR,T19,19,D222
IF,D229C,52.614225,0.499092, ,0.0,0.0,2,6000,0,0,0,0,1,0
CF,MAM,52.646989,0.560922,0,MAM,0.0,0.0,49.0,3.0,2,5080,0,0,0,0,0,0
FD,MAM,52.646989,0.560922,0,MAM,0.0,8.0,19.0,8.0,2,2000,0,0,0,0,0,0
CF,CT19,52.779144,0.587758,1,MAM,7.0,8.0,187.0,1.0,2,2000,0,0,0,0,1,0

FINAL,T19,19,D,3
IF,CT19,52.779144,0.587758,MAM,7.0,8.0,2,2000,0,0,0,0,0,0
CF,FT19,52.731244,0.578039,0,MAM,7.0,5.1,187.0,2.9,2,1580,0,0,0,0,2,0
CF,MT19,52.673428,0.566336,0,MAM,7.1,1.6,187.0,3.5,1,486,0,0,0,0,3,0
VM,0,0,0,268.0,1,1680,0,0,0,0,0,0

APPTR,T24,24,D251
IF,D251C,52.630706,0.483333, ,0.0,0.0,2,6000,0,0,0,0,1,0
CF,MAM,52.646989,0.560922,0,MAM,0.0,0.0,71.0,3.0,2,5070,0,0,0,0,0,0
FD,MAM,52.646989,0.560922,0,MAM,0.0,5.0,78.0,5.0,2,3070,0,0,0,0,0,0
CD, ,0,0,0,MAM,0,0.0,78.0,9.0,0,0,0,0,0,0,0,0
CF,CT24,52.747072,0.744353,1,MAM,48.0,9.0,228.0,1.0,2,1770,0,0,0,0,1,0

APPTR,T24,24,D252
IF,D251C,52.630706,0.483333, ,0.0,0.0,2,6000,0,0,0,0,1,0
CF,MAM,52.646989,0.560922,0,MAM,0.0,0.0,71.0,3.0,2,5070,0,0,0,0,0,0
FD,MAM,52.646989,0.560922,0,MAM,0.0,5.0,58.0,5.0,2,3070,0,0,0,0,0,0
CD, ,0,0,0,MAM,0,0.0,58.0,9.0,0,0,0,0,0,0,0,0
CF,CT24,52.747072,0.744353,1,MAM,48.0,9.0,228.0,1.0,2,1770,0,0,0,0,1,0

FINAL,T24,24,D,4
IF,CT24,52.747072,0.744353,MAM,48.0,9.0,2,1770,0,0,0,0,0,0
CF,FT24,52.713742,0.683114,0,MAM,48.0,6.0,228.0,3.0,2,1670,0,0,0,0,2,0
CF,30TA2,52.680381,0.621972,0,MAM,48.0,3.0,228.0,3.0,2,850,0,0,0,0,0,0
CF,MT24,52.669253,0.601611,0,MAM,48.0,2.0,228.0,1.0,1,543,0,0,0,0,3,0
FA,MT24,52.669253,0.601611,0,MAM,0.0,0.0,236.0,2,1670,0,0,0,0,0,0
VM,0,0,0,236.0,1,1670,0,0,0,0,0,0

