APPTR,D03,03,HDR
FD,HDR,52.906856,4.765722,0,HDR,0.0,7.1,176.0,7.1,2,2000,0,0,0,0,1,0
CF,FD03,52.821900,4.738461,2,HDR,190.0,5.2,10.0,2.0,2,2000,0,0,0,0,0,0

FINAL,D03,03,D,2
IF,FD03,52.821900,4.738461,HDR,190.0,5.2,2,2000,0,0,0,0,2,0
CF,HDR,52.906856,4.765722,0,HDR,0.0,0.0,10.0,5.2,1,313,0,0,0,0,3,0
CA,0,10.0,2,1000,0,0,0,0,0,0
FD,HDR,52.906856,4.765722,0,HDR,0.0,3.0,40.0,3.0,0,0,0,0,0,0,0,0
DF,HDR,52.906856,4.765722,2, ,0.0,0.0,1,2000,0,0,0,0,0,0
HM,HDR,52.906856,4.765722,2, ,0.0,0.0,10.0,04.3,0,0,0,1,140,0,0,0,0

APPTR,D21,21,HDR
FD,HDR,52.906856,4.765722,0,HDR,0.0,9.6,42.0,9.6,2,2000,0,0,0,0,1,0
CF,FD21,53.013794,4.872311,1,HDR,30.0,7.5,210.0,2.0,2,2000,0,0,0,0,0,0

FINAL,D21,21,D,2
IF,FD21,53.013794,4.872311,HDR,30.0,7.5,2,2000,0,0,0,0,2,0
CF,MD21,52.935381,4.794094,0,HDR,30.0,2.0,210.0,5.5,1,260,0,0,0,0,3,0
FA,MD21,52.935381,4.794094,0,HDR,0.0,0.0,210.0,2,1000,0,0,0,0,0,0
FD,HDR,52.906856,4.765722,0,HDR,0.0,3.0,180.0,3.0,0,0,0,0,0,0,0,0
DF,HDR,52.906856,4.765722,2, ,0.0,0.0,1,2000,0,0,0,0,0,0
HM,HDR,52.906856,4.765722,2, ,0.0,0.0,10.0,04.3,0,0,0,1,140,0,0,0,0

APPTR,I21,21,HDR
FD,HDR,52.906856,4.765722,0,HDR,0.0,9.6,44.0,9.6,2,2000,0,0,0,0,1,0
CF,CF21,53.038564,4.909019,1,DKY,32.9,8.7,213.0,1.0,2,2000,0,0,0,0,0,0

FINAL,I21,21,I,3
IF,CF21,53.038564,4.909019,DKY,32.9,8.7,2,2000,0,0,0,0,0,0
CF,FF21,53.010969,4.878156,0,DKY,32.9,6.7,213.0,2.0,1,2000,0,0,0,0,2,0
CF,RW21,52.926414,4.783883,0,DKY,32.9,0.6,213.0,6.1,1,52,0,0,0,0,3,0
FA,RW21,52.926414,4.783883,0,HDR,0.0,0.0,213.0,2,1000,0,0,0,0,0,0
FD,HDR,52.906856,4.765722,0,HDR,0.0,3.0,180.0,3.0,0,0,0,0,0,0,0,0
DF,HDR,52.906856,4.765722,2, ,0.0,0.0,1,2000,0,0,0,0,0,0
HM,HDR,52.906856,4.765722,2, ,0.0,0.0,10.0,04.3,0,0,0,1,140,0,0,0,0

APPTR,R03,03,ASTUW
IF,ASTUW,52.774500,4.855833, ,0.0,0.0,2,2000,0,0,0,0,1,0
TF,KD441,52.766667,4.778000,0, ,0.0,0.0,0.0,0.0,2,2000,0,0,0,0,0,0
TF,EDFOS,52.772667,4.724000,0, ,0.0,0.0,0.0,0.0,2,2000,0,0,0,0,1,0

APPTR,R03,03,NIXCO
IF,NIXCO,52.757333,4.645833, ,0.0,0.0,2,2000,0,0,0,0,1,0
TF,EDFOS,52.772667,4.724000,0, ,0.0,0.0,0.0,0.0,2,2000,0,0,0,0,1,0

FINAL,R03,03,R,3
IF,EDFOS,52.772667,4.724000, ,0.0,0.0,2,2000,0,0,0,0,0,0
TF,KD442,52.821833,4.739333,0, ,0.0,0.0,10.0,3.0,2,2000,0,0,0,0,2,0
TF,HDR,52.906856,4.765722,0, ,0.0,0.0,10.0,5.2,1,322,0,0,0,0,3,1
CA,0,10.0,2,1000,0,0,0,0,0,0
DF,KD444,52.938500,4.829667,2, ,0.0,0.0,0,0,0,0,0,0,0,1
DF,HDR,52.906856,4.765722,2, ,0.0,0.0,1,2000,0,0,0,0,0,0
HM,HDR,52.906856,4.765722,2, ,0.0,0.0,10.0,04.3,0,0,0,0,0,0,0,0,0

APPTR,R21,21,FAFLO
IF,FAFLO,53.080667,4.956333, ,0.0,0.0,2,2000,0,0,0,0,1,0
TF,ZOJIK,53.039333,4.909833,0, ,0.0,0.0,0.0,0.0,2,1700,0,0,0,0,1,0

APPTR,R21,21,JOPFI
IF,JOPFI,53.011333,4.978500, ,0.0,0.0,2,2000,0,0,0,0,1,0
TF,ZOJIK,53.039333,4.909833,0, ,0.0,0.0,0.0,0.0,2,1700,0,0,0,0,1,0

APPTR,R21,21,PUFLA
IF,PUFLA,53.109000,4.738000, ,0.0,0.0,2,2000,0,0,0,0,1,0
TF,KD451,53.067167,4.841167,0, ,0.0,0.0,0.0,0.0,2,2000,0,0,0,0,0,0
TF,ZOJIK,53.039333,4.909833,0, ,0.0,0.0,0.0,0.0,2,1700,0,0,0,0,1,0

FINAL,R21,21,R,3
IF,ZOJIK,53.039333,4.909833, ,0.0,0.0,2,1700,0,0,0,0,0,0
TF,KD452,52.997833,4.863500,0, ,0.0,0.0,213.0,3.0,2,1700,0,0,0,0,2,0
TF,RW21,52.926414,4.783883,0, ,0.0,0.0,213.0,5.2,1,52,0,0,0,0,3,1
CA,0,213.0,2,500,0,0,0,0,0,0
DF,KD453,52.857000,4.764833,1, ,0.0,0.0,0,0,0,0,0,0,0,1
DF,HDR,52.906856,4.765722,2, ,0.0,0.0,1,2000,0,1,120,0,0,0
HM,HDR,52.906856,4.765722,2, ,0.0,0.0,10.0,04.3,0,0,0,0,0,0,0,0,0

