SID,AMGO1L,05,5
CF,LE112,52.506667,5.610278,0,SPY,93.9,27.8,48.0,4.2,3,3000,0,0,0,0,0,0
TF,LE114,52.632500,5.753889,0, ,0.0,0.0,0.0,0.0,0,0,0,0,0,0,0,0
TF,ERMUR,52.705000,5.665000,0, ,0.0,0.0,0.0,0.0,1,6000,0,0,0,0,0,0
TF,ASNOM,52.847222,5.385278,0, ,0.0,0.0,0.0,0.0,0,0,0,0,0,0,0,0
TF,KOKIP,52.954444,3.983889,0, ,0.0,0.0,0.0,0.0,0,0,0,0,0,0,0,0
TF,AMGOD,52.975219,3.685389,0, ,0.0,0.0,0.0,0.0,0,0,0,0,0,0,0,0

SID,AMGO1M,23,5
CA,0,227.0,2,500,0,0,0,0,0,0
DF,LE101,52.397222,5.414722,0, ,0.0,0.0,0,0,0,0,0,0,0,0
TF,LE102,52.356389,5.475833,0, ,0.0,0.0,0.0,0.0,3,2000,0,1,210,0,0,0
TF,ASBES,52.407278,5.623000,0, ,0.0,0.0,0.0,0.0,1,3000,0,0,0,0,0,0
TF,DOTIX,52.480278,5.836111,0, ,0.0,0.0,0.0,0.0,1,6000,0,0,0,0,0,0
TF,LE107,52.564722,5.836944,0, ,0.0,0.0,0.0,0.0,0,0,0,0,0,0,0,0
TF,ERMUR,52.705000,5.665000,0, ,0.0,0.0,0.0,0.0,0,0,0,0,0,0,0,0
TF,ASNOM,52.847222,5.385278,0, ,0.0,0.0,0.0,0.0,0,0,0,0,0,0,0,0
TF,KOKIP,52.954444,3.983889,0, ,0.0,0.0,0.0,0.0,0,0,0,0,0,0,0,0
TF,AMGOD,52.975219,3.685389,0, ,0.0,0.0,0.0,0.0,0,0,0,0,0,0,0,0

SID,ARNE1L,05,5
CF,LE112,52.506667,5.610278,0,SPY,93.9,27.8,48.0,4.2,3,3000,0,0,0,0,0,0
TF,LE113,52.589722,5.705000,0, ,0.0,0.0,0.0,0.0,0,0,0,0,0,0,0,0
TF,LE120,52.528056,5.862500,0, ,0.0,0.0,0.0,0.0,1,6000,0,0,0,0,0,0
TF,ARBEP,52.465000,6.021944,0, ,0.0,0.0,0.0,0.0,0,0,0,0,0,0,0,1
CF,LE148,52.327222,6.070833,0,SPY,105.5,46.5,174.0,8.5,0,0,0,0,0,0,0,0
TF,ARNEM,52.096447,6.076603,0, ,0.0,0.0,0.0,0.0,0,0,0,0,0,0,0,0

SID,ARNE1M,23,5
CA,0,227.0,2,500,0,0,0,0,0,0
DF,LE101,52.397222,5.414722,0, ,0.0,0.0,0,0,0,0,0,0,0,0
TF,LE102,52.356389,5.475833,0, ,0.0,0.0,0.0,0.0,3,2000,0,1,210,0,0,0
TF,ASBES,52.407278,5.623000,0, ,0.0,0.0,0.0,0.0,1,3000,0,0,0,0,0,0
TF,DOTIX,52.480278,5.836111,0, ,0.0,0.0,0.0,0.0,1,6000,0,0,0,0,0,0
TF,ARBEP,52.465000,6.021944,0, ,0.0,0.0,0.0,0.0,0,0,0,0,0,0,0,1
CF,LE148,52.327222,6.070833,0,SPY,105.5,46.5,174.0,8.5,0,0,0,0,0,0,0,0
TF,ARNEM,52.096447,6.076603,0, ,0.0,0.0,0.0,0.0,0,0,0,0,0,0,0,0

SID,BERG1Q,05,5
CF,LE112,52.506667,5.610278,0,SPY,93.9,27.8,48.0,4.2,3,3000,0,0,0,0,0,0
TF,LE114,52.632500,5.753889,0, ,0.0,0.0,0.0,0.0,0,0,0,0,0,0,0,0
TF,ERMUR,52.705000,5.665000,0, ,0.0,0.0,0.0,0.0,1,6000,0,0,0,0,0,0
TF,EDOXO,52.766667,5.369444,0, ,0.0,0.0,0.0,0.0,0,0,0,0,0,0,0,0
TF,LE142,52.678889,4.525833,0, ,0.0,0.0,0.0,0.0,0,0,0,0,0,0,0,0
TF,BERGI,52.748750,4.358931,0, ,0.0,0.0,0.0,0.0,0,0,0,0,0,0,0,0
TF,AMGOD,52.975219,3.685389,0, ,0.0,0.0,0.0,0.0,0,0,0,0,0,0,0,0

SID,BERG1U,23,5
CA,0,227.0,2,500,0,0,0,0,0,0
DF,LE101,52.397222,5.414722,0, ,0.0,0.0,0,0,0,0,0,0,0,0
TF,LE102,52.356389,5.475833,0, ,0.0,0.0,0.0,0.0,3,2000,0,1,210,0,0,0
TF,ASBES,52.407278,5.623000,0, ,0.0,0.0,0.0,0.0,1,3000,0,0,0,0,0,0
TF,DOTIX,52.480278,5.836111,0, ,0.0,0.0,0.0,0.0,1,6000,0,0,0,0,0,0
TF,LE107,52.564722,5.836944,0, ,0.0,0.0,0.0,0.0,0,0,0,0,0,0,0,0
TF,ERMUR,52.705000,5.665000,0, ,0.0,0.0,0.0,0.0,0,0,0,0,0,0,0,0
TF,EDOXO,52.766667,5.369444,0, ,0.0,0.0,0.0,0.0,0,0,0,0,0,0,0,0
TF,LE142,52.678889,4.525833,0, ,0.0,0.0,0.0,0.0,0,0,0,0,0,0,0,0
TF,BERGI,52.748750,4.358931,0, ,0.0,0.0,0.0,0.0,0,0,0,0,0,0,0,0
TF,AMGOD,52.975219,3.685389,0, ,0.0,0.0,0.0,0.0,0,0,0,0,0,0,0,0

SID,GRON1L,05,5
CF,LE112,52.506667,5.610278,0,SPY,93.9,27.8,48.0,4.2,3,3000,0,0,0,0,0,0
TF,LE114,52.632500,5.753889,0, ,0.0,0.0,0.0,0.0,0,0,0,0,0,0,0,0
TF,ERMUR,52.705000,5.665000,0, ,0.0,0.0,0.0,0.0,1,6000,0,0,0,0,0,0
TF,LE146,52.841389,5.636944,0, ,0.0,0.0,0.0,0.0,0,0,0,0,0,0,0,0
TF,LE147,52.936111,5.688333,0, ,0.0,0.0,0.0,0.0,0,0,0,0,0,0,0,0
TF,GRONY,53.105469,6.054969,0, ,0.0,0.0,0.0,0.0,0,0,0,0,0,0,0,0

SID,GRON1M,23,5
CA,0,227.0,2,500,0,0,0,0,0,0
DF,LE101,52.397222,5.414722,0, ,0.0,0.0,0,0,0,0,0,0,0,0
TF,LE102,52.356389,5.475833,0, ,0.0,0.0,0.0,0.0,3,2000,0,1,210,0,0,0
TF,ASBES,52.407278,5.623000,0, ,0.0,0.0,0.0,0.0,1,3000,0,0,0,0,0,0
TF,DOTIX,52.480278,5.836111,0, ,0.0,0.0,0.0,0.0,1,6000,0,0,0,0,0,0
TF,LE107,52.564722,5.836944,0, ,0.0,0.0,0.0,0.0,0,0,0,0,0,0,0,0
TF,ERMUR,52.705000,5.665000,0, ,0.0,0.0,0.0,0.0,0,0,0,0,0,0,0,0
TF,LE146,52.841389,5.636944,0, ,0.0,0.0,0.0,0.0,0,0,0,0,0,0,0,0
TF,LE147,52.936111,5.688333,0, ,0.0,0.0,0.0,0.0,0,0,0,0,0,0,0,0
TF,GRONY,53.105469,6.054969,0, ,0.0,0.0,0.0,0.0,0,0,0,0,0,0,0,0

SID,IDRI1L,05,5
CF,LE112,52.506667,5.610278,0,SPY,93.9,27.8,48.0,4.2,3,3000,0,0,0,0,0,0
TF,LE114,52.632500,5.753889,0, ,0.0,0.0,0.0,0.0,0,0,0,0,0,0,0,0
TF,ERMUR,52.705000,5.665000,0, ,0.0,0.0,0.0,0.0,1,6000,0,0,0,0,0,0
TF,ASNOM,52.847222,5.385278,0, ,0.0,0.0,0.0,0.0,0,0,0,0,0,0,0,0
TF,PETCA,52.881389,4.964167,0, ,0.0,0.0,0.0,0.0,0,0,0,0,0,0,0,0
TF,EH091,52.422778,4.488889,0, ,0.0,0.0,0.0,0.0,0,0,0,0,0,0,0,0
TF,VOLLA,52.314167,4.156111,0, ,0.0,0.0,0.0,0.0,0,0,0,0,0,0,0,0
TF,IDRID,51.996111,3.496111,0, ,0.0,0.0,0.0,0.0,0,0,0,0,0,0,0,0

SID,IDRI1M,23,5
CA,0,227.0,2,500,0,0,0,0,0,0
DF,LE101,52.397222,5.414722,0, ,0.0,0.0,0,0,0,0,0,0,0,0
TF,LE102,52.356389,5.475833,0, ,0.0,0.0,0.0,0.0,3,2000,0,1,210,0,0,0
TF,ASBES,52.407278,5.623000,0, ,0.0,0.0,0.0,0.0,1,3000,0,0,0,0,0,0
TF,DOTIX,52.480278,5.836111,0, ,0.0,0.0,0.0,0.0,1,6000,0,0,0,0,0,0
TF,LE107,52.564722,5.836944,0, ,0.0,0.0,0.0,0.0,0,0,0,0,0,0,0,0
TF,ERMUR,52.705000,5.665000,0, ,0.0,0.0,0.0,0.0,0,0,0,0,0,0,0,0
TF,ASNOM,52.847222,5.385278,0, ,0.0,0.0,0.0,0.0,0,0,0,0,0,0,0,0
TF,PETCA,52.881389,4.964167,0, ,0.0,0.0,0.0,0.0,0,0,0,0,0,0,0,0
TF,EH091,52.422778,4.488889,0, ,0.0,0.0,0.0,0.0,0,0,0,0,0,0,0,0
TF,VOLLA,52.314167,4.156111,0, ,0.0,0.0,0.0,0.0,0,0,0,0,0,0,0,0
TF,IDRID,51.996111,3.496111,0, ,0.0,0.0,0.0,0.0,0,0,0,0,0,0,0,0

SID,INKE1L,05,5
CF,LE112,52.506667,5.610278,0,SPY,93.9,27.8,48.0,4.2,3,3000,0,0,0,0,0,0
TF,LE113,52.589722,5.705000,0, ,0.0,0.0,0.0,0.0,0,0,0,0,0,0,0,0
TF,LE120,52.528056,5.862500,0, ,0.0,0.0,0.0,0.0,1,6000,0,0,0,0,0,0
TF,ARBEP,52.465000,6.021944,0, ,0.0,0.0,0.0,0.0,0,0,0,0,0,0,0,1
CF,LE148,52.327222,6.070833,0,SPY,105.5,46.5,174.0,8.5,0,0,0,0,0,0,0,0
TF,LE149,52.178333,6.074722,0, ,0.0,0.0,0.0,0.0,0,0,0,0,0,0,0,0
TF,BRIAR,52.060833,5.771944,0, ,0.0,0.0,0.0,0.0,0,0,0,0,0,0,0,0
TF,IPMUR,51.959722,5.696944,0, ,0.0,0.0,0.0,0.0,0,0,0,0,0,0,0,0
TF,NEPTU,51.904722,5.379167,0, ,0.0,0.0,0.0,0.0,0,0,0,0,0,0,0,0
TF,PELUB,51.848039,5.136856,0, ,0.0,0.0,0.0,0.0,0,0,0,0,0,0,0,0
TF,INKET,51.814628,4.771961,0, ,0.0,0.0,0.0,0.0,0,0,0,0,0,0,0,0

SID,INKE1M,23,5
CA,0,227.0,2,500,0,0,0,0,0,0
DF,LE101,52.397222,5.414722,0, ,0.0,0.0,0,0,0,0,0,0,0,0
TF,LE102,52.356389,5.475833,0, ,0.0,0.0,0.0,0.0,3,2000,0,1,210,0,0,0
TF,ASBES,52.407278,5.623000,0, ,0.0,0.0,0.0,0.0,1,3000,0,0,0,0,0,0
TF,DOTIX,52.480278,5.836111,0, ,0.0,0.0,0.0,0.0,1,6000,0,0,0,0,0,0
TF,ARBEP,52.465000,6.021944,0, ,0.0,0.0,0.0,0.0,0,0,0,0,0,0,0,1
CF,LE148,52.327222,6.070833,0,SPY,105.5,46.5,174.0,8.5,0,0,0,0,0,0,0,0
TF,LE149,52.178333,6.074722,0, ,0.0,0.0,0.0,0.0,0,0,0,0,0,0,0,0
TF,BRIAR,52.060833,5.771944,0, ,0.0,0.0,0.0,0.0,0,0,0,0,0,0,0,0
TF,IPMUR,51.959722,5.696944,0, ,0.0,0.0,0.0,0.0,0,0,0,0,0,0,0,0
TF,NEPTU,51.904722,5.379167,0, ,0.0,0.0,0.0,0.0,0,0,0,0,0,0,0,0
TF,PELUB,51.848039,5.136856,0, ,0.0,0.0,0.0,0.0,0,0,0,0,0,0,0,0
TF,INKET,51.814628,4.771961,0, ,0.0,0.0,0.0,0.0,0,0,0,0,0,0,0,0

SID,KUDA1L,05,5
CF,LE112,52.506667,5.610278,0,SPY,93.9,27.8,48.0,4.2,3,3000,0,0,0,0,0,0
TF,LE113,52.589722,5.705000,0, ,0.0,0.0,0.0,0.0,0,0,0,0,0,0,0,0
TF,LE120,52.528056,5.862500,0, ,0.0,0.0,0.0,0.0,1,6000,0,0,0,0,0,0
TF,ARBEP,52.465000,6.021944,0, ,0.0,0.0,0.0,0.0,0,0,0,0,0,0,0,1
CF,LE148,52.327222,6.070833,0,SPY,105.5,46.5,174.0,8.5,0,0,0,0,0,0,0,0
TF,LE149,52.178333,6.074722,0, ,0.0,0.0,0.0,0.0,0,0,0,0,0,0,0,0
TF,BRIAR,52.060833,5.771944,0, ,0.0,0.0,0.0,0.0,0,0,0,0,0,0,0,0
TF,IPMUR,51.959722,5.696944,0, ,0.0,0.0,0.0,0.0,0,0,0,0,0,0,0,0
TF,NEPTU,51.904722,5.379167,0, ,0.0,0.0,0.0,0.0,0,0,0,0,0,0,0,0
TF,PELUB,51.848039,5.136856,0, ,0.0,0.0,0.0,0.0,0,0,0,0,0,0,0,0
TF,WILEM,51.829167,5.015833,0, ,0.0,0.0,0.0,0.0,0,0,0,0,0,0,0,0
TF,LE139,51.771111,4.647778,0, ,0.0,0.0,0.0,0.0,0,0,0,0,0,0,0,0
TF,KUDAD,51.667481,4.567614,0, ,0.0,0.0,0.0,0.0,0,0,0,0,0,0,0,0

SID,KUDA1M,23,5
CA,0,227.0,2,500,0,0,0,0,0,0
DF,LE101,52.397222,5.414722,0, ,0.0,0.0,0,0,0,0,0,0,0,0
TF,LE102,52.356389,5.475833,0, ,0.0,0.0,0.0,0.0,3,2000,0,1,210,0,0,0
TF,ASBES,52.407278,5.623000,0, ,0.0,0.0,0.0,0.0,1,3000,0,0,0,0,0,0
TF,DOTIX,52.480278,5.836111,0, ,0.0,0.0,0.0,0.0,1,6000,0,0,0,0,0,0
TF,ARBEP,52.465000,6.021944,0, ,0.0,0.0,0.0,0.0,0,0,0,0,0,0,0,1
CF,LE148,52.327222,6.070833,0,SPY,105.5,46.5,174.0,8.5,0,0,0,0,0,0,0,0
TF,LE149,52.178333,6.074722,0, ,0.0,0.0,0.0,0.0,0,0,0,0,0,0,0,0
TF,BRIAR,52.060833,5.771944,0, ,0.0,0.0,0.0,0.0,0,0,0,0,0,0,0,0
TF,IPMUR,51.959722,5.696944,0, ,0.0,0.0,0.0,0.0,0,0,0,0,0,0,0,0
TF,NEPTU,51.904722,5.379167,0, ,0.0,0.0,0.0,0.0,0,0,0,0,0,0,0,0
TF,PELUB,51.848039,5.136856,0, ,0.0,0.0,0.0,0.0,0,0,0,0,0,0,0,0
TF,WILEM,51.829167,5.015833,0, ,0.0,0.0,0.0,0.0,0,0,0,0,0,0,0,0
TF,LE139,51.771111,4.647778,0, ,0.0,0.0,0.0,0.0,0,0,0,0,0,0,0,0
TF,KUDAD,51.667481,4.567614,0, ,0.0,0.0,0.0,0.0,0,0,0,0,0,0,0,0

SID,NAPR1L,05,5
CF,LE112,52.506667,5.610278,0,SPY,93.9,27.8,48.0,4.2,3,3000,0,0,0,0,0,0
TF,LE113,52.589722,5.705000,0, ,0.0,0.0,0.0,0.0,0,0,0,0,0,0,0,0
TF,LE120,52.528056,5.862500,0, ,0.0,0.0,0.0,0.0,1,6000,0,0,0,0,0,0
TF,ARBEP,52.465000,6.021944,0, ,0.0,0.0,0.0,0.0,0,0,0,0,0,0,0,1
CF,LE148,52.327222,6.070833,0,SPY,105.5,46.5,174.0,8.5,0,0,0,0,0,0,0,0
TF,ARNEM,52.096447,6.076603,0, ,0.0,0.0,0.0,0.0,0,0,0,0,0,0,0,0
TF,NAPRO,51.855833,6.058889,0, ,0.0,0.0,0.0,0.0,0,0,0,0,0,0,0,0

SID,NAPR1M,23,5
CA,0,227.0,2,500,0,0,0,0,0,0
DF,LE101,52.397222,5.414722,0, ,0.0,0.0,0,0,0,0,0,0,0,0
TF,LE102,52.356389,5.475833,0, ,0.0,0.0,0.0,0.0,3,2000,0,1,210,0,0,0
TF,ASBES,52.407278,5.623000,0, ,0.0,0.0,0.0,0.0,1,3000,0,0,0,0,0,0
TF,DOTIX,52.480278,5.836111,0, ,0.0,0.0,0.0,0.0,1,6000,0,0,0,0,0,0
TF,ARBEP,52.465000,6.021944,0, ,0.0,0.0,0.0,0.0,0,0,0,0,0,0,0,1
CF,LE148,52.327222,6.070833,0,SPY,105.5,46.5,174.0,8.5,0,0,0,0,0,0,0,0
TF,ARNEM,52.096447,6.076603,0, ,0.0,0.0,0.0,0.0,0,0,0,0,0,0,0,0
TF,NAPRO,51.855833,6.058889,0, ,0.0,0.0,0.0,0.0,0,0,0,0,0,0,0,0

SID,RUME1L,05,5
CF,LE112,52.506667,5.610278,0,SPY,93.9,27.8,48.0,4.2,3,3000,0,0,0,0,0,0
TF,LE113,52.589722,5.705000,0, ,0.0,0.0,0.0,0.0,0,0,0,0,0,0,0,0
TF,LE120,52.528056,5.862500,0, ,0.0,0.0,0.0,0.0,1,6000,0,0,0,0,0,0
TF,ARBEP,52.465000,6.021944,0, ,0.0,0.0,0.0,0.0,0,0,0,0,0,0,0,1
CF,LE148,52.327222,6.070833,0,SPY,105.5,46.5,174.0,8.5,0,0,0,0,0,0,0,0
TF,ARNEM,52.096447,6.076603,0, ,0.0,0.0,0.0,0.0,0,0,0,0,0,0,0,0
TF,LE145,51.965556,6.066944,0, ,0.0,0.0,0.0,0.0,0,0,0,0,0,0,0,0
TF,BASGU,51.912222,5.850000,0, ,0.0,0.0,0.0,0.0,0,0,0,0,0,0,0,0
TF,RUMER,51.620664,5.884692,0, ,0.0,0.0,0.0,0.0,0,0,0,0,0,0,0,0

SID,RUME1M,23,5
CA,0,227.0,2,500,0,0,0,0,0,0
DF,LE101,52.397222,5.414722,0, ,0.0,0.0,0,0,0,0,0,0,0,0
TF,LE102,52.356389,5.475833,0, ,0.0,0.0,0.0,0.0,3,2000,0,1,210,0,0,0
TF,ASBES,52.407278,5.623000,0, ,0.0,0.0,0.0,0.0,1,3000,0,0,0,0,0,0
TF,DOTIX,52.480278,5.836111,0, ,0.0,0.0,0.0,0.0,1,6000,0,0,0,0,0,0
TF,ARBEP,52.465000,6.021944,0, ,0.0,0.0,0.0,0.0,0,0,0,0,0,0,0,1
CF,LE148,52.327222,6.070833,0,SPY,105.5,46.5,174.0,8.5,0,0,0,0,0,0,0,0
TF,ARNEM,52.096447,6.076603,0, ,0.0,0.0,0.0,0.0,0,0,0,0,0,0,0,0
TF,LE145,51.965556,6.066944,0, ,0.0,0.0,0.0,0.0,0,0,0,0,0,0,0,0
TF,BASGU,51.912222,5.850000,0, ,0.0,0.0,0.0,0.0,0,0,0,0,0,0,0,0
TF,RUMER,51.620664,5.884692,0, ,0.0,0.0,0.0,0.0,0,0,0,0,0,0,0,0

SID,VOLL1Q,05,5
CF,LE112,52.506667,5.610278,0,SPY,93.9,27.8,48.0,4.2,3,3000,0,0,0,0,0,0
TF,LE114,52.632500,5.753889,0, ,0.0,0.0,0.0,0.0,0,0,0,0,0,0,0,0
TF,ERMUR,52.705000,5.665000,0, ,0.0,0.0,0.0,0.0,1,6000,0,0,0,0,0,0
TF,EDOXO,52.766667,5.369444,0, ,0.0,0.0,0.0,0.0,0,0,0,0,0,0,0,0
TF,LE141,52.706111,4.781111,0, ,0.0,0.0,0.0,0.0,0,0,0,0,0,0,0,0
TF,EH091,52.422778,4.488889,0, ,0.0,0.0,0.0,0.0,0,0,0,0,0,0,0,0
TF,VOLLA,52.314167,4.156111,0, ,0.0,0.0,0.0,0.0,0,0,0,0,0,0,0,0
TF,IDRID,51.996111,3.496111,0, ,0.0,0.0,0.0,0.0,0,0,0,0,0,0,0,0

SID,VOLL1U,23,5
CA,0,227.0,2,500,0,0,0,0,0,0
DF,LE101,52.397222,5.414722,0, ,0.0,0.0,0,0,0,0,0,0,0,0
TF,LE102,52.356389,5.475833,0, ,0.0,0.0,0.0,0.0,3,2000,0,1,210,0,0,0
TF,ASBES,52.407278,5.623000,0, ,0.0,0.0,0.0,0.0,1,3000,0,0,0,0,0,0
TF,DOTIX,52.480278,5.836111,0, ,0.0,0.0,0.0,0.0,1,6000,0,0,0,0,0,0
TF,LE107,52.564722,5.836944,0, ,0.0,0.0,0.0,0.0,0,0,0,0,0,0,0,0
TF,ERMUR,52.705000,5.665000,0, ,0.0,0.0,0.0,0.0,0,0,0,0,0,0,0,0
TF,EDOXO,52.766667,5.369444,0, ,0.0,0.0,0.0,0.0,0,0,0,0,0,0,0,0
TF,LE141,52.706111,4.781111,0, ,0.0,0.0,0.0,0.0,0,0,0,0,0,0,0,0
TF,EH091,52.422778,4.488889,0, ,0.0,0.0,0.0,0.0,0,0,0,0,0,0,0,0
TF,VOLLA,52.314167,4.156111,0, ,0.0,0.0,0.0,0.0,0,0,0,0,0,0,0,0
TF,IDRID,51.996111,3.496111,0, ,0.0,0.0,0.0,0.0,0,0,0,0,0,0,0,0

APPTR,I05,05,BADEX
IF,BADEX,52.442361,6.346861, ,0.0,0.0,2,6000,0,0,0,0,1,0
TF,NILMI,52.566028,6.088028,0, ,0.0,0.0,0.0,0.0,3,6000,0,0,0,0,0,0
TF,LE118,52.539444,6.010000,0, ,0.0,0.0,0.0,0.0,2,5000,0,0,0,0,0,0
TF,ASBES,52.407278,5.623000,0, ,0.0,0.0,0.0,0.0,1,3000,0,0,0,0,0,0
TF,LE103,52.374167,5.526944,0, ,0.0,0.0,0.0,0.0,0,0,0,0,0,0,0,0
TF,LE137,52.344722,5.459167,0, ,0.0,0.0,0.0,0.0,1,2000,0,0,0,0,0,0
TF,XIDES,52.313917,5.394917,0, ,0.0,0.0,0.0,0.0,1,2000,0,1,185,0,0,0
TF,UPLOS,52.354167,5.338000,0,ILSN,0.0,0.0,0.0,0.0,2,1700,0,0,0,0,1,0

APPTR,I05,05,EKNON
IF,EKNON,52.771722,6.030250, ,0.0,0.0,1,6000,0,0,0,0,1,0
TF,LE118,52.539444,6.010000,0, ,0.0,0.0,0.0,0.0,2,5000,0,0,0,0,0,0
TF,ASBES,52.407278,5.623000,0, ,0.0,0.0,0.0,0.0,1,3000,0,0,0,0,0,0
TF,LE103,52.374167,5.526944,0, ,0.0,0.0,0.0,0.0,0,0,0,0,0,0,0,0
TF,LE137,52.344722,5.459167,0, ,0.0,0.0,0.0,0.0,1,2000,0,0,0,0,0,0
TF,XIDES,52.313917,5.394917,0, ,0.0,0.0,0.0,0.0,1,2000,0,1,185,0,0,0
TF,UPLOS,52.354167,5.338000,0,ILSN,0.0,0.0,0.0,0.0,2,1700,0,0,0,0,1,0

FINAL,I05,05,I,3
IF,UPLOS,52.354167,5.338000,ILSN,226.6,9.6,2,1700,0,0,0,0,0,0
CF,LE134,52.388056,5.398056,0,ILSN,226.6,6.6,47.0,3.0,1,1700,0,0,0,0,2,0
CF,RW05,52.446644,5.502806,0,ILSN,226.6,1.3,47.0,5.2,1,38,0,0,0,0,3,1
CF,LE112,52.506667,5.610278,0,PAM,61.3,21.7,47.0,5.3,0,0,0,0,0,0,0,0
TF,LE113,52.589722,5.705000,0, ,0.0,0.0,0.0,0.0,0,0,0,0,0,0,0,0
TF,LE150,52.551944,5.801389,0, ,0.0,0.0,0.0,0.0,0,0,0,1,220,0,0,1
CF,ASBES,52.407278,5.623000,2,PAM,77.2,20.0,240.0,9.0,1,3000,0,1,220,0,0,0

APPTR,R05,05,BADEX
IF,BADEX,52.442361,6.346861, ,0.0,0.0,2,6000,0,0,0,0,1,0
TF,NILMI,52.566028,6.088028,0, ,0.0,0.0,0.0,0.0,3,6000,0,0,0,0,0,0
TF,LE118,52.539444,6.010000,0, ,0.0,0.0,0.0,0.0,2,5000,0,0,0,0,0,0
TF,ASBES,52.407278,5.623000,0, ,0.0,0.0,0.0,0.0,1,3000,0,0,0,0,0,0
TF,LE103,52.374167,5.526944,0, ,0.0,0.0,0.0,0.0,0,0,0,0,0,0,0,0
TF,LE137,52.344722,5.459167,0, ,0.0,0.0,0.0,0.0,1,2000,0,0,0,0,0,0
TF,XIDES,52.313917,5.394917,0, ,0.0,0.0,0.0,0.0,1,2000,0,1,185,0,0,0
TF,UPLOS,52.354167,5.338000,0, ,0.0,0.0,0.0,0.0,2,1700,0,0,0,0,1,0

APPTR,R05,05,EKNON
IF,EKNON,52.771722,6.030250, ,0.0,0.0,1,6000,0,0,0,0,1,0
TF,LE118,52.539444,6.010000,0, ,0.0,0.0,0.0,0.0,2,5000,0,0,0,0,0,0
TF,ASBES,52.407278,5.623000,0, ,0.0,0.0,0.0,0.0,1,3000,0,0,0,0,0,0
TF,LE103,52.374167,5.526944,0, ,0.0,0.0,0.0,0.0,0,0,0,0,0,0,0,0
TF,LE137,52.344722,5.459167,0, ,0.0,0.0,0.0,0.0,1,2000,0,0,0,0,0,0
TF,XIDES,52.313917,5.394917,0, ,0.0,0.0,0.0,0.0,1,2000,0,1,185,0,0,0
TF,UPLOS,52.354167,5.338000,0, ,0.0,0.0,0.0,0.0,2,1700,0,0,0,0,1,0

FINAL,R05,05,R,3
IF,UPLOS,52.354167,5.338000, ,0.0,0.0,2,1700,0,0,0,0,0,0
TF,LE134,52.388056,5.398056,0, ,0.0,0.0,47.0,3.0,2,1700,0,0,0,0,2,0
TF,RW05,52.446644,5.502806,0, ,0.0,0.0,47.0,5.2,1,38,0,0,0,0,3,1
CF,LE112,52.506667,5.610278,0,HDR,126.6,39.1,47.0,5.3,0,0,0,0,0,0,0,0
TF,LE113,52.589722,5.705000,0, ,0.0,0.0,0.0,0.0,0,0,0,0,0,0,0,0
TF,LE150,52.551944,5.801389,0, ,0.0,0.0,0.0,0.0,0,0,0,1,220,0,0,1
CF,ASBES,52.407278,5.623000,2,HDR,132.4,43.4,240.0,10.0,1,3000,0,1,220,0,0,0

APPTR,R23,23,BADEX
IF,BADEX,52.442361,6.346861, ,0.0,0.0,2,6000,0,0,0,0,1,0
TF,NILMI,52.566028,6.088028,0, ,0.0,0.0,0.0,0.0,3,6000,0,0,0,0,0,0
TF,LE110,52.618333,5.977778,0, ,0.0,0.0,0.0,0.0,2,5000,0,0,0,0,0,0
TF,IDGOK,52.619083,5.813194,0, ,0.0,0.0,0.0,0.0,0,0,0,0,0,0,0,0
TF,KUVOS,52.586083,5.753500,0, ,0.0,0.0,0.0,0.0,2,3000,0,0,0,0,1,0

APPTR,R23,23,EKNON
IF,EKNON,52.771722,6.030250, ,0.0,0.0,1,6000,0,0,0,0,1,0
TF,LE122,52.680833,5.900833,0, ,0.0,0.0,0.0,0.0,2,5000,0,0,0,0,0,0
TF,IDGOK,52.619083,5.813194,0, ,0.0,0.0,0.0,0.0,0,0,0,0,0,0,0,0
TF,KUVOS,52.586083,5.753500,0, ,0.0,0.0,0.0,0.0,2,3000,0,0,0,0,1,0

FINAL,R23,23,R,3
IF,KUVOS,52.586083,5.753500, ,0.0,0.0,2,3000,0,0,0,0,0,0
TF,LE124,52.563611,5.713056,0, ,0.0,0.0,227.0,2.0,2,3000,0,0,0,0,2,0
TF,RW23,52.459383,5.525600,0, ,0.0,0.0,227.0,9.3,1,38,0,0,0,0,3,1
CF,LE101,52.397222,5.414722,0,HDR,141.0,38.7,227.0,5.5,0,0,0,0,0,0,0,0
TF,LE102,52.356389,5.475833,0, ,0.0,0.0,0.0,0.0,3,2000,0,1,210,0,0,0
TF,ASBES,52.407278,5.623000,0, ,0.0,0.0,0.0,0.0,1,3000,0,0,0,0,0,0
TF,LE151,52.521667,5.957778,0, ,0.0,0.0,0.0,0.0,0,0,0,0,0,0,0,0
TF,IDGOK,52.619083,5.813194,0, ,0.0,0.0,0.0,0.0,0,0,0,0,0,0,0,0
TF,KUVOS,52.586083,5.753500,0, ,0.0,0.0,0.0,0.0,2,3000,0,1,230,0,0,0

