SID,LWD1,23,2
CA,0,234.0,2,410,0,0,0,0,0,0
CF,D240R,53.077611,5.316775,0,LWD,240.0,18.0,240.0,17.0,0,0,0,0,0,0,0,1
VI,2, ,0.0,40.0,0,0,0,0,0,0,0,0
CF,LWD,53.223633,5.751844,0,LWD,0.0,0.0,85.0,16.0,0,0,0,0,0,0,0,0

SID,LWD3,05,2
CA,0,54.0,2,410,0,0,0,0,0,0
CF,D057R,53.381608,6.176692,0,LWD,57.0,18.0,57.0,17.0,0,0,0,0,0,0,0,1
VI,1, ,0.0,257.0,0,0,0,0,0,0,0,0
CF,LWD,53.223633,5.751844,0,LWD,0.0,0.0,212.0,15.0,0,0,0,0,0,0,0,0

SID,LWD5,27,2
CA,0,269.0,2,410,0,0,0,0,0,0
CF,D271R,53.233042,5.252911,0,LWD,271.0,18.0,271.0,17.0,0,0,0,0,0,0,0,1
VI,2, ,0.0,77.0,0,0,0,0,0,0,0,0
CF,LWD,53.223633,5.751844,0,LWD,0.0,0.0,117.0,15.0,0,0,0,0,0,0,0,0

SID,LWD7,09,2
CA,0,89.0,2,410,0,0,0,0,0,0
FD,LWD,53.223633,5.751844,0,LWD,0.0,3.0,81.0,3.0,0,0,0,0,0,0,0,0
CI,0, ,0.0,30.0,0,0,0,0,0,0,0,0
CF,D057R,53.381608,6.176692,0,LWD,57.0,18.0,57.0,13.0,0,0,0,0,0,0,0,1
VI,1, ,0.0,257.0,0,0,0,0,0,0,0,0
CF,LWD,53.223633,5.751844,0,LWD,0.0,0.0,212.0,15.0,0,0,0,0,0,0,0,0

APPTR,I05,05,D272J
IF,D272J,53.232000,5.474833, ,0.0,0.0,4,8000,3000,0,0,0,1,0
FD,D272J,53.232000,5.474833,0,LWD,272.0,12.0,272.0,12.0,0,0,0,0,0,0,0,0
CF,CF05,53.131761,5.527700,1,LWZ,234.4,10.7,54.0,2.0,2,2000,0,0,0,0,0,0

FINAL,I05,05,I,3
IF,CF05,53.131761,5.527700,LWZ,234.4,10.7,2,2000,0,0,0,0,0,0
CF,FF05,53.186750,5.659678,0,LWZ,234.4,4.9,54.0,5.8,1,1200,0,0,0,0,2,0
CF,RW05,53.219167,5.737833,0,LWZ,234.4,1.5,54.0,3.4,1,59,0,0,0,0,3,0
CA,0,54.0,2,410,0,0,0,0,0,0
CF,D057A,53.232447,5.775364,0,LWD,57.0,0.0,57.0,1.0,1,1200,0,0,0,0,0,0
FA,D057A,53.232447,5.775364,0,LWD,0.0,0.0,57.0,2,3000,0,0,0,0,0,0
DF,D272J,53.232000,5.474833,1, ,0.0,0.0,1,3000,0,0,0,0,0,0

APPTR,I09,09,D304J
IF,D304J,53.322833,5.517667, ,0.0,0.0,4,8000,3000,0,0,0,1,0
FD,D304J,53.322833,5.517667,0,LWD,304.3,12.0,304.0,12.0,0,0,0,0,0,0,0,0
CF,CF09,53.228314,5.479144,1,WOL,269.1,10.6,89.0,3.0,2,2000,0,0,0,0,0,0

FINAL,I09,09,I,3
IF,CF09,53.228314,5.479144,WOL,269.1,10.6,2,2000,0,0,0,0,0,0
CF,FF09,53.228497,5.645536,0,WOL,269.1,4.6,89.0,6.0,1,1200,0,0,0,0,2,0
CF,RW09,53.228500,5.740667,0,WOL,269.1,1.1,89.0,3.4,1,55,0,0,0,0,3,0
CA,0,89.0,2,410,0,0,0,0,0,0
CF,D089A,53.223628,5.779572,0,LWD,89.0,0.0,89.0,1.0,1,1200,0,0,0,0,0,0
FA,D089A,53.223628,5.779572,0,LWD,0.0,0.0,89.0,2,3000,0,0,0,0,0,0
DF,D304J,53.322833,5.517667,1, ,0.0,0.0,1,3000,0,0,0,0,0,0

APPTR,I23,23,D016J
IF,D016J,53.399500,5.833333, ,0.0,0.0,4,8000,3000,0,0,0,1,0
FD,D016J,53.399500,5.833333,0,LWD,14.5,12.0,16.0,12.0,0,0,0,0,0,0,0,0
CF,CF23,53.317647,5.976664,2,LWO,54.4,10.6,234.0,3.0,2,2000,0,0,0,0,0,0

FINAL,I23,23,I,3
IF,CF23,53.317647,5.976664,LWO,54.4,10.6,2,2000,0,0,0,0,0,0
CF,FF23,53.263958,5.846161,0,LWO,54.4,4.9,234.0,5.7,1,1200,0,0,0,0,2,0
CF,RW23,53.231333,5.767333,0,LWO,54.5,1.4,234.0,3.5,1,51,0,0,0,0,3,0
CA,0,234.0,2,410,0,0,0,0,0,0
CF,D237A,53.214811,5.728333,0,LWD,237.0,0.0,237.0,1.0,1,1200,0,0,0,0,0,0
FA,D237A,53.214811,5.728333,0,LWD,0.0,0.0,237.0,2,3000,0,0,0,0,0,0
DF,D016J,53.399500,5.833333,2, ,0.0,0.0,1,3000,0,0,0,0,0,0

APPTR,I27,27,D054J
IF,D054J,53.322833,5.992833, ,0.0,0.0,4,8000,3000,0,0,0,1,0
FD,D054J,53.322833,5.992833,0,LWD,54.4,12.0,54.0,12.0,0,0,0,0,0,0,0,0
CF,CF27,53.227517,6.025842,2,LOB,89.2,10.4,269.0,3.0,2,2000,0,0,0,0,0,0

FINAL,I27,27,I,3
IF,CF27,53.227517,6.025842,LOB,89.2,10.4,2,2000,0,0,0,0,0,0
CF,FF27,53.228197,5.865003,0,LOB,89.2,4.6,269.0,5.8,1,1200,0,0,0,0,2,0
CF,RW27,53.228500,5.769667,0,LOB,89.2,1.1,269.0,3.4,1,52,0,0,0,0,3,0
CA,0,269.0,2,410,0,0,0,0,0,0
CF,D269A,53.223628,5.724114,0,LWD,269.0,0.0,269.0,1.0,1,1200,0,0,0,0,0,0
FA,D269A,53.223628,5.724114,0,LWD,0.0,0.0,269.0,2,3000,0,0,0,0,0,0
DF,D054J,53.322833,5.992833,2, ,0.0,0.0,1,3000,0,0,0,0,0,0

APPTR,R05,05,LW414
IF,LW414,53.076833,5.396667, ,0.0,0.0,2,2000,0,0,0,0,1,0
TF,LW413,53.124500,5.510167,0, ,0.0,0.0,0.0,0.0,2,2000,0,0,0,0,1,0

APPTR,R05,05,LW415
IF,LW415,53.172333,5.397000, ,0.0,0.0,2,2000,0,0,0,0,1,0
TF,LW413,53.124500,5.510167,0, ,0.0,0.0,0.0,0.0,2,2000,0,0,0,0,1,0

APPTR,R05,05,LW416
IF,LW416,53.044000,5.545333, ,0.0,0.0,2,2000,0,0,0,0,1,0
TF,LW413,53.124500,5.510167,0, ,0.0,0.0,0.0,0.0,2,2000,0,0,0,0,1,0

FINAL,R05,05,R,3
IF,LW413,53.124500,5.510167, ,0.0,0.0,2,2000,0,0,0,0,0,0
TF,LW412,53.161333,5.598500,0, ,0.0,0.0,54.0,3.9,2,2000,0,0,0,0,2,0
TF,RW05,53.219167,5.737833,0, ,0.0,0.0,54.0,6.1,1,54,0,0,0,0,3,1
CA,0,54.0,2,1200,0,0,0,0,0,0
CA,0,57.0,2,3000,0,0,0,0,0,0
DF,LW415,53.172333,5.397000,1, ,0.0,0.0,0,0,0,0,0,0,0,0

APPTR,R23,23,LW404
IF,LW404,53.372500,6.110833, ,0.0,0.0,2,2000,0,0,0,0,1,0
TF,LW403,53.325667,5.996167,0, ,0.0,0.0,0.0,0.0,2,2000,0,0,0,0,1,0

APPTR,R23,23,LW405
IF,LW405,53.406000,5.961833, ,0.0,0.0,2,2000,0,0,0,0,1,0
TF,LW403,53.325667,5.996167,0, ,0.0,0.0,0.0,0.0,2,2000,0,0,0,0,1,0

APPTR,R23,23,LW406
IF,LW406,53.276833,6.109333, ,0.0,0.0,2,2000,0,0,0,0,1,0
TF,LW403,53.325667,5.996167,0, ,0.0,0.0,0.0,0.0,2,2000,0,0,0,0,1,0

FINAL,R23,23,R,3
IF,LW403,53.325667,5.996167, ,0.0,0.0,2,2000,0,0,0,0,0,0
TF,LW402,53.289000,5.907000,0, ,0.0,0.0,234.0,3.9,2,2000,0,0,0,0,2,0
TF,RW23,53.231333,5.767333,0, ,0.0,0.0,234.0,6.1,1,54,0,0,0,0,3,1
CA,0,234.0,2,1200,0,0,0,0,0,0
DF,LW407,53.053000,5.334000,0, ,0.0,0.0,1,3000,0,0,0,0,0,1
DF,LW405,53.406000,5.961833,2, ,0.0,0.0,0,0,0,0,0,0,0,0

APPTR,T05,05,D270J
IF,D270J,53.226167,5.474500, ,0.0,0.0,3,19500,0,0,0,0,1,0
CF,D270P,53.227453,5.308203,0,LWD,270.0,16.0,270.0,6.0,0,0,0,0,0,0,0,1
DF,D237P,53.081942,5.376828,1, ,0.0,0.0,0,0,0,0,0,0,0,0
CF,D237J,53.135214,5.517169,0,LWD,237.0,10.0,57.0,6.0,2,2000,0,0,0,0,0,0
CF,FT05,53.179481,5.634386,0,LWD,237.0,5.0,57.0,5.0,1,1200,0,0,0,0,0,0

APPTR,T05,05,D272J
IF,D272J,53.232000,5.474833, ,0.0,0.0,4,8000,3000,0,0,0,1,0
FD,D272J,53.232000,5.474833,0,LWD,272.0,12.0,272.0,12.0,0,0,0,0,0,0,0,0
DF,D237L,53.117475,5.470350,1, ,0.0,0.0,0,0,0,0,0,0,0,0
CF,D237J,53.135214,5.517169,0,LWD,237.0,10.0,57.0,2.0,2,2000,0,0,0,0,0,0
CF,FT05,53.179481,5.634386,0,LWD,237.0,5.0,57.0,5.0,1,1200,0,0,0,0,0,0

FINAL,T05,05,D,3
IF,FT05,53.179481,5.634386,LWD,237.0,5.0,1,1200,0,0,0,0,2,0
CF,24TAC,53.202453,5.695433,0,LWD,237.0,2.4,57.0,2.6,2,460,0,0,0,0,0,0
CF,MT05,53.214811,5.728333,0,LWD,237.0,0.0,57.0,1.4,1,196,0,0,0,0,3,0
CA,0,57.0,2,410,0,0,0,0,0,0
CF,D057A,53.232447,5.775364,0,LWD,57.0,0.0,57.0,1.0,1,1200,0,0,0,0,0,0
FA,D057A,53.232447,5.775364,0,LWD,0.0,0.0,57.0,2,3000,0,0,0,0,0,0
DF,D272J,53.232000,5.474833,1, ,0.0,0.0,1,3000,0,0,0,0,0,0

APPTR,T09,09,D316J
IF,D316J,53.345167,5.562167, ,0.0,0.0,3,19500,0,0,0,0,1,0
CF,D316P,53.417972,5.447886,0,LWD,316.0,16.0,316.0,6.0,0,0,0,0,0,0,0,1
DF,D283O,53.283336,5.347697,1, ,0.0,0.0,2,3000,0,0,0,0,0,0
CF,D283J,53.263586,5.482539,0,LWD,283.0,10.0,103.0,5.0,2,2000,0,0,0,0,0,0
CF,FT09,53.243686,5.617253,0,LWD,283.0,5.0,103.0,5.0,1,1200,0,0,0,0,0,0

APPTR,T09,09,D318J
IF,D318J,53.349167,5.569333, ,0.0,0.0,4,8000,3000,0,0,0,1,0
FD,D318J,53.349167,5.569333,0,LWD,318.0,12.0,318.0,12.0,0,0,0,0,0,0,0,0
DF,D283L,53.271506,5.428617,1, ,0.0,0.0,0,0,0,0,0,0,0,0
CF,D283J,53.263586,5.482539,0,LWD,283.0,10.0,103.0,2.0,2,2000,0,0,0,0,0,0
CF,FT09,53.243686,5.617253,0,LWD,283.0,5.0,103.0,5.0,1,1200,0,0,0,0,0,0

FINAL,T09,09,D,2
IF,FT09,53.243686,5.617253,LWD,283.0,5.0,1,1200,0,0,0,0,2,0
CF,MT09,53.229664,5.711481,0,LWD,283.0,1.5,103.0,3.5,1,387,0,0,0,0,3,0
CF,LWD,53.223633,5.751844,0,LWD,0.0,0.0,103.0,1.5,2,410,0,0,0,0,0,0
FD,LWD,53.223633,5.751844,0,LWD,0.0,1.0,103.0,1.0,1,1200,0,0,0,0,0,0
DF,D318J,53.349167,5.569333,1, ,0.0,0.0,1,3000,0,0,0,0,0,0

APPTR,T23,23,D016K
IF,D016K,53.382833,5.833333, ,0.0,0.0,4,8000,3000,0,0,0,1,0
FD,D016K,53.382833,5.833333,0,LWD,16.0,12.0,16.0,12.0,0,0,0,0,0,0,0,0
DF,D051L,53.346286,6.014806,2, ,0.0,0.0,0,0,0,0,0,0,0,0
CF,D051J,53.325883,5.970872,0,LWD,51.0,10.0,231.0,2.0,2,2000,0,0,0,0,0,0
CF,FT23,53.274808,5.861228,0,LWD,51.0,5.0,231.0,5.0,1,1200,0,0,0,0,0,0

APPTR,T23,23,D018J
IF,D018J,53.381000,5.842500, ,0.0,0.0,3,19500,0,0,0,0,1,0
CF,D018P,53.475294,5.897139,0,LWD,18.0,16.0,18.0,6.0,0,0,0,0,0,0,0,1
DF,D051P,53.387042,6.102794,2, ,0.0,0.0,0,0,0,0,0,0,0,0
CF,D051J,53.325883,5.970872,0,LWD,51.0,10.0,231.0,6.0,2,2000,0,0,0,0,0,0
CF,FT23,53.274808,5.861228,0,LWD,51.0,5.0,231.0,5.0,1,1200,0,0,0,0,0,0

FINAL,T23,23,D,3
IF,FT23,53.274808,5.861228,LWD,51.0,5.0,1,1200,0,0,0,0,2,0
CF,24TA3,53.248208,5.804314,0,LWD,51.0,2.4,231.0,2.6,2,450,0,0,0,0,0,0
CF,MT23,53.233875,5.773700,0,LWD,51.0,0.0,231.0,1.4,1,137,0,0,0,0,3,0
CF,LWD,53.223633,5.751844,0,LWD,0.0,0.0,231.0,1.0,2,410,0,0,0,0,0,0
CF,D237A,53.214811,5.728333,0,LWD,237.0,0.0,237.0,1.0,1,1200,0,0,0,0,0,0
FA,D237A,53.214811,5.728333,0,LWD,0.0,0.0,237.0,2,3000,0,0,0,0,0,0
DF,D016K,53.382833,5.833333,2, ,0.0,0.0,1,3000,0,0,0,0,0,0

APPTR,T27,27,D029J
IF,D029J,53.367667,5.891000, ,0.0,0.0,3,19500,0,0,0,0,1,0
CF,D029P,53.454008,5.974875,0,LWD,29.0,16.0,29.0,6.0,0,0,0,0,0,0,0,1
DF,D049R,53.415556,6.135914,2, ,0.0,0.0,0,0,0,0,0,0,0,0
CF,D077L,53.264706,6.077633,0,LWD,77.0,12.0,192.0,9.3,0,0,0,0,0,0,0,0
CF,D077J,53.257922,6.023292,0,LWD,77.0,10.0,257.0,2.0,2,2000,0,0,0,0,0,0
CF,FT27,53.240856,5.887514,0,LWD,77.0,5.0,257.0,5.0,1,1200,0,0,0,0,0,0

APPTR,T27,27,D042J
IF,D042J,53.345167,5.941500, ,0.0,0.0,4,8000,3000,0,0,0,1,0
FD,D042J,53.345167,5.941500,0,LWD,42.0,12.0,42.0,12.0,0,0,0,0,0,0,0,0
DF,D077L,53.264706,6.077633,2, ,0.0,0.0,0,0,0,0,0,0,0,0
CF,D077J,53.257922,6.023292,0,LWD,77.0,10.0,257.0,2.0,2,2000,0,0,0,0,0,0
CF,FT27,53.240856,5.887514,0,LWD,77.0,5.0,257.0,5.0,1,1200,0,0,0,0,0,0

FINAL,T27,27,D,2
IF,FT27,53.240856,5.887514,LWD,77.0,5.0,1,1200,0,0,0,0,2,0
CF,MT27,53.229161,5.795244,0,LWD,77.0,1.6,257.0,3.4,1,342,0,0,0,0,3,0
CF,LWD,53.223633,5.751844,0,LWD,0.0,0.0,257.0,1.6,2,410,0,0,0,0,0,0
FD,LWD,53.223633,5.751844,0,LWD,0.0,1.0,257.0,1.0,1,1200,0,0,0,0,0,0
DF,D042J,53.345167,5.941500,2, ,0.0,0.0,1,3000,0,0,0,0,0,0

