APPTR,D26R,26R,BAKIT
IF,BAKIT,57.116111,10.193056, ,0.0,0.0,2,2300,0,0,0,0,1,0
CF,FD26R,57.109564,10.083553,0,AAL,80.0,2.9,260.0,3.6,2,2000,0,0,0,0,0,0

FINAL,D26R,26R,D,3
IF,FD26R,57.109564,10.083553,AAL,80.0,2.9,2,2000,0,0,0,0,2,0
CF,AAL,57.103719,9.995578,0,AAL,0.0,0.0,260.0,2.9,2,1170,0,0,0,0,0,0
CF,MD26R,57.096581,9.889433,0,AAL,260.0,3.5,260.0,3.5,1,180,0,0,0,0,3,0
CF,D260G,57.089350,9.783333,0,AAL,260.0,7.0,260.0,3.5,0,0,0,0,0,0,0,1
DF,AAL,57.103719,9.995578,2, ,0.0,0.0,1,3000,0,0,0,0,0,0
HM,AAL,57.103719,9.995578,2, ,0.0,0.0,260.0,04.3,0,0,0,0,0,0,0,0,0

APPTR,I08L,08L,GIPUG
IF,GIPUG,57.072222,9.507500, ,0.0,0.0,2,2300,0,0,0,0,0,0
CF,CF08L,57.076417,9.569828,0,AE,260.3,10.4,80.0,2.1,2,2000,0,0,0,0,0,0

FINAL,I08L,08L,I,3
IF,CF08L,57.076417,9.569828,AE,260.3,10.4,2,2000,0,0,0,0,0,0
CF,FF08L,57.080486,9.631064,0,AE,260.3,8.3,80.0,2.0,1,2000,0,0,0,0,2,0
CF,RW08L,57.093714,9.833417,0,AE,260.3,1.7,80.0,6.7,1,44,0,0,0,0,3,0
CA,0,80.0,2,410,0,0,0,0,0,0
DF,AAL,57.103719,9.995578,0, ,0.0,0.0,1,2000,0,0,0,0,0,0
HM,AAL,57.103719,9.995578,2, ,0.0,0.0,260.0,04.3,0,0,0,0,0,0,0,0,0

APPTR,I26R,26R,BAKIT
IF,BAKIT,57.116111,10.193056, ,0.0,0.0,2,2300,0,0,0,0,0,0
CF,CF26R,57.112097,10.123647,0,YT,80.2,9.8,260.0,2.3,2,2000,0,0,0,0,0,0

FINAL,I26R,26R,I,3
IF,CF26R,57.112097,10.123647,YT,80.2,9.8,2,2000,0,0,0,0,0,0
CF,FF26R,57.108306,10.062917,0,YT,80.2,7.8,260.0,2.0,1,2000,0,0,0,0,2,0
CF,RW26R,57.096508,9.876842,0,YT,80.2,1.6,260.0,6.1,1,60,0,0,0,0,3,0
FD,RW26R,57.096508,9.876842,0,YT,0.0,3.0,260.0,3.0,0,0,0,0,0,0,0,0
DF,AAL,57.103719,9.995578,2, ,0.0,0.0,1,3000,0,0,0,0,0,0
HM,AAL,57.103719,9.995578,2, ,0.0,0.0,260.0,04.3,0,0,0,0,0,0,0,0,0

APPTR,R08L,08L,GIPUG
HF,GIPUG,57.072222,9.507500,2, ,0.0,0.0,80.0,04.3,2,2300,0,0,0,0,0,0,0

APPTR,R08L,08L,KUDEV
IF,KUDEV,56.989756,9.526244, ,0.0,0.0,2,2300,0,0,0,0,1,0
TF,GIPUG,57.072222,9.507500,0, ,0.0,0.0,0.0,0.0,2,2000,0,0,0,0,1,0

APPTR,R08L,08L,TOSVO
IF,TOSVO,57.154667,9.488669, ,0.0,0.0,2,2000,0,0,0,0,1,0
TF,GIPUG,57.072222,9.507500,0, ,0.0,0.0,0.0,0.0,2,2000,0,0,0,0,1,0

FINAL,R08L,08L,R,3
IF,GIPUG,57.072222,9.507500, ,0.0,0.0,2,2000,0,0,0,0,0,0
TF,YT081,57.081633,9.648367,0, ,0.0,0.0,80.0,4.6,1,2000,0,0,0,0,2,0
TF,RW08L,57.093714,9.833417,0, ,0.0,0.0,80.0,6.1,1,48,0,0,0,0,3,1
TF,YT083,57.103719,9.995578,0, ,0.0,0.0,0.0,0.0,0,0,0,0,0,0,0,1
HM,YT083,57.103719,9.995578,2, ,0.0,0.0,260.0,04.3,2,2000,0,0,0,0,0,0,0

APPTR,R26R,26R,BAKIT
HF,BAKIT,57.116111,10.193056,2, ,0.0,0.0,260.0,04.3,2,2300,0,0,0,0,0,0,0

APPTR,R26R,26R,OKPOT
IF,OKPOT,57.198750,10.176069, ,0.0,0.0,2,2000,0,0,0,0,1,0
TF,BAKIT,57.116111,10.193056,0, ,0.0,0.0,0.0,0.0,2,2000,0,0,0,0,1,0

APPTR,R26R,26R,VABUT
IF,VABUT,57.033469,10.209967, ,0.0,0.0,2,2300,0,0,0,0,1,0
TF,BAKIT,57.116111,10.193056,0, ,0.0,0.0,0.0,0.0,2,2000,0,0,0,0,1,0

FINAL,R26R,26R,R,3
IF,BAKIT,57.116111,10.193056, ,0.0,0.0,2,2000,0,0,0,0,0,0
TF,YT261,57.108233,10.061753,0, ,0.0,0.0,260.0,4.3,1,2000,0,0,0,0,2,0
TF,RW26R,57.096508,9.876842,0, ,0.0,0.0,260.0,6.1,1,49,0,0,0,0,3,1
TF,YT263,57.090436,9.782792,0, ,0.0,0.0,0.0,0.0,0,0,0,0,0,0,0,1
DF,BAKIT,57.116111,10.193056,2, ,0.0,0.0,1,3000,0,1,230,0,0,1
HM,BAKIT,57.116111,10.193056,2, ,0.0,0.0,260.0,04.3,2,3000,0,0,0,0,0,0,0

