APPTR,J17,17,KOPES
IF,KOPES,71.174211,28.102483, ,0.0,0.0,2,4000,0,0,0,0,1,0
TF,MH401,71.177850,27.845700,0,G17P,0.0,0.0,0.0,0.0,2,2000,0,0,0,0,1,0

APPTR,J17,17,NITNU
IF,NITNU,71.181136,27.588822, ,0.0,0.0,2,4000,0,0,0,0,1,0
TF,MH401,71.177850,27.845700,0,G17P,0.0,0.0,0.0,0.0,2,2000,0,0,0,0,1,0

FINAL,J17,17,G,3
IF,MH401,71.177850,27.845700,G17P,0.0,0.0,2,2000,0,0,0,0,0,0
TF,MH400,71.110353,27.837000,0,G17P,0.0,0.0,168.0,4.1,1,2000,0,0,0,0,2,0
TF,RW17,71.033400,27.827156,0,G17P,0.0,0.0,168.0,4.6,1,82,0,0,0,0,3,1
TF,MH406,70.997242,27.822564,0, ,0.0,0.0,0.0,0.0,0,0,0,0,0,0,0,1
DF,KOPES,71.174211,28.102483,1, ,0.0,0.0,0,0,0,0,0,0,0,0
HM,KOPES,71.174211,28.102483,1, ,0.0,0.0,349.0,04.3,2,4000,0,0,0,0,0,0,0

APPTR,J35,35,FUZFA
IF,FUZFA,70.879317,28.061100, ,0.0,0.0,2,4000,0,0,0,0,1,0
TF,MH501,70.882903,27.808122,0,G35P,0.0,0.0,0.0,0.0,2,3000,0,0,0,0,1,0

APPTR,J35,35,OSNAV
IF,OSNAV,70.766806,27.793636, ,0.0,0.0,2,7000,0,0,0,0,1,0
TF,MH501,70.882903,27.808122,0,G35P,0.0,0.0,0.0,0.0,2,3000,0,0,0,0,1,0

APPTR,J35,35,PINIL
IF,PINIL,70.886139,27.555058, ,0.0,0.0,2,4000,0,0,0,0,1,0
TF,MH501,70.882903,27.808122,0,G35P,0.0,0.0,0.0,0.0,2,3000,0,0,0,0,1,0

FINAL,J35,35,G,3
IF,MH501,70.882903,27.808122,G35P,0.0,0.0,2,3000,0,0,0,0,0,0
TF,MH500,70.949242,27.816478,0,G35P,0.0,0.0,348.0,4.0,1,2000,0,0,0,0,2,0
TF,RW35,71.025697,27.826175,0,G35P,0.0,0.0,348.0,4.6,1,92,0,0,0,0,3,1
TF,MH506,71.059936,27.830542,0, ,0.0,0.0,0.0,0.0,0,0,0,0,0,0,0,1
DF,PINIL,70.886139,27.555058,1, ,0.0,0.0,0,0,0,0,0,0,0,0
HM,PINIL,70.886139,27.555058,2, ,0.0,0.0,78.0,04.3,2,4000,0,0,0,0,0,0,0

APPTR,L17,17,KOPES
IF,KOPES,71.174211,28.102483, ,0.0,0.0,0,0,0,0,0,0,1,0
TF,MH407,71.171681,27.871653,0,MH,0.0,0.0,0.0,0.0,2,2000,0,0,0,0,1,0

APPTR,L17,17,MH
IF,MH,71.034417,27.829778, ,0.0,0.0,2,3000,0,0,0,0,1,0
FD,MH,71.034417,27.829778,0,MH,0.0,7.0,6.0,7.0,2,2000,0,0,0,0,0,0
CI,1,MH,0.0,202.0,0,0,0,0,0,0,0,0

APPTR,L17,17,NITNU
IF,NITNU,71.181136,27.588822, ,0.0,0.0,0,0,0,0,0,0,1,0
TF,MH407,71.171681,27.871653,0,MH,0.0,0.0,0.0,0.0,2,2000,0,0,0,0,1,0

FINAL,L17,17,D,3
IF,MH407,71.171681,27.871653,MH,352.0,8.8,2,2000,0,0,0,0,0,0
CF,FF17,71.110553,27.851667,0,MH,352.0,5.1,172.0,3.7,2,2000,0,0,0,0,2,0
CF,ML17,71.052778,27.832897,0,MH,352.0,1.6,172.0,3.5,1,566,0,0,0,0,3,0
CF,D172C,70.976842,27.808397,0,SDA,339.4,45.0,172.0,4.6,0,0,0,0,0,0,0,1
DF,MH,71.034417,27.829778,1, ,0.0,0.0,1,3000,0,0,0,0,0,0
HM,MH,71.034417,27.829778,2, ,0.0,0.0,352.0,04.3,2,3000,0,0,0,0,0,0,0

APPTR,Q17,17,MH
IF,MH,71.034417,27.829778, ,0.0,0.0,2,3000,0,0,0,0,0,0
FD,MH,71.034417,27.829778,0,MH,0.0,7.0,3.0,7.0,2,2000,0,0,0,0,0,0
CF,FQ17,71.112489,27.842408,1,SDA,341.2,53.1,169.0,2.0,2,2000,0,0,0,0,0,0

FINAL,Q17,17,N,2
IF,FQ17,71.112489,27.842408,MH,0.0,0.0,2,2000,0,0,0,0,2,0
CF,MQ17,71.062761,27.834350,0,MH,0.0,2.2,169.0,3.0,1,798,0,0,0,0,3,0
CF,MH,71.034417,27.829778,0,SDA,340.4,48.4,169.0,1.7,0,0,0,0,0,0,0,0
CF,D169C,70.976564,27.820481,0,SDA,339.7,45.0,169.0,3.5,0,0,0,0,0,0,0,1
DF,MH,71.034417,27.829778,1, ,0.0,0.0,1,3000,0,0,0,0,0,0
HM,MH,71.034417,27.829778,2, ,0.0,0.0,353.0,04.3,0,0,0,0,0,0,0,0,0

APPTR,R17,17,KOPES
IF,KOPES,71.174211,28.102483, ,0.0,0.0,2,4000,0,0,0,0,1,0
TF,MH401,71.177850,27.845700,0, ,0.0,0.0,0.0,0.0,2,2000,0,0,0,0,1,0

APPTR,R17,17,NITNU
IF,NITNU,71.181136,27.588822, ,0.0,0.0,2,4000,0,0,0,0,1,0
TF,MH401,71.177850,27.845700,0, ,0.0,0.0,0.0,0.0,2,2000,0,0,0,0,1,0

FINAL,R17,17,R,3
IF,MH401,71.177850,27.845700, ,0.0,0.0,2,2000,0,0,0,0,0,0
TF,MH400,71.110353,27.837000,0, ,0.0,0.0,168.0,4.1,2,2000,0,0,0,0,2,0
TF,RW17,71.033400,27.827156,0, ,0.0,0.0,168.0,4.6,1,82,0,0,0,0,3,1
TF,MH408,70.995256,27.822311,0, ,0.0,0.0,0.0,0.0,0,0,0,0,0,0,0,1
DF,KOPES,71.174211,28.102483,1, ,0.0,0.0,0,0,0,0,0,0,0,0
HM,KOPES,71.174211,28.102483,1, ,0.0,0.0,349.0,04.3,2,4000,0,0,0,0,0,0,0

APPTR,R35,35,FUZFA
IF,FUZFA,70.879317,28.061100, ,0.0,0.0,2,4000,0,0,0,0,1,0
TF,MH501,70.882903,27.808122,0, ,0.0,0.0,0.0,0.0,2,3000,0,0,0,0,1,0

APPTR,R35,35,OSNAV
IF,OSNAV,70.766806,27.793636, ,0.0,0.0,2,7000,0,0,0,0,1,0
TF,MH501,70.882903,27.808122,0, ,0.0,0.0,0.0,0.0,2,3000,0,0,0,0,1,0

APPTR,R35,35,PINIL
IF,PINIL,70.886139,27.555058, ,0.0,0.0,2,4000,0,0,0,0,1,0
TF,MH501,70.882903,27.808122,0, ,0.0,0.0,0.0,0.0,2,3000,0,0,0,0,1,0

FINAL,R35,35,R,3
IF,MH501,70.882903,27.808122, ,0.0,0.0,2,3000,0,0,0,0,0,0
TF,MH500,70.949242,27.816478,0, ,0.0,0.0,348.0,4.0,2,2000,0,0,0,0,2,0
TF,RW35,71.025697,27.826175,0, ,0.0,0.0,348.0,4.6,1,92,0,0,0,0,3,1
TF,MH506,71.059936,27.830542,0, ,0.0,0.0,0.0,0.0,0,0,0,0,0,0,0,1
DF,PINIL,70.886139,27.555058,1, ,0.0,0.0,0,0,0,0,0,0,0,0
HM,PINIL,70.886139,27.555058,2, ,0.0,0.0,78.0,04.3,2,4000,0,0,0,0,0,0,0

