SID,AMIM2B,18,5
DF,MOLON,69.300556,18.654589,0, ,0.0,0.0,0,0,0,0,0,0,0,0
TF,AMIMO,67.875000,16.441389,0, ,0.0,0.0,0.0,0.0,0,0,0,0,0,0,0,0

SID,AMIM3A,36,5
DF,TC603,69.785297,18.987325,0, ,0.0,0.0,0,0,0,1,230,0,0,0
TF,TC604,69.811094,18.659422,0, ,0.0,0.0,0.0,0.0,0,0,0,1,230,0,0,0
TF,ROSKO,69.370211,18.262289,0, ,0.0,0.0,0.0,0.0,0,0,0,0,0,0,0,0
TF,AMIMO,67.875000,16.441389,0, ,0.0,0.0,0.0,0.0,0,0,0,0,0,0,0,0

SID,BDF6Y,18,2
CA,0,185.0,2,440,0,0,0,0,0,0
DF,KBV,69.505206,18.821697,0, ,0.0,0.0,0,0,0,0,0,0,0,0
TF,BDF,69.064881,18.466175,0, ,0.0,0.0,0.0,0.0,0,0,0,0,0,0,0,0

SID,ERPU1A,36,5
DF,TC616,69.728697,18.949253,0, ,0.0,0.0,0,0,0,1,210,0,0,1
TF,TC615,69.801542,19.314622,0, ,0.0,0.0,0.0,0.0,0,0,0,0,0,0,0,0
TF,IVDAL,69.793864,20.000000,0, ,0.0,0.0,0.0,0.0,0,0,0,0,0,0,0,0
TF,ERPUG,69.871606,21.503133,0, ,0.0,0.0,0.0,0.0,0,0,0,0,0,0,0,0

SID,ERPU1B,18,5
DF,TC707,69.575794,18.847717,0, ,0.0,0.0,0,0,0,0,0,0,0,0
TF,TC705,69.469367,18.934136,0, ,0.0,0.0,0.0,0.0,0,0,0,1,240,0,0,0
TF,SUGAV,69.692653,20.000000,1, ,0.0,0.0,0.0,0.0,0,0,0,0,0,0,0,0
TF,ERPUG,69.871606,21.503133,0, ,0.0,0.0,0.0,0.0,0,0,0,0,0,0,0,0

SID,ERPU2W,18,5
DF,TC712,69.642175,18.891550,0, ,0.0,0.0,0,0,0,1,145,0,0,1
DF,TC711,69.702817,18.996803,2, ,0.0,0.0,0,0,0,1,145,0,0,1
TF,IVDAL,69.793864,20.000000,0, ,0.0,0.0,0.0,0.0,0,0,0,0,0,0,0,0
TF,ERPUG,69.871606,21.503133,0, ,0.0,0.0,0.0,0.0,0,0,0,0,0,0,0,0

SID,GILG2B,18,5
DF,TC700,69.647167,18.894833,0, ,0.0,0.0,0,0,0,0,0,0,0,1
TF,TC702,69.551431,18.630978,0, ,0.0,0.0,0.0,0.0,0,0,0,0,0,0,0,0
TF,TC703,69.513364,18.334353,0, ,0.0,0.0,0.0,0.0,0,0,0,0,0,0,0,0
TF,GILGU,69.494064,17.506597,0, ,0.0,0.0,0.0,0.0,0,0,0,0,0,0,0,0

SID,GILG3A,36,5
DF,TC603,69.785297,18.987325,0, ,0.0,0.0,0,0,0,1,230,0,0,0
TF,TC604,69.811094,18.659422,0, ,0.0,0.0,0.0,0.0,0,0,0,1,230,0,0,0
TF,GILGU,69.494064,17.506597,0, ,0.0,0.0,0.0,0.0,0,0,0,0,0,0,0,0

SID,LITP2A,36,5
DF,TC616,69.728697,18.949253,0, ,0.0,0.0,0,0,0,1,210,0,0,1
TF,TC615,69.801542,19.314622,0, ,0.0,0.0,0.0,0.0,0,0,0,0,0,0,0,0
TF,INUSE,69.921125,19.504756,0, ,0.0,0.0,0.0,0.0,0,0,0,0,0,0,0,0
TF,SOXOX,70.006519,20.000000,0, ,0.0,0.0,0.0,0.0,0,0,0,0,0,0,0,0
TF,LITPI,70.171678,21.091061,0, ,0.0,0.0,0.0,0.0,0,0,0,0,0,0,0,0

SID,LITP2B,18,5
DF,TC707,69.575794,18.847717,0, ,0.0,0.0,0,0,0,0,0,0,0,0
TF,TC705,69.469367,18.934136,0, ,0.0,0.0,0.0,0.0,0,0,0,1,240,0,0,0
TF,SUGAV,69.692653,20.000000,1, ,0.0,0.0,0.0,0.0,0,0,0,0,0,0,0,0
TF,ROROB,69.808106,20.257053,0, ,0.0,0.0,0.0,0.0,0,0,0,0,0,0,0,0
TF,LITPI,70.171678,21.091061,0, ,0.0,0.0,0.0,0.0,0,0,0,0,0,0,0,0

SID,LITP3W,18,5
DF,TC712,69.642175,18.891550,0, ,0.0,0.0,0,0,0,1,145,0,0,1
DF,TC711,69.702817,18.996803,2, ,0.0,0.0,0,0,0,1,145,0,0,1
TF,IVDAL,69.793864,20.000000,0, ,0.0,0.0,0.0,0.0,0,0,0,0,0,0,0,0
TF,ROROB,69.808106,20.257053,0, ,0.0,0.0,0.0,0.0,0,0,0,0,0,0,0,0
TF,LITPI,70.171678,21.091061,0, ,0.0,0.0,0.0,0.0,0,0,0,0,0,0,0,0

SID,LITP3X,36,5
DF,TC601,69.906533,19.069525,0, ,0.0,0.0,0,0,0,0,0,0,0,0
TF,SOXOX,70.006519,20.000000,0, ,0.0,0.0,0.0,0.0,0,0,0,0,0,0,0,0
TF,LITPI,70.171678,21.091061,0, ,0.0,0.0,0.0,0.0,0,0,0,0,0,0,0,0

SID,LOMV5B,18,5
DF,TC707,69.575794,18.847717,0, ,0.0,0.0,0,0,0,1,185,0,0,0
TF,TC708,69.596147,18.592733,0, ,0.0,0.0,0.0,0.0,0,0,0,1,185,0,0,0
TF,TC710,69.825761,18.977514,2, ,0.0,0.0,0.0,0.0,0,0,0,0,0,0,0,0
TF,LOMVI,70.083333,19.002319,0, ,0.0,0.0,0.0,0.0,0,0,0,0,0,0,0,0

SID,LOMV5X,36,2
DF,KV,69.811567,19.003083,0, ,0.0,0.0,0,0,0,0,0,0,0,1
TF,LOMVI,70.083333,19.002319,0, ,0.0,0.0,0.0,0.0,0,0,0,0,0,0,0,0

SID,LOMV6A,36,5
DF,TC603,69.785297,18.987325,0, ,0.0,0.0,0,0,0,0,0,0,0,0
TF,LOMVI,70.083333,19.002319,0, ,0.0,0.0,0.0,0.0,0,0,0,0,0,0,0,0

SID,OMNI2B,18,5
CD, ,0,0,0,TC,0,0.0,185.0,6.0,0,0,0,0,0,0,0,0
VM,0,0,0,185.0,0,0,0,0,0,0,0,0

SID,ROSK3B,18,5
DF,TC700,69.647167,18.894833,0, ,0.0,0.0,0,0,0,0,0,0,0,1
TF,TC702,69.551431,18.630978,0, ,0.0,0.0,0.0,0.0,0,0,0,0,0,0,0,0
TF,TC703,69.513364,18.334353,0, ,0.0,0.0,0.0,0.0,0,0,0,0,0,0,0,0
TF,ROSKO,69.370211,18.262289,0, ,0.0,0.0,0.0,0.0,0,0,0,0,0,0,0,0

SID,TULD2A,36,5
DF,TC603,69.785297,18.987325,0, ,0.0,0.0,0,0,0,1,230,0,0,0
TF,TC605,69.758894,19.314369,0, ,0.0,0.0,0.0,0.0,0,0,0,1,230,0,0,0
TF,TULDA,69.243708,18.967611,0, ,0.0,0.0,0.0,0.0,0,0,0,0,0,0,0,0

SID,TULD2B,18,5
DF,TC701,69.620317,18.877189,0, ,0.0,0.0,0,0,0,0,0,0,0,1
TF,TULDA,69.243708,18.967611,0, ,0.0,0.0,0.0,0.0,0,0,0,0,0,0,0,0

STAR,AMIM1W,36,5
IF,AMIMO,67.875000,16.441389, ,0.0,0.0,2,11000,0,0,0,0,0,0
TF,VABUG,68.971583,18.434508,0, ,0.0,0.0,0.0,0.0,2,11000,0,0,0,0,0,0
TF,TULDA,69.243708,18.967611,0, ,0.0,0.0,0.0,0.0,2,7000,0,0,0,0,0,0
TF,UMSEG,69.399003,19.022097,0, ,0.0,0.0,0.0,0.0,2,6000,0,1,220,0,0,0

STAR,AMIM2M,18,5
IF,AMIMO,67.875000,16.441389, ,0.0,0.0,2,11000,0,0,0,0,0,0
TF,TULDA,69.243708,18.967611,0, ,0.0,0.0,0.0,0.0,2,11000,0,0,0,0,0,0
TF,APSIM,69.916686,19.374311,0, ,0.0,0.0,0.0,0.0,2,5200,0,0,0,0,0,0

STAR,AMIM4L,36,5
IF,AMIMO,67.875000,16.441389, ,0.0,0.0,2,11000,0,0,0,0,0,0
TF,ABUBU,69.102861,18.228447,0, ,0.0,0.0,0.0,0.0,2,11000,0,0,0,0,0,0
TF,USONI,69.298272,18.666733,0, ,0.0,0.0,0.0,0.0,2,7000,0,0,0,0,0,0
TF,VAMEN,69.421292,18.746264,0, ,0.0,0.0,0.0,0.0,2,5000,0,1,210,0,0,0

STAR,AMIM7Y,18,5
IF,AMIMO,67.875000,16.441389, ,0.0,0.0,2,11000,0,0,0,0,0,0
TF,RISLU,68.824689,16.851522,0, ,0.0,0.0,0.0,0.0,0,0,0,0,0,0,0,0
TF,NETUM,69.143939,17.771128,0, ,0.0,0.0,0.0,0.0,0,0,0,0,0,0,0,0
TF,GIBMO,69.385506,18.043328,0, ,0.0,0.0,0.0,0.0,2,11000,0,0,0,0,0,0
TF,KEKEX,69.720786,18.483350,0, ,0.0,0.0,0.0,0.0,0,0,0,0,0,0,0,0
TF,NONRU,69.961497,18.808889,0, ,0.0,0.0,0.0,0.0,2,5000,0,0,0,0,0,0

STAR,AMIM7Z,18,5
IF,AMIMO,67.875000,16.441389, ,0.0,0.0,2,11000,0,0,0,0,0,0
TF,NETUM,69.143939,17.771128,0, ,0.0,0.0,0.0,0.0,0,0,0,0,0,0,0,0
TF,GIBMO,69.385506,18.043328,0, ,0.0,0.0,0.0,0.0,2,11000,0,0,0,0,0,0
TF,KEKEX,69.720786,18.483350,0, ,0.0,0.0,0.0,0.0,0,0,0,0,0,0,0,0
TF,NONRU,69.961497,18.808889,0, ,0.0,0.0,0.0,0.0,2,5000,0,0,0,0,0,0

STAR,AMIM9X,36,5
IF,AMIMO,67.875000,16.441389, ,0.0,0.0,2,11000,0,0,0,0,0,0
TF,RISLU,68.824689,16.851522,0, ,0.0,0.0,0.0,0.0,2,11000,0,0,0,0,0,0
TF,NETUM,69.143939,17.771128,0, ,0.0,0.0,0.0,0.0,2,11000,0,0,0,0,0,0
TF,USONI,69.298272,18.666733,0, ,0.0,0.0,0.0,0.0,2,7000,0,0,0,0,0,0
TF,VAMEN,69.421292,18.746264,0, ,0.0,0.0,0.0,0.0,2,5000,0,1,210,0,0,0

STAR,DIBD1M,18,5
IF,DIBDI,69.991892,20.626947, ,0.0,0.0,2,11000,0,0,0,0,0,0
TF,SOXOX,70.006519,20.000000,0, ,0.0,0.0,0.0,0.0,2,11000,0,0,0,0,0,0
TF,OGBOD,69.939317,19.091903,0, ,0.0,0.0,0.0,0.0,2,5000,0,0,0,0,0,0

STAR,DIBD2L,36,5
IF,DIBDI,69.991892,20.626947, ,0.0,0.0,2,8000,0,0,0,0,0,0
TF,PAXLO,69.901700,20.000000,0, ,0.0,0.0,0.0,0.0,2,8000,0,0,0,0,0,0
TF,AKAKA,69.611617,19.402456,0, ,0.0,0.0,0.0,0.0,2,6500,0,0,0,0,0,0
TF,UMSEG,69.399003,19.022097,0, ,0.0,0.0,0.0,0.0,2,6000,0,1,220,0,0,0

STAR,GILG2M,18,5
IF,GILGU,69.494064,17.506597, ,0.0,0.0,2,8000,0,0,0,0,0,0
TF,NONRU,69.961497,18.808889,0, ,0.0,0.0,0.0,0.0,2,5000,0,0,0,0,0,0

STAR,GILG3L,36,5
IF,GILGU,69.494064,17.506597, ,0.0,0.0,2,5000,0,0,0,0,0,0
TF,REBLI,69.443142,18.469864,0, ,0.0,0.0,0.0,0.0,2,5000,0,1,220,0,0,0

STAR,KIKA2M,18,5
IF,KIIKA,69.750106,20.980828, ,0.0,0.0,2,8000,0,0,0,0,0,0
TF,PAXLO,69.901700,20.000000,0, ,0.0,0.0,0.0,0.0,2,8000,0,0,0,0,0,0
TF,APSIM,69.916686,19.374311,0, ,0.0,0.0,0.0,0.0,2,5000,0,0,0,0,0,0

STAR,KIKA3L,36,5
IF,KIIKA,69.750106,20.980828, ,0.0,0.0,2,8000,0,0,0,0,0,0
TF,LAKAG,69.578478,20.000000,0, ,0.0,0.0,0.0,0.0,2,8000,0,0,0,0,0,0
TF,TC720,69.517511,19.662600,0, ,0.0,0.0,0.0,0.0,2,7000,0,0,0,0,0,0
TF,UMSEG,69.399003,19.022097,0, ,0.0,0.0,0.0,0.0,2,6000,0,1,220,0,0,0

STAR,LOMV3M,18,5
IF,LOMVI,70.083333,19.002319, ,0.0,0.0,2,7000,0,0,0,0,0,0
TF,OGBOD,69.939317,19.091903,0, ,0.0,0.0,0.0,0.0,2,5000,0,0,0,0,0,0

STAR,LOMV4L,36,5
IF,LOMVI,70.083333,19.002319, ,0.0,0.0,2,11000,0,0,0,0,0,0
TF,OSRAD,69.694481,18.457125,0, ,0.0,0.0,0.0,0.0,2,5000,0,0,0,0,0,0
TF,REBLI,69.443142,18.469864,0, ,0.0,0.0,0.0,0.0,2,5000,0,1,220,0,0,0

STAR,LURA4L,36,2
IF,LURAP,69.090403,18.267353, ,0.0,0.0,0,0,0,0,0,0,0,0
TF,MOLON,69.300556,18.654589,0, ,0.0,0.0,0.0,0.0,2,7000,0,0,0,0,0,0
TF,D188Q,69.431125,18.764200,0, ,0.0,0.0,0.0,0.0,0,0,0,0,0,0,0,0
CF,KBV,69.505206,18.821697,0,TRO,188.3,12.5,5.0,5.0,2,5500,0,0,0,0,0,0

STAR,SJA9M,18,2
IF,SJA,69.161367,17.815858, ,0.0,0.0,0,0,0,0,0,0,0,0
TF,GIBMO,69.385506,18.043328,0, ,0.0,0.0,0.0,0.0,2,5500,0,0,0,0,0,0
TF,MACKA,69.843744,18.524450,0, ,0.0,0.0,0.0,0.0,0,0,0,0,0,0,0,0
AF,D344M,69.917006,18.920269,2,TRO,344.0,13.0,302.0,0,0,0,0,0,0,0,1
VI,0, ,0.0,140.0,0,0,0,0,0,0,0,0
CF,KV,69.811567,19.003083,0,TRO,352.1,6.6,185.0,5.0,2,5000,0,0,0,0,0,0

APPTR,I18,18,APSIM
IF,APSIM,69.916686,19.374311, ,0.0,0.0,2,5000,0,0,0,0,1,0
TF,OGBOD,69.939317,19.091903,0, ,0.0,0.0,0.0,0.0,2,5000,0,0,0,0,1,0
CF,BAXAS,69.859583,19.037656,0,TR,5.1,11.7,185.0,4.9,2,4500,0,0,0,0,0,0

APPTR,I18,18,KV1
IF,KV,69.811567,19.003083, ,0.0,0.0,2,5000,0,0,0,0,0,0
FD,KV,69.811567,19.003083,0,TRO,352.1,10.0,318.0,10.0,2,4500,0,1,210,0,0,0
CF,BAXAS,69.859583,19.037656,2,TR,5.1,11.7,185.0,1.0,2,4500,0,0,0,0,0,0

APPTR,I18,18,KV2
IF,KV,69.811567,19.003083, ,0.0,0.0,2,5000,0,0,0,0,0,0
FD,KV,69.811567,19.003083,0,TRO,352.1,10.0,339.0,10.0,2,4500,0,1,210,0,0,0
CF,BAXAS,69.859583,19.037656,2,TR,5.1,11.7,185.0,1.0,2,4500,0,0,0,0,0,0

APPTR,I18,18,NONRU
IF,NONRU,69.961497,18.808889, ,0.0,0.0,2,5000,0,0,0,0,1,0
TF,OGBOD,69.939317,19.091903,0, ,0.0,0.0,0.0,0.0,2,5000,0,0,0,0,1,0
CF,BAXAS,69.859583,19.037656,0,TR,5.1,11.7,185.0,4.9,2,4500,0,0,0,0,0,0

APPTR,I18,18,OGBOD
IF,OGBOD,69.939317,19.091903, ,0.0,0.0,2,5000,0,0,0,0,1,0
CF,BAXAS,69.859583,19.037656,0,TR,5.1,11.7,185.0,4.9,2,4500,0,0,0,0,0,0

FINAL,I18,18,I,3
IF,BAXAS,69.859583,19.037656,TR,5.1,11.7,2,4500,0,0,0,0,0,0
CF,KV,69.811567,19.003083,0,TR,4.8,8.7,185.0,3.0,1,3250,0,0,0,0,2,0
CF,RW18,69.690356,18.923622,0,TR,5.0,1.2,185.0,7.5,1,64,0,0,0,0,3,0
CF,D185H,69.563511,18.839836,0,TRO,192.5,9.0,185.0,7.8,2,3000,0,0,0,0,0,0
CF,KV,69.811567,19.003083,2,TRO,352.1,6.6,12.0,15.0,1,5000,0,1,185,0,0,0
HM,KV,69.811567,19.003083,2, ,0.0,0.0,185.0,04.3,2,5000,0,0,0,0,0,0,0

APPTR,I36,36,HTK1
IF,HTK,69.926383,21.003028, ,0.0,0.0,0,0,0,0,0,0,0,0
TF,IDLIN,69.818039,20.000000,0, ,0.0,0.0,0.0,0.0,0,0,0,0,0,0,0,0
TF,TRO,69.702789,18.996753,0, ,0.0,0.0,0.0,0.0,2,5000,0,0,0,0,0,0
TF,KBV,69.505206,18.821697,0, ,0.0,0.0,0.0,0.0,2,5000,0,0,0,0,0,0
FC,KBV,69.505206,18.821697,0,TRO,0.0,0.0,234.0,3.5,0,0,0,1,210,0,0,1
CF,VAMEN,69.421292,18.746264,1,TC,185.1,17.0,5.0,1.0,2,5000,0,0,0,0,1,0

APPTR,I36,36,HTK2
IF,HTK,69.926383,21.003028, ,0.0,0.0,0,0,0,0,0,0,0,0
TF,IDLIN,69.818039,20.000000,0, ,0.0,0.0,0.0,0.0,0,0,0,0,0,0,0,0
TF,TRO,69.702789,18.996753,0, ,0.0,0.0,0.0,0.0,2,5000,0,0,0,0,0,0
TF,KBV,69.505206,18.821697,0, ,0.0,0.0,0.0,0.0,2,5000,0,0,0,0,0,0
FC,KBV,69.505206,18.821697,0,TRO,0.0,0.0,222.0,3.5,0,0,0,1,210,0,0,1
CF,VAMEN,69.421292,18.746264,1,TC,185.1,17.0,5.0,1.0,2,5000,0,0,0,0,1,0

APPTR,I36,36,REBLI
IF,REBLI,69.443142,18.469864, ,0.0,0.0,0,0,0,1,220,0,1,0
TF,VAMEN,69.421292,18.746264,0,TC,0.0,0.0,0.0,0.0,2,5000,0,1,210,0,1,0

APPTR,I36,36,UMSEG
IF,UMSEG,69.399003,19.022097, ,0.0,0.0,0,0,0,1,220,0,1,0
TF,VAMEN,69.421292,18.746264,0,TC,0.0,0.0,0.0,0.0,2,5000,0,1,210,0,1,0

FINAL,I36,36,I,3
IF,VAMEN,69.421292,18.746264,TC,185.1,17.0,2,5000,0,0,0,0,1,0
CF,ETUTU,69.485392,18.788203,0,TC,185.1,13.0,5.0,4.0,1,5000,0,0,0,0,2,0
CF,RW36,69.672858,18.911950,0,TC,185.1,1.4,5.0,11.6,1,76,0,0,0,0,3,0
CF,KV,69.811567,19.003083,0,TRO,352.1,6.6,5.0,8.6,0,0,0,0,0,0,0,0
FA,KV,69.811567,19.003083,0,TRO,0.0,0.0,345.0,2,3500,0,0,0,0,0,0
DF,KV,69.811567,19.003083,1, ,0.0,0.0,1,5000,0,0,0,0,0,0
HM,KV,69.811567,19.003083,2, ,0.0,0.0,185.0,04.3,0,0,0,0,0,0,0,0,0

APPTR,L36,36,HTK1
IF,HTK,69.926383,21.003028, ,0.0,0.0,0,0,0,0,0,0,0,0
TF,TRO,69.702789,18.996753,0, ,0.0,0.0,0.0,0.0,2,5000,0,0,0,0,0,0
TF,KBV,69.505206,18.821697,0, ,0.0,0.0,0.0,0.0,2,5000,0,0,0,0,0,0
FC,KBV,69.505206,18.821697,0,TRO,0.0,0.0,234.0,3.5,0,0,0,1,210,0,0,1
CF,VAMEN,69.421292,18.746264,1,TC,185.1,17.0,5.0,1.0,2,5000,0,0,0,0,1,0

APPTR,L36,36,HTK2
IF,HTK,69.926383,21.003028, ,0.0,0.0,0,0,0,0,0,0,0,0
TF,TRO,69.702789,18.996753,0, ,0.0,0.0,0.0,0.0,2,5000,0,0,0,0,0,0
TF,KBV,69.505206,18.821697,0, ,0.0,0.0,0.0,0.0,2,5000,0,0,0,0,0,0
FC,KBV,69.505206,18.821697,0,TRO,0.0,0.0,222.0,3.5,0,0,0,1,210,0,0,1
CF,VAMEN,69.421292,18.746264,1,TC,185.1,17.0,5.0,1.0,2,5000,0,0,0,0,1,0

APPTR,L36,36,REBLI
IF,REBLI,69.443142,18.469864, ,0.0,0.0,0,0,0,0,0,0,1,0
TF,VAMEN,69.421292,18.746264,0,TC,0.0,0.0,0.0,0.0,2,5000,0,0,0,0,1,0

APPTR,L36,36,UMSEG
IF,UMSEG,69.399003,19.022097, ,0.0,0.0,0,0,0,0,0,0,1,0
TF,VAMEN,69.421292,18.746264,0,TC,0.0,0.0,0.0,0.0,2,5000,0,0,0,0,1,0

FINAL,L36,36,D,6
IF,VAMEN,69.421292,18.746264,TC,185.1,17.0,2,5000,0,0,0,0,0,0
CF,LOC13,69.464378,18.774481,0,TC,185.1,14.3,5.0,2.7,2,5000,0,0,0,0,0,0
CF,LOC12,69.485414,18.788228,0,TC,185.1,13.0,5.0,1.3,2,5000,0,0,0,0,0,0
CF,LOC10,69.506447,18.802000,0,TC,185.1,11.7,5.0,1.3,2,4450,0,0,0,0,0,0
CF,FF36,69.577636,18.848819,0,TC,185.1,7.3,5.0,4.4,2,2580,0,0,0,0,2,0
CF,ML36,69.647192,18.894878,0,TC,185.1,3.0,5.0,4.3,1,753,0,0,0,0,3,0
CF,KV,69.811567,19.003083,0,TRO,352.1,6.6,5.0,10.2,0,0,0,0,0,0,0,0
FA,KV,69.811567,19.003083,0,TRO,0.0,0.0,345.0,2,3500,0,0,0,0,0,0
DF,KV,69.811567,19.003083,1, ,0.0,0.0,1,5000,0,0,0,0,0,0
HM,KV,69.811567,19.003083,2, ,0.0,0.0,185.0,04.3,0,0,0,0,0,0,0,0,0

APPTR,R18,18,APSIM
IF,APSIM,69.916686,19.374311, ,0.0,0.0,2,5000,0,0,0,0,1,0
TF,OGBOD,69.939317,19.091903,0, ,0.0,0.0,0.0,0.0,2,5000,0,0,0,0,1,0

APPTR,R18,18,NONRU
IF,NONRU,69.961497,18.808889, ,0.0,0.0,2,5000,0,0,0,0,1,0
TF,OGBOD,69.939317,19.091903,0, ,0.0,0.0,0.0,0.0,2,5000,0,0,0,0,1,0

FINAL,R18,18,R,3
IF,OGBOD,69.939317,19.091903, ,0.0,0.0,2,5000,0,0,0,0,1,0
TF,BAXAS,69.859583,19.037656,0, ,0.0,0.0,185.0,4.9,2,4500,0,0,0,0,2,0
TF,TC504,69.704908,18.933350,0, ,0.0,0.0,185.0,9.6,1,450,0,0,0,0,3,1
TF,TC505,69.591981,18.858322,0, ,0.0,0.0,0.0,0.0,3,5000,0,0,0,0,0,1
TF,TC506,69.372111,19.024411,0, ,0.0,0.0,0.0,0.0,3,5000,0,0,0,0,0,1
DF,ETUTU,69.485392,18.788203,2, ,0.0,0.0,1,5000,0,0,0,0,0,0
HM,ETUTU,69.485392,18.788203,1, ,0.0,0.0,5.0,04.3,2,5000,0,0,0,0,0,0,0

APPTR,R18-A,18,PAXLO
IF,PAXLO,69.901700,20.000000, ,0.0,0.0,2,5000,0,0,0,0,1,0
TF,XEGRO,69.850347,19.633731,0, ,0.0,0.0,0.0,0.0,2,5000,0,0,0,0,0,0
TF,NIPOS,69.833208,19.350192,0, ,0.0,0.0,0.0,0.0,2,3800,0,0,0,0,1,0

FINAL,R18-A,18,R,3
IF,NIPOS,69.833208,19.350192, ,0.0,0.0,2,3800,0,0,0,0,0,0
TF,TC802,69.792033,19.226328,0, ,0.0,0.0,218.0,3.6,2,3800,0,0,0,0,2,0
TF,TC801,69.710036,18.981875,0, ,0.0,0.0,218.0,7.1,1,890,0,0,0,0,3,1
CF,TC505,69.591981,18.858322,0,BDF,6.5,32.8,186.0,7.6,0,0,0,0,0,0,0,0
TF,TC506,69.372111,19.024411,0, ,0.0,0.0,0.0,0.0,0,0,0,0,0,0,0,1
DF,ETUTU,69.485392,18.788203,2, ,0.0,0.0,1,5000,0,0,0,0,0,0
HM,ETUTU,69.485392,18.788203,1, ,0.0,0.0,5.0,04.3,2,5000,0,0,0,0,0,0,0

APPTR,R36,36,REBLI
IF,REBLI,69.443142,18.469864, ,0.0,0.0,2,5000,0,1,220,0,1,0
TF,VAMEN,69.421292,18.746264,0, ,0.0,0.0,0.0,0.0,2,5000,0,1,210,0,1,0

APPTR,R36,36,UMSEG
IF,UMSEG,69.399003,19.022097, ,0.0,0.0,2,6000,0,1,220,0,1,0
TF,VAMEN,69.421292,18.746264,0, ,0.0,0.0,0.0,0.0,2,5000,0,1,210,0,1,0

FINAL,R36,36,R,3
IF,VAMEN,69.421292,18.746264, ,0.0,0.0,2,5000,0,1,210,0,1,0
TF,ETUTU,69.485392,18.788203,0, ,0.0,0.0,5.0,4.0,2,5000,0,0,0,0,2,0
TF,TC406,69.656692,18.901125,0, ,0.0,0.0,5.0,10.6,1,503,0,0,0,0,3,1
TF,TC407,69.834456,19.021731,0, ,0.0,0.0,0.0,0.0,0,0,0,1,230,0,0,0
TF,TC408,69.860747,18.687614,0, ,0.0,0.0,0.0,0.0,0,0,0,1,230,0,0,0
TF,OSRAD,69.694481,18.457125,0, ,0.0,0.0,0.0,0.0,1,5000,0,1,230,0,0,0
HM,OSRAD,69.694481,18.457125,2, ,0.0,0.0,198.0,04.3,2,5000,0,0,0,0,0,0,0

APPTR,R36-A,36,PAXLO
IF,PAXLO,69.901700,20.000000, ,0.0,0.0,2,5000,0,0,0,0,1,0
TF,XEGRO,69.850347,19.633731,0, ,0.0,0.0,0.0,0.0,2,5000,0,0,0,0,0,0
TF,NIPOS,69.833208,19.350192,0, ,0.0,0.0,0.0,0.0,2,3800,0,0,0,0,1,0

FINAL,R36-A,36,R,3
IF,NIPOS,69.833208,19.350192, ,0.0,0.0,2,3800,0,0,0,0,0,0
TF,TC802,69.792033,19.226328,0, ,0.0,0.0,218.0,3.6,2,3800,0,0,0,0,2,0
TF,TC801,69.710036,18.981875,0, ,0.0,0.0,218.0,7.1,1,890,0,0,0,0,3,1
CF,TC505,69.591981,18.858322,0,BDF,6.5,32.8,186.0,7.6,0,0,0,0,0,0,0,0
TF,TC506,69.372111,19.024411,0, ,0.0,0.0,0.0,0.0,0,0,0,0,0,0,0,1
DF,ETUTU,69.485392,18.788203,2, ,0.0,0.0,1,5000,0,0,0,0,0,0
HM,ETUTU,69.485392,18.788203,1, ,0.0,0.0,5.0,04.3,2,5000,0,0,0,0,0,0,0

