SID,BABK2F,07,5
CF,KK801,50.097944,19.930806,0,KAK,70.8,5.7,72.0,5.2,2,3000,0,1,230,0,0,0
TF,KK812,49.966722,19.995361,0, ,0.0,0.0,0.0,0.0,2,6000,0,0,0,0,0,0
TF,KK813,49.860972,20.028833,0, ,0.0,0.0,0.0,0.0,2,9000,0,0,0,0,0,0
TF,KK728,49.783861,19.719361,0, ,0.0,0.0,0.0,0.0,2,11000,0,0,0,0,0,0
TF,KK816,49.745111,19.565472,0, ,0.0,0.0,0.0,0.0,0,0,0,0,0,0,0,0
TF,BABKO,49.611667,19.469444,0, ,0.0,0.0,0.0,0.0,0,0,0,0,0,0,0,0

SID,BABK3J,25,5
CF,KK599,50.057139,19.637778,0,KAK,252.7,5.9,252.0,5.2,2,3000,0,1,230,0,0,0
TF,KK621,49.858833,19.576833,0, ,0.0,0.0,0.0,0.0,2,6500,0,0,0,0,0,0
TF,KK618,49.723861,19.523667,0, ,0.0,0.0,0.0,0.0,2,11000,0,0,0,0,0,0
TF,BABKO,49.611667,19.469444,0, ,0.0,0.0,0.0,0.0,0,0,0,0,0,0,0,0

SID,BARE2F,07,5
CF,KK801,50.097944,19.930806,0,KAK,70.8,5.7,72.0,5.2,2,3000,0,1,230,0,0,0
TF,KK802,50.247056,19.934889,0, ,0.0,0.0,0.0,0.0,2,6000,0,0,0,0,0,0
TF,KK803,50.467111,19.909833,0, ,0.0,0.0,0.0,0.0,0,0,0,0,0,0,0,0
TF,KK804,50.581306,19.910083,0, ,0.0,0.0,0.0,0.0,2,10000,0,0,0,0,0,0
TF,KK806,50.835778,19.910694,0, ,0.0,0.0,0.0,0.0,2,13000,0,0,0,0,0,0
TF,BAREX,50.894444,18.738333,0, ,0.0,0.0,0.0,0.0,0,0,0,0,0,0,0,0

SID,BARE3J,25,5
CF,KK599,50.057139,19.637778,0,KAK,252.7,5.9,252.0,5.2,2,3000,0,1,230,0,0,0
TF,KK606,50.138833,19.610000,0, ,0.0,0.0,0.0,0.0,2,4000,0,0,0,0,0,0
TF,KK611,50.317861,19.768583,0, ,0.0,0.0,0.0,0.0,2,6500,0,0,0,0,0,0
TF,KK612,50.550278,19.720250,0, ,0.0,0.0,0.0,0.0,0,0,0,0,0,0,0,0
TF,KK613,50.671778,19.669778,0, ,0.0,0.0,0.0,0.0,2,10000,0,0,0,0,0,0
TF,LOBMU,50.770861,19.628444,0, ,0.0,0.0,0.0,0.0,0,0,0,0,0,0,0,0
TF,BAREX,50.894444,18.738333,0, ,0.0,0.0,0.0,0.0,0,0,0,0,0,0,0,0

SID,EMBI2F,07,5
CF,KK801,50.097944,19.930806,0,KAK,70.8,5.7,72.0,5.2,2,3000,0,1,230,0,0,0
TF,KK802,50.247056,19.934889,0, ,0.0,0.0,0.0,0.0,2,6000,0,0,0,0,0,0
TF,KK807,50.317861,19.768583,0, ,0.0,0.0,0.0,0.0,0,0,0,0,0,0,0,0
TF,LIGDI,50.300833,19.553611,0, ,0.0,0.0,0.0,0.0,0,0,0,0,0,0,0,0
TF,ELVEP,50.300000,19.161389,0, ,0.0,0.0,0.0,0.0,2,10000,0,0,0,0,0,0
TF,INSAB,50.289722,18.853333,0, ,0.0,0.0,0.0,0.0,0,0,0,0,0,0,0,0
TF,NOVGA,50.315000,18.461667,0, ,0.0,0.0,0.0,0.0,0,0,0,0,0,0,0,0
TF,EMBIK,50.208056,18.103056,0, ,0.0,0.0,0.0,0.0,0,0,0,0,0,0,0,0

SID,EMBI3J,25,5
CF,KK599,50.057139,19.637778,0,KAK,252.7,5.9,252.0,5.2,2,3000,0,1,230,0,0,0
TF,KK602,50.066917,19.404167,0, ,0.0,0.0,0.0,0.0,2,6000,0,0,0,0,0,0
TF,KK603,50.114306,19.215556,0, ,0.0,0.0,0.0,0.0,0,0,0,0,0,0,0,0
TF,KK604,50.190278,18.909778,0, ,0.0,0.0,0.0,0.0,2,10000,0,0,0,0,0,0
TF,IVMEM,50.195361,18.612417,0, ,0.0,0.0,0.0,0.0,0,0,0,0,0,0,0,0
TF,EMBIK,50.208056,18.103056,0, ,0.0,0.0,0.0,0.0,0,0,0,0,0,0,0,0

SID,LUXA2F,07,5
CF,KK801,50.097944,19.930806,0,KAK,70.8,5.7,72.0,5.2,2,3000,0,1,230,0,0,0
TF,KK808,50.170528,20.467194,0, ,0.0,0.0,0.0,0.0,2,10000,0,0,0,0,0,0
TF,LUXAR,49.930000,21.175278,0, ,0.0,0.0,0.0,0.0,0,0,0,0,0,0,0,0

SID,LUXA3J,25,5
CF,KK599,50.057139,19.637778,0,KAK,252.7,5.9,252.0,5.2,2,3000,0,1,230,0,0,0
TF,KK621,49.858833,19.576833,0, ,0.0,0.0,0.0,0.0,2,6500,0,0,0,0,0,0
TF,KK622,49.760000,19.792222,0, ,0.0,0.0,0.0,0.0,0,0,0,0,0,0,0,0
TF,KK626,49.838694,20.414611,0, ,0.0,0.0,0.0,0.0,2,11000,0,0,0,0,0,0
TF,LUXAR,49.930000,21.175278,0, ,0.0,0.0,0.0,0.0,0,0,0,0,0,0,0,0

SID,NAVU2F,07,5
CF,KK801,50.097944,19.930806,0,KAK,70.8,5.7,72.0,5.2,2,3000,0,1,230,0,0,0
TF,KK802,50.247056,19.934889,0, ,0.0,0.0,0.0,0.0,2,6000,0,0,0,0,0,0
TF,KK803,50.467111,19.909833,0, ,0.0,0.0,0.0,0.0,0,0,0,0,0,0,0,0
TF,KK804,50.581306,19.910083,0, ,0.0,0.0,0.0,0.0,2,10000,0,0,0,0,0,0
TF,KK806,50.835778,19.910694,0, ,0.0,0.0,0.0,0.0,2,13000,0,0,0,0,0,0
TF,NAVUR,51.013056,19.911111,0, ,0.0,0.0,0.0,0.0,0,0,0,0,0,0,0,0

SID,NAVU3J,25,5
CF,KK599,50.057139,19.637778,0,KAK,252.7,5.9,252.0,5.2,2,3000,0,1,230,0,0,0
TF,KK606,50.138833,19.610000,0, ,0.0,0.0,0.0,0.0,2,4000,0,0,0,0,0,0
TF,KK611,50.317861,19.768583,0, ,0.0,0.0,0.0,0.0,2,6500,0,0,0,0,0,0
TF,KK612,50.550278,19.720250,0, ,0.0,0.0,0.0,0.0,0,0,0,0,0,0,0,0
TF,KK613,50.671778,19.669778,0, ,0.0,0.0,0.0,0.0,2,10000,0,0,0,0,0,0
TF,LOBMU,50.770861,19.628444,0, ,0.0,0.0,0.0,0.0,0,0,0,0,0,0,0,0
TF,NAVUR,51.013056,19.911111,0, ,0.0,0.0,0.0,0.0,0,0,0,0,0,0,0,0

SID,NUMB2F,07,5
CF,KK801,50.097944,19.930806,0,KAK,70.8,5.7,72.0,5.2,2,3000,0,1,230,0,0,0
TF,KK802,50.247056,19.934889,0, ,0.0,0.0,0.0,0.0,2,6000,0,0,0,0,0,0
TF,KK807,50.317861,19.768583,0, ,0.0,0.0,0.0,0.0,0,0,0,0,0,0,0,0
TF,LIGDI,50.300833,19.553611,0, ,0.0,0.0,0.0,0.0,0,0,0,0,0,0,0,0
TF,ELVEP,50.300000,19.161389,0, ,0.0,0.0,0.0,0.0,2,10000,0,0,0,0,0,0
TF,INSAB,50.289722,18.853333,0, ,0.0,0.0,0.0,0.0,0,0,0,0,0,0,0,0
TF,NOVGA,50.315000,18.461667,0, ,0.0,0.0,0.0,0.0,0,0,0,0,0,0,0,0
TF,NUMBA,50.375556,18.108611,0, ,0.0,0.0,0.0,0.0,0,0,0,0,0,0,0,0

SID,NUMB3J,25,5
CF,KK599,50.057139,19.637778,0,KAK,252.7,5.9,252.0,5.2,2,3000,0,1,230,0,0,0
TF,KK602,50.066917,19.404167,0, ,0.0,0.0,0.0,0.0,2,6000,0,0,0,0,0,0
TF,KK603,50.114306,19.215556,0, ,0.0,0.0,0.0,0.0,0,0,0,0,0,0,0,0
TF,KK604,50.190278,18.909778,0, ,0.0,0.0,0.0,0.0,2,10000,0,0,0,0,0,0
TF,OLNAG,50.403194,18.474417,0, ,0.0,0.0,0.0,0.0,0,0,0,0,0,0,0,0
TF,NUMBA,50.375556,18.108611,0, ,0.0,0.0,0.0,0.0,0,0,0,0,0,0,0,0

SID,POBO2F,07,5
CF,KK801,50.097944,19.930806,0,KAK,70.8,5.7,72.0,5.2,2,3000,0,1,230,0,0,0
TF,KK802,50.247056,19.934889,0, ,0.0,0.0,0.0,0.0,2,6000,0,0,0,0,0,0
TF,INPIV,50.465278,20.045556,0, ,0.0,0.0,0.0,0.0,2,8000,0,0,0,0,0,0
TF,POBOK,50.583056,20.218889,0, ,0.0,0.0,0.0,0.0,0,0,0,0,0,0,0,0

SID,POBO3J,25,5
CF,KK599,50.057139,19.637778,0,KAK,252.7,5.9,252.0,5.2,2,3000,0,1,230,0,0,0
TF,KK606,50.138833,19.610000,0, ,0.0,0.0,0.0,0.0,2,4000,0,0,0,0,0,0
TF,KK611,50.317861,19.768583,0, ,0.0,0.0,0.0,0.0,2,6500,0,0,0,0,0,0
TF,KK612,50.550278,19.720250,0, ,0.0,0.0,0.0,0.0,0,0,0,0,0,0,0,0
TF,POBOK,50.583056,20.218889,0, ,0.0,0.0,0.0,0.0,2,12000,0,0,0,0,0,0

SID,REGT1F,07,5
CF,KK801,50.097944,19.930806,0,KAK,70.8,5.7,72.0,5.2,2,3000,0,1,230,0,0,0
TF,KK812,49.966722,19.995361,0, ,0.0,0.0,0.0,0.0,2,6000,0,0,0,0,0,0
TF,KK813,49.860972,20.028833,0, ,0.0,0.0,0.0,0.0,2,9000,0,0,0,0,0,0
TF,KK818,49.691444,20.266500,0, ,0.0,0.0,0.0,0.0,2,14000,0,0,0,0,0,0
TF,KK819,49.600083,20.393611,0, ,0.0,0.0,0.0,0.0,2,17000,0,0,0,0,0,0
TF,REGTO,49.403611,20.664722,0, ,0.0,0.0,0.0,0.0,0,0,0,0,0,0,0,0

SID,REGT1J,25,5
CF,KK599,50.057139,19.637778,0,KAK,252.7,5.9,252.0,5.2,2,3000,0,1,230,0,0,0
TF,KK621,49.858833,19.576833,0, ,0.0,0.0,0.0,0.0,2,6500,0,0,0,0,0,0
TF,KK622,49.760000,19.792222,0, ,0.0,0.0,0.0,0.0,0,0,0,0,0,0,0,0
TF,KK623,49.653944,20.054917,0, ,0.0,0.0,0.0,0.0,2,14000,0,0,0,0,0,0
TF,KK624,49.586667,20.220194,0, ,0.0,0.0,0.0,0.0,2,17000,0,0,0,0,0,0
TF,REGTO,49.403611,20.664722,0, ,0.0,0.0,0.0,0.0,0,0,0,0,0,0,0,0

SID,SUDO2F,07,5
CF,KK801,50.097944,19.930806,0,KAK,70.8,5.7,72.0,5.2,2,3000,0,1,230,0,0,0
TF,KK802,50.247056,19.934889,0, ,0.0,0.0,0.0,0.0,2,6000,0,0,0,0,0,0
TF,KK807,50.317861,19.768583,0, ,0.0,0.0,0.0,0.0,0,0,0,0,0,0,0,0
TF,LIGDI,50.300833,19.553611,0, ,0.0,0.0,0.0,0.0,0,0,0,0,0,0,0,0
TF,ELVEP,50.300000,19.161389,0, ,0.0,0.0,0.0,0.0,2,10000,0,0,0,0,0,0
TF,INSAB,50.289722,18.853333,0, ,0.0,0.0,0.0,0.0,0,0,0,0,0,0,0,0
TF,NOVGA,50.315000,18.461667,0, ,0.0,0.0,0.0,0.0,0,0,0,0,0,0,0,0
TF,SUDOL,50.653333,18.411667,0, ,0.0,0.0,0.0,0.0,0,0,0,0,0,0,0,0

SID,SUDO3J,25,5
CF,KK599,50.057139,19.637778,0,KAK,252.7,5.9,252.0,5.2,2,3000,0,1,230,0,0,0
TF,KK602,50.066917,19.404167,0, ,0.0,0.0,0.0,0.0,2,6000,0,0,0,0,0,0
TF,KK603,50.114306,19.215556,0, ,0.0,0.0,0.0,0.0,0,0,0,0,0,0,0,0
TF,KK604,50.190278,18.909778,0, ,0.0,0.0,0.0,0.0,2,10000,0,0,0,0,0,0
TF,OLNAG,50.403194,18.474417,0, ,0.0,0.0,0.0,0.0,0,0,0,0,0,0,0,0
TF,SUDOL,50.653333,18.411667,0, ,0.0,0.0,0.0,0.0,0,0,0,0,0,0,0,0

SID,TUSI2F,07,5
CF,KK801,50.097944,19.930806,0,KAK,70.8,5.7,72.0,5.2,2,3000,0,1,230,0,0,0
TF,KK812,49.966722,19.995361,0, ,0.0,0.0,0.0,0.0,2,6000,0,0,0,0,0,0
TF,KK813,49.860972,20.028833,0, ,0.0,0.0,0.0,0.0,2,9000,0,0,0,0,0,0
TF,KK728,49.783861,19.719361,0, ,0.0,0.0,0.0,0.0,2,11000,0,0,0,0,0,0
TF,KK816,49.745111,19.565472,0, ,0.0,0.0,0.0,0.0,0,0,0,0,0,0,0,0
TF,KK817,49.769000,19.341389,0, ,0.0,0.0,0.0,0.0,0,0,0,0,0,0,0,0
TF,TUSIN,49.847494,18.572836,0, ,0.0,0.0,0.0,0.0,0,0,0,0,0,0,0,0

SID,TUSI3J,25,5
CF,KK599,50.057139,19.637778,0,KAK,252.7,5.9,252.0,5.2,2,3000,0,1,230,0,0,0
TF,KK621,49.858833,19.576833,0, ,0.0,0.0,0.0,0.0,2,6500,0,0,0,0,0,0
TF,KK617,49.868806,19.194972,0, ,0.0,0.0,0.0,0.0,2,13000,0,0,0,0,0,0
TF,TUSIN,49.847494,18.572836,0, ,0.0,0.0,0.0,0.0,0,0,0,0,0,0,0,0

STAR,BARE1H,07,5
IF,BAREX,50.894444,18.738333, ,0.0,0.0,0,0,0,0,0,0,0,0
TF,XONRA,50.745556,18.805833,0, ,0.0,0.0,0.0,0.0,0,0,0,0,0,0,0,0
TF,INPUM,50.651111,18.853056,0, ,0.0,0.0,0.0,0.0,0,0,0,0,0,0,0,0
TF,ODSOB,50.386111,19.032222,0, ,0.0,0.0,0.0,0.0,2,11000,0,0,0,0,0,0
TF,KK708,50.273639,19.341611,0, ,0.0,0.0,0.0,0.0,0,0,0,0,0,0,0,0
TF,KK707,50.215361,19.500833,0, ,0.0,0.0,0.0,0.0,2,9000,0,0,0,0,0,0
TF,KK706,50.132222,19.529361,0, ,0.0,0.0,0.0,0.0,0,0,0,0,0,0,0,0
TF,KK704,50.114250,19.402889,0, ,0.0,0.0,0.0,0.0,0,0,0,0,0,0,0,0
TF,KK703,50.096167,19.276556,0, ,0.0,0.0,0.0,0.0,0,0,0,1,220,0,0,0
TF,KK702,50.010028,19.306417,0, ,0.0,0.0,0.0,0.0,0,0,0,1,220,0,0,0

STAR,BARE2G,25,5
IF,BAREX,50.894444,18.738333, ,0.0,0.0,0,0,0,0,0,0,0,0
TF,XONRA,50.745556,18.805833,0, ,0.0,0.0,0.0,0.0,0,0,0,0,0,0,0,0
TF,ASTUD,50.562778,18.888333,0, ,0.0,0.0,0.0,0.0,0,0,0,0,0,0,0,0
TF,ODSOB,50.386111,19.032222,0, ,0.0,0.0,0.0,0.0,2,11000,0,0,0,0,0,0
TF,KK509,50.190944,19.566333,0, ,0.0,0.0,0.0,0.0,0,0,0,0,0,0,0,0
TF,KK508,50.152167,19.671194,0, ,0.0,0.0,0.0,0.0,0,0,0,0,0,0,0,0
TF,KK507,50.177722,19.854833,0, ,0.0,0.0,0.0,0.0,0,0,0,0,0,0,0,0
TF,KK506,50.195194,19.981611,0, ,0.0,0.0,0.0,0.0,0,0,0,0,0,0,0,0
TF,KK504,50.212500,20.108472,0, ,0.0,0.0,0.0,0.0,0,0,0,0,0,0,0,0
TF,KK503,50.229667,20.235444,0, ,0.0,0.0,0.0,0.0,0,0,0,1,220,0,0,0
TF,KK502,50.143306,20.263694,0, ,0.0,0.0,0.0,0.0,2,5000,0,1,220,0,0,0

STAR,GOVR1H,07,5
IF,GOVRI,50.107028,21.031667, ,0.0,0.0,0,0,0,0,0,0,0,0
TF,XENGO,50.268056,20.464167,0, ,0.0,0.0,0.0,0.0,2,10000,0,0,0,0,0,0
TF,KK714,50.190250,19.933333,0, ,0.0,0.0,0.0,0.0,0,0,0,0,0,0,0,0
TF,KK712,50.168250,19.786500,0, ,0.0,0.0,0.0,0.0,2,9000,0,0,0,0,0,0
TF,KK706,50.132222,19.529361,0, ,0.0,0.0,0.0,0.0,0,0,0,0,0,0,0,0
TF,KK704,50.114250,19.402889,0, ,0.0,0.0,0.0,0.0,0,0,0,0,0,0,0,0
TF,KK703,50.096167,19.276556,0, ,0.0,0.0,0.0,0.0,0,0,0,1,220,0,0,0
TF,KK702,50.010028,19.306417,0, ,0.0,0.0,0.0,0.0,0,0,0,1,220,0,0,0

STAR,GOVR2G,25,5
IF,GOVRI,50.107028,21.031667, ,0.0,0.0,0,0,0,0,0,0,0,0
TF,KK529,49.987500,20.446222,0, ,0.0,0.0,0.0,0.0,0,0,0,0,0,0,0,0
TF,KK528,49.970556,20.319833,0, ,0.0,0.0,0.0,0.0,0,0,0,0,0,0,0,0
TF,KK527,49.953472,20.193528,0, ,0.0,0.0,0.0,0.0,2,6000,0,1,220,0,0,0
TF,KK517,50.039833,20.165278,0, ,0.0,0.0,0.0,0.0,0,0,0,1,220,0,0,0
TF,KK516,50.056944,20.291806,0, ,0.0,0.0,0.0,0.0,0,0,0,1,220,0,0,0
TF,KK514,50.073917,20.418417,0, ,0.0,0.0,0.0,0.0,0,0,0,1,220,0,0,0
TF,KK513,50.160306,20.390528,0, ,0.0,0.0,0.0,0.0,0,0,0,1,220,0,0,0
TF,KK502,50.143306,20.263694,0, ,0.0,0.0,0.0,0.0,2,5000,0,1,220,0,0,0

STAR,KUKA1H,07,5
IF,KUKAM,50.806111,20.060556, ,0.0,0.0,0,0,0,0,0,0,0,0
TF,UPMAK,50.690278,19.723611,0, ,0.0,0.0,0.0,0.0,2,10000,0,0,0,0,0,0
TF,ULNOD,50.300278,19.770556,0, ,0.0,0.0,0.0,0.0,0,0,0,0,0,0,0,0
TF,KK712,50.168250,19.786500,0, ,0.0,0.0,0.0,0.0,2,9000,0,0,0,0,0,0
TF,KK706,50.132222,19.529361,0, ,0.0,0.0,0.0,0.0,0,0,0,0,0,0,0,0
TF,KK704,50.114250,19.402889,0, ,0.0,0.0,0.0,0.0,0,0,0,0,0,0,0,0
TF,KK703,50.096167,19.276556,0, ,0.0,0.0,0.0,0.0,0,0,0,1,220,0,0,0
TF,KK702,50.010028,19.306417,0, ,0.0,0.0,0.0,0.0,0,0,0,1,220,0,0,0

STAR,KUKA2G,25,5
IF,KUKAM,50.806111,20.060556, ,0.0,0.0,0,0,0,0,0,0,0,0
TF,KK512,50.571028,20.031889,0, ,0.0,0.0,0.0,0.0,2,6000,0,0,0,0,0,0
TF,KK504,50.212500,20.108472,0, ,0.0,0.0,0.0,0.0,0,0,0,1,220,0,0,0
TF,KK503,50.229667,20.235444,0, ,0.0,0.0,0.0,0.0,0,0,0,1,220,0,0,0
TF,KK502,50.143306,20.263694,0, ,0.0,0.0,0.0,0.0,2,5000,0,1,220,0,0,0

STAR,LENO1H,07,5
IF,LENOV,49.336389,21.010278, ,0.0,0.0,0,0,0,0,0,0,0,0
TF,MODGU,49.746111,20.416111,0, ,0.0,0.0,0.0,0.0,2,12000,0,0,0,0,0,0
TF,ERPOK,49.950000,20.115278,0, ,0.0,0.0,0.0,0.0,0,0,0,0,0,0,0,0
TF,KK721,50.013056,19.969639,0, ,0.0,0.0,0.0,0.0,0,0,0,0,0,0,0,0
TF,KK719,49.977583,19.714278,0, ,0.0,0.0,0.0,0.0,2,9000,0,0,0,0,0,0
TF,KK718,49.959833,19.588167,0, ,0.0,0.0,0.0,0.0,0,0,0,0,0,0,0,0
TF,KK717,49.941944,19.462139,0, ,0.0,0.0,0.0,0.0,0,0,0,1,220,0,0,0

STAR,LENO2G,25,5
IF,LENOV,49.336389,21.010278, ,0.0,0.0,0,0,0,0,0,0,0,0
TF,ERKEB,49.573333,20.806944,0, ,0.0,0.0,0.0,0.0,0,0,0,0,0,0,0,0
TF,ASGID,49.864944,20.553722,0, ,0.0,0.0,0.0,0.0,2,11000,0,0,0,0,0,0
TF,KK529,49.987500,20.446222,0, ,0.0,0.0,0.0,0.0,0,0,0,0,0,0,0,0
TF,KK528,49.970556,20.319833,0, ,0.0,0.0,0.0,0.0,0,0,0,0,0,0,0,0
TF,KK527,49.953472,20.193528,0, ,0.0,0.0,0.0,0.0,2,6000,0,1,220,0,0,0
TF,KK517,50.039833,20.165278,0, ,0.0,0.0,0.0,0.0,0,0,0,1,220,0,0,0
TF,KK516,50.056944,20.291806,0, ,0.0,0.0,0.0,0.0,0,0,0,1,220,0,0,0
TF,KK514,50.073917,20.418417,0, ,0.0,0.0,0.0,0.0,0,0,0,1,220,0,0,0
TF,KK513,50.160306,20.390528,0, ,0.0,0.0,0.0,0.0,0,0,0,1,220,0,0,0
TF,KK502,50.143306,20.263694,0, ,0.0,0.0,0.0,0.0,2,5000,0,1,220,0,0,0

STAR,MAPI1H,07,5
IF,MAPIK,50.526111,18.247500, ,0.0,0.0,0,0,0,0,0,0,0,0
TF,ODSOB,50.386111,19.032222,0, ,0.0,0.0,0.0,0.0,2,11000,0,0,0,0,0,0
TF,KK708,50.273639,19.341611,0, ,0.0,0.0,0.0,0.0,0,0,0,0,0,0,0,0
TF,KK707,50.215361,19.500833,0, ,0.0,0.0,0.0,0.0,2,9000,0,0,0,0,0,0
TF,KK706,50.132222,19.529361,0, ,0.0,0.0,0.0,0.0,0,0,0,0,0,0,0,0
TF,KK704,50.114250,19.402889,0, ,0.0,0.0,0.0,0.0,0,0,0,0,0,0,0,0
TF,KK703,50.096167,19.276556,0, ,0.0,0.0,0.0,0.0,0,0,0,1,220,0,0,0
TF,KK702,50.010028,19.306417,0, ,0.0,0.0,0.0,0.0,0,0,0,1,220,0,0,0

STAR,MAPI2G,25,5
IF,MAPIK,50.526111,18.247500, ,0.0,0.0,0,0,0,0,0,0,0,0
TF,KK511,50.474944,18.538361,0, ,0.0,0.0,0.0,0.0,0,0,0,0,0,0,0,0
TF,ODSOB,50.386111,19.032222,0, ,0.0,0.0,0.0,0.0,2,11000,0,0,0,0,0,0
TF,KK509,50.190944,19.566333,0, ,0.0,0.0,0.0,0.0,0,0,0,0,0,0,0,0
TF,KK508,50.152167,19.671194,0, ,0.0,0.0,0.0,0.0,0,0,0,0,0,0,0,0
TF,KK507,50.177722,19.854833,0, ,0.0,0.0,0.0,0.0,0,0,0,0,0,0,0,0
TF,KK506,50.195194,19.981611,0, ,0.0,0.0,0.0,0.0,0,0,0,0,0,0,0,0
TF,KK504,50.212500,20.108472,0, ,0.0,0.0,0.0,0.0,0,0,0,0,0,0,0,0
TF,KK503,50.229667,20.235444,0, ,0.0,0.0,0.0,0.0,0,0,0,1,220,0,0,0
TF,KK502,50.143306,20.263694,0, ,0.0,0.0,0.0,0.0,2,5000,0,1,220,0,0,0

STAR,MEBA1H,07,5
IF,MEBAN,49.455000,19.646667, ,0.0,0.0,0,0,0,0,0,0,0,0
TF,EMKUX,49.654167,19.690556,0, ,0.0,0.0,0.0,0.0,2,12000,0,0,0,0,0,0
TF,KK728,49.783861,19.719361,0, ,0.0,0.0,0.0,0.0,0,0,0,0,0,0,0,0
TF,UVRET,49.891389,19.743333,0, ,0.0,0.0,0.0,0.0,0,0,0,0,0,0,0,0
TF,KK719,49.977583,19.714278,0, ,0.0,0.0,0.0,0.0,2,9000,0,0,0,0,0,0
TF,KK718,49.959833,19.588167,0, ,0.0,0.0,0.0,0.0,0,0,0,0,0,0,0,0
TF,KK717,49.941944,19.462139,0, ,0.0,0.0,0.0,0.0,0,0,0,1,220,0,0,0

STAR,MEBA2G,25,5
IF,MEBAN,49.455000,19.646667, ,0.0,0.0,0,0,0,0,0,0,0,0
TF,EMKUX,49.654167,19.690556,0, ,0.0,0.0,0.0,0.0,2,13000,0,0,0,0,0,0
TF,UVRET,49.891389,19.743333,0, ,0.0,0.0,0.0,0.0,2,6000,0,0,0,0,0,0
TF,KK532,49.956556,19.769472,0, ,0.0,0.0,0.0,0.0,0,0,0,0,0,0,0,0
TF,KK518,50.022556,20.038861,0, ,0.0,0.0,0.0,0.0,0,0,0,0,0,0,0,0
TF,KK517,50.039833,20.165278,0, ,0.0,0.0,0.0,0.0,0,0,0,0,0,0,0,0
TF,KK516,50.056944,20.291806,0, ,0.0,0.0,0.0,0.0,0,0,0,0,0,0,0,0
TF,KK514,50.073917,20.418417,0, ,0.0,0.0,0.0,0.0,0,0,0,1,220,0,0,0
TF,KK513,50.160306,20.390528,0, ,0.0,0.0,0.0,0.0,0,0,0,1,220,0,0,0
TF,KK502,50.143306,20.263694,0, ,0.0,0.0,0.0,0.0,2,5000,0,1,220,0,0,0

STAR,NETI1H,07,5
IF,NETIR,49.694664,18.708997, ,0.0,0.0,0,0,0,0,0,0,0,0
TF,KK727,49.917944,18.792083,0, ,0.0,0.0,0.0,0.0,0,0,0,0,0,0,0,0
TF,KK726,49.883611,19.336806,0, ,0.0,0.0,0.0,0.0,2,10000,0,0,0,0,0,0
TF,KK724,49.855750,19.491611,0, ,0.0,0.0,0.0,0.0,0,0,0,0,0,0,0,0
TF,KK723,49.873639,19.617389,0, ,0.0,0.0,0.0,0.0,0,0,0,0,0,0,0,0
TF,UVRET,49.891389,19.743333,0, ,0.0,0.0,0.0,0.0,0,0,0,0,0,0,0,0
TF,KK719,49.977583,19.714278,0, ,0.0,0.0,0.0,0.0,2,9000,0,0,0,0,0,0
TF,KK718,49.959833,19.588167,0, ,0.0,0.0,0.0,0.0,0,0,0,0,0,0,0,0
TF,KK717,49.941944,19.462139,0, ,0.0,0.0,0.0,0.0,0,0,0,1,220,0,0,0

STAR,NETI2G,25,5
IF,NETIR,49.694664,18.708997, ,0.0,0.0,0,0,0,0,0,0,0,0
TF,KK526,49.954833,18.805833,0, ,0.0,0.0,0.0,0.0,2,12000,0,0,0,0,0,0
TF,KK532,49.956556,19.769472,0, ,0.0,0.0,0.0,0.0,0,0,0,0,0,0,0,0
TF,KK518,50.022556,20.038861,0, ,0.0,0.0,0.0,0.0,0,0,0,0,0,0,0,0
TF,KK517,50.039833,20.165278,0, ,0.0,0.0,0.0,0.0,0,0,0,0,0,0,0,0
TF,KK516,50.056944,20.291806,0, ,0.0,0.0,0.0,0.0,0,0,0,0,0,0,0,0
TF,KK514,50.073917,20.418417,0, ,0.0,0.0,0.0,0.0,0,0,0,1,220,0,0,0
TF,KK513,50.160306,20.390528,0, ,0.0,0.0,0.0,0.0,0,0,0,1,220,0,0,0
TF,KK502,50.143306,20.263694,0, ,0.0,0.0,0.0,0.0,2,5000,0,1,220,0,0,0

STAR,PADK1H,07,5
IF,PADKA,49.933883,18.283269, ,0.0,0.0,0,0,0,0,0,0,0,0
TF,KK727,49.917944,18.792083,0, ,0.0,0.0,0.0,0.0,0,0,0,0,0,0,0,0
TF,KK726,49.883611,19.336806,0, ,0.0,0.0,0.0,0.0,2,10000,0,0,0,0,0,0
TF,KK724,49.855750,19.491611,0, ,0.0,0.0,0.0,0.0,0,0,0,0,0,0,0,0
TF,KK723,49.873639,19.617389,0, ,0.0,0.0,0.0,0.0,0,0,0,0,0,0,0,0
TF,UVRET,49.891389,19.743333,0, ,0.0,0.0,0.0,0.0,0,0,0,0,0,0,0,0
TF,KK719,49.977583,19.714278,0, ,0.0,0.0,0.0,0.0,2,9000,0,0,0,0,0,0
TF,KK718,49.959833,19.588167,0, ,0.0,0.0,0.0,0.0,0,0,0,0,0,0,0,0
TF,KK717,49.941944,19.462139,0, ,0.0,0.0,0.0,0.0,0,0,0,1,220,0,0,0

STAR,PADK2G,25,5
IF,PADKA,49.933883,18.283269, ,0.0,0.0,0,0,0,0,0,0,0,0
TF,KK526,49.954833,18.805833,0, ,0.0,0.0,0.0,0.0,2,12000,0,0,0,0,0,0
TF,KK532,49.956556,19.769472,0, ,0.0,0.0,0.0,0.0,0,0,0,0,0,0,0,0
TF,KK518,50.022556,20.038861,0, ,0.0,0.0,0.0,0.0,0,0,0,0,0,0,0,0
TF,KK517,50.039833,20.165278,0, ,0.0,0.0,0.0,0.0,0,0,0,0,0,0,0,0
TF,KK516,50.056944,20.291806,0, ,0.0,0.0,0.0,0.0,0,0,0,0,0,0,0,0
TF,KK514,50.073917,20.418417,0, ,0.0,0.0,0.0,0.0,0,0,0,1,220,0,0,0
TF,KK513,50.160306,20.390528,0, ,0.0,0.0,0.0,0.0,0,0,0,1,220,0,0,0
TF,KK502,50.143306,20.263694,0, ,0.0,0.0,0.0,0.0,2,5000,0,1,220,0,0,0

APPTR,D07,07,KK377
IF,KK377,50.027167,19.300500, ,0.0,0.0,0,0,0,0,0,0,1,0
CF,KK378,50.040333,19.428389,0,KAK,255.3,14.1,75.0,5.0,2,5000,0,0,0,0,1,0

FINAL,D07,07,D,5
IF,KK378,50.040333,19.428389,KAK,255.3,14.1,2,5000,0,0,0,0,0,0
CF,KK379,50.053417,19.556778,0,KAK,255.3,9.1,75.0,5.0,2,3000,0,0,0,0,0,0
CF,FD07,50.057306,19.595139,0,KAK,255.3,7.5,75.0,1.5,2,3000,0,0,0,0,2,0
CF,KK381,50.066333,19.685750,0,KAK,255.2,4.0,75.0,3.5,2,1870,0,0,0,0,0,0
CF,RW07,50.075397,19.768094,0,KAK,258.8,0.8,75.0,3.2,1,841,0,0,0,0,3,0
CF,KAK,50.076556,19.788000,0,KAK,0.0,0.0,75.0,0.8,0,0,0,0,0,0,0,1
VM,0,0,0,75.0,1,4000,0,0,0,0,0,0

APPTR,D25,25,KK356
IF,KK356,50.164722,20.256694, ,0.0,0.0,0,0,0,0,0,0,1,0
CF,KK372,50.141472,20.131889,0,KAK,67.5,13.8,248.0,5.0,2,4000,0,0,0,0,1,0

FINAL,D25,25,D,4
IF,KK372,50.141472,20.131889,KAK,67.5,13.8,2,4000,0,0,0,0,0,0
CF,KK373,50.118000,20.006778,0,KAK,67.5,8.8,248.0,5.0,2,3000,0,0,0,0,0,0
CF,FD25,50.110889,19.969222,0,KAK,67.5,7.3,248.0,1.5,2,3000,0,0,0,0,2,0
CF,RW25,50.079792,19.799658,0,KAK,60.7,0.5,248.0,6.8,1,829,0,0,0,0,3,0
CF,KAK,50.076556,19.788000,0,KAK,0.0,0.0,248.0,0.5,0,0,0,0,0,0,0,1
CF,KK386,50.020361,19.495639,0,KAK,247.5,11.8,248.0,11.8,0,0,0,0,0,0,0,1
VM,0,0,2,339.0,1,4000,0,1,220,0,0,0

APPTR,I25,25,KK502
IF,KK502,50.143306,20.263694, ,0.0,0.0,0,0,0,0,0,0,1,0
CF,KK501,50.126167,20.136944,0,KAK,71.4,13.8,252.0,5.0,2,4000,0,0,0,0,1,0
CF,VAXOB,50.108861,20.010278,0,KRW,71.8,9.7,252.0,5.0,2,3000,0,0,0,0,0,0

FINAL,I25,25,I,3
IF,VAXOB,50.108861,20.010278,KRW,71.8,9.7,2,3000,0,0,0,0,0,0
CF,KK371,50.103667,19.972167,0,KRW,71.8,8.2,252.0,1.5,1,3000,0,0,0,0,2,0
CF,RW25,50.079792,19.799658,0,KRW,71.8,1.4,252.0,6.8,1,829,0,0,0,0,3,0
CF,KK383,50.033667,19.471694,0,KAK,252.2,12.5,252.0,13.0,0,0,0,0,0,0,0,1
VM,0,0,2,346.0,1,4000,0,1,220,0,0,0

APPTR,R07,07,KK702
IF,KK702,50.010028,19.306417, ,0.0,0.0,0,0,0,1,220,0,1,0
TF,KK701,50.028111,19.432583,0, ,0.0,0.0,0.0,0.0,2,5000,0,1,220,0,1,0

APPTR,R07,07,KK717
IF,KK717,49.941944,19.462139, ,0.0,0.0,0,0,0,1,220,0,1,0
TF,KK701,50.028111,19.432583,0, ,0.0,0.0,0.0,0.0,2,5000,0,1,220,0,1,0

FINAL,R07,07,R,4
IF,KK701,50.028111,19.432583, ,0.0,0.0,2,5000,0,0,0,0,0,0
TF,IXUVI,50.046028,19.558806,0, ,0.0,0.0,72.0,5.0,2,3000,0,0,0,0,0,0
TF,KK592,50.051389,19.596722,0, ,0.0,0.0,72.0,1.5,2,3000,0,0,0,0,2,0
TF,RW07,50.075397,19.768094,0, ,0.0,0.0,72.0,6.8,1,841,0,0,0,0,3,1
CF,KK597,50.148056,20.299111,0,KAK,71.5,20.2,72.0,21.0,2,4000,0,0,0,0,0,1

APPTR,R25,25,KK502
IF,KK502,50.143306,20.263694, ,0.0,0.0,2,5000,0,0,0,0,1,0
TF,KK501,50.126167,20.136944,0, ,0.0,0.0,0.0,0.0,2,4000,0,0,0,0,1,0

FINAL,R25,25,R,4
IF,KK501,50.126167,20.136944, ,0.0,0.0,2,4000,0,0,0,0,0,0
TF,VAXOB,50.108861,20.010278,0, ,0.0,0.0,252.0,5.0,2,3000,0,0,0,0,0,0
TF,KK371,50.103667,19.972167,0, ,0.0,0.0,252.0,1.5,2,3000,0,0,0,0,2,0
TF,RW25,50.079792,19.799658,0, ,0.0,0.0,252.0,6.8,1,829,0,0,0,0,3,1
CF,KK493,50.035139,19.481889,0,KAK,252.3,12.1,252.0,12.6,0,0,0,1,220,0,0,1
DF,KK494,50.178000,19.343000,0, ,0.0,0.0,2,4000,0,1,220,0,0,0

