APPTR,I28-Y,28,D186O
IF,D186O,51.305675,19.095397, ,0.0,0.0,0,0,0,0,0,0,1,0
CI,0, ,0.0,6.0,0,0,0,0,0,0,0,0
AF,D116L,51.443775,19.449303,1,TAS,116.0,12.0,186.0,2,3000,0,0,0,0,0,0
CI,0,IAS,0.0,326.0,0,0,0,0,0,0,0,0

FINAL,I28-Y,28,I,3
IF,CI28Y,51.491503,19.484458,IAS,101.4,12.9,2,3000,0,0,0,0,0,0
CF,FI28,51.521944,19.330556,0,IAS,101.4,6.9,281.0,6.1,1,2300,0,0,0,0,2,0
CF,RW28,51.546964,19.203139,0,IAS,101.4,1.8,281.0,5.0,1,681,0,0,0,0,3,0
FA,RW28,51.546964,19.203139,0,TAS,0.0,0.0,281.0,2,3000,0,0,0,0,0,0
CI,1, ,0.0,156.0,0,0,0,1,220,0,0,0
CF,D186O,51.305675,19.095397,0,TAS,186.0,15.0,186.0,6.0,1,4000,0,0,0,0,0,0

FINAL,I28-Z,28,I,3
IF,CI28Z,51.511883,19.381775,IAS,101.4,8.9,2,2300,0,0,0,0,0,0
CF,FI28,51.521944,19.330556,0,IAS,101.4,6.9,281.0,2.0,1,2300,0,0,0,0,2,0
CF,RW28,51.546964,19.203139,0,IAS,101.4,1.8,281.0,5.0,1,681,0,0,0,0,3,0
CA,0,281.0,2,3000,0,0,0,0,0,0
DF,TAS,51.549944,19.178222,1, ,0.0,0.0,0,0,0,1,220,0,0,0

APPTR,T10,10,D186O
IF,D186O,51.305675,19.095397, ,0.0,0.0,0,0,0,0,0,0,1,0
CI,0, ,0.0,6.0,0,0,0,0,0,0,0,0
AF,CT10,51.624394,18.880667,2,TAS,286.0,12.0,186.0,2,3000,0,0,0,0,1,0

FINAL,T10,10,D,3
IF,CT10,51.624394,18.880667,TAS,286.0,12.0,2,3000,0,0,0,0,0,0
CF,FT10,51.584722,19.037222,0,TAS,285.7,5.7,106.0,6.3,2,2300,0,0,0,0,2,0
CF,RW10,51.555022,19.161867,0,TAS,290.5,0.7,106.0,5.0,1,667,0,0,0,0,3,0
FA,RW10,51.555022,19.161867,0,TAS,0.0,0.0,106.0,2,3000,0,0,0,0,0,0
CI,2, ,0.0,216.0,0,0,0,1,220,0,0,0
CF,D186O,51.305675,19.095397,0,TAS,186.0,15.0,186.0,6.0,1,4000,0,0,0,0,0,0

APPTR,T28,28,D186O
IF,D186O,51.305675,19.095397, ,0.0,0.0,0,0,0,0,0,0,1,0
CI,0, ,0.0,6.0,0,0,0,0,0,0,0,0
AF,CT28,51.501208,19.488769,1,TAS,98.0,12.0,186.0,2,3000,0,0,0,0,1,0

FINAL,T28,28,D,3
IF,CT28,51.501208,19.488769,TAS,98.0,12.0,2,3000,0,0,0,0,0,0
CF,FT28,51.526389,19.332500,0,TAS,97.7,6.0,278.0,6.1,2,2300,0,0,0,0,2,0
CF,RW28,51.546964,19.203139,0,TAS,94.9,0.0,278.0,5.0,1,681,0,0,0,0,3,0
FA,RW28,51.546964,19.203139,0,TAS,0.0,0.0,278.0,2,3000,0,0,0,0,0,0
CI,1, ,0.0,156.0,0,0,0,1,220,0,0,0
CF,D186O,51.305675,19.095397,0,TAS,186.0,15.0,186.0,6.0,1,4000,0,0,0,0,0,0

