FINAL,I01,01,I,3
IF,CF01,58.265864,15.440014,CFE,192.3,9.1,2,2100,0,0,0,0,0,0
CF,FF01,58.297600,15.459908,0,CFE,192.3,7.1,12.0,2.0,1,2100,0,0,0,0,2,0
CF,RW01,58.386736,15.515994,0,CFE,192.3,1.4,12.0,5.6,1,301,0,0,0,0,3,0
FA,RW01,58.386736,15.515994,0,VSN,0.0,0.0,12.0,2,2500,0,0,0,0,0,0
VM,0,0,0,12.0,1,2500,0,0,0,0,0,0

FINAL,I19,19,I,3
IF,CF19,58.502308,15.589131,CFB,12.3,7.9,2,2100,0,0,0,0,0,0
CF,FF19,58.486531,15.579117,0,CFB,12.3,6.9,192.0,1.0,1,2100,0,0,0,0,2,0
CF,RW19,58.405606,15.527900,0,CFB,12.3,1.7,192.0,5.1,1,351,0,0,0,0,3,0
FA,RW19,58.405606,15.527900,0,VSN,0.0,0.0,192.0,2,2500,0,0,0,0,0,0
VM,0,0,0,192.0,1,2500,0,0,0,0,0,0

APPTR,N01-Y,01,LCF1
IF,LCF,58.321472,15.475611, ,0.0,0.0,0,0,0,0,0,0,1,0
HF,LCF,58.321472,15.475611,1, ,0.0,0.0,12.0,04.3,2,2100,0,0,0,0,0,0,0

APPTR,N01-Y,01,LCF2
IF,LCF,58.321472,15.475611, ,0.0,0.0,0,0,0,0,0,0,1,0
HF,LCF,58.321472,15.475611,1, ,0.0,0.0,12.0,04.3,2,2100,0,0,0,0,0,0,0

APPTR,N01-Y,01,LCF3
IF,LCF,58.321472,15.475611, ,0.0,0.0,0,0,0,0,0,0,1,0
HF,LCF,58.321472,15.475611,1, ,0.0,0.0,12.0,04.3,2,2100,0,0,0,0,0,0,0

FINAL,N01-Y,01,N,2
IF,LCF,58.321472,15.475611,LCF,0.0,0.0,2,1610,0,0,0,0,2,0
CF,RW01,58.386736,15.515994,0,LCF,0.0,0.0,12.0,4.1,1,301,0,0,0,0,3,0
FA,RW01,58.386736,15.515994,0,VSN,0.0,0.0,12.0,2,2500,0,0,0,0,0,0
VM,0,0,0,12.0,1,2500,0,0,0,0,0,0

APPTR,N01-Z,01,LCF
IF,LCF,58.321472,15.475611, ,0.0,0.0,0,0,0,0,0,0,1,0
HF,LCF,58.321472,15.475611,1, ,0.0,0.0,12.0,05.7,2,2100,0,1,230,0,0,0,0

FINAL,N01-Z,01,N,2
IF,FQ01,58.297372,15.460739,LCF,0.0,0.0,2,2100,0,0,0,0,2,0
CF,RW01,58.386736,15.515994,0,LCF,0.0,0.0,12.0,5.7,1,301,0,0,0,0,3,0
FA,RW01,58.386736,15.515994,0,VSN,0.0,0.0,12.0,2,2500,0,0,0,0,0,0
VM,0,0,0,12.0,1,2500,0,0,0,0,0,0

APPTR,Q19,19,SC
IF,SC,58.432611,15.552417, ,0.0,0.0,0,0,0,0,0,0,1,0
HF,SC,58.432611,15.552417,2, ,0.0,0.0,199.0,07,2,2100,0,1,200,0,0,0,0

FINAL,Q19,19,N,2
IF,FQ19,58.482631,15.596933,SC,0.0,0.0,2,2100,0,0,0,0,2,0
CF,RW19,58.405606,15.527900,0,CFB,0.0,0.2,199.0,5.1,1,351,0,0,0,0,3,0
CA,0,199.0,2,2500,0,0,0,0,0,0
VM,0,0,0,199.0,1,2500,0,0,0,0,0,0

APPTR,R01,01,CF550
IF,CF550,58.192444,15.560000, ,0.0,0.0,2,2100,0,0,0,0,1,0
TF,CF721,58.218556,15.410472,0, ,0.0,0.0,0.0,0.0,2,2100,0,1,210,0,1,0

APPTR,R01,01,CF722
IF,CF722,58.244472,15.260722, ,0.0,0.0,2,2700,0,0,0,0,1,0
TF,CF721,58.218556,15.410472,0, ,0.0,0.0,0.0,0.0,2,2100,0,1,210,0,1,0

APPTR,R01,01,CF723
IF,CF723,58.171167,15.380917, ,0.0,0.0,2,3000,0,0,0,0,1,0
TF,CF721,58.218556,15.410472,0, ,0.0,0.0,0.0,0.0,2,2100,0,0,0,0,1,0

FINAL,R01,01,R,3
IF,CF721,58.218556,15.410472, ,0.0,0.0,2,2100,0,0,0,0,0,0
TF,CF720,58.297500,15.459861,0, ,0.0,0.0,12.0,5.0,1,2100,0,0,0,0,2,0
TF,RW01,58.386736,15.515994,0, ,0.0,0.0,12.0,5.7,1,301,0,0,0,0,3,1
CA,0,12.0,2,2500,0,0,0,0,0,0
VM,0,0,0,12.0,1,2500,0,0,0,0,0,0

APPTR,R19,19,CF532
IF,CF532,58.539417,15.780361, ,0.0,0.0,2,2100,0,0,0,0,1,0
TF,CF531,58.565778,15.629500,0, ,0.0,0.0,0.0,0.0,2,2100,0,1,210,0,1,0

APPTR,R19,19,CF533
IF,CF533,58.613111,15.659722, ,0.0,0.0,2,2700,0,0,0,0,1,0
TF,CF531,58.565778,15.629500,0, ,0.0,0.0,0.0,0.0,2,2100,0,0,0,0,1,0

APPTR,R19,19,CF850
IF,CF850,58.591972,15.478444, ,0.0,0.0,2,2700,0,0,0,0,1,0
TF,CF531,58.565778,15.629500,0, ,0.0,0.0,0.0,0.0,2,2100,0,1,210,0,1,0

FINAL,R19,19,R,3
IF,CF531,58.565778,15.629500, ,0.0,0.0,2,2100,0,0,0,0,0,0
TF,CF530,58.486889,15.579361,0, ,0.0,0.0,192.0,5.0,1,2100,0,0,0,0,2,0
TF,RW19,58.405606,15.527900,0, ,0.0,0.0,192.0,5.2,1,351,0,0,0,0,3,1
CA,0,192.0,2,2500,0,0,0,0,0,0
VM,0,0,0,192.0,1,2500,0,0,0,0,0,0

