FINAL,I21,21,I,3
IF,CF21,60.017653,17.746125,CM,28.2,9.1,2,2000,0,0,0,0,0,0
CF,FF21,59.989872,17.709658,0,CM,28.2,7.1,208.0,2.0,1,2000,0,0,0,0,2,0
CF,RW21,59.907450,17.601906,0,CM,28.2,1.2,208.0,5.9,1,123,0,0,0,0,3,0
CA,0,208.0,2,2000,0,0,0,0,0,0
VM,0,0,0,208.0,1,2000,0,0,0,0,0,0

FINAL,Q21,21,N,2
IF,FQ21,59.989953,17.709664,UP,0.0,0.0,2,2000,0,0,0,0,2,0
CF,MQ21,59.918831,17.617667,0,CM,0.0,0.0,208.0,5.1,1,388,0,0,0,0,3,0
CA,0,208.0,2,2000,0,0,0,0,0,0
VM,0,0,0,208.0,1,2000,0,0,0,0,0,0

