STAR,MADE5F,19,2
IF,MADDE,56.584833,15.884472, ,0.0,0.0,0,0,0,0,0,0,0,0
TF,D012G,56.449747,15.342969,0, ,0.0,0.0,0.0,0.0,0,0,0,0,0,0,0,1
CF,CI19,56.410381,15.304886,0,KAL,237.5,36.5,184.0,1.0,1,2200,0,0,0,0,0,0

STAR,TEML2F,19,2
IF,TEMLI,56.678194,15.383806, ,0.0,0.0,0,0,0,0,0,0,0,0
TF,D004P,56.517331,15.337106,0, ,0.0,0.0,0.0,0.0,0,0,0,0,0,0,0,0
CF,CI19,56.410381,15.304886,0,KAL,237.5,36.5,184.0,6.0,1,2200,0,0,0,0,0,0

FINAL,I01,01,I,3
IF,CF01,56.133042,15.228558,NDF,183.7,9.0,2,2000,0,0,0,0,0,0
CF,FF01,56.165928,15.237558,0,NDF,183.7,7.0,4.0,2.0,1,2000,0,0,0,0,2,0
CF,RW01,56.256931,15.262547,0,NDF,183.7,1.4,4.0,5.5,1,232,0,0,0,0,3,0
CA,0,4.0,2,1500,0,0,0,0,0,0
DF,LF,56.195111,15.247167,1, ,0.0,0.0,1,2000,0,0,0,0,0,0

FINAL,I19,19,I,3
IF,CI19,56.410381,15.304886,DF,3.7,9.5,2,2200,0,0,0,0,0,0
CF,FI19,56.377503,15.295783,0,DF,3.7,7.5,184.0,2.0,1,2200,0,0,0,0,2,0
CF,RW19,56.277625,15.268231,0,DF,3.7,1.4,184.0,6.1,1,260,0,0,0,0,3,0
CA,0,184.0,2,3000,0,0,0,0,0,0
VM,0,0,0,184.0,1,3000,0,0,0,0,0,0

APPTR,N01-Y,01,LF1
IF,LF,56.195111,15.247167, ,0.0,0.0,0,0,0,0,0,0,0,0
HF,LF,56.195111,15.247167,1, ,0.0,0.0,3.0,04.3,2,2000,0,0,0,0,0,0,0

APPTR,N01-Y,01,LF2
IF,LF,56.195111,15.247167, ,0.0,0.0,0,0,0,0,0,0,0,0
HF,LF,56.195111,15.247167,1, ,0.0,0.0,3.0,04.3,2,2000,0,0,0,0,0,0,0

FINAL,N01-Y,01,N,2
IF,LF,56.195111,15.247167,LF,0.0,0.0,2,1500,0,0,0,0,2,0
CF,RW01,56.256931,15.262547,0,LF,0.0,0.0,3.0,3.8,1,231,0,0,0,0,3,0
CA,0,3.0,2,1500,0,0,0,0,0,0
DF,LF,56.195111,15.247167,1, ,0.0,0.0,1,2000,0,0,0,0,0,0

APPTR,N19,19,LP
IF,LP,56.339778,15.286028, ,0.0,0.0,0,0,0,0,0,0,0,0
HF,LP,56.339778,15.286028,2, ,0.0,0.0,184.0,04.3,2,2200,0,0,0,0,0,0,0

FINAL,N19,19,N,2
IF,LP,56.339778,15.286028,LP,0.0,0.0,2,1450,0,0,0,0,2,0
CF,RW19,56.277625,15.268231,0,LP,0.0,0.0,184.0,3.8,1,260,0,0,0,0,3,0
CA,0,184.0,2,1500,0,0,0,0,0,0
DF,LP,56.339778,15.286028,2, ,0.0,0.0,1,2200,0,0,0,0,0,0

FINAL,Q01-Z,01,N,2
IF,FQ01Z,56.165461,15.239697,LF,0.0,0.0,2,2000,0,0,0,0,2,0
CF,RW01,56.256931,15.262547,0,RON,0.0,0.2,3.0,5.6,1,231,0,0,0,0,3,0
CA,0,3.0,2,1500,0,0,0,0,0,0
DF,LF,56.195111,15.247167,1, ,0.0,0.0,1,2000,0,0,0,0,0,0

APPTR,R01,01,DF550
IF,DF550,56.079889,15.364611, ,0.0,0.0,2,2000,0,0,0,0,1,0
TF,SUXEM,56.092444,15.217583,0, ,0.0,0.0,0.0,0.0,2,2000,0,1,210,0,1,0

APPTR,R01,01,DF711
IF,DF711,56.104833,15.070444, ,0.0,0.0,2,2400,0,0,0,0,1,0
TF,SUXEM,56.092444,15.217583,0, ,0.0,0.0,0.0,0.0,2,2000,0,1,210,0,1,0

APPTR,R01,01,DF712
IF,DF712,56.010222,15.195333, ,0.0,0.0,2,2000,0,0,0,0,1,0
TF,SUXEM,56.092444,15.217583,0, ,0.0,0.0,0.0,0.0,2,2000,0,0,0,0,1,0

FINAL,R01,01,R,3
IF,SUXEM,56.092444,15.217583, ,0.0,0.0,2,2000,0,0,0,0,0,0
TF,DF713,56.165583,15.237472,0, ,0.0,0.0,4.0,4.4,1,2000,0,0,0,0,2,0
TF,RW01,56.256931,15.262547,0, ,0.0,0.0,4.0,5.6,1,231,0,0,0,0,3,1
CA,0,4.0,2,3000,0,0,0,0,0,0
VM,0,0,0,4.0,1,3000,0,0,0,0,0,0

APPTR,R19,19,DF531
IF,DF531,56.429444,15.461972, ,0.0,0.0,2,2200,0,0,0,0,1,0
TF,EKLOV,56.442111,15.313611,0, ,0.0,0.0,0.0,0.0,2,2200,0,1,200,0,1,0

APPTR,R19,19,DF532
IF,DF532,56.524306,15.336389, ,0.0,0.0,2,2800,0,0,0,0,1,0
TF,EKLOV,56.442111,15.313611,0, ,0.0,0.0,0.0,0.0,2,2200,0,0,0,0,1,0

APPTR,R19,19,DF850
IF,DF850,56.454611,15.165167, ,0.0,0.0,2,2400,0,0,0,0,1,0
TF,EKLOV,56.442111,15.313611,0, ,0.0,0.0,0.0,0.0,2,2200,0,1,200,0,1,0

FINAL,R19,19,R,3
IF,EKLOV,56.442111,15.313611, ,0.0,0.0,2,2200,0,0,0,0,0,0
TF,DF533,56.378944,15.296194,0, ,0.0,0.0,184.0,3.8,1,2200,0,0,0,0,2,0
TF,RW19,56.277625,15.268231,0, ,0.0,0.0,184.0,6.2,1,238,0,0,0,0,3,1
CA,0,184.0,2,3000,0,0,0,0,0,0
VM,0,0,0,184.0,1,3000,0,0,0,0,0,0

