APPTR,I19,19,D012L
IF,D012L,58.648456,14.076217, ,0.0,0.0,2,2300,0,0,0,0,1,0
CF,D012J,58.616456,14.058878,0,JON,355.8,51.5,192.0,2.0,2,2200,0,0,0,0,1,0
CF,CF19,58.589253,14.044164,0,SY,11.7,8.9,192.0,1.7,2,2200,0,0,0,0,0,0

APPTR,I19,19,NS1
IF,NS,58.525611,14.007472, ,0.0,0.0,0,0,0,0,0,0,0,0
HF,NS,58.525611,14.007472,1, ,0.0,0.0,192.0,04.3,2,2200,0,0,0,0,0,0,0

APPTR,I19,19,NS2
IF,NS,58.525611,14.007472, ,0.0,0.0,0,0,0,0,0,0,0,0
HF,NS,58.525611,14.007472,1, ,0.0,0.0,192.0,04.3,2,2200,0,0,0,0,0,0,0

APPTR,I19,19,NS3
IF,NS,58.525611,14.007472, ,0.0,0.0,0,0,0,0,0,0,0,0
HF,NS,58.525611,14.007472,1, ,0.0,0.0,192.0,04.3,2,2200,0,0,0,0,0,0,0

FINAL,I19,19,I,3
IF,CF19,58.589253,14.044164,SY,11.7,8.9,2,2200,0,0,0,0,0,0
CF,FF19,58.557247,14.026883,0,SY,11.7,6.9,192.0,2.0,1,2200,0,0,0,0,2,0
CF,RW19,58.463881,13.976656,0,SY,11.7,1.1,192.0,5.8,1,346,0,0,0,0,3,0
CA,0,192.0,2,1000,0,0,0,0,0,0
DF,NS,58.525611,14.007472,1, ,0.0,0.0,1,2200,0,0,0,0,0,0

APPTR,Q01,01,D192M
IF,D192M,58.248181,13.861983, ,0.0,0.0,2,3200,0,0,0,0,1,0
TF,CQ01,58.264167,13.870661,0, ,0.0,0.0,0.0,0.0,2,3200,0,0,0,0,1,0

APPTR,Q01,01,SS
HF,SS,58.326667,13.904694,2, ,0.0,0.0,12.0,03.9,2,3200,0,0,0,0,0,0,0

FINAL,Q01,01,N,3
IF,CQ01,58.264167,13.870661,SS,0.0,0.0,2,3200,0,0,0,0,0,0
CF,SS,58.326667,13.904694,0,SS,0.0,0.0,12.0,3.9,2,3200,0,0,0,0,2,0
CF,MQ01,58.433739,13.963214,0,SY,0.0,1.4,12.0,6.7,1,716,0,0,0,0,3,0
CA,0,12.0,2,1900,0,0,0,0,0,0
DF,SS,58.326667,13.904694,1, ,0.0,0.0,1,3200,0,0,0,0,0,0

APPTR,Q19,19,D011L
IF,D011L,58.649069,14.070989, ,0.0,0.0,2,2300,0,0,0,0,1,0
CF,D011J,58.616956,14.054433,0,JON,355.6,51.5,191.0,2.0,2,2200,0,0,0,0,1,0
CF,NS,58.525611,14.007472,0,NS,0.0,0.0,191.0,5.7,2,1570,0,0,0,0,0,0

APPTR,Q19,19,NS1
IF,NS,58.525611,14.007472, ,0.0,0.0,0,0,0,0,0,0,0,0
HF,NS,58.525611,14.007472,1, ,0.0,0.0,191.0,04.3,2,2200,0,0,0,0,0,0,0

APPTR,Q19,19,NS2
IF,NS,58.525611,14.007472, ,0.0,0.0,0,0,0,0,0,0,0,0
HF,NS,58.525611,14.007472,1, ,0.0,0.0,191.0,04.3,2,2200,0,0,0,0,0,0,0

APPTR,Q19,19,NS3
IF,NS,58.525611,14.007472, ,0.0,0.0,0,0,0,0,0,0,0,0
HF,NS,58.525611,14.007472,1, ,0.0,0.0,191.0,04.3,2,2200,0,0,0,0,0,0,0

FINAL,Q19,19,N,2
IF,NS,58.525611,14.007472,NS,0.0,0.0,2,1570,0,0,0,0,2,0
CF,RW19,58.463881,13.976656,0,SY,0.0,0.5,191.0,3.8,1,346,0,0,0,0,3,0
CA,0,191.0,2,1000,0,0,0,0,0,0
DF,NS,58.525611,14.007472,1, ,0.0,0.0,1,2200,0,0,0,0,0,0

APPTR,R01,01,IXORU
IF,IXORU,58.248972,13.698278, ,0.0,0.0,2,3200,0,0,0,0,1,0
TF,GR700,58.226694,13.850167,0, ,0.0,0.0,0.0,0.0,2,3200,0,1,230,0,1,0

APPTR,R01,01,RERNI
IF,RERNI,58.204222,14.001861, ,0.0,0.0,2,3200,0,0,0,0,1,0
TF,GR700,58.226694,13.850167,0, ,0.0,0.0,0.0,0.0,2,3200,0,1,230,0,1,0

APPTR,R01,01,UGMIT
IF,UGMIT,58.162611,13.816306, ,0.0,0.0,2,3200,0,0,0,0,1,0
TF,GR700,58.226694,13.850167,0, ,0.0,0.0,0.0,0.0,2,3200,0,0,0,0,1,0

FINAL,R01,01,R,3
IF,GR700,58.226694,13.850167, ,0.0,0.0,2,3200,0,0,0,0,0,0
TF,GR701,58.306750,13.892667,0, ,0.0,0.0,12.0,5.0,1,3200,0,0,0,0,2,0
TF,RW01,58.448878,13.968603,0, ,0.0,0.0,12.0,8.9,1,374,0,0,0,0,3,1
TF,GR500,58.519972,14.006833,0, ,0.0,0.0,0.0,0.0,0,0,0,0,0,0,0,1
DF,XEVTI,58.326861,13.903361,1, ,0.0,0.0,2,3200,0,0,0,0,0,1
HM,XEVTI,58.326861,13.903361,2, ,0.0,0.0,12.0,04.3,2,3200,0,1,220,0,0,0,0

APPTR,R19,19,AGLAL
IF,AGLAL,58.614417,14.223472, ,0.0,0.0,2,3100,0,0,0,0,1,0
TF,GR501,58.637139,14.070167,0, ,0.0,0.0,0.0,0.0,2,2200,0,1,230,0,1,0

APPTR,R19,19,OVDID
IF,OVDID,58.659667,13.916639, ,0.0,0.0,2,3100,0,0,0,0,1,0
TF,GR501,58.637139,14.070167,0, ,0.0,0.0,0.0,0.0,2,2200,0,1,230,0,1,0

APPTR,R19,19,PIDUM
IF,PIDUM,58.701111,14.104944, ,0.0,0.0,2,2300,0,0,0,0,1,0
TF,GR501,58.637139,14.070167,0, ,0.0,0.0,0.0,0.0,2,2200,0,0,0,0,1,0

FINAL,R19,19,R,3
IF,GR501,58.637139,14.070167, ,0.0,0.0,2,2200,0,0,0,0,0,0
TF,GR502,58.557139,14.026861,0, ,0.0,0.0,192.0,5.0,1,2200,0,0,0,0,2,0
TF,RW19,58.463881,13.976656,0, ,0.0,0.0,192.0,5.8,1,346,0,0,0,0,3,1
TF,GR702,58.400722,13.942806,0, ,0.0,0.0,0.0,0.0,0,0,0,1,230,0,0,1
DF,TOVMU,58.525250,14.009667,1, ,0.0,0.0,2,2300,0,0,0,0,0,1
HM,TOVMU,58.525250,14.009667,1, ,0.0,0.0,192.0,04.3,2,2300,0,1,200,0,0,0,0

