SID,VAKT3K,01,5
DF,MT420,56.750722,12.832000,0, ,0.0,0.0,2,1300,0,0,0,0,0,1
TF,MT421,56.781500,12.993361,0, ,0.0,0.0,0.0,0.0,0,0,0,1,205,0,0,0
TF,MT422,56.827833,13.142917,0, ,0.0,0.0,0.0,0.0,2,5000,0,0,0,0,0,0
TF,VAKTA,56.908972,13.407056,0, ,0.0,0.0,0.0,0.0,2,10000,0,0,0,0,0,0

SID,VAKT3L,19,5
DF,MT700,56.676528,12.817333,0, ,0.0,0.0,0,0,0,0,0,0,0,0
TF,MT660,56.641611,12.827361,0, ,0.0,0.0,0.0,0.0,0,0,0,0,0,0,0,1
DF,MT551,56.682528,12.968056,1, ,0.0,0.0,2,2000,0,1,205,0,0,0
TF,MT440,56.746444,13.068056,0, ,0.0,0.0,0.0,0.0,0,0,0,0,0,0,0,0
TF,MT441,56.783806,13.145528,0, ,0.0,0.0,0.0,0.0,2,5000,0,0,0,0,0,0
TF,VAKTA,56.908972,13.407056,0, ,0.0,0.0,0.0,0.0,2,10000,0,0,0,0,0,0

STAR,PELO3R,01,5
IF,PELOX,57.071333,13.468000, ,0.0,0.0,2,10000,0,0,0,0,0,0
TF,MT460,56.753389,13.147333,0, ,0.0,0.0,0.0,0.0,2,5000,0,0,0,0,0,0
TF,MT580,56.493944,12.890194,0, ,0.0,0.0,0.0,0.0,2,2000,0,1,210,0,0,0
TF,MT800,56.500417,12.782722,0, ,0.0,0.0,0.0,0.0,2,2000,0,0,0,0,0,0

STAR,PELO3T,19,5
IF,PELOX,57.071333,13.468000, ,0.0,0.0,2,10000,0,0,0,0,0,0
TF,MT510,56.983556,13.133667,0, ,0.0,0.0,0.0,0.0,2,5000,0,0,0,0,0,0
TF,MT500,56.911806,12.864083,0, ,0.0,0.0,0.0,0.0,2,2600,0,0,0,0,0,0

APPTR,I19,19,LT1
HF,LT,56.797028,12.842278,2, ,0.0,0.0,182.0,04.3,2,2600,0,1,210,0,1,0,0

APPTR,I19,19,LT2
HF,LT,56.797028,12.842278,2, ,0.0,0.0,182.0,04.3,2,2600,0,1,210,0,1,0,0

APPTR,I19,19,LT3
HF,LT,56.797028,12.842278,2, ,0.0,0.0,182.0,04.3,2,2600,0,1,210,0,1,0,0

FINAL,I19,19,I,3
IF,CI19,56.830164,12.847725,MT,2.2,9.3,1,2600,0,0,0,0,0,0
CF,OM19,56.796972,12.842250,0,MT,2.5,7.3,182.0,2.0,1,1981,0,0,0,0,2,0
CF,RW19,56.701219,12.822203,0,MT,2.2,1.5,182.0,5.8,1,135,0,0,0,0,3,0
FA,RW19,56.701219,12.822203,0,LJU,0.0,0.0,182.0,2,1500,0,0,0,0,0,0
DF,LT,56.797028,12.842278,2, ,0.0,0.0,1,2600,0,1,220,0,0,0

APPTR,N01-Y,01,MF1
HF,MF,56.652472,12.808389,1, ,0.0,0.0,7.0,04.3,2,2000,0,1,200,0,1,0,0

APPTR,N01-Y,01,MF2
HF,MF,56.652472,12.808389,1, ,0.0,0.0,7.0,04.3,2,2000,0,1,200,0,1,0,0

FINAL,N01-Y,01,N,2
IF,FN01,56.591792,12.786989,MF,0.0,0.0,2,2000,0,0,0,0,2,0
CF,MF,56.652472,12.808389,0,MF,0.0,0.0,7.0,3.7,1,716,0,0,0,0,3,0
CA,0,7.0,2,1500,0,0,0,0,0,0
DF,MF,56.652472,12.808389,1, ,0.0,0.0,1,2500,0,1,210,0,0,0

APPTR,N19,19,LT1
HF,LT,56.797028,12.842278,2, ,0.0,0.0,183.0,04.3,2,2600,0,0,0,0,1,0,0

APPTR,N19,19,LT2
HF,LT,56.797028,12.842278,2, ,0.0,0.0,183.0,04.3,2,2600,0,0,0,0,1,0,0

APPTR,N19,19,LT3
HF,LT,56.797028,12.842278,2, ,0.0,0.0,183.0,04.3,2,2600,0,0,0,0,1,0,0

FINAL,N19,19,N,2
IF,LT,56.797028,12.842278,LT,0.0,0.0,2,1980,0,0,0,0,2,0
CF,RW19,56.701219,12.822203,0,LT,0.0,0.0,183.0,5.7,1,135,0,0,0,0,3,0
CA,0,183.0,2,1500,0,0,0,0,0,0
DF,LT,56.797028,12.842278,2, ,0.0,0.0,1,2600,0,1,185,0,0,0

APPTR,Q01-Z,01,D187I
IF,D187I,56.503292,12.755936, ,0.0,0.0,2,2600,0,0,0,0,1,0
TF,CN01,56.535950,12.767378,0, ,0.0,0.0,0.0,0.0,2,2000,0,0,0,0,1,0

APPTR,Q01-Z,01,MF
HF,MF,56.652472,12.808389,1, ,0.0,0.0,7.0,07.1,2,2000,0,1,220,0,0,0,0

FINAL,Q01-Z,01,N,3
IF,CN01,56.535950,12.767378,MF,0.0,0.0,2,2000,0,0,0,0,0,0
CF,FN01,56.591792,12.786989,0,MF,0.0,0.0,7.0,3.4,2,2000,0,0,0,0,2,0
CF,RW01,56.680969,12.818203,0,SVD,0.0,31.8,7.0,5.5,1,114,0,0,0,0,3,0
CA,0,2.0,2,1500,0,0,0,0,0,0
DF,MF,56.652472,12.808389,1, ,0.0,0.0,1,2500,0,1,210,0,0,0

APPTR,R01,01,ABVUR
IF,ABVUR,56.450806,12.773028, ,0.0,0.0,2,2600,0,0,0,0,1,0
TF,MT800,56.500417,12.782722,0, ,0.0,0.0,0.0,0.0,2,2000,0,0,0,0,1,0

APPTR,R01,01,MT552
IF,MT552,56.491389,12.932167, ,0.0,0.0,2,2600,0,0,0,0,1,0
TF,MT800,56.500417,12.782722,0, ,0.0,0.0,0.0,0.0,2,2000,0,1,210,0,1,0

APPTR,R01,01,MT803
IF,MT803,56.509278,12.633194, ,0.0,0.0,2,2600,0,0,0,0,1,0
TF,MT800,56.500417,12.782722,0, ,0.0,0.0,0.0,0.0,2,2000,0,1,210,0,1,0

FINAL,R01,01,R,3
IF,MT800,56.500417,12.782722, ,0.0,0.0,2,2000,0,0,0,0,0,0
TF,MT801,56.583083,12.798917,0, ,0.0,0.0,2.0,5.0,1,2000,0,0,0,0,2,0
TF,RW01,56.681003,12.818208,0, ,0.0,0.0,2.0,5.9,1,114,0,0,0,0,3,1
CF,MT502,56.742889,12.830444,0,SUP,342.0,75.0,2.0,3.7,0,0,0,1,210,0,0,1
DF,IRBEV,56.652528,12.808389,1, ,0.0,0.0,2,2500,0,0,0,0,0,1
HM,IRBEV,56.652528,12.808389,1, ,0.0,0.0,2.0,04.3,2,2500,0,1,200,0,0,0,0

APPTR,R19,19,MT503
IF,MT503,56.902694,13.015139, ,0.0,0.0,2,2600,0,0,0,0,1,0
TF,MT500,56.911806,12.864083,0, ,0.0,0.0,0.0,0.0,2,2600,0,1,210,0,1,0

APPTR,R19,19,MT851
IF,MT851,56.920778,12.712917, ,0.0,0.0,2,2600,0,0,0,0,1,0
TF,MT500,56.911806,12.864083,0, ,0.0,0.0,0.0,0.0,2,2600,0,1,210,0,1,0

APPTR,R19,19,OSRUK
IF,OSRUK,56.977944,12.877306, ,0.0,0.0,2,2600,0,0,0,0,1,0
TF,MT500,56.911806,12.864083,0, ,0.0,0.0,0.0,0.0,2,2600,0,0,0,0,1,0

FINAL,R19,19,R,3
IF,MT500,56.911806,12.864083, ,0.0,0.0,2,2600,0,0,0,0,0,0
TF,MT501,56.829139,12.847583,0, ,0.0,0.0,182.0,5.0,1,2600,0,0,0,0,2,0
TF,RW19,56.701192,12.822197,0, ,0.0,0.0,182.0,7.7,1,134,0,0,0,0,3,1
CF,MT802,56.644750,12.811056,0,SUP,340.3,69.4,182.0,3.4,0,0,0,1,210,0,0,1
DF,ETPUP,56.796972,12.842222,2, ,0.0,0.0,2,2600,0,0,0,0,0,1
HM,ETPUP,56.796972,12.842222,2, ,0.0,0.0,182.0,04.3,2,2600,0,1,200,0,0,0,0

