APPTR,I12,12,AN
IF,AN,65.633917,19.143028, ,0.0,0.0,0,0,0,0,0,0,0,0
HF,AN,65.633917,19.143028,1, ,0.0,0.0,121.0,07.3,2,3700,0,1,240,0,0,0,0

FINAL,I12,12,I,3
IF,CF12,65.696256,18.953872,ARV,301.2,11.2,2,3700,0,0,0,0,0,0
CF,FF12,65.675828,19.017422,0,ARV,301.2,9.2,121.0,2.0,1,3700,0,0,0,0,2,0
CF,RW12,65.598556,19.256172,0,ARV,301.2,1.7,121.0,7.5,1,1293,0,0,0,0,3,0
CA,0,121.0,2,3300,0,0,0,0,0,0
DF,AN,65.633917,19.143028,1, ,0.0,0.0,1,4000,0,1,200,0,0,0

APPTR,I30,30,AS
IF,AS,65.562167,19.367611, ,0.0,0.0,0,0,0,0,0,0,0,0
HF,AS,65.562167,19.367611,2, ,0.0,0.0,301.0,07.7,2,3200,0,0,0,0,0,0,0

APPTR,I30,30,D121M
IF,D121M,65.462492,19.670372, ,0.0,0.0,2,3300,0,0,0,0,1,0
CF,CF30,65.483192,19.607856,0,NX,121.2,11.3,301.0,2.0,2,3200,0,0,0,0,1,0

FINAL,I30,30,I,3
IF,CF30,65.483192,19.607856,NX,121.2,11.3,2,3200,0,0,0,0,0,0
CF,FF30,65.522453,19.488803,0,NX,121.2,7.5,301.0,3.8,1,3200,0,0,0,0,2,0
CF,RW30,65.584689,19.298756,0,NX,121.2,1.5,301.0,6.0,1,1290,0,0,0,0,3,0
CA,0,301.0,2,3300,0,0,0,0,0,0
DF,AS,65.562167,19.367611,2, ,0.0,0.0,1,3300,0,1,200,0,0,0

APPTR,Q12,12,AN
IF,AN,65.633917,19.143028, ,0.0,0.0,0,0,0,0,0,0,0,0
HF,AN,65.633917,19.143028,1, ,0.0,0.0,121.0,07.3,2,3700,0,0,0,0,0,0,0

FINAL,Q12,12,N,3
IF,FQ12,65.674636,19.011803,AN,0.0,0.0,2,3700,0,0,0,0,2,0
CF,AN,65.633917,19.143028,0,AN,0.0,0.0,120.0,4.1,2,2400,0,0,0,0,0,0
CF,MQ12,65.602686,19.243139,0,NX,0.0,1.6,120.0,3.1,1,1424,0,0,0,0,3,0
CA,0,121.0,2,3300,0,0,0,0,0,0
DF,AN,65.633917,19.143028,1, ,0.0,0.0,1,4000,0,1,200,0,0,0

APPTR,Q30,30,AS
IF,AS,65.562167,19.367611, ,0.0,0.0,0,0,0,0,0,0,0,0
HF,AS,65.562167,19.367611,2, ,0.0,0.0,301.0,07.7,2,3200,0,0,0,0,0,0,0

APPTR,Q30,30,D121J
IF,D121J,65.463458,19.670561, ,0.0,0.0,2,3300,0,0,0,0,1,0
TF,CQ30,65.484022,19.607783,0, ,0.0,0.0,0.0,0.0,2,3200,0,0,0,0,1,0

FINAL,Q30,30,N,4
IF,CQ30,65.484022,19.607783,AS,0.0,0.0,2,3200,0,0,0,0,0,0
CF,FQ30,65.523025,19.488231,0,AS,0.0,0.0,301.0,3.8,2,3200,0,0,0,0,2,0
CF,AS,65.562167,19.367611,0,AS,0.0,0.0,301.0,3.8,2,1990,0,0,0,0,0,0
CF,RW30,65.584689,19.298756,0,ARV,0.0,1.2,301.0,2.2,1,1290,0,0,0,0,3,0
CA,0,301.0,2,3300,0,0,0,0,0,0
DF,AS,65.562167,19.367611,2, ,0.0,0.0,1,3300,0,1,185,0,0,0

APPTR,R12,12,NX851
IF,NX851,65.661389,18.734250, ,0.0,0.0,2,4600,0,0,0,0,1,0
TF,NX854,65.727028,18.857694,0, ,0.0,0.0,0.0,0.0,2,3700,0,1,210,0,1,0

APPTR,R12,12,NX852
IF,NX852,65.777889,18.698000, ,0.0,0.0,2,4000,0,0,0,0,1,0
TF,NX854,65.727028,18.857694,0, ,0.0,0.0,0.0,0.0,2,3700,0,0,0,0,1,0

APPTR,R12,12,NX853
IF,NX853,65.792583,18.981778, ,0.0,0.0,2,3700,0,0,0,0,1,0
TF,NX854,65.727028,18.857694,0, ,0.0,0.0,0.0,0.0,2,3700,0,1,210,0,1,0

FINAL,R12,12,R,3
IF,NX854,65.727028,18.857694, ,0.0,0.0,2,3700,0,0,0,0,0,0
TF,NX855,65.676028,19.016778,0, ,0.0,0.0,121.0,5.0,1,3700,0,0,0,0,2,0
TF,RW12,65.598556,19.256172,0, ,0.0,0.0,121.0,7.6,1,1292,0,0,0,0,3,1
TF,NEXOV,65.505889,19.539250,0, ,0.0,0.0,0.0,0.0,0,0,0,0,0,0,0,1
HM,NEXOV,65.505889,19.539250,2, ,0.0,0.0,301.0,04.3,2,3200,0,1,210,0,0,0,0

APPTR,R30,30,NX551
IF,NX551,65.536194,19.768806, ,0.0,0.0,2,3500,0,0,0,0,1,0
TF,NX554,65.471278,19.644028,0, ,0.0,0.0,0.0,0.0,2,3200,0,1,210,0,1,0

APPTR,R30,30,NX552
IF,NX552,65.419444,19.800000, ,0.0,0.0,2,3200,0,0,0,0,1,0
TF,NX554,65.471278,19.644028,0, ,0.0,0.0,0.0,0.0,2,3200,0,0,0,0,1,0

APPTR,R30,30,NX553
IF,NX553,65.406250,19.519833, ,0.0,0.0,2,4600,0,0,0,0,1,0
TF,NX554,65.471278,19.644028,0, ,0.0,0.0,0.0,0.0,2,3200,0,1,210,0,1,0

FINAL,R30,30,R,3
IF,NX554,65.471278,19.644028, ,0.0,0.0,2,3200,0,0,0,0,0,0
TF,NX555,65.522944,19.487417,0, ,0.0,0.0,302.0,5.0,1,3200,0,0,0,0,2,0
TF,RW30,65.584689,19.298756,0, ,0.0,0.0,301.0,6.0,1,1290,0,0,0,0,3,1
TF,PRAMA,65.667722,19.042556,0, ,0.0,0.0,0.0,0.0,0,0,0,0,0,0,0,1
HM,PRAMA,65.667722,19.042556,1, ,0.0,0.0,121.0,04.3,2,3800,0,1,200,0,0,0,0

