SID,ARS3W,12,2
CF,OU,59.316639,18.046694,0,ARL,163.7,20.7,120.0,4.0,0,0,0,0,0,0,0,1
CF,D038V,59.204508,17.988581,2,ARL,170.2,27.1,218.0,5.0,0,0,0,0,0,0,0,1
CF,D088O,59.192797,17.510892,0,ARL,199.2,30.3,268.0,14.0,0,0,0,0,0,0,0,1
CF,ARS,59.586222,16.650333,0,ARL,259.6,38.7,308.0,35.0,0,0,0,0,0,0,0,0

SID,ARS3Z,30,2
CF,NB,59.400861,17.813889,0,ARL,186.5,15.5,300.0,5.0,0,0,0,0,0,0,0,1
CF,ARS,59.586222,16.650333,0,ARS,0.0,0.0,283.0,37.0,0,0,0,0,0,0,0,0

SID,DKR3W,12,2
CF,OU,59.316639,18.046694,0,ARL,163.7,20.7,120.0,4.0,0,0,0,0,0,0,0,1
CF,D038V,59.204508,17.988581,2,ARL,170.2,27.1,218.0,5.0,0,0,0,0,0,0,0,1
CF,DKR,59.207167,17.012083,0,ARL,221.2,38.5,268.0,29.0,0,0,0,0,0,0,0,0

SID,DKR3Z,30,2
CF,NB,59.400861,17.813889,0,ARL,186.5,15.5,300.0,5.0,0,0,0,0,0,0,0,1
CF,DKR,59.207167,17.012083,0,ARL,221.2,38.5,238.0,27.0,0,0,0,0,0,0,0,0

SID,NOSL3W,12,2
CF,OU,59.316639,18.046694,0,ARL,163.7,20.7,120.0,4.0,0,0,0,0,0,0,0,1
CF,D038V,59.204508,17.988581,2,ARL,170.2,27.1,218.0,5.0,0,0,0,0,0,0,0,1
CF,D088M,59.194950,17.440192,0,ARL,203.0,31.2,268.0,15.0,0,0,0,0,0,0,0,1
CF,NOSLI,59.072778,17.258111,0,ARL,205.3,40.3,205.0,9.0,0,0,0,0,0,0,0,0

SID,NOSL3Z,30,2
CF,NB,59.400861,17.813889,0,ARL,186.5,15.5,300.0,5.0,0,0,0,0,0,0,0,1
CF,COR,59.261389,17.484083,0,ARL,204.4,27.0,219.0,13.0,0,0,0,0,0,0,0,0
TF,NOSLI,59.072778,17.258111,0, ,0.0,0.0,0.0,0.0,0,0,0,0,0,0,0,0

SID,RESN3Z,30,2
CF,NB,59.400861,17.813889,0,ARL,186.5,15.5,300.0,5.0,0,0,0,0,0,0,0,1
CF,D103W,59.475619,17.353864,0,ARL,233.2,20.2,283.0,15.0,0,0,0,0,0,0,0,1
CF,RESNA,60.366944,18.024833,2,ARL,359.4,43.1,19.0,57.0,0,0,0,0,0,0,0,0

SID,RESN4W,12,5
CF,OU,59.316639,18.046694,0,ARL,163.7,20.7,120.0,4.0,0,0,0,0,0,0,0,1
DF,SB451,59.407111,18.280139,0, ,0.0,0.0,0,0,0,0,0,0,0,0
TF,TOVRI,59.749806,18.766833,0, ,0.0,0.0,0.0,0.0,0,0,0,0,0,0,0,0
TF,RESNA,60.366944,18.024833,0, ,0.0,0.0,0.0,0.0,0,0,0,0,0,0,0,0

SID,TINK3W,12,2
CF,OU,59.316639,18.046694,0,ARL,163.7,20.7,120.0,4.0,0,0,0,0,0,0,0,1
CF,D038V,59.204508,17.988581,2,ARL,170.2,27.1,218.0,5.0,0,0,0,0,0,0,0,1
CF,DKR,59.207167,17.012083,0,ARL,221.2,38.5,268.0,29.0,0,0,0,0,0,0,0,0
TF,TINKA,59.205194,16.296389,0, ,0.0,0.0,0.0,0.0,0,0,0,0,0,0,0,0

SID,TINK3Z,30,2
CF,NB,59.400861,17.813889,0,ARL,186.5,15.5,300.0,5.0,0,0,0,0,0,0,0,1
CI,0, ,0.0,270.0,0,0,0,0,0,0,0,0
CF,TINKA,59.205194,16.296389,0,TEB,247.3,61.8,247.0,42.0,0,0,0,0,0,0,0,0

SID,TOVR4W,12,2
CF,OU,59.316639,18.046694,0,ARL,163.7,20.7,120.0,4.0,0,0,0,0,0,0,0,1
DF,SB451,59.407111,18.280139,0, ,0.0,0.0,0,0,0,0,0,0,0,0
TF,TOVRI,59.749806,18.766833,1, ,0.0,0.0,0.0,0.0,0,0,0,0,0,0,0,0

SID,TRS3W,12,2
CF,OU,59.316639,18.046694,0,ARL,163.7,20.7,120.0,4.0,0,0,0,0,0,0,0,1
CF,TRS,58.937917,17.502222,2,TRS,0.0,0.0,218.0,27.0,0,0,0,0,0,0,0,0

SID,TRS3Z,30,2
CF,NB,59.400861,17.813889,0,ARL,186.5,15.5,300.0,5.0,0,0,0,0,0,0,0,1
CF,COR,59.261389,17.484083,0,ARL,204.4,27.0,219.0,13.0,0,0,0,0,0,0,0,0
TF,D335L,59.123833,17.370550,0, ,0.0,0.0,0.0,0.0,0,0,0,0,0,0,0,0
TF,TRS,58.937917,17.502222,0, ,0.0,0.0,0.0,0.0,0,0,0,0,0,0,0,0

STAR,ARS7U,12,2
IF,ARS,59.586222,16.650333, ,0.0,0.0,3,9000,0,0,0,0,0,0
TF,D128M,59.441203,16.965733,0, ,0.0,0.0,0.0,0.0,2,5000,0,0,0,0,0,1
TF,D128W,59.329153,17.206472,0, ,0.0,0.0,0.0,0.0,0,0,0,0,0,0,0,1
DF,TEB28,59.351000,17.361028,0, ,0.0,0.0,4,5000,2500,0,0,0,0,0
TF,D046W,59.448850,17.601436,0, ,0.0,0.0,0.0,0.0,0,0,0,0,0,0,0,1
CF,CF12,59.434764,17.715622,0,ARL,199.9,14.5,120.0,3.0,2,2200,0,0,0,0,0,0

STAR,ARS7Y,30,2
IF,ARS,59.586222,16.650333, ,0.0,0.0,3,9000,0,0,0,0,0,0
TF,D128M,59.441203,16.965733,0, ,0.0,0.0,0.0,0.0,2,5000,0,0,0,0,0,0
TF,ARS34,59.205389,17.469458,0, ,0.0,0.0,0.0,0.0,0,0,0,0,0,0,0,1
CF,DKR31,59.158553,18.008900,0,ARL,169.4,29.9,90.0,16.0,2,2500,0,0,0,0,0,1
CF,TR27A,59.207403,18.179192,0,ARL,158.1,28.0,47.0,5.0,0,0,0,0,0,0,0,1
CF,CF30,59.265211,18.189611,1,ARL,155.0,24.8,300.0,1.0,2,2200,0,0,0,0,0,0

STAR,HMR8U,12,5
IF,HMR,60.279306,18.391583, ,0.0,0.0,3,19000,0,0,0,0,0,0
TF,SB531,60.013111,18.581778,0, ,0.0,0.0,0.0,0.0,0,0,0,0,0,0,0,0
TF,TOVRI,59.749806,18.766833,0, ,0.0,0.0,0.0,0.0,0,0,0,0,0,0,0,0
TF,SB532,59.583056,18.549000,0, ,0.0,0.0,0.0,0.0,0,0,0,0,0,0,0,0
TF,NAK,59.294722,18.178583,0, ,0.0,0.0,0.0,0.0,2,2500,0,0,0,0,0,0

STAR,HMR8Y,30,5
IF,HMR,60.279306,18.391583, ,0.0,0.0,3,19000,0,0,0,0,0,0
TF,SB531,60.013111,18.581778,0, ,0.0,0.0,0.0,0.0,0,0,0,0,0,0,0,0
TF,TOVRI,59.749806,18.766833,0, ,0.0,0.0,0.0,0.0,2,2500,0,0,0,0,0,0
TF,SB533,59.593472,18.620028,0, ,0.0,0.0,0.0,0.0,0,0,0,0,0,0,0,0
TF,SB555,59.307083,18.355056,0, ,0.0,0.0,0.0,0.0,0,0,0,0,0,0,0,0
TF,SB556,59.239778,18.259694,0, ,0.0,0.0,0.0,0.0,2,2500,0,0,0,0,0,0
CF,CF30,59.265211,18.189611,2,ARL,155.0,24.8,300.0,1.0,2,2200,0,0,0,0,0,0

STAR,TINK6Y,30,2
IF,TINKA,59.205194,16.296389, ,0.0,0.0,0,0,0,0,0,0,0,0
TF,TEB50,59.206800,16.704219,0, ,0.0,0.0,0.0,0.0,3,9000,0,0,0,0,0,0
TF,DKR,59.207167,17.012083,0, ,0.0,0.0,0.0,0.0,0,0,0,0,0,0,0,0
TF,D090G,59.197150,17.231150,0, ,0.0,0.0,0.0,0.0,2,5000,0,0,0,0,0,0
TF,DKR31,59.158553,18.008900,0, ,0.0,0.0,0.0,0.0,2,2500,0,0,0,0,0,1
CF,TR27A,59.207403,18.179192,0,ARL,158.1,28.0,47.0,5.0,0,0,0,0,0,0,0,1
CF,CF30,59.265211,18.189611,1,ARL,155.0,24.8,300.0,1.0,2,2200,0,0,0,0,0,0

STAR,TINK7U,12,2
IF,TINKA,59.205194,16.296389, ,0.0,0.0,0,0,0,0,0,0,0,0
TF,TEB50,59.206800,16.704219,0, ,0.0,0.0,0.0,0.0,3,9000,0,0,0,0,0,0
TF,DKR,59.207167,17.012083,0, ,0.0,0.0,0.0,0.0,0,0,0,0,0,0,0,0
TF,TEB36,59.265264,17.152406,0, ,0.0,0.0,0.0,0.0,2,5000,0,0,0,0,0,0
TF,TEB28,59.351000,17.361028,0, ,0.0,0.0,0.0,0.0,4,5000,2500,0,0,0,0,0
TF,D046W,59.448850,17.601436,0, ,0.0,0.0,0.0,0.0,0,0,0,0,0,0,0,1
CF,CF12,59.434764,17.715622,0,ARL,199.9,14.5,120.0,3.0,2,2200,0,0,0,0,0,0

STAR,TRS6Y,30,2
IF,TRS,58.937917,17.502222, ,0.0,0.0,3,11000,0,0,0,0,0,0
TF,D047G,59.004344,17.667289,0, ,0.0,0.0,0.0,0.0,2,5000,0,0,0,0,0,0
TF,TR27A,59.207403,18.179192,0, ,0.0,0.0,0.0,0.0,2,2500,0,0,0,0,0,1
CF,CF30,59.265211,18.189611,1,ARL,155.0,24.8,300.0,1.0,2,2200,0,0,0,0,0,0

STAR,TRS9U,12,2
IF,TRS,58.937917,17.502222, ,0.0,0.0,3,11000,0,0,0,0,0,0
TF,D354G,59.045939,17.496203,0, ,0.0,0.0,0.0,0.0,2,5000,0,0,0,0,0,0
TF,SOVAX,59.261389,17.484083,0, ,0.0,0.0,0.0,0.0,4,5000,2500,0,0,0,0,0
TF,TR27B,59.386611,17.476967,0, ,0.0,0.0,0.0,0.0,0,0,0,0,0,0,0,1
CF,D046W,59.448850,17.601436,0,ARL,213.0,15.6,46.0,4.0,0,0,0,0,0,0,0,1
CF,CF12,59.434764,17.715622,0,ARL,199.9,14.5,120.0,3.0,2,2200,0,0,0,0,0,0

STAR,XILA6U,12,2
IF,XILAN,59.659306,19.076056, ,0.0,0.0,3,10000,0,0,0,0,0,0
TF,SB532,59.583056,18.549000,0, ,0.0,0.0,0.0,0.0,0,0,0,0,0,0,0,1
TF,NAK,59.294722,18.178583,0, ,0.0,0.0,0.0,0.0,2,2500,0,0,0,0,0,0

STAR,XILA7Y,30,5
IF,XILAN,59.659306,19.076056, ,0.0,0.0,3,10000,0,0,0,0,0,0
TF,SB533,59.593472,18.620028,0, ,0.0,0.0,0.0,0.0,0,0,0,0,0,0,0,0
TF,SB555,59.307083,18.355056,0, ,0.0,0.0,0.0,0.0,2,2500,0,0,0,0,0,0
TF,SB556,59.239778,18.259694,0, ,0.0,0.0,0.0,0.0,2,2500,0,0,0,0,0,0
TF,CF30,59.265211,18.189611,0, ,0.0,0.0,0.0,0.0,1,2200,0,0,0,0,0,0

APPTR,I12,12,NB1
HF,NB,59.400861,17.813889,2, ,0.0,0.0,120.0,04.3,2,2200,0,0,0,0,0,0,0

APPTR,I12,12,NB2
HF,NB,59.400861,17.813889,2, ,0.0,0.0,120.0,04.3,2,2200,0,0,0,0,0,0,0

FINAL,I12,12,I,3
IF,CF12,59.434764,17.715622,SB,300.0,9.0,1,2200,0,0,0,0,0,0
CF,OM12,59.400917,17.813806,0,SB,300.5,5.4,120.0,3.6,1,1720,0,0,0,0,2,0
CF,RW12,59.358669,17.929644,0,SB,300.0,0.0,120.0,4.4,1,98,0,0,0,0,3,0
CF,OU,59.316639,18.046694,0,ARL,164.7,20.7,120.0,4.4,2,450,0,0,0,0,0,1
DF,COR,59.261389,17.484083,2, ,0.0,0.0,1,2500,0,0,0,0,0,0

APPTR,I30,30,OU
HF,OU,59.316639,18.046694,1, ,0.0,0.0,300.0,05.4,2,2200,0,0,0,0,0,0,0

FINAL,I30,30,I,3
IF,CF30,59.265211,18.189611,SBA,120.0,10.1,1,2200,0,0,0,0,0,0
CF,OU,59.316639,18.046694,0,SBA,120.0,4.7,300.0,5.4,1,1380,0,0,0,0,2,0
CF,RW30,59.350078,17.953658,0,SBA,120.0,1.3,300.0,3.5,1,79,0,0,0,0,3,0
CF,NB,59.400861,17.813889,0,ARL,187.5,15.5,300.0,5.3,2,450,0,0,0,0,0,1
DF,COR,59.261389,17.484083,1, ,0.0,0.0,1,2500,0,0,0,0,0,0

APPTR,N12,12,NB
HF,NB,59.400861,17.813889,2, ,0.0,0.0,120.0,04.3,2,2200,0,0,0,0,0,0,0

FINAL,N12,12,N,3
IF,CF12,59.434764,17.715622,NB,0.0,0.0,2,2200,0,0,0,0,0,0
CF,NB,59.400861,17.813889,0,NB,0.0,0.0,120.0,3.6,2,1720,0,0,0,0,2,0
CF,RW12,59.358669,17.929644,0,NB,0.0,0.0,120.0,4.4,1,98,0,0,0,0,3,0
CF,OU,59.316639,18.046694,0,ARL,164.7,20.7,120.0,4.4,2,450,0,0,0,0,0,1
DF,COR,59.261389,17.484083,2, ,0.0,0.0,1,2500,0,0,0,0,0,0

APPTR,N30,30,NAK
IF,NAK,59.294722,18.178583, ,0.0,0.0,2,2200,0,0,0,0,0,0
CF,OU,59.316639,18.046694,0,ARL,164.7,20.7,283.0,4.3,2,1380,0,0,0,0,0,0

FINAL,N30,30,N,2
IF,OU,59.316639,18.046694,OU,0.0,0.0,2,1380,0,0,0,0,2,0
CF,RW30,59.350078,17.953658,0,OU,0.0,0.0,300.0,3.5,1,79,0,0,0,0,3,0
CA,0,300.0,2,450,0,0,0,0,0,0
CF,NB,59.400861,17.813889,0,ARL,187.5,15.5,300.0,4.3,0,0,0,0,0,0,0,1
DF,COR,59.261389,17.484083,1, ,0.0,0.0,1,2500,0,0,0,0,0,0

APPTR,Q30,30,OU
HF,OU,59.316639,18.046694,1, ,0.0,0.0,300.0,05.4,2,2200,0,0,0,0,0,0,0

FINAL,Q30,30,N,5
IF,CF30,59.265211,18.189611,OU,0.0,0.0,2,2200,0,0,0,0,0,0
CF,FQ30,59.295550,18.105533,0,OU,0.0,0.0,300.0,3.2,2,2200,0,0,0,0,2,0
CF,OU,59.316639,18.046694,0,OU,0.0,0.0,300.0,2.2,2,1380,0,0,0,0,0,0
CF,20DME,59.331889,18.004050,0,OU,0.0,0.0,300.0,1.6,2,780,0,0,0,0,0,0
CF,RW30,59.350078,17.953658,0,ARL,0.0,18.3,300.0,1.9,1,79,0,0,0,0,3,0
CF,NB,59.400861,17.813889,0,ARL,187.5,15.5,300.0,5.3,2,450,0,0,0,0,0,1
DF,COR,59.261389,17.484083,1, ,0.0,0.0,1,2500,0,0,0,0,0,0

APPTR,R30,30,SB550
IF,SB550,59.315750,18.331167, ,0.0,0.0,2,2200,0,1,230,0,1,0
TF,SB553,59.247917,18.237250,0, ,0.0,0.0,0.0,0.0,2,2200,0,1,230,0,1,0

APPTR,R30,30,SB551
IF,SB551,59.199833,18.369528, ,0.0,0.0,2,2200,0,1,230,0,1,0
TF,SB553,59.247917,18.237250,0, ,0.0,0.0,0.0,0.0,2,2200,0,1,230,0,1,0

APPTR,R30,30,SB552
IF,SB552,59.180028,18.143694, ,0.0,0.0,2,2200,0,1,230,0,1,0
TF,SB553,59.247917,18.237250,0, ,0.0,0.0,0.0,0.0,2,2200,0,1,230,0,1,0

FINAL,R30,30,R,3
IF,SB553,59.247917,18.237250, ,0.0,0.0,2,2200,0,1,230,0,0,0
TF,SB554,59.295861,18.104583,0, ,0.0,0.0,300.0,5.0,2,2200,0,0,0,0,2,0
TF,RW30,59.350078,17.953658,0, ,0.0,0.0,300.0,5.7,1,93,0,0,0,0,3,1
TF,SB850,59.400278,17.813083,0, ,0.0,0.0,0.0,0.0,0,0,0,0,0,0,0,1
TF,COR,59.261389,17.484083,0, ,0.0,0.0,0.0,0.0,1,2500,0,0,0,0,0,1

