SID,HF112,12,2
DF,DER12,51.112333,9.292400,0, ,0.0,0.0,0,0,0,0,0,0,0,0
CA,0,116.0,2,4000,0,0,0,0,0,0
VM,0,0,0,116.0,0,0,0,0,0,0,0,0

SID,HF130,30,2
DF,DER30,51.116819,9.279331,0, ,0.0,0.0,0,0,0,0,0,0,0,0
CA,0,296.0,2,4000,0,0,0,0,0,0
VM,0,0,0,296.0,0,0,0,0,0,0,0,0

APPTR,N30,30,FTZ
IF,FTZ,51.084256,9.415244, ,0.0,0.0,4,6000,4300,0,0,0,1,0
HF,FTZ,51.084256,9.415244,1, ,0.0,0.0,287.0,04.3,2,3100,0,1,180,0,0,0,0

APPTR,N30,30,GED
IF,GED,50.411947,9.249164, ,0.0,0.0,0,0,0,0,0,0,0,0
TF,FTZ,51.084256,9.415244,0, ,0.0,0.0,0.0,0.0,4,6000,4300,0,0,0,1,0
HF,FTZ,51.084256,9.415244,1, ,0.0,0.0,287.0,04.3,2,3100,0,1,180,0,0,0,0

APPTR,N30,30,WRB
IF,WRB,51.505697,9.110914, ,0.0,0.0,0,0,0,0,0,0,0,0
TF,FTZ,51.084256,9.415244,0, ,0.0,0.0,0.0,0.0,4,6000,4300,0,0,0,1,0
HF,FTZ,51.084256,9.415244,1, ,0.0,0.0,287.0,04.3,2,3100,0,1,180,0,0,0,0

FINAL,N30,30,N,2
IF,FTZ,51.084256,9.415244,FTZ,0.0,0.0,2,2200,0,0,0,0,2,0
CF,RW30,51.112333,9.292400,0,FTZ,0.0,0.0,287.0,4.9,1,607,0,0,0,0,3,0
FA,RW30,51.112333,9.292400,0,WRB,0.0,0.0,287.0,2,2500,0,0,0,0,0,0
DF,FTZ,51.084256,9.415244,1, ,0.0,0.0,1,4300,0,1,180,0,0,0

