SID,MN108,08,2
CA,0,76.0,2,480,0,0,0,0,0,0
VD, ,0,0,0,NDO,0.0,0.0,80.0,5.0,2,2000,0,0,0,0,0,0
VM,0,0,0,80.0,0,0,0,0,0,0,0,0

SID,MN126,26,2
CA,0,256.0,2,480,0,0,0,0,0,0
VD, ,0,0,0,NDO,0.0,0.0,260.0,5.0,2,2000,0,0,0,0,0,0
VM,0,0,0,260.0,0,0,0,0,0,0,0,0

APPTR,I08,08,D300J
IF,D300J,53.857333,8.415333, ,0.0,0.0,4,7000,3000,0,0,0,1,0
AF,D267J,53.768650,8.372681,1,NDO,267.0,10.0,300.0,2,2000,0,0,0,0,0,0
CI,0,INOO,0.0,106.0,0,0,0,0,0,0,0,0

FINAL,I08,08,I,3
IF,CI08,53.733650,8.379169,INOO,255.5,11.0,2,2000,0,0,0,0,0,0
CF,FI08,53.749983,8.512772,0,INOO,255.5,6.1,76.0,4.9,1,1600,0,0,0,0,2,0
CF,RW08,53.765436,8.640392,0,INOO,255.5,1.5,76.0,4.6,1,119,0,0,0,0,3,0
FA,RW08,53.765436,8.640392,0,NDO,0.0,0.0,76.0,2,1000,0,1,230,0,0,0
VM,0,0,2,220.0,1,2000,0,0,0,0,0,0

APPTR,I26,26,NDO
HF,NDO,53.785156,8.806219,2, ,0.0,0.0,256.0,04.3,2,2000,0,1,230,0,1,0,0

APPTR,I26,26,SWG
IF,SWG,54.463553,9.516561, ,0.0,0.0,0,0,0,1,230,0,0,0
TF,NDO,53.785156,8.806219,0, ,0.0,0.0,0.0,0.0,0,0,0,0,0,0,1,0
HF,NDO,53.785156,8.806219,2, ,0.0,0.0,256.0,04.3,2,2000,0,0,0,0,0,0,0

APPTR,I26,26,WTM
IF,WTM,53.554333,7.725111, ,0.0,0.0,0,0,0,1,230,0,0,0
TF,NDO,53.785156,8.806219,0, ,0.0,0.0,0.0,0.0,0,0,0,0,0,0,1,0
HF,NDO,53.785156,8.806219,2, ,0.0,0.0,256.0,04.3,2,2000,0,0,0,0,0,0,0

FINAL,I26,26,I,3
IF,CI26,53.796719,8.902717,INOW,75.5,9.8,1,2000,0,0,0,0,0,0
CF,NDO,53.785156,8.806219,0,INOW,76.6,6.3,256.0,3.5,1,1600,0,0,0,0,2,0
CF,RW26,53.769797,8.676650,0,INOW,75.5,1.6,256.0,4.7,1,91,0,0,0,0,3,0
CA,0,256.0,2,1000,0,1,230,0,0,0
DF,NDO,53.785156,8.806219,1, ,0.0,0.0,1,2000,0,0,0,0,0,0

APPTR,N26,26,NDO
HF,NDO,53.785156,8.806219,2, ,0.0,0.0,257.0,04.3,2,2000,0,1,230,0,1,0,0

APPTR,N26,26,SWG
IF,SWG,54.463553,9.516561, ,0.0,0.0,0,0,0,0,0,0,0,0
TF,NDO,53.785156,8.806219,0, ,0.0,0.0,0.0,0.0,0,0,0,0,0,0,1,0
HF,NDO,53.785156,8.806219,2, ,0.0,0.0,257.0,04.3,2,2000,0,1,230,0,0,0,0

APPTR,N26,26,WTM
IF,WTM,53.554333,7.725111, ,0.0,0.0,0,0,0,0,0,0,0,0
TF,NDO,53.785156,8.806219,0, ,0.0,0.0,0.0,0.0,0,0,0,0,0,0,1,0
HF,NDO,53.785156,8.806219,2, ,0.0,0.0,257.0,04.3,2,2000,0,1,230,0,0,0,0

FINAL,N26,26,N,2
IF,NDO,53.785156,8.806219,NDO,0.0,0.0,1,1600,0,0,0,0,2,0
CF,RW26,53.769797,8.676650,0,NDO,0.0,0.0,257.0,4.7,1,91,0,0,0,0,3,0
CA,0,257.0,2,1000,0,0,0,0,0,0
DF,NDO,53.785156,8.806219,1, ,0.0,0.0,2,2000,0,0,0,0,0,0

APPTR,T08,08,D171E
IF,D171E,53.686500,8.673167, ,0.0,0.0,2,4000,0,0,0,0,1,0
CF,NDO,53.768981,8.653553,0,NDO,0.0,0.0,351.0,5.0,1,4000,0,0,0,0,0,0
FD,NDO,53.768981,8.653553,0,NDO,0.0,7.5,286.0,7.5,2,3500,0,0,0,0,0,0
CF,D251H,53.734411,8.451222,1,NDO,251.0,7.5,71.0,1.0,2,2000,0,0,0,0,0,0
CF,FT08,53.745972,8.518628,0,NDO,251.0,5.0,71.0,2.5,2,1600,0,0,0,0,0,0

APPTR,T08,08,SWG
IF,SWG,54.463553,9.516561, ,0.0,0.0,0,0,0,0,0,0,0,0
TF,D171E,53.686500,8.673167,0, ,0.0,0.0,0.0,0.0,2,4000,0,0,0,0,1,0
HF,D171E,53.686500,8.673167,2, ,0.0,0.0,351.0,05,0,0,0,0,0,0,0,0,0
CF,NDO,53.768981,8.653553,0,NDO,0.0,0.0,351.0,5.0,1,4000,0,0,0,0,0,0
FD,NDO,53.768981,8.653553,0,NDO,0.0,7.5,286.0,7.5,2,3500,0,0,0,0,0,0
CF,D251H,53.734411,8.451222,1,NDO,251.0,7.5,71.0,1.0,2,2000,0,0,0,0,0,0
CF,FT08,53.745972,8.518628,0,NDO,251.0,5.0,71.0,2.5,2,1600,0,0,0,0,0,0

APPTR,T08,08,WTM
IF,WTM,53.554333,7.725111, ,0.0,0.0,0,0,0,0,0,0,0,0
TF,D171E,53.686500,8.673167,0, ,0.0,0.0,0.0,0.0,2,4000,0,0,0,0,1,0
CF,NDO,53.768981,8.653553,0,NDO,0.0,0.0,351.0,5.0,1,4000,0,0,0,0,0,0
FD,NDO,53.768981,8.653553,0,NDO,0.0,7.5,286.0,7.5,2,3500,0,0,0,0,0,0
CF,D251H,53.734411,8.451222,1,NDO,251.0,7.5,71.0,1.0,2,2000,0,0,0,0,0,0
CF,FT08,53.745972,8.518628,0,NDO,251.0,5.0,71.0,2.5,2,1600,0,0,0,0,0,0

FINAL,T08,08,D,3
IF,FT08,53.745972,8.518628,NDO,251.0,5.0,2,1600,0,0,0,0,2,0
CF,30TAC,53.755194,8.572581,0,NDO,251.0,3.0,71.0,2.0,2,500,0,0,0,0,0,0
CF,MT08,53.764392,8.626553,0,NDO,251.0,0.0,71.0,2.0,1,283,0,0,0,0,3,0
FA,MT08,53.764392,8.626553,0,NDO,0.0,0.0,71.0,2,1000,0,0,0,0,0,0
VM,0,0,2,250.0,1,2500,0,0,0,0,0,0

APPTR,T26,26,D171E
IF,D171E,53.686500,8.673167, ,0.0,0.0,2,4000,0,0,0,0,1,0
CF,NDO,53.768981,8.653553,0,NDO,0.0,0.0,351.0,5.0,1,4000,0,0,0,0,0,0
FD,NDO,53.768981,8.653553,0,NDO,0.0,7.5,47.0,7.5,2,3500,0,0,0,0,0,0
VR,2,NDO,63.0,153.0,2,3000,0,0,0,0,0,0
CF,D082H,53.779672,8.863456,2,NDO,82.0,7.5,262.0,1.0,2,2000,0,0,0,0,0,0
CF,FT26,53.776150,8.793475,0,NDO,82.0,5.0,262.0,2.5,2,1600,0,0,0,0,0,0

APPTR,T26,26,SWG
IF,SWG,54.463553,9.516561, ,0.0,0.0,0,0,0,0,0,0,0,0
TF,D171E,53.686500,8.673167,0, ,0.0,0.0,0.0,0.0,2,4000,0,0,0,0,1,0
HF,D171E,53.686500,8.673167,2, ,0.0,0.0,351.0,05,0,0,0,0,0,0,0,0,0
CF,NDO,53.768981,8.653553,0,NDO,0.0,0.0,351.0,5.0,1,4000,0,0,0,0,0,0
FD,NDO,53.768981,8.653553,0,NDO,0.0,7.5,47.0,7.5,2,3500,0,0,0,0,0,0
VR,2,NDO,63.0,153.0,2,3000,0,0,0,0,0,0
CF,D082H,53.779672,8.863456,2,NDO,82.0,7.5,262.0,1.0,2,2000,0,0,0,0,0,0
CF,FT26,53.776150,8.793475,0,NDO,82.0,5.0,262.0,2.5,2,1600,0,0,0,0,0,0

APPTR,T26,26,WTM
IF,WTM,53.554333,7.725111, ,0.0,0.0,0,0,0,0,0,0,0,0
TF,D171E,53.686500,8.673167,0, ,0.0,0.0,0.0,0.0,2,4000,0,0,0,0,1,0
CF,NDO,53.768981,8.653553,0,NDO,0.0,0.0,351.0,5.0,1,4000,0,0,0,0,0,0
FD,NDO,53.768981,8.653553,0,NDO,0.0,7.5,47.0,7.5,2,3500,0,0,0,0,0,0
VR,2,NDO,63.0,153.0,2,3000,0,0,0,0,0,0
CF,D082H,53.779672,8.863456,2,NDO,82.0,7.5,262.0,1.0,2,2000,0,0,0,0,0,0
CF,FT26,53.776150,8.793475,0,NDO,82.0,5.0,262.0,2.5,2,1600,0,0,0,0,0,0

FINAL,T26,26,D,2
IF,FT26,53.776150,8.793475,NDO,82.0,5.0,2,1600,0,0,0,0,2,0
CF,MT26,53.770428,8.681531,0,NDO,82.0,0.0,262.0,4.0,1,155,0,0,0,0,3,0
CA,0,262.0,2,474,0,0,0,0,0,0
VM,0,0,1,100.0,1,2500,0,0,0,0,0,0

