SID,KENU1A,27,5
CF,NG427,50.961050,5.938361,0,MAS,232.0,1.1,268.0,4.0,2,2000,0,1,220,0,0,1
DF,KENUM,50.722500,6.239444,1, ,0.0,0.0,0,0,0,0,0,0,0,0

SID,KENU1B,09,5
CF,NG490,50.954350,6.176375,0,MAS,97.3,8.3,93.0,5.0,2,2100,0,1,220,0,0,1
DF,KENUM,50.722500,6.239444,0, ,0.0,0.0,0,0,0,0,0,0,0,0

SID,MILG1A,27,5
CF,NG427,50.961050,5.938361,0,MAS,232.0,1.1,268.0,4.0,2,2000,0,1,220,0,0,1
DF,MILGI,51.197000,6.125000,2, ,0.0,0.0,0,0,0,0,0,0,0,0

SID,MILG1B,09,5
CF,NG490,50.954350,6.176375,0,MAS,97.3,8.3,93.0,5.0,2,2100,0,1,220,0,0,1
DF,MILGI,51.197000,6.125000,1, ,0.0,0.0,0,0,0,0,0,0,0,0

SID,NG12,27,2
CA,0,269.0,2,700,0,0,0,0,0,0
FD,GIX,50.963339,6.045189,0,GIX,0.0,4.0,267.0,4.0,2,2000,0,0,0,0,0,0
VI,0, ,0.0,219.0,0,0,0,0,0,0,0,0
AF,D210H,50.850339,5.933700,1,GIX,210.0,8.0,247.0,0,0,0,0,0,0,0,0
CF,D179D,50.896756,6.043350,1,GIX,179.0,4.0,359.0,2.0,2,3500,0,0,0,0,0,0
TF,GIX,50.963339,6.045189,0, ,0.0,0.0,0.0,0.0,0,0,0,0,0,0,0,0
TF,D038H,51.067069,6.177600,0, ,0.0,0.0,0.0,0.0,2,5000,0,0,0,0,0,0
TF,MEVEL,51.854772,7.209508,0, ,0.0,0.0,0.0,0.0,0,0,0,0,0,0,0,0

SID,NG13,27,2
CA,0,269.0,2,700,0,0,0,0,0,0
FD,GIX,50.963339,6.045189,0,GIX,0.0,4.0,267.0,4.0,2,2000,0,0,0,0,0,0
VI,0, ,0.0,219.0,0,0,0,0,0,0,0,0
AF,D179H,50.830175,6.041517,1,GIX,179.0,8.0,247.0,2,3500,0,0,0,0,0,0
AF,D114H,50.904800,6.234503,1,GIX,114.0,8.0,179.0,2,5000,0,0,0,0,0,0
CR,0,GIX,65.0,22.0,0,0,0,0,0,0,0,0
CF,BAM,51.327758,7.176983,0,BAM,0.0,0.0,62.0,36.0,0,0,0,0,0,0,0,0

SID,NG209,09,2
CA,0,89.0,2,700,0,0,0,0,0,0
FD,GIX,50.963339,6.045189,0,GIX,0.0,6.0,94.0,6.0,2,2400,0,0,0,0,0,0
VM,0,0,0,94.0,0,0,0,0,0,0,0,0

SID,NG227,27,2
CA,0,269.0,2,700,0,0,0,0,0,0
FD,GIX,50.963339,6.045189,0,GIX,0.0,4.0,266.0,4.0,2,3000,0,0,0,0,0,0
CR,1,GIX,163.0,88.0,0,0,0,0,0,0,0,0
VM,0,0,0,88.0,0,0,0,0,0,0,0,0

SID,NG32,09,2
CA,0,89.0,2,700,0,0,0,0,0,0
FD,GIX,50.963339,6.045189,0,GIX,0.0,4.0,97.0,4.0,2,2000,0,0,0,0,0,0
CD, ,0,0,0,GIX,0,0.0,97.0,8.0,2,3500,0,0,0,0,0,0
CI,0, ,0.0,97.0,0,0,0,0,0,0,0,0
AF,D051K,51.073314,6.277328,1,GIX,51.0,11.0,97.0,2,5000,0,0,0,0,0,0
CF,MEVEL,51.854772,7.209508,0,GIX,36.8,69.1,38.0,58.0,0,0,0,0,0,0,0,0

SID,NG33,09,2
CA,0,89.0,2,700,0,0,0,0,0,0
FD,GIX,50.963339,6.045189,0,GIX,0.0,4.0,97.0,4.0,2,2000,0,0,0,0,0,0
CD, ,0,0,0,GIX,0,0.0,97.0,6.0,0,0,0,0,0,0,0,0
CR,0,GIX,65.0,22.0,2,5000,0,0,0,0,0,0
CF,BAM,51.327758,7.176983,0,BAM,0.0,0.0,62.0,38.0,0,0,0,0,0,0,0,0

SID,NG81,27,2
CA,0,268.0,2,700,0,0,0,0,0,0
FD,GIX,50.963339,6.045189,0,GIX,0.0,4.0,268.0,4.0,0,0,0,0,0,0,0,0
VI,0, ,0.0,218.0,0,0,0,0,0,0,0,0
AF,D209H,50.849128,5.936833,1,GIX,209.0,8.0,248.0,0,0,0,0,0,0,0,0
VI,0, ,0.0,44.0,0,0,0,0,0,0,0,0
CF,GIX,50.963339,6.045189,0,GIX,0.0,0.0,358.0,5.0,0,0,0,0,0,0,0,0
TF,ZELTI,51.145000,6.164167,0, ,0.0,0.0,0.0,0.0,0,0,0,0,0,0,0,0

SID,NG86,27,2
CA,0,269.0,2,700,0,0,0,0,0,0
FD,GIX,50.963339,6.045189,0,GIX,0.0,4.0,267.0,4.0,2,2000,0,0,0,0,0,0
VI,0, ,0.0,219.0,0,0,0,0,0,0,0,0
AF,D210H,50.850339,5.933700,1,GIX,210.0,8.0,247.0,2,3500,0,0,0,0,0,0
VI,0, ,0.0,189.0,0,0,0,0,0,0,0,0
CF,LNO,50.585833,5.710278,0,LNO,0.0,0.0,219.0,15.0,0,0,0,0,0,0,0,0

SID,NG91,09,2
CA,0,89.0,2,700,0,0,0,0,0,0
CI,0, ,0.0,93.0,0,0,0,0,0,0,0,0
AF,D037G,51.053842,6.161544,1,GIX,37.0,7.0,93.0,0,0,0,0,0,0,0,0
CF,ZELTI,51.145000,6.164167,0,GIX,20.4,11.8,21.0,4.0,0,0,0,0,0,0,0,0

SID,NG96,09,2
CA,0,89.0,2,700,0,0,0,0,0,0
FD,GIX,50.963339,6.045189,0,GIX,0.0,4.0,97.0,4.0,2,2000,0,0,0,0,0,0
CF,D097K,50.934339,6.331422,0,GIX,97.0,11.0,97.0,7.0,0,0,0,0,0,0,0,1
CR,2,LNO,58.0,189.0,2,5500,0,0,0,0,0,0
CR,0,LNO,64.0,189.0,0,0,0,0,0,0,0,0
DF,KENUM,50.722500,6.239444,0, ,0.0,0.0,0,0,0,0,0,0,0,0
TF,LNO,50.585833,5.710278,0, ,0.0,0.0,0.0,0.0,0,0,0,0,0,0,0,0

APPTR,I27-Y,27,D115N
IF,D115N,50.867333,6.289833, ,0.0,0.0,4,10000,3000,1,220,0,1,0
AF,D100N,50.930903,6.323639,1,MAS,100.0,14.0,115.0,2,2500,0,0,0,0,0,0
AF,D089N,50.957531,6.328842,1,MAS,93.4,14.0,100.0,0,0,0,0,0,0,0,0
CF,CI27Y,50.958583,6.243717,0,IGEW,88.9,8.6,269.0,3.2,2,1900,0,0,0,0,0,0

FINAL,I27-Y,27,I,3
IF,CI27Y,50.958583,6.243717,IGEW,88.9,8.6,2,1900,0,0,0,0,0,0
CF,FI27Y,50.959203,6.191006,0,IGEW,88.9,6.6,269.0,2.0,1,1900,0,0,0,0,2,0
CF,RW27,50.960625,6.061358,0,IGEW,88.9,1.7,269.0,4.9,1,343,0,0,0,0,3,0
FD,RW27,50.960625,6.061358,0,GIX,102.9,4.0,269.0,4.0,2,3000,0,1,220,0,0,0
VI,1, ,0.0,70.0,0,0,0,0,0,0,0,0
CF,D115N,50.867333,6.289833,0,MAS,116.6,14.0,115.0,10.0,1,3000,0,0,0,0,0,0

APPTR,R09,09,ALESU
IF,ALESU,50.874606,6.301719, ,0.0,0.0,2,2500,0,1,220,0,1,0
TF,VALOB,50.879997,5.775347,0, ,0.0,0.0,0.0,0.0,2,2500,0,0,0,0,0,0
TF,NG402,50.963228,5.777003,0, ,0.0,0.0,0.0,0.0,2,2500,0,0,0,0,1,0

FINAL,R09,09,R,3
IF,NG402,50.963228,5.777003, ,0.0,0.0,2,2500,0,0,0,0,0,0
TF,GELNU,50.962344,5.882439,0, ,0.0,0.0,90.0,4.0,2,2000,0,0,0,0,2,0
TF,RW09,50.961025,6.022194,0, ,0.0,0.0,90.0,5.3,1,314,0,0,0,0,3,1
TF,NG404,50.960083,6.112325,0, ,0.0,0.0,0.0,0.0,0,0,0,0,0,0,0,0
TF,ALESU,50.874606,6.301719,0, ,0.0,0.0,0.0,0.0,1,2500,0,1,220,0,0,0

APPTR,R27,27,ALESU
IF,ALESU,50.874606,6.301719, ,0.0,0.0,2,2500,0,1,220,0,1,0
TF,NG401,50.957828,6.304339,0, ,0.0,0.0,0.0,0.0,2,2100,0,0,0,0,1,0

APPTR,R27,27,KETIG
IF,KETIG,50.956981,6.370222, ,0.0,0.0,2,3500,0,1,220,0,1,0
TF,NG401,50.957828,6.304339,0, ,0.0,0.0,0.0,0.0,2,2100,0,0,0,0,1,0

APPTR,R27,27,LINPU
IF,LINPU,51.041047,6.306964, ,0.0,0.0,2,3500,0,1,220,0,1,0
TF,NG401,50.957828,6.304339,0, ,0.0,0.0,0.0,0.0,2,2100,0,0,0,0,1,0

FINAL,R27,27,R,3
IF,NG401,50.957828,6.304339, ,0.0,0.0,2,2100,0,0,0,0,0,0
TF,TETGI,50.959103,6.198922,0, ,0.0,0.0,270.0,4.0,2,2000,0,0,0,0,2,0
TF,RW27,50.960625,6.061358,0, ,0.0,0.0,270.0,5.2,1,340,0,0,0,0,3,1
TF,NG427,50.961050,5.938361,0, ,0.0,0.0,0.0,0.0,0,0,0,0,0,0,0,1
DF,ALESU,50.874606,6.301719,1, ,0.0,0.0,1,2500,0,1,220,0,0,0

APPTR,T09,09,GIX38
IF,GIX38,51.563833,6.367500, ,0.0,0.0,2,10000,0,0,0,0,1,0
TF,D018K,51.135375,6.144736,0, ,0.0,0.0,0.0,0.0,2,10000,0,0,0,0,0,0
TF,GIX,50.963339,6.045189,0, ,0.0,0.0,0.0,0.0,0,0,0,0,0,0,0,0
CF,D231J,50.867986,5.845586,0,GIX,231.0,9.5,231.0,9.5,0,0,0,0,0,0,0,0
CI,0, ,0.0,231.0,0,0,0,0,0,0,0,0
AF,D256L,50.921392,5.736033,2,GIX,256.0,12.0,231.0,2,3000,0,0,0,0,0,0
AF,D266L,50.955939,5.729083,2,GIX,266.0,12.0,256.0,2,3000,0,0,0,0,0,0
CF,FT09,50.959622,5.881856,0,GIX,266.0,6.2,86.0,5.8,2,2000,0,0,0,0,0,0

FINAL,T09,09,D,3
IF,FT09,50.959622,5.881856,GIX,266.0,6.2,2,2000,0,0,0,0,2,0
CF,30TAC,50.961567,5.966153,0,GIX,266.0,3.0,86.0,3.2,2,980,0,0,0,0,0,0
CF,MT09,50.962753,6.018842,0,GIX,266.0,0.0,86.0,2.0,1,354,0,0,0,0,3,0
CF,D093F,50.954525,6.202728,0,GIX,93.0,6.0,93.0,7.0,2,3000,0,1,250,0,0,1
VM,0,0,2,268.0,1,3000,0,0,0,0,0,0

APPTR,T27,27,GIX38
IF,GIX38,51.563833,6.367500, ,0.0,0.0,0,0,0,0,0,0,1,0
FD,GIX38,51.563833,6.367500,0,GIX,16.5,21.0,198.0,21.0,0,0,0,0,0,0,0,0
CI,0, ,0.0,198.0,0,0,0,0,0,0,0,0
AF,D041P,51.157783,6.334058,2,GIX,41.0,16.0,18.0,2,10000,0,0,0,0,0,0
AF,D078P,51.008853,6.460983,2,GIX,78.0,16.0,41.0,3,7000,0,0,0,0,0,0
AF,D087P,50.967225,6.466956,2,GIX,87.0,16.0,78.0,2,2800,0,0,0,0,0,0
CF,FT27,50.951058,6.202139,0,GIX,95.0,6.0,275.0,11.0,2,2000,0,0,0,0,0,0

APPTR,T27,27,NOR
IF,NOR,50.840556,6.694167, ,0.0,0.0,0,0,0,0,0,0,0,0
TF,GIX38,51.563833,6.367500,0, ,0.0,0.0,0.0,0.0,0,0,0,0,0,0,1,0
HF,GIX38,51.563833,6.367500,2, ,0.0,0.0,198.0,06,0,0,0,0,0,0,0,0,0
FD,GIX38,51.563833,6.367500,0,GIX,16.5,21.0,198.0,21.0,0,0,0,0,0,0,0,0
CI,0, ,0.0,198.0,0,0,0,0,0,0,0,0
AF,D041P,51.157783,6.334058,2,GIX,41.0,16.0,18.0,2,10000,0,0,0,0,0,0
AF,D078P,51.008853,6.460983,2,GIX,78.0,16.0,41.0,3,7000,0,0,0,0,0,0
AF,D087P,50.967225,6.466956,2,GIX,87.0,16.0,78.0,2,2800,0,0,0,0,0,0
CF,FT27,50.951058,6.202139,0,GIX,95.0,6.0,275.0,11.0,2,2000,0,0,0,0,0,0

FINAL,T27,27,D,3
IF,FT27,50.951058,6.202139,GIX,95.0,6.0,2,2000,0,0,0,0,2,0
CF,25TAC,50.958247,6.110594,0,GIX,95.0,2.5,275.0,3.5,2,940,0,0,0,0,0,0
CF,MT27,50.961306,6.071353,0,GIX,95.0,0.0,275.0,1.5,1,462,0,0,0,0,3,0
CF,D268D,50.963289,5.939739,0,GIX,268.0,4.0,268.0,5.0,2,3000,0,1,230,0,0,1
VM,0,0,1,88.0,1,3000,0,0,0,0,0,0

