SID,NL109,09,2
DF,D096D,53.909544,12.397903,0, ,0.0,0.0,2,2000,0,0,0,0,0,0

SID,NL12,27,2
CF,D272C,53.923797,12.202189,0,LAG,271.6,3.0,274.0,2.0,0,0,0,0,0,0,0,1
CF,GASBO,54.274811,12.276536,2,LAG,356.1,21.3,15.0,19.0,0,0,0,0,0,0,0,0

SID,NL127,27,2
CF,D270B,53.921494,12.230022,0,LAG,269.8,2.0,274.0,2.0,0,0,0,0,0,0,0,1
TF,D251H,53.882225,12.070003,0, ,0.0,0.0,0.0,0.0,2,2000,0,0,0,0,0,0

SID,NL14,27,2
CF,D272C,53.923797,12.202189,0,LAG,271.6,3.0,274.0,3.0,0,0,0,0,0,0,0,1
CF,TAGOB,53.734772,11.833056,0,LAG,232.6,19.6,226.0,17.0,0,0,0,0,0,0,0,0

SID,NL16,27,2
CF,D272C,53.923797,12.202189,0,LAG,271.6,3.0,274.0,2.0,0,0,0,0,0,0,0,1
CF,LEGSA,53.753325,12.789622,1,LAG,116.0,20.5,104.0,23.0,0,0,0,0,0,0,0,0

SID,NL227,27,2
CF,D270B,53.921494,12.230022,0,LAG,269.8,2.0,274.0,2.0,0,0,0,0,0,0,0,1
TF,D296H,53.984922,12.089583,0, ,0.0,0.0,0.0,0.0,2,2000,0,0,0,0,0,0

SID,NL32,09,2
CF,D096E,53.907269,12.425592,0,LAG,95.7,5.0,94.0,5.0,0,0,0,0,0,0,0,1
CF,GASBO,54.274811,12.276536,1,LAG,356.1,21.3,337.0,21.0,0,0,0,0,0,0,0,0

SID,NL34,09,2
CF,D096E,53.907269,12.425592,0,LAG,95.7,5.0,94.0,5.0,0,0,0,0,0,0,0,1
CF,TAGOB,53.734772,11.833056,2,LAG,232.6,19.6,256.0,22.0,0,0,0,0,0,0,0,0

SID,NL36,09,2
CF,D096E,53.907269,12.425592,0,LAG,95.7,5.0,94.0,5.0,0,0,0,0,0,0,0,1
CF,LEGSA,53.753325,12.789622,0,LAG,116.0,20.5,127.0,14.0,0,0,0,0,0,0,0,0

APPTR,I09-Y,09,D223T
IF,D223T,53.692167,11.876333, ,0.0,0.0,4,10000,5000,0,0,0,1,0
CF,D223R,53.720728,11.927350,0,LAG,223.0,17.5,43.0,2.5,0,0,0,0,0,0,0,0
CI,0, ,0.0,43.0,0,0,0,0,0,0,0,0
AF,D274P,53.950253,11.866581,2,LAG,273.2,15.0,223.0,0,0,0,0,0,0,0,0
CF,CF09,53.943831,11.950497,0,ILAE,273.7,12.9,94.0,3.0,2,3000,0,0,0,0,0,0

APPTR,I09-Y,09,D272T
IF,D272T,53.950500,11.724833, ,0.0,0.0,4,10000,5000,0,0,0,1,0
TF,D272Q,53.948481,11.809511,0, ,0.0,0.0,0.0,0.0,0,0,0,0,0,0,0,0
CF,CF09,53.943831,11.950497,0,ILAE,273.7,12.9,88.0,5.0,2,3000,0,0,0,0,0,0

APPTR,I09-Y,09,D323T
IF,D323T,54.198500,11.977333, ,0.0,0.0,4,10000,5000,0,0,0,1,0
CF,D323R,54.163764,12.016172,0,LAG,324.0,17.5,143.0,2.5,0,0,0,0,0,0,0,0
CI,0, ,0.0,143.0,0,0,0,0,0,0,0,0
AF,D274P,53.950253,11.866581,1,LAG,273.2,15.0,324.0,0,0,0,0,0,0,0,0
CF,CF09,53.943831,11.950497,0,ILAE,273.7,12.9,94.0,3.0,2,3000,0,0,0,0,0,0

FINAL,I09-Y,09,I,3
IF,CF09,53.943831,11.950497,ILAE,273.7,12.9,2,3000,0,0,0,0,0,0
CF,FF09,53.932122,12.101483,0,ILAE,273.7,7.5,94.0,5.4,1,2000,0,0,0,0,2,0
CF,RW09,53.919600,12.260283,0,ILAE,273.7,1.9,94.0,5.7,1,198,0,0,0,0,3,0
FD,RW09,53.919600,12.260283,0,LAG,265.0,3.0,94.0,3.0,0,0,0,0,0,0,0,0
VM,0,0,1,274.0,1,2000,0,0,0,0,0,0

APPTR,I09-Z,09,BEKEP
IF,BEKEP,53.952667,11.806333, ,0.0,0.0,4,10000,4000,0,0,0,1,0
CF,CF09,53.943831,11.950497,0,ILAE,273.7,12.9,94.0,5.1,2,3000,0,0,0,0,0,0

APPTR,I09-Z,09,BKD
IF,BKD,53.034525,11.546217, ,0.0,0.0,0,0,0,0,0,0,0,0
TF,BEKEP,53.952667,11.806333,0, ,0.0,0.0,0.0,0.0,4,10000,4000,0,0,0,1,0
CF,CF09,53.943831,11.950497,0,ILAE,273.7,12.9,94.0,5.1,2,3000,0,0,0,0,0,0

APPTR,I09-Z,09,FLD
IF,FLD,53.762736,13.563136, ,0.0,0.0,0,0,0,0,0,0,0,0
TF,BEKEP,53.952667,11.806333,0, ,0.0,0.0,0.0,0.0,4,10000,4000,0,0,0,0,0
HF,BEKEP,53.952667,11.806333,1, ,0.0,0.0,94.0,04.3,2,4000,0,0,0,0,1,0,0
CF,CF09,53.943831,11.950497,0,ILAE,273.7,12.9,94.0,5.1,2,3000,0,0,0,0,0,0

APPTR,I09-Z,09,MIC
IF,MIC,54.305461,11.005186, ,0.0,0.0,0,0,0,0,0,0,0,0
TF,BEKEP,53.952667,11.806333,0, ,0.0,0.0,0.0,0.0,4,10000,4000,0,0,0,1,0
CF,CF09,53.943831,11.950497,0,ILAE,273.7,12.9,94.0,5.1,2,3000,0,0,0,0,0,0

FINAL,I09-Z,09,I,3
IF,CF09,53.943831,11.950497,ILAE,273.7,12.9,2,3000,0,0,0,0,0,0
CF,FF09,53.932122,12.101483,0,ILAE,273.7,7.5,94.0,5.4,1,2000,0,0,0,0,2,0
CF,RW09,53.919600,12.260283,0,ILAE,273.7,1.9,94.0,5.7,1,198,0,0,0,0,3,0
FD,RW09,53.919600,12.260283,0,LAG,265.0,3.0,94.0,3.0,0,0,0,0,0,0,0,0
VM,0,0,1,274.0,1,2000,0,0,0,0,0,0

APPTR,I27-Y,27,D048T
IF,D048T,54.123833,12.732833, ,0.0,0.0,4,10000,5000,0,0,0,1,0
CF,D048R,54.098500,12.676808,0,LAG,48.0,17.5,228.0,2.5,0,0,0,0,0,0,0,0
CI,0, ,0.0,228.0,0,0,0,0,0,0,0,0
AF,D094P,53.883381,12.704492,2,LAG,94.2,15.0,48.0,0,0,0,0,0,0,0,0
CF,CF27,53.890333,12.620817,0,ILAW,93.7,13.4,274.0,3.0,2,3000,0,0,0,0,0,0

APPTR,I27-Y,27,D097T
IF,D097T,53.858000,12.840000, ,0.0,0.0,4,10000,5000,0,0,0,1,0
FD,D097T,53.858000,12.840000,0,LAG,96.5,17.0,282.0,17.0,0,0,0,0,0,0,0,0
CF,CF27,53.890333,12.620817,0,ILAW,93.7,13.4,282.0,5.0,2,3000,0,0,0,0,0,0

APPTR,I27-Y,27,D153T
IF,D153T,53.613333,12.505167, ,0.0,0.0,4,10000,5000,0,0,0,1,0
CF,D153R,53.651661,12.477936,0,LAG,153.0,17.5,333.0,2.5,0,0,0,0,0,0,0,0
CI,0, ,0.0,333.0,0,0,0,0,0,0,0,0
AF,D094P,53.883381,12.704492,1,LAG,94.2,15.0,153.0,0,0,0,0,0,0,0,0
CF,CF27,53.890333,12.620817,0,ILAW,93.7,13.4,274.0,3.0,2,3000,0,0,0,0,0,0

FINAL,I27-Y,27,I,3
IF,CF27,53.890333,12.620817,ILAW,93.7,13.4,2,3000,0,0,0,0,0,0
CF,FF27,53.903383,12.461758,0,ILAW,93.7,7.7,274.0,5.7,1,2000,0,0,0,0,2,0
CF,RW27,53.916567,12.298294,0,ILAW,93.7,1.8,274.0,5.9,1,165,0,0,0,0,3,0
FD,RW27,53.916567,12.298294,0,LAG,111.2,4.0,274.0,4.0,0,0,0,0,0,0,0,0
VM,0,0,2,94.0,1,2000,0,0,0,0,0,0

APPTR,I27-Z,27,BKD
IF,BKD,53.034525,11.546217, ,0.0,0.0,0,0,0,0,0,0,0,0
TF,OSGIG,53.873667,12.756000,0, ,0.0,0.0,0.0,0.0,4,10000,4000,0,0,0,0,1
HF,OSGIG,53.873667,12.756000,1, ,0.0,0.0,274.0,04.3,2,4000,0,0,0,0,1,0,0
CF,CF27,53.890333,12.620817,0,ILAW,93.7,13.4,274.0,4.9,2,3000,0,0,0,0,0,0

APPTR,I27-Z,27,FLD
IF,FLD,53.762736,13.563136, ,0.0,0.0,0,0,0,0,0,0,0,0
TF,OSGIG,53.873667,12.756000,0, ,0.0,0.0,0.0,0.0,4,10000,4000,0,0,0,1,0
CF,CF27,53.890333,12.620817,0,ILAW,93.7,13.4,274.0,4.9,2,3000,0,0,0,0,0,0

APPTR,I27-Z,27,OSGIG
IF,OSGIG,53.873667,12.756000, ,0.0,0.0,4,10000,4000,0,0,0,1,0
CF,CF27,53.890333,12.620817,0,ILAW,93.7,13.4,274.0,4.9,2,3000,0,0,0,0,0,0

APPTR,I27-Z,27,TRT
IF,TRT,54.510969,13.249328, ,0.0,0.0,0,0,0,0,0,0,0,0
TF,OSGIG,53.873667,12.756000,0, ,0.0,0.0,0.0,0.0,4,10000,4000,0,0,0,1,0
CF,CF27,53.890333,12.620817,0,ILAW,93.7,13.4,274.0,4.9,2,3000,0,0,0,0,0,0

FINAL,I27-Z,27,I,3
IF,CF27,53.890333,12.620817,ILAW,93.7,13.4,2,3000,0,0,0,0,0,0
CF,FF27,53.903383,12.461758,0,ILAW,93.7,7.7,274.0,5.7,1,2000,0,0,0,0,2,0
CF,RW27,53.916567,12.298294,0,ILAW,93.7,1.8,274.0,5.9,1,165,0,0,0,0,3,0
FD,RW27,53.916567,12.298294,0,LAG,111.2,4.0,274.0,4.0,0,0,0,0,0,0,0,0
VM,0,0,2,94.0,1,2000,0,0,0,0,0,0

APPTR,R09,09,BADOB
IF,BADOB,54.101667,11.948833, ,0.0,0.0,2,5000,0,0,0,0,1,0
TF,NL041,53.943069,11.960786,0, ,0.0,0.0,0.0,0.0,2,3500,0,0,0,0,1,0

APPTR,R09,09,BITSO
IF,BITSO,53.824667,11.898000, ,0.0,0.0,2,4000,0,0,0,0,1,0
TF,NL041,53.943069,11.960786,0, ,0.0,0.0,0.0,0.0,2,3500,0,0,0,0,1,0

APPTR,R09,09,GASBO
IF,GASBO,54.274811,12.276536, ,0.0,0.0,0,0,0,0,0,0,0,0
TF,BADOB,54.101667,11.948833,0, ,0.0,0.0,0.0,0.0,2,5000,0,0,0,0,1,0
TF,NL041,53.943069,11.960786,0, ,0.0,0.0,0.0,0.0,2,3500,0,0,0,0,1,0

APPTR,R09,09,LEGSA
IF,LEGSA,53.753325,12.789622, ,0.0,0.0,0,0,0,0,0,0,0,0
TF,BITSO,53.824667,11.898000,0, ,0.0,0.0,0.0,0.0,2,4000,0,0,0,0,1,0
TF,NL041,53.943069,11.960786,0, ,0.0,0.0,0.0,0.0,2,3500,0,0,0,0,1,0

APPTR,R09,09,TAGOB
IF,TAGOB,53.734772,11.833056, ,0.0,0.0,0,0,0,0,0,0,0,0
TF,BITSO,53.824667,11.898000,0, ,0.0,0.0,0.0,0.0,2,4000,0,0,0,0,1,0
TF,NL041,53.943069,11.960786,0, ,0.0,0.0,0.0,0.0,2,3500,0,0,0,0,1,0

FINAL,R09,09,R,3
IF,NL041,53.943069,11.960786, ,0.0,0.0,2,3500,0,0,0,0,0,0
TF,ROLAX,53.932167,12.100500,0, ,0.0,0.0,94.0,5.0,1,2000,0,0,0,0,2,0
TF,RW09,53.919600,12.260283,0, ,0.0,0.0,94.0,5.7,1,181,0,0,0,0,3,1
TF,NL042,53.912092,12.354131,0, ,0.0,0.0,0.0,0.0,0,0,0,0,0,0,0,1
DF,NL043,54.002497,12.393406,1, ,0.0,0.0,0,0,0,1,220,0,0,0
TF,BADOB,54.101667,11.948833,0, ,0.0,0.0,0.0,0.0,1,5000,0,0,0,0,0,0

APPTR,R27,27,BADSU
IF,BADSU,53.987000,12.652833, ,0.0,0.0,2,5000,0,0,0,0,1,0
TF,NL021,53.892022,12.600525,0, ,0.0,0.0,0.0,0.0,2,3500,0,0,0,0,1,0

APPTR,R27,27,GASBO
IF,GASBO,54.274811,12.276536, ,0.0,0.0,0,0,0,0,0,0,0,0
TF,BADSU,53.987000,12.652833,0, ,0.0,0.0,0.0,0.0,2,5000,0,0,0,0,1,0
TF,NL021,53.892022,12.600525,0, ,0.0,0.0,0.0,0.0,2,3500,0,0,0,0,1,0

APPTR,R27,27,LEGSA
IF,LEGSA,53.753325,12.789622, ,0.0,0.0,0,0,0,0,0,0,0,0
TF,TETKO,53.792167,12.606500,0, ,0.0,0.0,0.0,0.0,2,4000,0,0,0,0,1,0
TF,NL021,53.892022,12.600525,0, ,0.0,0.0,0.0,0.0,2,3500,0,0,0,0,1,0

APPTR,R27,27,TAGOB
IF,TAGOB,53.734772,11.833056, ,0.0,0.0,0,0,0,0,0,0,0,0
TF,TETKO,53.792167,12.606500,0, ,0.0,0.0,0.0,0.0,2,4000,0,0,0,0,1,0
TF,NL021,53.892022,12.600525,0, ,0.0,0.0,0.0,0.0,2,3500,0,0,0,0,1,0

APPTR,R27,27,TETKO
IF,TETKO,53.792167,12.606500, ,0.0,0.0,2,4000,0,0,0,0,1,0
TF,NL021,53.892022,12.600525,0, ,0.0,0.0,0.0,0.0,2,3500,0,0,0,0,1,0

FINAL,R27,27,R,3
IF,NL021,53.892022,12.600525, ,0.0,0.0,2,3500,0,0,0,0,0,0
TF,ESERO,53.903500,12.461167,0, ,0.0,0.0,274.0,5.0,1,2000,0,0,0,0,2,0
TF,RW27,53.916567,12.298294,0, ,0.0,0.0,274.0,5.8,1,155,0,0,0,0,3,1
TF,NL022,53.923239,12.214483,0, ,0.0,0.0,0.0,0.0,0,0,0,0,0,0,0,1
DF,NL023,54.016539,12.224578,2, ,0.0,0.0,0,0,0,1,220,0,0,0
TF,NL024,54.016658,12.529450,0, ,0.0,0.0,0.0,0.0,0,0,0,0,0,0,0,0
TF,BADSU,53.987000,12.652833,0, ,0.0,0.0,0.0,0.0,1,5000,0,0,0,0,0,0

APPTR,T09,09,D223T
IF,D223T,53.692167,11.876333, ,0.0,0.0,4,10000,5000,0,0,0,1,0
CF,D223R,53.720728,11.927350,0,LAG,223.0,17.5,43.0,2.5,0,0,0,0,0,0,0,0
CI,0, ,0.0,43.0,0,0,0,0,0,0,0,0
AF,D262O,53.901708,11.864803,2,LAG,262.0,15.0,223.0,0,0,0,0,0,0,0,0
CF,D272L,53.940261,11.949844,0,LAG,272.0,12.0,92.0,3.5,2,3000,0,0,0,0,0,0
CF,FT09,53.930178,12.118172,0,LAG,272.0,6.0,92.0,6.0,2,1800,0,0,0,0,0,0

APPTR,T09,09,D272T
IF,D272T,53.950500,11.724833, ,0.0,0.0,4,10000,5000,0,0,0,1,0
CF,D272L,53.940261,11.949844,0,LAG,272.0,12.0,92.0,8.0,2,3000,0,0,0,0,0,0
CF,FT09,53.930178,12.118172,0,LAG,272.0,6.0,92.0,6.0,2,1800,0,0,0,0,0,0

APPTR,T09,09,D323T
IF,D323T,54.198500,11.977333, ,0.0,0.0,4,10000,5000,0,0,0,1,0
CF,D323R,54.163764,12.016172,0,LAG,323.0,17.5,143.0,2.5,0,0,0,0,0,0,0,0
CI,0, ,0.0,143.0,0,0,0,0,0,0,0,0
AF,D281O,53.983764,11.877372,1,LAG,281.0,15.0,323.0,0,0,0,0,0,0,0,0
CF,D272L,53.940261,11.949844,0,LAG,272.0,12.0,92.0,3.5,2,3000,0,0,0,0,0,0
CF,FT09,53.930178,12.118172,0,LAG,272.0,6.0,92.0,6.0,2,1800,0,0,0,0,0,0

FINAL,T09,09,D,3
IF,FT09,53.930178,12.118172,LAG,272.0,6.0,2,1800,0,0,0,0,2,0
CF,35TAC,53.925908,12.188283,0,LAG,272.0,3.5,92.0,2.5,2,1000,0,0,0,0,0,0
CF,MT09,53.921597,12.258381,0,LAG,272.0,0.0,92.0,2.5,1,224,0,0,0,0,3,0
CF,D092C,53.914614,12.370508,0,LAG,92.0,3.0,92.0,4.0,1,1800,0,0,0,0,0,1
VM,0,0,1,274.0,0,0,0,0,0,0,0,0

APPTR,T27,27,D048T
IF,D048T,54.123833,12.732833, ,0.0,0.0,4,10000,5000,0,0,0,1,0
CF,D048R,54.098500,12.676808,0,LAG,48.0,17.5,228.0,2.5,0,0,0,0,0,0,0,0
CI,0, ,0.0,228.0,0,0,0,0,0,0,0,0
AF,D087O,53.914761,12.709128,2,LAG,87.0,15.0,48.0,0,0,0,0,0,0,0,0
CF,CT27,53.881303,12.618158,0,LAG,97.0,12.0,277.0,3.0,2,3000,0,0,0,0,0,0

APPTR,T27,27,D097T
IF,D097T,53.858000,12.840000, ,0.0,0.0,4,10000,5000,0,0,0,1,0
CF,CT27,53.881303,12.618158,0,LAG,97.0,12.0,277.0,8.0,2,3000,0,0,0,0,0,0

APPTR,T27,27,D153T
IF,D153T,53.613333,12.505167, ,0.0,0.0,4,10000,5000,0,0,0,1,0
CF,D153R,53.651661,12.477936,0,LAG,153.0,17.5,333.0,2.5,0,0,0,0,0,0,0,0
CI,0, ,0.0,333.0,0,0,0,0,0,0,0,0
AF,D106O,53.833839,12.682931,1,LAG,106.0,15.0,153.0,0,0,0,0,0,0,0,0
CF,CT27,53.881303,12.618158,0,LAG,97.0,12.0,277.0,3.0,2,3000,0,0,0,0,0,0

FINAL,T27,27,D,4
IF,CT27,53.881303,12.618158,LAG,97.0,12.0,2,3000,0,0,0,0,0,0
CF,FT27,53.900697,12.452364,0,LAG,97.0,6.0,277.0,6.0,2,1900,0,0,0,0,2,0
CF,30TAC,53.910306,12.369408,0,LAG,97.0,3.0,277.0,3.0,2,970,0,0,0,0,0,0
CF,MT27,53.916683,12.314086,0,LAG,97.0,0.0,277.0,2.0,1,342,0,0,0,0,3,0
CF,D277D,53.932508,12.175703,0,LAG,277.0,4.0,277.0,5.0,0,0,0,0,0,0,0,1
VM,0,0,2,94.0,1,1900,0,0,0,0,0,0

