SID,NT108,08,2
CF,D076E,53.568947,7.834142,0,WTM,76.3,4.0,76.0,6.0,2,3000,0,0,0,0,0,0

SID,NT126,26,2
CF,D257G,53.530886,7.533497,0,WTM,257.5,7.0,256.0,5.0,2,3000,0,0,0,0,0,0

APPTR,I26,26,D020N
IF,D020N,53.770167,7.872333, ,0.0,0.0,4,9000,5000,0,0,0,1,0
CI,0, ,0.0,200.0,0,0,0,0,0,0,0,0
AF,D066L,53.628731,8.036578,2,WTM,66.0,12.0,20.0,2,3000,0,0,0,0,0,0
CI,0,INTW,0.0,226.0,0,0,0,0,0,0,0,0

FINAL,I26,26,I,3
IF,CI26,53.596706,8.053014,INTW,75.8,15.0,2,3000,0,0,0,0,0,0
CF,FI26,53.571428,7.851911,0,INTW,75.8,7.6,256.0,7.4,1,2000,0,0,0,0,2,0
CF,RW26,53.550219,7.685394,0,INTW,75.8,1.5,256.0,6.1,1,51,0,0,0,0,3,0
CA,0,256.0,2,1000,0,0,0,0,0,0
VM,0,0,2,69.0,1,3000,0,1,230,0,0,0

APPTR,T08,08,D020N
IF,D020N,53.770167,7.872333, ,0.0,0.0,4,9000,5000,0,0,0,1,0
CI,0, ,0.0,200.0,0,0,0,0,0,0,0,0
AF,D266L,53.546894,7.390033,1,WTM,266.0,12.0,20.0,2,3000,0,0,0,0,0,0
CF,FT08,53.528731,7.505792,0,WTM,257.0,8.0,77.0,4.0,2,1700,0,0,0,0,0,0

FINAL,T08,08,D,3
IF,FT08,53.528731,7.505792,WTM,257.0,8.0,2,1700,0,0,0,0,2,0
CF,60TAC,53.535167,7.560597,0,WTM,257.0,6.0,77.0,2.0,2,1100,0,0,0,0,0,0
CF,MT08,53.544778,7.642833,0,WTM,257.0,3.0,77.0,3.0,1,151,0,0,0,0,3,0
CA,0,77.0,2,430,0,0,0,0,0,0
VM,0,0,1,258.0,1,3000,0,1,230,0,0,0

APPTR,T26,26,D020N
IF,D020N,53.770167,7.872333, ,0.0,0.0,4,9000,5000,0,0,0,1,0
CI,0, ,0.0,200.0,0,0,0,0,0,0,0,0
AF,D065L,53.631956,8.034358,2,WTM,65.0,12.0,20.0,2,2500,0,0,0,0,0,0
CF,FT26,53.570386,7.833611,0,WTM,74.0,4.0,254.0,8.0,2,1800,0,0,0,0,0,0

FINAL,T26,26,D,3
IF,FT26,53.570386,7.833611,WTM,74.0,4.0,2,1800,0,0,0,0,2,0
CF,20TAC,53.562372,7.779350,0,WTM,74.0,2.0,254.0,2.0,2,1160,0,0,0,0,0,0
CF,MT26,53.550303,7.697997,0,WTM,254.0,0.0,254.0,3.0,1,210,0,0,0,0,3,0
CA,0,254.0,2,430,0,0,0,0,0,0
VM,0,0,2,69.0,1,3000,0,1,230,0,0,0

