SID,NW103,03,2
CA,0,24.0,2,600,0,0,0,0,0,0
CD, ,0,0,0,HAD,0,0.0,299.0,10.3,3,1000,0,1,150,0,0,0
CD, ,0,0,0,HAD,0,0.0,299.0,14.0,1,2000,0,0,0,0,0,0
VM,0,0,0,299.0,0,0,0,0,0,0,0,0

SID,NW121,21,2
CD, ,0,0,0,IWUE,0,0.0,204.0,5.0,2,2000,0,0,0,0,0,0
VM,0,0,0,204.0,0,0,0,0,0,0,0,0

SID,NW308,08,2
CD, ,0,0,0,IWUE,0,0.0,79.0,6.0,2,2000,0,0,0,0,0,0
VM,0,0,0,79.0,0,0,0,0,0,0,0,0

SID,NW326,26,2
DF,DER26,52.456014,9.412622,0, ,0.0,0.0,0,0,0,0,0,0,0,0
CD, ,0,0,0,IWUW,0,0.0,249.0,6.0,2,2000,0,0,0,0,0,0
VM,0,0,0,249.0,0,0,0,0,0,0,0,0

APPTR,I08-Z,08,IPKAP
IF,IPKAP,52.572833,9.110333, ,0.0,0.0,4,10000,3000,0,0,0,1,0
CI,0, ,0.0,119.0,0,0,0,0,0,0,0,0
AF,D273K,52.473614,9.131217,1,WUN,273.0,11.0,299.0,2,2000,0,0,0,0,0,0
CF,CI08Z,52.437817,9.213297,0,IWUE,258.6,8.8,79.0,4.0,2,2000,0,0,0,0,0,0

FINAL,I08-Z,08,I,3
IF,CI08Z,52.437817,9.213297,IWUE,258.6,8.8,2,2000,0,0,0,0,0,0
CF,FI08Z,52.442764,9.267164,0,IWUE,258.6,6.8,79.0,2.0,1,2000,0,0,0,0,2,0
CF,RW08,52.456339,9.416231,0,IWUE,258.6,1.3,79.0,5.5,1,225,0,0,0,0,3,0
CA,0,79.0,2,700,0,0,0,0,0,0
CI,1, ,0.0,254.0,0,0,0,1,220,0,0,0
CF,D299J,52.542825,9.197881,0,WUN,299.0,10.0,299.0,7.0,1,1500,0,0,0,0,0,0
CF,IPKAP,52.572833,9.110333,0,WUN,298.4,13.7,299.0,3.7,1,3000,0,0,0,0,0,0
HM,IPKAP,52.572833,9.110333,2, ,0.0,0.0,119.0,05,0,0,0,0,0,0,0,0,0

APPTR,I26-Z,26,IPKAP
IF,IPKAP,52.572833,9.110333, ,0.0,0.0,4,10000,3000,0,0,0,1,0
CI,0, ,0.0,119.0,0,0,0,0,0,0,0,0
AF,D065K,52.523108,9.707672,2,WUN,65.0,11.0,299.0,2,3000,0,0,0,0,0,0
CF,CI26Z,52.477142,9.648928,0,IWUW,78.6,8.9,259.0,3.0,2,2000,0,0,0,0,0,0

FINAL,I26-Z,26,I,3
IF,CI26Z,52.477142,9.648928,IWUW,78.6,8.9,2,2000,0,0,0,0,0,0
CF,FI26Z,52.472336,9.594711,0,IWUW,78.6,6.8,259.0,2.0,1,2000,0,0,0,0,2,0
CF,RW26,52.459000,9.445700,0,IWUW,78.6,1.3,259.0,5.5,1,228,0,0,0,0,3,0
CF,D259B,52.452761,9.374961,0,WUN,263.4,2.0,259.0,2.6,0,0,0,0,0,0,0,1
CI,2, ,0.0,344.0,0,0,0,0,0,0,0,0
CF,D299J,52.542825,9.197881,0,WUN,299.0,10.0,299.0,6.0,1,2000,0,0,0,0,0,0
CF,IPKAP,52.572833,9.110333,0,WUN,298.4,13.7,299.0,3.7,1,3000,0,0,0,0,0,0
HM,IPKAP,52.572833,9.110333,2, ,0.0,0.0,119.0,05,0,0,0,0,0,0,0,0,0

APPTR,R08,08,NIE
IF,NIE,52.625892,9.371992, ,0.0,0.0,2,3000,0,1,230,0,1,0
TF,NW500,52.524519,9.246958,0, ,0.0,0.0,0.0,0.0,0,0,0,0,0,0,0,0
TF,NW501,52.512425,9.111994,0, ,0.0,0.0,0.0,0.0,0,0,0,0,0,0,0,0
TF,NW502,52.500331,8.977067,0, ,0.0,0.0,0.0,0.0,0,0,0,0,0,0,0,0
TF,NW503,52.488239,8.842175,0, ,0.0,0.0,0.0,0.0,2,3000,0,0,0,0,0,0
TF,NW504,52.405917,8.862111,0, ,0.0,0.0,0.0,0.0,2,3000,0,0,0,0,0,0
TF,NW505,52.418167,8.996714,0, ,0.0,0.0,0.0,0.0,2,3000,0,0,0,0,0,0
TF,NW506,52.430414,9.131356,0, ,0.0,0.0,0.0,0.0,2,2000,0,0,0,0,1,0

APPTR,R08,08,ROBEG
IF,ROBEG,52.233617,9.269619, ,0.0,0.0,2,4000,0,1,230,0,1,0
TF,NW520,52.347783,9.150792,0, ,0.0,0.0,0.0,0.0,0,0,0,0,0,0,0,0
TF,NW521,52.335689,9.016364,0, ,0.0,0.0,0.0,0.0,0,0,0,0,0,0,0,0
TF,NW522,52.323594,8.881975,0, ,0.0,0.0,0.0,0.0,2,4000,0,0,0,0,0,0
TF,NW504,52.405917,8.862111,0, ,0.0,0.0,0.0,0.0,2,3000,0,0,0,0,0,0
TF,NW505,52.418167,8.996714,0, ,0.0,0.0,0.0,0.0,2,3000,0,0,0,0,0,0
TF,NW506,52.430414,9.131356,0, ,0.0,0.0,0.0,0.0,2,2000,0,0,0,0,1,0

FINAL,R08,08,R,3
IF,NW506,52.430414,9.131356, ,0.0,0.0,2,2000,0,0,0,0,0,0
TF,NW507,52.442636,9.265683,0, ,0.0,0.0,79.0,5.0,2,2000,0,0,0,0,2,0
TF,RW08,52.456339,9.416231,0, ,0.0,0.0,79.0,5.6,1,221,0,0,0,0,3,1
CA,0,79.0,2,700,0,0,0,0,0,0
DF,NIE,52.625892,9.371992,1, ,0.0,0.0,1,3000,0,1,230,0,0,0

APPTR,R26,26,NIE
IF,NIE,52.625892,9.371992, ,0.0,0.0,2,3000,0,1,230,0,1,0
TF,NW400,52.553250,9.563542,0, ,0.0,0.0,0.0,0.0,0,0,0,0,0,0,0,0
TF,NW401,52.566592,9.710583,0, ,0.0,0.0,0.0,0.0,0,0,0,0,0,0,0,0
TF,NW402,52.578839,9.845678,0, ,0.0,0.0,0.0,0.0,0,0,0,0,0,0,0,0
TF,NW403,52.591086,9.980811,0, ,0.0,0.0,0.0,0.0,0,0,0,0,0,0,0,0
TF,NW404,52.508769,10.000794,0, ,0.0,0.0,0.0,0.0,2,3000,0,0,0,0,0,0
TF,NW405,52.496675,9.865878,0, ,0.0,0.0,0.0,0.0,2,3000,0,0,0,0,0,0
TF,NW406,52.484581,9.730997,0, ,0.0,0.0,0.0,0.0,2,2000,0,0,0,0,1,0

FINAL,R26,26,R,3
IF,NW406,52.484581,9.730997, ,0.0,0.0,2,2000,0,0,0,0,0,0
TF,NW407,52.472486,9.596153,0, ,0.0,0.0,259.0,5.0,2,2000,0,0,0,0,2,0
TF,RW26,52.459000,9.445700,0, ,0.0,0.0,259.0,5.6,1,224,0,0,0,0,3,1
CF,NW410,52.433586,9.297722,0,WUN,252.2,5.0,250.0,5.6,0,0,0,0,0,0,0,1
DF,NIE,52.625892,9.371992,2, ,0.0,0.0,1,3000,0,1,230,0,0,0

APPTR,T03,03,D198R
IF,D198R,52.175033,9.254747, ,0.0,0.0,4,6000,4000,0,0,0,1,0
CF,D198N,52.237239,9.293367,0,WUN,198.0,14.0,18.0,4.0,0,0,0,0,0,0,0,0
CF,D198K,52.283883,9.322400,0,WUN,198.0,11.0,18.0,3.0,2,3000,0,0,0,0,0,0
CF,FT03,52.361611,9.370925,0,WUN,198.0,6.0,18.0,5.0,2,1900,0,0,0,0,0,0

APPTR,T03,03,IPKAP
IF,IPKAP,52.572833,9.110333, ,0.0,0.0,4,10000,3000,0,0,0,1,0
CI,0, ,0.0,119.0,0,0,0,0,0,0,0,0
AF,D208K,52.297822,9.275581,1,WUN,208.0,11.0,299.0,2,3000,0,0,0,0,0,0
CF,FT03,52.361611,9.370925,0,WUN,198.0,6.0,18.0,5.0,2,1900,0,0,0,0,0,0

FINAL,T03,03,D,3
IF,FT03,52.361611,9.370925,WUN,198.0,6.0,2,1900,0,0,0,0,2,0
CF,20TAC,52.423775,9.409869,0,WUN,198.0,2.0,18.0,4.0,2,680,0,0,0,0,0,0
CF,MT03,52.439314,9.419622,0,WUN,198.0,0.0,18.0,1.0,1,364,0,0,0,0,3,0
CA,0,18.0,2,590,0,0,0,0,0,0
CI,1, ,0.0,254.0,0,0,0,0,0,0,0,0
CF,D299J,52.542825,9.197881,0,WUN,299.0,10.0,299.0,8.0,3,2000,0,0,0,0,0,0
CF,IPKAP,52.572833,9.110333,0,WUN,298.4,13.7,299.0,3.7,1,3000,0,0,0,0,0,0
HM,IPKAP,52.572833,9.110333,2, ,0.0,0.0,119.0,05,0,0,0,0,0,0,0,0,0

APPTR,T08,08,IPKAP
IF,IPKAP,52.572833,9.110333, ,0.0,0.0,4,10000,3000,0,0,0,1,0
CI,0, ,0.0,119.0,0,0,0,0,0,0,0,0
AF,D276K,52.483122,9.133200,1,WUN,276.0,11.0,299.0,0,0,0,0,0,0,0,0
CF,FT08,52.451256,9.266033,0,WUN,265.0,6.0,85.0,5.0,2,1900,0,0,0,0,0,0

FINAL,T08,08,D,2
IF,FT08,52.451256,9.266033,WUN,265.0,6.0,2,1900,0,0,0,0,2,0
CF,MT08,52.454269,9.402156,0,WUN,265.0,0.0,85.0,5.0,1,392,0,0,0,0,3,0
CA,0,85.0,2,590,0,0,0,0,0,0
CI,1, ,0.0,239.0,0,0,0,1,220,0,0,0
CF,D299E,52.498894,9.313747,0,WUN,299.0,5.0,299.0,3.0,3,1400,0,0,0,0,0,0
CF,D299J,52.542825,9.197881,0,WUN,299.0,10.0,299.0,5.0,3,2000,0,0,0,0,0,0
CF,IPKAP,52.572833,9.110333,0,WUN,298.4,13.7,299.0,3.7,1,3000,0,0,0,0,0,0
HM,IPKAP,52.572833,9.110333,2, ,0.0,0.0,119.0,05,0,0,0,0,0,0,0,0,0

APPTR,T21,21,IPKAP
IF,IPKAP,52.572833,9.110333, ,0.0,0.0,4,10000,3000,0,0,0,1,0
CI,0, ,0.0,119.0,0,0,0,0,0,0,0,0
AF,D019K,52.624544,9.542078,2,WUN,19.0,11.0,299.0,0,0,0,0,0,0,0,0
CF,FT21,52.539508,9.516169,0,WUN,29.0,6.0,209.0,5.0,1,2000,0,0,0,0,0,0

FINAL,T21,21,D,3
IF,FT21,52.539508,9.516169,WUN,29.0,6.0,1,2000,0,0,0,0,2,0
CF,38TAC,52.508475,9.484308,0,WUN,29.0,3.8,209.0,2.2,2,1310,0,0,0,0,0,0
CF,MT21,52.468967,9.443822,0,WUN,29.0,0.0,209.0,2.8,1,422,0,0,0,0,3,0
CA,0,209.0,2,590,0,0,0,0,0,0
CI,2, ,0.0,344.0,0,0,0,0,0,0,0,0
CF,D299J,52.542825,9.197881,0,WUN,299.0,10.0,299.0,7.0,3,2000,0,0,0,0,0,0
CF,IPKAP,52.572833,9.110333,0,WUN,298.4,13.7,299.0,3.7,1,3000,0,0,0,0,0,0
HM,IPKAP,52.572833,9.110333,2, ,0.0,0.0,119.0,05,0,0,0,0,0,0,0,0,0

APPTR,T26,26,IPKAP
IF,IPKAP,52.572833,9.110333, ,0.0,0.0,4,10000,3000,0,0,0,1,0
CI,0, ,0.0,119.0,0,0,0,0,0,0,0,0
AF,D062K,52.531914,9.701461,2,WUN,62.0,11.0,299.0,2,3000,0,0,0,0,0,0
CF,FT26,52.480594,9.587367,0,WUN,72.0,6.0,252.0,5.0,2,1900,0,0,0,0,0,0

FINAL,T26,26,D,3
IF,FT26,52.480594,9.587367,WUN,72.0,6.0,2,1900,0,0,0,0,2,0
CF,28TAC,52.466892,9.503086,0,WUN,72.0,2.8,252.0,3.2,2,980,0,0,0,0,0,0
CF,MT26,52.459158,9.455700,0,WUN,72.0,0.0,252.0,1.8,1,350,0,0,0,0,3,0
CA,0,252.0,2,590,0,0,0,0,0,0
CF,D252A,52.450542,9.403069,0,WUN,252.0,0.0,252.0,1.0,0,0,0,0,0,0,0,1
CI,2, ,0.0,344.0,0,0,0,0,0,0,0,0
CF,D299J,52.542825,9.197881,0,WUN,299.0,10.0,299.0,8.0,3,2000,0,0,0,0,0,0
CF,IPKAP,52.572833,9.110333,0,WUN,298.4,13.7,299.0,3.7,1,3000,0,0,0,0,0,0
HM,IPKAP,52.572833,9.110333,2, ,0.0,0.0,119.0,05,0,0,0,0,0,0,0,0,0

