SID,MASI2W,25,2
CF,D252E,50.022247,8.189731,0,WIB,252.1,4.9,252.0,4.9,4,2500,1500,0,0,0,0,0
TF,EROVO,49.987189,8.013947,0, ,0.0,0.0,0.0,0.0,1,4000,0,0,0,0,0,1
DF,TAU,50.250464,8.162525,2, ,0.0,0.0,1,5000,0,1,255,0,0,0
TF,MASIR,50.254914,7.737928,0, ,0.0,0.0,0.0,0.0,1,5000,0,0,0,0,0,0

SID,MASI2X,07,2
CF,D072C,50.062686,8.394931,0,WIB,71.9,3.4,72.0,3.4,2,1400,0,0,0,0,0,1
DF,TAU,50.250464,8.162525,1, ,0.0,0.0,1,5000,0,1,230,0,0,0
TF,MASIR,50.254914,7.737928,0, ,0.0,0.0,0.0,0.0,1,5000,0,0,0,0,0,0

SID,RID2W,25,2
CD, ,0,0,0,WIB,0,0.0,252.0,4.9,4,2500,1500,0,0,0,0,0
CF,EROVO,49.987189,8.013947,0,WIB,252.0,12.0,252.0,7.1,1,4000,0,0,0,0,0,0
TF,RIDKO,49.844886,7.934364,0, ,0.0,0.0,0.0,0.0,0,0,0,0,0,0,0,0
TF,RID,49.781692,8.541486,1, ,0.0,0.0,0.0,0.0,1,5000,0,0,0,0,0,0

SID,RID2X,07,2
CF,D072C,50.062686,8.394931,0,WIB,71.9,3.4,72.0,3.4,2,1400,0,0,0,0,0,1
DF,TAU,50.250464,8.162525,1, ,0.0,0.0,1,5000,0,1,230,0,0,0
TF,TABUM,50.290925,8.405058,0, ,0.0,0.0,0.0,0.0,0,0,0,0,0,0,0,0
TF,FFM,50.053742,8.637092,0, ,0.0,0.0,0.0,0.0,0,0,0,0,0,0,0,0
TF,RID,49.781692,8.541486,0, ,0.0,0.0,0.0,0.0,0,0,0,0,0,0,0,0

SID,SOBR2W,25,2
CD, ,0,0,0,WIB,0,0.0,252.0,4.9,4,2500,1500,0,0,0,0,0
CF,EROVO,49.987189,8.013947,0,WIB,252.0,12.0,252.0,7.1,1,4000,0,0,0,0,0,0
TF,RIDKO,49.844886,7.934364,0, ,0.0,0.0,0.0,0.0,0,0,0,0,0,0,0,0
TF,SOBRA,49.860833,7.775556,0, ,0.0,0.0,0.0,0.0,1,5000,0,0,0,0,0,0

SID,SOBR2X,07,2
CF,D072C,50.062686,8.394931,0,WIB,71.9,3.4,72.0,3.4,2,1400,0,0,0,0,0,1
DF,TAU,50.250464,8.162525,1, ,0.0,0.0,1,5000,0,1,230,0,0,0
TF,RIDKO,49.844886,7.934364,0, ,0.0,0.0,0.0,0.0,0,0,0,0,0,0,0,0
TF,SOBRA,49.860833,7.775556,0, ,0.0,0.0,0.0,0.0,0,0,0,0,0,0,0,0

SID,TABU2W,25,2
CF,D252E,50.022247,8.189731,0,WIB,252.1,4.9,252.0,4.9,4,2500,1500,0,0,0,0,0
TF,EROVO,49.987189,8.013947,0, ,0.0,0.0,0.0,0.0,1,4000,0,0,0,0,0,1
DF,TAU,50.250464,8.162525,2, ,0.0,0.0,1,5000,0,1,255,0,0,0
TF,TABUM,50.290925,8.405058,0, ,0.0,0.0,0.0,0.0,0,0,0,0,0,0,0,0

SID,TABU2X,07,2
CF,D072C,50.062686,8.394931,0,WIB,71.9,3.4,72.0,3.4,2,1400,0,0,0,0,0,1
DF,TAU,50.250464,8.162525,1, ,0.0,0.0,1,5000,0,1,230,0,0,0
TF,TABUM,50.290925,8.405058,0, ,0.0,0.0,0.0,0.0,0,0,0,0,0,0,0,0

SID,UBEN2W,25,2
CD, ,0,0,0,WIB,0,0.0,252.0,4.9,4,2500,1500,0,0,0,0,0
CF,EROVO,49.987189,8.013947,0,WIB,252.0,12.0,252.0,7.1,1,4000,0,0,0,0,0,0
TF,RIDKO,49.844886,7.934364,0, ,0.0,0.0,0.0,0.0,0,0,0,0,0,0,0,0
TF,RID,49.781692,8.541486,1, ,0.0,0.0,0.0,0.0,1,5000,0,0,0,0,0,0
TF,UBENO,49.737194,8.690006,0, ,0.0,0.0,0.0,0.0,1,5000,0,0,0,0,0,0

SID,UBEN2X,07,2
CF,D072C,50.062686,8.394931,0,WIB,71.9,3.4,72.0,3.4,2,1400,0,0,0,0,0,1
DF,TAU,50.250464,8.162525,1, ,0.0,0.0,1,5000,0,1,230,0,0,0
TF,TABUM,50.290925,8.405058,0, ,0.0,0.0,0.0,0.0,0,0,0,0,0,0,0,0
TF,FFM,50.053742,8.637092,0, ,0.0,0.0,0.0,0.0,0,0,0,0,0,0,0,0
TF,UBENO,49.737194,8.690006,0, ,0.0,0.0,0.0,0.0,0,0,0,0,0,0,0,0

APPTR,I25,25,GED
IF,GED,50.411947,9.249164, ,0.0,0.0,0,0,0,0,0,0,0,0
TF,MTR,50.276275,8.848625,0, ,0.0,0.0,0.0,0.0,2,5000,0,0,0,0,1,0
FC,MTR,50.276275,8.848625,0,TAI,0.0,0.0,210.0,6.9,2,4000,0,0,0,0,0,0
CF,GALEC,50.121469,8.701231,0,ITOU,72.3,15.8,210.0,4.0,2,4000,0,0,0,0,1,0

APPTR,I25,25,TAU
IF,TAU,50.250464,8.162525, ,0.0,0.0,0,0,0,0,0,0,0,0
TF,MTR,50.276275,8.848625,0, ,0.0,0.0,0.0,0.0,2,5000,0,0,0,0,1,0
FC,MTR,50.276275,8.848625,2,TAI,0.0,0.0,210.0,6.9,2,4000,0,0,0,0,0,0
CF,GALEC,50.121469,8.701231,0,ITOU,72.3,15.8,210.0,4.0,2,4000,0,0,0,0,1,0

FINAL,I25,25,I,3
IF,GALEC,50.121469,8.701231,ITOU,72.3,15.8,2,4000,0,0,0,0,0,0
CF,FI25,50.076033,8.461644,0,ITOU,72.3,6.1,252.0,9.7,1,2100,0,0,0,0,2,0
CF,RW25,50.052503,8.339292,0,ITOU,72.3,1.2,252.0,4.9,1,506,0,0,0,0,3,0
CF,WIB,50.046081,8.310797,0,WIB,0.0,0.0,252.0,1.2,0,0,0,0,0,0,0,0
CD, ,0,0,0,WIB,0,0.0,252.0,4.9,4,2500,1500,0,0,0,0,0
CF,EROVO,49.987189,8.013947,0,WIB,252.0,12.0,252.0,7.1,1,4000,0,0,0,0,0,1
DF,TAU,50.250464,8.162525,2, ,0.0,0.0,0,0,0,0,0,0,0,0
CF,MTR,50.276275,8.848625,0,TAI,84.1,26.8,86.0,26.5,2,5000,0,0,0,0,0,0
HM,MTR,50.276275,8.848625,2, ,0.0,0.0,241.0,04.3,0,0,0,0,0,0,0,0,0

APPTR,R07,07,OU455
IF,OU455,50.250464,8.162525, ,0.0,0.0,2,5000,0,0,0,0,1,0
TF,OU452,50.070989,7.986869,0, ,0.0,0.0,0.0,0.0,2,3500,0,0,0,0,0,0
TF,OU451,49.991339,8.024475,0, ,0.0,0.0,0.0,0.0,2,3500,0,0,0,0,1,0

FINAL,R07,07,R,4
IF,OU451,49.991339,8.024475, ,0.0,0.0,2,3500,0,0,0,0,0,0
TF,ELTIL,50.015481,8.148114,0, ,0.0,0.0,71.0,5.0,2,2600,0,0,0,0,2,0
TF,SR07,50.037303,8.261581,0, ,0.0,0.0,71.0,4.6,2,1100,0,0,0,0,0,0
TF,RW07,50.047050,8.311025,0, ,0.0,0.0,71.0,2.0,1,504,0,0,0,0,3,1
CF,OU453,50.063147,8.394633,0,TAI,138.1,14.5,71.0,3.4,0,0,0,0,0,0,0,1
DF,OU455,50.250464,8.162525,1, ,0.0,0.0,2,5000,0,0,0,0,0,1
HM,OU455,50.250464,8.162525,2, ,0.0,0.0,227.0,04.3,2,5000,0,0,0,0,0,0,0

APPTR,R25,25,MTR
IF,MTR,50.276275,8.848625, ,0.0,0.0,2,4000,0,0,0,0,1,0
TF,OU421,50.195892,8.632147,0, ,0.0,0.0,0.0,0.0,2,3000,0,0,0,0,0,0
TF,OU420,50.095317,8.562786,0, ,0.0,0.0,0.0,0.0,2,3000,0,0,0,0,1,0

FINAL,R25,25,R,4
IF,OU420,50.095317,8.562786, ,0.0,0.0,2,3000,0,0,0,0,0,0
TF,BASDA,50.074794,8.455336,0, ,0.0,0.0,251.0,4.3,2,2000,0,0,0,0,2,0
TF,SR25,50.063197,8.393708,0, ,0.0,0.0,251.0,2.5,2,1200,0,0,0,0,0,0
TF,RW25,50.052503,8.339292,0, ,0.0,0.0,251.0,2.2,1,509,0,0,0,0,3,1
CF,OU425,50.022497,8.189542,0,WIB,252.2,4.9,251.0,6.1,3,2500,0,0,0,0,0,1
TF,EROVO,49.987189,8.013947,0, ,0.0,0.0,0.0,0.0,1,4000,0,0,0,0,0,1
DF,OU455,50.250464,8.162525,2, ,0.0,0.0,2,5000,0,0,0,0,0,1
TF,MTR,50.276275,8.848625,0, ,0.0,0.0,0.0,0.0,2,5000,0,0,0,0,0,1
HM,MTR,50.276275,8.848625,2, ,0.0,0.0,240.0,04.3,0,0,0,0,0,0,0,0,0

APPTR,T07,07,TAU
IF,TAU,50.250464,8.162525, ,0.0,0.0,0,0,0,0,0,0,1,0
TF,EDICE,50.222400,8.164581,0, ,0.0,0.0,0.0,0.0,2,5000,0,0,0,0,0,0
AF,NANYI,50.007558,8.006450,1,WIB,258.0,12.0,331.0,2,4000,0,0,0,0,1,0

FINAL,T07,07,D,4
IF,NANYI,50.007558,8.006450,WIB,258.0,12.0,2,4000,0,0,0,0,0,0
CF,FT07,50.027003,8.158606,0,WIB,258.0,6.0,78.0,6.0,2,2600,0,0,0,0,2,0
CF,23TAC,50.038844,8.252464,0,WIB,258.1,2.3,78.0,3.7,2,1280,0,0,0,0,0,0
CF,MT07,50.044258,8.295603,0,WIB,258.5,0.6,78.0,1.7,1,717,0,0,0,0,3,0
CF,WIB,50.046081,8.310797,0,WIB,0.0,0.0,78.0,0.6,0,0,0,0,0,0,0,0
CD, ,0,0,0,WIB,0,0.0,72.0,3.4,0,0,0,0,0,0,0,0
DF,TAU,50.250464,8.162525,1, ,0.0,0.0,2,5000,0,0,0,0,0,0
HM,TAU,50.250464,8.162525,2, ,0.0,0.0,227.0,04.3,0,0,0,0,0,0,0,0,0

APPTR,T25,25,GED
IF,GED,50.411947,9.249164, ,0.0,0.0,0,0,0,0,0,0,0,0
TF,MTR,50.276275,8.848625,0, ,0.0,0.0,0.0,0.0,2,5000,0,0,0,0,1,0
TF,GALEC,50.121469,8.701231,0, ,0.0,0.0,0.0,0.0,2,4000,0,0,0,0,1,0

APPTR,T25,25,TAU
IF,TAU,50.250464,8.162525, ,0.0,0.0,0,0,0,0,0,0,0,0
TF,MTR,50.276275,8.848625,0, ,0.0,0.0,0.0,0.0,2,4300,0,0,0,0,1,0
TF,GALEC,50.121469,8.701231,0, ,0.0,0.0,0.0,0.0,2,4000,0,0,0,0,1,0

FINAL,T25,25,D,4
IF,GALEC,50.121469,8.701231,WIB,72.2,15.8,2,4000,0,0,0,0,0,0
CF,FT25,50.077697,8.471661,0,WIB,72.0,6.5,252.0,9.3,2,2200,0,0,0,0,2,0
CF,41TAC,50.065839,8.411017,0,WIB,71.9,4.1,252.0,2.5,2,1380,0,0,0,0,0,0
CF,MT25,50.053947,8.350400,0,WIB,71.8,1.6,252.0,2.5,1,647,0,0,0,0,3,0
CF,WIB,50.046081,8.310797,0,WIB,0.0,0.0,252.0,1.6,0,0,0,0,0,0,0,0
CD, ,0,0,0,WIB,0,0.0,252.0,4.9,4,2500,1500,0,0,0,0,0
CF,EROVO,49.987189,8.013947,0,WIB,252.0,12.0,252.0,7.1,1,4000,0,0,0,0,0,1
DF,TAU,50.250464,8.162525,2, ,0.0,0.0,0,0,0,0,0,0,0,0
CF,MTR,50.276275,8.848625,0,WIB,55.1,24.9,86.0,26.5,2,5000,0,0,0,0,0,0
HM,MTR,50.276275,8.848625,2, ,0.0,0.0,241.0,04.3,0,0,0,0,0,0,0,0,0

