SID,SI107,07R,2
CF,D065D,48.739847,11.651383,0,IGL,65.0,3.5,65.0,5.0,2,3600,0,0,0,0,0,0

SID,SI125,25L,2
CF,D245F,48.678642,11.422767,0,IGL,245.0,6.3,245.0,5.0,2,3600,0,0,0,0,0,0

SID,SI207,07L,2
CF,D052C,48.749358,11.637942,0,IGL,52.2,3.3,65.0,4.0,2,3600,0,0,0,0,0,0

SID,SI225,25R,2
CF,D252F,48.690167,11.416847,0,IGL,251.7,6.3,245.0,5.0,2,3600,0,0,0,0,0,0

APPTR,I25LX,25L,D029N
IF,D029N,48.915667,11.757167, ,0.0,0.0,4,15000,5000,0,0,0,1,0
AF,D056N,48.837725,11.872425,2,IGL,56.0,14.0,29.0,2,4000,0,0,0,0,0,0
CF,CI25L,48.747992,11.684358,0,IIGW,65.3,7.3,245.0,9.2,2,3000,0,0,0,0,0,0

APPTR,I25LX,25L,MIQ
IF,MIQ,48.570225,11.597503, ,0.0,0.0,0,0,0,0,0,0,0,0
TF,D029N,48.915667,11.757167,0, ,0.0,0.0,0.0,0.0,4,15000,5000,0,0,0,1,0
AF,D056N,48.837725,11.872425,2,IGL,56.0,14.0,29.0,2,4000,0,0,0,0,0,0
CF,CI25L,48.747992,11.684358,0,IIGW,65.3,7.3,245.0,9.2,2,3000,0,0,0,0,0,0

APPTR,I25LX,25L,WLD
IF,WLD,48.579419,11.129386, ,0.0,0.0,0,0,0,0,0,0,0,0
TF,D029N,48.915667,11.757167,0, ,0.0,0.0,0.0,0.0,4,15000,5000,0,0,0,1,0
AF,D056N,48.837725,11.872425,2,IGL,56.0,14.0,29.0,2,4000,0,0,0,0,0,0
CF,CI25L,48.747992,11.684358,0,IIGW,65.3,7.3,245.0,9.2,2,3000,0,0,0,0,0,0

FINAL,I25LX,25L,I,3
IF,CI25L,48.747992,11.684358,IIGW,65.3,7.3,2,3000,0,0,0,0,0,0
CF,OM25L,48.737828,11.644775,0,IIGW,65.2,5.7,245.0,1.7,1,2470,0,0,0,0,2,0
CF,RW25L,48.714333,11.555833,0,IIGW,65.3,1.9,245.0,3.8,1,1249,0,0,0,0,3,0
CF,D245D,48.693047,11.476372,0,WLD,61.6,15.4,245.0,3.4,0,0,0,0,0,0,0,1
CI,0, ,0.0,245.0,0,0,0,0,0,0,0,0
AF,D029G,48.816867,11.663217,2,IGL,29.0,7.0,245.0,0,0,0,1,230,0,0,0
CF,D029N,48.915667,11.757167,0,IGL,29.0,14.0,29.0,7.0,1,5000,0,0,0,0,0,0

APPTR,I25LY,25L,IGL
IF,IGL,48.737678,11.644511, ,0.0,0.0,2,4000,0,0,0,0,0,0
CF,D046L,48.849133,11.797933,0,WLD,56.4,31.1,65.0,9.0,2,3000,0,0,0,0,0,1
CF,SIGGI,48.789667,11.852167,2,WLD,64.0,31.4,245.0,1.0,2,3000,0,1,210,0,0,0
CF,CI25L,48.747992,11.684358,0,IIGW,65.3,7.3,245.0,7.1,2,3000,0,0,0,0,0,0

APPTR,I25LY,25L,MIQ
IF,MIQ,48.570225,11.597503, ,0.0,0.0,0,0,0,0,0,0,0,0
TF,IGL,48.737678,11.644511,0, ,0.0,0.0,0.0,0.0,2,4000,0,0,0,0,0,0
CF,D046L,48.849133,11.797933,0,WLD,56.4,31.1,65.0,9.0,2,3000,0,0,0,0,0,1
CF,SIGGI,48.789667,11.852167,2,WLD,64.0,31.4,245.0,1.0,2,3000,0,1,210,0,0,0
CF,CI25L,48.747992,11.684358,0,IIGW,65.3,7.3,245.0,7.1,2,3000,0,0,0,0,0,0

APPTR,I25LY,25L,WLD
IF,WLD,48.579419,11.129386, ,0.0,0.0,0,0,0,0,0,0,0,0
TF,IGL,48.737678,11.644511,0, ,0.0,0.0,0.0,0.0,2,4000,0,0,0,0,0,0
CF,D046L,48.849133,11.797933,0,WLD,56.4,31.1,65.0,9.0,2,3000,0,0,0,0,0,1
CF,SIGGI,48.789667,11.852167,2,WLD,64.0,31.4,245.0,1.0,2,3000,0,1,210,0,0,0
CF,CI25L,48.747992,11.684358,0,IIGW,65.3,7.3,245.0,7.1,2,3000,0,0,0,0,0,0

FINAL,I25LY,25L,I,3
IF,CI25L,48.747992,11.684358,IIGW,65.3,7.3,2,3000,0,0,0,0,0,0
CF,OM25L,48.737828,11.644775,0,IIGW,65.2,5.7,245.0,1.7,1,2470,0,0,0,0,2,0
CF,RW25L,48.714333,11.555833,0,IIGW,65.3,1.9,245.0,3.8,1,1249,0,0,0,0,3,0
CF,D245D,48.693047,11.476372,0,WLD,61.6,15.4,245.0,3.4,0,0,0,0,0,0,0,1
DF,IGL,48.737678,11.644511,2, ,0.0,0.0,1,4000,0,1,210,0,0,0

APPTR,I25LZ,25L,IGL1
IF,IGL,48.737678,11.644511, ,0.0,0.0,2,4000,0,0,0,0,1,0
FD,IGL,48.737678,11.644511,0,IGL,65.3,12.0,44.0,12.0,2,3000,0,1,210,0,0,0
CF,SIGGI,48.789667,11.852167,2,IGL,65.9,12.0,245.0,1.0,2,3000,0,1,210,0,0,0
CF,CI25L,48.747992,11.684358,0,IIGW,65.3,7.3,245.0,7.1,2,3000,0,0,0,0,0,0

APPTR,I25LZ,25L,IGL2
IF,IGL,48.737678,11.644511, ,0.0,0.0,2,4000,0,0,0,0,1,0
FD,IGL,48.737678,11.644511,0,IGL,65.3,12.0,54.0,12.0,2,3000,0,1,210,0,0,0
CF,SIGGI,48.789667,11.852167,2,IGL,65.9,12.0,245.0,1.0,2,3000,0,1,210,0,0,0
CF,CI25L,48.747992,11.684358,0,IIGW,65.3,7.3,245.0,7.1,2,3000,0,0,0,0,0,0

APPTR,I25LZ,25L,MIQ1
IF,MIQ,48.570225,11.597503, ,0.0,0.0,0,0,0,0,0,0,0,0
TF,IGL,48.737678,11.644511,0, ,0.0,0.0,0.0,0.0,2,4000,0,0,0,0,1,0
FD,IGL,48.737678,11.644511,0,IGL,65.3,12.0,44.0,12.0,2,3000,0,1,210,0,0,0
CF,SIGGI,48.789667,11.852167,2,IGL,65.9,12.0,245.0,1.0,2,3000,0,1,210,0,0,0
CF,CI25L,48.747992,11.684358,0,IIGW,65.3,7.3,245.0,7.1,2,3000,0,0,0,0,0,0

APPTR,I25LZ,25L,MIQ2
IF,MIQ,48.570225,11.597503, ,0.0,0.0,0,0,0,0,0,0,0,0
TF,IGL,48.737678,11.644511,0, ,0.0,0.0,0.0,0.0,2,4000,0,0,0,0,1,0
FD,IGL,48.737678,11.644511,0,IGL,65.3,12.0,54.0,12.0,2,3000,0,1,210,0,0,0
CF,SIGGI,48.789667,11.852167,2,IGL,65.9,12.0,245.0,1.0,2,3000,0,1,210,0,0,0
CF,CI25L,48.747992,11.684358,0,IIGW,65.3,7.3,245.0,7.1,2,3000,0,0,0,0,0,0

APPTR,I25LZ,25L,WLD1
IF,WLD,48.579419,11.129386, ,0.0,0.0,0,0,0,0,0,0,0,0
TF,IGL,48.737678,11.644511,0, ,0.0,0.0,0.0,0.0,2,4000,0,0,0,0,1,0
FD,IGL,48.737678,11.644511,0,IGL,65.3,12.0,44.0,12.0,2,3000,0,1,210,0,0,0
CF,SIGGI,48.789667,11.852167,2,IGL,65.9,12.0,245.0,1.0,2,3000,0,1,210,0,0,0
CF,CI25L,48.747992,11.684358,0,IIGW,65.3,7.3,245.0,7.1,2,3000,0,0,0,0,0,0

APPTR,I25LZ,25L,WLD2
IF,WLD,48.579419,11.129386, ,0.0,0.0,0,0,0,0,0,0,0,0
TF,IGL,48.737678,11.644511,0, ,0.0,0.0,0.0,0.0,2,4000,0,0,0,0,1,0
FD,IGL,48.737678,11.644511,0,IGL,65.3,12.0,54.0,12.0,2,3000,0,1,210,0,0,0
CF,SIGGI,48.789667,11.852167,2,IGL,65.9,12.0,245.0,1.0,2,3000,0,1,210,0,0,0
CF,CI25L,48.747992,11.684358,0,IIGW,65.3,7.3,245.0,7.1,2,3000,0,0,0,0,0,0

FINAL,I25LZ,25L,I,3
IF,CI25L,48.747992,11.684358,IIGW,65.3,7.3,2,3000,0,0,0,0,0,0
CF,OM25L,48.737828,11.644775,0,IIGW,65.2,5.7,245.0,1.7,1,2470,0,0,0,0,2,0
CF,RW25L,48.714333,11.555833,0,IIGW,65.3,1.9,245.0,3.8,1,1249,0,0,0,0,3,0
CF,D245D,48.693047,11.476372,0,WLD,61.6,15.4,245.0,3.4,0,0,0,0,0,0,0,1
DF,IGL,48.737678,11.644511,2, ,0.0,0.0,1,4000,0,1,210,0,0,0

APPTR,Q25LY,25L,IGL
IF,IGL,48.737678,11.644511, ,0.0,0.0,2,4000,0,0,0,0,1,0
HF,IGL,48.737678,11.644511,2, ,0.0,0.0,245.0,08.8,2,3000,0,1,210,0,0,0,0

FINAL,Q25LY,25L,N,4
IF,CQ25,48.767581,11.756675,IGL,0.0,0.0,2,3000,0,0,0,0,0,0
CF,IGL,48.737678,11.644511,0,IGL,0.0,0.0,245.0,4.8,2,2400,0,0,0,0,2,0
CF,20TAC,48.730508,11.616353,0,IGL,0.0,0.0,245.0,1.2,2,2020,0,0,0,0,0,0
CF,RW25L,48.714333,11.555833,0,IGL,0.0,0.6,245.0,2.6,1,1249,0,0,0,0,3,0
CF,D245D,48.693047,11.476372,0,IGL,245.0,4.0,245.0,3.4,0,0,0,0,0,0,0,1
DF,IGL,48.737678,11.644511,2, ,0.0,0.0,1,4000,0,1,210,0,0,0

APPTR,Q25LZ,25L,IGL1
IF,IGL,48.737678,11.644511, ,0.0,0.0,2,4000,0,0,0,0,1,0
FD,IGL,48.737678,11.644511,0,IGL,65.3,12.0,44.0,12.0,2,3000,0,1,210,0,0,0
CF,CQ25,48.767581,11.756675,2,IGL,65.1,8.0,245.0,4.0,2,3000,0,0,0,0,0,0

APPTR,Q25LZ,25L,IGL2
IF,IGL,48.737678,11.644511, ,0.0,0.0,2,4000,0,0,0,0,1,0
FD,IGL,48.737678,11.644511,0,IGL,65.3,12.0,54.0,12.0,2,3000,0,1,210,0,0,0
CF,CQ25,48.767581,11.756675,2,IGL,65.1,8.0,245.0,4.0,2,3000,0,0,0,0,0,0

FINAL,Q25LZ,25L,N,4
IF,CQ25,48.767581,11.756675,IGL,0.0,0.0,2,3000,0,0,0,0,0,0
CF,IGL,48.737678,11.644511,0,IGL,0.0,0.0,245.0,4.8,2,2400,0,0,0,0,2,0
CF,20TAC,48.730508,11.616353,0,IGL,0.0,0.0,245.0,1.2,2,2020,0,0,0,0,0,0
CF,RW25L,48.714333,11.555833,0,IGL,0.0,0.6,245.0,2.6,1,1249,0,0,0,0,3,0
CF,D245D,48.693047,11.476372,0,IGL,245.0,4.0,245.0,3.4,0,0,0,0,0,0,0,1
DF,IGL,48.737678,11.644511,2, ,0.0,0.0,1,4000,0,1,210,0,0,0

APPTR,R07L,07L,INGAP
IF,INGAP,48.866111,11.518333, ,0.0,0.0,2,5000,0,0,0,0,1,0
TF,ERNAS,48.844669,11.219353,0, ,0.0,0.0,0.0,0.0,2,5000,0,0,0,0,0,0
TF,SI441,48.711944,11.212500,0, ,0.0,0.0,0.0,0.0,2,5000,0,0,0,0,0,0
TF,SI442,48.657750,11.293614,0, ,0.0,0.0,0.0,0.0,2,3800,0,0,0,0,1,0
TF,ESEMI,48.684469,11.393931,0, ,0.0,0.0,0.0,0.0,2,3000,0,0,0,0,0,0

FINAL,R07L,07L,R,2
IF,ESEMI,48.684469,11.393931, ,0.0,0.0,2,3000,0,0,0,0,2,0
TF,RW07L,48.716667,11.515333,0, ,0.0,0.0,65.0,5.2,1,1245,0,0,0,0,3,1
FA,RW07L,48.716667,11.515333,0,WLD,0.0,0.0,65.0,2,2500,0,0,0,0,0,0
DF,INGAP,48.866111,11.518333,1, ,0.0,0.0,1,5000,0,1,220,0,0,0
HM,INGAP,48.866111,11.518333,1, ,0.0,0.0,261.0,04.3,2,5000,0,0,0,0,0,0,0

APPTR,R07R,07R,INGAP
IF,INGAP,48.866111,11.518333, ,0.0,0.0,2,5000,0,0,0,0,1,0
TF,ERNAS,48.844669,11.219353,0, ,0.0,0.0,0.0,0.0,2,5000,0,0,0,0,0,0
TF,SI441,48.711944,11.212500,0, ,0.0,0.0,0.0,0.0,2,5000,0,0,0,0,0,0
TF,SI442,48.657750,11.293614,0, ,0.0,0.0,0.0,0.0,2,3800,0,0,0,0,1,0
TF,NOSDO,48.673011,11.399586,0, ,0.0,0.0,0.0,0.0,2,3000,0,0,0,0,0,0

FINAL,R07R,07R,R,2
IF,NOSDO,48.673011,11.399586, ,0.0,0.0,2,3000,0,0,0,0,2,0
TF,RW07R,48.704500,11.518667,0, ,0.0,0.0,65.0,5.1,1,1251,0,0,0,0,3,1
FA,RW07R,48.704500,11.518667,0,WLD,0.0,0.0,65.0,2,2500,0,0,0,0,0,0
DF,INGAP,48.866111,11.518333,1, ,0.0,0.0,1,5000,0,1,220,0,0,0
HM,INGAP,48.866111,11.518333,1, ,0.0,0.0,261.0,04.3,2,5000,0,0,0,0,0,0,0

APPTR,R25L,25L,INGAP
IF,INGAP,48.866111,11.518333, ,0.0,0.0,2,5000,0,0,0,0,1,0
TF,SI451,48.886389,11.813056,0, ,0.0,0.0,0.0,0.0,2,4000,0,0,0,0,0,0
TF,SI452,48.791733,11.850781,0, ,0.0,0.0,0.0,0.0,2,3600,0,0,0,0,1,0
TF,VADAN,48.745781,11.675081,0, ,0.0,0.0,0.0,0.0,2,2900,0,0,0,0,0,0

FINAL,R25L,25L,R,2
IF,VADAN,48.745781,11.675081, ,0.0,0.0,2,2900,0,0,0,0,2,0
TF,RW25L,48.714333,11.555833,0, ,0.0,0.0,245.0,5.1,1,1243,0,0,0,0,3,1
FA,RW25L,48.714333,11.555833,0,WLD,0.0,0.0,245.0,2,2500,0,0,0,0,0,0
DF,INGAP,48.866111,11.518333,2, ,0.0,0.0,1,5000,0,1,250,0,0,0
HM,INGAP,48.866111,11.518333,2, ,0.0,0.0,81.0,04.3,2,5000,0,0,0,0,0,0,0

APPTR,R25R,25R,INGAP
IF,INGAP,48.866111,11.518333, ,0.0,0.0,2,5000,0,0,0,0,1,0
TF,SI451,48.886389,11.813056,0, ,0.0,0.0,0.0,0.0,2,4000,0,0,0,0,0,0
TF,SI452,48.791733,11.850781,0, ,0.0,0.0,0.0,0.0,2,3600,0,0,0,0,1,0
TF,BILMU,48.756228,11.665503,0, ,0.0,0.0,0.0,0.0,2,2900,0,0,0,0,0,0

FINAL,R25R,25R,R,2
IF,BILMU,48.756228,11.665503, ,0.0,0.0,2,2900,0,0,0,0,2,0
TF,RW25R,48.724833,11.546167,0, ,0.0,0.0,245.0,5.1,1,1240,0,0,0,0,3,1
FA,RW25R,48.724833,11.546167,0,WLD,0.0,0.0,245.0,2,2500,0,0,0,0,0,0
DF,INGAP,48.866111,11.518333,2, ,0.0,0.0,1,5000,0,1,250,0,0,0
HM,INGAP,48.866111,11.518333,2, ,0.0,0.0,81.0,04.3,2,5000,0,0,0,0,0,0,0

APPTR,T07R,07R,D029N
IF,D029N,48.915667,11.757167, ,0.0,0.0,4,15000,5000,0,0,0,1,0
CF,IGL,48.718042,11.569672,0,IGL,0.0,0.0,209.0,14.0,4,5000,4000,0,0,0,0,0
FD,IGL,48.718042,11.569672,0,IGL,0.0,3.0,216.0,3.0,1,4000,0,0,0,0,0,0
CF,D216K,48.575536,11.395928,0,IGL,216.0,11.0,216.0,8.0,1,4000,0,0,0,0,0,0
CI,0, ,0.0,216.0,0,0,0,0,0,0,0,0
AF,D234M,48.599797,11.295903,2,IGL,234.0,13.0,216.0,2,3400,0,0,0,0,0,0
CF,FT07R,48.667978,11.383167,0,IGL,245.0,8.0,65.0,5.0,2,3000,0,0,0,0,0,0

FINAL,T07R,07R,D,3
IF,FT07R,48.667978,11.383167,IGL,245.0,8.0,2,3000,0,0,0,0,2,0
CF,45TAC,48.689917,11.464717,0,IGL,245.0,4.5,65.0,3.5,2,2000,0,0,0,0,0,0
CF,MT07R,48.702428,11.511347,0,IGL,245.0,2.5,65.0,2.0,1,1352,0,0,0,0,3,0
CF,IGL,48.718042,11.569672,0,IGL,0.0,0.0,65.0,2.5,0,0,0,0,0,0,0,1
CI,0, ,0.0,359.0,0,0,0,0,0,0,0,0
CF,D029N,48.915667,11.757167,0,IGL,29.0,14.0,29.0,13.0,1,5000,0,0,0,0,0,0

APPTR,T25L,25L,D029N
IF,D029N,48.915667,11.757167, ,0.0,0.0,4,15000,5000,0,0,0,1,0
AF,D056N,48.837725,11.872425,2,IGL,56.0,14.0,29.0,2,4000,0,0,0,0,0,0
CF,CT25L,48.780192,11.803319,0,IGL,65.0,10.0,245.0,4.0,2,4000,0,0,0,0,0,0

FINAL,T25L,25L,D,4
IF,CT25L,48.780192,11.803319,IGL,65.0,10.0,2,4000,0,0,0,0,0,0
CF,FT25L,48.749175,11.686422,0,IGL,65.0,5.0,245.0,5.0,2,3000,0,0,0,0,2,0
CF,20TAC,48.730508,11.616353,0,IGL,65.0,2.0,245.0,3.0,2,2050,0,0,0,0,0,0
CF,IGL,48.718042,11.569672,0,IGL,0.0,0.0,245.0,2.0,1,1441,0,0,0,0,3,0
FD,IGL,48.718042,11.569672,0,IGL,0.0,4.0,245.0,4.0,0,0,0,0,0,0,0,0
CI,0, ,0.0,245.0,0,0,0,0,0,0,0,0
AF,D029G,48.816867,11.663217,2,IGL,29.0,7.0,245.0,0,0,0,1,230,0,0,0
CF,D029N,48.915667,11.757167,0,IGL,29.0,14.0,29.0,7.0,1,5000,0,0,0,0,0,0

APPTR,T25R,25R,D053Y
IF,D053Y,48.944167,11.735000, ,0.0,0.0,4,15000,5000,0,0,0,1,0
AF,D078Y,48.775978,11.833161,2,NEU,78.0,25.0,53.0,2,4000,0,0,0,0,0,0
CF,FT25R,48.733611,11.688158,0,NEU,83.0,19.0,263.0,7.0,2,3000,0,0,0,0,0,0

FINAL,T25R,25R,D,2
IF,FT25R,48.733611,11.688158,NEU,83.0,19.0,2,3000,0,0,0,0,2,0
CF,MT25R,48.728253,11.562544,0,NEU,83.0,14.0,263.0,5.0,1,1453,0,0,0,0,3,0
FD,MT25R,48.728253,11.562544,0,NEU,83.0,10.0,263.0,10.0,0,0,0,0,0,0,0,0
CI,2, ,0.0,23.0,0,0,0,1,230,0,0,0
CF,D053Y,48.944167,11.735000,0,NEU,53.0,25.0,53.0,16.0,1,5000,0,0,0,0,0,0

