SID,SL303,03,2
CD, ,0,0,0,LCH,0,0.0,26.0,4.0,4,4000,3500,0,0,0,0,0
CD, ,0,0,0,LCH,0,0.0,26.0,5.5,0,0,0,0,0,0,0,0
CR,2,LCH,70.0,189.0,4,4000,3500,1,300,0,0,0
CR,0,LCH,110.0,189.0,2,5000,0,0,0,0,0,0
VM,0,0,0,189.0,0,0,0,0,0,0,0,0

SID,SL403,03,2
CD, ,0,0,0,LCH,0,0.0,26.0,4.0,2,3500,0,0,0,0,0,0
CR,1,LCH,340.0,279.0,2,5000,0,1,300,0,0,0
VM,0,0,0,279.0,0,0,0,0,0,0,0,0

SID,SL621,21,2
CA,0,206.0,2,2230,0,0,0,0,0,0
CD, ,0,0,0,LCH,0,0.0,198.0,3.0,0,0,0,0,0,0,0,0
CD, ,0,0,0,LCH,0,0.0,257.0,11.0,2,5000,0,0,0,0,0,0
DF,PESIM,48.399167,10.687167,2, ,0.0,0.0,1,7000,0,0,0,0,0,0

SID,SL721,21,2
CD, ,0,0,0,LCH,0,0.0,206.0,1.5,2,2200,0,0,0,0,0,0
CF,D181E,48.115644,10.851497,0,LCH,180.8,4.5,137.0,2.0,2,3500,0,1,300,0,0,0
TF,D160H,48.062989,10.917108,0, ,0.0,0.0,0.0,0.0,2,5000,0,0,0,0,0,0

APPTR,T03,03,D270O
IF,D270O,48.198500,10.485500, ,0.0,0.0,4,17000,7000,0,0,0,1,0
AF,D211O,47.983111,10.650892,1,LCH,211.0,15.0,270.0,2,5500,0,0,0,0,0,0
CF,FT03,48.053450,10.768047,0,LCH,201.0,9.0,21.0,6.0,2,4700,0,0,0,0,0,0

FINAL,T03,03,D,3
IF,FT03,48.053450,10.768047,LCH,201.0,9.0,2,4700,0,0,0,0,2,0
CF,50TAC,48.114339,10.808408,0,LCH,201.0,5.0,21.0,4.0,2,3300,0,0,0,0,0,0
CF,MT03,48.175211,10.848861,0,LCH,201.0,0.0,21.0,4.0,1,1908,0,0,0,0,3,0
CF,LCH,48.190431,10.858992,0,LCH,0.0,0.0,21.0,1.0,0,0,0,0,0,0,0,0
FD,LCH,48.190431,10.858992,0,LCH,0.0,4.0,21.0,4.0,0,0,0,0,0,0,0,0
CI,1, ,0.0,240.0,0,0,0,0,0,0,0,0
CF,D270P,48.203686,10.460883,0,LCH,270.0,16.0,270.0,7.0,1,6000,0,0,0,0,0,0
HM,D270P,48.203686,10.460883,1, ,0.0,0.0,270.0,05,0,0,0,0,0,0,0,0,0

APPTR,T21,21,D330O
IF,D330O,48.406667,10.671667, ,0.0,0.0,4,11000,7000,0,0,0,1,0
AF,D360O,48.439914,10.878642,2,LCH,360.0,15.0,327.0,4,6000,5000,0,0,0,0,0
AF,D035O,48.387067,11.089911,2,LCH,35.0,15.0,360.0,2,5000,0,0,0,0,0,0
CF,FT21,48.263469,10.961064,0,LCH,40.0,6.0,220.0,9.0,1,3500,0,0,0,0,0,0

FINAL,T21,21,D,3
IF,FT21,48.263469,10.961064,LCH,40.0,6.0,1,3500,0,0,0,0,2,0
CF,30TAC,48.226961,10.909992,0,LCH,40.0,3.0,220.0,3.0,2,2600,0,0,0,0,0,0
CF,MT21,48.202608,10.875983,0,LCH,40.0,0.0,220.0,2.0,1,1959,0,0,0,0,3,0
CF,LCH,48.190431,10.858992,0,LCH,0.0,0.0,220.0,1.0,0,0,0,0,0,0,0,0
FD,LCH,48.190431,10.858992,0,LCH,0.0,4.0,220.0,4.0,0,0,0,0,0,0,0,0
CI,2, ,0.0,330.0,0,0,0,0,0,0,0,0
AF,D330I,48.323944,10.756947,2,LCH,330.0,9.0,288.0,1,5000,0,0,0,0,0,0
HM,D330I,48.323944,10.756947,2, ,0.0,0.0,150.0,06,0,0,0,0,0,0,0,0,0

