SID,ABRE1E,06,2
DF,D064E,56.541139,21.226197,0, ,0.0,0.0,2,1700,0,0,0,0,0,1
CI,2, ,0.0,291.0,0,0,0,0,0,0,0,0
CF,ABREX,56.460556,20.490833,0,LEP,255.2,20.0,255.0,21.0,2,10000,0,0,0,0,0,0

SID,ABRE1G,24,2
DF,D244D,56.491683,20.980214,0, ,0.0,0.0,2,1500,0,0,0,0,0,1
CF,ABREX,56.460556,20.490833,0,LEP,255.2,20.0,255.0,15.0,2,10000,0,0,0,0,0,0

SID,ABRU1E,06,2
DF,D064E,56.541139,21.226197,0, ,0.0,0.0,2,1700,0,0,0,0,0,1
CI,2, ,0.0,273.0,0,0,0,0,0,0,0,0
CF,ABRUM,56.250278,20.716667,0,LEP,212.0,20.0,212.0,19.0,2,10000,0,0,0,0,0,0

SID,ABRU1G,24,2
DF,D244D,56.491683,20.980214,0, ,0.0,0.0,2,1500,0,0,0,0,0,1
CI,0, ,0.0,167.0,0,0,0,0,0,0,0,0
CF,ABRUM,56.250278,20.716667,0,LEP,212.0,20.0,212.0,13.0,2,10000,0,0,0,0,0,0

SID,AMRI1E,06,2
DF,D064E,56.541139,21.226197,0, ,0.0,0.0,2,1700,0,0,0,0,0,1
VI,0, ,0.0,110.0,0,0,0,0,0,0,0,0
CF,AMRIT,56.536111,21.685000,0,LEP,79.7,20.0,80.0,12.0,2,10000,0,0,0,0,0,0

SID,AMRI1G,24,2
DF,D244D,56.491683,20.980214,0, ,0.0,0.0,2,1500,0,0,0,0,0,1
CI,1, ,0.0,30.0,0,0,0,0,0,0,0,0
CF,AMRIT,56.536111,21.685000,0,LEP,79.7,20.0,80.0,18.0,2,10000,0,0,0,0,0,0

SID,ARBI1E,06,2
DF,D064E,56.541139,21.226197,0, ,0.0,0.0,2,1700,0,0,0,0,0,1
CI,1, ,0.0,242.0,0,0,0,0,0,0,0,0
CF,ARBIS,56.753611,20.668333,0,LEP,310.6,20.0,311.0,16.0,2,10000,0,0,0,0,0,0

SID,ARBI1G,24,2
DF,D244D,56.491683,20.980214,0, ,0.0,0.0,2,1500,0,0,0,0,0,1
CI,2, ,0.0,357.0,0,0,0,0,0,0,0,0
CF,ARBIS,56.753611,20.668333,0,LEP,310.6,20.0,311.0,13.0,2,10000,0,0,0,0,0,0

SID,LEP1E,06,2
CD, ,0,0,0,LEP,0,0.0,64.0,3.5,2,1100,0,0,0,0,0,0
DF,LEP,56.512778,21.084750,1, ,0.0,0.0,2,2500,0,0,0,0,0,0

SID,LEP1G,24,2
CD, ,0,0,0,LEP,0,0.0,244.0,3.7,2,1500,0,0,0,0,0,0
DF,LEP,56.512778,21.084750,2, ,0.0,0.0,2,2500,0,0,0,0,0,0

SID,LEPV1E,06,2
DF,D064E,56.541139,21.226197,0, ,0.0,0.0,2,1700,0,0,0,0,0,1
CI,2, ,0.0,240.0,0,0,0,0,0,0,0,0
CF,LEPVA,56.180278,21.091389,0,LEP,173.4,20.0,173.0,16.0,2,10000,0,0,0,0,0,0

SID,LEPV1G,24,2
DF,D244D,56.491683,20.980214,0, ,0.0,0.0,2,1500,0,0,0,0,0,1
CI,1, ,0.0,128.0,0,0,0,0,0,0,0,0
CF,LEPVA,56.180278,21.091389,0,LEP,173.4,20.0,173.0,12.0,2,10000,0,0,0,0,0,0

SID,VASA1E,06,2
DF,D064E,56.541139,21.226197,0, ,0.0,0.0,2,1700,0,0,0,0,0,1
CF,VASAB,56.674167,21.611944,0,LEP,54.8,20.0,55.0,14.0,2,10000,0,0,0,0,0,0

SID,VASA1G,24,2
DF,D244D,56.491683,20.980214,0, ,0.0,0.0,2,1500,0,0,0,0,0,1
CI,1, ,0.0,17.0,0,0,0,0,0,0,0,0
CF,VASAB,56.674167,21.611944,0,LEP,54.8,20.0,55.0,19.0,2,10000,0,0,0,0,0,0

FINAL,D06-Y,06,D,3
IF,FD06,56.492750,20.950083,LEP,249.0,4.6,2,1500,0,0,0,0,2,0
CF,21VOR,56.503694,21.023639,0,LEP,249.0,2.1,69.0,2.5,2,700,0,0,0,0,0,0
CF,LEP,56.512778,21.084750,0,LEP,0.0,0.0,69.0,2.1,1,36,0,0,0,0,3,0
FD,LEP,56.512778,21.084750,0,LEP,0.0,8.2,69.0,8.2,2,1500,0,0,0,0,0,0
DF,LEP,56.512778,21.084750,1, ,0.0,0.0,1,2500,0,1,220,0,0,0

APPTR,D06-Z,06,LEP
IF,LEP,56.512778,21.084750, ,0.0,0.0,1,2500,0,0,0,0,1,0
FD,LEP,56.512778,21.084750,0,LEP,0.0,5.7,237.0,5.7,2,1500,0,0,0,0,0,0
CF,FD06,56.492750,20.950083,2,LEP,249.0,4.6,69.0,3.0,2,1500,0,0,0,0,0,0

FINAL,D06-Z,06,D,3
IF,FD06,56.492750,20.950083,LEP,249.0,4.6,2,1500,0,0,0,0,2,0
CF,21VOR,56.503694,21.023639,0,LEP,249.0,2.1,69.0,2.5,2,700,0,0,0,0,0,0
CF,LEP,56.512778,21.084750,0,LEP,0.0,0.0,69.0,2.1,1,36,0,0,0,0,3,0
FD,LEP,56.512778,21.084750,0,LEP,0.0,8.2,69.0,8.2,2,1500,0,0,0,0,0,0
DF,LEP,56.512778,21.084750,1, ,0.0,0.0,1,2500,0,0,0,0,0,0

APPTR,D24-Y,24,ROKSO
IF,ROKSO,56.602222,21.665000, ,0.0,0.0,2,5000,0,0,0,0,1,0
CF,CD24Y,56.601417,21.465861,0,LEP,61.0,13.7,264.0,6.6,2,2500,0,0,0,0,1,0

FINAL,D24-Y,24,D,4
IF,CD24Y,56.601417,21.465861,LEP,61.0,13.7,2,2500,0,0,0,0,0,0
CF,FD24,56.569278,21.326833,0,LEP,61.0,8.7,241.0,5.0,2,2500,0,0,0,0,2,0
CF,34VOR,56.534500,21.177472,0,LEP,61.0,3.4,241.0,5.4,2,800,0,0,0,0,0,0
CF,RW24,56.520553,21.112356,0,LEP,57.0,0.0,241.0,2.3,1,68,0,0,0,0,3,0
FD,RW24,56.520553,21.112356,0,LEP,57.0,7.2,241.0,7.2,2,1500,0,0,0,0,0,0
DF,LEP,56.512778,21.084750,2, ,0.0,0.0,1,2500,0,1,220,0,0,0

APPTR,D24-Z,24,LEP
IF,LEP,56.512778,21.084750, ,0.0,0.0,1,2500,0,0,0,0,1,0
FD,LEP,56.512778,21.084750,0,LEP,0.0,9.8,68.0,9.8,2,2500,0,0,0,0,0,0
CF,FD24,56.569278,21.326833,1,LEP,61.0,8.7,241.0,3.0,1,2500,0,0,0,0,0,0

FINAL,D24-Z,24,D,3
IF,FD24,56.569278,21.326833,LEP,61.0,8.7,1,2500,0,0,0,0,2,0
CF,34VOR,56.534500,21.177472,0,LEP,61.0,3.4,241.0,5.4,2,800,0,0,0,0,0,0
CF,RW24,56.520553,21.112356,0,LEP,57.0,0.0,241.0,2.3,1,68,0,0,0,0,3,0
FD,RW24,56.520553,21.112356,0,LEP,57.0,7.2,241.0,7.2,2,1500,0,0,0,0,0,0
DF,LEP,56.512778,21.084750,2, ,0.0,0.0,1,2500,0,0,0,0,0,0

APPTR,I24-Y,24,ROKSO
IF,ROKSO,56.602222,21.665000, ,0.0,0.0,2,5000,0,0,0,0,1,0
CF,CI24Y,56.581528,21.424111,0,LPJ,64.3,12.5,255.0,8.1,2,2500,0,0,0,0,1,0

FINAL,I24-Y,24,I,3
IF,CI24Y,56.581528,21.424111,LPJ,64.3,12.5,2,2500,0,0,0,0,0,0
CF,FI24,56.562194,21.324750,0,LPJ,64.3,9.0,244.0,3.5,1,2500,0,0,0,0,2,0
CF,RW24,56.520553,21.112356,0,LPJ,64.2,1.5,244.0,7.5,1,68,0,0,0,0,3,0
FD,RW24,56.520553,21.112356,0,LEP,57.0,8.3,244.0,8.3,2,1500,0,0,0,0,0,0
DF,LEP,56.512778,21.084750,2, ,0.0,0.0,1,2500,0,1,220,0,0,0

APPTR,I24-Z,24,LEP
IF,LEP,56.512778,21.084750, ,0.0,0.0,1,2500,0,0,0,0,1,0
FD,LEP,56.512778,21.084750,0,LEP,0.0,9.5,71.0,9.5,2,2500,0,0,0,0,0,0
CF,CI24Z,56.573278,21.381528,1,LPJ,64.3,11.0,244.0,1.0,1,2500,0,0,0,0,1,0

FINAL,I24-Z,24,I,3
IF,CI24Z,56.573278,21.381528,LPJ,64.3,11.0,1,2500,0,0,0,0,0,0
CF,FI24,56.562194,21.324750,0,LPJ,64.3,9.0,244.0,2.0,1,2500,0,0,0,0,2,0
CF,RW24,56.520553,21.112356,0,LPJ,64.2,1.5,244.0,7.5,1,68,0,0,0,0,3,0
FD,RW24,56.520553,21.112356,0,LEP,57.0,8.3,244.0,8.3,2,1500,0,0,0,0,0,0
DF,LEP,56.512778,21.084750,2, ,0.0,0.0,1,2500,0,0,0,0,0,0

APPTR,L24,24,ROKSO
IF,ROKSO,56.602222,21.665000, ,0.0,0.0,2,5000,0,0,0,0,1,0
CF,CL24,56.590722,21.471417,0,LPJ,64.3,14.2,258.0,6.5,2,2500,0,0,0,0,1,0

FINAL,L24,24,D,4
IF,CL24,56.590722,21.471417,LPJ,64.3,14.2,2,2500,0,0,0,0,0,0
CF,FF24,56.563083,21.329250,0,LPJ,64.3,9.2,244.0,5.0,2,2500,0,0,0,0,2,0
CF,33LOC,56.533389,21.177667,0,LPJ,64.3,3.8,244.0,5.3,2,800,0,0,0,0,0,0
CF,RW24,56.520553,21.112356,0,LPJ,64.2,1.5,244.0,2.3,1,68,0,0,0,0,3,0
FD,RW24,56.520553,21.112356,0,LEP,57.0,7.4,244.0,7.4,2,1500,0,0,0,0,0,0
DF,LEP,56.512778,21.084750,2, ,0.0,0.0,1,2500,0,1,220,0,0,0

