SID,AMOL2G,36,2
CD, ,0,0,0,RIA,0,0.0,358.0,5.0,2,3500,0,0,0,0,0,0
CF,AMOLI,57.105833,25.254167,0,RIA,67.7,43.7,76.0,42.0,0,0,0,0,0,0,0,0

SID,AMOL3E,18,2
CD, ,0,0,0,RIA,0,0.0,178.0,2.3,2,1000,0,0,0,0,0,0
CD, ,0,0,0,TUK,0,0.0,94.0,28.0,0,0,0,0,0,0,0,0
CF,AMOLI,57.105833,25.254167,0,RIA,67.7,43.7,61.0,40.0,0,0,0,0,0,0,0,0

SID,ASKO4G,36,2
CD, ,0,0,0,RIA,0,0.0,358.0,5.0,2,3500,0,0,0,0,0,0
CF,ASKOR,56.382778,22.612778,1,RIA,227.7,55.3,221.0,57.0,0,0,0,0,0,0,0,0

SID,ASKO5E,18,2
CD, ,0,0,0,RIA,0,0.0,178.0,3.3,2,2000,0,0,0,0,0,0
CF,ASKOR,56.382778,22.612778,0,RIA,227.7,55.3,231.0,52.0,0,0,0,0,0,0,0,0

SID,ASKO5J,36,2
CD, ,0,0,0,RIA,0,0.0,358.0,2.0,2,1000,0,0,0,0,0,0
CF,ASKOR,56.382778,22.612778,1,RIA,227.7,55.3,224.0,55.0,0,0,0,0,0,0,0,0

SID,BERI3G,36,2
CD, ,0,0,0,RIA,0,0.0,358.0,5.0,2,3500,0,0,0,0,0,0
CF,BERIL,56.363056,23.426389,1,RIA,201.3,38.0,194.0,42.0,0,0,0,0,0,0,0,0

SID,BERI4E,18,2
CD, ,0,0,0,RIA,0,0.0,178.0,3.3,2,2000,0,0,0,0,0,0
CF,BERIL,56.363056,23.426389,0,RIA,201.3,38.0,204.0,34.0,0,0,0,0,0,0,0,0

SID,BERI5J,36,2
CD, ,0,0,0,RIA,0,0.0,358.0,2.0,2,1000,0,0,0,0,0,0
CF,BERIL,56.363056,23.426389,1,RIA,201.3,38.0,196.0,39.0,0,0,0,0,0,0,0,0

SID,ERIV5E,18,2
CD, ,0,0,0,RIA,0,0.0,178.0,2.3,2,1000,0,0,0,0,0,0
CF,ERIVA,56.368889,24.630278,0,RIA,139.1,39.8,136.0,36.0,0,0,0,0,0,0,0,0

SID,ERIV5G,36,2
CD, ,0,0,0,RIA,0,0.0,358.0,5.0,2,3500,0,0,0,0,0,0
CF,ERIVA,56.368889,24.630278,2,RIA,139.1,39.8,148.0,43.0,0,0,0,0,0,0,0,0

SID,GILA1E,18,2
CD, ,0,0,0,RIA,0,0.0,178.0,2.3,2,1000,0,0,0,0,0,0
CD, ,0,0,0,TUK,0,0.0,94.0,28.0,0,0,0,0,0,0,0,0
CF,GILAX,57.390278,24.920833,0,RIA,40.5,42.1,32.0,41.0,0,0,0,0,0,0,0,0

SID,LAPS5E,18,2
CD, ,0,0,0,RIA,0,0.0,178.0,3.3,2,2000,0,0,0,0,0,0
CF,LAPSA,57.336944,22.636944,2,RIA,293.5,50.1,300.0,50.0,0,0,0,0,0,0,0,0

SID,LAPS5G,36,2
CD, ,0,0,0,RIA,0,0.0,358.0,5.0,2,3500,0,0,0,0,0,0
CF,LAPSA,57.336944,22.636944,0,RIA,293.5,50.1,287.0,48.0,0,0,0,0,0,0,0,0

SID,SAKT5E,18,2
CD, ,0,0,0,RIA,0,0.0,178.0,2.3,2,1000,0,0,0,0,0,0
CF,SAKTA,56.575556,25.267222,0,RIA,108.2,47.8,104.0,45.0,0,0,0,0,0,0,0,0

SID,SAKT5G,36,2
CD, ,0,0,0,RIA,0,0.0,358.0,5.0,2,3500,0,0,0,0,0,0
CF,SAKTA,56.575556,25.267222,2,RIA,108.2,47.8,117.0,48.0,0,0,0,0,0,0,0,0

SID,SOKV6E,18,2
CD, ,0,0,0,RIA,0,0.0,178.0,2.3,2,1000,0,0,0,0,0,0
CD, ,0,0,0,TUK,0,0.0,94.0,28.0,0,0,0,0,0,0,0,0
CF,SOKVA,57.900000,24.299444,1,RIA,3.3,59.9,358.0,60.0,0,0,0,0,0,0,0,0

SID,SOKV6G,36,2
CD, ,0,0,0,RIA,0,0.0,358.0,5.0,2,3500,0,0,0,0,0,0
CF,SOKVA,57.900000,24.299444,0,RIA,3.3,59.9,4.0,55.0,0,0,0,0,0,0,0,0

SID,TENS6E,18,2
CD, ,0,0,0,RIA,0,0.0,178.0,3.3,2,2000,0,0,0,0,0,0
CF,TENSI,57.063056,22.305556,2,RIA,272.6,55.1,278.0,53.0,0,0,0,0,0,0,0,0

SID,TENS6G,36,2
CD, ,0,0,0,RIA,0,0.0,358.0,5.0,2,3500,0,0,0,0,0,0
CF,TENSI,57.063056,22.305556,1,RIA,272.6,55.1,265.0,53.0,0,0,0,0,0,0,0,0

SID,TUSA6E,18,2
CD, ,0,0,0,RIA,0,0.0,178.0,2.3,2,1000,0,0,0,0,0,0
CF,TUSAS,56.479444,25.171667,0,RIA,116.1,47.9,112.0,45.0,0,0,0,0,0,0,0,0

SID,TUSA6G,36,2
CD, ,0,0,0,RIA,0,0.0,358.0,5.0,2,3500,0,0,0,0,0,0
CF,TUSAS,56.479444,25.171667,2,RIA,116.1,47.9,125.0,49.0,0,0,0,0,0,0,0,0

SID,VALE4G,36,2
CD, ,0,0,0,RIA,0,0.0,358.0,5.0,2,3500,0,0,0,0,0,0
CF,VALED,56.719722,22.461944,1,RIA,249.9,51.0,242.0,51.0,0,0,0,0,0,0,0,0

SID,VALE5E,18,2
CD, ,0,0,0,RIA,0,0.0,178.0,3.3,2,2000,0,0,0,0,0,0
CF,VALED,56.719722,22.461944,0,RIA,249.9,51.0,255.0,49.0,0,0,0,0,0,0,0,0

SID,VALE5J,36,2
CD, ,0,0,0,RIA,0,0.0,358.0,2.0,2,1000,0,0,0,0,0,0
CI,1, ,0.0,224.0,0,0,0,0,0,0,0,0
CF,VALED,56.719722,22.461944,0,RIA,249.9,51.0,250.0,40.0,0,0,0,0,0,0,0,0

SID,VANA6G,36,2
CD, ,0,0,0,RIA,0,0.0,358.0,5.0,2,3500,0,0,0,0,0,0
CF,VANAG,57.550278,24.725833,0,RIA,25.9,45.3,29.0,41.0,0,0,0,0,0,0,0,0

STAR,AMOL2A,18,2
IF,AMOLI,57.105833,25.254167, ,0.0,0.0,0,0,0,0,0,0,0,0
TF,RIA,56.920861,23.965194,0, ,0.0,0.0,0.0,0.0,2,5000,0,0,0,0,0,0

STAR,AMOL2C,36,2
IF,AMOLI,57.105833,25.254167, ,0.0,0.0,0,0,0,0,0,0,0,0
TF,RIA,56.920861,23.965194,0, ,0.0,0.0,0.0,0.0,2,5000,0,0,0,0,0,0

STAR,ASKO3A,18,2
IF,ASKOR,56.382778,22.612778, ,0.0,0.0,0,0,0,0,0,0,0,0
TF,TUK,56.930583,23.239972,0, ,0.0,0.0,0.0,0.0,2,9000,0,0,0,0,0,0
TF,GUDIN,57.144139,23.873333,0, ,0.0,0.0,0.0,0.0,2,2500,0,0,0,0,0,0

STAR,ASKO5C,36,2
IF,ASKOR,56.382778,22.612778, ,0.0,0.0,0,0,0,0,0,0,0,0
TF,TAGUL,56.708333,23.421944,0, ,0.0,0.0,0.0,0.0,2,7000,0,0,0,0,0,1
CI,0, ,0.0,47.0,0,0,0,0,0,0,0,0
CF,PEVEK,56.708250,23.813917,0,RIA,194.4,13.7,118.0,9.0,2,2500,0,0,0,0,0,0

STAR,BARV6A,18,2
IF,BARVA,56.853889,25.546667, ,0.0,0.0,0,0,0,0,0,0,0,0
TF,KEGUM,56.895000,24.632500,0, ,0.0,0.0,0.0,0.0,0,0,0,0,0,0,0,0
TF,RIA,56.920861,23.965194,0, ,0.0,0.0,0.0,0.0,2,5000,0,0,0,0,0,0

STAR,BARV6C,36,2
IF,BARVA,56.853889,25.546667, ,0.0,0.0,0,0,0,0,0,0,0,0
TF,KEGUM,56.895000,24.632500,0, ,0.0,0.0,0.0,0.0,0,0,0,0,0,0,0,0
TF,RIA,56.920861,23.965194,0, ,0.0,0.0,0.0,0.0,2,5000,0,0,0,0,0,0

STAR,ERIV3C,36,2
IF,ERIVA,56.368889,24.630278, ,0.0,0.0,0,0,0,0,0,0,0,0
TF,AKULI,56.578750,24.120083,0, ,0.0,0.0,0.0,0.0,2,5000,0,0,0,0,0,0

STAR,ERIV5A,18,2
IF,ERIVA,56.368889,24.630278, ,0.0,0.0,0,0,0,0,0,0,0,0
TF,EKMAL,56.574722,24.385000,0, ,0.0,0.0,0.0,0.0,0,0,0,0,0,0,0,0
TF,RIA,56.920861,23.965194,0, ,0.0,0.0,0.0,0.0,2,5000,0,0,0,0,0,0

STAR,GUNT6A,18,2
IF,GUNTA,56.371389,23.755556, ,0.0,0.0,0,0,0,0,0,0,0,0
TF,NELPI,56.513889,23.809444,0, ,0.0,0.0,0.0,0.0,0,0,0,0,0,0,0,0
TF,RIA,56.920861,23.965194,0, ,0.0,0.0,0.0,0.0,2,5000,0,0,0,0,0,0

STAR,GUNT8C,36,2
IF,GUNTA,56.371389,23.755556, ,0.0,0.0,0,0,0,0,0,0,0,0
TF,NELPI,56.513889,23.809444,0, ,0.0,0.0,0.0,0.0,0,0,0,0,0,0,0,0
TF,SOVAK,56.643833,23.858750,0, ,0.0,0.0,0.0,0.0,2,4000,0,0,0,0,0,0

STAR,LAPS4C,36,2
IF,LAPSA,57.336944,22.636944, ,0.0,0.0,0,0,0,0,0,0,0,0
TF,TUK,56.930583,23.239972,0, ,0.0,0.0,0.0,0.0,2,9000,0,0,0,0,0,0
TF,PEVEK,56.708250,23.813917,0, ,0.0,0.0,0.0,0.0,2,2500,0,0,0,0,0,0

STAR,LAPS6A,18,2
IF,LAPSA,57.336944,22.636944, ,0.0,0.0,0,0,0,0,0,0,0,0
TF,ELMIX,57.105278,23.385556,0, ,0.0,0.0,0.0,0.0,2,7000,0,0,0,0,0,0
CI,0, ,0.0,112.0,0,0,0,0,0,0,0,0
CF,GUDIN,57.144139,23.873333,0,RIA,340.4,13.8,51.0,12.0,2,2500,0,0,0,0,0,0

STAR,LUTA5A,18,2
IF,LUTAL,57.899444,23.914722, ,0.0,0.0,0,0,0,0,0,0,0,0
TF,NEMIR,57.570556,23.931944,0, ,0.0,0.0,0.0,0.0,0,0,0,0,0,0,0,0
TF,IRMAN,57.336667,23.944167,0, ,0.0,0.0,0.0,0.0,2,4000,0,0,0,0,0,0
TF,LUSOK,57.220917,23.950028,0, ,0.0,0.0,0.0,0.0,2,2500,0,0,0,0,0,0

STAR,LUTA5C,36,2
IF,LUTAL,57.899444,23.914722, ,0.0,0.0,0,0,0,0,0,0,0,0
TF,NEMIR,57.570556,23.931944,0, ,0.0,0.0,0.0,0.0,0,0,0,0,0,0,0,0
TF,IRMAN,57.336667,23.944167,0, ,0.0,0.0,0.0,0.0,0,0,0,0,0,0,0,0
TF,RIA,56.920861,23.965194,0, ,0.0,0.0,0.0,0.0,2,5000,0,0,0,0,0,0

STAR,ORVI2A,18,2
IF,ORVIX,56.902500,22.379167, ,0.0,0.0,0,0,0,0,0,0,0,0
TF,TUK,56.930583,23.239972,0, ,0.0,0.0,0.0,0.0,2,9000,0,0,0,0,0,0
TF,GUDIN,57.144139,23.873333,0, ,0.0,0.0,0.0,0.0,2,2500,0,0,0,0,0,0

STAR,ORVI2C,36,2
IF,ORVIX,56.902500,22.379167, ,0.0,0.0,0,0,0,0,0,0,0,0
TF,TUK,56.930583,23.239972,0, ,0.0,0.0,0.0,0.0,2,9000,0,0,0,0,0,0
TF,PEVEK,56.708250,23.813917,0, ,0.0,0.0,0.0,0.0,2,2500,0,0,0,0,0,0

STAR,SOKV7A,18,2
IF,SOKVA,57.900000,24.299444, ,0.0,0.0,0,0,0,0,0,0,0,0
TF,NEMIR,57.570556,23.931944,0, ,0.0,0.0,0.0,0.0,0,0,0,0,0,0,0,0
TF,IRMAN,57.336667,23.944167,0, ,0.0,0.0,0.0,0.0,2,4000,0,0,0,0,0,0
TF,LUSOK,57.220917,23.950028,0, ,0.0,0.0,0.0,0.0,2,2500,0,0,0,0,0,0

STAR,SOKV7C,36,2
IF,SOKVA,57.900000,24.299444, ,0.0,0.0,0,0,0,0,0,0,0,0
TF,NEMIR,57.570556,23.931944,0, ,0.0,0.0,0.0,0.0,0,0,0,0,0,0,0,0
TF,IRMAN,57.336667,23.944167,0, ,0.0,0.0,0.0,0.0,0,0,0,0,0,0,0,0
TF,RIA,56.920861,23.965194,0, ,0.0,0.0,0.0,0.0,2,5000,0,0,0,0,0,0

STAR,TENS4A,18,2
IF,TENSI,57.063056,22.305556, ,0.0,0.0,0,0,0,0,0,0,0,0
TF,TUK,56.930583,23.239972,0, ,0.0,0.0,0.0,0.0,2,9000,0,0,0,0,0,0
TF,GUDIN,57.144139,23.873333,0, ,0.0,0.0,0.0,0.0,2,2500,0,0,0,0,0,0

STAR,TENS5C,36,2
IF,TENSI,57.063056,22.305556, ,0.0,0.0,0,0,0,0,0,0,0,0
TF,TUK,56.930583,23.239972,0, ,0.0,0.0,0.0,0.0,2,9000,0,0,0,0,0,0
TF,PEVEK,56.708250,23.813917,0, ,0.0,0.0,0.0,0.0,2,2500,0,0,0,0,0,0

STAR,TUSA5A,18,2
IF,TUSAS,56.479444,25.171667, ,0.0,0.0,0,0,0,0,0,0,0,0
TF,RIA,56.920861,23.965194,0, ,0.0,0.0,0.0,0.0,2,5000,0,0,0,0,0,0

STAR,TUSA6C,36,2
IF,TUSAS,56.479444,25.171667, ,0.0,0.0,0,0,0,0,0,0,0,0
TF,RIA,56.920861,23.965194,0, ,0.0,0.0,0.0,0.0,2,5000,0,0,0,0,0,0

STAR,VANA6C,36,2
IF,VANAG,57.550278,24.725833, ,0.0,0.0,0,0,0,0,0,0,0,0
TF,RIA,56.920861,23.965194,0, ,0.0,0.0,0.0,0.0,2,5000,0,0,0,0,0,0

STAR,VANA7A,18,2
IF,VANAG,57.550278,24.725833, ,0.0,0.0,0,0,0,0,0,0,0,0
TF,LURIG,57.210444,24.311222,0, ,0.0,0.0,0.0,0.0,2,5000,0,0,0,0,0,0

APPTR,D18,18,D002N
IF,D002N,57.143250,24.030000, ,0.0,0.0,2,2500,0,0,0,0,1,0
CF,FD18,57.061083,24.005972,0,RIA,2.0,8.5,182.0,5.0,2,2500,0,0,0,0,0,0

FINAL,D18,18,D,4
IF,FD18,57.061083,24.005972,RIA,2.0,8.5,2,2500,0,0,0,0,2,0
CF,22VOR,56.957083,23.975694,0,RIA,2.0,2.2,182.0,6.3,2,500,0,0,0,0,0,0
CF,ED18,56.935333,23.969389,0,RIA,2.0,0.9,182.0,1.3,1,85,0,0,0,0,0,1
CF,RIA,56.920861,23.965194,0,RIA,0.0,0.0,182.0,0.9,2,440,0,0,0,0,3,1
FA,RIA,56.920861,23.965194,0,RIA,0.0,0.0,182.0,2,1500,0,0,0,0,0,0
VM,0,0,0,182.0,1,2500,0,0,0,0,0,0

APPTR,D36,36,D174N
IF,D174N,56.696306,23.958083, ,0.0,0.0,2,2500,0,0,0,0,1,0
CF,FD36,56.779472,23.960694,0,RIA,174.0,8.5,354.0,5.0,2,2500,0,0,0,0,0,0

FINAL,D36,36,D,2
IF,FD36,56.779472,23.960694,RIA,174.0,8.5,2,2500,0,0,0,0,2,0
CF,RW36,56.906450,23.968356,0,RIA,166.2,0.9,354.0,7.6,1,89,0,0,0,0,3,0
CF,RIA,56.920861,23.965194,0,RIA,0.0,0.0,354.0,0.9,0,0,0,0,0,0,0,0
FA,RIA,56.920861,23.965194,0,RIA,0.0,0.0,354.0,2,1500,0,0,0,0,0,0
VM,0,0,0,354.0,1,2500,0,0,0,0,0,0

APPTR,I18,18,GUDIN
FC,GUDIN,57.144139,23.873333,0,RIA,0.0,0.0,51.0,1.0,2,2500,0,0,0,0,1,0
VI,0,IRV,0.0,133.0,0,0,0,0,0,0,0,0

APPTR,I18,18,LURIG
IF,LURIG,57.210444,24.311222, ,0.0,0.0,2,5000,0,0,0,0,1,0
FC,LURIG,57.210444,24.311222,0,RIA,0.0,0.0,238.0,7.2,0,0,0,0,0,0,0,0
CF,CI18,57.127056,24.005000,0,IRV,358.2,13.6,238.0,4.0,2,2500,0,0,0,0,1,0

APPTR,I18,18,LUSOK
IF,LUSOK,57.220917,23.950028, ,0.0,0.0,2,2500,0,0,0,0,1,0
CF,CI18,57.127056,24.005000,0,IRV,358.2,13.6,155.0,5.9,2,2500,0,0,0,0,1,0

FINAL,I18,18,I,3
IF,CI18,57.127056,24.005000,IRV,358.2,13.6,2,2500,0,0,0,0,0,0
CF,FI18,57.058194,23.993528,0,IRV,358.2,9.5,178.0,4.2,1,2500,0,0,0,0,2,0
CF,RW18,56.935069,23.973078,0,IRV,358.1,2.1,178.0,7.4,1,85,0,0,0,0,3,0
FA,RW18,56.935069,23.973078,0,RIA,0.0,0.0,178.0,2,1500,0,0,0,0,0,0
VM,0,0,0,178.0,1,2500,0,0,0,0,0,0

APPTR,I36,36,AKULI
IF,AKULI,56.578750,24.120083, ,0.0,0.0,2,5000,0,0,0,0,1,0
FC,AKULI,56.578750,24.120083,0,RIA,0.0,0.0,318.0,6.4,0,0,0,0,0,0,0,0
CF,CI36,56.720278,23.937889,0,IRP,178.2,13.3,318.0,4.0,2,2500,0,0,0,0,1,0

APPTR,I36,36,PEVEK
IF,PEVEK,56.708250,23.813917, ,0.0,0.0,2,2500,0,0,0,0,1,0
VI,0,IRP,0.0,43.0,0,0,0,0,0,0,0,0

APPTR,I36,36,SOVAK
IF,SOVAK,56.643833,23.858750, ,0.0,0.0,2,4000,0,0,0,0,1,0
CF,CI36,56.720278,23.937889,0,IRP,178.2,13.3,24.0,5.3,2,2500,0,0,0,0,1,0

FINAL,I36,36,I,3
IF,CI36,56.720278,23.937889,IRP,178.2,13.3,2,2500,0,0,0,0,0,0
CF,FI36,56.783528,23.948222,0,IRP,178.2,9.5,358.0,3.8,1,2500,0,0,0,0,2,0
CF,RW36,56.906450,23.968356,0,IRP,178.2,2.0,358.0,7.4,1,89,0,0,0,0,3,0
FA,RW36,56.906450,23.968356,0,RIA,0.0,0.0,358.0,2,1500,0,0,0,0,0,0
VM,0,0,0,358.0,1,2500,0,0,0,0,0,0

APPTR,L18,18,GUDIN
FC,GUDIN,57.144139,23.873333,0,RIA,0.0,0.0,51.0,1.0,2,2500,0,0,0,0,1,0
VI,0,IRV,0.0,110.0,0,0,0,0,0,0,0,0

APPTR,L18,18,LURIG
IF,LURIG,57.210444,24.311222, ,0.0,0.0,2,5000,0,0,0,0,1,0
FC,LURIG,57.210444,24.311222,0,RIA,0.0,0.0,243.0,6.8,0,0,0,0,0,0,0,0
CF,CL18,57.143778,24.007806,0,IRV,358.2,14.7,243.0,4.0,2,2500,0,0,0,0,1,0

APPTR,L18,18,LUSOK
IF,LUSOK,57.220917,23.950028, ,0.0,0.0,2,2500,0,0,0,0,1,0
CF,CL18,57.143778,24.007806,0,IRV,358.2,14.7,149.0,5.0,2,2500,0,0,0,0,1,0

FINAL,L18,18,D,4
IF,CL18,57.143778,24.007806,IRV,358.2,14.7,2,2500,0,0,0,0,0,0
CF,FF18,57.060917,23.993972,0,IRV,358.2,9.6,178.0,5.0,2,2500,0,0,0,0,2,0
CF,13LOC,56.956833,23.976694,0,IRV,358.2,3.4,178.0,6.3,2,500,0,0,0,0,0,0
CF,ML18,56.940028,23.973917,0,IRV,358.2,2.3,178.0,1.0,1,185,0,0,0,0,3,0
FA,ML18,56.940028,23.973917,0,RIA,0.0,0.0,178.0,2,1500,0,0,0,0,0,0
VM,0,0,0,178.0,1,2500,0,0,0,0,0,0

APPTR,L36,36,AKULI
IF,AKULI,56.578750,24.120083, ,0.0,0.0,2,5000,0,0,0,0,1,0
FC,AKULI,56.578750,24.120083,0,RIA,0.0,0.0,313.0,5.4,0,0,0,0,0,0,0,0
CF,CL36,56.697972,23.934250,0,IRP,178.2,14.6,313.0,4.0,2,2500,0,0,0,0,1,0

APPTR,L36,36,PEVEK
IF,PEVEK,56.708250,23.813917, ,0.0,0.0,2,2500,0,0,0,0,1,0
VI,0,IRP,0.0,65.0,0,0,0,0,0,0,0,0

APPTR,L36,36,SOVAK
IF,SOVAK,56.643833,23.858750, ,0.0,0.0,2,4000,0,0,0,0,1,0
CF,CL36,56.697972,23.934250,0,IRP,178.2,14.6,34.0,4.1,2,2500,0,0,0,0,1,0

FINAL,L36,36,D,3
IF,CL36,56.697972,23.934250,IRP,178.2,14.6,2,2500,0,0,0,0,0,0
CF,FF36,56.780833,23.947778,0,IRP,178.2,9.6,358.0,5.0,2,2500,0,0,0,0,2,0
CF,ML36,56.898167,23.967028,0,IRP,178.1,2.5,358.0,7.1,1,251,0,0,0,0,3,0
FA,ML36,56.898167,23.967028,0,RIA,0.0,0.0,358.0,2,1500,0,0,0,0,0,0
VM,0,0,0,358.0,1,2500,0,0,0,0,0,0

