SID,AXIK1G,13,5
CF,FT510,-21.216472,27.569528,0,FNV,132.2,9.4,132.0,6.0,0,0,0,1,205,0,0,0
TF,FT511,-21.059000,27.670972,0, ,0.0,0.0,0.0,0.0,0,0,0,1,220,0,0,0
TF,AXIKO,-19.951389,26.804722,0, ,0.0,0.0,0.0,0.0,0,0,0,0,0,0,0,0

SID,AXIK1H,31,5
CF,FT520,-21.098472,27.361806,0,FNV,312.1,4.2,312.0,6.0,0,0,0,1,205,0,0,0
TF,FT521,-20.941111,27.463389,0, ,0.0,0.0,0.0,0.0,0,0,0,1,220,0,0,0
TF,AXIKO,-19.951389,26.804722,0, ,0.0,0.0,0.0,0.0,0,0,0,0,0,0,0,0

SID,GEVO1G,13,5
CF,FT510,-21.216472,27.569528,0,FNV,132.2,9.4,132.0,6.0,0,0,0,1,205,0,0,0
TF,FT511,-21.059000,27.670972,0, ,0.0,0.0,0.0,0.0,0,0,0,1,220,0,0,0
TF,FT514,-20.535667,27.259694,0, ,0.0,0.0,0.0,0.0,0,0,0,0,0,0,0,0
TF,GEVOM,-20.224639,26.653528,0, ,0.0,0.0,0.0,0.0,0,0,0,0,0,0,0,0

SID,GEVO1H,31,5
CA,0,312.0,2,3720,0,0,0,0,0,0
CF,FT524,-20.834306,26.899611,0,FNV,312.2,34.6,312.0,35.0,0,0,0,0,0,0,0,0
TF,GEVOM,-20.224639,26.653528,0, ,0.0,0.0,0.0,0.0,0,0,0,0,0,0,0,0

SID,KULB1G,13,5
CF,FT510,-21.216472,27.569528,0,FNV,132.2,9.4,132.0,6.0,0,0,0,1,205,0,0,0
TF,FT511,-21.059000,27.670972,0, ,0.0,0.0,0.0,0.0,0,0,0,1,220,0,0,0
TF,KULBU,-20.936389,27.685556,0, ,0.0,0.0,0.0,0.0,0,0,0,0,0,0,0,0

SID,KULB1H,31,5
CF,FT520,-21.098472,27.361806,0,FNV,312.1,4.2,312.0,6.0,0,0,0,1,205,0,0,0
TF,FT521,-20.941111,27.463389,0, ,0.0,0.0,0.0,0.0,0,0,0,1,220,0,0,0
TF,KULBU,-20.936389,27.685556,0, ,0.0,0.0,0.0,0.0,0,0,0,0,0,0,0,0

SID,UNPE1G,13,5
CF,FT510,-21.216472,27.569528,0,FNV,132.2,9.4,132.0,6.0,0,0,0,1,205,0,0,0
TF,FT512,-21.373889,27.467889,0, ,0.0,0.0,0.0,0.0,0,0,0,1,220,0,0,0
TF,FT513,-21.573639,27.440472,0, ,0.0,0.0,0.0,0.0,0,0,0,0,0,0,0,0
TF,UNPET,-22.333333,27.550000,0, ,0.0,0.0,0.0,0.0,0,0,0,0,0,0,0,0

SID,UNPE1H,31,5
CF,FT520,-21.098472,27.361806,0,FNV,312.1,4.2,312.0,6.0,0,0,0,1,205,0,0,0
TF,FT522,-21.255750,27.260028,0, ,0.0,0.0,0.0,0.0,0,0,0,1,220,0,0,0
TF,FT523,-21.535056,27.181361,0, ,0.0,0.0,0.0,0.0,0,0,0,0,0,0,0,0
TF,UNPET,-22.333333,27.550000,0, ,0.0,0.0,0.0,0.0,0,0,0,0,0,0,0,0

SID,UTAX1G,13,5
CF,FT510,-21.216472,27.569528,0,FNV,132.2,9.4,132.0,6.0,0,0,0,1,205,0,0,0
TF,FT512,-21.373889,27.467889,0, ,0.0,0.0,0.0,0.0,0,0,0,1,220,0,0,0
TF,FT513,-21.573639,27.440472,0, ,0.0,0.0,0.0,0.0,0,0,0,0,0,0,0,0
TF,UTAXA,-22.233333,26.983333,0, ,0.0,0.0,0.0,0.0,0,0,0,0,0,0,0,0

SID,UTAX1H,31,5
CF,FT520,-21.098472,27.361806,0,FNV,312.1,4.2,312.0,6.0,0,0,0,1,205,0,0,0
TF,FT522,-21.255750,27.260028,0, ,0.0,0.0,0.0,0.0,0,0,0,1,220,0,0,0
TF,FT523,-21.535056,27.181361,0, ,0.0,0.0,0.0,0.0,0,0,0,0,0,0,0,0
TF,UTAXA,-22.233333,26.983333,0, ,0.0,0.0,0.0,0.0,0,0,0,0,0,0,0,0

SID,XALE1G,13,5
CF,FT510,-21.216472,27.569528,0,FNV,132.2,9.4,132.0,6.0,0,0,0,1,205,0,0,0
TF,FT512,-21.373889,27.467889,0, ,0.0,0.0,0.0,0.0,0,0,0,1,220,0,0,0
TF,XALEN,-20.837500,26.312222,0, ,0.0,0.0,0.0,0.0,0,0,0,0,0,0,0,0

SID,XALE1H,31,5
CA,0,312.0,2,3720,0,0,0,0,0,0
CF,FT524,-20.834306,26.899611,0,FNV,312.2,34.6,312.0,35.0,0,0,0,0,0,0,0,0
TF,XALEN,-20.837500,26.312222,0, ,0.0,0.0,0.0,0.0,0,0,0,0,0,0,0,0

STAR,AXIK1K,13,5
IF,AXIKO,-19.951389,26.804722, ,0.0,0.0,0,0,0,0,0,0,0,0
TF,FT404,-20.643778,26.941167,0, ,0.0,0.0,0.0,0.0,0,0,0,0,0,0,0,0
TF,GAGDA,-20.996139,27.182333,0, ,0.0,0.0,0.0,0.0,2,6000,0,1,230,0,0,0

STAR,AXIK1M,31,5
IF,AXIKO,-19.951389,26.804722, ,0.0,0.0,0,0,0,0,0,0,0,0
TF,FT426,-20.547194,26.941361,0, ,0.0,0.0,0.0,0.0,0,0,0,0,0,0,0,0
TF,FT425,-20.854722,27.137444,0, ,0.0,0.0,0.0,0.0,0,0,0,0,0,0,0,0
TF,UDGAB,-21.170333,27.695028,0, ,0.0,0.0,0.0,0.0,2,6000,0,1,230,0,0,0

STAR,GEVO1K,13,5
IF,GEVOM,-20.224639,26.653528, ,0.0,0.0,0,0,0,0,0,0,0,0
TF,FT404,-20.643778,26.941167,0, ,0.0,0.0,0.0,0.0,0,0,0,0,0,0,0,0
TF,GAGDA,-20.996139,27.182333,0, ,0.0,0.0,0.0,0.0,2,6000,0,1,230,0,0,0

STAR,GEVO1M,31,5
IF,GEVOM,-20.224639,26.653528, ,0.0,0.0,0,0,0,0,0,0,0,0
TF,FT426,-20.547194,26.941361,0, ,0.0,0.0,0.0,0.0,0,0,0,0,0,0,0,0
TF,FT425,-20.854722,27.137444,0, ,0.0,0.0,0.0,0.0,0,0,0,0,0,0,0,0
TF,UDGAB,-21.170333,27.695028,0, ,0.0,0.0,0.0,0.0,2,6000,0,1,230,0,0,0

STAR,KULB1K,13,5
IF,KULBU,-20.936389,27.685556, ,0.0,0.0,0,0,0,0,0,0,0,0
TF,ETLAD,-20.962472,27.329139,0, ,0.0,0.0,0.0,0.0,2,6000,0,1,230,0,0,0

STAR,KULB1M,31,5
IF,KULBU,-20.936389,27.685556, ,0.0,0.0,0,0,0,0,0,0,0,0
TF,UDGAB,-21.170333,27.695028,0, ,0.0,0.0,0.0,0.0,2,6000,0,1,230,0,0,0

STAR,UNPE1K,13,5
IF,UNPET,-22.333333,27.550000, ,0.0,0.0,0,0,0,0,0,0,0,0
TF,FT403,-21.510000,27.138250,0, ,0.0,0.0,0.0,0.0,0,0,0,0,0,0,0,0
TF,IBNAX,-21.134028,27.218139,0, ,0.0,0.0,0.0,0.0,2,6000,0,1,230,0,0,0

STAR,UNPE1M,31,5
IF,UNPET,-22.333333,27.550000, ,0.0,0.0,0,0,0,0,0,0,0,0
TF,FT423,-21.537333,27.453417,0, ,0.0,0.0,0.0,0.0,0,0,0,0,0,0,0,0
TF,DUDMO,-21.342139,27.584306,0, ,0.0,0.0,0.0,0.0,2,6000,0,1,230,0,0,0

STAR,UTAX1K,13,5
IF,UTAXA,-22.233333,26.983333, ,0.0,0.0,0,0,0,0,0,0,0,0
TF,FT403,-21.510000,27.138250,0, ,0.0,0.0,0.0,0.0,0,0,0,0,0,0,0,0
TF,IBNAX,-21.134028,27.218139,0, ,0.0,0.0,0.0,0.0,2,6000,0,1,230,0,0,0

STAR,UTAX1M,31,5
IF,UTAXA,-22.233333,26.983333, ,0.0,0.0,0,0,0,0,0,0,0,0
TF,FT423,-21.537333,27.453417,0, ,0.0,0.0,0.0,0.0,0,0,0,0,0,0,0,0
TF,DUDMO,-21.342139,27.584306,0, ,0.0,0.0,0.0,0.0,2,6000,0,1,230,0,0,0

STAR,XALE1K,13,5
IF,XALEN,-20.837500,26.312222, ,0.0,0.0,0,0,0,0,0,0,0,0
TF,GAGDA,-20.996139,27.182333,0, ,0.0,0.0,0.0,0.0,2,6000,0,1,230,0,0,0

STAR,XALE1M,31,5
IF,XALEN,-20.837500,26.312222, ,0.0,0.0,0,0,0,0,0,0,0,0
TF,FT424,-21.238722,27.320944,0, ,0.0,0.0,0.0,0.0,2,12000,0,0,0,0,0,0
TF,DUDMO,-21.342139,27.584306,0, ,0.0,0.0,0.0,0.0,2,6000,0,1,230,0,0,0

APPTR,D13-Y,13,FNV
IF,FNV,-21.134867,27.425972, ,0.0,0.0,2,5500,0,0,0,0,0,0
HF,FNV,-21.134867,27.425972,2, ,0.0,0.0,132.0,08,2,5100,0,0,0,0,1,0,0

FINAL,D13-Y,13,D,2
IF,FD13,-21.103258,27.369439,FNV,312.0,3.7,2,5100,0,0,0,0,2,0
CF,MD13,-21.143758,27.441256,0,FNV,132.0,0.0,132.0,4.7,1,3608,0,0,0,0,3,0
FA,MD13,-21.143758,27.441256,0,FNV,0.0,0.0,132.0,2,5000,0,0,0,0,0,0
DF,FNV,-21.134867,27.425972,2, ,0.0,0.0,1,5500,0,1,160,0,0,0
HM,FNV,-21.134867,27.425972,2, ,0.0,0.0,132.0,04.3,0,0,0,0,0,0,0,0,0

APPTR,D13-Z,13,D066L
IF,D066L,-21.019919,27.601092, ,0.0,0.0,0,0,0,0,0,0,1,0
CI,0, ,0.0,246.0,0,0,0,0,0,0,0,0
AF,CD13Z,-21.048922,27.273233,1,FNV,312.0,10.0,66.0,2,5500,0,0,0,0,1,0

APPTR,D13-Z,13,D215L
IF,D215L,-21.318492,27.338842, ,0.0,0.0,0,0,0,0,0,0,1,0
CI,0, ,0.0,35.0,0,0,0,0,0,0,0,0
AF,CD13Z,-21.048922,27.273233,2,FNV,312.0,10.0,215.0,2,5500,0,0,0,0,1,0

APPTR,D13-Z,13,D297N
IF,D297N,-21.069497,27.182714, ,0.0,0.0,0,0,0,1,180,0,1,0
TF,CD13Z,-21.048922,27.273233,0, ,0.0,0.0,0.0,0.0,2,5500,0,0,0,0,1,0

APPTR,D13-Z,13,D330L
IF,D330L,-20.983594,27.285750, ,0.0,0.0,0,0,0,1,180,0,1,0
CI,0, ,0.0,150.0,0,0,0,0,0,0,0,0
AF,CD13Z,-21.048922,27.273233,1,FNV,312.0,10.0,330.0,2,5500,0,0,0,0,1,0

FINAL,D13-Z,13,D,3
IF,CD13Z,-21.048922,27.273233,FNV,312.0,10.0,2,5500,0,0,0,0,0,0
CF,FD13,-21.103258,27.369439,0,FNV,312.0,3.7,132.0,6.3,2,5100,0,0,0,0,2,0
CF,MD13,-21.143758,27.441256,0,FNV,132.0,0.0,132.0,4.7,1,3608,0,0,0,0,3,0
FA,MD13,-21.143758,27.441256,0,FNV,0.0,0.0,132.0,2,5000,0,0,0,0,0,0
DF,FNV,-21.134867,27.425972,2, ,0.0,0.0,1,5500,0,1,160,0,0,0
HM,FNV,-21.134867,27.425972,2, ,0.0,0.0,132.0,04.3,0,0,0,0,0,0,0,0,0

APPTR,D31-Y,31,FNV
IF,FNV,-21.134867,27.425972, ,0.0,0.0,2,5500,0,0,0,0,1,0
TF,FD31,-21.202564,27.551094,0, ,0.0,0.0,0.0,0.0,2,4800,0,0,0,0,0,0
FC,FD31,-21.202564,27.551094,0,FNV,0.0,0.0,176.0,4.4,0,0,0,0,0,0,0,1
CF,FD31,-21.202564,27.551094,1,FNV,131.0,8.1,311.0,5.0,2,4800,0,0,0,0,0,0

FINAL,D31-Y,31,D,2
IF,FD31,-21.202564,27.551094,FNV,131.0,8.1,2,4800,0,0,0,0,2,0
CF,MD31,-21.179172,27.507831,0,FNV,131.0,5.3,311.0,2.8,1,3920,0,0,0,0,3,0
CF,FNV,-21.134867,27.425972,0,FNV,0.0,0.0,311.0,5.3,0,0,0,0,0,0,0,0
FA,FNV,-21.134867,27.425972,0,FNV,0.0,0.0,311.0,2,5000,0,0,0,0,0,0
DF,FNV,-21.134867,27.425972,2, ,0.0,0.0,1,5500,0,0,0,0,0,0
HM,FNV,-21.134867,27.425972,1, ,0.0,0.0,131.0,04.3,2,5500,0,0,0,0,0,0,0

APPTR,D31-Z,31,D066N
IF,D066N,-21.000697,27.630253, ,0.0,0.0,0,0,0,0,0,0,1,0
CI,0, ,0.0,246.0,0,0,0,0,0,0,0,0
AF,CD31Z,-21.235128,27.611381,2,FNV,131.0,12.0,66.0,2,5500,0,0,0,0,1,0

APPTR,D31-Z,31,D146N
IF,D146N,-21.300642,27.602667, ,0.0,0.0,0,0,0,1,180,0,1,0
CI,0, ,0.0,326.0,0,0,0,0,0,0,0,0
AF,CD31Z,-21.235128,27.611381,1,FNV,131.0,12.0,146.0,2,5500,0,0,0,0,1,0

APPTR,D31-Z,31,D215N
IF,D215N,-21.349044,27.324300, ,0.0,0.0,0,0,0,0,0,0,1,0
CI,0, ,0.0,35.0,0,0,0,0,0,0,0,0
AF,CD31Z,-21.235128,27.611381,1,FNV,131.0,12.0,215.0,2,5500,0,0,0,0,1,0

FINAL,D31-Z,31,D,3
IF,CD31Z,-21.235128,27.611381,FNV,131.0,12.0,2,5500,0,0,0,0,0,0
CF,FD31,-21.202564,27.551094,0,FNV,131.0,8.1,311.0,3.9,2,4800,0,0,0,0,2,0
CF,MD31,-21.179172,27.507831,0,FNV,131.0,5.3,311.0,2.8,1,3920,0,0,0,0,3,0
CF,FNV,-21.134867,27.425972,0,FNV,0.0,0.0,311.0,5.3,0,0,0,0,0,0,0,0
FA,FNV,-21.134867,27.425972,0,FNV,0.0,0.0,311.0,2,5000,0,0,0,0,0,0
DF,FNV,-21.134867,27.425972,2, ,0.0,0.0,1,5500,0,0,0,0,0,0
HM,FNV,-21.134867,27.425972,1, ,0.0,0.0,131.0,04.3,2,5500,0,0,0,0,0,0,0

APPTR,R13,13,ETLAD
IF,ETLAD,-20.962472,27.329139, ,0.0,0.0,2,6000,0,1,230,0,1,0
TF,FT400,-21.048250,27.273667,0, ,0.0,0.0,0.0,0.0,2,5300,0,0,0,0,1,0

APPTR,R13,13,GAGDA
IF,GAGDA,-20.996139,27.182333, ,0.0,0.0,2,6000,0,1,230,0,1,0
TF,FT400,-21.048250,27.273667,0, ,0.0,0.0,0.0,0.0,2,5300,0,0,0,0,1,0

APPTR,R13,13,IBNAX
IF,IBNAX,-21.134028,27.218139, ,0.0,0.0,2,6000,0,1,230,0,1,0
TF,FT400,-21.048250,27.273667,0, ,0.0,0.0,0.0,0.0,2,5300,0,0,0,0,1,0

FINAL,R13,13,R,3
IF,FT400,-21.048250,27.273667, ,0.0,0.0,2,5300,0,0,0,0,0,0
TF,FT401,-21.097667,27.360444,0, ,0.0,0.0,132.0,5.7,1,5300,0,0,0,0,2,0
TF,RW13,-21.150481,27.453283,0, ,0.0,0.0,132.0,6.1,1,3361,0,0,0,0,3,1
CF,FT402,-21.193806,27.529556,0,FNV,132.3,6.8,132.0,5.0,0,0,0,1,230,0,0,1
DF,ETLAD,-20.962472,27.329139,1, ,0.0,0.0,2,6000,0,1,230,0,0,0
HM,ETLAD,-20.962472,27.329139,1, ,0.0,0.0,222.0,04.3,2,6000,0,1,230,0,0,0,0

APPTR,R31,31,DUDMO
IF,DUDMO,-21.342139,27.584306, ,0.0,0.0,2,6000,0,1,230,0,1,0
TF,FT420,-21.256222,27.639694,0, ,0.0,0.0,0.0,0.0,2,5100,0,0,0,0,1,0

APPTR,R31,31,UDGAB
IF,UDGAB,-21.170333,27.695028, ,0.0,0.0,2,6000,0,1,230,0,1,0
TF,FT420,-21.256222,27.639694,0, ,0.0,0.0,0.0,0.0,2,5100,0,0,0,0,1,0

APPTR,R31,31,UTSOX
IF,UTSOX,-21.308111,27.731361, ,0.0,0.0,2,6000,0,1,230,0,1,0
TF,FT420,-21.256222,27.639694,0, ,0.0,0.0,0.0,0.0,2,5100,0,0,0,0,1,0

FINAL,R31,31,R,3
IF,FT420,-21.256222,27.639694, ,0.0,0.0,2,5100,0,0,0,0,0,0
TF,FT421,-21.213000,27.563444,0, ,0.0,0.0,312.0,5.0,1,5100,0,0,0,0,2,0
TF,RW31,-21.164514,27.477983,0, ,0.0,0.0,312.0,5.6,1,3318,0,0,0,0,3,1
CF,FT422,-21.121167,27.401750,0,FNV,312.1,1.6,312.0,5.0,0,0,0,1,230,0,0,1
DF,DUDMO,-21.342139,27.584306,1, ,0.0,0.0,2,6000,0,1,230,0,0,0
HM,DUDMO,-21.342139,27.584306,2, ,0.0,0.0,42.0,04.3,2,6000,0,1,230,0,0,0,0

APPTR,S13-W,13,FNV
IF,FNV,-21.134867,27.425972, ,0.0,0.0,2,5500,0,0,0,0,1,0
HF,FNV,-21.134867,27.425972,2, ,0.0,0.0,132.0,04.3,2,5100,0,0,0,0,0,0,0

FINAL,S13-W,13,D,2
IF,FS13,-21.103344,27.369592,FNV,312.0,3.7,2,5100,0,0,0,0,2,0
CF,FNV,-21.134867,27.425972,0,FNV,0.0,0.0,132.0,3.7,1,3926,0,0,0,0,3,0
FA,FNV,-21.134867,27.425972,0,FNV,0.0,0.0,132.0,2,5000,0,0,0,0,0,0
DF,FNV,-21.134867,27.425972,2, ,0.0,0.0,1,5500,0,0,0,0,0,0
HM,FNV,-21.134867,27.425972,2, ,0.0,0.0,132.0,04.3,0,0,0,0,0,0,0,0,0

APPTR,S13-X,13,FNV
IF,FNV,-21.134867,27.425972, ,0.0,0.0,2,5500,0,0,0,0,1,0
HF,FNV,-21.134867,27.425972,2, ,0.0,0.0,132.0,04.3,2,5100,0,0,0,0,0,0,0

FINAL,S13-X,13,D,2
IF,FS13,-21.103344,27.369592,FNV,312.0,3.7,2,5100,0,0,0,0,2,0
CF,FNV,-21.134867,27.425972,0,FNV,0.0,0.0,132.0,3.7,1,3926,0,0,0,0,3,0
FA,FNV,-21.134867,27.425972,0,FNV,0.0,0.0,132.0,2,5000,0,0,0,0,0,0
DF,FNV,-21.134867,27.425972,2, ,0.0,0.0,1,5500,0,1,160,0,0,0
HM,FNV,-21.134867,27.425972,2, ,0.0,0.0,132.0,04.3,0,0,0,0,0,0,0,0,0

