SID,APDU1G,08,5
CF,MN500,-19.943444,23.495722,0,MNV,74.1,6.7,75.0,3.0,0,0,0,1,205,0,0,1
TF,APDUN,-20.243611,24.235278,0, ,0.0,0.0,0.0,0.0,0,0,0,0,0,0,0,0

SID,APDU1H,26,5
CF,MN520,-20.011417,23.334083,0,MNV,256.9,3.3,255.0,5.0,0,0,0,1,205,0,0,1
DF,APDUN,-20.243611,24.235278,1, ,0.0,0.0,0,0,0,0,0,0,0,0

SID,APGA1G,08,5
CF,MN500,-19.943444,23.495722,0,MNV,74.1,6.7,75.0,3.0,0,0,0,1,205,0,0,1
TF,MN502,-20.277194,23.611833,2, ,0.0,0.0,0.0,0.0,0,0,0,1,220,0,0,0
TF,APGAR,-20.742778,23.774722,0, ,0.0,0.0,0.0,0.0,0,0,0,0,0,0,0,0

SID,APGA1H,26,5
CF,MN520,-20.011417,23.334083,0,MNV,256.9,3.3,255.0,5.0,0,0,0,1,205,0,0,1
TF,MN522,-20.375194,23.552639,1, ,0.0,0.0,0.0,0.0,0,0,0,1,220,0,0,0
TF,APGAR,-20.742778,23.774722,0, ,0.0,0.0,0.0,0.0,0,0,0,0,0,0,0,0

SID,EGMI1G,08,5
CF,MN500,-19.943444,23.495722,0,MNV,74.1,6.7,75.0,3.0,0,0,0,1,205,0,0,1
TF,MN502,-20.277194,23.611833,2, ,0.0,0.0,0.0,0.0,0,0,0,1,220,0,0,0
TF,EGMIR,-20.674722,23.898333,0, ,0.0,0.0,0.0,0.0,0,0,0,0,0,0,0,0

SID,EGMI1H,26,5
CF,MN520,-20.011417,23.334083,0,MNV,256.9,3.3,255.0,5.0,0,0,0,1,205,0,0,1
TF,MN522,-20.375194,23.552639,1, ,0.0,0.0,0.0,0.0,0,0,0,1,220,0,0,0
TF,EGMIR,-20.674722,23.898333,0, ,0.0,0.0,0.0,0.0,0,0,0,0,0,0,0,0

SID,ETLO1G,08,5
CF,MN501,-19.766000,23.915444,0,MNV,74.8,32.7,75.0,29.0,0,0,0,0,0,0,0,0
TF,ETLON,-19.120000,24.370000,0, ,0.0,0.0,0.0,0.0,0,0,0,0,0,0,0,0

SID,ETLO1H,26,5
CF,MN520,-20.011417,23.334083,0,MNV,256.9,3.3,255.0,5.0,0,0,0,1,205,0,0,1
DF,MN521,-19.174194,23.885722,2, ,0.0,0.0,0,0,0,0,0,0,0,0
TF,ETLON,-19.120000,24.370000,0, ,0.0,0.0,0.0,0.0,0,0,0,0,0,0,0,0

SID,NERE1G,08,5
CF,MN501,-19.766000,23.915444,0,MNV,74.8,32.7,75.0,29.0,0,0,0,0,0,0,0,0
TF,NEREX,-18.902222,24.280000,0, ,0.0,0.0,0.0,0.0,0,0,0,0,0,0,0,0

SID,NERE1H,26,5
CF,MN520,-20.011417,23.334083,0,MNV,256.9,3.3,255.0,5.0,0,0,0,1,205,0,0,1
DF,MN521,-19.174194,23.885722,2, ,0.0,0.0,0,0,0,0,0,0,0,0
TF,NEREX,-18.902222,24.280000,0, ,0.0,0.0,0.0,0.0,0,0,0,0,0,0,0,0

STAR,APDU1K,08,5
IF,APDUN,-20.243611,24.235278, ,0.0,0.0,0,0,0,0,0,0,0,0
TF,MN411,-20.174639,23.530083,0, ,0.0,0.0,0.0,0.0,2,9000,0,0,0,0,0,0
TF,TIBOM,-20.148389,23.269389,0, ,0.0,0.0,0.0,0.0,2,6000,0,1,210,0,0,0

STAR,APDU1M,26,5
IF,APDUN,-20.243611,24.235278, ,0.0,0.0,0,0,0,0,0,0,0,0
TF,OKPAT,-19.845694,23.727306,0, ,0.0,0.0,0.0,0.0,2,6000,0,1,230,0,0,0

STAR,APGA1K,08,5
IF,APGAR,-20.742778,23.774722, ,0.0,0.0,0,0,0,0,0,0,0,0
TF,MN412,-20.380944,23.466472,0, ,0.0,0.0,0.0,0.0,0,0,0,0,0,0,0,0
TF,TIBOM,-20.148389,23.269389,0, ,0.0,0.0,0.0,0.0,2,6000,0,1,210,0,0,0

STAR,APGA1M,26,5
IF,APGAR,-20.742778,23.774722, ,0.0,0.0,0,0,0,0,0,0,0,0
TF,MN420,-20.212000,23.748861,0, ,0.0,0.0,0.0,0.0,0,0,0,0,0,0,0,0
TF,DUDRA,-19.978306,23.673722,0, ,0.0,0.0,0.0,0.0,2,6000,0,1,230,0,0,0

STAR,EGMI1K,08,5
IF,EGMIR,-20.674722,23.898333, ,0.0,0.0,0,0,0,0,0,0,0,0
TF,MN412,-20.380944,23.466472,0, ,0.0,0.0,0.0,0.0,0,0,0,0,0,0,0,0
TF,TIBOM,-20.148389,23.269389,0, ,0.0,0.0,0.0,0.0,2,6000,0,1,210,0,0,0

STAR,EGMI1M,26,5
IF,EGMIR,-20.674722,23.898333, ,0.0,0.0,0,0,0,0,0,0,0,0
TF,MN420,-20.212000,23.748861,0, ,0.0,0.0,0.0,0.0,0,0,0,0,0,0,0,0
TF,DUDRA,-19.978306,23.673722,0, ,0.0,0.0,0.0,0.0,2,6000,0,1,230,0,0,0

STAR,ETLO1K,08,5
IF,ETLON,-19.120000,24.370000, ,0.0,0.0,0,0,0,0,0,0,0,0
TF,MN410,-19.817111,23.532972,0, ,0.0,0.0,0.0,0.0,0,0,0,0,0,0,0,0
TF,OKTEB,-19.964889,23.183250,0, ,0.0,0.0,0.0,0.0,2,6000,0,1,230,0,0,0

STAR,ETLO1M,26,5
IF,ETLON,-19.120000,24.370000, ,0.0,0.0,0,0,0,0,0,0,0,0
TF,OKPAT,-19.845694,23.727306,0, ,0.0,0.0,0.0,0.0,2,6000,0,1,230,0,0,0

STAR,NERE1K,08,5
IF,NEREX,-18.902222,24.280000, ,0.0,0.0,0,0,0,0,0,0,0,0
TF,MN410,-19.817111,23.532972,0, ,0.0,0.0,0.0,0.0,0,0,0,0,0,0,0,0
TF,OKTEB,-19.964889,23.183250,0, ,0.0,0.0,0.0,0.0,2,6000,0,1,230,0,0,0

STAR,NERE1M,26,5
IF,NEREX,-18.902222,24.280000, ,0.0,0.0,0,0,0,0,0,0,0,0
TF,OKPAT,-19.845694,23.727306,0, ,0.0,0.0,0.0,0.0,2,6000,0,1,230,0,0,0

APPTR,D08-Z,08,D156L
IF,D156L,-20.158697,23.504592, ,0.0,0.0,0,0,0,0,0,0,1,0
CI,0, ,0.0,336.0,0,0,0,0,0,0,0,0
AF,D246J,-20.081422,23.240308,2,MNV,246.0,10.0,156.0,2,5500,0,0,0,0,0,0
CF,CD08Z,-20.027944,23.290339,0,MNV,257.0,6.0,77.0,4.0,2,4600,0,0,0,0,0,0

APPTR,D08-Z,08,D165L
IF,D165L,-20.173744,23.475286, ,0.0,0.0,0,0,0,0,0,0,1,0
CI,0, ,0.0,345.0,0,0,0,0,0,0,0,0
AF,D246J,-20.081422,23.240308,2,MNV,246.0,10.0,165.0,2,5500,0,0,0,0,0,0
CF,CD08Z,-20.027944,23.290339,0,MNV,257.0,6.0,77.0,4.0,2,4600,0,0,0,0,0,0

APPTR,D08-Z,08,D257N
IF,D257N,-20.077958,23.158969, ,0.0,0.0,0,0,0,0,0,0,1,0
CF,D257J,-20.052964,23.224664,0,MNV,257.0,10.0,77.0,4.0,2,5500,0,0,0,0,1,0
CF,CD08Z,-20.027944,23.290339,0,MNV,257.0,6.0,77.0,4.0,2,4600,0,0,0,0,0,0

APPTR,D08-Z,08,D331L
IF,D331L,-19.832125,23.258197, ,0.0,0.0,0,0,0,0,0,0,1,0
CI,0, ,0.0,151.0,0,0,0,0,0,0,0,0
AF,D268J,-20.022206,23.215058,1,MNV,268.0,10.0,331.0,2,5500,0,0,0,0,0,0
CF,CD08Z,-20.027944,23.290339,0,MNV,257.0,6.0,77.0,4.0,2,4600,0,0,0,0,0,0

APPTR,D08-Z,08,D348L
IF,D348L,-19.802933,23.312797, ,0.0,0.0,0,0,0,0,0,0,1,0
CI,0, ,0.0,168.0,0,0,0,0,0,0,0,0
AF,D268J,-20.022206,23.215058,1,MNV,268.0,10.0,348.0,2,5500,0,0,0,0,0,0
CF,CD08Z,-20.027944,23.290339,0,MNV,257.0,6.0,77.0,4.0,2,4600,0,0,0,0,0,0

APPTR,D08-Z,08,MNV
IF,MNV,-19.990372,23.388811, ,0.0,0.0,2,5500,0,0,0,0,0,0
HF,MNV,-19.990372,23.388811,2, ,0.0,0.0,77.0,06,2,4600,0,0,0,0,0,0,0

FINAL,D08-Z,08,D,3
IF,CD08Z,-20.027944,23.290339,MNV,257.0,6.0,2,4600,0,0,0,0,0,0
CF,FD08Z,-20.009164,23.339581,0,MNV,257.0,3.0,77.0,3.0,2,4600,0,0,0,0,2,0
CF,MD08Z,-19.984103,23.405217,0,MNV,77.0,0.0,77.0,4.0,1,3344,0,0,0,0,3,0
FA,MD08Z,-19.984103,23.405217,0,MNV,0.0,0.0,77.0,2,4400,0,0,0,0,0,0
DF,MNV,-19.990372,23.388811,2, ,0.0,0.0,1,5500,0,0,0,0,0,0
HM,MNV,-19.990372,23.388811,2, ,0.0,0.0,77.0,04.3,0,0,0,0,0,0,0,0,0

APPTR,D26-Z,26,D058P
IF,D058P,-19.814633,23.602267, ,0.0,0.0,0,0,0,0,0,0,1,0
CI,0, ,0.0,238.0,0,0,0,0,0,0,0,0
AF,D072N,-19.883903,23.609411,2,MNV,72.0,14.0,58.0,2,5500,0,0,0,0,0,0
CF,CD26Z,-19.938011,23.549389,0,MNV,80.0,9.6,260.0,4.4,2,4600,0,0,0,0,0,0

APPTR,D26-Z,26,D087S
IF,D087S,-19.910344,23.714133, ,0.0,0.0,0,0,0,0,0,0,1,0
TF,D080N,-19.913964,23.622953,0, ,0.0,0.0,0.0,0.0,2,5500,0,0,0,0,1,0
CF,CD26Z,-19.938011,23.549389,0,MNV,80.0,9.6,260.0,4.4,2,4600,0,0,0,0,0,0

APPTR,D26-Z,26,D119P
IF,D119P,-20.081719,23.655033, ,0.0,0.0,0,0,0,0,0,0,1,0
CI,0, ,0.0,299.0,0,0,0,0,0,0,0,0
AF,D088N,-19.945514,23.631942,1,MNV,88.0,14.0,119.0,2,5500,0,0,0,0,0,0
CF,CD26Z,-19.938011,23.549389,0,MNV,80.0,9.6,260.0,4.4,2,4600,0,0,0,0,0,0

APPTR,D26-Z,26,D156P
IF,D156P,-20.214789,23.543242, ,0.0,0.0,0,0,0,0,0,0,1,0
CI,0, ,0.0,336.0,0,0,0,0,0,0,0,0
AF,D088N,-19.945514,23.631942,1,MNV,88.0,14.0,156.0,2,5500,0,0,0,0,0,0
CF,CD26Z,-19.938011,23.549389,0,MNV,80.0,9.6,260.0,4.4,2,4600,0,0,0,0,0,0

APPTR,D26-Z,26,D165P
IF,D165P,-20.234858,23.504156, ,0.0,0.0,0,0,0,0,0,0,1,0
CI,0, ,0.0,345.0,0,0,0,0,0,0,0,0
AF,D088N,-19.945514,23.631942,1,MNV,88.0,14.0,165.0,2,5500,0,0,0,0,0,0
CF,CD26Z,-19.938011,23.549389,0,MNV,80.0,9.6,260.0,4.4,2,4600,0,0,0,0,0,0

APPTR,D26-Z,26,MNV1
IF,MNV,-19.990372,23.388811, ,0.0,0.0,2,5500,0,0,0,0,0,0
FD,MNV,-19.990372,23.388811,0,MNV,0.0,9.6,106.0,9.6,2,4600,0,0,0,0,0,0
CF,CD26Z,-19.938011,23.549389,1,MNV,80.0,9.6,260.0,1.0,2,4600,0,0,0,0,0,0

APPTR,D26-Z,26,MNV2
IF,MNV,-19.990372,23.388811, ,0.0,0.0,2,5500,0,0,0,0,0,0
FD,MNV,-19.990372,23.388811,0,MNV,0.0,9.6,92.0,9.6,2,4600,0,0,0,0,0,0
CF,CD26Z,-19.938011,23.549389,1,MNV,80.0,9.6,260.0,1.0,2,4600,0,0,0,0,0,0

FINAL,D26-Z,26,D,3
IF,CD26Z,-19.938011,23.549389,MNV,80.0,9.6,2,4600,0,0,0,0,0,0
CF,FD26Z,-19.945656,23.525978,0,MNV,80.0,8.2,260.0,1.4,2,4600,0,0,0,0,2,0
CF,MD26Z,-19.968572,23.455731,0,MNV,80.0,4.0,260.0,4.2,1,3310,0,0,0,0,3,0
CA,0,260.0,2,4400,0,0,0,0,0,0
CF,MNV,-19.990372,23.388811,0,MNV,0.0,0.0,260.0,2.0,0,0,0,0,0,0,0,1
DF,MNV,-19.990372,23.388811,2, ,0.0,0.0,1,5500,0,0,0,0,0,0
HM,MNV,-19.990372,23.388811,2, ,0.0,0.0,106.0,04.3,0,0,0,0,0,0,0,0,0

APPTR,R08,08,OKTEB
IF,OKTEB,-19.964889,23.183250, ,0.0,0.0,2,6000,0,1,230,0,1,0
TF,MN400,-20.056639,23.226278,0, ,0.0,0.0,0.0,0.0,2,5100,0,0,0,0,1,0

APPTR,R08,08,RATOM
IF,RATOM,-20.097306,23.129167, ,0.0,0.0,2,6000,0,1,210,0,1,0
TF,MN400,-20.056639,23.226278,0, ,0.0,0.0,0.0,0.0,2,5100,0,0,0,0,1,0

APPTR,R08,08,TIBOM
IF,TIBOM,-20.148389,23.269389, ,0.0,0.0,2,6000,0,1,210,0,1,0
TF,MN400,-20.056639,23.226278,0, ,0.0,0.0,0.0,0.0,2,5100,0,0,0,0,1,0

FINAL,R08,08,R,3
IF,MN400,-20.056639,23.226278, ,0.0,0.0,2,5100,0,0,0,0,0,0
TF,MN401,-20.019556,23.314750,0, ,0.0,0.0,75.0,5.5,1,5100,0,0,0,0,2,0
TF,RW08,-19.977453,23.414942,0, ,0.0,0.0,75.0,6.2,1,3127,0,0,0,0,3,1
CA,0,75.0,2,4000,0,1,210,0,0,0
DF,OKTEB,-19.964889,23.183250,1, ,0.0,0.0,2,6000,0,1,230,0,0,0
HM,OKTEB,-19.964889,23.183250,1, ,0.0,0.0,165.0,04.3,2,6000,0,1,230,0,0,0,0

APPTR,R26,26,DUDRA
IF,DUDRA,-19.978306,23.673722, ,0.0,0.0,2,6000,0,1,230,0,1,0
TF,MN402,-19.886639,23.630444,0, ,0.0,0.0,0.0,0.0,2,5000,0,0,0,0,1,0

APPTR,R26,26,NERAD
IF,NERAD,-19.794972,23.587222, ,0.0,0.0,2,6000,0,1,230,0,1,0
TF,MN402,-19.886639,23.630444,0, ,0.0,0.0,0.0,0.0,2,5000,0,0,0,0,1,0

APPTR,R26,26,OKPAT
IF,OKPAT,-19.845694,23.727306, ,0.0,0.0,2,6000,0,1,230,0,1,0
TF,MN402,-19.886639,23.630444,0, ,0.0,0.0,0.0,0.0,2,5000,0,0,0,0,1,0

FINAL,R26,26,R,3
IF,MN402,-19.886639,23.630444, ,0.0,0.0,2,5000,0,0,0,0,0,0
TF,MN403,-19.923889,23.542167,0, ,0.0,0.0,255.0,5.5,1,5000,0,0,0,0,2,0
TF,RW26,-19.963869,23.447228,0, ,0.0,0.0,255.0,5.9,1,3129,0,0,0,0,3,1
CF,MN404,-19.997861,23.366389,0,MNV,259.5,1.3,255.0,5.0,0,0,0,1,210,0,0,1
DF,NERAD,-19.794972,23.587222,2, ,0.0,0.0,2,6000,0,1,230,0,0,0
HM,NERAD,-19.794972,23.587222,2, ,0.0,0.0,165.0,04.3,2,6000,0,1,230,0,0,0,0

APPTR,S08-Y,08,MNV1
IF,MNV,-19.990372,23.388811, ,0.0,0.0,2,5500,0,0,0,0,0,0
HF,MNV,-19.990372,23.388811,2, ,0.0,0.0,77.0,04.3,2,4600,0,0,0,0,0,0,0

APPTR,S08-Y,08,MNV2
IF,MNV,-19.990372,23.388811, ,0.0,0.0,2,5500,0,0,0,0,0,0
HF,MNV,-19.990372,23.388811,2, ,0.0,0.0,77.0,04.3,2,4600,0,0,0,0,0,0,0

FINAL,S08-Y,08,D,2
IF,FS08Y,-20.008914,23.340236,MNV,257.0,3.0,2,4600,0,0,0,0,2,0
CF,MNV,-19.990372,23.388811,0,MNV,0.0,0.0,77.0,3.0,1,3661,0,0,0,0,3,0
FA,MNV,-19.990372,23.388811,0,MNV,0.0,0.0,77.0,2,4400,0,0,0,0,0,0
DF,MNV,-19.990372,23.388811,2, ,0.0,0.0,1,5500,0,0,0,0,0,0
HM,MNV,-19.990372,23.388811,2, ,0.0,0.0,77.0,04.3,0,0,0,0,0,0,0,0,0

