SID,TESO1B,26,5
CA,0,258.0,2,4000,0,0,0,0,0,0
DF,SK504,-24.539917,25.675194,0, ,0.0,0.0,0,0,0,0,0,0,0,1
TF,TESOS,-24.457306,25.197278,0, ,0.0,0.0,0.0,0.0,0,0,0,0,0,0,0,0

SID,TESO1B,ETBED,6
IF,TESOS,-24.457306,25.197278, ,0.0,0.0,0,0,0,0,0,0,0,0
TF,ETBED,-24.533333,24.650000,0, ,0.0,0.0,0.0,0.0,0,0,0,0,0,0,0,0

SID,TESO1B,SINKI,6
IF,TESOS,-24.457306,25.197278, ,0.0,0.0,0,0,0,0,0,0,0,0
TF,SINKI,-24.269000,24.685167,0, ,0.0,0.0,0.0,0.0,0,0,0,0,0,0,0,0

SID,TESO1B,UNBIS,6
IF,TESOS,-24.457306,25.197278, ,0.0,0.0,0,0,0,0,0,0,0,0
TF,UNBIS,-24.383333,24.666667,0, ,0.0,0.0,0.0,0.0,0,0,0,0,0,0,0,0

SID,TESO1B,UVLUK,6
IF,TESOS,-24.457306,25.197278, ,0.0,0.0,0,0,0,0,0,0,0,0
TF,UVLUK,-24.200000,24.700000,0, ,0.0,0.0,0.0,0.0,0,0,0,0,0,0,0,0

SID,TESO2A,08,5
CA,0,78.0,2,4000,0,0,0,0,0,0
DF,SK502,-24.438389,25.690917,1, ,0.0,0.0,0,0,0,0,0,0,0,1
TF,TESOS,-24.457306,25.197278,0, ,0.0,0.0,0.0,0.0,0,0,0,0,0,0,0,0

SID,TESO2A,ETBED,6
IF,TESOS,-24.457306,25.197278, ,0.0,0.0,0,0,0,0,0,0,0,0
TF,ETBED,-24.533333,24.650000,0, ,0.0,0.0,0.0,0.0,0,0,0,0,0,0,0,0

SID,TESO2A,SINKI,6
IF,TESOS,-24.457306,25.197278, ,0.0,0.0,0,0,0,0,0,0,0,0
TF,SINKI,-24.269000,24.685167,0, ,0.0,0.0,0.0,0.0,0,0,0,0,0,0,0,0

SID,TESO2A,UNBIS,6
IF,TESOS,-24.457306,25.197278, ,0.0,0.0,0,0,0,0,0,0,0,0
TF,UNBIS,-24.383333,24.666667,0, ,0.0,0.0,0.0,0.0,0,0,0,0,0,0,0,0

SID,TESO2A,UVLUK,6
IF,TESOS,-24.457306,25.197278, ,0.0,0.0,0,0,0,0,0,0,0,0
TF,UVLUK,-24.200000,24.700000,0, ,0.0,0.0,0.0,0.0,0,0,0,0,0,0,0,0

SID,UDBU1B,26,5
CF,GBV,-24.597714,25.832456,0,GBV,0.0,0.0,258.0,4.5,0,0,0,0,0,0,0,1
TF,SK508,-24.858056,25.941417,1, ,0.0,0.0,0.0,0.0,0,0,0,0,0,0,0,0
TF,UDBUL,-25.201056,26.466806,0, ,0.0,0.0,0.0,0.0,0,0,0,0,0,0,0,0

SID,UDBU2A,08,5
CA,0,78.0,2,4000,0,0,0,0,0,0
DF,SK503,-24.788028,26.104361,2, ,0.0,0.0,0,0,0,0,0,0,0,1
TF,UDBUL,-25.201056,26.466806,0, ,0.0,0.0,0.0,0.0,0,0,0,0,0,0,0,0

SID,UDMO1B,26,5
CA,0,258.0,2,4000,0,0,0,0,0,0
DF,SK506,-24.342056,25.941278,2, ,0.0,0.0,0,0,0,0,0,0,0,1
TF,SK507,-24.194000,26.075111,0, ,0.0,0.0,0.0,0.0,0,0,0,0,0,0,0,0
TF,UDMOT,-23.886250,26.024222,0, ,0.0,0.0,0.0,0.0,0,0,0,0,0,0,0,0

SID,UDMO1B,AKUTA,6
IF,UDMOT,-23.886250,26.024222, ,0.0,0.0,0,0,0,0,0,0,0,0
TF,AKUTA,-23.550000,26.133333,0, ,0.0,0.0,0.0,0.0,0,0,0,0,0,0,0,0

SID,UDMO1B,KUTLA,6
IF,UDMOT,-23.886250,26.024222, ,0.0,0.0,0,0,0,0,0,0,0,0
TF,KUTLA,-23.602111,26.316306,0, ,0.0,0.0,0.0,0.0,0,0,0,0,0,0,0,0

SID,UDMO2A,08,5
CA,0,78.0,2,4000,0,0,0,0,0,0
DF,SK501,-24.169139,25.937222,1, ,0.0,0.0,0,0,0,0,0,0,0,1
TF,UDMOT,-23.886250,26.024222,0, ,0.0,0.0,0.0,0.0,0,0,0,0,0,0,0,0

SID,UDMO2A,AKUTA,6
IF,UDMOT,-23.886250,26.024222, ,0.0,0.0,0,0,0,0,0,0,0,0
TF,AKUTA,-23.550000,26.133333,0, ,0.0,0.0,0.0,0.0,0,0,0,0,0,0,0,0

SID,UDMO2A,KUTLA,6
IF,UDMOT,-23.886250,26.024222, ,0.0,0.0,0,0,0,0,0,0,0,0
TF,KUTLA,-23.602111,26.316306,0, ,0.0,0.0,0.0,0.0,0,0,0,0,0,0,0,0

SID,UTVI1B,26,5
CA,0,258.0,2,4000,0,0,0,0,0,0
DF,SK504,-24.539917,25.675194,0, ,0.0,0.0,0,0,0,0,0,0,0,1
TF,SK505,-24.164972,25.631361,0, ,0.0,0.0,0.0,0.0,0,0,0,0,0,0,0,0
TF,UTVIN,-23.619056,25.299889,0, ,0.0,0.0,0.0,0.0,0,0,0,0,0,0,0,0

SID,UTVI2A,08,5
CA,0,78.0,2,4000,0,0,0,0,0,0
DF,SK501,-24.169139,25.937222,1, ,0.0,0.0,0,0,0,0,0,0,0,1
TF,UTVIN,-23.619056,25.299889,0, ,0.0,0.0,0.0,0.0,0,0,0,0,0,0,0,0

STAR,DULT1D,ETBED,4
IF,ETBED,-24.533333,24.650000, ,0.0,0.0,0,0,0,0,0,0,0,0
TF,DULTO,-24.630500,25.212611,0, ,0.0,0.0,0.0,0.0,0,0,0,0,0,0,0,0

STAR,DULT1D,SINKI,4
IF,SINKI,-24.269000,24.685167, ,0.0,0.0,0,0,0,0,0,0,0,0
TF,DULTO,-24.630500,25.212611,0, ,0.0,0.0,0.0,0.0,0,0,0,0,0,0,0,0

STAR,DULT1D,UNBIS,4
IF,UNBIS,-24.383333,24.666667, ,0.0,0.0,0,0,0,0,0,0,0,0
TF,DULTO,-24.630500,25.212611,0, ,0.0,0.0,0.0,0.0,0,0,0,0,0,0,0,0

STAR,DULT1D,UVLUK,4
IF,UVLUK,-24.200000,24.700000, ,0.0,0.0,0,0,0,0,0,0,0,0
TF,DULTO,-24.630500,25.212611,0, ,0.0,0.0,0.0,0.0,0,0,0,0,0,0,0,0

STAR,DULT1D,26,5
IF,DULTO,-24.630500,25.212611, ,0.0,0.0,0,0,0,0,0,0,0,0
TF,SK410,-24.721694,25.933917,0, ,0.0,0.0,0.0,0.0,0,0,0,0,0,0,0,0
TF,KOFTA,-24.545889,26.167722,0, ,0.0,0.0,0.0,0.0,2,6000,0,1,230,0,0,0

STAR,DULT2C,ETBED,4
IF,ETBED,-24.533333,24.650000, ,0.0,0.0,0,0,0,0,0,0,0,0
TF,DULTO,-24.630500,25.212611,0, ,0.0,0.0,0.0,0.0,0,0,0,0,0,0,0,0

STAR,DULT2C,SINKI,4
IF,SINKI,-24.269000,24.685167, ,0.0,0.0,0,0,0,0,0,0,0,0
TF,DULTO,-24.630500,25.212611,0, ,0.0,0.0,0.0,0.0,0,0,0,0,0,0,0,0

STAR,DULT2C,UNBIS,4
IF,UNBIS,-24.383333,24.666667, ,0.0,0.0,0,0,0,0,0,0,0,0
TF,DULTO,-24.630500,25.212611,0, ,0.0,0.0,0.0,0.0,0,0,0,0,0,0,0,0

STAR,DULT2C,UVLUK,4
IF,UVLUK,-24.200000,24.700000, ,0.0,0.0,0,0,0,0,0,0,0,0
TF,DULTO,-24.630500,25.212611,0, ,0.0,0.0,0.0,0.0,0,0,0,0,0,0,0,0

STAR,DULT2C,08,5
IF,DULTO,-24.630500,25.212611, ,0.0,0.0,0,0,0,0,0,0,0,0
TF,ESVON,-24.692889,25.639333,0, ,0.0,0.0,0.0,0.0,2,6000,0,1,230,0,0,0

STAR,DUSL1D,26,5
IF,DUSLI,-24.973417,26.650472, ,0.0,0.0,0,0,0,0,0,0,0,0
TF,KOFTA,-24.545889,26.167722,0, ,0.0,0.0,0.0,0.0,2,6000,0,1,230,0,0,0

STAR,DUSL2C,08,5
IF,DUSLI,-24.973417,26.650472, ,0.0,0.0,0,0,0,0,0,0,0,0
TF,SK409,-24.678528,26.138722,0, ,0.0,0.0,0.0,0.0,0,0,0,0,0,0,0,0
TF,BONDY,-24.733500,25.788167,0, ,0.0,0.0,0.0,0.0,2,6000,0,1,230,0,0,0

STAR,UTVI1D,26,5
IF,UTVIN,-23.619056,25.299889, ,0.0,0.0,0,0,0,0,0,0,0,0
TF,SK411,-24.169139,25.937222,0, ,0.0,0.0,0.0,0.0,0,0,0,0,0,0,0,0
TF,UTIMO,-24.369361,26.063556,0, ,0.0,0.0,0.0,0.0,2,6000,0,1,230,0,0,0

STAR,UTVI2C,08,5
IF,UTVIN,-23.619056,25.299889, ,0.0,0.0,0,0,0,0,0,0,0,0
TF,SK408,-24.164972,25.631361,0, ,0.0,0.0,0.0,0.0,0,0,0,0,0,0,0,0
TF,OKPEX,-24.556972,25.683806,0, ,0.0,0.0,0.0,0.0,2,6000,0,1,230,0,0,0

STAR,UVBI1D,AKUTA,4
IF,AKUTA,-23.550000,26.133333, ,0.0,0.0,0,0,0,0,0,0,0,0
TF,UVBIX,-23.937250,26.211167,0, ,0.0,0.0,0.0,0.0,0,0,0,0,0,0,0,0

STAR,UVBI1D,KUTLA,4
IF,KUTLA,-23.602111,26.316306, ,0.0,0.0,0,0,0,0,0,0,0,0
TF,UVBIX,-23.937250,26.211167,0, ,0.0,0.0,0.0,0.0,0,0,0,0,0,0,0,0

STAR,UVBI1D,26,5
IF,UVBIX,-23.937250,26.211167, ,0.0,0.0,0,0,0,0,0,0,0,0
TF,IBRAB,-24.409917,26.212000,0, ,0.0,0.0,0.0,0.0,2,6000,0,1,230,0,0,0

STAR,UVBI2C,AKUTA,4
IF,AKUTA,-23.550000,26.133333, ,0.0,0.0,0,0,0,0,0,0,0,0
TF,UVBIX,-23.937250,26.211167,0, ,0.0,0.0,0.0,0.0,0,0,0,0,0,0,0,0

STAR,UVBI2C,KUTLA,4
IF,KUTLA,-23.602111,26.316306, ,0.0,0.0,0,0,0,0,0,0,0,0
TF,UVBIX,-23.937250,26.211167,0, ,0.0,0.0,0.0,0.0,0,0,0,0,0,0,0,0

STAR,UVBI2C,08,5
IF,UVBIX,-23.937250,26.211167, ,0.0,0.0,0,0,0,0,0,0,0,0
TF,UTIMO,-24.369361,26.063556,0, ,0.0,0.0,0.0,0.0,0,0,0,0,0,0,0,0
TF,OKPEX,-24.556972,25.683806,0, ,0.0,0.0,0.0,0.0,2,6000,0,1,230,0,0,0

APPTR,D08,08,GSV1
IF,GSV,-24.551111,25.921667, ,0.0,0.0,2,6000,0,0,0,0,1,0
CF,D269K,-24.603372,25.723092,0,GSV,269.0,11.3,269.0,11.3,0,0,0,0,0,0,0,1
CF,UDGET,-24.648711,25.744714,1,GSV,254.0,11.3,74.0,1.0,2,6000,0,0,0,0,1,0

APPTR,D08,08,GSV2
IF,GSV,-24.551111,25.921667, ,0.0,0.0,2,6000,0,0,0,0,1,0
CF,D261K,-24.628156,25.732917,0,GSV,261.0,11.3,261.0,11.3,0,0,0,0,0,0,0,1
CF,UDGET,-24.648711,25.744714,1,GSV,254.0,11.3,74.0,1.0,2,6000,0,0,0,0,1,0

APPTR,D08,08,UDGET
HF,UDGET,-24.648711,25.744714,1, ,0.0,0.0,74.0,04.3,2,6000,0,0,0,0,1,0,0

FINAL,D08,08,D,5
IF,UDGET,-24.648711,25.744714,GSV,254.0,11.3,2,6000,0,0,0,0,0,0
CF,FD08,-24.619406,25.797886,0,GSV,254.0,7.9,74.0,3.4,2,5500,0,0,0,0,2,0
CF,50DME,-24.594461,25.843364,0,GSV,254.0,5.0,74.0,2.9,2,4590,0,0,0,0,0,0
CF,40DME,-24.585858,25.859044,0,GSV,254.0,4.0,74.0,1.0,2,4270,0,0,0,0,0,0
CF,MD08,-24.572950,25.882558,0,GSV,254.0,2.5,74.0,1.5,1,3795,0,0,0,0,3,0
CF,GSV,-24.551111,25.921667,0,GSV,0.0,0.0,74.0,2.5,2,3800,0,0,0,0,0,0
FD,GSV,-24.551111,25.921667,0,GSV,0.0,4.5,74.0,4.5,2,4500,0,0,0,0,0,1
DF,GSV,-24.551111,25.921667,1, ,0.0,0.0,1,6000,0,0,0,0,0,0

APPTR,D26,26,GSV1
IF,GSV,-24.551111,25.921667, ,0.0,0.0,2,6000,0,0,0,0,1,0
CF,D270D,-24.568719,25.851100,0,GSV,270.0,4.0,270.0,4.0,0,0,0,0,0,0,0,1
DF,GSV,-24.551111,25.921667,2, ,0.0,0.0,0,0,0,0,0,0,0,0
FD,GSV,-24.551111,25.921667,0,GSV,0.0,11.3,64.0,11.3,0,0,0,0,0,0,0,0
CF,UNLAT,-24.469469,26.107383,2,GSV,79.3,11.3,259.0,1.0,2,6000,0,0,0,0,1,0

APPTR,D26,26,GSV2
IF,GSV,-24.551111,25.921667, ,0.0,0.0,2,6000,0,0,0,0,1,0
CF,D270D,-24.568719,25.851100,0,GSV,270.0,4.0,270.0,4.0,0,0,0,0,0,0,0,1
DF,GSV,-24.551111,25.921667,2, ,0.0,0.0,0,0,0,0,0,0,0,0
FD,GSV,-24.551111,25.921667,0,GSV,0.0,11.3,72.0,11.3,0,0,0,0,0,0,0,0
CF,UNLAT,-24.469469,26.107383,2,GSV,79.3,11.3,259.0,1.0,2,6000,0,0,0,0,1,0

APPTR,D26,26,GSV3
IF,GSV,-24.551111,25.921667, ,0.0,0.0,2,6000,0,0,0,0,1,0
CF,D064K,-24.427392,26.077481,0,GSV,64.0,11.3,64.0,11.3,0,0,0,0,0,0,0,1
CF,UNLAT,-24.469469,26.107383,2,GSV,79.3,11.3,259.0,1.0,2,6000,0,0,0,0,1,0

APPTR,D26,26,GSV4
IF,GSV,-24.551111,25.921667, ,0.0,0.0,2,6000,0,0,0,0,1,0
CF,D072K,-24.448425,26.094836,0,GSV,72.0,11.3,72.0,11.3,0,0,0,0,0,0,0,1
CF,UNLAT,-24.469469,26.107383,2,GSV,79.4,11.3,259.0,1.0,2,6000,0,0,0,0,1,0

APPTR,D26,26,UNLAT
HF,UNLAT,-24.469469,26.107383,2,GSV,0.0,0.0,259.0,04.3,2,6000,0,0,0,0,0,0,0

FINAL,D26,26,D,3
IF,UNLAT,-24.469469,26.107383,GSV,79.4,11.3,2,6000,0,0,0,0,0,0
CF,FD26,-24.493150,26.051403,0,GSV,79.0,7.9,259.0,3.4,2,5500,0,0,0,0,2,0
CF,MD26,-24.533097,25.962806,0,GSV,79.4,2.5,259.0,5.4,1,3780,0,0,0,0,3,0
CF,GSV,-24.551111,25.921667,0,GSV,0.0,0.0,259.0,2.5,2,3800,0,0,0,0,0,0
FD,GSV,-24.551111,25.921667,0,GSV,0.0,5.5,270.0,5.5,2,4500,0,0,0,0,0,0
DF,GSV,-24.551111,25.921667,2, ,0.0,0.0,2,6000,0,0,0,0,0,0

APPTR,I08,08,GSV1
IF,GSV,-24.551111,25.921667, ,0.0,0.0,2,6000,0,0,0,0,1,0
FD,GSV,-24.551111,25.921667,0,GSV,0.0,12.6,275.0,12.6,0,0,0,0,0,0,0,0
CF,UTUMA,-24.642725,25.741097,1,GBW,256.6,12.5,107.0,4.0,2,6000,0,0,0,0,0,0

APPTR,I08,08,GSV2
IF,GSV,-24.551111,25.921667, ,0.0,0.0,2,6000,0,0,0,0,1,0
FD,GSV,-24.551111,25.921667,0,GSV,0.0,12.6,266.0,12.6,0,0,0,0,0,0,0,0
CF,UTUMA,-24.642725,25.741097,1,GBW,256.6,12.5,107.0,3.0,2,6000,0,0,0,0,0,0

FINAL,I08,08,I,3
IF,UTUMA,-24.642725,25.741097,GBW,256.6,12.5,2,6000,0,0,0,0,0,0
CF,FI08,-24.615931,25.795553,0,GBW,256.6,9.2,77.0,3.4,1,5500,0,0,0,0,2,0
CF,RW08,-24.561706,25.905394,0,GBW,256.6,2.3,77.0,6.8,1,3342,0,0,0,0,3,0
CF,GSV,-24.551111,25.921667,0,GSV,0.0,0.0,77.0,1.0,2,3700,0,0,0,0,0,0
FD,GSV,-24.551111,25.921667,0,GSV,0.0,4.5,74.0,4.5,2,4500,0,0,0,0,0,0
DF,GSV,-24.551111,25.921667,1, ,0.0,0.0,1,6000,0,0,0,0,0,0

APPTR,Q26,26,GBE1
HF,GBE,-24.517936,25.993978,2, ,0.0,0.0,257.0,07,2,6000,0,1,200,0,1,0,0

APPTR,Q26,26,GBE2
PI,GBE,-24.517936,25.993978,2,GSV,32.0,11.7,077,5.0,2,6000,0,0,0,0,1,0
CF,CQ26,-24.463386,26.104019,0,GSV,77.3,11.3,257.0,4.9,2,6000,0,0,0,0,1,0

FINAL,Q26,26,N,3
IF,CQ26,-24.463386,26.104019,GBE,0.0,0.0,2,6000,0,0,0,0,0,0
CF,FQ26,-24.490686,26.049956,0,GBE,0.0,0.0,257.0,3.4,2,5500,0,0,0,0,2,0
CF,RW26,-24.544531,25.940150,0,GSV,0.0,1.1,257.0,6.8,1,3327,0,0,0,0,3,0
CF,GSV,-24.551111,25.921667,0,GSV,0.0,0.0,257.0,1.1,2,3700,0,0,0,0,0,0
FD,GSV,-24.551111,25.921667,0,GSV,0.0,5.5,270.0,5.5,2,4500,0,0,0,0,0,0
DF,GBE,-24.517936,25.993978,2, ,0.0,0.0,1,6000,0,0,0,0,0,0

APPTR,R08,08,BONDY
IF,BONDY,-24.733500,25.788167, ,0.0,0.0,2,6000,0,1,230,0,1,0
TF,3NM,-24.689375,25.762044,0, ,0.0,0.0,0.0,0.0,2,5500,0,0,0,0,0,0
TF,SK401,-24.645250,25.735944,0, ,0.0,0.0,0.0,0.0,2,5100,0,0,0,0,1,0

APPTR,R08,08,ESVON
IF,ESVON,-24.692889,25.639333, ,0.0,0.0,2,6000,0,1,230,0,1,0
TF,SK401,-24.645250,25.735944,0, ,0.0,0.0,0.0,0.0,2,5100,0,0,0,0,1,0

APPTR,R08,08,OKPEX
IF,OKPEX,-24.556972,25.683806, ,0.0,0.0,2,6000,0,1,230,0,1,0
TF,SK401,-24.645250,25.735944,0, ,0.0,0.0,0.0,0.0,2,5100,0,0,0,0,1,0

FINAL,R08,08,R,3
IF,SK401,-24.645250,25.735944, ,0.0,0.0,2,5100,0,0,0,0,0,0
TF,SK402,-24.605583,25.816444,0, ,0.0,0.0,78.0,5.0,1,5100,0,0,0,0,2,0
TF,RW08,-24.561706,25.905394,0, ,0.0,0.0,78.0,5.5,1,3341,0,0,0,0,3,1
TF,IBRAB,-24.409917,26.212000,0, ,0.0,0.0,0.0,0.0,0,0,0,1,230,0,0,1
HM,IBRAB,-24.409917,26.212000,1, ,0.0,0.0,258.0,04.3,2,6000,0,1,230,0,0,0,0

APPTR,R26,26,IBRAB
IF,IBRAB,-24.409917,26.212000, ,0.0,0.0,2,6000,0,1,230,0,1,0
TF,SK403,-24.457639,26.115611,0, ,0.0,0.0,0.0,0.0,2,5100,0,0,0,0,1,0

APPTR,R26,26,KOFTA
IF,KOFTA,-24.545889,26.167722, ,0.0,0.0,2,6000,0,1,230,0,1,0
TF,SK403,-24.457639,26.115611,0, ,0.0,0.0,0.0,0.0,2,5100,0,0,0,0,1,0

APPTR,R26,26,UTIMO
IF,UTIMO,-24.369361,26.063556, ,0.0,0.0,2,6000,0,1,230,0,1,0
TF,SK403,-24.457639,26.115611,0, ,0.0,0.0,0.0,0.0,2,5100,0,0,0,0,1,0

FINAL,R26,26,R,3
IF,SK403,-24.457639,26.115611, ,0.0,0.0,2,5100,0,0,0,0,0,0
TF,SK404,-24.500250,26.029667,0, ,0.0,0.0,258.0,5.4,1,5100,0,0,0,0,2,0
TF,RW26,-24.544531,25.940150,0, ,0.0,0.0,258.0,5.6,1,3326,0,0,0,0,3,1
TF,SK405,-24.608167,25.811444,0, ,0.0,0.0,0.0,0.0,0,0,0,1,230,0,0,0
TF,SK406,-24.696389,25.863694,0, ,0.0,0.0,0.0,0.0,0,0,0,1,230,0,0,0
TF,SK407,-24.721722,25.933917,0, ,0.0,0.0,0.0,0.0,0,0,0,1,230,0,0,0
TF,KOFTA,-24.545889,26.167722,0, ,0.0,0.0,0.0,0.0,1,6000,0,1,230,0,0,0
HM,KOFTA,-24.545889,26.167722,2, ,0.0,0.0,348.0,04.3,2,6000,0,1,230,0,0,0,0

