APPTR,N31,31,TJL1
IF,TJL,10.462250,14.244056, ,0.0,0.0,2,4500,0,0,0,0,0,0
FC,TJL,10.462250,14.244056,0,MVR,0.0,0.0,150.0,8.8,2,3600,0,0,0,0,0,1
CF,FN31,10.386897,14.334744,1,MVR,134.1,5.3,309.0,2.0,2,3600,0,0,0,0,0,0

APPTR,N31,31,TJL2
IF,TJL,10.462250,14.244056, ,0.0,0.0,2,4500,0,0,0,0,0,0
FC,TJL,10.462250,14.244056,0,MVR,0.0,0.0,141.0,7.0,2,3600,0,0,0,0,0,1
CF,FN31,10.386897,14.334744,1,MVR,134.1,5.3,309.0,1.0,2,3600,0,0,0,0,0,0

FINAL,N31,31,N,2
IF,FN31,10.386897,14.334744,TJL,0.0,0.0,2,3600,0,0,0,0,2,0
CF,RW31,10.445325,14.264717,0,TJL,0.0,0.0,309.0,5.4,1,1421,0,0,0,0,3,0
CF,TJL,10.462250,14.244056,0,MVR,293.5,1.8,309.0,1.6,0,0,0,0,0,0,0,1
CA,0,295.0,2,3600,0,0,0,0,0,0
VM,0,0,0,295.0,1,3600,0,0,0,0,0,0

