APPTR,D15,15,NATRI
IF,NATRI,5.720983,10.457331, ,0.0,0.0,0,0,0,0,0,0,1,0
AF,DIMTO,5.714839,10.239628,1,BF,327.4,12.8,29.0,2,7600,0,0,0,0,1,0

FINAL,D15,15,D,3
IF,DIMTO,5.714839,10.239628,BF,327.4,12.8,2,7600,0,0,0,0,0,0
CF,FD15,5.626261,10.295206,0,BF,327.0,6.5,147.0,6.3,2,6200,0,0,0,0,2,0
CF,RW15,5.546467,10.348364,0,BF,332.3,0.8,147.0,5.8,1,4361,0,0,0,0,3,0
FD,RW15,5.546467,10.348364,0,BF,332.3,3.2,147.0,3.2,0,0,0,0,0,0,0,0
CF,D013R,5.823797,10.420972,2,BF,13.0,17.7,13.0,22.0,1,7700,0,0,0,0,0,1
CF,NATRI,5.720983,10.457331,2,BF,29.0,12.7,209.0,5.0,0,0,0,0,0,0,0,0
HM,NATRI,5.720983,10.457331,2, ,0.0,0.0,209.0,05,2,7700,0,1,220,0,0,0,0

APPTR,D33,33,SEVOK
IF,SEVOK,5.290453,10.354389, ,0.0,0.0,0,0,0,0,0,0,1,0
AF,KIDVA,5.330808,10.487533,1,BF,146.8,14.6,180.0,2,7400,0,0,0,0,1,0

FINAL,D33,33,D,4
IF,KIDVA,5.330808,10.487533,BF,146.8,14.6,2,7400,0,0,0,0,0,0
CF,FD33,5.453500,10.407181,0,BF,147.0,5.8,327.0,8.8,2,6200,0,0,0,0,2,0
CF,SD33,5.478269,10.392403,0,BF,146.1,4.1,327.0,1.7,2,5610,0,0,0,0,0,0
CF,RW33,5.527481,10.360622,0,BF,140.2,0.6,327.0,3.5,1,4383,0,0,0,0,3,0
FD,RW33,5.527481,10.360622,0,BF,140.2,4.4,327.0,4.4,0,0,0,0,0,0,0,0
CF,D196T,5.219425,10.264136,2,BF,196.0,19.6,196.0,25.0,1,8200,0,0,0,0,0,1
CF,SEVOK,5.290453,10.354389,1,BF,180.0,14.6,360.0,5.0,0,0,0,0,0,0,0,0
HM,SEVOK,5.290453,10.354389,1, ,0.0,0.0,360.0,05,2,8200,0,1,220,0,0,0,0

APPTR,R15,15,NUPAL
IF,NUPAL,5.790186,10.149961, ,0.0,0.0,2,9800,0,1,220,0,1,0
TF,DIMTO,5.714839,10.239628,0, ,0.0,0.0,0.0,0.0,2,7600,0,1,220,0,1,0

APPTR,R15,15,TERBI
IF,TERBI,5.769411,10.323864, ,0.0,0.0,2,9100,0,1,220,0,1,0
TF,DIMTO,5.714839,10.239628,0, ,0.0,0.0,0.0,0.0,2,7600,0,1,220,0,1,0

FINAL,R15,15,R,3
IF,DIMTO,5.714839,10.239628, ,0.0,0.0,2,7600,0,1,220,0,0,0
TF,KU501,5.627664,10.295936,0, ,0.0,0.0,147.0,6.2,1,6200,0,0,0,0,2,0
TF,RW15,5.546467,10.348364,0, ,0.0,0.0,147.0,5.8,1,4361,0,0,0,0,3,1
TF,KU502,5.490217,10.384675,0, ,0.0,0.0,0.0,0.0,0,0,0,1,220,0,0,1
DF,TERBI,5.769411,10.323864,1, ,0.0,0.0,2,9100,0,1,220,0,0,0
HM,TERBI,5.769411,10.323864,1, ,0.0,0.0,237.0,04.3,2,9100,0,1,220,0,0,0,0

APPTR,R33,33,ERKAS
IF,ERKAS,5.276222,10.403367, ,0.0,0.0,2,8200,0,1,220,0,1,0
TF,KIDVA,5.330808,10.487533,0, ,0.0,0.0,0.0,0.0,2,7700,0,1,220,0,1,0

APPTR,R33,33,LISEK
IF,LISEK,5.385369,10.571719, ,0.0,0.0,2,7700,0,1,220,0,1,0
TF,KIDVA,5.330808,10.487533,0, ,0.0,0.0,0.0,0.0,2,7700,0,1,220,0,1,0

FINAL,R33,33,R,3
IF,KIDVA,5.330808,10.487533, ,0.0,0.0,2,7700,0,1,220,0,1,0
TF,KU503,5.454567,10.407683,0, ,0.0,0.0,327.0,8.8,1,6200,0,0,0,0,2,0
TF,RW33,5.527481,10.360622,0, ,0.0,0.0,327.0,5.2,1,4383,0,0,0,0,3,1
TF,KU504,5.597789,10.315228,0, ,0.0,0.0,0.0,0.0,0,0,0,1,220,0,0,1
DF,ERKAS,5.276222,10.403367,1, ,0.0,0.0,2,8200,0,1,220,0,0,0
HM,ERKAS,5.276222,10.403367,2, ,0.0,0.0,57.0,04.3,2,8200,0,1,220,0,0,0,0

