APPTR,R03,03,KY001
IF,KY001,3.681250,11.368250, ,0.0,0.0,0,0,0,1,230,0,1,0
TF,USTER,3.675111,11.451361,0, ,0.0,0.0,0.0,0.0,2,4000,0,0,0,0,1,0

APPTR,R03,03,USTER
HF,USTER,3.675111,11.451361,1, ,0.0,0.0,25.0,04.3,2,4000,0,1,230,0,1,0,0

FINAL,R03,03,R,3
IF,USTER,3.675111,11.451361, ,0.0,0.0,2,4000,0,0,0,0,0,0
TF,KY003,3.754861,11.487056,0, ,0.0,0.0,25.0,5.2,2,4000,0,0,0,0,2,0
TF,KY005,3.827861,11.519750,0, ,0.0,0.0,25.0,4.8,1,2478,0,0,0,0,3,1
CA,0,25.0,2,3000,0,0,0,0,0,0
DF,USTER,3.675111,11.451361,2, ,0.0,0.0,1,4000,0,0,0,0,0,0
HM,USTER,3.675111,11.451361,1, ,0.0,0.0,25.0,04.3,2,4000,0,1,230,0,0,0,0

APPTR,R21,21,PINDI
IF,PINDI,3.953111,11.689222, ,0.0,0.0,2,5800,0,0,0,0,1,0
TF,KY002,3.997111,11.595528,0, ,0.0,0.0,0.0,0.0,2,4800,0,1,230,0,1,0

FINAL,R21,21,R,3
IF,KY002,3.997111,11.595528, ,0.0,0.0,2,4800,0,1,230,0,0,0
TF,KY004,3.954333,11.576389,0, ,0.0,0.0,205.0,2.8,2,4800,0,0,0,0,2,0
TF,KY006,3.844361,11.527139,0, ,0.0,0.0,205.0,7.2,1,2511,0,0,0,0,3,1
CA,0,205.0,2,4400,0,0,0,0,0,0
DF,YS011,3.854139,11.706611,1, ,0.0,0.0,0,0,0,1,230,0,0,0
TF,PINDI,3.953111,11.689222,0, ,0.0,0.0,0.0,0.0,1,5800,0,0,0,0,0,0
HM,PINDI,3.953111,11.689222,1, ,0.0,0.0,261.0,04.3,2,5800,0,1,210,0,0,0,0

