APPTR,N01,01,SM
IF,SM,-17.091083,49.814694, ,0.0,0.0,2,2900,0,0,0,0,1,0
TF,D203H,-17.215044,49.794264,0, ,0.0,0.0,0.0,0.0,2,1500,0,0,0,0,0,1
CF,FN01,-17.178436,49.822644,1,TNV,69.0,163.7,9.0,2.0,2,1500,0,0,0,0,0,0

FINAL,N01,01,N,2
IF,FN01,-17.178436,49.822644,SM,0.0,0.0,2,1500,0,0,0,0,2,0
CF,RW01,-17.102303,49.816922,0,SM,0.0,0.0,9.0,4.6,1,49,0,0,0,0,3,0
CF,SM,-17.091083,49.814694,0,TNV,67.4,166.5,9.0,0.7,0,0,0,0,0,0,0,1
CA,0,9.0,2,1000,0,0,0,0,0,0
DF,SM,-17.091083,49.814694,2, ,0.0,0.0,1,3200,0,0,0,0,0,0

APPTR,N19,19,SM
IF,SM,-17.091083,49.814694, ,0.0,0.0,2,2900,0,0,0,0,1,0
TF,D019H,-16.966050,49.826058,0, ,0.0,0.0,0.0,0.0,2,1700,0,0,0,0,0,1
CF,FN19,-17.004033,49.800364,1,TNV,65.9,169.1,185.0,2.0,2,1700,0,0,0,0,0,0

FINAL,N19,19,N,2
IF,FN19,-17.004033,49.800364,SM,0.0,0.0,2,1700,0,0,0,0,2,0
CF,RW19,-17.089581,49.815433,0,SM,0.0,0.0,185.0,5.2,1,49,0,0,0,0,3,0
CF,SM,-17.091083,49.814694,0,TNV,67.4,166.5,185.0,0.1,0,0,0,0,0,0,0,1
CA,0,185.0,2,1000,0,0,0,0,0,0
DF,SM,-17.091083,49.814694,2, ,0.0,0.0,1,3200,0,0,0,0,0,0

