SID,ARAC3B,21L,1
VM,0,0,0,206.0,2,480,0,0,0,0,0,0
DF,LPC,27.828528,-15.432250,0, ,0.0,0.0,0,0,0,0,0,0,0,0

SID,ARAC3B,21R,1
VA,0,206.0,2,480,0,0,0,0,0,0
DF,LPC,27.828528,-15.432250,0, ,0.0,0.0,0,0,0,0,0,0,0,0

SID,ARAC3B,ALL,2
IF,LPC,27.828528,-15.432250, ,0.0,0.0,0,0,0,0,0,0,0,0
CI,0, ,0.0,207.0,0,0,0,0,0,0,0,0
AF,D127R,27.917372,-15.141800,1,GDV,127.0,18.0,190.0,0,0,0,0,0,0,0,0
TF,GDV,28.077083,-15.429000,0, ,0.0,0.0,0.0,0.0,0,0,0,0,0,0,0,0
TF,ARTEM,28.409028,-16.034139,0, ,0.0,0.0,0.0,0.0,0,0,0,0,0,0,0,0
TF,TFN,28.536833,-16.268778,0, ,0.0,0.0,0.0,0.0,0,0,0,0,0,0,0,0
TF,TESEL,28.488278,-16.833250,0, ,0.0,0.0,0.0,0.0,0,0,0,0,0,0,0,0
TF,ARACO,28.432528,-17.452333,0, ,0.0,0.0,0.0,0.0,0,0,0,0,0,0,0,0

SID,ARAC4A,03L,1
VA,0,26.0,2,480,0,0,0,0,0,0
DF,ECKOS,28.040083,-15.339639,0, ,0.0,0.0,2,1400,0,0,0,0,0,0

SID,ARAC4A,03R,1
VM,0,0,0,26.0,2,480,0,0,0,0,0,0
DF,ECKOS,28.040083,-15.339639,0, ,0.0,0.0,2,1400,0,0,0,0,0,0

SID,ARAC4A,ALL,2
IF,ECKOS,28.040083,-15.339639, ,0.0,0.0,2,1400,0,0,0,0,0,0
TF,GDV,28.077083,-15.429000,0, ,0.0,0.0,0.0,0.0,2,2700,0,0,0,0,0,0
TF,D307F,28.130094,-15.524983,0, ,0.0,0.0,0.0,0.0,3,3000,0,0,0,0,0,0
TF,ARTEM,28.409028,-16.034139,0, ,0.0,0.0,0.0,0.0,0,0,0,0,0,0,0,0
TF,TFN,28.536833,-16.268778,0, ,0.0,0.0,0.0,0.0,0,0,0,0,0,0,0,0
TF,TESEL,28.488278,-16.833250,0, ,0.0,0.0,0.0,0.0,0,0,0,0,0,0,0,0
TF,ARACO,28.432528,-17.452333,0, ,0.0,0.0,0.0,0.0,0,0,0,0,0,0,0,0

SID,BIMB4B,21L,4
VM,0,0,0,206.0,2,480,0,0,0,0,0,0
DF,LPC,27.828528,-15.432250,0, ,0.0,0.0,0,0,0,0,0,0,0,0

SID,BIMB4B,21R,4
VA,0,206.0,2,480,0,0,0,0,0,0
DF,LPC,27.828528,-15.432250,0, ,0.0,0.0,0,0,0,0,0,0,0,0

SID,BIMB4B,ALL,5
IF,LPC,27.828528,-15.432250, ,0.0,0.0,0,0,0,0,0,0,0,0
CI,0, ,0.0,207.0,0,0,0,0,0,0,0,0
AF,COLON,28.328500,-15.242028,1,GDV,38.3,18.0,190.0,0,0,0,0,0,0,0,1
TF,THAIS,28.572222,-15.517778,0, ,0.0,0.0,0.0,0.0,0,0,0,0,0,0,0,0
TF,NERVO,29.338583,-15.652000,0, ,0.0,0.0,0.0,0.0,0,0,0,0,0,0,0,0
TF,KASAS,29.986417,-15.768722,0, ,0.0,0.0,0.0,0.0,0,0,0,0,0,0,0,0
TF,BIMBO,31.421444,-16.032889,0, ,0.0,0.0,0.0,0.0,2,10000,0,0,0,0,0,1

SID,BIMB7A,03L,4
VA,0,26.0,2,480,0,0,0,0,0,0
DF,ECKOS,28.040083,-15.339639,0, ,0.0,0.0,2,1100,0,0,0,0,0,0

SID,BIMB7A,03R,4
VM,0,0,0,26.0,2,480,0,0,0,0,0,0
DF,ECKOS,28.040083,-15.339639,0, ,0.0,0.0,2,1100,0,0,0,0,0,0

SID,BIMB7A,ALL,5
IF,ECKOS,28.040083,-15.339639, ,0.0,0.0,2,1100,0,0,0,0,0,0
TF,ISLET,28.142778,-15.295000,0, ,0.0,0.0,0.0,0.0,3,4000,0,0,0,0,0,0
TF,COLON,28.328500,-15.242028,0, ,0.0,0.0,0.0,0.0,0,0,0,0,0,0,0,1
TF,THAIS,28.572222,-15.517778,0, ,0.0,0.0,0.0,0.0,0,0,0,0,0,0,0,0
TF,NERVO,29.338583,-15.652000,0, ,0.0,0.0,0.0,0.0,0,0,0,0,0,0,0,0
TF,KASAS,29.986417,-15.768722,0, ,0.0,0.0,0.0,0.0,0,0,0,0,0,0,0,0
TF,BIMBO,31.421444,-16.032889,0, ,0.0,0.0,0.0,0.0,2,10000,0,0,0,0,0,1

SID,COST4A,03L,1
VA,0,26.0,2,480,0,0,0,0,0,0
DF,ECKOS,28.040083,-15.339639,0, ,0.0,0.0,2,1100,0,0,0,0,0,0

SID,COST4A,03R,1
VM,0,0,0,26.0,2,480,0,0,0,0,0,0
DF,ECKOS,28.040083,-15.339639,0, ,0.0,0.0,2,1100,0,0,0,0,0,0

SID,COST4A,ALL,2
IF,ECKOS,28.040083,-15.339639, ,0.0,0.0,2,1100,0,0,0,0,0,0
TF,COSTI,27.360139,-13.702361,0, ,0.0,0.0,0.0,0.0,2,10000,0,0,0,0,0,0

SID,COST4B,21L,1
VM,0,0,0,206.0,2,480,0,0,0,0,0,0
DF,LPC,27.828528,-15.432250,0, ,0.0,0.0,0,0,0,0,0,0,0,0

SID,COST4B,21R,1
VA,0,206.0,2,480,0,0,0,0,0,0
DF,LPC,27.828528,-15.432250,0, ,0.0,0.0,0,0,0,0,0,0,0,0

SID,COST4B,ALL,2
IF,LPC,27.828528,-15.432250, ,0.0,0.0,0,0,0,0,0,0,0,0
CI,1, ,0.0,103.0,0,0,0,0,0,0,0,0
CF,COSTI,27.360139,-13.702361,0,GDV,119.6,101.5,120.0,53.0,2,10000,0,0,0,0,0,0

SID,HIE3B,21L,1
VM,0,0,0,206.0,2,480,0,0,0,0,0,0
DF,LPC,27.828528,-15.432250,0, ,0.0,0.0,0,0,0,0,0,0,0,0

SID,HIE3B,21R,1
VA,0,206.0,2,480,0,0,0,0,0,0
DF,LPC,27.828528,-15.432250,0, ,0.0,0.0,0,0,0,0,0,0,0,0

SID,HIE3B,ALL,2
IF,LPC,27.828528,-15.432250, ,0.0,0.0,0,0,0,0,0,0,0,0
TF,D207H,27.704550,-15.488522,0, ,0.0,0.0,0.0,0.0,0,0,0,0,0,0,0,1
VI,0, ,0.0,250.0,0,0,0,0,0,0,0,0
CF,HIE,27.816167,-17.886389,0,LPC,275.3,130.6,280.0,122.0,0,0,0,0,0,0,0,0

SID,HIE5A,03L,1
VA,0,26.0,2,480,0,0,0,0,0,0
DF,ECKOS,28.040083,-15.339639,0, ,0.0,0.0,2,1100,0,0,0,0,0,0

SID,HIE5A,03R,1
VM,0,0,0,26.0,2,480,0,0,0,0,0,0
DF,ECKOS,28.040083,-15.339639,0, ,0.0,0.0,2,1100,0,0,0,0,0,0

SID,HIE5A,ALL,2
IF,ECKOS,28.040083,-15.339639, ,0.0,0.0,2,1100,0,0,0,0,0,0
TF,D120W,27.916450,-15.035581,0, ,0.0,0.0,0.0,0.0,0,0,0,0,0,0,0,0
CI,0, ,0.0,120.0,0,0,0,0,0,0,0,0
AF,DRANO,27.655667,-15.506778,2,GDV,194.3,25.6,120.0,0,0,0,0,0,0,0,0
TF,HIE,27.816167,-17.886389,0, ,0.0,0.0,0.0,0.0,0,0,0,0,0,0,0,0

SID,KONB3B,21L,4
VM,0,0,0,206.0,2,480,0,0,0,0,0,0
DF,LPC,27.828528,-15.432250,0, ,0.0,0.0,0,0,0,0,0,0,0,0

SID,KONB3B,21R,4
VA,0,206.0,2,480,0,0,0,0,0,0
DF,LPC,27.828528,-15.432250,0, ,0.0,0.0,0,0,0,0,0,0,0,0

SID,KONB3B,ALL,5
IF,LPC,27.828528,-15.432250, ,0.0,0.0,0,0,0,0,0,0,0,0
CI,0, ,0.0,207.0,0,0,0,0,0,0,0,0
AF,COLON,28.328500,-15.242028,1,GDV,38.3,18.0,190.0,0,0,0,0,0,0,0,1
TF,THAIS,28.572222,-15.517778,0, ,0.0,0.0,0.0,0.0,0,0,0,0,0,0,0,0
TF,NERVO,29.338583,-15.652000,0, ,0.0,0.0,0.0,0.0,0,0,0,0,0,0,0,0
TF,KASAS,29.986417,-15.768722,0, ,0.0,0.0,0.0,0.0,0,0,0,0,0,0,0,0
TF,KONBA,31.300833,-15.301667,0, ,0.0,0.0,0.0,0.0,0,0,0,0,0,0,0,1

SID,KONB6A,03L,4
VA,0,26.0,2,480,0,0,0,0,0,0
DF,ECKOS,28.040083,-15.339639,0, ,0.0,0.0,2,1100,0,0,0,0,0,0

SID,KONB6A,03R,4
VM,0,0,0,26.0,2,480,0,0,0,0,0,0
DF,ECKOS,28.040083,-15.339639,0, ,0.0,0.0,2,1100,0,0,0,0,0,0

SID,KONB6A,ALL,5
IF,ECKOS,28.040083,-15.339639, ,0.0,0.0,2,1100,0,0,0,0,0,0
TF,ISLET,28.142778,-15.295000,0, ,0.0,0.0,0.0,0.0,3,4000,0,0,0,0,0,0
TF,COLON,28.328500,-15.242028,0, ,0.0,0.0,0.0,0.0,0,0,0,0,0,0,0,1
TF,THAIS,28.572222,-15.517778,0, ,0.0,0.0,0.0,0.0,0,0,0,0,0,0,0,0
TF,NERVO,29.338583,-15.652000,0, ,0.0,0.0,0.0,0.0,0,0,0,0,0,0,0,0
TF,KASAS,29.986417,-15.768722,0, ,0.0,0.0,0.0,0.0,0,0,0,0,0,0,0,0
TF,KONBA,31.300833,-15.301667,0, ,0.0,0.0,0.0,0.0,0,0,0,0,0,0,0,1

SID,KOPU1A,03L,1
VA,0,26.0,2,480,0,0,0,0,0,0
DF,ECKOS,28.040083,-15.339639,0, ,0.0,0.0,2,1100,0,0,0,0,0,0

SID,KOPU1A,03R,1
VM,0,0,0,26.0,2,480,0,0,0,0,0,0
DF,ECKOS,28.040083,-15.339639,0, ,0.0,0.0,2,1100,0,0,0,0,0,0

SID,KOPU1A,ALL,2
IF,ECKOS,28.040083,-15.339639, ,0.0,0.0,2,1100,0,0,0,0,0,0
VI,0, ,0.0,46.0,0,0,0,0,0,0,0,0
CF,D091Q,28.099506,-15.109650,0,GDV,90.4,17.0,91.0,11.0,3,3000,0,0,0,0,0,0
TF,KOPUD,28.139722,-14.507778,0, ,0.0,0.0,0.0,0.0,0,0,0,0,0,0,0,0

SID,KOPU1B,21L,1
VM,0,0,0,206.0,2,480,0,0,0,0,0,0
DF,LPC,27.828528,-15.432250,0, ,0.0,0.0,0,0,0,0,0,0,0,0

SID,KOPU1B,21R,1
VA,0,206.0,2,480,0,0,0,0,0,0
DF,LPC,27.828528,-15.432250,0, ,0.0,0.0,0,0,0,0,0,0,0,0

SID,KOPU1B,ALL,2
IF,LPC,27.828528,-15.432250, ,0.0,0.0,0,0,0,0,0,0,0,0
TF,TUPIK,27.890833,-14.745556,0, ,0.0,0.0,0.0,0.0,0,0,0,0,0,0,0,0
TF,KOPUD,28.139722,-14.507778,0, ,0.0,0.0,0.0,0.0,0,0,0,0,0,0,0,0

SID,KORA7B,21L,1
VM,0,0,0,206.0,2,480,0,0,0,0,0,0
DF,LPC,27.828528,-15.432250,0, ,0.0,0.0,0,0,0,0,0,0,0,0

SID,KORA7B,21R,1
VA,0,206.0,2,480,0,0,0,0,0,0
DF,LPC,27.828528,-15.432250,0, ,0.0,0.0,0,0,0,0,0,0,0,0

SID,KORA7B,ALL,2
IF,LPC,27.828528,-15.432250, ,0.0,0.0,0,0,0,0,0,0,0,0
CI,0, ,0.0,207.0,0,0,0,0,0,0,0,0
AF,D062R,28.241547,-15.144806,1,GDV,62.0,18.0,190.0,0,0,0,0,0,0,0,0
TF,LZR,29.166000,-13.510694,0, ,0.0,0.0,0.0,0.0,0,0,0,0,0,0,0,0
TF,KORAL,29.731417,-12.578333,0, ,0.0,0.0,0.0,0.0,0,0,0,0,0,0,0,0

SID,KORA8A,03L,1
VA,0,26.0,2,480,0,0,0,0,0,0
DF,ECKOS,28.040083,-15.339639,0, ,0.0,0.0,2,1100,0,0,0,0,0,0

SID,KORA8A,03R,1
VM,0,0,0,26.0,2,480,0,0,0,0,0,0
DF,ECKOS,28.040083,-15.339639,0, ,0.0,0.0,2,1100,0,0,0,0,0,0

SID,KORA8A,ALL,2
IF,ECKOS,28.040083,-15.339639, ,0.0,0.0,2,1100,0,0,0,0,0,0
TF,ISLET,28.142778,-15.295000,0, ,0.0,0.0,0.0,0.0,3,4000,0,0,0,0,0,0
TF,LZR,29.166000,-13.510694,0, ,0.0,0.0,0.0,0.0,2,31000,0,0,0,0,0,0
TF,KORAL,29.731417,-12.578333,0, ,0.0,0.0,0.0,0.0,0,0,0,0,0,0,0,0

SID,ODEG2A,03L,1
VA,0,26.0,2,480,0,0,0,0,0,0
DF,ECKOS,28.040083,-15.339639,0, ,0.0,0.0,2,1100,0,0,0,0,0,0

SID,ODEG2A,03R,1
VM,0,0,0,26.0,2,480,0,0,0,0,0,0
DF,ECKOS,28.040083,-15.339639,0, ,0.0,0.0,2,1100,0,0,0,0,0,0

SID,ODEG2A,ALL,2
IF,ECKOS,28.040083,-15.339639, ,0.0,0.0,2,1100,0,0,0,0,0,0
TF,D120W,27.916450,-15.035581,0, ,0.0,0.0,0.0,0.0,0,0,0,0,0,0,0,0
CI,0, ,0.0,120.0,0,0,0,0,0,0,0,0
AF,DRANO,27.655667,-15.506778,2,GDV,194.3,25.6,120.0,0,0,0,0,0,0,0,0
TF,GDV29,27.672475,-15.723906,0, ,0.0,0.0,0.0,0.0,0,0,0,0,0,0,0,0
TF,ODEGI,26.894583,-16.290111,0, ,0.0,0.0,0.0,0.0,2,11000,0,0,0,0,0,0

SID,ODEG2B,21L,1
VM,0,0,0,206.0,2,480,0,0,0,0,0,0
DF,LPC,27.828528,-15.432250,0, ,0.0,0.0,0,0,0,0,0,0,0,0

SID,ODEG2B,21R,1
VA,0,206.0,2,480,0,0,0,0,0,0
DF,LPC,27.828528,-15.432250,0, ,0.0,0.0,0,0,0,0,0,0,0,0

SID,ODEG2B,ALL,2
IF,LPC,27.828528,-15.432250, ,0.0,0.0,0,0,0,0,0,0,0,0
TF,D207H,27.704550,-15.488522,0, ,0.0,0.0,0.0,0.0,0,0,0,0,0,0,0,0
VI,0, ,0.0,207.0,0,0,0,0,0,0,0,0
CF,GDV29,27.672475,-15.723906,0,LPC,244.0,18.1,280.0,12.0,0,0,0,0,0,0,0,0
TF,ODEGI,26.894583,-16.290111,0, ,0.0,0.0,0.0,0.0,2,11000,0,0,0,0,0,0

SID,RASE1B,21L,1
VM,0,0,0,206.0,2,480,0,0,0,0,0,0
DF,LPC,27.828528,-15.432250,0, ,0.0,0.0,0,0,0,0,0,0,0,0

SID,RASE1B,21R,1
VA,0,206.0,2,480,0,0,0,0,0,0
DF,LPC,27.828528,-15.432250,0, ,0.0,0.0,0,0,0,0,0,0,0,0

SID,RASE1B,ALL,2
IF,LPC,27.828528,-15.432250, ,0.0,0.0,0,0,0,0,0,0,0,0
CI,0, ,0.0,207.0,0,0,0,0,0,0,0,0
AF,D060R,28.251997,-15.152850,1,GDV,59.4,18.0,190.0,0,0,0,0,0,0,0,0
TF,RASEP,28.694167,-14.446667,0, ,0.0,0.0,0.0,0.0,0,0,0,0,0,0,0,0

SID,RASE2A,03L,1
VA,0,26.0,2,480,0,0,0,0,0,0
DF,ECKOS,28.040083,-15.339639,0, ,0.0,0.0,2,1100,0,0,0,0,0,0

SID,RASE2A,03R,1
VM,0,0,0,26.0,2,480,0,0,0,0,0,0
DF,ECKOS,28.040083,-15.339639,0, ,0.0,0.0,2,1100,0,0,0,0,0,0

SID,RASE2A,ALL,2
IF,ECKOS,28.040083,-15.339639, ,0.0,0.0,2,1100,0,0,0,0,0,0
TF,ISLET,28.142778,-15.295000,0, ,0.0,0.0,0.0,0.0,3,4000,0,0,0,0,0,0
TF,RASEP,28.694167,-14.446667,0, ,0.0,0.0,0.0,0.0,0,0,0,0,0,0,0,0

SID,REMG2A,03L,1
VA,0,26.0,2,480,0,0,0,0,0,0
DF,ECKOS,28.040083,-15.339639,0, ,0.0,0.0,2,1100,0,0,0,0,0,0

SID,REMG2A,03R,1
VM,0,0,0,26.0,2,480,0,0,0,0,0,0
DF,ECKOS,28.040083,-15.339639,0, ,0.0,0.0,2,1100,0,0,0,0,0,0

SID,REMG2A,ALL,2
IF,ECKOS,28.040083,-15.339639, ,0.0,0.0,2,1100,0,0,0,0,0,0
TF,D120W,27.916450,-15.035581,0, ,0.0,0.0,0.0,0.0,0,0,0,0,0,0,0,0
CI,0, ,0.0,120.0,0,0,0,0,0,0,0,0
AF,D177Z,27.647014,-15.359183,2,GDV,176.8,26.0,120.0,0,0,0,0,0,0,0,0
TF,REMGI,27.090194,-15.269611,0, ,0.0,0.0,0.0,0.0,2,10000,0,0,0,0,0,0

SID,REMG2B,21L,1
VM,0,0,0,206.0,2,480,0,0,0,0,0,0
DF,LPC,27.828528,-15.432250,0, ,0.0,0.0,0,0,0,0,0,0,0,0

SID,REMG2B,21R,1
VA,0,206.0,2,480,0,0,0,0,0,0
DF,LPC,27.828528,-15.432250,0, ,0.0,0.0,0,0,0,0,0,0,0,0

SID,REMG2B,ALL,2
IF,LPC,27.828528,-15.432250, ,0.0,0.0,0,0,0,0,0,0,0,0
VI,0, ,0.0,147.0,0,0,0,0,0,0,0,0
CF,REMGI,27.090194,-15.269611,0,GDV,176.8,59.7,177.0,43.0,2,10000,0,0,0,0,0,0

SID,SAMA5B,21L,1
VM,0,0,0,206.0,2,480,0,0,0,0,0,0
DF,LPC,27.828528,-15.432250,0, ,0.0,0.0,0,0,0,0,0,0,0,0

SID,SAMA5B,21R,1
VA,0,206.0,2,480,0,0,0,0,0,0
DF,LPC,27.828528,-15.432250,0, ,0.0,0.0,0,0,0,0,0,0,0,0

SID,SAMA5B,ALL,2
IF,LPC,27.828528,-15.432250, ,0.0,0.0,0,0,0,0,0,0,0,0
CI,0, ,0.0,207.0,0,0,0,0,0,0,0,0
AF,COLON,28.328500,-15.242028,1,GDV,38.3,18.0,190.0,0,0,0,0,0,0,0,0
TF,LARYS,28.871833,-14.834278,0, ,0.0,0.0,0.0,0.0,0,0,0,0,0,0,0,0
TF,SARAY,29.758639,-14.157417,0, ,0.0,0.0,0.0,0.0,0,0,0,0,0,0,0,0
TF,SAMAR,30.899722,-14.415556,0, ,0.0,0.0,0.0,0.0,0,0,0,0,0,0,0,0

SID,SAMA8A,03L,1
VA,0,26.0,2,480,0,0,0,0,0,0
DF,ECKOS,28.040083,-15.339639,0, ,0.0,0.0,2,1100,0,0,0,0,0,0

SID,SAMA8A,03R,1
VM,0,0,0,26.0,2,480,0,0,0,0,0,0
DF,ECKOS,28.040083,-15.339639,0, ,0.0,0.0,2,1100,0,0,0,0,0,0

SID,SAMA8A,ALL,2
IF,ECKOS,28.040083,-15.339639, ,0.0,0.0,2,1100,0,0,0,0,0,0
TF,ISLET,28.142778,-15.295000,0, ,0.0,0.0,0.0,0.0,3,4000,0,0,0,0,0,0
TF,COLON,28.328500,-15.242028,0, ,0.0,0.0,0.0,0.0,0,0,0,0,0,0,0,0
TF,LARYS,28.871833,-14.834278,0, ,0.0,0.0,0.0,0.0,0,0,0,0,0,0,0,0
TF,SARAY,29.758639,-14.157417,0, ,0.0,0.0,0.0,0.0,0,0,0,0,0,0,0,0
TF,SAMAR,30.899722,-14.415556,0, ,0.0,0.0,0.0,0.0,0,0,0,0,0,0,0,0

SID,SARA1B,21L,1
VM,0,0,0,206.0,2,480,0,0,0,0,0,0
DF,LPC,27.828528,-15.432250,0, ,0.0,0.0,0,0,0,0,0,0,0,0

SID,SARA1B,21R,1
VA,0,206.0,2,480,0,0,0,0,0,0
DF,LPC,27.828528,-15.432250,0, ,0.0,0.0,0,0,0,0,0,0,0,0

SID,SARA1B,ALL,2
IF,LPC,27.828528,-15.432250, ,0.0,0.0,0,0,0,0,0,0,0,0
CI,0, ,0.0,206.0,0,0,0,0,0,0,0,0
AF,COLON,28.328500,-15.242028,1,GDV,38.3,18.0,190.0,0,0,0,0,0,0,0,0
TF,LARYS,28.871833,-14.834278,0, ,0.0,0.0,0.0,0.0,0,0,0,0,0,0,0,0
TF,SARAY,29.758639,-14.157417,0, ,0.0,0.0,0.0,0.0,0,0,0,0,0,0,0,0

SID,SARA2A,03L,1
VA,0,26.0,2,480,0,0,0,0,0,0
DF,ECKOS,28.040083,-15.339639,0, ,0.0,0.0,2,1100,0,0,0,0,0,0

SID,SARA2A,03R,1
VM,0,0,0,26.0,2,480,0,0,0,0,0,0
DF,ECKOS,28.040083,-15.339639,0, ,0.0,0.0,2,1100,0,0,0,0,0,0

SID,SARA2A,ALL,2
IF,ECKOS,28.040083,-15.339639, ,0.0,0.0,2,1100,0,0,0,0,0,0
TF,ISLET,28.142778,-15.295000,0, ,0.0,0.0,0.0,0.0,3,4000,0,0,0,0,0,0
TF,COLON,28.328500,-15.242028,0, ,0.0,0.0,0.0,0.0,0,0,0,0,0,0,0,0
TF,LARYS,28.871833,-14.834278,0, ,0.0,0.0,0.0,0.0,0,0,0,0,0,0,0,0
TF,SARAY,29.758639,-14.157417,0, ,0.0,0.0,0.0,0.0,0,0,0,0,0,0,0,0

SID,TFN3B,21L,1
VM,0,0,0,206.0,2,480,0,0,0,0,0,0
DF,LPC,27.828528,-15.432250,0, ,0.0,0.0,0,0,0,0,0,0,0,0

SID,TFN3B,21R,1
VA,0,206.0,2,480,0,0,0,0,0,0
DF,LPC,27.828528,-15.432250,0, ,0.0,0.0,0,0,0,0,0,0,0,0

SID,TFN3B,ALL,2
IF,LPC,27.828528,-15.432250, ,0.0,0.0,0,0,0,0,0,0,0,0
CI,0, ,0.0,207.0,0,0,0,0,0,0,0,0
AF,D127R,27.917372,-15.141800,1,GDV,127.0,18.0,190.0,0,0,0,0,0,0,0,0
TF,GDV,28.077083,-15.429000,0, ,0.0,0.0,0.0,0.0,0,0,0,0,0,0,0,0
TF,ARTEM,28.409028,-16.034139,0, ,0.0,0.0,0.0,0.0,0,0,0,0,0,0,0,0
TF,TFN,28.536833,-16.268778,0, ,0.0,0.0,0.0,0.0,0,0,0,0,0,0,0,0

SID,TFN4A,03L,1
VA,0,26.0,2,480,0,0,0,0,0,0
DF,ECKOS,28.040083,-15.339639,0, ,0.0,0.0,2,1400,0,0,0,0,0,0

SID,TFN4A,03R,1
VM,0,0,0,26.0,2,480,0,0,0,0,0,0
DF,ECKOS,28.040083,-15.339639,0, ,0.0,0.0,2,1400,0,0,0,0,0,0

SID,TFN4A,ALL,2
IF,ECKOS,28.040083,-15.339639, ,0.0,0.0,2,1400,0,0,0,0,0,0
TF,GDV,28.077083,-15.429000,0, ,0.0,0.0,0.0,0.0,2,2700,0,0,0,0,0,0
TF,D307F,28.130094,-15.524983,0, ,0.0,0.0,0.0,0.0,3,3000,0,0,0,0,0,0
TF,ARTEM,28.409028,-16.034139,0, ,0.0,0.0,0.0,0.0,0,0,0,0,0,0,0,0
TF,TFN,28.536833,-16.268778,0, ,0.0,0.0,0.0,0.0,0,0,0,0,0,0,0,0

SID,TFS1B,21L,1
VM,0,0,0,206.0,2,480,0,0,0,0,0,0
DF,LPC,27.828528,-15.432250,0, ,0.0,0.0,0,0,0,0,0,0,0,0

SID,TFS1B,21R,1
VA,0,206.0,2,480,0,0,0,0,0,0
DF,LPC,27.828528,-15.432250,0, ,0.0,0.0,0,0,0,0,0,0,0,0

SID,TFS1B,ALL,2
IF,LPC,27.828528,-15.432250, ,0.0,0.0,0,0,0,0,0,0,0,0
TF,D207H,27.704550,-15.488522,0, ,0.0,0.0,0.0,0.0,0,0,0,0,0,0,0,1
CF,LOMAS,27.720444,-15.691056,0,TFS,112.4,55.6,293.0,10.0,0,0,0,0,0,0,0,0
TF,MERAN,27.856500,-16.185667,0, ,0.0,0.0,0.0,0.0,0,0,0,0,0,0,0,0
TF,TFS,28.002444,-16.687917,0, ,0.0,0.0,0.0,0.0,0,0,0,0,0,0,0,0

SID,TFS3A,03L,1
VA,0,26.0,2,480,0,0,0,0,0,0
DF,ECKOS,28.040083,-15.339639,0, ,0.0,0.0,2,1100,0,0,0,0,0,0

SID,TFS3A,03R,1
VM,0,0,0,26.0,2,480,0,0,0,0,0,0
DF,ECKOS,28.040083,-15.339639,0, ,0.0,0.0,2,1100,0,0,0,0,0,0

SID,TFS3A,ALL,2
IF,ECKOS,28.040083,-15.339639, ,0.0,0.0,2,1100,0,0,0,0,0,0
TF,D120W,27.916450,-15.035581,0, ,0.0,0.0,0.0,0.0,0,0,0,0,0,0,0,0
CI,0, ,0.0,120.0,0,0,0,0,0,0,0,0
AF,DRANO,27.655667,-15.506778,2,GDV,194.3,25.6,120.0,0,0,0,0,0,0,0,0
TF,LOMAS,27.720444,-15.691056,0, ,0.0,0.0,0.0,0.0,0,0,0,0,0,0,0,0
TF,MERAN,27.856500,-16.185667,0, ,0.0,0.0,0.0,0.0,0,0,0,0,0,0,0,0
TF,TFS,28.002444,-16.687917,0, ,0.0,0.0,0.0,0.0,0,0,0,0,0,0,0,0

SID,VAST5B,21L,1
VM,0,0,0,206.0,2,480,0,0,0,0,0,0
DF,LPC,27.828528,-15.432250,0, ,0.0,0.0,0,0,0,0,0,0,0,0

SID,VAST5B,21R,1
VA,0,206.0,2,480,0,0,0,0,0,0
DF,LPC,27.828528,-15.432250,0, ,0.0,0.0,0,0,0,0,0,0,0,0

SID,VAST5B,ALL,2
IF,LPC,27.828528,-15.432250, ,0.0,0.0,0,0,0,0,0,0,0,0
CI,0, ,0.0,207.0,0,0,0,0,0,0,0,0
AF,COLON,28.328500,-15.242028,1,GDV,38.3,18.0,190.0,0,0,0,0,0,0,0,0
TF,LARYS,28.871833,-14.834278,0, ,0.0,0.0,0.0,0.0,0,0,0,0,0,0,0,0
TF,SARAY,29.758639,-14.157417,0, ,0.0,0.0,0.0,0.0,0,0,0,0,0,0,0,0
TF,VASTO,30.509444,-13.572778,0, ,0.0,0.0,0.0,0.0,0,0,0,0,0,0,0,0

SID,VAST8A,03L,1
VA,0,26.0,2,480,0,0,0,0,0,0
DF,ECKOS,28.040083,-15.339639,0, ,0.0,0.0,2,1100,0,0,0,0,0,0

SID,VAST8A,03R,1
VM,0,0,0,26.0,2,480,0,0,0,0,0,0
DF,ECKOS,28.040083,-15.339639,0, ,0.0,0.0,2,1100,0,0,0,0,0,0

SID,VAST8A,ALL,2
IF,ECKOS,28.040083,-15.339639, ,0.0,0.0,2,1100,0,0,0,0,0,0
TF,ISLET,28.142778,-15.295000,0, ,0.0,0.0,0.0,0.0,3,4000,0,0,0,0,0,0
TF,COLON,28.328500,-15.242028,0, ,0.0,0.0,0.0,0.0,0,0,0,0,0,0,0,0
TF,LARYS,28.871833,-14.834278,0, ,0.0,0.0,0.0,0.0,0,0,0,0,0,0,0,0
TF,SARAY,29.758639,-14.157417,0, ,0.0,0.0,0.0,0.0,0,0,0,0,0,0,0,0
TF,VASTO,30.509444,-13.572778,0, ,0.0,0.0,0.0,0.0,0,0,0,0,0,0,0,0

STAR,COST1C,ALL,5
IF,COSTI,27.360139,-13.702361, ,0.0,0.0,0,0,0,0,0,0,0,0
TF,CANIS,27.999833,-14.648167,0, ,0.0,0.0,0.0,0.0,0,0,0,0,0,0,0,0
TF,ENETA,27.924889,-14.994000,0, ,0.0,0.0,0.0,0.0,0,0,0,1,230,0,0,0

STAR,COST1P,ALL,5
IF,COSTI,27.360139,-13.702361, ,0.0,0.0,0,0,0,0,0,0,0,0
TF,CANIS,27.999833,-14.648167,0, ,0.0,0.0,0.0,0.0,0,0,0,0,0,0,0,0
TF,ENETA,27.924889,-14.994000,0, ,0.0,0.0,0.0,0.0,0,0,0,0,0,0,0,0

STAR,HIE2C,ALL,5
IF,HIE,27.816167,-17.886389, ,0.0,0.0,2,15000,0,0,0,0,0,0
TF,TFS,28.002444,-16.687917,0, ,0.0,0.0,0.0,0.0,0,0,0,0,0,0,0,0
TF,TOMOS,27.547500,-15.553250,0, ,0.0,0.0,0.0,0.0,0,0,0,0,0,0,0,0
TF,LPC,27.828528,-15.432250,0, ,0.0,0.0,0.0,0.0,0,0,0,0,0,0,0,0

STAR,HIE2P,ALL,5
IF,HIE,27.816167,-17.886389, ,0.0,0.0,2,15000,0,0,0,0,0,0
TF,TFS,28.002444,-16.687917,0, ,0.0,0.0,0.0,0.0,0,0,0,0,0,0,0,0
TF,TOMOS,27.547500,-15.553250,0, ,0.0,0.0,0.0,0.0,0,0,0,0,0,0,0,0
TF,LPC,27.828528,-15.432250,0, ,0.0,0.0,0.0,0.0,0,0,0,0,0,0,0,0

STAR,KONB1P,03L,2
IF,KONBA,31.300833,-15.301667, ,0.0,0.0,0,0,0,0,0,0,0,0
TF,BRICK,29.591361,-16.372889,0, ,0.0,0.0,0.0,0.0,0,0,0,0,0,0,0,0
TF,GDV,28.077083,-15.429000,0, ,0.0,0.0,0.0,0.0,0,0,0,0,0,0,0,0
TF,D186I,27.926683,-15.430967,0, ,0.0,0.0,0.0,0.0,0,0,0,0,0,0,0,0
TF,LPC,27.828528,-15.432250,0, ,0.0,0.0,0.0,0.0,0,0,0,0,0,0,0,0

STAR,KONB1P,03R,2
IF,KONBA,31.300833,-15.301667, ,0.0,0.0,0,0,0,0,0,0,0,0
TF,BRICK,29.591361,-16.372889,0, ,0.0,0.0,0.0,0.0,0,0,0,0,0,0,0,0
TF,GDV,28.077083,-15.429000,0, ,0.0,0.0,0.0,0.0,0,0,0,0,0,0,0,0
TF,D186I,27.926683,-15.430967,0, ,0.0,0.0,0.0,0.0,0,0,0,0,0,0,0,0
TF,LPC,27.828528,-15.432250,0, ,0.0,0.0,0.0,0.0,0,0,0,0,0,0,0,0

STAR,KONB1R,21L,5
IF,KONBA,31.300833,-15.301667, ,0.0,0.0,0,0,0,0,0,0,0,0
TF,BRICK,29.591361,-16.372889,0, ,0.0,0.0,0.0,0.0,0,0,0,0,0,0,0,0
TF,MADAS,28.220972,-15.378917,0, ,0.0,0.0,0.0,0.0,0,0,0,0,0,0,0,0

STAR,KONB1R,21R,5
IF,KONBA,31.300833,-15.301667, ,0.0,0.0,0,0,0,0,0,0,0,0
TF,BRICK,29.591361,-16.372889,0, ,0.0,0.0,0.0,0.0,0,0,0,0,0,0,0,0
TF,MADAS,28.220972,-15.378917,0, ,0.0,0.0,0.0,0.0,0,0,0,0,0,0,0,0

STAR,KONB4D,21L,5
IF,KONBA,31.300833,-15.301667, ,0.0,0.0,0,0,0,0,0,0,0,0
TF,BRICK,29.591361,-16.372889,0, ,0.0,0.0,0.0,0.0,0,0,0,0,0,0,0,0
TF,MADAS,28.220972,-15.378917,0, ,0.0,0.0,0.0,0.0,0,0,0,1,230,0,0,0

STAR,KONB4D,21R,5
IF,KONBA,31.300833,-15.301667, ,0.0,0.0,0,0,0,0,0,0,0,0
TF,BRICK,29.591361,-16.372889,0, ,0.0,0.0,0.0,0.0,0,0,0,0,0,0,0,0
TF,MADAS,28.220972,-15.378917,0, ,0.0,0.0,0.0,0.0,0,0,0,1,230,0,0,0

STAR,KONB5C,03L,2
IF,KONBA,31.300833,-15.301667, ,0.0,0.0,0,0,0,0,0,0,0,0
TF,BRICK,29.591361,-16.372889,0, ,0.0,0.0,0.0,0.0,0,0,0,0,0,0,0,0
TF,DELAP,28.297111,-15.564194,0, ,0.0,0.0,0.0,0.0,4,14000,7000,1,250,0,0,0
TF,GDV,28.077083,-15.429000,0, ,0.0,0.0,0.0,0.0,0,0,0,0,0,0,0,1
TF,D186I,27.926683,-15.430967,0, ,0.0,0.0,0.0,0.0,0,0,0,0,0,0,0,0
TF,LPC,27.828528,-15.432250,0, ,0.0,0.0,0.0,0.0,0,0,0,0,0,0,0,0

STAR,KONB5C,03R,2
IF,KONBA,31.300833,-15.301667, ,0.0,0.0,0,0,0,0,0,0,0,0
TF,BRICK,29.591361,-16.372889,0, ,0.0,0.0,0.0,0.0,0,0,0,0,0,0,0,0
TF,DELAP,28.297111,-15.564194,0, ,0.0,0.0,0.0,0.0,4,14000,7000,1,250,0,0,0
TF,GDV,28.077083,-15.429000,0, ,0.0,0.0,0.0,0.0,0,0,0,0,0,0,0,1
TF,D186I,27.926683,-15.430967,0, ,0.0,0.0,0.0,0.0,0,0,0,0,0,0,0,0
TF,LPC,27.828528,-15.432250,0, ,0.0,0.0,0.0,0.0,0,0,0,0,0,0,0,0

STAR,LORP1C,ALL,2
IF,LORPO,28.215833,-14.651667, ,0.0,0.0,0,0,0,0,0,0,0,0
TF,ENETA,27.924889,-14.994000,0, ,0.0,0.0,0.0,0.0,0,0,0,1,230,0,0,0

STAR,LORP1K,ALL,5
IF,LORPO,28.215833,-14.651667, ,0.0,0.0,0,0,0,0,0,0,0,0
TF,LALTO,27.698111,-15.003972,0, ,0.0,0.0,0.0,0.0,0,0,0,0,0,0,0,0

STAR,LORP1P,ALL,2
IF,LORPO,28.215833,-14.651667, ,0.0,0.0,0,0,0,0,0,0,0,0
TF,ENETA,27.924889,-14.994000,0, ,0.0,0.0,0.0,0.0,0,0,0,0,0,0,0,0

STAR,LORP1Z,ALL,5
IF,LORPO,28.215833,-14.651667, ,0.0,0.0,0,0,0,0,0,0,0,0
TF,LALTO,27.698111,-15.003972,0, ,0.0,0.0,0.0,0.0,0,0,0,1,230,0,0,0

STAR,ODEG2C,ALL,5
IF,ODEGI,26.894583,-16.290111, ,0.0,0.0,2,11000,0,0,0,0,0,0
TF,MATUD,27.479194,-15.867194,0, ,0.0,0.0,0.0,0.0,0,0,0,0,0,0,0,0
TF,DRANO,27.655667,-15.506778,0, ,0.0,0.0,0.0,0.0,0,0,0,1,230,0,0,0
TF,LPC,27.828528,-15.432250,0, ,0.0,0.0,0.0,0.0,0,0,0,0,0,0,0,0

STAR,ODEG2P,ALL,5
IF,ODEGI,26.894583,-16.290111, ,0.0,0.0,2,11000,0,0,0,0,0,0
TF,MATUD,27.479194,-15.867194,0, ,0.0,0.0,0.0,0.0,0,0,0,0,0,0,0,0
TF,DRANO,27.655667,-15.506778,0, ,0.0,0.0,0.0,0.0,0,0,0,0,0,0,0,0
TF,LPC,27.828528,-15.432250,0, ,0.0,0.0,0.0,0.0,0,0,0,0,0,0,0,0

STAR,ORTI1P,03L,2
IF,ORTIS,31.406944,-16.556917, ,0.0,0.0,0,0,0,0,0,0,0,0
TF,BRICK,29.591361,-16.372889,0, ,0.0,0.0,0.0,0.0,0,0,0,0,0,0,0,0
TF,GDV,28.077083,-15.429000,0, ,0.0,0.0,0.0,0.0,0,0,0,0,0,0,0,0
TF,D186I,27.926683,-15.430967,0, ,0.0,0.0,0.0,0.0,0,0,0,0,0,0,0,0
TF,LPC,27.828528,-15.432250,0, ,0.0,0.0,0.0,0.0,0,0,0,0,0,0,0,0

STAR,ORTI1P,03R,2
IF,ORTIS,31.406944,-16.556917, ,0.0,0.0,0,0,0,0,0,0,0,0
TF,BRICK,29.591361,-16.372889,0, ,0.0,0.0,0.0,0.0,0,0,0,0,0,0,0,0
TF,GDV,28.077083,-15.429000,0, ,0.0,0.0,0.0,0.0,0,0,0,0,0,0,0,0
TF,D186I,27.926683,-15.430967,0, ,0.0,0.0,0.0,0.0,0,0,0,0,0,0,0,0
TF,LPC,27.828528,-15.432250,0, ,0.0,0.0,0.0,0.0,0,0,0,0,0,0,0,0

STAR,ORTI1Q,21L,5
IF,ORTIS,31.406944,-16.556917, ,0.0,0.0,0,0,0,0,0,0,0,0
TF,BRICK,29.591361,-16.372889,0, ,0.0,0.0,0.0,0.0,0,0,0,0,0,0,0,0
TF,MADAS,28.220972,-15.378917,0, ,0.0,0.0,0.0,0.0,0,0,0,0,0,0,0,0

STAR,ORTI1Q,21R,5
IF,ORTIS,31.406944,-16.556917, ,0.0,0.0,0,0,0,0,0,0,0,0
TF,BRICK,29.591361,-16.372889,0, ,0.0,0.0,0.0,0.0,0,0,0,0,0,0,0,0
TF,MADAS,28.220972,-15.378917,0, ,0.0,0.0,0.0,0.0,0,0,0,0,0,0,0,0

STAR,ORTI4D,21L,5
IF,ORTIS,31.406944,-16.556917, ,0.0,0.0,0,0,0,0,0,0,0,0
TF,BRICK,29.591361,-16.372889,0, ,0.0,0.0,0.0,0.0,0,0,0,0,0,0,0,0
TF,MADAS,28.220972,-15.378917,0, ,0.0,0.0,0.0,0.0,0,0,0,1,230,0,0,0

STAR,ORTI4D,21R,5
IF,ORTIS,31.406944,-16.556917, ,0.0,0.0,0,0,0,0,0,0,0,0
TF,BRICK,29.591361,-16.372889,0, ,0.0,0.0,0.0,0.0,0,0,0,0,0,0,0,0
TF,MADAS,28.220972,-15.378917,0, ,0.0,0.0,0.0,0.0,0,0,0,1,230,0,0,0

STAR,ORTI5C,03L,2
IF,ORTIS,31.406944,-16.556917, ,0.0,0.0,0,0,0,0,0,0,0,0
TF,BRICK,29.591361,-16.372889,0, ,0.0,0.0,0.0,0.0,0,0,0,0,0,0,0,0
TF,DELAP,28.297111,-15.564194,0, ,0.0,0.0,0.0,0.0,4,14000,7000,1,250,0,0,0
TF,GDV,28.077083,-15.429000,0, ,0.0,0.0,0.0,0.0,0,0,0,0,0,0,0,1
TF,D186I,27.926683,-15.430967,0, ,0.0,0.0,0.0,0.0,0,0,0,0,0,0,0,0
TF,LPC,27.828528,-15.432250,0, ,0.0,0.0,0.0,0.0,0,0,0,0,0,0,0,0

STAR,ORTI5C,03R,2
IF,ORTIS,31.406944,-16.556917, ,0.0,0.0,0,0,0,0,0,0,0,0
TF,BRICK,29.591361,-16.372889,0, ,0.0,0.0,0.0,0.0,0,0,0,0,0,0,0,0
TF,DELAP,28.297111,-15.564194,0, ,0.0,0.0,0.0,0.0,4,14000,7000,1,250,0,0,0
TF,GDV,28.077083,-15.429000,0, ,0.0,0.0,0.0,0.0,0,0,0,0,0,0,0,1
TF,D186I,27.926683,-15.430967,0, ,0.0,0.0,0.0,0.0,0,0,0,0,0,0,0,0
TF,LPC,27.828528,-15.432250,0, ,0.0,0.0,0.0,0.0,0,0,0,0,0,0,0,0

STAR,REMG2C,ALL,5
IF,REMGI,27.090194,-15.269611, ,0.0,0.0,2,10000,0,0,0,0,0,0
TF,DRANO,27.655667,-15.506778,0, ,0.0,0.0,0.0,0.0,0,0,0,1,230,0,0,0
TF,LPC,27.828528,-15.432250,0, ,0.0,0.0,0.0,0.0,0,0,0,0,0,0,0,0

STAR,REMG2P,ALL,5
IF,REMGI,27.090194,-15.269611, ,0.0,0.0,2,10000,0,0,0,0,0,0
TF,DRANO,27.655667,-15.506778,0, ,0.0,0.0,0.0,0.0,0,0,0,0,0,0,0,0
TF,LPC,27.828528,-15.432250,0, ,0.0,0.0,0.0,0.0,0,0,0,0,0,0,0,0

STAR,RUSI1K,ALL,5
IF,RUSIK,28.906111,-12.816389, ,0.0,0.0,0,0,0,0,0,0,0,0
TF,FTV,28.430778,-13.864500,0, ,0.0,0.0,0.0,0.0,0,0,0,0,0,0,0,0
TF,FAYTA,28.108583,-14.138111,0, ,0.0,0.0,0.0,0.0,0,0,0,0,0,0,0,0
TF,CANIS,27.999833,-14.648167,0, ,0.0,0.0,0.0,0.0,0,0,0,0,0,0,0,0
TF,LALTO,27.698111,-15.003972,0, ,0.0,0.0,0.0,0.0,0,0,0,0,0,0,0,0

STAR,RUSI1P,03L,2
IF,RUSIK,28.906111,-12.816389, ,0.0,0.0,0,0,0,0,0,0,0,0
TF,FTV,28.430778,-13.864500,0, ,0.0,0.0,0.0,0.0,0,0,0,0,0,0,0,0
TF,FAYTA,28.108583,-14.138111,0, ,0.0,0.0,0.0,0.0,0,0,0,0,0,0,0,0
TF,CANIS,27.999833,-14.648167,0, ,0.0,0.0,0.0,0.0,0,0,0,0,0,0,0,0
TF,ENETA,27.924889,-14.994000,0, ,0.0,0.0,0.0,0.0,0,0,0,0,0,0,0,0

STAR,RUSI1P,03R,2
IF,RUSIK,28.906111,-12.816389, ,0.0,0.0,0,0,0,0,0,0,0,0
TF,FTV,28.430778,-13.864500,0, ,0.0,0.0,0.0,0.0,0,0,0,0,0,0,0,0
TF,FAYTA,28.108583,-14.138111,0, ,0.0,0.0,0.0,0.0,0,0,0,0,0,0,0,0
TF,CANIS,27.999833,-14.648167,0, ,0.0,0.0,0.0,0.0,0,0,0,0,0,0,0,0
TF,ENETA,27.924889,-14.994000,0, ,0.0,0.0,0.0,0.0,0,0,0,0,0,0,0,0

STAR,RUSI1R,21L,5
IF,RUSIK,28.906111,-12.816389, ,0.0,0.0,0,0,0,0,0,0,0,0
TF,BETAN,28.410250,-14.251889,0, ,0.0,0.0,0.0,0.0,0,0,0,0,0,0,0,0
TF,ENETA,27.924889,-14.994000,0, ,0.0,0.0,0.0,0.0,0,0,0,0,0,0,0,0

STAR,RUSI1R,21R,5
IF,RUSIK,28.906111,-12.816389, ,0.0,0.0,0,0,0,0,0,0,0,0
TF,BETAN,28.410250,-14.251889,0, ,0.0,0.0,0.0,0.0,0,0,0,0,0,0,0,0
TF,ENETA,27.924889,-14.994000,0, ,0.0,0.0,0.0,0.0,0,0,0,0,0,0,0,0

STAR,RUSI2D,21L,5
IF,RUSIK,28.906111,-12.816389, ,0.0,0.0,0,0,0,0,0,0,0,0
TF,BETAN,28.410250,-14.251889,0, ,0.0,0.0,0.0,0.0,0,0,0,0,0,0,0,0
TF,ENETA,27.924889,-14.994000,0, ,0.0,0.0,0.0,0.0,0,0,0,1,230,0,0,0

STAR,RUSI2D,21R,5
IF,RUSIK,28.906111,-12.816389, ,0.0,0.0,0,0,0,0,0,0,0,0
TF,BETAN,28.410250,-14.251889,0, ,0.0,0.0,0.0,0.0,0,0,0,0,0,0,0,0
TF,ENETA,27.924889,-14.994000,0, ,0.0,0.0,0.0,0.0,0,0,0,1,230,0,0,0

STAR,RUSI6C,03L,2
IF,RUSIK,28.906111,-12.816389, ,0.0,0.0,0,0,0,0,0,0,0,0
TF,FTV,28.430778,-13.864500,0, ,0.0,0.0,0.0,0.0,0,0,0,0,0,0,0,0
TF,FAYTA,28.108583,-14.138111,0, ,0.0,0.0,0.0,0.0,0,0,0,0,0,0,0,0
TF,CANIS,27.999833,-14.648167,0, ,0.0,0.0,0.0,0.0,0,0,0,0,0,0,0,0
TF,ENETA,27.924889,-14.994000,0, ,0.0,0.0,0.0,0.0,0,0,0,1,230,0,0,0

STAR,RUSI6C,03R,2
IF,RUSIK,28.906111,-12.816389, ,0.0,0.0,0,0,0,0,0,0,0,0
TF,FTV,28.430778,-13.864500,0, ,0.0,0.0,0.0,0.0,0,0,0,0,0,0,0,0
TF,FAYTA,28.108583,-14.138111,0, ,0.0,0.0,0.0,0.0,0,0,0,0,0,0,0,0
TF,CANIS,27.999833,-14.648167,0, ,0.0,0.0,0.0,0.0,0,0,0,0,0,0,0,0
TF,ENETA,27.924889,-14.994000,0, ,0.0,0.0,0.0,0.0,0,0,0,1,230,0,0,0

STAR,RUSI6Z,ALL,5
IF,RUSIK,28.906111,-12.816389, ,0.0,0.0,0,0,0,0,0,0,0,0
TF,FTV,28.430778,-13.864500,0, ,0.0,0.0,0.0,0.0,0,0,0,0,0,0,0,0
TF,FAYTA,28.108583,-14.138111,0, ,0.0,0.0,0.0,0.0,0,0,0,0,0,0,0,0
TF,CANIS,27.999833,-14.648167,0, ,0.0,0.0,0.0,0.0,0,0,0,0,0,0,0,0
TF,LALTO,27.698111,-15.003972,0, ,0.0,0.0,0.0,0.0,0,0,0,1,230,0,0,0

STAR,SAMA1G,21L,2
IF,SAMAR,30.899722,-14.415556, ,0.0,0.0,0,0,0,0,0,0,0,0
TF,ISORU,28.627000,-15.236139,0, ,0.0,0.0,0.0,0.0,0,0,0,0,0,0,0,0
TF,MADAS,28.220972,-15.378917,0, ,0.0,0.0,0.0,0.0,0,0,0,0,0,0,0,0

STAR,SAMA1G,21R,2
IF,SAMAR,30.899722,-14.415556, ,0.0,0.0,0,0,0,0,0,0,0,0
TF,ISORU,28.627000,-15.236139,0, ,0.0,0.0,0.0,0.0,0,0,0,0,0,0,0,0
TF,MADAS,28.220972,-15.378917,0, ,0.0,0.0,0.0,0.0,0,0,0,0,0,0,0,0

STAR,SAMA1P,03L,2
IF,SAMAR,30.899722,-14.415556, ,0.0,0.0,0,0,0,0,0,0,0,0
TF,ISORU,28.627000,-15.236139,0, ,0.0,0.0,0.0,0.0,0,0,0,0,0,0,0,0
TF,GDV,28.077083,-15.429000,0, ,0.0,0.0,0.0,0.0,0,0,0,0,0,0,0,0
TF,D186I,27.926683,-15.430967,0, ,0.0,0.0,0.0,0.0,0,0,0,0,0,0,0,0
TF,LPC,27.828528,-15.432250,0, ,0.0,0.0,0.0,0.0,0,0,0,0,0,0,0,0

STAR,SAMA1P,03R,2
IF,SAMAR,30.899722,-14.415556, ,0.0,0.0,0,0,0,0,0,0,0,0
TF,ISORU,28.627000,-15.236139,0, ,0.0,0.0,0.0,0.0,0,0,0,0,0,0,0,0
TF,GDV,28.077083,-15.429000,0, ,0.0,0.0,0.0,0.0,0,0,0,0,0,0,0,0
TF,D186I,27.926683,-15.430967,0, ,0.0,0.0,0.0,0.0,0,0,0,0,0,0,0,0
TF,LPC,27.828528,-15.432250,0, ,0.0,0.0,0.0,0.0,0,0,0,0,0,0,0,0

STAR,SAMA4D,21L,2
IF,SAMAR,30.899722,-14.415556, ,0.0,0.0,0,0,0,0,0,0,0,0
TF,ISORU,28.627000,-15.236139,0, ,0.0,0.0,0.0,0.0,0,0,0,1,240,0,0,0
TF,MADAS,28.220972,-15.378917,0, ,0.0,0.0,0.0,0.0,0,0,0,1,230,0,0,0

STAR,SAMA4D,21R,2
IF,SAMAR,30.899722,-14.415556, ,0.0,0.0,0,0,0,0,0,0,0,0
TF,ISORU,28.627000,-15.236139,0, ,0.0,0.0,0.0,0.0,0,0,0,1,240,0,0,0
TF,MADAS,28.220972,-15.378917,0, ,0.0,0.0,0.0,0.0,0,0,0,1,230,0,0,0

STAR,SAMA5C,03L,2
IF,SAMAR,30.899722,-14.415556, ,0.0,0.0,0,0,0,0,0,0,0,0
TF,ISORU,28.627000,-15.236139,0, ,0.0,0.0,0.0,0.0,0,0,0,0,0,0,0,0
TF,TODKO,28.316667,-15.345222,0, ,0.0,0.0,0.0,0.0,4,14000,7000,1,250,0,0,0
TF,GDV,28.077083,-15.429000,0, ,0.0,0.0,0.0,0.0,0,0,0,0,0,0,0,1
TF,D186I,27.926683,-15.430967,0, ,0.0,0.0,0.0,0.0,0,0,0,0,0,0,0,0
TF,LPC,27.828528,-15.432250,0, ,0.0,0.0,0.0,0.0,0,0,0,0,0,0,0,0

STAR,SAMA5C,03R,2
IF,SAMAR,30.899722,-14.415556, ,0.0,0.0,0,0,0,0,0,0,0,0
TF,ISORU,28.627000,-15.236139,0, ,0.0,0.0,0.0,0.0,0,0,0,0,0,0,0,0
TF,TODKO,28.316667,-15.345222,0, ,0.0,0.0,0.0,0.0,4,14000,7000,1,250,0,0,0
TF,GDV,28.077083,-15.429000,0, ,0.0,0.0,0.0,0.0,0,0,0,0,0,0,0,1
TF,D186I,27.926683,-15.430967,0, ,0.0,0.0,0.0,0.0,0,0,0,0,0,0,0,0
TF,LPC,27.828528,-15.432250,0, ,0.0,0.0,0.0,0.0,0,0,0,0,0,0,0,0

STAR,TERT2B,03L,2
IF,TERTO,30.104167,-12.717222, ,0.0,0.0,2,10000,0,0,0,0,0,0
TF,LZR,29.166000,-13.510694,0, ,0.0,0.0,0.0,0.0,0,0,0,0,0,0,0,0
TF,BETAN,28.410250,-14.251889,0, ,0.0,0.0,0.0,0.0,0,0,0,0,0,0,0,0
TF,CANIS,27.999833,-14.648167,0, ,0.0,0.0,0.0,0.0,0,0,0,0,0,0,0,0
TF,ENETA,27.924889,-14.994000,0, ,0.0,0.0,0.0,0.0,0,0,0,0,0,0,0,0

STAR,TERT2B,03R,2
IF,TERTO,30.104167,-12.717222, ,0.0,0.0,2,10000,0,0,0,0,0,0
TF,LZR,29.166000,-13.510694,0, ,0.0,0.0,0.0,0.0,0,0,0,0,0,0,0,0
TF,BETAN,28.410250,-14.251889,0, ,0.0,0.0,0.0,0.0,0,0,0,0,0,0,0,0
TF,CANIS,27.999833,-14.648167,0, ,0.0,0.0,0.0,0.0,0,0,0,0,0,0,0,0
TF,ENETA,27.924889,-14.994000,0, ,0.0,0.0,0.0,0.0,0,0,0,0,0,0,0,0

STAR,TERT2K,ALL,5
IF,TERTO,30.104167,-12.717222, ,0.0,0.0,2,10000,0,0,0,0,0,0
TF,LZR,29.166000,-13.510694,0, ,0.0,0.0,0.0,0.0,0,0,0,0,0,0,0,0
TF,BETAN,28.410250,-14.251889,0, ,0.0,0.0,0.0,0.0,0,0,0,0,0,0,0,0
TF,CANIS,27.999833,-14.648167,0, ,0.0,0.0,0.0,0.0,0,0,0,0,0,0,0,0
TF,LALTO,27.698111,-15.003972,0, ,0.0,0.0,0.0,0.0,0,0,0,0,0,0,0,0

STAR,TERT2R,21L,2
IF,TERTO,30.104167,-12.717222, ,0.0,0.0,2,10000,0,0,0,0,0,0
TF,LZR,29.166000,-13.510694,0, ,0.0,0.0,0.0,0.0,0,0,0,0,0,0,0,0
TF,ENETA,27.924889,-14.994000,0, ,0.0,0.0,0.0,0.0,0,0,0,0,0,0,0,0

STAR,TERT2R,21R,2
IF,TERTO,30.104167,-12.717222, ,0.0,0.0,2,10000,0,0,0,0,0,0
TF,LZR,29.166000,-13.510694,0, ,0.0,0.0,0.0,0.0,0,0,0,0,0,0,0,0
TF,ENETA,27.924889,-14.994000,0, ,0.0,0.0,0.0,0.0,0,0,0,0,0,0,0,0

STAR,TERT5D,21L,2
IF,TERTO,30.104167,-12.717222, ,0.0,0.0,2,10000,0,0,0,0,0,0
TF,LZR,29.166000,-13.510694,0, ,0.0,0.0,0.0,0.0,0,0,0,0,0,0,0,0
TF,ENETA,27.924889,-14.994000,0, ,0.0,0.0,0.0,0.0,0,0,0,1,230,0,0,0

STAR,TERT5D,21R,2
IF,TERTO,30.104167,-12.717222, ,0.0,0.0,2,10000,0,0,0,0,0,0
TF,LZR,29.166000,-13.510694,0, ,0.0,0.0,0.0,0.0,0,0,0,0,0,0,0,0
TF,ENETA,27.924889,-14.994000,0, ,0.0,0.0,0.0,0.0,0,0,0,1,230,0,0,0

STAR,TERT7C,03L,2
IF,TERTO,30.104167,-12.717222, ,0.0,0.0,2,10000,0,0,0,0,0,0
TF,LZR,29.166000,-13.510694,0, ,0.0,0.0,0.0,0.0,0,0,0,0,0,0,0,0
TF,BETAN,28.410250,-14.251889,0, ,0.0,0.0,0.0,0.0,0,0,0,0,0,0,0,0
TF,CANIS,27.999833,-14.648167,0, ,0.0,0.0,0.0,0.0,0,0,0,0,0,0,0,0
TF,ENETA,27.924889,-14.994000,0, ,0.0,0.0,0.0,0.0,0,0,0,1,230,0,0,0

STAR,TERT7C,03R,2
IF,TERTO,30.104167,-12.717222, ,0.0,0.0,2,10000,0,0,0,0,0,0
TF,LZR,29.166000,-13.510694,0, ,0.0,0.0,0.0,0.0,0,0,0,0,0,0,0,0
TF,BETAN,28.410250,-14.251889,0, ,0.0,0.0,0.0,0.0,0,0,0,0,0,0,0,0
TF,CANIS,27.999833,-14.648167,0, ,0.0,0.0,0.0,0.0,0,0,0,0,0,0,0,0
TF,ENETA,27.924889,-14.994000,0, ,0.0,0.0,0.0,0.0,0,0,0,1,230,0,0,0

STAR,TERT7Z,ALL,5
IF,TERTO,30.104167,-12.717222, ,0.0,0.0,2,10000,0,0,0,0,0,0
TF,LZR,29.166000,-13.510694,0, ,0.0,0.0,0.0,0.0,0,0,0,0,0,0,0,0
TF,BETAN,28.410250,-14.251889,0, ,0.0,0.0,0.0,0.0,0,0,0,0,0,0,0,0
TF,CANIS,27.999833,-14.648167,0, ,0.0,0.0,0.0,0.0,0,0,0,0,0,0,0,0
TF,LALTO,27.698111,-15.003972,0, ,0.0,0.0,0.0,0.0,0,0,0,1,230,0,0,0

STAR,VIDR2C,ALL,5
IF,VIDRI,26.894583,-17.039917, ,0.0,0.0,2,10000,0,0,0,0,0,0
TF,MATUD,27.479194,-15.867194,0, ,0.0,0.0,0.0,0.0,0,0,0,0,0,0,0,0
TF,DRANO,27.655667,-15.506778,0, ,0.0,0.0,0.0,0.0,0,0,0,1,230,0,0,0
TF,LPC,27.828528,-15.432250,0, ,0.0,0.0,0.0,0.0,0,0,0,0,0,0,0,0

STAR,VIDR2P,ALL,5
IF,VIDRI,26.894583,-17.039917, ,0.0,0.0,2,10000,0,0,0,0,0,0
TF,MATUD,27.479194,-15.867194,0, ,0.0,0.0,0.0,0.0,0,0,0,0,0,0,0,0
TF,DRANO,27.655667,-15.506778,0, ,0.0,0.0,0.0,0.0,0,0,0,0,0,0,0,0
TF,LPC,27.828528,-15.432250,0, ,0.0,0.0,0.0,0.0,0,0,0,0,0,0,0,0

APPTR,D03L,03L,ENETA
IF,ENETA,27.924889,-14.994000, ,0.0,0.0,2,5000,0,0,0,0,1,0
CF,D081L,27.876869,-15.213264,0,LPC,81.0,12.0,261.0,12.0,2,5000,0,0,0,0,0,0
CI,0, ,0.0,261.0,0,0,0,0,0,0,0,0
AF,D194J,27.663456,-15.461611,2,LPC,194.0,10.0,81.0,2,3800,0,0,0,0,0,0
CF,D206H,27.703833,-15.486028,0,LPC,206.0,8.0,26.0,2.0,2,3800,0,0,0,0,1,0
CF,LPC,27.828528,-15.432250,0,LPC,0.0,0.0,26.0,8.0,2,1700,0,0,0,0,0,0
TF,FD03L,27.844194,-15.425250,0, ,0.0,0.0,0.0,0.0,2,1700,0,0,0,0,0,0

APPTR,D03L,03L,LALTO
IF,LALTO,27.698111,-15.003972, ,0.0,0.0,2,5000,0,0,0,0,1,0
CF,D114L,27.763069,-15.219081,0,LPC,114.0,12.0,294.0,12.0,0,0,0,0,0,0,0,0
CI,0, ,0.0,294.0,0,0,0,0,0,0,0,0
AF,D194J,27.663456,-15.461611,2,LPC,194.0,10.0,114.0,2,3800,0,0,0,0,0,0
CF,D206H,27.703833,-15.486028,0,LPC,206.0,8.0,26.0,2.0,2,3800,0,0,0,0,1,0
CF,LPC,27.828528,-15.432250,0,LPC,0.0,0.0,26.0,8.0,2,1700,0,0,0,0,0,0
TF,FD03L,27.844194,-15.425250,0, ,0.0,0.0,0.0,0.0,2,1700,0,0,0,0,0,0

APPTR,D03L,03L,LPC
IF,LPC,27.828528,-15.432250, ,0.0,0.0,2,5000,0,0,0,0,0,0
CF,D180I,27.678703,-15.416578,0,LPC,179.7,9.0,206.0,8.0,2,3800,0,1,210,0,0,1
CF,D206H,27.703833,-15.486028,2,LPC,206.0,8.0,26.0,1.0,2,3800,0,0,0,0,1,0
CF,LPC,27.828528,-15.432250,0,LPC,0.0,0.0,26.0,8.0,2,1700,0,0,0,0,0,0
TF,FD03L,27.844194,-15.425250,0, ,0.0,0.0,0.0,0.0,2,1700,0,0,0,0,0,0

FINAL,D03L,03L,D,2
IF,FD03L,27.844194,-15.425250,LPC,26.7,0.0,2,1700,0,0,0,0,2,0
CF,MD03L,27.906333,-15.397500,0,LPC,26.6,5.0,27.0,4.0,1,393,0,0,0,0,3,0
CD, ,0,0,0,LPC,0,0.0,27.0,8.0,0,0,0,0,0,0,0,0
CI,2, ,0.0,120.0,0,0,0,1,210,0,0,0
FM,LPC,27.828528,-15.432250,0,LPC,0.0,0.0,60.0,1,2500,0,0,0,0,0,0

APPTR,D21R,21R,ENETA
IF,ENETA,27.924889,-14.994000, ,0.0,0.0,2,5000,0,0,0,0,1,0
CI,0, ,0.0,261.0,0,0,0,0,0,0,0,0
AF,D031V,28.158861,-15.250394,1,LPC,31.0,22.0,81.0,2,2500,0,0,0,0,0,0
CF,CD21R,28.123000,-15.298028,0,LPC,27.0,19.0,207.0,3.0,2,2500,0,0,0,0,1,0

APPTR,D21R,21R,LALTO
IF,LALTO,27.698111,-15.003972, ,0.0,0.0,2,5000,0,0,0,0,1,0
CI,0, ,0.0,294.0,0,0,0,0,0,0,0,0
AF,D031V,28.158861,-15.250394,1,LPC,31.0,22.0,114.0,2,2500,0,0,0,0,0,0
CF,CD21R,28.123000,-15.298028,0,LPC,27.0,19.0,207.0,3.0,2,2500,0,0,0,0,1,0

APPTR,D21R,21R,LPC1
IF,LPC,27.828528,-15.432250, ,0.0,0.0,2,5000,0,0,0,0,1,0
FD,LPC,27.828528,-15.432250,0,LPC,0.0,10.0,27.0,10.0,2,4000,0,0,0,0,0,0
CF,D027N,28.045425,-15.333461,0,LPC,27.0,14.0,27.0,4.0,2,2500,0,0,0,0,0,0
FC,D027N,28.045425,-15.333461,0,LPC,0.0,0.0,72.0,4.3,2,2500,0,0,0,0,0,1
CF,CD21R,28.123000,-15.298028,1,LPC,27.0,19.0,207.0,1.0,2,2500,0,0,0,0,1,0

APPTR,D21R,21R,LPC2
IF,LPC,27.828528,-15.432250, ,0.0,0.0,2,5000,0,0,0,0,1,0
FD,LPC,27.828528,-15.432250,0,LPC,0.0,10.0,27.0,10.0,2,4000,0,0,0,0,0,0
CF,D027P,28.076403,-15.319317,0,LPC,27.0,16.0,27.0,6.0,2,2500,0,0,0,0,0,0
FC,D027P,28.076403,-15.319317,0,LPC,0.0,0.0,72.0,3.0,2,2500,0,0,0,0,0,1
CF,CD21R,28.123000,-15.298028,1,LPC,27.0,19.0,207.0,1.0,2,2500,0,0,0,0,1,0

APPTR,D21R,21R,MADAS
IF,MADAS,28.220972,-15.378917, ,0.0,0.0,2,6000,0,0,0,0,1,0
CI,0, ,0.0,192.0,0,0,0,0,0,0,0,0
AF,D021V,28.181900,-15.317881,2,LPC,21.0,22.0,12.0,2,2500,0,0,0,0,0,0
CF,CD21R,28.123000,-15.298028,0,LPC,27.0,19.0,207.0,3.0,2,2500,0,0,0,0,1,0

FINAL,D21R,21R,D,3
IF,CD21R,28.123000,-15.298028,LPC,27.0,19.0,2,2500,0,0,0,0,0,0
CF,FD21R,28.028528,-15.341167,0,LPC,27.0,12.9,207.0,6.1,2,1800,0,0,0,0,2,0
CF,MD21R,27.952611,-15.375778,0,LPC,27.0,8.0,207.0,4.9,1,255,0,0,0,0,3,0
CD, ,0,0,0,LPC,0,0.0,207.0,5.4,0,0,0,0,0,0,0,0
CI,1, ,0.0,103.0,0,0,0,1,185,0,0,0
FM,LPC,27.828528,-15.432250,0,LPC,0.0,0.0,73.0,1,3000,0,0,0,0,0,0

FINAL,I03LY,03L,I,3
IF,CF03L,27.703833,-15.486028,ILP,206.2,15.6,2,3800,0,0,0,0,0,0
CF,FI03L,27.782000,-15.452750,0,ILP,206.4,10.6,26.0,5.0,1,3000,0,0,0,0,2,0
CF,RW03L,27.918867,-15.392342,0,ILP,206.5,1.8,26.0,8.8,1,131,0,0,0,0,3,0
CR,0,GDV,161.0,26.0,0,0,0,0,0,0,0,0
CI,2, ,0.0,120.0,0,0,0,1,210,0,0,0
FM,VR,27.856806,-15.419889,0,GDV,0.0,0.0,60.0,1,2500,0,0,0,0,0,0

APPTR,I03LZ,03L,ENETA
IF,ENETA,27.924889,-14.994000, ,0.0,0.0,2,5000,0,0,0,0,1,0
CF,D081L,27.876869,-15.213264,0,LPC,81.0,12.0,261.0,12.0,2,5000,0,0,0,0,0,0
CI,0, ,0.0,261.0,0,0,0,0,0,0,0,0
AF,D194J,27.663456,-15.461611,2,LPC,194.0,10.0,81.0,2,3800,0,0,0,0,0,0
CF,CF03L,27.703833,-15.486028,0,ILP,206.2,15.6,26.0,2.0,2,3800,0,0,0,0,1,0

APPTR,I03LZ,03L,LALTO
IF,LALTO,27.698111,-15.003972, ,0.0,0.0,2,5000,0,0,0,0,1,0
CF,D114L,27.763069,-15.219081,0,LPC,114.0,12.0,294.0,12.0,0,0,0,0,0,0,0,0
CI,0, ,0.0,294.0,0,0,0,0,0,0,0,0
AF,D194J,27.663456,-15.461611,2,LPC,194.0,10.0,114.0,2,3800,0,0,0,0,0,0
CF,CF03L,27.703833,-15.486028,0,ILP,206.2,15.6,26.0,2.0,2,3800,0,0,0,0,1,0

FINAL,I03LZ,03L,I,3
IF,CF03L,27.703833,-15.486028,ILP,206.2,15.6,2,3800,0,0,0,0,0,0
CF,FI03L,27.782000,-15.452750,0,ILP,206.4,10.6,26.0,5.0,1,3000,0,0,0,0,2,0
CF,RW03L,27.918867,-15.392342,0,ILP,206.5,1.8,26.0,8.8,1,131,0,0,0,0,3,0
CD, ,0,0,0,LPC,0,0.0,26.0,8.0,2,540,0,0,0,0,0,0
CI,2, ,0.0,120.0,0,0,0,1,210,0,0,0
FM,LPC,27.828528,-15.432250,0,LPC,0.0,0.0,60.0,1,2500,0,0,0,0,0,0

APPTR,I21RY,21R,VR1
IF,VR,27.856806,-15.419889, ,0.0,0.0,2,5000,0,0,0,0,1,0
CF,D026I,27.992219,-15.361322,0,LPC,26.0,10.5,26.0,8.7,2,4000,0,0,0,0,0,0
CF,D026M,28.054614,-15.334286,0,LPC,26.0,14.5,26.0,4.0,2,2500,0,0,0,0,0,0
FC,D026M,28.054614,-15.334286,0,LPC,0.0,0.0,71.0,4.4,0,0,0,0,0,0,0,1
CF,CF21R,28.116000,-15.305056,1,RLP,26.4,12.9,206.0,1.0,2,2500,0,0,0,0,1,0

APPTR,I21RY,21R,VR2
IF,VR,27.856806,-15.419889, ,0.0,0.0,2,5000,0,0,0,0,1,0
CF,D026I,27.992219,-15.361322,0,LPC,26.0,10.5,26.0,8.7,2,4000,0,0,0,0,0,0
CF,D026O,28.085808,-15.320756,0,LPC,26.0,16.5,26.0,6.0,2,2500,0,0,0,0,0,0
FC,D026O,28.085808,-15.320756,0,LPC,0.0,0.0,71.0,3.0,0,0,0,0,0,0,0,1
CF,CF21R,28.116000,-15.305056,1,RLP,26.4,12.9,206.0,1.0,2,2500,0,0,0,0,1,0

FINAL,I21RY,21R,I,3
IF,CF21R,28.116000,-15.305056,RLP,26.4,12.9,2,2500,0,0,0,0,0,0
CF,FI21R,28.032139,-15.342222,0,RLP,26.4,7.5,206.0,5.4,1,1900,0,0,0,0,2,0
CF,RW21R,27.944911,-15.380831,0,RLP,26.4,1.9,206.0,5.6,1,87,0,0,0,0,3,0
CF,VR,27.856806,-15.419889,0,LPC,26.2,1.8,206.0,5.7,0,0,0,0,0,0,0,0
TF,D176E,27.769317,-15.404308,0, ,0.0,0.0,0.0,0.0,2,4500,0,0,0,0,0,1
DF,VR,27.856806,-15.419889,2, ,0.0,0.0,1,5000,0,0,0,0,0,0
HM,VR,27.856806,-15.419889,2, ,0.0,0.0,26.0,04.3,2,5000,0,1,210,0,0,0,0

APPTR,I21RZ,21R,ENETA
IF,ENETA,27.924889,-14.994000, ,0.0,0.0,2,5000,0,0,0,0,1,0
CI,0, ,0.0,261.0,0,0,0,0,0,0,0,0
AF,D031V,28.158861,-15.250394,1,LPC,31.0,22.0,81.0,2,2500,0,0,0,0,0,0
CF,CF21R,28.116000,-15.305056,0,RLP,26.4,12.9,206.0,3.0,2,2500,0,0,0,0,1,0

APPTR,I21RZ,21R,LALTO
IF,LALTO,27.698111,-15.003972, ,0.0,0.0,2,5000,0,0,0,0,1,0
CI,0, ,0.0,294.0,0,0,0,0,0,0,0,0
AF,D031V,28.158861,-15.250394,1,LPC,31.0,22.0,114.0,2,2500,0,0,0,0,0,0
CF,CF21R,28.116000,-15.305056,0,RLP,26.4,12.9,206.0,3.0,2,2500,0,0,0,0,1,0

APPTR,I21RZ,21R,LPC1
IF,LPC,27.828528,-15.432250, ,0.0,0.0,2,5000,0,0,0,0,1,0
FD,LPC,27.828528,-15.432250,0,LPC,0.0,10.0,26.0,10.0,2,4000,0,0,0,0,0,0
CF,D026N,28.046925,-15.337742,0,LPC,26.0,14.0,26.0,4.0,2,2500,0,0,0,0,0,0
FC,D026N,28.046925,-15.337742,0,LPC,0.0,0.0,71.0,4.3,2,2500,0,0,0,0,0,1
CF,CF21R,28.116000,-15.305056,1,RLP,26.4,12.9,206.0,1.0,2,2500,0,0,0,0,1,0

APPTR,I21RZ,21R,LPC2
IF,LPC,27.828528,-15.432250, ,0.0,0.0,2,5000,0,0,0,0,1,0
FD,LPC,27.828528,-15.432250,0,LPC,0.0,10.0,26.0,10.0,2,4000,0,0,0,0,0,0
CF,D026P,28.078119,-15.324208,0,LPC,26.0,16.0,26.0,6.0,2,2500,0,0,0,0,0,0
FC,D026P,28.078119,-15.324208,0,LPC,0.0,0.0,71.0,3.0,2,2500,0,0,0,0,0,1
CF,CF21R,28.116000,-15.305056,1,RLP,26.4,12.9,206.0,1.0,2,2500,0,0,0,0,1,0

APPTR,I21RZ,21R,MADAS
IF,MADAS,28.220972,-15.378917, ,0.0,0.0,2,6000,0,0,0,0,1,0
CI,0, ,0.0,192.0,0,0,0,0,0,0,0,0
AF,D021V,28.181900,-15.317881,2,LPC,21.0,22.0,12.0,2,2500,0,0,0,0,0,0
CF,CF21R,28.116000,-15.305056,0,RLP,26.4,12.9,206.0,3.0,2,2500,0,0,0,0,1,0

FINAL,I21RZ,21R,I,3
IF,CF21R,28.116000,-15.305056,RLP,26.4,12.9,2,2500,0,0,0,0,0,0
CF,FI21R,28.032139,-15.342222,0,RLP,26.4,7.5,206.0,5.4,1,1900,0,0,0,0,2,0
CF,RW21R,27.944911,-15.380831,0,RLP,26.4,1.9,206.0,5.6,1,87,0,0,0,0,3,0
CD, ,0,0,0,LPC,0,0.0,206.0,5.4,2,1000,0,0,0,0,0,0
CI,1, ,0.0,103.0,0,0,0,1,185,0,0,0
FM,LPC,27.828528,-15.432250,0,LPC,0.0,0.0,73.0,1,3000,0,0,0,0,0,0

FINAL,L03LX,03L,D,3
IF,CF03L,27.703833,-15.486028,ILP,206.2,15.6,2,3800,0,0,0,0,0,0
CF,FL03L,27.778528,-15.454278,0,ILP,206.4,10.8,26.0,4.8,2,3000,0,0,0,0,2,0
CF,ML03L,27.909528,-15.396472,0,ILP,206.5,2.4,26.0,8.4,1,330,0,0,0,0,3,0
CF,D128E,28.028069,-15.343989,0,GDV,128.0,5.4,26.0,7.6,0,0,0,0,0,0,0,1
CF,D116N,27.991450,-15.183611,0,GDV,116.4,14.0,116.0,9.0,1,3000,0,1,185,0,0,0
CF,ENETA,27.924889,-14.994000,0,GDV,116.4,24.8,116.0,10.8,1,4000,0,0,0,0,0,0
HM,ENETA,27.924889,-14.994000,2, ,0.0,0.0,296.0,04.2,2,4000,0,0,0,0,0,0,0

FINAL,L03LY,03L,D,3
IF,CF03L,27.703833,-15.486028,ILP,206.2,15.6,2,3800,0,0,0,0,0,0
CF,FL03L,27.778528,-15.454278,0,ILP,206.4,10.8,26.0,4.8,2,3000,0,0,0,0,2,0
CF,ML03L,27.909528,-15.396472,0,ILP,206.5,2.4,26.0,8.4,1,327,0,0,0,0,3,0
CR,0,GDV,161.0,26.0,0,0,0,0,0,0,0,0
CI,2, ,0.0,120.0,0,0,0,1,210,0,0,0
FM,VR,27.856806,-15.419889,0,GDV,0.0,0.0,60.0,1,2500,0,0,0,0,0,0

APPTR,L03LZ,03L,ENETA
IF,ENETA,27.924889,-14.994000, ,0.0,0.0,2,5000,0,0,0,0,1,0
CF,D081L,27.876869,-15.213264,0,LPC,81.0,12.0,261.0,12.0,2,5000,0,0,0,0,0,0
CI,0, ,0.0,261.0,0,0,0,0,0,0,0,0
AF,D194J,27.663456,-15.461611,2,LPC,194.0,10.0,81.0,2,3800,0,0,0,0,0,0
CF,CF03L,27.703833,-15.486028,0,ILP,206.2,15.6,26.0,2.0,2,3800,0,0,0,0,1,0

APPTR,L03LZ,03L,LALTO
IF,LALTO,27.698111,-15.003972, ,0.0,0.0,2,5000,0,0,0,0,1,0
CF,D114L,27.763069,-15.219081,0,LPC,114.0,12.0,294.0,12.0,0,0,0,0,0,0,0,0
CI,0, ,0.0,294.0,0,0,0,0,0,0,0,0
AF,D194J,27.663456,-15.461611,2,LPC,194.0,10.0,114.0,2,3800,0,0,0,0,0,0
CF,CF03L,27.703833,-15.486028,0,ILP,206.2,15.6,26.0,2.0,2,3800,0,0,0,0,1,0

FINAL,L03LZ,03L,D,3
IF,CF03L,27.703833,-15.486028,ILP,206.2,15.6,2,3800,0,0,0,0,0,0
CF,FL0LZ,27.802167,-15.443833,0,ILP,206.4,9.3,26.0,6.3,2,2500,0,0,0,0,2,0
CF,ML03L,27.909528,-15.396472,0,ILP,206.5,2.4,26.0,6.9,1,321,0,0,0,0,3,0
CD, ,0,0,0,LPC,0,0.0,26.0,8.0,2,1000,0,0,0,0,0,0
CI,2, ,0.0,120.0,0,0,0,1,210,0,0,0
FM,LPC,27.828528,-15.432250,0,LPC,0.0,0.0,60.0,1,2500,0,0,0,0,0,0

APPTR,L21RY,21R,VR1
IF,VR,27.856806,-15.419889, ,0.0,0.0,2,5000,0,0,0,0,1,0
CF,D026I,27.992219,-15.361322,0,LPC,26.0,10.5,26.0,8.7,2,4000,0,0,0,0,0,0
CF,D026M,28.054614,-15.334286,0,LPC,26.0,14.5,26.0,4.0,2,2500,0,0,0,0,0,0
FC,D026M,28.054614,-15.334286,0,LPC,0.0,0.0,71.0,4.4,0,0,0,0,0,0,0,1
CF,CF21R,28.116000,-15.305056,1,RLP,26.4,12.9,206.0,1.0,2,2500,0,0,0,0,1,0

APPTR,L21RY,21R,VR2
IF,VR,27.856806,-15.419889, ,0.0,0.0,2,5000,0,0,0,0,1,0
CF,D026I,27.992219,-15.361322,0,LPC,26.0,10.5,26.0,8.7,2,4000,0,0,0,0,0,0
CF,D026O,28.085808,-15.320756,0,LPC,26.0,16.5,26.0,6.0,2,2500,0,0,0,0,0,0
FC,D026O,28.085808,-15.320756,0,LPC,0.0,0.0,71.0,3.0,0,0,0,0,0,0,0,1
CF,CF21R,28.116000,-15.305056,1,RLP,26.4,12.9,206.0,1.0,2,2500,0,0,0,0,1,0

FINAL,L21RY,21R,D,3
IF,CF21R,28.116000,-15.305056,RLP,26.4,12.9,2,2500,0,0,0,0,0,0
CF,FL21R,28.033417,-15.341667,0,RLP,26.4,7.6,206.0,5.3,2,1900,0,0,0,0,2,0
CF,ML21R,27.960472,-15.373944,0,RLP,26.4,2.9,206.0,4.7,1,416,0,0,0,0,3,0
CF,VR,27.856806,-15.419889,0,LPC,26.2,1.8,206.0,6.7,0,0,0,0,0,0,0,0
TF,D176E,27.769317,-15.404308,0, ,0.0,0.0,0.0,0.0,2,4500,0,0,0,0,0,1
DF,VR,27.856806,-15.419889,2, ,0.0,0.0,1,5000,0,0,0,0,0,0
HM,VR,27.856806,-15.419889,2, ,0.0,0.0,26.0,04.3,2,5000,0,1,210,0,0,0,0

APPTR,L21RZ,21R,ENETA
IF,ENETA,27.924889,-14.994000, ,0.0,0.0,2,5000,0,0,0,0,1,0
CI,0, ,0.0,261.0,0,0,0,0,0,0,0,0
AF,D031V,28.158861,-15.250394,1,LPC,31.0,22.0,81.0,2,2500,0,0,0,0,0,0
CF,CF21R,28.116000,-15.305056,0,RLP,26.4,12.9,206.0,3.0,2,2500,0,0,0,0,1,0

APPTR,L21RZ,21R,LALTO
IF,LALTO,27.698111,-15.003972, ,0.0,0.0,2,5000,0,0,0,0,1,0
CI,0, ,0.0,294.0,0,0,0,0,0,0,0,0
AF,D031V,28.158861,-15.250394,1,LPC,31.0,22.0,114.0,2,2500,0,0,0,0,0,0
CF,CF21R,28.116000,-15.305056,0,RLP,26.4,12.9,206.0,3.0,2,2500,0,0,0,0,1,0

APPTR,L21RZ,21R,LPC1
IF,LPC,27.828528,-15.432250, ,0.0,0.0,2,5000,0,0,0,0,1,0
FD,LPC,27.828528,-15.432250,0,LPC,0.0,10.0,26.0,10.0,2,4000,0,0,0,0,0,0
CF,D026N,28.046925,-15.337742,0,LPC,26.0,14.0,26.0,4.0,2,2500,0,0,0,0,0,0
FC,D026N,28.046925,-15.337742,0,LPC,0.0,0.0,71.0,4.3,2,2500,0,0,0,0,0,1
CF,CF21R,28.116000,-15.305056,1,RLP,26.4,12.9,206.0,1.0,2,2500,0,0,0,0,1,0

APPTR,L21RZ,21R,LPC2
IF,LPC,27.828528,-15.432250, ,0.0,0.0,2,5000,0,0,0,0,1,0
FD,LPC,27.828528,-15.432250,0,LPC,0.0,10.0,26.0,10.0,2,4000,0,0,0,0,0,0
CF,D026P,28.078119,-15.324208,0,LPC,26.0,16.0,26.0,6.0,2,2500,0,0,0,0,0,0
FC,D026P,28.078119,-15.324208,0,LPC,0.0,0.0,71.0,3.0,2,2500,0,0,0,0,0,1
CF,CF21R,28.116000,-15.305056,1,RLP,26.4,12.9,206.0,1.0,2,2500,0,0,0,0,1,0

APPTR,L21RZ,21R,MADAS
IF,MADAS,28.220972,-15.378917, ,0.0,0.0,2,6000,0,0,0,0,1,0
CI,0, ,0.0,192.0,0,0,0,0,0,0,0,0
AF,D021V,28.181900,-15.317881,2,LPC,21.0,22.0,12.0,2,2500,0,0,0,0,0,0
CF,CF21R,28.116000,-15.305056,0,RLP,26.4,12.9,206.0,3.0,2,2500,0,0,0,0,1,0

FINAL,L21RZ,21R,D,3
IF,CF21R,28.116000,-15.305056,RLP,26.4,12.9,2,2500,0,0,0,0,0,0
CF,FL21R,28.033417,-15.341667,0,RLP,26.4,7.6,206.0,5.3,2,1900,0,0,0,0,2,0
CF,ML21R,27.960472,-15.373944,0,RLP,26.4,2.9,206.0,4.7,1,408,0,0,0,0,3,0
CD, ,0,0,0,LPC,0,0.0,206.0,5.4,2,1000,0,0,0,0,0,0
CI,1, ,0.0,103.0,0,0,0,1,185,0,0,0
FM,LPC,27.828528,-15.432250,0,LPC,0.0,0.0,73.0,1,3000,0,0,0,0,0,0

APPTR,Q03LM,03L,ENETA
IF,ENETA,27.924889,-14.994000, ,0.0,0.0,2,5000,0,0,0,0,1,0
TF,VR,27.856806,-15.419889,0, ,0.0,0.0,0.0,0.0,2,5000,0,0,0,0,0,0
HF,VR,27.856806,-15.419889,2, ,0.0,0.0,26.0,04.3,2,3800,0,1,210,0,0,0,0

APPTR,Q03LM,03L,LALTO
IF,LALTO,27.698111,-15.003972, ,0.0,0.0,2,5000,0,0,0,0,1,0
TF,VR,27.856806,-15.419889,0, ,0.0,0.0,0.0,0.0,2,5000,0,0,0,0,0,0
HF,VR,27.856806,-15.419889,2, ,0.0,0.0,26.0,04.3,2,3800,0,1,210,0,0,0,0

APPTR,Q03LM,03L,VR
IF,VR,27.856806,-15.419889, ,0.0,0.0,2,5000,0,0,0,0,0,0
HF,VR,27.856806,-15.419889,2, ,0.0,0.0,26.0,04.3,2,3800,0,1,210,0,1,0,0

FINAL,Q03LM,03L,N,3
IF,CQ026,27.747578,-15.467011,VR,0.0,0.0,2,3800,0,0,0,0,0,0
CF,VR,27.856806,-15.419889,0,VR,0.0,0.0,26.0,7.0,2,1700,0,0,0,0,2,0
CF,RW03L,27.918867,-15.392342,0,GDV,0.0,9.7,26.0,4.0,1,131,0,0,0,0,3,0
CF,D128E,28.028069,-15.343989,0,GDV,128.0,5.4,26.0,7.0,0,0,0,0,0,0,0,1
CF,D116N,27.991450,-15.183611,0,GDV,116.4,14.0,116.0,9.0,1,3000,0,1,185,0,0,0
CF,ENETA,27.924889,-14.994000,0,GDV,116.4,24.8,116.0,10.8,1,4000,0,0,0,0,0,0
HM,ENETA,27.924889,-14.994000,2, ,0.0,0.0,296.0,04.2,2,4000,0,0,0,0,0,0,0

APPTR,T03RA,03R,TGN35
IF,TGN35,27.383056,-15.633889, ,0.0,0.0,2,20000,0,0,0,0,1,0
TF,TGN30,27.458381,-15.600053,0, ,0.0,0.0,0.0,0.0,0,0,0,0,0,0,0,0
TF,CT03R,27.659939,-15.509031,0, ,0.0,0.0,0.0,0.0,1,4000,0,0,0,0,0,0

FINAL,T03RA,03R,D,3
IF,CT03R,27.659939,-15.509031,TGN,207.0,17.0,1,4000,0,0,0,0,0,0
CF,FT03R,27.783942,-15.452853,0,TGN,207.0,9.0,27.0,8.0,2,2000,0,0,0,0,2,0
CF,MT03R,27.861431,-15.417675,0,TGN,207.0,4.0,27.0,5.0,1,1295,0,0,0,0,3,0
CA,0,27.0,2,3000,0,0,0,0,0,0
VM,0,0,0,27.0,1,3000,0,0,0,0,0,0

APPTR,T03RB,03R,D165T
IF,D165T,27.613333,-15.262778, ,0.0,0.0,2,20000,0,0,0,0,1,0
TF,CT03R,27.659939,-15.509031,0, ,0.0,0.0,0.0,0.0,1,4000,0,0,0,0,0,0

FINAL,T03RB,03R,D,3
IF,CT03R,27.659939,-15.509031,TGN,207.0,17.0,1,4000,0,0,0,0,0,0
CF,FT03R,27.783942,-15.452853,0,TGN,207.0,9.0,27.0,8.0,2,2000,0,0,0,0,2,0
CF,VR,27.856806,-15.419889,0,TGN,207.1,4.3,27.0,4.7,1,1391,0,0,0,0,3,0
CA,0,27.0,2,3000,0,0,0,0,0,0
VM,0,0,0,27.0,1,3000,0,0,0,0,0,0

APPTR,T21L,21L,D206J
IF,D206J,27.772222,-15.454722, ,0.0,0.0,2,15000,0,0,0,0,1,0
TF,D206D,27.861003,-15.416456,0, ,0.0,0.0,0.0,0.0,2,10000,0,0,0,0,0,0
FD,D206D,27.861003,-15.416456,0,TGN,206.0,12.0,51.0,12.0,0,0,0,0,0,0,0,0
CF,FT21L,28.063819,-15.328733,1,TGN,26.0,9.0,206.0,4.0,2,2000,0,0,0,0,0,0

FINAL,T21L,21L,D,2
IF,FT21L,28.063819,-15.328733,TGN,26.0,9.0,2,2000,0,0,0,0,2,0
CF,MT21L,27.970219,-15.369261,0,TGN,26.0,3.0,206.0,6.0,1,598,0,0,0,0,3,0
CA,0,206.0,2,6000,0,0,0,0,0,0
VM,0,0,0,206.0,1,6000,0,0,0,0,0,0

