APPTR,Q15-M,15,MIA
IF,MIA,35.307806,-2.955528, ,0.0,0.0,2,3500,0,0,0,0,1,0
HF,MIA,35.307806,-2.955528,2, ,0.0,0.0,263.0,04.3,2,2700,0,0,0,0,0,0,0

FINAL,Q15-M,15,N,2
IF,FU263,35.328578,-2.773986,MIA,0.0,0.0,2,2700,0,0,0,0,2,0
CF,MU263,35.314750,-2.895000,0,MLL,0.0,3.0,263.0,6.0,1,1150,0,0,0,0,3,0
CA,0,263.0,2,1150,0,0,0,0,0,0
CI,2, ,0.0,128.0,0,0,0,1,130,0,0,0
FA,MIA,35.307806,-2.955528,0,MEL,0.0,0.0,83.0,2,3500,0,0,0,0,0,0
DF,MIA,35.307806,-2.955528,1, ,0.0,0.0,1,3500,0,0,0,0,0,0

APPTR,Q33-M,33,MIA
IF,MIA,35.307806,-2.955528, ,0.0,0.0,2,3500,0,0,0,0,1,0
HF,MIA,35.307806,-2.955528,2, ,0.0,0.0,263.0,04.3,2,2700,0,0,0,0,0,0,0

FINAL,Q33-M,33,N,2
IF,FU263,35.328578,-2.773986,MIA,0.0,0.0,2,2700,0,0,0,0,2,0
CF,MU263,35.314750,-2.895000,0,MLL,0.0,3.0,263.0,6.0,1,1150,0,0,0,0,3,0
CA,0,263.0,2,1150,0,0,0,0,0,0
CI,2, ,0.0,128.0,0,0,0,1,130,0,0,0
FA,MIA,35.307806,-2.955528,0,MEL,0.0,0.0,83.0,2,3500,0,0,0,0,0,0
DF,MIA,35.307806,-2.955528,1, ,0.0,0.0,1,3500,0,0,0,0,0,0

APPTR,V15-A,15,IXIRI
IF,IXIRI,35.497628,-2.823214, ,0.0,0.0,2,2500,0,0,0,0,1,0
CI,0, ,0.0,208.0,0,0,0,0,0,0,0,0
AF,CD263,35.310333,-2.696139,2,MEL,83.0,13.0,28.0,2,2000,0,0,0,0,1,0

FINAL,V15-A,15,D,3
IF,CD263,35.310333,-2.696139,MEL,83.0,13.0,2,2000,0,0,0,0,0,0
CF,FD263,35.298889,-2.796972,0,MEL,83.0,8.0,263.0,5.0,2,2000,0,0,0,0,2,0
CF,MD263,35.289694,-2.877639,0,MEL,83.0,4.0,263.0,4.0,1,1150,0,0,0,0,3,0
CI,2, ,0.0,360.0,0,0,0,1,130,0,0,0
CF,IXIRI,35.497628,-2.823214,0,MEL,27.9,14.6,28.0,12.0,1,2500,0,0,0,0,0,0
HM,IXIRI,35.497628,-2.823214,2, ,0.0,0.0,208.0,04.3,2,2500,0,0,0,0,0,0,0

APPTR,V33-A,33,IXIRI
IF,IXIRI,35.497628,-2.823214, ,0.0,0.0,2,2500,0,0,0,0,1,0
CI,0, ,0.0,208.0,0,0,0,0,0,0,0,0
AF,CD263,35.310333,-2.696139,2,MEL,83.0,13.0,28.0,2,2000,0,0,0,0,1,0

FINAL,V33-A,33,D,3
IF,CD263,35.310333,-2.696139,MEL,83.0,13.0,2,2000,0,0,0,0,0,0
CF,FD263,35.298889,-2.796972,0,MEL,83.0,8.0,263.0,5.0,2,2000,0,0,0,0,2,0
CF,MD263,35.289694,-2.877639,0,MEL,83.0,4.0,263.0,4.0,1,1150,0,0,0,0,3,0
CI,2, ,0.0,360.0,0,0,0,1,130,0,0,0
CF,IXIRI,35.497628,-2.823214,0,MEL,27.9,14.6,28.0,12.0,1,2500,0,0,0,0,0,0
HM,IXIRI,35.497628,-2.823214,2, ,0.0,0.0,208.0,04.3,2,2500,0,0,0,0,0,0,0

