APPTR,D05,05,FF05
HF,FF05,28.928892,-10.164617,1, ,0.0,0.0,49.0,05,2,3500,0,1,220,0,1,0,0

FINAL,D05,05,D,2
IF,FF05,28.928892,-10.164617,GLM,228.8,7.0,2,3500,0,0,0,0,2,0
CF,MA05,28.991828,-10.091097,0,GLM,228.8,1.6,49.0,5.4,1,1781,0,0,0,0,3,0
VI,1, ,0.0,218.0,0,0,0,1,185,0,0,0
FD,GLM,29.010469,-10.069294,0,GLM,0.0,12.0,248.0,12.0,1,3500,0,0,0,0,0,0
CF,FF05,28.928892,-10.164617,1,GLM,228.8,7.0,49.0,5.0,0,0,0,0,0,0,0,0
HM,FF05,28.928892,-10.164617,1, ,0.0,0.0,49.0,05,2,3500,0,1,220,0,0,0,0

APPTR,L05-Z,05,FF05
HF,FF05,28.928892,-10.164617,1, ,0.0,0.0,49.0,05,2,3500,0,1,220,0,1,0,0

FINAL,L05-Z,05,D,3
IF,CF05,28.905461,-10.191750,GUM,228.8,11.4,2,3500,0,0,0,0,0,0
CF,FF05,28.928892,-10.164617,0,GUM,228.8,9.4,49.0,2.0,2,3500,0,0,0,0,2,0
CF,MA05,28.991828,-10.091097,0,GUM,228.8,4.0,49.0,5.4,1,1781,0,0,0,0,3,0
VI,1, ,0.0,218.0,0,0,0,1,185,0,0,0
FD,GLM,29.010469,-10.069294,0,GLM,0.0,12.0,248.0,12.0,1,3500,0,0,0,0,0,0
CF,FF05,28.928892,-10.164617,1,GLM,228.8,7.0,49.0,5.0,0,0,0,0,0,0,0,0
HM,FF05,28.928892,-10.164617,1, ,0.0,0.0,49.0,05,2,3500,0,1,220,0,0,0,0

