APPTR,R03,03,AM211
IF,AM211,5.791361,37.588000, ,0.0,0.0,2,9000,0,0,0,0,1,0
TF,AM214,5.901500,37.503333,0, ,0.0,0.0,0.0,0.0,2,6000,0,1,185,0,1,0

APPTR,R03,03,AM212
IF,AM212,5.745972,37.404778, ,0.0,0.0,2,11000,0,0,0,0,1,0
TF,AM213,5.842111,37.465722,0, ,0.0,0.0,0.0,0.0,2,7700,0,0,0,0,0,0
TF,AM214,5.901500,37.503333,0, ,0.0,0.0,0.0,0.0,2,6000,0,1,185,0,1,0

FINAL,R03,03,R,4
IF,AM214,5.901500,37.503333, ,0.0,0.0,2,6000,0,1,185,0,0,0
TF,AM215,5.929778,37.521278,0, ,0.0,0.0,31.0,2.0,2,5530,0,0,0,0,0,0
TF,AM216,5.958056,37.539194,0, ,0.0,0.0,31.0,2.0,1,5530,0,0,0,0,2,0
TF,RW03,6.028753,37.584008,0, ,0.0,0.0,31.0,5.0,1,3945,0,0,0,0,3,1
CA,0,46.0,2,7100,0,0,0,0,0,0
DF,AM211,5.791361,37.588000,2, ,0.0,0.0,2,9000,0,0,0,0,0,0

