APPTR,I01L,01L,CVO
IF,CVO,30.092306,31.388417, ,0.0,0.0,0,0,0,0,0,0,1,0
TF,D150W,29.740389,31.581417,0, ,0.0,0.0,0.0,0.0,2,3300,0,0,0,0,0,0
FC,D150W,29.740389,31.581417,1,CVO,0.0,0.0,56.0,6.6,0,0,0,0,0,0,0,1
CF,CF01L,29.828278,31.757056,0,IKTM,191.2,16.3,56.0,4.0,2,3300,0,0,0,0,1,0

FINAL,I01L,01L,I,3
IF,CF01L,29.828278,31.757056,IKTM,191.2,16.3,2,3300,0,0,0,0,0,0
CF,FF01L,29.973417,31.802306,0,IKTM,191.2,7.3,11.0,9.0,1,2500,0,0,0,0,2,0
CF,RW01L,30.056472,31.828267,0,IKTM,191.2,2.1,11.0,5.2,1,861,0,0,0,0,3,0
FA,RW01L,30.056472,31.828267,0,CVO,0.0,0.0,11.0,2,1900,0,0,0,0,0,0
DF,CVO,30.092306,31.388417,1, ,0.0,0.0,1,6000,0,0,0,0,0,0
HM,CVO,30.092306,31.388417,2, ,0.0,0.0,13.0,04.3,2,6000,0,0,0,0,0,0,0

APPTR,R01L,01L,CP712
IF,CP712,29.740389,31.581417, ,0.0,0.0,2,4000,0,0,0,0,1,0
TF,CP713,29.828278,31.757056,0, ,0.0,0.0,0.0,0.0,1,3300,0,0,0,0,1,0

APPTR,R01L,01L,CVO
IF,CVO,30.092306,31.388417, ,0.0,0.0,2,6000,0,0,0,0,1,0
TF,CP712,29.740389,31.581417,0, ,0.0,0.0,0.0,0.0,2,4000,0,0,0,0,0,0
TF,CP713,29.828278,31.757056,1, ,0.0,0.0,0.0,0.0,1,3300,0,0,0,0,1,0

FINAL,R01L,01L,R,3
IF,CP713,29.828278,31.757056, ,0.0,0.0,1,3300,0,0,0,0,0,0
TF,CP714,29.973417,31.802306,0, ,0.0,0.0,11.0,9.0,1,2500,0,0,0,0,2,0
TF,RW01L,30.056472,31.828267,0, ,0.0,0.0,11.0,5.2,1,861,0,0,0,0,3,1
TF,CP715,30.169028,31.863500,0, ,0.0,0.0,0.0,0.0,2,2400,0,0,0,0,0,0
TF,CVO,30.092306,31.388417,1, ,0.0,0.0,0.0,0.0,2,6000,0,0,0,0,0,0
HM,CVO,30.092306,31.388417,2, ,0.0,0.0,48.0,04.3,2,6000,0,0,0,0,0,0,0

