APPTR,R27,27,EXIHO
IF,EXIHO,48.246508,-102.159664, ,0.0,0.0,3,6000,0,0,0,0,1,0
HF,EXIHO,48.246508,-102.159664,2, ,0.0,0.0,278.0,05,2,4300,0,0,0,0,0,0,0

APPTR,R27,27,ISROQ
IF,ISROQ,48.325547,-102.120372, ,0.0,0.0,0,0,0,0,0,0,1,0
TF,EXIHO,48.246508,-102.159664,0, ,0.0,0.0,0.0,0.0,2,4300,0,0,0,0,1,0

APPTR,R27,27,ULMUW
IF,ULMUW,48.167453,-102.198836, ,0.0,0.0,0,0,0,0,0,0,1,0
TF,EXIHO,48.246508,-102.159664,0, ,0.0,0.0,0.0,0.0,2,4300,0,0,0,0,1,0

FINAL,R27,27,R,4
IF,EXIHO,48.246508,-102.159664, ,0.0,0.0,2,4300,0,0,0,0,0,0
TF,OZRAJ,48.272647,-102.278075,0, ,0.0,0.0,278.0,5.0,2,3900,0,0,0,0,2,0
TF,ZEKAV,48.288222,-102.348942,0, ,0.0,0.0,278.0,3.0,2,2940,0,0,0,0,0,0
TF,RW27,48.299133,-102.398739,0, ,0.0,0.0,278.0,2.1,1,2280,0,0,0,0,3,1
CA,0,278.0,2,2620,0,0,0,0,0,0
DF,EWXUR,48.354461,-102.653083,0, ,0.0,0.0,2,5000,0,0,0,0,0,1
HM,EWXUR,48.354461,-102.653083,2, ,0.0,0.0,98.0,05,0,0,0,0,0,0,0,0,0

