APPTR,V18LA,18L,UIM
IF,UIM,32.880481,-95.366892, ,0.0,0.0,3,8000,0,0,0,0,1,0
HF,UIM,32.880481,-95.366892,2, ,0.0,0.0,203.0,04.3,2,2500,0,0,0,0,0,0,0

FINAL,V18LA,18L,D,3
IF,UIM,32.880481,-95.366892,UIM,0.0,0.0,2,2500,0,0,0,0,0,0
CF,WISIX,32.751431,-95.458122,0,UIM,202.9,9.0,203.0,9.0,2,2000,0,0,0,0,2,0
CF,MISBE,32.679972,-95.508506,0,UIM,202.9,14.0,203.0,5.0,1,1080,0,0,0,0,3,0
CA,0,203.0,2,1200,0,0,0,0,0,0
DF,UIM,32.880481,-95.366892,2, ,0.0,0.0,2,2500,0,0,0,0,0,0
HM,UIM,32.880481,-95.366892,2, ,0.0,0.0,203.0,04.3,0,0,0,0,0,0,0,0,0

APPTR,V18RA,18R,UIM
IF,UIM,32.880481,-95.366892, ,0.0,0.0,3,8000,0,0,0,0,1,0
HF,UIM,32.880481,-95.366892,2, ,0.0,0.0,203.0,04.3,2,2500,0,0,0,0,0,0,0

FINAL,V18RA,18R,D,3
IF,UIM,32.880481,-95.366892,UIM,0.0,0.0,2,2500,0,0,0,0,0,0
CF,WISIX,32.751431,-95.458122,0,UIM,202.9,9.0,203.0,9.0,2,2000,0,0,0,0,2,0
CF,MISBE,32.679972,-95.508506,0,UIM,202.9,14.0,203.0,5.0,1,1080,0,0,0,0,3,0
CA,0,203.0,2,1200,0,0,0,0,0,0
DF,UIM,32.880481,-95.366892,2, ,0.0,0.0,2,2500,0,0,0,0,0,0
HM,UIM,32.880481,-95.366892,2, ,0.0,0.0,203.0,04.3,0,0,0,0,0,0,0,0,0

APPTR,V36LA,36L,UIM
IF,UIM,32.880481,-95.366892, ,0.0,0.0,3,8000,0,0,0,0,1,0
HF,UIM,32.880481,-95.366892,2, ,0.0,0.0,203.0,04.3,2,2500,0,0,0,0,0,0,0

FINAL,V36LA,36L,D,3
IF,UIM,32.880481,-95.366892,UIM,0.0,0.0,2,2500,0,0,0,0,0,0
CF,WISIX,32.751431,-95.458122,0,UIM,202.9,9.0,203.0,9.0,2,2000,0,0,0,0,2,0
CF,MISBE,32.679972,-95.508506,0,UIM,202.9,14.0,203.0,5.0,1,1080,0,0,0,0,3,0
CA,0,203.0,2,1200,0,0,0,0,0,0
DF,UIM,32.880481,-95.366892,2, ,0.0,0.0,2,2500,0,0,0,0,0,0
HM,UIM,32.880481,-95.366892,2, ,0.0,0.0,203.0,04.3,0,0,0,0,0,0,0,0,0

APPTR,V36RA,36R,UIM
IF,UIM,32.880481,-95.366892, ,0.0,0.0,3,8000,0,0,0,0,1,0
HF,UIM,32.880481,-95.366892,2, ,0.0,0.0,203.0,04.3,2,2500,0,0,0,0,0,0,0

FINAL,V36RA,36R,D,3
IF,UIM,32.880481,-95.366892,UIM,0.0,0.0,2,2500,0,0,0,0,0,0
CF,WISIX,32.751431,-95.458122,0,UIM,202.9,9.0,203.0,9.0,2,2000,0,0,0,0,2,0
CF,MISBE,32.679972,-95.508506,0,UIM,202.9,14.0,203.0,5.0,1,1080,0,0,0,0,3,0
CA,0,203.0,2,1200,0,0,0,0,0,0
DF,UIM,32.880481,-95.366892,2, ,0.0,0.0,2,2500,0,0,0,0,0,0
HM,UIM,32.880481,-95.366892,2, ,0.0,0.0,203.0,04.3,0,0,0,0,0,0,0,0,0

