APPTR,R02,02,DALTS
HF,DALTS,40.779417,-81.771503,2, ,0.0,0.0,6.0,04,2,3100,0,0,0,0,1,0,0

FINAL,R02,02,R,4
IF,DALTS,40.779417,-81.771503, ,0.0,0.0,2,3100,0,0,0,0,0,0
TF,FOSGO,40.926375,-81.773578,0, ,0.0,0.0,6.0,8.8,2,2600,0,0,0,0,2,0
TF,UCURO,40.943067,-81.769486,0, ,0.0,0.0,18.0,1.0,2,2220,0,0,0,0,0,0
TF,RW02,40.997172,-81.756208,0, ,0.0,0.0,18.0,3.3,1,995,0,0,0,0,3,1
CA,0,18.0,2,1374,0,0,0,0,0,0
DF,DALTS,40.779417,-81.771503,2, ,0.0,0.0,2,3100,0,0,0,0,0,1
HM,DALTS,40.779417,-81.771503,2, ,0.0,0.0,6.0,04,0,0,0,0,0,0,0,0,0

FINAL,R20,20,R,4
IF,WOMGO,41.238889,-81.699681, ,0.0,0.0,2,3000,0,0,0,0,0,0
TF,NEMEE,41.094408,-81.732297,0, ,0.0,0.0,197.0,8.8,2,3000,0,0,0,0,2,0
TF,LEPSE,41.055533,-81.741867,0, ,0.0,0.0,198.0,2.4,2,2120,0,0,0,0,0,0
TF,RW20,41.006347,-81.753956,0, ,0.0,0.0,198.0,3.0,1,1004,0,0,0,0,3,1
CA,0,198.0,2,1374,0,0,0,0,0,0
DF,FOSGO,40.926375,-81.773578,0, ,0.0,0.0,0,0,0,0,0,0,0,0
TF,DALTS,40.779417,-81.771503,0, ,0.0,0.0,0.0,0.0,2,3100,0,0,0,0,0,1
HM,DALTS,40.779417,-81.771503,2, ,0.0,0.0,6.0,04,0,0,0,0,0,0,0,0,0

FINAL,V02-A,02,D,4
IF,DUNDY,41.142094,-81.928617,BSV,321.0,33.0,2,3000,0,0,0,0,0,0
CF,LEBJA,41.069269,-81.837900,0,BSV,321.0,27.0,141.0,6.0,2,2700,0,0,0,0,2,0
CF,CAKYA,41.032831,-81.792617,0,BSV,321.0,24.0,141.0,3.0,2,2500,0,0,0,0,0,0
CF,ZEMIS,41.007008,-81.760575,0,BSV,321.0,21.9,141.0,2.1,1,1980,0,0,0,0,3,1
DF,BSV,40.740706,-81.432117,0, ,0.0,0.0,2,3000,0,0,0,0,0,0
HM,BSV,40.740706,-81.432117,2, ,0.0,0.0,321.0,04.3,0,0,0,0,0,0,0,0,0

FINAL,V10-A,10,D,4
IF,DUNDY,41.142094,-81.928617,BSV,321.0,33.0,2,3000,0,0,0,0,0,0
CF,LEBJA,41.069269,-81.837900,0,BSV,321.0,27.0,141.0,6.0,2,2700,0,0,0,0,2,0
CF,CAKYA,41.032831,-81.792617,0,BSV,321.0,24.0,141.0,3.0,2,2500,0,0,0,0,0,0
CF,ZEMIS,41.007008,-81.760575,0,BSV,321.0,21.9,141.0,2.1,1,1980,0,0,0,0,3,1
DF,BSV,40.740706,-81.432117,0, ,0.0,0.0,2,3000,0,0,0,0,0,0
HM,BSV,40.740706,-81.432117,2, ,0.0,0.0,321.0,04.3,0,0,0,0,0,0,0,0,0

FINAL,V20-A,20,D,4
IF,DUNDY,41.142094,-81.928617,BSV,321.0,33.0,2,3000,0,0,0,0,0,0
CF,LEBJA,41.069269,-81.837900,0,BSV,321.0,27.0,141.0,6.0,2,2700,0,0,0,0,2,0
CF,CAKYA,41.032831,-81.792617,0,BSV,321.0,24.0,141.0,3.0,2,2500,0,0,0,0,0,0
CF,ZEMIS,41.007008,-81.760575,0,BSV,321.0,21.9,141.0,2.1,1,1980,0,0,0,0,3,1
DF,BSV,40.740706,-81.432117,0, ,0.0,0.0,2,3000,0,0,0,0,0,0
HM,BSV,40.740706,-81.432117,2, ,0.0,0.0,321.0,04.3,0,0,0,0,0,0,0,0,0

FINAL,V28-A,28,D,4
IF,DUNDY,41.142094,-81.928617,BSV,321.0,33.0,2,3000,0,0,0,0,0,0
CF,LEBJA,41.069269,-81.837900,0,BSV,321.0,27.0,141.0,6.0,2,2700,0,0,0,0,2,0
CF,CAKYA,41.032831,-81.792617,0,BSV,321.0,24.0,141.0,3.0,2,2500,0,0,0,0,0,0
CF,ZEMIS,41.007008,-81.760575,0,BSV,321.0,21.9,141.0,2.1,1,1980,0,0,0,0,3,1
DF,BSV,40.740706,-81.432117,0, ,0.0,0.0,2,3000,0,0,0,0,0,0
HM,BSV,40.740706,-81.432117,2, ,0.0,0.0,321.0,04.3,0,0,0,0,0,0,0,0,0

