APPTR,R13-A,13,BPI
IF,BPI,42.579447,-110.109214, ,0.0,0.0,0,0,0,0,0,0,0,0
TF,LOWED,42.854825,-110.886981,0, ,0.0,0.0,0.0,0.0,2,13400,0,0,0,0,1,0
TF,HEPUR,42.904761,-111.030397,0, ,0.0,0.0,0.0,0.0,2,12100,0,0,0,0,1,0

APPTR,R13-A,13,WIDIM
IF,WIDIM,42.786461,-111.754817, ,0.0,0.0,0,0,0,0,0,0,0,0
TF,MULTE,42.887000,-111.141164,0, ,0.0,0.0,0.0,0.0,2,12100,0,0,0,0,1,0
TF,HEPUR,42.904761,-111.030397,0, ,0.0,0.0,0.0,0.0,2,12100,0,0,0,0,1,0

APPTR,R13-A,13,ZARKI
IF,ZARKI,43.941856,-111.122961, ,0.0,0.0,0,0,0,0,0,0,0,0
TF,HIROB,43.397431,-111.268203,0, ,0.0,0.0,0.0,0.0,2,12100,0,0,0,0,0,0
TF,HEPUR,42.904761,-111.030397,0, ,0.0,0.0,0.0,0.0,2,12100,0,0,0,0,0,1
HF,HEPUR,42.904761,-111.030397,1, ,0.0,0.0,348.0,06,2,11400,0,0,0,0,1,0,0

FINAL,R13-A,13,R,3
IF,HEPUR,42.904761,-111.030397, ,0.0,0.0,2,12100,0,0,0,0,0,0
TF,FIVIP,43.038097,-111.034289,0, ,0.0,0.0,348.0,8.0,2,9000,0,0,0,0,2,0
TF,CEPDO,43.148469,-111.036939,0, ,0.0,0.0,348.0,6.6,1,8420,0,0,0,0,3,1
CA,0,348.0,2,8420,0,0,0,0,0,0
DF,RABKE,43.273339,-111.327672,0, ,0.0,0.0,2,11500,0,0,0,0,0,1
HM,RABKE,43.273339,-111.327672,1, ,0.0,0.0,284.0,06,0,0,0,0,0,0,0,0,0

APPTR,R31-A,31,BPI
IF,BPI,42.579447,-110.109214, ,0.0,0.0,0,0,0,0,0,0,0,0
TF,LOWED,42.854825,-110.886981,0, ,0.0,0.0,0.0,0.0,2,13400,0,0,0,0,1,0
TF,HEPUR,42.904761,-111.030397,0, ,0.0,0.0,0.0,0.0,2,12100,0,0,0,0,1,0

APPTR,R31-A,31,WIDIM
IF,WIDIM,42.786461,-111.754817, ,0.0,0.0,0,0,0,0,0,0,0,0
TF,MULTE,42.887000,-111.141164,0, ,0.0,0.0,0.0,0.0,2,12100,0,0,0,0,1,0
TF,HEPUR,42.904761,-111.030397,0, ,0.0,0.0,0.0,0.0,2,12100,0,0,0,0,1,0

APPTR,R31-A,31,ZARKI
IF,ZARKI,43.941856,-111.122961, ,0.0,0.0,0,0,0,0,0,0,0,0
TF,HIROB,43.397431,-111.268203,0, ,0.0,0.0,0.0,0.0,2,12100,0,0,0,0,0,0
TF,HEPUR,42.904761,-111.030397,0, ,0.0,0.0,0.0,0.0,2,12100,0,0,0,0,0,1
HF,HEPUR,42.904761,-111.030397,1, ,0.0,0.0,348.0,06,2,11400,0,0,0,0,1,0,0

FINAL,R31-A,31,R,3
IF,HEPUR,42.904761,-111.030397, ,0.0,0.0,2,12100,0,0,0,0,0,0
TF,FIVIP,43.038097,-111.034289,0, ,0.0,0.0,348.0,8.0,2,9000,0,0,0,0,2,0
TF,CEPDO,43.148469,-111.036939,0, ,0.0,0.0,348.0,6.6,1,8420,0,0,0,0,3,1
CA,0,348.0,2,8420,0,0,0,0,0,0
DF,RABKE,43.273339,-111.327672,0, ,0.0,0.0,2,11500,0,0,0,0,0,1
HM,RABKE,43.273339,-111.327672,1, ,0.0,0.0,284.0,06,0,0,0,0,0,0,0,0,0

