APPTR,R10,10,ODELE
HF,ODELE,43.155561,-85.488369,2, ,0.0,0.0,99.0,04,2,3000,0,0,0,0,1,0,0

APPTR,R10,10,RATLE
IF,RATLE,43.270081,-85.476339, ,0.0,0.0,0,0,0,0,0,0,1,0
TF,ODELE,43.155561,-85.488369,0, ,0.0,0.0,0.0,0.0,2,3000,0,0,0,0,1,0

APPTR,R10,10,VIO
IF,VIO,42.786717,-85.497072, ,0.0,0.0,0,0,0,0,0,0,0,0
TF,SABOE,43.041039,-85.500356,0, ,0.0,0.0,0.0,0.0,2,3000,0,0,0,0,1,0
TF,ODELE,43.155561,-85.488369,0, ,0.0,0.0,0.0,0.0,2,3000,0,0,0,0,1,0

FINAL,R10,10,R,4
IF,ODELE,43.155561,-85.488369, ,0.0,0.0,2,3000,0,0,0,0,0,0
TF,DURDE,43.148247,-85.359414,0, ,0.0,0.0,99.0,5.7,2,2500,0,0,0,0,2,0
TF,JOVQU,43.144450,-85.293461,0, ,0.0,0.0,99.0,2.9,2,1420,0,0,0,0,0,0
TF,RW10,43.142589,-85.261378,0, ,0.0,0.0,99.0,1.4,1,895,0,0,0,0,3,1
CA,0,99.0,2,1255,0,0,0,0,0,0
DF,DOTIZ,43.128228,-85.018814,0, ,0.0,0.0,2,3000,0,0,0,0,0,1
HM,DOTIZ,43.128228,-85.018814,2, ,0.0,0.0,280.0,04,0,0,0,0,0,0,0,0,0

APPTR,R28,28,DOTIZ
HF,DOTIZ,43.128228,-85.018814,2, ,0.0,0.0,280.0,04,2,3000,0,0,0,0,1,0,0

APPTR,R28,28,VANNY
IF,VANNY,43.363194,-85.014939, ,0.0,0.0,0,0,0,0,0,0,0,0
TF,FOWFY,43.242647,-85.005094,0, ,0.0,0.0,0.0,0.0,2,3000,0,0,0,0,1,0
TF,DOTIZ,43.128228,-85.018814,0, ,0.0,0.0,0.0,0.0,2,3000,0,0,0,0,1,0

APPTR,R28,28,VIO
IF,VIO,42.786717,-85.497072, ,0.0,0.0,0,0,0,0,0,0,0,0
TF,ENEGY,43.013756,-85.031667,0, ,0.0,0.0,0.0,0.0,2,3000,0,0,0,0,1,0
TF,DOTIZ,43.128228,-85.018814,0, ,0.0,0.0,0.0,0.0,2,3000,0,0,0,0,1,0

FINAL,R28,28,R,4
IF,DOTIZ,43.128228,-85.018814, ,0.0,0.0,2,3000,0,0,0,0,0,0
TF,CECOF,43.135264,-85.136514,0, ,0.0,0.0,280.0,5.2,2,2400,0,0,0,0,2,0
TF,DOVTE,43.139461,-85.207761,0, ,0.0,0.0,280.0,3.1,2,1400,0,0,0,0,0,0
TF,RW28,43.141678,-85.245692,0, ,0.0,0.0,280.0,1.7,1,868,0,0,0,0,3,1
CA,0,280.0,2,1255,0,0,0,0,0,0
DF,ODELE,43.155561,-85.488369,0, ,0.0,0.0,2,3000,0,0,0,0,0,1
HM,ODELE,43.155561,-85.488369,2, ,0.0,0.0,99.0,04,0,0,0,0,0,0,0,0,0

APPTR,V10-A,10,VIO
IF,VIO,42.786717,-85.497072, ,0.0,0.0,0,0,0,0,0,0,1,0
TF,NESTR,42.950600,-85.385169,0, ,0.0,0.0,0.0,0.0,2,3000,0,0,0,0,1,0

FINAL,V10-A,10,D,3
IF,NESTR,42.950600,-85.385169,VIO,30.6,11.0,2,3000,0,0,0,0,0,0
CF,DENOC,43.069708,-85.303419,0,VIO,30.6,19.0,31.0,8.0,2,2500,0,0,0,0,2,0
CF,ODJIC,43.140258,-85.254828,0,VIO,30.6,23.7,31.0,4.7,1,1680,0,0,0,0,3,0
CA,0,31.0,2,1680,0,0,0,0,0,0
CF,NESTR,42.950600,-85.385169,2,VIO,30.6,11.0,211.0,14.0,2,3000,0,0,0,0,0,0
HM,NESTR,42.950600,-85.385169,2, ,0.0,0.0,31.0,04.3,0,0,0,0,0,0,0,0,0

APPTR,V18-A,18,VIO
IF,VIO,42.786717,-85.497072, ,0.0,0.0,0,0,0,0,0,0,1,0
TF,NESTR,42.950600,-85.385169,0, ,0.0,0.0,0.0,0.0,2,3000,0,0,0,0,1,0

FINAL,V18-A,18,D,3
IF,NESTR,42.950600,-85.385169,VIO,30.6,11.0,2,3000,0,0,0,0,0,0
CF,DENOC,43.069708,-85.303419,0,VIO,30.6,19.0,31.0,8.0,2,2500,0,0,0,0,2,0
CF,ODJIC,43.140258,-85.254828,0,VIO,30.6,23.7,31.0,4.7,1,1680,0,0,0,0,3,0
CA,0,31.0,2,1680,0,0,0,0,0,0
CF,NESTR,42.950600,-85.385169,2,VIO,30.6,11.0,211.0,14.0,2,3000,0,0,0,0,0,0
HM,NESTR,42.950600,-85.385169,2, ,0.0,0.0,31.0,04.3,0,0,0,0,0,0,0,0,0

APPTR,V28-A,28,VIO
IF,VIO,42.786717,-85.497072, ,0.0,0.0,0,0,0,0,0,0,1,0
TF,NESTR,42.950600,-85.385169,0, ,0.0,0.0,0.0,0.0,2,3000,0,0,0,0,1,0

FINAL,V28-A,28,D,3
IF,NESTR,42.950600,-85.385169,VIO,30.6,11.0,2,3000,0,0,0,0,0,0
CF,DENOC,43.069708,-85.303419,0,VIO,30.6,19.0,31.0,8.0,2,2500,0,0,0,0,2,0
CF,ODJIC,43.140258,-85.254828,0,VIO,30.6,23.7,31.0,4.7,1,1680,0,0,0,0,3,0
CA,0,31.0,2,1680,0,0,0,0,0,0
CF,NESTR,42.950600,-85.385169,2,VIO,30.6,11.0,211.0,14.0,2,3000,0,0,0,0,0,0
HM,NESTR,42.950600,-85.385169,2, ,0.0,0.0,31.0,04.3,0,0,0,0,0,0,0,0,0

APPTR,V36-A,36,VIO
IF,VIO,42.786717,-85.497072, ,0.0,0.0,0,0,0,0,0,0,1,0
TF,NESTR,42.950600,-85.385169,0, ,0.0,0.0,0.0,0.0,2,3000,0,0,0,0,1,0

FINAL,V36-A,36,D,3
IF,NESTR,42.950600,-85.385169,VIO,30.6,11.0,2,3000,0,0,0,0,0,0
CF,DENOC,43.069708,-85.303419,0,VIO,30.6,19.0,31.0,8.0,2,2500,0,0,0,0,2,0
CF,ODJIC,43.140258,-85.254828,0,VIO,30.6,23.7,31.0,4.7,1,1680,0,0,0,0,3,0
CA,0,31.0,2,1680,0,0,0,0,0,0
CF,NESTR,42.950600,-85.385169,2,VIO,30.6,11.0,211.0,14.0,2,3000,0,0,0,0,0,0
HM,NESTR,42.950600,-85.385169,2, ,0.0,0.0,31.0,04.3,0,0,0,0,0,0,0,0,0

