APPTR,R18,18,CATCS
IF,CATCS,31.157908,-92.344292, ,0.0,0.0,0,0,0,0,0,0,0,0
TF,AMWIX,30.948756,-92.589736,0, ,0.0,0.0,0.0,0.0,2,2800,0,0,0,0,1,0
TF,OPMEE,30.949461,-92.686639,0, ,0.0,0.0,0.0,0.0,2,2200,0,0,0,0,1,0

APPTR,R18,18,OPMEE
HF,OPMEE,30.949461,-92.686639,2, ,0.0,0.0,177.0,04,2,2200,0,0,0,0,1,0,0

APPTR,R18,18,SUGGA
IF,SUGGA,30.842700,-93.112061, ,0.0,0.0,0,0,0,0,0,0,0,0
TF,CIDIK,30.950094,-92.783544,0, ,0.0,0.0,0.0,0.0,2,2200,0,0,0,0,1,0
TF,OPMEE,30.949461,-92.686639,0, ,0.0,0.0,0.0,0.0,2,2200,0,0,0,0,1,0

FINAL,R18,18,R,4
IF,OPMEE,30.949461,-92.686639, ,0.0,0.0,2,2200,0,0,0,0,0,0
TF,JIKLO,30.847717,-92.687586,0, ,0.0,0.0,177.0,6.1,2,1900,0,0,0,0,2,0
TF,FOSUX,30.802467,-92.688008,0, ,0.0,0.0,177.0,2.7,2,920,0,0,0,0,0,0
TF,RW18,30.757381,-92.688428,0, ,0.0,0.0,177.0,2.7,1,152,0,0,0,0,3,1
DF,ONICE,30.551197,-92.690342,0, ,0.0,0.0,2,2000,0,0,0,0,0,0
HM,ONICE,30.551197,-92.690342,2, ,0.0,0.0,357.0,04,0,0,0,0,0,0,0,0,0

APPTR,R36,36,HATHA
IF,HATHA,30.311642,-92.702619, ,0.0,0.0,0,0,0,0,0,0,1,0
TF,ONICE,30.551197,-92.690342,0, ,0.0,0.0,0.0,0.0,2,2000,0,0,0,0,1,0

APPTR,R36,36,MAXON
IF,MAXON,30.399786,-92.491994, ,0.0,0.0,0,0,0,0,0,0,0,0
TF,POSCI,30.550492,-92.593836,0, ,0.0,0.0,0.0,0.0,2,2000,0,0,0,0,1,0
TF,ONICE,30.551197,-92.690342,0, ,0.0,0.0,0.0,0.0,2,2000,0,0,0,0,1,0

APPTR,R36,36,ONICE
HF,ONICE,30.551197,-92.690342,2, ,0.0,0.0,357.0,04,2,2000,0,0,0,0,1,0,0

FINAL,R36,36,R,3
IF,ONICE,30.551197,-92.690342, ,0.0,0.0,2,2000,0,0,0,0,0,0
TF,KAKKE,30.653603,-92.689392,0, ,0.0,0.0,357.0,6.1,2,1900,0,0,0,0,2,0
TF,RW36,30.743636,-92.688556,0, ,0.0,0.0,357.0,5.4,1,158,0,0,0,0,3,1
DF,OPMEE,30.949461,-92.686639,0, ,0.0,0.0,2,2200,0,0,0,0,0,1
HM,OPMEE,30.949461,-92.686639,2, ,0.0,0.0,177.0,04,0,0,0,0,0,0,0,0,0

