APPTR,B30,30,ALO
IF,ALO,42.556497,-92.398925, ,0.0,0.0,0,0,0,0,0,0,0,0
TF,KUCTE,42.435247,-92.184578,0, ,0.0,0.0,0.0,0.0,2,3400,0,0,0,0,0,0
HF,KUCTE,42.435247,-92.184578,2, ,0.0,0.0,308.0,04.3,2,3400,0,0,0,0,1,0,0

APPTR,B30,30,CID
IF,CID,41.887544,-91.785747, ,0.0,0.0,0,0,0,0,0,0,1,0
TF,KUCTE,42.435247,-92.184578,0,IALO,0.0,0.0,0.0,0.0,2,3400,0,0,0,0,1,0

FINAL,B30,30,D,4
IF,KUCTE,42.435247,-92.184578,IALO,127.8,11.1,2,3400,0,0,0,0,0,0
CF,IVOCE,42.501150,-92.298931,0,IALO,127.8,4.6,308.0,6.4,2,2500,0,0,0,0,2,0
CF,JEGIM,42.532494,-92.353472,0,IALO,127.8,1.6,308.0,3.1,2,1520,0,0,0,0,0,0
CF,WOLOP,42.543431,-92.372528,0,IALO,127.8,0.5,308.0,1.1,1,1184,0,0,0,0,3,0
CA,0,308.0,2,1280,0,0,0,0,0,0
CF,SEATS,42.694408,-92.634689,0,ALO,308.5,13.3,308.0,14.0,2,3500,0,0,0,0,0,0
HM,SEATS,42.694408,-92.634689,1, ,0.0,0.0,128.0,04.3,0,0,0,0,0,0,0,0,0

APPTR,I12,12,ALO
IF,ALO,42.556497,-92.398925, ,0.0,0.0,0,0,0,0,0,0,0,0
TF,EYUCE,42.691250,-92.631311,0, ,0.0,0.0,0.0,0.0,2,3400,0,0,0,0,0,0
HF,EYUCE,42.691250,-92.631311,2, ,0.0,0.0,128.0,04.3,2,3400,0,0,0,0,1,0,0

APPTR,I12,12,MCW
IF,MCW,43.094758,-93.329872, ,0.0,0.0,0,0,0,0,0,0,1,0
TF,EYUCE,42.691250,-92.631311,0, ,0.0,0.0,0.0,0.0,2,3400,0,0,0,0,1,0

FINAL,I12,12,I,3
IF,EYUCE,42.691250,-92.631311,IALO,307.8,14.0,2,3400,0,0,0,0,0,0
CF,CULCA,42.626039,-92.516858,0,IALO,307.8,7.6,128.0,6.4,1,2800,0,0,0,0,2,0
CF,RW12,42.566036,-92.411947,0,IALO,307.8,1.7,128.0,5.9,1,928,0,0,0,0,3,0
CA,0,128.0,2,1400,0,0,0,0,0,0
CF,DEWAR,42.535969,-92.158017,0,ALO,96.5,10.8,96.0,10.0,2,3300,0,0,0,0,0,0
HM,DEWAR,42.535969,-92.158017,2, ,0.0,0.0,276.0,04.3,0,0,0,0,0,0,0,0,0

APPTR,R06,06,HOBPU
IF,HOBPU,42.476033,-92.653611, ,0.0,0.0,3,6000,0,0,0,0,1,0
HF,HOBPU,42.476033,-92.653611,2, ,0.0,0.0,68.0,04,2,3000,0,0,0,0,0,0,0

APPTR,R06,06,IQYEL
IF,IQYEL,42.583928,-92.713756, ,0.0,0.0,0,0,0,0,0,0,1,0
TF,HOBPU,42.476033,-92.653611,0, ,0.0,0.0,0.0,0.0,2,3000,0,0,0,0,1,0

APPTR,R06,06,JIQKU
IF,JIQKU,42.368106,-92.593672, ,0.0,0.0,0,0,0,0,0,0,1,0
TF,HOBPU,42.476033,-92.653611,0, ,0.0,0.0,0.0,0.0,2,3000,0,0,0,0,1,0

FINAL,R06,06,R,4
IF,HOBPU,42.476033,-92.653611, ,0.0,0.0,2,3000,0,0,0,0,0,0
TF,FEMHA,42.517233,-92.518133,0, ,0.0,0.0,68.0,6.5,2,2600,0,0,0,0,2,0
TF,EVXOC,42.538022,-92.449506,0, ,0.0,0.0,68.0,3.3,2,1540,0,0,0,0,0,0
TF,RW06,42.550639,-92.407767,0, ,0.0,0.0,68.0,2.0,1,917,0,0,0,0,3,1
CA,0,68.0,2,2000,0,0,0,0,0,0
DF,HOBPU,42.476033,-92.653611,1, ,0.0,0.0,2,3000,0,0,0,0,0,1
HM,HOBPU,42.476033,-92.653611,2, ,0.0,0.0,68.0,04,0,0,0,0,0,0,0,0,0

APPTR,R12,12,EYUCE
IF,EYUCE,42.691250,-92.631311, ,0.0,0.0,3,6000,0,0,0,0,1,0
HF,EYUCE,42.691250,-92.631311,2, ,0.0,0.0,128.0,04,2,3400,0,0,0,0,0,0,0

APPTR,R12,12,GEYEB
IF,GEYEB,42.783719,-92.534731, ,0.0,0.0,0,0,0,0,0,0,1,0
TF,EYUCE,42.691250,-92.631311,0, ,0.0,0.0,0.0,0.0,2,3400,0,0,0,0,1,0

APPTR,R12,12,HOXUR
IF,HOXUR,42.598781,-92.727753, ,0.0,0.0,0,0,0,0,0,0,1,0
TF,EYUCE,42.691250,-92.631311,0, ,0.0,0.0,0.0,0.0,2,3400,0,0,0,0,1,0

FINAL,R12,12,R,4
IF,EYUCE,42.691250,-92.631311, ,0.0,0.0,2,3400,0,0,0,0,0,0
TF,CULCA,42.626039,-92.516858,0, ,0.0,0.0,128.0,6.4,2,2800,0,0,0,0,2,0
TF,WONDU,42.584417,-92.444044,0, ,0.0,0.0,128.0,4.1,2,1500,0,0,0,0,0,0
TF,RW12,42.566036,-92.411947,0, ,0.0,0.0,128.0,1.8,1,928,0,0,0,0,3,1
CA,0,128.0,2,1073,0,0,0,0,0,0
DF,KUCTE,42.435247,-92.184578,0, ,0.0,0.0,2,3400,0,0,0,0,0,1
HM,KUCTE,42.435247,-92.184578,2, ,0.0,0.0,308.0,05,0,0,0,0,0,0,0,0,0

APPTR,R18,18,QOGQU
IF,QOGQU,42.759011,-92.365656, ,0.0,0.0,3,6000,0,0,0,0,1,0
HF,QOGQU,42.759011,-92.365656,2, ,0.0,0.0,188.0,04,2,3200,0,0,0,0,0,0,0

APPTR,R18,18,UJBAZ
IF,UJBAZ,42.743058,-92.208792, ,0.0,0.0,0,0,0,0,0,0,1,0
TF,QOGQU,42.759011,-92.365656,0, ,0.0,0.0,0.0,0.0,2,3200,0,0,0,0,1,0

APPTR,R18,18,XAXWI
IF,XAXWI,42.774750,-92.522597, ,0.0,0.0,0,0,0,0,0,0,1,0
TF,QOGQU,42.759011,-92.365656,0, ,0.0,0.0,0.0,0.0,2,3200,0,0,0,0,1,0

FINAL,R18,18,R,4
IF,QOGQU,42.759011,-92.365656, ,0.0,0.0,2,3200,0,0,0,0,0,0
TF,EWGUF,42.653369,-92.385269,0, ,0.0,0.0,188.0,6.4,2,2600,0,0,0,0,2,0
TF,WURAN,42.598908,-92.395356,0, ,0.0,0.0,188.0,3.3,2,1540,0,0,0,0,0,0
TF,RW18,42.565872,-92.401464,0, ,0.0,0.0,188.0,2.0,1,913,0,0,0,0,3,1
CA,0,188.0,2,2000,0,0,0,0,0,0
DF,QOGQU,42.759011,-92.365656,2, ,0.0,0.0,2,3200,0,0,0,0,0,1
HM,QOGQU,42.759011,-92.365656,2, ,0.0,0.0,188.0,04,0,0,0,0,0,0,0,0,0

APPTR,R24,24,IMDIW
IF,IMDIW,42.518094,-92.036739, ,0.0,0.0,0,0,0,0,0,0,1,0
TF,NEHWY,42.641764,-92.104331,0, ,0.0,0.0,0.0,0.0,2,4000,0,0,0,0,1,0

APPTR,R24,24,NEHWY
IF,NEHWY,42.641764,-92.104331, ,0.0,0.0,3,6000,0,0,0,0,1,0
HF,NEHWY,42.641764,-92.104331,2, ,0.0,0.0,248.0,04,2,4000,0,0,0,0,0,0,0

APPTR,R24,24,OKSEJ
IF,OKSEJ,42.765392,-92.172189, ,0.0,0.0,0,0,0,0,0,0,1,0
TF,NEHWY,42.641764,-92.104331,0, ,0.0,0.0,0.0,0.0,2,4000,0,0,0,0,1,0

FINAL,R24,24,R,4
IF,NEHWY,42.641764,-92.104331, ,0.0,0.0,2,4000,0,0,0,0,0,0
TF,EVMOQ,42.591642,-92.271675,0, ,0.0,0.0,248.0,8.0,2,2700,0,0,0,0,2,0
TF,OGPOE,42.568839,-92.347450,0, ,0.0,0.0,248.0,3.6,2,1540,0,0,0,0,0,0
TF,RW24,42.556242,-92.389214,0, ,0.0,0.0,248.0,2.0,1,908,0,0,0,0,3,1
CA,0,248.0,2,2000,0,0,0,0,0,0
DF,NEHWY,42.641764,-92.104331,2, ,0.0,0.0,2,4000,0,0,0,0,0,1
HM,NEHWY,42.641764,-92.104331,2, ,0.0,0.0,248.0,04,0,0,0,0,0,0,0,0,0

APPTR,R30,30,KUCTE
IF,KUCTE,42.435247,-92.184578, ,0.0,0.0,3,6000,0,0,0,0,1,0
HF,KUCTE,42.435247,-92.184578,2, ,0.0,0.0,308.0,05,2,3400,0,0,0,0,0,0,0

APPTR,R30,30,LALIY
IF,LALIY,42.527250,-92.087572, ,0.0,0.0,0,0,0,0,0,0,1,0
TF,KUCTE,42.435247,-92.184578,0, ,0.0,0.0,0.0,0.0,2,3400,0,0,0,0,1,0

APPTR,R30,30,NICIK
IF,NICIK,42.343161,-92.281297, ,0.0,0.0,0,0,0,0,0,0,1,0
TF,KUCTE,42.435247,-92.184578,0, ,0.0,0.0,0.0,0.0,2,3400,0,0,0,0,1,0

FINAL,R30,30,R,4
IF,KUCTE,42.435247,-92.184578, ,0.0,0.0,2,3400,0,0,0,0,0,0
TF,IVOCE,42.501150,-92.298931,0, ,0.0,0.0,308.0,6.4,2,2500,0,0,0,0,2,0
TF,JEGIM,42.532494,-92.353472,0, ,0.0,0.0,308.0,3.1,2,1520,0,0,0,0,0,0
TF,RW30,42.551914,-92.387314,0, ,0.0,0.0,308.0,1.9,1,919,0,0,0,0,3,1
CA,0,308.0,2,1068,0,0,0,0,0,0
DF,EYUCE,42.691250,-92.631311,0, ,0.0,0.0,2,3400,0,0,0,0,0,1
HM,EYUCE,42.691250,-92.631311,2, ,0.0,0.0,128.0,04,0,0,0,0,0,0,0,0,0

APPTR,R36,36,QOPEV
IF,QOPEV,42.324442,-92.445928, ,0.0,0.0,3,6000,0,0,0,0,1,0
HF,QOPEV,42.324442,-92.445928,2, ,0.0,0.0,8.0,04,2,4000,0,0,0,0,0,0,0

APPTR,R36,36,UDLAQ
IF,UDLAQ,42.306311,-92.267878, ,0.0,0.0,0,0,0,0,0,0,1,0
TF,QOPEV,42.324442,-92.445928,0, ,0.0,0.0,0.0,0.0,2,4000,0,0,0,0,1,0

APPTR,R36,36,WOGEJ
IF,WOGEJ,42.342294,-92.624078, ,0.0,0.0,0,0,0,0,0,0,1,0
TF,QOPEV,42.324442,-92.445928,0, ,0.0,0.0,0.0,0.0,2,4000,0,0,0,0,1,0

FINAL,R36,36,R,4
IF,QOPEV,42.324442,-92.445928, ,0.0,0.0,2,4000,0,0,0,0,0,0
TF,OGJAJ,42.456600,-92.421631,0, ,0.0,0.0,8.0,8.0,2,2700,0,0,0,0,2,0
TF,JOKOL,42.519819,-92.409972,0, ,0.0,0.0,8.0,3.8,2,1480,0,0,0,0,0,0
TF,RW36,42.549553,-92.404481,0, ,0.0,0.0,8.0,1.8,1,908,0,0,0,0,3,1
CA,0,8.0,2,2000,0,0,0,0,0,0
DF,QOPEV,42.324442,-92.445928,1, ,0.0,0.0,2,4000,0,0,0,0,0,1
HM,QOPEV,42.324442,-92.445928,2, ,0.0,0.0,8.0,04,0,0,0,0,0,0,0,0,0

APPTR,S06,06,ALO
PI,ALO,42.556497,-92.398925,2,ALO,193.0,10.0,238,5.0,2,2600,0,0,0,0,1,0
CF,FF06,42.506186,-92.507625,0,ALO,238.0,5.7,58.0,4.3,2,2600,0,0,0,0,0,0

FINAL,S06,06,D,2
IF,FF06,42.506186,-92.507625,ALO,238.0,5.7,2,2600,0,0,0,0,2,0
CF,RW06,42.550639,-92.407767,0,ALO,228.2,0.5,58.0,5.2,1,917,0,0,0,0,3,0
CF,ALO,42.556497,-92.398925,0,ALO,0.0,0.0,58.0,0.5,0,0,0,0,0,0,0,1
CF,DEWAR,42.535969,-92.158017,0,ALO,96.5,10.8,96.0,11.0,2,3300,0,0,0,0,0,0
HM,DEWAR,42.535969,-92.158017,2, ,0.0,0.0,276.0,04.3,0,0,0,0,0,0,0,0,0

APPTR,S12,12,ALO
PI,ALO,42.556497,-92.398925,2,ALO,268.0,10.0,313,5.0,2,2800,0,0,0,0,1,0
CF,FF12,42.632522,-92.509414,0,ALO,313.0,6.7,133.0,3.3,2,2800,0,0,0,0,0,0

FINAL,S12,12,D,2
IF,FF12,42.632522,-92.509414,ALO,313.0,6.7,2,2800,0,0,0,0,2,0
CF,RW12,42.566036,-92.411947,0,ALO,314.7,0.8,133.0,5.9,1,928,0,0,0,0,3,0
CF,ALO,42.556497,-92.398925,0,ALO,0.0,0.0,133.0,0.8,0,0,0,0,0,0,0,1
CF,DEWAR,42.535969,-92.158017,0,ALO,96.5,10.8,96.0,11.0,2,3300,0,0,0,0,0,0
HM,DEWAR,42.535969,-92.158017,2, ,0.0,0.0,276.0,04.3,0,0,0,0,0,0,0,0,0

APPTR,S18,18,ALO
PI,ALO,42.556497,-92.398925,2,ALO,311.0,10.0,356,5.0,2,2600,0,0,0,0,1,0
CF,FF18,42.654058,-92.408164,0,ALO,356.0,5.9,176.0,4.1,2,2600,0,0,0,0,0,0

FINAL,S18,18,D,2
IF,FF18,42.654058,-92.408164,ALO,356.0,5.9,2,2600,0,0,0,0,2,0
CF,RW18,42.565872,-92.401464,0,ALO,348.7,0.6,176.0,5.3,1,913,0,0,0,0,3,0
CF,ALO,42.556497,-92.398925,0,ALO,0.0,0.0,176.0,0.6,0,0,0,0,0,0,0,1
CF,NEVIS,42.405772,-92.539133,0,ALO,214.6,11.0,215.0,11.0,2,2800,0,0,0,0,0,0
HM,NEVIS,42.405772,-92.539133,2, ,0.0,0.0,35.0,04.3,0,0,0,0,0,0,0,0,0

APPTR,S24,24,ALO
PI,ALO,42.556497,-92.398925,2,ALO,34.0,10.0,079,5.0,2,2600,0,0,0,0,1,0
CF,FF24,42.574661,-92.271989,0,ALO,79.0,5.7,259.0,4.3,2,2600,0,0,0,0,0,0

FINAL,S24,24,D,3
IF,FF24,42.574661,-92.271989,ALO,79.0,5.7,2,2600,0,0,0,0,2,0
CF,JEKEM,42.564086,-92.345669,0,ALO,79.1,2.4,259.0,3.3,2,1540,0,0,0,0,0,0
CF,RW24,42.556242,-92.389214,0,ALO,92.0,0.4,259.0,2.0,1,908,0,0,0,0,3,0
CF,ALO,42.556497,-92.398925,0,ALO,0.0,0.0,259.0,0.4,0,0,0,0,0,0,0,1
CA,0,259.0,2,1500,0,0,0,0,0,0
CF,NEVIS,42.405772,-92.539133,0,ALO,214.6,11.0,215.0,11.0,2,2800,0,0,0,0,0,0
HM,NEVIS,42.405772,-92.539133,2, ,0.0,0.0,35.0,04.3,0,0,0,0,0,0,0,0,0

