APPTR,D04-A,04,KOYXE
IF,KOYXE,37.052744,-95.268139, ,0.0,0.0,0,0,0,0,0,0,1,0
AF,HETOV,37.133636,-95.346475,2,OSW,250.3,7.0,198.0,2,2500,0,0,0,0,1,0

APPTR,D04-A,04,KUBKY
IF,KUBKY,37.254942,-95.284192, ,0.0,0.0,0,0,0,0,0,0,1,0
AF,HETOV,37.133636,-95.346475,1,OSW,250.3,7.0,319.0,2,2500,0,0,0,0,1,0

APPTR,D04-A,04,OSW
IF,OSW,37.157511,-95.203633, ,0.0,0.0,0,0,0,0,0,0,1,0
TF,HETOV,37.133636,-95.346475,0, ,0.0,0.0,0.0,0.0,2,2500,0,0,0,0,1,0

FINAL,D04-A,04,D,3
IF,HETOV,37.133636,-95.346475,OSW,250.3,7.0,2,2500,0,0,0,0,0,0
CF,JAVAN,37.113036,-95.468842,0,OSW,250.3,13.0,250.0,6.0,2,2500,0,0,0,0,2,0
CF,MAHIJ,37.095506,-95.572333,0,OSW,250.3,18.1,250.0,5.1,1,1320,0,0,0,0,3,0
CA,0,250.0,2,2000,0,0,0,0,0,0
CF,JAVAN,37.113036,-95.468842,2,OSW,250.3,13.0,70.0,7.1,2,2500,0,0,0,0,0,0
HM,JAVAN,37.113036,-95.468842,2, ,0.0,0.0,250.0,04.3,0,0,0,0,0,0,0,0,0

APPTR,D17-A,17,KOYXE
IF,KOYXE,37.052744,-95.268139, ,0.0,0.0,0,0,0,0,0,0,1,0
AF,HETOV,37.133636,-95.346475,2,OSW,250.3,7.0,198.0,2,2500,0,0,0,0,1,0

APPTR,D17-A,17,KUBKY
IF,KUBKY,37.254942,-95.284192, ,0.0,0.0,0,0,0,0,0,0,1,0
AF,HETOV,37.133636,-95.346475,1,OSW,250.3,7.0,319.0,2,2500,0,0,0,0,1,0

APPTR,D17-A,17,OSW
IF,OSW,37.157511,-95.203633, ,0.0,0.0,0,0,0,0,0,0,1,0
TF,HETOV,37.133636,-95.346475,0, ,0.0,0.0,0.0,0.0,2,2500,0,0,0,0,1,0

FINAL,D17-A,17,D,3
IF,HETOV,37.133636,-95.346475,OSW,250.3,7.0,2,2500,0,0,0,0,0,0
CF,JAVAN,37.113036,-95.468842,0,OSW,250.3,13.0,250.0,6.0,2,2500,0,0,0,0,2,0
CF,MAHIJ,37.095506,-95.572333,0,OSW,250.3,18.1,250.0,5.1,1,1320,0,0,0,0,3,0
CA,0,250.0,2,2000,0,0,0,0,0,0
CF,JAVAN,37.113036,-95.468842,2,OSW,250.3,13.0,70.0,7.1,2,2500,0,0,0,0,0,0
HM,JAVAN,37.113036,-95.468842,2, ,0.0,0.0,250.0,04.3,0,0,0,0,0,0,0,0,0

APPTR,D22-A,22,KOYXE
IF,KOYXE,37.052744,-95.268139, ,0.0,0.0,0,0,0,0,0,0,1,0
AF,HETOV,37.133636,-95.346475,2,OSW,250.3,7.0,198.0,2,2500,0,0,0,0,1,0

APPTR,D22-A,22,KUBKY
IF,KUBKY,37.254942,-95.284192, ,0.0,0.0,0,0,0,0,0,0,1,0
AF,HETOV,37.133636,-95.346475,1,OSW,250.3,7.0,319.0,2,2500,0,0,0,0,1,0

APPTR,D22-A,22,OSW
IF,OSW,37.157511,-95.203633, ,0.0,0.0,0,0,0,0,0,0,1,0
TF,HETOV,37.133636,-95.346475,0, ,0.0,0.0,0.0,0.0,2,2500,0,0,0,0,1,0

FINAL,D22-A,22,D,3
IF,HETOV,37.133636,-95.346475,OSW,250.3,7.0,2,2500,0,0,0,0,0,0
CF,JAVAN,37.113036,-95.468842,0,OSW,250.3,13.0,250.0,6.0,2,2500,0,0,0,0,2,0
CF,MAHIJ,37.095506,-95.572333,0,OSW,250.3,18.1,250.0,5.1,1,1320,0,0,0,0,3,0
CA,0,250.0,2,2000,0,0,0,0,0,0
CF,JAVAN,37.113036,-95.468842,2,OSW,250.3,13.0,70.0,7.1,2,2500,0,0,0,0,0,0
HM,JAVAN,37.113036,-95.468842,2, ,0.0,0.0,250.0,04.3,0,0,0,0,0,0,0,0,0

APPTR,D35-A,35,KOYXE
IF,KOYXE,37.052744,-95.268139, ,0.0,0.0,0,0,0,0,0,0,1,0
AF,HETOV,37.133636,-95.346475,2,OSW,250.3,7.0,198.0,2,2500,0,0,0,0,1,0

APPTR,D35-A,35,KUBKY
IF,KUBKY,37.254942,-95.284192, ,0.0,0.0,0,0,0,0,0,0,1,0
AF,HETOV,37.133636,-95.346475,1,OSW,250.3,7.0,319.0,2,2500,0,0,0,0,1,0

APPTR,D35-A,35,OSW
IF,OSW,37.157511,-95.203633, ,0.0,0.0,0,0,0,0,0,0,1,0
TF,HETOV,37.133636,-95.346475,0, ,0.0,0.0,0.0,0.0,2,2500,0,0,0,0,1,0

FINAL,D35-A,35,D,3
IF,HETOV,37.133636,-95.346475,OSW,250.3,7.0,2,2500,0,0,0,0,0,0
CF,JAVAN,37.113036,-95.468842,0,OSW,250.3,13.0,250.0,6.0,2,2500,0,0,0,0,2,0
CF,MAHIJ,37.095506,-95.572333,0,OSW,250.3,18.1,250.0,5.1,1,1320,0,0,0,0,3,0
CA,0,250.0,2,2000,0,0,0,0,0,0
CF,JAVAN,37.113036,-95.468842,2,OSW,250.3,13.0,70.0,7.1,2,2500,0,0,0,0,0,0
HM,JAVAN,37.113036,-95.468842,2, ,0.0,0.0,250.0,04.3,0,0,0,0,0,0,0,0,0

APPTR,R17,17,HOLIG
IF,HOLIG,37.288208,-95.387108, ,0.0,0.0,0,0,0,0,0,0,1,0
TF,ZOMAX,37.287911,-95.575075,0, ,0.0,0.0,0.0,0.0,2,3000,0,0,0,0,1,0

APPTR,R17,17,WOLIK
IF,WOLIK,37.287314,-95.763039, ,0.0,0.0,0,0,0,0,0,0,1,0
TF,ZOMAX,37.287911,-95.575075,0, ,0.0,0.0,0.0,0.0,2,3000,0,0,0,0,1,0

APPTR,R17,17,ZOMAX
HF,ZOMAX,37.287911,-95.575075,2, ,0.0,0.0,175.0,04,2,3000,0,0,0,0,1,0,0

FINAL,R17,17,R,4
IF,ZOMAX,37.287911,-95.575075, ,0.0,0.0,2,3000,0,0,0,0,0,0
TF,KOYEY,37.187786,-95.574703,0, ,0.0,0.0,175.0,6.0,2,2400,0,0,0,0,2,0
TF,JOLRO,37.142444,-95.574536,0, ,0.0,0.0,175.0,2.7,2,1520,0,0,0,0,0,0
TF,RW17,37.103228,-95.574389,0, ,0.0,0.0,175.0,2.4,1,786,0,0,0,0,3,1
CA,0,175.0,2,1003,0,0,0,0,0,0
DF,NEIGH,36.903214,-95.573644,0, ,0.0,0.0,2,2500,0,0,0,0,0,1
HM,NEIGH,36.903214,-95.573644,2, ,0.0,0.0,355.0,04,0,0,0,0,0,0,0,0,0

APPTR,R35,35,DELAT
IF,DELAT,36.903889,-95.692700, ,0.0,0.0,0,0,0,0,0,0,1,0
TF,NEIGH,36.903214,-95.573644,0, ,0.0,0.0,0.0,0.0,2,2500,0,0,0,0,0,1
HF,NEIGH,36.903214,-95.573644,2, ,0.0,0.0,355.0,04,2,2500,0,0,0,0,0,0,0

APPTR,R35,35,OSW
IF,OSW,37.157511,-95.203633, ,0.0,0.0,0,0,0,0,0,0,0,0
TF,NEIGH,36.903214,-95.573644,0, ,0.0,0.0,0.0,0.0,2,2500,0,0,0,0,0,1
HF,NEIGH,36.903214,-95.573644,2, ,0.0,0.0,355.0,04,2,2500,0,0,0,0,1,0,0

FINAL,R35,35,R,3
IF,NEIGH,36.903214,-95.573644, ,0.0,0.0,2,2500,0,0,0,0,0,0
TF,IWATI,37.003472,-95.574017,0, ,0.0,0.0,355.0,6.0,2,2400,0,0,0,0,2,0
TF,RW35,37.087111,-95.574331,0, ,0.0,0.0,355.0,5.0,1,774,0,0,0,0,3,1
CA,0,355.0,2,1154,0,0,0,0,0,0
DF,NEIGH,36.903214,-95.573644,1, ,0.0,0.0,2,2500,0,0,0,0,0,1
HM,NEIGH,36.903214,-95.573644,2, ,0.0,0.0,355.0,04,0,0,0,0,0,0,0,0,0

