SID,CHA6,02,1
VA,0,22.0,2,2400,0,0,0,0,0,0
VM,0,0,0,22.0,0,0,0,0,0,0,0,0

SID,CHA6,20,1
VA,0,202.0,2,2200,0,0,0,0,0,0
VM,0,0,0,202.0,0,0,0,0,0,0,0,0

APPTR,I02,02,CQN
IF,CQN,35.166542,-85.157367, ,0.0,0.0,0,0,0,0,0,0,0,0
TF,MORRT,34.948597,-85.234486,0, ,0.0,0.0,0.0,0.0,2,3900,0,0,0,0,0,0
PI,MORRT,34.948597,-85.234486,2,GQO,157.0,10.0,202,5.0,2,3000,0,0,0,0,1,0

FINAL,I02,02,I,3
IF,QUIDS,34.796028,-85.289917,ICGW,201.7,15.6,2,3900,0,0,0,0,0,0
CF,MORRT,34.948597,-85.234486,0,ICGW,201.7,6.0,22.0,9.5,1,2227,0,0,0,0,2,0
CF,RW02,35.022653,-85.207503,0,ICGW,201.7,1.4,22.0,4.6,1,733,0,0,0,0,3,0
CA,0,22.0,2,1090,0,0,0,0,0,0
DF,CQN,35.166542,-85.157367,0, ,0.0,0.0,2,3600,0,0,0,0,0,0
HM,CQN,35.166542,-85.157367,1, ,0.0,0.0,199.0,04.3,2,3600,0,0,0,0,0,0,0

APPTR,I20,20,BOOPS
IF,BOOPS,35.390847,-85.062150, ,0.0,0.0,0,0,0,0,0,0,0,0
TF,CQN,35.166542,-85.157367,0, ,0.0,0.0,0.0,0.0,2,3600,0,0,0,0,0,0
PI,CQN,35.166542,-85.157367,1,GQO,67.0,10.0,022,5.0,2,3000,0,0,0,0,1,0
CF,CQN,35.166542,-85.157367,0,ICHA,21.0,9.2,202.0,8.0,2,3000,0,0,0,0,0,0

APPTR,I20,20,COMAR
IF,COMAR,34.909825,-85.635861, ,0.0,0.0,0,0,0,0,0,0,0,0
TF,CQN,35.166542,-85.157367,0, ,0.0,0.0,0.0,0.0,2,3900,0,0,0,0,0,0
PI,CQN,35.166542,-85.157367,1,GQO,67.0,10.0,022,5.0,2,3000,0,0,0,0,1,0
CF,CQN,35.166542,-85.157367,0,ICHA,21.0,9.2,202.0,8.0,2,3000,0,0,0,0,0,0

APPTR,I20,20,CRAND
IF,CRAND,34.958022,-84.855719, ,0.0,0.0,0,0,0,0,0,0,0,0
TF,CQN,35.166542,-85.157367,0, ,0.0,0.0,0.0,0.0,2,3300,0,0,0,0,0,0
PI,CQN,35.166542,-85.157367,1,GQO,67.0,10.0,022,5.0,2,3000,0,0,0,0,1,0
CF,CQN,35.166542,-85.157367,0,ICHA,21.0,9.2,202.0,8.0,2,3000,0,0,0,0,0,0

APPTR,I20,20,DUBBS
IF,DUBBS,35.266892,-84.750814, ,0.0,0.0,0,0,0,0,0,0,0,0
TF,CQN,35.166542,-85.157367,0, ,0.0,0.0,0.0,0.0,2,3300,0,0,0,0,0,0
PI,CQN,35.166542,-85.157367,1,GQO,67.0,10.0,022,5.0,2,3000,0,0,0,0,1,0
CF,CQN,35.166542,-85.157367,0,ICHA,21.0,9.2,202.0,8.0,2,3000,0,0,0,0,0,0

APPTR,I20,20,GQO
IF,GQO,34.961275,-85.153369, ,0.0,0.0,0,0,0,0,0,0,0,0
TF,CQN,35.166542,-85.157367,0, ,0.0,0.0,0.0,0.0,2,3100,0,0,0,0,0,0
PI,CQN,35.166542,-85.157367,1,GQO,67.0,10.0,022,5.0,2,3000,0,0,0,0,1,0
CF,CQN,35.166542,-85.157367,0,ICHA,21.0,9.2,202.0,8.0,2,3000,0,0,0,0,0,0

APPTR,I20,20,PALER
IF,PALER,35.271014,-85.351683, ,0.0,0.0,0,0,0,0,0,0,0,0
TF,CQN,35.166542,-85.157367,0, ,0.0,0.0,0.0,0.0,2,3900,0,0,0,0,0,0
PI,CQN,35.166542,-85.157367,1,GQO,67.0,10.0,022,5.0,2,3000,0,0,0,0,1,0
CF,CQN,35.166542,-85.157367,0,ICHA,21.0,9.2,202.0,8.0,2,3000,0,0,0,0,0,0

FINAL,I20,20,I,3
IF,CQN,35.166542,-85.157367,ICHA,21.0,9.2,2,3000,0,0,0,0,0,0
CF,CFDTJ,35.131322,-85.167803,0,ICHA,21.7,7.0,202.0,2.2,1,2500,0,0,0,0,2,0
CF,RW20,35.042125,-85.200400,0,ICHA,21.7,1.4,202.0,5.6,1,723,0,0,0,0,3,0
CA,0,202.0,2,1300,0,0,0,0,0,0
DF,GQO,34.961275,-85.153369,0, ,0.0,0.0,2,3100,0,0,0,0,0,0
HM,GQO,34.961275,-85.153369,2, ,0.0,0.0,332.0,04.3,2,3100,0,0,0,0,0,0,0

APPTR,L20,20,BOOPS
IF,BOOPS,35.390847,-85.062150, ,0.0,0.0,0,0,0,0,0,0,0,0
TF,CQN,35.166542,-85.157367,0, ,0.0,0.0,0.0,0.0,2,3600,0,0,0,0,0,0
PI,CQN,35.166542,-85.157367,1,GQO,67.0,10.0,022,5.0,2,3000,0,0,0,0,1,0
CF,CQN,35.166542,-85.157367,0,ICHA,21.0,9.2,202.0,8.0,2,3000,0,0,0,0,0,0

APPTR,L20,20,COMAR
IF,COMAR,34.909825,-85.635861, ,0.0,0.0,0,0,0,0,0,0,0,0
TF,CQN,35.166542,-85.157367,0, ,0.0,0.0,0.0,0.0,2,3900,0,0,0,0,0,0
PI,CQN,35.166542,-85.157367,1,GQO,67.0,10.0,022,5.0,2,3000,0,0,0,0,1,0
CF,CQN,35.166542,-85.157367,0,ICHA,21.0,9.2,202.0,8.0,2,3000,0,0,0,0,0,0

APPTR,L20,20,CRAND
IF,CRAND,34.958022,-84.855719, ,0.0,0.0,0,0,0,0,0,0,0,0
TF,CQN,35.166542,-85.157367,0, ,0.0,0.0,0.0,0.0,2,3300,0,0,0,0,0,0
PI,CQN,35.166542,-85.157367,1,GQO,67.0,10.0,022,5.0,2,3000,0,0,0,0,1,0
CF,CQN,35.166542,-85.157367,0,ICHA,21.0,9.2,202.0,8.0,2,3000,0,0,0,0,0,0

APPTR,L20,20,DUBBS
IF,DUBBS,35.266892,-84.750814, ,0.0,0.0,0,0,0,0,0,0,0,0
TF,CQN,35.166542,-85.157367,0, ,0.0,0.0,0.0,0.0,2,3300,0,0,0,0,0,0
PI,CQN,35.166542,-85.157367,1,GQO,67.0,10.0,022,5.0,2,3000,0,0,0,0,1,0
CF,CQN,35.166542,-85.157367,0,ICHA,21.0,9.2,202.0,8.0,2,3000,0,0,0,0,0,0

APPTR,L20,20,GQO
IF,GQO,34.961275,-85.153369, ,0.0,0.0,0,0,0,0,0,0,0,0
TF,CQN,35.166542,-85.157367,0, ,0.0,0.0,0.0,0.0,2,3100,0,0,0,0,0,0
PI,CQN,35.166542,-85.157367,1,GQO,67.0,10.0,022,5.0,2,3000,0,0,0,0,1,0
CF,CQN,35.166542,-85.157367,0,ICHA,21.0,9.2,202.0,8.0,2,3000,0,0,0,0,0,0

APPTR,L20,20,PALER
IF,PALER,35.271014,-85.351683, ,0.0,0.0,0,0,0,0,0,0,0,0
TF,CQN,35.166542,-85.157367,0, ,0.0,0.0,0.0,0.0,2,3900,0,0,0,0,0,0
PI,CQN,35.166542,-85.157367,1,GQO,67.0,10.0,022,5.0,2,3000,0,0,0,0,1,0
CF,CQN,35.166542,-85.157367,0,ICHA,21.0,9.2,202.0,8.0,2,3000,0,0,0,0,0,0

FINAL,L20,20,D,3
IF,CQN,35.166542,-85.157367,ICHA,21.0,9.2,2,3000,0,0,0,0,0,0
CF,HIXON,35.108169,-85.176258,0,ICHA,21.7,5.5,202.0,3.6,2,2100,0,0,0,0,2,0
CF,RW20,35.042125,-85.200400,0,ICHA,21.7,1.4,202.0,4.1,1,723,0,0,0,0,3,0
CA,0,202.0,2,1300,0,0,0,0,0,0
DF,GQO,34.961275,-85.153369,0, ,0.0,0.0,2,3100,0,0,0,0,0,0
HM,GQO,34.961275,-85.153369,2, ,0.0,0.0,332.0,04.3,2,3100,0,0,0,0,0,0,0

APPTR,R02,02,ADMIT
IF,ADMIT,34.686761,-85.532172, ,0.0,0.0,0,0,0,0,0,0,1,0
TF,FIDGO,34.796039,-85.289911,0, ,0.0,0.0,0.0,0.0,2,3800,0,0,0,0,1,0

APPTR,R02,02,DUMBB
IF,DUMBB,34.555222,-85.135981, ,0.0,0.0,0,0,0,0,0,0,1,0
TF,FIDGO,34.796039,-85.289911,0, ,0.0,0.0,0.0,0.0,2,3800,0,0,0,0,1,0

APPTR,R02,02,FIDGO
IF,FIDGO,34.796039,-85.289911, ,0.0,0.0,3,6000,0,0,0,0,1,0
HF,FIDGO,34.796039,-85.289911,2, ,0.0,0.0,22.0,04,2,3800,0,0,0,0,0,0,0

FINAL,R02,02,R,3
IF,FIDGO,34.796039,-85.289911, ,0.0,0.0,2,3800,0,0,0,0,0,0
TF,CECAY,34.935192,-85.239364,0, ,0.0,0.0,22.0,8.7,2,2500,0,0,0,0,2,0
TF,RW02,35.022653,-85.207503,0, ,0.0,0.0,22.0,5.5,1,732,0,0,0,0,3,1
CA,0,22.0,2,883,0,0,0,0,0,0
DF,HETIP,35.250106,-85.124328,0, ,0.0,0.0,2,3800,0,0,0,0,0,1
HM,HETIP,35.250106,-85.124328,2, ,0.0,0.0,202.0,04,0,0,0,0,0,0,0,0,0

APPTR,R15,15,BOOPS
IF,BOOPS,35.390847,-85.062150, ,0.0,0.0,0,0,0,0,0,0,0,0
TF,LIBKE,35.313456,-85.235636,0, ,0.0,0.0,0.0,0.0,2,4200,0,0,0,0,1,0
TF,HEXEX,35.237678,-85.369728,0, ,0.0,0.0,0.0,0.0,2,4100,0,0,0,0,1,0

APPTR,R15,15,GQO
IF,GQO,34.961275,-85.153369, ,0.0,0.0,0,0,0,0,0,0,0,0
TF,HEXEX,35.237678,-85.369728,0, ,0.0,0.0,0.0,0.0,2,4600,0,0,0,0,0,1
HF,HEXEX,35.237678,-85.369728,2, ,0.0,0.0,150.0,05,2,4100,0,0,0,0,1,0,0

APPTR,R15,15,TOBAY
IF,TOBAY,35.193206,-85.644100, ,0.0,0.0,0,0,0,0,0,0,0,0
TF,ZOLOT,35.161753,-85.503569,0, ,0.0,0.0,0.0,0.0,2,4400,0,0,0,0,1,0
TF,HEXEX,35.237678,-85.369728,0, ,0.0,0.0,0.0,0.0,2,4100,0,0,0,0,1,0

FINAL,R15,15,R,5
IF,HEXEX,35.237678,-85.369728, ,0.0,0.0,2,4100,0,0,0,0,0,0
TF,CIKSA,35.179553,-85.320875,0, ,0.0,0.0,150.0,4.2,2,3500,0,0,0,0,0,0
TF,SUCOR,35.152247,-85.297953,0, ,0.0,0.0,150.0,2.0,2,3200,0,0,0,0,2,0
TF,ICEKE,35.098622,-85.252997,0, ,0.0,0.0,150.0,3.9,2,1960,0,0,0,0,0,0
TF,RW15,35.044989,-85.208106,0, ,0.0,0.0,150.0,3.9,1,716,0,0,0,0,3,1
CA,0,150.0,2,1083,0,0,0,0,0,0
DF,IYODA,34.895025,-85.082903,0, ,0.0,0.0,2,3300,0,0,0,0,0,1
HM,IYODA,34.895025,-85.082903,2, ,0.0,0.0,331.0,05,0,0,0,0,0,0,0,0,0

APPTR,R20,20,BOOPS
IF,BOOPS,35.390847,-85.062150, ,0.0,0.0,0,0,0,0,0,0,1,0
TF,HETIP,35.250106,-85.124328,0, ,0.0,0.0,0.0,0.0,2,3800,0,0,0,0,1,0

APPTR,R20,20,COMAR
IF,COMAR,34.909825,-85.635861, ,0.0,0.0,0,0,0,0,0,0,0,0
TF,HETIP,35.250106,-85.124328,0, ,0.0,0.0,0.0,0.0,2,3800,0,0,0,0,0,1
HF,HETIP,35.250106,-85.124328,2, ,0.0,0.0,202.0,04,2,3800,0,0,0,0,1,0,0

APPTR,R20,20,CRAND
IF,CRAND,34.958022,-84.855719, ,0.0,0.0,0,0,0,0,0,0,0,0
TF,HETIP,35.250106,-85.124328,0, ,0.0,0.0,0.0,0.0,2,3800,0,0,0,0,0,1
HF,HETIP,35.250106,-85.124328,2, ,0.0,0.0,202.0,04,2,3800,0,0,0,0,1,0,0

APPTR,R20,20,DUBBS
IF,DUBBS,35.266892,-84.750814, ,0.0,0.0,0,0,0,0,0,0,0,0
TF,HETIP,35.250106,-85.124328,0, ,0.0,0.0,0.0,0.0,2,3800,0,0,0,0,0,1
HF,HETIP,35.250106,-85.124328,2, ,0.0,0.0,202.0,04,2,3800,0,0,0,0,1,0,0

APPTR,R20,20,GQO
IF,GQO,34.961275,-85.153369, ,0.0,0.0,0,0,0,0,0,0,0,0
TF,HETIP,35.250106,-85.124328,0, ,0.0,0.0,0.0,0.0,2,3800,0,0,0,0,0,1
HF,HETIP,35.250106,-85.124328,2, ,0.0,0.0,202.0,04,2,3800,0,0,0,0,1,0,0

APPTR,R20,20,PALER
IF,PALER,35.271014,-85.351683, ,0.0,0.0,0,0,0,0,0,0,0,0
TF,HETIP,35.250106,-85.124328,0, ,0.0,0.0,0.0,0.0,2,4000,0,0,0,0,0,1
HF,HETIP,35.250106,-85.124328,2, ,0.0,0.0,202.0,04,2,3800,0,0,0,0,1,0,0

FINAL,R20,20,R,5
IF,HETIP,35.250106,-85.124328, ,0.0,0.0,2,3800,0,0,0,0,0,0
TF,JOXAT,35.190000,-85.146356,0, ,0.0,0.0,202.0,3.8,2,3200,0,0,0,0,0,0
TF,ZUBAN,35.130150,-85.168253,0, ,0.0,0.0,202.0,3.7,2,2500,0,0,0,0,2,0
TF,COKIT,35.083697,-85.185228,0, ,0.0,0.0,202.0,2.9,2,1540,0,0,0,0,0,0
TF,RW20,35.042125,-85.200400,0, ,0.0,0.0,202.0,2.6,1,720,0,0,0,0,3,1
CA,0,202.0,2,873,0,0,0,0,0,0
DF,FIDGO,34.796039,-85.289911,0, ,0.0,0.0,2,3800,0,0,0,0,0,1
HM,FIDGO,34.796039,-85.289911,2, ,0.0,0.0,22.0,04,0,0,0,0,0,0,0,0,0

APPTR,R33,33,CRAND
IF,CRAND,34.958022,-84.855719, ,0.0,0.0,0,0,0,0,0,0,1,0
TF,IYODA,34.895025,-85.082903,0, ,0.0,0.0,0.0,0.0,2,3300,0,0,0,0,1,0

APPTR,R33,33,GQO
IF,GQO,34.961275,-85.153369, ,0.0,0.0,0,0,0,0,0,0,0,0
TF,IYODA,34.895025,-85.082903,0, ,0.0,0.0,0.0,0.0,2,3300,0,0,0,0,0,1
HF,IYODA,34.895025,-85.082903,2, ,0.0,0.0,331.0,05,2,3300,0,0,0,0,1,0,0

APPTR,R33,33,UZOVO
IF,UZOVO,34.655411,-85.213886, ,0.0,0.0,0,0,0,0,0,0,1,0
TF,WOXIX,34.754361,-85.159950,0, ,0.0,0.0,0.0,0.0,2,3900,0,0,0,0,0,0
TF,IYODA,34.895025,-85.082903,0, ,0.0,0.0,0.0,0.0,2,3300,0,0,0,0,1,0

FINAL,R33,33,R,4
IF,IYODA,34.895025,-85.082903, ,0.0,0.0,2,3300,0,0,0,0,0,0
TF,JILIS,34.956661,-85.134294,0, ,0.0,0.0,331.0,4.5,2,2500,0,0,0,0,2,0
TF,FOGVI,34.995400,-85.166642,0, ,0.0,0.0,331.0,2.8,2,1600,0,0,0,0,0,0
TF,RW33,35.033911,-85.198839,0, ,0.0,0.0,331.0,2.8,1,712,0,0,0,0,3,1
CA,0,331.0,2,1083,0,0,0,0,0,0
DF,HEXEX,35.237678,-85.369728,0, ,0.0,0.0,2,4100,0,0,0,0,0,1
HM,HEXEX,35.237678,-85.369728,2, ,0.0,0.0,150.0,05,0,0,0,0,0,0,0,0,0

APPTR,S33,33,GQO
PI,GQO,34.961275,-85.153369,2,GQO,107.0,10.0,152,5.0,2,3300,0,0,0,0,1,0
CF,GQO,34.961275,-85.153369,0,GQO,0.0,0.0,332.0,8.0,2,2500,0,0,0,0,0,0

APPTR,S33,33,OSILY
IF,OSILY,34.959147,-85.011447,GQO,90.0,7.0,0,0,0,0,0,0,1,0
AF,OCAYO,34.857356,-85.088481,2,GQO,151.8,7.0,90.0,2,3200,0,0,0,0,0,0
CF,GQO,34.961275,-85.153369,0,GQO,0.0,0.0,332.0,7.0,2,2500,0,0,0,0,0,0

FINAL,S33,33,D,2
IF,GQO,34.961275,-85.153369,GQO,0.0,0.0,2,2500,0,0,0,0,2,0
CF,RW33,35.033911,-85.198839,0,GQO,331.8,4.9,332.0,4.9,1,719,0,0,0,0,3,0
CA,0,332.0,2,2000,0,0,0,0,0,0
DF,CQN,35.166542,-85.157367,0, ,0.0,0.0,2,3000,0,0,0,0,0,0
HM,CQN,35.166542,-85.157367,1, ,0.0,0.0,199.0,04.3,0,0,0,0,0,0,0,0,0

