APPTR,R03,03,ARCHH
IF,ARCHH,38.799561,-109.579397, ,0.0,0.0,0,0,0,0,0,0,0,0
TF,HANOG,38.621103,-109.988158,0, ,0.0,0.0,0.0,0.0,2,8100,0,0,0,0,0,1
HF,HANOG,38.621103,-109.988158,2, ,0.0,0.0,46.0,07,2,8100,0,0,0,0,1,0,0

APPTR,R03,03,KIDNE
IF,KIDNE,38.601311,-110.165108, ,0.0,0.0,0,0,0,0,0,0,1,0
TF,HANOG,38.621103,-109.988158,0, ,0.0,0.0,0.0,0.0,2,8100,0,0,0,0,1,0

APPTR,R03,03,PIGSE
IF,PIGSE,38.446264,-109.979547, ,0.0,0.0,0,0,0,0,0,0,1,0
TF,HANOG,38.621103,-109.988158,0, ,0.0,0.0,0.0,0.0,2,8100,0,0,0,0,1,0

FINAL,R03,03,R,5
IF,HANOG,38.621103,-109.988158, ,0.0,0.0,2,8100,0,0,0,0,0,0
TF,NERRI,38.677500,-109.882536,0, ,0.0,0.0,46.0,6.0,2,7200,0,0,0,0,2,0
TF,FELTA,38.705636,-109.832483,0, ,0.0,0.0,44.0,2.9,2,6120,0,0,0,0,0,0
TF,FATPU,38.718311,-109.809911,0, ,0.0,0.0,44.0,1.3,2,5660,0,0,0,0,0,0
TF,FOGUG,38.740611,-109.770158,0, ,0.0,0.0,44.0,2.3,1,4819,0,0,0,0,3,1
CA,0,44.0,2,4990,0,0,0,0,0,0
DF,HANOG,38.621103,-109.988158,1, ,0.0,0.0,2,8100,0,0,0,0,0,1
HM,HANOG,38.621103,-109.988158,2, ,0.0,0.0,46.0,07,2,8100,0,0,0,0,0,0,0

APPTR,V03-A,03,ANIUM
IF,ANIUM,38.453775,-109.776183, ,0.0,0.0,0,0,0,0,0,0,0,0
TF,OAB,38.756242,-109.749292,0, ,0.0,0.0,0.0,0.0,2,8600,0,0,0,0,0,0
PI,OAB,38.756242,-109.749292,2,OAB,253.0,10.0,298,5.0,2,7000,0,0,0,0,1,0
CF,HOMIG,38.797306,-109.816489,0,OAB,298.0,4.0,118.0,6.0,2,5900,0,0,0,0,0,0

APPTR,V03-A,03,ARCHH
IF,ARCHH,38.799561,-109.579397, ,0.0,0.0,0,0,0,0,0,0,0,0
TF,OAB,38.756242,-109.749292,0, ,0.0,0.0,0.0,0.0,2,8000,0,0,0,0,0,0
PI,OAB,38.756242,-109.749292,2,OAB,253.0,10.0,298,5.0,2,7000,0,0,0,0,1,0
CF,HOMIG,38.797306,-109.816489,0,OAB,298.0,4.0,118.0,6.0,2,5900,0,0,0,0,0,0

APPTR,V03-A,03,EDLES
IF,EDLES,38.677728,-109.940708, ,0.0,0.0,0,0,0,0,0,0,0,0
TF,OAB,38.756242,-109.749292,0, ,0.0,0.0,0.0,0.0,2,8100,0,0,0,0,0,0
PI,OAB,38.756242,-109.749292,2,OAB,253.0,10.0,298,5.0,2,7000,0,0,0,0,1,0
CF,HOMIG,38.797306,-109.816489,0,OAB,298.0,4.0,118.0,6.0,2,5900,0,0,0,0,0,0

FINAL,V03-A,03,D,2
IF,HOMIG,38.797306,-109.816489,OAB,298.0,4.0,2,5900,0,0,0,0,2,0
CF,OAB,38.756242,-109.749292,0,OAB,0.0,0.0,118.0,4.0,1,5720,0,0,0,0,3,0
CA,0,118.0,2,6500,0,0,0,0,0,0
DF,OAB,38.756242,-109.749292,1, ,0.0,0.0,2,8600,0,0,0,0,0,0
HM,OAB,38.756242,-109.749292,1, ,0.0,0.0,118.0,04.3,2,8600,0,0,0,0,0,0,0

APPTR,V15-A,15,ANIUM
IF,ANIUM,38.453775,-109.776183, ,0.0,0.0,0,0,0,0,0,0,0,0
TF,OAB,38.756242,-109.749292,0, ,0.0,0.0,0.0,0.0,2,8600,0,0,0,0,0,0
PI,OAB,38.756242,-109.749292,2,OAB,253.0,10.0,298,5.0,2,7000,0,0,0,0,1,0
CF,HOMIG,38.797306,-109.816489,0,OAB,298.0,4.0,118.0,6.0,2,5900,0,0,0,0,0,0

APPTR,V15-A,15,ARCHH
IF,ARCHH,38.799561,-109.579397, ,0.0,0.0,0,0,0,0,0,0,0,0
TF,OAB,38.756242,-109.749292,0, ,0.0,0.0,0.0,0.0,2,8000,0,0,0,0,0,0
PI,OAB,38.756242,-109.749292,2,OAB,253.0,10.0,298,5.0,2,7000,0,0,0,0,1,0
CF,HOMIG,38.797306,-109.816489,0,OAB,298.0,4.0,118.0,6.0,2,5900,0,0,0,0,0,0

APPTR,V15-A,15,EDLES
IF,EDLES,38.677728,-109.940708, ,0.0,0.0,0,0,0,0,0,0,0,0
TF,OAB,38.756242,-109.749292,0, ,0.0,0.0,0.0,0.0,2,8100,0,0,0,0,0,0
PI,OAB,38.756242,-109.749292,2,OAB,253.0,10.0,298,5.0,2,7000,0,0,0,0,1,0
CF,HOMIG,38.797306,-109.816489,0,OAB,298.0,4.0,118.0,6.0,2,5900,0,0,0,0,0,0

FINAL,V15-A,15,D,2
IF,HOMIG,38.797306,-109.816489,OAB,298.0,4.0,2,5900,0,0,0,0,2,0
CF,OAB,38.756242,-109.749292,0,OAB,0.0,0.0,118.0,4.0,1,5720,0,0,0,0,3,0
CA,0,118.0,2,6500,0,0,0,0,0,0
DF,OAB,38.756242,-109.749292,1, ,0.0,0.0,2,8600,0,0,0,0,0,0
HM,OAB,38.756242,-109.749292,1, ,0.0,0.0,118.0,04.3,2,8600,0,0,0,0,0,0,0

APPTR,V21-A,21,ANIUM
IF,ANIUM,38.453775,-109.776183, ,0.0,0.0,0,0,0,0,0,0,0,0
TF,OAB,38.756242,-109.749292,0, ,0.0,0.0,0.0,0.0,2,8600,0,0,0,0,0,0
PI,OAB,38.756242,-109.749292,2,OAB,253.0,10.0,298,5.0,2,7000,0,0,0,0,1,0
CF,HOMIG,38.797306,-109.816489,0,OAB,298.0,4.0,118.0,6.0,2,5900,0,0,0,0,0,0

APPTR,V21-A,21,ARCHH
IF,ARCHH,38.799561,-109.579397, ,0.0,0.0,0,0,0,0,0,0,0,0
TF,OAB,38.756242,-109.749292,0, ,0.0,0.0,0.0,0.0,2,8000,0,0,0,0,0,0
PI,OAB,38.756242,-109.749292,2,OAB,253.0,10.0,298,5.0,2,7000,0,0,0,0,1,0
CF,HOMIG,38.797306,-109.816489,0,OAB,298.0,4.0,118.0,6.0,2,5900,0,0,0,0,0,0

APPTR,V21-A,21,EDLES
IF,EDLES,38.677728,-109.940708, ,0.0,0.0,0,0,0,0,0,0,0,0
TF,OAB,38.756242,-109.749292,0, ,0.0,0.0,0.0,0.0,2,8100,0,0,0,0,0,0
PI,OAB,38.756242,-109.749292,2,OAB,253.0,10.0,298,5.0,2,7000,0,0,0,0,1,0
CF,HOMIG,38.797306,-109.816489,0,OAB,298.0,4.0,118.0,6.0,2,5900,0,0,0,0,0,0

FINAL,V21-A,21,D,2
IF,HOMIG,38.797306,-109.816489,OAB,298.0,4.0,2,5900,0,0,0,0,2,0
CF,OAB,38.756242,-109.749292,0,OAB,0.0,0.0,118.0,4.0,1,5720,0,0,0,0,3,0
CA,0,118.0,2,6500,0,0,0,0,0,0
DF,OAB,38.756242,-109.749292,1, ,0.0,0.0,2,8600,0,0,0,0,0,0
HM,OAB,38.756242,-109.749292,1, ,0.0,0.0,118.0,04.3,2,8600,0,0,0,0,0,0,0

APPTR,V33-A,33,ANIUM
IF,ANIUM,38.453775,-109.776183, ,0.0,0.0,0,0,0,0,0,0,0,0
TF,OAB,38.756242,-109.749292,0, ,0.0,0.0,0.0,0.0,2,8600,0,0,0,0,0,0
PI,OAB,38.756242,-109.749292,2,OAB,253.0,10.0,298,5.0,2,7000,0,0,0,0,1,0
CF,HOMIG,38.797306,-109.816489,0,OAB,298.0,4.0,118.0,6.0,2,5900,0,0,0,0,0,0

APPTR,V33-A,33,ARCHH
IF,ARCHH,38.799561,-109.579397, ,0.0,0.0,0,0,0,0,0,0,0,0
TF,OAB,38.756242,-109.749292,0, ,0.0,0.0,0.0,0.0,2,8000,0,0,0,0,0,0
PI,OAB,38.756242,-109.749292,2,OAB,253.0,10.0,298,5.0,2,7000,0,0,0,0,1,0
CF,HOMIG,38.797306,-109.816489,0,OAB,298.0,4.0,118.0,6.0,2,5900,0,0,0,0,0,0

APPTR,V33-A,33,EDLES
IF,EDLES,38.677728,-109.940708, ,0.0,0.0,0,0,0,0,0,0,0,0
TF,OAB,38.756242,-109.749292,0, ,0.0,0.0,0.0,0.0,2,8100,0,0,0,0,0,0
PI,OAB,38.756242,-109.749292,2,OAB,253.0,10.0,298,5.0,2,7000,0,0,0,0,1,0
CF,HOMIG,38.797306,-109.816489,0,OAB,298.0,4.0,118.0,6.0,2,5900,0,0,0,0,0,0

FINAL,V33-A,33,D,2
IF,HOMIG,38.797306,-109.816489,OAB,298.0,4.0,2,5900,0,0,0,0,2,0
CF,OAB,38.756242,-109.749292,0,OAB,0.0,0.0,118.0,4.0,1,5720,0,0,0,0,3,0
CA,0,118.0,2,6500,0,0,0,0,0,0
DF,OAB,38.756242,-109.749292,1, ,0.0,0.0,2,8600,0,0,0,0,0,0
HM,OAB,38.756242,-109.749292,1, ,0.0,0.0,118.0,04.3,2,8600,0,0,0,0,0,0,0

