SID,CANNY1,01,4
VA,0,15.0,2,3000,0,0,0,0,0,0
VM,0,0,0,15.0,0,0,0,0,0,0,0,0
DF,CANNY,39.061089,-75.677958,1, ,0.0,0.0,0,0,0,0,0,0,0,0

SID,CANNY1,14,4
VA,0,138.0,2,3000,0,0,0,0,0,0
VM,0,0,0,138.0,0,0,0,0,0,0,0,0
DF,CANNY,39.061089,-75.677958,2, ,0.0,0.0,0,0,0,0,0,0,0,0

SID,CANNY1,19,4
VA,0,195.0,2,3000,0,0,0,0,0,0
VM,0,0,0,195.0,0,0,0,0,0,0,0,0
DF,CANNY,39.061089,-75.677958,2, ,0.0,0.0,0,0,0,0,0,0,0,0

SID,CANNY1,32,4
CA,0,318.0,2,430,0,0,0,0,0,0
VA,0,350.0,2,3000,0,0,0,0,0,0
VM,0,0,0,350.0,0,0,0,0,0,0,0,0
DF,CANNY,39.061089,-75.677958,1, ,0.0,0.0,0,0,0,0,0,0,0,0

SID,CANNY1,ALL,5
IF,CANNY,39.061089,-75.677958, ,0.0,0.0,0,0,0,0,0,0,0,0
TF,TROTZ,39.112103,-76.312897,0, ,0.0,0.0,0.0,0.0,0,0,0,0,0,0,0,0
TF,WONCE,39.216772,-76.890681,0, ,0.0,0.0,0.0,0.0,0,0,0,0,0,0,0,0
TF,TERPZ,39.222419,-77.138969,0, ,0.0,0.0,0.0,0.0,0,0,0,0,0,0,0,0

SID,CANNY1,FLASK,6
IF,TERPZ,39.222419,-77.138969, ,0.0,0.0,0,0,0,0,0,0,0,0
TF,LITME,39.090472,-77.248517,0, ,0.0,0.0,0.0,0.0,0,0,0,0,0,0,0,0
TF,HIRCK,38.730931,-77.499361,0, ,0.0,0.0,0.0,0.0,0,0,0,0,0,0,0,0
TF,BUTRZ,38.526583,-77.794569,0, ,0.0,0.0,0.0,0.0,0,0,0,0,0,0,0,0
TF,CLTCH,38.447672,-77.905594,0, ,0.0,0.0,0.0,0.0,0,0,0,0,0,0,0,0
TF,KERRK,38.176047,-78.393294,0, ,0.0,0.0,0.0,0.0,0,0,0,0,0,0,0,0
TF,TEEMS,37.690528,-79.197736,0, ,0.0,0.0,0.0,0.0,0,0,0,0,0,0,0,0
TF,FLASK,37.017756,-80.316283,0, ,0.0,0.0,0.0,0.0,0,0,0,0,0,0,0,0

SID,CANNY1,FRIKE,6
IF,TERPZ,39.222419,-77.138969, ,0.0,0.0,0,0,0,0,0,0,0,0
TF,LITME,39.090472,-77.248517,0, ,0.0,0.0,0.0,0.0,0,0,0,0,0,0,0,0
TF,HIRCK,38.730931,-77.499361,0, ,0.0,0.0,0.0,0.0,0,0,0,0,0,0,0,0
TF,JDUBB,38.299836,-77.649933,0, ,0.0,0.0,0.0,0.0,0,0,0,0,0,0,0,0
TF,CASLY,38.054006,-77.861036,0, ,0.0,0.0,0.0,0.0,0,0,0,0,0,0,0,0
TF,MELTN,37.202561,-78.578981,0, ,0.0,0.0,0.0,0.0,0,0,0,0,0,0,0,0
TF,FRIKE,36.814306,-78.900233,0, ,0.0,0.0,0.0,0.0,0,0,0,0,0,0,0,0

SID,CANNY1,GLANC,6
IF,TERPZ,39.222419,-77.138969, ,0.0,0.0,0,0,0,0,0,0,0,0
TF,LITME,39.090472,-77.248517,0, ,0.0,0.0,0.0,0.0,0,0,0,0,0,0,0,0
TF,HIRCK,38.730931,-77.499361,0, ,0.0,0.0,0.0,0.0,0,0,0,0,0,0,0,0
TF,SCRAM,38.371167,-77.798547,0, ,0.0,0.0,0.0,0.0,0,0,0,0,0,0,0,0
TF,DANOO,38.074233,-78.252489,0, ,0.0,0.0,0.0,0.0,0,0,0,0,0,0,0,0
TF,WALCE,37.722064,-78.798111,0, ,0.0,0.0,0.0,0.0,0,0,0,0,0,0,0,0
TF,GLANC,37.440836,-79.060458,0, ,0.0,0.0,0.0,0.0,0,0,0,0,0,0,0,0

SID,CANNY1,GRONN,6
IF,TERPZ,39.222419,-77.138969, ,0.0,0.0,0,0,0,0,0,0,0,0
TF,LITME,39.090472,-77.248517,0, ,0.0,0.0,0.0,0.0,0,0,0,0,0,0,0,0
TF,HIRCK,38.730931,-77.499361,0, ,0.0,0.0,0.0,0.0,0,0,0,0,0,0,0,0
TF,JDUBB,38.299836,-77.649933,0, ,0.0,0.0,0.0,0.0,0,0,0,0,0,0,0,0
TF,TYPNZ,38.045606,-77.921867,0, ,0.0,0.0,0.0,0.0,0,0,0,0,0,0,0,0
TF,SCORN,37.466611,-78.531758,0, ,0.0,0.0,0.0,0.0,0,0,0,0,0,0,0,0
TF,RRSIN,36.952039,-79.059039,0, ,0.0,0.0,0.0,0.0,0,0,0,0,0,0,0,0
TF,GRONN,36.175364,-79.846872,0, ,0.0,0.0,0.0,0.0,0,0,0,0,0,0,0,0

SID,CANNY1,JERES,6
IF,TERPZ,39.222419,-77.138969, ,0.0,0.0,0,0,0,0,0,0,0,0
TF,LINSE,39.369050,-77.301333,0, ,0.0,0.0,0.0,0.0,0,0,0,0,0,0,0,0
TF,JERES,39.642889,-77.455056,0, ,0.0,0.0,0.0,0.0,0,0,0,0,0,0,0,0

SID,CANNY1,MAULS,6
IF,TERPZ,39.222419,-77.138969, ,0.0,0.0,0,0,0,0,0,0,0,0
TF,LITME,39.090472,-77.248517,0, ,0.0,0.0,0.0,0.0,0,0,0,0,0,0,0,0
TF,HIRCK,38.730931,-77.499361,0, ,0.0,0.0,0.0,0.0,0,0,0,0,0,0,0,0
TF,BUTRZ,38.526583,-77.794569,0, ,0.0,0.0,0.0,0.0,0,0,0,0,0,0,0,0
TF,CLTCH,38.447672,-77.905594,0, ,0.0,0.0,0.0,0.0,0,0,0,0,0,0,0,0
TF,KERRK,38.176047,-78.393294,0, ,0.0,0.0,0.0,0.0,0,0,0,0,0,0,0,0
TF,MAULS,37.880378,-79.330331,0, ,0.0,0.0,0.0,0.0,0,0,0,0,0,0,0,0

SID,CANNY1,MCRAY,6
IF,TERPZ,39.222419,-77.138969, ,0.0,0.0,0,0,0,0,0,0,0,0
TF,LINSE,39.369050,-77.301333,0, ,0.0,0.0,0.0,0.0,0,0,0,0,0,0,0,0
TF,BUFFR,39.459347,-77.598314,0, ,0.0,0.0,0.0,0.0,0,0,0,0,0,0,0,0
TF,MCRAY,39.538247,-77.860575,0, ,0.0,0.0,0.0,0.0,0,0,0,0,0,0,0,0

SID,CANNY1,OTTTO,6
IF,TERPZ,39.222419,-77.138969, ,0.0,0.0,0,0,0,0,0,0,0,0
TF,FOXHL,39.047217,-77.370067,0, ,0.0,0.0,0.0,0.0,0,0,0,0,0,0,0,0
TF,OTTTO,38.854392,-78.205558,0, ,0.0,0.0,0.0,0.0,0,0,0,0,0,0,0,0

SID,CANNY1,RAMAY,6
IF,TERPZ,39.222419,-77.138969, ,0.0,0.0,0,0,0,0,0,0,0,0
TF,FOXHL,39.047217,-77.370067,0, ,0.0,0.0,0.0,0.0,0,0,0,0,0,0,0,0
TF,RAMAY,38.960714,-78.216392,0, ,0.0,0.0,0.0,0.0,0,0,0,0,0,0,0,0

SID,SIE5,01,1
CA,0,13.0,2,430,0,0,0,0,0,0
VM,0,0,0,13.0,0,0,0,0,0,0,0,0
DF,SIE,39.095508,-74.800344,0, ,0.0,0.0,0,0,0,0,0,0,0,0

SID,SIE5,14,1
CA,0,136.0,2,430,0,0,0,0,0,0
VM,0,0,0,136.0,0,0,0,0,0,0,0,0
DF,SIE,39.095508,-74.800344,0, ,0.0,0.0,0,0,0,0,0,0,0,0

SID,SIE5,19,1
CA,0,193.0,2,430,0,0,0,0,0,0
VM,0,0,0,193.0,0,0,0,0,0,0,0,0
DF,SIE,39.095508,-74.800344,0, ,0.0,0.0,0,0,0,0,0,0,0,0

SID,SIE5,32,1
CA,0,316.0,2,430,0,0,0,0,0,0
VM,0,0,0,350.0,0,0,0,0,0,0,0,0
DF,SIE,39.095508,-74.800344,0, ,0.0,0.0,0,0,0,0,0,0,0,0

SID,SIE5,ACK,3
IF,SIE,39.095508,-74.800344, ,0.0,0.0,0,0,0,0,0,0,0,0
TF,MANTA,39.901947,-73.542119,0, ,0.0,0.0,0.0,0.0,0,0,0,0,0,0,0,0
TF,SHLEP,40.684861,-72.603094,0, ,0.0,0.0,0.0,0.0,0,0,0,0,0,0,0,0
TF,ACK83,40.886964,-71.780075,0, ,0.0,0.0,0.0,0.0,0,0,0,0,0,0,0,0
TF,ACK,41.281886,-70.026711,0, ,0.0,0.0,0.0,0.0,0,0,0,0,0,0,0,0

SID,SIE5,HTO,3
IF,SIE,39.095508,-74.800344, ,0.0,0.0,0,0,0,0,0,0,0,0
TF,MANTA,39.901947,-73.542119,0, ,0.0,0.0,0.0,0.0,0,0,0,0,0,0,0,0
TF,SHLEP,40.684861,-72.603094,0, ,0.0,0.0,0.0,0.0,0,0,0,0,0,0,0,0
TF,HTO,40.918994,-72.316706,0, ,0.0,0.0,0.0,0.0,0,0,0,0,0,0,0,0

STAR,ENO3,CSN,1
IF,CSN,38.641203,-77.865500, ,0.0,0.0,0,0,0,0,0,0,0,0
TF,OTT,38.705872,-76.744747,0, ,0.0,0.0,0.0,0.0,0,0,0,0,0,0,0,0
TF,DEALE,38.797753,-76.533428,0, ,0.0,0.0,0.0,0.0,0,0,0,0,0,0,0,0
TF,GRACO,38.941614,-76.199783,0, ,0.0,0.0,0.0,0.0,0,0,0,0,0,0,0,0
TF,ENO,39.231647,-75.515969,0, ,0.0,0.0,0.0,0.0,0,0,0,0,0,0,0,0

STAR,ENO3,GVE,1
IF,GVE,38.013600,-78.153028, ,0.0,0.0,0,0,0,0,0,0,0,0
TF,TAPPA,37.970183,-76.844617,0, ,0.0,0.0,0.0,0.0,0,0,0,0,0,0,0,0
TF,COLIN,38.099786,-76.664125,0, ,0.0,0.0,0.0,0.0,0,0,0,0,0,0,0,0
TF,PXT,38.287856,-76.400231,0, ,0.0,0.0,0.0,0.0,0,0,0,0,0,0,0,0
TF,GARED,38.694558,-76.022767,0, ,0.0,0.0,0.0,0.0,0,0,0,0,0,0,0,0
TF,HEDGE,38.892253,-75.837350,0, ,0.0,0.0,0.0,0.0,0,0,0,0,0,0,0,0
TF,RIDGY,38.942975,-75.789814,0, ,0.0,0.0,0.0,0.0,0,0,0,0,0,0,0,0
TF,ENO,39.231647,-75.515969,0, ,0.0,0.0,0.0,0.0,0,0,0,0,0,0,0,0

STAR,ENO3,MRB,1
IF,MRB,39.385572,-77.848356, ,0.0,0.0,0,0,0,0,0,0,0,0
TF,WOOLY,39.338661,-77.036436,0, ,0.0,0.0,0.0,0.0,0,0,0,0,0,0,0,0
TF,BAL,39.171064,-76.661256,0, ,0.0,0.0,0.0,0.0,0,0,0,0,0,0,0,0
TF,SWANN,39.151467,-76.228872,0, ,0.0,0.0,0.0,0.0,0,0,0,0,0,0,0,0
TF,GOLDA,39.172297,-76.047519,0, ,0.0,0.0,0.0,0.0,0,0,0,0,0,0,0,0
TF,ENO,39.231647,-75.515969,0, ,0.0,0.0,0.0,0.0,0,0,0,0,0,0,0,0

STAR,ENO3,ORF,1
IF,ORF,36.891906,-76.200328, ,0.0,0.0,0,0,0,0,0,0,0,0
TF,SAWED,37.533536,-75.858083,0, ,0.0,0.0,0.0,0.0,0,0,0,0,0,0,0,0
TF,SBY,38.345006,-75.510575,0, ,0.0,0.0,0.0,0.0,0,0,0,0,0,0,0,0
TF,LAFLN,38.790944,-75.513256,0, ,0.0,0.0,0.0,0.0,0,0,0,0,0,0,0,0
TF,ENO,39.231647,-75.515969,0, ,0.0,0.0,0.0,0.0,0,0,0,0,0,0,0,0

STAR,ENO3,ALL,2
IF,ENO,39.231647,-75.515969, ,0.0,0.0,0,0,0,0,0,0,0,0

APPTR,I01,01,ENO
IF,ENO,39.231647,-75.515969, ,0.0,0.0,2,2000,0,0,0,0,0,0
TF,LERSE,39.016772,-75.471842,0, ,0.0,0.0,0.0,0.0,2,2000,0,0,0,0,1,0
HF,LERSE,39.016772,-75.471842,2, ,0.0,0.0,15.0,04.3,2,2000,0,1,230,0,0,0,0

FINAL,I01,01,I,3
IF,CFNRT,38.951869,-75.476508,IDOV,195.2,11.8,2,2000,0,0,0,0,0,0
CF,LERSE,39.016772,-75.471842,0,IDOV,195.2,7.9,15.0,3.9,1,2000,0,0,0,0,2,0
CF,RW01,39.117194,-75.464606,0,IDOV,195.2,1.8,15.0,6.0,1,80,0,0,0,0,3,0
CA,0,15.0,2,430,0,0,0,0,0,0
CF,DEREE,39.244083,-75.455422,0,DOV,16.8,6.7,17.0,6.7,2,2000,0,0,0,0,0,0
HM,DEREE,39.244083,-75.455422,1, ,0.0,0.0,197.0,04.3,3,4000,0,1,230,0,0,0,0

APPTR,I19,19,VCN
IF,VCN,39.537672,-74.967144, ,0.0,0.0,2,2000,0,0,0,0,0,0
TF,DEREE,39.244083,-75.455422,0, ,0.0,0.0,0.0,0.0,2,2000,0,0,0,0,0,0
HF,DEREE,39.244083,-75.455422,1, ,0.0,0.0,195.0,04.3,2,2000,0,1,230,0,1,0,0

FINAL,I19,19,I,3
IF,CFBPM,39.308917,-75.450719,ILIR,15.2,11.7,2,2000,0,0,0,0,0,0
CF,DEREE,39.244083,-75.455422,0,ILIR,15.2,7.8,195.0,3.9,1,2000,0,0,0,0,2,0
CF,RW19,39.143517,-75.462703,0,ILIR,15.2,1.8,195.0,6.0,1,77,0,0,0,0,3,0
CA,0,195.0,2,430,0,0,0,0,0,0
CF,LERSE,39.016772,-75.471842,0,DOV,193.7,6.9,195.0,6.9,2,2000,0,0,0,0,0,0
HM,LERSE,39.016772,-75.471842,2, ,0.0,0.0,14.0,04.3,3,4000,0,1,230,0,0,0,0

APPTR,R01,01,LAFLN
IF,LAFLN,38.790944,-75.513256, ,0.0,0.0,2,2000,0,0,0,0,1,0
TF,LARBE,38.899064,-75.480300,0, ,0.0,0.0,0.0,0.0,2,2000,0,0,0,0,1,0

APPTR,R01,01,LARBE
HF,LARBE,38.899064,-75.480300,2, ,0.0,0.0,15.0,04,2,2000,0,1,230,0,1,0,0

FINAL,R01,01,R,3
IF,LARBE,38.899064,-75.480300, ,0.0,0.0,2,2000,0,0,0,0,0,0
TF,LERSE,39.016772,-75.471842,0, ,0.0,0.0,15.0,7.1,2,2000,0,0,0,0,2,0
TF,RW01,39.117194,-75.464606,0, ,0.0,0.0,15.0,6.0,1,80,0,0,0,0,3,1
CA,0,15.0,2,429,0,0,0,0,0,0
DF,DEREE,39.244083,-75.455422,0, ,0.0,0.0,1,2000,0,0,0,0,0,1
HM,DEREE,39.244083,-75.455422,1, ,0.0,0.0,195.0,04,0,0,0,1,230,0,0,0,0

APPTR,R19,19,NOVTE
HF,NOVTE,39.322364,-75.449769,1, ,0.0,0.0,195.0,04,2,2000,0,1,230,0,1,0,0

FINAL,R19,19,R,3
IF,NOVTE,39.322364,-75.449769, ,0.0,0.0,2,2000,0,0,0,0,0,0
TF,DEREE,39.244083,-75.455422,0, ,0.0,0.0,195.0,4.7,2,2000,0,0,0,0,2,0
TF,RW19,39.143517,-75.462703,0, ,0.0,0.0,195.0,6.0,1,77,0,0,0,0,3,1
CA,0,195.0,2,429,0,0,0,0,0,0
DF,LERSE,39.016772,-75.471842,0, ,0.0,0.0,2,2000,0,0,0,0,0,1
HM,LERSE,39.016772,-75.471842,2, ,0.0,0.0,15.0,04,3,4000,0,1,230,0,0,0,0

APPTR,R32,32,LAFLN
IF,LAFLN,38.790944,-75.513256, ,0.0,0.0,2,2000,0,0,0,0,1,0
TF,MUKRE,38.983208,-75.262728,0, ,0.0,0.0,0.0,0.0,2,2000,0,0,0,0,1,0

APPTR,R32,32,MUKRE
HF,MUKRE,38.983208,-75.262728,1, ,0.0,0.0,332.0,05,2,2000,0,1,230,0,1,0,0

FINAL,R32,32,R,3
IF,MUKRE,38.983208,-75.262728, ,0.0,0.0,2,2000,0,0,0,0,0,0
TF,JAMOD,39.060103,-75.345494,0, ,0.0,0.0,332.0,6.0,2,2000,0,0,0,0,2,0
TF,RW32,39.118567,-75.449236,0, ,0.0,0.0,318.0,6.0,1,95,0,0,0,0,3,1
CA,0,318.0,2,429,0,0,0,0,0,0
DF,DEREE,39.244083,-75.455422,0, ,0.0,0.0,2,2000,0,0,0,0,0,1
HM,DEREE,39.244083,-75.455422,1, ,0.0,0.0,195.0,04,3,3000,0,1,230,0,0,0,0

APPTR,T01,01,ATR
IF,ATR,38.809811,-75.211322, ,0.0,0.0,2,2000,0,0,0,0,0,0
TF,CUXOK,39.015939,-75.456444,0, ,0.0,0.0,0.0,0.0,2,2000,0,0,0,0,0,0
HF,CUXOK,39.015939,-75.456444,2, ,0.0,0.0,8.0,04.3,2,2000,0,1,230,0,1,0,0

APPTR,T01,01,ENO
IF,ENO,39.231647,-75.515969, ,0.0,0.0,2,2000,0,0,0,0,0,0
TF,GLUME,38.926114,-75.553203,0, ,0.0,0.0,0.0,0.0,2,2000,0,0,0,0,1,0
AF,WEFIT,38.916111,-75.447078,1,DOV,187.8,13.0,210.0,2,2000,0,0,0,0,1,0

FINAL,T01,01,D,3
IF,WEFIT,38.916111,-75.447078,DOV,187.8,13.0,2,2000,0,0,0,0,0,0
CF,CUXOK,39.015939,-75.456444,0,DOV,187.8,7.0,8.0,6.0,2,2000,0,0,0,0,2,0
CF,OSNOE,39.114100,-75.465683,0,DOV,187.8,1.1,8.0,5.9,1,157,0,0,0,0,3,0
CA,0,8.0,2,430,0,0,0,0,0,0
CF,DEREE,39.244083,-75.455422,0,DOV,16.8,6.7,17.0,6.7,2,2000,0,0,0,0,0,0
HM,DEREE,39.244083,-75.455422,1, ,0.0,0.0,197.0,04.3,3,4000,0,1,230,0,0,0,0

APPTR,T19,19,VCN1
IF,VCN,39.537672,-74.967144, ,0.0,0.0,2,2000,0,0,0,0,0,0
TF,FIRER,39.246617,-75.436186,0, ,0.0,0.0,0.0,0.0,2,2000,0,0,0,0,0,0
HF,FIRER,39.246617,-75.436186,1, ,0.0,0.0,204.0,04.3,2,2000,0,1,230,0,1,0,0

APPTR,T19,19,VCN2
IF,VCN,39.537672,-74.967144, ,0.0,0.0,2,2000,0,0,0,0,0,0
TF,TAYFI,39.237283,-75.223508,0, ,0.0,0.0,0.0,0.0,2,2000,0,0,0,0,1,0
AF,ESTON,39.344508,-75.409342,1,DOV,24.0,13.0,73.0,2,2000,0,0,0,0,1,0

FINAL,T19,19,D,3
IF,ESTON,39.344508,-75.409342,DOV,24.0,13.0,2,2000,0,0,0,0,0,0
CF,FIRER,39.246617,-75.436186,0,DOV,24.0,7.0,204.0,6.0,2,2000,0,0,0,0,2,0
CF,ADOYU,39.145453,-75.463844,0,DOV,24.0,0.8,204.0,6.2,1,129,0,0,0,0,3,0
CF,LERSE,39.016772,-75.471842,0,DOV,193.7,6.9,194.0,7.7,2,2000,0,0,0,0,0,0
HM,LERSE,39.016772,-75.471842,2, ,0.0,0.0,14.0,04.3,3,4000,0,1,230,0,0,0,0

APPTR,T32,32,GLUME
IF,GLUME,38.926114,-75.553203, ,0.0,0.0,2,2000,0,0,0,0,1,0
AF,SUNTE,38.987553,-75.260383,1,DOV,143.8,13.0,210.0,2,2000,0,0,0,0,1,0

APPTR,T32,32,SIE
IF,SIE,39.095508,-74.800344, ,0.0,0.0,2,2000,0,0,0,0,0,0
TF,KISGE,39.054453,-75.355828,0, ,0.0,0.0,0.0,0.0,2,2000,0,0,0,0,0,0
HF,KISGE,39.054453,-75.355828,1, ,0.0,0.0,324.0,04.3,2,2000,0,1,230,0,1,0,0

FINAL,T32,32,D,3
IF,SUNTE,38.987553,-75.260383,DOV,143.8,13.0,2,2000,0,0,0,0,0,0
CF,KISGE,39.054453,-75.355828,0,DOV,143.8,7.0,324.0,6.0,2,2000,0,0,0,0,2,0
CF,DUTSE,39.115706,-75.443478,0,DOV,143.8,1.5,324.0,5.5,1,182,0,0,0,0,3,0
CA,0,324.0,2,430,0,0,0,0,0,0
CF,DEREE,39.244083,-75.455422,0,DOV,16.8,6.7,17.0,6.7,2,2000,0,0,0,0,0,0
HM,DEREE,39.244083,-75.455422,1, ,0.0,0.0,197.0,04.3,3,4000,0,1,230,0,0,0,0

