APPTR,N19,19,FST
IF,FST,30.952108,-102.975711, ,0.0,0.0,0,0,0,0,0,0,0,0
TF,BWR,30.458203,-103.646814,0, ,0.0,0.0,0.0,0.0,2,7500,0,0,0,0,0,0
PI,BWR,30.458203,-103.646814,1,FST,59.0,10.0,014,5.0,2,7000,0,0,0,0,1,0
CF,BWR,30.458203,-103.646814,0,FST,218.8,45.5,194.0,8.0,2,6200,0,0,0,0,0,0

APPTR,N19,19,MRF
IF,MRF,30.298372,-103.954756, ,0.0,0.0,0,0,0,0,0,0,0,0
TF,BWR,30.458203,-103.646814,0, ,0.0,0.0,0.0,0.0,2,9000,0,0,0,0,0,0
PI,BWR,30.458203,-103.646814,1,MRF,59.0,10.0,014,5.0,2,7000,0,0,0,0,1,0
CF,BWR,30.458203,-103.646814,0,MRF,47.8,18.7,194.0,8.0,2,6200,0,0,0,0,0,0

FINAL,N19,19,N,2
IF,BWR,30.458203,-103.646814,BWR,0.0,0.0,2,6200,0,0,0,0,2,0
CF,MA19,30.404372,-103.673167,0,BWR,0.0,0.0,194.0,3.5,1,4834,0,0,0,0,3,0
CA,0,194.0,2,4915,0,0,0,0,0,0
DF,BWR,30.458203,-103.646814,1, ,0.0,0.0,2,7000,0,0,0,0,0,0
HM,BWR,30.458203,-103.646814,1, ,0.0,0.0,194.0,04.3,0,0,0,0,0,0,0,0,0

APPTR,R19,19,FST
IF,FST,30.952108,-102.975711, ,0.0,0.0,0,0,0,0,0,0,0,0
TF,TIFME,30.580339,-103.587758,0, ,0.0,0.0,0.0,0.0,2,10000,0,0,0,0,0,1
HF,TIFME,30.580339,-103.587758,2, ,0.0,0.0,194.0,07,2,8000,0,0,0,0,1,0,0

APPTR,R19,19,MRF
IF,MRF,30.298372,-103.954756, ,0.0,0.0,0,0,0,0,0,0,0,0
TF,TIFME,30.580339,-103.587758,0, ,0.0,0.0,0.0,0.0,2,10000,0,0,0,0,0,1
HF,TIFME,30.580339,-103.587758,2, ,0.0,0.0,194.0,07,2,8000,0,0,0,0,1,0,0

FINAL,R19,19,R,3
IF,TIFME,30.580339,-103.587758, ,0.0,0.0,2,8000,0,0,0,0,0,0
TF,RUWEL,30.487914,-103.632456,0, ,0.0,0.0,194.0,6.0,2,6500,0,0,0,0,2,0
TF,RW19,30.390628,-103.679403,0, ,0.0,0.0,194.0,6.3,1,4490,0,0,0,0,3,1
CA,0,194.0,2,5200,0,0,0,0,0,0
DF,ODKAE,30.494172,-103.450953,1, ,0.0,0.0,2,9000,0,1,165,0,0,1
HM,ODKAE,30.494172,-103.450953,1, ,0.0,0.0,233.0,07,2,9000,0,0,0,0,0,0,0

APPTR,R23,23,FST
IF,FST,30.952108,-102.975711, ,0.0,0.0,0,0,0,0,0,0,0,0
TF,ODKAE,30.494172,-103.450953,0, ,0.0,0.0,0.0,0.0,2,10000,0,0,0,0,0,1
HF,ODKAE,30.494172,-103.450953,1, ,0.0,0.0,233.0,07,2,8000,0,0,0,0,1,0,0

APPTR,R23,23,MRF
IF,MRF,30.298372,-103.954756, ,0.0,0.0,0,0,0,0,0,0,0,0
TF,ODKAE,30.494172,-103.450953,0, ,0.0,0.0,0.0,0.0,2,10000,0,0,0,0,0,1
HF,ODKAE,30.494172,-103.450953,1, ,0.0,0.0,233.0,07,2,8000,0,0,0,0,1,0,0

FINAL,R23,23,R,3
IF,ODKAE,30.494172,-103.450953, ,0.0,0.0,2,8000,0,0,0,0,0,0
TF,JOLKU,30.438883,-103.569964,0, ,0.0,0.0,233.0,7.0,2,6500,0,0,0,0,2,0
TF,RW23,30.388908,-103.677214,0, ,0.0,0.0,233.0,6.3,1,4488,0,0,0,0,3,1
CA,0,233.0,2,5400,0,0,0,0,0,0
DF,ODKAE,30.494172,-103.450953,1, ,0.0,0.0,2,9000,0,1,165,0,0,1
HM,ODKAE,30.494172,-103.450953,1, ,0.0,0.0,233.0,07,0,0,0,0,0,0,0,0,0

