SID,SLATR1,08,4
VA,0,80.0,2,5300,0,0,0,0,0,0
DF,SLATR,41.876803,-104.741803,0, ,0.0,0.0,0,0,0,0,0,0,0,0

SID,SLATR1,26,4
VA,0,260.0,2,5300,0,0,0,0,0,0
DF,FAVUL,41.901403,-105.072672,0, ,0.0,0.0,0,0,0,0,0,0,0,0
TF,ZONIT,41.826800,-104.921300,0, ,0.0,0.0,0.0,0.0,0,0,0,0,0,0,0,0
TF,SLATR,41.876803,-104.741803,0, ,0.0,0.0,0.0,0.0,0,0,0,0,0,0,0,0

APPTR,R26-A,26,HOCXU
IF,HOCXU,41.987972,-104.736544, ,0.0,0.0,0,0,0,0,0,0,0,0
TF,FOLTI,42.057442,-104.606778,0, ,0.0,0.0,0.0,0.0,2,7700,0,0,0,0,0,1
HF,FOLTI,42.057442,-104.606778,2, ,0.0,0.0,261.0,07,2,7700,0,0,0,0,1,0,0

APPTR,R26-A,26,JEZZY
IF,JEZZY,42.145517,-104.847581, ,0.0,0.0,0,0,0,0,0,0,0,0
TF,FOLTI,42.057442,-104.606778,0, ,0.0,0.0,0.0,0.0,2,7700,0,0,0,0,0,1
HF,FOLTI,42.057442,-104.606778,2, ,0.0,0.0,261.0,07,2,7700,0,0,0,0,1,0,0

FINAL,R26-A,26,R,4
IF,FOLTI,42.057442,-104.606778, ,0.0,0.0,2,7700,0,0,0,0,0,0
TF,FEGER,42.056364,-104.804850,0, ,0.0,0.0,261.0,8.9,2,6400,0,0,0,0,2,0
TF,PEYCO,42.056067,-104.852875,0, ,0.0,0.0,261.0,2.2,2,5700,0,0,0,0,0,0
TF,RW26,42.055600,-104.917425,0, ,0.0,0.0,261.0,2.9,1,4817,0,0,0,0,3,1
CA,0,261.0,2,5500,0,0,0,0,0,0
DF,FOLTI,42.057442,-104.606778,2, ,0.0,0.0,2,7700,0,0,0,0,0,1
HM,FOLTI,42.057442,-104.606778,2, ,0.0,0.0,261.0,07,0,0,0,0,0,0,0,0,0

