APPTR,D18,18,ICT
IF,ICT,37.745258,-97.583831, ,0.0,0.0,2,3600,0,0,0,0,1,0
TF,VECUD,37.495231,-97.466031,0, ,0.0,0.0,0.0,0.0,2,3100,0,0,0,0,0,0
TF,KOPNE,37.432733,-97.436719,0, ,0.0,0.0,0.0,0.0,2,2900,0,0,0,0,1,0

APPTR,D18,18,KUDPY
IF,KUDPY,37.861733,-97.281069, ,0.0,0.0,0,0,0,0,0,0,1,0
AF,VECUD,37.495231,-97.466031,2,ICT,152.4,16.0,57.0,2,3100,0,0,0,0,0,0
TF,KOPNE,37.432733,-97.436719,0, ,0.0,0.0,0.0,0.0,2,2900,0,0,0,0,0,0

APPTR,D18,18,KUHCU
IF,KUHCU,37.682433,-97.910461, ,0.0,0.0,0,0,0,0,0,0,1,0
AF,VECUD,37.495231,-97.466031,1,ICT,152.4,16.0,249.0,2,3100,0,0,0,0,0,0
TF,KOPNE,37.432733,-97.436719,0, ,0.0,0.0,0.0,0.0,2,2900,0,0,0,0,0,0

FINAL,D18,18,D,3
IF,KOPNE,37.432733,-97.436719,ICT,152.4,20.0,2,2900,0,0,0,0,0,0
CF,WELIN,37.401447,-97.422064,0,ICT,152.4,22.0,152.0,2.0,2,2800,0,0,0,0,2,0
CF,RW18,37.332136,-97.388444,0,ICT,152.3,26.5,152.0,4.5,1,1317,0,0,0,0,3,0
CA,0,152.0,2,1680,0,0,0,0,0,0
VI,2, ,0.0,290.0,0,0,0,0,0,0,0,0
CF,REKOC,37.458994,-97.597553,0,HUT,149.5,36.0,329.0,12.0,2,3300,0,0,0,0,0,0
HM,REKOC,37.458994,-97.597553,2, ,0.0,0.0,149.0,04.3,0,0,0,0,0,0,0,0,0

APPTR,R18,18,JUMUG
IF,JUMUG,37.521658,-97.223219, ,0.0,0.0,0,0,0,0,0,0,1,0
TF,TANUC,37.520439,-97.390814,0, ,0.0,0.0,0.0,0.0,2,3000,0,0,0,0,1,0

APPTR,R18,18,PIYIS
IF,PIYIS,37.518978,-97.558403, ,0.0,0.0,0,0,0,0,0,0,1,0
TF,TANUC,37.520439,-97.390814,0, ,0.0,0.0,0.0,0.0,2,3000,0,0,0,0,1,0

APPTR,R18,18,TANUC
IF,TANUC,37.520439,-97.390814, ,0.0,0.0,3,6000,0,0,0,0,0,0
HF,TANUC,37.520439,-97.390814,2, ,0.0,0.0,176.0,04,2,3000,0,0,0,0,1,0,0

FINAL,R18,18,R,4
IF,TANUC,37.520439,-97.390814, ,0.0,0.0,2,3000,0,0,0,0,0,0
TF,HUMUN,37.420322,-97.389553,0, ,0.0,0.0,176.0,6.0,2,3000,0,0,0,0,2,0
TF,UDEYE,37.362172,-97.388822,0, ,0.0,0.0,176.0,3.5,2,1880,0,0,0,0,0,0
TF,RW18,37.332136,-97.388444,0, ,0.0,0.0,176.0,1.8,1,1317,0,0,0,0,3,1
CA,0,176.0,2,1477,0,0,0,0,0,0
DF,GOTPE,37.129239,-97.385906,0, ,0.0,0.0,2,3000,0,0,0,0,0,1
HM,GOTPE,37.129239,-97.385906,2, ,0.0,0.0,356.0,04,0,0,0,0,0,0,0,0,0

APPTR,R36,36,GOTPE
IF,GOTPE,37.129239,-97.385906, ,0.0,0.0,3,6000,0,0,0,0,0,0
HF,GOTPE,37.129239,-97.385906,2, ,0.0,0.0,356.0,04,2,3000,0,0,0,0,1,0,0

APPTR,R36,36,OPUPE
IF,OPUPE,37.127786,-97.552628, ,0.0,0.0,0,0,0,0,0,0,1,0
TF,GOTPE,37.129239,-97.385906,0, ,0.0,0.0,0.0,0.0,2,3000,0,0,0,0,1,0

APPTR,R36,36,ZEBUT
IF,ZEBUT,37.130456,-97.219181, ,0.0,0.0,0,0,0,0,0,0,1,0
TF,GOTPE,37.129239,-97.385906,0, ,0.0,0.0,0.0,0.0,2,3000,0,0,0,0,1,0

FINAL,R36,36,R,4
IF,GOTPE,37.129239,-97.385906, ,0.0,0.0,2,3000,0,0,0,0,0,0
TF,FORVU,37.229358,-97.387158,0, ,0.0,0.0,356.0,6.0,2,3000,0,0,0,0,2,0
TF,LIYIT,37.284483,-97.387847,0, ,0.0,0.0,356.0,3.3,2,1940,0,0,0,0,0,0
TF,RW36,37.317856,-97.388267,0, ,0.0,0.0,356.0,2.0,1,1311,0,0,0,0,3,1
CA,0,356.0,2,1527,0,0,0,0,0,0
DF,TANUC,37.520439,-97.390814,0, ,0.0,0.0,2,3000,0,0,0,0,0,1
HM,TANUC,37.520439,-97.390814,2, ,0.0,0.0,176.0,04,0,0,0,0,0,0,0,0,0

