STAR,FRWAY5,AYBID,4
IF,AYBID,28.324911,-79.262531, ,0.0,0.0,0,0,0,0,0,0,0,0
TF,MIMMI,28.029597,-79.316497,0, ,0.0,0.0,0.0,0.0,0,0,0,0,0,0,0,0
TF,NEUBE,27.486667,-79.415556,0, ,0.0,0.0,0.0,0.0,0,0,0,0,0,0,0,0
TF,SWOMP,27.143558,-79.873125,0, ,0.0,0.0,0.0,0.0,0,0,0,0,0,0,0,0
TF,FRWAY,26.952233,-79.982419,0, ,0.0,0.0,0.0,0.0,0,0,0,0,0,0,0,0

STAR,FRWAY5,OMN,4
IF,OMN,29.303253,-81.112697, ,0.0,0.0,0,0,0,0,0,0,0,0
TF,FILBE,28.702289,-80.676619,0, ,0.0,0.0,0.0,0.0,0,0,0,0,0,0,0,0
TF,OBEYS,28.175086,-80.299003,0, ,0.0,0.0,0.0,0.0,0,0,0,0,0,0,0,0
TF,HURDE,28.025228,-80.192481,0, ,0.0,0.0,0.0,0.0,0,0,0,0,0,0,0,0
TF,CHADO,27.320872,-80.136892,0, ,0.0,0.0,0.0,0.0,0,0,0,0,0,0,0,0
TF,STOOP,27.253147,-80.131397,0, ,0.0,0.0,0.0,0.0,0,0,0,0,0,0,0,0
TF,FRWAY,26.952233,-79.982419,0, ,0.0,0.0,0.0,0.0,0,0,0,0,0,0,0,0

STAR,FRWAY5,TRV,4
IF,TRV,27.678425,-80.489725, ,0.0,0.0,0,0,0,0,0,0,0,0
TF,CHADO,27.320872,-80.136892,0, ,0.0,0.0,0.0,0.0,0,0,0,0,0,0,0,0
TF,STOOP,27.253147,-80.131397,0, ,0.0,0.0,0.0,0.0,0,0,0,0,0,0,0,0
TF,FRWAY,26.952233,-79.982419,0, ,0.0,0.0,0.0,0.0,0,0,0,0,0,0,0,0

STAR,FRWAY5,ALL,5
IF,FRWAY,26.952233,-79.982419, ,0.0,0.0,0,0,0,0,0,0,0,0
TF,TUNNE,26.846244,-80.073656,0, ,0.0,0.0,0.0,0.0,0,0,0,0,0,0,0,0
TF,SANZZ,26.806531,-80.108219,0, ,0.0,0.0,0.0,0.0,0,0,0,0,0,0,0,0
TF,CASKI,26.781286,-80.452383,0, ,0.0,0.0,0.0,0.0,0,0,0,0,0,0,0,1
VM,26.845917,-80.222333,0,271.0,0,0,0,0,0,0,0,0

STAR,WLACE4,BAGGS,4
IF,BAGGS,27.134244,-82.840889, ,0.0,0.0,0,0,0,0,0,0,0,0
TF,STUUU,26.952686,-82.104814,0, ,0.0,0.0,0.0,0.0,0,0,0,0,0,0,0,0
TF,RSTAA,26.908333,-81.925000,0, ,0.0,0.0,0.0,0.0,0,0,0,0,0,0,0,0

STAR,WLACE4,MOLIE,4
IF,MOLIE,28.032092,-82.307097, ,0.0,0.0,0,0,0,0,0,0,0,0
TF,AMSAW,27.435392,-82.101394,0, ,0.0,0.0,0.0,0.0,0,0,0,0,0,0,0,0
TF,WULFF,27.067539,-81.979164,0, ,0.0,0.0,0.0,0.0,0,0,0,0,0,0,0,0
TF,RSTAA,26.908333,-81.925000,0, ,0.0,0.0,0.0,0.0,0,0,0,0,0,0,0,0

STAR,WLACE4,SRQ,4
IF,SRQ,27.407017,-82.563661, ,0.0,0.0,0,0,0,0,0,0,0,0
TF,JOOOE,27.017936,-82.065358,0, ,0.0,0.0,0.0,0.0,0,0,0,0,0,0,0,0
TF,RSTAA,26.908333,-81.925000,0, ,0.0,0.0,0.0,0.0,0,0,0,0,0,0,0,0

STAR,WLACE4,ALL,5
IF,RSTAA,26.908333,-81.925000, ,0.0,0.0,0,0,0,0,0,0,0,0
TF,WLACE,26.677778,-81.677778,0, ,0.0,0.0,0.0,0.0,0,0,0,0,0,0,0,0
TF,PRRIE,26.817186,-81.084381,0, ,0.0,0.0,0.0,0.0,0,0,0,0,0,0,0,0
TF,BOBIO,26.838631,-80.856847,0, ,0.0,0.0,0.0,0.0,0,0,0,0,0,0,0,0
TF,GULLO,26.700719,-80.477725,0, ,0.0,0.0,0.0,0.0,0,0,0,0,0,0,0,0
TF,BEKAH,26.596139,-80.201281,0, ,0.0,0.0,0.0,0.0,0,0,0,0,0,0,0,1
VM,26.845917,-80.222333,0,96.0,0,0,0,0,0,0,0,0

APPTR,I09R,09R,BOBIO
FC,BOBIO,26.838631,-80.856847,0,PHK,0.0,0.0,99.0,17.5,2,2500,0,0,0,0,1,0
CF,YIGBO,26.825581,-80.456419,0,IGHO,272.4,13.2,99.0,4.0,2,2500,0,0,0,0,1,0

APPTR,I09R,09R,YIGBO
HF,YIGBO,26.825581,-80.456419,2, ,0.0,0.0,92.0,04.3,2,2500,0,0,0,0,1,0,0

FINAL,I09R,09R,I,3
IF,YIGBO,26.825581,-80.456419,IGHO,272.4,13.2,2,2500,0,0,0,0,0,0
CF,AZCID,26.835961,-80.316411,0,IGHO,272.4,5.6,92.0,7.5,1,1600,0,0,0,0,2,0
CF,RW09R,26.842525,-80.226861,0,IGHO,272.4,0.8,92.0,4.8,1,64,0,0,0,0,3,0
CA,0,92.0,2,500,0,0,0,0,0,0
VI,0, ,0.0,33.0,0,0,0,0,0,0,0,0
CF,MORGA,26.960217,-80.198853,0,PBI,343.2,17.8,343.0,5.0,2,2000,0,0,0,0,0,0
HM,MORGA,26.960217,-80.198853,1, ,0.0,0.0,343.0,04.3,0,0,0,0,0,0,0,0,0

APPTR,R09R,09R,YIGBO
HF,YIGBO,26.825581,-80.456419,2, ,0.0,0.0,92.0,04,2,2500,0,0,0,0,1,0,0

FINAL,R09R,09R,R,4
IF,YIGBO,26.825581,-80.456419, ,0.0,0.0,2,2500,0,0,0,0,0,0
TF,AZCID,26.835961,-80.316411,0, ,0.0,0.0,92.0,7.5,2,1600,0,0,0,0,2,0
TF,XEJZI,26.840625,-80.252861,0, ,0.0,0.0,92.0,3.4,2,500,0,0,0,0,0,0
TF,RW09R,26.842525,-80.226861,0, ,0.0,0.0,92.0,1.4,1,64,0,0,0,0,3,1
CA,0,92.0,2,1700,0,0,0,0,0,0
DF,YIGBO,26.825581,-80.456419,1, ,0.0,0.0,2,2500,0,0,0,0,0,1
HM,YIGBO,26.825581,-80.456419,2, ,0.0,0.0,92.0,04,0,0,0,0,0,0,0,0,0

APPTR,R14,14,PHK
IF,PHK,26.782742,-80.691433, ,0.0,0.0,0,0,0,0,0,0,0,0
TF,WYNER,26.929211,-80.443056,0, ,0.0,0.0,0.0,0.0,2,1500,0,0,0,0,1,0
TF,SPOUN,26.975050,-80.365064,0, ,0.0,0.0,0.0,0.0,2,1500,0,0,0,0,1,0

APPTR,R14,14,YATUR
IF,YATUR,27.189906,-80.609581, ,0.0,0.0,0,0,0,0,0,0,0,0
TF,WUSIX,27.033611,-80.431603,0, ,0.0,0.0,0.0,0.0,2,1800,0,0,0,0,1,0
TF,SPOUN,26.975050,-80.365064,0, ,0.0,0.0,0.0,0.0,2,1500,0,0,0,0,1,0

FINAL,R14,14,R,4
IF,SPOUN,26.975050,-80.365064, ,0.0,0.0,2,1500,0,0,0,0,0,0
TF,ZETAP,26.902564,-80.285042,0, ,0.0,0.0,142.0,6.1,2,1500,0,0,0,0,2,0
TF,UYORA,26.871325,-80.250592,0, ,0.0,0.0,142.0,2.6,2,640,0,0,0,0,0,0
TF,RW14,26.849919,-80.227003,0, ,0.0,0.0,142.0,1.8,1,72,0,0,0,0,3,1
CA,0,142.0,2,324,0,0,0,0,0,0
DF,YADUD,26.788828,-80.159742,0, ,0.0,0.0,0,0,0,0,0,0,0,0
TF,WOPDU,26.857625,-80.017572,0, ,0.0,0.0,0.0,0.0,2,2300,0,0,0,0,0,1
HM,WOPDU,26.857625,-80.017572,2, ,0.0,0.0,272.0,04,0,0,0,0,0,0,0,0,0

APPTR,R27L,27L,WOPDU
HF,WOPDU,26.857625,-80.017572,2, ,0.0,0.0,272.0,04,2,2300,0,0,0,0,1,0,0

FINAL,R27L,27L,R,4
IF,WOPDU,26.857625,-80.017572, ,0.0,0.0,2,2300,0,0,0,0,0,0
TF,ULNOY,26.849567,-80.129825,0, ,0.0,0.0,272.0,6.0,2,1500,0,0,0,0,2,0
TF,ZOGVO,26.846317,-80.174717,0, ,0.0,0.0,272.0,2.4,2,720,0,0,0,0,0,0
TF,RW27L,26.843483,-80.213719,0, ,0.0,0.0,272.0,2.1,1,61,0,0,0,0,3,1
CA,0,272.0,2,341,0,0,0,0,0,0
DF,YIGBO,26.825581,-80.456419,0, ,0.0,0.0,2,2500,0,0,0,0,0,1
HM,YIGBO,26.825581,-80.456419,2, ,0.0,0.0,92.0,04,0,0,0,0,0,0,0,0,0

