APPTR,D14,14,MQP
IF,MQP,32.726181,-97.997442, ,0.0,0.0,0,0,0,0,0,0,1,0
TF,RIKDE,32.595525,-97.913681,0, ,0.0,0.0,0.0,0.0,2,2700,0,0,0,0,0,0

FINAL,D14,14,D,3
IF,RIKDE,32.595525,-97.913681,MQP,142.5,8.9,2,2700,0,0,0,0,0,0
CF,DATGE,32.522097,-97.866733,0,MQP,142.5,13.9,142.0,5.0,2,2500,0,0,0,0,2,0
CF,RW14,32.448697,-97.819886,0,MQP,142.5,18.9,142.0,5.0,1,812,0,0,0,0,3,0
CA,0,142.0,2,2000,0,0,0,0,0,0
DF,MQP,32.726181,-97.997442,2, ,0.0,0.0,2,3000,0,0,0,0,0,0
HM,MQP,32.726181,-97.997442,1, ,0.0,0.0,309.0,04.3,0,0,0,0,0,0,0,0,0

APPTR,R14,14,MQP
IF,MQP,32.726181,-97.997442, ,0.0,0.0,0,0,0,0,0,0,1,0
TF,NUWMN,32.599100,-97.923900,0, ,0.0,0.0,0.0,0.0,2,3000,0,0,0,0,1,0

APPTR,R14,14,NUWMN
HF,NUWMN,32.599100,-97.923900,2, ,0.0,0.0,144.0,04,2,3000,0,0,0,0,1,0,0

APPTR,R14,14,SUEZN
IF,SUEZN,32.556831,-98.008950, ,0.0,0.0,0,0,0,1,210,0,1,0
TF,NUWMN,32.599100,-97.923900,0, ,0.0,0.0,0.0,0.0,2,3000,0,0,0,0,1,0

FINAL,R14,14,R,4
IF,NUWMN,32.599100,-97.923900, ,0.0,0.0,2,3000,0,0,0,0,0,0
TF,IDOPY,32.525539,-97.872983,0, ,0.0,0.0,144.0,5.1,2,2500,0,0,0,0,2,0
TF,ADUNY,32.478481,-97.840453,0, ,0.0,0.0,144.0,3.3,2,1460,0,0,0,0,0,0
TF,RW14,32.448697,-97.819886,0, ,0.0,0.0,144.0,2.1,1,802,0,0,0,0,3,1
CA,0,144.0,2,1036,0,0,0,0,0,0
DF,INOXE,32.378997,-97.771778,0, ,0.0,0.0,2,2700,0,0,0,0,0,1
HM,INOXE,32.378997,-97.771778,2, ,0.0,0.0,324.0,04,2,2700,0,0,0,0,0,0,0

