APPTR,R13,13,HLV
IF,HLV,39.113542,-92.128233, ,0.0,0.0,0,0,0,0,0,0,0,0
TF,JIMPI,39.430183,-91.452125,0, ,0.0,0.0,0.0,0.0,2,2900,0,0,0,0,1,0
TF,WILAM,39.489808,-91.376889,0, ,0.0,0.0,0.0,0.0,2,2500,0,0,0,0,1,0

APPTR,R13,13,RIVRS
IF,RIVRS,39.422614,-90.932417, ,0.0,0.0,0,0,0,0,0,0,0,0
TF,WILAM,39.489808,-91.376889,0, ,0.0,0.0,0.0,0.0,2,2500,0,0,0,0,0,0
HF,WILAM,39.489808,-91.376889,2, ,0.0,0.0,133.0,04,2,2500,0,0,0,0,1,0,0

APPTR,R13,13,UIN
IF,UIN,39.847875,-91.278925, ,0.0,0.0,0,0,0,0,0,0,0,0
TF,APIDE,39.549383,-91.301525,0, ,0.0,0.0,0.0,0.0,2,2500,0,0,0,0,1,0
TF,WILAM,39.489808,-91.376889,0, ,0.0,0.0,0.0,0.0,2,2500,0,0,0,0,1,0

FINAL,R13,13,R,3
IF,WILAM,39.489808,-91.376889, ,0.0,0.0,2,2500,0,0,0,0,0,0
TF,FAXEN,39.430497,-91.298803,0, ,0.0,0.0,133.0,5.1,2,2500,0,0,0,0,2,0
TF,RW13,39.373008,-91.223311,0, ,0.0,0.0,133.0,4.9,1,913,0,0,0,0,3,0
CA,0,133.0,2,1286,0,0,0,0,0,0
CF,MIKOE,39.249847,-91.062175,0,UIN,159.3,37.2,133.0,9.5,2,2500,0,0,0,0,0,0
HM,MIKOE,39.249847,-91.062175,2, ,0.0,0.0,314.0,04,0,0,0,0,0,0,0,0,0

APPTR,R31,31,MEMAC
IF,MEMAC,39.018656,-91.491286, ,0.0,0.0,0,0,0,0,0,0,0,0
TF,HADAX,39.190425,-91.137422,0, ,0.0,0.0,0.0,0.0,2,2500,0,0,0,0,1,0
TF,MIKOE,39.249847,-91.062175,0, ,0.0,0.0,0.0,0.0,2,2500,0,0,0,0,1,0

APPTR,R31,31,MIKOE
HF,MIKOE,39.249847,-91.062175,2, ,0.0,0.0,314.0,04,2,2500,0,0,0,0,1,0,0

APPTR,R31,31,RIVRS
IF,RIVRS,39.422614,-90.932417, ,0.0,0.0,0,0,0,0,0,0,0,0
TF,TANKE,39.309222,-90.986803,0, ,0.0,0.0,0.0,0.0,2,2500,0,0,0,0,1,0
TF,MIKOE,39.249847,-91.062175,0, ,0.0,0.0,0.0,0.0,2,2500,0,0,0,0,1,0

FINAL,R31,31,R,4
IF,MIKOE,39.249847,-91.062175, ,0.0,0.0,2,2500,0,0,0,0,0,0
TF,ZONER,39.309811,-91.140522,0, ,0.0,0.0,314.0,5.1,2,2500,0,0,0,0,2,0
TF,22THR,39.341122,-91.181511,0, ,0.0,0.0,314.0,2.7,2,1620,0,0,0,0,0,0
TF,RW31,39.366844,-91.215231,0, ,0.0,0.0,314.0,2.2,1,926,0,0,0,0,3,0
CA,0,314.0,2,1286,0,0,0,0,0,0
CF,WILAM,39.489808,-91.376889,0,UIN,187.0,21.9,314.0,9.5,2,2500,0,0,0,0,0,0
HM,WILAM,39.489808,-91.376889,2, ,0.0,0.0,133.0,04,0,0,0,0,0,0,0,0,0

