APPTR,R31,31,IJMEP
HF,IJMEP,48.636844,-101.369594,2, ,0.0,0.0,311.0,04,2,3300,0,0,0,0,1,0,0

APPTR,R31,31,KOFOJ
IF,KOFOJ,48.690386,-101.273317, ,0.0,0.0,0,0,0,0,0,0,1,0
TF,IJMEP,48.636844,-101.369594,0, ,0.0,0.0,0.0,0.0,2,3300,0,0,0,0,1,0

APPTR,R31,31,MOT
IF,MOT,48.260336,-101.287072, ,0.0,0.0,0,0,0,0,0,0,0,0
TF,OGXEB,48.583222,-101.465669,0, ,0.0,0.0,0.0,0.0,2,4500,0,0,0,0,1,0
TF,IJMEP,48.636844,-101.369594,0, ,0.0,0.0,0.0,0.0,2,3300,0,0,0,0,1,0

FINAL,R31,31,R,3
IF,IJMEP,48.636844,-101.369594, ,0.0,0.0,2,3300,0,0,0,0,0,0
TF,EJKOW,48.700561,-101.450536,0, ,0.0,0.0,311.0,5.0,2,3300,0,0,0,0,2,0
TF,RW31,48.765111,-101.532819,0, ,0.0,0.0,311.0,5.1,1,1687,0,0,0,0,3,1
CA,0,311.0,2,3000,0,0,0,0,0,0
DF,IJMEP,48.636844,-101.369594,1, ,0.0,0.0,2,3300,0,0,0,0,0,1
HM,IJMEP,48.636844,-101.369594,2, ,0.0,0.0,311.0,04,0,0,0,0,0,0,0,0,0

