APPTR,I18L,18L,RQZ
IF,RQZ,34.797239,-86.633847, ,0.0,0.0,0,0,0,0,0,0,0,0
TF,BOLAY,34.827608,-86.761956,0, ,0.0,0.0,0.0,0.0,2,3000,0,0,0,0,1,0
HF,BOLAY,34.827608,-86.761956,1, ,0.0,0.0,185.0,04.3,2,3000,0,0,0,0,1,0,0
CF,COTIN,34.769111,-86.763133,0,ITVN,5.0,8.7,185.0,3.5,2,2500,0,0,0,0,0,0

FINAL,I18L,18L,I,3
IF,COTIN,34.769111,-86.763133,ITVN,5.0,8.7,2,2500,0,0,0,0,0,0
CF,DEBAY,34.728372,-86.763953,0,ITVN,5.0,6.3,185.0,2.4,1,2100,0,0,0,0,2,0
CF,RW18L,34.653100,-86.765464,0,ITVN,5.0,1.8,185.0,4.6,1,664,0,0,0,0,3,0
CA,0,185.0,2,2500,0,0,0,0,0,0
VI,0, ,0.0,160.0,0,0,0,0,0,0,0,0
CF,FEWER,34.310956,-86.721497,0,VUZ,11.0,39.4,191.0,10.0,2,4000,0,0,0,0,0,0
HM,FEWER,34.310956,-86.721497,1, ,0.0,0.0,191.0,04.3,0,0,0,0,0,0,0,0,0

APPTR,I18R,18R,RQZ
IF,RQZ,34.797239,-86.633847, ,0.0,0.0,0,0,0,0,0,0,0,0
TF,JASEX,34.828219,-86.778572,0, ,0.0,0.0,0.0,0.0,2,3000,0,0,0,0,0,0
HF,JASEX,34.828219,-86.778572,2, ,0.0,0.0,185.0,04.3,2,3000,0,0,0,0,1,0,0
CF,GETEC,34.768131,-86.779783,0,IHSV,5.0,9.2,185.0,3.6,2,2500,0,0,0,0,0,0

FINAL,I18R,18R,I,3
IF,GETEC,34.768131,-86.779783,IHSV,5.0,9.2,2,2500,0,0,0,0,0,0
CF,FEKER,34.727000,-86.780611,0,IHSV,5.0,6.7,185.0,2.5,1,2100,0,0,0,0,2,0
CF,RW18R,34.652786,-86.782100,0,IHSV,5.0,2.2,185.0,4.5,1,684,0,0,0,0,3,0
CA,0,185.0,2,1300,0,0,0,0,0,0
VI,0, ,0.0,270.0,0,0,0,0,0,0,0,0
CF,JUVLO,34.501414,-87.089892,0,RQZ,230.0,28.7,230.0,9.0,2,3000,0,0,0,0,0,0
HM,JUVLO,34.501414,-87.089892,2, ,0.0,0.0,230.0,04.3,0,0,0,0,0,0,0,0,0

APPTR,I36L,36L,BOSAC
HF,BOSAC,34.408103,-86.786997,1, ,0.0,0.0,5.0,04.3,2,2800,0,0,0,0,1,0,0

FINAL,I36L,36L,I,3
IF,BOSAC,34.408103,-86.786997,IELL,185.0,14.8,2,2800,0,0,0,0,0,0
CF,CECAB,34.506247,-86.785033,0,IELL,185.0,9.0,5.0,5.9,1,2800,0,0,0,0,2,0
CF,RW36L,34.618172,-86.782792,0,IELL,184.9,2.2,5.0,6.7,1,664,0,0,0,0,3,0
CA,0,5.0,2,1100,0,0,0,0,0,0
VI,0, ,0.0,350.0,0,0,0,0,0,0,0,0
CF,TANNE,34.760744,-86.987369,0,RQZ,261.0,17.6,261.0,8.0,2,3000,0,0,0,0,0,0
HM,TANNE,34.760744,-86.987369,2, ,0.0,0.0,81.0,04.3,0,0,0,0,0,0,0,0,0

APPTR,I36R,36R,ENIKY
HF,ENIKY,34.418464,-86.770167,2, ,0.0,0.0,5.0,04.3,2,3000,0,0,0,0,1,0,0

FINAL,I36R,36R,I,3
IF,ENIKY,34.418464,-86.770167,IJJC,185.0,14.3,2,3000,0,0,0,0,0,0
CF,UJOTY,34.518422,-86.768164,0,IJJC,185.0,8.3,5.0,6.0,1,2700,0,0,0,0,2,0
CF,RW36R,34.626175,-86.766006,0,IJJC,185.0,1.8,5.0,6.5,1,644,0,0,0,0,3,0
CA,0,5.0,2,1500,0,0,0,0,0,0
DF,RQZ,34.797239,-86.633847,0, ,0.0,0.0,2,4000,0,0,0,0,0,0
HM,RQZ,34.797239,-86.633847,2, ,0.0,0.0,183.0,04.3,0,0,0,0,0,0,0,0,0

APPTR,R18L,18L,BISBE
HF,BISBE,34.849400,-86.761528,1, ,0.0,0.0,185.0,07,2,3000,0,0,0,0,1,0,0

FINAL,R18L,18L,R,5
IF,BISBE,34.849400,-86.761528, ,0.0,0.0,2,3000,0,0,0,0,0,0
TF,COTIN,34.769111,-86.763133,0, ,0.0,0.0,185.0,4.8,2,2500,0,0,0,0,0,0
TF,DEBAY,34.728372,-86.763953,0, ,0.0,0.0,185.0,2.4,2,2100,0,0,0,0,2,0
TF,FEKSO,34.682247,-86.764878,0, ,0.0,0.0,185.0,2.8,2,1220,0,0,0,0,0,0
TF,RW18L,34.653100,-86.765464,0, ,0.0,0.0,185.0,1.8,1,664,0,0,0,0,3,1
CA,0,185.0,2,809,0,0,0,0,0,0
DF,ENIKY,34.418464,-86.770167,0, ,0.0,0.0,2,3000,0,0,0,0,0,1
HM,ENIKY,34.418464,-86.770167,2, ,0.0,0.0,5.0,07,0,0,0,0,0,0,0,0,0

APPTR,R18R,18R,HAGUR
HF,HAGUR,34.848419,-86.778164,2, ,0.0,0.0,185.0,07,2,3000,0,0,0,0,1,0,0

FINAL,R18R,18R,R,4
IF,HAGUR,34.848419,-86.778164, ,0.0,0.0,2,3000,0,0,0,0,0,0
TF,GETEC,34.768131,-86.779783,0, ,0.0,0.0,185.0,4.8,2,2500,0,0,0,0,0,0
TF,FEKER,34.727000,-86.780611,0, ,0.0,0.0,185.0,2.5,2,2100,0,0,0,0,2,0
TF,RW18R,34.652786,-86.782100,0, ,0.0,0.0,185.0,4.5,1,684,0,0,0,0,3,1
CA,0,185.0,2,829,0,0,0,0,0,0
DF,BOSAC,34.408103,-86.786997,0, ,0.0,0.0,2,3000,0,0,0,0,0,1
HM,BOSAC,34.408103,-86.786997,1, ,0.0,0.0,5.0,07,0,0,0,0,0,0,0,0,0

APPTR,R36L,36L,BOSAC
HF,BOSAC,34.408103,-86.786997,1, ,0.0,0.0,5.0,07,2,2800,0,0,0,0,1,0,0

FINAL,R36L,36L,R,4
IF,BOSAC,34.408103,-86.786997, ,0.0,0.0,2,2800,0,0,0,0,0,0
TF,CECAB,34.506247,-86.785033,0, ,0.0,0.0,5.0,5.9,2,2800,0,0,0,0,2,0
TF,HEREG,34.585919,-86.783439,0, ,0.0,0.0,5.0,4.8,2,1280,0,0,0,0,0,0
TF,RW36L,34.618172,-86.782792,0, ,0.0,0.0,5.0,1.9,1,664,0,0,0,0,3,1
CA,0,5.0,2,815,0,0,0,0,0,0
DF,JASEX,34.828219,-86.778572,0, ,0.0,0.0,2,3000,0,0,0,0,0,1
HM,JASEX,34.828219,-86.778572,2, ,0.0,0.0,185.0,07,0,0,0,0,0,0,0,0,0

APPTR,R36R,36R,ENIKY
HF,ENIKY,34.418464,-86.770167,2, ,0.0,0.0,5.0,07,2,3000,0,0,0,0,1,0,0

FINAL,R36R,36R,R,4
IF,ENIKY,34.418464,-86.770167, ,0.0,0.0,2,3000,0,0,0,0,0,0
TF,UJOTY,34.518422,-86.768164,0, ,0.0,0.0,5.0,6.0,2,2700,0,0,0,0,2,0
TF,NERTZ,34.592853,-86.766675,0, ,0.0,0.0,5.0,4.5,2,1280,0,0,0,0,0,0
TF,RW36R,34.626175,-86.766006,0, ,0.0,0.0,5.0,2.0,1,644,0,0,0,0,3,1
CA,0,5.0,2,801,0,0,0,0,0,0
DF,BOLAY,34.827608,-86.761956,0, ,0.0,0.0,2,3000,0,0,0,0,0,1
HM,BOLAY,34.827608,-86.761956,1, ,0.0,0.0,185.0,07,0,0,0,0,0,0,0,0,0

