APPTR,R10-X,10,CCC
IF,CCC,40.929625,-72.798861, ,0.0,0.0,0,0,0,0,0,0,1,0
TF,JORNU,40.956806,-72.398861,0, ,0.0,0.0,0.0,0.0,2,1800,0,0,0,0,1,0

APPTR,R10-X,10,HTO
IF,HTO,40.918994,-72.316706, ,0.0,0.0,0,0,0,0,0,0,0,0
TF,JORNU,40.956806,-72.398861,0, ,0.0,0.0,0.0,0.0,2,1800,0,0,0,0,0,1
HF,JORNU,40.956806,-72.398861,1, ,0.0,0.0,102.0,04,2,1800,0,0,0,0,1,0,0

FINAL,R10-X,10,R,3
IF,JORNU,40.956806,-72.398861, ,0.0,0.0,2,1800,0,0,0,0,0,0
TF,HURUN,40.957886,-72.328572,0, ,0.0,0.0,102.0,3.2,2,1500,0,0,0,0,2,0
TF,RW10,40.958883,-72.260300,0, ,0.0,0.0,102.0,3.1,1,115,0,0,0,0,3,1
CA,0,102.0,2,394,0,0,0,0,0,0
DF,BIGGA,40.962222,-72.007342,0, ,0.0,0.0,2,2000,0,0,0,0,0,1
HM,BIGGA,40.962222,-72.007342,2, ,0.0,0.0,102.0,04,0,0,0,0,0,0,0,0,0

APPTR,R10-Y,10,HTO
IF,HTO,40.918994,-72.316706, ,0.0,0.0,0,0,0,0,0,0,0,0
TF,MATHW,40.955308,-72.493869,0, ,0.0,0.0,0.0,0.0,2,1800,0,0,0,0,0,1
HF,MATHW,40.955308,-72.493869,2, ,0.0,0.0,102.0,04,2,1800,0,0,0,0,1,0,0

APPTR,R10-Y,10,JORDN
IF,JORDN,41.054700,-71.914628, ,0.0,0.0,0,0,0,0,0,0,0,0
TF,MATHW,40.955308,-72.493869,0, ,0.0,0.0,0.0,0.0,2,1800,0,0,0,0,0,1
HF,MATHW,40.955308,-72.493869,2, ,0.0,0.0,102.0,04,2,1800,0,0,0,0,1,0,0

FINAL,R10-Y,10,R,4
IF,MATHW,40.955308,-72.493869, ,0.0,0.0,2,1800,0,0,0,0,0,0
TF,GOODI,40.957381,-72.362364,0, ,0.0,0.0,102.0,6.0,2,1600,0,0,0,0,2,0
TF,LAZYE,40.958117,-72.313086,0, ,0.0,0.0,102.0,2.2,2,860,0,0,0,0,0,0
TF,RW10,40.958883,-72.260300,0, ,0.0,0.0,102.0,2.4,1,115,0,0,0,0,3,1
CA,0,102.0,2,455,0,0,0,0,0,0
DF,BIGGA,40.962222,-72.007342,0, ,0.0,0.0,2,2000,0,0,0,0,0,1
HM,BIGGA,40.962222,-72.007342,2, ,0.0,0.0,102.0,04,0,0,0,0,0,0,0,0,0

APPTR,R10-Z,10,HTO
IF,HTO,40.918994,-72.316706, ,0.0,0.0,0,0,0,0,0,0,0,0
TF,MATHW,40.955308,-72.493869,0, ,0.0,0.0,0.0,0.0,2,1800,0,0,0,0,0,1
HF,MATHW,40.955308,-72.493869,2, ,0.0,0.0,102.0,04,2,1800,0,0,0,0,1,0,0

APPTR,R10-Z,10,JORDN
IF,JORDN,41.054700,-71.914628, ,0.0,0.0,0,0,0,0,0,0,0,0
TF,MATHW,40.955308,-72.493869,0, ,0.0,0.0,0.0,0.0,2,1800,0,0,0,0,0,1
HF,MATHW,40.955308,-72.493869,2, ,0.0,0.0,102.0,04,2,1800,0,0,0,0,1,0,0

FINAL,R10-Z,10,R,3
IF,MATHW,40.955308,-72.493869, ,0.0,0.0,2,1800,0,0,0,0,0,0
TF,GOODI,40.957381,-72.362364,0, ,0.0,0.0,102.0,6.0,2,1800,0,0,0,0,2,0
TF,RW10,40.958883,-72.260300,0, ,0.0,0.0,102.0,4.6,1,115,0,0,0,0,3,1
CA,0,102.0,2,361,0,0,0,0,0,0
DF,BIGGA,40.962222,-72.007342,0, ,0.0,0.0,2,2000,0,0,0,0,0,1
HM,BIGGA,40.962222,-72.007342,2, ,0.0,0.0,102.0,04,0,0,0,0,0,0,0,0,0

APPTR,R28-Y,28,JORDN
IF,JORDN,41.054700,-71.914628, ,0.0,0.0,0,0,0,0,0,0,1,0
TF,BIGGA,40.962222,-72.007342,0, ,0.0,0.0,0.0,0.0,2,2000,0,0,0,0,1,0

APPTR,R28-Y,28,SEFRD
IF,SEFRD,40.845556,-72.001978, ,0.0,0.0,0,0,0,0,0,0,1,0
TF,BIGGA,40.962222,-72.007342,0, ,0.0,0.0,0.0,0.0,2,2000,0,0,0,0,1,0

FINAL,R28-Y,28,R,4
IF,BIGGA,40.962222,-72.007342, ,0.0,0.0,2,2000,0,0,0,0,0,0
TF,FEAST,40.960536,-72.140175,0, ,0.0,0.0,282.0,6.0,2,1600,0,0,0,0,2,0
TF,HTOAD,40.959583,-72.210586,0, ,0.0,0.0,282.0,3.2,2,580,0,0,0,0,0,0
TF,RW28,40.959103,-72.244897,0, ,0.0,0.0,282.0,1.6,1,90,0,0,0,0,3,1
CA,0,282.0,2,400,0,0,0,0,0,0
DF,MATHW,40.955308,-72.493869,0, ,0.0,0.0,2,2000,0,0,0,0,0,1
HM,MATHW,40.955308,-72.493869,2, ,0.0,0.0,102.0,04,0,0,0,0,0,0,0,0,0

APPTR,R28-Z,28,JORDN
IF,JORDN,41.054700,-71.914628, ,0.0,0.0,0,0,0,0,0,0,1,0
TF,BIGGA,40.962222,-72.007342,0, ,0.0,0.0,0.0,0.0,2,2000,0,0,0,0,1,0

APPTR,R28-Z,28,SEFRD
IF,SEFRD,40.845556,-72.001978, ,0.0,0.0,0,0,0,0,0,0,1,0
TF,BIGGA,40.962222,-72.007342,0, ,0.0,0.0,0.0,0.0,2,2000,0,0,0,0,1,0

FINAL,R28-Z,28,R,4
IF,BIGGA,40.962222,-72.007342, ,0.0,0.0,2,2000,0,0,0,0,0,0
TF,FEAST,40.960536,-72.140175,0, ,0.0,0.0,282.0,6.0,2,1900,0,0,0,0,2,0
TF,HTOAD,40.959583,-72.210586,0, ,0.0,0.0,282.0,3.2,2,680,0,0,0,0,0,0
TF,RW28,40.959103,-72.244897,0, ,0.0,0.0,282.0,1.6,1,90,0,0,0,0,3,1
CA,0,282.0,2,346,0,0,0,0,0,0
DF,MATHW,40.955308,-72.493869,0, ,0.0,0.0,2,2000,0,0,0,0,0,1
HM,MATHW,40.955308,-72.493869,2, ,0.0,0.0,102.0,04,0,0,0,0,0,0,0,0,0

