APPTR,R09,09,BAXTA
IF,BAXTA,46.327014,-109.886817, ,0.0,0.0,0,0,0,0,0,0,0,0
TF,FAMGI,46.480347,-110.156875,0, ,0.0,0.0,0.0,0.0,2,8300,0,0,0,0,0,1
HF,FAMGI,46.480347,-110.156875,2, ,0.0,0.0,88.0,07,2,8300,0,0,0,0,1,0,0

APPTR,R09,09,TEKOE
IF,TEKOE,46.939253,-110.233022, ,0.0,0.0,0,0,0,0,0,0,1,0
TF,RIELS,46.612769,-110.178769,0, ,0.0,0.0,0.0,0.0,2,9700,0,0,0,0,0,0
TF,FAMGI,46.480347,-110.156875,0, ,0.0,0.0,0.0,0.0,2,8300,0,0,0,0,1,0

FINAL,R09,09,R,5
IF,FAMGI,46.480347,-110.156875, ,0.0,0.0,2,8300,0,0,0,0,0,0
TF,AZAPU,46.467086,-110.029297,0, ,0.0,0.0,88.0,5.4,2,6500,0,0,0,0,0,0
TF,HALKO,46.461475,-109.975731,0, ,0.0,0.0,88.0,2.3,2,5900,0,0,0,0,2,0
TF,RECTA,46.455817,-109.921469,0, ,0.0,0.0,88.0,2.3,2,5160,0,0,0,0,0,0
TF,RW09,46.449478,-109.861003,0, ,0.0,0.0,88.0,2.5,1,4367,0,0,0,0,3,1
CA,0,88.0,2,4673,0,0,0,0,0,0
DF,FALKI,46.434364,-109.718061,0, ,0.0,0.0,0,0,0,0,0,0,0,0
TF,TASSE,46.066014,-108.970242,0, ,0.0,0.0,0.0,0.0,2,8000,0,0,0,0,0,1
HM,TASSE,46.066014,-108.970242,2, ,0.0,0.0,114.0,07,0,0,0,0,0,0,0,0,0

