APPTR,N23,23,LOTTS
IF,LOTTS,32.336567,-81.855117, ,0.0,0.0,0,0,0,0,0,0,0,0
TF,JYL,32.649169,-81.594278,0, ,0.0,0.0,0.0,0.0,2,2500,0,0,0,0,0,0
PI,JYL,32.649169,-81.594278,1,SAV,113.0,10.0,068,5.0,2,2000,0,0,0,0,1,0
CF,FF23,32.696856,-81.492444,0,SAV,341.8,36.2,248.0,4.1,2,2000,0,0,0,0,0,0

APPTR,N23,23,MILEN
IF,MILEN,32.900800,-81.609442, ,0.0,0.0,0,0,0,0,0,0,0,0
TF,JYL,32.649169,-81.594278,0, ,0.0,0.0,0.0,0.0,2,2500,0,0,0,0,0,0
PI,JYL,32.649169,-81.594278,1,SAV,113.0,10.0,068,5.0,2,2000,0,0,0,0,1,0
CF,FF23,32.696856,-81.492444,0,SAV,341.8,36.2,248.0,4.1,2,2000,0,0,0,0,0,0

APPTR,N23,23,SAV
IF,SAV,32.146267,-81.199106, ,0.0,0.0,0,0,0,0,0,0,0,0
TF,JYL,32.649169,-81.594278,0, ,0.0,0.0,0.0,0.0,2,2000,0,0,0,0,0,0
PI,JYL,32.649169,-81.594278,1,SAV,113.0,10.0,068,5.0,2,2000,0,0,0,0,1,0
CF,FF23,32.696856,-81.492444,0,SAV,341.8,36.2,248.0,4.1,2,2000,0,0,0,0,0,0

FINAL,N23,23,N,2
IF,FF23,32.696856,-81.492444,JYL,0.0,0.0,2,2000,0,0,0,0,2,0
CF,RW23,32.650192,-81.587461,0,JYL,0.0,0.0,248.0,5.6,1,228,0,0,0,0,3,0
CF,JYL,32.649169,-81.594278,0,SAV,332.4,36.2,248.0,0.4,2,590,0,0,0,0,0,0
CA,0,248.0,2,1500,0,0,0,0,0,0
DF,JYL,32.649169,-81.594278,1, ,0.0,0.0,2,2000,0,0,0,0,0,0
HM,JYL,32.649169,-81.594278,2, ,0.0,0.0,243.0,04.3,2,2000,0,0,0,0,0,0,0

APPTR,R05,05,TIKIE
HF,TIKIE,32.500911,-81.779403,2, ,0.0,0.0,54.0,04,2,2500,0,0,0,0,1,0,0

FINAL,R05,05,R,4
IF,TIKIE,32.500911,-81.779403, ,0.0,0.0,2,2500,0,0,0,0,0,0
TF,LIPSE,32.580028,-81.677803,0, ,0.0,0.0,54.0,7.0,2,1900,0,0,0,0,2,0
TF,CESOR,32.604856,-81.645861,0, ,0.0,0.0,54.0,2.2,2,1200,0,0,0,0,0,0
TF,RW05,32.639972,-81.600633,0, ,0.0,0.0,54.0,3.1,1,210,0,0,0,0,3,1
CA,0,54.0,2,428,0,0,0,0,0,0
DF,HOBOB,32.788239,-81.409044,0, ,0.0,0.0,2,2000,0,0,0,0,0,1
HM,HOBOB,32.788239,-81.409044,2, ,0.0,0.0,235.0,04,0,0,0,0,0,0,0,0,0

APPTR,R23,23,HOBOB
HF,HOBOB,32.788239,-81.409044,2, ,0.0,0.0,235.0,04,2,2000,0,0,0,0,1,0,0

FINAL,R23,23,R,4
IF,HOBOB,32.788239,-81.409044, ,0.0,0.0,2,2000,0,0,0,0,0,0
TF,BUYDA,32.709344,-81.511119,0, ,0.0,0.0,235.0,7.0,2,1900,0,0,0,0,2,0
TF,THOLN,32.677467,-81.552278,0, ,0.0,0.0,235.0,2.8,2,800,0,0,0,0,0,0
TF,RW23,32.650192,-81.587461,0, ,0.0,0.0,235.0,2.4,1,228,0,0,0,0,3,1
CA,0,235.0,2,494,0,0,0,0,0,0
DF,TIKIE,32.500911,-81.779403,0, ,0.0,0.0,2,2500,0,0,0,0,0,1
HM,TIKIE,32.500911,-81.779403,2, ,0.0,0.0,54.0,04,0,0,0,0,0,0,0,0,0

