APPTR,D05-A,05,ELW
IF,ELW,34.419186,-82.784683, ,0.0,0.0,0,0,0,0,0,0,1,0
TF,KUWZU,34.559022,-82.755478,0, ,0.0,0.0,0.0,0.0,2,2600,0,0,0,0,1,0

APPTR,D05-A,05,ODF
IF,ODF,34.695872,-83.297661, ,0.0,0.0,0,0,0,0,0,0,0,0
TF,MAVIN,34.715306,-82.722750,0, ,0.0,0.0,0.0,0.0,2,3500,0,0,0,0,0,0
PI,MAVIN,34.715306,-82.722750,1,ELW,235.0,10.0,190,5.0,2,3000,0,0,0,0,1,0

FINAL,D05-A,05,D,3
IF,KUWZU,34.559022,-82.755478,ELW,9.8,8.5,2,2600,0,0,0,0,0,0
CF,MAVIN,34.715306,-82.722750,0,ELW,9.8,18.0,10.0,9.5,2,2600,0,0,0,0,2,0
CF,MABDY,34.804122,-82.704083,0,ELW,9.8,23.4,10.0,5.4,1,1660,0,0,0,0,3,0
CA,0,10.0,2,2200,0,0,0,0,0,0
VI,2, ,0.0,200.0,0,0,0,0,0,0,0,0
CF,MAVIN,34.715306,-82.722750,0,ELW,9.8,18.0,190.0,1.0,2,3000,0,0,0,0,0,0
HM,MAVIN,34.715306,-82.722750,2, ,0.0,0.0,10.0,04.3,0,0,0,0,0,0,0,0,0

APPTR,D23-A,23,ELW
IF,ELW,34.419186,-82.784683, ,0.0,0.0,0,0,0,0,0,0,1,0
TF,KUWZU,34.559022,-82.755478,0, ,0.0,0.0,0.0,0.0,2,2600,0,0,0,0,1,0

APPTR,D23-A,23,ODF
IF,ODF,34.695872,-83.297661, ,0.0,0.0,0,0,0,0,0,0,0,0
TF,MAVIN,34.715306,-82.722750,0, ,0.0,0.0,0.0,0.0,2,3500,0,0,0,0,0,0
PI,MAVIN,34.715306,-82.722750,1,ELW,235.0,10.0,190,5.0,2,3000,0,0,0,0,1,0

FINAL,D23-A,23,D,3
IF,KUWZU,34.559022,-82.755478,ELW,9.8,8.5,2,2600,0,0,0,0,0,0
CF,MAVIN,34.715306,-82.722750,0,ELW,9.8,18.0,10.0,9.5,2,2600,0,0,0,0,2,0
CF,MABDY,34.804122,-82.704083,0,ELW,9.8,23.4,10.0,5.4,1,1660,0,0,0,0,3,0
CA,0,10.0,2,2200,0,0,0,0,0,0
VI,2, ,0.0,200.0,0,0,0,0,0,0,0,0
CF,MAVIN,34.715306,-82.722750,0,ELW,9.8,18.0,190.0,1.0,2,3000,0,0,0,0,0,0
HM,MAVIN,34.715306,-82.722750,2, ,0.0,0.0,10.0,04.3,0,0,0,0,0,0,0,0,0

APPTR,R05,05,HULNO
IF,HULNO,34.626822,-82.775894, ,0.0,0.0,2,3700,0,0,0,0,1,0
TF,ZAKOB,34.684631,-82.848767,0, ,0.0,0.0,0.0,0.0,2,3000,0,0,0,0,1,0

APPTR,R05,05,WOKEP
IF,WOKEP,34.742394,-82.921739, ,0.0,0.0,2,3700,0,0,0,0,1,0
TF,ZAKOB,34.684631,-82.848767,0, ,0.0,0.0,0.0,0.0,2,3000,0,0,0,0,1,0

APPTR,R05,05,ZAKOB
HF,ZAKOB,34.684631,-82.848767,2, ,0.0,0.0,48.0,04,2,3000,0,0,0,0,1,0,0

FINAL,R05,05,R,3
IF,ZAKOB,34.684631,-82.848767, ,0.0,0.0,2,3000,0,0,0,0,0,0
TF,CONOA,34.760461,-82.760583,0, ,0.0,0.0,48.0,6.3,2,2200,0,0,0,0,2,0
TF,RW05,34.805022,-82.708656,0, ,0.0,0.0,48.0,3.7,1,1009,0,0,0,0,3,1
DF,YACUD,34.965156,-82.521339,0, ,0.0,0.0,2,4000,0,0,0,0,0,1
HM,YACUD,34.965156,-82.521339,2, ,0.0,0.0,228.0,04,0,0,0,0,0,0,0,0,0

APPTR,R23,23,HELEV
IF,HELEV,35.023117,-82.594328, ,0.0,0.0,2,5200,0,0,0,0,1,0
TF,YACUD,34.965156,-82.521339,0, ,0.0,0.0,0.0,0.0,2,4000,0,0,0,0,0,0
TF,CUROM,34.918761,-82.575719,0, ,0.0,0.0,0.0,0.0,2,3300,0,0,0,0,0,0

APPTR,R23,23,YACUD
HF,YACUD,34.965156,-82.521339,2, ,0.0,0.0,228.0,04,2,4000,0,0,0,0,1,0,0
TF,CUROM,34.918761,-82.575719,0, ,0.0,0.0,0.0,0.0,2,3300,0,0,0,0,0,0

APPTR,R23,23,ZERSI
IF,ZERSI,34.907150,-82.448453, ,0.0,0.0,2,4600,0,0,0,0,1,0
TF,YACUD,34.965156,-82.521339,0, ,0.0,0.0,0.0,0.0,2,4000,0,0,0,0,0,0
TF,CUROM,34.918761,-82.575719,0, ,0.0,0.0,0.0,0.0,2,3300,0,0,0,0,0,0

FINAL,R23,23,R,4
IF,CUROM,34.918761,-82.575719, ,0.0,0.0,2,3300,0,0,0,0,0,0
TF,WIREN,34.872372,-82.630003,0, ,0.0,0.0,228.0,3.9,2,2600,0,0,0,0,2,0
TF,ZISCO,34.844989,-82.662003,0, ,0.0,0.0,228.0,2.3,2,1860,0,0,0,0,0,0
TF,RW23,34.814922,-82.697106,0, ,0.0,0.0,228.0,2.5,1,1058,0,0,0,0,3,1
DF,ZAKOB,34.684631,-82.848767,0, ,0.0,0.0,2,3000,0,0,0,0,0,1
HM,ZAKOB,34.684631,-82.848767,2, ,0.0,0.0,48.0,04,0,0,0,0,0,0,0,0,0

