SID,LWM9,05,1
VA,0,53.0,2,1100,0,0,0,0,0,0
VM,0,0,0,53.0,0,0,0,0,0,0,0,0

SID,LWM9,14,1
VA,0,137.0,2,550,0,0,0,0,0,0
VM,0,0,0,137.0,0,0,0,0,0,0,0,0

SID,LWM9,23,1
VA,0,233.0,2,550,0,0,0,0,0,0
VM,0,0,0,233.0,0,0,0,0,0,0,0,0

SID,LWM9,32,1
VA,0,317.0,2,550,0,0,0,0,0,0
VM,0,0,0,317.0,0,0,0,0,0,0,0,0

STAR,DREEM2,HFD,4
IF,HFD,41.641106,-72.547417, ,0.0,0.0,0,0,0,0,0,0,0,0
TF,DVANY,41.862378,-72.303125,0, ,0.0,0.0,0.0,0.0,0,0,0,0,0,0,0,0
TF,GRAYM,42.101186,-72.031525,0, ,0.0,0.0,0.0,0.0,0,0,0,0,0,0,0,0
TF,GASSE,42.262831,-71.854864,0, ,0.0,0.0,0.0,0.0,0,0,0,0,0,0,0,0
TF,DREEM,42.361847,-71.742814,0, ,0.0,0.0,0.0,0.0,0,0,0,0,0,0,0,0

STAR,DREEM2,ORW,4
IF,ORW,41.556403,-71.999353, ,0.0,0.0,0,0,0,0,0,0,0,0
TF,MOGUL,41.722989,-72.009131,0, ,0.0,0.0,0.0,0.0,0,0,0,0,0,0,0,0
TF,BLATT,41.826972,-72.015261,0, ,0.0,0.0,0.0,0.0,0,0,0,0,0,0,0,0
TF,GRAYM,42.101186,-72.031525,0, ,0.0,0.0,0.0,0.0,0,0,0,0,0,0,0,0
TF,GASSE,42.262831,-71.854864,0, ,0.0,0.0,0.0,0.0,0,0,0,0,0,0,0,0
TF,DREEM,42.361847,-71.742814,0, ,0.0,0.0,0.0,0.0,0,0,0,0,0,0,0,0

STAR,DREEM2,WIPOR,4
IF,WIPOR,41.656408,-72.177131, ,0.0,0.0,0,0,0,0,0,0,0,0
TF,PAISN,41.839600,-72.117375,0, ,0.0,0.0,0.0,0.0,0,0,0,0,0,0,0,0
TF,GRAYM,42.101186,-72.031525,0, ,0.0,0.0,0.0,0.0,0,0,0,0,0,0,0,0
TF,GASSE,42.262831,-71.854864,0, ,0.0,0.0,0.0,0.0,0,0,0,0,0,0,0,0
TF,DREEM,42.361847,-71.742814,0, ,0.0,0.0,0.0,0.0,0,0,0,0,0,0,0,0

STAR,DREEM2,ALL,5
IF,DREEM,42.361847,-71.742814, ,0.0,0.0,0,0,0,0,0,0,0,0
TF,WANLA,42.419275,-71.661258,0, ,0.0,0.0,0.0,0.0,0,0,0,0,0,0,0,0
TF,ZELKA,42.494972,-71.553408,0, ,0.0,0.0,0.0,0.0,0,0,0,0,0,0,0,0
TF,RIKAH,42.551397,-71.418675,0, ,0.0,0.0,0.0,0.0,0,0,0,0,0,0,0,1
FM,RIKAH,42.551397,-71.418675,0,BOS,0.0,0.0,76.0,0,0,0,0,0,0,0,0

STAR,GRAYM6,HFD,1
IF,HFD,41.641106,-72.547417, ,0.0,0.0,0,0,0,0,0,0,0,0
TF,DVANY,41.862378,-72.303125,0, ,0.0,0.0,0.0,0.0,0,0,0,0,0,0,0,0
TF,GRAYM,42.101186,-72.031525,0, ,0.0,0.0,0.0,0.0,0,0,0,0,0,0,0,0

STAR,GRAYM6,ORW,1
IF,ORW,41.556403,-71.999353, ,0.0,0.0,0,0,0,0,0,0,0,0
TF,MOGUL,41.722989,-72.009131,0, ,0.0,0.0,0.0,0.0,0,0,0,0,0,0,0,0
TF,BLATT,41.826972,-72.015261,0, ,0.0,0.0,0.0,0.0,0,0,0,0,0,0,0,0
TF,GRAYM,42.101186,-72.031525,0, ,0.0,0.0,0.0,0.0,0,0,0,0,0,0,0,0

STAR,GRAYM6,ALL,2
IF,GRAYM,42.101186,-72.031525, ,0.0,0.0,0,0,0,0,0,0,0,0
TF,GASSE,42.262831,-71.854864,0, ,0.0,0.0,0.0,0.0,0,0,0,0,0,0,0,0
TF,DREEM,42.361847,-71.742814,0, ,0.0,0.0,0.0,0.0,0,0,0,0,0,0,0,0

STAR,ZELKA2,EEGUL,4
IF,EEGUL,42.625342,-73.137919, ,0.0,0.0,0,0,0,0,0,0,0,0
TF,TERIA,42.605486,-72.959353,0, ,0.0,0.0,0.0,0.0,2,24000,0,0,0,0,0,0
TF,HAUKS,42.520550,-72.257439,0, ,0.0,0.0,0.0,0.0,2,14000,0,0,0,0,0,0
TF,WORIA,42.496439,-72.068042,0, ,0.0,0.0,0.0,0.0,4,13000,11000,0,0,0,0,0
TF,BCATS,42.496081,-71.842747,0, ,0.0,0.0,0.0,0.0,4,9000,8000,0,0,0,0,0
TF,GOLEE,42.495394,-71.643522,0, ,0.0,0.0,0.0,0.0,1,6000,0,0,0,0,0,0
TF,ZELKA,42.494972,-71.553408,0, ,0.0,0.0,0.0,0.0,0,0,0,0,0,0,0,0

STAR,ZELKA2,ALL,5
IF,ZELKA,42.494972,-71.553408, ,0.0,0.0,0,0,0,0,0,0,0,0
TF,RIKAH,42.551397,-71.418675,0, ,0.0,0.0,0.0,0.0,1,6000,0,1,210,0,0,0
TF,EXXRO,42.577297,-71.193189,0, ,0.0,0.0,0.0,0.0,1,6000,0,1,210,0,0,1
FM,EXXRO,42.577297,-71.193189,0,BOS,0.0,0.0,97.0,0,0,0,0,0,0,0,0

APPTR,I05,05,BOS
IF,BOS,42.357450,-70.989547, ,0.0,0.0,0,0,0,0,0,0,0,0
TF,WOBMU,42.640283,-71.204058,0, ,0.0,0.0,0.0,0.0,2,2000,0,0,0,0,0,0
HF,WOBMU,42.640283,-71.204058,2, ,0.0,0.0,53.0,04.3,2,2000,0,0,0,0,1,0,0

FINAL,I05,05,I,3
IF,CFMDR,42.587933,-71.259633,ILWM,233.2,10.5,2,2000,0,0,0,0,0,0
CF,WOBMU,42.640283,-71.204058,0,ILWM,233.2,6.5,53.0,4.0,1,1900,0,0,0,0,2,0
CF,RW05,42.710689,-71.129122,0,ILWM,233.2,1.1,53.0,5.4,1,191,0,0,0,0,3,0
CA,0,53.0,2,700,0,0,0,0,0,0
DF,WITCH,42.683289,-70.879539,0, ,0.0,0.0,2,2000,0,0,0,0,0,0
HM,WITCH,42.683289,-70.879539,1, ,0.0,0.0,21.0,04,0,0,0,0,0,0,0,0,0

APPTR,R05,05,BOS
IF,BOS,42.357450,-70.989547, ,0.0,0.0,0,0,0,0,0,0,0,0
TF,KENEE,42.498214,-71.254478,0, ,0.0,0.0,0.0,0.0,2,2000,0,0,0,0,1,0
TF,TEWKS,42.581064,-71.266917,0, ,0.0,0.0,0.0,0.0,2,2000,0,0,0,0,1,0

APPTR,R05,05,SOSYO
IF,SOSYO,42.487347,-71.432153, ,0.0,0.0,0,0,0,0,0,0,1,0
TF,TEWKS,42.581064,-71.266917,0, ,0.0,0.0,0.0,0.0,2,2000,0,0,0,0,1,0

APPTR,R05,05,TEWKS
HF,TEWKS,42.581064,-71.266917,1, ,0.0,0.0,53.0,04,2,2000,0,0,0,0,1,0,0

APPTR,R05,05,WEPSO
IF,WEPSO,42.566894,-71.423650, ,0.0,0.0,0,0,0,0,0,0,1,0
TF,TEWKS,42.581064,-71.266917,0, ,0.0,0.0,0.0,0.0,2,2000,0,0,0,0,1,0

FINAL,R05,05,R,4
IF,TEWKS,42.581064,-71.266917, ,0.0,0.0,2,2000,0,0,0,0,0,0
TF,WOBMU,42.640283,-71.204058,0, ,0.0,0.0,53.0,4.5,2,1900,0,0,0,0,2,0
TF,GRAPS,42.688406,-71.152864,0, ,0.0,0.0,53.0,3.7,2,720,0,0,0,0,0,0
TF,RW05,42.710689,-71.129122,0, ,0.0,0.0,53.0,1.7,1,191,0,0,0,0,3,1
CA,0,53.0,2,700,0,0,0,0,0,0
DF,WITCH,42.683289,-70.879539,0, ,0.0,0.0,2,3000,0,0,0,0,0,1
HM,WITCH,42.683289,-70.879539,1, ,0.0,0.0,21.0,04,2,3000,0,0,0,0,0,0,0

APPTR,R23,23,MHT
IF,MHT,42.868531,-71.369533, ,0.0,0.0,0,0,0,0,0,0,0,0
TF,WIPNO,42.982589,-71.082250,0, ,0.0,0.0,0.0,0.0,2,2100,0,0,0,0,1,0
TF,TUNUY,42.855011,-70.974806,0, ,0.0,0.0,0.0,0.0,2,2100,0,0,0,0,1,0

APPTR,R23,23,PSM
IF,PSM,43.084464,-70.831986, ,0.0,0.0,0,0,0,0,0,0,1,0
TF,TUNUY,42.855011,-70.974806,0, ,0.0,0.0,0.0,0.0,2,2100,0,0,0,0,1,0

APPTR,R23,23,RAYMY
IF,RAYMY,43.060247,-71.111711, ,0.0,0.0,0,0,0,0,0,0,0,0
TF,WIPNO,42.982589,-71.082250,0, ,0.0,0.0,0.0,0.0,2,2100,0,0,0,0,1,0
TF,TUNUY,42.855011,-70.974806,0, ,0.0,0.0,0.0,0.0,2,2100,0,0,0,0,1,0

APPTR,R23,23,WITCH
IF,WITCH,42.683289,-70.879539, ,0.0,0.0,0,0,0,0,0,0,0,0
TF,TUNUY,42.855011,-70.974806,0, ,0.0,0.0,0.0,0.0,2,2100,0,0,0,0,0,1
HF,TUNUY,42.855011,-70.974806,2, ,0.0,0.0,233.0,04,2,2100,0,0,0,0,1,0,0

APPTR,R23,23,WURIV
IF,WURIV,42.807786,-70.781311, ,0.0,0.0,0,0,0,0,0,0,1,0
TF,TUNUY,42.855011,-70.974806,0, ,0.0,0.0,0.0,0.0,2,2100,0,0,0,0,1,0

FINAL,R23,23,R,3
IF,TUNUY,42.855011,-70.974806, ,0.0,0.0,2,2100,0,0,0,0,0,0
TF,WUMUP,42.769736,-71.066106,0, ,0.0,0.0,233.0,6.5,2,1400,0,0,0,0,2,0
TF,RW23,42.721475,-71.117622,0, ,0.0,0.0,233.0,3.7,1,188,0,0,0,0,3,1
CA,0,233.0,2,548,0,0,0,0,0,0
DF,TEWKS,42.581064,-71.266917,0, ,0.0,0.0,2,2000,0,0,0,0,0,1
HM,TEWKS,42.581064,-71.266917,1, ,0.0,0.0,53.0,04,0,0,0,0,0,0,0,0,0

