APPTR,I17,17,GRB
IF,GRB,44.555161,-88.194858, ,0.0,0.0,0,0,0,0,0,0,1,0
TF,CAMPY,44.330131,-87.731997,0, ,0.0,0.0,0.0,0.0,2,3100,0,0,0,0,1,0

APPTR,I17,17,OSH
IF,OSH,43.990433,-88.555933, ,0.0,0.0,0,0,0,0,0,0,0,0
TF,MT,44.199647,-87.702269,0, ,0.0,0.0,0.0,0.0,2,3000,0,0,0,0,0,0
PI,MT,44.199647,-87.702269,2,FAH,307.0,10.0,352,5.0,2,2500,0,0,0,0,1,0

FINAL,I17,17,I,3
IF,CAMPY,44.330131,-87.731997,IMTW,352.0,12.9,2,3100,0,0,0,0,0,0
CF,MT,44.199647,-87.702269,0,IMTW,350.8,5.0,172.0,7.9,1,1981,0,0,0,0,2,0
CF,RW17,44.134197,-87.683767,0,IMTW,352.0,0.0,172.0,4.0,1,691,0,0,0,0,3,0
CA,0,172.0,2,1200,0,0,0,0,0,0
DF,MT,44.199647,-87.702269,1, ,0.0,0.0,2,2300,0,0,0,0,0,0
HM,MT,44.199647,-87.702269,2, ,0.0,0.0,172.0,04.3,0,0,0,0,0,0,0,0,0

APPTR,R17,17,FAH
IF,FAH,43.768786,-87.848769, ,0.0,0.0,0,0,0,0,0,0,0,0
TF,HALUV,44.319550,-87.729386,0, ,0.0,0.0,0.0,0.0,2,3000,0,0,0,0,0,1
HF,HALUV,44.319550,-87.729386,2, ,0.0,0.0,172.0,04,2,3000,0,0,0,0,1,0,0

APPTR,R17,17,GRB
IF,GRB,44.555161,-88.194858, ,0.0,0.0,0,0,0,0,0,0,0,0
TF,AGACE,44.304950,-87.843653,0, ,0.0,0.0,0.0,0.0,2,3100,0,0,0,0,1,0
TF,HALUV,44.319550,-87.729386,0, ,0.0,0.0,0.0,0.0,2,3000,0,0,0,0,1,0

APPTR,R17,17,JAVAM
IF,JAVAM,44.338411,-87.580350, ,0.0,0.0,0,0,0,0,0,0,1,0
TF,HALUV,44.319550,-87.729386,0, ,0.0,0.0,0.0,0.0,2,3000,0,0,0,0,1,0

FINAL,R17,17,R,3
IF,HALUV,44.319550,-87.729386, ,0.0,0.0,2,3000,0,0,0,0,0,0
TF,NAYLI,44.200950,-87.700161,0, ,0.0,0.0,172.0,7.2,2,2000,0,0,0,0,2,0
TF,RW17,44.134197,-87.683767,0, ,0.0,0.0,172.0,4.1,1,690,0,0,0,0,3,1
DF,HEMTI,43.935694,-87.635233,0, ,0.0,0.0,0,0,0,0,0,0,0,0
TF,FAH,43.768786,-87.848769,0, ,0.0,0.0,0.0,0.0,2,3000,0,0,0,0,0,1
HM,FAH,43.768786,-87.848769,2, ,0.0,0.0,45.0,04,0,0,0,0,0,0,0,0,0

APPTR,R35,35,FAH
IF,FAH,43.768786,-87.848769, ,0.0,0.0,0,0,0,0,0,0,1,0
TF,HEMTI,43.935694,-87.635233,0, ,0.0,0.0,0.0,0.0,2,3000,0,0,0,0,1,0

FINAL,R35,35,R,3
IF,HEMTI,43.935694,-87.635233, ,0.0,0.0,2,3000,0,0,0,0,0,0
TF,BULAY,44.034581,-87.659364,0, ,0.0,0.0,352.0,6.0,2,2400,0,0,0,0,2,0
TF,RW35,44.120689,-87.680453,0, ,0.0,0.0,352.0,5.3,1,705,0,0,0,0,3,1
DF,HALUV,44.319550,-87.729386,0, ,0.0,0.0,2,3000,0,0,0,0,0,1
HM,HALUV,44.319550,-87.729386,2, ,0.0,0.0,172.0,04,0,0,0,0,0,0,0,0,0

