STAR,AMG2,ALL,2
IF,AMG,31.536556,-82.508089, ,0.0,0.0,0,0,0,0,0,0,0,0
TF,OHDEA,30.987039,-82.235703,0, ,0.0,0.0,0.0,0.0,0,0,0,0,0,0,0,0
TF,CRG,30.338881,-81.509928,0, ,0.0,0.0,0.0,0.0,0,0,0,0,0,0,0,0

STAR,HOTAR1,BASLE,4
IF,BASLE,32.162044,-80.763481, ,0.0,0.0,0,0,0,0,0,0,0,0
TF,WYTOK,31.207081,-81.050558,0, ,0.0,0.0,0.0,0.0,0,0,0,0,0,0,0,0
TF,JABOR,30.814439,-81.093647,0, ,0.0,0.0,0.0,0.0,0,0,0,0,0,0,0,0

STAR,HOTAR1,ALL,5
IF,JABOR,30.814439,-81.093647, ,0.0,0.0,0,0,0,0,0,0,0,0
TF,HOTAR,30.639811,-81.112697,0, ,0.0,0.0,0.0,0.0,0,0,0,0,0,0,0,0
TF,HEBIN,30.231533,-81.248908,0, ,0.0,0.0,0.0,0.0,0,0,0,0,0,0,0,1
VM,30.233706,-81.676058,0,253.0,0,0,0,0,0,0,0,0

STAR,POGIE2,ALL,2
IF,ORL,28.542722,-81.335014, ,0.0,0.0,0,0,0,0,0,0,0,0
TF,CROPY,28.792419,-81.359828,0, ,0.0,0.0,0.0,0.0,0,0,0,0,0,0,0,0
TF,SHINR,29.588706,-81.439731,0, ,0.0,0.0,0.0,0.0,0,0,0,0,0,0,0,0
TF,BASSS,29.680611,-81.545633,0, ,0.0,0.0,0.0,0.0,0,0,0,0,0,0,0,0
TF,POGIE,29.769731,-81.648594,0, ,0.0,0.0,0.0,0.0,0,0,0,0,0,0,0,0
TF,MOSEL,30.175444,-81.549922,0, ,0.0,0.0,0.0,0.0,0,0,0,0,0,0,0,0
TF,CRG,30.338881,-81.509928,0, ,0.0,0.0,0.0,0.0,0,0,0,0,0,0,0,0

STAR,TAY2,SZW,1
IF,SZW,30.556228,-84.373942, ,0.0,0.0,0,0,0,0,0,0,0,0
TF,ZOOSS,30.535178,-83.517050,0, ,0.0,0.0,0.0,0.0,0,0,0,0,0,0,0,0
TF,TAY,30.504639,-82.552903,0, ,0.0,0.0,0.0,0.0,0,0,0,0,0,0,0,0

STAR,TAY2,ALL,2
IF,TAY,30.504639,-82.552903, ,0.0,0.0,0,0,0,0,0,0,0,0
TF,MULET,30.576294,-82.357408,0, ,0.0,0.0,0.0,0.0,0,0,0,0,0,0,0,0
TF,CROKR,30.641178,-82.179439,0, ,0.0,0.0,0.0,0.0,0,0,0,0,0,0,0,0
TF,CRG,30.338881,-81.509928,0, ,0.0,0.0,0.0,0.0,0,0,0,0,0,0,0,0

APPTR,R10-Y,10,MADEN
IF,MADEN,30.018492,-81.696806, ,0.0,0.0,2,1600,0,0,0,0,1,0
TF,ITEGE,30.108550,-81.755461,0, ,0.0,0.0,0.0,0.0,2,1600,0,0,0,0,1,0

FINAL,R10-Y,10,R,5
IF,ITEGE,30.108550,-81.755461, ,0.0,0.0,2,1600,0,0,0,0,0,0
TF,CIROT,30.149486,-81.779597,0, ,0.0,0.0,339.0,2.8,2,1600,0,0,0,0,0,0
RF,BUMPH,30.220631,-81.772189,2,POLSE,69.3,4.0,2,1500,0,0,0,0,2,0
RF,APUPE,30.231294,-81.747497,2,ANIHI,95.5,1.6,2,1027,0,0,0,0,0,0
TF,RW10,30.231606,-81.689781,0, ,0.0,0.0,96.0,3.0,1,72,0,0,0,0,3,1
CA,0,96.0,2,600,0,0,0,0,0,0
DF,MADEN,30.018492,-81.696806,2, ,0.0,0.0,2,2000,0,0,0,0,0,1
HM,MADEN,30.018492,-81.696806,1, ,0.0,0.0,11.0,04,3,6000,0,1,230,0,0,0,0

APPTR,R10-Z,10,GNV
IF,GNV,29.692114,-82.272972, ,0.0,0.0,2,3000,0,0,0,0,0,0
TF,FRESH,30.130672,-82.061314,0, ,0.0,0.0,0.0,0.0,2,3000,0,0,0,0,1,0
TF,HOWLR,30.229911,-81.962481,0, ,0.0,0.0,0.0,0.0,2,3000,0,0,0,0,1,0

APPTR,R10-Z,10,MONIA
IF,MONIA,30.480278,-82.048178, ,0.0,0.0,2,3000,0,0,0,0,0,0
TF,REDIE,30.316678,-82.050350,0, ,0.0,0.0,0.0,0.0,2,3000,0,0,0,0,1,0
TF,HOWLR,30.229911,-81.962481,0, ,0.0,0.0,0.0,0.0,2,3000,0,0,0,0,1,0

FINAL,R10-Z,10,R,4
IF,HOWLR,30.229911,-81.962481, ,0.0,0.0,2,3000,0,0,0,0,1,0
TF,HUTNO,30.230536,-81.872072,0, ,0.0,0.0,96.0,4.7,2,3000,0,0,0,0,0,0
TF,IVANZ,30.231167,-81.770011,0, ,0.0,0.0,96.0,5.3,2,1400,0,0,0,0,2,0
TF,RW10,30.231606,-81.689781,0, ,0.0,0.0,96.0,4.2,1,72,0,0,0,0,3,1
CA,0,96.0,2,600,0,0,0,0,0,0
DF,MADEN,30.018492,-81.696806,2, ,0.0,0.0,2,2000,0,0,0,0,0,1
HM,MADEN,30.018492,-81.696806,1, ,0.0,0.0,11.0,04,3,6000,0,1,230,0,0,0,0

APPTR,R28-Y,28,DUWOT
HF,DUWOT,30.232539,-81.475681,1, ,0.0,0.0,276.0,04,2,1600,0,1,200,0,1,0,0

APPTR,R28-Y,28,JETSO
IF,JETSO,29.908922,-81.112694, ,0.0,0.0,4,13000,1700,0,0,0,1,0
TF,DUWOT,30.232539,-81.475681,0, ,0.0,0.0,0.0,0.0,2,1600,0,0,0,0,1,0

APPTR,R28-Y,28,SUBER
IF,SUBER,30.456803,-81.112628, ,0.0,0.0,4,13000,1700,0,0,0,1,0
TF,DUWOT,30.232539,-81.475681,0, ,0.0,0.0,0.0,0.0,2,1600,0,0,0,0,1,0

FINAL,R28-Y,28,R,3
IF,DUWOT,30.232539,-81.475681, ,0.0,0.0,2,1600,0,0,0,0,0,0
TF,DONNO,30.232164,-81.571869,0, ,0.0,0.0,276.0,5.0,2,1600,0,0,0,0,2,0
TF,RW28,30.231733,-81.664431,0, ,0.0,0.0,276.0,4.8,1,68,0,0,0,0,3,1
CA,0,276.0,2,600,0,0,0,0,0,0
DF,ITEGE,30.108550,-81.755461,0, ,0.0,0.0,0,0,0,1,250,0,0,0
TF,MADEN,30.018492,-81.696806,0, ,0.0,0.0,0.0,0.0,2,2000,0,0,0,0,0,1
HM,MADEN,30.018492,-81.696806,1, ,0.0,0.0,11.0,04,3,6000,0,1,230,0,0,0,0

APPTR,R28-Z,28,DUWOT
HF,DUWOT,30.232539,-81.475681,1, ,0.0,0.0,276.0,04,2,1600,0,1,200,0,1,0,0

APPTR,R28-Z,28,JETSO
IF,JETSO,29.908922,-81.112694, ,0.0,0.0,4,13000,1700,0,0,0,1,0
TF,DUWOT,30.232539,-81.475681,0, ,0.0,0.0,0.0,0.0,2,1600,0,0,0,0,1,0

APPTR,R28-Z,28,SUBER
IF,SUBER,30.456803,-81.112628, ,0.0,0.0,4,13000,1700,0,0,0,1,0
TF,DUWOT,30.232539,-81.475681,0, ,0.0,0.0,0.0,0.0,2,1600,0,0,0,0,1,0

FINAL,R28-Z,28,R,4
IF,DUWOT,30.232539,-81.475681, ,0.0,0.0,2,1600,0,0,0,0,0,0
TF,DONNO,30.232164,-81.571869,0, ,0.0,0.0,276.0,5.0,2,1600,0,0,0,0,2,0
TF,DUBTE,30.231947,-81.620200,0, ,0.0,0.0,276.0,2.5,2,800,0,0,0,0,0,0
TF,RW28,30.231733,-81.664431,0, ,0.0,0.0,276.0,2.3,1,68,0,0,0,0,3,1
CA,0,276.0,2,600,0,0,0,0,0,0
DF,ITEGE,30.108550,-81.755461,1, ,0.0,0.0,0,0,0,0,0,0,0,0
TF,MADEN,30.018492,-81.696806,0, ,0.0,0.0,0.0,0.0,2,2000,0,0,0,0,0,1
HM,MADEN,30.018492,-81.696806,1, ,0.0,0.0,11.0,04,3,6000,0,1,230,0,0,0,0

APPTR,T10,10,CRG
IF,CRG,30.338881,-81.509928, ,0.0,0.0,2,3000,0,0,0,0,0,0
TF,MADEN,30.018492,-81.696806,0, ,0.0,0.0,0.0,0.0,2,3000,0,0,0,0,0,0
HF,MADEN,30.018492,-81.696806,1, ,0.0,0.0,11.0,04,2,3000,0,1,230,0,1,0,0
TF,MAVBL,30.134994,-81.685106,0, ,0.0,0.0,0.0,0.0,0,0,0,0,0,0,0,0
AF,IKUDE,30.148031,-81.732725,2,NIP,216.0,6.0,191.0,2,1600,0,0,0,0,0,0
AF,GONYO,30.219122,-81.789056,2,NIP,267.0,6.0,216.0,2,1500,0,0,0,0,1,0

APPTR,T10,10,GNV
IF,GNV,29.692114,-82.272972, ,0.0,0.0,2,3000,0,0,0,0,0,0
TF,MADEN,30.018492,-81.696806,0, ,0.0,0.0,0.0,0.0,2,3000,0,0,0,0,1,0
TF,MAVBL,30.134994,-81.685106,0, ,0.0,0.0,0.0,0.0,0,0,0,0,0,0,0,0
AF,IKUDE,30.148031,-81.732725,2,NIP,216.0,6.0,191.0,2,1600,0,0,0,0,0,0
AF,GONYO,30.219122,-81.789056,2,NIP,267.0,6.0,216.0,2,1500,0,0,0,0,1,0

FINAL,T10,10,D,4
IF,GONYO,30.219122,-81.789056,NIP,267.0,6.0,2,1500,0,0,0,0,0,0
CF,COGMO,30.221750,-81.770058,0,NIP,267.0,5.0,87.0,1.0,2,1400,0,0,0,0,2,0
CF,JARPU,30.227000,-81.732061,0,NIP,267.0,3.0,87.0,2.0,2,760,0,0,0,0,0,0
CF,HIVIN,30.231453,-81.699758,0,NIP,267.0,1.3,87.0,1.7,1,235,0,0,0,0,3,1
DF,NIP,30.234850,-81.675056,0, ,0.0,0.0,0,0,0,0,0,0,0,0
CF,MADEN,30.018492,-81.696806,2,NIP,191.0,13.0,191.0,13.0,2,2000,0,0,0,0,0,0
HM,MADEN,30.018492,-81.696806,1, ,0.0,0.0,11.0,04,3,6000,0,1,230,0,0,0,0

APPTR,T28,28,CRG
IF,CRG,30.338881,-81.509928, ,0.0,0.0,2,3000,0,0,0,0,0,0
TF,MADEN,30.018492,-81.696806,0, ,0.0,0.0,0.0,0.0,2,3000,0,0,0,0,1,0
TF,JEGOV,30.085064,-81.690125,0, ,0.0,0.0,0.0,0.0,0,0,0,0,0,0,0,0
AF,HUNVO,30.087775,-81.639106,1,NIP,174.0,9.0,191.0,2,2100,0,0,0,0,0,0
AF,ZATUN,30.208631,-81.504572,1,NIP,106.0,9.0,174.0,2,2100,0,0,0,0,1,0

APPTR,T28,28,GNV
IF,GNV,29.692114,-82.272972, ,0.0,0.0,2,3000,0,0,0,0,0,0
TF,MADEN,30.018492,-81.696806,0, ,0.0,0.0,0.0,0.0,2,3000,0,0,0,0,1,0
TF,JEGOV,30.085064,-81.690125,0, ,0.0,0.0,0.0,0.0,0,0,0,0,0,0,0,0
AF,HUNVO,30.087775,-81.639106,1,NIP,174.0,9.0,191.0,2,2100,0,0,0,0,0,0
AF,ZATUN,30.208631,-81.504572,1,NIP,106.0,9.0,174.0,2,2100,0,0,0,0,1,0

FINAL,T28,28,D,4
IF,ZATUN,30.208631,-81.504572,NIP,106.0,9.0,2,2100,0,0,0,0,0,0
CF,NOBUE,30.219144,-81.572756,0,NIP,106.0,5.4,286.0,3.6,2,1600,0,0,0,0,2,0
CF,HEMBO,30.227300,-81.625794,0,NIP,106.0,2.6,286.0,2.8,2,700,0,0,0,0,0,0
CF,GRUEN,30.231658,-81.654214,0,NIP,106.0,1.1,286.0,1.5,1,235,0,0,0,0,3,1
DF,NIP,30.234850,-81.675056,0, ,0.0,0.0,0,0,0,0,0,0,0,0
CF,MADEN,30.018492,-81.696806,1,NIP,191.0,13.0,191.0,13.0,2,2000,0,0,0,0,0,0
HM,MADEN,30.018492,-81.696806,1, ,0.0,0.0,11.0,04,3,6000,0,1,230,0,0,0,0

