SID,ARGUS4,03L,1
CA,0,33.0,2,620,0,0,0,0,0,0
VM,0,0,0,30.0,0,0,0,0,0,0,0,0
CF,ARGUS,32.753633,-115.311036,0,BZA,254.8,35.8,255.0,35.0,0,0,0,0,0,0,0,0

SID,ARGUS4,03R,1
CA,0,33.0,2,620,0,0,0,0,0,0
VM,0,0,0,30.0,0,0,0,0,0,0,0,0
CF,ARGUS,32.753633,-115.311036,0,BZA,254.8,35.8,255.0,35.0,0,0,0,0,0,0,0,0

SID,ARGUS4,08,1
VA,0,78.0,2,1000,0,0,0,0,0,0
VM,0,0,1,300.0,0,0,0,0,0,0,0,0
CF,ARGUS,32.753633,-115.311036,0,BZA,254.8,35.8,255.0,35.0,0,0,0,0,0,0,0,0

SID,ARGUS4,17,1
VA,0,168.0,2,800,0,0,0,0,0,0
VM,0,0,2,340.0,0,0,0,0,0,0,0,0
CF,ARGUS,32.753633,-115.311036,0,BZA,254.8,35.8,255.0,31.0,0,0,0,0,0,0,0,0

SID,ARGUS4,21L,1
CA,0,213.0,2,620,0,0,0,0,0,0
VM,0,0,2,340.0,0,0,0,0,0,0,0,0
CF,ARGUS,32.753633,-115.311036,0,BZA,254.8,35.8,255.0,32.0,0,0,0,0,0,0,0,0

SID,ARGUS4,21R,1
CA,0,213.0,2,620,0,0,0,0,0,0
VM,0,0,2,340.0,0,0,0,0,0,0,0,0
CF,ARGUS,32.753633,-115.311036,0,BZA,254.8,35.8,255.0,32.0,0,0,0,0,0,0,0,0

SID,ARGUS4,26,1
CA,0,258.0,2,620,0,0,0,0,0,0
VM,0,0,0,300.0,0,0,0,0,0,0,0,0
CF,ARGUS,32.753633,-115.311036,0,BZA,254.8,35.8,255.0,29.0,0,0,0,0,0,0,0,0

SID,ARGUS4,35,1
CA,0,348.0,2,620,0,0,0,0,0,0
VM,0,0,0,300.0,0,0,0,0,0,0,0,0
CF,ARGUS,32.753633,-115.311036,0,BZA,254.8,35.8,255.0,30.0,0,0,0,0,0,0,0,0

SID,CARGO9,03L,1
CA,0,33.0,2,620,0,0,0,0,0,0
VI,0, ,0.0,334.0,0,0,0,0,0,0,0,0
CF,SALUD,32.878878,-114.723256,0,BZA,303.5,9.0,304.0,8.0,2,3600,0,0,0,0,0,0
TF,CANAT,32.903722,-114.750300,0, ,0.0,0.0,0.0,0.0,0,0,0,0,0,0,0,0
TF,CARGO,33.014172,-114.870656,0, ,0.0,0.0,0.0,0.0,0,0,0,0,0,0,0,0

SID,CARGO9,03R,1
CA,0,33.0,2,620,0,0,0,0,0,0
VI,0, ,0.0,334.0,0,0,0,0,0,0,0,0
CF,SALUD,32.878878,-114.723256,0,BZA,303.5,9.0,304.0,8.0,2,3600,0,0,0,0,0,0
TF,CANAT,32.903722,-114.750300,0, ,0.0,0.0,0.0,0.0,0,0,0,0,0,0,0,0
TF,CARGO,33.014172,-114.870656,0, ,0.0,0.0,0.0,0.0,0,0,0,0,0,0,0,0

SID,CARGO9,08,1
CA,0,78.0,2,1000,0,1,270,0,0,0
DF,BZA,32.768108,-114.602947,1, ,0.0,0.0,0,0,0,0,0,0,0,0
TF,SALUD,32.878878,-114.723256,0, ,0.0,0.0,0.0,0.0,2,3600,0,0,0,0,0,0
TF,CANAT,32.903722,-114.750300,0, ,0.0,0.0,0.0,0.0,0,0,0,0,0,0,0,0
TF,CARGO,33.014172,-114.870656,0, ,0.0,0.0,0.0,0.0,0,0,0,0,0,0,0,0

SID,CARGO9,17,1
CA,0,168.0,2,1000,0,0,0,0,0,0
DF,BZA,32.768108,-114.602947,1, ,0.0,0.0,0,0,0,0,0,0,0,0
TF,SALUD,32.878878,-114.723256,0, ,0.0,0.0,0.0,0.0,2,3600,0,0,0,0,0,0
TF,CANAT,32.903722,-114.750300,0, ,0.0,0.0,0.0,0.0,0,0,0,0,0,0,0,0
TF,CARGO,33.014172,-114.870656,0, ,0.0,0.0,0.0,0.0,0,0,0,0,0,0,0,0

SID,CARGO9,21L,1
CA,0,213.0,2,800,0,0,0,0,0,0
DF,BZA,32.768108,-114.602947,1, ,0.0,0.0,0,0,0,0,0,0,0,0
TF,SALUD,32.878878,-114.723256,0, ,0.0,0.0,0.0,0.0,2,3600,0,0,0,0,0,0
TF,CANAT,32.903722,-114.750300,0, ,0.0,0.0,0.0,0.0,0,0,0,0,0,0,0,0
TF,CARGO,33.014172,-114.870656,0, ,0.0,0.0,0.0,0.0,0,0,0,0,0,0,0,0

SID,CARGO9,21R,1
CA,0,213.0,2,800,0,0,0,0,0,0
DF,BZA,32.768108,-114.602947,1, ,0.0,0.0,0,0,0,0,0,0,0,0
TF,SALUD,32.878878,-114.723256,0, ,0.0,0.0,0.0,0.0,2,3600,0,0,0,0,0,0
TF,CANAT,32.903722,-114.750300,0, ,0.0,0.0,0.0,0.0,0,0,0,0,0,0,0,0
TF,CARGO,33.014172,-114.870656,0, ,0.0,0.0,0.0,0.0,0,0,0,0,0,0,0,0

SID,CARGO9,26,1
CA,0,258.0,2,800,0,0,0,0,0,0
DF,BZA,32.768108,-114.602947,1, ,0.0,0.0,0,0,0,0,0,0,0,0
TF,SALUD,32.878878,-114.723256,0, ,0.0,0.0,0.0,0.0,2,3600,0,0,0,0,0,0
TF,CANAT,32.903722,-114.750300,0, ,0.0,0.0,0.0,0.0,0,0,0,0,0,0,0,0
TF,CARGO,33.014172,-114.870656,0, ,0.0,0.0,0.0,0.0,0,0,0,0,0,0,0,0

SID,CARGO9,35,1
CA,0,348.0,2,620,0,0,0,0,0,0
DF,BZA,32.768108,-114.602947,0, ,0.0,0.0,3,14000,0,0,0,0,0,0
TF,SALUD,32.878878,-114.723256,0, ,0.0,0.0,0.0,0.0,2,3600,0,1,300,0,0,0
TF,CANAT,32.903722,-114.750300,0, ,0.0,0.0,0.0,0.0,0,0,0,0,0,0,0,0
TF,CARGO,33.014172,-114.870656,0, ,0.0,0.0,0.0,0.0,0,0,0,0,0,0,0,0

SID,CARGO9,BLH,3
IF,CARGO,33.014172,-114.870656, ,0.0,0.0,0,0,0,0,0,0,0,0
TF,QURTT,33.200222,-114.835844,0, ,0.0,0.0,0.0,0.0,0,0,0,0,0,0,0,0
TF,PALVO,33.348672,-114.807958,0, ,0.0,0.0,0.0,0.0,0,0,0,0,0,0,0,0
TF,BLH,33.596064,-114.761272,0, ,0.0,0.0,0.0,0.0,0,0,0,0,0,0,0,0

SID,CARGO9,BZA,3
IF,CARGO,33.014172,-114.870656, ,0.0,0.0,0,0,0,0,0,0,0,0
CF,OGILL,32.902744,-114.891436,1,BZA,285.0,16.7,105.0,3.0,0,0,0,0,0,0,0,0
TF,BZA,32.768108,-114.602947,0, ,0.0,0.0,0.0,0.0,0,0,0,0,0,0,0,0

SID,CARGO9,IPL,3
IF,CARGO,33.014172,-114.870656, ,0.0,0.0,0,0,0,0,0,0,0,0
TF,PABST,32.941136,-115.047425,0, ,0.0,0.0,0.0,0.0,0,0,0,0,0,0,0,0
TF,IPL,32.748867,-115.508583,0, ,0.0,0.0,0.0,0.0,0,0,0,0,0,0,0,0

SID,HEEDS2,03L,1
CA,0,33.0,2,620,0,0,0,0,0,0
CI,0, ,0.0,323.0,0,0,0,1,250,0,0,0
CF,BZA,32.768108,-114.602947,0,NYL,353.2,7.3,353.0,6.0,3,9000,0,0,0,0,0,0
TF,HEEDS,32.760328,-115.007731,0, ,0.0,0.0,0.0,0.0,2,8000,0,0,0,0,0,0

SID,HEEDS2,03R,1
CA,0,33.0,2,620,0,0,0,0,0,0
CI,0, ,0.0,323.0,0,0,0,1,250,0,0,0
CF,BZA,32.768108,-114.602947,0,NYL,353.2,7.3,353.0,6.0,3,9000,0,0,0,0,0,0
TF,HEEDS,32.760328,-115.007731,0, ,0.0,0.0,0.0,0.0,2,8000,0,0,0,0,0,0

SID,HEEDS2,08,1
CA,0,78.0,2,1000,0,1,270,0,0,0
DF,BZA,32.768108,-114.602947,1, ,0.0,0.0,0,0,0,0,0,0,0,0
TF,HEEDS,32.760328,-115.007731,0, ,0.0,0.0,0.0,0.0,2,8000,0,0,0,0,0,0

SID,HEEDS2,17,1
CA,0,168.0,2,1000,0,0,0,0,0,0
DF,BZA,32.768108,-114.602947,1, ,0.0,0.0,0,0,0,0,0,0,0,0
TF,HEEDS,32.760328,-115.007731,0, ,0.0,0.0,0.0,0.0,2,8000,0,0,0,0,0,0

SID,HEEDS2,21L,1
CA,0,213.0,2,1000,0,0,0,0,0,0
DF,BZA,32.768108,-114.602947,1, ,0.0,0.0,0,0,0,0,0,0,0,0
TF,HEEDS,32.760328,-115.007731,0, ,0.0,0.0,0.0,0.0,2,8000,0,0,0,0,0,0

SID,HEEDS2,21R,1
CA,0,213.0,2,1000,0,0,0,0,0,0
DF,BZA,32.768108,-114.602947,1, ,0.0,0.0,0,0,0,0,0,0,0,0
TF,HEEDS,32.760328,-115.007731,0, ,0.0,0.0,0.0,0.0,2,8000,0,0,0,0,0,0

SID,HEEDS2,26,1
CA,0,258.0,2,1000,0,0,0,0,0,0
DF,BZA,32.768108,-114.602947,1, ,0.0,0.0,0,0,0,0,0,0,0,0
TF,HEEDS,32.760328,-115.007731,0, ,0.0,0.0,0.0,0.0,2,8000,0,0,0,0,0,0

SID,HEEDS2,35,1
CA,0,348.0,2,620,0,0,0,0,0,0
DF,BZA,32.768108,-114.602947,0, ,0.0,0.0,3,14000,0,0,0,0,0,0
TF,HEEDS,32.760328,-115.007731,0, ,0.0,0.0,0.0,0.0,2,8000,0,0,0,0,0,0

SID,MOHAK4,03L,1
CA,0,33.0,2,620,0,0,0,0,0,0
VM,0,0,0,30.0,0,0,0,0,0,0,0,0
CF,WARTT,32.772150,-114.306383,0,BZA,75.0,15.0,75.0,10.0,0,0,0,0,0,0,0,0
TF,HOGGZ,32.774861,-114.069200,0, ,0.0,0.0,0.0,0.0,0,0,0,0,0,0,0,0
TF,MOHAK,32.775844,-113.972097,0, ,0.0,0.0,0.0,0.0,0,0,0,0,0,0,0,0

SID,MOHAK4,03R,1
CA,0,33.0,2,620,0,0,0,0,0,0
VM,0,0,0,30.0,0,0,0,0,0,0,0,0
CF,WARTT,32.772150,-114.306383,0,BZA,75.0,15.0,75.0,10.0,0,0,0,0,0,0,0,0
TF,HOGGZ,32.774861,-114.069200,0, ,0.0,0.0,0.0,0.0,0,0,0,0,0,0,0,0
TF,MOHAK,32.775844,-113.972097,0, ,0.0,0.0,0.0,0.0,0,0,0,0,0,0,0,0

SID,MOHAK4,08,1
CA,0,78.0,2,620,0,0,0,0,0,0
DF,WARTT,32.772150,-114.306383,0, ,0.0,0.0,0,0,0,0,0,0,0,0
TF,HOGGZ,32.774861,-114.069200,0, ,0.0,0.0,0.0,0.0,0,0,0,0,0,0,0,0
TF,MOHAK,32.775844,-113.972097,0, ,0.0,0.0,0.0,0.0,0,0,0,0,0,0,0,0

SID,MOHAK4,17,1
CA,0,168.0,2,800,0,0,0,0,0,0
DF,BZA,32.768108,-114.602947,2, ,0.0,0.0,0,0,0,0,0,0,0,0
TF,WARTT,32.772150,-114.306383,0, ,0.0,0.0,0.0,0.0,0,0,0,0,0,0,0,0
TF,HOGGZ,32.774861,-114.069200,0, ,0.0,0.0,0.0,0.0,0,0,0,0,0,0,0,0
TF,MOHAK,32.775844,-113.972097,0, ,0.0,0.0,0.0,0.0,0,0,0,0,0,0,0,0

SID,MOHAK4,21L,1
CA,0,213.0,2,1200,0,0,0,0,0,0
DF,BZA,32.768108,-114.602947,2, ,0.0,0.0,0,0,0,0,0,0,0,0
TF,WARTT,32.772150,-114.306383,0, ,0.0,0.0,0.0,0.0,0,0,0,0,0,0,0,0
TF,HOGGZ,32.774861,-114.069200,0, ,0.0,0.0,0.0,0.0,0,0,0,0,0,0,0,0
TF,MOHAK,32.775844,-113.972097,0, ,0.0,0.0,0.0,0.0,0,0,0,0,0,0,0,0

SID,MOHAK4,21R,1
CA,0,213.0,2,1200,0,0,0,0,0,0
DF,BZA,32.768108,-114.602947,2, ,0.0,0.0,0,0,0,0,0,0,0,0
TF,WARTT,32.772150,-114.306383,0, ,0.0,0.0,0.0,0.0,0,0,0,0,0,0,0,0
TF,HOGGZ,32.774861,-114.069200,0, ,0.0,0.0,0.0,0.0,0,0,0,0,0,0,0,0
TF,MOHAK,32.775844,-113.972097,0, ,0.0,0.0,0.0,0.0,0,0,0,0,0,0,0,0

SID,MOHAK4,26,1
CA,0,258.0,2,800,0,1,270,0,0,0
DF,BZA,32.768108,-114.602947,2, ,0.0,0.0,0,0,0,0,0,0,0,0
TF,WARTT,32.772150,-114.306383,0, ,0.0,0.0,0.0,0.0,0,0,0,0,0,0,0,0
TF,HOGGZ,32.774861,-114.069200,0, ,0.0,0.0,0.0,0.0,0,0,0,0,0,0,0,0
TF,MOHAK,32.775844,-113.972097,0, ,0.0,0.0,0.0,0.0,0,0,0,0,0,0,0,0

SID,MOHAK4,35,1
CA,0,348.0,2,620,0,0,0,0,0,0
DF,BZA,32.768108,-114.602947,0, ,0.0,0.0,0,0,0,0,0,0,0,0
TF,WARTT,32.772150,-114.306383,0, ,0.0,0.0,0.0,0.0,0,0,0,0,0,0,0,0
TF,HOGGZ,32.774861,-114.069200,0, ,0.0,0.0,0.0,0.0,0,0,0,0,0,0,0,0
TF,MOHAK,32.775844,-113.972097,0, ,0.0,0.0,0.0,0.0,0,0,0,0,0,0,0,0

SID,PICA4,03L,1
CA,0,33.0,2,620,0,0,0,0,0,0
VM,0,0,0,30.0,0,0,0,0,0,0,0,0
CF,BLH,33.596064,-114.761272,0,BZA,336.9,50.2,337.0,50.0,0,0,0,0,0,0,0,0

SID,PICA4,03R,1
CA,0,33.0,2,620,0,0,0,0,0,0
VM,0,0,0,30.0,0,0,0,0,0,0,0,0
CF,BLH,33.596064,-114.761272,0,BZA,336.9,50.2,337.0,50.0,0,0,0,0,0,0,0,0

SID,PICA4,08,1
CA,0,78.0,2,1200,0,1,300,0,0,0
DF,BZA,32.768108,-114.602947,1, ,0.0,0.0,0,0,0,0,0,0,0,0
TF,BLH,33.596064,-114.761272,0, ,0.0,0.0,0.0,0.0,0,0,0,0,0,0,0,0

SID,PICA4,17,1
CA,0,168.0,2,800,0,0,0,0,0,0
VI,2, ,0.0,340.0,0,0,0,0,0,0,0,0
CF,BLH,33.596064,-114.761272,0,BZA,336.9,50.2,337.0,50.0,0,0,0,0,0,0,0,0

SID,PICA4,21L,1
CA,0,213.0,2,1200,0,0,0,0,0,0
VI,2, ,0.0,350.0,0,0,0,0,0,0,0,0
CF,BLH,33.596064,-114.761272,0,BZA,336.9,50.2,337.0,50.0,0,0,0,0,0,0,0,0

SID,PICA4,21R,1
CA,0,213.0,2,1200,0,0,0,0,0,0
VI,2, ,0.0,350.0,0,0,0,0,0,0,0,0
CF,BLH,33.596064,-114.761272,0,BZA,336.9,50.2,337.0,50.0,0,0,0,0,0,0,0,0

SID,PICA4,26,1
CA,0,258.0,2,800,0,1,250,0,0,0
DF,BZA,32.768108,-114.602947,2, ,0.0,0.0,0,0,0,0,0,0,0,0
TF,BLH,33.596064,-114.761272,0, ,0.0,0.0,0.0,0.0,0,0,0,0,0,0,0,0

SID,PICA4,35,1
CA,0,348.0,2,620,0,0,0,0,0,0
DF,BZA,32.768108,-114.602947,0, ,0.0,0.0,0,0,0,0,0,0,0,0
TF,BLH,33.596064,-114.761272,0, ,0.0,0.0,0.0,0.0,0,0,0,0,0,0,0,0

APPTR,D17,17,CAZZI
HF,CAZZI,32.916533,-114.630992,2, ,0.0,0.0,157.0,04,2,3800,0,1,230,0,1,0,0

FINAL,D17,17,D,3
IF,CAZZI,32.916533,-114.630992,BZA,336.9,9.0,2,3800,0,0,0,0,0,0
CF,BZA,32.768108,-114.602947,0,BZA,0.0,0.0,157.0,9.0,2,2200,0,0,0,0,2,0
CF,WOGIX,32.667933,-114.604061,0,BZA,166.5,6.0,167.0,6.0,1,240,0,0,0,0,3,0
CA,0,167.0,2,1000,0,0,0,0,0,0
VI,2, ,0.0,7.0,0,0,0,0,0,0,0,0
CF,CAZZI,32.916533,-114.630992,0,BZA,336.9,9.0,337.0,7.0,2,3800,0,0,0,0,0,0
HM,CAZZI,32.916533,-114.630992,2, ,0.0,0.0,157.0,04,3,6000,0,1,230,0,0,0,0

FINAL,I21R,21R,I,3
IF,MUDGY,32.779656,-114.465253,IYUM,33.1,12.1,2,3000,0,0,0,0,0,0
CF,DHOME,32.731578,-114.520578,0,IYUM,33.1,8.1,213.0,4.0,1,2100,0,0,0,0,2,0
CF,RW21R,32.663028,-114.599319,0,IYUM,33.1,2.4,213.0,5.7,1,247,0,0,0,0,3,0
CA,0,213.0,2,900,0,0,0,0,0,0
DF,BZA,32.768108,-114.602947,2, ,0.0,0.0,0,0,0,0,0,0,0,0
CF,CAZZI,32.916533,-114.630992,0,BZA,336.9,9.0,337.0,9.0,2,3600,0,0,0,0,0,0
HM,CAZZI,32.916533,-114.630992,2, ,0.0,0.0,157.0,04,3,6000,0,1,230,0,0,0,0

APPTR,R03L,03L,CAZZI
IF,CAZZI,32.916533,-114.630992, ,0.0,0.0,2,4000,0,0,0,0,1,0
TF,BZA,32.768108,-114.602947,0, ,0.0,0.0,0.0,0.0,2,4000,0,0,0,0,0,0
TF,ICATI,32.580022,-114.446247,0, ,0.0,0.0,0.0,0.0,0,0,0,0,0,0,0,0
TF,WIGGS,32.471183,-114.553019,0, ,0.0,0.0,0.0,0.0,2,3000,0,0,0,0,0,0
TF,RUGGS,32.503875,-114.700428,0, ,0.0,0.0,0.0,0.0,2,2000,0,0,0,0,1,0

APPTR,R03L,03L,WIGGS
IF,WIGGS,32.471183,-114.553019, ,0.0,0.0,2,3000,0,0,0,0,1,0
TF,RUGGS,32.503875,-114.700428,0, ,0.0,0.0,0.0,0.0,2,2000,0,0,0,0,1,0

FINAL,R03L,03L,R,3
IF,RUGGS,32.503875,-114.700428, ,0.0,0.0,2,2000,0,0,0,0,0,0
TF,JUDAP,32.600833,-114.670575,0, ,0.0,0.0,4.0,6.0,2,1200,0,0,0,0,2,0
TF,RW03L,32.636783,-114.629394,0, ,0.0,0.0,33.0,3.0,1,247,0,0,0,0,3,1
CA,0,33.0,2,1000,0,0,0,0,0,0
DF,CAZZI,32.916533,-114.630992,0, ,0.0,0.0,2,4000,0,0,0,0,0,1
HM,CAZZI,32.916533,-114.630992,2, ,0.0,0.0,157.0,04,3,6000,0,1,230,0,0,0,0

APPTR,R17,17,CAZZI
HF,CAZZI,32.916533,-114.630992,2, ,0.0,0.0,157.0,04,2,4000,0,1,230,0,1,0,0

FINAL,R17,17,R,3
IF,CAZZI,32.916533,-114.630992, ,0.0,0.0,2,4000,0,0,0,0,0,0
TF,BZA,32.768108,-114.602947,0, ,0.0,0.0,160.0,9.0,2,2200,0,0,0,0,2,0
TF,RW17,32.667708,-114.604064,0, ,0.0,0.0,170.0,6.0,1,236,0,0,0,0,3,1
CA,0,170.0,2,800,0,0,0,0,0,0
DF,CAZZI,32.916533,-114.630992,2, ,0.0,0.0,2,4000,0,0,0,0,0,1
HM,CAZZI,32.916533,-114.630992,2, ,0.0,0.0,157.0,04,3,6000,0,1,230,0,0,0,0

APPTR,R21R,21R,CAZZI
IF,CAZZI,32.916533,-114.630992, ,0.0,0.0,2,4000,0,0,0,0,1,0
TF,ROLFY,32.817969,-114.499361,0, ,0.0,0.0,0.0,0.0,2,3000,0,0,0,0,1,0

APPTR,R21R,21R,WARTT
IF,WARTT,32.772150,-114.306383, ,0.0,0.0,2,4000,0,0,0,0,1,0
TF,ROLFY,32.817969,-114.499361,0, ,0.0,0.0,0.0,0.0,2,3000,0,0,0,0,1,0

FINAL,R21R,21R,R,3
IF,ROLFY,32.817969,-114.499361, ,0.0,0.0,2,3000,0,0,0,0,0,0
TF,DRAXX,32.721517,-114.532208,0, ,0.0,0.0,185.0,6.0,2,1800,0,0,0,0,2,0
TF,RW21R,32.663028,-114.599319,0, ,0.0,0.0,213.0,4.9,1,246,0,0,0,0,3,1
CA,0,213.0,2,800,0,0,0,0,0,0
DF,CAZZI,32.916533,-114.630992,2, ,0.0,0.0,1,4000,0,0,0,0,0,1
HM,CAZZI,32.916533,-114.630992,2, ,0.0,0.0,157.0,04,1,4000,0,1,230,0,0,0,0

APPTR,S17,17,BZA
HF,BZA,32.768108,-114.602947,2, ,0.0,0.0,157.0,04.3,2,2500,0,1,200,0,1,0,0

FINAL,S17,17,D,2
IF,BZA,32.768108,-114.602947,BZA,0.0,0.0,2,2200,0,0,0,0,2,0
CF,RW17,32.667708,-114.604064,0,BZA,166.5,6.0,167.0,6.0,1,236,0,0,0,0,3,0
CA,0,167.0,2,1100,0,0,0,0,0,0
DF,BZA,32.768108,-114.602947,2, ,0.0,0.0,2,2500,0,0,0,0,0,0
HM,BZA,32.768108,-114.602947,2, ,0.0,0.0,157.0,04.3,3,4000,0,1,200,0,0,0,0

APPTR,T03L,03L,BLH
IF,BLH,33.596064,-114.761272, ,0.0,0.0,2,5000,0,0,0,0,0,0
TF,PRSON,32.812550,-114.637553,0, ,0.0,0.0,0.0,0.0,2,4000,0,0,0,0,1,0
TF,NYL,32.646800,-114.613456,0, ,0.0,0.0,0.0,0.0,2,4000,0,0,0,0,0,0
TF,JESEB,32.563311,-114.615175,0, ,0.0,0.0,0.0,0.0,2,4000,0,0,0,0,0,0
TF,JEGAV,32.496522,-114.616547,0, ,0.0,0.0,0.0,0.0,1,2800,0,0,0,0,0,0
AF,JEDEV,32.550114,-114.749397,2,NYL,219.0,9.0,170.0,1,1800,0,0,0,0,1,0

APPTR,T03L,03L,JIBUN
IF,JIBUN,32.786811,-114.505781, ,0.0,0.0,2,4000,0,0,0,0,1,0
AF,PRSON,32.812550,-114.637553,1,NYL,342.0,10.0,22.0,2,4000,0,0,0,0,0,0
TF,NYL,32.646800,-114.613456,0, ,0.0,0.0,0.0,0.0,2,4000,0,0,0,0,0,0
TF,JESEB,32.563311,-114.615175,0, ,0.0,0.0,0.0,0.0,2,4000,0,0,0,0,0,0
TF,JEGAV,32.496522,-114.616547,0, ,0.0,0.0,0.0,0.0,1,2800,0,0,0,0,0,0
AF,JEDEV,32.550114,-114.749397,2,NYL,219.0,9.0,170.0,1,1800,0,0,0,0,1,0

FINAL,T03L,03L,D,3
IF,JEDEV,32.550114,-114.749397,NYL,219.0,9.0,1,1800,0,0,0,0,0,0
CF,JUTIG,32.603847,-114.673911,0,NYL,219.0,4.0,39.0,5.0,2,1200,0,0,0,0,2,0
CF,ISAYA,32.630697,-114.636131,0,NYL,219.0,1.5,39.0,2.5,1,405,0,0,0,0,3,0
CA,0,39.0,2,620,0,0,0,0,0,0
CF,JIBUN,32.786811,-114.505781,0,NYL,22.0,10.0,22.0,10.5,2,4000,0,0,0,0,0,0

APPTR,T17,17,CAZZI
HF,CAZZI,32.916533,-114.630992,2, ,0.0,0.0,157.0,04,2,3800,0,1,230,0,1,0,0

FINAL,T17,17,D,3
IF,CAZZI,32.916533,-114.630992,BZA,336.9,9.0,2,3800,0,0,0,0,0,0
CF,BZA,32.768108,-114.602947,0,BZA,0.0,0.0,157.0,9.0,2,2200,0,0,0,0,2,0
CF,WOGIX,32.667933,-114.604061,0,BZA,166.5,6.0,167.0,6.0,1,240,0,0,0,0,3,0
CA,0,167.0,2,1000,0,0,0,0,0,0
VI,2, ,0.0,7.0,0,0,0,0,0,0,0,0
CF,CAZZI,32.916533,-114.630992,0,BZA,336.9,9.0,337.0,7.0,2,3800,0,0,0,0,0,0
HM,CAZZI,32.916533,-114.630992,2, ,0.0,0.0,157.0,04,3,6000,0,1,230,0,0,0,0

APPTR,T21R,21R,BLH
IF,BLH,33.596064,-114.761272, ,0.0,0.0,2,5000,0,0,0,0,0,0
TF,PRSON,32.812550,-114.637553,0, ,0.0,0.0,0.0,0.0,2,4000,0,0,0,0,1,0
AF,HEPGA,32.800500,-114.536194,2,NYL,12.0,10.0,342.0,2,2700,0,0,0,0,0,0
AF,HESIL,32.776519,-114.489053,2,NYL,28.0,10.0,12.0,1,2200,0,0,0,0,1,0

APPTR,T21R,21R,BZA
IF,BZA,32.768108,-114.602947, ,0.0,0.0,2,4000,0,0,0,0,0,0
TF,PRSON,32.812550,-114.637553,0, ,0.0,0.0,0.0,0.0,2,4000,0,0,0,0,1,0
AF,HEPGA,32.800500,-114.536194,2,NYL,12.0,10.0,342.0,2,2700,0,0,0,0,0,0
AF,HESIL,32.776519,-114.489053,2,NYL,28.0,10.0,12.0,1,2200,0,0,0,0,1,0

APPTR,T21R,21R,JIMUK
IF,JIMUK,32.895422,-114.649636, ,0.0,0.0,2,4000,0,0,0,0,1,0
TF,PRSON,32.812550,-114.637553,0, ,0.0,0.0,0.0,0.0,2,4000,0,0,0,0,0,0
AF,HEPGA,32.800500,-114.536194,2,NYL,12.0,10.0,342.0,2,2700,0,0,0,0,0,0
AF,HESIL,32.776519,-114.489053,2,NYL,28.0,10.0,12.0,1,2200,0,0,0,0,1,0

FINAL,T21R,21R,D,3
IF,HESIL,32.776519,-114.489053,NYL,28.0,10.0,1,2200,0,0,0,0,0,0
CF,HUGOX,32.711675,-114.551300,0,NYL,28.0,5.0,208.0,5.0,2,1500,0,0,0,0,2,0
CF,HOBMA,32.667564,-114.593575,0,NYL,28.0,1.6,208.0,3.4,1,374,0,0,0,0,3,0
CA,0,208.0,2,620,0,0,0,0,0,0
CF,JIMUK,32.895422,-114.649636,2,NYL,342.0,15.0,342.0,13.0,1,4000,0,0,0,0,0,0
HM,JIMUK,32.895422,-114.649636,2, ,0.0,0.0,162.0,06,1,4000,0,1,310,0,0,0,0

