FINAL,I14LZ,14L,I,3
IF,BUTOW,30.247197,-85.780839,ITYF,318.5,16.1,2,3000,0,0,0,0,0,0
CF,ARESS,30.147731,-85.663850,0,ITYF,318.5,7.6,138.0,8.5,1,1600,0,0,0,0,2,0
CF,RW14L,30.080044,-85.584411,0,ITYF,318.5,1.8,138.0,5.8,1,64,0,0,0,0,3,0
CA,0,138.0,2,420,0,0,0,0,0,0
CF,NENCY,30.324603,-85.572408,1,SZW,255.7,63.7,4.0,13.5,2,3000,0,0,0,0,0,0
HM,NENCY,30.324603,-85.572408,2, ,0.0,0.0,184.0,07,3,16000,0,1,265,0,0,0,0

APPTR,I32RZ,32R,CESBU
IF,CESBU,29.837481,-85.301372, ,0.0,0.0,2,3000,0,0,0,0,1,0
CF,WUDOM,29.896136,-85.369622,0,IPAM,138.5,16.1,318.0,5.0,2,2100,0,0,0,0,1,0

FINAL,I32RZ,32R,I,3
IF,WUDOM,29.896136,-85.369622,IPAM,138.5,16.1,2,2100,0,0,0,0,0,0
CF,SELEY,29.992958,-85.482553,0,IPAM,138.5,7.8,318.0,8.3,1,1600,0,0,0,0,2,0
CF,RW32R,30.060769,-85.561833,0,IPAM,138.5,2.0,318.0,5.8,1,64,0,0,0,0,3,0
CA,0,318.0,2,420,0,0,0,0,0,0
CF,SUSIE,30.015442,-85.194292,2,SZW,231.0,53.5,104.0,18.5,2,3000,0,0,0,0,0,0
HM,SUSIE,30.015442,-85.194292,1, ,0.0,0.0,284.0,07,3,6000,0,1,265,0,0,0,0

FINAL,R14L,14L,R,3
IF,BUTOW,30.247197,-85.780839, ,0.0,0.0,2,3000,0,0,0,0,0,0
TF,JESSC,30.147750,-85.663825,0, ,0.0,0.0,138.0,8.5,2,1600,0,0,0,0,2,0
TF,RW14L,30.080044,-85.584411,0, ,0.0,0.0,138.0,5.8,1,64,0,0,0,0,3,1
CA,0,138.0,2,600,0,0,0,0,0,0
DF,NENCY,30.324603,-85.572408,1, ,0.0,0.0,2,3000,0,0,0,0,0,1
HM,NENCY,30.324603,-85.572408,2, ,0.0,0.0,184.0,07,3,18000,0,1,265,0,0,0,0

FINAL,R14R,14R,R,3
IF,BUTOW,30.247197,-85.780839, ,0.0,0.0,2,3000,0,0,0,0,1,0
TF,WUNDA,30.145406,-85.667911,0, ,0.0,0.0,140.0,8.5,2,1600,0,0,0,0,2,0
TF,RW14R,30.077444,-85.588228,0, ,0.0,0.0,138.0,5.8,1,59,0,0,0,0,3,1
CA,0,138.0,2,600,0,0,0,0,0,0
DF,NENCY,30.324603,-85.572408,1, ,0.0,0.0,2,3000,0,0,0,0,0,1
HM,NENCY,30.324603,-85.572408,2, ,0.0,0.0,184.0,07,3,18000,0,1,265,0,0,0,0

FINAL,R32L,32L,R,3
IF,WUDOM,29.896136,-85.369622, ,0.0,0.0,2,3000,0,0,0,0,1,0
TF,COTVU,29.991958,-85.488239,0, ,0.0,0.0,317.0,8.4,2,1600,0,0,0,0,2,0
TF,RW32L,30.059847,-85.567625,0, ,0.0,0.0,319.0,5.8,1,62,0,0,0,0,3,1
CA,0,318.0,2,600,0,0,0,0,0,0
DF,SUSIE,30.015442,-85.194292,2, ,0.0,0.0,2,3000,0,0,0,0,0,1
HM,SUSIE,30.015442,-85.194292,1, ,0.0,0.0,284.0,07,3,18000,0,1,265,0,0,0,0

FINAL,R32R,32R,R,3
IF,WUDOM,29.896136,-85.369622, ,0.0,0.0,2,3000,0,0,0,0,1,0
TF,FESIT,29.992969,-85.482572,0, ,0.0,0.0,319.0,8.3,2,1600,0,0,0,0,2,0
TF,RW32R,30.060769,-85.561833,0, ,0.0,0.0,319.0,5.8,1,64,0,0,0,0,3,1
CA,0,318.0,2,600,0,0,0,0,0,0
DF,SUSIE,30.015442,-85.194292,2, ,0.0,0.0,2,3000,0,0,0,0,0,1
HM,SUSIE,30.015442,-85.194292,1, ,0.0,0.0,284.0,07,3,18000,0,1,265,0,0,0,0

