SID,PIE9,18,1
VD, ,0,0,0,PIE,0.0,0.0,176.0,3.5,0,0,0,0,0,0,0,0
VM,0,0,0,203.0,0,0,0,0,0,0,0,0

SID,PIE9,36,1
VD, ,0,0,0,PIE,0.0,0.0,356.0,1.5,0,0,0,0,0,0,0,0
VI,0, ,0.0,33.0,0,0,0,0,0,0,0,0
FM,PIE,27.907764,-82.684308,0,PIE,0.0,0.0,16.0,0,0,0,0,0,0,0,0

STAR,BLOND5,SIMMR,4
IF,SIMMR,27.783917,-84.204389, ,0.0,0.0,0,0,0,0,0,0,0,0
TF,RUDOF,27.919936,-83.718961,0, ,0.0,0.0,0.0,0.0,0,0,0,0,0,0,0,0
TF,BLOND,27.914381,-83.163547,0, ,0.0,0.0,0.0,0.0,0,0,0,0,0,0,0,0

STAR,BLOND5,ALL,5
IF,BLOND,27.914381,-83.163547, ,0.0,0.0,0,0,0,0,0,0,0,0
TF,AGASE,28.061394,-82.832294,0, ,0.0,0.0,0.0,0.0,0,0,0,0,0,0,0,0

STAR,BRDGE8,LBV,1
IF,LBV,26.828186,-81.391439, ,0.0,0.0,0,0,0,0,0,0,0,0
TF,ROGAN,27.250794,-81.892858,0, ,0.0,0.0,0.0,0.0,0,0,0,0,0,0,0,0
TF,BRDGE,27.452583,-82.134372,0, ,0.0,0.0,0.0,0.0,0,0,0,0,0,0,0,0

STAR,BRDGE8,PHK,1
IF,PHK,26.782742,-80.691433, ,0.0,0.0,0,0,0,0,0,0,0,0
TF,BRDGE,27.452583,-82.134372,0, ,0.0,0.0,0.0,0.0,0,0,0,0,0,0,0,0

STAR,BRDGE8,RSW,1
IF,RSW,26.529875,-81.775767, ,0.0,0.0,0,0,0,0,0,0,0,0
TF,ROGAN,27.250794,-81.892858,0, ,0.0,0.0,0.0,0.0,0,0,0,0,0,0,0,0
TF,BRDGE,27.452583,-82.134372,0, ,0.0,0.0,0.0,0.0,0,0,0,0,0,0,0,0

STAR,BRDGE8,ALL,2
IF,BRDGE,27.452583,-82.134372, ,0.0,0.0,0,0,0,0,0,0,0,0
TF,JSTRM,27.691825,-82.422519,0, ,0.0,0.0,0.0,0.0,0,0,0,0,0,0,0,0
TF,PIE,27.907764,-82.684308,0, ,0.0,0.0,0.0,0.0,0,0,0,0,0,0,0,0

STAR,DADES6,JAYJA,4
IF,JAYJA,29.586864,-82.358883, ,0.0,0.0,0,0,0,0,0,0,0,0
TF,EDISN,29.404075,-82.336975,0, ,0.0,0.0,0.0,0.0,0,0,0,0,0,0,0,0
TF,OLENE,28.739794,-82.258014,0, ,0.0,0.0,0.0,0.0,0,0,0,0,0,0,0,0
TF,MARVI,28.639397,-82.256478,0, ,0.0,0.0,0.0,0.0,0,0,0,0,0,0,0,0
TF,KOKOH,28.526317,-82.254317,0, ,0.0,0.0,0.0,0.0,0,0,0,0,0,0,0,0
TF,DADES,28.362672,-82.252167,0, ,0.0,0.0,0.0,0.0,0,0,0,0,0,0,0,0

STAR,DADES6,ORL,4
IF,ORL,28.542722,-81.335014, ,0.0,0.0,0,0,0,0,0,0,0,0
TF,DADES,28.362672,-82.252167,0, ,0.0,0.0,0.0,0.0,0,0,0,0,0,0,0,0

STAR,DADES6,ALL,5
IF,DADES,28.362672,-82.252167, ,0.0,0.0,0,0,0,0,0,0,0,0
TF,LZARD,28.300153,-82.311842,0, ,0.0,0.0,0.0,0.0,0,0,0,0,0,0,0,0

STAR,DARBS3,SZW,1
IF,SZW,30.556228,-84.373942, ,0.0,0.0,0,0,0,0,0,0,0,0
TF,HEVVN,29.821975,-83.895247,0, ,0.0,0.0,0.0,0.0,0,0,0,0,0,0,0,0
TF,LEGGT,29.222933,-83.510722,0, ,0.0,0.0,0.0,0.0,0,0,0,0,0,0,0,0
TF,TABIR,28.419844,-83.003258,0, ,0.0,0.0,0.0,0.0,0,0,0,0,0,0,0,0
TF,DARBS,28.199992,-82.865864,0, ,0.0,0.0,0.0,0.0,0,0,0,0,0,0,0,0

STAR,DARBS3,ALL,2
IF,DARBS,28.199992,-82.865864, ,0.0,0.0,0,0,0,0,0,0,0,0
TF,PIE,27.907764,-82.684308,0, ,0.0,0.0,0.0,0.0,0,0,0,0,0,0,0,1
FM,PIE,27.907764,-82.684308,0,PIE,0.0,0.0,156.0,0,0,0,0,0,0,0,0

STAR,DEAKK5,LBV,4
IF,LBV,26.828186,-81.391439, ,0.0,0.0,0,0,0,0,0,0,0,0
TF,ROGAN,27.250794,-81.892858,0, ,0.0,0.0,0.0,0.0,0,0,0,0,0,0,0,0

STAR,DEAKK5,PHK,4
IF,PHK,26.782742,-80.691433, ,0.0,0.0,0,0,0,0,0,0,0,0
TF,ROGAN,27.250794,-81.892858,0, ,0.0,0.0,0.0,0.0,0,0,0,0,0,0,0,0

STAR,DEAKK5,RSW,4
IF,RSW,26.529875,-81.775767, ,0.0,0.0,0,0,0,0,0,0,0,0
TF,ROGAN,27.250794,-81.892858,0, ,0.0,0.0,0.0,0.0,0,0,0,0,0,0,0,0

STAR,DEAKK5,ALL,5
IF,ROGAN,27.250794,-81.892858, ,0.0,0.0,0,0,0,0,0,0,0,0
TF,DEAKK,27.452617,-82.134400,0, ,0.0,0.0,0.0,0.0,0,0,0,0,0,0,0,0
TF,JSTRM,27.691825,-82.422519,0, ,0.0,0.0,0.0,0.0,0,0,0,0,0,0,0,0

STAR,FOOXX5,HEVVN,4
IF,HEVVN,29.821975,-83.895247, ,0.0,0.0,0,0,0,0,0,0,0,0
TF,LEGGT,29.222933,-83.510722,0, ,0.0,0.0,0.0,0.0,0,0,0,0,0,0,0,0
TF,TABIR,28.419844,-83.003258,0, ,0.0,0.0,0.0,0.0,0,0,0,0,0,0,0,0

STAR,FOOXX5,ALL,5
IF,TABIR,28.419844,-83.003258, ,0.0,0.0,0,0,0,0,0,0,0,0
TF,DIPAY,28.273000,-82.911425,0, ,0.0,0.0,0.0,0.0,0,0,0,0,0,0,0,0
TF,DARBS,28.199992,-82.865864,0, ,0.0,0.0,0.0,0.0,0,0,0,0,0,0,0,0
TF,FOOXX,28.083544,-82.702442,0, ,0.0,0.0,0.0,0.0,0,0,0,0,0,0,0,0
TF,DADPE,28.005592,-82.614997,0, ,0.0,0.0,0.0,0.0,0,0,0,0,0,0,0,0
TF,BAYZZ,27.862211,-82.621369,0, ,0.0,0.0,0.0,0.0,0,0,0,0,0,0,0,0
TF,WOBKI,27.698158,-82.626894,0, ,0.0,0.0,0.0,0.0,0,0,0,0,0,0,0,1
VM,27.908694,-82.686500,0,97.0,0,0,0,0,0,0,0,0

STAR,LZARD6,ORL,1
IF,ORL,28.542722,-81.335014, ,0.0,0.0,0,0,0,0,0,0,0,0
TF,DADES,28.362672,-82.252167,0, ,0.0,0.0,0.0,0.0,0,0,0,0,0,0,0,0
TF,LZARD,28.300153,-82.311842,0, ,0.0,0.0,0.0,0.0,0,0,0,0,0,0,0,0

STAR,LZARD6,TAY,1
IF,TAY,30.504639,-82.552903, ,0.0,0.0,0,0,0,0,0,0,0,0
TF,JAYJA,29.586864,-82.358883,0, ,0.0,0.0,0.0,0.0,0,0,0,0,0,0,0,0
TF,GRASN,29.132253,-82.264144,0, ,0.0,0.0,0.0,0.0,0,0,0,0,0,0,0,0
TF,OLENE,28.739794,-82.258014,0, ,0.0,0.0,0.0,0.0,0,0,0,0,0,0,0,0
TF,MARVI,28.639397,-82.256478,0, ,0.0,0.0,0.0,0.0,0,0,0,0,0,0,0,0
TF,DADES,28.362672,-82.252167,0, ,0.0,0.0,0.0,0.0,0,0,0,0,0,0,0,0
TF,LZARD,28.300153,-82.311842,0, ,0.0,0.0,0.0,0.0,0,0,0,0,0,0,0,0

STAR,LZARD6,ALL,2
IF,LZARD,28.300153,-82.311842, ,0.0,0.0,0,0,0,0,0,0,0,0
TF,TUMPY,28.176383,-82.429733,0, ,0.0,0.0,0.0,0.0,0,0,0,0,0,0,0,0
TF,PIE,27.907764,-82.684308,0, ,0.0,0.0,0.0,0.0,0,0,0,0,0,0,0,0

APPTR,D36,36,PIE
IF,PIE,27.907764,-82.684308, ,0.0,0.0,0,0,0,0,0,0,0,0
TF,BIGOO,27.802603,-82.689906,0, ,0.0,0.0,0.0,0.0,2,2000,0,0,0,0,0,0
PI,BIGOO,27.802603,-82.689906,1,PIE,233.0,10.0,188,5.0,2,2000,0,0,0,0,1,0
CF,BIGOO,27.802603,-82.689906,0,PIE,187.7,6.3,8.0,8.0,2,2000,0,0,0,0,0,0

FINAL,D36,36,D,3
IF,BIGOO,27.802603,-82.689906,PIE,187.7,6.3,2,2000,0,0,0,0,2,0
CF,BLOOP,27.869364,-82.686353,0,PIE,187.7,2.3,8.0,4.0,2,620,0,0,0,0,0,0
CF,UMOVY,27.891325,-82.685183,0,PIE,187.7,0.0,8.0,1.3,1,247,0,0,0,0,3,0
CA,0,8.0,2,1200,0,0,0,0,0,0
VI,1, ,0.0,240.0,0,0,0,0,0,0,0,0
CF,LAFAL,27.910014,-82.834789,0,PIE,276.0,8.0,276.0,1.0,2,1700,0,0,0,0,0,0
HM,LAFAL,27.910014,-82.834789,2, ,0.0,0.0,96.0,04.3,0,0,0,0,0,0,0,0,0

APPTR,I18,18,DARBS
IF,DARBS,28.199992,-82.865864, ,0.0,0.0,0,0,0,0,0,0,1,0
TF,CFBBD,28.176631,-82.734400,0, ,0.0,0.0,0.0,0.0,2,2600,0,0,0,0,0,0
CF,ZEPUM,28.105458,-82.722094,0,IPIE,356.3,12.7,176.0,4.3,2,2600,0,0,0,0,1,0

APPTR,I18,18,PIE
IF,PIE,27.907764,-82.684308, ,0.0,0.0,0,0,0,0,0,0,0,0
TF,CAPOK,27.995219,-82.703069,0, ,0.0,0.0,0.0,0.0,2,1700,0,0,0,0,0,0
HF,CAPOK,27.995219,-82.703069,2, ,0.0,0.0,176.0,04.3,2,1700,0,0,0,0,1,0,0

APPTR,I18,18,WIPSO
IF,WIPSO,28.204569,-82.739231, ,0.0,0.0,0,0,0,0,0,0,1,0
CF,ZEPUM,28.105458,-82.722094,0,IPIE,356.3,12.7,176.0,6.0,2,2600,0,0,0,0,1,0

FINAL,I18,18,I,3
IF,ZEPUM,28.105458,-82.722094,IPIE,356.3,12.7,2,2600,0,0,0,0,0,0
CF,CAPOK,27.995219,-82.703069,0,IPIE,356.3,6.1,176.0,6.7,1,1460,0,0,0,0,2,0
CF,RW18,27.923414,-82.690706,0,IPIE,356.3,1.7,176.0,4.4,1,60,0,0,0,0,3,0
CA,0,176.0,2,600,0,0,0,0,0,0
CF,LAFAL,27.910014,-82.834789,2,PIE,276.0,8.0,276.0,8.0,2,1700,0,0,0,0,0,0
HM,LAFAL,27.910014,-82.834789,2, ,0.0,0.0,96.0,04.3,0,0,0,0,0,0,0,0,0

APPTR,I36,36,PIE
IF,PIE,27.907764,-82.684308, ,0.0,0.0,0,0,0,0,0,0,0,0
TF,SONES,27.799106,-82.669336,0, ,0.0,0.0,0.0,0.0,2,2000,0,0,0,0,0,0
HF,SONES,27.799106,-82.669336,1, ,0.0,0.0,356.0,04.3,2,2000,0,0,0,0,1,0,0

APPTR,I36,36,SRQ
FC,SRQ,27.407017,-82.563661,0,SRQ,0.0,0.0,350.0,14.2,2,2000,0,0,0,0,1,0
CF,RONXI,27.700083,-82.652347,0,ICWT,176.3,13.7,350.0,4.0,2,2000,0,0,0,0,1,0

FINAL,I36,36,I,3
IF,RONXI,27.700083,-82.652347,ICWT,176.3,13.7,2,2000,0,0,0,0,0,0
CF,SONES,27.799106,-82.669336,0,ICWT,176.3,7.7,356.0,6.0,1,2000,0,0,0,0,2,0
CF,RW36,27.899489,-82.686589,0,ICWT,176.3,1.7,356.0,6.1,1,65,0,0,0,0,3,0
CA,0,356.0,2,600,0,0,0,0,0,0
CF,LAFAL,27.910014,-82.834789,0,PIE,276.0,8.0,276.0,8.0,2,2000,0,0,0,0,0,0
HM,LAFAL,27.910014,-82.834789,2, ,0.0,0.0,96.0,04.3,0,0,0,0,0,0,0,0,0

APPTR,R18,18,DONHU
IF,DONHU,28.171081,-82.736706, ,0.0,0.0,0,0,0,0,0,0,1,0
TF,DETSE,28.101347,-82.721375,0, ,0.0,0.0,0.0,0.0,2,2600,0,0,0,0,1,0

APPTR,R18,18,PIE
IF,PIE,27.907764,-82.684308, ,0.0,0.0,0,0,0,0,0,0,0,0
TF,DETSE,28.101347,-82.721375,0, ,0.0,0.0,0.0,0.0,2,2600,0,0,0,0,0,1
HF,DETSE,28.101347,-82.721375,2, ,0.0,0.0,176.0,04,2,2600,0,0,0,0,1,0,0

FINAL,R18,18,R,4
IF,DETSE,28.101347,-82.721375, ,0.0,0.0,2,2600,0,0,0,0,0,0
TF,SAUND,28.003372,-82.704475,0, ,0.0,0.0,176.0,5.9,2,1600,0,0,0,0,2,0
TF,WIGUS,27.949847,-82.695256,0, ,0.0,0.0,176.0,3.2,2,560,0,0,0,0,0,0
TF,RW18,27.923414,-82.690706,0, ,0.0,0.0,176.0,1.6,1,60,0,0,0,0,3,1
CA,0,176.0,2,207,0,0,0,0,0,0
DF,RONXI,27.700083,-82.652347,0, ,0.0,0.0,2,2600,0,0,0,0,0,1
HM,RONXI,27.700083,-82.652347,1, ,0.0,0.0,356.0,04,0,0,0,0,0,0,0,0,0

APPTR,R36,36,PIE
IF,PIE,27.907764,-82.684308, ,0.0,0.0,0,0,0,0,0,0,0,0
TF,RONXI,27.700083,-82.652347,0, ,0.0,0.0,0.0,0.0,2,2000,0,0,0,0,0,1
HF,RONXI,27.700083,-82.652347,1, ,0.0,0.0,356.0,04,2,2000,0,0,0,0,1,0,0

APPTR,R36,36,SRQ
IF,SRQ,27.407017,-82.563661, ,0.0,0.0,0,0,0,0,0,0,1,0
TF,RONXI,27.700083,-82.652347,0, ,0.0,0.0,0.0,0.0,2,2000,0,0,0,0,1,0

FINAL,R36,36,R,4
IF,RONXI,27.700083,-82.652347, ,0.0,0.0,2,2000,0,0,0,0,0,0
TF,SONES,27.799106,-82.669336,0, ,0.0,0.0,356.0,6.0,2,2000,0,0,0,0,2,0
TF,SAWGA,27.864797,-82.680622,0, ,0.0,0.0,356.0,4.0,2,720,0,0,0,0,0,0
TF,RW36,27.899489,-82.686589,0, ,0.0,0.0,356.0,2.1,1,65,0,0,0,0,3,1
CA,0,356.0,2,210,0,0,0,0,0,0
DF,DETSE,28.101347,-82.721375,0, ,0.0,0.0,2,2600,0,0,0,0,0,1
HM,DETSE,28.101347,-82.721375,2, ,0.0,0.0,176.0,04,0,0,0,0,0,0,0,0,0

APPTR,S04,04,PIE
PI,PIE,27.907764,-82.684308,1,PIE,264.0,10.0,219,5.0,2,1700,0,0,0,0,1,0
CF,FF04,27.829100,-82.743981,0,PIE,219.0,5.7,39.0,4.3,2,1700,0,0,0,0,0,0

FINAL,S04,04,D,3
IF,FF04,27.829100,-82.743981,PIE,219.0,5.7,2,1700,0,0,0,0,2,0
CF,JULSO,27.859322,-82.721206,0,PIE,219.1,3.5,39.0,2.2,2,1000,0,0,0,0,0,0
CF,RW04,27.899972,-82.689142,0,PIE,213.9,0.5,39.0,3.0,1,61,0,0,0,0,3,0
CF,PIE,27.907764,-82.684308,0,PIE,0.0,0.0,39.0,0.5,2,420,0,0,0,0,0,1
DF,CAPOK,27.995219,-82.703069,0, ,0.0,0.0,2,1700,0,0,0,0,0,0
HM,CAPOK,27.995219,-82.703069,2, ,0.0,0.0,176.0,04.3,0,0,0,0,0,0,0,0,0

APPTR,V04-B,04,PIE
IF,PIE,27.907764,-82.684308, ,0.0,0.0,0,0,0,0,0,0,0,0
TF,ESETE,28.117639,-82.651294,0, ,0.0,0.0,0.0,0.0,2,2600,0,0,0,0,0,0
HF,ESETE,28.117639,-82.651294,2, ,0.0,0.0,193.0,04.3,2,2600,0,0,0,0,1,0,0

FINAL,V04-B,04,D,3
IF,ESETE,28.117639,-82.651294,PIE,12.9,12.7,2,2600,0,0,0,0,0,0
CF,PPLNT,28.003072,-82.669325,0,PIE,12.9,5.8,193.0,6.9,2,1600,0,0,0,0,2,0
CF,ZUKVO,27.922336,-82.682019,0,PIE,13.0,0.9,193.0,4.9,1,620,0,0,0,0,3,0
CA,0,193.0,2,700,0,0,0,0,0,0
CF,ESETE,28.117639,-82.651294,2,PIE,12.9,12.7,13.0,12.0,2,2600,0,0,0,0,0,0
HM,ESETE,28.117639,-82.651294,2, ,0.0,0.0,193.0,04.3,0,0,0,0,0,0,0,0,0

APPTR,V18-B,18,PIE
IF,PIE,27.907764,-82.684308, ,0.0,0.0,0,0,0,0,0,0,0,0
TF,ESETE,28.117639,-82.651294,0, ,0.0,0.0,0.0,0.0,2,2600,0,0,0,0,0,0
HF,ESETE,28.117639,-82.651294,2, ,0.0,0.0,193.0,04.3,2,2600,0,0,0,0,1,0,0

FINAL,V18-B,18,D,3
IF,ESETE,28.117639,-82.651294,PIE,12.9,12.7,2,2600,0,0,0,0,0,0
CF,PPLNT,28.003072,-82.669325,0,PIE,12.9,5.8,193.0,6.9,2,1600,0,0,0,0,2,0
CF,ZUKVO,27.922336,-82.682019,0,PIE,13.0,0.9,193.0,4.9,1,620,0,0,0,0,3,0
CA,0,193.0,2,700,0,0,0,0,0,0
CF,ESETE,28.117639,-82.651294,2,PIE,12.9,12.7,13.0,12.0,2,2600,0,0,0,0,0,0
HM,ESETE,28.117639,-82.651294,2, ,0.0,0.0,193.0,04.3,0,0,0,0,0,0,0,0,0

APPTR,V22-B,22,PIE
IF,PIE,27.907764,-82.684308, ,0.0,0.0,0,0,0,0,0,0,0,0
TF,ESETE,28.117639,-82.651294,0, ,0.0,0.0,0.0,0.0,2,2600,0,0,0,0,0,0
HF,ESETE,28.117639,-82.651294,2, ,0.0,0.0,193.0,04.3,2,2600,0,0,0,0,1,0,0

FINAL,V22-B,22,D,3
IF,ESETE,28.117639,-82.651294,PIE,12.9,12.7,2,2600,0,0,0,0,0,0
CF,PPLNT,28.003072,-82.669325,0,PIE,12.9,5.8,193.0,6.9,2,1600,0,0,0,0,2,0
CF,ZUKVO,27.922336,-82.682019,0,PIE,13.0,0.9,193.0,4.9,1,620,0,0,0,0,3,0
CA,0,193.0,2,700,0,0,0,0,0,0
CF,ESETE,28.117639,-82.651294,2,PIE,12.9,12.7,13.0,12.0,2,2600,0,0,0,0,0,0
HM,ESETE,28.117639,-82.651294,2, ,0.0,0.0,193.0,04.3,0,0,0,0,0,0,0,0,0

APPTR,V36-B,36,PIE
IF,PIE,27.907764,-82.684308, ,0.0,0.0,0,0,0,0,0,0,0,0
TF,ESETE,28.117639,-82.651294,0, ,0.0,0.0,0.0,0.0,2,2600,0,0,0,0,0,0
HF,ESETE,28.117639,-82.651294,2, ,0.0,0.0,193.0,04.3,2,2600,0,0,0,0,1,0,0

FINAL,V36-B,36,D,3
IF,ESETE,28.117639,-82.651294,PIE,12.9,12.7,2,2600,0,0,0,0,0,0
CF,PPLNT,28.003072,-82.669325,0,PIE,12.9,5.8,193.0,6.9,2,1600,0,0,0,0,2,0
CF,ZUKVO,27.922336,-82.682019,0,PIE,13.0,0.9,193.0,4.9,1,620,0,0,0,0,3,0
CA,0,193.0,2,700,0,0,0,0,0,0
CF,ESETE,28.117639,-82.651294,2,PIE,12.9,12.7,13.0,12.0,2,2600,0,0,0,0,0,0
HM,ESETE,28.117639,-82.651294,2, ,0.0,0.0,193.0,04.3,0,0,0,0,0,0,0,0,0

