SID,BEXGO3,05L,4
VM,0,0,0,54.0,0,0,0,0,0,0,0,0
DF,AIMHI,36.274000,-78.412753,0, ,0.0,0.0,0,0,0,0,0,0,0,0

SID,BEXGO3,05R,4
VM,0,0,0,54.0,0,0,0,0,0,0,0,0
DF,AIMHI,36.274000,-78.412753,0, ,0.0,0.0,0,0,0,0,0,0,0,0

SID,BEXGO3,14,4
VM,0,0,0,144.0,0,0,0,0,0,0,0,0
DF,AIMHI,36.274000,-78.412753,0, ,0.0,0.0,0,0,0,0,0,0,0,0

SID,BEXGO3,23L,4
VM,0,0,0,234.0,0,0,0,0,0,0,0,0
DF,AIMHI,36.274000,-78.412753,0, ,0.0,0.0,0,0,0,0,0,0,0,0

SID,BEXGO3,23R,4
VM,0,0,0,234.0,0,0,0,0,0,0,0,0
DF,AIMHI,36.274000,-78.412753,0, ,0.0,0.0,0,0,0,0,0,0,0,0

SID,BEXGO3,32,4
VM,0,0,0,324.0,0,0,0,0,0,0,0,0
DF,AIMHI,36.274000,-78.412753,0, ,0.0,0.0,0,0,0,0,0,0,0,0

SID,BEXGO3,ALL,5
IF,AIMHI,36.274000,-78.412753, ,0.0,0.0,0,0,0,0,0,0,0,0
TF,BEXGO,36.500028,-78.202142,0, ,0.0,0.0,0.0,0.0,0,0,0,0,0,0,0,0

SID,BEXGO3,LVL,6
IF,BEXGO,36.500028,-78.202142, ,0.0,0.0,0,0,0,0,0,0,0,0
TF,LVL,36.818036,-77.902969,0, ,0.0,0.0,0.0,0.0,0,0,0,0,0,0,0,0

SID,BLUUE7,05L,1
VA,0,54.0,2,840,0,0,0,0,0,0
VM,0,0,0,54.0,0,0,0,0,0,0,0,0

SID,BLUUE7,05R,1
VA,0,54.0,2,840,0,0,0,0,0,0
VM,0,0,0,54.0,0,0,0,0,0,0,0,0

SID,BLUUE7,14,1
VA,0,144.0,2,1400,0,0,0,0,0,0
VM,0,0,0,144.0,0,0,0,0,0,0,0,0

SID,BLUUE7,23L,1
VA,0,234.0,2,1900,0,0,0,0,0,0
VM,0,0,0,234.0,0,0,0,0,0,0,0,0

SID,BLUUE7,23R,1
VA,0,234.0,2,1800,0,0,0,0,0,0
VM,0,0,0,234.0,0,0,0,0,0,0,0,0

SID,BLUUE7,32,1
VA,0,324.0,2,840,0,0,0,0,0,0
VM,0,0,0,324.0,0,0,0,0,0,0,0,0

SID,BLUUE7,DAN,3
IF,RDU,35.872522,-78.783342, ,0.0,0.0,0,0,0,0,0,0,0,0
TF,JAYRR,36.009083,-79.375756,0, ,0.0,0.0,0.0,0.0,0,0,0,0,0,0,0,0
TF,DAN,36.568881,-79.336658,0, ,0.0,0.0,0.0,0.0,0,0,0,0,0,0,0,0

SID,BLUUE7,GSO,3
IF,RDU,35.872522,-78.783342, ,0.0,0.0,0,0,0,0,0,0,0,0
TF,JAYRR,36.009083,-79.375756,0, ,0.0,0.0,0.0,0.0,0,0,0,0,0,0,0,0
TF,GSO,36.045692,-79.976375,0, ,0.0,0.0,0.0,0.0,0,0,0,0,0,0,0,0

SID,FAY4,05L,1
VA,0,54.0,2,840,0,0,0,0,0,0
VM,0,0,0,54.0,0,0,0,0,0,0,0,0
CF,EVIGY,35.627000,-78.929833,0,RDU,215.0,16.4,215.0,14.0,0,0,0,0,0,0,0,0

SID,FAY4,05R,1
VA,0,54.0,2,840,0,0,0,0,0,0
VM,0,0,0,54.0,0,0,0,0,0,0,0,0
CF,EVIGY,35.627000,-78.929833,0,RDU,215.0,16.4,215.0,14.0,0,0,0,0,0,0,0,0

SID,FAY4,14,1
VA,0,144.0,2,1400,0,0,0,0,0,0
VM,0,0,0,144.0,0,0,0,0,0,0,0,0
CF,EVIGY,35.627000,-78.929833,0,RDU,215.0,16.4,215.0,14.0,0,0,0,0,0,0,0,0

SID,FAY4,23L,1
VA,0,234.0,2,1900,0,0,0,0,0,0
VM,0,0,0,234.0,0,0,0,0,0,0,0,0
CF,EVIGY,35.627000,-78.929833,0,RDU,215.0,16.4,215.0,14.0,0,0,0,0,0,0,0,0

SID,FAY4,23R,1
VA,0,234.0,2,1800,0,0,0,0,0,0
VM,0,0,0,234.0,0,0,0,0,0,0,0,0
CF,EVIGY,35.627000,-78.929833,0,RDU,215.0,16.4,215.0,14.0,0,0,0,0,0,0,0,0

SID,FAY4,32,1
VA,0,324.0,2,840,0,0,0,0,0,0
VM,0,0,0,324.0,0,0,0,0,0,0,0,0
CF,EVIGY,35.627000,-78.929833,0,RDU,215.0,16.4,215.0,14.0,0,0,0,0,0,0,0,0

SID,FAY4,ALL,2
IF,EVIGY,35.627000,-78.929833, ,0.0,0.0,0,0,0,0,0,0,0,0
TF,FAY,34.985550,-78.875064,0, ,0.0,0.0,0.0,0.0,0,0,0,0,0,0,0,0

SID,HOOKZ3,05L,4
VM,0,0,0,54.0,0,0,0,0,0,0,0,0
DF,FITON,35.445719,-78.896600,0, ,0.0,0.0,0,0,0,0,0,0,0,0

SID,HOOKZ3,05R,4
VM,0,0,0,54.0,0,0,0,0,0,0,0,0
DF,FITON,35.445719,-78.896600,0, ,0.0,0.0,0,0,0,0,0,0,0,0

SID,HOOKZ3,14,4
VM,0,0,0,144.0,0,0,0,0,0,0,0,0
DF,FITON,35.445719,-78.896600,0, ,0.0,0.0,0,0,0,0,0,0,0,0

SID,HOOKZ3,23L,4
VM,0,0,0,234.0,0,0,0,0,0,0,0,0
DF,FITON,35.445719,-78.896600,0, ,0.0,0.0,0,0,0,0,0,0,0,0

SID,HOOKZ3,23R,4
VM,0,0,0,234.0,0,0,0,0,0,0,0,0
DF,FITON,35.445719,-78.896600,0, ,0.0,0.0,0,0,0,0,0,0,0,0

SID,HOOKZ3,32,4
VM,0,0,0,324.0,0,0,0,0,0,0,0,0
DF,FITON,35.445719,-78.896600,0, ,0.0,0.0,0,0,0,0,0,0,0,0

SID,HOOKZ3,ALL,5
IF,FITON,35.445719,-78.896600, ,0.0,0.0,0,0,0,0,0,0,0,0
TF,HOOKZ,35.280331,-78.924192,0, ,0.0,0.0,0.0,0.0,0,0,0,0,0,0,0,0

SID,HOOKZ3,FAY,6
IF,HOOKZ,35.280331,-78.924192, ,0.0,0.0,0,0,0,0,0,0,0,0
TF,FAY,34.985550,-78.875064,0, ,0.0,0.0,0.0,0.0,0,0,0,0,0,0,0,0

SID,HURIC3,05L,4
VM,0,0,0,54.0,0,0,0,0,0,0,0,0
DF,STRMY,35.918797,-78.319750,0, ,0.0,0.0,0,0,0,0,0,0,0,0

SID,HURIC3,05R,4
VM,0,0,0,54.0,0,0,0,0,0,0,0,0
DF,STRMY,35.918797,-78.319750,0, ,0.0,0.0,0,0,0,0,0,0,0,0

SID,HURIC3,14,4
VM,0,0,0,144.0,0,0,0,0,0,0,0,0
DF,STRMY,35.918797,-78.319750,0, ,0.0,0.0,0,0,0,0,0,0,0,0

SID,HURIC3,23L,4
VM,0,0,0,234.0,0,0,0,0,0,0,0,0
DF,STRMY,35.918797,-78.319750,0, ,0.0,0.0,0,0,0,0,0,0,0,0

SID,HURIC3,23R,4
VM,0,0,0,234.0,0,0,0,0,0,0,0,0
DF,STRMY,35.918797,-78.319750,0, ,0.0,0.0,0,0,0,0,0,0,0,0

SID,HURIC3,32,4
VM,0,0,0,324.0,0,0,0,0,0,0,0,0
DF,STRMY,35.918797,-78.319750,0, ,0.0,0.0,0,0,0,0,0,0,0,0

SID,HURIC3,ALL,5
IF,STRMY,35.918797,-78.319750, ,0.0,0.0,0,0,0,0,0,0,0,0
TF,HURIC,35.938247,-78.115928,0, ,0.0,0.0,0.0,0.0,0,0,0,0,0,0,0,0

SID,HURIC3,TYI,6
IF,HURIC,35.938247,-78.115928, ,0.0,0.0,0,0,0,0,0,0,0,0
TF,TYI,35.976722,-77.703731,0, ,0.0,0.0,0.0,0.0,0,0,0,0,0,0,0,0

SID,LWOOD3,05L,4
VM,0,0,0,54.0,0,0,0,0,0,0,0,0
DF,FOCAL,36.034847,-79.256744,0, ,0.0,0.0,0,0,0,0,0,0,0,0

SID,LWOOD3,05R,4
VM,0,0,0,54.0,0,0,0,0,0,0,0,0
DF,FOCAL,36.034847,-79.256744,0, ,0.0,0.0,0,0,0,0,0,0,0,0

SID,LWOOD3,23L,4
VM,0,0,0,234.0,0,0,0,0,0,0,0,0
DF,FOCAL,36.034847,-79.256744,0, ,0.0,0.0,0,0,0,0,0,0,0,0

SID,LWOOD3,23R,4
VM,0,0,0,234.0,0,0,0,0,0,0,0,0
DF,FOCAL,36.034847,-79.256744,0, ,0.0,0.0,0,0,0,0,0,0,0,0

SID,LWOOD3,ALL,5
IF,FOCAL,36.034847,-79.256744, ,0.0,0.0,0,0,0,0,0,0,0,0
TF,EPOCH,36.073183,-79.365467,0, ,0.0,0.0,0.0,0.0,0,0,0,0,0,0,0,0
TF,LWOOD,36.180653,-79.381556,0, ,0.0,0.0,0.0,0.0,0,0,0,0,0,0,0,0

SID,LWOOD3,PSK,6
IF,LWOOD,36.180653,-79.381556, ,0.0,0.0,0,0,0,0,0,0,0,0
TF,OPUSS,36.584361,-79.740475,0, ,0.0,0.0,0.0,0.0,0,0,0,0,0,0,0,0
TF,PSK,37.087706,-80.712900,0, ,0.0,0.0,0.0,0.0,0,0,0,0,0,0,0,0

SID,LWOOD3,ROA,6
IF,LWOOD,36.180653,-79.381556, ,0.0,0.0,0,0,0,0,0,0,0,0
TF,ROA,37.343464,-80.070397,0, ,0.0,0.0,0.0,0.0,0,0,0,0,0,0,0,0

SID,OXFRD3,05L,4
VM,0,0,0,54.0,0,0,0,0,0,0,0,0
DF,PEAVY,36.356925,-78.611597,0, ,0.0,0.0,0,0,0,0,0,0,0,0

SID,OXFRD3,05R,4
VM,0,0,0,54.0,0,0,0,0,0,0,0,0
DF,PEAVY,36.356925,-78.611597,0, ,0.0,0.0,0,0,0,0,0,0,0,0

SID,OXFRD3,14,4
VM,0,0,0,144.0,0,0,0,0,0,0,0,0
DF,PEAVY,36.356925,-78.611597,0, ,0.0,0.0,0,0,0,0,0,0,0,0

SID,OXFRD3,23L,4
VM,0,0,0,234.0,0,0,0,0,0,0,0,0
DF,PEAVY,36.356925,-78.611597,0, ,0.0,0.0,0,0,0,0,0,0,0,0

SID,OXFRD3,23R,4
VM,0,0,0,234.0,0,0,0,0,0,0,0,0
DF,PEAVY,36.356925,-78.611597,0, ,0.0,0.0,0,0,0,0,0,0,0,0

SID,OXFRD3,32,4
VM,0,0,0,324.0,0,0,0,0,0,0,0,0
DF,PEAVY,36.356925,-78.611597,0, ,0.0,0.0,0,0,0,0,0,0,0,0

SID,OXFRD3,ALL,5
IF,PEAVY,36.356925,-78.611597, ,0.0,0.0,0,0,0,0,0,0,0,0
TF,OXFRD,36.420283,-78.588972,0, ,0.0,0.0,0.0,0.0,0,0,0,0,0,0,0,0

SID,OXFRD3,FAK,6
IF,OXFRD,36.420283,-78.588972, ,0.0,0.0,0,0,0,0,0,0,0,0
TF,HARVY,36.746167,-78.471939,0, ,0.0,0.0,0.0,0.0,0,0,0,0,0,0,0,0
TF,CARML,37.361817,-77.969003,0, ,0.0,0.0,0.0,0.0,0,0,0,0,0,0,0,0
TF,FAK,37.528508,-77.828219,0, ,0.0,0.0,0.0,0.0,0,0,0,0,0,0,0,0

SID,PACK8,05L,1
VM,0,0,0,54.0,0,0,0,0,0,0,0,0
DF,RDU,35.872522,-78.783342,0, ,0.0,0.0,0,0,0,0,0,0,0,0

SID,PACK8,05R,1
VM,0,0,0,54.0,0,0,0,0,0,0,0,0
DF,RDU,35.872522,-78.783342,0, ,0.0,0.0,0,0,0,0,0,0,0,0

SID,PACK8,23L,1
VM,0,0,0,234.0,0,0,0,0,0,0,0,0
DF,RDU,35.872522,-78.783342,0, ,0.0,0.0,0,0,0,0,0,0,0,0

SID,PACK8,23R,1
VM,0,0,0,234.0,0,0,0,0,0,0,0,0
DF,RDU,35.872522,-78.783342,0, ,0.0,0.0,0,0,0,0,0,0,0,0

SID,PACK8,ROA,3
IF,RDU,35.872522,-78.783342, ,0.0,0.0,0,0,0,0,0,0,0,0
TF,LIB,35.811622,-79.612592,0, ,0.0,0.0,0.0,0.0,0,0,0,0,0,0,0,0
TF,ROA,37.343464,-80.070397,0, ,0.0,0.0,0.0,0.0,0,0,0,0,0,0,0,0

SID,PACK8,SHPRD,3
IF,RDU,35.872522,-78.783342, ,0.0,0.0,0,0,0,0,0,0,0,0
TF,LIB,35.811622,-79.612592,0, ,0.0,0.0,0.0,0.0,0,0,0,0,0,0,0,0
TF,SHPRD,35.654322,-80.476767,0, ,0.0,0.0,0.0,0.0,0,0,0,0,0,0,0,0

SID,RDU9,05L,1
VA,0,54.0,2,840,0,0,0,0,0,0
VM,0,0,0,54.0,0,0,0,0,0,0,0,0

SID,RDU9,05R,1
VA,0,54.0,2,840,0,0,0,0,0,0
VM,0,0,0,54.0,0,0,0,0,0,0,0,0

SID,RDU9,14,1
VA,0,144.0,2,840,0,0,0,0,0,0
VM,0,0,0,144.0,0,0,0,0,0,0,0,0

SID,RDU9,23L,1
VA,0,234.0,2,840,0,0,0,0,0,0
VM,0,0,0,234.0,0,0,0,0,0,0,0,0

SID,RDU9,23R,1
VA,0,234.0,2,840,0,0,0,0,0,0
VM,0,0,0,234.0,0,0,0,0,0,0,0,0

SID,RDU9,32,1
VA,0,324.0,2,840,0,0,0,0,0,0
VM,0,0,0,324.0,0,0,0,0,0,0,0,0

SID,ROZBO3,05L,4
VM,0,0,0,54.0,0,0,0,0,0,0,0,0
DF,EAGER,35.514758,-78.706603,0, ,0.0,0.0,0,0,0,0,0,0,0,0

SID,ROZBO3,05R,4
VM,0,0,0,54.0,0,0,0,0,0,0,0,0
DF,EAGER,35.514758,-78.706603,0, ,0.0,0.0,0,0,0,0,0,0,0,0

SID,ROZBO3,14,4
VM,0,0,0,144.0,0,0,0,0,0,0,0,0
DF,EAGER,35.514758,-78.706603,0, ,0.0,0.0,0,0,0,0,0,0,0,0

SID,ROZBO3,23L,4
VM,0,0,0,234.0,0,0,0,0,0,0,0,0
DF,EAGER,35.514758,-78.706603,0, ,0.0,0.0,0,0,0,0,0,0,0,0

SID,ROZBO3,23R,4
VM,0,0,0,234.0,0,0,0,0,0,0,0,0
DF,EAGER,35.514758,-78.706603,0, ,0.0,0.0,0,0,0,0,0,0,0,0

SID,ROZBO3,32,4
VM,0,0,0,324.0,0,0,0,0,0,0,0,0
DF,EAGER,35.514758,-78.706603,0, ,0.0,0.0,0,0,0,0,0,0,0,0

SID,ROZBO3,ALL,5
IF,EAGER,35.514758,-78.706603, ,0.0,0.0,0,0,0,0,0,0,0,0
TF,ROZBO,34.956606,-78.627006,0, ,0.0,0.0,0.0,0.0,0,0,0,0,0,0,0,0

SID,ROZBO3,CHS,6
IF,ROZBO,34.956606,-78.627006, ,0.0,0.0,0,0,0,0,0,0,0,0
TF,CHS,32.894319,-80.037814,0, ,0.0,0.0,0.0,0.0,0,0,0,0,0,0,0,0

SID,ROZBO3,CLB,6
IF,ROZBO,34.956606,-78.627006, ,0.0,0.0,0,0,0,0,0,0,0,0
TF,CLB,34.106283,-77.961378,0, ,0.0,0.0,0.0,0.0,0,0,0,0,0,0,0,0

SID,ROZBO3,ILM,6
IF,ROZBO,34.956606,-78.627006, ,0.0,0.0,0,0,0,0,0,0,0,0
TF,ILM,34.351647,-77.874381,0, ,0.0,0.0,0.0,0.0,0,0,0,0,0,0,0,0

SID,SHPRD3,05L,4
VM,0,0,0,54.0,0,0,0,0,0,0,0,0
DF,CATAR,35.835403,-79.300181,0, ,0.0,0.0,0,0,0,0,0,0,0,0

SID,SHPRD3,05R,4
VM,0,0,0,54.0,0,0,0,0,0,0,0,0
DF,CATAR,35.835403,-79.300181,0, ,0.0,0.0,0,0,0,0,0,0,0,0

SID,SHPRD3,23L,4
VM,0,0,0,234.0,0,0,0,0,0,0,0,0
DF,CATAR,35.835403,-79.300181,0, ,0.0,0.0,0,0,0,0,0,0,0,0

SID,SHPRD3,23R,4
VM,0,0,0,234.0,0,0,0,0,0,0,0,0
DF,CATAR,35.835403,-79.300181,0, ,0.0,0.0,0,0,0,0,0,0,0,0

SID,SHPRD3,ALL,5
IF,CATAR,35.835403,-79.300181, ,0.0,0.0,0,0,0,0,0,0,0,0
TF,WLFFF,35.817617,-79.534864,0, ,0.0,0.0,0.0,0.0,0,0,0,0,0,0,0,0
TF,SHPRD,35.654322,-80.476767,0, ,0.0,0.0,0.0,0.0,0,0,0,0,0,0,0,0

SID,TARL1,05L,1
VM,0,0,0,54.0,0,0,0,0,0,0,0,0
DF,RDU,35.872522,-78.783342,0, ,0.0,0.0,0,0,0,0,0,0,0,0

SID,TARL1,05R,1
VM,0,0,0,54.0,0,0,0,0,0,0,0,0
DF,RDU,35.872522,-78.783342,0, ,0.0,0.0,0,0,0,0,0,0,0,0

SID,TARL1,14,1
VM,0,0,0,144.0,0,0,0,0,0,0,0,0
DF,RDU,35.872522,-78.783342,0, ,0.0,0.0,0,0,0,0,0,0,0,0

SID,TARL1,23L,1
VM,0,0,0,234.0,0,0,0,0,0,0,0,0
DF,RDU,35.872522,-78.783342,0, ,0.0,0.0,0,0,0,0,0,0,0,0

SID,TARL1,23R,1
VM,0,0,0,234.0,0,0,0,0,0,0,0,0
DF,RDU,35.872522,-78.783342,0, ,0.0,0.0,0,0,0,0,0,0,0,0

SID,TARL1,32,1
VM,0,0,0,324.0,0,0,0,0,0,0,0,0
DF,RDU,35.872522,-78.783342,0, ,0.0,0.0,0,0,0,0,0,0,0,0

SID,TARL1,CHS,3
IF,RDU,35.872522,-78.783342, ,0.0,0.0,0,0,0,0,0,0,0,0
TF,ROZBO,34.956606,-78.627006,0, ,0.0,0.0,0.0,0.0,0,0,0,0,0,0,0,0
TF,CHS,32.894319,-80.037814,0, ,0.0,0.0,0.0,0.0,0,0,0,0,0,0,0,0

SID,TARL1,CLB,3
IF,RDU,35.872522,-78.783342, ,0.0,0.0,0,0,0,0,0,0,0,0
TF,ROZBO,34.956606,-78.627006,0, ,0.0,0.0,0.0,0.0,0,0,0,0,0,0,0,0
TF,CLB,34.106283,-77.961378,0, ,0.0,0.0,0.0,0.0,0,0,0,0,0,0,0,0

STAR,ALDAN2,HAFNR,4
IF,HAFNR,38.397350,-77.566375, ,0.0,0.0,0,0,0,0,0,0,0,0
TF,MELTN,37.202561,-78.578981,0, ,0.0,0.0,0.0,0.0,0,0,0,0,0,0,0,0
TF,SBV,36.675039,-79.014500,0, ,0.0,0.0,0.0,0.0,3,17000,0,1,280,0,0,0

STAR,ALDAN2,KPASS,4
IF,KPASS,36.649044,-81.832853, ,0.0,0.0,0,0,0,0,0,0,0,0
TF,ROBLS,36.955178,-80.490761,0, ,0.0,0.0,0.0,0.0,0,0,0,0,0,0,0,0
TF,TABER,37.048622,-80.048794,0, ,0.0,0.0,0.0,0.0,0,0,0,0,0,0,0,0
TF,SBV,36.675039,-79.014500,0, ,0.0,0.0,0.0,0.0,3,17000,0,1,280,0,0,0

STAR,ALDAN2,ROA,4
IF,ROA,37.343464,-80.070397, ,0.0,0.0,0,0,0,0,0,0,0,0
TF,TIVAE,37.240689,-79.905847,0, ,0.0,0.0,0.0,0.0,0,0,0,0,0,0,0,0
TF,SBV,36.675039,-79.014500,0, ,0.0,0.0,0.0,0.0,3,17000,0,1,280,0,0,0

STAR,ALDAN2,ALL,5
IF,SBV,36.675039,-79.014500, ,0.0,0.0,3,17000,0,1,280,0,0,0
TF,FRAZI,36.522847,-78.970300,0, ,0.0,0.0,0.0,0.0,0,0,0,0,0,0,0,0
TF,FAVKO,36.433686,-78.944469,0, ,0.0,0.0,0.0,0.0,4,12000,10000,0,0,0,0,0
TF,ALDAN,36.397933,-78.934128,0, ,0.0,0.0,0.0,0.0,4,12000,10000,0,0,0,0,0

STAR,ALDAN2,05L,6
IF,ALDAN,36.397933,-78.934128, ,0.0,0.0,4,12000,10000,0,0,0,0,0
TF,FOBAT,36.312347,-78.909422,0, ,0.0,0.0,0.0,0.0,0,0,0,0,0,0,0,0
TF,BILLA,36.243431,-78.889567,0, ,0.0,0.0,0.0,0.0,0,0,0,0,0,0,0,0
TF,BLNKR,36.056450,-78.837667,0, ,0.0,0.0,0.0,0.0,1,8000,0,1,210,0,0,0
TF,GABLR,35.976647,-78.841358,0, ,0.0,0.0,0.0,0.0,0,0,0,0,0,0,0,0
TF,HEAVE,35.922561,-78.887844,0, ,0.0,0.0,0.0,0.0,0,0,0,0,0,0,0,0
TF,JEMMY,35.887181,-78.931594,0, ,0.0,0.0,0.0,0.0,0,0,0,0,0,0,0,1
FM,JEMMY,35.887181,-78.931594,0,RDU,0.0,0.0,234.0,0,0,0,0,0,0,0,0

STAR,ALDAN2,05R,6
IF,ALDAN,36.397933,-78.934128, ,0.0,0.0,4,12000,10000,0,0,0,0,0
TF,FOBAT,36.312347,-78.909422,0, ,0.0,0.0,0.0,0.0,0,0,0,0,0,0,0,0
TF,BILLA,36.243431,-78.889567,0, ,0.0,0.0,0.0,0.0,0,0,0,0,0,0,0,0
TF,BLNKR,36.056450,-78.837667,0, ,0.0,0.0,0.0,0.0,1,8000,0,1,210,0,0,0
TF,GABLR,35.976647,-78.841358,0, ,0.0,0.0,0.0,0.0,0,0,0,0,0,0,0,0
TF,HEAVE,35.922561,-78.887844,0, ,0.0,0.0,0.0,0.0,0,0,0,0,0,0,0,0
TF,JEMMY,35.887181,-78.931594,0, ,0.0,0.0,0.0,0.0,0,0,0,0,0,0,0,1
FM,JEMMY,35.887181,-78.931594,0,RDU,0.0,0.0,234.0,0,0,0,0,0,0,0,0

STAR,ALDAN2,23L,6
IF,ALDAN,36.397933,-78.934128, ,0.0,0.0,4,12000,10000,0,0,0,0,0
TF,GAZER,36.280939,-78.827986,0, ,0.0,0.0,0.0,0.0,4,9000,8000,0,0,0,0,0
TF,HARSH,36.240550,-78.791439,0, ,0.0,0.0,0.0,0.0,1,8000,0,1,210,0,0,0
TF,BUTTS,36.153603,-78.712919,0, ,0.0,0.0,0.0,0.0,1,6000,0,0,0,0,0,1
FM,BUTTS,36.153603,-78.712919,0,RDU,0.0,0.0,153.0,0,0,0,0,0,0,0,0

STAR,ALDAN2,23R,6
IF,ALDAN,36.397933,-78.934128, ,0.0,0.0,4,12000,10000,0,0,0,0,0
TF,GAZER,36.280939,-78.827986,0, ,0.0,0.0,0.0,0.0,4,9000,8000,0,0,0,0,0
TF,HARSH,36.240550,-78.791439,0, ,0.0,0.0,0.0,0.0,1,8000,0,1,210,0,0,0
TF,BUTTS,36.153603,-78.712919,0, ,0.0,0.0,0.0,0.0,1,6000,0,0,0,0,0,0

STAR,ARGAL6,FKN,1
IF,FKN,36.714233,-77.012375, ,0.0,0.0,0,0,0,0,0,0,0,0
TF,DUFFI,36.349408,-77.791450,0, ,0.0,0.0,0.0,0.0,0,0,0,0,0,0,0,0
TF,MEYER,36.213703,-78.076703,0, ,0.0,0.0,0.0,0.0,0,0,0,0,0,0,0,0
TF,ARGAL,36.171286,-78.165364,0, ,0.0,0.0,0.0,0.0,0,0,0,0,0,0,0,0

STAR,ARGAL6,HPW,1
IF,HPW,37.328869,-77.115944, ,0.0,0.0,0,0,0,0,0,0,0,0
TF,DUFFI,36.349408,-77.791450,0, ,0.0,0.0,0.0,0.0,0,0,0,0,0,0,0,0
TF,MEYER,36.213703,-78.076703,0, ,0.0,0.0,0.0,0.0,0,0,0,0,0,0,0,0
TF,ARGAL,36.171286,-78.165364,0, ,0.0,0.0,0.0,0.0,0,0,0,0,0,0,0,0

STAR,ARGAL6,SBY,1
IF,SBY,38.345006,-75.510575, ,0.0,0.0,0,0,0,0,0,0,0,0
TF,CCV,37.347539,-75.997653,0, ,0.0,0.0,0.0,0.0,0,0,0,0,0,0,0,0
TF,DRIVE,36.902956,-76.568394,0, ,0.0,0.0,0.0,0.0,0,0,0,0,0,0,0,0
TF,FKN,36.714233,-77.012375,0, ,0.0,0.0,0.0,0.0,0,0,0,0,0,0,0,0
TF,DUFFI,36.349408,-77.791450,0, ,0.0,0.0,0.0,0.0,0,0,0,0,0,0,0,0
TF,MEYER,36.213703,-78.076703,0, ,0.0,0.0,0.0,0.0,0,0,0,0,0,0,0,0
TF,ARGAL,36.171286,-78.165364,0, ,0.0,0.0,0.0,0.0,0,0,0,0,0,0,0,0

STAR,ARGAL6,SWL,1
IF,SWL,38.056594,-75.463900, ,0.0,0.0,0,0,0,0,0,0,0,0
TF,CCV,37.347539,-75.997653,0, ,0.0,0.0,0.0,0.0,0,0,0,0,0,0,0,0
TF,DRIVE,36.902956,-76.568394,0, ,0.0,0.0,0.0,0.0,0,0,0,0,0,0,0,0
TF,FKN,36.714233,-77.012375,0, ,0.0,0.0,0.0,0.0,0,0,0,0,0,0,0,0
TF,DUFFI,36.349408,-77.791450,0, ,0.0,0.0,0.0,0.0,0,0,0,0,0,0,0,0
TF,MEYER,36.213703,-78.076703,0, ,0.0,0.0,0.0,0.0,0,0,0,0,0,0,0,0
TF,ARGAL,36.171286,-78.165364,0, ,0.0,0.0,0.0,0.0,0,0,0,0,0,0,0,0

STAR,ARGAL6,ALL,2
IF,ARGAL,36.171286,-78.165364, ,0.0,0.0,0,0,0,0,0,0,0,0
TF,RDU,35.872522,-78.783342,0, ,0.0,0.0,0.0,0.0,0,0,0,0,0,0,0,0

STAR,BLOGS2,ILM,4
IF,ILM,34.351647,-77.874381, ,0.0,0.0,0,0,0,0,0,0,0,0
TF,TILTZ,35.454533,-77.759314,0, ,0.0,0.0,0.0,0.0,0,0,0,0,0,0,0,0
TF,BLOGS,35.657075,-78.251508,0, ,0.0,0.0,0.0,0.0,4,12000,11000,1,250,0,0,0

STAR,BLOGS2,ISO,4
IF,ISO,35.370942,-77.558331, ,0.0,0.0,0,0,0,0,0,0,0,0
TF,TILTZ,35.454533,-77.759314,0, ,0.0,0.0,0.0,0.0,0,0,0,0,0,0,0,0
TF,BLOGS,35.657075,-78.251508,0, ,0.0,0.0,0.0,0.0,4,12000,11000,1,250,0,0,0

STAR,BLOGS2,TYI,4
IF,TYI,35.976722,-77.703731, ,0.0,0.0,0,0,0,0,0,0,0,0
TF,ARELE,35.879708,-77.870711,0, ,0.0,0.0,0.0,0.0,0,0,0,0,0,0,0,0
TF,BLOGS,35.657075,-78.251508,0, ,0.0,0.0,0.0,0.0,4,12000,11000,1,250,0,0,0

STAR,BLOGS2,ALL,5
IF,BLOGS,35.657075,-78.251508, ,0.0,0.0,4,12000,11000,1,250,0,0,0
TF,CABED,35.726994,-78.400706,0, ,0.0,0.0,0.0,0.0,4,9000,8000,0,0,0,0,0

STAR,BLOGS2,05L,6
IF,CABED,35.726994,-78.400706, ,0.0,0.0,4,9000,8000,0,0,0,0,0
TF,ORLAC,35.814383,-78.572450,0, ,0.0,0.0,0.0,0.0,1,8000,0,1,210,0,0,0
TF,TIIME,35.835653,-78.667544,0, ,0.0,0.0,0.0,0.0,0,0,0,0,0,0,0,0
TF,STINT,35.798997,-78.732992,0, ,0.0,0.0,0.0,0.0,0,0,0,0,0,0,0,0
TF,TOYER,35.761511,-78.779283,0, ,0.0,0.0,0.0,0.0,0,0,0,0,0,0,0,1
FM,TOYER,35.761511,-78.779283,0,RDU,0.0,0.0,234.0,0,0,0,0,0,0,0,0

STAR,BLOGS2,05R,6
IF,CABED,35.726994,-78.400706, ,0.0,0.0,4,9000,8000,0,0,0,0,0
TF,ORLAC,35.814383,-78.572450,0, ,0.0,0.0,0.0,0.0,1,8000,0,1,210,0,0,0
TF,TIIME,35.835653,-78.667544,0, ,0.0,0.0,0.0,0.0,0,0,0,0,0,0,0,0
TF,STINT,35.798997,-78.732992,0, ,0.0,0.0,0.0,0.0,0,0,0,0,0,0,0,0
TF,TOYER,35.761511,-78.779283,0, ,0.0,0.0,0.0,0.0,0,0,0,0,0,0,0,1
FM,TOYER,35.761511,-78.779283,0,RDU,0.0,0.0,234.0,0,0,0,0,0,0,0,0

STAR,BLOGS2,23L,6
IF,CABED,35.726994,-78.400706, ,0.0,0.0,4,9000,8000,0,0,0,0,0
TF,AGOLE,35.759858,-78.448036,0, ,0.0,0.0,0.0,0.0,2,8000,0,0,0,0,0,0
TF,SULIE,35.829019,-78.547881,0, ,0.0,0.0,0.0,0.0,0,0,0,0,0,0,0,0
TF,TIBIA,35.906203,-78.600469,0, ,0.0,0.0,0.0,0.0,1,6000,0,1,210,0,0,0
TF,UNCUT,35.962150,-78.531267,0, ,0.0,0.0,0.0,0.0,0,0,0,0,0,0,0,1
FM,UNCUT,35.962150,-78.531267,0,RDU,0.0,0.0,54.0,0,0,0,0,0,0,0,0

STAR,BLOGS2,23R,6
IF,CABED,35.726994,-78.400706, ,0.0,0.0,4,9000,8000,0,0,0,0,0
TF,AGOLE,35.759858,-78.448036,0, ,0.0,0.0,0.0,0.0,2,8000,0,0,0,0,0,0
TF,SULIE,35.829019,-78.547881,0, ,0.0,0.0,0.0,0.0,0,0,0,0,0,0,0,0
TF,TIBIA,35.906203,-78.600469,0, ,0.0,0.0,0.0,0.0,1,6000,0,1,210,0,0,0
TF,UNCUT,35.962150,-78.531267,0, ,0.0,0.0,0.0,0.0,0,0,0,0,0,0,0,1
FM,UNCUT,35.962150,-78.531267,0,RDU,0.0,0.0,54.0,0,0,0,0,0,0,0,0

STAR,BRADE6,ILM,1
IF,ILM,34.351647,-77.874381, ,0.0,0.0,0,0,0,0,0,0,0,0
TF,TILTZ,35.454533,-77.759314,0, ,0.0,0.0,0.0,0.0,0,0,0,0,0,0,0,0
TF,BRADE,35.649603,-78.233219,0, ,0.0,0.0,0.0,0.0,0,0,0,0,0,0,0,0

STAR,BRADE6,ISO,1
IF,ISO,35.370942,-77.558331, ,0.0,0.0,0,0,0,0,0,0,0,0
TF,TILTZ,35.454533,-77.759314,0, ,0.0,0.0,0.0,0.0,0,0,0,0,0,0,0,0
TF,BRADE,35.649603,-78.233219,0, ,0.0,0.0,0.0,0.0,0,0,0,0,0,0,0,0

STAR,BRADE6,TYI,1
IF,TYI,35.976722,-77.703731, ,0.0,0.0,0,0,0,0,0,0,0,0
TF,BRADE,35.649603,-78.233219,0, ,0.0,0.0,0.0,0.0,0,0,0,0,0,0,0,0

STAR,BRADE6,ALL,2
IF,BRADE,35.649603,-78.233219, ,0.0,0.0,0,0,0,0,0,0,0,0
TF,WENDI,35.719881,-78.405631,0, ,0.0,0.0,0.0,0.0,0,0,0,0,0,0,0,0
TF,RDU,35.872522,-78.783342,0, ,0.0,0.0,0.0,0.0,0,0,0,0,0,0,0,0

STAR,BUZZY9,CAE,1
IF,CAE,33.857250,-81.053903, ,0.0,0.0,0,0,0,0,0,0,0,0
TF,TENNI,34.781611,-80.063522,0, ,0.0,0.0,0.0,0.0,0,0,0,0,0,0,0,0
TF,SDZ,35.215481,-79.587936,0, ,0.0,0.0,0.0,0.0,0,0,0,0,0,0,0,0
TF,BUZZY,35.505317,-79.385744,0, ,0.0,0.0,0.0,0.0,0,0,0,0,0,0,0,0

STAR,BUZZY9,ALL,2
IF,BUZZY,35.505317,-79.385744, ,0.0,0.0,0,0,0,0,0,0,0,0
TF,RDU,35.872522,-78.783342,0, ,0.0,0.0,0.0,0.0,0,0,0,0,0,0,0,0

STAR,KAROO2,COUPN,4
IF,COUPN,36.714119,-77.012233, ,0.0,0.0,0,0,0,0,0,0,0,0
TF,GOLLI,36.630725,-77.191753,0, ,0.0,0.0,0.0,0.0,0,0,0,0,0,0,0,0
TF,DUFFI,36.349408,-77.791450,0, ,0.0,0.0,0.0,0.0,0,0,0,0,0,0,0,0
TF,ARGAL,36.171286,-78.165364,0, ,0.0,0.0,0.0,0.0,4,15000,10000,0,0,0,0,0

STAR,KAROO2,HPW,4
IF,HPW,37.328869,-77.115944, ,0.0,0.0,0,0,0,0,0,0,0,0
TF,PILOE,37.159083,-77.232900,0, ,0.0,0.0,0.0,0.0,0,0,0,0,0,0,0,0
TF,AGUYA,37.043244,-77.318211,0, ,0.0,0.0,0.0,0.0,0,0,0,0,0,0,0,0
TF,DEMVE,36.525356,-77.700917,0, ,0.0,0.0,0.0,0.0,0,0,0,0,0,0,0,0
TF,ARGAL,36.171286,-78.165364,0, ,0.0,0.0,0.0,0.0,4,15000,10000,0,0,0,0,0

STAR,KAROO2,SBY,4
IF,SBY,38.345006,-75.510575, ,0.0,0.0,0,0,0,0,0,0,0,0
TF,JAMIE,37.605717,-75.963558,0, ,0.0,0.0,0.0,0.0,0,0,0,0,0,0,0,0
TF,BOGPE,37.261567,-76.495256,0, ,0.0,0.0,0.0,0.0,0,0,0,0,0,0,0,0
TF,CEBET,36.980650,-76.931761,0, ,0.0,0.0,0.0,0.0,4,23000,22000,0,0,0,0,0
TF,DOYAS,36.790281,-77.223842,0, ,0.0,0.0,0.0,0.0,4,23000,17000,0,0,0,0,0
TF,ARGAL,36.171286,-78.165364,0, ,0.0,0.0,0.0,0.0,4,15000,10000,0,0,0,0,0

STAR,KAROO2,SWL,4
IF,SWL,38.056594,-75.463900, ,0.0,0.0,0,0,0,0,0,0,0,0
TF,JAMIE,37.605717,-75.963558,0, ,0.0,0.0,0.0,0.0,0,0,0,0,0,0,0,0
TF,BOGPE,37.261567,-76.495256,0, ,0.0,0.0,0.0,0.0,0,0,0,0,0,0,0,0
TF,CEBET,36.980650,-76.931761,0, ,0.0,0.0,0.0,0.0,4,23000,22000,0,0,0,0,0
TF,DOYAS,36.790281,-77.223842,0, ,0.0,0.0,0.0,0.0,4,23000,17000,0,0,0,0,0
TF,ARGAL,36.171286,-78.165364,0, ,0.0,0.0,0.0,0.0,4,15000,10000,0,0,0,0,0

STAR,KAROO2,ALL,5
IF,ARGAL,36.171286,-78.165364, ,0.0,0.0,4,15000,10000,0,0,0,0,0
TF,KAROO,36.121917,-78.268153,0, ,0.0,0.0,0.0,0.0,4,12000,8000,0,0,0,0,0

STAR,KAROO2,05L,6
IF,KAROO,36.121917,-78.268153, ,0.0,0.0,4,12000,8000,0,0,0,0,0
TF,MUFLY,36.000950,-78.519067,0, ,0.0,0.0,0.0,0.0,0,0,0,0,0,0,0,0
TF,NEWIE,35.900958,-78.627903,0, ,0.0,0.0,0.0,0.0,1,8000,0,1,210,0,0,0
TF,OCHRE,35.847414,-78.673122,0, ,0.0,0.0,0.0,0.0,0,0,0,0,0,0,0,0
TF,STINT,35.798997,-78.732992,0, ,0.0,0.0,0.0,0.0,0,0,0,0,0,0,0,0
TF,TOYER,35.761511,-78.779283,0, ,0.0,0.0,0.0,0.0,0,0,0,0,0,0,0,1
FM,TOYER,35.761511,-78.779283,0,CVI,0.0,0.0,234.0,0,0,0,0,0,0,0,0

STAR,KAROO2,05R,6
IF,KAROO,36.121917,-78.268153, ,0.0,0.0,4,12000,8000,0,0,0,0,0
TF,MUFLY,36.000950,-78.519067,0, ,0.0,0.0,0.0,0.0,0,0,0,0,0,0,0,0
TF,NEWIE,35.900958,-78.627903,0, ,0.0,0.0,0.0,0.0,1,8000,0,1,210,0,0,0
TF,OCHRE,35.847414,-78.673122,0, ,0.0,0.0,0.0,0.0,0,0,0,0,0,0,0,0
TF,STINT,35.798997,-78.732992,0, ,0.0,0.0,0.0,0.0,0,0,0,0,0,0,0,0
TF,TOYER,35.761511,-78.779283,0, ,0.0,0.0,0.0,0.0,0,0,0,0,0,0,0,1
FM,TOYER,35.761511,-78.779283,0,CVI,0.0,0.0,234.0,0,0,0,0,0,0,0,0

STAR,KAROO2,23L,6
IF,KAROO,36.121917,-78.268153, ,0.0,0.0,4,12000,8000,0,0,0,0,0
TF,LEASA,36.089189,-78.381172,0, ,0.0,0.0,0.0,0.0,4,8000,6000,0,0,0,0,0
TF,PAINS,36.073658,-78.439814,0, ,0.0,0.0,0.0,0.0,1,6000,0,1,230,0,0,0

STAR,KAROO2,23R,6
IF,KAROO,36.121917,-78.268153, ,0.0,0.0,4,12000,8000,0,0,0,0,0
TF,LEASA,36.089189,-78.381172,0, ,0.0,0.0,0.0,0.0,4,8000,6000,0,0,0,0,0
TF,PAINS,36.073658,-78.439814,0, ,0.0,0.0,0.0,0.0,1,6000,0,1,230,0,0,0

STAR,MALNR4,FLO,4
IF,FLO,34.232969,-79.657161, ,0.0,0.0,0,0,0,0,0,0,0,0
TF,HOGIL,34.955389,-79.520536,0, ,0.0,0.0,0.0,0.0,0,0,0,0,0,0,0,0
TF,ETBUY,35.113453,-79.490339,0, ,0.0,0.0,0.0,0.0,0,0,0,0,0,0,0,0
TF,MALNR,35.447353,-79.426261,0, ,0.0,0.0,0.0,0.0,2,11000,0,1,250,0,0,0

STAR,MALNR4,PETTO,4
IF,PETTO,33.052228,-81.122908, ,0.0,0.0,0,0,0,0,0,0,0,0
TF,JURDI,34.729356,-79.844561,0, ,0.0,0.0,0.0,0.0,1,23000,0,0,0,0,0,0
TF,SMIRF,35.206392,-79.567217,0, ,0.0,0.0,0.0,0.0,3,21000,0,0,0,0,0,0
TF,MALNR,35.447353,-79.426261,0, ,0.0,0.0,0.0,0.0,2,11000,0,1,250,0,0,0

STAR,MALNR4,PYRES,4
IF,PYRES,33.862181,-81.544711, ,0.0,0.0,0,0,0,0,0,0,0,0
TF,JURDI,34.729356,-79.844561,0, ,0.0,0.0,0.0,0.0,1,23000,0,0,0,0,0,0
TF,SMIRF,35.206392,-79.567217,0, ,0.0,0.0,0.0,0.0,3,21000,0,0,0,0,0,0
TF,MALNR,35.447353,-79.426261,0, ,0.0,0.0,0.0,0.0,2,11000,0,1,250,0,0,0

STAR,MALNR4,TREAL,4
IF,TREAL,33.069706,-81.441056, ,0.0,0.0,0,0,0,0,0,0,0,0
TF,JURDI,34.729356,-79.844561,0, ,0.0,0.0,0.0,0.0,1,23000,0,0,0,0,0,0
TF,SMIRF,35.206392,-79.567217,0, ,0.0,0.0,0.0,0.0,3,21000,0,0,0,0,0,0
TF,MALNR,35.447353,-79.426261,0, ,0.0,0.0,0.0,0.0,2,11000,0,1,250,0,0,0

STAR,MALNR4,ALL,5
IF,MALNR,35.447353,-79.426261, ,0.0,0.0,2,11000,0,1,250,0,0,0
TF,BUZZY,35.505317,-79.385744,0, ,0.0,0.0,0.0,0.0,4,16000,10000,1,250,0,0,0
TF,RASKL,35.573017,-79.274097,0, ,0.0,0.0,0.0,0.0,0,0,0,0,0,0,0,0

STAR,MALNR4,05L,6
IF,RASKL,35.573017,-79.274097, ,0.0,0.0,0,0,0,0,0,0,0,0
TF,NEDIE,35.635056,-79.153497,0, ,0.0,0.0,0.0,0.0,4,8000,6000,0,0,0,0,0
TF,OTTOS,35.661161,-79.099458,0, ,0.0,0.0,0.0,0.0,1,6000,0,1,230,0,0,0

STAR,MALNR4,05R,6
IF,RASKL,35.573017,-79.274097, ,0.0,0.0,0,0,0,0,0,0,0,0
TF,NEDIE,35.635056,-79.153497,0, ,0.0,0.0,0.0,0.0,4,8000,6000,0,0,0,0,0
TF,OTTOS,35.661161,-79.099458,0, ,0.0,0.0,0.0,0.0,1,6000,0,1,230,0,0,0

STAR,MALNR4,23L,6
IF,RASKL,35.573017,-79.274097, ,0.0,0.0,0,0,0,0,0,0,0,0
TF,WISPY,35.632317,-79.175275,0, ,0.0,0.0,0.0,0.0,3,12000,0,0,0,0,0,0
TF,CAKEY,35.797711,-78.898150,0, ,0.0,0.0,0.0,0.0,1,8000,0,1,210,0,0,0
TF,JODUS,35.798828,-78.779711,0, ,0.0,0.0,0.0,0.0,0,0,0,0,0,0,0,0
TF,KENCH,35.834067,-78.689711,0, ,0.0,0.0,0.0,0.0,0,0,0,0,0,0,0,0
TF,LEZZY,35.867833,-78.647917,0, ,0.0,0.0,0.0,0.0,0,0,0,0,0,0,0,1
FM,LEZZY,35.867833,-78.647917,0,RIC,0.0,0.0,54.0,0,0,0,0,0,0,0,0

STAR,MALNR4,23R,6
IF,RASKL,35.573017,-79.274097, ,0.0,0.0,0,0,0,0,0,0,0,0
TF,WISPY,35.632317,-79.175275,0, ,0.0,0.0,0.0,0.0,3,12000,0,0,0,0,0,0
TF,CAKEY,35.797711,-78.898150,0, ,0.0,0.0,0.0,0.0,1,8000,0,1,210,0,0,0
TF,FRETO,35.891408,-78.877947,0, ,0.0,0.0,0.0,0.0,0,0,0,0,0,0,0,0
TF,GLEYS,35.959275,-78.842619,0, ,0.0,0.0,0.0,0.0,0,0,0,0,0,0,0,0
TF,JOLTY,35.994600,-78.798956,0, ,0.0,0.0,0.0,0.0,0,0,0,0,0,0,0,1
FM,JOLTY,35.994600,-78.798956,0,RIC,0.0,0.0,54.0,0,0,0,0,0,0,0,0

STAR,SBV7,GVE,1
IF,GVE,38.013600,-78.153028, ,0.0,0.0,0,0,0,0,0,0,0,0
TF,SBV,36.675039,-79.014500,0, ,0.0,0.0,0.0,0.0,0,0,0,0,0,0,0,0

STAR,SBV7,PSK,1
IF,PSK,37.087706,-80.712900, ,0.0,0.0,0,0,0,0,0,0,0,0
TF,TABER,37.048622,-80.048794,0, ,0.0,0.0,0.0,0.0,0,0,0,0,0,0,0,0
TF,SBV,36.675039,-79.014500,0, ,0.0,0.0,0.0,0.0,0,0,0,0,0,0,0,0

STAR,SBV7,ROA,1
IF,ROA,37.343464,-80.070397, ,0.0,0.0,0,0,0,0,0,0,0,0
TF,SBV,36.675039,-79.014500,0, ,0.0,0.0,0.0,0.0,0,0,0,0,0,0,0,0

STAR,SBV7,ALL,2
IF,SBV,36.675039,-79.014500, ,0.0,0.0,0,0,0,0,0,0,0,0
TF,ALDAN,36.397933,-78.934128,0, ,0.0,0.0,0.0,0.0,0,0,0,0,0,0,0,0
TF,BILLA,36.243431,-78.889567,0, ,0.0,0.0,0.0,0.0,0,0,0,0,0,0,0,0
TF,RDU,35.872522,-78.783342,0, ,0.0,0.0,0.0,0.0,0,0,0,0,0,0,0,0

FINAL,I05L,05L,I,3
IF,SCHOO,35.729086,-78.980950,IGKK,234.2,14.2,2,3000,0,0,0,0,1,0
CF,WEPAS,35.813353,-78.877311,0,IGKK,234.2,7.1,54.0,7.2,1,2100,0,0,0,0,2,0
CF,RW05L,35.874450,-78.801964,0,IGKK,234.2,1.9,54.0,5.2,1,424,0,0,0,0,3,0
CA,0,54.0,2,1000,0,0,0,0,0,0
VI,1, ,0.0,310.0,0,0,0,0,0,0,0,0
CF,DUHAM,36.051656,-78.834514,0,RDU,355.9,11.0,356.0,10.0,2,2200,0,0,0,0,0,0
HM,DUHAM,36.051656,-78.834514,2, ,0.0,0.0,176.0,04.3,0,0,0,0,0,0,0,0,0

FINAL,I05R,05R,I,3
IF,PECIT,35.722275,-78.972608,IRDU,234.2,13.5,2,4000,0,0,0,0,1,0
CF,PURME,35.792644,-78.886083,0,IRDU,234.2,7.5,54.0,6.0,1,2400,0,0,0,0,2,0
CF,RW05R,35.864631,-78.797339,0,IRDU,234.2,1.4,54.0,6.1,1,454,0,0,0,0,3,0
CA,0,54.0,2,1000,0,0,0,0,0,0
VI,0, ,0.0,130.0,0,0,0,0,0,0,0,0
CF,ZEBUL,35.912314,-78.383464,0,RDU,91.9,19.6,92.0,17.0,2,2600,0,0,0,0,0,0
HM,ZEBUL,35.912314,-78.383464,2, ,0.0,0.0,272.0,04.3,0,0,0,0,0,0,0,0,0

FINAL,I23L,23L,I,3
IF,DOCAT,36.021050,-78.603661,ILEI,54.1,13.5,2,4000,0,0,0,0,0,0
CF,APUCU,35.927703,-78.719381,0,ILEI,54.1,5.5,234.0,7.9,1,1800,0,0,0,0,2,0
CF,RW23L,35.879161,-78.779394,0,ILEI,54.1,1.4,234.0,4.1,1,487,0,0,0,0,3,0
CA,0,234.0,2,1100,0,0,0,0,0,0
VI,1, ,0.0,50.0,0,0,0,0,0,0,0,0
CF,ZEBUL,35.912314,-78.383464,0,RDU,91.9,19.6,92.0,16.0,2,2600,0,0,0,0,0,0
HM,ZEBUL,35.912314,-78.383464,2, ,0.0,0.0,272.0,04.3,0,0,0,0,0,0,0,0,0

FINAL,I23R,23R,I,3
IF,PRSTN,36.027878,-78.611936,IDMP,54.1,13.2,2,3000,0,0,0,0,0,0
CF,BODLY,35.956986,-78.699878,0,IDMP,54.1,7.2,234.0,6.0,1,2200,0,0,0,0,2,0
CF,RW23R,35.893825,-78.778033,0,IDMP,54.1,1.8,234.0,5.4,1,465,0,0,0,0,3,0
CA,0,234.0,2,1000,0,0,0,0,0,0
VI,2, ,0.0,30.0,0,0,0,0,0,0,0,0
CF,DUHAM,36.051656,-78.834514,0,RDU,355.9,11.0,356.0,4.0,2,2200,0,0,0,0,0,0
HM,DUHAM,36.051656,-78.834514,2, ,0.0,0.0,176.0,04.3,0,0,0,0,0,0,0,0,0

APPTR,R05LY,05L,FOGAP
IF,FOGAP,35.847108,-79.125811, ,0.0,0.0,0,0,0,0,0,0,1,0
TF,SCHOO,35.729086,-78.980950,0, ,0.0,0.0,0.0,0.0,2,3400,0,0,0,0,1,0

APPTR,R05LY,05L,MUTSE
IF,MUTSE,35.604078,-78.828186, ,0.0,0.0,0,0,0,0,0,0,1,0
TF,SCHOO,35.729086,-78.980950,0, ,0.0,0.0,0.0,0.0,2,3400,0,0,0,0,1,0

APPTR,R05LY,05L,SCHOO
HF,SCHOO,35.729086,-78.980950,2, ,0.0,0.0,54.0,04,2,3400,0,0,0,0,1,0,0

FINAL,R05LY,05L,R,3
IF,SCHOO,35.729086,-78.980950, ,0.0,0.0,2,3400,0,0,0,0,0,0
TF,WEPAS,35.813353,-78.877311,0, ,0.0,0.0,54.0,7.2,2,2100,0,0,0,0,2,0
TF,RW05L,35.874450,-78.801964,0, ,0.0,0.0,54.0,5.2,1,424,0,0,0,0,3,1
CA,0,54.0,2,595,0,0,0,0,0,0
DF,IGAYA,35.923058,-78.741892,0, ,0.0,0.0,0,0,0,0,0,0,0,0
TF,DUHAM,36.051656,-78.834514,0, ,0.0,0.0,0.0,0.0,2,2200,0,0,0,0,0,1
HM,DUHAM,36.051656,-78.834514,2, ,0.0,0.0,173.0,04,0,0,0,0,0,0,0,0,0

APPTR,R05LZ,05L,HEAVE
IF,HEAVE,35.922561,-78.887844, ,0.0,0.0,2,5000,0,1,210,0,1,0
TF,JEMMY,35.887181,-78.931594,0, ,0.0,0.0,0.0,0.0,2,5000,0,0,0,0,0,0
TF,ZOSAP,35.878892,-78.941758,0, ,0.0,0.0,0.0,0.0,2,4700,0,0,0,0,0,0
RF,VANZI,35.819872,-78.869278,1,CFVVL,238.7,2.5,2,1900,0,0,0,0,0,0

APPTR,R05LZ,05L,OTTOS
IF,OTTOS,35.661161,-79.099458, ,0.0,0.0,1,6000,0,1,230,0,1,0
TF,SCHOO,35.729086,-78.980950,0, ,0.0,0.0,0.0,0.0,2,4300,0,0,0,0,1,0
TF,VANZI,35.819872,-78.869278,0, ,0.0,0.0,0.0,0.0,2,1900,0,0,0,0,0,0

FINAL,R05LZ,05L,R,2
IF,VANZI,35.819872,-78.869278, ,0.0,0.0,2,1900,0,0,0,0,2,0
TF,RW05L,35.874450,-78.801964,0, ,0.0,0.0,54.0,4.6,1,424,0,0,0,0,3,1
TF,MAPPI,35.970722,-78.682847,0, ,0.0,0.0,0.0,0.0,0,0,0,0,0,0,0,0
TF,ESTMA,36.113156,-78.698294,0, ,0.0,0.0,0.0,0.0,2,3000,0,0,0,0,0,1
HM,ESTMA,36.113156,-78.698294,2, ,0.0,0.0,205.0,04,0,0,0,0,0,0,0,0,0

APPTR,R05RY,05R,FOGAP
IF,FOGAP,35.847108,-79.125811, ,0.0,0.0,0,0,0,0,0,0,1,0
TF,PECIT,35.722275,-78.972608,0, ,0.0,0.0,0.0,0.0,2,3400,0,0,0,0,1,0

APPTR,R05RY,05R,MUTSE
IF,MUTSE,35.604078,-78.828186, ,0.0,0.0,0,0,0,0,0,0,1,0
TF,PECIT,35.722275,-78.972608,0, ,0.0,0.0,0.0,0.0,2,3400,0,0,0,0,1,0

APPTR,R05RY,05R,PECIT
IF,PECIT,35.722275,-78.972608, ,0.0,0.0,3,6000,0,0,0,0,1,0
HF,PECIT,35.722275,-78.972608,2, ,0.0,0.0,54.0,04,2,3400,0,0,0,0,0,0,0

FINAL,R05RY,05R,R,4
IF,PECIT,35.722275,-78.972608, ,0.0,0.0,2,3400,0,0,0,0,0,0
TF,PURME,35.792644,-78.886083,0, ,0.0,0.0,54.0,6.0,2,2400,0,0,0,0,2,0
TF,AMORT,35.848144,-78.817683,0, ,0.0,0.0,54.0,4.7,2,900,0,0,0,0,0,0
TF,RW05R,35.864631,-78.797339,0, ,0.0,0.0,54.0,1.4,1,454,0,0,0,0,3,1
CA,0,54.0,2,620,0,0,0,0,0,0
DF,POBIC,35.915242,-78.734800,0, ,0.0,0.0,0,0,0,0,0,0,0,0
TF,ZEBUL,35.912314,-78.383464,0, ,0.0,0.0,0.0,0.0,2,2600,0,0,0,0,0,1
HM,ZEBUL,35.912314,-78.383464,2, ,0.0,0.0,271.0,04,0,0,0,0,0,0,0,0,0

APPTR,R05RZ,05R,OTTOS
IF,OTTOS,35.661161,-79.099458, ,0.0,0.0,1,6000,0,1,230,0,1,0
TF,PECIT,35.722275,-78.972608,0, ,0.0,0.0,0.0,0.0,2,4300,0,0,0,0,1,0
TF,STANZ,35.811253,-78.863169,0, ,0.0,0.0,0.0,0.0,2,1900,0,0,0,0,0,0

APPTR,R05RZ,05R,STINT
IF,STINT,35.798997,-78.732992, ,0.0,0.0,1,5000,0,1,210,0,1,0
TF,TOYER,35.761511,-78.779283,0, ,0.0,0.0,0.0,0.0,2,5000,0,0,0,0,0,0
TF,WOSBO,35.752069,-78.790956,0, ,0.0,0.0,0.0,0.0,2,4700,0,0,0,0,0,0
RF,UKAME,35.752747,-78.863908,2,CFVVM,9.6,2.5,2,3200,0,0,0,0,0,0
RF,STANZ,35.811253,-78.863169,2,CFVVM,369.0,2.5,2,1900,0,0,0,0,0,0

FINAL,R05RZ,05R,R,2
IF,STANZ,35.811253,-78.863169, ,0.0,0.0,2,1900,0,0,0,0,2,0
TF,RW05R,35.864631,-78.797339,0, ,0.0,0.0,54.0,4.5,1,457,0,0,0,0,3,1
TF,HOKEB,35.944869,-78.698133,0, ,0.0,0.0,0.0,0.0,0,0,0,0,0,0,0,0
TF,HIKOR,36.000950,-78.519069,0, ,0.0,0.0,0.0,0.0,2,3000,0,0,0,0,0,1
HM,HIKOR,36.000950,-78.519069,2, ,0.0,0.0,226.0,04,0,0,0,0,0,0,0,0,0

APPTR,R23LY,23L,DOCAT
HF,DOCAT,36.021050,-78.603661,2, ,0.0,0.0,234.0,04,2,3400,0,0,0,0,1,0,0

APPTR,R23LY,23L,HAVGU
IF,HAVGU,35.906142,-78.463764, ,0.0,0.0,0,0,0,0,0,0,1,0
TF,DOCAT,36.021050,-78.603661,0, ,0.0,0.0,0.0,0.0,2,3400,0,0,0,0,1,0

APPTR,R23LY,23L,ODICA
IF,ODICA,36.146344,-78.756786, ,0.0,0.0,0,0,0,0,0,0,1,0
TF,DOCAT,36.021050,-78.603661,0, ,0.0,0.0,0.0,0.0,2,3400,0,0,0,0,1,0

FINAL,R23LY,23L,R,4
IF,DOCAT,36.021050,-78.603661, ,0.0,0.0,2,3400,0,0,0,0,0,0
TF,APUCU,35.927703,-78.719381,0, ,0.0,0.0,234.0,7.9,2,1800,0,0,0,0,2,0
TF,LEPEC,35.906231,-78.745942,0, ,0.0,0.0,234.0,1.8,2,1200,0,0,0,0,0,0
TF,RW23L,35.879161,-78.779394,0, ,0.0,0.0,234.0,2.3,1,487,0,0,0,0,3,1
CA,0,234.0,2,635,0,0,0,0,0,0
DF,FISUX,35.832061,-78.837519,0, ,0.0,0.0,0,0,0,0,0,0,0,0
TF,GURBE,35.689575,-78.802408,0, ,0.0,0.0,0.0,0.0,2,3100,0,0,0,0,0,1
HM,GURBE,35.689575,-78.802408,2, ,0.0,0.0,14.0,04,0,0,0,0,0,0,0,0,0

APPTR,R23LZ,23L,KENCH
IF,KENCH,35.834067,-78.689711, ,0.0,0.0,2,5000,0,1,210,0,1,0
TF,LEZZY,35.867833,-78.647917,0, ,0.0,0.0,0.0,0.0,2,5000,0,0,0,0,0,0
TF,ZESBI,35.875861,-78.637969,0, ,0.0,0.0,0.0,0.0,2,4700,0,0,0,0,0,0
RF,WOMEB,35.935089,-78.710239,1,CFVVN,66.6,2.5,2,2000,0,0,0,0,0,0

APPTR,R23LZ,23L,PAINS
IF,PAINS,36.073658,-78.439814, ,0.0,0.0,1,6000,0,1,230,0,1,0
TF,DOCAT,36.021050,-78.603661,0, ,0.0,0.0,0.0,0.0,2,4300,0,0,0,0,1,0
TF,WOMEB,35.935089,-78.710239,0, ,0.0,0.0,0.0,0.0,2,2000,0,0,0,0,0,0

FINAL,R23LZ,23L,R,2
IF,WOMEB,35.935089,-78.710239, ,0.0,0.0,2,2000,0,0,0,0,2,0
TF,RW23L,35.879161,-78.779394,0, ,0.0,0.0,234.0,4.8,1,487,0,0,0,0,3,1
TF,PECIT,35.722275,-78.972608,0, ,0.0,0.0,0.0,0.0,2,3300,0,0,0,0,0,1
HM,PECIT,35.722275,-78.972608,2, ,0.0,0.0,54.0,04,0,0,0,0,0,0,0,0,0

APPTR,R23RY,23R,HAVGU
IF,HAVGU,35.906142,-78.463764, ,0.0,0.0,0,0,0,0,0,0,1,0
TF,PRSTN,36.027878,-78.611936,0, ,0.0,0.0,0.0,0.0,2,3400,0,0,0,0,1,0

APPTR,R23RY,23R,ODICA
IF,ODICA,36.146344,-78.756786, ,0.0,0.0,0,0,0,0,0,0,1,0
TF,PRSTN,36.027878,-78.611936,0, ,0.0,0.0,0.0,0.0,2,3400,0,0,0,0,1,0

APPTR,R23RY,23R,PRSTN
HF,PRSTN,36.027878,-78.611936,2, ,0.0,0.0,234.0,04,2,3400,0,0,0,0,1,0,0

FINAL,R23RY,23R,R,3
IF,PRSTN,36.027878,-78.611936, ,0.0,0.0,2,3400,0,0,0,0,0,0
TF,BODLY,35.956986,-78.699878,0, ,0.0,0.0,234.0,6.0,2,2200,0,0,0,0,2,0
TF,RW23R,35.893825,-78.778033,0, ,0.0,0.0,234.0,5.4,1,465,0,0,0,0,3,1
CA,0,234.0,2,609,0,0,0,0,0,0
DF,GUKEY,35.839133,-78.845569,0, ,0.0,0.0,0,0,0,0,0,0,0,0
TF,CHAPL,35.891153,-79.048983,0, ,0.0,0.0,0.0,0.0,2,3100,0,0,0,0,0,1
HM,CHAPL,35.891153,-79.048983,2, ,0.0,0.0,104.0,04,0,0,0,0,0,0,0,0,0

APPTR,R23RZ,23R,BUTTS
IF,BUTTS,36.153603,-78.712919, ,0.0,0.0,1,6000,0,1,210,0,1,0
TF,JEMAD,35.979433,-78.697400,0, ,0.0,0.0,0.0,0.0,2,2500,0,0,0,0,0,0
RF,CLIFE,35.946850,-78.712431,2,CFVVP,285.8,2.5,2,1900,0,0,0,0,0,0

APPTR,R23RZ,23R,GLEYS
IF,GLEYS,35.959275,-78.842619, ,0.0,0.0,2,5000,0,1,210,0,1,0
TF,JOLTY,35.994600,-78.798956,0, ,0.0,0.0,0.0,0.0,2,5000,0,0,0,0,0,0
TF,NOBVE,36.006025,-78.784831,0, ,0.0,0.0,0.0,0.0,2,4600,0,0,0,0,0,0
RF,JEMAD,35.979433,-78.697400,2,CFVVP,209.5,2.5,2,2500,0,0,0,0,0,0
RF,CLIFE,35.946850,-78.712431,2,CFVVP,69.0,2.5,2,1900,0,0,0,0,0,0

APPTR,R23RZ,23R,PAINS
IF,PAINS,36.073658,-78.439814, ,0.0,0.0,1,6000,0,1,230,0,1,0
TF,PRSTN,36.027878,-78.611936,0, ,0.0,0.0,0.0,0.0,2,4000,0,0,0,0,1,0
TF,CLIFE,35.946850,-78.712431,0, ,0.0,0.0,0.0,0.0,2,1900,0,0,0,0,0,0

FINAL,R23RZ,23R,R,2
IF,CLIFE,35.946850,-78.712431, ,0.0,0.0,2,1900,0,0,0,0,2,0
TF,RW23R,35.893825,-78.778033,0, ,0.0,0.0,234.0,4.5,1,465,0,0,0,0,3,1
TF,SCHOO,35.729086,-78.980950,0, ,0.0,0.0,0.0,0.0,2,3000,0,0,0,0,0,1
HM,SCHOO,35.729086,-78.980950,2, ,0.0,0.0,54.0,04,0,0,0,0,0,0,0,0,0

APPTR,R32,32,CONCA
IF,CONCA,35.606308,-78.743511, ,0.0,0.0,0,0,0,0,0,0,1,0
TF,NOSIC,35.725975,-78.600914,0, ,0.0,0.0,0.0,0.0,2,3400,0,0,0,0,1,0

APPTR,R32,32,NOSIC
HF,NOSIC,35.725975,-78.600914,2, ,0.0,0.0,324.0,04,2,3400,0,0,0,0,1,0,0

APPTR,R32,32,SINNO
IF,SINNO,35.843419,-78.455350, ,0.0,0.0,0,0,0,0,0,0,1,0
TF,NOSIC,35.725975,-78.600914,0, ,0.0,0.0,0.0,0.0,2,3400,0,0,0,0,1,0

FINAL,R32,32,R,3
IF,NOSIC,35.725975,-78.600914, ,0.0,0.0,2,3400,0,0,0,0,0,0
TF,RISSO,35.807383,-78.700061,0, ,0.0,0.0,324.0,6.9,2,2400,0,0,0,0,2,0
TF,RW32,35.868078,-78.774181,0, ,0.0,0.0,324.0,5.1,1,470,0,0,0,0,3,1
CA,0,324.0,2,820,0,0,0,0,0,0
DF,KASLE,35.905925,-78.820456,0, ,0.0,0.0,0,0,0,0,0,0,0,0
TF,DUHAM,36.051656,-78.834514,0, ,0.0,0.0,0.0,0.0,2,2200,0,0,0,0,0,1
HM,DUHAM,36.051656,-78.834514,2, ,0.0,0.0,173.0,04,0,0,0,0,0,0,0,0,0

APPTR,S05R,05R,RDU
PI,RDU,35.872522,-78.783342,1,RDU,285.0,10.0,240,5.0,2,2000,0,0,0,0,1,0
CF,FF05R,35.812794,-78.873839,0,RDU,240.0,5.7,60.0,4.3,2,2000,0,0,0,0,0,0

FINAL,S05R,05R,D,2
IF,FF05R,35.812794,-78.873839,RDU,240.0,5.7,2,2000,0,0,0,0,2,0
CF,RW05R,35.864631,-78.797339,0,RDU,244.3,0.8,60.0,4.9,1,454,0,0,0,0,3,0
CF,RDU,35.872522,-78.783342,0,RDU,0.0,0.0,60.0,0.8,0,0,0,0,0,0,0,1
CF,ZEBUL,35.912314,-78.383464,0,RDU,91.9,19.6,92.0,19.6,2,2600,0,0,0,0,0,0
HM,ZEBUL,35.912314,-78.383464,2, ,0.0,0.0,272.0,04.3,0,0,0,0,0,0,0,0,0

APPTR,S23L,23L,RDU
PI,RDU,35.872522,-78.783342,2,RDU,360.0,10.0,045,5.0,2,2000,0,0,0,0,1,0
CF,FF23L,35.942531,-78.720625,0,RDU,45.1,5.2,225.0,4.8,2,2000,0,0,0,0,0,0

FINAL,S23L,23L,D,2
IF,FF23L,35.942531,-78.720625,RDU,45.1,5.2,2,2000,0,0,0,0,2,0
CF,RW23L,35.879161,-78.779394,0,RDU,34.8,0.4,225.0,4.8,1,487,0,0,0,0,3,0
CF,RDU,35.872522,-78.783342,0,RDU,0.0,0.0,225.0,0.4,2,840,0,0,0,0,0,0
CF,ZEBUL,35.912314,-78.383464,1,RDU,91.9,19.6,92.0,19.6,2,2600,0,0,0,0,0,0
HM,ZEBUL,35.912314,-78.383464,2, ,0.0,0.0,272.0,04.3,0,0,0,0,0,0,0,0,0

APPTR,S32,32,RDU
PI,RDU,35.872522,-78.783342,2,RDU,92.0,10.0,137,5.0,2,2400,0,0,0,0,1,0
CF,HIRTO,35.841553,-78.735006,0,RDU,137.2,3.0,317.0,7.0,2,1200,0,0,0,0,0,0

FINAL,S32,32,D,2
IF,HIRTO,35.841553,-78.735006,RDU,137.2,3.0,2,1200,0,0,0,0,2,0
CF,RW32,35.868078,-78.774181,0,RDU,129.8,0.5,317.0,2.5,1,475,0,0,0,0,3,0
CF,RDU,35.872522,-78.783342,0,RDU,0.0,0.0,317.0,0.5,2,840,0,0,0,0,0,0
CF,DUHAM,36.051656,-78.834514,0,RDU,355.9,11.0,356.0,11.0,2,2200,0,0,0,0,0,0
HM,DUHAM,36.051656,-78.834514,2, ,0.0,0.0,176.0,04.3,0,0,0,0,0,0,0,0,0

