APPTR,D16-A,16,CVO
HF,CVO,44.499567,-123.293661,2, ,0.0,0.0,32.0,04.3,2,3500,0,0,0,0,1,0,0

FINAL,D16-A,16,D,3
IF,CVO,44.499567,-123.293661,CVO,0.0,0.0,2,3500,0,0,0,0,0,0
CF,EZEJI,44.572847,-123.169747,0,CVO,32.0,6.9,32.0,6.9,2,2500,0,0,0,0,2,0
CF,MABUY,44.630106,-123.072558,0,CVO,32.0,12.3,32.0,5.4,1,940,0,0,0,0,3,0
CA,0,32.0,2,940,0,0,0,0,0,0
CF,CVO,44.499567,-123.293661,1,CVO,0.0,0.0,212.0,10.0,2,3500,0,0,0,0,0,0
HM,CVO,44.499567,-123.293661,2, ,0.0,0.0,32.0,04.3,0,0,0,0,0,0,0,0,0

APPTR,D34-A,34,CVO
HF,CVO,44.499567,-123.293661,2, ,0.0,0.0,32.0,04.3,2,3500,0,0,0,0,1,0,0

FINAL,D34-A,34,D,3
IF,CVO,44.499567,-123.293661,CVO,0.0,0.0,2,3500,0,0,0,0,0,0
CF,EZEJI,44.572847,-123.169747,0,CVO,32.0,6.9,32.0,6.9,2,2500,0,0,0,0,2,0
CF,MABUY,44.630106,-123.072558,0,CVO,32.0,12.3,32.0,5.4,1,940,0,0,0,0,3,0
CA,0,32.0,2,940,0,0,0,0,0,0
CF,CVO,44.499567,-123.293661,1,CVO,0.0,0.0,212.0,10.0,2,3500,0,0,0,0,0,0
HM,CVO,44.499567,-123.293661,2, ,0.0,0.0,32.0,04.3,0,0,0,0,0,0,0,0,0

