STAR,DANEI3,APE,1
IF,APE,40.151064,-82.588300, ,0.0,0.0,0,0,0,0,0,0,0,0
TF,COOJO,40.184594,-83.248656,0, ,0.0,0.0,0.0,0.0,0,0,0,0,0,0,0,0
TF,DANEI,40.202678,-83.639317,0, ,0.0,0.0,0.0,0.0,0,0,0,0,0,0,0,0

STAR,DANEI3,ALL,2
IF,DANEI,40.202678,-83.639317, ,0.0,0.0,0,0,0,0,0,0,0,0
VM,39.840278,-83.840167,0,253.0,0,0,0,0,0,0,0,0

STAR,KEKEE4,FLM,1
IF,FLM,38.649442,-84.310603, ,0.0,0.0,0,0,0,0,0,0,0,0
TF,LODLL,38.807239,-84.380058,0, ,0.0,0.0,0.0,0.0,0,0,0,0,0,0,0,0
TF,BRYNN,39.203156,-84.555756,0, ,0.0,0.0,0.0,0.0,0,0,0,0,0,0,0,0
TF,KEKEE,39.538167,-84.289247,0, ,0.0,0.0,0.0,0.0,0,0,0,0,0,0,0,0

STAR,KEKEE4,ALL,2
IF,KEKEE,39.538167,-84.289247, ,0.0,0.0,0,0,0,0,0,0,0,0

APPTR,N24,24,ROD
IF,ROD,40.287800,-84.043097, ,0.0,0.0,0,0,0,0,0,0,0,0
TF,CCJ,39.873633,-83.779575,0, ,0.0,0.0,0.0,0.0,2,3000,0,0,0,0,0,0
PI,CCJ,39.873633,-83.779575,1,CCJ,105.0,10.0,060,5.0,2,2900,0,0,0,0,1,0
CF,DEFWO,39.906511,-83.716950,0,CCJ,59.7,3.5,240.0,6.5,2,2300,0,0,0,0,0,0

FINAL,N24,24,N,3
IF,DEFWO,39.906511,-83.716950,CCJ,0.0,0.0,2,2300,0,0,0,0,0,0
CF,CCJ,39.873633,-83.779575,0,CCJ,0.0,0.0,240.0,3.5,2,2100,0,0,0,0,2,0
CF,RW24,39.849539,-83.825375,0,CCJ,0.0,0.0,240.0,2.6,1,1091,0,0,0,0,3,0
CA,0,240.0,2,2900,0,0,0,0,0,0
DF,CCJ,39.873633,-83.779575,1, ,0.0,0.0,0,0,0,0,0,0,0,0
HM,CCJ,39.873633,-83.779575,1, ,0.0,0.0,240.0,04.3,0,0,0,0,0,0,0,0,0

APPTR,R06,06,HAPOB
IF,HAPOB,39.792086,-84.112786, ,0.0,0.0,2,2900,0,0,0,0,1,0
TF,NAMGE,39.724589,-84.049317,0, ,0.0,0.0,0.0,0.0,2,2800,0,0,0,0,1,0

APPTR,R06,06,LATGY
IF,LATGY,39.657056,-83.985969, ,0.0,0.0,2,2900,0,0,0,0,1,0
TF,NAMGE,39.724589,-84.049317,0, ,0.0,0.0,0.0,0.0,2,2800,0,0,0,0,1,0

APPTR,R06,06,NAMGE
HF,NAMGE,39.724589,-84.049317,2, ,0.0,0.0,58.0,06,2,2800,0,0,0,0,1,0,0

FINAL,R06,06,R,3
IF,NAMGE,39.724589,-84.049317, ,0.0,0.0,2,2800,0,0,0,0,0,0
TF,KAPTE,39.783556,-83.943828,0, ,0.0,0.0,58.0,6.0,2,2800,0,0,0,0,2,0
TF,RW06,39.835067,-83.851394,0, ,0.0,0.0,58.0,5.3,1,1096,0,0,0,0,3,1
DF,CEVKI,39.901119,-83.732483,0, ,0.0,0.0,0,0,0,0,0,0,0,0
TF,ANDII,39.635556,-83.650417,2, ,0.0,0.0,0.0,0.0,2,3000,0,0,0,0,0,1
HM,ANDII,39.635556,-83.650417,1, ,0.0,0.0,328.0,06,0,0,0,0,0,0,0,0,0

APPTR,R24,24,FASVU
HF,FASVU,39.959650,-83.626747,2, ,0.0,0.0,238.0,06,2,3000,0,0,0,0,1,0,0

APPTR,R24,24,GEBGE
IF,GEBGE,40.027375,-83.690019, ,0.0,0.0,2,3000,0,0,0,0,1,0
TF,FASVU,39.959650,-83.626747,0, ,0.0,0.0,0.0,0.0,2,3000,0,0,0,0,1,0

APPTR,R24,24,JAKEK
IF,JAKEK,39.891889,-83.563600, ,0.0,0.0,2,3000,0,0,0,0,1,0
TF,FASVU,39.959650,-83.626747,0, ,0.0,0.0,0.0,0.0,2,3000,0,0,0,0,1,0

FINAL,R24,24,R,3
IF,FASVU,39.959650,-83.626747, ,0.0,0.0,2,3000,0,0,0,0,0,0
TF,CEVKI,39.901119,-83.732483,0, ,0.0,0.0,238.0,6.0,2,2800,0,0,0,0,2,0
TF,RW24,39.849539,-83.825375,0, ,0.0,0.0,238.0,5.3,1,1091,0,0,0,0,3,1
DF,KAPTE,39.783556,-83.943828,0, ,0.0,0.0,0,0,0,0,0,0,0,0
TF,ANDII,39.635556,-83.650417,1, ,0.0,0.0,0.0,0.0,2,3000,0,0,0,0,0,1
HM,ANDII,39.635556,-83.650417,1, ,0.0,0.0,328.0,06,0,0,0,0,0,0,0,0,0

