APPTR,R27,27,BODAY
HF,BODAY,45.690536,-85.267278,2, ,0.0,0.0,275.0,04,2,2600,0,0,0,0,1,0,0

APPTR,R27,27,DIPLE
IF,DIPLE,45.772553,-85.271106, ,0.0,0.0,0,0,0,0,0,0,1,0
TF,BODAY,45.690536,-85.267278,0, ,0.0,0.0,0.0,0.0,2,2600,0,0,0,0,1,0

APPTR,R27,27,PLN
IF,PLN,45.630647,-84.664108, ,0.0,0.0,0,0,0,0,0,0,1,0
TF,BODAY,45.690536,-85.267278,0, ,0.0,0.0,0.0,0.0,2,2600,0,0,0,0,1,0

FINAL,R27,27,R,3
IF,BODAY,45.690536,-85.267278, ,0.0,0.0,2,2600,0,0,0,0,0,0
TF,AMILE,45.691114,-85.421825,0, ,0.0,0.0,275.0,6.5,2,2600,0,0,0,0,2,0
TF,RW27,45.691397,-85.560894,0, ,0.0,0.0,275.0,5.9,1,707,0,0,0,0,3,1
CA,0,275.0,2,1069,0,0,0,0,0,0
DF,BODAY,45.690536,-85.267278,2, ,0.0,0.0,2,2600,0,0,0,0,0,1
HM,BODAY,45.690536,-85.267278,2, ,0.0,0.0,275.0,04,0,0,0,0,0,0,0,0,0

