APPTR,R01,01,CINOK
IF,CINOK,32.857861,-96.225997, ,0.0,0.0,0,0,0,0,0,0,0,0
TF,BILYA,32.860314,-95.875153,0, ,0.0,0.0,0.0,0.0,2,3000,0,0,0,0,1,0
TF,EDDGR,32.992383,-95.654969,0, ,0.0,0.0,0.0,0.0,2,2500,0,0,0,0,1,0

APPTR,R01,01,EDDGR
HF,EDDGR,32.992383,-95.654969,2, ,0.0,0.0,7.0,04,2,2500,0,0,0,0,1,0,0

APPTR,R01,01,UIM
IF,UIM,32.880481,-95.366892, ,0.0,0.0,0,0,0,0,0,0,0,0
TF,CABUN,32.924261,-95.597703,0, ,0.0,0.0,0.0,0.0,2,3000,0,0,0,0,1,0
TF,EDDGR,32.992383,-95.654969,0, ,0.0,0.0,0.0,0.0,2,2500,0,0,0,0,1,0

FINAL,R01,01,R,4
IF,EDDGR,32.992383,-95.654969, ,0.0,0.0,2,2500,0,0,0,0,0,0
TF,SEVOC,33.077858,-95.637719,0, ,0.0,0.0,7.0,5.2,2,2000,0,0,0,0,2,0
TF,UXAHA,33.120133,-95.629178,0, ,0.0,0.0,7.0,2.6,2,1180,0,0,0,0,0,0
TF,RW01,33.153058,-95.622517,0, ,0.0,0.0,7.0,2.0,1,545,0,0,0,0,3,1
CA,0,7.0,2,803,0,0,0,0,0,0
DF,WEDAT,33.343728,-95.583853,0, ,0.0,0.0,2,3000,0,0,0,0,0,1
HM,WEDAT,33.343728,-95.583853,2, ,0.0,0.0,187.0,04,0,0,0,0,0,0,0,0,0

APPTR,R19,19,LENYI
IF,LENYI,33.535675,-95.049581, ,0.0,0.0,0,0,0,0,0,0,0,0
TF,WUSNU,33.383372,-95.474203,0, ,0.0,0.0,0.0,0.0,2,3000,0,0,0,0,1,0
TF,WEDAT,33.343728,-95.583853,0, ,0.0,0.0,0.0,0.0,2,2500,0,0,0,0,1,0

APPTR,R19,19,MONTE
IF,MONTE,33.540192,-95.895139, ,0.0,0.0,0,0,0,0,0,0,0,0
TF,PIPIC,33.404069,-95.679175,0, ,0.0,0.0,0.0,0.0,2,3000,0,0,0,0,1,0
TF,WEDAT,33.343728,-95.583853,0, ,0.0,0.0,0.0,0.0,2,2500,0,0,0,0,1,0

APPTR,R19,19,PRX
IF,PRX,33.542378,-95.448292, ,0.0,0.0,0,0,0,0,0,0,1,0
TF,WEDAT,33.343728,-95.583853,0, ,0.0,0.0,0.0,0.0,2,2500,0,0,0,0,1,0

APPTR,R19,19,WEDAT
HF,WEDAT,33.343728,-95.583853,2, ,0.0,0.0,187.0,04,2,2500,0,0,0,0,1,0,0

FINAL,R19,19,R,4
IF,WEDAT,33.343728,-95.583853, ,0.0,0.0,2,2500,0,0,0,0,0,0
TF,EVIJI,33.243839,-95.604131,0, ,0.0,0.0,187.0,6.1,2,2000,0,0,0,0,2,0
TF,ZILVA,33.196236,-95.613775,0, ,0.0,0.0,187.0,2.9,2,1060,0,0,0,0,0,0
TF,RW19,33.166606,-95.619775,0, ,0.0,0.0,187.0,1.8,1,506,0,0,0,0,3,1
CA,0,187.0,2,726,0,0,0,0,0,0
DF,EDDGR,32.992383,-95.654969,0, ,0.0,0.0,2,3000,0,0,0,0,0,1
HM,EDDGR,32.992383,-95.654969,2, ,0.0,0.0,7.0,04,0,0,0,0,0,0,0,0,0

APPTR,V01-B,01,SLR
IF,SLR,33.198561,-95.542597, ,0.0,0.0,0,0,0,0,0,0,0,0
TF,EMILY,33.112519,-95.712678,0, ,0.0,0.0,0.0,0.0,2,2500,0,0,0,0,0,0
PI,EMILY,33.112519,-95.712678,2,SLR,186.0,10.0,231,5.0,2,2500,0,0,0,0,1,0

APPTR,V01-B,01,WIMES
IF,WIMES,33.367492,-95.885600, ,0.0,0.0,0,0,0,0,0,0,1,0
AF,JATGI,33.026200,-95.882514,1,SLR,231.0,20.0,292.0,2,2500,0,0,0,0,1,0

FINAL,V01-B,01,D,4
IF,JATGI,33.026200,-95.882514,SLR,231.0,20.0,2,2500,0,0,0,0,0,0
CF,EMILY,33.112519,-95.712678,0,SLR,231.0,10.0,51.0,10.0,2,2500,0,0,0,0,2,0
CF,YASUY,33.134036,-95.670222,0,SLR,231.0,7.5,51.0,2.5,2,1140,0,0,0,0,0,0
CF,FODIT,33.151256,-95.636208,0,SLR,231.0,5.5,51.0,2.0,1,1000,0,0,0,0,3,1
DF,SLR,33.198561,-95.542597,0, ,0.0,0.0,2,2500,0,0,0,0,0,0
HM,SLR,33.198561,-95.542597,2, ,0.0,0.0,231.0,04.3,0,0,0,0,0,0,0,0,0

APPTR,V19-B,19,SLR
IF,SLR,33.198561,-95.542597, ,0.0,0.0,0,0,0,0,0,0,0,0
TF,EMILY,33.112519,-95.712678,0, ,0.0,0.0,0.0,0.0,2,2500,0,0,0,0,0,0
PI,EMILY,33.112519,-95.712678,2,SLR,186.0,10.0,231,5.0,2,2500,0,0,0,0,1,0

APPTR,V19-B,19,WIMES
IF,WIMES,33.367492,-95.885600, ,0.0,0.0,0,0,0,0,0,0,1,0
AF,JATGI,33.026200,-95.882514,1,SLR,231.0,20.0,292.0,2,2500,0,0,0,0,1,0

FINAL,V19-B,19,D,4
IF,JATGI,33.026200,-95.882514,SLR,231.0,20.0,2,2500,0,0,0,0,0,0
CF,EMILY,33.112519,-95.712678,0,SLR,231.0,10.0,51.0,10.0,2,2500,0,0,0,0,2,0
CF,YASUY,33.134036,-95.670222,0,SLR,231.0,7.5,51.0,2.5,2,1140,0,0,0,0,0,0
CF,FODIT,33.151256,-95.636208,0,SLR,231.0,5.5,51.0,2.0,1,1000,0,0,0,0,3,1
DF,SLR,33.198561,-95.542597,0, ,0.0,0.0,2,2500,0,0,0,0,0,0
HM,SLR,33.198561,-95.542597,2, ,0.0,0.0,231.0,04.3,0,0,0,0,0,0,0,0,0

