APPTR,N04-A,04,DEHOG
IF,DEHOG,34.390261,-110.012539, ,0.0,0.0,0,0,0,0,0,0,0,0
TF,SOW,34.267256,-110.008214,0, ,0.0,0.0,0.0,0.0,2,9100,0,0,0,0,0,0
PI,SOW,34.267256,-110.008214,2,SJN,343.0,10.0,028,5.0,2,9100,0,0,0,0,1,0
CF,FF208,34.333022,-109.946258,0,SJN,250.4,40.2,208.0,5.0,2,9100,0,0,0,0,0,0

APPTR,N04-A,04,HOZER
IF,HOZER,34.150694,-109.948711, ,0.0,0.0,0,0,0,0,0,0,0,0
TF,SOW,34.267256,-110.008214,0, ,0.0,0.0,0.0,0.0,2,10000,0,0,0,0,0,0
PI,SOW,34.267256,-110.008214,2,SJN,343.0,10.0,028,5.0,2,9100,0,0,0,0,1,0
CF,FF208,34.333022,-109.946258,0,SJN,250.4,40.2,208.0,5.0,2,9100,0,0,0,0,0,0

FINAL,N04-A,04,N,2
IF,FF208,34.333022,-109.946258,SOW,0.0,0.0,2,9100,0,0,0,0,2,0
CF,SOW,34.267256,-110.008214,0,SOW,0.0,0.0,208.0,5.0,1,7600,0,0,0,0,3,0
CA,0,208.0,2,8000,0,0,0,0,0,0
DF,SOW,34.267256,-110.008214,2, ,0.0,0.0,2,9100,0,0,0,0,0,0
HM,SOW,34.267256,-110.008214,2, ,0.0,0.0,208.0,04.3,2,9100,0,0,0,0,0,0,0

APPTR,N07-A,07,DEHOG
IF,DEHOG,34.390261,-110.012539, ,0.0,0.0,0,0,0,0,0,0,0,0
TF,SOW,34.267256,-110.008214,0, ,0.0,0.0,0.0,0.0,2,9100,0,0,0,0,0,0
PI,SOW,34.267256,-110.008214,2,SJN,343.0,10.0,028,5.0,2,9100,0,0,0,0,1,0
CF,FF208,34.333022,-109.946258,0,SJN,250.4,40.2,208.0,5.0,2,9100,0,0,0,0,0,0

APPTR,N07-A,07,HOZER
IF,HOZER,34.150694,-109.948711, ,0.0,0.0,0,0,0,0,0,0,0,0
TF,SOW,34.267256,-110.008214,0, ,0.0,0.0,0.0,0.0,2,10000,0,0,0,0,0,0
PI,SOW,34.267256,-110.008214,2,SJN,343.0,10.0,028,5.0,2,9100,0,0,0,0,1,0
CF,FF208,34.333022,-109.946258,0,SJN,250.4,40.2,208.0,5.0,2,9100,0,0,0,0,0,0

FINAL,N07-A,07,N,2
IF,FF208,34.333022,-109.946258,SOW,0.0,0.0,2,9100,0,0,0,0,2,0
CF,SOW,34.267256,-110.008214,0,SOW,0.0,0.0,208.0,5.0,1,7600,0,0,0,0,3,0
CA,0,208.0,2,8000,0,0,0,0,0,0
DF,SOW,34.267256,-110.008214,2, ,0.0,0.0,2,9100,0,0,0,0,0,0
HM,SOW,34.267256,-110.008214,2, ,0.0,0.0,208.0,04.3,2,9100,0,0,0,0,0,0,0

APPTR,N22-A,22,DEHOG
IF,DEHOG,34.390261,-110.012539, ,0.0,0.0,0,0,0,0,0,0,0,0
TF,SOW,34.267256,-110.008214,0, ,0.0,0.0,0.0,0.0,2,9100,0,0,0,0,0,0
PI,SOW,34.267256,-110.008214,2,SJN,343.0,10.0,028,5.0,2,9100,0,0,0,0,1,0
CF,FF208,34.333022,-109.946258,0,SJN,250.4,40.2,208.0,5.0,2,9100,0,0,0,0,0,0

APPTR,N22-A,22,HOZER
IF,HOZER,34.150694,-109.948711, ,0.0,0.0,0,0,0,0,0,0,0,0
TF,SOW,34.267256,-110.008214,0, ,0.0,0.0,0.0,0.0,2,10000,0,0,0,0,0,0
PI,SOW,34.267256,-110.008214,2,SJN,343.0,10.0,028,5.0,2,9100,0,0,0,0,1,0
CF,FF208,34.333022,-109.946258,0,SJN,250.4,40.2,208.0,5.0,2,9100,0,0,0,0,0,0

FINAL,N22-A,22,N,2
IF,FF208,34.333022,-109.946258,SOW,0.0,0.0,2,9100,0,0,0,0,2,0
CF,SOW,34.267256,-110.008214,0,SOW,0.0,0.0,208.0,5.0,1,7600,0,0,0,0,3,0
CA,0,208.0,2,8000,0,0,0,0,0,0
DF,SOW,34.267256,-110.008214,2, ,0.0,0.0,2,9100,0,0,0,0,0,0
HM,SOW,34.267256,-110.008214,2, ,0.0,0.0,208.0,04.3,2,9100,0,0,0,0,0,0,0

APPTR,N25-A,25,DEHOG
IF,DEHOG,34.390261,-110.012539, ,0.0,0.0,0,0,0,0,0,0,0,0
TF,SOW,34.267256,-110.008214,0, ,0.0,0.0,0.0,0.0,2,9100,0,0,0,0,0,0
PI,SOW,34.267256,-110.008214,2,SJN,343.0,10.0,028,5.0,2,9100,0,0,0,0,1,0
CF,FF208,34.333022,-109.946258,0,SJN,250.4,40.2,208.0,5.0,2,9100,0,0,0,0,0,0

APPTR,N25-A,25,HOZER
IF,HOZER,34.150694,-109.948711, ,0.0,0.0,0,0,0,0,0,0,0,0
TF,SOW,34.267256,-110.008214,0, ,0.0,0.0,0.0,0.0,2,10000,0,0,0,0,0,0
PI,SOW,34.267256,-110.008214,2,SJN,343.0,10.0,028,5.0,2,9100,0,0,0,0,1,0
CF,FF208,34.333022,-109.946258,0,SJN,250.4,40.2,208.0,5.0,2,9100,0,0,0,0,0,0

FINAL,N25-A,25,N,2
IF,FF208,34.333022,-109.946258,SOW,0.0,0.0,2,9100,0,0,0,0,2,0
CF,SOW,34.267256,-110.008214,0,SOW,0.0,0.0,208.0,5.0,1,7600,0,0,0,0,3,0
CA,0,208.0,2,8000,0,0,0,0,0,0
DF,SOW,34.267256,-110.008214,2, ,0.0,0.0,2,9100,0,0,0,0,0,0
HM,SOW,34.267256,-110.008214,2, ,0.0,0.0,208.0,04.3,2,9100,0,0,0,0,0,0,0

APPTR,R25,25,DEHOG
IF,DEHOG,34.390261,-110.012539, ,0.0,0.0,0,0,0,0,0,0,0,0
TF,JASUR,34.314842,-109.771242,0, ,0.0,0.0,0.0,0.0,2,9700,0,0,0,0,0,1
HF,JASUR,34.314842,-109.771242,2, ,0.0,0.0,246.0,07,2,9700,0,0,0,0,1,0,0

APPTR,R25,25,SJN
IF,SJN,34.424042,-109.143531, ,0.0,0.0,0,0,0,0,0,0,1,0
TF,JASUR,34.314842,-109.771242,0, ,0.0,0.0,0.0,0.0,2,9700,0,0,0,0,1,0

APPTR,R25,25,WEKUM
IF,WEKUM,34.043364,-110.259167, ,0.0,0.0,0,0,0,0,0,0,0,0
TF,JASUR,34.314842,-109.771242,0, ,0.0,0.0,0.0,0.0,2,9700,0,0,0,0,0,1
HF,JASUR,34.314842,-109.771242,2, ,0.0,0.0,246.0,07,2,9700,0,0,0,0,1,0,0

FINAL,R25,25,R,5
IF,JASUR,34.314842,-109.771242, ,0.0,0.0,2,9700,0,0,0,0,0,0
TF,POBUE,34.299275,-109.847017,0, ,0.0,0.0,246.0,3.9,2,8700,0,0,0,0,0,0
TF,CUBOL,34.290711,-109.888600,0, ,0.0,0.0,246.0,2.1,2,8200,0,0,0,0,2,0
TF,HEVAM,34.280678,-109.937208,0, ,0.0,0.0,246.0,2.5,2,7400,0,0,0,0,0,0
TF,RW25,34.268567,-109.995753,0, ,0.0,0.0,246.0,3.0,1,6451,0,0,0,0,3,1
CA,0,246.0,2,6605,0,0,0,0,0,0
DF,ZAXIN,34.248319,-110.093289,0, ,0.0,0.0,0,0,0,0,0,0,0,0
TF,WEKUM,34.043364,-110.259167,0, ,0.0,0.0,0.0,0.0,2,13000,0,0,0,0,0,1
HM,WEKUM,34.043364,-110.259167,2, ,0.0,0.0,58.0,08,0,0,0,0,0,0,0,0,0

