APPTR,D13,13,ALTTA
IF,ALTTA,36.552475,-119.326792, ,0.0,0.0,0,0,0,0,0,0,1,0
TF,ZABED,36.459922,-119.404569,0, ,0.0,0.0,0.0,0.0,2,3000,0,0,0,0,0,0
TF,VIS,36.367319,-119.482161,0, ,0.0,0.0,0.0,0.0,2,2000,0,0,0,0,1,0

APPTR,D13,13,LATON
IF,LATON,36.376281,-119.551317, ,0.0,0.0,0,0,0,0,0,0,1,0
TF,VIS,36.367319,-119.482161,0, ,0.0,0.0,0.0,0.0,2,2000,0,0,0,0,1,0

APPTR,D13,13,VIS
IF,VIS,36.367319,-119.482161, ,0.0,0.0,3,6000,0,0,0,0,1,0
HF,VIS,36.367319,-119.482161,1, ,0.0,0.0,133.0,04.3,2,2000,0,0,0,0,0,0,0

FINAL,D13,13,D,3
IF,VIS,36.367319,-119.482161,VIS,0.0,0.0,2,2000,0,0,0,0,0,0
CF,IPZEH,36.231328,-119.381850,0,VIS,133.1,9.5,133.0,9.5,2,1900,0,0,0,0,2,0
CF,RW13,36.161081,-119.330169,0,VIS,133.1,14.4,133.0,4.9,1,307,0,0,0,0,3,0
CA,0,133.0,2,670,0,0,0,0,0,0
DF,VIS,36.367319,-119.482161,2, ,0.0,0.0,2,2000,0,0,0,0,0,0
HM,VIS,36.367319,-119.482161,1, ,0.0,0.0,133.0,04.3,0,0,0,0,0,0,0,0,0

APPTR,R13,13,ALTTA
IF,ALTTA,36.552475,-119.326792, ,0.0,0.0,0,0,0,0,0,0,1,0
TF,JIRTA,36.319814,-119.457797,0, ,0.0,0.0,0.0,0.0,2,3000,0,0,0,0,1,0

APPTR,R13,13,JIRTA
IF,JIRTA,36.319814,-119.457797, ,0.0,0.0,3,10000,0,0,0,0,1,0
HF,JIRTA,36.319814,-119.457797,1, ,0.0,0.0,135.0,04,2,3000,0,0,0,0,0,0,0

APPTR,R13,13,LATON
IF,LATON,36.376281,-119.551317, ,0.0,0.0,0,0,0,0,0,0,1,0
TF,JIRTA,36.319814,-119.457797,0, ,0.0,0.0,0.0,0.0,2,3000,0,0,0,0,1,0

FINAL,R13,13,R,3
IF,JIRTA,36.319814,-119.457797, ,0.0,0.0,2,3000,0,0,0,0,0,0
TF,NIRFY,36.234453,-119.389086,0, ,0.0,0.0,135.0,6.1,2,2000,0,0,0,0,2,0
TF,RW13,36.161081,-119.330169,0, ,0.0,0.0,135.0,5.3,1,307,0,0,0,0,3,1
CA,0,135.0,2,666,0,0,0,0,0,0
DF,JIRTA,36.319814,-119.457797,2, ,0.0,0.0,2,3000,0,0,0,0,0,1
HM,JIRTA,36.319814,-119.457797,1, ,0.0,0.0,135.0,04,2,3000,0,0,0,0,0,0,0

