APPTR,I07,07,MCLUR
IF,MCLUR,41.321078,-84.025167, ,0.0,0.0,0,0,0,0,0,0,0,0
TF,TOPHR,41.553467,-83.921086,0, ,0.0,0.0,0.0,0.0,2,2300,0,0,0,0,0,0
PI,TOPHR,41.553467,-83.921086,1,VWV,297.0,15.0,252,5.0,2,2300,0,0,0,0,1,0
CF,CFDTT,41.515300,-84.044131,0,ITOL,252.6,12.4,72.0,7.0,2,2300,0,0,0,0,0,0

FINAL,I07,07,I,3
IF,CFDTT,41.515300,-84.044131,ITOL,252.6,12.4,2,2300,0,0,0,0,0,0
CF,TOPHR,41.553467,-83.921086,0,ITOL,252.5,6.4,72.0,6.0,1,2143,0,0,0,0,2,0
CF,RW07,41.581386,-83.830700,0,ITOL,252.2,2.0,72.0,4.4,1,742,0,0,0,0,3,0
CA,0,72.0,2,1200,0,0,0,0,0,0
DF,WUPTA,41.451667,-83.637222,2, ,0.0,0.0,2,2500,0,0,0,0,0,0
HM,WUPTA,41.451667,-83.637222,2, ,0.0,0.0,320.0,04,0,0,0,0,0,0,0,0,0

APPTR,I25-Z,25,HARBS
HF,HARBS,41.661806,-83.575228,1, ,0.0,0.0,252.0,04.3,2,3100,0,0,0,0,1,0,0

FINAL,I25-Z,25,I,3
IF,HARBS,41.661806,-83.575228,IBQE,72.2,12.6,2,3100,0,0,0,0,0,0
CF,JEEPZ,41.626808,-83.686703,0,IBQE,72.2,7.2,252.0,5.4,1,2400,0,0,0,0,2,0
CF,RW25,41.592672,-83.794992,0,IBQE,72.2,1.9,252.0,5.3,1,717,0,0,0,0,3,0
CA,0,252.0,2,1100,0,0,0,0,0,0
DF,WUPTA,41.451667,-83.637222,1, ,0.0,0.0,2,2500,0,0,0,0,0,0
HM,WUPTA,41.451667,-83.637222,2, ,0.0,0.0,320.0,04,0,0,0,0,0,0,0,0,0

APPTR,R07,07,ATVIY
HF,ATVIY,41.512964,-84.046197,2, ,0.0,0.0,72.0,05,2,3000,0,0,0,0,1,0,0

APPTR,R07,07,MCLUR
IF,MCLUR,41.321078,-84.025167, ,0.0,0.0,0,0,0,0,0,0,1,0
TF,ATVIY,41.512964,-84.046197,0, ,0.0,0.0,0.0,0.0,2,3000,0,0,0,0,1,0

APPTR,R07,07,RANDL
IF,RANDL,41.761694,-84.205361, ,0.0,0.0,0,0,0,0,0,0,1,0
TF,ATVIY,41.512964,-84.046197,0, ,0.0,0.0,0.0,0.0,2,3000,0,0,0,0,1,0

FINAL,R07,07,R,3
IF,ATVIY,41.512964,-84.046197, ,0.0,0.0,2,3000,0,0,0,0,0,0
TF,SULVE,41.552022,-83.923394,0, ,0.0,0.0,72.0,6.0,2,2200,0,0,0,0,2,0
TF,RW07,41.581386,-83.830700,0, ,0.0,0.0,72.0,4.5,1,738,0,0,0,0,3,1
CA,0,72.0,2,1018,0,0,0,0,0,0
DF,AKEPE,41.665003,-83.565019,0, ,0.0,0.0,2,3000,0,0,0,0,0,1
HM,AKEPE,41.665003,-83.565019,2, ,0.0,0.0,252.0,04,0,0,0,0,0,0,0,0,0

APPTR,R16,16,AJFEF
HF,AJFEF,41.740586,-83.884944,2, ,0.0,0.0,162.0,04,2,2400,0,0,0,0,1,0,0

APPTR,R16,16,DXO
IF,DXO,42.213136,-83.366664, ,0.0,0.0,0,0,0,0,0,0,0,0
TF,DRAIP,41.772942,-83.782328,0, ,0.0,0.0,0.0,0.0,2,2400,0,0,0,0,1,0
TF,AJFEF,41.740586,-83.884944,0, ,0.0,0.0,0.0,0.0,2,2400,0,0,0,0,1,0

APPTR,R16,16,RANDL
IF,RANDL,41.761694,-84.205361, ,0.0,0.0,0,0,0,0,0,0,0,0
TF,SUNAE,41.708139,-83.987458,0, ,0.0,0.0,0.0,0.0,2,2400,0,0,0,0,1,0
TF,AJFEF,41.740586,-83.884944,0, ,0.0,0.0,0.0,0.0,2,2400,0,0,0,0,1,0

FINAL,R16,16,R,3
IF,AJFEF,41.740586,-83.884944, ,0.0,0.0,2,2400,0,0,0,0,0,0
TF,IZEXU,41.663761,-83.841725,0, ,0.0,0.0,162.0,5.0,2,2200,0,0,0,0,2,0
TF,RW16,41.593492,-83.802292,0, ,0.0,0.0,162.0,4.6,1,724,0,0,0,0,3,0
CA,0,162.0,2,1060,0,0,0,0,0,0
DF,AZEQY,41.427014,-83.709258,0, ,0.0,0.0,2,2300,0,0,0,0,0,1
HM,AZEQY,41.427014,-83.709258,2, ,0.0,0.0,342.0,04,0,0,0,0,0,0,0,0,0

APPTR,R25,25,AKEPE
HF,AKEPE,41.665003,-83.565019,2, ,0.0,0.0,252.0,04,2,3000,0,0,0,0,1,0,0

APPTR,R25,25,CRL
IF,CRL,42.048028,-83.457572, ,0.0,0.0,0,0,0,0,0,0,0,0
TF,VELXE,41.741925,-83.607922,0, ,0.0,0.0,0.0,0.0,2,3000,0,0,0,0,1,0
TF,AKEPE,41.665003,-83.565019,0, ,0.0,0.0,0.0,0.0,2,3000,0,0,0,0,1,0

APPTR,R25,25,SEFOJ
IF,SEFOJ,41.588064,-83.522217, ,0.0,0.0,0,0,0,0,0,0,1,0
TF,AKEPE,41.665003,-83.565019,0, ,0.0,0.0,0.0,0.0,2,3000,0,0,0,0,1,0

FINAL,R25,25,R,4
IF,AKEPE,41.665003,-83.565019, ,0.0,0.0,2,3000,0,0,0,0,0,0
TF,VUGCO,41.626322,-83.688247,0, ,0.0,0.0,252.0,6.0,2,2400,0,0,0,0,2,0
TF,RIYOS,41.604308,-83.758133,0, ,0.0,0.0,252.0,3.4,2,1280,0,0,0,0,0,0
TF,RW25,41.592672,-83.794992,0, ,0.0,0.0,252.0,1.8,1,717,0,0,0,0,3,1
CA,0,252.0,2,878,0,0,0,0,0,0
DF,ATVIY,41.512964,-84.046197,0, ,0.0,0.0,2,3000,0,0,0,0,0,1
HM,ATVIY,41.512964,-84.046197,2, ,0.0,0.0,72.0,05,0,0,0,0,0,0,0,0,0

APPTR,R34,34,AZEQY
HF,AZEQY,41.427014,-83.709258,2, ,0.0,0.0,342.0,04,2,2300,0,0,0,0,1,0,0

APPTR,R34,34,MCLUR
IF,MCLUR,41.321078,-84.025167, ,0.0,0.0,0,0,0,0,0,0,0,0
TF,SEDOE,41.394725,-83.811369,0, ,0.0,0.0,0.0,0.0,2,2300,0,0,0,0,1,0
TF,AZEQY,41.427014,-83.709258,0, ,0.0,0.0,0.0,0.0,2,2300,0,0,0,0,1,0

APPTR,R34,34,SEHSI
IF,SEHSI,41.472947,-83.378872, ,0.0,0.0,0,0,0,0,0,0,0,0
TF,TUPME,41.459211,-83.607047,0, ,0.0,0.0,0.0,0.0,2,2300,0,0,0,0,1,0
TF,AZEQY,41.427014,-83.709258,0, ,0.0,0.0,0.0,0.0,2,2300,0,0,0,0,1,0

FINAL,R34,34,R,3
IF,AZEQY,41.427014,-83.709258, ,0.0,0.0,2,2300,0,0,0,0,0,0
TF,CASAV,41.503892,-83.752156,0, ,0.0,0.0,342.0,5.0,2,2300,0,0,0,0,2,0
TF,RW34,41.579328,-83.794356,0, ,0.0,0.0,342.0,4.9,1,715,0,0,0,0,3,1
CA,0,342.0,2,1080,0,0,0,0,0,0
DF,AJFEF,41.740586,-83.884944,0, ,0.0,0.0,2,2400,0,0,0,0,0,1
HM,AJFEF,41.740586,-83.884944,2, ,0.0,0.0,162.0,04,0,0,0,0,0,0,0,0,0

