APPTR,I15,15,ACT
IF,ACT,31.662231,-97.269014, ,0.0,0.0,0,0,0,0,0,0,1,0
TF,MOODY,31.378564,-97.491978,0,ITPL,0.0,0.0,0.0,0.0,2,2400,0,0,0,0,1,0

FINAL,I15,15,I,3
IF,MOODY,31.378564,-97.491978,ITPL,339.6,15.0,2,2400,0,0,0,0,0,0
CF,AUGUR,31.208206,-97.429731,0,ITPL,339.6,4.3,160.0,10.7,1,1682,0,0,0,0,2,0
CF,RW15,31.159992,-97.412161,0,ITPL,339.6,1.3,160.0,3.0,1,742,0,0,0,0,3,0
VI,0, ,0.0,160.0,0,0,0,0,0,0,0,0
CF,CONRA,31.001275,-97.404192,0,ACT,181.0,40.2,181.0,7.0,2,3600,0,0,0,0,0,0
HM,CONRA,31.001275,-97.404192,2, ,0.0,0.0,181.0,04.3,0,0,0,0,0,0,0,0,0

APPTR,R15,15,ACT
IF,ACT,31.662231,-97.269014, ,0.0,0.0,0,0,0,0,0,0,1,0
TF,IHSAZ,31.338506,-97.477306,0, ,0.0,0.0,0.0,0.0,2,3000,0,0,0,0,1,0

APPTR,R15,15,BARBA
IF,BARBA,31.101136,-97.188947, ,0.0,0.0,0,0,0,0,0,0,0,0
TF,IHSAZ,31.338506,-97.477306,0, ,0.0,0.0,0.0,0.0,2,3000,0,0,0,0,0,1
HF,IHSAZ,31.338506,-97.477306,1, ,0.0,0.0,160.0,04,2,3000,0,0,0,0,1,0,0

APPTR,R15,15,CONRA
IF,CONRA,31.001275,-97.404192, ,0.0,0.0,0,0,0,0,0,0,0,0
TF,IHSAZ,31.338506,-97.477306,0, ,0.0,0.0,0.0,0.0,2,3000,0,0,0,0,0,1
HF,IHSAZ,31.338506,-97.477306,1, ,0.0,0.0,160.0,04,2,3000,0,0,0,0,1,0,0

FINAL,R15,15,R,4
IF,IHSAZ,31.338506,-97.477306, ,0.0,0.0,2,3000,0,0,0,0,0,0
TF,IFDOH,31.242528,-97.442247,0, ,0.0,0.0,160.0,6.0,2,2400,0,0,0,0,2,0
TF,CUMIX,31.187089,-97.422033,0, ,0.0,0.0,160.0,3.5,2,1240,0,0,0,0,0,0
TF,RW15,31.159992,-97.412161,0, ,0.0,0.0,160.0,1.7,1,727,0,0,0,0,3,1
CA,0,160.0,2,882,0,0,0,0,0,0
DF,FADXY,31.063542,-97.377086,0, ,0.0,0.0,0,0,0,0,0,0,0,0
TF,BARBA,31.101136,-97.188947,0, ,0.0,0.0,0.0,0.0,2,3600,0,0,0,0,0,1
HM,BARBA,31.101136,-97.188947,2, ,0.0,0.0,74.0,04,2,3600,0,0,0,0,0,0,0

APPTR,R33,33,BARBA
IF,BARBA,31.101136,-97.188947, ,0.0,0.0,0,0,0,0,0,0,0,0
TF,HUHIF,30.992403,-97.249703,0, ,0.0,0.0,0.0,0.0,2,3000,0,0,0,0,1,0
TF,ESWUL,30.967528,-97.342242,0, ,0.0,0.0,0.0,0.0,2,3000,0,0,0,0,1,0

APPTR,R33,33,DARTE
IF,DARTE,30.766133,-97.451833, ,0.0,0.0,0,0,0,0,0,0,0,0
TF,FBURG,30.942589,-97.434733,0, ,0.0,0.0,0.0,0.0,2,3000,0,0,0,0,1,0
TF,ESWUL,30.967528,-97.342242,0, ,0.0,0.0,0.0,0.0,2,3000,0,0,0,0,1,0

APPTR,R33,33,SLIMM
IF,SLIMM,30.809964,-98.220575, ,0.0,0.0,0,0,0,0,0,0,0,0
TF,FBURG,30.942589,-97.434733,0, ,0.0,0.0,0.0,0.0,2,3100,0,0,0,0,1,0
TF,ESWUL,30.967528,-97.342242,0, ,0.0,0.0,0.0,0.0,2,3000,0,0,0,0,1,0

FINAL,R33,33,R,4
IF,ESWUL,30.967528,-97.342242, ,0.0,0.0,2,3000,0,0,0,0,0,0
TF,FADXY,31.063542,-97.377086,0, ,0.0,0.0,340.0,6.0,2,2300,0,0,0,0,2,0
TF,IYUJY,31.114525,-97.395617,0, ,0.0,0.0,340.0,3.2,2,1260,0,0,0,0,0,0
TF,RW33,31.141625,-97.405475,0, ,0.0,0.0,340.0,1.7,1,719,0,0,0,0,3,1
CA,0,340.0,2,874,0,0,0,0,0,0
DF,IHSAZ,31.338506,-97.477306,0, ,0.0,0.0,2,3000,0,0,0,0,0,1
HM,IHSAZ,31.338506,-97.477306,1, ,0.0,0.0,160.0,04,0,0,0,0,0,0,0,0,0

