SID,TAHOE1,02,4
VA,0,16.0,2,6420,0,0,0,0,0,0
DF,PWWDR,39.462006,-120.114989,0, ,0.0,0.0,0,0,0,0,0,0,0,0

SID,TAHOE1,29,4
VA,0,286.0,2,6420,0,0,0,0,0,0
DF,PWWDR,39.462006,-120.114989,0, ,0.0,0.0,0,0,0,0,0,0,0,0

SID,TAHOE1,ALL,5
IF,PWWDR,39.462006,-120.114989, ,0.0,0.0,0,0,0,0,0,0,0,0
TF,TAHOE,39.516239,-120.145750,0, ,0.0,0.0,0.0,0.0,2,11000,0,1,250,0,0,1
HA,TAHOE,39.516239,-120.145750,2, ,0.0,0.0,136.0,11,2,12000,0,0,0,0,0,0,0

SID,TAHOE1,FMG,6
IF,TAHOE,39.516239,-120.145750, ,0.0,0.0,2,12000,0,0,0,0,0,0
DF,FMG,39.531278,-119.656075,0, ,0.0,0.0,0,0,0,0,0,0,0,0

SID,TAHOE1,SIGNA,6
IF,TAHOE,39.516239,-120.145750, ,0.0,0.0,2,12000,0,0,0,0,0,0
DF,SIGNA,39.347103,-120.639122,0, ,0.0,0.0,0,0,0,0,0,0,0,0

SID,TRUCK4,02,1
CA,0,16.0,2,6300,0,0,0,0,0,0
VI,1, ,0.0,275.0,0,0,0,0,0,0,0,0
CF,TRUCK,39.437686,-120.161800,0,SWR,2.0,16.2,2.0,1.0,2,11500,0,0,0,0,0,0
HA,TRUCK,39.437686,-120.161800,1, ,0.0,0.0,2.0,04.3,2,11500,0,0,0,0,0,0,0

SID,TRUCK4,29,1
CA,0,286.0,2,6300,0,0,0,0,0,0
VI,0, ,0.0,320.0,0,0,0,0,0,0,0,0
CF,TRUCK,39.437686,-120.161800,0,SWR,2.0,16.2,2.0,4.0,2,11500,0,0,0,0,0,0
HA,TRUCK,39.437686,-120.161800,1, ,0.0,0.0,2.0,04.3,2,11500,0,0,0,0,0,0,0

APPTR,R02-A,02,SIGNA
IF,SIGNA,39.347103,-120.639122, ,0.0,0.0,0,0,0,0,0,0,1,0
TF,GEGVY,39.304175,-120.427722,0, ,0.0,0.0,0.0,0.0,2,10000,0,0,0,0,1,0
TF,LIDGE,39.304331,-120.272053,0, ,0.0,0.0,0.0,0.0,2,9500,0,0,0,0,0,0

FINAL,R02-A,02,R,3
IF,LIDGE,39.304331,-120.272053, ,0.0,0.0,2,9500,0,0,0,0,0,0
TF,ASETE,39.304336,-120.234478,0, ,0.0,0.0,76.0,1.8,2,9100,0,0,0,0,2,0
TF,NEDVE,39.324814,-120.152867,0, ,0.0,0.0,58.0,4.0,1,7700,0,0,0,0,3,1
CA,0,58.0,2,7800,0,0,0,0,0,0
DF,KEBTE,39.485322,-120.243050,1, ,0.0,0.0,0,0,0,1,200,0,0,0
TF,LEKYI,39.527575,-120.355081,0, ,0.0,0.0,0.0,0.0,2,12000,0,0,0,0,0,1
HM,LEKYI,39.527575,-120.355081,2, ,0.0,0.0,134.0,07,2,12000,0,0,0,0,0,0,0

APPTR,R11,11,FMG
IF,FMG,39.531278,-119.656075, ,0.0,0.0,0,0,0,0,0,0,0,0
TF,ALANT,39.624633,-120.153864,0, ,0.0,0.0,0.0,0.0,2,11400,0,0,0,0,1,0
TF,LEKYI,39.527575,-120.355081,0, ,0.0,0.0,0.0,0.0,2,10800,0,0,0,0,1,0

APPTR,R11,11,SIGNA
IF,SIGNA,39.347103,-120.639122, ,0.0,0.0,0,0,0,0,0,0,0,0
TF,RONND,39.495472,-120.554167,0, ,0.0,0.0,0.0,0.0,2,11400,0,0,0,0,1,0
TF,LEKYI,39.527575,-120.355081,0, ,0.0,0.0,0.0,0.0,2,10800,0,0,0,0,1,0

APPTR,R11,11,SWR
IF,SWR,39.180322,-120.269614, ,0.0,0.0,0,0,0,0,0,0,0,0
TF,LEKYI,39.527575,-120.355081,0, ,0.0,0.0,0.0,0.0,2,11400,0,0,0,0,0,1
HF,LEKYI,39.527575,-120.355081,2, ,0.0,0.0,134.0,07,2,10800,0,0,0,0,1,0,0

APPTR,R11,11,TRUCK
IF,TRUCK,39.437686,-120.161800, ,0.0,0.0,0,0,0,0,0,0,0,0
TF,LEKYI,39.527575,-120.355081,0, ,0.0,0.0,0.0,0.0,2,11400,0,0,0,0,0,1
HF,LEKYI,39.527575,-120.355081,2, ,0.0,0.0,134.0,07,2,10800,0,0,0,0,1,0,0

FINAL,R11,11,R,4
IF,LEKYI,39.527575,-120.355081, ,0.0,0.0,2,10800,0,0,0,0,0,0
TF,FAMPU,39.440986,-120.286542,0, ,0.0,0.0,134.0,6.1,2,9700,0,0,0,0,2,0
TF,SUYYO,39.402122,-120.244347,0, ,0.0,0.0,126.0,3.1,2,8480,0,0,0,0,0,0
TF,MARDR,39.331708,-120.168053,0, ,0.0,0.0,126.0,5.5,1,6254,0,0,0,0,3,1
CA,0,126.0,2,6304,0,0,0,0,0,0
DF,KEBTE,39.485322,-120.243050,1, ,0.0,0.0,0,0,0,0,0,0,0,0
TF,LEKYI,39.527575,-120.355081,0, ,0.0,0.0,0.0,0.0,2,12000,0,0,0,0,0,1
HM,LEKYI,39.527575,-120.355081,2, ,0.0,0.0,134.0,07,2,12000,0,0,0,0,0,0,0

APPTR,R11-A,11,SIGNA
IF,SIGNA,39.347103,-120.639122, ,0.0,0.0,0,0,0,0,0,0,1,0
TF,GEGVY,39.304175,-120.427722,0, ,0.0,0.0,0.0,0.0,2,10000,0,0,0,0,1,0
TF,LIDGE,39.304331,-120.272053,0, ,0.0,0.0,0.0,0.0,2,9500,0,0,0,0,0,0

FINAL,R11-A,11,R,3
IF,LIDGE,39.304331,-120.272053, ,0.0,0.0,2,9500,0,0,0,0,0,0
TF,ASETE,39.304336,-120.234478,0, ,0.0,0.0,76.0,1.8,2,9100,0,0,0,0,2,0
TF,NEDVE,39.324814,-120.152867,0, ,0.0,0.0,58.0,4.0,1,7700,0,0,0,0,3,1
CA,0,58.0,2,7800,0,0,0,0,0,0
DF,KEBTE,39.485322,-120.243050,1, ,0.0,0.0,0,0,0,1,200,0,0,0
TF,LEKYI,39.527575,-120.355081,0, ,0.0,0.0,0.0,0.0,2,12000,0,0,0,0,0,1
HM,LEKYI,39.527575,-120.355081,2, ,0.0,0.0,134.0,07,2,12000,0,0,0,0,0,0,0

APPTR,R20,20,FMG
IF,FMG,39.531278,-119.656075, ,0.0,0.0,0,0,0,0,0,0,0,0
TF,WUDPA,39.576450,-119.849186,0, ,0.0,0.0,0.0,0.0,2,12000,0,1,250,0,1,0
TF,AWEGA,39.613842,-120.025294,0, ,0.0,0.0,0.0,0.0,2,12000,0,0,0,0,1,0

APPTR,R20,20,SIGNA
IF,SIGNA,39.347103,-120.639122, ,0.0,0.0,0,0,0,0,0,0,0,0
TF,ALVVA,39.657206,-120.231378,0, ,0.0,0.0,0.0,0.0,2,12000,0,1,250,0,1,0
TF,AWEGA,39.613842,-120.025294,0, ,0.0,0.0,0.0,0.0,2,12000,0,0,0,0,1,0

FINAL,R20,20,R,7
IF,AWEGA,39.613842,-120.025294, ,0.0,0.0,2,12000,0,0,0,0,0,0
TF,OSTIE,39.509542,-120.062114,0, ,0.0,0.0,181.0,6.5,2,10000,0,0,0,0,0,0
TF,LUMMO,39.477553,-120.072939,0, ,0.0,0.0,181.0,2.0,2,9500,0,0,0,0,2,0
TF,ZILTO,39.454208,-120.081303,0, ,0.0,0.0,182.0,1.5,2,8960,0,0,0,0,0,0
TF,BOFFS,39.399733,-120.100794,0, ,0.0,0.0,182.0,3.4,2,7700,0,0,0,0,0,0
TF,YAKYU,39.378114,-120.108522,0, ,0.0,0.0,182.0,1.3,2,7200,0,0,0,0,0,0
TF,WINUB,39.337189,-120.123128,0, ,0.0,0.0,182.0,2.6,1,6246,0,0,0,0,3,1
CA,0,182.0,2,6304,0,0,0,0,0,0
DF,GRIOT,39.460453,-120.139728,2, ,0.0,0.0,0,0,0,1,200,0,0,0
TF,AWEGA,39.613842,-120.025294,0, ,0.0,0.0,0.0,0.0,2,12000,0,0,0,0,0,1
HM,AWEGA,39.613842,-120.025294,2, ,0.0,0.0,181.0,07,2,12000,0,0,0,0,0,0,0

APPTR,R20-A,20,SIGNA
IF,SIGNA,39.347103,-120.639122, ,0.0,0.0,0,0,0,0,0,0,1,0
TF,GEGVY,39.304175,-120.427722,0, ,0.0,0.0,0.0,0.0,2,10000,0,0,0,0,1,0
TF,LIDGE,39.304331,-120.272053,0, ,0.0,0.0,0.0,0.0,2,9500,0,0,0,0,0,0

FINAL,R20-A,20,R,3
IF,LIDGE,39.304331,-120.272053, ,0.0,0.0,2,9500,0,0,0,0,0,0
TF,ASETE,39.304336,-120.234478,0, ,0.0,0.0,76.0,1.8,2,9100,0,0,0,0,2,0
TF,NEDVE,39.324814,-120.152867,0, ,0.0,0.0,58.0,4.0,1,7700,0,0,0,0,3,1
CA,0,58.0,2,7800,0,0,0,0,0,0
DF,KEBTE,39.485322,-120.243050,1, ,0.0,0.0,0,0,0,1,200,0,0,0
TF,LEKYI,39.527575,-120.355081,0, ,0.0,0.0,0.0,0.0,2,12000,0,0,0,0,0,1
HM,LEKYI,39.527575,-120.355081,2, ,0.0,0.0,134.0,07,2,12000,0,0,0,0,0,0,0

APPTR,R29-A,29,SIGNA
IF,SIGNA,39.347103,-120.639122, ,0.0,0.0,0,0,0,0,0,0,1,0
TF,GEGVY,39.304175,-120.427722,0, ,0.0,0.0,0.0,0.0,2,10000,0,0,0,0,1,0
TF,LIDGE,39.304331,-120.272053,0, ,0.0,0.0,0.0,0.0,2,9500,0,0,0,0,0,0

FINAL,R29-A,29,R,3
IF,LIDGE,39.304331,-120.272053, ,0.0,0.0,2,9500,0,0,0,0,0,0
TF,ASETE,39.304336,-120.234478,0, ,0.0,0.0,76.0,1.8,2,9100,0,0,0,0,2,0
TF,NEDVE,39.324814,-120.152867,0, ,0.0,0.0,58.0,4.0,1,7700,0,0,0,0,3,1
CA,0,58.0,2,7800,0,0,0,0,0,0
DF,KEBTE,39.485322,-120.243050,1, ,0.0,0.0,0,0,0,1,200,0,0,0
TF,LEKYI,39.527575,-120.355081,0, ,0.0,0.0,0.0,0.0,2,12000,0,0,0,0,0,1
HM,LEKYI,39.527575,-120.355081,2, ,0.0,0.0,134.0,07,2,12000,0,0,0,0,0,0,0

