SID,BENTN6,18,1
VA,0,179.0,2,1700,0,0,0,0,0,0
VM,0,0,0,179.0,0,0,0,0,0,0,0,0

SID,BENTN6,36,1
VA,0,359.0,2,1700,0,0,0,0,0,0
VM,0,0,0,359.0,0,0,0,0,0,0,0,0

APPTR,R18,18,ZATEB
IF,ZATEB,36.535447,-94.217647, ,0.0,0.0,3,6000,0,0,0,0,1,0
HF,ZATEB,36.535447,-94.217647,2, ,0.0,0.0,179.0,04,2,3200,0,0,0,0,0,0,0

FINAL,R18,18,R,4
IF,ZATEB,36.535447,-94.217647, ,0.0,0.0,2,3200,0,0,0,0,0,0
TF,OHGUP,36.437994,-94.218514,0, ,0.0,0.0,179.0,5.8,2,3000,0,0,0,0,2,0
TF,MANBE,36.377400,-94.219050,0, ,0.0,0.0,179.0,3.6,2,1840,0,0,0,0,0,0
TF,RW18,36.350697,-94.219286,0, ,0.0,0.0,179.0,1.6,1,1334,0,0,0,0,3,1
CA,0,179.0,2,1548,0,0,0,0,0,0
DF,KANGE,36.155364,-94.221050,0, ,0.0,0.0,2,3400,0,0,0,0,0,1
HM,KANGE,36.155364,-94.221050,2, ,0.0,0.0,359.0,04,0,0,0,0,0,0,0,0,0

APPTR,R36,36,KANGE
IF,KANGE,36.155364,-94.221050, ,0.0,0.0,3,6000,0,0,0,0,1,0
HF,KANGE,36.155364,-94.221050,2, ,0.0,0.0,359.0,04,2,3400,0,0,0,0,0,0,0

FINAL,R36,36,R,3
IF,KANGE,36.155364,-94.221050, ,0.0,0.0,2,3400,0,0,0,0,0,0
TF,IDOMY,36.252053,-94.220178,0, ,0.0,0.0,359.0,5.8,2,3000,0,0,0,0,2,0
TF,RW36,36.339172,-94.219389,0, ,0.0,0.0,359.0,5.2,1,1337,0,0,0,0,3,1
CA,0,359.0,2,1548,0,0,0,0,0,0
DF,ZATEB,36.535447,-94.217647,0, ,0.0,0.0,2,3200,0,0,0,0,0,1
HM,ZATEB,36.535447,-94.217647,2, ,0.0,0.0,179.0,04,0,0,0,0,0,0,0,0,0

APPTR,V18-A,18,RZC
IF,RZC,36.246428,-94.121392, ,0.0,0.0,3,14000,0,0,0,0,1,0
HF,RZC,36.246428,-94.121392,2, ,0.0,0.0,317.0,04.3,2,3100,0,0,0,0,0,0,0

FINAL,V18-A,18,D,3
IF,RZC,36.246428,-94.121392,RZC,0.0,0.0,2,3100,0,0,0,0,2,0
CF,TAGSE,36.328625,-94.202658,0,RZC,317.4,6.3,317.0,6.3,2,1960,0,0,0,0,0,0
CF,WAMSE,36.341653,-94.215564,0,RZC,317.4,7.3,317.0,1.0,1,1780,0,0,0,0,3,1
DF,RZC,36.246428,-94.121392,2, ,0.0,0.0,2,3100,0,0,0,0,0,0
HM,RZC,36.246428,-94.121392,2, ,0.0,0.0,317.0,04.3,0,0,0,0,0,0,0,0,0

APPTR,V36-A,36,RZC
IF,RZC,36.246428,-94.121392, ,0.0,0.0,3,14000,0,0,0,0,1,0
HF,RZC,36.246428,-94.121392,2, ,0.0,0.0,317.0,04.3,2,3100,0,0,0,0,0,0,0

FINAL,V36-A,36,D,3
IF,RZC,36.246428,-94.121392,RZC,0.0,0.0,2,3100,0,0,0,0,2,0
CF,TAGSE,36.328625,-94.202658,0,RZC,317.4,6.3,317.0,6.3,2,1960,0,0,0,0,0,0
CF,WAMSE,36.341653,-94.215564,0,RZC,317.4,7.3,317.0,1.0,1,1780,0,0,0,0,3,1
DF,RZC,36.246428,-94.121392,2, ,0.0,0.0,2,3100,0,0,0,0,0,0
HM,RZC,36.246428,-94.121392,2, ,0.0,0.0,317.0,04.3,0,0,0,0,0,0,0,0,0

