SID,ISN4,14,1
VA,0,140.0,2,4300,0,0,0,0,0,0
CF,ISN,48.253417,-103.750667,2,ISN,0.0,0.0,342.0,4.0,0,0,0,0,0,0,0,0

SID,ISN4,32,1
VA,0,320.0,2,4300,0,0,0,0,0,0
CF,ISN,48.253417,-103.750667,1,ISN,0.0,0.0,119.0,4.0,0,0,0,0,0,0,0,0

SID,ISN4,FONIA,3
IF,ISN,48.253417,-103.750667, ,0.0,0.0,0,0,0,0,0,0,0,0
TF,FONIA,48.259742,-103.177094,0, ,0.0,0.0,0.0,0.0,0,0,0,0,0,0,0,0

SID,ISN4,FORBI,3
IF,ISN,48.253417,-103.750667, ,0.0,0.0,0,0,0,0,0,0,0,0
TF,FORBI,48.040728,-103.288872,0, ,0.0,0.0,0.0,0.0,0,0,0,0,0,0,0,0

SID,ISN4,GINBE,3
IF,ISN,48.253417,-103.750667, ,0.0,0.0,0,0,0,0,0,0,0,0
TF,GINBE,48.009850,-103.912203,0, ,0.0,0.0,0.0,0.0,0,0,0,0,0,0,0,0

SID,ISN4,HASOS,3
IF,ISN,48.253417,-103.750667, ,0.0,0.0,0,0,0,0,0,0,0,0
TF,HASOS,47.501717,-103.216358,0, ,0.0,0.0,0.0,0.0,0,0,0,0,0,0,0,0

SID,ISN4,OFEGY,3
IF,ISN,48.253417,-103.750667, ,0.0,0.0,0,0,0,0,0,0,0,0
TF,OFEGY,48.210950,-104.245186,0, ,0.0,0.0,0.0,0.0,0,0,0,0,0,0,0,0

APPTR,D14,14,BETKE
IF,BETKE,48.228192,-104.047478, ,0.0,0.0,0,0,0,0,0,0,1,0
AF,JUROX,48.441442,-103.852317,2,ISN,332.2,12.0,255.0,2,4300,0,0,0,0,1,0

APPTR,D14,14,FOGBA
IF,FOGBA,48.099014,-103.940419, ,0.0,0.0,0,0,0,0,0,0,1,0
AF,BETKE,48.228192,-104.047478,2,ISN,254.9,12.0,211.0,2,4300,0,0,0,0,0,0
AF,JUROX,48.441442,-103.852317,2,ISN,332.2,12.0,255.0,2,4300,0,0,0,0,1,0

APPTR,D14,14,HASIP
IF,HASIP,48.070764,-103.871961, ,0.0,0.0,0,0,0,0,0,0,1,0
AF,FOGBA,48.099014,-103.940419,2,ISN,211.5,12.0,196.0,2,4300,0,0,0,0,0,0
AF,BETKE,48.228192,-104.047478,2,ISN,254.9,12.0,211.0,2,4300,0,0,0,0,0,0
AF,JUROX,48.441442,-103.852317,2,ISN,332.2,12.0,255.0,2,4300,0,0,0,0,1,0

APPTR,D14,14,ISN
IF,ISN,48.253417,-103.750667, ,0.0,0.0,0,0,0,0,0,0,0,0
CF,JUROX,48.441442,-103.852317,0,ISN,332.2,12.0,332.0,12.0,2,4300,0,0,0,0,0,0
HF,JUROX,48.441442,-103.852317,2, ,0.0,0.0,152.0,04.3,2,4300,0,0,0,0,1,0,0

FINAL,D14,14,D,4
IF,JUROX,48.441442,-103.852317,ISN,332.2,12.0,2,4300,0,0,0,0,0,0
CF,HUTVI,48.335847,-103.795131,0,ISN,332.2,5.3,152.0,6.7,2,3700,0,0,0,0,2,0
CF,HOXUX,48.300431,-103.776008,0,ISN,332.2,3.0,152.0,2.3,2,2800,0,0,0,0,0,0
CF,RW14,48.269558,-103.759361,0,ISN,332.2,0.0,152.0,2.0,1,2353,0,0,0,0,3,0
CA,0,152.0,2,4300,0,0,0,0,0,0
DF,ISN,48.253417,-103.750667,2, ,0.0,0.0,2,4300,0,0,0,0,0,0
HM,ISN,48.253417,-103.750667,2, ,0.0,0.0,125.0,04.3,0,0,0,0,0,0,0,0,0

APPTR,D32,32,CIDIN
IF,CIDIN,48.073339,-103.621056, ,0.0,0.0,0,0,0,0,0,0,1,0
AF,JADPA,48.123097,-103.524044,1,ISN,122.6,12.0,146.0,2,4300,0,0,0,0,1,0

APPTR,D32,32,HASIP
IF,HASIP,48.070764,-103.871961, ,0.0,0.0,0,0,0,0,0,0,1,0
AF,CIDIN,48.073339,-103.621056,1,ISN,146.2,12.0,196.0,2,4300,0,0,0,0,0,0
AF,JADPA,48.123097,-103.524044,1,ISN,122.6,12.0,146.0,2,4300,0,0,0,0,1,0

APPTR,D32,32,ISN
IF,ISN,48.253417,-103.750667, ,0.0,0.0,0,0,0,0,0,0,0,0
CF,JADPA,48.123097,-103.524044,0,ISN,122.6,12.0,123.0,12.0,2,4300,0,0,0,0,0,0
HF,JADPA,48.123097,-103.524044,2, ,0.0,0.0,303.0,04,2,4300,0,0,0,0,1,0,0

FINAL,D32,32,D,3
IF,JADPA,48.123097,-103.524044,ISN,122.6,12.0,2,4300,0,0,0,0,0,0
CF,ZOPIV,48.206228,-103.668383,0,ISN,122.6,4.4,303.0,7.7,2,3700,0,0,0,0,2,0
CF,WILAN,48.250364,-103.745333,0,ISN,122.6,0.3,303.0,4.1,1,2401,0,0,0,0,3,0
CA,0,303.0,2,4300,0,0,0,0,0,0
DF,ISN,48.253417,-103.750667,1, ,0.0,0.0,2,4300,0,0,0,0,0,0
HM,ISN,48.253417,-103.750667,2, ,0.0,0.0,125.0,04.3,0,0,0,0,0,0,0,0,0

APPTR,I32,32,ISN
IF,ISN,48.253417,-103.750667, ,0.0,0.0,0,0,0,0,0,0,0,0
TF,VUYUC,48.108681,-103.607781,0, ,0.0,0.0,0.0,0.0,2,4300,0,0,0,0,0,0
HF,VUYUC,48.108681,-103.607781,2, ,0.0,0.0,320.0,04.3,2,4300,0,0,0,0,1,0,0

APPTR,I32,32,WAULS
IF,WAULS,48.028294,-103.588794, ,0.0,0.0,0,0,0,0,0,0,0,0
VI,0, ,0.0,5.0,2,4300,0,0,0,0,0,0
CF,VUYUC,48.108681,-103.607781,0,ISN,138.5,10.4,320.0,2.6,2,4300,0,0,0,0,0,0
HF,VUYUC,48.108681,-103.607781,2, ,0.0,0.0,320.0,04.3,2,4300,0,0,0,0,1,0,0

FINAL,I32,32,I,3
IF,VUYUC,48.108681,-103.607781,IXWA,139.7,11.6,2,4300,0,0,0,0,0,0
CF,FAVPA,48.194667,-103.688656,0,IXWA,139.7,5.5,320.0,6.1,1,3700,0,0,0,0,2,0
CF,RW32,48.252172,-103.742925,0,IXWA,139.7,1.4,320.0,4.1,1,2400,0,0,0,0,3,0
CA,0,320.0,2,3500,0,0,0,0,0,0
DF,ISN,48.253417,-103.750667,1, ,0.0,0.0,2,4300,0,0,0,0,0,0
HM,ISN,48.253417,-103.750667,2, ,0.0,0.0,125.0,04.3,2,4300,0,0,0,0,0,0,0

APPTR,R14,14,JOSVA
HF,JOSVA,48.415403,-103.897769,2, ,0.0,0.0,140.0,05,2,4300,0,0,0,0,1,0,0

FINAL,R14,14,R,4
IF,JOSVA,48.415403,-103.897769, ,0.0,0.0,2,4300,0,0,0,0,0,0
TF,ZERAG,48.329108,-103.815758,0, ,0.0,0.0,140.0,6.1,2,3700,0,0,0,0,2,0
TF,TUNOE,48.301278,-103.789381,0, ,0.0,0.0,140.0,2.0,2,3060,0,0,0,0,0,0
TF,RW14,48.269558,-103.759361,0, ,0.0,0.0,140.0,2.3,1,2353,0,0,0,0,3,1
CA,0,140.0,2,2516,0,0,0,0,0,0
DF,VUYUC,48.108681,-103.607781,0, ,0.0,0.0,2,4300,0,0,0,0,0,1
HM,VUYUC,48.108681,-103.607781,2, ,0.0,0.0,320.0,05,0,0,0,0,0,0,0,0,0

APPTR,R32,32,VUYUC
HF,VUYUC,48.108681,-103.607781,2, ,0.0,0.0,320.0,05,2,4300,0,0,0,0,1,0,0

FINAL,R32,32,R,3
IF,VUYUC,48.108681,-103.607781, ,0.0,0.0,2,4300,0,0,0,0,0,0
TF,FAVPA,48.194667,-103.688656,0, ,0.0,0.0,320.0,6.1,2,3700,0,0,0,0,2,0
TF,RW32,48.252172,-103.742925,0, ,0.0,0.0,320.0,4.1,1,2400,0,0,0,0,3,1
CA,0,320.0,2,2550,0,0,0,0,0,0
DF,JOSVA,48.415403,-103.897769,0, ,0.0,0.0,2,4300,0,0,0,0,0,1
HM,JOSVA,48.415403,-103.897769,2, ,0.0,0.0,140.0,05,0,0,0,0,0,0,0,0,0

