APPTR,R27,27,IJPUR
HF,IJPUR,42.935731,-84.825625,2, ,0.0,0.0,276.0,04,2,3000,0,0,0,0,1,0,0

APPTR,R27,27,LUJOJ
IF,LUJOJ,43.019078,-84.824058, ,0.0,0.0,2,3000,0,0,0,0,1,0
TF,IJPUR,42.935731,-84.825625,0, ,0.0,0.0,0.0,0.0,2,3000,0,0,0,0,1,0

APPTR,R27,27,OBKUW
IF,OBKUW,42.852383,-84.827186, ,0.0,0.0,2,3000,0,0,0,0,1,0
TF,IJPUR,42.935731,-84.825625,0, ,0.0,0.0,0.0,0.0,2,3000,0,0,0,0,1,0

FINAL,R27,27,R,3
IF,IJPUR,42.935731,-84.825625, ,0.0,0.0,2,3000,0,0,0,0,0,0
TF,ERXUT,42.936819,-84.939056,0, ,0.0,0.0,276.0,5.0,2,2500,0,0,0,0,2,0
TF,RW27,42.937819,-85.055028,0, ,0.0,0.0,276.0,5.1,1,842,0,0,0,0,3,1
CA,0,276.0,2,1218,0,0,0,0,0,0
DF,IJHUH,42.939550,-85.301839,0, ,0.0,0.0,2,3000,0,0,0,0,0,1
HM,IJHUH,42.939550,-85.301839,2, ,0.0,0.0,95.0,04,0,0,0,0,0,0,0,0,0

