APPTR,D09,09,DELIN
IF,DELIN,43.134167,25.165000, ,0.0,0.0,0,0,0,0,0,0,1,0
FD,DELIN,43.134167,25.165000,0,GRN,262.5,14.7,82.0,14.7,2,4000,0,0,0,0,0,0
CF,CD09,43.172528,25.471972,0,GRN,271.4,10.6,61.0,4.8,2,3000,0,0,0,0,1,0

APPTR,D09,09,GRN
IF,GRN,43.153222,25.711778, ,0.0,0.0,2,4000,0,0,0,0,1,0
FD,GRN,43.153222,25.711778,0,GRN,0.0,10.6,295.0,10.6,2,3000,0,0,0,0,0,0
CF,CD09,43.172528,25.471972,1,GRN,271.4,10.6,91.0,1.0,2,3000,0,0,0,0,1,0

FINAL,D09,09,D,4
IF,CD09,43.172528,25.471972,GRN,271.4,10.6,2,3000,0,0,0,0,0,0
CF,FD09,43.163417,25.585194,0,GRN,271.3,5.6,91.0,5.0,2,1900,0,0,0,0,2,0
CF,36VOR,43.159464,25.630247,0,GRN,271.0,3.6,91.0,2.0,2,1280,0,0,0,0,0,0
CF,RW09,43.152972,25.698000,0,GRN,263.6,0.6,91.0,3.0,1,333,0,0,0,0,3,0
CF,GRN,43.153222,25.711778,0,GRN,0.0,0.0,91.0,0.6,0,0,0,0,0,0,0,1
FD,GRN,43.153222,25.711778,0,GRN,0.0,3.0,91.0,3.0,1,2200,0,0,0,0,0,0
DF,GRN,43.153222,25.711778,1, ,0.0,0.0,1,3000,0,1,220,0,0,0
HM,GRN,43.153222,25.711778,2, ,0.0,0.0,275.0,04.3,2,3000,0,0,0,0,0,0,0

APPTR,D27,27,AMTOV
IF,AMTOV,43.172500,26.151944, ,0.0,0.0,0,0,0,0,0,0,0,0
FD,AMTOV,43.172500,26.151944,0,GRN,81.4,13.6,261.0,13.6,2,4000,0,0,0,0,0,0
CF,CD27,43.122944,25.933833,0,GRN,95.5,9.9,230.0,4.8,2,2800,0,0,0,0,1,0

APPTR,D27,27,GRN
IF,GRN,43.153222,25.711778, ,0.0,0.0,2,4000,0,0,0,0,1,0
FD,GRN,43.153222,25.711778,0,GRN,0.0,9.9,77.0,9.9,2,2800,0,0,0,0,0,0
CF,CD27,43.122944,25.933833,2,GRN,95.5,9.9,275.0,1.0,2,2800,0,0,0,0,1,0

FINAL,D27,27,D,3
IF,CD27,43.122944,25.933833,GRN,95.5,9.9,2,2800,0,0,0,0,0,0
CF,FD27,43.138194,25.821917,0,GRN,95.5,4.9,275.0,5.0,2,1680,0,0,0,0,2,0
CF,RW27,43.150136,25.725350,0,GRN,102.3,0.6,275.0,4.3,1,325,0,0,0,0,3,0
CF,GRN,43.153222,25.711778,0,GRN,0.0,0.0,275.0,0.6,0,0,0,0,0,0,0,1
FD,GRN,43.153222,25.711778,0,GRN,0.0,3.0,275.0,3.0,1,2300,0,0,0,0,0,0
DF,GRN,43.153222,25.711778,2, ,0.0,0.0,1,3000,0,1,220,0,0,0
HM,GRN,43.153222,25.711778,2, ,0.0,0.0,275.0,04.3,2,3000,0,0,0,0,0,0,0

APPTR,N09,09,AMTOV
IF,AMTOV,43.172500,26.151944, ,0.0,0.0,0,0,0,0,0,0,0,0
TF,GNA,43.161722,25.614139,0, ,0.0,0.0,0.0,0.0,2,4000,0,0,0,0,0,0
HF,GNA,43.161722,25.614139,1, ,0.0,0.0,93.0,04.3,2,2500,0,1,230,0,0,0,0

APPTR,N09,09,DELIN
IF,DELIN,43.134167,25.165000, ,0.0,0.0,0,0,0,0,0,0,0,0
TF,GNA,43.161722,25.614139,0, ,0.0,0.0,0.0,0.0,2,4000,0,0,0,0,0,0
HF,GNA,43.161722,25.614139,1, ,0.0,0.0,93.0,04.3,2,2500,0,1,230,0,0,0,0

APPTR,N09,09,GNA
IF,GNA,43.161722,25.614139, ,0.0,0.0,2,4000,0,0,0,0,0,0
HF,GNA,43.161722,25.614139,1, ,0.0,0.0,93.0,04.3,2,2500,0,1,230,0,1,0,0

FINAL,N09,09,N,2
IF,GNA,43.161722,25.614139,GNA,0.0,0.0,2,1500,0,0,0,0,2,0
CF,RW09,43.152972,25.698000,0,GNA,0.0,0.0,93.0,3.7,1,333,0,0,0,0,3,0
CA,0,93.0,2,2200,0,0,0,0,0,0
DF,GNA,43.161722,25.614139,1, ,0.0,0.0,1,3000,0,1,220,0,0,0
HM,GNA,43.161722,25.614139,1, ,0.0,0.0,93.0,04.3,2,3000,0,0,0,0,0,0,0

APPTR,R09,09,AMTOV
IF,AMTOV,43.172500,26.151944, ,0.0,0.0,2,4000,0,0,0,0,1,0
TF,GO370,43.245000,25.594583,0, ,0.0,0.0,0.0,0.0,2,4000,0,0,0,0,0,0
TF,GO371,43.259361,25.481444,0, ,0.0,0.0,0.0,0.0,0,0,0,1,220,0,0,0
TF,GO372,43.176778,25.465778,0, ,0.0,0.0,0.0,0.0,2,3000,0,1,190,0,1,0

APPTR,R09,09,DELIN
IF,DELIN,43.134167,25.165000, ,0.0,0.0,2,3000,0,0,0,0,1,0
TF,GO372,43.176778,25.465778,0, ,0.0,0.0,0.0,0.0,2,3000,0,1,190,0,1,0

APPTR,R09,09,GRN
IF,GRN,43.153222,25.711778, ,0.0,0.0,2,3000,0,0,0,0,1,0
TF,GO370,43.245000,25.594583,0, ,0.0,0.0,0.0,0.0,0,0,0,0,0,0,0,0
TF,GO371,43.259361,25.481444,0, ,0.0,0.0,0.0,0.0,0,0,0,1,220,0,0,0
TF,GO372,43.176778,25.465778,0, ,0.0,0.0,0.0,0.0,2,3000,0,1,190,0,1,0

FINAL,R09,09,R,3
IF,GO372,43.176778,25.465778, ,0.0,0.0,2,3000,0,0,0,0,0,0
TF,GO373,43.165194,25.579306,0, ,0.0,0.0,93.0,5.0,2,2000,0,0,0,0,2,0
TF,RW09,43.152972,25.698000,0, ,0.0,0.0,93.0,5.3,1,333,0,0,0,0,3,1
TF,GO375,43.143917,25.785194,0, ,0.0,0.0,0.0,0.0,0,0,0,0,0,0,0,1
CA,0,93.0,2,2200,0,0,0,0,0,0
DF,GRN,43.153222,25.711778,1, ,0.0,0.0,1,3000,0,1,220,0,0,0
HM,GRN,43.153222,25.711778,2, ,0.0,0.0,273.0,04.3,2,3000,0,1,220,0,0,0,0

APPTR,R27,27,AMTOV
IF,AMTOV,43.172500,26.151944, ,0.0,0.0,2,4000,0,0,0,0,1,0
TF,GO385,43.146139,26.022750,0, ,0.0,0.0,0.0,0.0,2,4000,0,0,0,0,0,0
TF,GO383,43.128167,25.935056,0, ,0.0,0.0,0.0,0.0,2,2700,0,1,190,0,1,0

APPTR,R27,27,DELIN
IF,DELIN,43.134167,25.165000, ,0.0,0.0,2,4000,0,0,0,0,1,0
TF,GO380,43.234111,25.727639,0, ,0.0,0.0,0.0,0.0,2,4000,0,1,220,0,0,0
TF,GO382,43.210694,25.951333,0, ,0.0,0.0,0.0,0.0,2,3000,0,0,0,0,0,0
TF,GO383,43.128167,25.935056,0, ,0.0,0.0,0.0,0.0,2,2700,0,1,190,0,1,0

APPTR,R27,27,GRN
IF,GRN,43.153222,25.711778, ,0.0,0.0,2,3000,0,0,0,0,1,0
TF,GO380,43.234111,25.727639,0, ,0.0,0.0,0.0,0.0,2,3000,0,1,220,0,0,0
TF,GO382,43.210694,25.951333,0, ,0.0,0.0,0.0,0.0,2,3000,0,0,0,0,0,0
TF,GO383,43.128167,25.935056,0, ,0.0,0.0,0.0,0.0,2,2700,0,1,190,0,1,0

FINAL,R27,27,R,3
IF,GO383,43.128167,25.935056, ,0.0,0.0,2,2700,0,0,0,0,0,0
TF,GO384,43.137667,25.844889,0, ,0.0,0.0,273.0,4.0,2,2000,0,0,0,0,2,0
TF,RW27,43.150136,25.725350,0, ,0.0,0.0,273.0,5.3,1,325,0,0,0,0,3,1
TF,GO386,43.159167,25.638139,0, ,0.0,0.0,0.0,0.0,0,0,0,0,0,0,0,1
CA,0,273.0,2,2300,0,0,0,0,0,0
DF,GRN,43.153222,25.711778,2, ,0.0,0.0,1,3000,0,1,220,0,0,0
HM,GRN,43.153222,25.711778,2, ,0.0,0.0,273.0,04.3,2,3000,0,1,220,0,0,0,0

