SID,MATE2P,06,2
CD, ,0,0,0,CTN,0,0.0,57.0,5.0,0,0,0,0,0,0,0,0
VI,0, ,0.0,336.0,0,0,0,1,230,0,0,0
CF,MATEX,40.556583,0.265472,0,CTN,20.7,21.8,21.0,14.0,2,10000,0,0,0,0,0,0

SID,MATE2Q,24,2
CD, ,0,0,0,CTN,0,0.0,237.0,7.0,0,0,0,0,0,0,0,0
CI,0, ,0.0,237.0,0,0,0,1,230,0,0,0
AF,D010J,40.382519,0.130808,2,CTN,10.0,10.0,237.0,0,0,0,0,0,0,0,0
CF,MATEX,40.556583,0.265472,0,CTN,20.7,21.8,21.0,12.0,2,10000,0,0,0,0,0,0

SID,NAVA2P,06,2
CA,0,57.0,2,1590,0,0,0,0,0,0
CF,NAVAR,40.376750,0.521750,0,CTN,63.4,22.0,64.0,21.0,2,10000,0,0,0,0,0,0

SID,NAVA2Q,24,2
CD, ,0,0,0,CTN,0,0.0,237.0,6.0,0,0,0,0,0,0,0,0
CI,0, ,0.0,237.0,0,0,0,1,230,0,0,0
AF,D078H,40.244139,0.260119,1,CTN,78.0,8.0,237.0,0,0,0,0,0,0,0,0
CF,NAVAR,40.376750,0.521750,0,CTN,64.4,22.0,64.0,14.0,2,10000,0,0,0,0,0,0

SID,TATO2P,06,2
CD, ,0,0,0,CTN,0,0.0,57.0,5.0,0,0,0,0,0,0,0,0
CI,0, ,0.0,57.0,0,0,0,1,230,0,0,0
AF,D246H,40.166558,-0.070906,1,CTN,246.0,8.0,57.0,0,0,0,0,0,0,0,0
CF,TATOS,40.000000,-0.283750,0,CTN,231.7,21.6,232.0,14.0,2,10000,0,0,0,0,0,0

SID,TATO2Q,24,2
CD, ,0,0,0,CTN,0,0.0,237.0,7.0,0,0,0,0,0,0,0,0
CF,TATOS,40.000000,-0.283750,0,CTN,231.7,21.6,232.0,14.0,2,10000,0,0,0,0,0,0

STAR,RIME2R,24,2
IF,RIMES,40.557944,-0.063944, ,0.0,0.0,2,10000,0,0,0,0,0,0
TF,D341S,40.518356,-0.045983,0, ,0.0,0.0,0.0,0.0,0,0,0,0,0,0,0,0
CI,0, ,0.0,161.0,0,0,0,0,0,0,0,0
AF,D022Q,40.479711,0.234275,2,CTN,22.0,17.0,341.0,0,0,0,0,0,0,0,0
AF,D044Q,40.419000,0.351511,2,CTN,44.0,17.0,22.0,0,0,0,0,0,0,0,0
CF,OSPES,40.372556,0.346944,0,CTN,51.0,15.0,231.0,2.0,0,0,0,0,0,0,0,0

STAR,RIME2S,06,2
IF,RIMES,40.557944,-0.063944, ,0.0,0.0,2,10000,0,0,0,0,0,0
TF,SAURA,40.256028,-0.183361,0, ,0.0,0.0,0.0,0.0,0,0,0,0,0,0,0,0

STAR,SOPE2R,24,2
IF,SOPET,39.833833,-0.004694, ,0.0,0.0,2,10000,0,0,0,0,0,0
TF,D101Q,40.159286,0.450675,0, ,0.0,0.0,0.0,0.0,0,0,0,0,0,0,0,0
AF,D058Q,40.364403,0.406922,1,CTN,58.0,17.0,101.0,0,0,0,0,0,0,0,0
CF,OSPES,40.372556,0.346944,0,CTN,51.0,15.0,231.0,2.0,0,0,0,0,0,0,0,0

STAR,SOPE2S,06,2
IF,SOPET,39.833833,-0.004694, ,0.0,0.0,2,10000,0,0,0,0,0,0
CI,0, ,0.0,10.0,0,0,0,0,0,0,0,0
AF,D227V,39.972725,-0.265244,2,CTN,227.0,22.0,190.0,0,0,0,0,0,0,0,0
CF,TATOS,40.000000,-0.283750,0,CTN,231.7,21.6,16.0,1.0,0,0,0,0,0,0,0,0
TF,NIBEN,40.056250,-0.261750,0, ,0.0,0.0,0.0,0.0,0,0,0,0,0,0,0,0

STAR,TORD2R,24,2
IF,TORDU,40.257917,0.588194, ,0.0,0.0,2,10000,0,0,0,0,0,0
TF,D083S,40.251203,0.500519,0, ,0.0,0.0,0.0,0.0,0,0,0,0,0,0,0,0
CI,0, ,0.0,263.0,0,0,0,0,0,0,0,0
AF,D058Q,40.364403,0.406922,1,CTN,58.0,17.0,83.0,0,0,0,0,0,0,0,0
CF,OSPES,40.372556,0.346944,0,CTN,51.0,15.0,231.0,2.0,0,0,0,0,0,0,0,0

STAR,TORD2S,06,2
IF,TORDU,40.257917,0.588194, ,0.0,0.0,2,10000,0,0,0,0,0,0
TF,CTN,40.218806,0.089194,0, ,0.0,0.0,0.0,0.0,0,0,0,0,0,0,0,0

APPTR,D06,06,CTN
IF,CTN,40.218806,0.089194, ,0.0,0.0,2,5000,0,1,220,0,1,0
FD,CTN,40.218806,0.089194,0,CTN,0.0,12.0,220.0,12.0,0,0,0,0,0,0,0,0
CF,CD06,40.115500,-0.134278,2,CTN,238.0,12.0,58.0,1.0,2,3700,0,0,0,0,1,0

APPTR,D06,06,NIBEN
IF,NIBEN,40.056250,-0.261750, ,0.0,0.0,2,6500,0,0,0,0,1,0
CF,CD06,40.115500,-0.134278,0,CTN,238.0,12.0,58.0,6.9,2,3700,0,0,0,0,1,0

APPTR,D06,06,SAURA
IF,SAURA,40.256028,-0.183361, ,0.0,0.0,2,7500,0,0,0,0,1,0
CI,0, ,0.0,99.0,0,0,0,0,0,0,0,0
AF,D258L,40.180331,-0.166953,1,CTN,258.0,12.0,279.0,2,5500,0,0,0,0,0,0
AF,CD06,40.115500,-0.134278,1,CTN,238.0,12.0,258.0,2,3700,0,0,0,0,1,0

FINAL,D06,06,D,3
IF,CD06,40.115500,-0.134278,CTN,238.0,12.0,2,3700,0,0,0,0,0,0
CF,FD06,40.160333,-0.037528,0,CTN,238.0,6.8,58.0,5.2,2,2800,0,0,0,0,2,0
CF,MD06,40.197333,0.042583,0,CTN,238.0,2.5,58.0,4.3,1,1471,0,0,0,0,3,0
CD, ,0,0,0,CTN,0,0.0,58.0,11.0,0,0,0,0,0,0,0,0
DF,CTN,40.218806,0.089194,2, ,0.0,0.0,2,5000,0,0,0,0,0,0
HM,CTN,40.218806,0.089194,2, ,0.0,0.0,237.0,04.3,2,5000,0,0,0,0,0,0,0

APPTR,I06,06,CTN
IF,CTN,40.218806,0.089194, ,0.0,0.0,2,5000,0,1,220,0,1,0
FD,CTN,40.218806,0.089194,0,CTN,0.0,12.0,219.0,12.0,0,0,0,0,0,0,0,0
CF,CF06,40.112583,-0.131556,2,ICN,236.2,12.1,57.0,1.0,2,3700,0,0,0,0,1,0

APPTR,I06,06,NIBEN
IF,NIBEN,40.056250,-0.261750, ,0.0,0.0,2,6500,0,0,0,0,1,0
CI,0, ,0.0,87.0,0,0,0,0,0,0,0,0
CF,CF06,40.112583,-0.131556,0,ICN,236.2,12.1,57.0,7.0,2,3700,0,0,0,0,1,0

APPTR,I06,06,SAURA
IF,SAURA,40.256028,-0.183361, ,0.0,0.0,2,7500,0,0,0,0,1,0
CI,0, ,0.0,99.0,0,0,0,0,0,0,0,0
AF,D259L,40.183764,-0.167797,1,CTN,259.0,12.0,279.0,2,5500,0,0,0,0,0,0
AF,D246L,40.140350,-0.150864,1,CTN,246.0,12.0,259.0,2,3700,0,0,0,0,0,0
VI,0,ICN,0.0,87.0,0,0,0,0,0,0,0,0

FINAL,I06,06,I,3
IF,CF06,40.112583,-0.131556,ICN,236.2,12.1,2,3700,0,0,0,0,0,0
CF,FI06,40.161194,-0.033528,0,ICN,236.2,6.7,57.0,5.4,1,2800,0,0,0,0,2,0
CF,RW06,40.207539,0.060242,0,ICN,236.2,1.6,57.0,5.1,1,1148,0,0,0,0,3,0
CD, ,0,0,0,CTN,0,0.0,57.0,11.0,0,0,0,0,0,0,0,0
DF,CTN,40.218806,0.089194,2, ,0.0,0.0,2,5000,0,0,0,0,0,0
HM,CTN,40.218806,0.089194,2, ,0.0,0.0,237.0,04.3,2,5000,0,0,0,0,0,0,0

APPTR,L06,06,CTN
IF,CTN,40.218806,0.089194, ,0.0,0.0,2,5000,0,1,220,0,1,0
FD,CTN,40.218806,0.089194,0,CTN,0.0,12.0,219.0,12.0,0,0,0,0,0,0,0,0
CF,CF06,40.112583,-0.131556,2,ICN,236.2,12.1,57.0,1.0,2,3700,0,0,0,0,1,0

APPTR,L06,06,NIBEN
IF,NIBEN,40.056250,-0.261750, ,0.0,0.0,2,6500,0,0,0,0,1,0
CI,0, ,0.0,87.0,0,0,0,0,0,0,0,0
CF,CF06,40.112583,-0.131556,0,ICN,236.2,12.1,57.0,7.0,2,3700,0,0,0,0,1,0

APPTR,L06,06,SAURA
IF,SAURA,40.256028,-0.183361, ,0.0,0.0,2,7500,0,0,0,0,1,0
CI,0, ,0.0,99.0,0,0,0,0,0,0,0,0
AF,D259L,40.183764,-0.167797,1,CTN,259.0,12.0,279.0,2,5500,0,0,0,0,0,0
AF,D246L,40.140350,-0.150864,1,CTN,246.0,12.0,259.0,2,3700,0,0,0,0,0,0
VI,0,ICN,0.0,87.0,0,0,0,0,0,0,0,0

FINAL,L06,06,D,3
IF,CF06,40.112583,-0.131556,ICN,236.2,12.1,2,3700,0,0,0,0,0,0
CF,FF06,40.159083,-0.037722,0,ICN,236.2,7.0,57.0,5.1,2,2800,0,0,0,0,2,0
CF,ML06,40.198500,0.041944,0,ICN,236.2,2.6,57.0,4.4,1,1467,0,0,0,0,3,0
CD, ,0,0,0,CTN,0,0.0,57.0,11.0,0,0,0,0,0,0,0,0
DF,CTN,40.218806,0.089194,2, ,0.0,0.0,2,5000,0,0,0,0,0,0
HM,CTN,40.218806,0.089194,2, ,0.0,0.0,237.0,04.3,2,5000,0,0,0,0,0,0,0

