SID,BARD2B,14R,2
DF,DE14R,40.456478,-3.547192,0, ,0.0,0.0,0,0,0,0,0,0,0,1
VD, ,0,0,0,BRA,0.0,0.0,129.0,2.4,2,2400,0,0,0,0,0,0
CF,D137H,40.373094,-3.436339,0,BRA,137.0,8.0,137.0,6.0,2,4500,0,0,0,0,0,1
VI,2, ,0.0,235.0,0,0,0,0,0,0,0,0
CF,NVS,40.368667,-4.249417,0,NVS,0.0,0.0,280.0,35.0,2,8000,0,0,0,0,0,0
TF,GOXOL,40.413417,-4.648611,0, ,0.0,0.0,0.0,0.0,2,24500,0,0,0,0,0,0
TF,BARDI,40.583500,-6.302444,0, ,0.0,0.0,0.0,0.0,0,0,0,0,0,0,0,0

SID,BARD2K,36L,2
DF,SSY,40.546417,-3.575194,0, ,0.0,0.0,0,0,0,0,0,0,0,0
TF,D001C,40.591447,-3.575194,0, ,0.0,0.0,0.0,0.0,0,0,0,0,0,0,0,0
VI,0, ,0.0,26.0,0,0,0,0,0,0,0,0
CF,BRA15,40.719306,-3.557528,0,BRA,0.0,15.0,1.0,7.0,2,6500,0,0,0,0,0,0
VI,0, ,0.0,304.0,0,0,0,0,0,0,0,0
CF,AVILA,40.624611,-4.549889,0,NVS,319.2,20.6,259.0,44.0,2,12000,0,0,0,0,0,0
TF,LONGA,40.438372,-4.877111,0, ,0.0,0.0,0.0,0.0,2,24500,0,0,0,0,0,0
TF,BARDI,40.583500,-6.302444,0, ,0.0,0.0,0.0,0.0,0,0,0,0,0,0,0,0

SID,BARD2N,36L,2
DF,SSY,40.546417,-3.575194,0, ,0.0,0.0,0,0,0,0,0,0,0,0
TF,D017F,40.636189,-3.541400,0, ,0.0,0.0,0.0,0.0,0,0,0,0,0,0,0,0
TF,D005L,40.668783,-3.539192,0, ,0.0,0.0,0.0,0.0,2,5500,0,0,0,0,0,1
CF,CNR,40.645972,-3.735833,1,CNR,0.0,0.0,239.0,7.0,0,0,0,1,240,0,0,0
TF,AVILA,40.624611,-4.549889,0, ,0.0,0.0,0.0,0.0,2,12000,0,0,0,0,0,0
TF,LONGA,40.438372,-4.877111,0, ,0.0,0.0,0.0,0.0,2,24500,0,0,0,0,0,0
TF,BARDI,40.583500,-6.302444,0, ,0.0,0.0,0.0,0.0,0,0,0,0,0,0,0,0

SID,BARD2Q,14R,2
CD, ,0,0,0,BRA,0,0.0,143.0,4.1,0,0,0,0,0,0,0,0
CF,D324E,40.324822,-3.418844,0,PDT,324.0,5.4,144.0,7.0,2,5000,0,0,0,0,0,1
CF,NVS,40.368667,-4.249417,2,NVS,0.0,0.0,280.0,38.0,2,8000,0,0,0,0,0,0
TF,GOXOL,40.413417,-4.648611,0, ,0.0,0.0,0.0,0.0,2,24500,0,0,0,0,0,0
TF,BARDI,40.583500,-6.302444,0, ,0.0,0.0,0.0,0.0,0,0,0,0,0,0,0,0

SID,BARD2S,14R,5
CA,0,143.0,2,2400,0,0,0,0,0,0
DF,MD030,40.284083,-3.372833,0, ,0.0,0.0,2,6200,0,0,0,0,0,0
TF,MD031,40.196306,-3.424444,0, ,0.0,0.0,0.0,0.0,2,6800,0,0,0,0,0,0
TF,MD052,40.368389,-4.634500,0, ,0.0,0.0,0.0,0.0,2,24500,0,0,0,0,0,1
TF,BARDI,40.583500,-6.302444,0, ,0.0,0.0,0.0,0.0,0,0,0,0,0,0,0,1

SID,BARD2V,14L,2
FD,RW14L,40.494919,-3.557869,0,PDT,327.5,5.4,143.0,5.4,2,5000,0,0,0,0,0,0
CF,NVS,40.368667,-4.249417,2,NVS,0.0,0.0,280.0,38.0,2,8000,0,0,0,0,0,0
TF,GOXOL,40.413417,-4.648611,0, ,0.0,0.0,0.0,0.0,2,24500,0,0,0,0,0,0
TF,BARDI,40.583500,-6.302444,0, ,0.0,0.0,0.0,0.0,0,0,0,0,0,0,0,0

SID,BARD2X,36L,5
CF,MD016,40.600139,-3.575222,0,SSY,0.0,3.2,1.0,4.1,2,3600,0,0,0,0,0,0
TF,MD017,40.629056,-3.557528,0, ,0.0,0.0,0.0,0.0,2,4300,0,0,0,0,0,1
TF,MD040,40.800694,-3.557647,0, ,0.0,0.0,0.0,0.0,2,8000,0,0,0,0,0,0
TF,AVILA,40.624611,-4.549889,0, ,0.0,0.0,0.0,0.0,2,12000,0,0,0,0,0,0
TF,LONGA,40.438372,-4.877111,0, ,0.0,0.0,0.0,0.0,2,24500,0,0,0,0,0,0
TF,BARDI,40.583500,-6.302444,0, ,0.0,0.0,0.0,0.0,0,0,0,0,0,0,0,1

SID,BARD3T,36L,2
DF,SSY,40.546417,-3.575194,0, ,0.0,0.0,0,0,0,0,0,0,0,0
VI,0, ,0.0,291.0,0,0,0,1,240,0,0,0
FD,SSY,40.546417,-3.575194,0,SSY,0.0,5.7,321.0,5.7,2,5000,0,0,0,0,0,0
CF,CNR,40.645972,-3.735833,0,CNR,0.0,0.0,269.0,3.0,0,0,0,1,240,0,0,0
TF,AVILA,40.624611,-4.549889,0, ,0.0,0.0,0.0,0.0,2,12000,0,0,0,0,0,0
TF,LONGA,40.438372,-4.877111,0, ,0.0,0.0,0.0,0.0,2,24500,0,0,0,0,0,0
TF,BARDI,40.583500,-6.302444,0, ,0.0,0.0,0.0,0.0,0,0,0,0,0,0,0,0

SID,BARD5L,36L,5
CF,SSY,40.546417,-3.575194,0,SSY,0.0,0.0,1.0,1.0,2,2400,0,1,205,0,0,1
TF,MD039,40.640436,-3.678783,0, ,0.0,0.0,0.0,0.0,2,5200,0,1,210,0,0,0
TF,AVILA,40.624611,-4.549889,0, ,0.0,0.0,0.0,0.0,2,12000,0,0,0,0,0,0
TF,LONGA,40.438372,-4.877111,0, ,0.0,0.0,0.0,0.0,2,24500,0,0,0,0,0,0
TF,BARDI,40.583500,-6.302444,0, ,0.0,0.0,0.0,0.0,0,0,0,0,0,0,0,1

SID,BARD5W,36R,2
DF,DE36R,40.532622,-3.559381,0, ,0.0,0.0,0,0,0,0,0,0,0,1
VD, ,0,0,0,BRA,0.0,0.0,1.0,5.0,0,0,0,0,0,0,0,0
CD, ,0,0,0,BRA,0,0.0,1.0,7.0,0,0,0,0,0,0,0,0
CD, ,0,0,0,SSY,0,0.0,17.0,5.6,2,4500,0,0,0,0,0,0
CF,CNR,40.645972,-3.735833,1,BRA,323.5,13.4,243.0,7.0,0,0,0,1,205,0,0,0
TF,AVILA,40.624611,-4.549889,0, ,0.0,0.0,0.0,0.0,2,12000,0,0,0,0,0,0
TF,LONGA,40.438372,-4.877111,0, ,0.0,0.0,0.0,0.0,2,24500,0,0,0,0,0,0
TF,BARDI,40.583500,-6.302444,0, ,0.0,0.0,0.0,0.0,0,0,0,0,0,0,0,0

SID,CCS1K,36L,2
DF,SSY,40.546417,-3.575194,0, ,0.0,0.0,0,0,0,0,0,0,0,0
TF,D001C,40.591447,-3.575194,0, ,0.0,0.0,0.0,0.0,0,0,0,0,0,0,0,0
VI,0, ,0.0,26.0,0,0,0,0,0,0,0,0
CF,BRA15,40.719306,-3.557528,0,BRA,0.0,15.0,1.0,7.0,2,6500,0,0,0,0,0,0
VI,0, ,0.0,304.0,0,0,0,0,0,0,0,0
CF,AVILA,40.624611,-4.549889,0,RBO,258.4,61.0,259.0,44.0,2,12000,0,0,0,0,0,0
TF,CCS,39.524500,-6.434722,0, ,0.0,0.0,0.0,0.0,0,0,0,0,0,0,0,0

SID,CCS1S,14R,5
CA,0,143.0,2,2400,0,0,0,0,0,0
DF,MD030,40.284083,-3.372833,0, ,0.0,0.0,2,6200,0,0,0,0,0,0
TF,MD031,40.196306,-3.424444,0, ,0.0,0.0,0.0,0.0,2,6800,0,0,0,0,0,0
TF,CCS,39.524500,-6.434722,0, ,0.0,0.0,0.0,0.0,2,13000,0,0,0,0,0,1

SID,CCS1X,36L,5
CF,MD016,40.600139,-3.575222,0,SSY,0.0,3.2,1.0,4.1,2,3600,0,0,0,0,0,0
TF,MD017,40.629056,-3.557528,0, ,0.0,0.0,0.0,0.0,2,4300,0,0,0,0,0,1
TF,MD040,40.800694,-3.557647,0, ,0.0,0.0,0.0,0.0,2,8000,0,0,0,0,0,0
TF,AVILA,40.624611,-4.549889,0, ,0.0,0.0,0.0,0.0,2,12000,0,0,0,0,0,0
TF,LONGA,40.438372,-4.877111,0, ,0.0,0.0,0.0,0.0,2,13000,0,0,0,0,0,0
TF,CCS,39.524500,-6.434722,0, ,0.0,0.0,0.0,0.0,2,13000,0,0,0,0,0,1

SID,CCS2Q,14R,2
CD, ,0,0,0,BRA,0,0.0,143.0,4.1,0,0,0,0,0,0,0,0
CF,D324E,40.324822,-3.418844,0,PDT,324.0,5.4,144.0,7.0,2,5000,0,0,0,0,0,1
CF,NVS,40.368667,-4.249417,2,NVS,0.0,0.0,280.0,38.0,2,9000,0,0,0,0,0,0
TF,CCS,39.524500,-6.434722,0, ,0.0,0.0,0.0,0.0,2,10000,0,0,0,0,0,0

SID,CCS2T,36L,2
DF,SSY,40.546417,-3.575194,0, ,0.0,0.0,0,0,0,0,0,0,0,0
VI,0, ,0.0,291.0,0,0,0,1,240,0,0,0
FD,SSY,40.546417,-3.575194,0,SSY,0.0,5.7,321.0,5.7,2,5000,0,0,0,0,0,0
CF,CNR,40.645972,-3.735833,0,CNR,0.0,0.0,269.0,3.0,0,0,0,0,0,0,0,0
TF,AVILA,40.624611,-4.549889,0, ,0.0,0.0,0.0,0.0,2,12000,0,0,0,0,0,0
TF,CCS,39.524500,-6.434722,0, ,0.0,0.0,0.0,0.0,0,0,0,0,0,0,0,0

SID,CCS3B,14R,2
DF,DE14R,40.456478,-3.547192,0, ,0.0,0.0,0,0,0,0,0,0,0,1
VD, ,0,0,0,BRA,0.0,0.0,129.0,2.4,2,2400,0,0,0,0,0,0
CF,D137H,40.373094,-3.436339,0,BRA,137.0,8.0,137.0,6.0,2,4500,0,0,0,0,0,1
VI,2, ,0.0,235.0,0,0,0,0,0,0,0,0
CF,NVS,40.368667,-4.249417,0,NVS,0.0,0.0,280.0,35.0,2,9000,0,0,0,0,0,0
TF,CCS,39.524500,-6.434722,0, ,0.0,0.0,0.0,0.0,2,10000,0,0,0,0,0,0

SID,CCS3N,36L,2
DF,SSY,40.546417,-3.575194,0, ,0.0,0.0,0,0,0,0,0,0,0,0
TF,D017F,40.636189,-3.541400,0, ,0.0,0.0,0.0,0.0,0,0,0,0,0,0,0,0
TF,D005L,40.668783,-3.539192,0, ,0.0,0.0,0.0,0.0,2,5500,0,0,0,0,0,1
CF,CNR,40.645972,-3.735833,1,CNR,0.0,0.0,239.0,7.0,0,0,0,1,240,0,0,0
TF,AVILA,40.624611,-4.549889,0, ,0.0,0.0,0.0,0.0,2,12000,0,0,0,0,0,0
TF,CCS,39.524500,-6.434722,0, ,0.0,0.0,0.0,0.0,0,0,0,0,0,0,0,0

SID,CCS3V,14L,2
FD,RW14L,40.494919,-3.557869,0,PDT,327.5,5.4,143.0,5.4,2,5000,0,0,0,0,0,0
CF,NVS,40.368667,-4.249417,2,NVS,0.0,0.0,280.0,38.0,2,9000,0,0,0,0,0,0
TF,CCS,39.524500,-6.434722,0, ,0.0,0.0,0.0,0.0,2,10000,0,0,0,0,0,0

SID,CCS4L,36L,5
CF,SSY,40.546417,-3.575194,0,SSY,0.0,0.0,1.0,1.0,2,2400,0,1,205,0,0,1
TF,MD039,40.640436,-3.678783,0, ,0.0,0.0,0.0,0.0,2,5200,0,1,210,0,0,0
TF,AVILA,40.624611,-4.549889,0, ,0.0,0.0,0.0,0.0,2,12000,0,0,0,0,0,0
TF,LONGA,40.438372,-4.877111,0, ,0.0,0.0,0.0,0.0,2,13000,0,0,0,0,0,0
TF,CCS,39.524500,-6.434722,0, ,0.0,0.0,0.0,0.0,2,13000,0,0,0,0,0,1

SID,CCS4W,36R,2
DF,DE36R,40.532622,-3.559381,0, ,0.0,0.0,0,0,0,0,0,0,0,1
VD, ,0,0,0,BRA,0.0,0.0,1.0,5.0,0,0,0,0,0,0,0,0
CD, ,0,0,0,BRA,0,0.0,1.0,7.0,0,0,0,0,0,0,0,0
CD, ,0,0,0,SSY,0,0.0,17.0,5.6,2,4500,0,0,0,0,0,0
CF,CNR,40.645972,-3.735833,1,BRA,323.5,13.4,243.0,7.0,0,0,0,1,205,0,0,0
TF,AVILA,40.624611,-4.549889,0, ,0.0,0.0,0.0,0.0,2,12000,0,0,0,0,0,0
TF,CCS,39.524500,-6.434722,0, ,0.0,0.0,0.0,0.0,0,0,0,0,0,0,0,0

SID,NAND1B,14R,2
DF,DE14R,40.456478,-3.547192,0, ,0.0,0.0,0,0,0,0,0,0,0,1
VD, ,0,0,0,BRA,0.0,0.0,129.0,2.4,2,2400,0,0,0,0,0,0
CF,D137H,40.373094,-3.436339,0,BRA,137.0,8.0,137.0,5.0,2,4500,0,0,0,0,0,1
CF,PDT,40.252917,-3.348028,0,PDT,0.0,0.0,152.0,7.0,2,7000,0,0,0,0,0,0
TF,D107O,40.183708,-3.034400,0, ,0.0,0.0,0.0,0.0,2,11000,0,0,0,0,0,0
TF,NANDO,39.988861,-2.174556,0, ,0.0,0.0,0.0,0.0,0,0,0,0,0,0,0,0

SID,NAND1D,36R,2
DF,DE36R,40.532622,-3.559381,0, ,0.0,0.0,0,0,0,0,0,0,0,1
VD, ,0,0,0,BRA,0.0,0.0,16.0,5.8,2,2600,0,0,0,0,0,0
CF,D222J,40.727906,-3.390461,0,RBO,222.0,10.0,42.0,12.0,2,7000,0,0,0,0,0,1
VI,2, ,0.0,143.0,0,0,0,1,230,0,0,0
CF,PDT,40.252917,-3.348028,0,PDT,0.0,0.0,188.0,28.0,2,13000,0,0,0,0,0,0
TF,NANDO,39.988861,-2.174556,0, ,0.0,0.0,0.0,0.0,0,0,0,0,0,0,0,0

SID,NAND1R,36R,5
CA,0,1.0,2,2400,0,0,0,0,0,0
CF,MD047,40.593639,-3.538222,0,SSY,31.8,3.3,16.0,4.0,2,2900,0,0,0,0,0,0
TF,MD048,40.753667,-3.359250,0, ,0.0,0.0,0.0,0.0,2,7000,0,0,0,0,0,0
TF,MD049,40.703444,-3.272194,0, ,0.0,0.0,0.0,0.0,2,8000,0,1,240,0,0,0
TF,PDT,40.252917,-3.348028,0, ,0.0,0.0,0.0,0.0,2,13000,0,0,0,0,0,0
TF,NANDO,39.988861,-2.174556,0, ,0.0,0.0,0.0,0.0,2,13000,0,0,0,0,0,1

SID,NAND1U,14L,5
CF,MD050,40.431672,-3.493711,0,BRA,128.5,3.7,143.0,3.0,2,2600,0,0,0,0,0,0
TF,MD035,40.358611,-3.331250,0, ,0.0,0.0,0.0,0.0,2,5700,0,0,0,0,0,0
TF,NANDO,39.988861,-2.174556,0, ,0.0,0.0,0.0,0.0,2,13000,0,0,0,0,0,1

SID,NAND1V,14L,2
FD,RW14L,40.494919,-3.557869,0,PDT,327.5,5.4,143.0,5.4,2,5000,0,0,0,0,0,0
CF,PDT,40.252917,-3.348028,0,BRA,144.4,16.1,157.0,5.0,0,0,0,0,0,0,0,0
TF,D107O,40.183708,-3.034400,0, ,0.0,0.0,0.0,0.0,2,11000,0,0,0,0,0,0
TF,NANDO,39.988861,-2.174556,0, ,0.0,0.0,0.0,0.0,0,0,0,0,0,0,0,0

SID,NAND2E,14L,2
DF,DE14L,40.470008,-3.532581,0, ,0.0,0.0,0,0,0,0,0,0,0,1
VD, ,0,0,0,BRA,0.0,0.0,128.0,10.0,2,4800,0,0,0,0,0,0
CF,BRA33,40.167800,-2.955811,0,BRA,124.0,33.0,124.0,23.0,2,9300,0,0,0,0,0,0
TF,NANDO,39.988861,-2.174556,0, ,0.0,0.0,0.0,0.0,2,10000,0,0,0,0,0,0

SID,NAND2N,36L,2
DF,SSY,40.546417,-3.575194,0, ,0.0,0.0,0,0,0,0,0,0,0,0
TF,D017F,40.636189,-3.541400,0, ,0.0,0.0,0.0,0.0,0,0,0,0,0,0,0,0
TF,D005L,40.668783,-3.539192,0, ,0.0,0.0,0.0,0.0,0,0,0,0,0,0,0,1
CF,D237J,40.760458,-3.428472,0,RBO,237.0,10.0,57.0,7.0,2,7000,0,0,0,0,0,0
VI,0, ,0.0,143.0,0,0,0,0,0,0,0,0
CF,PDT,40.252917,-3.348028,0,PDT,0.0,0.0,188.0,26.0,2,13000,0,0,0,0,0,0
TF,NANDO,39.988861,-2.174556,0, ,0.0,0.0,0.0,0.0,0,0,0,0,0,0,0,0

SID,NAND5W,36R,2
FD,RW36R,40.501103,-3.559208,0,BRA,358.7,5.0,1.0,5.0,0,0,0,0,0,0,0,0
CD, ,0,0,0,BRA,0,0.0,1.0,7.0,0,0,0,0,0,0,0,0
CD, ,0,0,0,SSY,0,0.0,17.0,5.6,2,4500,0,0,0,0,0,0
CF,D227J,40.737900,-3.404358,0,BRA,24.4,17.6,47.0,9.0,2,7000,0,1,205,0,0,1
VI,2, ,0.0,143.0,0,0,0,0,0,0,0,0
CF,PDT,40.252917,-3.348028,0,PDT,0.0,0.0,188.0,27.0,2,13000,0,0,0,0,0,0
TF,NANDO,39.988861,-2.174556,0, ,0.0,0.0,0.0,0.0,0,0,0,0,0,0,0,0

SID,PINA1E,14L,2
DF,DE14L,40.470008,-3.532581,0, ,0.0,0.0,0,0,0,0,0,0,0,1
VD, ,0,0,0,BRA,0.0,0.0,128.0,10.0,2,4800,0,0,0,0,0,0
CF,D124V,40.268594,-3.155789,0,BRA,124.0,22.0,124.0,12.0,2,7200,0,0,0,0,0,1
CF,D168R,40.564575,-3.159072,1,RBO,168.0,17.8,348.0,16.0,2,13000,0,0,0,0,0,0
TF,RBO,40.853861,-3.246639,0, ,0.0,0.0,0.0,0.0,0,0,0,0,0,0,0,0
TF,PINAR,40.980306,-2.599167,0, ,0.0,0.0,0.0,0.0,0,0,0,0,0,0,0,0

SID,PINA1U,14L,5
CF,MD050,40.431672,-3.493711,0,BRA,128.5,3.7,143.0,3.0,2,2600,0,0,0,0,0,0
TF,MD051,40.370964,-3.329161,0, ,0.0,0.0,0.0,0.0,2,5700,0,0,0,0,0,0
TF,RBO,40.853861,-3.246639,0, ,0.0,0.0,0.0,0.0,2,13000,0,0,0,0,0,1
TF,PINAR,40.980306,-2.599167,0, ,0.0,0.0,0.0,0.0,2,13000,0,0,0,0,0,1

SID,PINA1V,14L,2
FD,RW14L,40.494919,-3.557869,0,PDT,327.5,5.4,143.0,5.4,2,5000,0,0,0,0,0,0
CF,D337D,40.309286,-3.380814,0,PDT,337.0,3.7,157.0,2.0,0,0,0,0,0,0,0,1
CF,D051L,40.378186,-3.152561,1,PDT,51.0,11.7,51.0,10.0,0,0,0,0,0,0,0,1
CF,D168R,40.564575,-3.159072,0,RBO,168.0,17.8,348.0,10.0,2,13000,0,0,0,0,0,0
TF,RBO,40.853861,-3.246639,0, ,0.0,0.0,0.0,0.0,0,0,0,0,0,0,0,0
TF,PINAR,40.980306,-2.599167,0, ,0.0,0.0,0.0,0.0,0,0,0,0,0,0,0,0

SID,PINA2B,14R,2
DF,DE14R,40.456478,-3.547192,0, ,0.0,0.0,0,0,0,0,0,0,0,1
VD, ,0,0,0,BRA,0.0,0.0,129.0,2.4,2,2400,0,0,0,0,0,0
CF,D137H,40.373094,-3.436339,0,BRA,137.0,8.0,137.0,5.0,2,4500,0,0,0,0,0,0
TF,D332D,40.303967,-3.384992,0, ,0.0,0.0,0.0,0.0,2,6200,0,0,0,0,0,1
CF,D051L,40.378186,-3.152561,1,PDT,51.0,11.7,51.0,10.0,0,0,0,0,0,0,0,1
CF,D168R,40.564575,-3.159072,0,RBO,168.0,17.8,348.0,10.0,2,13000,0,0,0,0,0,0
TF,RBO,40.853861,-3.246639,0, ,0.0,0.0,0.0,0.0,0,0,0,0,0,0,0,0
TF,PINAR,40.980306,-2.599167,0, ,0.0,0.0,0.0,0.0,0,0,0,0,0,0,0,0

SID,PINA2N,36L,2
DF,SSY,40.546417,-3.575194,0, ,0.0,0.0,0,0,0,0,0,0,0,0
TF,D017F,40.636189,-3.541400,0, ,0.0,0.0,0.0,0.0,0,0,0,0,0,0,0,0
TF,D005L,40.668783,-3.539192,0, ,0.0,0.0,0.0,0.0,0,0,0,0,0,0,0,1
CF,RBO,40.853861,-3.246639,0,BRA,32.5,27.1,57.0,16.0,2,8000,0,0,0,0,0,0
TF,PINAR,40.980306,-2.599167,0, ,0.0,0.0,0.0,0.0,2,13000,0,0,0,0,0,0

SID,PINA2R,36R,5
CA,0,1.0,2,2400,0,0,0,0,0,0
CF,MD047,40.593639,-3.538222,0,SSY,31.8,3.3,16.0,4.0,2,2900,0,0,0,0,0,0
TF,RBO,40.853861,-3.246639,0, ,0.0,0.0,0.0,0.0,2,8000,0,0,0,0,0,1
TF,PINAR,40.980306,-2.599167,0, ,0.0,0.0,0.0,0.0,2,13000,0,0,0,0,0,1

SID,PINA3D,36R,2
DF,DE36R,40.532622,-3.559381,0, ,0.0,0.0,0,0,0,0,0,0,0,1
VD, ,0,0,0,BRA,0.0,0.0,16.0,5.8,2,2500,0,0,0,0,0,0
CF,RBO,40.853861,-3.246639,0,RBO,0.0,0.0,42.0,21.0,2,8000,0,0,0,0,0,0
TF,PINAR,40.980306,-2.599167,0, ,0.0,0.0,0.0,0.0,2,11000,0,0,0,0,0,0

SID,PINA6W,36R,2
FD,RW36R,40.501103,-3.559208,0,BRA,358.7,5.0,1.0,5.0,0,0,0,0,0,0,0,0
CD, ,0,0,0,BRA,0,0.0,1.0,7.0,0,0,0,0,0,0,0,0
CD, ,0,0,0,SSY,0,0.0,17.0,5.6,2,4500,0,0,0,0,0,0
CF,RBO,40.853861,-3.246639,0,BRA,32.5,27.1,47.0,19.0,2,8000,0,1,205,0,0,0
TF,PINAR,40.980306,-2.599167,0, ,0.0,0.0,0.0,0.0,2,11000,0,0,0,0,0,0

SID,RBO1B,14R,2
DF,DE14R,40.456478,-3.547192,0, ,0.0,0.0,0,0,0,0,0,0,0,1
VD, ,0,0,0,BRA,0.0,0.0,129.0,2.4,2,2400,0,0,0,0,0,0
CF,D137H,40.373094,-3.436339,0,BRA,137.0,8.0,137.0,5.0,2,4500,0,0,0,0,0,1
CF,D332D,40.303967,-3.384992,0,PDT,332.0,3.5,152.0,5.0,2,6200,0,0,0,0,0,1
CF,D051L,40.378186,-3.152561,1,PDT,51.0,11.7,51.0,10.0,0,0,0,0,0,0,0,1
CF,D168R,40.564575,-3.159072,0,RBO,168.0,17.8,348.0,11.0,2,13000,0,0,0,0,0,0
TF,RBO,40.853861,-3.246639,0, ,0.0,0.0,0.0,0.0,0,0,0,0,0,0,0,0

SID,RBO1E,14L,2
DF,DE14L,40.470008,-3.532581,0, ,0.0,0.0,0,0,0,0,0,0,0,1
VD, ,0,0,0,BRA,0.0,0.0,128.0,10.0,2,4800,0,0,0,0,0,0
CF,D124V,40.268594,-3.155789,0,BRA,124.0,22.0,124.0,12.0,2,7200,0,0,0,0,0,1
CF,D168R,40.564575,-3.159072,1,RBO,168.0,17.8,348.0,16.0,2,13000,0,0,0,0,0,0
TF,RBO,40.853861,-3.246639,0, ,0.0,0.0,0.0,0.0,0,0,0,0,0,0,0,0

SID,RBO1U,14L,5
CF,MD050,40.431672,-3.493711,0,BRA,128.5,3.7,143.0,3.0,2,2600,0,0,0,0,0,0
TF,MD051,40.370964,-3.329161,0, ,0.0,0.0,0.0,0.0,2,5700,0,0,0,0,0,0
TF,RBO,40.853861,-3.246639,0, ,0.0,0.0,0.0,0.0,2,13000,0,0,0,0,0,1

SID,RBO1V,14L,2
FD,RW14L,40.494919,-3.557869,0,PDT,327.5,5.4,143.0,5.4,2,5000,0,0,0,0,0,0
CF,D337D,40.309286,-3.380814,0,PDT,337.0,3.7,157.0,2.0,0,0,0,0,0,0,0,1
CF,D051L,40.378186,-3.152561,1,PDT,51.0,11.7,51.0,10.0,0,0,0,0,0,0,0,1
CF,D168R,40.564575,-3.159072,0,RBO,168.0,17.8,348.0,10.0,2,13000,0,0,0,0,0,0
TF,RBO,40.853861,-3.246639,0, ,0.0,0.0,0.0,0.0,0,0,0,0,0,0,0,0

SID,RBO2D,36R,2
DF,DE36R,40.532622,-3.559381,0, ,0.0,0.0,0,0,0,0,0,0,0,1
VD, ,0,0,0,BRA,0.0,0.0,16.0,5.8,2,2500,0,0,0,0,0,0
CF,RBO,40.853861,-3.246639,0,RBO,0.0,0.0,42.0,21.0,2,12000,0,0,0,0,0,0

SID,RBO2N,36L,2
DF,SSY,40.546417,-3.575194,0, ,0.0,0.0,0,0,0,0,0,0,0,0
TF,D017F,40.636189,-3.541400,0, ,0.0,0.0,0.0,0.0,0,0,0,0,0,0,0,0
TF,D005L,40.668783,-3.539192,0, ,0.0,0.0,0.0,0.0,0,0,0,0,0,0,0,1
CF,RBO,40.853861,-3.246639,0,BRA,32.5,27.1,57.0,16.0,2,12000,0,0,0,0,0,0

SID,RBO2R,36R,5
CA,0,1.0,2,2400,0,0,0,0,0,0
CF,MD047,40.593639,-3.538222,0,SSY,31.8,3.3,16.0,4.0,2,2900,0,0,0,0,0,0
TF,RBO,40.853861,-3.246639,0, ,0.0,0.0,0.0,0.0,2,12000,0,0,0,0,0,1

SID,RBO5W,36R,2
FD,RW36R,40.501103,-3.559208,0,BRA,358.7,5.0,1.0,5.0,0,0,0,0,0,0,0,0
CF,D001G,40.585883,-3.557528,0,BRA,0.0,7.0,1.0,2.0,0,0,0,0,0,0,0,0
TF,D017F,40.636189,-3.541400,0, ,0.0,0.0,0.0,0.0,2,4500,0,0,0,0,0,0
TF,RBO,40.853861,-3.246639,0, ,0.0,0.0,0.0,0.0,2,12000,0,1,205,0,0,0

SID,SIE1E,14L,2
DF,DE14L,40.470008,-3.532581,0, ,0.0,0.0,0,0,0,0,0,0,0,1
VD, ,0,0,0,BRA,0.0,0.0,128.0,10.0,2,4800,0,0,0,0,0,0
CF,D124V,40.268594,-3.155789,0,BRA,124.0,22.0,124.0,12.0,2,7200,0,0,0,0,0,1
CF,D168R,40.564575,-3.159072,1,RBO,168.0,17.8,348.0,16.0,2,13000,0,0,0,0,0,0
TF,RBO,40.853861,-3.246639,0, ,0.0,0.0,0.0,0.0,0,0,0,0,0,0,0,0
TF,SIE,41.151694,-3.604667,0, ,0.0,0.0,0.0,0.0,0,0,0,0,0,0,0,0

SID,SIE1K,36L,2
DF,SSY,40.546417,-3.575194,0, ,0.0,0.0,0,0,0,0,0,0,0,0
TF,D001C,40.591447,-3.575194,0, ,0.0,0.0,0.0,0.0,0,0,0,0,0,0,0,0
VI,0, ,0.0,26.0,0,0,0,0,0,0,0,0
CF,D001U,40.819372,-3.557528,0,BRA,0.0,21.0,1.0,13.0,2,8000,0,0,0,0,0,0
TF,D001Z,40.902756,-3.557528,0, ,0.0,0.0,0.0,0.0,2,9000,0,0,0,0,0,0
TF,SIE,41.151694,-3.604667,0, ,0.0,0.0,0.0,0.0,2,12000,0,0,0,0,0,0

SID,SIE1N,36L,2
DF,SSY,40.546417,-3.575194,0, ,0.0,0.0,0,0,0,0,0,0,0,0
FD,SSY,40.546417,-3.575194,0,SSY,0.0,5.6,17.0,5.6,0,0,0,0,0,0,0,0
CF,D005Q,40.751967,-3.531519,0,BRA,5.0,17.0,5.0,7.0,2,6500,0,0,0,0,0,0
TF,D173O,40.903969,-3.558778,0, ,0.0,0.0,0.0,0.0,2,9000,0,0,0,0,0,0
TF,SIE,41.151694,-3.604667,0, ,0.0,0.0,0.0,0.0,2,12000,0,0,0,0,0,0

SID,SIE1S,14R,5
CA,0,143.0,2,2400,0,0,0,0,0,0
DF,MD030,40.284083,-3.372833,0, ,0.0,0.0,2,6200,0,0,0,0,0,0
TF,MD031,40.196306,-3.424444,0, ,0.0,0.0,0.0,0.0,2,7500,0,0,0,0,0,0
TF,MD045,40.256300,-3.835625,0, ,0.0,0.0,0.0,0.0,2,12000,0,0,0,0,0,0
TF,CNR,40.645972,-3.735833,0, ,0.0,0.0,0.0,0.0,2,13000,0,0,0,0,0,1
TF,SIE,41.151694,-3.604667,0, ,0.0,0.0,0.0,0.0,2,13000,0,0,0,0,0,1

SID,SIE1T,36L,2
DF,SSY,40.546417,-3.575194,0, ,0.0,0.0,0,0,0,0,0,0,0,1
VI,0, ,0.0,291.0,0,0,0,1,240,0,0,0
FD,SSY,40.546417,-3.575194,0,SSY,0.0,5.7,321.0,5.7,2,5200,0,0,0,0,0,0
CF,SIE,41.151694,-3.604667,0,SIE,0.0,0.0,7.0,32.0,2,12000,0,0,0,0,0,0

SID,SIE1U,14L,5
CF,MD050,40.431672,-3.493711,0,BRA,128.5,3.7,143.0,3.0,2,2600,0,0,0,0,0,0
TF,MD051,40.370964,-3.329161,0, ,0.0,0.0,0.0,0.0,2,5700,0,0,0,0,0,0
TF,RBO,40.853861,-3.246639,0, ,0.0,0.0,0.0,0.0,2,13000,0,0,0,0,0,1
TF,SIE,41.151694,-3.604667,0, ,0.0,0.0,0.0,0.0,2,13000,0,0,0,0,0,1

SID,SIE2Q,14R,2
CD, ,0,0,0,BRA,0,0.0,143.0,4.1,0,0,0,0,0,0,0,0
CF,D324E,40.324822,-3.418844,0,PDT,324.0,5.4,144.0,7.0,2,5000,0,0,0,0,0,1
CF,D100X,40.303303,-3.733350,2,BRA,220.1,12.8,280.0,14.0,0,0,0,0,0,0,0,1
VI,0, ,0.0,327.0,0,0,0,0,0,0,0,0
CF,CNR,40.645972,-3.735833,0,CNR,0.0,0.0,12.0,19.0,0,0,0,0,0,0,0,0
TF,SIE,41.151694,-3.604667,0, ,0.0,0.0,0.0,0.0,2,12000,0,0,0,0,0,0

SID,SIE2W,36R,2
FD,RW36R,40.501103,-3.559208,0,BRA,358.7,5.0,1.0,5.0,0,0,0,0,0,0,0,0
CF,D001G,40.585883,-3.557528,0,BRA,0.0,7.0,1.0,2.0,0,0,0,0,0,0,0,0
TF,D017F,40.636189,-3.541400,0, ,0.0,0.0,0.0,0.0,2,4500,0,0,0,0,0,0
CF,D177X,40.752417,-3.567950,0,SIE,177.0,24.0,357.0,6.0,2,6500,0,1,205,0,0,0
TF,D177O,40.902150,-3.581667,0, ,0.0,0.0,0.0,0.0,2,9000,0,0,0,0,0,0
TF,SIE,41.151694,-3.604667,0, ,0.0,0.0,0.0,0.0,2,12000,0,0,0,0,0,0

SID,SIE3B,14R,2
DF,DE14R,40.456478,-3.547192,0, ,0.0,0.0,0,0,0,0,0,0,0,1
VD, ,0,0,0,BRA,0.0,0.0,129.0,2.4,2,2400,0,0,0,0,0,0
CF,D137H,40.373094,-3.436339,0,BRA,137.0,8.0,137.0,6.0,2,4500,0,0,0,0,0,1
VI,2, ,0.0,235.0,0,0,0,0,0,0,0,0
CF,D100X,40.303303,-3.733350,0,PDT,280.8,18.0,280.0,11.0,0,0,0,0,0,0,0,1
VI,0, ,0.0,327.0,0,0,0,0,0,0,0,0
CF,CNR,40.645972,-3.735833,0,CNR,0.0,0.0,12.0,19.0,0,0,0,0,0,0,0,0
TF,SIE,41.151694,-3.604667,0, ,0.0,0.0,0.0,0.0,2,12000,0,0,0,0,0,0

SID,SIE3V,14L,2
CD, ,0,0,0,PDT,0,0.0,143.0,5.4,2,5000,0,0,0,0,0,0
CF,D100X,40.303303,-3.733350,2,NVS,100.2,24.0,280.0,14.0,0,0,0,0,0,0,0,1
VI,0, ,0.0,327.0,0,0,0,0,0,0,0,0
CF,CNR,40.645972,-3.735833,0,CNR,0.0,0.0,12.0,19.0,0,0,0,0,0,0,0,0
TF,SIE,41.151694,-3.604667,0, ,0.0,0.0,0.0,0.0,2,12000,0,0,0,0,0,0

SID,SIE4L,36L,5
CF,SSY,40.546417,-3.575194,0,SSY,0.0,0.0,1.0,1.0,2,2400,0,1,205,0,0,1
TF,MD039,40.640436,-3.678783,0, ,0.0,0.0,0.0,0.0,2,5200,0,1,210,0,0,0
TF,SIE,41.151694,-3.604667,0, ,0.0,0.0,0.0,0.0,2,12000,0,0,0,0,0,1

SID,VTB1D,36R,2
DF,DE36R,40.532622,-3.559381,0, ,0.0,0.0,0,0,0,0,0,0,0,1
VD, ,0,0,0,BRA,0.0,0.0,16.0,5.8,2,2600,0,0,0,0,0,0
CF,D222J,40.727906,-3.390461,0,RBO,222.0,10.0,42.0,12.0,2,7000,0,0,0,0,0,1
VI,2, ,0.0,143.0,0,0,0,1,230,0,0,0
CF,PDT,40.252917,-3.348028,0,PDT,0.0,0.0,188.0,28.0,2,13000,0,0,0,0,0,0
TF,VTB,39.780750,-3.464028,0, ,0.0,0.0,0.0,0.0,0,0,0,0,0,0,0,0

SID,VTB1K,36L,2
DF,SSY,40.546417,-3.575194,0, ,0.0,0.0,0,0,0,0,0,0,0,0
TF,D001C,40.591447,-3.575194,0, ,0.0,0.0,0.0,0.0,0,0,0,0,0,0,0,0
VI,0, ,0.0,26.0,0,0,0,0,0,0,0,0
CF,BRA15,40.719306,-3.557528,0,BRA,0.0,15.0,1.0,7.0,2,6500,0,0,0,0,0,0
VI,0, ,0.0,304.0,0,0,0,0,0,0,0,0
CF,D259U,40.776608,-3.696261,0,RBO,258.4,21.0,259.0,4.0,2,9700,0,0,0,0,0,0
VI,0, ,0.0,210.0,0,0,0,0,0,0,0,0
CF,D308L,40.590208,-3.768614,0,BRA,308.0,12.1,165.0,5.0,0,0,0,0,0,0,0,0
TF,BRA,40.469139,-3.557528,0, ,0.0,0.0,0.0,0.0,0,0,0,0,0,0,0,0
TF,VTB,39.780750,-3.464028,0, ,0.0,0.0,0.0,0.0,2,12000,0,0,0,0,0,0

SID,VTB1N,36L,2
DF,SSY,40.546417,-3.575194,0, ,0.0,0.0,0,0,0,0,0,0,0,0
TF,D017F,40.636189,-3.541400,0, ,0.0,0.0,0.0,0.0,0,0,0,0,0,0,0,0
TF,D005L,40.668783,-3.539192,0, ,0.0,0.0,0.0,0.0,0,0,0,0,0,0,0,1
CF,D237J,40.760458,-3.428472,0,BRA,19.6,18.4,57.0,7.0,2,7000,0,0,0,0,0,0
VI,0, ,0.0,143.0,0,0,0,0,0,0,0,0
CF,PDT,40.252917,-3.348028,0,PDT,0.0,0.0,188.0,26.0,2,13000,0,0,0,0,0,0
TF,VTB,39.780750,-3.464028,0, ,0.0,0.0,0.0,0.0,0,0,0,0,0,0,0,0

SID,VTB1S,14R,5
CA,0,143.0,2,2400,0,0,0,0,0,0
DF,MD030,40.284083,-3.372833,0, ,0.0,0.0,2,6200,0,0,0,0,0,0
TF,MD031,40.196306,-3.424444,0, ,0.0,0.0,0.0,0.0,2,7600,0,0,0,0,0,0
TF,VTB,39.780750,-3.464028,0, ,0.0,0.0,0.0,0.0,2,13000,0,0,0,0,0,1

SID,VTB1T,36L,2
DF,SSY,40.546417,-3.575194,0, ,0.0,0.0,0,0,0,0,0,0,0,0
VI,0, ,0.0,291.0,0,0,0,1,230,0,0,0
FD,SSY,40.546417,-3.575194,0,SSY,0.0,6.8,321.0,6.8,2,5600,0,0,0,0,0,0
CF,BRA,40.469139,-3.557528,1,BRA,0.0,0.0,128.0,11.0,2,12000,0,1,230,0,0,0
TF,VTB,39.780750,-3.464028,0, ,0.0,0.0,0.0,0.0,2,13000,0,0,0,0,0,0

SID,VTB1X,36L,5
CF,MD016,40.600139,-3.575222,0,SSY,0.0,3.2,1.0,4.1,2,3600,0,0,0,0,0,0
TF,MD017,40.629056,-3.557528,0, ,0.0,0.0,0.0,0.0,2,4300,0,0,0,0,0,1
TF,MD040,40.800694,-3.557647,0, ,0.0,0.0,0.0,0.0,2,8000,0,0,0,0,0,0
TF,MD042,40.753217,-3.830497,0, ,0.0,0.0,0.0,0.0,2,12000,0,0,0,0,0,0
TF,MD043,40.589692,-3.768017,0, ,0.0,0.0,0.0,0.0,2,13000,0,0,0,0,0,0
TF,BRA,40.469139,-3.557528,0, ,0.0,0.0,0.0,0.0,2,13000,0,0,0,0,0,0
TF,VTB,39.780750,-3.464028,0, ,0.0,0.0,0.0,0.0,2,13000,0,0,0,0,0,1

SID,VTB2B,14R,2
DF,DE14R,40.456478,-3.547192,0, ,0.0,0.0,0,0,0,0,0,0,0,1
VD, ,0,0,0,BRA,0.0,0.0,129.0,2.4,2,2400,0,0,0,0,0,0
CF,D137H,40.373094,-3.436339,0,BRA,137.0,8.0,137.0,5.0,2,4500,0,0,0,0,0,1
CF,PDT,40.252917,-3.348028,0,PDT,0.0,0.0,152.0,8.0,2,7000,0,0,0,0,0,0
TF,VTB,39.780750,-3.464028,0, ,0.0,0.0,0.0,0.0,2,10000,0,0,0,0,0,0

SID,VTB2Q,14R,2
CD, ,0,0,0,BRA,0,0.0,143.0,4.1,0,0,0,0,0,0,0,0
CF,PDT,40.252917,-3.348028,0,PDT,0.0,0.0,144.0,12.0,2,7000,0,0,0,0,0,0
TF,VTB,39.780750,-3.464028,0, ,0.0,0.0,0.0,0.0,2,10000,0,0,0,0,0,0

SID,VTB2V,14L,2
FD,RW14L,40.494919,-3.557869,0,PDT,327.5,5.4,143.0,5.4,2,5000,0,0,0,0,0,0
CF,PDT,40.252917,-3.348028,0,PDT,0.0,0.0,157.0,5.0,0,0,0,0,0,0,0,0
TF,VTB,39.780750,-3.464028,0, ,0.0,0.0,0.0,0.0,2,10000,0,0,0,0,0,0

SID,VTB4L,36L,5
CF,SSY,40.546417,-3.575194,0,SSY,0.0,0.0,1.0,1.0,2,2400,0,1,205,0,0,1
TF,MD012,40.663083,-3.703861,0, ,0.0,0.0,0.0,0.0,2,5400,0,1,210,0,0,0
TF,MD041,40.607686,-3.799508,0, ,0.0,0.0,0.0,0.0,2,6400,0,1,240,0,0,0
TF,BRA,40.469139,-3.557528,1, ,0.0,0.0,0.0,0.0,2,12000,0,0,0,0,0,0
TF,VTB,39.780750,-3.464028,0, ,0.0,0.0,0.0,0.0,2,13000,0,0,0,0,0,1

SID,VTB6W,36R,2
FD,RW36R,40.501103,-3.559208,0,BRA,358.7,5.0,1.0,5.0,0,0,0,0,0,0,0,0
CD, ,0,0,0,BRA,0,0.0,1.0,7.0,0,0,0,0,0,0,0,0
CD, ,0,0,0,SSY,0,0.0,17.0,5.6,2,4500,0,0,0,0,0,0
CF,D227J,40.737900,-3.404358,0,BRA,24.4,17.6,47.0,9.0,2,7000,0,1,205,0,0,1
VI,2, ,0.0,143.0,0,0,0,0,0,0,0,0
CF,PDT,40.252917,-3.348028,0,PDT,0.0,0.0,188.0,27.0,2,13000,0,0,0,0,0,0
TF,VTB,39.780750,-3.464028,0, ,0.0,0.0,0.0,0.0,0,0,0,0,0,0,0,0

SID,ZMR1K,36L,2
DF,SSY,40.546417,-3.575194,0, ,0.0,0.0,0,0,0,0,0,0,0,0
TF,D001C,40.591447,-3.575194,0, ,0.0,0.0,0.0,0.0,0,0,0,0,0,0,0,0
VI,0, ,0.0,26.0,0,0,0,0,0,0,0,0
CF,D001U,40.819372,-3.557528,0,BRA,0.0,21.0,1.0,13.0,2,8000,0,0,0,0,0,0
TF,D001Z,40.902756,-3.557528,0, ,0.0,0.0,0.0,0.0,2,9000,0,0,0,0,0,0
TF,SIE,41.151694,-3.604667,0, ,0.0,0.0,0.0,0.0,2,12000,0,0,0,0,0,0
TF,ORBIS,41.265722,-4.195333,0, ,0.0,0.0,0.0,0.0,0,0,0,0,0,0,0,0
TF,ZMR,41.530194,-5.639694,0, ,0.0,0.0,0.0,0.0,0,0,0,0,0,0,0,0

SID,ZMR1N,36L,2
DF,SSY,40.546417,-3.575194,0, ,0.0,0.0,0,0,0,0,0,0,0,0
FD,SSY,40.546417,-3.575194,0,SSY,0.0,5.6,17.0,5.6,0,0,0,0,0,0,0,0
CF,D005Q,40.751967,-3.531519,0,BRA,5.0,17.0,5.0,7.0,2,6500,0,0,0,0,0,0
TF,D173O,40.903969,-3.558778,0, ,0.0,0.0,0.0,0.0,2,9000,0,0,0,0,0,0
TF,SIE,41.151694,-3.604667,0, ,0.0,0.0,0.0,0.0,2,12000,0,0,0,0,0,0
TF,ORBIS,41.265722,-4.195333,0, ,0.0,0.0,0.0,0.0,0,0,0,0,0,0,0,0
TF,ZMR,41.530194,-5.639694,0, ,0.0,0.0,0.0,0.0,0,0,0,0,0,0,0,0

SID,ZMR1S,14R,5
CA,0,143.0,2,2400,0,0,0,0,0,0
DF,MD030,40.284083,-3.372833,0, ,0.0,0.0,2,6200,0,0,0,0,0,0
TF,MD031,40.196306,-3.424444,0, ,0.0,0.0,0.0,0.0,2,6800,0,0,0,0,0,0
TF,MD033,40.302944,-4.162806,0, ,0.0,0.0,0.0,0.0,2,13000,0,0,0,0,0,0
TF,ZMR,41.530194,-5.639694,0, ,0.0,0.0,0.0,0.0,2,13000,0,0,0,0,0,1

SID,ZMR1T,36L,2
DF,SSY,40.546417,-3.575194,0, ,0.0,0.0,0,0,0,0,0,0,0,1
VI,0, ,0.0,291.0,0,0,0,1,240,0,0,0
FD,SSY,40.546417,-3.575194,0,SSY,0.0,5.7,321.0,5.7,2,5200,0,0,0,0,0,0
CF,SIE,41.151694,-3.604667,0,SIE,0.0,0.0,7.0,32.0,2,12000,0,0,0,0,0,0
TF,ORBIS,41.265722,-4.195333,0, ,0.0,0.0,0.0,0.0,0,0,0,0,0,0,0,0
TF,ZMR,41.530194,-5.639694,0, ,0.0,0.0,0.0,0.0,0,0,0,0,0,0,0,0

SID,ZMR2B,14R,2
DF,DE14R,40.456478,-3.547192,0, ,0.0,0.0,0,0,0,0,0,0,0,1
VD, ,0,0,0,BRA,0.0,0.0,129.0,2.4,2,2400,0,0,0,0,0,0
CF,D137H,40.373094,-3.436339,0,BRA,137.0,8.0,137.0,5.0,2,4500,0,0,0,0,0,1
VI,2, ,0.0,235.0,0,0,0,0,0,0,0,0
CF,NVS,40.368667,-4.249417,0,NVS,0.0,0.0,280.0,35.0,2,8000,0,0,0,0,0,0
TF,ZMR,41.530194,-5.639694,0, ,0.0,0.0,0.0,0.0,2,13000,0,0,0,0,0,0

SID,ZMR2Q,14R,2
CD, ,0,0,0,BRA,0,0.0,143.0,4.1,0,0,0,0,0,0,0,0
CF,D324E,40.324822,-3.418844,0,PDT,324.0,5.4,144.0,7.0,2,5000,0,0,0,0,0,1
CF,NVS,40.368667,-4.249417,2,NVS,0.0,0.0,280.0,38.0,2,8000,0,0,0,0,0,0
TF,ZMR,41.530194,-5.639694,0, ,0.0,0.0,0.0,0.0,2,13000,0,0,0,0,0,0

SID,ZMR2V,14L,2
FD,RW14L,40.494919,-3.557869,0,PDT,327.5,5.4,143.0,5.4,2,5000,0,0,0,0,0,0
CF,NVS,40.368667,-4.249417,2,NVS,0.0,0.0,280.0,38.0,2,8000,0,0,0,0,0,0
TF,ZMR,41.530194,-5.639694,0, ,0.0,0.0,0.0,0.0,2,13000,0,0,0,0,0,0

SID,ZMR2W,36R,2
DF,DE36R,40.532622,-3.559381,0, ,0.0,0.0,0,0,0,0,0,0,0,1
VD, ,0,0,0,BRA,0.0,0.0,1.0,5.0,0,0,0,0,0,0,0,0
CD, ,0,0,0,BRA,0,0.0,1.0,7.0,0,0,0,0,0,0,0,0
CD, ,0,0,0,SSY,0,0.0,17.0,5.6,2,4500,0,0,0,0,0,0
CF,D177X,40.752417,-3.567950,0,BRA,359.4,17.0,357.0,6.0,2,6500,0,1,205,0,0,0
TF,D177O,40.902150,-3.581667,0, ,0.0,0.0,0.0,0.0,2,9000,0,0,0,0,0,0
TF,SIE,41.151694,-3.604667,0, ,0.0,0.0,0.0,0.0,2,12000,0,0,0,0,0,0
TF,ORBIS,41.265722,-4.195333,0, ,0.0,0.0,0.0,0.0,0,0,0,0,0,0,0,0
TF,ZMR,41.530194,-5.639694,0, ,0.0,0.0,0.0,0.0,0,0,0,0,0,0,0,0

SID,ZMR2X,36L,5
CF,MD016,40.600139,-3.575222,0,SSY,0.0,3.2,1.0,4.1,2,3600,0,0,0,0,0,0
TF,MD017,40.629056,-3.557528,0, ,0.0,0.0,0.0,0.0,2,4300,0,0,0,0,0,1
TF,MD025,40.737917,-3.557611,0, ,0.0,0.0,0.0,0.0,2,7200,0,0,0,0,0,0
TF,DISKO,41.015250,-4.223250,0, ,0.0,0.0,0.0,0.0,2,12000,0,0,0,0,0,1
TF,ZMR,41.530194,-5.639694,0, ,0.0,0.0,0.0,0.0,2,13000,0,0,0,0,0,1

SID,ZMR5L,36L,5
CF,SSY,40.546417,-3.575194,0,SSY,0.0,0.0,1.0,1.0,2,2400,0,1,205,0,0,1
TF,MD039,40.640436,-3.678783,0, ,0.0,0.0,0.0,0.0,2,5200,0,1,210,0,0,0
TF,MD044,40.780392,-3.658608,0, ,0.0,0.0,0.0,0.0,2,7600,0,0,0,0,0,0
TF,DISKO,41.015250,-4.223250,0, ,0.0,0.0,0.0,0.0,2,12000,0,0,0,0,0,1
TF,ZMR,41.530194,-5.639694,0, ,0.0,0.0,0.0,0.0,2,13000,0,0,0,0,0,1

STAR,ADUX1D,32L,5
IF,ADUXO,40.512333,-2.064278, ,0.0,0.0,3,21000,0,0,0,0,0,0
TF,MD001,40.391667,-2.322222,0, ,0.0,0.0,0.0,0.0,0,0,0,1,250,0,0,0
TF,SIRGU,40.260500,-2.600139,0, ,0.0,0.0,0.0,0.0,3,14000,0,1,220,0,0,0
TF,ASBIN,40.255083,-3.176333,0, ,0.0,0.0,0.0,0.0,0,0,0,1,220,0,0,0

STAR,ADUX1D,32R,5
IF,ADUXO,40.512333,-2.064278, ,0.0,0.0,3,21000,0,0,0,0,0,0
TF,MD001,40.391667,-2.322222,0, ,0.0,0.0,0.0,0.0,0,0,0,1,250,0,0,0
TF,SIRGU,40.260500,-2.600139,0, ,0.0,0.0,0.0,0.0,3,14000,0,1,220,0,0,0
TF,ASBIN,40.255083,-3.176333,0, ,0.0,0.0,0.0,0.0,0,0,0,1,220,0,0,0

STAR,ADUX1J,32L,5
IF,ADUXO,40.512333,-2.064278, ,0.0,0.0,0,0,0,0,0,0,0,0
TF,MD001,40.391667,-2.322222,0, ,0.0,0.0,0.0,0.0,0,0,0,0,0,0,0,1
TF,SIRGU,40.260500,-2.600139,0, ,0.0,0.0,0.0,0.0,0,0,0,0,0,0,0,0
TF,ASBIN,40.255083,-3.176333,0, ,0.0,0.0,0.0,0.0,0,0,0,0,0,0,0,0

STAR,ADUX1J,32R,5
IF,ADUXO,40.512333,-2.064278, ,0.0,0.0,0,0,0,0,0,0,0,0
TF,MD001,40.391667,-2.322222,0, ,0.0,0.0,0.0,0.0,0,0,0,0,0,0,0,1
TF,SIRGU,40.260500,-2.600139,0, ,0.0,0.0,0.0,0.0,0,0,0,0,0,0,0,0
TF,ASBIN,40.255083,-3.176333,0, ,0.0,0.0,0.0,0.0,0,0,0,0,0,0,0,0

STAR,ADUX6B,18L,5
IF,ADUXO,40.512333,-2.064278, ,0.0,0.0,2,15000,0,0,0,0,0,0
TF,MD505,40.441306,-2.308444,0, ,0.0,0.0,0.0,0.0,2,15000,0,1,250,0,0,0
TF,NOSKO,40.656333,-2.816722,0, ,0.0,0.0,0.0,0.0,2,10000,0,1,220,0,0,0
TF,RBO,40.853861,-3.246639,0, ,0.0,0.0,0.0,0.0,0,0,0,1,220,0,0,0
TF,LULER,40.913972,-3.378333,0, ,0.0,0.0,0.0,0.0,4,9000,8000,1,220,0,0,0

STAR,ADUX6B,18R,5
IF,ADUXO,40.512333,-2.064278, ,0.0,0.0,2,15000,0,0,0,0,0,0
TF,MD505,40.441306,-2.308444,0, ,0.0,0.0,0.0,0.0,2,15000,0,1,250,0,0,0
TF,NOSKO,40.656333,-2.816722,0, ,0.0,0.0,0.0,0.0,2,10000,0,1,220,0,0,0
TF,RBO,40.853861,-3.246639,0, ,0.0,0.0,0.0,0.0,0,0,0,1,220,0,0,0
TF,LULER,40.913972,-3.378333,0, ,0.0,0.0,0.0,0.0,4,9000,8000,1,220,0,0,0

STAR,BAN2J,32L,2
IF,BAN,41.323556,-2.629778, ,0.0,0.0,2,12000,0,0,0,0,0,0
TF,PINAR,40.980306,-2.599167,0, ,0.0,0.0,0.0,0.0,0,0,0,0,0,0,0,0
TF,BAN30,40.829397,-2.585808,0, ,0.0,0.0,0.0,0.0,0,0,0,0,0,0,0,0
TF,NOSKO,40.656333,-2.816722,0, ,0.0,0.0,0.0,0.0,0,0,0,0,0,0,0,0
TF,PDT30,40.599919,-2.891597,0, ,0.0,0.0,0.0,0.0,0,0,0,0,0,0,0,0
TF,VTB44,40.420522,-3.018375,0, ,0.0,0.0,0.0,0.0,0,0,0,0,0,0,0,0
TF,VTB34,40.283892,-3.114356,0, ,0.0,0.0,0.0,0.0,0,0,0,0,0,0,0,1
CF,ASBIN,40.255083,-3.176333,0,PDT,90.0,7.9,270.0,3.0,0,0,0,0,0,0,0,0

STAR,BAN2J,32R,2
IF,BAN,41.323556,-2.629778, ,0.0,0.0,2,12000,0,0,0,0,0,0
TF,PINAR,40.980306,-2.599167,0, ,0.0,0.0,0.0,0.0,0,0,0,0,0,0,0,0
TF,BAN30,40.829397,-2.585808,0, ,0.0,0.0,0.0,0.0,0,0,0,0,0,0,0,0
TF,NOSKO,40.656333,-2.816722,0, ,0.0,0.0,0.0,0.0,0,0,0,0,0,0,0,0
TF,PDT30,40.599919,-2.891597,0, ,0.0,0.0,0.0,0.0,0,0,0,0,0,0,0,0
TF,VTB44,40.420522,-3.018375,0, ,0.0,0.0,0.0,0.0,0,0,0,0,0,0,0,0
TF,VTB34,40.283892,-3.114356,0, ,0.0,0.0,0.0,0.0,0,0,0,0,0,0,0,1
CF,ASBIN,40.255083,-3.176333,0,PDT,90.0,7.9,270.0,3.0,0,0,0,0,0,0,0,0

STAR,BANE2D,32L,5
IF,BANEV,41.502611,-2.514528, ,0.0,0.0,2,15000,0,0,0,0,0,0
TF,BAN,41.323556,-2.629778,0, ,0.0,0.0,0.0,0.0,2,15000,0,1,250,0,0,0
TF,PINAR,40.980306,-2.599167,0, ,0.0,0.0,0.0,0.0,0,0,0,0,0,0,0,0
TF,BAN30,40.829397,-2.585808,0, ,0.0,0.0,0.0,0.0,0,0,0,0,0,0,0,0
TF,NOSKO,40.656333,-2.816722,0, ,0.0,0.0,0.0,0.0,0,0,0,0,0,0,0,0
TF,PDT30,40.599919,-2.891597,0, ,0.0,0.0,0.0,0.0,0,0,0,0,0,0,0,0
TF,VTB44,40.420522,-3.018375,0, ,0.0,0.0,0.0,0.0,0,0,0,0,0,0,0,0
TF,VTB34,40.283892,-3.114356,0, ,0.0,0.0,0.0,0.0,0,0,0,0,0,0,0,1
CF,ASBIN,40.255083,-3.176333,0,PDT,90.0,7.9,270.0,3.0,0,0,0,0,0,0,0,0

STAR,BANE2D,32R,5
IF,BANEV,41.502611,-2.514528, ,0.0,0.0,2,15000,0,0,0,0,0,0
TF,BAN,41.323556,-2.629778,0, ,0.0,0.0,0.0,0.0,2,15000,0,1,250,0,0,0
TF,PINAR,40.980306,-2.599167,0, ,0.0,0.0,0.0,0.0,0,0,0,0,0,0,0,0
TF,BAN30,40.829397,-2.585808,0, ,0.0,0.0,0.0,0.0,0,0,0,0,0,0,0,0
TF,NOSKO,40.656333,-2.816722,0, ,0.0,0.0,0.0,0.0,0,0,0,0,0,0,0,0
TF,PDT30,40.599919,-2.891597,0, ,0.0,0.0,0.0,0.0,0,0,0,0,0,0,0,0
TF,VTB44,40.420522,-3.018375,0, ,0.0,0.0,0.0,0.0,0,0,0,0,0,0,0,0
TF,VTB34,40.283892,-3.114356,0, ,0.0,0.0,0.0,0.0,0,0,0,0,0,0,0,1
CF,ASBIN,40.255083,-3.176333,0,PDT,90.0,7.9,270.0,3.0,0,0,0,0,0,0,0,0

STAR,BANE3B,18L,5
IF,BANEV,41.502611,-2.514528, ,0.0,0.0,2,15000,0,0,0,0,0,0
TF,BAN,41.323556,-2.629778,0, ,0.0,0.0,0.0,0.0,2,15000,0,1,250,0,0,0
TF,VENUX,41.200250,-2.857389,0, ,0.0,0.0,0.0,0.0,2,12000,0,1,220,0,0,0
TF,LULER,40.913972,-3.378333,0, ,0.0,0.0,0.0,0.0,4,9000,8000,1,220,0,0,0

STAR,BANE3B,18R,5
IF,BANEV,41.502611,-2.514528, ,0.0,0.0,2,15000,0,0,0,0,0,0
TF,BAN,41.323556,-2.629778,0, ,0.0,0.0,0.0,0.0,2,15000,0,1,250,0,0,0
TF,VENUX,41.200250,-2.857389,0, ,0.0,0.0,0.0,0.0,2,12000,0,1,220,0,0,0
TF,LULER,40.913972,-3.378333,0, ,0.0,0.0,0.0,0.0,4,9000,8000,1,220,0,0,0

STAR,MORA1J,32L,2
IF,MORAL,39.000000,-3.542167, ,0.0,0.0,0,0,0,0,0,0,0,0
TF,D148X,39.627997,-4.054303,0, ,0.0,0.0,0.0,0.0,0,0,0,0,0,0,0,0
VI,0, ,0.0,2.0,0,0,0,0,0,0,0,0
CF,BUREX,39.811056,-3.939306,0,PDT,227.0,38.0,47.0,8.0,0,0,0,0,0,0,0,0
TF,D227R,40.044017,-3.629022,0, ,0.0,0.0,0.0,0.0,0,0,0,0,0,0,0,0
TF,TOBEK,40.196306,-3.424444,0, ,0.0,0.0,0.0,0.0,0,0,0,0,0,0,0,0

STAR,MORA1J,32R,2
IF,MORAL,39.000000,-3.542167, ,0.0,0.0,0,0,0,0,0,0,0,0
TF,D148X,39.627997,-4.054303,0, ,0.0,0.0,0.0,0.0,0,0,0,0,0,0,0,0
VI,0, ,0.0,2.0,0,0,0,0,0,0,0,0
CF,BUREX,39.811056,-3.939306,0,PDT,227.0,38.0,47.0,8.0,0,0,0,0,0,0,0,0
TF,D227R,40.044017,-3.629022,0, ,0.0,0.0,0.0,0.0,0,0,0,0,0,0,0,0
TF,TOBEK,40.196306,-3.424444,0, ,0.0,0.0,0.0,0.0,0,0,0,0,0,0,0,0

STAR,MORA4C,32L,2
IF,MORAL,39.000000,-3.542167, ,0.0,0.0,0,0,0,0,0,0,0,0
TF,TLD39,39.422511,-3.885508,0, ,0.0,0.0,0.0,0.0,3,21000,0,0,0,0,0,0
TF,TLD29,39.565078,-3.998600,0, ,0.0,0.0,0.0,0.0,0,0,0,1,250,0,0,0
FD,TLD29,39.565078,-3.998600,0,TLD,148.0,24.3,328.0,24.3,0,0,0,0,0,0,0,0
VI,0, ,0.0,17.0,0,0,0,0,0,0,0,0
CF,BUREX,39.811056,-3.939306,0,PDT,227.0,38.0,47.0,7.0,3,14000,0,1,220,0,0,0
TF,D227R,40.044017,-3.629022,0, ,0.0,0.0,0.0,0.0,0,0,0,0,0,0,0,0
TF,TOBEK,40.196306,-3.424444,0, ,0.0,0.0,0.0,0.0,1,5000,0,1,220,0,0,0

STAR,MORA4C,32R,2
IF,MORAL,39.000000,-3.542167, ,0.0,0.0,0,0,0,0,0,0,0,0
TF,TLD39,39.422511,-3.885508,0, ,0.0,0.0,0.0,0.0,3,21000,0,0,0,0,0,0
TF,TLD29,39.565078,-3.998600,0, ,0.0,0.0,0.0,0.0,0,0,0,1,250,0,0,0
FD,TLD29,39.565078,-3.998600,0,TLD,148.0,24.3,328.0,24.3,0,0,0,0,0,0,0,0
VI,0, ,0.0,17.0,0,0,0,0,0,0,0,0
CF,BUREX,39.811056,-3.939306,0,PDT,227.0,38.0,47.0,7.0,3,14000,0,1,220,0,0,0
TF,D227R,40.044017,-3.629022,0, ,0.0,0.0,0.0,0.0,0,0,0,0,0,0,0,0
TF,TOBEK,40.196306,-3.424444,0, ,0.0,0.0,0.0,0.0,1,5000,0,1,220,0,0,0

STAR,MORA6A,18L,5
IF,MORAL,39.000000,-3.542167, ,0.0,0.0,0,0,0,0,0,0,0,0
TF,MD410,39.557694,-3.996333,0, ,0.0,0.0,0.0,0.0,2,20000,0,0,0,0,0,0
TF,TLD,39.969472,-4.337389,0, ,0.0,0.0,0.0,0.0,2,15000,0,1,250,0,0,0
TF,NVS,40.368667,-4.249417,0, ,0.0,0.0,0.0,0.0,2,12000,0,1,250,0,0,0
TF,ETUNI,40.836778,-4.263361,0, ,0.0,0.0,0.0,0.0,2,12000,0,1,220,0,0,0
TF,RILKO,40.978917,-3.796833,0, ,0.0,0.0,0.0,0.0,2,11000,0,1,220,0,0,0

STAR,MORA6A,18R,5
IF,MORAL,39.000000,-3.542167, ,0.0,0.0,0,0,0,0,0,0,0,0
TF,MD410,39.557694,-3.996333,0, ,0.0,0.0,0.0,0.0,2,20000,0,0,0,0,0,0
TF,TLD,39.969472,-4.337389,0, ,0.0,0.0,0.0,0.0,2,15000,0,1,250,0,0,0
TF,NVS,40.368667,-4.249417,0, ,0.0,0.0,0.0,0.0,2,12000,0,1,250,0,0,0
TF,ETUNI,40.836778,-4.263361,0, ,0.0,0.0,0.0,0.0,2,12000,0,1,220,0,0,0
TF,RILKO,40.978917,-3.796833,0, ,0.0,0.0,0.0,0.0,2,11000,0,1,220,0,0,0

STAR,NASO1D,32L,2
IF,NASOS,39.399139,-3.027778, ,0.0,0.0,0,0,0,0,0,0,0,0
TF,CJN32,39.873506,-2.793694,0, ,0.0,0.0,0.0,0.0,3,21000,0,0,0,0,0,0
TF,D202V,40.026997,-2.717206,0, ,0.0,0.0,0.0,0.0,0,0,0,1,250,0,0,0
TF,SIRGU,40.260500,-2.600139,0, ,0.0,0.0,0.0,0.0,3,14000,0,1,220,0,0,0
TF,ASBIN,40.255083,-3.176333,1, ,0.0,0.0,0.0,0.0,0,0,0,1,220,0,0,0

STAR,NASO1D,32R,2
IF,NASOS,39.399139,-3.027778, ,0.0,0.0,0,0,0,0,0,0,0,0
TF,CJN32,39.873506,-2.793694,0, ,0.0,0.0,0.0,0.0,3,21000,0,0,0,0,0,0
TF,D202V,40.026997,-2.717206,0, ,0.0,0.0,0.0,0.0,0,0,0,1,250,0,0,0
TF,SIRGU,40.260500,-2.600139,0, ,0.0,0.0,0.0,0.0,3,14000,0,1,220,0,0,0
TF,ASBIN,40.255083,-3.176333,1, ,0.0,0.0,0.0,0.0,0,0,0,1,220,0,0,0

STAR,NASO1J,32L,2
IF,NASOS,39.399139,-3.027778, ,0.0,0.0,0,0,0,0,0,0,0,0
TF,CJN32,39.873506,-2.793694,0, ,0.0,0.0,0.0,0.0,0,0,0,0,0,0,0,0
TF,SIRGU,40.260500,-2.600139,0, ,0.0,0.0,0.0,0.0,0,0,0,0,0,0,0,0
TF,ASBIN,40.255083,-3.176333,1, ,0.0,0.0,0.0,0.0,0,0,0,0,0,0,0,0

STAR,NASO1J,32R,2
IF,NASOS,39.399139,-3.027778, ,0.0,0.0,0,0,0,0,0,0,0,0
TF,CJN32,39.873506,-2.793694,0, ,0.0,0.0,0.0,0.0,0,0,0,0,0,0,0,0
TF,SIRGU,40.260500,-2.600139,0, ,0.0,0.0,0.0,0.0,0,0,0,0,0,0,0,0
TF,ASBIN,40.255083,-3.176333,1, ,0.0,0.0,0.0,0.0,0,0,0,0,0,0,0,0

STAR,NASO6A,18L,5
IF,NASOS,39.399139,-3.027778, ,0.0,0.0,0,0,0,0,0,0,0,0
TF,MD510,39.589861,-2.934222,0, ,0.0,0.0,0.0,0.0,2,20000,0,0,0,0,0,0
TF,MD500,39.904750,-2.778500,0, ,0.0,0.0,0.0,0.0,2,15000,0,0,0,0,0,0
TF,CJN,40.371972,-2.544611,0, ,0.0,0.0,0.0,0.0,2,10000,0,1,250,0,0,0
TF,NOSKO,40.656333,-2.816722,0, ,0.0,0.0,0.0,0.0,2,10000,0,1,220,0,0,0
TF,RBO,40.853861,-3.246639,0, ,0.0,0.0,0.0,0.0,0,0,0,1,220,0,0,0
TF,LULER,40.913972,-3.378333,0, ,0.0,0.0,0.0,0.0,4,9000,8000,1,220,0,0,0

STAR,NASO6A,18R,5
IF,NASOS,39.399139,-3.027778, ,0.0,0.0,0,0,0,0,0,0,0,0
TF,MD510,39.589861,-2.934222,0, ,0.0,0.0,0.0,0.0,2,20000,0,0,0,0,0,0
TF,MD500,39.904750,-2.778500,0, ,0.0,0.0,0.0,0.0,2,15000,0,0,0,0,0,0
TF,CJN,40.371972,-2.544611,0, ,0.0,0.0,0.0,0.0,2,10000,0,1,250,0,0,0
TF,NOSKO,40.656333,-2.816722,0, ,0.0,0.0,0.0,0.0,2,10000,0,1,220,0,0,0
TF,RBO,40.853861,-3.246639,0, ,0.0,0.0,0.0,0.0,0,0,0,1,220,0,0,0
TF,LULER,40.913972,-3.378333,0, ,0.0,0.0,0.0,0.0,4,9000,8000,1,220,0,0,0

STAR,NONT2A,18L,5
IF,NONTU,41.500306,-4.169000, ,0.0,0.0,2,15000,0,0,0,0,0,0
TF,ORBIS,41.265722,-4.195333,0, ,0.0,0.0,0.0,0.0,2,12000,0,1,250,0,0,0
TF,RILKO,40.978917,-3.796833,0, ,0.0,0.0,0.0,0.0,2,11000,0,1,220,0,0,0

STAR,NONT2A,18R,5
IF,NONTU,41.500306,-4.169000, ,0.0,0.0,2,15000,0,0,0,0,0,0
TF,ORBIS,41.265722,-4.195333,0, ,0.0,0.0,0.0,0.0,2,12000,0,1,250,0,0,0
TF,RILKO,40.978917,-3.796833,0, ,0.0,0.0,0.0,0.0,2,11000,0,1,220,0,0,0

STAR,NONT2C,32L,5
IF,NONTU,41.500306,-4.169000, ,0.0,0.0,2,15000,0,0,0,0,0,0
TF,ORBIS,41.265722,-4.195333,0, ,0.0,0.0,0.0,0.0,2,14000,0,1,250,0,0,0
TF,NVS30,40.868481,-4.219464,0, ,0.0,0.0,0.0,0.0,0,0,0,0,0,0,0,0
TF,D004O,40.618581,-4.234494,0, ,0.0,0.0,0.0,0.0,0,0,0,0,0,0,0,0
TF,NVS,40.368667,-4.249417,0, ,0.0,0.0,0.0,0.0,0,0,0,0,0,0,0,0
TF,D109X,40.242328,-3.746406,0, ,0.0,0.0,0.0,0.0,0,0,0,0,0,0,0,0
TF,NVS36,40.178606,-3.496639,0, ,0.0,0.0,0.0,0.0,0,0,0,0,0,0,0,1
CF,TOBEK,40.196306,-3.424444,0,PDT,227.0,4.9,47.0,2.0,0,0,0,0,0,0,0,0

STAR,NONT2C,32R,5
IF,NONTU,41.500306,-4.169000, ,0.0,0.0,2,15000,0,0,0,0,0,0
TF,ORBIS,41.265722,-4.195333,0, ,0.0,0.0,0.0,0.0,2,14000,0,1,250,0,0,0
TF,NVS30,40.868481,-4.219464,0, ,0.0,0.0,0.0,0.0,0,0,0,0,0,0,0,0
TF,D004O,40.618581,-4.234494,0, ,0.0,0.0,0.0,0.0,0,0,0,0,0,0,0,0
TF,NVS,40.368667,-4.249417,0, ,0.0,0.0,0.0,0.0,0,0,0,0,0,0,0,0
TF,D109X,40.242328,-3.746406,0, ,0.0,0.0,0.0,0.0,0,0,0,0,0,0,0,0
TF,NVS36,40.178606,-3.496639,0, ,0.0,0.0,0.0,0.0,0,0,0,0,0,0,0,1
CF,TOBEK,40.196306,-3.424444,0,PDT,227.0,4.9,47.0,2.0,0,0,0,0,0,0,0,0

STAR,ORBI1J,32L,2
IF,ORBIS,41.265722,-4.195333, ,0.0,0.0,0,0,0,0,0,0,0,0
TF,NVS30,40.868481,-4.219464,0, ,0.0,0.0,0.0,0.0,0,0,0,0,0,0,0,0
TF,NVS,40.368667,-4.249417,0, ,0.0,0.0,0.0,0.0,0,0,0,0,0,0,0,0
TF,D109X,40.242328,-3.746406,0, ,0.0,0.0,0.0,0.0,0,0,0,0,0,0,0,0
TF,NVS36,40.178606,-3.496639,0, ,0.0,0.0,0.0,0.0,0,0,0,0,0,0,0,1
CF,TOBEK,40.196306,-3.424444,0,PDT,227.0,4.9,47.0,2.0,0,0,0,0,0,0,0,0

STAR,ORBI1J,32R,2
IF,ORBIS,41.265722,-4.195333, ,0.0,0.0,0,0,0,0,0,0,0,0
TF,NVS30,40.868481,-4.219464,0, ,0.0,0.0,0.0,0.0,0,0,0,0,0,0,0,0
TF,NVS,40.368667,-4.249417,0, ,0.0,0.0,0.0,0.0,0,0,0,0,0,0,0,0
TF,D109X,40.242328,-3.746406,0, ,0.0,0.0,0.0,0.0,0,0,0,0,0,0,0,0
TF,NVS36,40.178606,-3.496639,0, ,0.0,0.0,0.0,0.0,0,0,0,0,0,0,0,1
CF,TOBEK,40.196306,-3.424444,0,PDT,227.0,4.9,47.0,2.0,0,0,0,0,0,0,0,0

STAR,PRAD2D,32L,2
IF,PRADO,40.147500,-2.010333, ,0.0,0.0,4,21000,10000,0,0,0,0,0
TF,D120N,40.258597,-2.273589,0, ,0.0,0.0,0.0,0.0,0,0,0,1,250,0,0,0
TF,PDT49,40.264011,-2.286472,0, ,0.0,0.0,0.0,0.0,0,0,0,0,0,0,0,0
TF,SIRGU,40.260500,-2.600139,0, ,0.0,0.0,0.0,0.0,3,14000,0,1,220,0,0,0
TF,ASBIN,40.255083,-3.176333,0, ,0.0,0.0,0.0,0.0,0,0,0,1,220,0,0,0

STAR,PRAD2D,32R,2
IF,PRADO,40.147500,-2.010333, ,0.0,0.0,4,21000,10000,0,0,0,0,0
TF,D120N,40.258597,-2.273589,0, ,0.0,0.0,0.0,0.0,0,0,0,1,250,0,0,0
TF,PDT49,40.264011,-2.286472,0, ,0.0,0.0,0.0,0.0,0,0,0,0,0,0,0,0
TF,SIRGU,40.260500,-2.600139,0, ,0.0,0.0,0.0,0.0,3,14000,0,1,220,0,0,0
TF,ASBIN,40.255083,-3.176333,0, ,0.0,0.0,0.0,0.0,0,0,0,1,220,0,0,0

STAR,PRAD2J,32L,2
IF,PRADO,40.147500,-2.010333, ,0.0,0.0,2,10000,0,0,0,0,0,0
TF,PDT49,40.264011,-2.286472,0, ,0.0,0.0,0.0,0.0,0,0,0,0,0,0,0,0
TF,SIRGU,40.260500,-2.600139,0, ,0.0,0.0,0.0,0.0,0,0,0,0,0,0,0,0
TF,ASBIN,40.255083,-3.176333,0, ,0.0,0.0,0.0,0.0,0,0,0,0,0,0,0,0

STAR,PRAD2J,32R,2
IF,PRADO,40.147500,-2.010333, ,0.0,0.0,2,10000,0,0,0,0,0,0
TF,PDT49,40.264011,-2.286472,0, ,0.0,0.0,0.0,0.0,0,0,0,0,0,0,0,0
TF,SIRGU,40.260500,-2.600139,0, ,0.0,0.0,0.0,0.0,0,0,0,0,0,0,0,0
TF,ASBIN,40.255083,-3.176333,0, ,0.0,0.0,0.0,0.0,0,0,0,0,0,0,0,0

STAR,PRAD7E,18L,5
IF,PRADO,40.147500,-2.010333, ,0.0,0.0,2,15000,0,0,0,0,0,0
TF,CJN,40.371972,-2.544611,0, ,0.0,0.0,0.0,0.0,2,15000,0,1,250,0,0,0
TF,NOSKO,40.656333,-2.816722,0, ,0.0,0.0,0.0,0.0,2,10000,0,1,220,0,0,0
TF,RBO,40.853861,-3.246639,0, ,0.0,0.0,0.0,0.0,0,0,0,1,220,0,0,0
TF,LULER,40.913972,-3.378333,0, ,0.0,0.0,0.0,0.0,4,9000,8000,1,220,0,0,0

STAR,PRAD7E,18R,5
IF,PRADO,40.147500,-2.010333, ,0.0,0.0,2,15000,0,0,0,0,0,0
TF,CJN,40.371972,-2.544611,0, ,0.0,0.0,0.0,0.0,2,15000,0,1,250,0,0,0
TF,NOSKO,40.656333,-2.816722,0, ,0.0,0.0,0.0,0.0,2,10000,0,1,220,0,0,0
TF,RBO,40.853861,-3.246639,0, ,0.0,0.0,0.0,0.0,0,0,0,1,220,0,0,0
TF,LULER,40.913972,-3.378333,0, ,0.0,0.0,0.0,0.0,4,9000,8000,1,220,0,0,0

STAR,RIDA1J,32L,2
IF,RIDAV,40.535250,-5.808278, ,0.0,0.0,0,0,0,0,0,0,0,0
TF,TLD,39.969472,-4.337389,0, ,0.0,0.0,0.0,0.0,0,0,0,0,0,0,0,0
TF,D130F,39.907806,-4.238703,0, ,0.0,0.0,0.0,0.0,0,0,0,0,0,0,0,0
TF,D130P,39.802231,-4.070250,0, ,0.0,0.0,0.0,0.0,0,0,0,0,0,0,0,0
VI,0, ,0.0,92.0,0,0,0,0,0,0,0,0
CF,BUREX,39.811056,-3.939306,0,PDT,227.0,38.0,47.0,2.0,0,0,0,0,0,0,0,0
TF,D227R,40.044017,-3.629022,0, ,0.0,0.0,0.0,0.0,0,0,0,0,0,0,0,0
TF,TOBEK,40.196306,-3.424444,0, ,0.0,0.0,0.0,0.0,0,0,0,0,0,0,0,0

STAR,RIDA1J,32R,2
IF,RIDAV,40.535250,-5.808278, ,0.0,0.0,0,0,0,0,0,0,0,0
TF,TLD,39.969472,-4.337389,0, ,0.0,0.0,0.0,0.0,0,0,0,0,0,0,0,0
TF,D130F,39.907806,-4.238703,0, ,0.0,0.0,0.0,0.0,0,0,0,0,0,0,0,0
TF,D130P,39.802231,-4.070250,0, ,0.0,0.0,0.0,0.0,0,0,0,0,0,0,0,0
VI,0, ,0.0,92.0,0,0,0,0,0,0,0,0
CF,BUREX,39.811056,-3.939306,0,PDT,227.0,38.0,47.0,2.0,0,0,0,0,0,0,0,0
TF,D227R,40.044017,-3.629022,0, ,0.0,0.0,0.0,0.0,0,0,0,0,0,0,0,0
TF,TOBEK,40.196306,-3.424444,0, ,0.0,0.0,0.0,0.0,0,0,0,0,0,0,0,0

STAR,RIDA2A,18L,5
IF,RIDAV,40.535250,-5.808278, ,0.0,0.0,2,24500,0,0,0,0,0,0
TF,MD400,41.007111,-5.282306,0, ,0.0,0.0,0.0,0.0,2,24000,0,0,0,0,0,0
TF,USATI,40.960556,-4.611111,0, ,0.0,0.0,0.0,0.0,2,20000,0,1,250,0,0,0
TF,ETUNI,40.836778,-4.263361,0, ,0.0,0.0,0.0,0.0,2,12000,0,1,220,0,0,0
TF,RILKO,40.978917,-3.796833,0, ,0.0,0.0,0.0,0.0,2,11000,0,1,220,0,0,0

STAR,RIDA2A,18R,5
IF,RIDAV,40.535250,-5.808278, ,0.0,0.0,2,24500,0,0,0,0,0,0
TF,MD400,41.007111,-5.282306,0, ,0.0,0.0,0.0,0.0,2,24000,0,0,0,0,0,0
TF,USATI,40.960556,-4.611111,0, ,0.0,0.0,0.0,0.0,2,20000,0,1,250,0,0,0
TF,ETUNI,40.836778,-4.263361,0, ,0.0,0.0,0.0,0.0,2,12000,0,1,220,0,0,0
TF,RILKO,40.978917,-3.796833,0, ,0.0,0.0,0.0,0.0,2,11000,0,1,220,0,0,0

STAR,RIDA3C,32L,2
IF,RIDAV,40.535250,-5.808278, ,0.0,0.0,0,0,0,0,0,0,0,0
TF,D298E,40.007439,-4.433986,0, ,0.0,0.0,0.0,0.0,3,21000,0,0,0,0,0,0
TF,TLD,39.969472,-4.337389,0, ,0.0,0.0,0.0,0.0,0,0,0,0,0,0,0,0
TF,D130F,39.907806,-4.238703,0, ,0.0,0.0,0.0,0.0,0,0,0,1,250,0,0,0
TF,D130P,39.802231,-4.070250,0, ,0.0,0.0,0.0,0.0,0,0,0,0,0,0,0,0
VI,0, ,0.0,92.0,0,0,0,0,0,0,0,0
CF,BUREX,39.811056,-3.939306,0,PDT,227.0,38.0,47.0,2.0,3,14000,0,1,220,0,0,0
TF,D227R,40.044017,-3.629022,0, ,0.0,0.0,0.0,0.0,0,0,0,0,0,0,0,0
TF,TOBEK,40.196306,-3.424444,0, ,0.0,0.0,0.0,0.0,1,5000,0,1,220,0,0,0

STAR,RIDA3C,32R,2
IF,RIDAV,40.535250,-5.808278, ,0.0,0.0,0,0,0,0,0,0,0,0
TF,D298E,40.007439,-4.433986,0, ,0.0,0.0,0.0,0.0,3,21000,0,0,0,0,0,0
TF,TLD,39.969472,-4.337389,0, ,0.0,0.0,0.0,0.0,0,0,0,0,0,0,0,0
TF,D130F,39.907806,-4.238703,0, ,0.0,0.0,0.0,0.0,0,0,0,1,250,0,0,0
TF,D130P,39.802231,-4.070250,0, ,0.0,0.0,0.0,0.0,0,0,0,0,0,0,0,0
VI,0, ,0.0,92.0,0,0,0,0,0,0,0,0
CF,BUREX,39.811056,-3.939306,0,PDT,227.0,38.0,47.0,2.0,3,14000,0,1,220,0,0,0
TF,D227R,40.044017,-3.629022,0, ,0.0,0.0,0.0,0.0,0,0,0,0,0,0,0,0
TF,TOBEK,40.196306,-3.424444,0, ,0.0,0.0,0.0,0.0,1,5000,0,1,220,0,0,0

STAR,SOTU1J,32L,2
IF,SOTUK,39.193667,-4.746389, ,0.0,0.0,0,0,0,0,0,0,0,0
TF,PDT63,39.518797,-4.324061,0, ,0.0,0.0,0.0,0.0,0,0,0,0,0,0,0,0
TF,BUREX,39.811056,-3.939306,0, ,0.0,0.0,0.0,0.0,0,0,0,0,0,0,0,0
TF,D227R,40.044017,-3.629022,0, ,0.0,0.0,0.0,0.0,0,0,0,0,0,0,0,0
TF,TOBEK,40.196306,-3.424444,0, ,0.0,0.0,0.0,0.0,0,0,0,0,0,0,0,0

STAR,SOTU1J,32R,2
IF,SOTUK,39.193667,-4.746389, ,0.0,0.0,0,0,0,0,0,0,0,0
TF,PDT63,39.518797,-4.324061,0, ,0.0,0.0,0.0,0.0,0,0,0,0,0,0,0,0
TF,BUREX,39.811056,-3.939306,0, ,0.0,0.0,0.0,0.0,0,0,0,0,0,0,0,0
TF,D227R,40.044017,-3.629022,0, ,0.0,0.0,0.0,0.0,0,0,0,0,0,0,0,0
TF,TOBEK,40.196306,-3.424444,0, ,0.0,0.0,0.0,0.0,0,0,0,0,0,0,0,0

STAR,SOTU2C,32L,2
IF,SOTUK,39.193667,-4.746389, ,0.0,0.0,0,0,0,0,0,0,0,0
TF,PDT63,39.518797,-4.324061,0, ,0.0,0.0,0.0,0.0,3,21000,0,0,0,0,0,0
TF,PDT53,39.635878,-4.170519,0, ,0.0,0.0,0.0,0.0,0,0,0,1,250,0,0,0
TF,BUREX,39.811056,-3.939306,0, ,0.0,0.0,0.0,0.0,3,14000,0,1,220,0,0,0
TF,D227R,40.044017,-3.629022,0, ,0.0,0.0,0.0,0.0,0,0,0,0,0,0,0,0
TF,TOBEK,40.196306,-3.424444,0, ,0.0,0.0,0.0,0.0,1,5000,0,1,220,0,0,0

STAR,SOTU2C,32R,2
IF,SOTUK,39.193667,-4.746389, ,0.0,0.0,0,0,0,0,0,0,0,0
TF,PDT63,39.518797,-4.324061,0, ,0.0,0.0,0.0,0.0,3,21000,0,0,0,0,0,0
TF,PDT53,39.635878,-4.170519,0, ,0.0,0.0,0.0,0.0,0,0,0,1,250,0,0,0
TF,BUREX,39.811056,-3.939306,0, ,0.0,0.0,0.0,0.0,3,14000,0,1,220,0,0,0
TF,D227R,40.044017,-3.629022,0, ,0.0,0.0,0.0,0.0,0,0,0,0,0,0,0,0
TF,TOBEK,40.196306,-3.424444,0, ,0.0,0.0,0.0,0.0,1,5000,0,1,220,0,0,0

STAR,SOTU6A,18L,5
IF,SOTUK,39.193667,-4.746389, ,0.0,0.0,0,0,0,0,0,0,0,0
TF,MD405,39.793639,-4.430972,0, ,0.0,0.0,0.0,0.0,2,20000,0,0,0,0,0,0
TF,TLD,39.969472,-4.337389,0, ,0.0,0.0,0.0,0.0,2,15000,0,1,250,0,0,0
TF,NVS,40.368667,-4.249417,0, ,0.0,0.0,0.0,0.0,2,12000,0,1,250,0,0,0
TF,ETUNI,40.836778,-4.263361,0, ,0.0,0.0,0.0,0.0,2,12000,0,1,220,0,0,0
TF,RILKO,40.978917,-3.796833,0, ,0.0,0.0,0.0,0.0,2,11000,0,1,220,0,0,0

STAR,SOTU6A,18R,5
IF,SOTUK,39.193667,-4.746389, ,0.0,0.0,0,0,0,0,0,0,0,0
TF,MD405,39.793639,-4.430972,0, ,0.0,0.0,0.0,0.0,2,20000,0,0,0,0,0,0
TF,TLD,39.969472,-4.337389,0, ,0.0,0.0,0.0,0.0,2,15000,0,1,250,0,0,0
TF,NVS,40.368667,-4.249417,0, ,0.0,0.0,0.0,0.0,2,12000,0,1,250,0,0,0
TF,ETUNI,40.836778,-4.263361,0, ,0.0,0.0,0.0,0.0,2,12000,0,1,220,0,0,0
TF,RILKO,40.978917,-3.796833,0, ,0.0,0.0,0.0,0.0,2,11000,0,1,220,0,0,0

STAR,TERS1J,32L,2
IF,TERSA,40.725028,-2.137833, ,0.0,0.0,0,0,0,0,0,0,0,0
TF,CJN,40.371972,-2.544611,0, ,0.0,0.0,0.0,0.0,0,0,0,0,0,0,0,0
TF,SIRGU,40.260500,-2.600139,0, ,0.0,0.0,0.0,0.0,0,0,0,0,0,0,0,0
TF,ASBIN,40.255083,-3.176333,0, ,0.0,0.0,0.0,0.0,0,0,0,0,0,0,0,0

STAR,TERS1J,32R,2
IF,TERSA,40.725028,-2.137833, ,0.0,0.0,0,0,0,0,0,0,0,0
TF,CJN,40.371972,-2.544611,0, ,0.0,0.0,0.0,0.0,0,0,0,0,0,0,0,0
TF,SIRGU,40.260500,-2.600139,0, ,0.0,0.0,0.0,0.0,0,0,0,0,0,0,0,0
TF,ASBIN,40.255083,-3.176333,0, ,0.0,0.0,0.0,0.0,0,0,0,0,0,0,0,0

STAR,TERS2Z,32L,2
IF,TERSA,40.725028,-2.137833, ,0.0,0.0,3,20000,0,0,0,0,0,0
TF,RBO33,40.771244,-2.524692,0, ,0.0,0.0,0.0,0.0,0,0,0,1,250,0,0,0
TF,RBO28,40.785117,-2.643097,0, ,0.0,0.0,0.0,0.0,0,0,0,0,0,0,0,0
TF,NOSKO,40.656333,-2.816722,0, ,0.0,0.0,0.0,0.0,3,14000,0,1,220,0,0,0
TF,PDT30,40.599919,-2.891597,0, ,0.0,0.0,0.0,0.0,0,0,0,0,0,0,0,0
TF,VTB44,40.420522,-3.018375,0, ,0.0,0.0,0.0,0.0,0,0,0,0,0,0,0,0
TF,VTB34,40.283892,-3.114356,0, ,0.0,0.0,0.0,0.0,0,0,0,0,0,0,0,1
CF,ASBIN,40.255083,-3.176333,0,PDT,90.0,7.9,270.0,3.0,0,0,0,1,220,0,0,0

STAR,TERS2Z,32R,2
IF,TERSA,40.725028,-2.137833, ,0.0,0.0,3,20000,0,0,0,0,0,0
TF,RBO33,40.771244,-2.524692,0, ,0.0,0.0,0.0,0.0,0,0,0,1,250,0,0,0
TF,RBO28,40.785117,-2.643097,0, ,0.0,0.0,0.0,0.0,0,0,0,0,0,0,0,0
TF,NOSKO,40.656333,-2.816722,0, ,0.0,0.0,0.0,0.0,3,14000,0,1,220,0,0,0
TF,PDT30,40.599919,-2.891597,0, ,0.0,0.0,0.0,0.0,0,0,0,0,0,0,0,0
TF,VTB44,40.420522,-3.018375,0, ,0.0,0.0,0.0,0.0,0,0,0,0,0,0,0,0
TF,VTB34,40.283892,-3.114356,0, ,0.0,0.0,0.0,0.0,0,0,0,0,0,0,0,1
CF,ASBIN,40.255083,-3.176333,0,PDT,90.0,7.9,270.0,3.0,0,0,0,1,220,0,0,0

STAR,TERS6E,18L,5
IF,TERSA,40.725028,-2.137833, ,0.0,0.0,2,15000,0,0,0,0,0,0
TF,NIKOV,40.486111,-2.413667,0, ,0.0,0.0,0.0,0.0,2,15000,0,1,250,0,0,0
TF,NOSKO,40.656333,-2.816722,0, ,0.0,0.0,0.0,0.0,2,10000,0,1,220,0,0,0
TF,RBO,40.853861,-3.246639,0, ,0.0,0.0,0.0,0.0,0,0,0,1,220,0,0,0
TF,LULER,40.913972,-3.378333,0, ,0.0,0.0,0.0,0.0,4,9000,8000,1,220,0,0,0

STAR,TERS6E,18R,5
IF,TERSA,40.725028,-2.137833, ,0.0,0.0,2,15000,0,0,0,0,0,0
TF,NIKOV,40.486111,-2.413667,0, ,0.0,0.0,0.0,0.0,2,15000,0,1,250,0,0,0
TF,NOSKO,40.656333,-2.816722,0, ,0.0,0.0,0.0,0.0,2,10000,0,1,220,0,0,0
TF,RBO,40.853861,-3.246639,0, ,0.0,0.0,0.0,0.0,0,0,0,1,220,0,0,0
TF,LULER,40.913972,-3.378333,0, ,0.0,0.0,0.0,0.0,4,9000,8000,1,220,0,0,0

STAR,TLD1J,32L,2
IF,TLD,39.969472,-4.337389, ,0.0,0.0,0,0,0,0,0,0,0,0
TF,D130F,39.907806,-4.238703,0, ,0.0,0.0,0.0,0.0,0,0,0,0,0,0,0,0
TF,D130P,39.802231,-4.070250,0, ,0.0,0.0,0.0,0.0,0,0,0,0,0,0,0,0
VI,0, ,0.0,92.0,0,0,0,0,0,0,0,0
CF,BUREX,39.811056,-3.939306,0,PDT,227.0,38.0,47.0,2.0,0,0,0,0,0,0,0,0
TF,D227R,40.044017,-3.629022,0, ,0.0,0.0,0.0,0.0,0,0,0,0,0,0,0,0
TF,TOBEK,40.196306,-3.424444,0, ,0.0,0.0,0.0,0.0,0,0,0,0,0,0,0,0

STAR,TLD1J,32R,2
IF,TLD,39.969472,-4.337389, ,0.0,0.0,0,0,0,0,0,0,0,0
TF,D130F,39.907806,-4.238703,0, ,0.0,0.0,0.0,0.0,0,0,0,0,0,0,0,0
TF,D130P,39.802231,-4.070250,0, ,0.0,0.0,0.0,0.0,0,0,0,0,0,0,0,0
VI,0, ,0.0,92.0,0,0,0,0,0,0,0,0
CF,BUREX,39.811056,-3.939306,0,PDT,227.0,38.0,47.0,2.0,0,0,0,0,0,0,0,0
TF,D227R,40.044017,-3.629022,0, ,0.0,0.0,0.0,0.0,0,0,0,0,0,0,0,0
TF,TOBEK,40.196306,-3.424444,0, ,0.0,0.0,0.0,0.0,0,0,0,0,0,0,0,0

STAR,TLD2C,32L,2
IF,TLD,39.969472,-4.337389, ,0.0,0.0,3,21000,0,0,0,0,0,0
TF,D130F,39.907806,-4.238703,0, ,0.0,0.0,0.0,0.0,0,0,0,1,250,0,0,0
TF,D130P,39.802231,-4.070250,0, ,0.0,0.0,0.0,0.0,0,0,0,0,0,0,0,0
VI,0, ,0.0,92.0,0,0,0,0,0,0,0,0
CF,BUREX,39.811056,-3.939306,0,PDT,227.0,38.0,47.0,2.0,3,14000,0,1,220,0,0,0
TF,D227R,40.044017,-3.629022,0, ,0.0,0.0,0.0,0.0,0,0,0,0,0,0,0,0
TF,TOBEK,40.196306,-3.424444,0, ,0.0,0.0,0.0,0.0,1,5000,0,1,220,0,0,0

STAR,TLD2C,32R,2
IF,TLD,39.969472,-4.337389, ,0.0,0.0,3,21000,0,0,0,0,0,0
TF,D130F,39.907806,-4.238703,0, ,0.0,0.0,0.0,0.0,0,0,0,1,250,0,0,0
TF,D130P,39.802231,-4.070250,0, ,0.0,0.0,0.0,0.0,0,0,0,0,0,0,0,0
VI,0, ,0.0,92.0,0,0,0,0,0,0,0,0
CF,BUREX,39.811056,-3.939306,0,PDT,227.0,38.0,47.0,2.0,3,14000,0,1,220,0,0,0
TF,D227R,40.044017,-3.629022,0, ,0.0,0.0,0.0,0.0,0,0,0,0,0,0,0,0
TF,TOBEK,40.196306,-3.424444,0, ,0.0,0.0,0.0,0.0,1,5000,0,1,220,0,0,0

STAR,TLD6A,18L,5
IF,TLD,39.969472,-4.337389, ,0.0,0.0,2,15000,0,1,250,0,0,0
TF,NVS,40.368667,-4.249417,0, ,0.0,0.0,0.0,0.0,2,12000,0,1,250,0,0,0
TF,ETUNI,40.836778,-4.263361,0, ,0.0,0.0,0.0,0.0,2,12000,0,1,220,0,0,0
TF,RILKO,40.978917,-3.796833,0, ,0.0,0.0,0.0,0.0,2,11000,0,1,220,0,0,0

STAR,TLD6A,18R,5
IF,TLD,39.969472,-4.337389, ,0.0,0.0,2,15000,0,1,250,0,0,0
TF,NVS,40.368667,-4.249417,0, ,0.0,0.0,0.0,0.0,2,12000,0,1,250,0,0,0
TF,ETUNI,40.836778,-4.263361,0, ,0.0,0.0,0.0,0.0,2,12000,0,1,220,0,0,0
TF,RILKO,40.978917,-3.796833,0, ,0.0,0.0,0.0,0.0,2,11000,0,1,220,0,0,0

STAR,VILA2D,32L,2
IF,VILLA,40.232944,-2.410444, ,0.0,0.0,4,19000,10000,1,250,0,0,0
TF,D145H,40.260644,-2.437119,0, ,0.0,0.0,0.0,0.0,0,0,0,0,0,0,0,0
TF,SIRGU,40.260500,-2.600139,0, ,0.0,0.0,0.0,0.0,3,14000,0,1,220,0,0,0
TF,ASBIN,40.255083,-3.176333,0, ,0.0,0.0,0.0,0.0,0,0,0,1,220,0,0,0

STAR,VILA2D,32R,2
IF,VILLA,40.232944,-2.410444, ,0.0,0.0,4,19000,10000,1,250,0,0,0
TF,D145H,40.260644,-2.437119,0, ,0.0,0.0,0.0,0.0,0,0,0,0,0,0,0,0
TF,SIRGU,40.260500,-2.600139,0, ,0.0,0.0,0.0,0.0,3,14000,0,1,220,0,0,0
TF,ASBIN,40.255083,-3.176333,0, ,0.0,0.0,0.0,0.0,0,0,0,1,220,0,0,0

STAR,VILA2J,32L,2
IF,VILLA,40.232944,-2.410444, ,0.0,0.0,2,10000,0,0,0,0,0,0
TF,D145H,40.260644,-2.437119,0, ,0.0,0.0,0.0,0.0,0,0,0,0,0,0,0,0
TF,SIRGU,40.260500,-2.600139,0, ,0.0,0.0,0.0,0.0,0,0,0,0,0,0,0,0
TF,ASBIN,40.255083,-3.176333,0, ,0.0,0.0,0.0,0.0,0,0,0,0,0,0,0,0

STAR,VILA2J,32R,2
IF,VILLA,40.232944,-2.410444, ,0.0,0.0,2,10000,0,0,0,0,0,0
TF,D145H,40.260644,-2.437119,0, ,0.0,0.0,0.0,0.0,0,0,0,0,0,0,0,0
TF,SIRGU,40.260500,-2.600139,0, ,0.0,0.0,0.0,0.0,0,0,0,0,0,0,0,0
TF,ASBIN,40.255083,-3.176333,0, ,0.0,0.0,0.0,0.0,0,0,0,0,0,0,0,0

STAR,VILA6E,18L,5
IF,VILLA,40.232944,-2.410444, ,0.0,0.0,2,10000,0,0,0,0,0,0
TF,CJN,40.371972,-2.544611,0, ,0.0,0.0,0.0,0.0,2,10000,0,1,250,0,0,0
TF,NOSKO,40.656333,-2.816722,0, ,0.0,0.0,0.0,0.0,2,10000,0,1,220,0,0,0
TF,RBO,40.853861,-3.246639,0, ,0.0,0.0,0.0,0.0,0,0,0,1,220,0,0,0
TF,LULER,40.913972,-3.378333,0, ,0.0,0.0,0.0,0.0,4,9000,8000,1,220,0,0,0

STAR,VILA6E,18R,5
IF,VILLA,40.232944,-2.410444, ,0.0,0.0,2,10000,0,0,0,0,0,0
TF,CJN,40.371972,-2.544611,0, ,0.0,0.0,0.0,0.0,2,10000,0,1,250,0,0,0
TF,NOSKO,40.656333,-2.816722,0, ,0.0,0.0,0.0,0.0,2,10000,0,1,220,0,0,0
TF,RBO,40.853861,-3.246639,0, ,0.0,0.0,0.0,0.0,0,0,0,1,220,0,0,0
TF,LULER,40.913972,-3.378333,0, ,0.0,0.0,0.0,0.0,4,9000,8000,1,220,0,0,0

STAR,ZMR1P,32L,2
IF,ZMR,41.530194,-5.639694, ,0.0,0.0,0,0,0,0,0,0,0,0
TF,AVILA,40.624611,-4.549889,0, ,0.0,0.0,0.0,0.0,0,0,0,0,0,0,0,0
TF,D319O,40.555047,-4.467903,0, ,0.0,0.0,0.0,0.0,0,0,0,0,0,0,0,0
TF,NVS,40.368667,-4.249417,0, ,0.0,0.0,0.0,0.0,0,0,0,0,0,0,0,0
TF,D109X,40.242328,-3.746406,0, ,0.0,0.0,0.0,0.0,0,0,0,0,0,0,0,0
TF,NVS36,40.178606,-3.496639,0, ,0.0,0.0,0.0,0.0,0,0,0,0,0,0,0,1
CF,TOBEK,40.196306,-3.424444,0,PDT,227.0,4.9,47.0,2.0,0,0,0,0,0,0,0,0

STAR,ZMR1P,32R,2
IF,ZMR,41.530194,-5.639694, ,0.0,0.0,0,0,0,0,0,0,0,0
TF,AVILA,40.624611,-4.549889,0, ,0.0,0.0,0.0,0.0,0,0,0,0,0,0,0,0
TF,D319O,40.555047,-4.467903,0, ,0.0,0.0,0.0,0.0,0,0,0,0,0,0,0,0
TF,NVS,40.368667,-4.249417,0, ,0.0,0.0,0.0,0.0,0,0,0,0,0,0,0,0
TF,D109X,40.242328,-3.746406,0, ,0.0,0.0,0.0,0.0,0,0,0,0,0,0,0,0
TF,NVS36,40.178606,-3.496639,0, ,0.0,0.0,0.0,0.0,0,0,0,0,0,0,0,1
CF,TOBEK,40.196306,-3.424444,0,PDT,227.0,4.9,47.0,2.0,0,0,0,0,0,0,0,0

STAR,ZMR4A,18L,5
IF,ZMR,41.530194,-5.639694, ,0.0,0.0,0,0,0,0,0,0,0,0
TF,PODOG,41.312000,-4.440278,0, ,0.0,0.0,0.0,0.0,2,20000,0,1,250,0,0,0
TF,ORBIS,41.265722,-4.195333,0, ,0.0,0.0,0.0,0.0,2,12000,0,1,250,0,0,0
TF,RILKO,40.978917,-3.796833,0, ,0.0,0.0,0.0,0.0,2,11000,0,1,220,0,0,0

STAR,ZMR4A,18R,5
IF,ZMR,41.530194,-5.639694, ,0.0,0.0,0,0,0,0,0,0,0,0
TF,PODOG,41.312000,-4.440278,0, ,0.0,0.0,0.0,0.0,2,20000,0,1,250,0,0,0
TF,ORBIS,41.265722,-4.195333,0, ,0.0,0.0,0.0,0.0,2,12000,0,1,250,0,0,0
TF,RILKO,40.978917,-3.796833,0, ,0.0,0.0,0.0,0.0,2,11000,0,1,220,0,0,0

STAR,ZMR4C,32L,2
IF,ZMR,41.530194,-5.639694, ,0.0,0.0,0,0,0,0,0,0,0,0
TF,AVILA,40.624611,-4.549889,0, ,0.0,0.0,0.0,0.0,3,21000,0,0,0,0,0,0
TF,D319O,40.555047,-4.467903,0, ,0.0,0.0,0.0,0.0,0,0,0,1,250,0,0,0
TF,NVS,40.368667,-4.249417,0, ,0.0,0.0,0.0,0.0,3,14000,0,1,220,0,0,0
TF,D109X,40.242328,-3.746406,0, ,0.0,0.0,0.0,0.0,0,0,0,0,0,0,0,0
TF,NVS36,40.178606,-3.496639,0, ,0.0,0.0,0.0,0.0,0,0,0,0,0,0,0,1
CF,TOBEK,40.196306,-3.424444,0,PDT,227.0,4.9,47.0,2.0,1,5000,0,1,220,0,0,0

STAR,ZMR4C,32R,2
IF,ZMR,41.530194,-5.639694, ,0.0,0.0,0,0,0,0,0,0,0,0
TF,AVILA,40.624611,-4.549889,0, ,0.0,0.0,0.0,0.0,3,21000,0,0,0,0,0,0
TF,D319O,40.555047,-4.467903,0, ,0.0,0.0,0.0,0.0,0,0,0,1,250,0,0,0
TF,NVS,40.368667,-4.249417,0, ,0.0,0.0,0.0,0.0,3,14000,0,1,220,0,0,0
TF,D109X,40.242328,-3.746406,0, ,0.0,0.0,0.0,0.0,0,0,0,0,0,0,0,0
TF,NVS36,40.178606,-3.496639,0, ,0.0,0.0,0.0,0.0,0,0,0,0,0,0,0,1
CF,TOBEK,40.196306,-3.424444,0,PDT,227.0,4.9,47.0,2.0,1,5000,0,1,220,0,0,0

APPTR,D18R,18R,SIE
IF,SIE,41.151694,-3.604667, ,0.0,0.0,2,12000,0,0,0,0,1,0
FD,SIE,41.151694,-3.604667,0,SIE,0.0,16.6,182.0,16.6,2,10100,0,0,0,0,0,0
CD, ,0,0,0,SIE,0,0.0,182.0,22.8,2,7100,0,0,0,0,0,0
CF,CD18R,40.698139,-3.615083,0,BRA,350.2,14.0,182.0,4.4,2,5000,0,0,0,0,1,0

FINAL,D18R,18R,D,4
IF,CD18R,40.698139,-3.615083,BRA,350.2,14.0,2,5000,0,0,0,0,0,0
CF,VOR13,40.677164,-3.609794,0,BRA,350.2,12.7,170.0,1.3,2,4600,0,0,0,0,0,0
CF,FD18R,40.616389,-3.595111,0,BRA,350.0,9.0,170.0,3.7,2,3900,0,0,0,0,2,0
CF,MD18R,40.534528,-3.574194,0,BRA,350.0,4.0,170.0,5.0,1,2269,0,0,0,0,3,0
CF,BRA,40.469139,-3.557528,0,BRA,0.0,0.0,170.0,4.0,0,0,0,1,220,0,0,0
FD,BRA,40.469139,-3.557528,0,BRA,0.0,8.5,211.0,8.5,2,5000,0,0,0,0,0,0
CF,D211L,40.295736,-3.688219,0,BRA,211.0,12.0,211.0,3.5,1,6000,0,0,0,0,0,0
CF,D211O,40.259592,-3.715364,0,BRA,211.0,14.5,211.0,2.5,0,0,0,0,0,0,0,1
CF,ROFIX,40.213333,-3.791667,0,TLD,60.6,29.1,241.0,5.0,1,6000,0,0,0,0,0,0
HM,ROFIX,40.213333,-3.791667,1, ,0.0,0.0,241.0,04.9,1,6000,0,0,0,0,0,0,0

APPTR,D32L,32L,ASBIN
IF,ASBIN,40.255083,-3.176333, ,0.0,0.0,2,6000,0,1,220,0,1,0
FD,ASBIN,40.255083,-3.176333,0,PDT,90.0,2.2,270.0,2.2,2,5000,0,0,0,0,0,0
CF,CD32L,40.332972,-3.424056,0,PDT,325.0,5.9,325.0,5.9,2,4000,0,0,0,0,1,0

APPTR,D32L,32L,TOBEK
IF,TOBEK,40.196306,-3.424444, ,0.0,0.0,2,5000,0,1,220,0,1,0
CF,D227D,40.211189,-3.404367,0,PDT,227.0,3.6,47.0,1.3,2,5000,0,0,0,0,0,0
FC,D227D,40.211189,-3.404367,0,PDT,0.0,0.0,47.0,2.0,0,0,0,0,0,0,0,1
CF,CD32L,40.332972,-3.424056,0,PDT,325.0,5.9,325.0,5.9,2,4000,0,0,0,0,1,0

FINAL,D32L,32L,D,3
IF,CD32L,40.332972,-3.424056,BRA,144.1,10.2,2,4000,0,0,0,0,0,0
CF,FF32L,40.400778,-3.490639,0,BRA,144.2,5.1,324.0,5.1,2,3500,0,0,0,0,2,0
CF,MD32L,40.449139,-3.537806,0,BRA,144.0,1.5,324.0,3.6,1,2344,0,0,0,0,3,0
CF,D324C,40.507758,-3.595661,0,BRA,324.0,2.9,324.0,4.4,2,2700,0,1,185,0,0,0
FD,D324C,40.507758,-3.595661,0,BRA,324.0,5.7,287.0,5.7,2,3000,0,1,185,0,0,0
CF,D257N,40.491592,-3.861347,0,SSY,257.0,13.5,257.0,9.0,2,4400,0,1,185,0,0,1
CF,ROFIX,40.213333,-3.791667,1,BRA,216.1,18.7,151.0,18.0,1,5000,0,1,220,0,0,0
HM,ROFIX,40.213333,-3.791667,2, ,0.0,0.0,151.0,05,1,5000,0,0,0,0,0,0,0

APPTR,D32R,32R,ASBIN
IF,ASBIN,40.255083,-3.176333, ,0.0,0.0,2,6000,0,1,220,0,1,0
CF,PDT,40.252917,-3.348028,0,PDT,0.0,0.0,270.0,7.9,2,5000,0,0,0,0,0,1
CF,CD32R,40.325722,-3.440750,0,SSY,156.0,14.6,336.0,6.1,2,4000,0,0,0,0,1,0

APPTR,D32R,32R,TOBEK
IF,TOBEK,40.196306,-3.424444, ,0.0,0.0,2,5000,0,1,220,0,1,0
FC,TOBEK,40.196306,-3.424444,0,PDT,0.0,0.0,47.0,2.0,0,0,0,0,0,0,0,1
CF,CD32R,40.325722,-3.440750,0,SSY,156.0,14.6,336.0,7.0,2,4000,0,0,0,0,1,0

FINAL,D32R,32R,D,3
IF,CD32R,40.325722,-3.440750,SSY,156.0,14.6,2,4000,0,0,0,0,0,0
CF,FD32R,40.401333,-3.486722,0,SSY,156.0,9.6,336.0,5.0,2,3500,0,0,0,0,2,0
CF,MD32R,40.460306,-3.522611,0,SSY,156.0,5.7,336.0,3.9,1,2258,0,0,0,0,3,0
CF,SSY,40.546417,-3.575194,0,SSY,0.0,0.0,336.0,5.7,0,0,0,0,0,0,0,0
FD,SSY,40.546417,-3.575194,0,SSY,0.0,9.3,291.0,9.3,2,4500,0,1,185,0,0,0
CF,D235N,40.508461,-3.983319,0,CNR,235.0,14.0,235.0,10.0,1,6000,0,1,220,0,0,1
CI,0, ,0.0,235.0,0,0,0,1,220,0,0,0
CF,ROFIX,40.213333,-3.791667,0,VTB,330.9,30.0,151.0,20.0,1,6000,0,0,0,0,0,0
HM,ROFIX,40.213333,-3.791667,2, ,0.0,0.0,151.0,05,1,6000,0,0,0,0,0,0,0

APPTR,I18LY,18L,LULER
IF,LULER,40.913972,-3.378333, ,0.0,0.0,4,9000,8000,1,220,0,1,0
TF,MD700,40.900556,-3.481806,0, ,0.0,0.0,0.0,0.0,1,7000,0,1,220,0,0,0
TF,MD705,40.865056,-3.528250,0, ,0.0,0.0,0.0,0.0,1,6000,0,1,220,0,0,0
TF,BAXIT,40.821639,-3.560972,0, ,0.0,0.0,0.0,0.0,1,6000,0,1,200,0,1,0
TF,CF18L,40.765397,-3.560644,0,IML,0.0,0.0,0.0,0.0,2,6000,0,0,0,0,0,0

APPTR,I18LY,18L,RILKO
IF,RILKO,40.978917,-3.796833, ,0.0,0.0,2,11000,0,1,220,0,1,0
TF,MD600,40.931694,-3.713000,0, ,0.0,0.0,0.0,0.0,2,10000,0,1,220,0,0,0
TF,MD605,40.899833,-3.656556,0, ,0.0,0.0,0.0,0.0,2,9000,0,1,220,0,0,0
TF,MD610,40.864639,-3.609722,0, ,0.0,0.0,0.0,0.0,2,8000,0,1,220,0,0,0
TF,BAXIT,40.821639,-3.560972,0, ,0.0,0.0,0.0,0.0,1,7000,0,1,200,0,1,0
TF,CF18L,40.765397,-3.560644,0,IML,0.0,0.0,0.0,0.0,2,6000,0,0,0,0,0,0

APPTR,I18LY,18L,SIE
FD,SIE,41.151694,-3.604667,0,SIE,0.0,6.0,175.0,6.0,2,12000,0,0,0,0,1,0
CD, ,0,0,0,SIE,0,0.0,175.0,16.3,2,8900,0,0,0,0,0,0
CF,BAXIT,40.821639,-3.560972,0,SIE,175.3,19.9,175.0,3.6,2,7200,0,0,0,0,1,0
CF,CF18L,40.765397,-3.560644,0,IML,0.8,16.0,181.0,3.4,2,6000,0,0,0,0,0,0

FINAL,I18LY,18L,I,3
IF,CF18L,40.765397,-3.560644,IML,0.8,16.0,2,6000,0,0,0,0,0,0
CF,FI18L,40.731972,-3.560472,0,IML,0.8,14.0,181.0,2.0,1,6000,0,0,0,0,2,0
CF,RW18L,40.528117,-3.559356,0,IML,0.8,1.8,181.0,12.2,1,1975,0,0,0,0,3,0
CF,D181C,40.444225,-3.558900,0,SSY,174.1,6.2,181.0,5.0,0,0,0,0,0,0,0,0
CF,D174V,40.182206,-3.516889,0,SSY,174.0,22.0,174.0,15.8,3,5000,0,0,0,0,0,1
CF,ROFIX,40.213333,-3.791667,2,NVS,114.8,23.0,295.0,12.0,1,5000,0,0,0,0,0,0
HM,ROFIX,40.213333,-3.791667,1, ,0.0,0.0,295.0,05,1,5000,0,0,0,0,0,0,0

APPTR,I18LZ,18L,LULER
IF,LULER,40.913972,-3.378333, ,0.0,0.0,4,9000,8000,1,220,0,1,0
TF,MD700,40.900556,-3.481806,0, ,0.0,0.0,0.0,0.0,1,7000,0,1,220,0,0,0
TF,MD705,40.865056,-3.528250,0, ,0.0,0.0,0.0,0.0,1,6000,0,1,220,0,0,0
TF,BAXIT,40.821639,-3.560972,0, ,0.0,0.0,0.0,0.0,1,6000,0,1,200,0,1,0
TF,CF18L,40.765397,-3.560644,0,IML,0.0,0.0,0.0,0.0,2,6000,0,0,0,0,0,0

APPTR,I18LZ,18L,RILKO
IF,RILKO,40.978917,-3.796833, ,0.0,0.0,2,11000,0,1,220,0,1,0
TF,MD600,40.931694,-3.713000,0, ,0.0,0.0,0.0,0.0,2,10000,0,1,220,0,0,0
TF,MD605,40.899833,-3.656556,0, ,0.0,0.0,0.0,0.0,2,9000,0,1,220,0,0,0
TF,MD610,40.864639,-3.609722,0, ,0.0,0.0,0.0,0.0,2,8000,0,1,220,0,0,0
TF,BAXIT,40.821639,-3.560972,0, ,0.0,0.0,0.0,0.0,1,7000,0,1,200,0,1,0
TF,CF18L,40.765397,-3.560644,0,IML,0.0,0.0,0.0,0.0,2,6000,0,0,0,0,0,0

APPTR,I18LZ,18L,SIE
IF,SIE,41.151694,-3.604667, ,0.0,0.0,2,12000,0,0,0,0,1,0
CF,MD710,41.085639,-3.592417,0,SIE,173.0,4.0,173.0,4.0,2,10500,0,0,0,0,0,0
CF,POBAN,40.921639,-3.561500,0,SIE,172.9,13.9,173.0,9.9,2,9000,0,0,0,0,0,0
CF,PATON,40.871667,-3.561250,0,BRA,0.6,24.1,181.0,3.0,2,7700,0,0,0,0,0,0
CF,BAXIT,40.821639,-3.560972,0,BRA,0.6,21.1,181.0,3.0,2,7000,0,0,0,0,1,0
CF,CF18L,40.765397,-3.560644,0,IML,0.8,16.0,181.0,3.4,2,6000,0,0,0,0,0,0

FINAL,I18LZ,18L,I,3
IF,CF18L,40.765397,-3.560644,IML,0.8,16.0,2,6000,0,0,0,0,0,0
CF,FI18L,40.731972,-3.560472,0,IML,0.8,14.0,181.0,2.0,1,6000,0,0,0,0,2,0
CF,RW18L,40.528117,-3.559356,0,IML,0.8,1.8,181.0,12.2,1,1975,0,0,0,0,3,0
CF,BRA,40.469139,-3.557528,0,BRA,0.0,0.0,181.0,3.5,0,0,0,0,0,0,0,0
CF,D181M,40.260656,-3.557528,0,BRA,181.0,12.5,181.0,12.5,3,5000,0,0,0,0,0,1
CF,ROFIX,40.213333,-3.791667,0,PDT,264.5,20.5,265.0,11.0,1,5000,0,0,0,0,0,0
HM,ROFIX,40.213333,-3.791667,2, ,0.0,0.0,85.0,05.5,1,5000,0,0,0,0,0,0,0

APPTR,I18RY,18R,LULER
IF,LULER,40.913972,-3.378333, ,0.0,0.0,4,9000,8000,1,220,0,1,0
TF,MD700,40.900556,-3.481806,0, ,0.0,0.0,0.0,0.0,2,7000,0,1,220,0,0,0
TF,MD705,40.865056,-3.528250,0, ,0.0,0.0,0.0,0.0,2,7000,0,1,220,0,0,0
TF,MEDOT,40.821417,-3.576500,0, ,0.0,0.0,0.0,0.0,2,7000,0,1,200,0,1,0
TF,CF18R,40.805511,-3.576408,0,IMR,0.0,0.0,0.0,0.0,2,7000,0,0,0,0,0,0

APPTR,I18RY,18R,RILKO
IF,RILKO,40.978917,-3.796833, ,0.0,0.0,2,11000,0,1,220,0,1,0
TF,MD600,40.931694,-3.713000,0, ,0.0,0.0,0.0,0.0,2,10000,0,1,220,0,0,0
TF,MD605,40.899833,-3.656556,0, ,0.0,0.0,0.0,0.0,2,9000,0,1,220,0,0,0
TF,MD610,40.864639,-3.609722,0, ,0.0,0.0,0.0,0.0,2,8000,0,1,220,0,0,0
TF,MEDOT,40.821417,-3.576500,0, ,0.0,0.0,0.0,0.0,2,7000,0,1,200,0,1,0
TF,CF18R,40.805511,-3.576408,0,IMR,0.0,0.0,0.0,0.0,2,7000,0,0,0,0,0,0

APPTR,I18RY,18R,SIE
IF,SIE,41.151694,-3.604667, ,0.0,0.0,0,0,0,0,0,0,1,0
CF,DESIN,40.921500,-3.577111,0,SIE,175.8,13.9,176.0,13.9,2,10000,0,0,0,0,0,0
CF,VALDE,40.871472,-3.576833,0,SSY,0.8,19.5,181.0,3.0,2,8600,0,0,0,0,0,0
CF,MEDOT,40.821417,-3.576500,0,SSY,0.8,16.5,181.0,3.0,2,7200,0,0,0,0,1,0
CF,CF18R,40.805511,-3.576408,0,IMR,0.8,18.9,181.0,1.0,2,7000,0,0,0,0,0,0

FINAL,I18RY,18R,I,3
IF,CF18R,40.805511,-3.576408,IMR,0.8,18.9,2,7000,0,0,0,0,0,0
CF,FI18R,40.772083,-3.576222,0,IMR,0.8,16.9,181.0,2.0,1,7000,0,0,0,0,2,0
CF,RW18R,40.522889,-3.574797,0,IMR,0.8,2.0,181.0,14.9,1,2045,0,0,0,0,3,0
FD,RW18R,40.522889,-3.574797,0,SSY,180.3,5.0,181.0,5.0,2,2900,0,0,0,0,0,0
CI,0, ,0.0,229.0,0,0,0,1,220,0,0,0
CF,RBO36,40.356539,-3.668164,0,RBO,214.0,35.5,214.0,6.0,2,5000,0,0,0,0,0,0
CF,RBO39,40.307422,-3.709386,0,RBO,214.0,39.0,214.0,3.5,1,6000,0,0,0,0,0,1
CF,ROFIX,40.213333,-3.791667,0,RBO,214.2,45.8,214.0,6.8,1,6000,0,0,0,0,0,0
HM,ROFIX,40.213333,-3.791667,2, ,0.0,0.0,34.0,05.2,1,6000,0,0,0,0,0,0,0

APPTR,I18RZ,18R,LULER
IF,LULER,40.913972,-3.378333, ,0.0,0.0,4,9000,8000,1,220,0,1,0
TF,MD700,40.900556,-3.481806,0, ,0.0,0.0,0.0,0.0,2,7000,0,1,220,0,0,0
TF,MD705,40.865056,-3.528250,0, ,0.0,0.0,0.0,0.0,2,7000,0,1,220,0,0,0
TF,MEDOT,40.821417,-3.576500,0, ,0.0,0.0,0.0,0.0,2,7000,0,1,200,0,1,0
TF,CF18R,40.805511,-3.576408,0,IMR,0.0,0.0,0.0,0.0,2,7000,0,0,0,0,0,0

APPTR,I18RZ,18R,RILKO
IF,RILKO,40.978917,-3.796833, ,0.0,0.0,2,11000,0,1,220,0,1,0
TF,MD600,40.931694,-3.713000,0, ,0.0,0.0,0.0,0.0,2,10000,0,1,220,0,0,0
TF,MD605,40.899833,-3.656556,0, ,0.0,0.0,0.0,0.0,2,9000,0,1,220,0,0,0
TF,MD610,40.864639,-3.609722,0, ,0.0,0.0,0.0,0.0,2,8000,0,1,220,0,0,0
TF,MEDOT,40.821417,-3.576500,0, ,0.0,0.0,0.0,0.0,2,7000,0,1,200,0,1,0
TF,CF18R,40.805511,-3.576408,0,IMR,0.0,0.0,0.0,0.0,2,7000,0,0,0,0,0,0

APPTR,I18RZ,18R,SIE
IF,SIE,41.151694,-3.604667, ,0.0,0.0,0,0,0,0,0,0,1,0
CF,DESIN,40.921500,-3.577111,0,SIE,175.8,13.9,176.0,13.9,2,10000,0,0,0,0,0,0
CF,VALDE,40.871472,-3.576833,0,SSY,0.8,19.5,181.0,3.0,2,8600,0,0,0,0,0,0
CF,MEDOT,40.821417,-3.576500,0,SSY,0.8,16.5,181.0,3.0,2,7200,0,0,0,0,1,0
CF,CF18R,40.805511,-3.576408,0,IMR,0.8,18.9,181.0,1.0,2,7000,0,0,0,0,0,0

FINAL,I18RZ,18R,I,3
IF,CF18R,40.805511,-3.576408,IMR,0.8,18.9,2,7000,0,0,0,0,0,0
CF,FI18R,40.772083,-3.576222,0,IMR,0.8,16.9,181.0,2.0,1,7000,0,0,0,0,2,0
CF,RW18R,40.522889,-3.574797,0,IMR,0.8,2.0,181.0,14.9,1,2045,0,0,0,0,3,0
CF,D181B,40.458678,-3.574431,0,BRA,232.0,0.0,181.0,3.9,0,0,0,0,0,0,0,1
CI,0, ,0.0,181.0,0,0,0,1,220,0,0,0
CF,D211I,40.346328,-3.650169,0,BRA,211.0,8.5,211.0,7.6,2,5000,0,0,0,0,0,1
CF,D211L,40.295736,-3.688219,0,BRA,211.0,12.0,211.0,3.5,1,6000,0,0,0,0,0,0
CF,D211O,40.259592,-3.715364,0,BRA,211.0,14.5,211.0,2.5,0,0,0,0,0,0,0,1
CF,ROFIX,40.213333,-3.791667,0,TLD,60.6,29.1,241.0,5.0,1,6000,0,0,0,0,0,0
HM,ROFIX,40.213333,-3.791667,1, ,0.0,0.0,241.0,04.9,1,6000,0,0,0,0,0,0,0

APPTR,I32LW,32L,ASBIN
IF,ASBIN,40.255083,-3.176333, ,0.0,0.0,2,6000,0,1,220,0,1,0
CF,PDT,40.252917,-3.348028,0,PDT,0.0,0.0,270.0,7.9,2,5000,0,0,0,0,1,0
CF,CF32L,40.330594,-3.419661,0,MAA,143.2,11.8,323.0,5.7,2,4000,0,0,0,0,0,0

APPTR,I32LW,32L,TOBEK
IF,TOBEK,40.196306,-3.424444, ,0.0,0.0,2,5000,0,1,220,0,1,0
CF,D227B,40.233214,-3.374642,0,PDT,227.0,1.7,47.0,3.2,2,5000,0,0,0,0,0,1
CF,CF32L,40.330594,-3.419661,0,MAA,143.2,11.8,323.0,5.7,2,4000,0,0,0,0,0,0

FINAL,I32LW,32L,I,3
IF,CF32L,40.330594,-3.419661,MAA,143.2,11.8,2,4000,0,0,0,0,0,0
CF,FI32L,40.381222,-3.470861,0,MAA,143.2,8.0,323.0,3.8,1,4000,0,0,0,0,2,0
CF,RW32L,40.463083,-3.553894,0,MAA,143.2,1.8,323.0,6.2,1,1987,0,0,0,0,3,0
CF,D323B,40.501158,-3.592597,0,BRA,321.1,2.5,323.0,2.9,2,2400,0,1,185,0,0,1
FD,D323B,40.501158,-3.592597,0,VTZ,286.6,9.2,291.0,9.2,2,3000,0,1,185,0,0,0
CF,D070T,40.487486,-3.841550,0,NVS,70.0,20.0,250.0,8.0,0,0,0,1,185,0,0,1
CF,TLD28,40.351475,-3.987358,0,TLD,36.0,28.0,216.0,10.5,0,0,0,1,220,0,0,1
CF,ROFIX,40.213333,-3.791667,1,NVS,114.8,23.0,115.0,13.0,1,5000,0,0,0,0,0,0
HM,ROFIX,40.213333,-3.791667,1, ,0.0,0.0,295.0,05,1,5000,0,0,0,0,0,0,0

APPTR,I32LZ,32L,ASBIN
IF,ASBIN,40.255083,-3.176333, ,0.0,0.0,2,6000,0,1,220,0,1,0
CF,PDT,40.252917,-3.348028,0,PDT,0.0,0.0,270.0,7.9,2,5000,0,0,0,0,1,0
CF,CF32L,40.330594,-3.419661,0,MAA,143.2,11.8,323.0,5.7,2,4000,0,0,0,0,0,0

APPTR,I32LZ,32L,TOBEK
IF,TOBEK,40.196306,-3.424444, ,0.0,0.0,2,5000,0,1,220,0,1,0
CF,D227B,40.233214,-3.374642,0,PDT,227.0,1.7,47.0,3.2,2,5000,0,0,0,0,0,1
CF,CF32L,40.330594,-3.419661,0,MAA,143.2,11.8,323.0,5.7,2,4000,0,0,0,0,0,0

FINAL,I32LZ,32L,I,3
IF,CF32L,40.330594,-3.419661,MAA,143.2,11.8,2,4000,0,0,0,0,0,0
CF,FI32L,40.381222,-3.470861,0,MAA,143.2,8.0,323.0,3.8,1,4000,0,0,0,0,2,0
CF,RW32L,40.463083,-3.553894,0,MAA,143.2,1.8,323.0,6.2,1,1987,0,0,0,0,3,0
CF,D323A,40.506406,-3.598067,0,BRA,321.3,2.9,323.0,3.3,2,2500,0,1,185,0,0,1
FD,D323A,40.506406,-3.598067,0,BRA,321.3,5.7,287.0,5.7,2,3000,0,1,185,0,0,0
CF,D257N,40.491592,-3.861347,0,SSY,257.0,13.5,257.0,9.0,2,4400,0,1,185,0,0,1
CF,ROFIX,40.213333,-3.791667,1,VTB,330.9,30.0,151.0,18.0,1,5000,0,1,220,0,0,0
HM,ROFIX,40.213333,-3.791667,2, ,0.0,0.0,151.0,05,1,5000,0,0,0,0,0,0,0

APPTR,I32RW,32R,ASBIN
IF,ASBIN,40.255083,-3.176333, ,0.0,0.0,2,6000,0,1,220,0,1,0
CF,D090C,40.253683,-3.289264,0,PDT,90.0,2.7,270.0,5.2,2,6000,0,0,0,0,0,1
CF,CF32R,40.285611,-3.346028,0,MBB,143.2,16.0,323.0,3.0,2,5000,0,0,0,0,1,0

APPTR,I32RW,32R,TOBEK
IF,TOBEK,40.196306,-3.424444, ,0.0,0.0,2,5000,0,1,220,0,1,0
CF,PDT,40.252917,-3.348028,0,PDT,0.0,0.0,47.0,4.9,2,5000,0,0,0,0,0,0
CF,CF32R,40.285611,-3.346028,0,MBB,143.2,16.0,323.0,2.0,2,5000,0,0,0,0,1,0

FINAL,I32RW,32R,I,3
IF,CF32R,40.285611,-3.346028,MBB,143.2,16.0,2,5000,0,0,0,0,0,0
CF,FI32R,40.350000,-3.411028,0,MBB,143.2,11.2,323.0,4.9,1,5000,0,0,0,0,2,0
CF,RW32R,40.473569,-3.536194,0,MBB,143.2,1.8,323.0,9.4,1,1940,0,0,0,0,3,0
CF,D323E,40.551431,-3.615383,0,BRA,332.8,5.6,323.0,5.9,0,0,0,0,0,0,0,0
FD,D323E,40.551431,-3.615383,0,BRA,332.8,11.5,291.0,11.5,2,4000,0,1,185,0,0,0
CF,D058R,40.528992,-3.924950,0,NVS,58.0,17.7,238.0,8.0,2,5500,0,1,220,0,0,1
CI,0, ,0.0,238.0,0,0,0,1,220,0,0,0
AF,D267S,40.446664,-3.964769,1,BRA,267.0,18.7,278.0,1,6000,0,1,220,0,0,0
AF,ROFIX,40.213333,-3.791667,1,BRA,216.0,18.7,267.0,1,6000,0,0,0,0,0,0
HM,ROFIX,40.213333,-3.791667,1, ,0.0,0.0,295.0,05,1,6000,0,0,0,0,0,0,0

APPTR,I32RZ,32R,ASBIN
IF,ASBIN,40.255083,-3.176333, ,0.0,0.0,2,6000,0,1,220,0,1,0
CF,D090C,40.253683,-3.289264,0,PDT,90.0,2.7,270.0,5.2,2,6000,0,0,0,0,0,1
CF,CF32R,40.285611,-3.346028,0,MBB,143.2,16.0,323.0,2.0,2,5000,0,0,0,0,1,0

APPTR,I32RZ,32R,TOBEK
IF,TOBEK,40.196306,-3.424444, ,0.0,0.0,2,5000,0,1,220,0,1,0
CF,PDT,40.252917,-3.348028,0,PDT,0.0,0.0,47.0,4.9,2,5000,0,0,0,0,0,0
CF,CF32R,40.285611,-3.346028,0,MBB,143.2,16.0,323.0,2.0,2,5000,0,0,0,0,1,0

FINAL,I32RZ,32R,I,3
IF,CF32R,40.285611,-3.346028,MBB,143.2,16.0,2,5000,0,0,0,0,0,0
CF,FI32R,40.350000,-3.411028,0,MBB,143.2,11.2,323.0,4.9,1,5000,0,0,0,0,2,0
CF,RW32R,40.473569,-3.536194,0,MBB,143.2,1.8,323.0,9.4,1,1940,0,0,0,0,3,0
CF,D323D,40.551319,-3.615650,0,SSY,280.0,1.9,323.0,5.9,0,0,0,0,0,0,0,1
CF,D291I,40.599306,-3.766408,0,SSY,291.0,9.3,291.0,8.0,2,4000,0,1,185,0,0,0
CF,D235N,40.508461,-3.983319,0,CNR,235.0,14.0,235.0,10.0,1,6000,0,1,220,0,0,1
CI,0, ,0.0,235.0,0,0,0,1,220,0,0,0
CF,ROFIX,40.213333,-3.791667,0,VTB,330.9,30.0,151.0,20.0,1,6000,0,0,0,0,0,0
HM,ROFIX,40.213333,-3.791667,2, ,0.0,0.0,151.0,05,1,6000,0,0,0,0,0,0,0

APPTR,L18L,18L,LULER
IF,LULER,40.913972,-3.378333, ,0.0,0.0,4,9000,8000,1,220,0,1,0
TF,MD700,40.900556,-3.481806,0, ,0.0,0.0,0.0,0.0,1,7000,0,1,220,0,0,0
TF,MD705,40.865056,-3.528250,0, ,0.0,0.0,0.0,0.0,1,6000,0,1,220,0,0,0
TF,BAXIT,40.821639,-3.560972,0, ,0.0,0.0,0.0,0.0,1,6000,0,1,200,0,1,0
TF,CF18L,40.765397,-3.560644,0,IML,0.0,0.0,0.0,0.0,2,5200,0,0,0,0,0,0

APPTR,L18L,18L,RILKO
IF,RILKO,40.978917,-3.796833, ,0.0,0.0,2,11000,0,1,220,0,1,0
TF,MD600,40.931694,-3.713000,0, ,0.0,0.0,0.0,0.0,2,10000,0,1,220,0,0,0
TF,MD605,40.899833,-3.656556,0, ,0.0,0.0,0.0,0.0,2,9000,0,1,220,0,0,0
TF,MD610,40.864639,-3.609722,0, ,0.0,0.0,0.0,0.0,2,8000,0,1,220,0,0,0
TF,BAXIT,40.821639,-3.560972,0, ,0.0,0.0,0.0,0.0,1,7000,0,1,200,0,1,0
TF,CF18L,40.765397,-3.560644,0,IML,0.0,0.0,0.0,0.0,2,5200,0,0,0,0,0,0

APPTR,L18L,18L,SIE
IF,SIE,41.151694,-3.604667, ,0.0,0.0,0,0,0,0,0,0,1,0
CF,MD710,41.085639,-3.592417,0,SIE,173.0,4.0,173.0,4.0,2,10500,0,0,0,0,0,0
CF,POBAN,40.921639,-3.561500,0,SIE,172.9,13.9,173.0,9.9,2,9000,0,0,0,0,0,0
CF,PATON,40.871667,-3.561250,0,BRA,0.6,24.1,181.0,3.0,2,7700,0,0,0,0,0,0
CF,BAXIT,40.821639,-3.560972,0,BRA,0.6,21.1,181.0,3.0,2,7000,0,0,0,0,1,0
CF,CF18L,40.765397,-3.560644,0,IML,0.8,16.0,181.0,3.4,2,5200,0,0,0,0,0,0

FINAL,L18L,18L,D,4
IF,CF18L,40.765397,-3.560644,IML,0.8,16.0,2,5200,0,0,0,0,0,0
CF,FF18L,40.691389,-3.560250,0,IML,0.8,11.6,181.0,4.4,2,5200,0,0,0,0,2,0
CF,30LOC,40.578275,-3.559631,0,IML,0.8,4.8,181.0,6.8,2,2970,0,0,0,0,0,0
CF,ML18L,40.544806,-3.559444,0,IML,0.8,2.8,181.0,2.0,1,2305,0,0,0,0,3,0
CF,BRA,40.469139,-3.557528,0,BRA,0.0,0.0,181.0,4.5,0,0,0,0,0,0,0,0
CF,D181M,40.260656,-3.557528,0,BRA,181.0,12.5,181.0,12.5,3,5000,0,0,0,0,0,1
CF,ROFIX,40.213333,-3.791667,0,PDT,264.5,20.5,265.0,11.0,1,5000,0,0,0,0,0,0
HM,ROFIX,40.213333,-3.791667,2, ,0.0,0.0,85.0,05.5,1,5000,0,0,0,0,0,0,0

APPTR,L18R,18R,LULER
IF,LULER,40.913972,-3.378333, ,0.0,0.0,4,9000,8000,1,220,0,1,0
TF,MD700,40.900556,-3.481806,0, ,0.0,0.0,0.0,0.0,2,7000,0,1,220,0,0,0
TF,MD705,40.865056,-3.528250,0, ,0.0,0.0,0.0,0.0,2,7000,0,1,220,0,0,0
TF,MEDOT,40.821417,-3.576500,0, ,0.0,0.0,0.0,0.0,2,7000,0,1,200,0,1,0
TF,CF18R,40.805511,-3.576408,0,IMR,0.0,0.0,0.0,0.0,2,5200,0,0,0,0,0,0

APPTR,L18R,18R,RILKO
IF,RILKO,40.978917,-3.796833, ,0.0,0.0,2,11000,0,1,220,0,1,0
TF,MD600,40.931694,-3.713000,0, ,0.0,0.0,0.0,0.0,2,10000,0,1,220,0,0,0
TF,MD605,40.899833,-3.656556,0, ,0.0,0.0,0.0,0.0,2,9000,0,1,220,0,0,0
TF,MD610,40.864639,-3.609722,0, ,0.0,0.0,0.0,0.0,2,8000,0,1,220,0,0,0
TF,MEDOT,40.821417,-3.576500,0, ,0.0,0.0,0.0,0.0,2,7000,0,1,200,0,1,0
TF,CF18R,40.805511,-3.576408,0,IMR,0.0,0.0,0.0,0.0,2,5200,0,0,0,0,0,0

APPTR,L18R,18R,SIE
IF,SIE,41.151694,-3.604667, ,0.0,0.0,0,0,0,0,0,0,1,0
CF,DESIN,40.921500,-3.577111,0,SIE,175.8,13.9,176.0,13.9,2,10000,0,0,0,0,0,0
CF,VALDE,40.871472,-3.576833,0,SSY,0.8,19.5,181.0,3.0,2,8600,0,0,0,0,0,0
CF,MEDOT,40.821417,-3.576500,0,SSY,0.8,16.5,181.0,3.0,2,7200,0,0,0,0,1,0
CF,CF18R,40.805511,-3.576408,0,IMR,0.8,18.9,181.0,1.0,2,5200,0,0,0,0,0,0

FINAL,L18R,18R,D,4
IF,CF18R,40.805511,-3.576408,IMR,0.8,18.9,2,5200,0,0,0,0,0,0
CF,FF18R,40.683167,-3.575722,0,IMR,0.8,11.6,181.0,7.3,2,5200,0,0,0,0,2,0
CF,30LO2,40.573028,-3.575081,0,IMR,0.8,5.0,181.0,6.6,2,3030,0,0,0,0,0,0
CF,ML18R,40.539556,-3.574889,0,IMR,0.8,3.0,181.0,2.0,1,2377,0,0,0,0,3,0
CF,D181B,40.458678,-3.574431,0,BRA,232.0,0.0,181.0,4.9,0,0,0,0,0,0,0,1
CI,0, ,0.0,181.0,0,0,0,1,220,0,0,0
CF,D211I,40.346328,-3.650169,0,BRA,211.0,8.5,211.0,7.6,2,5000,0,0,0,0,0,1
CF,D211L,40.295736,-3.688219,0,BRA,211.0,12.0,211.0,3.5,1,6000,0,0,0,0,0,0
CF,D211O,40.259592,-3.715364,0,BRA,211.0,14.5,211.0,2.5,0,0,0,0,0,0,0,1
CF,ROFIX,40.213333,-3.791667,0,TLD,60.6,29.1,241.0,5.0,1,6000,0,0,0,0,0,0
HM,ROFIX,40.213333,-3.791667,1, ,0.0,0.0,241.0,04.9,1,6000,0,0,0,0,0,0,0

APPTR,L32L,32L,ASBIN
IF,ASBIN,40.255083,-3.176333, ,0.0,0.0,2,6000,0,1,220,0,1,0
CF,PDT,40.252917,-3.348028,0,PDT,0.0,0.0,270.0,7.9,2,5000,0,0,0,0,1,0
CF,CF32L,40.330594,-3.419661,0,MAA,143.2,11.8,323.0,5.7,2,4000,0,0,0,0,0,0

APPTR,L32L,32L,TOBEK
IF,TOBEK,40.196306,-3.424444, ,0.0,0.0,2,5000,0,1,220,0,1,0
CF,D227B,40.233214,-3.374642,0,PDT,227.0,1.7,47.0,3.2,2,5000,0,0,0,0,0,1
CF,CF32L,40.330594,-3.419661,0,MAA,143.2,11.8,323.0,5.7,2,4000,0,0,0,0,0,0

FINAL,L32L,32L,D,3
IF,CF32L,40.330594,-3.419661,MAA,143.2,11.8,2,4000,0,0,0,0,0,0
CF,FF32L,40.400778,-3.490639,0,MAA,143.2,6.5,323.0,5.3,2,3500,0,0,0,0,2,0
CF,ML32L,40.448194,-3.538778,0,MAA,143.2,2.9,323.0,3.6,1,2354,0,0,0,0,3,0
CF,D323A,40.506406,-3.598067,0,BRA,321.3,2.9,323.0,4.4,2,2700,0,1,185,0,0,1
FD,D323A,40.506406,-3.598067,0,SSY,204.6,3.9,287.0,3.9,2,3000,0,1,185,0,0,0
CF,D257N,40.491592,-3.861347,0,SSY,257.0,13.5,257.0,9.0,2,4400,0,1,185,0,0,1
CF,ROFIX,40.213333,-3.791667,1,BRA,216.1,18.7,151.0,18.0,1,5000,0,1,220,0,0,0
HM,ROFIX,40.213333,-3.791667,2, ,0.0,0.0,151.0,05,1,5000,0,0,0,0,0,0,0

APPTR,L32R,32R,ASBIN
IF,ASBIN,40.255083,-3.176333, ,0.0,0.0,2,6000,0,1,220,0,1,0
CF,D090C,40.253683,-3.289264,0,PDT,90.0,2.7,270.0,5.2,2,6000,0,0,0,0,0,0
CF,CF32R,40.285611,-3.346028,0,MBB,143.2,16.0,323.0,4.0,2,5000,0,0,0,0,1,0

APPTR,L32R,32R,TOBEK
IF,TOBEK,40.196306,-3.424444, ,0.0,0.0,2,5000,0,1,220,0,1,0
CF,PDT,40.252917,-3.348028,0,PDT,0.0,0.0,47.0,4.9,2,5000,0,0,0,0,0,0
CF,CF32R,40.285611,-3.346028,0,MBB,143.2,16.0,323.0,2.0,2,5000,0,0,0,0,1,0

FINAL,L32R,32R,D,4
IF,CF32R,40.285611,-3.346028,MBB,143.2,16.0,2,5000,0,0,0,0,0,0
CF,FL32R,40.408694,-3.470417,0,MBB,143.2,6.7,323.0,9.3,2,3500,0,0,0,0,2,0
CF,39LOC,40.422047,-3.483942,0,MBB,143.2,5.7,323.0,1.0,2,3180,0,0,0,0,0,0
CF,ML32R,40.458417,-3.520806,0,MBB,143.2,2.9,323.0,2.8,1,2305,0,0,0,0,3,0
CF,D323D,40.551319,-3.615650,0,CNR,136.9,7.9,323.0,7.0,0,0,0,0,0,0,0,0
CF,D291I,40.599306,-3.766408,0,SSY,291.0,9.3,291.0,8.0,2,4300,0,1,185,0,0,0
CF,D235N,40.508461,-3.983319,0,CNR,235.0,14.0,235.0,11.0,1,6000,0,1,220,0,0,1
CI,0, ,0.0,235.0,0,0,0,1,220,0,0,0
CF,ROFIX,40.213333,-3.791667,0,VTB,330.9,30.0,151.0,20.0,1,6000,0,0,0,0,0,0
HM,ROFIX,40.213333,-3.791667,2, ,0.0,0.0,151.0,05,1,6000,0,0,0,0,0,0,0

