APPTR,D03,03,BBI
IF,BBI,41.016694,-5.456833, ,0.0,0.0,2,4500,0,0,0,0,1,0
CF,D210H,40.898864,-5.539381,0,BBI,210.0,8.0,210.0,8.0,2,4500,0,0,0,0,0,0
FD,D210H,40.898864,-5.539381,0,BBI,210.0,12.0,165.0,12.0,2,4500,0,0,0,0,0,0
CF,D210N,40.809750,-5.601194,2,BBI,209.9,14.0,345.0,1.0,2,4500,0,1,220,0,1,0
CF,CD03,40.854683,-5.570308,0,BBI,210.0,11.0,30.0,3.0,2,4000,0,0,0,0,0,0

FINAL,D03,03,D,4
IF,CD03,40.854683,-5.570308,BBI,210.0,11.0,2,4000,0,0,0,0,0,0
CF,FD03,40.883472,-5.549889,0,BBI,209.9,9.0,30.0,2.0,2,4000,0,0,0,0,2,0
CF,70VOR,40.913592,-5.529067,0,BBI,210.0,7.0,30.0,2.0,2,3350,0,0,0,0,0,0
CF,RW03,40.942025,-5.509036,0,BBI,209.9,5.1,30.0,2.0,1,2645,0,0,0,0,3,0
CF,BBI,41.016694,-5.456833,0,BBI,0.0,0.0,30.0,5.0,1,4500,0,0,0,0,0,0
HM,BBI,41.016694,-5.456833,2, ,0.0,0.0,210.0,04.3,2,4500,0,1,230,0,0,0,0

APPTR,D21,21,BBI
HF,BBI,41.016694,-5.456833,2, ,0.0,0.0,210.0,04.3,2,4500,0,0,0,0,1,0,0

FINAL,D21,21,D,3
IF,BBI,41.016694,-5.456833,BBI,0.0,0.0,2,3800,0,0,0,0,2,0
CF,18VOR,40.990186,-5.475431,0,BBI,210.0,1.8,210.0,1.8,2,3260,0,0,0,0,0,0
CF,MD21,40.972444,-5.487722,0,BBI,209.9,3.0,210.0,1.2,1,2873,0,0,0,0,3,0
FA,MD21,40.972444,-5.487722,0,BBI,0.0,0.0,210.0,2,3100,0,1,250,0,0,0
CI,0, ,0.0,281.0,0,0,0,0,0,0,0,0
CF,SERNA,40.916333,-5.632333,0,BBI,235.0,10.0,235.0,4.0,1,4500,0,0,0,0,0,0
HM,SERNA,40.916333,-5.632333,2, ,0.0,0.0,55.0,04.3,2,4500,0,0,0,0,0,0,0

FINAL,I21-X,21,I,3
IF,CI21X,41.077486,-5.413961,IALR,30.0,9.4,2,5000,0,0,0,0,0,0
CF,FI21X,41.048000,-5.434694,0,IALR,30.0,7.4,210.0,2.0,1,4500,0,0,0,0,2,0
CF,RW21,40.962025,-5.495064,0,IALR,29.9,1.5,210.0,5.8,1,2639,0,0,0,0,3,0
CA,0,210.0,2,3300,0,0,0,0,0,0
DF,AL,41.030861,-5.446944,1, ,0.0,0.0,1,4500,0,0,0,0,0,0
HM,AL,41.030861,-5.446944,2, ,0.0,0.0,210.0,04.3,2,4500,0,0,0,0,0,0,0

APPTR,I21-Z,21,D130L
IF,D130L,40.892556,-5.249778, ,0.0,0.0,2,5500,0,0,0,0,1,0
CI,0, ,0.0,310.0,0,0,0,0,0,0,0,0
AF,D030O,41.164017,-5.353428,1,BBI,29.9,10.0,130.0,2,5000,0,0,0,0,0,0
CF,CI21Z,41.097667,-5.399944,0,IALR,29.9,10.7,210.0,4.5,2,5000,0,0,0,0,1,0

FINAL,I21-Z,21,I,3
IF,CI21Z,41.097667,-5.399944,IALR,29.9,10.7,2,5000,0,0,0,0,0,0
CF,FI21Z,41.046833,-5.435694,0,IALR,29.9,7.3,210.0,3.5,1,4500,0,0,0,0,2,0
CF,RW21,40.962025,-5.495064,0,IALR,29.9,1.5,210.0,5.8,1,2639,0,0,0,0,3,0
FA,RW21,40.962025,-5.495064,0,BBI,0.0,0.0,210.0,2,3100,0,1,240,0,0,0
CI,0, ,0.0,289.0,0,0,0,0,0,0,0,0
CF,SUCUS,40.899917,-5.748667,0,BBI,244.3,15.0,244.0,8.0,1,4500,0,0,0,0,0,0
HM,SUCUS,40.899917,-5.748667,1, ,0.0,0.0,64.0,04.3,2,4500,0,0,0,0,0,0,0

APPTR,L21-Z,21,D130L
IF,D130L,40.892556,-5.249778, ,0.0,0.0,2,5500,0,0,0,0,1,0
CI,0, ,0.0,310.0,0,0,0,0,0,0,0,0
AF,D030O,41.164017,-5.353428,1,BBI,29.9,10.0,130.0,2,5000,0,0,0,0,0,0
CF,CL21Z,41.119750,-5.384417,0,IALR,29.9,12.2,210.0,3.0,2,5000,0,0,0,0,1,0

FINAL,L21-Z,21,D,3
IF,CL21Z,41.119750,-5.384417,IALR,29.9,12.2,2,5000,0,0,0,0,0,0
CF,FL21Z,41.048250,-5.434694,0,IALR,29.9,7.4,210.0,4.9,2,4500,0,0,0,0,2,0
CF,ML21Z,40.970861,-5.488889,0,IALR,29.9,2.1,210.0,5.2,1,2842,0,0,0,0,3,0
CA,0,210.0,2,3100,0,1,240,0,0,0
CI,0, ,0.0,289.0,0,0,0,0,0,0,0,0
CF,SUCUS,40.899917,-5.748667,0,BBI,244.3,15.0,244.0,8.0,1,4500,0,0,0,0,0,0
HM,SUCUS,40.899917,-5.748667,1, ,0.0,0.0,64.0,04.3,2,4500,0,0,0,0,0,0,0

