SID,AGN2E,11,2
CA,0,112.0,2,810,0,0,0,0,0,0
CF,AGN,43.888028,0.872861,0,AGN,0.0,0.0,149.0,20.0,0,0,0,0,0,0,0,0

SID,AGN2Q,29,2
CD, ,0,0,0,AGN,0,0.0,292.0,24.5,0,0,0,0,0,0,0,0
CR,1,AGN,293.0,197.0,0,0,0,0,0,0,0,0
CF,AGN,43.888028,0.872861,1,AGN,0.0,0.0,106.0,21.0,0,0,0,0,0,0,0,0

SID,AGN2W,29,2
CA,0,292.0,2,810,0,0,0,0,0,0
CF,AGN,43.888028,0.872861,1,AGN,0.0,0.0,137.0,22.0,0,0,0,0,0,0,0,0

SID,GAI2D,11,2
CF,AG,44.150694,0.673722,0,AGN,331.4,18.0,112.0,4.0,0,0,0,0,0,0,0,0
TF,GAI,43.954056,1.824167,0, ,0.0,0.0,0.0,0.0,0,0,0,0,0,0,0,0

SID,GAI2E,11,2
CF,AG,44.150694,0.673722,0,AGN,331.4,18.0,112.0,4.0,0,0,0,0,0,0,0,0
TF,SONGA,44.198889,1.013056,0, ,0.0,0.0,0.0,0.0,0,0,0,0,0,0,0,0
TF,GAI,43.954056,1.824167,0, ,0.0,0.0,0.0,0.0,0,0,0,0,0,0,0,0

SID,GAI2W,29,2
CD, ,0,0,0,AGN,0,0.0,292.0,24.5,0,0,0,0,0,0,0,0
CI,0, ,0.0,292.0,0,0,0,0,0,0,0,0
AF,GAI55,44.309219,0.652711,2,AGN,339.4,27.0,317.0,0,0,0,0,0,0,0,0
TF,SONGA,44.198889,1.013056,0, ,0.0,0.0,0.0,0.0,0,0,0,0,0,0,0,0
TF,GAI,43.954056,1.824167,0, ,0.0,0.0,0.0,0.0,0,0,0,0,0,0,0,0

SID,LMG2E,11,2
CF,AG,44.150694,0.673722,0,AGN,331.4,18.0,112.0,4.0,0,0,0,0,0,0,0,1
TF,LACOU,44.296778,0.904389,0, ,0.0,0.0,0.0,0.0,0,0,0,0,0,0,0,0
TF,LMG,45.815917,1.025583,0, ,0.0,0.0,0.0,0.0,0,0,0,0,0,0,0,0

SID,LMG2W,29,2
CD, ,0,0,0,AGN,0,0.0,292.0,24.5,0,0,0,0,0,0,0,0
CI,0, ,0.0,292.0,0,0,0,0,0,0,0,0
AF,AGN27,44.335906,0.811869,2,AGN,354.4,27.0,317.0,0,0,0,0,0,0,0,0
TF,AGN36,44.477881,0.918497,0, ,0.0,0.0,0.0,0.0,0,0,0,0,0,0,0,0
TF,LMG,45.815917,1.025583,0, ,0.0,0.0,0.0,0.0,0,0,0,0,0,0,0,0

SID,SAU2E,11,2
CA,0,112.0,2,810,0,0,0,0,0,0
CF,SAU,44.676806,-0.152917,2,AGN,317.3,64.8,317.0,47.0,0,0,0,0,0,0,0,0

SID,SAU2W,29,2
CD, ,0,0,0,AGN,0,0.0,292.0,23.0,0,0,0,0,0,0,0,0
CI,0, ,0.0,269.0,0,0,0,0,0,0,0,0
CF,SAU,44.676806,-0.152917,0,AGN,317.3,64.8,317.0,41.0,0,0,0,0,0,0,0,0

SID,SECH2E,11,2
CA,0,112.0,2,810,0,0,0,0,0,0
CF,SECHE,44.438611,0.515278,1,AGN,335.1,36.5,335.0,16.0,0,0,0,0,0,0,0,0

SID,SECH2W,29,2
CD, ,0,0,0,AGN,0,0.0,292.0,24.5,0,0,0,0,0,0,0,0
CI,0, ,0.0,20.0,0,0,0,0,0,0,0,0
CF,SECHE,44.438611,0.515278,0,AGN,335.1,36.5,335.0,5.0,0,0,0,0,0,0,0,0

SID,SONG2E,11,2
CF,AG,44.150694,0.673722,0,AGN,331.4,18.0,112.0,4.0,0,0,0,0,0,0,0,0
TF,SONGA,44.198889,1.013056,0, ,0.0,0.0,0.0,0.0,0,0,0,0,0,0,0,0

SID,SONG2W,29,2
CD, ,0,0,0,AGN,0,0.0,292.0,24.5,0,0,0,0,0,0,0,0
CI,0, ,0.0,292.0,0,0,0,0,0,0,0,0
AF,GAI55,44.309219,0.652711,2,AGN,339.4,27.0,317.0,0,0,0,0,0,0,0,0
TF,SONGA,44.198889,1.013056,0, ,0.0,0.0,0.0,0.0,0,0,0,0,0,0,0,0

STAR,AGN1G,ALL,2
IF,AGN,43.888028,0.872861, ,0.0,0.0,0,0,0,0,0,0,0,0
TF,AG,44.150694,0.673722,0, ,0.0,0.0,0.0,0.0,0,0,0,0,0,0,0,0

STAR,AGN1V,29,5
IF,AGN,43.888028,0.872861, ,0.0,0.0,0,0,0,0,0,0,0,0
TF,IBA29,44.105861,0.824139,0, ,0.0,0.0,0.0,0.0,0,0,0,0,0,0,0,0

STAR,LACO1G,ALL,2
IF,LACOU,44.296778,0.904389, ,0.0,0.0,0,0,0,0,0,0,0,0
TF,AG,44.150694,0.673722,0, ,0.0,0.0,0.0,0.0,0,0,0,0,0,0,0,0

STAR,LACO1V,29,5
IF,LACOU,44.296778,0.904389, ,0.0,0.0,0,0,0,0,0,0,0,0
TF,BA306,44.175222,0.863750,0, ,0.0,0.0,0.0,0.0,0,0,0,0,0,0,0,0

STAR,OVDI1G,ALL,2
IF,TOU,43.680833,1.309806, ,0.0,0.0,0,0,0,0,0,0,0,0
TF,D335W,44.027275,1.082931,0, ,0.0,0.0,0.0,0.0,0,0,0,0,0,0,0,0
TF,OVDIL,44.088194,0.888056,0, ,0.0,0.0,0.0,0.0,0,0,0,0,0,0,0,0
TF,AG,44.150694,0.673722,0, ,0.0,0.0,0.0,0.0,0,0,0,0,0,0,0,0

STAR,SECH1G,ALL,2
IF,SECHE,44.438611,0.515278, ,0.0,0.0,0,0,0,0,0,0,0,0
TF,AG,44.150694,0.673722,0, ,0.0,0.0,0.0,0.0,0,0,0,0,0,0,0,0

STAR,SONG1G,ALL,2
IF,SONGA,44.198889,1.013056, ,0.0,0.0,0,0,0,0,0,0,0,0
TF,AG,44.150694,0.673722,0, ,0.0,0.0,0.0,0.0,0,0,0,0,0,0,0,0

APPTR,R29,29,BA306
IF,BA306,44.175222,0.863750, ,0.0,0.0,2,2500,0,1,200,0,1,0
TF,IBA29,44.105861,0.824139,0, ,0.0,0.0,0.0,0.0,2,2500,0,1,200,0,1,0

APPTR,R29,29,BA308
IF,BA308,44.036472,0.784639, ,0.0,0.0,2,2500,0,1,200,0,1,0
TF,IBA29,44.105861,0.824139,0, ,0.0,0.0,0.0,0.0,2,2500,0,1,200,0,1,0

APPTR,R29,29,IBA29
IF,IBA29,44.105861,0.824139, ,0.0,0.0,3,3500,0,1,200,0,1,0
HF,IBA29,44.105861,0.824139,1, ,0.0,0.0,292.0,04.3,2,2500,0,1,190,0,0,0,0

FINAL,R29,29,R,3
IF,IBA29,44.105861,0.824139, ,0.0,0.0,2,2500,0,1,200,0,0,0
TF,FBA29,44.131194,0.738528,0, ,0.0,0.0,292.0,4.0,2,2500,0,0,0,0,2,0
TF,RW29,44.171706,0.600872,0, ,0.0,0.0,292.0,6.4,1,250,0,0,0,0,3,1
TF,BA310,44.201861,0.497889,0, ,0.0,0.0,0.0,0.0,0,0,0,1,200,0,0,1
DF,BA312,44.226556,0.644917,2, ,0.0,0.0,0,0,0,1,200,0,0,0
TF,BA306,44.175222,0.863750,0, ,0.0,0.0,0.0,0.0,2,3500,0,1,200,0,0,0

