SID,AFRI5A,14L,2
CA,0,143.0,2,2500,0,0,0,0,0,0
CF,D143H,43.574278,1.420189,0,TOU,143.0,8.0,143.0,1.0,0,0,0,0,0,0,0,0
FA,D143H,43.574278,1.420189,0,TOU,0.0,0.0,143.0,2,4000,0,0,0,0,0,0
CF,D086L,43.694661,1.589092,1,TOU,86.0,12.2,33.0,11.0,0,0,0,0,0,0,0,0
TF,FINOT,43.715083,2.029889,0, ,0.0,0.0,0.0,0.0,0,0,0,0,0,0,0,0
TF,AFRIC,43.774167,2.869167,0, ,0.0,0.0,0.0,0.0,0,0,0,0,0,0,0,0

SID,AFRI5A,14R,2
CA,0,143.0,2,2500,0,0,0,0,0,0
CF,D143H,43.574278,1.420189,0,TOU,143.0,8.0,143.0,1.0,0,0,0,0,0,0,0,0
FA,D143H,43.574278,1.420189,0,TOU,0.0,0.0,143.0,2,4000,0,0,0,0,0,0
CF,D086L,43.694661,1.589092,1,TOU,86.0,12.2,33.0,11.0,0,0,0,0,0,0,0,0
TF,FINOT,43.715083,2.029889,0, ,0.0,0.0,0.0,0.0,0,0,0,0,0,0,0,0
TF,AFRIC,43.774167,2.869167,0, ,0.0,0.0,0.0,0.0,0,0,0,0,0,0,0,0

SID,AFRI5B,32L,2
CD, ,0,0,0,TOU,0,0.0,323.0,2.0,0,0,0,0,0,0,0,0
CF,TOU,43.680833,1.309806,0,TOU,0.0,0.0,323.0,2.0,0,0,0,0,0,0,0,1
CI,2, ,0.0,115.0,0,0,0,0,0,0,0,0
CF,FINOT,43.715083,2.029889,0,TOU,86.0,31.4,86.0,25.0,0,0,0,0,0,0,0,0
TF,AFRIC,43.774167,2.869167,0, ,0.0,0.0,0.0,0.0,0,0,0,0,0,0,0,0

SID,AFRI5B,32R,2
CD, ,0,0,0,TOU,0,0.0,323.0,2.0,0,0,0,0,0,0,0,0
CF,TOU,43.680833,1.309806,0,TOU,0.0,0.0,323.0,2.0,0,0,0,0,0,0,0,1
CI,2, ,0.0,115.0,0,0,0,0,0,0,0,0
CF,FINOT,43.715083,2.029889,0,TOU,86.0,31.4,86.0,25.0,0,0,0,0,0,0,0,0
TF,AFRIC,43.774167,2.869167,0, ,0.0,0.0,0.0,0.0,0,0,0,0,0,0,0,0

SID,AFRI5H,14L,2
CA,0,143.0,2,800,0,0,0,0,0,0
CF,D086G,43.689411,1.481381,1,TOU,86.0,7.5,43.0,7.0,0,0,0,0,0,0,0,0
TF,FINOT,43.715083,2.029889,0, ,0.0,0.0,0.0,0.0,0,0,0,0,0,0,0,0
TF,AFRIC,43.774167,2.869167,0, ,0.0,0.0,0.0,0.0,0,0,0,0,0,0,0,0

SID,AFRI5H,14R,2
CA,0,143.0,2,800,0,0,0,0,0,0
CF,D086G,43.689411,1.481381,1,TOU,86.0,7.5,43.0,7.0,0,0,0,0,0,0,0,0
TF,FINOT,43.715083,2.029889,0, ,0.0,0.0,0.0,0.0,0,0,0,0,0,0,0,0
TF,AFRIC,43.774167,2.869167,0, ,0.0,0.0,0.0,0.0,0,0,0,0,0,0,0,0

SID,AGN5P,32L,2
CD, ,0,0,0,TOU,0,0.0,323.0,2.0,0,0,0,0,0,0,0,0
CF,TOU,43.680833,1.309806,0,TOU,0.0,0.0,323.0,2.0,0,0,0,0,0,0,0,0
TF,AGN,43.888028,0.872861,0, ,0.0,0.0,0.0,0.0,0,0,0,0,0,0,0,0

SID,AGN5P,32R,2
CD, ,0,0,0,TOU,0,0.0,323.0,2.0,0,0,0,0,0,0,0,0
CF,TOU,43.680833,1.309806,0,TOU,0.0,0.0,323.0,2.0,0,0,0,0,0,0,0,0
TF,AGN,43.888028,0.872861,0, ,0.0,0.0,0.0,0.0,0,0,0,0,0,0,0,0

SID,AMOL5A,14L,2
CA,0,143.0,2,2500,0,0,0,0,0,0
CF,D143H,43.574278,1.420189,0,TOU,143.0,8.0,143.0,1.0,0,0,0,0,0,0,0,0
FA,D143H,43.574278,1.420189,0,TOU,0.0,0.0,143.0,2,4000,0,0,0,0,0,0
CF,D065S,43.812806,1.697556,1,TOU,64.7,18.6,33.0,19.0,0,0,0,0,0,0,0,0
TF,MEDAP,43.921667,2.021667,0, ,0.0,0.0,0.0,0.0,0,0,0,0,0,0,0,0
TF,AMOLO,43.828056,2.578889,0, ,0.0,0.0,0.0,0.0,2,20000,0,0,0,0,0,0

SID,AMOL5A,14R,2
CA,0,143.0,2,2500,0,0,0,0,0,0
CF,D143H,43.574278,1.420189,0,TOU,143.0,8.0,143.0,1.0,0,0,0,0,0,0,0,0
FA,D143H,43.574278,1.420189,0,TOU,0.0,0.0,143.0,2,4000,0,0,0,0,0,0
CF,D065S,43.812806,1.697556,1,TOU,64.7,18.6,33.0,19.0,0,0,0,0,0,0,0,0
TF,MEDAP,43.921667,2.021667,0, ,0.0,0.0,0.0,0.0,0,0,0,0,0,0,0,0
TF,AMOLO,43.828056,2.578889,0, ,0.0,0.0,0.0,0.0,2,20000,0,0,0,0,0,0

SID,AMOL5B,32L,2
CD, ,0,0,0,TOU,0,0.0,323.0,2.0,0,0,0,0,0,0,0,0
CF,TOU,43.680833,1.309806,0,TOU,0.0,0.0,323.0,2.0,0,0,0,0,0,0,0,1
CI,2, ,0.0,95.0,0,0,0,0,0,0,0,0
CF,MEDAP,43.921667,2.021667,0,TOU,64.7,34.1,65.0,29.0,0,0,0,0,0,0,0,0
TF,AMOLO,43.828056,2.578889,0, ,0.0,0.0,0.0,0.0,2,20000,0,0,0,0,0,0

SID,AMOL5B,32R,2
CD, ,0,0,0,TOU,0,0.0,323.0,2.0,0,0,0,0,0,0,0,0
CF,TOU,43.680833,1.309806,0,TOU,0.0,0.0,323.0,2.0,0,0,0,0,0,0,0,1
CI,2, ,0.0,95.0,0,0,0,0,0,0,0,0
CF,MEDAP,43.921667,2.021667,0,TOU,64.7,34.1,65.0,29.0,0,0,0,0,0,0,0,0
TF,AMOLO,43.828056,2.578889,0, ,0.0,0.0,0.0,0.0,2,20000,0,0,0,0,0,0

SID,AMOL5H,14L,2
CA,0,143.0,2,800,0,0,0,0,0,0
CF,D065N,43.779872,1.600267,1,TOU,64.7,14.0,43.0,14.0,0,0,0,0,0,0,0,0
TF,MEDAP,43.921667,2.021667,0, ,0.0,0.0,0.0,0.0,0,0,0,0,0,0,0,0
TF,AMOLO,43.828056,2.578889,0, ,0.0,0.0,0.0,0.0,2,20000,0,0,0,0,0,0

SID,AMOL5H,14R,2
CA,0,143.0,2,800,0,0,0,0,0,0
CF,D065N,43.779872,1.600267,1,TOU,64.7,14.0,43.0,14.0,0,0,0,0,0,0,0,0
TF,MEDAP,43.921667,2.021667,0, ,0.0,0.0,0.0,0.0,0,0,0,0,0,0,0,0
TF,AMOLO,43.828056,2.578889,0, ,0.0,0.0,0.0,0.0,2,20000,0,0,0,0,0,0

SID,ANET5A,14L,2
CA,0,143.0,2,2500,0,0,0,0,0,0
CF,TS,43.507278,1.486778,0,TOU,143.4,13.0,143.0,6.0,0,0,0,0,0,0,0,1
TF,D227R,43.300819,1.184222,0, ,0.0,0.0,0.0,0.0,0,0,0,0,0,0,0,0
TF,TOU28,43.308850,0.939667,0, ,0.0,0.0,0.0,0.0,0,0,0,0,0,0,0,0
TF,GAUDE,43.000000,0.636667,0, ,0.0,0.0,0.0,0.0,2,20000,0,0,0,0,0,0
TF,ANETO,42.693000,0.558444,0, ,0.0,0.0,0.0,0.0,0,0,0,0,0,0,0,0

SID,ANET5A,14R,2
CA,0,143.0,2,2500,0,0,0,0,0,0
CF,TS,43.507278,1.486778,0,TOU,143.4,13.0,143.0,6.0,0,0,0,0,0,0,0,1
TF,D227R,43.300819,1.184222,0, ,0.0,0.0,0.0,0.0,0,0,0,0,0,0,0,0
TF,TOU28,43.308850,0.939667,0, ,0.0,0.0,0.0,0.0,0,0,0,0,0,0,0,0
TF,GAUDE,43.000000,0.636667,0, ,0.0,0.0,0.0,0.0,2,20000,0,0,0,0,0,0
TF,ANETO,42.693000,0.558444,0, ,0.0,0.0,0.0,0.0,0,0,0,0,0,0,0,0

SID,ANET5B,32L,2
CD, ,0,0,0,TOU,0,0.0,323.0,2.0,0,0,0,0,0,0,0,0
CF,TOU,43.680833,1.309806,0,TOU,0.0,0.0,323.0,2.0,0,0,0,0,0,0,0,0
FA,TOU,43.680833,1.309806,0,TOU,0.0,0.0,307.0,2,4000,0,0,0,0,0,0
CI,1, ,0.0,177.0,0,0,0,0,0,0,0,0
CF,GAUDE,43.000000,0.636667,0,TOU,216.1,50.4,216.0,38.0,2,20000,0,0,0,0,0,0
TF,ANETO,42.693000,0.558444,0, ,0.0,0.0,0.0,0.0,0,0,0,0,0,0,0,0

SID,ANET5B,32R,2
CD, ,0,0,0,TOU,0,0.0,323.0,2.0,0,0,0,0,0,0,0,0
CF,TOU,43.680833,1.309806,0,TOU,0.0,0.0,323.0,2.0,0,0,0,0,0,0,0,0
FA,TOU,43.680833,1.309806,0,TOU,0.0,0.0,307.0,2,4000,0,0,0,0,0,0
CI,1, ,0.0,177.0,0,0,0,0,0,0,0,0
CF,GAUDE,43.000000,0.636667,0,TOU,216.1,50.4,216.0,38.0,2,20000,0,0,0,0,0,0
TF,ANETO,42.693000,0.558444,0, ,0.0,0.0,0.0,0.0,0,0,0,0,0,0,0,0

SID,DEPE5A,14L,2
CA,0,143.0,2,2500,0,0,0,0,0,0
CF,D143H,43.574278,1.420189,0,TOU,143.0,8.0,143.0,1.0,0,0,0,0,0,0,0,0
FA,D143H,43.574278,1.420189,0,TOU,0.0,0.0,143.0,2,4000,0,0,0,0,0,0
CF,GAI,43.954056,1.824167,1,TOU,53.6,27.7,33.0,29.0,0,0,0,0,0,0,0,0
TF,DEPES,44.123333,2.164444,0, ,0.0,0.0,0.0,0.0,0,0,0,0,0,0,0,0

SID,DEPE5A,14R,2
CA,0,143.0,2,2500,0,0,0,0,0,0
CF,D143H,43.574278,1.420189,0,TOU,143.0,8.0,143.0,1.0,0,0,0,0,0,0,0,0
FA,D143H,43.574278,1.420189,0,TOU,0.0,0.0,143.0,2,4000,0,0,0,0,0,0
CF,GAI,43.954056,1.824167,1,TOU,53.6,27.7,33.0,29.0,0,0,0,0,0,0,0,0
TF,DEPES,44.123333,2.164444,0, ,0.0,0.0,0.0,0.0,0,0,0,0,0,0,0,0

SID,DEPE5B,32L,2
CD, ,0,0,0,TOU,0,0.0,323.0,2.0,0,0,0,0,0,0,0,0
CF,TOU,43.680833,1.309806,0,TOU,0.0,0.0,323.0,2.0,0,0,0,0,0,0,0,1
CI,2, ,0.0,84.0,0,0,0,0,0,0,0,0
CF,GAI,43.954056,1.824167,0,TOU,53.6,27.7,53.0,23.0,0,0,0,0,0,0,0,0
TF,DEPES,44.123333,2.164444,0, ,0.0,0.0,0.0,0.0,0,0,0,0,0,0,0,0

SID,DEPE5B,32R,2
CD, ,0,0,0,TOU,0,0.0,323.0,2.0,0,0,0,0,0,0,0,0
CF,TOU,43.680833,1.309806,0,TOU,0.0,0.0,323.0,2.0,0,0,0,0,0,0,0,1
CI,2, ,0.0,84.0,0,0,0,0,0,0,0,0
CF,GAI,43.954056,1.824167,0,TOU,53.6,27.7,53.0,23.0,0,0,0,0,0,0,0,0
TF,DEPES,44.123333,2.164444,0, ,0.0,0.0,0.0,0.0,0,0,0,0,0,0,0,0

SID,DEPE5H,14L,2
CA,0,143.0,2,800,0,0,0,0,0,0
CF,GAI,43.954056,1.824167,1,TOU,53.6,27.7,43.0,28.0,0,0,0,0,0,0,0,0
TF,DEPES,44.123333,2.164444,0, ,0.0,0.0,0.0,0.0,0,0,0,0,0,0,0,0

SID,DEPE5H,14R,2
CA,0,143.0,2,800,0,0,0,0,0,0
CF,GAI,43.954056,1.824167,1,TOU,53.6,27.7,43.0,28.0,0,0,0,0,0,0,0,0
TF,DEPES,44.123333,2.164444,0, ,0.0,0.0,0.0,0.0,0,0,0,0,0,0,0,0

SID,FINO5A,14L,2
CA,0,143.0,2,2500,0,0,0,0,0,0
CF,D143H,43.574278,1.420189,0,TOU,143.0,8.0,143.0,1.0,0,0,0,0,0,0,0,0
FA,D143H,43.574278,1.420189,0,TOU,0.0,0.0,143.0,2,4000,0,0,0,0,0,0
CF,D086L,43.694661,1.589092,1,TOU,86.0,12.2,33.0,11.0,0,0,0,0,0,0,0,0
TF,FINOT,43.715083,2.029889,0, ,0.0,0.0,0.0,0.0,0,0,0,0,0,0,0,0

SID,FINO5A,14R,2
CA,0,143.0,2,2500,0,0,0,0,0,0
CF,D143H,43.574278,1.420189,0,TOU,143.0,8.0,143.0,1.0,0,0,0,0,0,0,0,0
FA,D143H,43.574278,1.420189,0,TOU,0.0,0.0,143.0,2,4000,0,0,0,0,0,0
CF,D086L,43.694661,1.589092,1,TOU,86.0,12.2,33.0,11.0,0,0,0,0,0,0,0,0
TF,FINOT,43.715083,2.029889,0, ,0.0,0.0,0.0,0.0,0,0,0,0,0,0,0,0

SID,FINO5B,32L,2
CD, ,0,0,0,TOU,0,0.0,323.0,2.0,0,0,0,0,0,0,0,0
CF,TOU,43.680833,1.309806,0,TOU,0.0,0.0,323.0,2.0,0,0,0,0,0,0,0,1
CI,2, ,0.0,115.0,0,0,0,0,0,0,0,0
CF,FINOT,43.715083,2.029889,0,TOU,86.0,31.4,86.0,25.0,0,0,0,0,0,0,0,0

SID,FINO5B,32R,2
CD, ,0,0,0,TOU,0,0.0,323.0,2.0,0,0,0,0,0,0,0,0
CF,TOU,43.680833,1.309806,0,TOU,0.0,0.0,323.0,2.0,0,0,0,0,0,0,0,1
CI,2, ,0.0,115.0,0,0,0,0,0,0,0,0
CF,FINOT,43.715083,2.029889,0,TOU,86.0,31.4,86.0,25.0,0,0,0,0,0,0,0,0

SID,FINO5H,14L,2
CA,0,143.0,2,800,0,0,0,0,0,0
CF,D086G,43.689411,1.481381,1,TOU,86.0,7.5,43.0,6.0,0,0,0,0,0,0,0,0
TF,FINOT,43.715083,2.029889,0, ,0.0,0.0,0.0,0.0,0,0,0,0,0,0,0,0

SID,FINO5H,14R,2
CA,0,143.0,2,800,0,0,0,0,0,0
CF,D086G,43.689411,1.481381,1,TOU,86.0,7.5,43.0,6.0,0,0,0,0,0,0,0,0
TF,FINOT,43.715083,2.029889,0, ,0.0,0.0,0.0,0.0,0,0,0,0,0,0,0,0

SID,FIST5A,14L,2
CA,0,143.0,2,2500,0,0,0,0,0,0
CF,D143H,43.574278,1.420189,0,TOU,143.0,8.0,143.0,1.0,0,0,0,0,0,0,0,0
FA,D143H,43.574278,1.420189,0,TOU,0.0,0.0,143.0,2,4000,0,0,0,0,0,0
CF,TOU,43.680833,1.309806,2,TOU,0.0,0.0,355.0,10.0,0,0,0,0,0,0,0,0
TF,FISTO,44.461389,1.227222,0, ,0.0,0.0,0.0,0.0,0,0,0,0,0,0,0,0

SID,FIST5A,14R,2
CA,0,143.0,2,2500,0,0,0,0,0,0
CF,D143H,43.574278,1.420189,0,TOU,143.0,8.0,143.0,1.0,0,0,0,0,0,0,0,0
FA,D143H,43.574278,1.420189,0,TOU,0.0,0.0,143.0,2,4000,0,0,0,0,0,0
CF,TOU,43.680833,1.309806,2,TOU,0.0,0.0,355.0,10.0,0,0,0,0,0,0,0,0
TF,FISTO,44.461389,1.227222,0, ,0.0,0.0,0.0,0.0,0,0,0,0,0,0,0,0

SID,FIST5B,32L,2
CD, ,0,0,0,TOU,0,0.0,323.0,2.0,0,0,0,0,0,0,0,0
CF,TOU,43.680833,1.309806,0,TOU,0.0,0.0,323.0,2.0,0,0,0,0,0,0,0,0
TF,FISTO,44.461389,1.227222,0, ,0.0,0.0,0.0,0.0,0,0,0,0,0,0,0,0

SID,FIST5B,32R,2
CD, ,0,0,0,TOU,0,0.0,323.0,2.0,0,0,0,0,0,0,0,0
CF,TOU,43.680833,1.309806,0,TOU,0.0,0.0,323.0,2.0,0,0,0,0,0,0,0,0
TF,FISTO,44.461389,1.227222,0, ,0.0,0.0,0.0,0.0,0,0,0,0,0,0,0,0

SID,FIST5H,14L,2
CA,0,143.0,2,1000,0,0,0,0,0,0
CF,TOU,43.680833,1.309806,2,TOU,0.0,0.0,355.0,7.0,2,4000,0,0,0,0,0,1
TF,FISTO,44.461389,1.227222,0, ,0.0,0.0,0.0,0.0,0,0,0,0,0,0,0,0

SID,FIST5H,14R,2
CA,0,143.0,2,1000,0,0,0,0,0,0
CF,TOU,43.680833,1.309806,2,TOU,0.0,0.0,355.0,7.0,2,4000,0,0,0,0,0,1
TF,FISTO,44.461389,1.227222,0, ,0.0,0.0,0.0,0.0,0,0,0,0,0,0,0,0

SID,FIST5P,32L,4
CA,0,323.0,2,900,0,0,0,0,0,0
CF,TOU,43.680833,1.309806,0,TOU,0.0,0.0,324.0,3.0,0,0,0,0,0,0,0,0

SID,FIST5P,32R,4
CA,0,323.0,2,900,0,0,0,0,0,0
CF,TOU,43.680833,1.309806,0,TOU,0.0,0.0,321.0,3.0,0,0,0,0,0,0,0,0

SID,FIST5P,ALL,5
IF,TOU,43.680833,1.309806, ,0.0,0.0,0,0,0,0,0,0,0,0
TF,BO322,43.771250,1.250861,0, ,0.0,0.0,0.0,0.0,0,0,0,0,0,0,0,1
TF,BO323,44.126389,1.238778,0, ,0.0,0.0,0.0,0.0,0,0,0,0,0,0,0,0
TF,FISTO,44.461389,1.227222,0, ,0.0,0.0,0.0,0.0,0,0,0,0,0,0,0,0

SID,FIST5Q,32L,5
CA,0,323.0,2,1500,0,0,0,0,0,0
DF,BO320,43.722222,1.264444,0, ,0.0,0.0,0,0,0,0,0,0,0,0
TF,BO322,43.771250,1.250861,0, ,0.0,0.0,0.0,0.0,0,0,0,0,0,0,0,0
TF,FISTO,44.461389,1.227222,0, ,0.0,0.0,0.0,0.0,0,0,0,0,0,0,0,0

SID,FIST5Q,32R,5
CA,0,323.0,2,1500,0,0,0,0,0,0
DF,BO320,43.722222,1.264444,0, ,0.0,0.0,0,0,0,0,0,0,0,0
TF,BO322,43.771250,1.250861,0, ,0.0,0.0,0.0,0.0,0,0,0,0,0,0,0,0
TF,FISTO,44.461389,1.227222,0, ,0.0,0.0,0.0,0.0,0,0,0,0,0,0,0,0

SID,FIST5R,14L,5
CA,0,143.0,2,1500,0,1,220,0,0,0
DF,BO421,43.569194,1.426139,0, ,0.0,0.0,0,0,0,1,220,0,0,1
DF,BO423,43.539972,1.289972,2, ,0.0,0.0,2,7000,0,1,220,0,0,0
TF,BO425,43.673167,1.299111,0, ,0.0,0.0,0.0,0.0,0,0,0,0,0,0,0,0
TF,FISTO,44.461389,1.227222,0, ,0.0,0.0,0.0,0.0,0,0,0,0,0,0,0,0

SID,FIST5R,14R,5
CA,0,143.0,2,1500,0,1,220,0,0,0
DF,BO421,43.569194,1.426139,0, ,0.0,0.0,0,0,0,1,220,0,0,1
DF,BO423,43.539972,1.289972,2, ,0.0,0.0,2,7000,0,1,220,0,0,0
TF,BO425,43.673167,1.299111,0, ,0.0,0.0,0.0,0.0,0,0,0,0,0,0,0,0
TF,FISTO,44.461389,1.227222,0, ,0.0,0.0,0.0,0.0,0,0,0,0,0,0,0,0

SID,FIST5S,14L,5
CA,0,143.0,2,1500,0,0,0,0,0,0
DF,BO421,43.569194,1.426139,0, ,0.0,0.0,0,0,0,1,240,0,0,0
TF,BO432,43.523861,1.468972,0, ,0.0,0.0,0.0,0.0,0,0,0,0,0,0,0,0
TF,BO422,43.477667,1.512556,0, ,0.0,0.0,0.0,0.0,0,0,0,0,0,0,0,1
DF,BO423,43.539972,1.289972,2, ,0.0,0.0,2,7000,0,0,0,0,0,0
TF,BO425,43.673167,1.299111,0, ,0.0,0.0,0.0,0.0,0,0,0,0,0,0,0,0
TF,FISTO,44.461389,1.227222,0, ,0.0,0.0,0.0,0.0,0,0,0,0,0,0,0,0

SID,FIST5S,14R,5
CA,0,143.0,2,1500,0,0,0,0,0,0
DF,BO421,43.569194,1.426139,0, ,0.0,0.0,0,0,0,1,240,0,0,0
TF,BO432,43.523861,1.468972,0, ,0.0,0.0,0.0,0.0,0,0,0,0,0,0,0,0
TF,BO422,43.477667,1.512556,0, ,0.0,0.0,0.0,0.0,0,0,0,0,0,0,0,1
DF,BO423,43.539972,1.289972,2, ,0.0,0.0,2,7000,0,0,0,0,0,0
TF,BO425,43.673167,1.299111,0, ,0.0,0.0,0.0,0.0,0,0,0,0,0,0,0,0
TF,FISTO,44.461389,1.227222,0, ,0.0,0.0,0.0,0.0,0,0,0,0,0,0,0,0

SID,GAI5A,14L,2
CA,0,143.0,2,2500,0,0,0,0,0,0
CF,D143H,43.574278,1.420189,0,TOU,143.0,8.0,143.0,1.0,0,0,0,0,0,0,0,0
FA,D143H,43.574278,1.420189,0,TOU,0.0,0.0,143.0,2,4000,0,0,0,0,0,0
CF,GAI,43.954056,1.824167,1,TOU,53.6,27.7,33.0,29.0,0,0,0,0,0,0,0,0

SID,GAI5A,14R,2
CA,0,143.0,2,2500,0,0,0,0,0,0
CF,D143H,43.574278,1.420189,0,TOU,143.0,8.0,143.0,1.0,0,0,0,0,0,0,0,0
FA,D143H,43.574278,1.420189,0,TOU,0.0,0.0,143.0,2,4000,0,0,0,0,0,0
CF,GAI,43.954056,1.824167,1,TOU,53.6,27.7,33.0,29.0,0,0,0,0,0,0,0,0

SID,GAI5B,32L,2
CD, ,0,0,0,TOU,0,0.0,323.0,2.0,0,0,0,0,0,0,0,0
CF,TOU,43.680833,1.309806,0,TOU,0.0,0.0,323.0,2.0,0,0,0,0,0,0,0,1
CI,2, ,0.0,84.0,0,0,0,0,0,0,0,0
CF,GAI,43.954056,1.824167,0,TOU,53.6,27.7,53.0,23.0,0,0,0,0,0,0,0,0

SID,GAI5B,32R,2
CD, ,0,0,0,TOU,0,0.0,323.0,2.0,0,0,0,0,0,0,0,0
CF,TOU,43.680833,1.309806,0,TOU,0.0,0.0,323.0,2.0,0,0,0,0,0,0,0,1
CI,2, ,0.0,84.0,0,0,0,0,0,0,0,0
CF,GAI,43.954056,1.824167,0,TOU,53.6,27.7,53.0,23.0,0,0,0,0,0,0,0,0

SID,GAI5H,14L,2
CA,0,143.0,2,800,0,0,0,0,0,0
CF,GAI,43.954056,1.824167,1,TOU,53.6,27.7,43.0,28.0,0,0,0,0,0,0,0,0

SID,GAI5H,14R,2
CA,0,143.0,2,800,0,0,0,0,0,0
CF,GAI,43.954056,1.824167,1,TOU,53.6,27.7,43.0,28.0,0,0,0,0,0,0,0,0

SID,LACO5A,14L,2
CA,0,143.0,2,2500,0,0,0,0,0,0
CF,D143H,43.574278,1.420189,0,TOU,143.0,8.0,143.0,1.0,0,0,0,0,0,0,0,0
FA,D143H,43.574278,1.420189,0,TOU,0.0,0.0,143.0,2,4000,0,0,0,0,0,0
CF,TOU,43.680833,1.309806,2,TOU,0.0,0.0,355.0,10.0,0,0,0,0,0,0,0,0
TF,D335W,44.027275,1.082931,0, ,0.0,0.0,0.0,0.0,0,0,0,0,0,0,0,0
TF,LACOU,44.296778,0.904389,0, ,0.0,0.0,0.0,0.0,0,0,0,0,0,0,0,0

SID,LACO5A,14R,2
CA,0,143.0,2,2500,0,0,0,0,0,0
CF,D143H,43.574278,1.420189,0,TOU,143.0,8.0,143.0,1.0,0,0,0,0,0,0,0,0
FA,D143H,43.574278,1.420189,0,TOU,0.0,0.0,143.0,2,4000,0,0,0,0,0,0
CF,TOU,43.680833,1.309806,2,TOU,0.0,0.0,355.0,10.0,0,0,0,0,0,0,0,0
TF,D335W,44.027275,1.082931,0, ,0.0,0.0,0.0,0.0,0,0,0,0,0,0,0,0
TF,LACOU,44.296778,0.904389,0, ,0.0,0.0,0.0,0.0,0,0,0,0,0,0,0,0

SID,LACO5B,32L,2
CD, ,0,0,0,TOU,0,0.0,323.0,2.0,0,0,0,0,0,0,0,0
CF,TOU,43.680833,1.309806,0,TOU,0.0,0.0,323.0,2.0,0,0,0,0,0,0,0,0
TF,D335W,44.027275,1.082931,0, ,0.0,0.0,0.0,0.0,0,0,0,0,0,0,0,0
TF,LACOU,44.296778,0.904389,0, ,0.0,0.0,0.0,0.0,0,0,0,0,0,0,0,0

SID,LACO5B,32R,2
CD, ,0,0,0,TOU,0,0.0,323.0,2.0,0,0,0,0,0,0,0,0
CF,TOU,43.680833,1.309806,0,TOU,0.0,0.0,323.0,2.0,0,0,0,0,0,0,0,0
TF,D335W,44.027275,1.082931,0, ,0.0,0.0,0.0,0.0,0,0,0,0,0,0,0,0
TF,LACOU,44.296778,0.904389,0, ,0.0,0.0,0.0,0.0,0,0,0,0,0,0,0,0

SID,LACO5H,14L,2
CA,0,143.0,2,1000,0,0,0,0,0,0
CF,TOU,43.680833,1.309806,2,TOU,0.0,0.0,355.0,7.0,2,4000,0,0,0,0,0,1
TF,D335W,44.027275,1.082931,0, ,0.0,0.0,0.0,0.0,0,0,0,0,0,0,0,0
TF,LACOU,44.296778,0.904389,0, ,0.0,0.0,0.0,0.0,0,0,0,0,0,0,0,0

SID,LACO5H,14R,2
CA,0,143.0,2,1000,0,0,0,0,0,0
CF,TOU,43.680833,1.309806,2,TOU,0.0,0.0,355.0,7.0,2,4000,0,0,0,0,0,1
TF,D335W,44.027275,1.082931,0, ,0.0,0.0,0.0,0.0,0,0,0,0,0,0,0,0
TF,LACOU,44.296778,0.904389,0, ,0.0,0.0,0.0,0.0,0,0,0,0,0,0,0,0

SID,LACO5Q,32L,5
CA,0,323.0,2,1500,0,0,0,0,0,0
DF,BO320,43.722222,1.264444,0, ,0.0,0.0,0,0,0,0,0,0,0,0
TF,LACOU,44.296778,0.904389,0, ,0.0,0.0,0.0,0.0,0,0,0,0,0,0,0,0

SID,LACO5Q,32R,5
CA,0,323.0,2,1500,0,0,0,0,0,0
DF,BO320,43.722222,1.264444,0, ,0.0,0.0,0,0,0,0,0,0,0,0
TF,LACOU,44.296778,0.904389,0, ,0.0,0.0,0.0,0.0,0,0,0,0,0,0,0,0

SID,LACO5R,14L,5
CA,0,143.0,2,1500,0,1,220,0,0,0
DF,BO421,43.569194,1.426139,0, ,0.0,0.0,0,0,0,1,220,0,0,1
DF,BO423,43.539972,1.289972,2, ,0.0,0.0,2,7000,0,1,220,0,0,0
TF,BO425,43.673167,1.299111,0, ,0.0,0.0,0.0,0.0,0,0,0,0,0,0,0,0
TF,LACOU,44.296778,0.904389,0, ,0.0,0.0,0.0,0.0,0,0,0,0,0,0,0,0

SID,LACO5R,14R,5
CA,0,143.0,2,1500,0,1,220,0,0,0
DF,BO421,43.569194,1.426139,0, ,0.0,0.0,0,0,0,1,220,0,0,1
DF,BO423,43.539972,1.289972,2, ,0.0,0.0,2,7000,0,1,220,0,0,0
TF,BO425,43.673167,1.299111,0, ,0.0,0.0,0.0,0.0,0,0,0,0,0,0,0,0
TF,LACOU,44.296778,0.904389,0, ,0.0,0.0,0.0,0.0,0,0,0,0,0,0,0,0

SID,LACO5S,14L,5
CA,0,143.0,2,1500,0,0,0,0,0,0
DF,BO421,43.569194,1.426139,0, ,0.0,0.0,0,0,0,1,240,0,0,0
TF,BO432,43.523861,1.468972,0, ,0.0,0.0,0.0,0.0,0,0,0,0,0,0,0,0
TF,BO422,43.477667,1.512556,0, ,0.0,0.0,0.0,0.0,0,0,0,0,0,0,0,1
DF,BO423,43.539972,1.289972,2, ,0.0,0.0,2,7000,0,0,0,0,0,0
TF,BO425,43.673167,1.299111,0, ,0.0,0.0,0.0,0.0,0,0,0,0,0,0,0,0
TF,LACOU,44.296778,0.904389,0, ,0.0,0.0,0.0,0.0,0,0,0,0,0,0,0,0

SID,LACO5S,14R,5
CA,0,143.0,2,1500,0,0,0,0,0,0
DF,BO421,43.569194,1.426139,0, ,0.0,0.0,0,0,0,1,240,0,0,0
TF,BO432,43.523861,1.468972,0, ,0.0,0.0,0.0,0.0,0,0,0,0,0,0,0,0
TF,BO422,43.477667,1.512556,0, ,0.0,0.0,0.0,0.0,0,0,0,0,0,0,0,1
DF,BO423,43.539972,1.289972,2, ,0.0,0.0,2,7000,0,0,0,0,0,0
TF,BO425,43.673167,1.299111,0, ,0.0,0.0,0.0,0.0,0,0,0,0,0,0,0,0
TF,LACOU,44.296778,0.904389,0, ,0.0,0.0,0.0,0.0,0,0,0,0,0,0,0,0

SID,LATE5A,14L,2
CA,0,143.0,2,2500,0,0,0,0,0,0
CF,TS,43.507278,1.486778,0,TOU,143.4,13.0,143.0,6.0,0,0,0,0,0,0,0,1
TF,D227R,43.300819,1.184222,0, ,0.0,0.0,0.0,0.0,0,0,0,0,0,0,0,0
TF,TOU28,43.308850,0.939667,0, ,0.0,0.0,0.0,0.0,0,0,0,0,0,0,0,0
TF,GAUDE,43.000000,0.636667,0, ,0.0,0.0,0.0,0.0,2,20000,0,0,0,0,0,0
TF,LATEK,42.875000,-0.656944,0, ,0.0,0.0,0.0,0.0,0,0,0,0,0,0,0,0

SID,LATE5A,14R,2
CA,0,143.0,2,2500,0,0,0,0,0,0
CF,TS,43.507278,1.486778,0,TOU,143.4,13.0,143.0,6.0,0,0,0,0,0,0,0,1
TF,D227R,43.300819,1.184222,0, ,0.0,0.0,0.0,0.0,0,0,0,0,0,0,0,0
TF,TOU28,43.308850,0.939667,0, ,0.0,0.0,0.0,0.0,0,0,0,0,0,0,0,0
TF,GAUDE,43.000000,0.636667,0, ,0.0,0.0,0.0,0.0,2,20000,0,0,0,0,0,0
TF,LATEK,42.875000,-0.656944,0, ,0.0,0.0,0.0,0.0,0,0,0,0,0,0,0,0

SID,LATE5B,32L,2
CD, ,0,0,0,TOU,0,0.0,323.0,2.0,0,0,0,0,0,0,0,0
CF,TOU,43.680833,1.309806,0,TOU,0.0,0.0,323.0,2.0,0,0,0,0,0,0,0,0
FA,TOU,43.680833,1.309806,0,TOU,0.0,0.0,307.0,2,4000,0,0,0,0,0,0
CI,1, ,0.0,177.0,0,0,0,0,0,0,0,0
CF,GAUDE,43.000000,0.636667,0,TOU,216.1,50.4,216.0,38.0,2,20000,0,0,0,0,0,0
TF,LATEK,42.875000,-0.656944,0, ,0.0,0.0,0.0,0.0,0,0,0,0,0,0,0,0

SID,LATE5B,32R,2
CD, ,0,0,0,TOU,0,0.0,323.0,2.0,0,0,0,0,0,0,0,0
CF,TOU,43.680833,1.309806,0,TOU,0.0,0.0,323.0,2.0,0,0,0,0,0,0,0,0
FA,TOU,43.680833,1.309806,0,TOU,0.0,0.0,307.0,2,4000,0,0,0,0,0,0
CI,1, ,0.0,177.0,0,0,0,0,0,0,0,0
CF,GAUDE,43.000000,0.636667,0,TOU,216.1,50.4,216.0,38.0,2,20000,0,0,0,0,0,0
TF,LATEK,42.875000,-0.656944,0, ,0.0,0.0,0.0,0.0,0,0,0,0,0,0,0,0

SID,LMB5A,14L,2
CA,0,143.0,2,2500,0,0,0,0,0,0
CF,TS,43.507278,1.486778,0,TOU,143.4,13.0,143.0,6.0,0,0,0,0,0,0,0,1
TF,D227R,43.300819,1.184222,0, ,0.0,0.0,0.0,0.0,0,0,0,0,0,0,0,0
TF,TALOL,43.321111,0.558333,0, ,0.0,0.0,0.0,0.0,0,0,0,0,0,0,0,0
TF,LMB,43.466667,-0.018417,0, ,0.0,0.0,0.0,0.0,0,0,0,0,0,0,0,0

SID,LMB5A,14R,2
CA,0,143.0,2,2500,0,0,0,0,0,0
CF,TS,43.507278,1.486778,0,TOU,143.4,13.0,143.0,6.0,0,0,0,0,0,0,0,1
TF,D227R,43.300819,1.184222,0, ,0.0,0.0,0.0,0.0,0,0,0,0,0,0,0,0
TF,TALOL,43.321111,0.558333,0, ,0.0,0.0,0.0,0.0,0,0,0,0,0,0,0,0
TF,LMB,43.466667,-0.018417,0, ,0.0,0.0,0.0,0.0,0,0,0,0,0,0,0,0

SID,LMB5B,32L,2
CD, ,0,0,0,TOU,0,0.0,323.0,2.0,0,0,0,0,0,0,0,0
CF,TOU,43.680833,1.309806,0,TOU,0.0,0.0,323.0,2.0,0,0,0,0,0,0,0,0
FA,TOU,43.680833,1.309806,0,TOU,0.0,0.0,307.0,2,4000,0,0,0,0,0,0
CI,1, ,0.0,213.0,0,0,0,0,0,0,0,0
CF,LMB,43.466667,-0.018417,0,TOU,258.0,59.3,258.0,48.0,0,0,0,0,0,0,0,0

SID,LMB5B,32R,2
CD, ,0,0,0,TOU,0,0.0,323.0,2.0,0,0,0,0,0,0,0,0
CF,TOU,43.680833,1.309806,0,TOU,0.0,0.0,323.0,2.0,0,0,0,0,0,0,0,0
FA,TOU,43.680833,1.309806,0,TOU,0.0,0.0,307.0,2,4000,0,0,0,0,0,0
CI,1, ,0.0,213.0,0,0,0,0,0,0,0,0
CF,LMB,43.466667,-0.018417,0,TOU,258.0,59.3,258.0,48.0,0,0,0,0,0,0,0,0

SID,MEN5A,14L,2
CA,0,143.0,2,2500,0,0,0,0,0,0
CF,D143H,43.574278,1.420189,0,TOU,143.0,8.0,143.0,1.0,0,0,0,0,0,0,0,0
FA,D143H,43.574278,1.420189,0,TOU,0.0,0.0,143.0,2,4000,0,0,0,0,0,0
CF,D065S,43.812806,1.697556,1,TOU,64.7,18.6,33.0,19.0,0,0,0,0,0,0,0,0
TF,BISBI,44.065278,2.456111,0, ,0.0,0.0,0.0,0.0,0,0,0,0,0,0,0,0
TF,MEN,44.608361,3.162417,0, ,0.0,0.0,0.0,0.0,0,0,0,0,0,0,0,0

SID,MEN5A,14R,2
CA,0,143.0,2,2500,0,0,0,0,0,0
CF,D143H,43.574278,1.420189,0,TOU,143.0,8.0,143.0,1.0,0,0,0,0,0,0,0,0
FA,D143H,43.574278,1.420189,0,TOU,0.0,0.0,143.0,2,4000,0,0,0,0,0,0
CF,D065S,43.812806,1.697556,1,TOU,64.7,18.6,33.0,19.0,0,0,0,0,0,0,0,0
TF,BISBI,44.065278,2.456111,0, ,0.0,0.0,0.0,0.0,0,0,0,0,0,0,0,0
TF,MEN,44.608361,3.162417,0, ,0.0,0.0,0.0,0.0,0,0,0,0,0,0,0,0

SID,MEN5B,32L,2
CD, ,0,0,0,TOU,0,0.0,323.0,2.0,0,0,0,0,0,0,0,0
CF,TOU,43.680833,1.309806,0,TOU,0.0,0.0,323.0,2.0,0,0,0,0,0,0,0,1
CI,2, ,0.0,95.0,0,0,0,0,0,0,0,0
CF,BISBI,44.065278,2.456111,0,TOU,64.7,54.8,65.0,49.0,0,0,0,0,0,0,0,0
TF,MEN,44.608361,3.162417,0, ,0.0,0.0,0.0,0.0,0,0,0,0,0,0,0,0

SID,MEN5B,32R,2
CD, ,0,0,0,TOU,0,0.0,323.0,2.0,0,0,0,0,0,0,0,0
CF,TOU,43.680833,1.309806,0,TOU,0.0,0.0,323.0,2.0,0,0,0,0,0,0,0,1
CI,2, ,0.0,95.0,0,0,0,0,0,0,0,0
CF,BISBI,44.065278,2.456111,0,TOU,64.7,54.8,65.0,49.0,0,0,0,0,0,0,0,0
TF,MEN,44.608361,3.162417,0, ,0.0,0.0,0.0,0.0,0,0,0,0,0,0,0,0

SID,MEN5H,14L,2
CA,0,143.0,2,800,0,0,0,0,0,0
CF,D065N,43.779872,1.600267,1,TOU,64.7,14.0,43.0,14.0,0,0,0,0,0,0,0,0
TF,BISBI,44.065278,2.456111,0, ,0.0,0.0,0.0,0.0,0,0,0,0,0,0,0,0
TF,MEN,44.608361,3.162417,0, ,0.0,0.0,0.0,0.0,0,0,0,0,0,0,0,0

SID,MEN5H,14R,2
CA,0,143.0,2,800,0,0,0,0,0,0
CF,D065N,43.779872,1.600267,1,TOU,64.7,14.0,43.0,14.0,0,0,0,0,0,0,0,0
TF,BISBI,44.065278,2.456111,0, ,0.0,0.0,0.0,0.0,0,0,0,0,0,0,0,0
TF,MEN,44.608361,3.162417,0, ,0.0,0.0,0.0,0.0,0,0,0,0,0,0,0,0

SID,OVDI5A,14L,2
CA,0,143.0,2,2500,0,0,0,0,0,0
CF,D143H,43.574278,1.420189,0,TOU,143.0,8.0,143.0,1.0,0,0,0,0,0,0,0,0
FA,D143H,43.574278,1.420189,0,TOU,0.0,0.0,143.0,2,4000,0,0,0,0,0,0
CF,TOU,43.680833,1.309806,2,TOU,0.0,0.0,355.0,10.0,0,0,0,0,0,0,0,0
TF,D335W,44.027275,1.082931,0, ,0.0,0.0,0.0,0.0,0,0,0,0,0,0,0,0
TF,OVDIL,44.088194,0.888056,0, ,0.0,0.0,0.0,0.0,0,0,0,0,0,0,0,0

SID,OVDI5A,14R,2
CA,0,143.0,2,2500,0,0,0,0,0,0
CF,D143H,43.574278,1.420189,0,TOU,143.0,8.0,143.0,1.0,0,0,0,0,0,0,0,0
FA,D143H,43.574278,1.420189,0,TOU,0.0,0.0,143.0,2,4000,0,0,0,0,0,0
CF,TOU,43.680833,1.309806,2,TOU,0.0,0.0,355.0,10.0,0,0,0,0,0,0,0,0
TF,D335W,44.027275,1.082931,0, ,0.0,0.0,0.0,0.0,0,0,0,0,0,0,0,0
TF,OVDIL,44.088194,0.888056,0, ,0.0,0.0,0.0,0.0,0,0,0,0,0,0,0,0

SID,OVDI5B,32L,2
CD, ,0,0,0,TOU,0,0.0,323.0,2.0,0,0,0,0,0,0,0,0
CF,TOU,43.680833,1.309806,0,TOU,0.0,0.0,323.0,2.0,0,0,0,0,0,0,0,0
TF,D335W,44.027275,1.082931,0, ,0.0,0.0,0.0,0.0,0,0,0,0,0,0,0,0
TF,OVDIL,44.088194,0.888056,0, ,0.0,0.0,0.0,0.0,0,0,0,0,0,0,0,0

SID,OVDI5B,32R,2
CD, ,0,0,0,TOU,0,0.0,323.0,2.0,0,0,0,0,0,0,0,0
CF,TOU,43.680833,1.309806,0,TOU,0.0,0.0,323.0,2.0,0,0,0,0,0,0,0,0
TF,D335W,44.027275,1.082931,0, ,0.0,0.0,0.0,0.0,0,0,0,0,0,0,0,0
TF,OVDIL,44.088194,0.888056,0, ,0.0,0.0,0.0,0.0,0,0,0,0,0,0,0,0

SID,OVDI5H,14L,2
CA,0,143.0,2,1000,0,0,0,0,0,0
CF,TOU,43.680833,1.309806,2,TOU,0.0,0.0,355.0,7.0,2,4000,0,0,0,0,0,1
TF,D335W,44.027275,1.082931,0, ,0.0,0.0,0.0,0.0,0,0,0,0,0,0,0,0
TF,OVDIL,44.088194,0.888056,0, ,0.0,0.0,0.0,0.0,0,0,0,0,0,0,0,0

SID,OVDI5H,14R,2
CA,0,143.0,2,1000,0,0,0,0,0,0
CF,TOU,43.680833,1.309806,2,TOU,0.0,0.0,355.0,7.0,2,4000,0,0,0,0,0,1
TF,D335W,44.027275,1.082931,0, ,0.0,0.0,0.0,0.0,0,0,0,0,0,0,0,0
TF,OVDIL,44.088194,0.888056,0, ,0.0,0.0,0.0,0.0,0,0,0,0,0,0,0,0

SID,PPG5A,14L,2
CA,0,143.0,2,2500,0,0,0,0,0,0
CF,TS,43.507278,1.486778,0,TOU,143.4,13.0,143.0,6.0,0,0,0,0,0,0,0,0
TF,GALDO,43.259444,1.745833,0, ,0.0,0.0,0.0,0.0,0,0,0,0,0,0,0,0
TF,TOU43,43.233742,2.069869,0, ,0.0,0.0,0.0,0.0,0,0,0,0,0,0,0,0
TF,MORIL,43.065833,2.350278,0, ,0.0,0.0,0.0,0.0,0,0,0,0,0,0,0,0
TF,PPG,42.750472,2.867139,0, ,0.0,0.0,0.0,0.0,0,0,0,0,0,0,0,0

SID,PPG5A,14R,2
CA,0,143.0,2,2500,0,0,0,0,0,0
CF,TS,43.507278,1.486778,0,TOU,143.4,13.0,143.0,6.0,0,0,0,0,0,0,0,0
TF,GALDO,43.259444,1.745833,0, ,0.0,0.0,0.0,0.0,0,0,0,0,0,0,0,0
TF,TOU43,43.233742,2.069869,0, ,0.0,0.0,0.0,0.0,0,0,0,0,0,0,0,0
TF,MORIL,43.065833,2.350278,0, ,0.0,0.0,0.0,0.0,0,0,0,0,0,0,0,0
TF,PPG,42.750472,2.867139,0, ,0.0,0.0,0.0,0.0,0,0,0,0,0,0,0,0

SID,PPG5B,32L,2
CD, ,0,0,0,TOU,0,0.0,323.0,2.0,0,0,0,0,0,0,0,0
CF,TOU,43.680833,1.309806,0,TOU,0.0,0.0,323.0,2.0,0,0,0,0,0,0,0,1
CI,2, ,0.0,176.0,0,0,0,0,0,0,0,0
FD,TOU,43.680833,1.309806,0,TOU,0.0,9.0,143.0,9.0,2,6000,0,0,0,0,0,0
CF,TS,43.507278,1.486778,0,TOU,144.4,13.0,143.0,4.0,0,0,0,0,0,0,0,0
TF,GALDO,43.259444,1.745833,0, ,0.0,0.0,0.0,0.0,0,0,0,0,0,0,0,0
TF,TOU43,43.233742,2.069869,0, ,0.0,0.0,0.0,0.0,0,0,0,0,0,0,0,0
TF,MORIL,43.065833,2.350278,0, ,0.0,0.0,0.0,0.0,0,0,0,0,0,0,0,0
TF,PPG,42.750472,2.867139,0, ,0.0,0.0,0.0,0.0,0,0,0,0,0,0,0,0

SID,PPG5B,32R,2
CD, ,0,0,0,TOU,0,0.0,323.0,2.0,0,0,0,0,0,0,0,0
CF,TOU,43.680833,1.309806,0,TOU,0.0,0.0,323.0,2.0,0,0,0,0,0,0,0,1
CI,2, ,0.0,176.0,0,0,0,0,0,0,0,0
FD,TOU,43.680833,1.309806,0,TOU,0.0,9.0,143.0,9.0,2,6000,0,0,0,0,0,0
CF,TS,43.507278,1.486778,0,TOU,144.4,13.0,143.0,4.0,0,0,0,0,0,0,0,0
TF,GALDO,43.259444,1.745833,0, ,0.0,0.0,0.0,0.0,0,0,0,0,0,0,0,0
TF,TOU43,43.233742,2.069869,0, ,0.0,0.0,0.0,0.0,0,0,0,0,0,0,0,0
TF,MORIL,43.065833,2.350278,0, ,0.0,0.0,0.0,0.0,0,0,0,0,0,0,0,0
TF,PPG,42.750472,2.867139,0, ,0.0,0.0,0.0,0.0,0,0,0,0,0,0,0,0

SID,PUMA5A,14L,2
CA,0,143.0,2,2500,0,0,0,0,0,0
CF,TS,43.507278,1.486778,0,TOU,143.4,13.0,143.0,6.0,0,0,0,0,0,0,0,0
TF,GALDO,43.259444,1.745833,0, ,0.0,0.0,0.0,0.0,0,0,0,0,0,0,0,0
TF,RIBOU,43.079722,1.928889,0, ,0.0,0.0,0.0,0.0,2,12000,0,0,0,0,0,0
TF,PUMAL,42.366806,2.008472,0, ,0.0,0.0,0.0,0.0,0,0,0,0,0,0,0,0

SID,PUMA5A,14R,2
CA,0,143.0,2,2500,0,0,0,0,0,0
CF,TS,43.507278,1.486778,0,TOU,143.4,13.0,143.0,6.0,0,0,0,0,0,0,0,0
TF,GALDO,43.259444,1.745833,0, ,0.0,0.0,0.0,0.0,0,0,0,0,0,0,0,0
TF,RIBOU,43.079722,1.928889,0, ,0.0,0.0,0.0,0.0,2,12000,0,0,0,0,0,0
TF,PUMAL,42.366806,2.008472,0, ,0.0,0.0,0.0,0.0,0,0,0,0,0,0,0,0

SID,PUMA5B,32L,2
CD, ,0,0,0,TOU,0,0.0,323.0,2.0,0,0,0,0,0,0,0,0
CF,TOU,43.680833,1.309806,0,TOU,0.0,0.0,323.0,2.0,0,0,0,0,0,0,0,1
CI,2, ,0.0,176.0,0,0,0,0,0,0,0,0
FD,TOU,43.680833,1.309806,0,TOU,0.0,9.0,143.0,9.0,2,6000,0,0,0,0,0,0
CF,TS,43.507278,1.486778,0,TOU,143.4,13.0,143.0,4.0,0,0,0,0,0,0,0,0
TF,GALDO,43.259444,1.745833,0, ,0.0,0.0,0.0,0.0,0,0,0,0,0,0,0,0
TF,RIBOU,43.079722,1.928889,0, ,0.0,0.0,0.0,0.0,2,12000,0,0,0,0,0,0
TF,PUMAL,42.366806,2.008472,0, ,0.0,0.0,0.0,0.0,0,0,0,0,0,0,0,0

SID,PUMA5B,32R,2
CD, ,0,0,0,TOU,0,0.0,323.0,2.0,0,0,0,0,0,0,0,0
CF,TOU,43.680833,1.309806,0,TOU,0.0,0.0,323.0,2.0,0,0,0,0,0,0,0,1
CI,2, ,0.0,176.0,0,0,0,0,0,0,0,0
FD,TOU,43.680833,1.309806,0,TOU,0.0,9.0,143.0,9.0,2,6000,0,0,0,0,0,0
CF,TS,43.507278,1.486778,0,TOU,143.4,13.0,143.0,4.0,0,0,0,0,0,0,0,0
TF,GALDO,43.259444,1.745833,0, ,0.0,0.0,0.0,0.0,0,0,0,0,0,0,0,0
TF,RIBOU,43.079722,1.928889,0, ,0.0,0.0,0.0,0.0,2,12000,0,0,0,0,0,0
TF,PUMAL,42.366806,2.008472,0, ,0.0,0.0,0.0,0.0,0,0,0,0,0,0,0,0

SID,TBO5A,14L,2
CA,0,143.0,2,2500,0,0,0,0,0,0
CF,TS,43.507278,1.486778,0,TOU,143.4,13.0,143.0,6.0,0,0,0,0,0,0,0,1
TF,D227R,43.300819,1.184222,0, ,0.0,0.0,0.0,0.0,0,0,0,0,0,0,0,0
TF,TALOL,43.321111,0.558333,0, ,0.0,0.0,0.0,0.0,0,0,0,0,0,0,0,0
TF,TBO,43.332222,0.145750,0, ,0.0,0.0,0.0,0.0,0,0,0,0,0,0,0,0

SID,TBO5A,14R,2
CA,0,143.0,2,2500,0,0,0,0,0,0
CF,TS,43.507278,1.486778,0,TOU,143.4,13.0,143.0,6.0,0,0,0,0,0,0,0,1
TF,D227R,43.300819,1.184222,0, ,0.0,0.0,0.0,0.0,0,0,0,0,0,0,0,0
TF,TALOL,43.321111,0.558333,0, ,0.0,0.0,0.0,0.0,0,0,0,0,0,0,0,0
TF,TBO,43.332222,0.145750,0, ,0.0,0.0,0.0,0.0,0,0,0,0,0,0,0,0

SID,TBO5B,32L,2
CD, ,0,0,0,TOU,0,0.0,323.0,2.0,0,0,0,0,0,0,0,0
CF,TOU,43.680833,1.309806,0,TOU,0.0,0.0,323.0,2.0,0,0,0,0,0,0,0,0
FA,TOU,43.680833,1.309806,0,TOU,0.0,0.0,307.0,2,4000,0,0,0,0,0,0
CI,1, ,0.0,203.0,0,0,0,0,0,0,0,0
CF,MABOL,43.458056,0.558333,0,TOU,248.1,35.4,248.0,24.0,0,0,0,0,0,0,0,0
TF,TBO,43.332222,0.145750,0, ,0.0,0.0,0.0,0.0,0,0,0,0,0,0,0,0

SID,TBO5B,32R,2
CD, ,0,0,0,TOU,0,0.0,323.0,2.0,0,0,0,0,0,0,0,0
CF,TOU,43.680833,1.309806,0,TOU,0.0,0.0,323.0,2.0,0,0,0,0,0,0,0,0
FA,TOU,43.680833,1.309806,0,TOU,0.0,0.0,307.0,2,4000,0,0,0,0,0,0
CI,1, ,0.0,203.0,0,0,0,0,0,0,0,0
CF,MABOL,43.458056,0.558333,0,TOU,248.1,35.4,248.0,24.0,0,0,0,0,0,0,0,0
TF,TBO,43.332222,0.145750,0, ,0.0,0.0,0.0,0.0,0,0,0,0,0,0,0,0

SID,TIVL5A,14L,2
CA,0,143.0,2,2500,0,0,0,0,0,0
CF,TS,43.507278,1.486778,0,TOU,143.4,13.0,143.0,6.0,0,0,0,0,0,0,0,1
TF,D227R,43.300819,1.184222,0, ,0.0,0.0,0.0,0.0,0,0,0,0,0,0,0,0
TF,TOU28,43.308850,0.939667,0, ,0.0,0.0,0.0,0.0,0,0,0,0,0,0,0,0
TF,GAUDE,43.000000,0.636667,0, ,0.0,0.0,0.0,0.0,2,20000,0,0,0,0,0,0
TF,TIVLI,42.805000,-0.436667,0, ,0.0,0.0,0.0,0.0,0,0,0,0,0,0,0,0

SID,TIVL5A,14R,2
CA,0,143.0,2,2500,0,0,0,0,0,0
CF,TS,43.507278,1.486778,0,TOU,143.4,13.0,143.0,6.0,0,0,0,0,0,0,0,1
TF,D227R,43.300819,1.184222,0, ,0.0,0.0,0.0,0.0,0,0,0,0,0,0,0,0
TF,TOU28,43.308850,0.939667,0, ,0.0,0.0,0.0,0.0,0,0,0,0,0,0,0,0
TF,GAUDE,43.000000,0.636667,0, ,0.0,0.0,0.0,0.0,2,20000,0,0,0,0,0,0
TF,TIVLI,42.805000,-0.436667,0, ,0.0,0.0,0.0,0.0,0,0,0,0,0,0,0,0

SID,TIVL5B,32L,2
CD, ,0,0,0,TOU,0,0.0,323.0,2.0,0,0,0,0,0,0,0,0
CF,TOU,43.680833,1.309806,0,TOU,0.0,0.0,323.0,2.0,0,0,0,0,0,0,0,0
FA,TOU,43.680833,1.309806,0,TOU,0.0,0.0,307.0,2,4000,0,0,0,0,0,0
CI,1, ,0.0,177.0,0,0,0,0,0,0,0,0
CF,GAUDE,43.000000,0.636667,0,TOU,216.1,50.4,216.0,38.0,2,20000,0,0,0,0,0,0
TF,TIVLI,42.805000,-0.436667,0, ,0.0,0.0,0.0,0.0,0,0,0,0,0,0,0,0

SID,TIVL5B,32R,2
CD, ,0,0,0,TOU,0,0.0,323.0,2.0,0,0,0,0,0,0,0,0
CF,TOU,43.680833,1.309806,0,TOU,0.0,0.0,323.0,2.0,0,0,0,0,0,0,0,0
FA,TOU,43.680833,1.309806,0,TOU,0.0,0.0,307.0,2,4000,0,0,0,0,0,0
CI,1, ,0.0,177.0,0,0,0,0,0,0,0,0
CF,GAUDE,43.000000,0.636667,0,TOU,216.1,50.4,216.0,38.0,2,20000,0,0,0,0,0,0
TF,TIVLI,42.805000,-0.436667,0, ,0.0,0.0,0.0,0.0,0,0,0,0,0,0,0,0

STAR,AFRI6L,ALL,2
IF,AFRIC,43.774167,2.869167, ,0.0,0.0,0,0,0,0,0,0,0,0
TF,FJR64,43.486894,2.522586,0, ,0.0,0.0,0.0,0.0,0,0,0,0,0,0,0,0
TF,MASAM,43.467778,2.251944,0, ,0.0,0.0,0.0,0.0,0,0,0,0,0,0,0,0
TF,ARVEL,43.452222,2.041667,0, ,0.0,0.0,0.0,0.0,0,0,0,0,0,0,0,0
TF,ADIMO,43.492000,1.908750,0, ,0.0,0.0,0.0,0.0,0,0,0,0,0,0,0,0

STAR,AGN6S,14L,2
IF,AGN,43.888028,0.872861, ,0.0,0.0,0,0,0,0,0,0,0,0
TF,SOTAK,43.821472,0.942139,0, ,0.0,0.0,0.0,0.0,0,0,0,0,0,0,0,0
TF,D143N,43.706342,1.059597,0, ,0.0,0.0,0.0,0.0,0,0,0,0,0,0,0,0
AF,SURAS,43.642444,1.062833,1,TOU,258.0,11.0,278.0,0,0,0,0,0,0,0,0

STAR,AGN6S,14R,2
IF,AGN,43.888028,0.872861, ,0.0,0.0,0,0,0,0,0,0,0,0
TF,SOTAK,43.821472,0.942139,0, ,0.0,0.0,0.0,0.0,0,0,0,0,0,0,0,0
TF,D143N,43.706342,1.059597,0, ,0.0,0.0,0.0,0.0,0,0,0,0,0,0,0,0
AF,SURAS,43.642444,1.062833,1,TOU,258.0,11.0,278.0,0,0,0,0,0,0,0,0

STAR,AGN6T,32L,2
IF,AGN,43.888028,0.872861, ,0.0,0.0,0,0,0,0,0,0,0,0
TF,SOTAK,43.821472,0.942139,0, ,0.0,0.0,0.0,0.0,0,0,0,0,0,0,0,0
TF,AGENO,43.489778,1.274472,0, ,0.0,0.0,0.0,0.0,2,8000,0,0,0,0,0,0
TF,SULIT,43.383694,1.252556,0, ,0.0,0.0,0.0,0.0,0,0,0,0,0,0,0,0

STAR,AGN6T,32R,2
IF,AGN,43.888028,0.872861, ,0.0,0.0,0,0,0,0,0,0,0,0
TF,SOTAK,43.821472,0.942139,0, ,0.0,0.0,0.0,0.0,0,0,0,0,0,0,0,0
TF,AGENO,43.489778,1.274472,0, ,0.0,0.0,0.0,0.0,2,8000,0,0,0,0,0,0
TF,SULIT,43.383694,1.252556,0, ,0.0,0.0,0.0,0.0,0,0,0,0,0,0,0,0

STAR,ASPE6S,14L,2
IF,ASPET,43.000000,0.979722, ,0.0,0.0,0,0,0,0,0,0,0,0
TF,TOU38,43.077094,1.046775,0, ,0.0,0.0,0.0,0.0,0,0,0,0,0,0,0,0
TF,OGRIL,43.292333,1.235083,0, ,0.0,0.0,0.0,0.0,0,0,0,0,0,0,0,0
TF,SULIT,43.383694,1.252556,0, ,0.0,0.0,0.0,0.0,0,0,0,0,0,0,0,0
TF,MUT,43.479806,1.181556,0, ,0.0,0.0,0.0,0.0,1,8000,0,0,0,0,0,0
TF,SURAS,43.642444,1.062833,0, ,0.0,0.0,0.0,0.0,0,0,0,0,0,0,0,0

STAR,ASPE6S,14R,2
IF,ASPET,43.000000,0.979722, ,0.0,0.0,0,0,0,0,0,0,0,0
TF,TOU38,43.077094,1.046775,0, ,0.0,0.0,0.0,0.0,0,0,0,0,0,0,0,0
TF,OGRIL,43.292333,1.235083,0, ,0.0,0.0,0.0,0.0,0,0,0,0,0,0,0,0
TF,SULIT,43.383694,1.252556,0, ,0.0,0.0,0.0,0.0,0,0,0,0,0,0,0,0
TF,MUT,43.479806,1.181556,0, ,0.0,0.0,0.0,0.0,1,8000,0,0,0,0,0,0
TF,SURAS,43.642444,1.062833,0, ,0.0,0.0,0.0,0.0,0,0,0,0,0,0,0,0

STAR,ASPE6T,32L,2
IF,ASPET,43.000000,0.979722, ,0.0,0.0,0,0,0,0,0,0,0,0
TF,TOU38,43.077094,1.046775,0, ,0.0,0.0,0.0,0.0,0,0,0,0,0,0,0,0
TF,OGRIL,43.292333,1.235083,0, ,0.0,0.0,0.0,0.0,0,0,0,0,0,0,0,0
TF,SULIT,43.383694,1.252556,0, ,0.0,0.0,0.0,0.0,0,0,0,0,0,0,0,0

STAR,ASPE6T,32R,2
IF,ASPET,43.000000,0.979722, ,0.0,0.0,0,0,0,0,0,0,0,0
TF,TOU38,43.077094,1.046775,0, ,0.0,0.0,0.0,0.0,0,0,0,0,0,0,0,0
TF,OGRIL,43.292333,1.235083,0, ,0.0,0.0,0.0,0.0,0,0,0,0,0,0,0,0
TF,SULIT,43.383694,1.252556,0, ,0.0,0.0,0.0,0.0,0,0,0,0,0,0,0,0

STAR,AULO6L,32L,2
IF,AULON,44.378611,1.647500, ,0.0,0.0,0,0,0,0,0,0,0,0
TF,TO38A,44.236944,1.706667,0, ,0.0,0.0,0.0,0.0,0,0,0,0,0,0,0,0
TF,NETRO,44.050917,1.573028,0, ,0.0,0.0,0.0,0.0,0,0,0,0,0,0,0,0
TF,D027I,43.814294,1.404303,0, ,0.0,0.0,0.0,0.0,0,0,0,0,0,0,0,1
CF,LASBO,43.605306,1.551028,0,TOU,113.2,11.4,143.0,13.0,2,8000,0,0,0,0,0,0
TF,ADIMO,43.492000,1.908750,0, ,0.0,0.0,0.0,0.0,0,0,0,0,0,0,0,0

STAR,AULO6L,32R,2
IF,AULON,44.378611,1.647500, ,0.0,0.0,0,0,0,0,0,0,0,0
TF,TO38A,44.236944,1.706667,0, ,0.0,0.0,0.0,0.0,0,0,0,0,0,0,0,0
TF,NETRO,44.050917,1.573028,0, ,0.0,0.0,0.0,0.0,0,0,0,0,0,0,0,0
TF,D027I,43.814294,1.404303,0, ,0.0,0.0,0.0,0.0,0,0,0,0,0,0,0,1
CF,LASBO,43.605306,1.551028,0,TOU,113.2,11.4,143.0,13.0,2,8000,0,0,0,0,0,0
TF,ADIMO,43.492000,1.908750,0, ,0.0,0.0,0.0,0.0,0,0,0,0,0,0,0,0

STAR,AULO6N,14L,2
IF,AULON,44.378611,1.647500, ,0.0,0.0,0,0,0,0,0,0,0,0
TF,TO38A,44.236944,1.706667,0, ,0.0,0.0,0.0,0.0,0,0,0,0,0,0,0,0
TF,NETRO,44.050917,1.573028,0, ,0.0,0.0,0.0,0.0,0,0,0,0,0,0,0,0

STAR,AULO6N,14R,2
IF,AULON,44.378611,1.647500, ,0.0,0.0,0,0,0,0,0,0,0,0
TF,TO38A,44.236944,1.706667,0, ,0.0,0.0,0.0,0.0,0,0,0,0,0,0,0,0
TF,NETRO,44.050917,1.573028,0, ,0.0,0.0,0.0,0.0,0,0,0,0,0,0,0,0

STAR,ESIS6L,32L,5
IF,ESISI,44.892778,1.428333, ,0.0,0.0,0,0,0,0,0,0,0,0
TF,NARAK,44.295278,1.748889,0, ,0.0,0.0,0.0,0.0,3,19000,0,0,0,0,0,1
TF,NETRO,44.050917,1.573028,0, ,0.0,0.0,0.0,0.0,0,0,0,0,0,0,0,0
TF,D027I,43.814294,1.404303,0, ,0.0,0.0,0.0,0.0,0,0,0,0,0,0,0,1
CF,LASBO,43.605306,1.551028,0,TOU,113.2,11.4,143.0,13.0,2,8000,0,0,0,0,0,0
TF,ADIMO,43.492000,1.908750,0, ,0.0,0.0,0.0,0.0,0,0,0,0,0,0,0,0

STAR,ESIS6L,32R,5
IF,ESISI,44.892778,1.428333, ,0.0,0.0,0,0,0,0,0,0,0,0
TF,NARAK,44.295278,1.748889,0, ,0.0,0.0,0.0,0.0,3,19000,0,0,0,0,0,1
TF,NETRO,44.050917,1.573028,0, ,0.0,0.0,0.0,0.0,0,0,0,0,0,0,0,0
TF,D027I,43.814294,1.404303,0, ,0.0,0.0,0.0,0.0,0,0,0,0,0,0,0,1
CF,LASBO,43.605306,1.551028,0,TOU,113.2,11.4,143.0,13.0,2,8000,0,0,0,0,0,0
TF,ADIMO,43.492000,1.908750,0, ,0.0,0.0,0.0,0.0,0,0,0,0,0,0,0,0

STAR,ESIS6N,14L,5
IF,ESISI,44.892778,1.428333, ,0.0,0.0,0,0,0,0,0,0,0,0
TF,NARAK,44.295278,1.748889,0, ,0.0,0.0,0.0,0.0,4,15000,12000,0,0,0,0,1
TF,NETRO,44.050917,1.573028,0, ,0.0,0.0,0.0,0.0,0,0,0,0,0,0,0,0

STAR,ESIS6N,14R,5
IF,ESISI,44.892778,1.428333, ,0.0,0.0,0,0,0,0,0,0,0,0
TF,NARAK,44.295278,1.748889,0, ,0.0,0.0,0.0,0.0,4,15000,12000,0,0,0,0,1
TF,NETRO,44.050917,1.573028,0, ,0.0,0.0,0.0,0.0,0,0,0,0,0,0,0,0

STAR,FJR6L,ALL,2
IF,FJR,43.578361,3.974722, ,0.0,0.0,0,0,0,0,0,0,0,0
TF,FJR64,43.486894,2.522586,0, ,0.0,0.0,0.0,0.0,0,0,0,0,0,0,0,0
TF,MASAM,43.467778,2.251944,0, ,0.0,0.0,0.0,0.0,0,0,0,0,0,0,0,0
TF,ARVEL,43.452222,2.041667,0, ,0.0,0.0,0.0,0.0,0,0,0,0,0,0,0,0
TF,ADIMO,43.492000,1.908750,0, ,0.0,0.0,0.0,0.0,0,0,0,0,0,0,0,0

STAR,LMB6S,14L,2
IF,LMB,43.466667,-0.018417, ,0.0,0.0,0,0,0,0,0,0,0,0
TF,TADAN,43.576944,0.558333,0, ,0.0,0.0,0.0,0.0,0,0,0,0,0,0,0,0
TF,LORTO,43.631972,0.996056,0, ,0.0,0.0,0.0,0.0,0,0,0,0,0,0,0,0

STAR,LMB6S,14R,2
IF,LMB,43.466667,-0.018417, ,0.0,0.0,0,0,0,0,0,0,0,0
TF,TADAN,43.576944,0.558333,0, ,0.0,0.0,0.0,0.0,0,0,0,0,0,0,0,0
TF,LORTO,43.631972,0.996056,0, ,0.0,0.0,0.0,0.0,0,0,0,0,0,0,0,0

STAR,LMB6T,32L,2
IF,LMB,43.466667,-0.018417, ,0.0,0.0,0,0,0,0,0,0,0,0
TF,TALOL,43.321111,0.558333,0, ,0.0,0.0,0.0,0.0,0,0,0,0,0,0,0,0
TF,BOGRO,43.311389,0.750000,0, ,0.0,0.0,0.0,0.0,4,17000,15000,0,0,0,0,0
TF,OGRIL,43.292333,1.235083,0, ,0.0,0.0,0.0,0.0,0,0,0,0,0,0,0,0
TF,SULIT,43.383694,1.252556,0, ,0.0,0.0,0.0,0.0,0,0,0,0,0,0,0,0

STAR,LMB6T,32R,2
IF,LMB,43.466667,-0.018417, ,0.0,0.0,0,0,0,0,0,0,0,0
TF,TALOL,43.321111,0.558333,0, ,0.0,0.0,0.0,0.0,0,0,0,0,0,0,0,0
TF,BOGRO,43.311389,0.750000,0, ,0.0,0.0,0.0,0.0,4,17000,15000,0,0,0,0,0
TF,OGRIL,43.292333,1.235083,0, ,0.0,0.0,0.0,0.0,0,0,0,0,0,0,0,0
TF,SULIT,43.383694,1.252556,0, ,0.0,0.0,0.0,0.0,0,0,0,0,0,0,0,0

STAR,MEN6L,32L,2
IF,MEN,44.608361,3.162417, ,0.0,0.0,0,0,0,0,0,0,0,0
TF,TOU45,44.319469,1.854839,0, ,0.0,0.0,0.0,0.0,0,0,0,0,0,0,0,0
TF,NARAK,44.295278,1.748889,0, ,0.0,0.0,0.0,0.0,3,19000,0,0,0,0,0,1
TF,NETRO,44.050917,1.573028,0, ,0.0,0.0,0.0,0.0,0,0,0,0,0,0,0,0
TF,D027I,43.814294,1.404303,0, ,0.0,0.0,0.0,0.0,0,0,0,0,0,0,0,1
CF,LASBO,43.605306,1.551028,0,TOU,113.2,11.4,143.0,13.0,2,8000,0,0,0,0,0,0
TF,ADIMO,43.492000,1.908750,0, ,0.0,0.0,0.0,0.0,0,0,0,0,0,0,0,0

STAR,MEN6L,32R,2
IF,MEN,44.608361,3.162417, ,0.0,0.0,0,0,0,0,0,0,0,0
TF,TOU45,44.319469,1.854839,0, ,0.0,0.0,0.0,0.0,0,0,0,0,0,0,0,0
TF,NARAK,44.295278,1.748889,0, ,0.0,0.0,0.0,0.0,3,19000,0,0,0,0,0,1
TF,NETRO,44.050917,1.573028,0, ,0.0,0.0,0.0,0.0,0,0,0,0,0,0,0,0
TF,D027I,43.814294,1.404303,0, ,0.0,0.0,0.0,0.0,0,0,0,0,0,0,0,1
CF,LASBO,43.605306,1.551028,0,TOU,113.2,11.4,143.0,13.0,2,8000,0,0,0,0,0,0
TF,ADIMO,43.492000,1.908750,0, ,0.0,0.0,0.0,0.0,0,0,0,0,0,0,0,0

STAR,MEN6N,14L,2
IF,MEN,44.608361,3.162417, ,0.0,0.0,0,0,0,0,0,0,0,0
TF,TOU45,44.319469,1.854839,0, ,0.0,0.0,0.0,0.0,0,0,0,0,0,0,0,0
TF,NARAK,44.295278,1.748889,0, ,0.0,0.0,0.0,0.0,0,0,0,0,0,0,0,1
TF,NETRO,44.050917,1.573028,0, ,0.0,0.0,0.0,0.0,0,0,0,0,0,0,0,0

STAR,MEN6N,14R,2
IF,MEN,44.608361,3.162417, ,0.0,0.0,0,0,0,0,0,0,0,0
TF,TOU45,44.319469,1.854839,0, ,0.0,0.0,0.0,0.0,0,0,0,0,0,0,0,0
TF,NARAK,44.295278,1.748889,0, ,0.0,0.0,0.0,0.0,0,0,0,0,0,0,0,1
TF,NETRO,44.050917,1.573028,0, ,0.0,0.0,0.0,0.0,0,0,0,0,0,0,0,0

STAR,NARA6A,14L,5
IF,NARAK,44.295278,1.748889, ,0.0,0.0,3,15000,0,0,0,0,0,0
TF,ABLIS,44.064944,1.481806,0, ,0.0,0.0,0.0,0.0,4,11000,8000,0,0,0,0,0

STAR,NARA6A,14R,5
IF,NARAK,44.295278,1.748889, ,0.0,0.0,3,15000,0,0,0,0,0,0
TF,ABLIS,44.064944,1.481806,0, ,0.0,0.0,0.0,0.0,4,11000,8000,0,0,0,0,0

STAR,NARA6I,32L,5
IF,NARAK,44.295278,1.748889, ,0.0,0.0,3,19000,0,0,0,0,0,0
TF,LAVKU,43.754861,1.658028,0, ,0.0,0.0,0.0,0.0,4,11000,8000,0,0,0,0,0

STAR,NARA6I,32R,5
IF,NARAK,44.295278,1.748889, ,0.0,0.0,3,19000,0,0,0,0,0,0
TF,LAVKU,43.754861,1.658028,0, ,0.0,0.0,0.0,0.0,4,11000,8000,0,0,0,0,0

STAR,NARA6L,32L,5
IF,NARAK,44.295278,1.748889, ,0.0,0.0,3,19000,0,0,0,0,0,0
TF,NETRO,44.050917,1.573028,0, ,0.0,0.0,0.0,0.0,0,0,0,0,0,0,0,0
TF,D027I,43.814294,1.404303,0, ,0.0,0.0,0.0,0.0,0,0,0,0,0,0,0,1
CF,LASBO,43.605306,1.551028,0,TOU,113.2,11.4,143.0,13.0,2,8000,0,0,0,0,0,0
TF,ADIMO,43.492000,1.908750,0, ,0.0,0.0,0.0,0.0,0,0,0,0,0,0,0,0

STAR,NARA6L,32R,5
IF,NARAK,44.295278,1.748889, ,0.0,0.0,3,19000,0,0,0,0,0,0
TF,NETRO,44.050917,1.573028,0, ,0.0,0.0,0.0,0.0,0,0,0,0,0,0,0,0
TF,D027I,43.814294,1.404303,0, ,0.0,0.0,0.0,0.0,0,0,0,0,0,0,0,1
CF,LASBO,43.605306,1.551028,0,TOU,113.2,11.4,143.0,13.0,2,8000,0,0,0,0,0,0
TF,ADIMO,43.492000,1.908750,0, ,0.0,0.0,0.0,0.0,0,0,0,0,0,0,0,0

STAR,NARA6N,14L,2
IF,NARAK,44.295278,1.748889, ,0.0,0.0,4,15000,12000,0,0,0,0,0
TF,NETRO,44.050917,1.573028,0, ,0.0,0.0,0.0,0.0,0,0,0,0,0,0,0,0

STAR,NARA6N,14R,2
IF,NARAK,44.295278,1.748889, ,0.0,0.0,4,15000,12000,0,0,0,0,0
TF,NETRO,44.050917,1.573028,0, ,0.0,0.0,0.0,0.0,0,0,0,0,0,0,0,0

STAR,ORBI6L,ALL,2
IF,ORBIL,43.190000,2.493333, ,0.0,0.0,0,0,0,0,0,0,0,0
TF,SALSI,43.347778,2.357222,0, ,0.0,0.0,0.0,0.0,0,0,0,0,0,0,0,0
TF,ADIMO,43.492000,1.908750,0, ,0.0,0.0,0.0,0.0,0,0,0,0,0,0,0,0

STAR,SECH6S,14L,2
IF,SECHE,44.438611,0.515278, ,0.0,0.0,4,19000,15000,0,0,0,0,0
TF,AGN,43.888028,0.872861,0, ,0.0,0.0,0.0,0.0,0,0,0,0,0,0,0,0
TF,SOTAK,43.821472,0.942139,0, ,0.0,0.0,0.0,0.0,0,0,0,0,0,0,0,0
TF,D143N,43.706342,1.059597,0, ,0.0,0.0,0.0,0.0,0,0,0,0,0,0,0,0
AF,SURAS,43.642444,1.062833,1,TOU,258.0,11.0,278.0,0,0,0,0,0,0,0,0

STAR,SECH6S,14R,2
IF,SECHE,44.438611,0.515278, ,0.0,0.0,4,19000,15000,0,0,0,0,0
TF,AGN,43.888028,0.872861,0, ,0.0,0.0,0.0,0.0,0,0,0,0,0,0,0,0
TF,SOTAK,43.821472,0.942139,0, ,0.0,0.0,0.0,0.0,0,0,0,0,0,0,0,0
TF,D143N,43.706342,1.059597,0, ,0.0,0.0,0.0,0.0,0,0,0,0,0,0,0,0
AF,SURAS,43.642444,1.062833,1,TOU,258.0,11.0,278.0,0,0,0,0,0,0,0,0

STAR,SECH6T,32L,2
IF,SECHE,44.438611,0.515278, ,0.0,0.0,4,24000,15000,0,0,0,0,0
TF,AGN,43.888028,0.872861,0, ,0.0,0.0,0.0,0.0,0,0,0,0,0,0,0,0
TF,SOTAK,43.821472,0.942139,0, ,0.0,0.0,0.0,0.0,0,0,0,0,0,0,0,0
TF,AGENO,43.489778,1.274472,0, ,0.0,0.0,0.0,0.0,2,8000,0,0,0,0,0,0
TF,SULIT,43.383694,1.252556,0, ,0.0,0.0,0.0,0.0,0,0,0,0,0,0,0,0

STAR,SECH6T,32R,2
IF,SECHE,44.438611,0.515278, ,0.0,0.0,4,24000,15000,0,0,0,0,0
TF,AGN,43.888028,0.872861,0, ,0.0,0.0,0.0,0.0,0,0,0,0,0,0,0,0
TF,SOTAK,43.821472,0.942139,0, ,0.0,0.0,0.0,0.0,0,0,0,0,0,0,0,0
TF,AGENO,43.489778,1.274472,0, ,0.0,0.0,0.0,0.0,2,8000,0,0,0,0,0,0
TF,SULIT,43.383694,1.252556,0, ,0.0,0.0,0.0,0.0,0,0,0,0,0,0,0,0

STAR,TBO6S,14L,2
IF,TBO,43.332222,0.145750, ,0.0,0.0,0,0,0,0,0,0,0,0
TF,MABOL,43.458056,0.558333,0, ,0.0,0.0,0.0,0.0,0,0,0,0,0,0,0,0
TF,LMB33,43.597711,0.721897,0, ,0.0,0.0,0.0,0.0,0,0,0,0,0,0,0,0
TF,LORTO,43.631972,0.996056,0, ,0.0,0.0,0.0,0.0,0,0,0,0,0,0,0,0

STAR,TBO6S,14R,2
IF,TBO,43.332222,0.145750, ,0.0,0.0,0,0,0,0,0,0,0,0
TF,MABOL,43.458056,0.558333,0, ,0.0,0.0,0.0,0.0,0,0,0,0,0,0,0,0
TF,LMB33,43.597711,0.721897,0, ,0.0,0.0,0.0,0.0,0,0,0,0,0,0,0,0
TF,LORTO,43.631972,0.996056,0, ,0.0,0.0,0.0,0.0,0,0,0,0,0,0,0,0

STAR,TBO6T,32L,2
IF,TBO,43.332222,0.145750, ,0.0,0.0,0,0,0,0,0,0,0,0
TF,TALOL,43.321111,0.558333,0, ,0.0,0.0,0.0,0.0,0,0,0,0,0,0,0,0
TF,BOGRO,43.311389,0.750000,0, ,0.0,0.0,0.0,0.0,4,17000,15000,0,0,0,0,0
TF,OGRIL,43.292333,1.235083,0, ,0.0,0.0,0.0,0.0,0,0,0,0,0,0,0,0
TF,SULIT,43.383694,1.252556,0, ,0.0,0.0,0.0,0.0,0,0,0,0,0,0,0,0

STAR,TBO6T,32R,2
IF,TBO,43.332222,0.145750, ,0.0,0.0,0,0,0,0,0,0,0,0
TF,TALOL,43.321111,0.558333,0, ,0.0,0.0,0.0,0.0,0,0,0,0,0,0,0,0
TF,BOGRO,43.311389,0.750000,0, ,0.0,0.0,0.0,0.0,4,17000,15000,0,0,0,0,0
TF,OGRIL,43.292333,1.235083,0, ,0.0,0.0,0.0,0.0,0,0,0,0,0,0,0,0
TF,SULIT,43.383694,1.252556,0, ,0.0,0.0,0.0,0.0,0,0,0,0,0,0,0,0

STAR,TOPT6S,14L,5
IF,TOPTU,42.796611,-0.193611, ,0.0,0.0,0,0,0,0,0,0,0,0
TF,LALGO,43.042181,0.252772,0, ,0.0,0.0,0.0,0.0,2,20000,0,0,0,0,0,1
TF,BOGRO,43.311389,0.750000,0, ,0.0,0.0,0.0,0.0,4,19000,15000,0,0,0,0,0
TF,OGRIL,43.292333,1.235083,0, ,0.0,0.0,0.0,0.0,0,0,0,0,0,0,0,0
TF,SULIT,43.383694,1.252556,0, ,0.0,0.0,0.0,0.0,0,0,0,0,0,0,0,0
TF,MUT,43.479806,1.181556,0, ,0.0,0.0,0.0,0.0,1,8000,0,0,0,0,0,0
TF,SURAS,43.642444,1.062833,0, ,0.0,0.0,0.0,0.0,0,0,0,0,0,0,0,0

STAR,TOPT6S,14R,5
IF,TOPTU,42.796611,-0.193611, ,0.0,0.0,0,0,0,0,0,0,0,0
TF,LALGO,43.042181,0.252772,0, ,0.0,0.0,0.0,0.0,2,20000,0,0,0,0,0,1
TF,BOGRO,43.311389,0.750000,0, ,0.0,0.0,0.0,0.0,4,19000,15000,0,0,0,0,0
TF,OGRIL,43.292333,1.235083,0, ,0.0,0.0,0.0,0.0,0,0,0,0,0,0,0,0
TF,SULIT,43.383694,1.252556,0, ,0.0,0.0,0.0,0.0,0,0,0,0,0,0,0,0
TF,MUT,43.479806,1.181556,0, ,0.0,0.0,0.0,0.0,1,8000,0,0,0,0,0,0
TF,SURAS,43.642444,1.062833,0, ,0.0,0.0,0.0,0.0,0,0,0,0,0,0,0,0

STAR,TOPT6T,32L,5
IF,TOPTU,42.796611,-0.193611, ,0.0,0.0,0,0,0,0,0,0,0,0
TF,LALGO,43.042181,0.252772,0, ,0.0,0.0,0.0,0.0,2,20000,0,0,0,0,0,1
TF,BOGRO,43.311389,0.750000,0, ,0.0,0.0,0.0,0.0,4,17000,15000,0,0,0,0,0
TF,OGRIL,43.292333,1.235083,0, ,0.0,0.0,0.0,0.0,0,0,0,0,0,0,0,0
TF,SULIT,43.383694,1.252556,0, ,0.0,0.0,0.0,0.0,0,0,0,0,0,0,0,0

STAR,TOPT6T,32R,5
IF,TOPTU,42.796611,-0.193611, ,0.0,0.0,0,0,0,0,0,0,0,0
TF,LALGO,43.042181,0.252772,0, ,0.0,0.0,0.0,0.0,2,20000,0,0,0,0,0,1
TF,BOGRO,43.311389,0.750000,0, ,0.0,0.0,0.0,0.0,4,17000,15000,0,0,0,0,0
TF,OGRIL,43.292333,1.235083,0, ,0.0,0.0,0.0,0.0,0,0,0,0,0,0,0,0
TF,SULIT,43.383694,1.252556,0, ,0.0,0.0,0.0,0.0,0,0,0,0,0,0,0,0

APPTR,D14L,14L,ADIMO
IF,ADIMO,43.492000,1.908750, ,0.0,0.0,0,0,0,0,0,0,1,0
CF,TOE,43.481111,1.679889,0,TOU,126.5,20.1,266.0,10.0,0,0,0,0,0,0,0,0
CF,LASBO,43.605306,1.551028,0,TOU,113.2,11.4,323.0,9.3,0,0,0,0,0,0,0,0
CF,D063F,43.724117,1.427103,0,TOU,63.0,5.7,323.0,8.9,1,8000,0,0,0,0,0,0
CF,D351L,43.878269,1.265375,0,TOU,350.8,12.0,323.0,11.6,1,3000,0,0,0,0,0,0
AF,D336L,43.863508,1.197358,1,TOU,336.0,12.0,351.0,0,0,0,1,220,0,0,0
CF,CD14L,43.777194,1.203583,0,TOU,321.4,7.4,141.0,5.0,1,3000,0,0,0,0,1,0

APPTR,D14L,14L,AGN
FD,AGN,43.888028,0.872861,0,AGN,0.0,7.0,96.0,7.0,1,7000,0,0,0,0,1,0
CI,0, ,0.0,96.0,0,0,0,0,0,0,0,0
CF,CD14L,43.777194,1.203583,0,TOU,321.4,7.4,141.0,8.0,1,3000,0,0,0,0,1,0

APPTR,D14L,14L,LORTO
IF,LORTO,43.631972,0.996056, ,0.0,0.0,0,0,0,0,0,0,1,0
CI,0, ,0.0,78.0,0,0,0,0,0,0,0,0
AF,D283L,43.725511,1.041053,2,TOU,283.0,12.0,258.0,1,5000,0,0,0,0,0,0
AF,D313L,43.817069,1.107775,2,TOU,313.0,12.0,283.0,1,3000,0,1,220,0,0,0
CF,CD14L,43.777194,1.203583,0,TOU,321.4,7.4,141.0,5.0,1,3000,0,0,0,0,1,0

APPTR,D14L,14L,NETRO
IF,NETRO,44.050917,1.573028, ,0.0,0.0,0,0,0,0,0,0,1,0
CF,TLB,43.946389,1.441389,0,TOU,19.7,16.9,222.0,8.5,0,0,0,0,0,0,0,0
FD,TLB,43.946389,1.441389,0,TOU,19.7,14.0,199.0,14.0,1,4000,0,0,0,0,0,0
CI,0, ,0.0,199.0,0,0,0,0,0,0,0,0
AF,D336L,43.863508,1.197358,1,TOU,336.0,12.0,19.0,1,3000,0,1,220,0,0,0
CF,CD14L,43.777194,1.203583,0,TOU,321.4,7.4,141.0,5.0,1,3000,0,0,0,0,1,0

APPTR,D14L,14L,SURAS
IF,SURAS,43.642444,1.062833, ,0.0,0.0,0,0,0,0,0,0,1,0
CF,D243P,43.561286,0.981531,0,TOU,243.5,16.0,258.0,5.0,0,0,0,0,0,0,0,1
CF,LORTO,43.631972,0.996056,2,TOU,258.0,14.0,78.0,2.0,0,0,0,0,0,0,0,0
CI,0, ,0.0,78.0,0,0,0,0,0,0,0,0
AF,D283L,43.725511,1.041053,2,TOU,283.0,12.0,258.0,1,5000,0,0,0,0,0,0
AF,D313L,43.817069,1.107775,2,TOU,313.0,12.0,283.0,1,3000,0,1,220,0,0,0
CF,CD14L,43.777194,1.203583,0,TOU,321.4,7.4,141.0,5.0,1,3000,0,0,0,0,1,0

FINAL,D14L,14L,D,4
IF,CD14L,43.777194,1.203583,TOU,321.4,7.4,1,3000,0,0,0,0,0,0
CF,FD14L,43.738139,1.246694,0,TOU,321.4,4.4,141.0,3.0,1,3000,0,0,0,0,2,0
CF,19VOR,43.705583,1.282564,0,TOU,321.4,1.9,141.0,2.5,2,2210,0,0,0,0,0,0
CF,MD14L,43.641744,1.352758,0,TOU,141.4,3.0,141.0,4.9,1,648,0,0,0,0,3,0
FD,MD14L,43.641744,1.352758,0,TOU,141.4,8.0,141.0,8.0,0,0,0,0,0,0,0,0
CI,1, ,0.0,17.0,0,0,0,0,0,0,0,0
CF,D027J,43.835953,1.419031,0,TOU,27.0,10.5,332.0,13.0,1,4000,0,0,0,0,0,0
CF,NETRO,44.050917,1.573028,0,TOU,27.1,25.0,27.0,14.5,0,0,0,0,0,0,0,0

APPTR,D14R,14R,ADIMO
IF,ADIMO,43.492000,1.908750, ,0.0,0.0,0,0,0,0,0,0,1,0
CF,TOE,43.481111,1.679889,0,TOU,126.5,20.1,266.0,10.0,0,0,0,0,0,0,0,0
CF,LASBO,43.605306,1.551028,0,TOU,113.2,11.4,323.0,9.3,0,0,0,0,0,0,0,0
CF,D063F,43.724117,1.427103,0,TOU,63.0,5.7,323.0,8.9,1,8000,0,0,0,0,0,0
CF,D351L,43.878269,1.265375,0,TOU,350.8,12.0,323.0,11.6,1,3000,0,0,0,0,0,0
AF,D336L,43.863508,1.197358,1,TOU,336.0,12.0,351.0,0,0,0,1,220,0,0,0
CF,CD14R,43.789222,1.202639,0,TOU,324.4,8.0,144.0,4.0,1,3000,0,0,0,0,1,0

APPTR,D14R,14R,AGN
FD,AGN,43.888028,0.872861,0,AGN,0.0,7.0,96.0,7.0,1,7000,0,0,0,0,1,0
CI,0, ,0.0,96.0,0,0,0,0,0,0,0,0
CF,CD14R,43.789222,1.202639,0,TOU,324.4,8.0,144.0,7.0,1,3000,0,0,0,0,1,0

APPTR,D14R,14R,LORTO
IF,LORTO,43.631972,0.996056, ,0.0,0.0,0,0,0,0,0,0,1,0
CI,0, ,0.0,78.0,0,0,0,0,0,0,0,0
AF,D283L,43.725511,1.041053,2,TOU,283.0,12.0,258.0,1,5000,0,0,0,0,0,0
AF,D313L,43.817069,1.107775,2,TOU,313.0,12.0,283.0,1,3000,0,1,220,0,0,0
CF,CD14R,43.789222,1.202639,0,TOU,324.4,8.0,144.0,4.0,1,3000,0,0,0,0,1,0

APPTR,D14R,14R,NETRO
IF,NETRO,44.050917,1.573028, ,0.0,0.0,0,0,0,0,0,0,1,0
CF,TLB,43.946389,1.441389,0,TOU,19.7,16.9,222.0,8.5,0,0,0,0,0,0,0,0
FD,TLB,43.946389,1.441389,0,TOU,19.7,14.0,199.0,14.0,1,4000,0,0,0,0,0,0
CI,0, ,0.0,199.0,0,0,0,0,0,0,0,0
AF,D336L,43.863508,1.197358,1,TOU,336.0,12.0,19.0,1,3000,0,1,220,0,0,0
CF,CD14R,43.789222,1.202639,0,TOU,324.4,8.0,144.0,4.0,1,3000,0,0,0,0,1,0

APPTR,D14R,14R,SURAS
IF,SURAS,43.642444,1.062833, ,0.0,0.0,0,0,0,0,0,0,1,0
CF,D243P,43.561286,0.981531,0,TOU,243.5,16.0,258.0,5.0,0,0,0,0,0,0,0,1
CF,LORTO,43.631972,0.996056,2,TOU,258.0,14.0,78.0,2.0,0,0,0,0,0,0,0,0
CI,0, ,0.0,78.0,0,0,0,0,0,0,0,0
AF,D283L,43.725511,1.041053,2,TOU,283.0,12.0,258.0,1,5000,0,0,0,0,0,0
AF,D313L,43.817069,1.107775,2,TOU,313.0,12.0,283.0,1,3000,0,1,220,0,0,0
CF,CD14R,43.789222,1.202639,0,TOU,324.4,8.0,144.0,4.0,1,3000,0,0,0,0,1,0

FINAL,D14R,14R,D,4
IF,CD14R,43.789222,1.202639,TOU,324.4,8.0,1,3000,0,0,0,0,0,0
CF,FD14R,43.748583,1.242861,0,TOU,324.4,5.0,144.0,3.0,1,3000,0,0,0,0,2,0
CF,18VOR,43.705231,1.285717,0,TOU,324.4,1.8,144.0,3.2,2,1980,0,0,0,0,0,0
CF,RW14R,43.644114,1.345933,0,TOU,144.5,2.7,144.0,4.5,1,544,0,0,0,0,3,0
FD,RW14R,43.644114,1.345933,0,TOU,144.5,8.0,144.0,8.0,0,0,0,0,0,0,0,0
CI,1, ,0.0,17.0,0,0,0,0,0,0,0,0
CF,D027J,43.835953,1.419031,0,TOU,27.0,10.5,332.0,13.0,1,4000,0,0,0,0,0,0
CF,NETRO,44.050917,1.573028,0,TOU,27.1,25.0,27.0,14.5,0,0,0,0,0,0,0,0

APPTR,D32L,32L,ADIMO
IF,ADIMO,43.492000,1.908750, ,0.0,0.0,0,0,0,0,0,0,1,0
CF,TOE,43.481111,1.679889,0,TOU,126.5,20.1,266.0,10.0,1,4000,0,0,0,0,0,0
CF,CD32L,43.474833,1.516639,0,TOU,143.8,15.3,266.0,7.1,1,3000,0,0,0,0,1,0

APPTR,D32L,32L,AGENO
IF,AGENO,43.489778,1.274472, ,0.0,0.0,1,8000,0,0,0,0,1,0
FD,AGENO,43.489778,1.274472,0,TOU,187.7,16.0,143.0,16.0,1,4000,0,0,0,0,0,0
CI,0, ,0.0,143.0,0,0,0,0,0,0,0,0
AF,D153R,43.413333,1.496667,1,TOU,153.0,18.0,170.0,1,4000,0,1,220,0,0,0
CF,CD32L,43.474833,1.516639,0,TOU,143.8,15.3,324.0,3.0,1,3000,0,0,0,0,1,0

APPTR,D32L,32L,LASBO
IF,LASBO,43.605306,1.551028, ,0.0,0.0,1,8000,0,0,0,0,1,0
CF,D122P,43.538775,1.620417,0,TOU,122.1,16.0,143.0,5.0,2,3000,0,0,0,0,0,0
CI,0, ,0.0,143.0,0,0,0,0,0,0,0,0
AF,D136R,43.464639,1.595967,2,TOU,136.0,18.0,124.0,0,0,0,1,220,0,0,0
CF,CD32L,43.474833,1.516639,0,TOU,143.8,15.3,324.0,3.0,1,3000,0,0,0,0,1,0

APPTR,D32L,32L,OGRIL
IF,OGRIL,43.292333,1.235083, ,0.0,0.0,0,0,0,0,0,0,1,0
FC,OGRIL,43.292333,1.235083,0,TOU,0.0,0.0,33.0,4.0,0,0,0,0,0,0,0,0
CI,0, ,0.0,33.0,0,0,0,0,0,0,0,0
AF,D153R,43.413333,1.496667,1,TOU,153.0,18.0,179.0,1,4000,0,1,220,0,0,0
CF,CD32L,43.474833,1.516639,0,TOU,143.8,15.3,324.0,3.0,1,3000,0,0,0,0,1,0

APPTR,D32L,32L,SULIT
IF,SULIT,43.383694,1.252556, ,0.0,0.0,0,0,0,0,0,0,1,0
AF,D153R,43.413333,1.496667,1,TOU,153.0,18.0,188.0,1,4000,0,1,220,0,0,0
CF,CD32L,43.474833,1.516639,0,TOU,143.8,15.3,324.0,3.0,1,3000,0,0,0,0,1,0

FINAL,D32L,32L,D,4
IF,CD32L,43.474833,1.516639,TOU,143.8,15.3,1,3000,0,0,0,0,0,0
CF,FD32L,43.515250,1.476194,0,TOU,143.8,12.3,324.0,3.0,1,3000,0,0,0,0,2,0
CF,80VOR,43.573167,1.418125,0,TOU,143.8,8.0,324.0,4.3,2,1630,0,0,0,0,0,0
CF,MD32L,43.613553,1.377550,0,TOU,143.8,5.0,324.0,3.0,1,673,0,0,0,0,3,0
CF,TOU,43.680833,1.309806,0,TOU,0.0,0.0,324.0,5.0,0,0,0,0,0,0,0,0
CF,D304J,43.773883,1.119097,0,TOU,304.0,10.0,304.0,10.0,1,4000,0,0,0,0,0,1
CI,0, ,0.0,251.0,1,5000,0,0,0,0,0,0
AF,SULIT,43.383694,1.252556,1,TOU,188.0,18.0,285.0,0,0,0,0,0,0,0,0

APPTR,D32R,32R,ADIMO
IF,ADIMO,43.492000,1.908750, ,0.0,0.0,0,0,0,0,0,0,1,0
CF,TOE,43.481111,1.679889,0,TOU,126.5,20.1,266.0,10.0,1,4000,0,0,0,0,0,0
CF,CD32R,43.474667,1.531528,0,TOU,141.9,15.7,266.0,6.5,1,3000,0,0,0,0,1,0

APPTR,D32R,32R,AGENO
IF,AGENO,43.489778,1.274472, ,0.0,0.0,1,8000,0,0,0,0,1,0
FD,AGENO,43.489778,1.274472,0,TOU,187.7,16.0,143.0,16.0,1,4000,0,0,0,0,0,0
CI,0, ,0.0,143.0,0,0,0,0,0,0,0,0
AF,D153R,43.413333,1.496667,1,TOU,153.0,18.0,170.0,1,4000,0,1,220,0,0,0
CF,CD32R,43.474667,1.531528,0,TOU,141.9,15.7,322.0,3.0,1,3000,0,0,0,0,1,0

APPTR,D32R,32R,LASBO
IF,LASBO,43.605306,1.551028, ,0.0,0.0,1,8000,0,0,0,0,1,0
CF,D122P,43.538775,1.620417,0,TOU,122.1,16.0,143.0,5.0,2,3000,0,0,0,0,0,0
CI,0, ,0.0,143.0,0,0,0,0,0,0,0,0
AF,D136R,43.464639,1.595967,2,TOU,136.0,18.0,124.0,0,0,0,1,220,0,0,0
CF,CD32R,43.474667,1.531528,0,TOU,141.9,15.7,322.0,3.0,1,3000,0,0,0,0,1,0

APPTR,D32R,32R,OGRIL
IF,OGRIL,43.292333,1.235083, ,0.0,0.0,0,0,0,0,0,0,1,0
FC,OGRIL,43.292333,1.235083,0,TOU,0.0,0.0,33.0,4.0,0,0,0,0,0,0,0,0
CI,0, ,0.0,33.0,0,0,0,0,0,0,0,0
AF,D153R,43.413333,1.496667,1,TOU,153.0,18.0,179.0,1,4000,0,1,220,0,0,0
CF,CD32R,43.474667,1.531528,0,TOU,141.9,15.7,322.0,3.0,1,3000,0,0,0,0,1,0

APPTR,D32R,32R,SULIT
IF,SULIT,43.383694,1.252556, ,0.0,0.0,0,0,0,0,0,0,1,0
AF,D153R,43.413333,1.496667,1,TOU,153.0,18.0,188.0,1,4000,0,1,220,0,0,0
CF,CD32R,43.474667,1.531528,0,TOU,141.9,15.7,322.0,3.0,1,3000,0,0,0,0,1,0

FINAL,D32R,32R,D,4
IF,CD32R,43.474667,1.531528,TOU,141.9,15.7,1,3000,0,0,0,0,0,0
CF,FD32R,43.514111,1.489278,0,TOU,141.9,12.7,322.0,3.0,1,3000,0,0,0,0,2,0
CF,80VO2,43.575836,1.422983,0,TOU,141.9,8.0,322.0,4.7,2,1510,0,0,0,0,0,0
CF,RW32R,43.615636,1.380236,0,TOU,141.9,5.0,322.0,3.0,1,547,0,0,0,0,3,0
CF,TOU,43.680833,1.309806,0,TOU,0.0,0.0,322.0,5.0,0,0,0,0,0,0,0,0
CF,D304J,43.773883,1.119097,0,TOU,304.0,10.0,304.0,10.0,1,4000,0,0,0,0,0,1
CI,0, ,0.0,251.0,1,5000,0,0,0,0,0,0
AF,SULIT,43.383694,1.252556,1,TOU,188.0,18.0,285.0,0,0,0,0,0,0,0,0

APPTR,I14L,14L,ABLIS
IF,ABLIS,44.064944,1.481806, ,0.0,0.0,4,11000,8000,0,0,0,1,0
TF,IO14L,43.787917,1.200389,0, ,0.0,0.0,0.0,0.0,2,3000,0,1,210,0,1,0
CF,CF14L,43.780139,1.208444,0,TG,322.9,12.5,143.0,0.6,1,3000,0,0,0,0,1,0

APPTR,I14L,14L,ADIM1
IF,ADIMO,43.492000,1.908750, ,0.0,0.0,0,0,0,0,0,0,1,0
CF,TOE,43.481111,1.679889,0,TOU,126.5,20.1,266.0,10.0,0,0,0,0,0,0,0,0
CF,LASBO,43.605306,1.551028,0,TOU,113.2,11.4,323.0,9.3,0,0,0,0,0,0,0,0
CF,D063F,43.724117,1.427103,0,TOU,63.0,5.7,323.0,8.9,1,8000,0,0,0,0,0,0
CF,D351L,43.878269,1.265375,0,TOU,350.8,12.0,323.0,11.6,1,3000,0,0,0,0,0,0
AF,D336L,43.863508,1.197358,1,TOU,336.0,12.0,351.0,0,0,0,1,220,0,0,0
CF,CF14L,43.780139,1.208444,0,TG,322.9,12.5,143.0,5.0,1,3000,0,0,0,0,1,0

APPTR,I14L,14L,ADIM2
IF,ADIMO,43.492000,1.908750, ,0.0,0.0,0,0,0,0,0,0,1,0
TF,BO506,43.745111,1.463583,0, ,0.0,0.0,0.0,0.0,2,8000,0,0,0,0,0,0
TF,BO509,43.864333,1.251444,0, ,0.0,0.0,0.0,0.0,0,0,0,0,0,0,0,0
TF,IO14L,43.787917,1.200389,1, ,0.0,0.0,0.0,0.0,2,3000,0,1,210,0,1,0
CF,CF14L,43.780139,1.208444,0,TG,322.9,12.5,143.0,0.6,1,3000,0,0,0,0,0,0

APPTR,I14L,14L,AGEN1
FD,AGN,43.888028,0.872861,0,AGN,0.0,7.0,96.0,7.0,1,7000,0,0,0,0,1,0
CI,0, ,0.0,96.0,0,0,0,0,0,0,0,0
CF,CF14L,43.780139,1.208444,0,TG,322.9,12.5,143.0,8.0,1,3000,0,0,0,0,1,0

APPTR,I14L,14L,AGEN2
IF,AGN,43.888028,0.872861, ,0.0,0.0,2,8000,0,0,0,0,1,0
TF,BO508,43.869778,1.109722,0, ,0.0,0.0,0.0,0.0,0,0,0,0,0,0,0,0
TF,IO14L,43.787917,1.200389,0, ,0.0,0.0,0.0,0.0,2,3000,0,1,210,0,1,0
CF,CF14L,43.780139,1.208444,0,TG,322.9,12.5,143.0,0.6,1,3000,0,0,0,0,0,0

APPTR,I14L,14L,LORT1
IF,LORTO,43.631972,0.996056, ,0.0,0.0,0,0,0,0,0,0,1,0
CI,0, ,0.0,78.0,0,0,0,0,0,0,0,0
AF,D283L,43.725511,1.041053,2,TOU,283.0,12.0,258.0,1,5000,0,0,0,0,0,0
AF,D313L,43.817069,1.107775,2,TOU,313.0,12.0,283.0,1,3000,0,1,220,0,0,0
CF,CF14L,43.780139,1.208444,0,TG,322.9,12.5,143.0,5.0,1,3000,0,0,0,0,1,0

APPTR,I14L,14L,LORT2
IF,LORTO,43.631972,0.996056, ,0.0,0.0,2,8000,0,0,0,0,1,0
TF,BO507,43.769833,1.078972,0, ,0.0,0.0,0.0,0.0,0,0,0,0,0,0,0,0
TF,IO14L,43.787917,1.200389,0, ,0.0,0.0,0.0,0.0,2,3000,0,1,210,0,1,0
CF,CF14L,43.780139,1.208444,0,TG,322.9,12.5,143.0,0.6,1,3000,0,0,0,0,0,0

APPTR,I14L,14L,NETRO
IF,NETRO,44.050917,1.573028, ,0.0,0.0,0,0,0,0,0,0,1,0
CF,TLB,43.946389,1.441389,0,TOU,19.7,16.9,222.0,8.5,0,0,0,0,0,0,0,0
FD,TLB,43.946389,1.441389,0,TOU,19.7,14.0,199.0,14.0,1,4000,0,0,0,0,0,0
CI,0, ,0.0,199.0,0,0,0,0,0,0,0,0
AF,D336L,43.863508,1.197358,1,TOU,336.0,12.0,19.0,1,3000,0,1,220,0,0,0
CF,CF14L,43.780139,1.208444,0,TG,322.9,12.5,143.0,5.0,1,3000,0,0,0,0,1,0

APPTR,I14L,14L,SURA1
IF,SURAS,43.642444,1.062833, ,0.0,0.0,0,0,0,0,0,0,1,0
CF,D243P,43.561286,0.981531,0,TOU,243.5,16.0,258.0,5.0,0,0,0,0,0,0,0,1
CF,LORTO,43.631972,0.996056,2,TOU,258.0,14.0,78.0,2.0,0,0,0,0,0,0,0,0
CI,0, ,0.0,78.0,0,0,0,0,0,0,0,0
AF,D283L,43.725511,1.041053,2,TOU,283.0,12.0,258.0,1,5000,0,0,0,0,0,0
AF,D313L,43.817069,1.107775,2,TOU,313.0,12.0,283.0,1,3000,0,1,220,0,0,0
CF,CF14L,43.780139,1.208444,0,TG,322.9,12.5,143.0,5.0,1,3000,0,0,0,0,1,0

APPTR,I14L,14L,SURA2
IF,SURAS,43.642444,1.062833, ,0.0,0.0,2,8000,0,0,0,0,1,0
TF,BO507,43.769833,1.078972,0, ,0.0,0.0,0.0,0.0,0,0,0,0,0,0,0,0
TF,IO14L,43.787917,1.200389,0, ,0.0,0.0,0.0,0.0,2,3000,0,1,210,0,1,0
CF,CF14L,43.780139,1.208444,0,TG,322.9,12.5,143.0,0.6,1,3000,0,0,0,0,0,0

FINAL,I14L,14L,I,3
IF,CF14L,43.780139,1.208444,TG,322.9,12.5,1,3000,0,0,0,0,0,0
CF,FF14L,43.740000,1.250444,0,TG,322.9,9.5,143.0,3.0,1,3000,0,0,0,0,2,0
CF,RW14L,43.637364,1.357625,0,TG,322.9,1.8,143.0,7.7,1,539,0,0,0,0,3,0
FD,RW14L,43.637364,1.357625,0,TOU,141.4,8.0,143.0,8.0,0,0,0,0,0,0,0,0
CI,1, ,0.0,17.0,0,0,0,0,0,0,0,0
CF,D027J,43.835953,1.419031,0,TOU,27.0,10.5,332.0,13.0,1,4000,0,0,0,0,0,0
CF,NETRO,44.050917,1.573028,0,TOU,27.1,25.0,27.0,14.5,0,0,0,0,0,0,0,0

APPTR,I14R,14R,ABLIS
IF,ABLIS,44.064944,1.481806, ,0.0,0.0,4,11000,8000,0,0,0,1,0
TF,IO14R,43.794389,1.188889,0, ,0.0,0.0,0.0,0.0,2,3000,0,1,210,0,1,0
CF,CF14R,43.786611,1.196889,0,TBS,322.9,12.9,143.0,0.6,1,3000,0,0,0,0,0,0

APPTR,I14R,14R,ADIM1
IF,ADIMO,43.492000,1.908750, ,0.0,0.0,0,0,0,0,0,0,1,0
CF,TOE,43.481111,1.679889,0,TOU,126.5,20.1,266.0,10.0,0,0,0,0,0,0,0,0
CF,LASBO,43.605306,1.551028,0,TOU,113.2,11.4,323.0,9.3,0,0,0,0,0,0,0,0
CF,D063F,43.724117,1.427103,0,TOU,63.0,5.7,323.0,8.9,1,8000,0,0,0,0,0,0
CF,D351L,43.878269,1.265375,0,TOU,350.8,12.0,323.0,11.6,1,3000,0,0,0,0,0,0
AF,D336L,43.863508,1.197358,1,TOU,336.0,12.0,351.0,0,0,0,1,220,0,0,0
CF,CF14R,43.786611,1.196889,0,TBS,322.9,12.9,143.0,4.0,1,3000,0,0,0,0,1,0

APPTR,I14R,14R,ADIM2
IF,ADIMO,43.492000,1.908750, ,0.0,0.0,0,0,0,0,0,0,1,0
TF,BO506,43.745111,1.463583,0, ,0.0,0.0,0.0,0.0,2,8000,0,0,0,0,0,0
TF,BO509,43.864333,1.251444,0, ,0.0,0.0,0.0,0.0,0,0,0,0,0,0,0,0
TF,IO14R,43.794389,1.188889,1, ,0.0,0.0,0.0,0.0,2,3000,0,1,210,0,1,0
CF,CF14R,43.786611,1.196889,0,TBS,322.9,12.9,143.0,0.6,1,3000,0,0,0,0,0,0

APPTR,I14R,14R,AGEN1
FD,AGN,43.888028,0.872861,0,AGN,0.0,7.0,96.0,7.0,1,7000,0,0,0,0,1,0
CI,0, ,0.0,96.0,0,0,0,0,0,0,0,0
CF,CF14R,43.786611,1.196889,0,TBS,322.9,12.9,143.0,8.0,1,3000,0,0,0,0,1,0

APPTR,I14R,14R,AGEN2
IF,AGN,43.888028,0.872861, ,0.0,0.0,2,8000,0,0,0,0,1,0
TF,BO508,43.869778,1.109722,0, ,0.0,0.0,0.0,0.0,0,0,0,0,0,0,0,0
TF,IO14R,43.794389,1.188889,0, ,0.0,0.0,0.0,0.0,2,3000,0,1,210,0,1,0
CF,CF14R,43.786611,1.196889,0,TBS,322.9,12.9,143.0,0.6,1,3000,0,0,0,0,0,0

APPTR,I14R,14R,LORT1
IF,LORTO,43.631972,0.996056, ,0.0,0.0,0,0,0,0,0,0,1,0
CI,0, ,0.0,78.0,0,0,0,0,0,0,0,0
AF,D283L,43.725511,1.041053,2,TOU,283.0,12.0,258.0,1,5000,0,0,0,0,0,0
AF,D313L,43.817069,1.107775,2,TOU,313.0,12.0,283.0,1,3000,0,1,220,0,0,0
CF,CF14R,43.786611,1.196889,0,TBS,322.9,12.9,143.0,4.0,1,3000,0,0,0,0,1,0

APPTR,I14R,14R,LORT2
IF,LORTO,43.631972,0.996056, ,0.0,0.0,2,8000,0,0,0,0,1,0
TF,BO507,43.769833,1.078972,0, ,0.0,0.0,0.0,0.0,0,0,0,0,0,0,0,0
TF,IO14R,43.794389,1.188889,0, ,0.0,0.0,0.0,0.0,2,3000,0,1,210,0,1,0
CF,CF14R,43.786611,1.196889,0,TBS,322.9,12.9,143.0,0.6,1,3000,0,0,0,0,0,0

APPTR,I14R,14R,NETRO
IF,NETRO,44.050917,1.573028, ,0.0,0.0,0,0,0,0,0,0,1,0
CF,TLB,43.946389,1.441389,0,TOU,19.7,16.9,222.0,8.5,0,0,0,0,0,0,0,0
FD,TLB,43.946389,1.441389,0,TOU,19.7,14.0,199.0,14.0,1,4000,0,0,0,0,0,0
CI,0, ,0.0,199.0,0,0,0,0,0,0,0,0
AF,D336L,43.863508,1.197358,1,TOU,336.0,12.0,19.0,1,3000,0,1,220,0,0,0
CF,CF14R,43.786611,1.196889,0,TBS,322.9,12.9,143.0,4.0,1,3000,0,0,0,0,1,0

APPTR,I14R,14R,SURA1
IF,SURAS,43.642444,1.062833, ,0.0,0.0,0,0,0,0,0,0,1,0
CF,D243P,43.561286,0.981531,0,TOU,243.5,16.0,258.0,5.0,0,0,0,0,0,0,0,1
CF,LORTO,43.631972,0.996056,2,TOU,258.0,14.0,78.0,2.0,0,0,0,0,0,0,0,0
CI,0, ,0.0,78.0,0,0,0,0,0,0,0,0
AF,D283L,43.725511,1.041053,2,TOU,283.0,12.0,258.0,1,5000,0,0,0,0,0,0
AF,D313L,43.817069,1.107775,2,TOU,313.0,12.0,283.0,1,3000,0,1,220,0,0,0
CF,CF14R,43.786611,1.196889,0,TBS,322.9,12.9,143.0,4.0,1,3000,0,0,0,0,1,0

APPTR,I14R,14R,SURA2
IF,SURAS,43.642444,1.062833, ,0.0,0.0,2,8000,0,0,0,0,1,0
TF,BO507,43.769833,1.078972,0, ,0.0,0.0,0.0,0.0,0,0,0,0,0,0,0,0
TF,IO14R,43.794389,1.188889,0, ,0.0,0.0,0.0,0.0,2,3000,0,1,210,0,1,0
CF,CF14R,43.786611,1.196889,0,TBS,322.9,12.9,143.0,0.6,1,3000,0,0,0,0,0,0

FINAL,I14R,14R,I,3
IF,CF14R,43.786611,1.196889,TBS,322.9,12.9,1,3000,0,0,0,0,0,0
CF,FF14R,43.746556,1.238889,0,TBS,322.9,9.9,143.0,3.0,1,3000,0,0,0,0,2,0
CF,RW14R,43.644114,1.345933,0,TBS,322.9,2.2,143.0,7.7,1,544,0,0,0,0,3,0
FD,RW14R,43.644114,1.345933,0,TOU,144.5,8.0,143.0,8.0,0,0,0,0,0,0,0,0
CI,1, ,0.0,17.0,0,0,0,0,0,0,0,0
CF,D027J,43.835953,1.419031,0,TOU,27.0,10.5,332.0,13.0,1,4000,0,0,0,0,0,0
CF,NETRO,44.050917,1.573028,0,TOU,27.1,25.0,27.0,14.5,0,0,0,0,0,0,0,0

APPTR,I32L,32L,ADIM1
IF,ADIMO,43.492000,1.908750, ,0.0,0.0,0,0,0,0,0,0,1,0
CF,TOE,43.481111,1.679889,0,TOU,126.5,20.1,266.0,10.0,1,4000,0,0,0,0,0,0
CF,CF32L,43.475944,1.520472,0,TBN,142.9,13.0,266.0,7.0,1,3000,0,0,0,0,1,0

APPTR,I32L,32L,ADIM2
IF,ADIMO,43.492000,1.908750, ,0.0,0.0,4,11000,8000,0,0,0,1,0
TF,BO603,43.482194,1.612833,0, ,0.0,0.0,0.0,0.0,2,4000,0,0,0,0,0,0
TF,IO32L,43.468472,1.528194,0, ,0.0,0.0,0.0,0.0,2,3000,0,1,210,0,1,0
CF,CF32L,43.475944,1.520472,0,TBN,142.9,13.0,323.0,0.6,1,3000,0,0,0,0,0,0

APPTR,I32L,32L,AGEN1
IF,AGENO,43.489778,1.274472, ,0.0,0.0,1,8000,0,0,0,0,1,0
FD,AGENO,43.489778,1.274472,0,TOU,187.7,16.0,143.0,16.0,1,4000,0,0,0,0,0,0
CI,0, ,0.0,143.0,0,0,0,0,0,0,0,0
AF,D153R,43.413333,1.496667,1,TOU,153.0,18.0,170.0,1,4000,0,1,220,0,0,0
CF,CF32L,43.475944,1.520472,0,TBN,142.9,13.0,323.0,3.0,1,3000,0,0,0,0,1,0

APPTR,I32L,32L,AGEN2
IF,AGENO,43.489778,1.274472, ,0.0,0.0,2,8000,0,0,0,0,1,0
TF,BO602,43.395083,1.473972,0, ,0.0,0.0,0.0,0.0,2,5000,0,0,0,0,0,0
TF,IO32L,43.468472,1.528194,1, ,0.0,0.0,0.0,0.0,2,3000,0,1,210,0,1,0
CF,CF32L,43.475944,1.520472,0,TBN,142.9,13.0,323.0,0.6,1,3000,0,0,0,0,0,0

APPTR,I32L,32L,LASBO
IF,LASBO,43.605306,1.551028, ,0.0,0.0,1,8000,0,0,0,0,1,0
CF,D122P,43.538775,1.620417,0,TOU,122.1,16.0,143.0,5.0,2,3000,0,0,0,0,0,0
CI,0, ,0.0,143.0,0,0,0,0,0,0,0,0
AF,D136R,43.464639,1.595967,2,TOU,136.0,18.0,124.0,0,0,0,1,220,0,0,0
CF,CF32L,43.475944,1.520472,0,TBN,142.9,13.0,323.0,3.0,1,3000,0,0,0,0,1,0

APPTR,I32L,32L,LAVKU
IF,LAVKU,43.754861,1.658028, ,0.0,0.0,4,11000,8000,0,0,0,1,0
TF,BO603,43.482194,1.612833,0, ,0.0,0.0,0.0,0.0,2,4000,0,0,0,0,0,0
TF,IO32L,43.468472,1.528194,0, ,0.0,0.0,0.0,0.0,2,3000,0,1,210,0,1,0
CF,CF32L,43.475944,1.520472,0,TBN,142.9,13.0,323.0,0.6,1,3000,0,0,0,0,0,0

APPTR,I32L,32L,OGRI1
FC,OGRIL,43.292333,1.235083,0,TOU,0.0,0.0,33.0,4.0,0,0,0,0,0,0,1,0
CI,0, ,0.0,33.0,0,0,0,0,0,0,0,0
AF,D153R,43.413333,1.496667,1,TOU,153.0,18.0,179.0,1,4000,0,1,220,0,0,0
CF,CF32L,43.475944,1.520472,0,TBN,142.9,13.0,323.0,3.0,1,3000,0,0,0,0,1,0

APPTR,I32L,32L,OGRI2
IF,OGRIL,43.292333,1.235083, ,0.0,0.0,2,8000,0,0,0,0,1,0
TF,BO602,43.395083,1.473972,0, ,0.0,0.0,0.0,0.0,2,5000,0,0,0,0,0,0
TF,IO32L,43.468472,1.528194,0, ,0.0,0.0,0.0,0.0,2,3000,0,1,210,0,1,0
CF,CF32L,43.475944,1.520472,0,TBN,142.9,13.0,323.0,0.6,1,3000,0,0,0,0,0,0

APPTR,I32L,32L,SULI1
IF,SULIT,43.383694,1.252556, ,0.0,0.0,0,0,0,0,0,0,1,0
AF,D153R,43.413333,1.496667,1,TOU,153.0,18.0,188.0,1,4000,0,1,220,0,0,0
CF,CF32L,43.475944,1.520472,0,TBN,142.9,13.0,323.0,3.0,1,3000,0,0,0,0,1,0

APPTR,I32L,32L,SULI2
IF,SULIT,43.383694,1.252556, ,0.0,0.0,2,8000,0,0,0,0,1,0
TF,BO602,43.395083,1.473972,0, ,0.0,0.0,0.0,0.0,2,5000,0,0,0,0,0,0
TF,IO32L,43.468472,1.528194,0, ,0.0,0.0,0.0,0.0,2,3000,0,1,210,0,1,0
CF,CF32L,43.475944,1.520472,0,TBN,142.9,13.0,323.0,0.6,1,3000,0,0,0,0,0,0

FINAL,I32L,32L,I,3
IF,CF32L,43.475944,1.520472,TBN,142.9,13.0,1,3000,0,0,0,0,0,0
CF,FF32L,43.516361,1.478528,0,TBN,142.9,9.9,323.0,3.0,1,3000,0,0,0,0,2,0
CF,RW32L,43.618964,1.372117,0,TBN,142.9,2.2,323.0,7.7,1,545,0,0,0,0,3,0
CF,TOU,43.680833,1.309806,0,TOU,0.0,0.0,323.0,4.6,0,0,0,0,0,0,0,0
CF,D304J,43.773883,1.119097,0,TOU,304.0,10.0,304.0,10.0,1,4000,0,0,0,0,0,1
CI,0, ,0.0,251.0,1,5000,0,0,0,0,0,0
AF,SULIT,43.383694,1.252556,1,TOU,188.0,18.0,285.0,0,0,0,0,0,0,0,0

APPTR,I32R,32R,ADIM1
IF,ADIMO,43.492000,1.908750, ,0.0,0.0,0,0,0,0,0,0,1,0
TF,TOE,43.481111,1.679889,0, ,0.0,0.0,0.0,0.0,1,4000,0,0,0,0,0,0
CF,CF32R,43.472500,1.528278,0,TD,142.9,12.5,266.0,6.6,1,3000,0,0,0,0,1,0

APPTR,I32R,32R,ADIM2
IF,ADIMO,43.492000,1.908750, ,0.0,0.0,4,11000,8000,0,0,0,1,0
TF,BO603,43.482194,1.612833,0, ,0.0,0.0,0.0,0.0,2,4000,0,0,0,0,0,0
TF,IO32R,43.465222,1.536194,0, ,0.0,0.0,0.0,0.0,2,3000,0,1,210,0,1,0
CF,CF32R,43.472500,1.528278,0,TD,142.9,12.5,323.0,0.6,1,3000,0,0,0,0,0,0

APPTR,I32R,32R,AGEN1
IF,AGENO,43.489778,1.274472, ,0.0,0.0,1,8000,0,0,0,0,1,0
FD,AGENO,43.489778,1.274472,0,TOU,187.7,16.0,143.0,16.0,1,4000,0,0,0,0,0,0
CI,0, ,0.0,143.0,0,0,0,0,0,0,0,0
AF,D153R,43.413333,1.496667,1,TOU,153.0,18.0,170.0,1,4000,0,1,220,0,0,0
CF,CF32R,43.472500,1.528278,0,TD,142.9,12.5,323.0,3.0,1,3000,0,0,0,0,1,0

APPTR,I32R,32R,AGEN2
IF,AGENO,43.489778,1.274472, ,0.0,0.0,2,8000,0,0,0,0,1,0
TF,BO602,43.395083,1.473972,0, ,0.0,0.0,0.0,0.0,2,5000,0,0,0,0,0,0
TF,IO32R,43.465222,1.536194,0, ,0.0,0.0,0.0,0.0,2,3000,0,1,210,0,1,0
CF,CF32R,43.472500,1.528278,0,TD,142.9,12.5,323.0,0.6,1,3000,0,0,0,0,0,0

APPTR,I32R,32R,LASBO
IF,LASBO,43.605306,1.551028, ,0.0,0.0,1,8000,0,0,0,0,1,0
CF,D122P,43.538775,1.620417,0,TOU,122.1,16.0,143.0,5.0,2,3000,0,0,0,0,0,0
CI,0, ,0.0,143.0,0,0,0,0,0,0,0,0
AF,D136R,43.464639,1.595967,2,TOU,136.0,18.0,124.0,0,0,0,1,220,0,0,0
CF,CF32R,43.472500,1.528278,0,TD,142.9,12.5,323.0,3.0,1,3000,0,0,0,0,1,0

APPTR,I32R,32R,LAVKU
IF,LAVKU,43.754861,1.658028, ,0.0,0.0,4,11000,8000,0,0,0,1,0
TF,BO603,43.482194,1.612833,0, ,0.0,0.0,0.0,0.0,2,4000,0,0,0,0,0,0
TF,IO32R,43.465222,1.536194,0, ,0.0,0.0,0.0,0.0,2,3000,0,1,210,0,1,0
CF,CF32R,43.472500,1.528278,0,TD,142.9,12.5,323.0,0.6,1,3000,0,0,0,0,0,0

APPTR,I32R,32R,OGRI1
FC,OGRIL,43.292333,1.235083,0,TOU,0.0,0.0,33.0,4.0,0,0,0,0,0,0,1,0
CI,0, ,0.0,33.0,0,0,0,0,0,0,0,0
AF,D153R,43.413333,1.496667,1,TOU,153.0,18.0,179.0,1,4000,0,1,220,0,0,0
CF,CF32R,43.472500,1.528278,0,TD,142.9,12.5,323.0,3.0,1,3000,0,0,0,0,1,0

APPTR,I32R,32R,OGRI2
IF,OGRIL,43.292333,1.235083, ,0.0,0.0,2,8000,0,0,0,0,1,0
TF,BO602,43.395083,1.473972,0, ,0.0,0.0,0.0,0.0,2,5000,0,0,0,0,0,0
TF,IO32R,43.465222,1.536194,0, ,0.0,0.0,0.0,0.0,2,3000,0,1,210,0,1,0
CF,CF32R,43.472500,1.528278,0,TD,142.9,12.5,323.0,0.6,1,3000,0,0,0,0,0,0

APPTR,I32R,32R,SULI1
IF,SULIT,43.383694,1.252556, ,0.0,0.0,0,0,0,0,0,0,1,0
AF,D153R,43.413333,1.496667,1,TOU,153.0,18.0,188.0,1,4000,0,1,220,0,0,0
CF,CF32R,43.472500,1.528278,0,TD,142.9,12.5,323.0,3.0,1,3000,0,0,0,0,1,0

APPTR,I32R,32R,SULI2
IF,SULIT,43.383694,1.252556, ,0.0,0.0,2,8000,0,0,0,0,1,0
TF,BO602,43.395083,1.473972,0, ,0.0,0.0,0.0,0.0,2,5000,0,0,0,0,0,0
TF,IO32R,43.465222,1.536194,0, ,0.0,0.0,0.0,0.0,2,3000,0,1,210,0,1,0
CF,CF32R,43.472500,1.528278,0,TD,142.9,12.5,323.0,0.6,1,3000,0,0,0,0,0,0

FINAL,I32R,32R,I,3
IF,CF32R,43.472500,1.528278,TD,142.9,12.5,1,3000,0,0,0,0,0,0
CF,FF32R,43.513028,1.486389,0,TD,142.9,9.5,323.0,3.0,1,3000,0,0,0,0,2,0
CF,RW32R,43.615636,1.380236,0,TD,142.6,1.8,323.0,7.7,1,547,0,0,0,0,3,0
CF,TOU,43.680833,1.309806,0,TOU,0.0,0.0,323.0,5.0,0,0,0,0,0,0,0,0
CF,D304J,43.773883,1.119097,0,TOU,304.0,10.0,304.0,10.0,1,4000,0,0,0,0,0,1
CI,0, ,0.0,251.0,1,5000,0,0,0,0,0,0
AF,SULIT,43.383694,1.252556,1,TOU,188.0,18.0,285.0,0,0,0,0,0,0,0,0

APPTR,R14L,14L,ABLIS
IF,ABLIS,44.064944,1.481806, ,0.0,0.0,4,11000,8000,0,0,0,1,0
TF,IO14L,43.787917,1.200389,0, ,0.0,0.0,0.0,0.0,2,3000,0,1,210,0,1,0

APPTR,R14L,14L,ADIMO
IF,ADIMO,43.492000,1.908750, ,0.0,0.0,0,0,0,0,0,0,1,0
TF,BO506,43.745111,1.463583,0, ,0.0,0.0,0.0,0.0,2,8000,0,0,0,0,0,0
TF,BO509,43.864333,1.251444,0, ,0.0,0.0,0.0,0.0,0,0,0,0,0,0,0,0
TF,IO14L,43.787917,1.200389,1, ,0.0,0.0,0.0,0.0,2,3000,0,1,210,0,1,0

APPTR,R14L,14L,AGN
IF,AGN,43.888028,0.872861, ,0.0,0.0,2,8000,0,0,0,0,1,0
TF,BO508,43.869778,1.109722,0, ,0.0,0.0,0.0,0.0,0,0,0,0,0,0,0,0
TF,IO14L,43.787917,1.200389,0, ,0.0,0.0,0.0,0.0,2,3000,0,1,210,0,1,0

APPTR,R14L,14L,LORTO
IF,LORTO,43.631972,0.996056, ,0.0,0.0,2,8000,0,0,0,0,1,0
TF,BO507,43.769833,1.078972,0, ,0.0,0.0,0.0,0.0,0,0,0,0,0,0,0,0
TF,IO14L,43.787917,1.200389,0, ,0.0,0.0,0.0,0.0,2,3000,0,1,210,0,1,0

APPTR,R14L,14L,SURAS
IF,SURAS,43.642444,1.062833, ,0.0,0.0,2,8000,0,0,0,0,1,0
TF,BO507,43.769833,1.078972,0, ,0.0,0.0,0.0,0.0,0,0,0,0,0,0,0,0
TF,IO14L,43.787917,1.200389,0, ,0.0,0.0,0.0,0.0,2,3000,0,1,210,0,1,0

FINAL,R14L,14L,R,3
IF,IO14L,43.787917,1.200389, ,0.0,0.0,2,3000,0,0,0,0,0,0
TF,FO14L,43.740083,1.250472,0, ,0.0,0.0,143.0,3.6,1,3000,0,0,0,0,2,0
TF,RW14L,43.637364,1.357625,0, ,0.0,0.0,143.0,7.7,1,539,0,0,0,0,3,1
TF,BO512,43.560389,1.432944,0, ,0.0,0.0,0.0,0.0,0,0,0,1,190,0,0,0
TF,BO513,43.571917,1.532111,0, ,0.0,0.0,0.0,0.0,0,0,0,1,190,0,0,0
TF,BO514,43.673139,1.538667,0, ,0.0,0.0,0.0,0.0,0,0,0,0,0,0,0,0
TF,BO515,43.834806,1.418861,0, ,0.0,0.0,0.0,0.0,1,4000,0,0,0,0,0,0
TF,NETRO,44.050917,1.573028,0, ,0.0,0.0,0.0,0.0,1,7000,0,0,0,0,0,0

APPTR,R14R,14R,ABLIS
IF,ABLIS,44.064944,1.481806, ,0.0,0.0,4,11000,8000,0,0,0,1,0
TF,IO14R,43.794389,1.188889,0, ,0.0,0.0,0.0,0.0,2,3000,0,1,210,0,1,0

APPTR,R14R,14R,ADIMO
IF,ADIMO,43.492000,1.908750, ,0.0,0.0,0,0,0,0,0,0,1,0
TF,BO506,43.745111,1.463583,0, ,0.0,0.0,0.0,0.0,2,8000,0,0,0,0,0,0
TF,BO509,43.864333,1.251444,0, ,0.0,0.0,0.0,0.0,0,0,0,0,0,0,0,0
TF,IO14R,43.794389,1.188889,1, ,0.0,0.0,0.0,0.0,2,3000,0,1,210,0,1,0

APPTR,R14R,14R,AGN
IF,AGN,43.888028,0.872861, ,0.0,0.0,2,8000,0,0,0,0,1,0
TF,BO508,43.869778,1.109722,0, ,0.0,0.0,0.0,0.0,0,0,0,0,0,0,0,0
TF,IO14R,43.794389,1.188889,0, ,0.0,0.0,0.0,0.0,2,3000,0,1,210,0,1,0

APPTR,R14R,14R,LORTO
IF,LORTO,43.631972,0.996056, ,0.0,0.0,2,8000,0,0,0,0,1,0
TF,BO507,43.769833,1.078972,0, ,0.0,0.0,0.0,0.0,0,0,0,0,0,0,0,0
TF,IO14R,43.794389,1.188889,0, ,0.0,0.0,0.0,0.0,2,3000,0,1,210,0,1,0

APPTR,R14R,14R,SURAS
IF,SURAS,43.642444,1.062833, ,0.0,0.0,2,8000,0,0,0,0,1,0
TF,BO507,43.769833,1.078972,0, ,0.0,0.0,0.0,0.0,0,0,0,0,0,0,0,0
TF,IO14R,43.794389,1.188889,0, ,0.0,0.0,0.0,0.0,2,3000,0,1,210,0,1,0

FINAL,R14R,14R,R,3
IF,IO14R,43.794389,1.188889, ,0.0,0.0,2,3000,0,0,0,0,0,0
TF,FO14R,43.746611,1.238944,0, ,0.0,0.0,143.0,3.6,1,3000,0,0,0,0,2,0
TF,RW14R,43.644114,1.345933,0, ,0.0,0.0,143.0,7.7,1,544,0,0,0,0,3,1
TF,BO512,43.560389,1.432944,0, ,0.0,0.0,0.0,0.0,0,0,0,1,190,0,0,0
TF,BO513,43.571917,1.532111,0, ,0.0,0.0,0.0,0.0,0,0,0,1,190,0,0,0
TF,BO514,43.673139,1.538667,0, ,0.0,0.0,0.0,0.0,0,0,0,0,0,0,0,0
TF,BO515,43.834806,1.418861,0, ,0.0,0.0,0.0,0.0,1,4000,0,0,0,0,0,0
TF,NETRO,44.050917,1.573028,0, ,0.0,0.0,0.0,0.0,1,7000,0,0,0,0,0,0

APPTR,R32L,32L,ADIMO
IF,ADIMO,43.492000,1.908750, ,0.0,0.0,4,11000,8000,0,0,0,1,0
TF,BO603,43.482194,1.612833,0, ,0.0,0.0,0.0,0.0,2,4000,0,0,0,0,0,0
TF,IO32L,43.468472,1.528194,0, ,0.0,0.0,0.0,0.0,2,3000,0,1,210,0,1,0

APPTR,R32L,32L,AGENO
IF,AGENO,43.489778,1.274472, ,0.0,0.0,2,8000,0,0,0,0,1,0
TF,BO602,43.395083,1.473972,0, ,0.0,0.0,0.0,0.0,2,5000,0,0,0,0,0,0
TF,IO32L,43.468472,1.528194,1, ,0.0,0.0,0.0,0.0,2,3000,0,1,210,0,1,0

APPTR,R32L,32L,LAVKU
IF,LAVKU,43.754861,1.658028, ,0.0,0.0,4,11000,8000,0,0,0,1,0
TF,BO603,43.482194,1.612833,0, ,0.0,0.0,0.0,0.0,2,4000,0,0,0,0,0,0
TF,IO32L,43.468472,1.528194,0, ,0.0,0.0,0.0,0.0,2,3000,0,1,210,0,1,0

APPTR,R32L,32L,OGRIL
IF,OGRIL,43.292333,1.235083, ,0.0,0.0,2,8000,0,0,0,0,1,0
TF,BO602,43.395083,1.473972,0, ,0.0,0.0,0.0,0.0,2,5000,0,0,0,0,0,0
TF,IO32L,43.468472,1.528194,0, ,0.0,0.0,0.0,0.0,2,3000,0,1,210,0,1,0

APPTR,R32L,32L,SULIT
IF,SULIT,43.383694,1.252556, ,0.0,0.0,2,8000,0,0,0,0,1,0
TF,BO602,43.395083,1.473972,0, ,0.0,0.0,0.0,0.0,2,5000,0,0,0,0,0,0
TF,IO32L,43.468472,1.528194,0, ,0.0,0.0,0.0,0.0,2,3000,0,1,210,0,1,0

FINAL,R32L,32L,R,3
IF,IO32L,43.468472,1.528194, ,0.0,0.0,2,3000,0,0,0,0,0,0
TF,FO32L,43.516417,1.478583,0, ,0.0,0.0,323.0,3.6,1,3000,0,0,0,0,2,0
TF,RW32L,43.618964,1.372117,0, ,0.0,0.0,323.0,7.7,1,545,0,0,0,0,3,1
TF,TOU,43.680833,1.309806,0, ,0.0,0.0,0.0,0.0,0,0,0,0,0,0,0,1
TF,BO614,43.773861,1.119111,0, ,0.0,0.0,0.0,0.0,3,4000,0,0,0,0,0,0
TF,BO616,43.718778,0.899583,0, ,0.0,0.0,0.0,0.0,1,5000,0,0,0,0,0,0
TF,BO618,43.494028,0.974500,0, ,0.0,0.0,0.0,0.0,0,0,0,0,0,0,0,0
TF,SULIT,43.383694,1.252556,0, ,0.0,0.0,0.0,0.0,0,0,0,0,0,0,0,0

APPTR,R32R,32R,ADIMO
IF,ADIMO,43.492000,1.908750, ,0.0,0.0,4,11000,8000,0,0,0,1,0
TF,BO603,43.482194,1.612833,0, ,0.0,0.0,0.0,0.0,2,4000,0,0,0,0,0,0
TF,IO32R,43.465222,1.536194,0, ,0.0,0.0,0.0,0.0,2,3000,0,1,210,0,1,0

APPTR,R32R,32R,AGENO
IF,AGENO,43.489778,1.274472, ,0.0,0.0,2,8000,0,0,0,0,1,0
TF,BO602,43.395083,1.473972,0, ,0.0,0.0,0.0,0.0,2,5000,0,0,0,0,0,0
TF,IO32R,43.465222,1.536194,0, ,0.0,0.0,0.0,0.0,2,3000,0,1,210,0,1,0

APPTR,R32R,32R,LAVKU
IF,LAVKU,43.754861,1.658028, ,0.0,0.0,4,11000,8000,0,0,0,1,0
TF,BO603,43.482194,1.612833,0, ,0.0,0.0,0.0,0.0,2,4000,0,0,0,0,0,0
TF,IO32R,43.465222,1.536194,0, ,0.0,0.0,0.0,0.0,2,3000,0,1,210,0,1,0

APPTR,R32R,32R,OGRIL
IF,OGRIL,43.292333,1.235083, ,0.0,0.0,2,8000,0,0,0,0,1,0
TF,BO602,43.395083,1.473972,0, ,0.0,0.0,0.0,0.0,2,5000,0,0,0,0,0,0
TF,IO32R,43.465222,1.536194,0, ,0.0,0.0,0.0,0.0,2,3000,0,1,210,0,1,0

APPTR,R32R,32R,SULIT
IF,SULIT,43.383694,1.252556, ,0.0,0.0,2,8000,0,0,0,0,1,0
TF,BO602,43.395083,1.473972,0, ,0.0,0.0,0.0,0.0,2,5000,0,0,0,0,0,0
TF,IO32R,43.465222,1.536194,0, ,0.0,0.0,0.0,0.0,2,3000,0,1,210,0,1,0

FINAL,R32R,32R,R,3
IF,IO32R,43.465222,1.536194, ,0.0,0.0,2,3000,0,0,0,0,0,0
TF,FO32R,43.513139,1.486611,0, ,0.0,0.0,323.0,3.6,1,3000,0,0,0,0,2,0
TF,RW32R,43.615636,1.380236,0, ,0.0,0.0,323.0,7.7,1,547,0,0,0,0,3,1
TF,TOU,43.680833,1.309806,0, ,0.0,0.0,0.0,0.0,0,0,0,0,0,0,0,1
TF,BO614,43.773861,1.119111,0, ,0.0,0.0,0.0,0.0,3,4000,0,0,0,0,0,0
TF,BO616,43.718778,0.899583,0, ,0.0,0.0,0.0,0.0,1,5000,0,0,0,0,0,0
TF,BO618,43.494028,0.974500,0, ,0.0,0.0,0.0,0.0,0,0,0,0,0,0,0,0
TF,SULIT,43.383694,1.252556,0, ,0.0,0.0,0.0,0.0,0,0,0,0,0,0,0,0

