SID,MARE2N,30,2
CA,0,303.0,2,460,0,0,0,0,0,0
CI,1, ,0.0,211.0,0,0,0,0,0,0,0,0
CF,MAREN,45.733333,-1.061667,0,NTS,165.9,88.7,166.0,8.0,0,0,0,0,0,0,0,0
TF,ROYAN,45.666667,-1.036667,0, ,0.0,0.0,0.0,0.0,0,0,0,0,0,0,0,0

SID,MARE2S,12,2
CA,0,123.0,2,460,0,0,0,0,0,0
CF,MAREN,45.733333,-1.061667,0,NTS,165.9,88.7,211.0,10.0,0,0,0,0,0,0,0,0
TF,ROYAN,45.666667,-1.036667,0, ,0.0,0.0,0.0,0.0,0,0,0,0,0,0,0,0

SID,OLER2N,30,2
CA,0,303.0,2,460,0,0,0,0,0,0
CF,OLERO,45.969722,-1.150278,0,NTS,165.8,74.0,303.0,8.0,0,0,0,0,0,0,0,0
TF,LUSON,46.500000,-1.350833,0, ,0.0,0.0,0.0,0.0,0,0,0,0,0,0,0,0

SID,OLER2S,12,2
CA,0,123.0,2,460,0,0,0,0,0,0
CF,OLERO,45.969722,-1.150278,2,NTS,165.8,74.0,316.0,10.0,0,0,0,0,0,0,0,0
TF,LUSON,46.500000,-1.350833,0, ,0.0,0.0,0.0,0.0,0,0,0,0,0,0,0,0

STAR,CNA2P,30,5
IF,CNA,45.659556,-0.311639, ,0.0,0.0,0,0,0,0,0,0,0,0
TF,DN302,45.760750,-0.666667,0, ,0.0,0.0,0.0,0.0,4,4200,2500,1,200,0,0,0

STAR,MARE2P,30,5
IF,ROYAN,45.666667,-1.036667, ,0.0,0.0,0,0,0,0,0,0,0,0
TF,MAREN,45.733333,-1.061667,0, ,0.0,0.0,0.0,0.0,4,7000,2500,0,0,0,0,0
TF,ROC,45.888417,-0.986250,0, ,0.0,0.0,0.0,0.0,1,2500,0,1,220,0,0,0

STAR,MARE2R,30,2
IF,MAREN,45.733333,-1.061667, ,0.0,0.0,0,0,0,0,0,0,0,0
TF,ROC,45.888417,-0.986250,0, ,0.0,0.0,0.0,0.0,0,0,0,0,0,0,0,0

STAR,OLER2P,30,2
IF,LUSON,46.500000,-1.350833, ,0.0,0.0,0,0,0,0,0,0,0,0
TF,OLERO,45.969722,-1.150278,0, ,0.0,0.0,0.0,0.0,4,6500,2500,0,0,0,0,0
TF,ROC,45.888417,-0.986250,0, ,0.0,0.0,0.0,0.0,1,2500,0,1,220,0,0,0

STAR,OLER2R,30,2
IF,OLERO,45.969722,-1.150278, ,0.0,0.0,0,0,0,0,0,0,0,0
TF,ROC,45.888417,-0.986250,0, ,0.0,0.0,0.0,0.0,0,0,0,0,0,0,0,0

APPTR,N30,30,ROC1
IF,ROC,45.888417,-0.986250, ,0.0,0.0,1,2500,0,1,200,0,1,0
FC,ROC,45.888417,-0.986250,0,CNA,0.0,0.0,96.0,6.7,1,2000,0,0,0,0,0,1
CF,FN30,45.836781,-0.847542,2,CNA,295.5,24.9,299.0,1.0,1,2000,0,0,0,0,0,0

APPTR,N30,30,ROC2
IF,ROC,45.888417,-0.986250, ,0.0,0.0,1,2500,0,1,170,0,1,0
FC,ROC,45.888417,-0.986250,0,CNA,0.0,0.0,103.0,6.7,1,2000,0,0,0,0,0,1
CF,FN30,45.836781,-0.847542,2,CNA,295.5,24.9,299.0,1.0,1,2000,0,0,0,0,0,0

APPTR,N30,30,ROC3
IF,ROC,45.888417,-0.986250, ,0.0,0.0,1,2500,0,1,140,0,1,0
FC,ROC,45.888417,-0.986250,0,CNA,0.0,0.0,107.0,6.7,1,2000,0,0,0,0,0,1
CF,FN30,45.836781,-0.847542,2,CNA,295.5,24.9,299.0,1.0,1,2000,0,0,0,0,0,0

FINAL,N30,30,N,2
IF,FN30,45.836781,-0.847542,ROC,0.0,0.0,1,2000,0,0,0,0,2,0
CF,RW30,45.885114,-0.972519,0,ROC,0.0,0.0,299.0,6.0,1,107,0,0,0,0,3,0
CF,ROC,45.888417,-0.986250,0,CNA,296.1,31.5,299.0,0.6,0,0,0,0,0,0,0,1
FA,ROC,45.888417,-0.986250,0,CNA,0.0,0.0,299.0,2,1500,0,0,0,0,0,0
DF,ROC,45.888417,-0.986250,1, ,0.0,0.0,1,2500,0,1,210,0,0,0

APPTR,R30,30,DN302
IF,DN302,45.760750,-0.666667, ,0.0,0.0,4,4200,2500,1,200,0,1,0
TF,IDN30,45.782694,-0.744417,0, ,0.0,0.0,0.0,0.0,1,2500,0,1,185,0,1,0

APPTR,R30,30,ROC
IF,ROC,45.888417,-0.986250, ,0.0,0.0,1,2500,0,1,220,0,1,0
TF,DN303,45.882833,-0.759889,0, ,0.0,0.0,0.0,0.0,1,2500,0,1,200,0,0,0
TF,DN301,45.848528,-0.683694,0, ,0.0,0.0,0.0,0.0,1,2500,0,1,200,0,0,0
TF,IDN30,45.782694,-0.744417,0, ,0.0,0.0,0.0,0.0,1,2500,0,1,185,0,1,0

FINAL,R30,30,R,3
IF,IDN30,45.782694,-0.744417, ,0.0,0.0,1,2500,0,1,185,0,0,0
TF,FDN30,45.816972,-0.820528,0, ,0.0,0.0,303.0,3.8,1,2500,0,0,0,0,2,0
TF,RW30,45.885114,-0.972519,0, ,0.0,0.0,303.0,7.6,1,107,0,0,0,0,3,1
TF,DN300,45.925500,-1.063000,0, ,0.0,0.0,0.0,0.0,0,0,0,1,190,0,0,1
DF,ROC,45.888417,-0.986250,1, ,0.0,0.0,2,2500,0,1,220,0,0,0

