APPTR,R09-A,09,FK400
IF,FK400,46.522417,-0.573083, ,0.0,0.0,0,0,0,1,180,0,1,0
TF,IFK27,46.456056,-0.564056,0, ,0.0,0.0,0.0,0.0,2,2400,0,1,170,0,1,0

APPTR,R09-A,09,FK402
IF,FK402,46.389694,-0.555056, ,0.0,0.0,0,0,0,1,180,0,1,0
TF,IFK27,46.456056,-0.564056,0, ,0.0,0.0,0.0,0.0,2,2400,0,1,170,0,1,0

FINAL,R09-A,09,R,3
IF,IFK27,46.456056,-0.564056, ,0.0,0.0,2,2400,0,1,170,0,1,0
TF,FFK27,46.449806,-0.660056,0, ,0.0,0.0,265.0,4.0,1,2000,0,0,0,0,2,0
TF,MFK27,46.443278,-0.758778,0, ,0.0,0.0,265.0,4.1,1,545,0,0,0,0,3,1
TF,FK404,46.440444,-0.801194,0, ,0.0,0.0,0.0,0.0,0,0,0,0,0,0,0,1
DF,FK406,46.516806,-0.741833,2, ,0.0,0.0,0,0,0,0,0,0,0,0
TF,FK408,46.519639,-0.657444,0, ,0.0,0.0,0.0,0.0,3,1500,0,0,0,0,0,0
TF,FK400,46.522417,-0.573083,0, ,0.0,0.0,0.0,0.0,0,0,0,0,0,0,0,0
TF,IFK27,46.456056,-0.564056,0, ,0.0,0.0,0.0,0.0,2,2400,0,0,0,0,0,0

APPTR,R27-A,27,FK400
IF,FK400,46.522417,-0.573083, ,0.0,0.0,0,0,0,1,180,0,1,0
TF,IFK27,46.456056,-0.564056,0, ,0.0,0.0,0.0,0.0,2,2400,0,1,170,0,1,0

APPTR,R27-A,27,FK402
IF,FK402,46.389694,-0.555056, ,0.0,0.0,0,0,0,1,180,0,1,0
TF,IFK27,46.456056,-0.564056,0, ,0.0,0.0,0.0,0.0,2,2400,0,1,170,0,1,0

FINAL,R27-A,27,R,3
IF,IFK27,46.456056,-0.564056, ,0.0,0.0,2,2400,0,1,170,0,1,0
TF,FFK27,46.449806,-0.660056,0, ,0.0,0.0,265.0,4.0,1,2000,0,0,0,0,2,0
TF,MFK27,46.443278,-0.758778,0, ,0.0,0.0,265.0,4.1,1,545,0,0,0,0,3,1
TF,FK404,46.440444,-0.801194,0, ,0.0,0.0,0.0,0.0,0,0,0,0,0,0,0,1
DF,FK406,46.516806,-0.741833,2, ,0.0,0.0,0,0,0,0,0,0,0,0
TF,FK408,46.519639,-0.657444,0, ,0.0,0.0,0.0,0.0,3,1500,0,0,0,0,0,0
TF,FK400,46.522417,-0.573083,0, ,0.0,0.0,0.0,0.0,0,0,0,0,0,0,0,0
TF,IFK27,46.456056,-0.564056,0, ,0.0,0.0,0.0,0.0,2,2400,0,0,0,0,0,0

