SID,BADO9K,04,1
VM,0,0,0,44.0,2,420,0,0,0,0,0,0
CF,DIMAD,43.301194,7.278008,2,CGS,162.3,21.4,129.0,20.0,0,0,0,0,0,0,0,0
VM,0,0,0,129.0,0,0,0,0,0,0,0,0
DF,AMIRO,43.941111,6.748056,0, ,0.0,0.0,0,0,0,0,0,0,0,0

SID,BADO9K,17,1
DF,DER17,43.540669,6.952147,0, ,0.0,0.0,0,0,0,0,0,0,0,0
CF,ROLUP,43.493333,6.978611,0,CGS,216.7,11.7,156.0,2.0,0,0,0,0,0,0,0,1
CF,DIMAD,43.301194,7.278008,0,CGS,162.3,21.4,129.0,17.0,0,0,0,0,0,0,0,0
VM,0,0,0,129.0,0,0,0,0,0,0,0,0
DF,AMIRO,43.941111,6.748056,0, ,0.0,0.0,0,0,0,0,0,0,0,0

SID,BADO9K,22,1
VM,0,0,0,224.0,2,420,0,0,0,0,0,0
CF,DIMAD,43.301194,7.278008,1,CGS,162.3,21.4,129.0,20.0,0,0,0,0,0,0,0,0
VM,0,0,0,129.0,0,0,0,0,0,0,0,0
DF,AMIRO,43.941111,6.748056,0, ,0.0,0.0,0,0,0,0,0,0,0,0

SID,BADO9K,35,1
VM,0,0,0,351.0,2,420,0,0,0,0,0,0
CF,DIMAD,43.301194,7.278008,2,CGS,162.3,21.4,129.0,20.0,0,0,0,0,0,0,0,0
VM,0,0,0,129.0,0,0,0,0,0,0,0,0
DF,AMIRO,43.941111,6.748056,0, ,0.0,0.0,0,0,0,0,0,0,0,0

SID,BADO9K,ALL,2
IF,AMIRO,43.941111,6.748056, ,0.0,0.0,0,0,0,0,0,0,0,0
TF,BADOD,44.213694,6.528778,0, ,0.0,0.0,0.0,0.0,0,0,0,0,0,0,0,0

SID,BASI9K,04,1
VM,0,0,0,44.0,2,420,0,0,0,0,0,0
CF,DIMAD,43.301194,7.278008,2,CGS,162.3,21.4,129.0,20.0,0,0,0,0,0,0,0,0
VM,0,0,0,129.0,0,0,0,0,0,0,0,0
DF,USANO,43.734167,7.713889,0, ,0.0,0.0,0,0,0,0,0,0,0,0

SID,BASI9K,17,1
DF,DER17,43.540669,6.952147,0, ,0.0,0.0,0,0,0,0,0,0,0,0
CF,ROLUP,43.493333,6.978611,0,CGS,216.7,11.7,156.0,2.0,0,0,0,0,0,0,0,1
CF,DIMAD,43.301194,7.278008,0,CGS,162.3,21.4,129.0,17.0,0,0,0,0,0,0,0,0
VM,0,0,0,129.0,0,0,0,0,0,0,0,0
DF,USANO,43.734167,7.713889,1, ,0.0,0.0,0,0,0,0,0,0,0,0

SID,BASI9K,22,1
VM,0,0,0,224.0,2,420,0,0,0,0,0,0
CF,DIMAD,43.301194,7.278008,1,CGS,162.3,21.4,129.0,20.0,0,0,0,0,0,0,0,0
VM,0,0,0,129.0,0,0,0,0,0,0,0,0
DF,USANO,43.734167,7.713889,0, ,0.0,0.0,0,0,0,0,0,0,0,0

SID,BASI9K,35,1
VM,0,0,0,351.0,2,420,0,0,0,0,0,0
CF,DIMAD,43.301194,7.278008,2,CGS,162.3,21.4,129.0,20.0,0,0,0,0,0,0,0,0
VM,0,0,0,129.0,0,0,0,0,0,0,0,0
DF,USANO,43.734167,7.713889,0, ,0.0,0.0,0,0,0,0,0,0,0,0

SID,BASI9K,ALL,2
IF,USANO,43.734167,7.713889, ,0.0,0.0,0,0,0,0,0,0,0,0
TF,BASIP,43.892222,7.961667,0, ,0.0,0.0,0.0,0.0,0,0,0,0,0,0,0,0

SID,BODR9K,04,1
VM,0,0,0,44.0,2,420,0,0,0,0,0,0
CF,DIMAD,43.301194,7.278008,2,CGS,162.3,21.4,129.0,20.0,0,0,0,0,0,0,0,0
VM,0,0,0,129.0,0,0,0,0,0,0,0,0
DF,AMIRO,43.941111,6.748056,0, ,0.0,0.0,0,0,0,0,0,0,0,0

SID,BODR9K,17,1
DF,DER17,43.540669,6.952147,0, ,0.0,0.0,0,0,0,0,0,0,0,0
CF,ROLUP,43.493333,6.978611,0,CGS,216.7,11.7,156.0,2.0,0,0,0,0,0,0,0,1
CF,DIMAD,43.301194,7.278008,0,CGS,162.3,21.4,129.0,17.0,0,0,0,0,0,0,0,0
VM,0,0,0,129.0,0,0,0,0,0,0,0,0
DF,AMIRO,43.941111,6.748056,0, ,0.0,0.0,0,0,0,0,0,0,0,0

SID,BODR9K,22,1
VM,0,0,0,224.0,2,420,0,0,0,0,0,0
CF,DIMAD,43.301194,7.278008,1,CGS,162.3,21.4,129.0,20.0,0,0,0,0,0,0,0,0
VM,0,0,0,129.0,0,0,0,0,0,0,0,0
DF,AMIRO,43.941111,6.748056,0, ,0.0,0.0,0,0,0,0,0,0,0,0

SID,BODR9K,35,1
VM,0,0,0,351.0,2,420,0,0,0,0,0,0
CF,DIMAD,43.301194,7.278008,2,CGS,162.3,21.4,129.0,20.0,0,0,0,0,0,0,0,0
VM,0,0,0,129.0,0,0,0,0,0,0,0,0
DF,AMIRO,43.941111,6.748056,0, ,0.0,0.0,0,0,0,0,0,0,0,0

SID,BODR9K,ALL,2
IF,AMIRO,43.941111,6.748056, ,0.0,0.0,0,0,0,0,0,0,0,0
TF,BODRU,44.208611,6.377778,0, ,0.0,0.0,0.0,0.0,0,0,0,0,0,0,0,0

SID,IRMA9K,04,1
VM,0,0,0,44.0,2,420,0,0,0,0,0,0
CF,DIMAD,43.301194,7.278008,2,CGS,162.3,21.4,129.0,20.0,0,0,0,0,0,0,0,0
VM,0,0,0,129.0,0,0,0,0,0,0,0,0
DF,BARSO,44.143611,6.890278,0, ,0.0,0.0,0,0,0,0,0,0,0,0

SID,IRMA9K,17,1
DF,DER17,43.540669,6.952147,0, ,0.0,0.0,0,0,0,0,0,0,0,0
CF,ROLUP,43.493333,6.978611,0,CGS,216.7,11.7,156.0,2.0,0,0,0,0,0,0,0,1
CF,DIMAD,43.301194,7.278008,0,CGS,162.3,21.4,129.0,17.0,0,0,0,0,0,0,0,0
VM,0,0,0,129.0,0,0,0,0,0,0,0,0
DF,BARSO,44.143611,6.890278,0, ,0.0,0.0,0,0,0,0,0,0,0,0

SID,IRMA9K,22,1
VM,0,0,0,224.0,2,420,0,0,0,0,0,0
CF,DIMAD,43.301194,7.278008,1,CGS,162.3,21.4,129.0,20.0,0,0,0,0,0,0,0,0
VM,0,0,0,129.0,0,0,0,0,0,0,0,0
DF,BARSO,44.143611,6.890278,0, ,0.0,0.0,0,0,0,0,0,0,0,0

SID,IRMA9K,35,1
VM,0,0,0,351.0,2,420,0,0,0,0,0,0
CF,DIMAD,43.301194,7.278008,2,CGS,162.3,21.4,129.0,20.0,0,0,0,0,0,0,0,0
VM,0,0,0,129.0,0,0,0,0,0,0,0,0
DF,BARSO,44.143611,6.890278,0, ,0.0,0.0,0,0,0,0,0,0,0,0

SID,IRMA9K,ALL,2
IF,BARSO,44.143611,6.890278, ,0.0,0.0,0,0,0,0,0,0,0,0
TF,IRMAR,44.800000,6.790556,0, ,0.0,0.0,0.0,0.0,0,0,0,0,0,0,0,0

SID,LANK9K,04,1
VM,0,0,0,44.0,2,420,0,0,0,0,0,0
CF,DIMAD,43.301194,7.278008,2,CGS,162.3,21.4,129.0,20.0,0,0,0,0,0,0,0,0
VM,0,0,0,129.0,0,0,0,0,0,0,0,0
DF,STP,43.219472,6.601806,0, ,0.0,0.0,0,0,0,0,0,0,0,0

SID,LANK9K,17,1
DF,DER17,43.540669,6.952147,0, ,0.0,0.0,0,0,0,0,0,0,0,0
CF,ROLUP,43.493333,6.978611,0,CGS,216.7,11.7,156.0,2.0,0,0,0,0,0,0,0,1
CF,DIMAD,43.301194,7.278008,0,CGS,162.3,21.4,129.0,17.0,0,0,0,0,0,0,0,0
VM,0,0,0,129.0,0,0,0,0,0,0,0,0
DF,STP,43.219472,6.601806,0, ,0.0,0.0,0,0,0,0,0,0,0,0

SID,LANK9K,22,1
VM,0,0,0,224.0,2,420,0,0,0,0,0,0
CF,DIMAD,43.301194,7.278008,1,CGS,162.3,21.4,129.0,20.0,0,0,0,0,0,0,0,0
VM,0,0,0,129.0,0,0,0,0,0,0,0,0
DF,STP,43.219472,6.601806,0, ,0.0,0.0,0,0,0,0,0,0,0,0

SID,LANK9K,35,1
VM,0,0,0,351.0,2,420,0,0,0,0,0,0
CF,DIMAD,43.301194,7.278008,2,CGS,162.3,21.4,129.0,20.0,0,0,0,0,0,0,0,0
VM,0,0,0,129.0,0,0,0,0,0,0,0,0
DF,STP,43.219472,6.601806,0, ,0.0,0.0,0,0,0,0,0,0,0,0

SID,LANK9K,ALL,2
IF,STP,43.219472,6.601806, ,0.0,0.0,0,0,0,0,0,0,0,0
TF,LANKO,43.227222,6.014444,0, ,0.0,0.0,0.0,0.0,0,0,0,0,0,0,0,0

SID,LONS9K,04,1
VM,0,0,0,44.0,2,420,0,0,0,0,0,0
CF,DIMAD,43.301194,7.278008,2,CGS,162.3,21.4,129.0,20.0,0,0,0,0,0,0,0,0
VM,0,0,0,129.0,0,0,0,0,0,0,0,0
DF,OMARD,43.104722,7.591111,0, ,0.0,0.0,0,0,0,0,0,0,0,0

SID,LONS9K,17,1
DF,DER17,43.540669,6.952147,0, ,0.0,0.0,0,0,0,0,0,0,0,0
CF,ROLUP,43.493333,6.978611,0,CGS,216.7,11.7,156.0,2.0,0,0,0,0,0,0,0,1
CF,DIMAD,43.301194,7.278008,0,CGS,162.3,21.4,129.0,17.0,0,0,0,0,0,0,0,0
VM,0,0,0,129.0,0,0,0,0,0,0,0,0
DF,OMARD,43.104722,7.591111,0, ,0.0,0.0,0,0,0,0,0,0,0,0

SID,LONS9K,22,1
VM,0,0,0,224.0,2,420,0,0,0,0,0,0
CF,DIMAD,43.301194,7.278008,1,CGS,162.3,21.4,129.0,20.0,0,0,0,0,0,0,0,0
VM,0,0,0,129.0,0,0,0,0,0,0,0,0
DF,OMARD,43.104722,7.591111,0, ,0.0,0.0,0,0,0,0,0,0,0,0

SID,LONS9K,35,1
VM,0,0,0,351.0,2,420,0,0,0,0,0,0
CF,DIMAD,43.301194,7.278008,2,CGS,162.3,21.4,129.0,20.0,0,0,0,0,0,0,0,0
VM,0,0,0,129.0,0,0,0,0,0,0,0,0
DF,OMARD,43.104722,7.591111,0, ,0.0,0.0,0,0,0,0,0,0,0,0

SID,LONS9K,ALL,2
IF,OMARD,43.104722,7.591111, ,0.0,0.0,0,0,0,0,0,0,0,0
TF,MERLU,43.080000,7.793333,0, ,0.0,0.0,0.0,0.0,0,0,0,0,0,0,0,0
TF,LONSU,42.776944,8.023889,0, ,0.0,0.0,0.0,0.0,0,0,0,0,0,0,0,0

SID,OKTE9K,04,1
VM,0,0,0,44.0,2,420,0,0,0,0,0,0
CF,DIMAD,43.301194,7.278008,2,CGS,162.3,21.4,129.0,20.0,0,0,0,0,0,0,0,0
VM,0,0,0,129.0,0,0,0,0,0,0,0,0
DF,AMIRO,43.941111,6.748056,0, ,0.0,0.0,0,0,0,0,0,0,0,0

SID,OKTE9K,17,1
DF,DER17,43.540669,6.952147,0, ,0.0,0.0,0,0,0,0,0,0,0,0
CF,ROLUP,43.493333,6.978611,0,CGS,216.7,11.7,156.0,2.0,0,0,0,0,0,0,0,1
CF,DIMAD,43.301194,7.278008,0,CGS,162.3,21.4,129.0,17.0,0,0,0,0,0,0,0,0
VM,0,0,0,129.0,0,0,0,0,0,0,0,0
DF,AMIRO,43.941111,6.748056,0, ,0.0,0.0,0,0,0,0,0,0,0,0

SID,OKTE9K,22,1
VM,0,0,0,224.0,2,420,0,0,0,0,0,0
CF,DIMAD,43.301194,7.278008,1,CGS,162.3,21.4,129.0,20.0,0,0,0,0,0,0,0,0
VM,0,0,0,129.0,0,0,0,0,0,0,0,0
DF,AMIRO,43.941111,6.748056,0, ,0.0,0.0,0,0,0,0,0,0,0,0

SID,OKTE9K,35,1
VM,0,0,0,351.0,2,420,0,0,0,0,0,0
CF,DIMAD,43.301194,7.278008,2,CGS,162.3,21.4,129.0,20.0,0,0,0,0,0,0,0,0
VM,0,0,0,129.0,0,0,0,0,0,0,0,0
DF,AMIRO,43.941111,6.748056,0, ,0.0,0.0,0,0,0,0,0,0,0,0

SID,OKTE9K,ALL,2
IF,AMIRO,43.941111,6.748056, ,0.0,0.0,0,0,0,0,0,0,0,0
TF,OKTET,44.485000,6.569444,0, ,0.0,0.0,0.0,0.0,0,0,0,0,0,0,0,0

SID,PERU9K,04,1
VM,0,0,0,44.0,2,420,0,0,0,0,0,0
CF,DIMAD,43.301194,7.278008,2,CGS,162.3,21.4,129.0,20.0,0,0,0,0,0,0,0,0
VM,0,0,0,129.0,0,0,0,0,0,0,0,0
DF,AMIRO,43.941111,6.748056,0, ,0.0,0.0,0,0,0,0,0,0,0,0

SID,PERU9K,17,1
DF,DER17,43.540669,6.952147,0, ,0.0,0.0,0,0,0,0,0,0,0,0
CF,ROLUP,43.493333,6.978611,0,CGS,216.7,11.7,156.0,2.0,0,0,0,0,0,0,0,1
CF,DIMAD,43.301194,7.278008,0,CGS,162.3,21.4,129.0,17.0,0,0,0,0,0,0,0,0
VM,0,0,0,129.0,0,0,0,0,0,0,0,0
DF,AMIRO,43.941111,6.748056,0, ,0.0,0.0,0,0,0,0,0,0,0,0

SID,PERU9K,22,1
VM,0,0,0,224.0,2,420,0,0,0,0,0,0
CF,DIMAD,43.301194,7.278008,1,CGS,162.3,21.4,129.0,20.0,0,0,0,0,0,0,0,0
VM,0,0,0,129.0,0,0,0,0,0,0,0,0
DF,AMIRO,43.941111,6.748056,0, ,0.0,0.0,0,0,0,0,0,0,0,0

SID,PERU9K,35,1
VM,0,0,0,351.0,2,420,0,0,0,0,0,0
CF,DIMAD,43.301194,7.278008,2,CGS,162.3,21.4,129.0,20.0,0,0,0,0,0,0,0,0
VM,0,0,0,129.0,0,0,0,0,0,0,0,0
DF,AMIRO,43.941111,6.748056,0, ,0.0,0.0,0,0,0,0,0,0,0,0

SID,PERU9K,ALL,2
IF,AMIRO,43.941111,6.748056, ,0.0,0.0,0,0,0,0,0,0,0,0
TF,PERUS,44.153333,6.103333,0, ,0.0,0.0,0.0,0.0,0,0,0,0,0,0,0,0

SID,RUBI9K,04,1
VM,0,0,0,44.0,2,420,0,0,0,0,0,0
CF,DIMAD,43.301194,7.278008,2,CGS,162.3,21.4,129.0,20.0,0,0,0,0,0,0,0,0
VM,0,0,0,129.0,0,0,0,0,0,0,0,0
DF,STP,43.219472,6.601806,0, ,0.0,0.0,0,0,0,0,0,0,0,0

SID,RUBI9K,17,1
DF,DER17,43.540669,6.952147,0, ,0.0,0.0,0,0,0,0,0,0,0,0
CF,ROLUP,43.493333,6.978611,0,CGS,216.7,11.7,156.0,2.0,0,0,0,0,0,0,0,1
CF,DIMAD,43.301194,7.278008,0,CGS,162.3,21.4,129.0,17.0,0,0,0,0,0,0,0,0
VM,0,0,0,129.0,0,0,0,0,0,0,0,0
DF,STP,43.219472,6.601806,0, ,0.0,0.0,0,0,0,0,0,0,0,0

SID,RUBI9K,22,1
VM,0,0,0,224.0,2,420,0,0,0,0,0,0
CF,DIMAD,43.301194,7.278008,1,CGS,162.3,21.4,129.0,20.0,0,0,0,0,0,0,0,0
VM,0,0,0,129.0,0,0,0,0,0,0,0,0
DF,STP,43.219472,6.601806,0, ,0.0,0.0,0,0,0,0,0,0,0,0

SID,RUBI9K,35,1
VM,0,0,0,351.0,2,420,0,0,0,0,0,0
CF,DIMAD,43.301194,7.278008,2,CGS,162.3,21.4,129.0,20.0,0,0,0,0,0,0,0,0
VM,0,0,0,129.0,0,0,0,0,0,0,0,0
DF,STP,43.219472,6.601806,0, ,0.0,0.0,0,0,0,0,0,0,0,0

SID,RUBI9K,ALL,2
IF,STP,43.219472,6.601806, ,0.0,0.0,0,0,0,0,0,0,0,0
TF,RUBIT,43.222222,6.412222,0, ,0.0,0.0,0.0,0.0,0,0,0,0,0,0,0,0

SID,SODR9K,04,1
VM,0,0,0,44.0,2,420,0,0,0,0,0,0
CF,DIMAD,43.301194,7.278008,2,CGS,162.3,21.4,129.0,20.0,0,0,0,0,0,0,0,0
VM,0,0,0,129.0,0,0,0,0,0,0,0,0
DF,OMARD,43.104722,7.591111,0, ,0.0,0.0,0,0,0,0,0,0,0,0

SID,SODR9K,17,1
DF,DER17,43.540669,6.952147,0, ,0.0,0.0,0,0,0,0,0,0,0,0
CF,ROLUP,43.493333,6.978611,0,CGS,216.7,11.7,156.0,2.0,0,0,0,0,0,0,0,1
CF,DIMAD,43.301194,7.278008,0,CGS,162.3,21.4,129.0,17.0,0,0,0,0,0,0,0,0
VM,0,0,0,129.0,0,0,0,0,0,0,0,0
DF,OMARD,43.104722,7.591111,0, ,0.0,0.0,0,0,0,0,0,0,0,0

SID,SODR9K,22,1
VM,0,0,0,224.0,2,420,0,0,0,0,0,0
CF,DIMAD,43.301194,7.278008,1,CGS,162.3,21.4,129.0,20.0,0,0,0,0,0,0,0,0
VM,0,0,0,129.0,0,0,0,0,0,0,0,0
DF,OMARD,43.104722,7.591111,0, ,0.0,0.0,0,0,0,0,0,0,0,0

SID,SODR9K,35,1
VM,0,0,0,351.0,2,420,0,0,0,0,0,0
CF,DIMAD,43.301194,7.278008,2,CGS,162.3,21.4,129.0,20.0,0,0,0,0,0,0,0,0
VM,0,0,0,129.0,0,0,0,0,0,0,0,0
DF,OMARD,43.104722,7.591111,0, ,0.0,0.0,0,0,0,0,0,0,0,0

SID,SODR9K,ALL,2
IF,OMARD,43.104722,7.591111, ,0.0,0.0,0,0,0,0,0,0,0,0
TF,MERLU,43.080000,7.793333,0, ,0.0,0.0,0.0,0.0,0,0,0,0,0,0,0,0
TF,SODRI,43.013056,8.371944,0, ,0.0,0.0,0.0,0.0,0,0,0,0,0,0,0,0

SID,TURI9K,04,1
VM,0,0,0,44.0,2,420,0,0,0,0,0,0
CF,DIMAD,43.301194,7.278008,2,CGS,162.3,21.4,129.0,20.0,0,0,0,0,0,0,0,0
VM,0,0,0,129.0,0,0,0,0,0,0,0,0
DF,STP,43.219472,6.601806,0, ,0.0,0.0,0,0,0,0,0,0,0,0

SID,TURI9K,17,1
DF,DER17,43.540669,6.952147,0, ,0.0,0.0,0,0,0,0,0,0,0,0
CF,ROLUP,43.493333,6.978611,0,CGS,216.7,11.7,156.0,2.0,0,0,0,0,0,0,0,1
CF,DIMAD,43.301194,7.278008,0,CGS,162.3,21.4,129.0,17.0,0,0,0,0,0,0,0,0
VM,0,0,0,129.0,0,0,0,0,0,0,0,0
DF,STP,43.219472,6.601806,0, ,0.0,0.0,0,0,0,0,0,0,0,0

SID,TURI9K,22,1
VM,0,0,0,224.0,2,420,0,0,0,0,0,0
CF,DIMAD,43.301194,7.278008,1,CGS,162.3,21.4,129.0,20.0,0,0,0,0,0,0,0,0
VM,0,0,0,129.0,0,0,0,0,0,0,0,0
DF,STP,43.219472,6.601806,0, ,0.0,0.0,0,0,0,0,0,0,0,0

SID,TURI9K,35,1
VM,0,0,0,351.0,2,420,0,0,0,0,0,0
CF,DIMAD,43.301194,7.278008,2,CGS,162.3,21.4,129.0,20.0,0,0,0,0,0,0,0,0
VM,0,0,0,129.0,0,0,0,0,0,0,0,0
DF,STP,43.219472,6.601806,0, ,0.0,0.0,0,0,0,0,0,0,0,0

SID,TURI9K,ALL,2
IF,STP,43.219472,6.601806, ,0.0,0.0,0,0,0,0,0,0,0,0
TF,TURIL,43.226750,6.023778,0, ,0.0,0.0,0.0,0.0,0,0,0,0,0,0,0,0

SID,VARE9K,04,1
VM,0,0,0,44.0,2,420,0,0,0,0,0,0
CF,DIMAD,43.301194,7.278008,2,CGS,162.3,21.4,129.0,20.0,0,0,0,0,0,0,0,0
VM,0,0,0,129.0,0,0,0,0,0,0,0,0
DF,OMARD,43.104722,7.591111,0, ,0.0,0.0,0,0,0,0,0,0,0,0

SID,VARE9K,17,1
DF,DER17,43.540669,6.952147,0, ,0.0,0.0,0,0,0,0,0,0,0,0
CF,ROLUP,43.493333,6.978611,0,CGS,216.7,11.7,156.0,2.0,0,0,0,0,0,0,0,1
CF,DIMAD,43.301194,7.278008,0,CGS,162.3,21.4,129.0,17.0,0,0,0,0,0,0,0,0
VM,0,0,0,129.0,0,0,0,0,0,0,0,0
DF,OMARD,43.104722,7.591111,0, ,0.0,0.0,0,0,0,0,0,0,0,0

SID,VARE9K,22,1
VM,0,0,0,224.0,2,420,0,0,0,0,0,0
CF,DIMAD,43.301194,7.278008,1,CGS,162.3,21.4,129.0,20.0,0,0,0,0,0,0,0,0
VM,0,0,0,129.0,0,0,0,0,0,0,0,0
DF,OMARD,43.104722,7.591111,0, ,0.0,0.0,0,0,0,0,0,0,0,0

SID,VARE9K,35,1
VM,0,0,0,351.0,2,420,0,0,0,0,0,0
CF,DIMAD,43.301194,7.278008,2,CGS,162.3,21.4,129.0,20.0,0,0,0,0,0,0,0,0
VM,0,0,0,129.0,0,0,0,0,0,0,0,0
DF,OMARD,43.104722,7.591111,0, ,0.0,0.0,0,0,0,0,0,0,0,0

SID,VARE9K,ALL,2
IF,OMARD,43.104722,7.591111, ,0.0,0.0,0,0,0,0,0,0,0,0
TF,VAREK,42.313056,7.980556,0, ,0.0,0.0,0.0,0.0,0,0,0,0,0,0,0,0

STAR,ABDI1A,ALL,5
IF,ABDIL,44.152500,5.341944, ,0.0,0.0,3,19000,0,0,0,0,0,0
TF,TUPOX,43.975833,5.403056,0, ,0.0,0.0,0.0,0.0,0,0,0,0,0,0,0,0
TF,RUBEB,43.754167,5.570000,0, ,0.0,0.0,0.0,0.0,0,0,0,0,0,0,0,0
TF,AMFOU,43.595833,6.101111,0, ,0.0,0.0,0.0,0.0,0,0,0,0,0,0,0,0

STAR,ABDI1V,ALL,5
IF,ABDIL,44.152500,5.341944, ,0.0,0.0,3,19000,0,0,0,0,0,0
TF,TUPOX,43.975833,5.403056,0, ,0.0,0.0,0.0,0.0,0,0,0,0,0,0,0,0
TF,RUBEB,43.754167,5.570000,0, ,0.0,0.0,0.0,0.0,0,0,0,0,0,0,0,0
TF,BATEX,43.669722,5.719722,0, ,0.0,0.0,0.0,0.0,0,0,0,0,0,0,0,0
TF,UGLET,43.581111,5.875278,0, ,0.0,0.0,0.0,0.0,1,12000,0,1,250,0,0,0
TF,GILON,43.444167,6.115000,0, ,0.0,0.0,0.0,0.0,0,0,0,0,0,0,0,0
TF,LUC,43.382778,6.255917,0, ,0.0,0.0,0.0,0.0,0,0,0,0,0,0,0,0
TF,NEKIP,43.327833,6.372778,0, ,0.0,0.0,0.0,0.0,0,0,0,0,0,0,0,0

STAR,ABLA1A,ALL,5
IF,ABLAK,43.501389,5.438333, ,0.0,0.0,4,20000,12000,1,280,0,0,0
TF,ABILI,43.567778,5.674722,0, ,0.0,0.0,0.0,0.0,0,0,0,0,0,0,0,0
TF,UGLET,43.581111,5.875278,0, ,0.0,0.0,0.0,0.0,1,12000,0,1,250,0,0,0
TF,AMFOU,43.595833,6.101111,0, ,0.0,0.0,0.0,0.0,0,0,0,0,0,0,0,0

STAR,ABLA1V,ALL,5
IF,ABLAK,43.501389,5.438333, ,0.0,0.0,4,20000,12000,1,280,0,0,0
TF,ABILI,43.567778,5.674722,0, ,0.0,0.0,0.0,0.0,0,0,0,0,0,0,0,0
TF,UGLET,43.581111,5.875278,0, ,0.0,0.0,0.0,0.0,1,12000,0,1,250,0,0,0
TF,GILON,43.444167,6.115000,0, ,0.0,0.0,0.0,0.0,0,0,0,0,0,0,0,0
TF,LUC,43.382778,6.255917,0, ,0.0,0.0,0.0,0.0,0,0,0,0,0,0,0,0
TF,NEKIP,43.327833,6.372778,0, ,0.0,0.0,0.0,0.0,0,0,0,0,0,0,0,0

STAR,AMFO1D,ALL,2
IF,AMFOU,43.595833,6.101111, ,0.0,0.0,0,0,0,0,0,0,0,0
TF,GILON,43.444167,6.115000,0, ,0.0,0.0,0.0,0.0,0,0,0,0,0,0,0,0
TF,LUC,43.382778,6.255917,0, ,0.0,0.0,0.0,0.0,0,0,0,0,0,0,0,0
TF,NEKIP,43.327833,6.372778,0, ,0.0,0.0,0.0,0.0,0,0,0,0,0,0,0,0

STAR,BIRG1D,ALL,2
IF,BIRGO,43.391667,6.119722, ,0.0,0.0,3,11000,0,0,0,0,0,0
TF,LUC,43.382778,6.255917,0, ,0.0,0.0,0.0,0.0,0,0,0,0,0,0,0,0
TF,NEKIP,43.327833,6.372778,0, ,0.0,0.0,0.0,0.0,0,0,0,0,0,0,0,0

STAR,BORD1D,ALL,2
IF,BORDI,44.023056,7.751944, ,0.0,0.0,3,17000,0,0,0,0,0,0
TF,D053I,43.857039,7.423747,0, ,0.0,0.0,0.0,0.0,0,0,0,0,0,0,0,1
CF,MIKRU,43.679444,7.545278,1,NIZ,111.3,13.8,144.0,10.0,0,0,0,0,0,0,0,0
TF,PIRAM,43.537778,7.991111,0, ,0.0,0.0,0.0,0.0,0,0,0,0,0,0,0,0
TF,NIZ45,43.470078,8.200408,0, ,0.0,0.0,0.0,0.0,0,0,0,0,0,0,0,0
CI,0, ,0.0,112.0,0,0,0,0,0,0,0,0
AF,AZR47,43.240914,8.133275,2,AZR,120.0,47.0,105.0,0,0,0,0,0,0,0,0
CF,KOKIN,43.225750,8.035806,0,NIZ,131.5,47.3,304.0,2.0,0,0,0,0,0,0,0,0
TF,INLOV,43.315000,7.870722,0, ,0.0,0.0,0.0,0.0,0,0,0,0,0,0,0,0

STAR,BORD1V,ALL,5
IF,BORDI,44.023056,7.751944, ,0.0,0.0,3,17000,0,0,0,0,0,0
TF,D053I,43.857039,7.423747,0, ,0.0,0.0,0.0,0.0,0,0,0,0,0,0,0,1
CF,MIKRU,43.679444,7.545278,1,NIZ,111.3,13.8,144.0,10.0,0,0,0,0,0,0,0,0
TF,PIRAM,43.537778,7.991111,0, ,0.0,0.0,0.0,0.0,0,0,0,0,0,0,0,0
TF,NIZ45,43.470078,8.200408,0, ,0.0,0.0,0.0,0.0,0,0,0,0,0,0,0,0
CI,0, ,0.0,112.0,0,0,0,0,0,0,0,0
AF,AZR47,43.240914,8.133275,2,AZR,120.0,47.0,105.0,0,0,0,0,0,0,0,0
CF,KOKIN,43.225750,8.035806,0,NIZ,131.5,47.3,304.0,2.0,0,0,0,0,0,0,0,0
TF,INLOV,43.315000,7.870722,0, ,0.0,0.0,0.0,0.0,0,0,0,0,0,0,0,0

STAR,KERI1D,ALL,2
IF,KERIT,43.342222,8.592778, ,0.0,0.0,3,17000,0,0,0,0,0,0
TF,NIZ51,43.429411,8.325831,0, ,0.0,0.0,0.0,0.0,0,0,0,0,0,0,0,0
CI,0, ,0.0,293.0,0,0,0,0,0,0,0,0
AF,AZR47,43.240914,8.133275,2,AZR,120.0,47.0,105.0,0,0,0,0,0,0,0,0
CF,KOKIN,43.225750,8.035806,0,NIZ,131.5,47.3,304.0,2.0,0,0,0,0,0,0,0,0
TF,INLOV,43.315000,7.870722,0, ,0.0,0.0,0.0,0.0,0,0,0,0,0,0,0,0

STAR,KERI1V,ALL,5
IF,KERIT,43.342222,8.592778, ,0.0,0.0,3,17000,0,0,0,0,0,0
TF,KOKIN,43.225750,8.035806,0, ,0.0,0.0,0.0,0.0,0,0,0,0,0,0,0,0
TF,INLOV,43.315000,7.870722,0, ,0.0,0.0,0.0,0.0,0,0,0,0,0,0,0,0

STAR,LONS1V,ALL,5
IF,LONSU,42.776944,8.023889, ,0.0,0.0,3,17000,0,0,0,0,0,0
TF,KOKIN,43.225750,8.035806,0, ,0.0,0.0,0.0,0.0,0,0,0,0,0,0,0,0
TF,INLOV,43.315000,7.870722,0, ,0.0,0.0,0.0,0.0,0,0,0,0,0,0,0,0

STAR,MERL1D,ALL,2
IF,MERLU,43.080000,7.793333, ,0.0,0.0,0,0,0,0,0,0,0,0
CI,0, ,0.0,329.0,0,0,0,0,0,0,0,0
AF,AZR40,43.237892,7.933203,1,AZR,127.0,40.0,143.0,0,0,0,0,0,0,0,0
CF,INLOV,43.315000,7.870722,0,NIZ,133.3,38.4,304.0,3.0,0,0,0,0,0,0,0,0

STAR,PERU1V,ALL,5
IF,PERUS,44.153333,6.103333, ,0.0,0.0,3,19000,0,0,0,0,0,0
TF,AMFOU,43.595833,6.101111,0, ,0.0,0.0,0.0,0.0,3,12000,0,1,250,0,0,0
TF,GILON,43.444167,6.115000,0, ,0.0,0.0,0.0,0.0,0,0,0,0,0,0,0,0
TF,LUC,43.382778,6.255917,0, ,0.0,0.0,0.0,0.0,0,0,0,0,0,0,0,0
TF,NEKIP,43.327833,6.372778,0, ,0.0,0.0,0.0,0.0,0,0,0,0,0,0,0,0

STAR,SODR1V,ALL,5
IF,SODRI,43.013056,8.371944, ,0.0,0.0,0,0,0,0,0,0,0,0
TF,KOKIN,43.225750,8.035806,0, ,0.0,0.0,0.0,0.0,0,0,0,0,0,0,0,0
TF,INLOV,43.315000,7.870722,0, ,0.0,0.0,0.0,0.0,0,0,0,0,0,0,0,0

STAR,VEVA1D,ALL,2
IF,VEVAR,44.800000,7.012500, ,0.0,0.0,0,0,0,0,0,0,0,0
TF,GAPDO,44.214444,7.151139,0, ,0.0,0.0,0.0,0.0,3,22000,0,0,0,0,0,0
TF,MOTUR,44.017222,7.197222,0, ,0.0,0.0,0.0,0.0,0,0,0,0,0,0,0,0
TF,NIZ,43.770639,7.254389,0, ,0.0,0.0,0.0,0.0,0,0,0,0,0,0,0,0
TF,MIKRU,43.679444,7.545278,0, ,0.0,0.0,0.0,0.0,0,0,0,0,0,0,0,0
TF,PIRAM,43.537778,7.991111,0, ,0.0,0.0,0.0,0.0,0,0,0,0,0,0,0,0
TF,NIZ45,43.470078,8.200408,0, ,0.0,0.0,0.0,0.0,0,0,0,0,0,0,0,0
CI,0, ,0.0,112.0,0,0,0,0,0,0,0,0
AF,AZR47,43.240914,8.133275,2,AZR,120.0,47.0,105.0,0,0,0,0,0,0,0,0
CF,KOKIN,43.225750,8.035806,0,AZR,124.0,44.0,304.0,2.0,0,0,0,0,0,0,0,0
TF,INLOV,43.315000,7.870722,0, ,0.0,0.0,0.0,0.0,0,0,0,0,0,0,0,0

STAR,VEVA1V,ALL,5
IF,VEVAR,44.800000,7.012500, ,0.0,0.0,0,0,0,0,0,0,0,0
TF,GAPDO,44.214444,7.151139,0, ,0.0,0.0,0.0,0.0,3,22000,0,0,0,0,0,0
TF,AMGEL,43.832056,7.374639,0, ,0.0,0.0,0.0,0.0,0,0,0,0,0,0,0,0
TF,MIKRU,43.679444,7.545278,0, ,0.0,0.0,0.0,0.0,0,0,0,0,0,0,0,0
TF,PIRAM,43.537778,7.991111,0, ,0.0,0.0,0.0,0.0,0,0,0,0,0,0,0,0
TF,NIZ45,43.470078,8.200408,0, ,0.0,0.0,0.0,0.0,0,0,0,0,0,0,0,0
CI,0, ,0.0,112.0,0,0,0,0,0,0,0,0
AF,AZR47,43.240914,8.133275,2,AZR,120.0,47.0,105.0,0,0,0,0,0,0,0,0
CF,KOKIN,43.225750,8.035806,0,NIZ,131.5,47.3,304.0,2.0,0,0,0,0,0,0,0,0
TF,INLOV,43.315000,7.870722,0, ,0.0,0.0,0.0,0.0,0,0,0,0,0,0,0,0

STAR,XATE1A,ALL,5
IF,XATEL,44.270278,5.178611, ,0.0,0.0,4,31000,20000,0,0,0,0,0
TF,TUPOX,43.975833,5.403056,0, ,0.0,0.0,0.0,0.0,4,25000,20000,0,0,0,0,0
TF,RUBEB,43.754167,5.570000,0, ,0.0,0.0,0.0,0.0,1,20000,0,1,280,0,0,0
TF,AMFOU,43.595833,6.101111,0, ,0.0,0.0,0.0,0.0,0,0,0,0,0,0,0,0

STAR,XATE1V,ALL,5
IF,XATEL,44.270278,5.178611, ,0.0,0.0,4,31000,20000,0,0,0,0,0
TF,TUPOX,43.975833,5.403056,0, ,0.0,0.0,0.0,0.0,4,25000,20000,0,0,0,0,0
TF,RUBEB,43.754167,5.570000,0, ,0.0,0.0,0.0,0.0,1,20000,0,1,280,0,0,0
TF,BATEX,43.669722,5.719722,0, ,0.0,0.0,0.0,0.0,0,0,0,0,0,0,0,0
TF,UGLET,43.581111,5.875278,0, ,0.0,0.0,0.0,0.0,1,12000,0,1,250,0,0,0
TF,GILON,43.444167,6.115000,0, ,0.0,0.0,0.0,0.0,0,0,0,0,0,0,0,0
TF,LUC,43.382778,6.255917,0, ,0.0,0.0,0.0,0.0,0,0,0,0,0,0,0,0
TF,NEKIP,43.327833,6.372778,0, ,0.0,0.0,0.0,0.0,0,0,0,0,0,0,0,0

APPTR,L04-A,04,INLOV
IF,INLOV,43.315000,7.870722, ,0.0,0.0,1,4000,0,0,0,0,1,0
TF,STP32,43.281978,7.323972,0, ,0.0,0.0,0.0,0.0,1,3000,0,0,0,0,0,0
CF,LUC35,43.308919,7.048931,0,LUC,96.0,35.0,276.0,12.2,1,3000,0,1,170,0,0,1
CF,OBOTA,43.376639,6.998583,0,CMD,166.7,11.0,347.0,4.0,1,2000,0,0,0,0,0,0

APPTR,L04-A,04,NEKIP
IF,NEKIP,43.327833,6.372778, ,0.0,0.0,0,0,0,0,0,0,1,0
CF,D301G,43.276822,6.476039,0,STP,301.0,6.5,121.0,5.5,1,6000,0,0,0,0,0,0
CF,D060E,43.263061,6.709536,0,LUC,108.7,21.1,94.0,10.0,1,6000,0,0,0,0,0,0
CF,D060M,43.324242,6.861419,0,STP,60.0,13.0,60.0,7.6,1,3000,0,0,0,0,0,0
CF,D060S,43.368389,6.971525,0,STP,60.0,18.5,60.0,5.5,1,2000,0,0,0,0,0,0
CF,OBOTA,43.376639,6.998583,0,CMD,166.7,11.0,60.0,1.3,1,2000,0,0,0,0,1,0

FINAL,L04-A,04,D,3
IF,OBOTA,43.376639,6.998583,CMD,166.7,11.0,1,2000,0,0,0,0,0,0
CF,FL347,43.458508,6.975486,0,CMD,167.0,6.0,347.0,5.0,1,2000,0,0,0,0,2,0
CF,ML347,43.499256,6.964625,0,CMD,167.0,3.5,347.0,2.5,1,2000,0,0,0,0,3,0
CF,D167L,43.331133,7.096089,2,CGS,184.6,19.0,167.0,12.0,1,2000,0,1,160,0,0,1
CF,D167O,43.311072,7.014656,2,CGS,195.0,20.9,347.0,1.0,0,0,0,1,170,0,0,0
CF,OBOTA,43.376639,6.998583,0,CGS,200.8,17.4,347.0,4.0,0,0,0,0,0,0,0,0
HM,OBOTA,43.376639,6.998583,2, ,0.0,0.0,347.0,03,0,0,0,0,0,0,0,0,0

APPTR,L04-B,04,INLOV
IF,INLOV,43.315000,7.870722, ,0.0,0.0,1,4000,0,0,0,0,1,0
TF,STP32,43.281978,7.323972,0, ,0.0,0.0,0.0,0.0,1,3000,0,0,0,0,0,0
CF,LUC35,43.308919,7.048931,0,LUC,96.0,35.0,276.0,12.2,1,3000,0,1,170,0,0,1
CF,OBOTA,43.376639,6.998583,0,CMD,166.7,11.0,347.0,4.0,1,2000,0,0,0,0,0,0

APPTR,L04-B,04,NEKIP
IF,NEKIP,43.327833,6.372778, ,0.0,0.0,0,0,0,0,0,0,1,0
CF,D301G,43.276822,6.476039,0,STP,301.0,6.5,121.0,5.5,1,6000,0,0,0,0,0,0
CF,D060E,43.263061,6.709536,0,LUC,108.7,21.1,94.0,10.0,1,6000,0,0,0,0,0,0
CF,D060M,43.324242,6.861419,0,STP,60.0,13.0,60.0,7.6,1,3000,0,0,0,0,0,0
CF,D060S,43.368389,6.971525,0,STP,60.0,18.5,60.0,5.5,1,2000,0,0,0,0,0,0
CF,OBOTA,43.376639,6.998583,0,CMD,166.7,11.0,60.0,1.3,1,2000,0,0,0,0,1,0

FINAL,L04-B,04,D,3
IF,OBOTA,43.376639,6.998583,CMD,166.7,11.0,1,2000,0,0,0,0,0,0
CF,FL347,43.458508,6.975486,0,CMD,167.0,6.0,347.0,5.0,1,2000,0,0,0,0,2,0
CF,ML347,43.499256,6.964625,0,CMD,167.0,3.5,347.0,2.5,1,1500,0,0,0,0,3,0
CF,D167L,43.331133,7.096089,2,CGS,184.6,19.0,167.0,12.0,1,2000,0,1,160,0,0,1
CF,D167O,43.311072,7.014656,2,CGS,194.0,20.9,347.0,1.0,0,0,0,1,170,0,0,0
CF,OBOTA,43.376639,6.998583,0,CGS,199.8,17.4,347.0,4.0,0,0,0,0,0,0,0,0
HM,OBOTA,43.376639,6.998583,2, ,0.0,0.0,347.0,03,0,0,0,0,0,0,0,0,0

APPTR,L17-A,17,INLOV
IF,INLOV,43.315000,7.870722, ,0.0,0.0,1,4000,0,0,0,0,1,0
TF,STP32,43.281978,7.323972,0, ,0.0,0.0,0.0,0.0,1,3000,0,0,0,0,0,0
CF,LUC35,43.308919,7.048931,0,LUC,96.0,35.0,276.0,12.2,1,3000,0,1,170,0,0,1
CF,OBOTA,43.376639,6.998583,0,CMD,166.7,11.0,347.0,4.0,1,2000,0,0,0,0,0,0

APPTR,L17-A,17,NEKIP
IF,NEKIP,43.327833,6.372778, ,0.0,0.0,0,0,0,0,0,0,1,0
CF,D301G,43.276822,6.476039,0,STP,301.0,6.5,121.0,5.5,1,6000,0,0,0,0,0,0
CF,D060E,43.263061,6.709536,0,LUC,108.7,21.1,94.0,10.0,1,6000,0,0,0,0,0,0
CF,D060M,43.324242,6.861419,0,STP,60.0,13.0,60.0,7.6,1,3000,0,0,0,0,0,0
CF,D060S,43.368389,6.971525,0,STP,60.0,18.5,60.0,5.5,1,2000,0,0,0,0,0,0
CF,OBOTA,43.376639,6.998583,0,CMD,166.7,11.0,60.0,1.3,1,2000,0,0,0,0,1,0

FINAL,L17-A,17,D,3
IF,OBOTA,43.376639,6.998583,CMD,166.7,11.0,1,2000,0,0,0,0,0,0
CF,FL347,43.458508,6.975486,0,CMD,167.0,6.0,347.0,5.0,1,2000,0,0,0,0,2,0
CF,ML347,43.499256,6.964625,0,CMD,167.0,3.5,347.0,2.5,1,2000,0,0,0,0,3,0
CF,D167L,43.331133,7.096089,2,CGS,184.6,19.0,167.0,12.0,1,2000,0,1,160,0,0,1
CF,D167O,43.311072,7.014656,2,CGS,195.0,20.9,347.0,1.0,0,0,0,1,170,0,0,0
CF,OBOTA,43.376639,6.998583,0,CGS,200.8,17.4,347.0,4.0,0,0,0,0,0,0,0,0
HM,OBOTA,43.376639,6.998583,2, ,0.0,0.0,347.0,03,0,0,0,0,0,0,0,0,0

APPTR,L17-B,17,INLOV
IF,INLOV,43.315000,7.870722, ,0.0,0.0,1,4000,0,0,0,0,1,0
TF,STP32,43.281978,7.323972,0, ,0.0,0.0,0.0,0.0,1,3000,0,0,0,0,0,0
CF,LUC35,43.308919,7.048931,0,LUC,96.0,35.0,276.0,12.2,1,3000,0,1,170,0,0,1
CF,OBOTA,43.376639,6.998583,0,CMD,166.7,11.0,347.0,4.0,1,2000,0,0,0,0,0,0

APPTR,L17-B,17,NEKIP
IF,NEKIP,43.327833,6.372778, ,0.0,0.0,0,0,0,0,0,0,1,0
CF,D301G,43.276822,6.476039,0,STP,301.0,6.5,121.0,5.5,1,6000,0,0,0,0,0,0
CF,D060E,43.263061,6.709536,0,LUC,108.7,21.1,94.0,10.0,1,6000,0,0,0,0,0,0
CF,D060M,43.324242,6.861419,0,STP,60.0,13.0,60.0,7.6,1,3000,0,0,0,0,0,0
CF,D060S,43.368389,6.971525,0,STP,60.0,18.5,60.0,5.5,1,2000,0,0,0,0,0,0
CF,OBOTA,43.376639,6.998583,0,CMD,166.7,11.0,60.0,1.3,1,2000,0,0,0,0,1,0

FINAL,L17-B,17,D,3
IF,OBOTA,43.376639,6.998583,CMD,166.7,11.0,1,2000,0,0,0,0,0,0
CF,FL347,43.458508,6.975486,0,CMD,167.0,6.0,347.0,5.0,1,2000,0,0,0,0,2,0
CF,ML347,43.499256,6.964625,0,CMD,167.0,3.5,347.0,2.5,1,1500,0,0,0,0,3,0
CF,D167L,43.331133,7.096089,2,CGS,184.6,19.0,167.0,12.0,1,2000,0,1,160,0,0,1
CF,D167O,43.311072,7.014656,2,CGS,194.0,20.9,347.0,1.0,0,0,0,1,170,0,0,0
CF,OBOTA,43.376639,6.998583,0,CGS,199.8,17.4,347.0,4.0,0,0,0,0,0,0,0,0
HM,OBOTA,43.376639,6.998583,2, ,0.0,0.0,347.0,03,0,0,0,0,0,0,0,0,0

APPTR,L22-A,22,INLOV
IF,INLOV,43.315000,7.870722, ,0.0,0.0,1,4000,0,0,0,0,1,0
TF,STP32,43.281978,7.323972,0, ,0.0,0.0,0.0,0.0,1,3000,0,0,0,0,0,0
CF,LUC35,43.308919,7.048931,0,LUC,96.0,35.0,276.0,12.2,1,3000,0,1,170,0,0,1
CF,OBOTA,43.376639,6.998583,0,CMD,166.7,11.0,347.0,4.0,1,2000,0,0,0,0,0,0

APPTR,L22-A,22,NEKIP
IF,NEKIP,43.327833,6.372778, ,0.0,0.0,0,0,0,0,0,0,1,0
CF,D301G,43.276822,6.476039,0,STP,301.0,6.5,121.0,5.5,1,6000,0,0,0,0,0,0
CF,D060E,43.263061,6.709536,0,LUC,108.7,21.1,94.0,10.0,1,6000,0,0,0,0,0,0
CF,D060M,43.324242,6.861419,0,STP,60.0,13.0,60.0,7.6,1,3000,0,0,0,0,0,0
CF,D060S,43.368389,6.971525,0,STP,60.0,18.5,60.0,5.5,1,2000,0,0,0,0,0,0
CF,OBOTA,43.376639,6.998583,0,CMD,166.7,11.0,60.0,1.3,1,2000,0,0,0,0,1,0

FINAL,L22-A,22,D,3
IF,OBOTA,43.376639,6.998583,CMD,166.7,11.0,1,2000,0,0,0,0,0,0
CF,FL347,43.458508,6.975486,0,CMD,167.0,6.0,347.0,5.0,1,2000,0,0,0,0,2,0
CF,ML347,43.499256,6.964625,0,CMD,167.0,3.5,347.0,2.5,1,2000,0,0,0,0,3,0
CF,D167L,43.331133,7.096089,2,CGS,184.6,19.0,167.0,12.0,1,2000,0,1,160,0,0,1
CF,D167O,43.311072,7.014656,2,CGS,195.0,20.9,347.0,1.0,0,0,0,1,170,0,0,0
CF,OBOTA,43.376639,6.998583,0,CGS,200.8,17.4,347.0,4.0,0,0,0,0,0,0,0,0
HM,OBOTA,43.376639,6.998583,2, ,0.0,0.0,347.0,03,0,0,0,0,0,0,0,0,0

APPTR,L22-B,22,INLOV
IF,INLOV,43.315000,7.870722, ,0.0,0.0,1,4000,0,0,0,0,1,0
TF,STP32,43.281978,7.323972,0, ,0.0,0.0,0.0,0.0,1,3000,0,0,0,0,0,0
CF,LUC35,43.308919,7.048931,0,LUC,96.0,35.0,276.0,12.2,1,3000,0,1,170,0,0,1
CF,OBOTA,43.376639,6.998583,0,CMD,166.7,11.0,347.0,4.0,1,2000,0,0,0,0,0,0

APPTR,L22-B,22,NEKIP
IF,NEKIP,43.327833,6.372778, ,0.0,0.0,0,0,0,0,0,0,1,0
CF,D301G,43.276822,6.476039,0,STP,301.0,6.5,121.0,5.5,1,6000,0,0,0,0,0,0
CF,D060E,43.263061,6.709536,0,LUC,108.7,21.1,94.0,10.0,1,6000,0,0,0,0,0,0
CF,D060M,43.324242,6.861419,0,STP,60.0,13.0,60.0,7.6,1,3000,0,0,0,0,0,0
CF,D060S,43.368389,6.971525,0,STP,60.0,18.5,60.0,5.5,1,2000,0,0,0,0,0,0
CF,OBOTA,43.376639,6.998583,0,CMD,166.7,11.0,60.0,1.3,1,2000,0,0,0,0,1,0

FINAL,L22-B,22,D,3
IF,OBOTA,43.376639,6.998583,CMD,166.7,11.0,1,2000,0,0,0,0,0,0
CF,FL347,43.458508,6.975486,0,CMD,167.0,6.0,347.0,5.0,1,2000,0,0,0,0,2,0
CF,ML347,43.499256,6.964625,0,CMD,167.0,3.5,347.0,2.5,1,1500,0,0,0,0,3,0
CF,D167L,43.331133,7.096089,2,CGS,184.6,19.0,167.0,12.0,1,2000,0,1,160,0,0,1
CF,D167O,43.311072,7.014656,2,CGS,194.0,20.9,347.0,1.0,0,0,0,1,170,0,0,0
CF,OBOTA,43.376639,6.998583,0,CGS,199.8,17.4,347.0,4.0,0,0,0,0,0,0,0,0
HM,OBOTA,43.376639,6.998583,2, ,0.0,0.0,347.0,03,0,0,0,0,0,0,0,0,0

APPTR,L35-A,35,INLOV
IF,INLOV,43.315000,7.870722, ,0.0,0.0,1,4000,0,0,0,0,1,0
TF,STP32,43.281978,7.323972,0, ,0.0,0.0,0.0,0.0,1,3000,0,0,0,0,0,0
CF,LUC35,43.308919,7.048931,0,LUC,96.0,35.0,276.0,12.2,1,3000,0,1,170,0,0,1
CF,OBOTA,43.376639,6.998583,0,CMD,166.7,11.0,347.0,4.0,1,2000,0,0,0,0,0,0

APPTR,L35-A,35,NEKIP
IF,NEKIP,43.327833,6.372778, ,0.0,0.0,0,0,0,0,0,0,1,0
CF,D301G,43.276822,6.476039,0,STP,301.0,6.5,121.0,5.5,1,6000,0,0,0,0,0,0
CF,D060E,43.263061,6.709536,0,LUC,108.7,21.1,94.0,10.0,1,6000,0,0,0,0,0,0
CF,D060M,43.324242,6.861419,0,STP,60.0,13.0,60.0,7.6,1,3000,0,0,0,0,0,0
CF,D060S,43.368389,6.971525,0,STP,60.0,18.5,60.0,5.5,1,2000,0,0,0,0,0,0
CF,OBOTA,43.376639,6.998583,0,CMD,166.7,11.0,60.0,1.3,1,2000,0,0,0,0,1,0

FINAL,L35-A,35,D,3
IF,OBOTA,43.376639,6.998583,CMD,166.7,11.0,1,2000,0,0,0,0,0,0
CF,FL347,43.458508,6.975486,0,CMD,167.0,6.0,347.0,5.0,1,2000,0,0,0,0,2,0
CF,ML347,43.499256,6.964625,0,CMD,167.0,3.5,347.0,2.5,1,2000,0,0,0,0,3,0
CF,D167L,43.331133,7.096089,2,CGS,184.6,19.0,167.0,12.0,1,2000,0,1,160,0,0,1
CF,D167O,43.311072,7.014656,2,CGS,195.0,20.9,347.0,1.0,0,0,0,1,170,0,0,0
CF,OBOTA,43.376639,6.998583,0,CGS,200.8,17.4,347.0,4.0,0,0,0,0,0,0,0,0
HM,OBOTA,43.376639,6.998583,2, ,0.0,0.0,347.0,03,0,0,0,0,0,0,0,0,0

APPTR,L35-B,35,INLOV
IF,INLOV,43.315000,7.870722, ,0.0,0.0,1,4000,0,0,0,0,1,0
TF,STP32,43.281978,7.323972,0, ,0.0,0.0,0.0,0.0,1,3000,0,0,0,0,0,0
CF,LUC35,43.308919,7.048931,0,LUC,96.0,35.0,276.0,12.2,1,3000,0,1,170,0,0,1
CF,OBOTA,43.376639,6.998583,0,CMD,166.7,11.0,347.0,4.0,1,2000,0,0,0,0,0,0

APPTR,L35-B,35,NEKIP
IF,NEKIP,43.327833,6.372778, ,0.0,0.0,0,0,0,0,0,0,1,0
CF,D301G,43.276822,6.476039,0,STP,301.0,6.5,121.0,5.5,1,6000,0,0,0,0,0,0
CF,D060E,43.263061,6.709536,0,LUC,108.7,21.1,94.0,10.0,1,6000,0,0,0,0,0,0
CF,D060M,43.324242,6.861419,0,STP,60.0,13.0,60.0,7.6,1,3000,0,0,0,0,0,0
CF,D060S,43.368389,6.971525,0,STP,60.0,18.5,60.0,5.5,1,2000,0,0,0,0,0,0
CF,OBOTA,43.376639,6.998583,0,CMD,166.7,11.0,60.0,1.3,1,2000,0,0,0,0,1,0

FINAL,L35-B,35,D,3
IF,OBOTA,43.376639,6.998583,CMD,166.7,11.0,1,2000,0,0,0,0,0,0
CF,FL347,43.458508,6.975486,0,CMD,167.0,6.0,347.0,5.0,1,2000,0,0,0,0,2,0
CF,ML347,43.499256,6.964625,0,CMD,167.0,3.5,347.0,2.5,1,1500,0,0,0,0,3,0
CF,D167L,43.331133,7.096089,2,CGS,184.6,19.0,167.0,12.0,1,2000,0,1,160,0,0,1
CF,D167O,43.311072,7.014656,2,CGS,194.0,20.9,347.0,1.0,0,0,0,1,170,0,0,0
CF,OBOTA,43.376639,6.998583,0,CGS,199.8,17.4,347.0,4.0,0,0,0,0,0,0,0,0
HM,OBOTA,43.376639,6.998583,2, ,0.0,0.0,347.0,03,0,0,0,0,0,0,0,0,0

APPTR,R04-A,04,INLOV
IF,INLOV,43.315000,7.870722, ,0.0,0.0,2,4000,0,1,220,0,1,0
TF,MD503,43.276500,7.379028,0, ,0.0,0.0,0.0,0.0,0,0,0,0,0,0,0,0
TF,MD504,43.312028,7.016750,0, ,0.0,0.0,0.0,0.0,2,3000,0,1,170,0,0,0
TF,OBOTA,43.376639,6.998583,0, ,0.0,0.0,0.0,0.0,1,2000,0,0,0,0,1,0

APPTR,R04-A,04,NEKIP
IF,NEKIP,43.327833,6.372778, ,0.0,0.0,2,6000,0,1,220,0,1,0
TF,MD403,43.278417,6.477444,0, ,0.0,0.0,0.0,0.0,0,0,0,0,0,0,0,0
TF,MD404,43.262528,6.709944,0, ,0.0,0.0,0.0,0.0,2,6000,0,0,0,0,0,0
TF,MD405,43.322944,6.862361,0, ,0.0,0.0,0.0,0.0,2,3000,0,0,0,0,0,0
TF,OBOTA,43.376639,6.998583,0, ,0.0,0.0,0.0,0.0,1,2000,0,0,0,0,1,0

FINAL,R04-A,04,R,2
IF,OBOTA,43.376639,6.998583, ,0.0,0.0,1,2000,0,0,0,0,2,0
TF,MD17A,43.517556,6.958944,0, ,0.0,0.0,347.0,8.6,1,2000,0,0,0,0,3,1
DF,MD410,43.465444,7.061194,2, ,0.0,0.0,0,0,0,0,0,0,0,0
TF,MD412,43.324528,7.100694,0, ,0.0,0.0,0.0,0.0,0,0,0,1,160,0,0,0
TF,MD504,43.312028,7.016750,0, ,0.0,0.0,0.0,0.0,0,0,0,1,170,0,0,0
TF,MD414,43.360333,7.003194,0, ,0.0,0.0,0.0,0.0,3,2000,0,0,0,0,0,1
HM,MD414,43.360333,7.003194,2, ,0.0,0.0,347.0,04.3,1,2000,0,1,170,0,0,0,0

APPTR,R17,17,INLOV
IF,INLOV,43.315000,7.870722, ,0.0,0.0,2,4000,0,1,220,0,1,0
TF,MD503,43.276500,7.379028,0, ,0.0,0.0,0.0,0.0,0,0,0,0,0,0,0,0
TF,MD504,43.312028,7.016750,0, ,0.0,0.0,0.0,0.0,0,0,0,0,0,0,0,0
TF,MD405,43.322944,6.862361,0, ,0.0,0.0,0.0,0.0,1,3000,0,0,0,0,0,0
TF,MD602,43.381056,6.831389,0, ,0.0,0.0,0.0,0.0,0,0,0,0,0,0,0,0
TF,IMD17,43.509000,6.870500,0, ,0.0,0.0,0.0,0.0,2,3000,0,0,0,0,1,0

APPTR,R17,17,MD504
IF,MD504,43.312028,7.016750, ,0.0,0.0,0,0,0,1,220,0,1,0
TF,MD405,43.322944,6.862361,0, ,0.0,0.0,0.0,0.0,1,3000,0,0,0,0,0,0
TF,MD602,43.381056,6.831389,0, ,0.0,0.0,0.0,0.0,0,0,0,0,0,0,0,0
TF,IMD17,43.509000,6.870500,0, ,0.0,0.0,0.0,0.0,2,3000,0,0,0,0,1,0

APPTR,R17,17,NEKIP
IF,NEKIP,43.327833,6.372778, ,0.0,0.0,2,6000,0,1,220,0,1,0
TF,MD608,43.326250,6.555444,0, ,0.0,0.0,0.0,0.0,2,3800,0,0,0,0,0,0
TF,MD601,43.324722,6.706000,0, ,0.0,0.0,0.0,0.0,1,3000,0,0,0,0,0,0
TF,MD602,43.381056,6.831389,0, ,0.0,0.0,0.0,0.0,0,0,0,0,0,0,0,0
TF,IMD17,43.509000,6.870500,0, ,0.0,0.0,0.0,0.0,2,3000,0,0,0,0,1,0

FINAL,R17,17,R,5
IF,IMD17,43.509000,6.870500, ,0.0,0.0,2,3000,0,0,0,0,0,0
TF,MD603,43.610361,6.870694,0, ,0.0,0.0,358.0,6.1,0,0,0,1,160,0,0,0
RF,FMD17,43.628778,6.881889,2,MD600,109.5,1.5,1,3000,0,0,0,0,2,0
RF,MD604,43.613528,6.939222,2,MD600,172.0,1.5,0,0,0,0,0,0,0,0
TF,RW17,43.553347,6.949900,0, ,0.0,0.0,171.0,3.6,1,62,0,0,0,0,3,1
TF,MD605,43.540667,6.952139,0, ,0.0,0.0,0.0,0.0,0,0,0,0,0,0,0,0
RF,MD606,43.506000,6.981111,1,MD610,124.2,3.0,0,0,0,0,0,0,0,0
TF,MD410,43.465444,7.061194,0, ,0.0,0.0,0.0,0.0,0,0,0,0,0,0,0,0
TF,MD412,43.324528,7.100694,0, ,0.0,0.0,0.0,0.0,0,0,0,1,160,0,0,0
TF,MD504,43.312028,7.016750,0, ,0.0,0.0,0.0,0.0,0,0,0,1,170,0,0,0
TF,MD414,43.360333,7.003194,0, ,0.0,0.0,0.0,0.0,3,2000,0,0,0,0,0,1
HM,MD414,43.360333,7.003194,2, ,0.0,0.0,347.0,04.3,1,2000,0,1,170,0,0,0,0

APPTR,R17-A,17,INLOV
IF,INLOV,43.315000,7.870722, ,0.0,0.0,2,4000,0,1,220,0,1,0
TF,MD503,43.276500,7.379028,0, ,0.0,0.0,0.0,0.0,0,0,0,0,0,0,0,0
TF,MD504,43.312028,7.016750,0, ,0.0,0.0,0.0,0.0,2,3000,0,1,170,0,0,0
TF,OBOTA,43.376639,6.998583,0, ,0.0,0.0,0.0,0.0,1,2000,0,0,0,0,1,0

APPTR,R17-A,17,NEKIP
IF,NEKIP,43.327833,6.372778, ,0.0,0.0,2,6000,0,1,220,0,1,0
TF,MD403,43.278417,6.477444,0, ,0.0,0.0,0.0,0.0,0,0,0,0,0,0,0,0
TF,MD404,43.262528,6.709944,0, ,0.0,0.0,0.0,0.0,2,6000,0,0,0,0,0,0
TF,MD405,43.322944,6.862361,0, ,0.0,0.0,0.0,0.0,2,3000,0,0,0,0,0,0
TF,OBOTA,43.376639,6.998583,0, ,0.0,0.0,0.0,0.0,1,2000,0,0,0,0,1,0

FINAL,R17-A,17,R,2
IF,OBOTA,43.376639,6.998583, ,0.0,0.0,1,2000,0,0,0,0,2,0
TF,MD17A,43.517556,6.958944,0, ,0.0,0.0,347.0,8.6,1,2000,0,0,0,0,3,1
DF,MD410,43.465444,7.061194,2, ,0.0,0.0,0,0,0,0,0,0,0,0
TF,MD412,43.324528,7.100694,0, ,0.0,0.0,0.0,0.0,0,0,0,1,160,0,0,0
TF,MD504,43.312028,7.016750,0, ,0.0,0.0,0.0,0.0,0,0,0,1,170,0,0,0
TF,MD414,43.360333,7.003194,0, ,0.0,0.0,0.0,0.0,3,2000,0,0,0,0,0,1
HM,MD414,43.360333,7.003194,2, ,0.0,0.0,347.0,04.3,1,2000,0,1,170,0,0,0,0

APPTR,R22-A,22,INLOV
IF,INLOV,43.315000,7.870722, ,0.0,0.0,2,4000,0,1,220,0,1,0
TF,MD503,43.276500,7.379028,0, ,0.0,0.0,0.0,0.0,0,0,0,0,0,0,0,0
TF,MD504,43.312028,7.016750,0, ,0.0,0.0,0.0,0.0,2,3000,0,1,170,0,0,0
TF,OBOTA,43.376639,6.998583,0, ,0.0,0.0,0.0,0.0,1,2000,0,0,0,0,1,0

APPTR,R22-A,22,NEKIP
IF,NEKIP,43.327833,6.372778, ,0.0,0.0,2,6000,0,1,220,0,1,0
TF,MD403,43.278417,6.477444,0, ,0.0,0.0,0.0,0.0,0,0,0,0,0,0,0,0
TF,MD404,43.262528,6.709944,0, ,0.0,0.0,0.0,0.0,2,6000,0,0,0,0,0,0
TF,MD405,43.322944,6.862361,0, ,0.0,0.0,0.0,0.0,2,3000,0,0,0,0,0,0
TF,OBOTA,43.376639,6.998583,0, ,0.0,0.0,0.0,0.0,1,2000,0,0,0,0,1,0

FINAL,R22-A,22,R,2
IF,OBOTA,43.376639,6.998583, ,0.0,0.0,1,2000,0,0,0,0,2,0
TF,MD17A,43.517556,6.958944,0, ,0.0,0.0,347.0,8.6,1,2000,0,0,0,0,3,1
DF,MD410,43.465444,7.061194,2, ,0.0,0.0,0,0,0,0,0,0,0,0
TF,MD412,43.324528,7.100694,0, ,0.0,0.0,0.0,0.0,0,0,0,1,160,0,0,0
TF,MD504,43.312028,7.016750,0, ,0.0,0.0,0.0,0.0,0,0,0,1,170,0,0,0
TF,MD414,43.360333,7.003194,0, ,0.0,0.0,0.0,0.0,3,2000,0,0,0,0,0,1
HM,MD414,43.360333,7.003194,2, ,0.0,0.0,347.0,04.3,1,2000,0,1,170,0,0,0,0

APPTR,R35-A,35,INLOV
IF,INLOV,43.315000,7.870722, ,0.0,0.0,2,4000,0,1,220,0,1,0
TF,MD503,43.276500,7.379028,0, ,0.0,0.0,0.0,0.0,0,0,0,0,0,0,0,0
TF,MD504,43.312028,7.016750,0, ,0.0,0.0,0.0,0.0,2,3000,0,1,170,0,0,0
TF,OBOTA,43.376639,6.998583,0, ,0.0,0.0,0.0,0.0,1,2000,0,0,0,0,1,0

APPTR,R35-A,35,NEKIP
IF,NEKIP,43.327833,6.372778, ,0.0,0.0,2,6000,0,1,220,0,1,0
TF,MD403,43.278417,6.477444,0, ,0.0,0.0,0.0,0.0,0,0,0,0,0,0,0,0
TF,MD404,43.262528,6.709944,0, ,0.0,0.0,0.0,0.0,2,6000,0,0,0,0,0,0
TF,MD405,43.322944,6.862361,0, ,0.0,0.0,0.0,0.0,2,3000,0,0,0,0,0,0
TF,OBOTA,43.376639,6.998583,0, ,0.0,0.0,0.0,0.0,1,2000,0,0,0,0,1,0

FINAL,R35-A,35,R,2
IF,OBOTA,43.376639,6.998583, ,0.0,0.0,1,2000,0,0,0,0,2,0
TF,MD17A,43.517556,6.958944,0, ,0.0,0.0,347.0,8.6,1,2000,0,0,0,0,3,1
DF,MD410,43.465444,7.061194,2, ,0.0,0.0,0,0,0,0,0,0,0,0
TF,MD412,43.324528,7.100694,0, ,0.0,0.0,0.0,0.0,0,0,0,1,160,0,0,0
TF,MD504,43.312028,7.016750,0, ,0.0,0.0,0.0,0.0,0,0,0,1,170,0,0,0
TF,MD414,43.360333,7.003194,0, ,0.0,0.0,0.0,0.0,3,2000,0,0,0,0,0,1
HM,MD414,43.360333,7.003194,2, ,0.0,0.0,347.0,04.3,1,2000,0,1,170,0,0,0,0

APPTR,R35-Y,35,INLOV
IF,INLOV,43.315000,7.870722, ,0.0,0.0,2,4000,0,1,220,0,1,0
TF,MD503,43.276500,7.379028,0, ,0.0,0.0,0.0,0.0,0,0,0,0,0,0,0,0
TF,MD504,43.312028,7.016750,0, ,0.0,0.0,0.0,0.0,2,3000,0,1,170,0,0,0
TF,OBOTA,43.376639,6.998583,0, ,0.0,0.0,0.0,0.0,1,2000,0,0,0,0,1,0

APPTR,R35-Y,35,NEKIP
IF,NEKIP,43.327833,6.372778, ,0.0,0.0,2,6000,0,1,220,0,1,0
TF,MD403,43.278417,6.477444,0, ,0.0,0.0,0.0,0.0,0,0,0,0,0,0,0,0
TF,MD404,43.262528,6.709944,0, ,0.0,0.0,0.0,0.0,2,6000,0,0,0,0,0,0
TF,MD405,43.322944,6.862361,0, ,0.0,0.0,0.0,0.0,2,3000,0,0,0,0,0,0
TF,OBOTA,43.376639,6.998583,0, ,0.0,0.0,0.0,0.0,1,2000,0,0,0,0,1,0

FINAL,R35-Y,35,R,3
IF,OBOTA,43.376639,6.998583, ,0.0,0.0,1,2000,0,0,0,0,0,0
TF,FD35Y,43.457778,6.975806,0, ,0.0,0.0,347.0,5.0,1,2000,0,0,0,0,2,0
TF,MD35Y,43.517556,6.958944,0, ,0.0,0.0,347.0,3.7,1,642,0,0,0,0,3,1
DF,MD410,43.465444,7.061194,2, ,0.0,0.0,0,0,0,0,0,0,0,0
TF,MD412,43.324528,7.100694,0, ,0.0,0.0,0.0,0.0,0,0,0,1,160,0,0,0
TF,MD504,43.312028,7.016750,0, ,0.0,0.0,0.0,0.0,0,0,0,1,170,0,0,0
TF,MD414,43.360333,7.003194,0, ,0.0,0.0,0.0,0.0,3,2000,0,0,0,0,0,1
HM,MD414,43.360333,7.003194,2, ,0.0,0.0,347.0,04.3,1,2000,0,1,170,0,0,0,0

APPTR,R35-Z,35,INLOV
IF,INLOV,43.315000,7.870722, ,0.0,0.0,2,4000,0,1,220,0,1,0
TF,MD503,43.276500,7.379028,0, ,0.0,0.0,0.0,0.0,0,0,0,0,0,0,0,0
TF,MD504,43.312028,7.016750,0, ,0.0,0.0,0.0,0.0,2,3000,0,1,170,0,0,0
TF,BOLBA,43.370222,6.982250,0, ,0.0,0.0,0.0,0.0,1,2000,0,0,0,0,1,0

APPTR,R35-Z,35,NEKIP
IF,NEKIP,43.327833,6.372778, ,0.0,0.0,2,6000,0,1,220,0,1,0
TF,MD403,43.278417,6.477444,0, ,0.0,0.0,0.0,0.0,0,0,0,0,0,0,0,0
TF,MD404,43.262528,6.709944,0, ,0.0,0.0,0.0,0.0,2,6000,0,0,0,0,0,0
TF,MD405,43.322944,6.862361,0, ,0.0,0.0,0.0,0.0,2,3000,0,0,0,0,0,0
TF,BOLBA,43.370222,6.982250,0, ,0.0,0.0,0.0,0.0,1,2000,0,0,0,0,1,0

FINAL,R35-Z,35,R,3
IF,BOLBA,43.370222,6.982250, ,0.0,0.0,1,2000,0,0,0,0,0,0
TF,FD35Z,43.456722,6.967000,0, ,0.0,0.0,351.0,5.2,1,2000,0,0,0,0,2,0
TF,MD409,43.528306,6.954333,0, ,0.0,0.0,351.0,4.3,1,393,0,0,0,0,3,1
DF,MD410,43.465444,7.061194,2, ,0.0,0.0,0,0,0,0,0,0,0,0
TF,MD412,43.324528,7.100694,0, ,0.0,0.0,0.0,0.0,0,0,0,1,160,0,0,0
TF,MD504,43.312028,7.016750,0, ,0.0,0.0,0.0,0.0,0,0,0,1,170,0,0,0
TF,MD414,43.360333,7.003194,0, ,0.0,0.0,0.0,0.0,3,2000,0,0,0,0,0,1
HM,MD414,43.360333,7.003194,2, ,0.0,0.0,347.0,04.3,1,2000,0,1,170,0,0,0,0

