SID,BAGU4N,33,2
CA,0,328.0,2,550,0,0,0,0,0,0
CI,2, ,0.0,147.0,0,0,0,0,0,0,0,0
CF,PPG29,42.485831,3.415000,0,PPG,123.0,29.0,123.0,22.0,0,0,0,0,0,0,0,1
CF,BGR,41.947694,3.208861,0,BGR,0.0,0.0,201.0,33.0,0,0,0,0,0,0,0,0

SID,BAGU4S,15,2
CA,0,148.0,2,550,0,0,0,0,0,0
CF,PPG29,42.485831,3.415000,0,BGR,14.8,33.6,123.0,27.0,0,0,0,0,0,0,0,1
CF,BGR,41.947694,3.208861,0,BGR,0.0,0.0,201.0,33.0,0,0,0,0,0,0,0,0

SID,BAMG4L,15,5
CA,0,148.0,2,550,0,0,0,0,0,0
DF,MP002,42.834361,2.977306,1, ,0.0,0.0,0,0,0,1,210,0,0,0
TF,BAMGO,42.882250,3.040361,0, ,0.0,0.0,0.0,0.0,2,2000,0,0,0,0,0,1

SID,BAMG4R,33,5
CA,0,328.0,2,550,0,0,0,0,0,0
DF,MP002,42.834361,2.977306,2, ,0.0,0.0,0,0,0,1,210,0,0,0
TF,BAMGO,42.882250,3.040361,0, ,0.0,0.0,0.0,0.0,2,2000,0,0,0,0,0,1

SID,FJR4N,33,2
CA,0,328.0,2,550,0,0,0,0,0,0
CI,2, ,0.0,88.0,0,0,0,0,0,0,0,0
CF,BAMGO,42.882250,3.040361,0,PPG,43.0,11.0,43.0,8.0,0,0,0,0,0,0,0,0
TF,FJR,43.578361,3.974722,0, ,0.0,0.0,0.0,0.0,0,0,0,0,0,0,0,0

SID,FJR4S,15,2
CA,0,148.0,2,550,0,0,0,0,0,0
CI,1, ,0.0,358.0,0,0,0,0,0,0,0,0
CF,BAMGO,42.882250,3.040361,0,PPG,43.0,11.0,43.0,7.0,0,0,0,0,0,0,0,0
TF,FJR,43.578361,3.974722,0, ,0.0,0.0,0.0,0.0,0,0,0,0,0,0,0,0

SID,KELA4N,33,2
CA,0,328.0,2,550,0,0,0,0,0,0
CI,0, ,0.0,47.0,0,0,0,0,0,0,0,0
CF,KELAM,43.171944,2.868611,0,PPG,359.2,25.3,360.0,24.0,0,0,0,0,0,0,0,0

SID,KELA4S,15,2
CA,0,148.0,2,550,0,0,0,0,0,0
CI,1, ,0.0,317.0,0,0,0,0,0,0,0,0
CF,KELAM,43.171944,2.868611,0,PPG,359.2,25.3,360.0,21.0,0,0,0,0,0,0,0,0

SID,ORBI4N,33,2
CA,0,328.0,2,550,0,0,0,0,0,0
CF,ORBIL,43.190000,2.493333,0,PPG,327.1,31.1,327.0,30.0,0,0,0,0,0,0,0,0

SID,ORBI4S,15,2
CA,0,148.0,2,550,0,0,0,0,0,0
CI,1, ,0.0,297.0,0,0,0,0,0,0,0,0
CF,ORBIL,43.190000,2.493333,0,PPG,327.1,31.1,328.0,26.0,0,0,0,0,0,0,0,0

SID,SIJA4N,33,2
CA,0,328.0,2,550,0,0,0,0,0,0
CI,0, ,0.0,47.0,0,0,0,0,0,0,0,0
CF,SIJAN,43.197500,2.936944,0,PPG,5.5,27.0,6.0,26.0,0,0,0,0,0,0,0,0

SID,SIJA4S,15,2
CA,0,148.0,2,550,0,0,0,0,0,0
CI,1, ,0.0,317.0,0,0,0,0,0,0,0,0
CF,SIJAN,43.197500,2.936944,0,PPG,5.5,27.0,6.0,23.0,0,0,0,0,0,0,0,0

SID,SUBI4N,33,2
CA,0,328.0,2,550,0,0,0,0,0,0
CI,2, ,0.0,121.0,0,0,0,0,0,0,0,0
IF,PPG,42.750472,2.867139, ,0.0,0.0,0,0,0,0,0,0,0,0
TF,SUBIL,43.028611,4.608333,0, ,0.0,0.0,0.0,0.0,0,0,0,0,0,0,0,0

SID,SUBI4S,15,2
CA,0,148.0,2,550,0,0,0,0,0,0
CI,1, ,0.0,31.0,0,0,0,0,0,0,0,0
IF,PPG,42.750472,2.867139, ,0.0,0.0,0,0,0,0,0,0,0,0
TF,SUBIL,43.028611,4.608333,0, ,0.0,0.0,0.0,0.0,0,0,0,0,0,0,0,0

STAR,FJR2,ALL,2
IF,FJR,43.578361,3.974722, ,0.0,0.0,0,0,0,0,0,0,0,0
TF,D044M,42.906128,3.072022,0, ,0.0,0.0,0.0,0.0,0,0,0,0,0,0,0,0
TF,BAMGO,42.882250,3.040361,0, ,0.0,0.0,0.0,0.0,2,3000,0,0,0,0,0,0
AF,LANET,42.702778,3.107111,2,PPG,104.0,11.0,43.0,0,0,0,0,0,0,0,0

STAR,KANIG2,ALL,2
IF,KANIG,42.480306,2.983167, ,0.0,0.0,0,0,0,0,0,0,0,0
TF,D162G,42.639244,2.915033,0, ,0.0,0.0,0.0,0.0,2,3000,0,0,0,0,0,1
CF,D104G,42.720153,3.020014,0,PPG,104.0,7.0,60.0,6.0,0,0,0,0,0,0,0,0
TF,LANET,42.702778,3.107111,0, ,0.0,0.0,0.0,0.0,0,0,0,0,0,0,0,0

STAR,KELAM2,ALL,5
IF,KELAM,43.171944,2.868611, ,0.0,0.0,0,0,0,0,0,0,0,0
TF,BAMGO,42.882250,3.040361,0, ,0.0,0.0,0.0,0.0,2,3000,0,0,0,0,0,0
AF,LANET,42.702778,3.107111,2,PPG,104.0,11.0,44.0,0,0,0,0,0,0,0,0

STAR,ORBIL2,ALL,5
IF,ORBIL,43.190000,2.493333, ,0.0,0.0,0,0,0,0,0,0,0,0
TF,BAMGO,42.882250,3.040361,0, ,0.0,0.0,0.0,0.0,2,3000,0,0,0,0,0,0
AF,LANET,42.702778,3.107111,2,PPG,104.0,11.0,44.0,0,0,0,0,0,0,0,0

STAR,SIJAN2,ALL,5
IF,SIJAN,43.197500,2.936944, ,0.0,0.0,0,0,0,0,0,0,0,0
TF,BAMGO,42.882250,3.040361,0, ,0.0,0.0,0.0,0.0,2,3000,0,0,0,0,0,0
AF,LANET,42.702778,3.107111,2,PPG,104.0,11.0,44.0,0,0,0,0,0,0,0,0

STAR,SUBIL2,ALL,2
IF,SUBIL,43.028611,4.608333, ,0.0,0.0,0,0,0,0,0,0,0,0
TF,D078M,42.798306,3.154075,0, ,0.0,0.0,0.0,0.0,2,3000,0,0,0,0,0,0
CI,0, ,0.0,258.0,0,0,0,0,0,0,0,0
AF,LANET,42.702778,3.107111,2,PPG,104.0,11.0,78.0,0,0,0,0,0,0,0,0

APPTR,D33,33,LANET
HF,LANET,42.702778,3.107111,2, ,0.0,0.0,104.0,03.5,2,3000,0,1,220,0,1,0,0
AF,D139K,42.609875,3.026728,2,PPG,139.0,11.0,104.0,2,2000,0,1,185,0,0,0
AF,CD33,42.590139,2.987361,2,PPG,150.0,11.0,139.0,2,2000,0,0,0,0,0,0

FINAL,D33,33,D,6
IF,CD33,42.590139,2.987361,PPG,150.0,11.0,2,2000,0,0,0,0,0,0
CF,90VOR,42.619194,2.965633,0,PPG,150.0,9.0,330.0,2.0,2,2000,0,0,0,0,0,0
CF,FD33,42.652750,2.940500,0,PPG,150.0,6.7,330.0,2.3,2,2000,0,0,0,0,2,0
CF,50VOR,42.677550,2.921908,0,PPG,150.0,5.0,330.0,1.7,2,1460,0,0,0,0,0,0
CF,32VOR,42.703806,2.902206,0,PPG,150.0,3.2,330.0,1.8,2,880,0,0,0,0,0,0
CF,MD33,42.721306,2.889061,0,PPG,150.0,2.0,330.0,1.2,1,522,0,0,0,0,3,0
CF,PPG,42.750472,2.867139,0,PPG,0.0,0.0,330.0,2.0,0,0,0,0,0,0,0,0
VI,2, ,0.0,73.0,0,0,0,1,185,0,0,0
FD,PPG,42.750472,2.867139,0,PPG,0.0,9.0,43.0,9.0,1,2000,0,0,0,0,0,0
CI,0, ,0.0,43.0,0,0,0,0,0,0,0,0
AF,LANET,42.702778,3.107111,2,PPG,104.0,11.0,43.0,1,2000,0,0,0,0,0,0
HM,LANET,42.702778,3.107111,2, ,0.0,0.0,104.0,03.5,1,2000,0,1,220,0,0,0,0

APPTR,I33-Y,33,PL1
IF,PL,42.679056,2.924417, ,0.0,0.0,2,3000,0,1,200,0,1,0
FD,PL,42.679056,2.924417,0,PPG,148.4,9.3,114.0,9.3,2,2000,0,0,0,0,0,0
CF,CI33Y,42.626869,2.968169,2,PL,147.3,9.1,328.0,1.0,2,2000,0,0,0,0,0,0

APPTR,I33-Y,33,PL2
IF,PL,42.679056,2.924417, ,0.0,0.0,2,3000,0,1,200,0,1,0
FD,PL,42.679056,2.924417,0,PPG,148.4,9.3,122.0,9.3,2,2000,0,0,0,0,0,0
CF,CI33Y,42.626869,2.968169,2,PL,147.3,9.1,328.0,1.0,2,2000,0,0,0,0,0,0

FINAL,I33-Y,33,I,3
IF,CI33Y,42.626869,2.968169,PL,147.3,9.1,2,2000,0,0,0,0,0,0
CF,FI33,42.655194,2.944500,0,PL,147.3,7.1,328.0,2.0,1,2000,0,0,0,0,2,0
CF,RW33,42.736258,2.876689,0,PL,147.3,1.4,328.0,5.7,1,187,0,0,0,0,3,0
CA,0,328.0,2,460,0,0,0,0,0,0
DF,PL,42.679056,2.924417,2, ,0.0,0.0,1,4000,0,1,185,0,0,0
HM,PL,42.679056,2.924417,1, ,0.0,0.0,148.0,04.3,1,4000,0,1,220,0,0,0,0

APPTR,I33-Z,33,LANET
HF,LANET,42.702778,3.107111,2, ,0.0,0.0,104.0,03.5,2,3000,0,1,220,0,1,0,0
AF,D138K,42.611947,3.030025,2,PPG,138.0,11.0,104.0,2,2000,0,1,185,0,0,0
VI,0,PL,0.0,298.0,2,2000,0,0,0,0,0,0

FINAL,I33-Z,33,I,3
IF,CI33Z,42.593722,2.995750,PL,147.3,11.4,2,2000,0,0,0,0,0,0
CF,FI33,42.655194,2.944500,0,PL,147.3,7.1,328.0,4.4,1,2000,0,0,0,0,2,0
CF,RW33,42.736258,2.876689,0,PL,147.3,1.4,328.0,5.7,1,187,0,0,0,0,3,0
CA,0,328.0,2,460,0,0,0,0,0,0
VI,2, ,0.0,73.0,0,0,0,1,185,0,0,0
FD,PPG,42.750472,2.867139,0,PPG,0.0,9.0,43.0,9.0,1,2000,0,0,0,0,0,0
CI,0, ,0.0,43.0,0,0,0,0,0,0,0,0
AF,LANET,42.702778,3.107111,2,PPG,104.0,11.0,43.0,1,2000,0,0,0,0,0,0
HM,LANET,42.702778,3.107111,2, ,0.0,0.0,104.0,03.5,1,2000,0,1,220,0,0,0,0

APPTR,Q33,33,PL1
IF,PL,42.679056,2.924417, ,0.0,0.0,2,3000,0,1,200,0,1,0
FD,PL,42.679056,2.924417,0,PPG,148.4,9.3,114.0,9.3,2,2000,0,0,0,0,0,0
CF,FQ33,42.655222,2.944583,2,PPG,148.0,6.7,328.0,3.0,2,2000,0,0,0,0,0,0

APPTR,Q33,33,PL2
IF,PL,42.679056,2.924417, ,0.0,0.0,2,3000,0,1,200,0,1,0
FD,PL,42.679056,2.924417,0,PPG,148.4,9.3,122.0,9.3,2,2000,0,0,0,0,0,0
CF,FQ33,42.655222,2.944583,2,PPG,148.0,6.7,328.0,3.0,2,2000,0,0,0,0,0,0

FINAL,Q33,33,N,4
IF,FQ33,42.655222,2.944583,PL,0.0,0.0,2,2000,0,0,0,0,2,0
CF,PL,42.679056,2.924417,0,PL,0.0,0.0,328.0,1.7,2,1470,0,0,0,0,0,0
CF,29DME,42.708731,2.900233,0,PL,0.0,0.0,328.0,2.1,2,830,0,0,0,0,0,0
CF,MQ33,42.724450,2.887417,0,PPG,0.0,1.8,328.0,1.1,1,460,0,0,0,0,3,0
CA,0,328.0,2,550,0,0,0,0,0,0
DF,PL,42.679056,2.924417,2, ,0.0,0.0,1,4000,0,1,185,0,0,0
HM,PL,42.679056,2.924417,1, ,0.0,0.0,148.0,04.3,1,4000,0,1,220,0,0,0,0

APPTR,R33-Y,33,LANET
IF,LANET,42.702778,3.107111, ,0.0,0.0,4,7000,3000,1,220,0,1,0
TF,MP400,42.598139,3.119500,0, ,0.0,0.0,0.0,0.0,2,2000,0,1,220,0,0,0
TF,IMP33,42.590111,2.998833,0, ,0.0,0.0,0.0,0.0,2,2000,0,1,185,0,1,0

FINAL,R33-Y,33,R,3
IF,IMP33,42.590111,2.998833, ,0.0,0.0,2,2000,0,1,185,0,0,0
TF,FP33Y,42.655361,2.944389,0, ,0.0,0.0,328.0,4.6,1,2000,0,0,0,0,2,0
TF,RW33,42.736258,2.876689,0, ,0.0,0.0,328.0,5.7,1,186,0,0,0,0,3,1
FA,RW33,42.736258,2.876689,0,PPG,0.0,0.0,328.0,2,480,0,1,185,0,0,0
CF,BAMGO,42.882250,3.040361,2,PPG,43.0,11.0,43.0,11.4,3,3000,0,1,185,0,0,0
TF,MP411,42.847417,3.089139,2, ,0.0,0.0,0.0,0.0,3,3000,0,1,205,0,0,1
DF,LANET,42.702778,3.107111,2, ,0.0,0.0,3,3000,0,1,220,0,0,0
HM,LANET,42.702778,3.107111,2, ,0.0,0.0,174.0,04.3,2,3000,0,1,220,0,0,0,0

APPTR,R33-Z,33,LANET
IF,LANET,42.702778,3.107111, ,0.0,0.0,4,7000,3000,1,220,0,1,0
TF,MP400,42.598139,3.119500,0, ,0.0,0.0,0.0,0.0,2,2000,0,1,220,0,0,0
TF,IMP33,42.590111,2.998833,0, ,0.0,0.0,0.0,0.0,2,2000,0,1,185,0,1,0

FINAL,R33-Z,33,R,3
IF,IMP33,42.590111,2.998833, ,0.0,0.0,2,2000,0,1,185,0,0,0
TF,FP33Z,42.656694,2.943278,0, ,0.0,0.0,328.0,4.7,1,2000,0,0,0,0,2,0
TF,RW33,42.736258,2.876689,0, ,0.0,0.0,328.0,5.6,1,186,0,0,0,0,3,1
TF,MP410,42.760361,2.856472,0, ,0.0,0.0,0.0,0.0,3,3000,0,1,185,0,0,1
TF,BAMGO,42.882250,3.040361,0, ,0.0,0.0,0.0,0.0,3,3000,0,1,185,0,0,0
TF,MP411,42.847417,3.089139,0, ,0.0,0.0,0.0,0.0,3,3000,0,1,210,0,0,1
DF,LANET,42.702778,3.107111,0, ,0.0,0.0,3,3000,0,1,220,0,0,0
HM,LANET,42.702778,3.107111,2, ,0.0,0.0,174.0,04.3,2,3000,0,1,220,0,0,0,0

