APPTR,N22,22,LHO1
HF,LHO,49.597528,0.181056,2, ,0.0,0.0,224.0,04.3,2,3000,0,0,0,0,1,0,0

APPTR,N22,22,LHO2
HF,LHO,49.597528,0.181056,2, ,0.0,0.0,224.0,04.3,2,3000,0,0,0,0,1,0,0

FINAL,N22,22,N,3
IF,CN22,49.665889,0.279194,LHO,0.0,0.0,2,3000,0,0,0,0,0,0
CF,LHO,49.597528,0.181056,0,LHO,0.0,0.0,224.0,5.6,2,1830,0,0,0,0,2,0
CF,MN22,49.550011,0.112981,0,LHO,0.0,0.0,224.0,3.9,1,584,0,0,0,0,3,0
CA,0,224.0,2,800,0,0,0,0,0,0
DF,LHO,49.597528,0.181056,2, ,0.0,0.0,1,3000,0,1,220,0,0,0

APPTR,R04,04,ABAMU
IF,ABAMU,49.397194,-0.258139, ,0.0,0.0,2,3000,0,1,200,0,1,0
TF,IOH04,49.379000,-0.133833,0, ,0.0,0.0,0.0,0.0,2,3000,0,0,0,0,1,0

APPTR,R04,04,GANPU
IF,GANPU,49.318000,-0.220778, ,0.0,0.0,2,3000,0,1,220,0,1,0
TF,IOH04,49.379000,-0.133833,0, ,0.0,0.0,0.0,0.0,2,3000,0,0,0,0,1,0

APPTR,R04,04,LULIP
IF,LULIP,49.304750,-0.076083, ,0.0,0.0,2,3000,0,1,200,0,1,0
TF,IOH04,49.379000,-0.133833,0, ,0.0,0.0,0.0,0.0,2,3000,0,0,0,0,1,0

FINAL,R04,04,R,3
IF,IOH04,49.379000,-0.133833, ,0.0,0.0,2,3000,0,0,0,0,0,0
TF,FOH04,49.439889,-0.046806,0, ,0.0,0.0,44.0,5.0,1,3000,0,0,0,0,2,0
TF,RW04,49.526531,0.077586,0, ,0.0,0.0,44.0,7.1,1,359,0,0,0,0,3,1
TF,OH410,49.552056,0.114333,0, ,0.0,0.0,0.0,0.0,0,0,0,0,0,0,0,1
DF,DEMOM,49.548111,-0.130833,1, ,0.0,0.0,0,0,0,1,200,0,0,0
TF,ABAMU,49.397194,-0.258139,0, ,0.0,0.0,0.0,0.0,2,3000,0,1,200,0,0,0
HM,ABAMU,49.397194,-0.258139,1, ,0.0,0.0,48.0,04.3,2,3000,0,1,200,0,0,0,0

APPTR,R22,22,IXIVO
IF,IXIVO,49.777722,0.275389, ,0.0,0.0,4,4500,3000,1,220,0,1,0
TF,USAPI,49.703222,0.333194,0, ,0.0,0.0,0.0,0.0,2,3000,0,1,220,0,1,0
TF,FOH22,49.642611,0.245222,0, ,0.0,0.0,0.0,0.0,1,3000,0,0,0,0,0,0

APPTR,R22,22,OLONU
IF,OLONU,49.670139,0.451194, ,0.0,0.0,4,4500,3000,1,220,0,1,0
TF,USAPI,49.703222,0.333194,0, ,0.0,0.0,0.0,0.0,2,3000,0,1,220,0,1,0
TF,FOH22,49.642611,0.245222,0, ,0.0,0.0,0.0,0.0,1,3000,0,0,0,0,0,0

APPTR,R22,22,USAPI
IF,USAPI,49.703222,0.333194, ,0.0,0.0,2,3000,0,1,220,0,1,0
TF,FOH22,49.642611,0.245222,0, ,0.0,0.0,0.0,0.0,1,3000,0,0,0,0,0,0

FINAL,R22,22,R,2
IF,FOH22,49.642611,0.245222, ,0.0,0.0,1,3000,0,0,0,0,2,0
TF,RW22,49.541617,0.099308,0, ,0.0,0.0,224.0,8.3,1,350,0,0,0,0,3,1
TF,OH710,49.505167,0.046833,0, ,0.0,0.0,0.0,0.0,0,0,0,1,200,0,0,1
DF,USAPI,49.703222,0.333194,2, ,0.0,0.0,2,3000,0,1,200,0,0,0

