SID,ABB6E,08,2
CA,0,77.0,2,700,0,0,0,0,0,0
CF,D268R,50.550442,2.621994,2,LEQ,268.0,17.9,279.0,19.0,0,0,0,0,0,0,0,0
TF,ABB28,50.538781,2.206228,0, ,0.0,0.0,0.0,0.0,0,0,0,0,0,0,0,0
TF,ABB,50.135139,1.854694,0, ,0.0,0.0,0.0,0.0,0,0,0,0,0,0,0,0

SID,ABB6L,26,5
DF,DE26,50.562292,3.078886,0, ,0.0,0.0,0,0,0,0,0,0,0,1
CF,QQ700,50.563667,3.002944,0,LEQ,272.0,3.3,271.0,3.0,0,0,0,0,0,0,0,1
TF,QQ709,50.477306,2.771194,0, ,0.0,0.0,0.0,0.0,0,0,0,0,0,0,0,0
TF,OBIVA,50.183611,2.506667,0, ,0.0,0.0,0.0,0.0,0,0,0,0,0,0,0,0
TF,ABB,50.135139,1.854694,0, ,0.0,0.0,0.0,0.0,0,0,0,0,0,0,0,0

SID,ABB6R,08,5
DF,DER08,50.568458,3.122231,0, ,0.0,0.0,0,0,0,0,0,0,0,1
CA,0,77.0,2,560,0,0,0,0,0,0
CF,QQ605,50.496694,3.113306,2,LEQ,166.7,4.0,212.0,3.0,0,0,0,0,0,0,0,0
TF,OBIVA,50.183611,2.506667,0, ,0.0,0.0,0.0,0.0,0,0,0,0,0,0,0,0
TF,ABB,50.135139,1.854694,0, ,0.0,0.0,0.0,0.0,0,0,0,0,0,0,0,0

SID,ABB6W,26,2
CA,0,257.0,2,560,0,0,0,0,0,0
CF,D272C,50.563661,3.002961,0,LEQ,272.0,3.3,272.0,3.0,0,0,0,0,0,0,0,1
CF,ABB28,50.538781,2.206228,0,LEQ,268.0,33.8,268.0,30.0,0,0,0,0,0,0,0,0
TF,ABB,50.135139,1.854694,0, ,0.0,0.0,0.0,0.0,0,0,0,0,0,0,0,0

SID,BNE6E,08,2
CA,0,77.0,2,700,0,0,0,0,0,0
CF,BNE,50.624778,1.907111,2,LEQ,275.2,45.4,279.0,47.0,0,0,0,0,0,0,0,0

SID,BNE6L,26,5
DF,DE26,50.562292,3.078886,0, ,0.0,0.0,0,0,0,0,0,0,0,1
CF,QQ700,50.563667,3.002944,0,LEQ,272.0,3.3,271.0,3.0,0,0,0,0,0,0,0,1
TF,IBERU,50.596667,2.456667,0, ,0.0,0.0,0.0,0.0,0,0,0,0,0,0,0,0
TF,BNE,50.624778,1.907111,0, ,0.0,0.0,0.0,0.0,0,0,0,0,0,0,0,0

SID,BNE6R,08,5
DF,DER08,50.568458,3.122231,0, ,0.0,0.0,0,0,0,0,0,0,0,1
CA,0,77.0,2,560,0,0,0,0,0,0
CF,QQ605,50.496694,3.113306,2,LEQ,166.7,4.0,212.0,3.0,0,0,0,0,0,0,0,0
TF,IBERU,50.596667,2.456667,0, ,0.0,0.0,0.0,0.0,0,0,0,0,0,0,0,0
TF,BNE,50.624778,1.907111,0, ,0.0,0.0,0.0,0.0,0,0,0,0,0,0,0,0

SID,BNE6W,26,2
CA,0,257.0,2,560,0,0,0,0,0,0
CF,D272C,50.563661,3.002961,0,LEQ,272.0,3.3,272.0,3.0,0,0,0,0,0,0,0,1
CF,IBERU,50.596667,2.456667,0,LEQ,275.2,24.3,275.0,21.0,0,0,0,0,0,0,0,0
TF,BNE,50.624778,1.907111,0, ,0.0,0.0,0.0,0.0,0,0,0,0,0,0,0,0

SID,CIV6E,08,2
CA,0,77.0,2,700,0,0,0,0,0,0
CI,0, ,0.0,161.0,0,0,0,0,0,0,0,0
CF,D131O,50.402203,3.373078,0,LEQ,131.3,14.5,131.0,10.0,0,0,0,0,0,0,0,0
VI,0, ,0.0,81.0,0,0,0,0,0,0,0,0
CF,CIV,50.573972,3.832872,0,LEQ,88.2,28.5,51.0,17.0,0,0,0,0,0,0,0,0

SID,CIV6L,26,5
DF,DE26,50.562292,3.078886,0, ,0.0,0.0,0,0,0,0,0,0,0,1
CF,QQ700,50.563667,3.002944,0,LEQ,272.0,3.3,271.0,3.0,0,0,0,0,0,0,0,1
CF,QQ703,50.487556,2.918694,0,LEQ,235.7,7.9,207.0,5.0,0,0,0,0,0,0,0,0
TF,QQ707,50.425444,3.034444,0, ,0.0,0.0,0.0,0.0,0,0,0,0,0,0,0,0
TF,DENIN,50.370000,3.430000,0, ,0.0,0.0,0.0,0.0,0,0,0,0,0,0,0,0
TF,CIV,50.573972,3.832872,0, ,0.0,0.0,0.0,0.0,0,0,0,0,0,0,0,0

SID,CIV6P,26,5
DF,E26,50.562881,3.083017,0, ,0.0,0.0,0,0,0,0,0,0,0,1
CA,0,257.0,2,560,0,0,0,0,0,0
CF,QQ701,50.517306,3.037167,0,LEQ,216.7,3.3,204.0,3.0,0,0,0,0,0,0,0,0
TF,DENIN,50.370000,3.430000,0, ,0.0,0.0,0.0,0.0,0,0,0,0,0,0,0,0
TF,CIV,50.573972,3.832872,0, ,0.0,0.0,0.0,0.0,0,0,0,0,0,0,0,0

SID,CIV6R,08,5
DF,DER08,50.568458,3.122231,0, ,0.0,0.0,0,0,0,0,0,0,0,1
CA,0,77.0,2,560,0,0,0,0,0,0
CF,QQ602,50.496111,3.225556,0,LEQ,127.0,6.5,146.0,5.0,0,0,0,0,0,0,0,0
TF,DENIN,50.370000,3.430000,0, ,0.0,0.0,0.0,0.0,0,0,0,0,0,0,0,0
TF,CIV,50.573972,3.832872,0, ,0.0,0.0,0.0,0.0,0,0,0,0,0,0,0,0

SID,CIV6S,26,2
CA,0,257.0,2,560,0,0,0,0,0,0
CI,1, ,0.0,101.0,0,0,0,0,0,0,0,0
CF,D131O,50.402203,3.373078,0,LEQ,131.3,14.5,131.0,9.0,0,0,0,0,0,0,0,0
VI,0, ,0.0,81.0,0,0,0,0,0,0,0,0
CF,CIV,50.573972,3.832872,0,LEQ,88.2,28.5,51.0,18.0,0,0,0,0,0,0,0,0

SID,CIV6T,26,2
CA,0,257.0,2,560,0,0,0,0,0,0
CF,D272C,50.563661,3.002961,0,LEQ,272.0,3.3,272.0,3.0,0,0,0,0,0,0,0,1
CI,1, ,0.0,92.0,0,0,0,0,0,0,0,0
CF,D131O,50.402203,3.373078,0,LEQ,131.3,14.5,131.0,10.0,0,0,0,0,0,0,0,0
VI,0, ,0.0,81.0,0,0,0,0,0,0,0,0
CF,CIV,50.573972,3.832872,0,LEQ,88.2,28.5,51.0,18.0,0,0,0,0,0,0,0,0

SID,CMB6E,08,2
CA,0,77.0,2,700,0,0,0,0,0,0
VI,0, ,0.0,158.0,0,0,0,0,0,0,0,0
CF,CMB,50.228139,3.151500,0,LEQ,173.2,20.2,188.0,18.0,0,0,0,0,0,0,0,0

SID,CMB6X,26,2
CA,0,257.0,2,560,0,0,0,0,0,0
CF,D272C,50.563661,3.002961,0,LEQ,272.0,3.3,272.0,3.0,0,0,0,0,0,0,0,1
CF,D246L,50.483503,2.815031,0,LEQ,246.0,11.5,223.0,7.0,0,0,0,0,0,0,0,1
CF,CMB,50.228139,3.151500,1,LEQ,173.2,20.2,130.0,18.0,0,0,0,0,0,0,0,0

SID,CMB6Y,26,2
CA,0,257.0,2,560,0,0,0,0,0,0
CF,D272C,50.563661,3.002961,0,LEQ,272.0,3.3,272.0,3.0,0,0,0,0,0,0,0,1
CF,CMB,50.228139,3.151500,1,LEQ,173.2,20.2,157.0,20.0,0,0,0,0,0,0,0,0

SID,CMB6Z,26,2
CA,0,257.0,2,560,0,0,0,0,0,0
CF,CMB,50.228139,3.151500,0,LEQ,173.2,20.2,170.0,20.0,0,0,0,0,0,0,0,0

SID,MATI6E,08,2
CA,0,77.0,2,700,0,0,0,0,0,0
CI,0, ,0.0,161.0,0,0,0,0,0,0,0,0
CF,DENIN,50.370000,3.430000,0,LEQ,131.3,17.4,131.0,13.0,0,0,0,0,0,0,0,0
TF,MATIX,50.098333,3.914167,0, ,0.0,0.0,0.0,0.0,0,0,0,0,0,0,0,0

SID,MATI6L,26,5
DF,DE26,50.562292,3.078886,0, ,0.0,0.0,0,0,0,0,0,0,0,1
CF,QQ700,50.563667,3.002944,0,LEQ,272.0,3.3,271.0,3.0,0,0,0,0,0,0,0,1
CF,QQ703,50.487556,2.918694,0,LEQ,235.7,7.9,207.0,5.0,0,0,0,0,0,0,0,0
TF,QQ707,50.425444,3.034444,0, ,0.0,0.0,0.0,0.0,0,0,0,0,0,0,0,0
TF,DENIN,50.370000,3.430000,0, ,0.0,0.0,0.0,0.0,0,0,0,0,0,0,0,0
TF,MATIX,50.098333,3.914167,0, ,0.0,0.0,0.0,0.0,0,0,0,0,0,0,0,0

SID,MATI6P,26,5
DF,E26,50.562881,3.083017,0, ,0.0,0.0,0,0,0,0,0,0,0,1
CA,0,257.0,2,560,0,0,0,0,0,0
CF,QQ701,50.517306,3.037167,0,LEQ,216.7,3.3,204.0,3.0,0,0,0,0,0,0,0,0
TF,DENIN,50.370000,3.430000,0, ,0.0,0.0,0.0,0.0,0,0,0,0,0,0,0,0
TF,MATIX,50.098333,3.914167,0, ,0.0,0.0,0.0,0.0,0,0,0,0,0,0,0,0

SID,MATI6R,08,5
DF,DER08,50.568458,3.122231,0, ,0.0,0.0,0,0,0,0,0,0,0,1
CA,0,77.0,2,560,0,0,0,0,0,0
CF,QQ602,50.496111,3.225556,0,LEQ,127.0,6.5,146.0,5.0,0,0,0,0,0,0,0,0
TF,DENIN,50.370000,3.430000,0, ,0.0,0.0,0.0,0.0,0,0,0,0,0,0,0,0
TF,MATIX,50.098333,3.914167,0, ,0.0,0.0,0.0,0.0,0,0,0,0,0,0,0,0

SID,MATI6S,26,2
CA,0,257.0,2,560,0,0,0,0,0,0
CI,1, ,0.0,101.0,0,0,0,0,0,0,0,0
CF,DENIN,50.370000,3.430000,0,LEQ,131.3,17.4,131.0,12.0,0,0,0,0,0,0,0,0
TF,MATIX,50.098333,3.914167,0, ,0.0,0.0,0.0,0.0,0,0,0,0,0,0,0,0

SID,MATI6T,26,2
CA,0,257.0,2,560,0,0,0,0,0,0
CF,D272C,50.563661,3.002961,0,LEQ,272.0,3.3,272.0,3.0,0,0,0,0,0,0,0,1
CI,1, ,0.0,92.0,0,0,0,0,0,0,0,0
CF,DENIN,50.370000,3.430000,0,LEQ,131.3,17.4,131.0,13.0,0,0,0,0,0,0,0,0
TF,MATIX,50.098333,3.914167,0, ,0.0,0.0,0.0,0.0,0,0,0,0,0,0,0,0

SID,TRAC6E,08,2
CA,0,77.0,2,700,0,0,0,0,0,0
CF,D099X,50.561161,2.521592,2,LEQ,270.1,21.7,279.0,23.0,0,0,0,0,0,0,0,0
TF,IBERU,50.596667,2.456667,0, ,0.0,0.0,0.0,0.0,0,0,0,0,0,0,0,0
TF,TRACA,50.851667,1.968333,0, ,0.0,0.0,0.0,0.0,0,0,0,0,0,0,0,0

SID,TRAC6L,26,5
DF,DE26,50.562292,3.078886,0, ,0.0,0.0,0,0,0,0,0,0,0,1
CF,QQ700,50.563667,3.002944,0,LEQ,272.0,3.3,271.0,3.0,0,0,0,0,0,0,0,1
TF,IBERU,50.596667,2.456667,0, ,0.0,0.0,0.0,0.0,0,0,0,0,0,0,0,0
TF,TRACA,50.851667,1.968333,0, ,0.0,0.0,0.0,0.0,0,0,0,0,0,0,0,0

SID,TRAC6R,08,5
DF,DER08,50.568458,3.122231,0, ,0.0,0.0,0,0,0,0,0,0,0,1
CA,0,77.0,2,560,0,0,0,0,0,0
CF,QQ605,50.496694,3.113306,2,LEQ,166.7,4.0,212.0,3.0,0,0,0,0,0,0,0,0
TF,IBERU,50.596667,2.456667,0, ,0.0,0.0,0.0,0.0,0,0,0,0,0,0,0,0
TF,TRACA,50.851667,1.968333,0, ,0.0,0.0,0.0,0.0,0,0,0,0,0,0,0,0

SID,TRAC6W,26,2
CA,0,257.0,2,560,0,0,0,0,0,0
CF,D272C,50.563661,3.002961,0,LEQ,272.0,3.3,272.0,3.0,0,0,0,0,0,0,0,0
TF,IBERU,50.596667,2.456667,0, ,0.0,0.0,0.0,0.0,0,0,0,0,0,0,0,0
TF,TRACA,50.851667,1.968333,0, ,0.0,0.0,0.0,0.0,0,0,0,0,0,0,0,0

SID,VERM6L,26,5
DF,DE26,50.562292,3.078886,0, ,0.0,0.0,0,0,0,0,0,0,0,1
CF,QQ700,50.563667,3.002944,0,LEQ,272.0,3.3,271.0,3.0,0,0,0,0,0,0,0,1
CF,QQ703,50.487556,2.918694,0,LEQ,235.7,7.9,207.0,5.0,0,0,0,0,0,0,0,0
TF,QQ713,50.263056,2.951944,0, ,0.0,0.0,0.0,0.0,0,0,0,0,0,0,0,0
TF,VERMA,50.000000,3.243333,0, ,0.0,0.0,0.0,0.0,0,0,0,0,0,0,0,0

SID,VERM6P,26,5
DF,E26,50.562881,3.083017,0, ,0.0,0.0,0,0,0,0,0,0,0,1
CA,0,257.0,2,560,0,0,0,0,0,0
CF,QQ701,50.517306,3.037167,0,LEQ,216.7,3.3,204.0,3.0,0,0,0,0,0,0,0,0
TF,QQ711,50.263028,3.038806,0, ,0.0,0.0,0.0,0.0,0,0,0,0,0,0,0,0
TF,VERMA,50.000000,3.243333,0, ,0.0,0.0,0.0,0.0,0,0,0,0,0,0,0,0

SID,VERM6R,08,5
DF,DER08,50.568458,3.122231,0, ,0.0,0.0,0,0,0,0,0,0,0,1
CA,0,77.0,2,560,0,0,0,0,0,0
CF,QQ602,50.496111,3.225556,0,LEQ,127.0,6.5,146.0,5.0,0,0,0,0,0,0,0,0
TF,VERMA,50.000000,3.243333,0, ,0.0,0.0,0.0,0.0,0,0,0,0,0,0,0,0

STAR,ABB5A,ALL,2
IF,ABB,50.135139,1.854694, ,0.0,0.0,0,0,0,0,0,0,0,0
TF,D025Z,50.535239,2.134419,0, ,0.0,0.0,0.0,0.0,0,0,0,0,0,0,0,0
TF,LEQ,50.561778,3.089167,0, ,0.0,0.0,0.0,0.0,0,0,0,0,0,0,0,0

STAR,ABB5C,08,5
IF,ABB,50.135139,1.854694, ,0.0,0.0,0,0,0,0,0,0,0,0
TF,OBIVA,50.183611,2.506667,0, ,0.0,0.0,0.0,0.0,0,0,0,0,0,0,0,0
TF,ERNOD,50.401444,2.790833,0, ,0.0,0.0,0.0,0.0,2,3000,0,1,220,0,0,0

STAR,ABB5D,26,5
IF,ABB,50.135139,1.854694, ,0.0,0.0,0,0,0,0,0,0,0,0
TF,OBIVA,50.183611,2.506667,0, ,0.0,0.0,0.0,0.0,0,0,0,0,0,0,0,0
TF,CMB,50.228139,3.151500,0, ,0.0,0.0,0.0,0.0,0,0,0,0,0,0,0,0
TF,ASBAR,50.393333,3.364722,0, ,0.0,0.0,0.0,0.0,2,3000,0,1,220,0,0,0

STAR,ABB5F,08,5
IF,ABB,50.135139,1.854694, ,0.0,0.0,0,0,0,0,0,0,0,0
TF,OBIVA,50.183611,2.506667,0, ,0.0,0.0,0.0,0.0,0,0,0,0,0,0,0,0
TF,EKRIK,50.516028,2.757417,0, ,0.0,0.0,0.0,0.0,2,3000,0,1,200,0,0,0

STAR,BNE5A,ALL,2
IF,BNE,50.624778,1.907111, ,0.0,0.0,0,0,0,0,0,0,0,0
TF,IBERU,50.596667,2.456667,0, ,0.0,0.0,0.0,0.0,0,0,0,0,0,0,0,0
TF,LEQ,50.561778,3.089167,0, ,0.0,0.0,0.0,0.0,0,0,0,0,0,0,0,0

STAR,BNE5C,08,5
IF,BNE,50.624778,1.907111, ,0.0,0.0,0,0,0,0,0,0,0,0
TF,IBERU,50.596667,2.456667,0, ,0.0,0.0,0.0,0.0,0,0,0,0,0,0,0,0
TF,ERNOD,50.401444,2.790833,0, ,0.0,0.0,0.0,0.0,2,3000,0,1,220,0,0,0

STAR,BNE5D,26,5
IF,BNE,50.624778,1.907111, ,0.0,0.0,0,0,0,0,0,0,0,0
TF,IBERU,50.596667,2.456667,0, ,0.0,0.0,0.0,0.0,0,0,0,0,0,0,0,0
TF,BARLI,50.426389,2.770833,0, ,0.0,0.0,0.0,0.0,0,0,0,0,0,0,0,0
TF,CMB,50.228139,3.151500,0, ,0.0,0.0,0.0,0.0,0,0,0,0,0,0,0,0
TF,ASBAR,50.393333,3.364722,0, ,0.0,0.0,0.0,0.0,2,3000,0,1,220,0,0,0

STAR,BNE5F,08,5
IF,BNE,50.624778,1.907111, ,0.0,0.0,0,0,0,0,0,0,0,0
TF,IBERU,50.596667,2.456667,0, ,0.0,0.0,0.0,0.0,0,0,0,0,0,0,0,0
TF,EKRIK,50.516028,2.757417,0, ,0.0,0.0,0.0,0.0,2,3000,0,1,200,0,0,0

STAR,CIV5A,ALL,2
IF,CIV,50.573972,3.832872, ,0.0,0.0,0,0,0,0,0,0,0,0
TF,D051Q,50.407761,3.503172,0, ,0.0,0.0,0.0,0.0,2,5000,0,0,0,0,0,0
VI,0, ,0.0,281.0,0,0,0,0,0,0,0,0
CF,LEQ,50.561778,3.089167,0,LEQ,0.0,0.0,311.0,15.0,0,0,0,0,0,0,0,0

STAR,CIV5B,ALL,2
IF,CIV,50.573972,3.832872, ,0.0,0.0,0,0,0,0,0,0,0,0
TF,D051Q,50.407761,3.503172,0, ,0.0,0.0,0.0,0.0,2,5000,0,0,0,0,0,0
VI,0, ,0.0,281.0,0,0,0,0,0,0,0,0
CF,D131F,50.500217,3.199067,0,LEQ,131.3,5.6,311.0,9.0,0,0,0,0,0,0,0,0
TF,LL,50.581361,3.213361,0, ,0.0,0.0,0.0,0.0,0,0,0,0,0,0,0,0

STAR,CIV5C,08,5
IF,CIV,50.573972,3.832872, ,0.0,0.0,0,0,0,0,0,0,0,0
TF,ROBAL,50.473333,3.633333,0, ,0.0,0.0,0.0,0.0,0,0,0,0,0,0,0,0
TF,DENIN,50.370000,3.430000,0, ,0.0,0.0,0.0,0.0,0,0,0,0,0,0,0,0
TF,CMB,50.228139,3.151500,0, ,0.0,0.0,0.0,0.0,0,0,0,0,0,0,0,0
TF,ERNOD,50.401444,2.790833,0, ,0.0,0.0,0.0,0.0,2,3000,0,1,220,0,0,0

STAR,CIV5D,26,5
IF,CIV,50.573972,3.832872, ,0.0,0.0,0,0,0,0,0,0,0,0
TF,ROBAL,50.473333,3.633333,0, ,0.0,0.0,0.0,0.0,0,0,0,0,0,0,0,0
TF,QQ902,50.410556,3.508722,0, ,0.0,0.0,0.0,0.0,0,0,0,0,0,0,0,0
TF,ASBAR,50.393333,3.364722,0, ,0.0,0.0,0.0,0.0,2,3000,0,1,220,0,0,0

STAR,CIV5F,26,5
IF,CIV,50.573972,3.832872, ,0.0,0.0,0,0,0,0,0,0,0,0
TF,ROBAL,50.473333,3.633333,0, ,0.0,0.0,0.0,0.0,0,0,0,0,0,0,0,0
TF,QQ902,50.410556,3.508722,0, ,0.0,0.0,0.0,0.0,0,0,0,0,0,0,0,0
TF,OSLID,50.505556,3.401889,2, ,0.0,0.0,0.0,0.0,4,4000,2000,1,220,0,0,0

STAR,CMB5A,ALL,2
IF,CMB,50.228139,3.151500, ,0.0,0.0,0,0,0,0,0,0,0,0
TF,LEQ,50.561778,3.089167,0, ,0.0,0.0,0.0,0.0,0,0,0,0,0,0,0,0

STAR,CMB5B,ALL,2
IF,CMB,50.228139,3.151500, ,0.0,0.0,0,0,0,0,0,0,0,0
TF,LL,50.581361,3.213361,0, ,0.0,0.0,0.0,0.0,0,0,0,0,0,0,0,0

STAR,CMB5C,08,5
IF,CMB,50.228139,3.151500, ,0.0,0.0,0,0,0,0,0,0,0,0
TF,ERNOD,50.401444,2.790833,0, ,0.0,0.0,0.0,0.0,2,3000,0,1,220,0,0,0

STAR,CMB5D,26,5
IF,CMB,50.228139,3.151500, ,0.0,0.0,0,0,0,0,0,0,0,0
TF,ASBAR,50.393333,3.364722,0, ,0.0,0.0,0.0,0.0,2,3000,0,1,220,0,0,0

STAR,MATI5A,ALL,2
IF,MATIX,50.098333,3.914167, ,0.0,0.0,0,0,0,0,0,0,0,0
TF,DENIN,50.370000,3.430000,0, ,0.0,0.0,0.0,0.0,2,5000,0,0,0,0,0,0
TF,LEQ,50.561778,3.089167,0, ,0.0,0.0,0.0,0.0,0,0,0,0,0,0,0,0

STAR,MATI5B,ALL,2
IF,MATIX,50.098333,3.914167, ,0.0,0.0,0,0,0,0,0,0,0,0
TF,DENIN,50.370000,3.430000,0, ,0.0,0.0,0.0,0.0,2,5000,0,0,0,0,0,0
TF,D131F,50.500217,3.199067,0, ,0.0,0.0,0.0,0.0,0,0,0,0,0,0,0,0
TF,LL,50.581361,3.213361,0, ,0.0,0.0,0.0,0.0,0,0,0,0,0,0,0,0

STAR,MATI5C,08,5
IF,MATIX,50.098333,3.914167, ,0.0,0.0,0,0,0,0,0,0,0,0
TF,CMB,50.228139,3.151500,0, ,0.0,0.0,0.0,0.0,0,0,0,0,0,0,0,0
TF,ERNOD,50.401444,2.790833,0, ,0.0,0.0,0.0,0.0,2,3000,0,1,220,0,0,0

STAR,MATI5D,26,5
IF,MATIX,50.098333,3.914167, ,0.0,0.0,0,0,0,0,0,0,0,0
TF,QQ901,50.187306,3.757639,0, ,0.0,0.0,0.0,0.0,0,0,0,0,0,0,0,0
TF,ASBAR,50.393333,3.364722,0, ,0.0,0.0,0.0,0.0,2,3000,0,1,220,0,0,0

STAR,MATI5F,26,5
IF,MATIX,50.098333,3.914167, ,0.0,0.0,0,0,0,0,0,0,0,0
TF,QQ901,50.187306,3.757639,0, ,0.0,0.0,0.0,0.0,0,0,0,0,0,0,0,0
TF,QQ902,50.410556,3.508722,0, ,0.0,0.0,0.0,0.0,0,0,0,0,0,0,0,0
TF,OSLID,50.505556,3.401889,0, ,0.0,0.0,0.0,0.0,4,4000,2000,1,220,0,0,0

STAR,SULE5C,08,5
IF,SULEX,50.000000,2.925556, ,0.0,0.0,0,0,0,0,0,0,0,0
TF,ERNOD,50.401444,2.790833,0, ,0.0,0.0,0.0,0.0,2,3000,0,1,220,0,0,0

STAR,TRAC5A,ALL,2
IF,TRACA,50.851667,1.968333, ,0.0,0.0,0,0,0,0,0,0,0,0
TF,IBERU,50.596667,2.456667,0, ,0.0,0.0,0.0,0.0,0,0,0,0,0,0,0,0
TF,LEQ,50.561778,3.089167,0, ,0.0,0.0,0.0,0.0,0,0,0,0,0,0,0,0

STAR,TRAC5C,08,5
IF,TRACA,50.851667,1.968333, ,0.0,0.0,0,0,0,0,0,0,0,0
TF,IBERU,50.596667,2.456667,0, ,0.0,0.0,0.0,0.0,0,0,0,0,0,0,0,0
TF,ERNOD,50.401444,2.790833,0, ,0.0,0.0,0.0,0.0,2,3000,0,1,220,0,0,0

STAR,TRAC5D,26,5
IF,TRACA,50.851667,1.968333, ,0.0,0.0,0,0,0,0,0,0,0,0
TF,IBERU,50.596667,2.456667,0, ,0.0,0.0,0.0,0.0,0,0,0,0,0,0,0,0
TF,BARLI,50.426389,2.770833,0, ,0.0,0.0,0.0,0.0,0,0,0,0,0,0,0,0
TF,CMB,50.228139,3.151500,0, ,0.0,0.0,0.0,0.0,0,0,0,0,0,0,0,0
TF,ASBAR,50.393333,3.364722,0, ,0.0,0.0,0.0,0.0,2,3000,0,1,220,0,0,0

STAR,TRAC5F,08,5
IF,TRACA,50.851667,1.968333, ,0.0,0.0,0,0,0,0,0,0,0,0
TF,IBERU,50.596667,2.456667,0, ,0.0,0.0,0.0,0.0,0,0,0,0,0,0,0,0
TF,EKRIK,50.516028,2.757417,0, ,0.0,0.0,0.0,0.0,2,3000,0,1,200,0,0,0

FINAL,D08-Z,08,D,3
IF,FD08,50.547628,2.949803,LEQ,261.0,5.4,2,2000,0,0,0,0,2,0
CF,18VOR,50.557078,3.042703,0,LEQ,261.0,1.8,81.0,3.6,2,750,0,0,0,0,0,0
CF,RW08,50.562881,3.083017,0,LEQ,285.7,0.2,81.0,1.6,1,206,0,0,0,0,3,0
CF,LEQ,50.561778,3.089167,0,LEQ,0.0,0.0,81.0,0.2,2,560,0,0,0,0,0,1
FD,LEQ,50.561778,3.089167,0,LEQ,0.0,7.0,69.0,7.0,0,0,0,0,0,0,0,0
DF,LEQ,50.561778,3.089167,2, ,0.0,0.0,1,2000,0,1,200,0,0,0

APPTR,D26,26,LEQ1
IF,LEQ,50.561778,3.089167, ,0.0,0.0,2,2000,0,0,0,0,1,0
CF,FD26,50.589436,3.264258,0,LEQ,76.0,6.9,76.0,6.9,0,0,0,1,200,0,0,0
FC,FD26,50.589436,3.264258,0,LEQ,0.0,0.0,121.0,4.2,0,0,0,0,0,0,0,1
CF,FD26,50.589436,3.264258,1,LEQ,76.0,6.9,256.0,4.2,2,2000,0,0,0,0,0,0

APPTR,D26,26,LEQ2
IF,LEQ,50.561778,3.089167, ,0.0,0.0,2,2000,0,0,0,0,1,0
CF,FD26,50.589436,3.264258,0,LEQ,76.0,6.9,76.0,6.9,0,0,0,1,170,0,0,0
FC,FD26,50.589436,3.264258,0,LEQ,0.0,0.0,121.0,3.6,0,0,0,0,0,0,0,1
CF,FD26,50.589436,3.264258,1,LEQ,76.0,6.9,256.0,3.6,2,2000,0,0,0,0,0,0

FINAL,D26,26,D,3
IF,FD26,50.589436,3.264258,LEQ,76.0,6.9,2,2000,0,0,0,0,2,0
CF,49VOR,50.581444,3.213486,0,LEQ,76.0,4.9,256.0,2.0,2,1370,0,0,0,0,0,0
CF,MD26,50.568617,3.132286,0,LEQ,76.0,1.7,256.0,3.2,1,360,0,0,0,0,3,0
CF,LEQ,50.561778,3.089167,0,LEQ,0.0,0.0,256.0,1.7,2,560,0,0,0,0,0,0
FA,LEQ,50.561778,3.089167,0,LEQ,0.0,0.0,256.0,2,2000,0,0,0,0,0,0
DF,LEQ,50.561778,3.089167,1, ,0.0,0.0,1,3000,0,1,210,0,0,0

APPTR,I26-X,26,LL1
HF,LL,50.581361,3.213361,2, ,0.0,0.0,257.0,04.3,2,2000,0,0,0,0,1,0,0

APPTR,I26-X,26,LL2
HF,LL,50.581361,3.213361,2, ,0.0,0.0,257.0,04.3,2,2000,0,0,0,0,1,0,0

FINAL,I26-X,26,I,3
IF,CI26,50.595750,3.315556,LIL,77.4,9.4,2,2000,0,0,0,0,0,0
CF,FI26,50.588500,3.263889,0,LIL,77.4,7.4,257.0,2.0,1,2000,0,0,0,0,2,0
CF,RW26,50.567872,3.118100,0,LIL,77.4,1.6,257.0,5.7,1,184,0,0,0,0,3,0
CA,0,257.0,2,2000,0,0,0,0,0,0
DF,LL,50.581361,3.213361,1, ,0.0,0.0,1,3000,0,1,210,0,0,0

APPTR,I26-Y,26,LEQ
IF,LEQ,50.561778,3.089167, ,0.0,0.0,2,2000,0,0,0,0,1,0
CF,LL,50.581361,3.213361,0,LEQ,76.1,4.9,76.0,4.9,2,2000,0,0,0,0,0,0
CF,FI26,50.588500,3.263889,0,LEQ,76.4,6.9,77.0,2.0,2,2000,0,0,0,0,0,0
FC,FI26,50.588500,3.263889,0,LEQ,0.0,0.0,122.0,4.3,0,0,0,0,0,0,0,1
CF,CI26,50.595750,3.315556,1,LIL,77.4,9.4,257.0,3.0,2,2000,0,0,0,0,0,0

FINAL,I26-Y,26,I,3
IF,CI26,50.595750,3.315556,LIL,77.4,9.4,2,2000,0,0,0,0,0,0
CF,FI26,50.588500,3.263889,0,LIL,77.4,7.4,257.0,2.0,1,2000,0,0,0,0,2,0
CF,RW26,50.567872,3.118100,0,LIL,77.4,1.6,257.0,5.7,1,184,0,0,0,0,3,0
CA,0,257.0,2,2000,0,0,0,0,0,0
DF,LEQ,50.561778,3.089167,1, ,0.0,0.0,1,3000,0,1,210,0,0,0

APPTR,I26-Z,26,ASBAR
IF,ASBAR,50.393333,3.364722, ,0.0,0.0,2,3000,0,1,220,0,1,0
TF,OSLID,50.505556,3.401889,0, ,0.0,0.0,0.0,0.0,4,4000,2000,1,220,0,0,0
TF,OLBUS,50.603139,3.368333,0, ,0.0,0.0,0.0,0.0,2,2000,0,1,220,0,0,0
CF,CI26,50.595750,3.315556,0,LIL,77.4,9.4,257.0,2.1,2,2000,0,0,0,0,1,0

APPTR,I26-Z,26,OLBUS
IF,OLBUS,50.603139,3.368333, ,0.0,0.0,2,2000,0,1,220,0,1,0
CF,CI26,50.595750,3.315556,0,LIL,77.4,9.4,257.0,2.1,2,2000,0,0,0,0,1,0

APPTR,I26-Z,26,OSLID
IF,OSLID,50.505556,3.401889, ,0.0,0.0,4,4000,2000,1,220,0,1,0
TF,OLBUS,50.603139,3.368333,0, ,0.0,0.0,0.0,0.0,2,2000,0,1,220,0,0,0
CF,CI26,50.595750,3.315556,0,LIL,77.4,9.4,257.0,2.1,2,2000,0,0,0,0,1,0

APPTR,I26-Z,26,UPMIT
IF,UPMIT,50.651917,3.351472, ,0.0,0.0,2,2000,0,1,170,0,1,0
TF,OLBUS,50.603139,3.368333,0, ,0.0,0.0,0.0,0.0,2,2000,0,1,170,0,0,0
CF,CI26,50.595750,3.315556,0,LIL,77.4,9.4,257.0,2.1,2,2000,0,0,0,0,1,0

FINAL,I26-Z,26,I,3
IF,CI26,50.595750,3.315556,LIL,77.4,9.4,2,2000,0,0,0,0,0,0
CF,FI26,50.588500,3.263889,0,LIL,77.4,7.4,257.0,2.0,1,2000,0,0,0,0,2,0
CF,RW26,50.567872,3.118100,0,LIL,77.4,1.6,257.0,5.7,1,184,0,0,0,0,3,0
CA,0,257.0,2,2000,0,0,0,0,0,0
DF,ASBAR,50.393333,3.364722,1, ,0.0,0.0,1,5000,0,1,210,0,0,0
HM,ASBAR,50.393333,3.364722,1, ,0.0,0.0,14.0,04.3,0,0,0,1,220,0,0,0,0

APPTR,N26,26,LL
HF,LL,50.581361,3.213361,2, ,0.0,0.0,257.0,04.3,2,2000,0,1,220,0,1,0,0

FINAL,N26,26,N,3
IF,CN26,50.588728,3.263558,LL,0.0,0.0,2,2000,0,0,0,0,0,0
CF,LL,50.581361,3.213361,0,LL,0.0,0.0,257.0,2.0,2,1380,0,0,0,0,2,0
CF,RW26,50.567872,3.118100,0,LL,0.0,0.0,257.0,3.7,1,184,0,0,0,0,3,0
CA,0,257.0,2,2000,0,0,0,0,0,0
DF,LL,50.581361,3.213361,1, ,0.0,0.0,1,3000,0,1,210,0,0,0

APPTR,R08-Y,08,RONOR
IF,RONOR,50.605778,2.787694, ,0.0,0.0,2,2000,0,1,220,0,1,0
TF,NEKEN,50.524611,2.816667,0, ,0.0,0.0,0.0,0.0,2,2000,0,1,220,0,1,0

APPTR,R08-Y,08,SUDAP
IF,SUDAP,50.443444,2.845556, ,0.0,0.0,2,2000,0,1,220,0,1,0
TF,NEKEN,50.524611,2.816667,0, ,0.0,0.0,0.0,0.0,2,2000,0,1,220,0,1,0

FINAL,R08-Y,08,R,3
IF,NEKEN,50.524611,2.816667, ,0.0,0.0,2,2000,0,1,220,0,1,0
TF,QQ408,50.542333,2.939472,0, ,0.0,0.0,77.0,4.8,1,2000,0,0,0,0,2,0
TF,RW08,50.562881,3.083017,0, ,0.0,0.0,77.0,5.6,1,206,0,0,0,0,3,1
DF,QQ411,50.577667,3.187250,0, ,0.0,0.0,0,0,0,1,180,0,0,0
TF,QQ412,50.647611,3.327694,0, ,0.0,0.0,0.0,0.0,0,0,0,1,180,0,0,1
DF,QQ413,50.540056,3.286611,2, ,0.0,0.0,1,3000,0,1,220,0,0,1
TF,ERNOD,50.401444,2.790833,0, ,0.0,0.0,0.0,0.0,1,5000,0,1,220,0,0,0
HM,ERNOD,50.401444,2.790833,1, ,0.0,0.0,325.0,04.3,0,0,0,1,220,0,0,0,0

APPTR,R08-Z,08,ERNOD
IF,ERNOD,50.401444,2.790833, ,0.0,0.0,2,3000,0,1,220,0,1,0
TF,EKRIK,50.516028,2.757417,0, ,0.0,0.0,0.0,0.0,2,3000,0,1,200,0,1,0

FINAL,R08-Z,08,R,3
IF,EKRIK,50.516028,2.757417, ,0.0,0.0,2,3000,0,1,200,0,1,0
TF,QQ407,50.530778,2.859278,0, ,0.0,0.0,77.0,4.0,1,3000,0,0,0,0,2,0
TF,RW08,50.562881,3.083017,0, ,0.0,0.0,77.0,8.8,1,206,0,0,0,0,3,1
DF,QQ411,50.577667,3.187250,0, ,0.0,0.0,0,0,0,1,180,0,0,0
TF,QQ412,50.647611,3.327694,0, ,0.0,0.0,0.0,0.0,0,0,0,1,180,0,0,1
DF,QQ413,50.540056,3.286611,2, ,0.0,0.0,1,3000,0,1,220,0,0,1
TF,ERNOD,50.401444,2.790833,0, ,0.0,0.0,0.0,0.0,1,5000,0,1,220,0,0,0
HM,ERNOD,50.401444,2.790833,1, ,0.0,0.0,325.0,04.3,0,0,0,1,220,0,0,0,0

APPTR,R26,26,ASBAR
IF,ASBAR,50.393333,3.364722, ,0.0,0.0,2,3000,0,1,220,0,1,0
TF,OSLID,50.505556,3.401889,0, ,0.0,0.0,0.0,0.0,4,4000,2000,1,220,0,0,0
TF,OLBUS,50.603139,3.368333,0, ,0.0,0.0,0.0,0.0,2,2000,0,1,220,0,1,0

APPTR,R26,26,OSLID
IF,OSLID,50.505556,3.401889, ,0.0,0.0,4,4000,2000,1,220,0,1,0
TF,OLBUS,50.603139,3.368333,0, ,0.0,0.0,0.0,0.0,2,2000,0,1,220,0,1,0

APPTR,R26,26,UPMIT
IF,UPMIT,50.651917,3.351472, ,0.0,0.0,2,2000,0,1,170,0,1,0
TF,OLBUS,50.603139,3.368333,0, ,0.0,0.0,0.0,0.0,2,2000,0,1,170,0,1,0

FINAL,R26,26,R,3
IF,OLBUS,50.603139,3.368333, ,0.0,0.0,2,2000,0,1,220,0,1,0
TF,QQ508,50.588500,3.263889,0, ,0.0,0.0,257.0,4.1,1,2000,0,0,0,0,2,0
TF,RW26,50.567872,3.118100,0, ,0.0,0.0,257.0,5.7,1,184,0,0,0,0,3,1
TF,QQ510,50.525917,2.825722,0, ,0.0,0.0,0.0,0.0,0,0,0,1,210,0,0,1
DF,QQ512,50.445222,3.009056,1, ,0.0,0.0,2,3000,0,1,210,0,0,0
TF,ASBAR,50.393333,3.364722,0, ,0.0,0.0,0.0,0.0,1,5000,0,0,0,0,0,0
HM,ASBAR,50.393333,3.364722,1, ,0.0,0.0,14.0,04.3,0,0,0,1,220,0,0,0,0

FINAL,S08-Y,08,D,2
IF,FS08,50.546442,2.938192,LEQ,261.0,5.9,2,2000,0,0,0,0,2,0
CF,RW08,50.562881,3.083017,0,LEQ,285.7,0.2,81.0,5.6,1,206,0,0,0,0,3,0
CF,LEQ,50.561778,3.089167,0,LEQ,0.0,0.0,81.0,0.2,2,560,0,0,0,0,0,1
FA,LEQ,50.561778,3.089167,0,LEQ,0.0,0.0,69.0,2,1500,0,0,0,0,0,0
DF,LEQ,50.561778,3.089167,2, ,0.0,0.0,1,2000,0,1,200,0,0,0

