SID,ANG1E,07,5
CF,RZ805,47.333278,-2.044306,0,NTS,301.6,20.4,75.0,4.0,0,0,0,0,0,0,0,0
TF,ANG,47.536861,-0.851833,0, ,0.0,0.0,0.0,0.0,0,0,0,0,0,0,0,0

SID,ANG1W,25,5
DF,DER25,47.309111,-2.164428,0, ,0.0,0.0,0,0,0,0,0,0,0,1
CA,0,255.0,2,440,0,1,190,0,0,0
DF,RZ802,47.431167,-2.210028,2, ,0.0,0.0,0,0,0,0,0,0,0,0
TF,ANG,47.536861,-0.851833,0, ,0.0,0.0,0.0,0.0,0,0,0,0,0,0,0,0

SID,BALN1E,07,5
CF,RZ805,47.333278,-2.044306,0,NTS,301.6,20.4,75.0,4.0,0,0,0,0,0,0,0,0
TF,BALNI,47.618056,-1.673889,0, ,0.0,0.0,0.0,0.0,0,0,0,0,0,0,0,0

SID,BALN1W,25,5
DF,DER25,47.309111,-2.164428,0, ,0.0,0.0,0,0,0,0,0,0,0,1
CA,0,255.0,2,440,0,1,190,0,0,0
DF,RZ802,47.431167,-2.210028,2, ,0.0,0.0,0,0,0,0,0,0,0,0
TF,BALNI,47.618056,-1.673889,0, ,0.0,0.0,0.0,0.0,0,0,0,0,0,0,0,0

SID,ERIG1W,25,5
DF,DER25,47.309111,-2.164428,0, ,0.0,0.0,0,0,0,0,0,0,0,1
CF,RZ801,47.295806,-2.230139,0,NTS,289.0,26.5,255.0,2.8,0,0,0,0,0,0,0,1
DF,RZ803,47.079194,-2.239972,0, ,0.0,0.0,0,0,0,0,0,0,0,0
TF,ERIGA,46.860000,-2.363056,0, ,0.0,0.0,0.0,0.0,0,0,0,0,0,0,0,0

SID,LUGE1E,07,5
CF,RZ805,47.333278,-2.044306,0,NTS,301.6,20.4,75.0,4.0,0,0,0,0,0,0,0,0
TF,NTS,47.160861,-1.612972,0, ,0.0,0.0,0.0,0.0,0,0,0,0,0,0,0,0
TF,LUGEN,46.583333,-0.861111,0, ,0.0,0.0,0.0,0.0,0,0,0,0,0,0,0,0

SID,LUGE1W,25,5
DF,DER25,47.309111,-2.164428,0, ,0.0,0.0,0,0,0,0,0,0,0,1
CF,RZ801,47.295806,-2.230139,0,NTS,289.0,26.5,255.0,2.8,0,0,0,0,0,0,0,1
DF,RZ803,47.079194,-2.239972,0, ,0.0,0.0,0,0,0,0,0,0,0,0
TF,NTS,47.160861,-1.612972,0, ,0.0,0.0,0.0,0.0,0,0,0,0,0,0,0,0
TF,LUGEN,46.583333,-0.861111,0, ,0.0,0.0,0.0,0.0,0,0,0,0,0,0,0,0

SID,RIMO1E,07,5
CF,RZ804,47.324389,-2.088583,0,NTS,298.0,21.8,75.0,2.0,0,0,0,0,0,0,0,1
CA,0,75.0,2,500,0,0,0,0,0,0
DF,RIMON,47.507222,-2.185833,1, ,0.0,0.0,0,0,0,0,0,0,0,0

SID,RIMO1W,25,5
DF,DER25,47.309111,-2.164428,0, ,0.0,0.0,0,0,0,0,0,0,0,1
CA,0,255.0,2,440,0,1,190,0,0,0
DF,RIMON,47.507222,-2.185833,2, ,0.0,0.0,0,0,0,0,0,0,0,0

STAR,ANG9Z,ALL,2
IF,ANG,47.536861,-0.851833, ,0.0,0.0,0,0,0,0,0,0,0,0
TF,MT,47.333750,-2.044500,0, ,0.0,0.0,0.0,0.0,0,0,0,0,0,0,0,0

STAR,ERBI9Z,ALL,2
IF,ERBIN,47.400833,-2.325833, ,0.0,0.0,0,0,0,0,0,0,0,0
TF,MT,47.333750,-2.044500,0, ,0.0,0.0,0.0,0.0,0,0,0,0,0,0,0,0

STAR,GODA9Z,ALL,2
IF,GODAN,47.641944,-1.960000, ,0.0,0.0,0,0,0,0,0,0,0,0
TF,MT,47.333750,-2.044500,0, ,0.0,0.0,0.0,0.0,0,0,0,0,0,0,0,0

STAR,NORM9Z,ALL,2
IF,NORMI,46.896111,-2.091944, ,0.0,0.0,0,0,0,0,0,0,0,0
TF,MT,47.333750,-2.044500,0, ,0.0,0.0,0.0,0.0,0,0,0,0,0,0,0,0

STAR,RIMO9Z,ALL,2
IF,RIMON,47.507222,-2.185833, ,0.0,0.0,0,0,0,0,0,0,0,0
TF,MT,47.333750,-2.044500,0, ,0.0,0.0,0.0,0.0,0,0,0,0,0,0,0,0

STAR,TIRA9Z,ALL,2
IF,TIRAV,46.598889,-1.390833, ,0.0,0.0,0,0,0,0,0,0,0,0
TF,NTS,47.160861,-1.612972,0, ,0.0,0.0,0.0,0.0,0,0,0,0,0,0,0,0
TF,MT,47.333750,-2.044500,0, ,0.0,0.0,0.0,0.0,0,0,0,0,0,0,0,0

APPTR,I25,25,MT
HF,MT,47.333750,-2.044500,2, ,0.0,0.0,255.0,10,2,3000,0,0,0,0,1,0,0

APPTR,I25,25,NITEM
IF,NITEM,47.430278,-1.806389, ,0.0,0.0,2,3000,0,0,0,0,1,0
CF,CL25,47.380428,-1.808336,0,MT,74.5,15.3,183.0,3.0,2,3000,0,0,0,0,1,0

FINAL,I25,25,I,3
IF,CL25,47.380428,-1.808336,MT,74.5,15.3,2,3000,0,0,0,0,0,0
CF,FF25,47.358883,-1.916581,0,MT,74.5,10.7,255.0,4.6,1,3000,0,0,0,0,2,0
CF,RW25,47.315264,-2.133931,0,MT,74.5,1.4,255.0,9.2,1,61,0,0,0,0,3,0
CA,0,255.0,2,1000,0,0,0,0,0,0
VI,0, ,0.0,255.0,0,0,0,0,0,0,0,0
AF,28NTS,47.568322,-1.947081,2,NTS,332.0,28.0,286.0,0,0,0,1,220,0,0,0
CF,NITEM,47.430278,-1.806389,0,NTS,335.0,18.0,155.0,10.0,1,3000,0,0,0,0,0,0
HM,NITEM,47.430278,-1.806389,2, ,0.0,0.0,155.0,05,0,0,0,1,220,0,0,0,0

APPTR,N25,25,MT1
HF,MT,47.333750,-2.044500,2, ,0.0,0.0,255.0,04.3,2,3000,0,0,0,0,1,0,0

APPTR,N25,25,MT2
HF,MT,47.333750,-2.044500,2, ,0.0,0.0,255.0,04.3,2,3000,0,0,0,0,1,0,0

FINAL,N25,25,N,3
IF,CN25,47.361211,-1.903097,MT,0.0,0.0,2,3000,0,0,0,0,0,0
CF,MT,47.333750,-2.044500,0,MT,0.0,0.0,255.0,6.0,2,1270,0,0,0,0,2,0
CF,RW25,47.315264,-2.133931,0,MT,0.0,0.0,255.0,3.8,1,61,0,0,0,0,3,0
FA,RW25,47.315264,-2.133931,0,NTS,0.0,0.0,255.0,2,1000,0,0,0,0,0,0
DF,MT,47.333750,-2.044500,2, ,0.0,0.0,1,3000,0,1,220,0,0,0

APPTR,R25,25,NITEM
IF,NITEM,47.430278,-1.806389, ,0.0,0.0,2,3000,0,0,0,0,1,0
TF,IRZ25,47.380167,-1.808694,0, ,0.0,0.0,0.0,0.0,1,3000,0,1,240,0,1,0

FINAL,R25,25,R,3
IF,IRZ25,47.380167,-1.808694, ,0.0,0.0,1,3000,0,1,240,0,1,0
TF,FRZ25,47.358694,-1.916972,0, ,0.0,0.0,255.0,4.6,1,3000,0,0,0,0,2,0
TF,RW25,47.315264,-2.133931,0, ,0.0,0.0,255.0,9.2,1,61,0,0,0,0,3,1
TF,RZ410,47.301222,-2.204444,0, ,0.0,0.0,0.0,0.0,0,0,0,1,220,0,0,1
DF,RIMON,47.507222,-2.185833,2, ,0.0,0.0,0,0,0,1,220,0,0,0
TF,RZ412,47.505056,-1.860472,0, ,0.0,0.0,0.0,0.0,0,0,0,1,220,0,0,0
TF,NITEM,47.430278,-1.806389,0, ,0.0,0.0,0.0,0.0,1,3000,0,1,220,0,0,0
HM,NITEM,47.430278,-1.806389,2, ,0.0,0.0,155.0,05,2,3000,0,1,220,0,0,0,0

