APPTR,R03,03,EPL
IF,EPL,48.317833,6.059417, ,0.0,0.0,2,4000,0,0,0,0,1,0
TF,ISN03,48.513639,6.086861,0, ,0.0,0.0,0.0,0.0,2,3300,0,1,170,0,1,0

APPTR,R03,03,SN404
IF,SN404,48.489833,6.155806, ,0.0,0.0,2,3300,0,1,170,0,1,0
TF,ISN03,48.513639,6.086861,0, ,0.0,0.0,0.0,0.0,2,3300,0,1,170,0,1,0

FINAL,R03,03,R,3
IF,ISN03,48.513639,6.086861, ,0.0,0.0,2,3300,0,1,170,0,1,0
TF,FSN03,48.568833,6.131417,0, ,0.0,0.0,27.0,3.8,2,3300,0,0,0,0,2,0
TF,RW03,48.686344,6.226664,0, ,0.0,0.0,27.0,8.0,1,749,0,0,0,0,3,1
TF,SN410,48.714500,6.249556,0, ,0.0,0.0,0.0,0.0,0,0,0,1,170,0,0,1
DF,SN404,48.489833,6.155806,2, ,0.0,0.0,2,3300,0,1,170,0,0,0

