SID,ALIK1A,34,2
CA,0,342.0,2,600,0,0,0,0,0,0
CF,D323J,40.658375,22.850203,0,MKR,322.9,10.0,323.0,9.0,0,0,0,1,250,0,0,1
CI,0, ,0.0,254.0,0,0,0,0,0,0,0,0
CF,ALIKO,40.771944,22.449444,0,MKR,298.7,28.2,299.0,14.0,2,11000,0,0,0,0,0,0

SID,ALIK1B,16,2
CA,0,162.0,2,420,0,0,0,0,0,0
FD,MKR,40.518725,22.969800,0,MKR,0.0,10.0,163.0,10.0,0,0,0,1,250,0,0,0
DF,MKR,40.518725,22.969800,2, ,0.0,0.0,2,6000,0,0,0,0,0,1
CI,1, ,0.0,254.0,0,0,0,0,0,0,0,0
CF,ALIKO,40.771944,22.449444,0,MKR,298.7,28.2,299.0,25.0,2,11000,0,0,0,0,0,0

SID,ARNA3A,34,2
CA,0,342.0,2,600,0,0,0,0,0,0
CF,D323J,40.658375,22.850203,0,MKR,322.9,10.0,323.0,9.0,0,0,0,1,250,0,0,1
DF,MKR,40.518725,22.969800,1, ,0.0,0.0,2,6000,0,0,0,0,0,1
TF,ARNAS,40.528056,23.480556,0, ,0.0,0.0,0.0,0.0,2,8000,0,0,0,0,0,0

SID,ARNA3B,16,2
CA,0,162.0,2,420,0,0,0,0,0,0
FD,MKR,40.518725,22.969800,0,MKR,0.0,10.0,163.0,10.0,0,0,0,1,250,0,0,0
DF,MKR,40.518725,22.969800,2, ,0.0,0.0,2,6000,0,0,0,0,0,1
TF,ARNAS,40.528056,23.480556,0, ,0.0,0.0,0.0,0.0,2,8000,0,0,0,0,0,0

SID,EDAS1A,34,2
CA,0,342.0,2,600,0,0,0,0,0,0
CF,D323J,40.658375,22.850203,0,MKR,322.9,10.0,323.0,9.0,0,0,0,1,250,0,0,1
DF,MKR,40.518725,22.969800,1, ,0.0,0.0,2,6000,0,0,0,0,0,1
CI,2, ,0.0,310.0,0,0,0,0,0,0,0,0
CF,EDASI,40.457500,22.427500,0,MKR,257.8,25.1,258.0,22.0,2,12000,0,0,0,0,0,0

SID,EDAS1B,16,2
CA,0,162.0,2,420,0,0,0,0,0,0
FD,MKR,40.518725,22.969800,0,MKR,0.0,10.0,163.0,10.0,0,0,0,1,250,0,0,0
DF,MKR,40.518725,22.969800,2, ,0.0,0.0,2,6000,0,0,0,0,0,1
CI,1, ,0.0,208.0,0,0,0,0,0,0,0,0
CF,EDASI,40.457500,22.427500,0,MKR,257.8,25.1,258.0,21.0,2,12000,0,0,0,0,0,0

SID,FSK4A,34,2
CA,0,342.0,2,600,0,0,0,0,0,0
CF,D323J,40.658375,22.850203,0,MKR,322.9,10.0,323.0,9.0,0,0,0,1,250,0,0,1
CI,0, ,0.0,43.0,0,0,0,0,0,0,0,0
CF,FSK,41.098714,22.991489,0,FSK,0.0,0.0,358.0,20.0,2,11000,0,0,0,0,0,0

SID,FSK4B,16,2
CA,0,162.0,2,420,0,0,0,0,0,0
FD,MKR,40.518725,22.969800,0,MKR,0.0,10.0,163.0,10.0,0,0,0,1,250,0,0,0
DF,MKR,40.518725,22.969800,2, ,0.0,0.0,2,6000,0,0,0,0,0,1
TF,FSK,41.098714,22.991489,0, ,0.0,0.0,0.0,0.0,2,11000,0,0,0,0,0,0

SID,LEKP1A,34,2
CA,0,342.0,2,600,0,0,0,0,0,0
CF,D323J,40.658375,22.850203,0,MKR,322.9,10.0,323.0,9.0,0,0,0,1,250,0,0,1
DF,MKR,40.518725,22.969800,1, ,0.0,0.0,2,6000,0,0,0,0,0,1
CI,0, ,0.0,201.0,0,0,0,0,0,0,0,0
CF,LEKPO,40.112778,23.161944,0,MKR,156.0,25.9,156.0,24.0,2,7000,0,0,0,0,0,0

SID,LEKP1B,16,2
CA,0,162.0,2,420,0,0,0,0,0,0
FD,MKR,40.518725,22.969800,0,MKR,0.0,10.0,163.0,10.0,0,0,0,0,0,0,0,0
CF,LEKPO,40.112778,23.161944,0,MKR,156.0,25.9,156.0,15.0,2,7000,0,0,0,0,0,0

SID,LOPO3A,34,2
CA,0,342.0,2,600,0,0,0,0,0,0
CF,D323J,40.658375,22.850203,0,MKR,322.9,10.0,323.0,9.0,0,0,0,1,250,0,0,1
DF,MKR,40.518725,22.969800,1, ,0.0,0.0,2,6000,0,0,0,0,0,1
CI,2, ,0.0,279.0,0,0,0,0,0,0,0,0
CF,LOPOS,40.290833,22.500278,0,MKR,233.7,25.5,234.0,22.0,2,12000,0,0,0,0,0,0

SID,LOPO3B,16,2
CA,0,162.0,2,420,0,0,0,0,0,0
FD,MKR,40.518725,22.969800,0,MKR,0.0,10.0,163.0,10.0,0,0,0,1,250,0,0,0
DF,MKR,40.518725,22.969800,2, ,0.0,0.0,2,6000,0,0,0,0,0,1
CI,1, ,0.0,181.0,0,0,0,0,0,0,0,0
CF,LOPOS,40.290833,22.500278,0,MKR,233.7,25.5,234.0,21.0,2,12000,0,0,0,0,0,0

SID,ODIK1A,34,2
CA,0,342.0,2,600,0,0,0,0,0,0
CF,D323J,40.658375,22.850203,0,MKR,322.9,10.0,323.0,9.0,0,0,0,1,250,0,0,1
DF,MKR,40.518725,22.969800,1, ,0.0,0.0,2,6000,0,0,0,0,0,1
CI,1, ,0.0,335.0,0,0,0,0,0,0,0,0
CF,ODIKO,40.971389,23.241944,0,MKR,20.5,29.8,20.0,27.0,2,10000,0,0,0,0,0,0

SID,ODIK1B,16,2
CA,0,162.0,2,420,0,0,0,0,0,0
FD,MKR,40.518725,22.969800,0,MKR,0.0,10.0,163.0,10.0,0,0,0,1,250,0,0,0
DF,MKR,40.518725,22.969800,2, ,0.0,0.0,2,6000,0,0,0,0,0,1
TF,ODIKO,40.971389,23.241944,0, ,0.0,0.0,0.0,0.0,2,10000,0,0,0,0,0,0

SID,OSMO1A,34,2
CA,0,342.0,2,600,0,0,0,0,0,0
CF,D323J,40.658375,22.850203,0,MKR,322.9,10.0,323.0,9.0,0,0,0,1,250,0,0,1
DF,MKR,40.518725,22.969800,1, ,0.0,0.0,2,6000,0,0,0,0,0,1
TF,OSMOS,40.147778,23.262500,0, ,0.0,0.0,0.0,0.0,2,13000,0,0,0,0,0,0

SID,TSL3A,34,2
CA,0,342.0,2,600,0,0,0,0,0,0
VI,0, ,0.0,298.0,0,0,0,0,0,0,0,0
FD,TSL,40.456808,22.991058,0,TSL,0.0,14.0,328.0,14.0,0,0,0,1,250,0,0,0
DF,TSL,40.456808,22.991058,1, ,0.0,0.0,2,6000,0,0,0,0,0,0

SID,TSL3B,16,2
DF,TSL,40.456808,22.991058,0, ,0.0,0.0,0,0,0,0,0,0,0,0
FD,TSL,40.456808,22.991058,0,TSL,0.0,10.0,163.0,10.0,0,0,0,1,250,0,0,0
DF,TSL,40.456808,22.991058,2, ,0.0,0.0,2,6000,0,0,0,0,0,0

STAR,ALIK1L,16,2
IF,ALIKO,40.771944,22.449444, ,0.0,0.0,0,0,0,0,0,0,0,0
TF,D299Q,40.671647,22.656594,0, ,0.0,0.0,0.0,0.0,0,0,0,0,0,0,0,0
CI,0, ,0.0,119.0,0,0,0,0,0,0,0,0
AF,D334O,40.750608,22.846572,2,MKR,334.0,15.0,299.0,0,0,0,0,0,0,0,0
AF,CF16,40.762383,22.893394,2,MKR,342.6,15.0,334.0,0,0,0,0,0,0,0,0

STAR,ALIK1P,34,2
IF,ALIKO,40.771944,22.449444, ,0.0,0.0,0,0,0,0,0,0,0,0
TF,D299T,40.698547,22.601175,0, ,0.0,0.0,0.0,0.0,0,0,0,0,0,0,0,0
TF,D299P,40.662678,22.675058,0, ,0.0,0.0,0.0,0.0,0,0,0,0,0,0,0,0
CI,0, ,0.0,119.0,0,0,0,0,0,0,0,0
AF,D172N,40.285792,22.991067,1,MKR,172.0,14.0,299.0,0,0,0,0,0,0,0,0
AF,CD34Z,40.290978,23.039300,1,MKR,162.9,14.0,172.0,0,0,0,0,0,0,0,0

STAR,ALIK2F,16,2
IF,ALIKO,40.771944,22.449444, ,0.0,0.0,0,0,0,0,0,0,0,0
TF,D304U,40.669631,22.626325,0, ,0.0,0.0,0.0,0.0,0,0,0,0,0,0,0,0
CI,0, ,0.0,124.0,0,0,0,1,230,0,0,0
AF,D336S,40.752297,22.849594,2,TSL,336.0,18.9,304.0,0,0,0,0,0,0,0,0
AF,CF16,40.762383,22.893394,2,TSL,342.3,18.9,336.0,0,0,0,1,230,0,0,0

STAR,ALIK2H,34,2
IF,ALIKO,40.771944,22.449444, ,0.0,0.0,0,0,0,0,0,0,0,0
TF,D304U,40.669631,22.626325,0, ,0.0,0.0,0.0,0.0,0,0,0,0,0,0,0,0
TF,D304L,40.578564,22.782922,0, ,0.0,0.0,0.0,0.0,0,0,0,0,0,0,0,0
CI,0, ,0.0,124.0,0,0,0,1,230,0,0,0
AF,D177J,40.290047,22.987256,1,TSL,177.0,10.0,304.0,0,0,0,0,0,0,0,0
AF,CD34Y,40.294069,23.040356,1,TSL,162.9,10.0,177.0,0,0,0,1,230,0,0,0

STAR,ARNA1P,34,2
IF,ARNAS,40.528056,23.480556, ,0.0,0.0,0,0,0,0,0,0,0,0
TF,D084P,40.525353,23.319375,0, ,0.0,0.0,0.0,0.0,0,0,0,0,0,0,0,0
CI,0, ,0.0,264.0,0,0,0,0,0,0,0,0
AF,D124N,40.374717,23.210383,2,MKR,124.0,14.0,84.0,0,0,0,0,0,0,0,0
AF,D154N,40.302172,23.084047,2,MKR,154.0,14.0,124.0,0,0,0,0,0,0,0,0
AF,CD34Z,40.290978,23.039300,2,MKR,162.9,14.0,154.0,0,0,0,0,0,0,0,0

STAR,ARNA2H,34,2
IF,ARNAS,40.528056,23.480556, ,0.0,0.0,0,0,0,0,0,0,0,0
TF,D075L,40.494547,23.248439,0, ,0.0,0.0,0.0,0.0,0,0,0,0,0,0,0,0
CI,0, ,0.0,255.0,0,0,0,1,230,0,0,0
AF,D112J,40.383528,23.187089,2,TSL,112.0,10.0,75.0,0,0,0,0,0,0,0,0
AF,D149J,40.308158,23.089964,2,TSL,149.0,10.0,112.0,0,0,0,0,0,0,0,0
AF,CD34Y,40.294069,23.040356,2,TSL,162.9,10.0,149.0,0,0,0,0,0,0,0,0

STAR,ARNA2L,16,2
IF,ARNAS,40.528056,23.480556, ,0.0,0.0,0,0,0,0,0,0,0,0
TF,MKR,40.518725,22.969800,0, ,0.0,0.0,0.0,0.0,0,0,0,0,0,0,0,0
FD,MKR,40.518725,22.969800,0,MKR,0.0,15.0,328.0,15.0,0,0,0,1,230,0,0,0
CF,CF16,40.762383,22.893394,2,MKR,342.6,15.0,163.0,1.0,0,0,0,0,0,0,0,0

STAR,ARNA3F,16,2
IF,ARNAS,40.528056,23.480556, ,0.0,0.0,0,0,0,0,0,0,0,0
TF,D075B,40.463136,23.033933,0, ,0.0,0.0,0.0,0.0,0,0,0,0,0,0,0,1
DF,TSL,40.456808,22.991058,0, ,0.0,0.0,0,0,0,1,230,0,0,0
TF,D330S,40.741472,22.808428,0, ,0.0,0.0,0.0,0.0,0,0,0,0,0,0,0,1
CF,CF16,40.762383,22.893394,2,TSL,342.3,18.9,162.0,1.0,0,0,0,1,230,0,0,0

STAR,EDAS1L,16,2
IF,EDASI,40.457500,22.427500, ,0.0,0.0,0,0,0,0,0,0,0,0
TF,D258Q,40.477528,22.602331,0, ,0.0,0.0,0.0,0.0,0,0,0,0,0,0,0,0
CI,0, ,0.0,78.0,0,0,0,0,0,0,0,0
AF,D299O,40.654647,22.694314,2,MKR,299.0,15.0,258.0,0,0,0,0,0,0,0,0
AF,D334O,40.750608,22.846572,2,MKR,334.0,15.0,299.0,0,0,0,0,0,0,0,0
AF,CF16,40.762383,22.893394,2,MKR,342.6,15.0,334.0,0,0,0,0,0,0,0,0

STAR,EDAS1P,34,2
IF,EDASI,40.457500,22.427500, ,0.0,0.0,0,0,0,0,0,0,0,0
TF,D258P,40.479983,22.623936,0, ,0.0,0.0,0.0,0.0,0,0,0,0,0,0,0,0
CI,0, ,0.0,78.0,0,0,0,0,0,0,0,0
AF,D172N,40.285792,22.991067,1,MKR,172.0,14.0,258.0,0,0,0,0,0,0,0,0
AF,CD34Z,40.290978,23.039300,1,MKR,162.9,14.0,172.0,0,0,0,0,0,0,0,0

STAR,EDAS2F,16,2
IF,EDASI,40.457500,22.427500, ,0.0,0.0,0,0,0,0,0,0,0,0
TF,D266U,40.457578,22.532539,0, ,0.0,0.0,0.0,0.0,0,0,0,0,0,0,0,0
CI,0, ,0.0,86.0,0,0,0,1,230,0,0,0
AF,D304S,40.650006,22.665625,2,TSL,304.0,18.9,266.0,0,0,0,0,0,0,0,0
AF,D336S,40.752297,22.849594,2,TSL,336.0,18.9,304.0,0,0,0,0,0,0,0,0
AF,CF16,40.762383,22.893394,2,TSL,342.3,18.9,336.0,0,0,0,1,230,0,0,0

STAR,EDAS2H,34,2
IF,EDASI,40.457500,22.427500, ,0.0,0.0,0,0,0,0,0,0,0,0
TF,D266O,40.457544,22.663544,0, ,0.0,0.0,0.0,0.0,0,0,0,0,0,0,0,0
TF,D266L,40.457469,22.729047,0, ,0.0,0.0,0.0,0.0,0,0,0,0,0,0,0,0
CI,0, ,0.0,86.0,0,0,0,1,230,0,0,0
AF,D177J,40.290047,22.987256,1,TSL,177.0,10.0,266.0,0,0,0,0,0,0,0,0
AF,CD34Y,40.294069,23.040356,1,TSL,162.9,10.0,177.0,0,0,0,1,230,0,0,0

STAR,FSK1L,16,2
IF,FSK,41.098714,22.991489, ,0.0,0.0,2,11000,0,0,0,0,0,0
TF,D189N,40.870875,22.924186,0, ,0.0,0.0,0.0,0.0,0,0,0,0,0,0,0,0
TF,CF16,40.762383,22.893394,0, ,0.0,0.0,0.0,0.0,0,0,0,0,0,0,0,0

STAR,FSK3P,34,2
IF,FSK,41.098714,22.991489, ,0.0,0.0,2,11000,0,0,0,0,0,0
TF,MKR,40.518725,22.969800,0, ,0.0,0.0,0.0,0.0,0,0,0,0,0,0,0,0
TF,D179N,40.285522,22.954372,0, ,0.0,0.0,0.0,0.0,0,0,0,1,230,0,0,1
CF,CD34Z,40.290978,23.039300,1,MKR,162.9,14.0,343.0,1.0,0,0,0,0,0,0,0,0

STAR,LEKP1L,16,2
IF,LEKPO,40.112778,23.161944, ,0.0,0.0,0,0,0,0,0,0,0,0
TF,MKR,40.518725,22.969800,0, ,0.0,0.0,0.0,0.0,0,0,0,0,0,0,0,0
FD,MKR,40.518725,22.969800,0,MKR,0.0,15.0,328.0,15.0,0,0,0,1,230,0,0,0
CF,CF16,40.762383,22.893394,2,MKR,342.6,15.0,163.0,1.0,0,0,0,0,0,0,0,0

STAR,LEKP1P,34,2
IF,LEKPO,40.112778,23.161944, ,0.0,0.0,0,0,0,0,0,0,0,0
TF,D156X,40.142386,23.148011,0, ,0.0,0.0,0.0,0.0,0,0,0,0,0,0,0,1
CI,0, ,0.0,296.0,0,0,0,0,0,0,0,0
CF,CD34Z,40.290978,23.039300,0,MKR,162.9,14.0,343.0,8.0,0,0,0,0,0,0,0,0

STAR,LEKP2F,16,2
IF,LEKPO,40.112778,23.161944, ,0.0,0.0,0,0,0,0,0,0,0,0
TF,TSL,40.456808,22.991058,0, ,0.0,0.0,0.0,0.0,0,0,0,0,0,0,0,0
TF,D330S,40.741472,22.808428,0, ,0.0,0.0,0.0,0.0,0,0,0,0,0,0,0,1
CF,CF16,40.762383,22.893394,2,TSL,342.3,18.9,162.0,1.0,0,0,0,1,230,0,0,0

STAR,LEKP2H,34,2
IF,LEKPO,40.112778,23.161944, ,0.0,0.0,0,0,0,0,0,0,0,0
TF,D156T,40.145039,23.145997,0, ,0.0,0.0,0.0,0.0,0,0,0,0,0,0,0,1
CI,0, ,0.0,298.0,0,0,0,0,0,0,0,0
CF,CD34Y,40.294069,23.040356,0,TSL,162.9,10.0,342.0,8.0,0,0,0,0,0,0,0,0

STAR,LOPO1P,34,2
IF,LOPOS,40.290833,22.500278, ,0.0,0.0,0,0,0,0,0,0,0,0
TF,D234P,40.376539,22.674211,0, ,0.0,0.0,0.0,0.0,0,0,0,0,0,0,0,0
CI,0, ,0.0,54.0,0,0,0,0,0,0,0,0
AF,D172N,40.285792,22.991067,1,MKR,172.0,14.0,234.0,0,0,0,0,0,0,0,0
AF,CD34Z,40.290978,23.039300,1,MKR,162.9,14.0,172.0,0,0,0,0,0,0,0,0

STAR,LOPO2H,34,2
IF,LOPOS,40.290833,22.500278, ,0.0,0.0,0,0,0,0,0,0,0,0
TF,D242O,40.355881,22.691603,0, ,0.0,0.0,0.0,0.0,0,0,0,0,0,0,0,0
TF,D242L,40.376128,22.751422,0, ,0.0,0.0,0.0,0.0,0,0,0,0,0,0,0,0
CI,0, ,0.0,62.0,0,0,0,1,230,0,0,0
AF,D177J,40.290047,22.987256,1,TSL,177.0,10.0,242.0,0,0,0,0,0,0,0,0
AF,CD34Y,40.294069,23.040356,1,TSL,162.9,10.0,177.0,0,0,0,1,230,0,0,0

STAR,LOPO2L,16,2
IF,LOPOS,40.290833,22.500278, ,0.0,0.0,0,0,0,0,0,0,0,0
TF,D234Q,40.366961,22.656331,0, ,0.0,0.0,0.0,0.0,0,0,0,0,0,0,0,0
CI,0, ,0.0,54.0,0,0,0,0,0,0,0,0
AF,D299O,40.654647,22.694314,2,MKR,299.0,15.0,234.0,0,0,0,0,0,0,0,0
AF,D334O,40.750608,22.846572,2,MKR,334.0,15.0,299.0,0,0,0,0,0,0,0,0
AF,CF16,40.762383,22.893394,2,MKR,342.6,15.0,334.0,0,0,0,0,0,0,0,0

STAR,LOPO3F,16,2
IF,LOPOS,40.290833,22.500278, ,0.0,0.0,0,0,0,0,0,0,0,0
TF,D242U,40.315292,22.572069,0, ,0.0,0.0,0.0,0.0,0,0,0,0,0,0,0,0
CI,0, ,0.0,62.0,0,0,0,1,230,0,0,0
AF,D304S,40.650006,22.665625,2,TSL,304.0,18.9,242.0,0,0,0,0,0,0,0,0
AF,D336S,40.752297,22.849594,2,TSL,336.0,18.9,304.0,0,0,0,0,0,0,0,0
AF,CF16,40.762383,22.893394,2,TSL,342.3,18.9,336.0,0,0,0,1,230,0,0,0

STAR,ODIK1L,16,2
IF,ODIKO,40.971389,23.241944, ,0.0,0.0,0,0,0,0,0,0,0,0
TF,D020Q,40.776647,23.124361,0, ,0.0,0.0,0.0,0.0,0,0,0,0,0,0,0,0
CI,0, ,0.0,200.0,0,0,0,0,0,0,0,0
AF,D351O,40.767936,22.941122,1,MKR,351.0,15.0,20.0,0,0,0,0,0,0,0,0
AF,CF16,40.762383,22.893394,1,MKR,342.6,15.0,351.0,0,0,0,0,0,0,0,0

STAR,ODIK1P,34,2
IF,ODIKO,40.971389,23.241944, ,0.0,0.0,0,0,0,0,0,0,0,0
TF,MKR,40.518725,22.969800,0, ,0.0,0.0,0.0,0.0,0,0,0,0,0,0,0,0
TF,D179N,40.285522,22.954372,0, ,0.0,0.0,0.0,0.0,0,0,0,1,230,0,0,1
CF,CD34Z,40.290978,23.039300,1,MKR,162.9,14.0,343.0,1.0,0,0,0,0,0,0,0,0

STAR,OSMO1L,16,2
IF,OSMOS,40.147778,23.262500, ,0.0,0.0,0,0,0,0,0,0,0,0
TF,MKR,40.518725,22.969800,0, ,0.0,0.0,0.0,0.0,0,0,0,0,0,0,0,0
FD,MKR,40.518725,22.969800,0,MKR,0.0,15.0,328.0,15.0,0,0,0,1,230,0,0,0
CF,CF16,40.762383,22.893394,2,MKR,342.6,15.0,163.0,1.0,0,0,0,0,0,0,0,0

STAR,OSMO1P,34,2
IF,OSMOS,40.147778,23.262500, ,0.0,0.0,0,0,0,0,0,0,0,0
TF,D145X,40.176089,23.240292,0, ,0.0,0.0,0.0,0.0,0,0,0,0,0,0,0,0
CI,0, ,0.0,325.0,0,0,0,0,0,0,0,0
AF,D157V,40.171678,23.125528,2,MKR,157.0,22.0,145.0,0,0,0,0,0,0,0,0
CF,CD34Z,40.290978,23.039300,0,MKR,162.9,14.0,343.0,8.0,0,0,0,0,0,0,0,0

STAR,OSMO2F,16,2
IF,OSMOS,40.147778,23.262500, ,0.0,0.0,0,0,0,0,0,0,0,0
TF,TSL,40.456808,22.991058,0, ,0.0,0.0,0.0,0.0,0,0,0,0,0,0,0,0
TF,D330S,40.741472,22.808428,0, ,0.0,0.0,0.0,0.0,0,0,0,0,0,0,0,1
CF,CF16,40.762383,22.893394,2,TSL,342.3,18.9,162.0,1.0,0,0,0,1,230,0,0,0

STAR,OSMO2H,34,2
IF,OSMOS,40.147778,23.262500, ,0.0,0.0,0,0,0,0,0,0,0,0
TF,D142T,40.180033,23.234308,0, ,0.0,0.0,0.0,0.0,0,0,0,0,0,0,0,0
CI,0, ,0.0,322.0,0,0,0,1,230,0,0,0
AF,D156R,40.174617,23.124917,2,TSL,156.0,18.0,142.0,0,0,0,0,0,0,0,0
CF,CD34Y,40.294069,23.040356,0,TSL,162.9,10.0,342.0,8.0,0,0,0,1,230,0,0,0

APPTR,D16,16,FD16
HF,FD16,40.681114,22.919447,2, ,0.0,0.0,163.0,05,2,3500,0,1,230,0,1,0,0

FINAL,D16,16,D,3
IF,CF16,40.762383,22.893394,MKR,342.6,15.0,2,3500,0,0,0,0,0,0
CF,FD16,40.681114,22.919447,0,MKR,342.7,10.0,163.0,5.0,2,3000,0,0,0,0,2,0
CF,RW16,40.530278,22.967586,0,MKR,347.7,0.7,163.0,9.3,1,64,0,0,0,0,3,0
CF,MKR,40.518725,22.969800,0,MKR,0.0,0.0,163.0,0.7,0,0,0,0,0,0,0,1
FD,MKR,40.518725,22.969800,0,MKR,0.0,6.0,163.0,6.0,0,0,0,0,0,0,0,0
DF,MKR,40.518725,22.969800,2, ,0.0,0.0,1,3500,0,0,0,0,0,0
FD,MKR,40.518725,22.969800,0,MKR,0.0,15.0,328.0,15.0,0,0,0,0,0,0,0,0
CF,FD16,40.681114,22.919447,2,MKR,342.7,10.0,163.0,6.0,1,3500,0,0,0,0,0,0
HM,FD16,40.681114,22.919447,2, ,0.0,0.0,163.0,05,2,3500,0,1,230,0,0,0,0

APPTR,D34-Y,34,FD34Y
HF,FD34Y,40.375550,23.015586,1, ,0.0,0.0,343.0,05,2,4000,0,1,230,0,1,0,0

FINAL,D34-Y,34,D,3
IF,CD34Y,40.294069,23.040356,TSL,162.9,10.0,2,4000,0,0,0,0,0,0
CF,FD34Y,40.375550,23.015586,0,TSL,163.0,5.0,343.0,5.0,2,3000,0,0,0,0,2,0
CF,MD34Y,40.505558,22.976311,0,TSL,343.0,3.0,343.0,8.0,1,154,0,0,0,0,3,0
FD,MD34Y,40.505558,22.976311,0,TSL,343.0,6.0,343.0,6.0,0,0,0,0,0,0,0,0
DF,TSL,40.456808,22.991058,1, ,0.0,0.0,0,0,0,0,0,0,0,0
FD,TSL,40.456808,22.991058,0,TSL,0.0,10.0,186.0,10.0,0,0,0,0,0,0,0,0
CF,FD34Y,40.375550,23.015586,1,TSL,163.0,5.0,343.0,5.0,1,4000,0,0,0,0,0,0
HM,FD34Y,40.375550,23.015586,1, ,0.0,0.0,343.0,05,2,4000,0,1,230,0,0,0,0

APPTR,D34-Z,34,FD34Z
HF,FD34Z,40.372517,23.014281,1, ,0.0,0.0,343.0,05,2,4000,0,1,230,0,1,0,0

FINAL,D34-Z,34,D,3
IF,CD34Z,40.290978,23.039300,MKR,162.9,14.0,2,4000,0,0,0,0,0,0
CF,FD34Z,40.372517,23.014281,0,MKR,162.9,9.0,343.0,5.0,2,3000,0,0,0,0,2,0
CF,RW34,40.509169,22.974294,0,MKR,156.3,0.6,343.0,8.4,1,72,0,0,0,0,3,0
CF,MKR,40.518725,22.969800,0,MKR,0.0,0.0,343.0,0.6,0,0,0,0,0,0,0,1
FD,MKR,40.518725,22.969800,0,MKR,0.0,6.0,343.0,6.0,0,0,0,0,0,0,0,0
DF,MKR,40.518725,22.969800,1, ,0.0,0.0,0,0,0,0,0,0,0,0
FD,MKR,40.518725,22.969800,0,MKR,0.0,14.0,179.0,14.0,0,0,0,0,0,0,0,0
CF,FD34Z,40.372517,23.014281,1,MKR,162.9,9.0,343.0,5.0,1,4000,0,0,0,0,0,0
HM,FD34Z,40.372517,23.014281,1, ,0.0,0.0,343.0,05,2,4000,0,1,230,0,0,0,0

APPTR,I16,16,D343J
HF,D343J,40.681111,22.919444,2, ,0.0,0.0,163.0,05,2,3500,0,1,230,0,1,0,0

FINAL,I16,16,I,3
IF,CF16,40.762383,22.893394,ITSL,342.4,15.8,2,3500,0,0,0,0,0,0
CF,FI16,40.660103,22.926150,0,ITSL,342.4,9.5,162.0,6.3,1,2560,0,0,0,0,2,0
CF,RW16,40.530278,22.967586,0,ITSL,342.4,1.5,162.0,8.0,1,64,0,0,0,0,3,0
CA,0,162.0,2,430,0,0,0,0,0,0
CF,D162G,40.410356,23.006694,0,MKR,161.4,6.7,162.0,6.6,0,0,0,0,0,0,0,1
DF,MKR,40.518725,22.969800,2, ,0.0,0.0,1,3500,0,0,0,0,0,0
FD,MKR,40.518725,22.969800,0,MKR,0.0,15.0,328.0,15.0,0,0,0,0,0,0,0,0
CF,D343J,40.681111,22.919444,2,MKR,342.7,10.0,163.0,6.0,1,3500,0,0,0,0,0,0
HM,D343J,40.681111,22.919444,2, ,0.0,0.0,163.0,05,2,3500,0,1,230,0,0,0,0

APPTR,R34-Y,34,APZOC
IF,APZOC,40.272386,22.937386, ,0.0,0.0,2,5000,0,0,0,0,1,0
TF,CEFEB,40.292069,23.043197,0, ,0.0,0.0,0.0,0.0,2,4000,0,1,210,0,1,0

APPTR,R34-Y,34,NAFNU
IF,NAFNU,40.311658,23.149069, ,0.0,0.0,2,5000,0,0,0,0,1,0
TF,CEFEB,40.292069,23.043197,0, ,0.0,0.0,0.0,0.0,2,4000,0,1,210,0,1,0

APPTR,R34-Y,34,YAMPO
IF,YAMPO,40.211019,23.068808, ,0.0,0.0,2,5000,0,0,0,0,1,0
TF,CEFEB,40.292069,23.043197,0, ,0.0,0.0,0.0,0.0,2,4000,0,1,210,0,1,0

FINAL,R34-Y,34,R,3
IF,CEFEB,40.292069,23.043197, ,0.0,0.0,2,4000,0,1,210,0,0,0
TF,TS626,40.373117,23.017522,0, ,0.0,0.0,342.0,5.0,2,3200,0,0,0,0,2,0
TF,RW34,40.509169,22.974294,0, ,0.0,0.0,342.0,8.4,1,72,0,0,0,0,3,0
CF,TS619,40.616194,22.940097,0,MKR,342.9,6.0,342.0,6.6,2,2000,0,1,200,0,0,1
DF,MKR,40.518725,22.969800,1, ,0.0,0.0,2,3000,0,1,200,0,0,0
TF,APZOC,40.272386,22.937386,0, ,0.0,0.0,0.0,0.0,2,4000,0,1,200,0,0,1
CF,TS626,40.373117,23.017522,1,MKR,161.9,9.0,342.0,6.0,2,4000,0,1,200,0,0,0
HM,TS626,40.373117,23.017522,1, ,0.0,0.0,342.0,05,2,4000,0,1,200,0,0,0,0

APPTR,R34-Z,34,APZOC
IF,APZOC,40.272386,22.937386, ,0.0,0.0,2,5000,0,0,0,0,1,0
TF,CEFEB,40.292069,23.043197,0, ,0.0,0.0,0.0,0.0,2,4000,0,1,210,0,1,0

APPTR,R34-Z,34,NAFNU
IF,NAFNU,40.311658,23.149069, ,0.0,0.0,2,5000,0,0,0,0,1,0
TF,CEFEB,40.292069,23.043197,0, ,0.0,0.0,0.0,0.0,2,4000,0,1,210,0,1,0

APPTR,R34-Z,34,YAMPO
IF,YAMPO,40.211019,23.068808, ,0.0,0.0,2,5000,0,0,0,0,1,0
TF,CEFEB,40.292069,23.043197,0, ,0.0,0.0,0.0,0.0,2,4000,0,1,210,0,1,0

FINAL,R34-Z,34,R,3
IF,CEFEB,40.292069,23.043197, ,0.0,0.0,2,4000,0,1,210,0,0,0
TF,TS626,40.373117,23.017522,0, ,0.0,0.0,342.0,5.0,2,3500,0,0,0,0,2,0
TF,RW34,40.509169,22.974294,0, ,0.0,0.0,342.0,8.4,1,72,0,0,0,0,3,1
TF,TS609,40.557789,22.958817,0, ,0.0,0.0,0.0,0.0,2,1300,0,1,200,0,0,1
CI,1, ,0.0,196.0,0,0,0,0,0,0,0,0
CF,FICLO,40.348600,22.700747,0,TSL,240.1,14.8,226.0,7.0,2,3000,0,1,200,0,0,1
HM,FICLO,40.348600,22.700747,1, ,0.0,0.0,46.0,03,2,3000,0,1,200,0,0,0,0

