SID,EKTO6M,11,2
CF,D110E,41.513819,15.791058,0,VIE,203.0,26.6,110.0,4.0,0,0,0,0,0,0,0,1
CI,2, ,0.0,262.0,0,0,0,0,0,0,0,0
CF,EKTOL,41.107778,15.171389,0,MNL,217.8,35.3,218.0,28.0,0,0,0,0,0,0,0,0

SID,EKTO6N,29,2
CF,D290B,41.561333,15.649156,0,VIE,217.6,27.7,290.0,3.0,0,0,0,0,0,0,0,1
CI,1, ,0.0,172.0,0,0,0,0,0,0,0,0
CF,EKTOL,41.107778,15.171389,0,VIE,216.6,62.4,218.0,30.0,0,0,0,0,0,0,0,0

SID,ERPO6M,11,2
CF,D110E,41.513819,15.791058,0,VIE,203.0,26.6,110.0,4.0,0,0,0,0,0,0,0,1
CI,2, ,0.0,325.0,0,0,0,0,0,0,0,0
CF,D290L,41.628906,15.446078,0,VIE,235.0,32.0,290.0,12.0,0,0,0,0,0,0,0,0
CR,2,MNL,330.0,35.0,0,0,0,0,0,0,0,0
CF,MNL39,42.153772,15.374183,0,MNL,334.8,39.0,335.0,23.0,2,15000,0,0,0,0,0,0
TF,ERPOG,42.478333,15.202500,0, ,0.0,0.0,0.0,0.0,0,0,0,0,0,0,0,0

SID,ERPO6N,29,2
CF,D290L,41.628906,15.446078,0,VIE,235.0,32.0,290.0,13.0,0,0,0,0,0,0,0,1
CR,2,MNL,330.0,35.0,0,0,0,0,0,0,0,0
CF,MNL39,42.153772,15.374183,0,VIE,292.8,33.5,335.0,23.0,2,15000,0,0,0,0,0,0
TF,ERPOG,42.478333,15.202500,0, ,0.0,0.0,0.0,0.0,0,0,0,0,0,0,0,0

SID,TOPN6M,11,2
CF,D110E,41.513819,15.791058,0,VIE,203.0,26.6,110.0,4.0,0,0,0,0,0,0,0,1
CI,0, ,0.0,178.0,0,0,0,0,0,0,0,0
CF,TOPNO,40.951667,16.107778,0,VIE,174.4,57.7,148.0,32.0,0,0,0,0,0,0,0,0

SID,TOPN6N,29,2
CF,D290B,41.561333,15.649156,0,VIE,217.6,27.7,290.0,3.0,0,0,0,0,0,0,0,1
CI,1, ,0.0,112.0,0,0,0,0,0,0,0,0
CF,TOPNO,40.951667,16.107778,0,MNL,148.0,40.4,148.0,35.0,0,0,0,0,0,0,0,0

SID,UVOK5C,29,2
CF,D290B,41.561333,15.649156,0,VIE,217.6,27.7,290.0,3.0,0,0,0,0,0,0,0,1
CI,1, ,0.0,74.0,0,0,0,0,0,0,0,0
CF,UVOKA,41.379722,16.863611,0,MNL,96.4,53.9,97.0,48.0,0,0,0,0,0,0,0,0

SID,UVOK6B,11,2
CF,D110E,41.513819,15.791058,0,VIE,203.0,26.6,110.0,4.0,0,0,0,0,0,0,0,1
VI,0, ,0.0,67.0,0,0,0,0,0,0,0,0
CF,UVOKA,41.379722,16.863611,0,VIE,127.8,48.6,97.0,47.0,0,0,0,0,0,0,0,0

SID,VIE6C,11,2
CF,D110E,41.513819,15.791058,0,VIE,203.0,26.6,110.0,4.0,0,0,0,0,0,0,0,1
DF,MNL,41.547639,15.689806,2, ,0.0,0.0,0,0,0,0,0,0,0,0
TF,VIE,41.912778,16.049167,0, ,0.0,0.0,0.0,0.0,0,0,0,0,0,0,0,0

SID,VIE6D,11,2
CF,D110E,41.513819,15.791058,0,VIE,203.0,26.6,110.0,4.0,0,0,0,0,0,0,0,1
VI,0, ,0.0,67.0,0,0,0,0,0,0,0,0
CF,D097T,41.486819,16.125983,0,VIE,169.3,25.8,97.0,13.0,2,7000,0,0,0,0,0,0
VI,0, ,0.0,7.0,0,0,0,0,0,0,0,0
CF,VIE,41.912778,16.049167,0,VIE,0.0,0.0,337.0,22.0,0,0,0,0,0,0,0,0

SID,VIE6E,29,2
CF,D290D,41.574878,15.608575,0,VIE,221.5,28.3,290.0,5.0,0,0,0,0,0,0,0,1
DF,MNL,41.547639,15.689806,1, ,0.0,0.0,0,0,0,0,0,0,0,0
TF,VIE,41.912778,16.049167,0, ,0.0,0.0,0.0,0.0,0,0,0,0,0,0,0,0

SID,VIE6F,29,2
CF,D290B,41.561333,15.649156,0,VIE,217.6,27.7,290.0,3.0,0,0,0,0,0,0,0,1
CI,1, ,0.0,74.0,0,0,0,0,0,0,0,0
CF,D097T,41.486819,16.125983,0,VIE,169.3,25.8,97.0,15.0,2,7000,0,0,0,0,0,0
VI,1, ,0.0,7.0,0,0,0,0,0,0,0,0
CF,VIE,41.912778,16.049167,0,VIE,0.0,0.0,337.0,22.0,0,0,0,0,0,0,0,0

APPTR,I29,29,IPNUD
IF,IPNUD,41.426767,16.055181, ,0.0,0.0,2,5000,0,0,0,0,1,0
CF,CT29,41.459303,15.952978,0,MNL,110.0,13.0,290.0,5.0,2,3300,0,0,0,0,0,0
CF,CI29,41.483381,15.882914,0,IMND,109.8,9.2,290.0,3.5,2,2200,0,0,0,0,0,0

FINAL,I29,29,I,3
IF,CI29,41.483381,15.882914,IMND,109.8,9.2,2,2200,0,0,0,0,0,0
CF,FI29,41.493517,15.852500,0,IMND,109.8,7.7,290.0,1.5,1,2200,0,0,0,0,2,0
CF,RW29,41.534742,15.728464,0,IMND,109.8,1.6,290.0,6.1,1,232,0,0,0,0,3,0
FD,RW29,41.534742,15.728464,0,MNL,110.1,4.0,290.0,4.0,0,0,0,0,0,0,0,0
CA,0,290.0,2,2500,0,0,0,0,0,0
DF,MNL,41.547639,15.689806,1, ,0.0,0.0,0,0,0,1,230,0,0,0
CF,CT29,41.459303,15.952978,0,MNL,109.8,13.0,110.0,13.0,1,5000,0,0,0,0,0,0
HM,CT29,41.459303,15.952978,1, ,0.0,0.0,290.0,05,2,5000,0,0,0,0,0,0,0

APPTR,T11,11,AMTOG
IF,AMTOG,41.573633,15.113608, ,0.0,0.0,2,12000,0,0,0,0,1,0
TF,D270T,41.570186,15.246703,0, ,0.0,0.0,0.0,0.0,0,0,0,0,0,0,0,0
CI,0, ,0.0,90.0,2,7000,0,0,0,0,0,0
AF,D290R,41.669278,15.324028,2,MNL,290.0,18.0,270.0,0,0,0,0,0,0,0,0
CF,D290O,41.649108,15.385072,0,MNL,290.0,15.0,110.0,3.0,2,5000,0,0,0,0,0,0
CF,CT11,41.615422,15.486728,0,MNL,290.0,10.0,110.0,5.0,2,3100,0,0,0,0,1,0

APPTR,T11,11,ELVAD
IF,ELVAD,41.647486,15.384294, ,0.0,0.0,2,5000,0,0,0,0,1,0
CF,CT11,41.615422,15.486728,0,MNL,290.0,10.0,110.0,5.0,2,3100,0,0,0,0,1,0

FINAL,T11,11,D,5
IF,CT11,41.615422,15.486728,MNL,290.0,10.0,2,3100,0,0,0,0,0,0
CF,65TAC,41.591786,15.557822,0,MNL,290.0,6.5,110.0,3.5,2,2000,0,0,0,0,0,0
CF,FT11,41.581644,15.588278,0,MNL,290.0,5.0,110.0,1.5,2,2000,0,0,0,0,2,0
CF,17TAC,41.559300,15.655242,0,MNL,290.0,1.7,110.0,3.3,2,920,0,0,0,0,0,0
CF,MT11,41.551167,15.679581,0,MNL,290.0,0.5,110.0,1.2,1,543,0,0,0,0,3,0
CF,MNL,41.547639,15.689806,0,MNL,0.0,0.0,110.0,0.5,0,0,0,0,0,0,0,0
CF,D110M,41.459303,15.952978,0,MNL,110.0,13.0,110.0,13.0,1,5000,0,0,0,0,0,0
HM,D110M,41.459303,15.952978,1, ,0.0,0.0,290.0,05,2,5000,0,1,265,0,0,0,0

APPTR,T29,29,IPNUD
IF,IPNUD,41.426767,16.055181, ,0.0,0.0,2,5000,0,0,0,0,1,0
CF,CT29,41.459303,15.952978,0,MNL,110.0,13.0,290.0,5.0,2,3300,0,0,0,0,1,0

APPTR,T29,29,OBAVO
IF,OBAVO,41.662583,15.528853, ,0.0,0.0,2,12000,0,0,0,0,1,0
CF,MNL,41.547639,15.689806,0,MNL,0.0,0.0,130.0,10.0,2,12000,0,0,0,0,0,0
FD,MNL,41.547639,15.689806,0,MNL,0.0,18.0,130.0,18.0,2,7500,0,0,0,0,0,0
CF,D110R,41.425114,16.054042,1,MNL,110.0,18.0,290.0,1.0,0,0,0,0,0,0,0,0
CF,CT29,41.459303,15.952978,0,MNL,110.0,13.0,290.0,5.0,2,3300,0,0,0,0,1,0

FINAL,T29,29,D,5
IF,CT29,41.459303,15.952978,MNL,110.0,13.0,2,3300,0,0,0,0,0,0
CF,95TAC,41.483183,15.882172,0,MNL,110.0,9.5,290.0,3.5,2,2200,0,0,0,0,0,0
CF,FT29,41.493403,15.851811,0,MNL,110.0,8.0,290.0,1.5,2,2200,0,0,0,0,2,0
CF,60TAC,41.507017,15.811314,0,MNL,110.0,6.0,290.0,2.0,2,1550,0,0,0,0,0,0
CF,MT29,41.534206,15.730269,0,MNL,110.0,2.0,290.0,4.0,1,261,0,0,0,0,3,0
CF,MNL,41.547639,15.689806,0,MNL,0.0,0.0,290.0,2.0,0,0,0,0,0,0,0,0
FD,MNL,41.547639,15.689806,0,MNL,0.0,4.0,290.0,4.0,2,2500,0,0,0,0,0,0
DF,MNL,41.547639,15.689806,1, ,0.0,0.0,0,0,0,0,0,0,0,0
CF,CT29,41.459303,15.952978,0,MNL,110.0,13.0,110.0,13.0,1,5000,0,0,0,0,0,0
HM,CT29,41.459303,15.952978,1, ,0.0,0.0,290.0,05,2,5000,0,1,265,0,0,0,0

APPTR,V11-A,11,FGG
IF,FGG,41.429472,15.531361, ,0.0,0.0,2,4000,0,0,0,0,1,0
FD,FGG,41.429472,15.531361,0,FGG,0.0,5.0,92.0,5.0,2,3000,0,0,0,0,0,0
CD, ,0,0,2,FGG,0,0.0,325.0,2.0,0,0,0,0,0,0,0,0
CF,FD048,41.450903,15.565317,0,FGG,48.0,2.0,48.0,2.0,2,3000,0,0,0,0,0,0

FINAL,V11-A,11,D,2
IF,FD048,41.450903,15.565317,FGG,48.0,2.0,2,3000,0,0,0,0,2,0
CF,MD048,41.536533,15.701369,0,FGG,48.0,10.0,48.0,8.0,1,960,0,0,0,0,3,0
CI,2, ,0.0,270.0,0,0,0,1,175,0,0,0
CF,FGG,41.429472,15.531361,0,FGG,0.0,0.0,228.0,8.0,1,4000,0,0,0,0,0,0
HM,FGG,41.429472,15.531361,2, ,0.0,0.0,105.0,04.3,0,0,0,0,0,0,0,0,0

APPTR,V29-A,29,FGG
IF,FGG,41.429472,15.531361, ,0.0,0.0,2,4000,0,0,0,0,1,0
FD,FGG,41.429472,15.531361,0,FGG,0.0,5.0,92.0,5.0,2,3000,0,0,0,0,0,0
CD, ,0,0,2,FGG,0,0.0,325.0,2.0,0,0,0,0,0,0,0,0
CF,FD048,41.450903,15.565317,0,FGG,48.0,2.0,48.0,2.0,2,3000,0,0,0,0,0,0

FINAL,V29-A,29,D,2
IF,FD048,41.450903,15.565317,FGG,48.0,2.0,2,3000,0,0,0,0,2,0
CF,MD048,41.536533,15.701369,0,FGG,48.0,10.0,48.0,8.0,1,960,0,0,0,0,3,0
CI,2, ,0.0,270.0,0,0,0,1,175,0,0,0
CF,FGG,41.429472,15.531361,0,FGG,0.0,0.0,228.0,8.0,1,4000,0,0,0,0,0,0
HM,FGG,41.429472,15.531361,2, ,0.0,0.0,105.0,04.3,0,0,0,0,0,0,0,0,0

