SID,KAPO5D,17,2
CA,0,165.0,2,620,0,0,0,0,0,0
CF,D166D,40.443992,17.423161,0,TAG,166.0,4.0,166.0,3.0,2,1000,0,0,0,0,0,1
CI,1, ,0.0,9.0,2,4500,0,1,200,0,0,0
CF,D073R,40.575372,17.791981,0,TAG,73.2,18.0,73.0,13.0,2,7000,0,0,0,0,0,0
TF,KAPPO,40.610833,18.002778,0, ,0.0,0.0,0.0,0.0,0,0,0,0,0,0,0,0

SID,KAPO5F,35,2
CA,0,345.0,2,620,0,0,0,0,0,0
CF,D335D,40.571969,17.376647,0,TAG,335.0,4.0,335.0,3.0,2,1300,0,0,0,0,0,1
CF,TAG,40.509694,17.408000,1,TAG,0.0,0.0,94.0,4.0,2,3000,0,1,200,0,0,0
TF,D073J,40.546339,17.621231,0, ,0.0,0.0,0.0,0.0,2,7000,0,0,0,0,0,0
TF,KAPPO,40.610833,18.002778,0, ,0.0,0.0,0.0,0.0,0,0,0,0,0,0,0,0

SID,KAPO5P,35,2
CA,0,345.0,2,620,0,0,0,0,0,0
CF,D335D,40.571969,17.376647,0,TAG,335.0,4.0,335.0,3.0,2,1300,0,0,0,0,0,1
CF,TAG,40.509694,17.408000,1,TAG,0.0,0.0,94.0,4.0,2,3000,0,1,200,0,0,0
TF,D059I,40.577706,17.583403,0, ,0.0,0.0,0.0,0.0,2,7000,0,0,0,0,0,0
TF,D256L,40.625436,17.707139,0, ,0.0,0.0,0.0,0.0,0,0,0,0,0,0,0,0
TF,BCS,40.658583,17.951917,0, ,0.0,0.0,0.0,0.0,0,0,0,0,0,0,0,0
TF,KAPPO,40.610833,18.002778,0, ,0.0,0.0,0.0,0.0,0,0,0,0,0,0,0,0

SID,KAPO5Q,17,2
CA,0,165.0,2,620,0,0,0,0,0,0
CF,D166D,40.443992,17.423161,0,TAG,166.0,4.0,166.0,3.0,2,1000,0,0,0,0,0,1
CR,1,TAG,73.0,9.0,2,4500,0,1,200,0,0,0
CF,D256L,40.625436,17.707139,0,TAG,59.0,14.7,59.0,8.0,2,7000,0,0,0,0,0,0
TF,BCS,40.658583,17.951917,0, ,0.0,0.0,0.0,0.0,0,0,0,0,0,0,0,0
TF,KAPPO,40.610833,18.002778,0, ,0.0,0.0,0.0,0.0,0,0,0,0,0,0,0,0

SID,ROBO5P,35,2
CA,0,345.0,2,620,0,0,0,0,0,0
CF,D335D,40.571969,17.376647,0,TAG,335.0,4.0,335.0,3.0,2,1300,0,0,0,0,0,1
CF,TAG,40.509694,17.408000,1,TAG,0.0,0.0,94.0,4.0,2,3000,0,1,200,0,0,1
CI,1, ,0.0,340.0,0,0,0,0,0,0,0,0
CF,D009G,40.615250,17.440378,0,TAG,9.2,6.5,9.0,1.0,2,5000,0,0,0,0,0,0
TF,ROBOT,40.709722,17.469444,0, ,0.0,0.0,0.0,0.0,2,9000,0,0,0,0,0,0

SID,ROBO5Q,17,2
CA,0,165.0,2,620,0,0,0,0,0,0
CF,D166D,40.443992,17.423161,0,TAG,166.0,4.0,166.0,3.0,2,1000,0,0,0,0,0,1
CF,D100B,40.501617,17.450397,1,TAG,100.0,2.0,280.0,2.0,2,3000,0,1,200,0,0,1
CF,D009G,40.615250,17.440378,2,TAG,9.2,6.5,9.0,5.0,2,5000,0,0,0,0,0,0
TF,ROBOT,40.709722,17.469444,0, ,0.0,0.0,0.0,0.0,2,9000,0,0,0,0,0,0

STAR,KAPO1A,ALL,2
IF,KAPPO,40.610833,18.002778, ,0.0,0.0,0,0,0,0,0,0,0,0
TF,D223I,40.555989,17.808153,0, ,0.0,0.0,0.0,0.0,0,0,0,0,0,0,0,0
TF,D234Q,40.507483,17.637247,0, ,0.0,0.0,0.0,0.0,0,0,0,0,0,0,0,0
TF,GRT,40.445972,17.422139,0, ,0.0,0.0,0.0,0.0,0,0,0,0,0,0,0,0

STAR,KAPO1C,ALL,2
IF,KAPPO,40.610833,18.002778, ,0.0,0.0,0,0,0,0,0,0,0,0
TF,D073R,40.575372,17.791981,0, ,0.0,0.0,0.0,0.0,0,0,0,0,0,0,0,0
TF,TAG,40.509694,17.408000,0, ,0.0,0.0,0.0,0.0,0,0,0,0,0,0,0,0

STAR,KAPO1E,ALL,2
IF,KAPPO,40.610833,18.002778, ,0.0,0.0,0,0,0,0,0,0,0,0
TF,D073R,40.575372,17.791981,0, ,0.0,0.0,0.0,0.0,0,0,0,0,0,0,0,0
TF,TAG,40.509694,17.408000,0, ,0.0,0.0,0.0,0.0,0,0,0,0,0,0,0,0
TF,MASAX,40.411111,17.431111,0, ,0.0,0.0,0.0,0.0,0,0,0,0,0,0,0,0

STAR,KAPO1L,ALL,2
IF,KAPPO,40.610833,18.002778, ,0.0,0.0,0,0,0,0,0,0,0,0
TF,BCS,40.658583,17.951917,0, ,0.0,0.0,0.0,0.0,0,0,0,0,0,0,0,0
TF,D256L,40.625436,17.707139,0, ,0.0,0.0,0.0,0.0,0,0,0,0,0,0,0,0
TF,D059H,40.570161,17.563897,0, ,0.0,0.0,0.0,0.0,0,0,0,0,0,0,0,0
TF,TAG,40.509694,17.408000,0, ,0.0,0.0,0.0,0.0,0,0,0,0,0,0,0,0
TF,MASAX,40.411111,17.431111,0, ,0.0,0.0,0.0,0.0,0,0,0,0,0,0,0,0

STAR,KAPO1M,ALL,2
IF,KAPPO,40.610833,18.002778, ,0.0,0.0,0,0,0,0,0,0,0,0
TF,BCS,40.658583,17.951917,0, ,0.0,0.0,0.0,0.0,0,0,0,0,0,0,0,0
TF,D256L,40.625436,17.707139,0, ,0.0,0.0,0.0,0.0,0,0,0,0,0,0,0,0
TF,D059H,40.570161,17.563897,0, ,0.0,0.0,0.0,0.0,0,0,0,0,0,0,0,0
TF,TAG,40.509694,17.408000,0, ,0.0,0.0,0.0,0.0,0,0,0,0,0,0,0,0

STAR,KAPO1N,ALL,2
IF,KAPPO,40.610833,18.002778, ,0.0,0.0,0,0,0,0,0,0,0,0
TF,BCS,40.658583,17.951917,0, ,0.0,0.0,0.0,0.0,0,0,0,0,0,0,0,0
TF,D254K,40.620708,17.716275,0, ,0.0,0.0,0.0,0.0,0,0,0,0,0,0,0,0
TF,D244R,40.544478,17.587614,0, ,0.0,0.0,0.0,0.0,0,0,0,0,0,0,0,0
TF,GRT,40.445972,17.422139,0, ,0.0,0.0,0.0,0.0,0,0,0,0,0,0,0,0

STAR,ROBO1L,ALL,2
IF,ROBOT,40.709722,17.469444, ,0.0,0.0,0,0,0,0,0,0,0,0
TF,TAG,40.509694,17.408000,0, ,0.0,0.0,0.0,0.0,0,0,0,0,0,0,0,0
TF,MASAX,40.411111,17.431111,0, ,0.0,0.0,0.0,0.0,0,0,0,0,0,0,0,0

STAR,ROBO1M,ALL,2
IF,ROBOT,40.709722,17.469444, ,0.0,0.0,0,0,0,0,0,0,0,0
TF,TAG,40.509694,17.408000,0, ,0.0,0.0,0.0,0.0,0,0,0,0,0,0,0,0

STAR,ROBO1N,ALL,2
IF,ROBOT,40.709722,17.469444, ,0.0,0.0,0,0,0,0,0,0,0,0
TF,D262W,40.631056,17.455294,0, ,0.0,0.0,0.0,0.0,0,0,0,0,0,0,0,0
TF,GRT,40.445972,17.422139,0, ,0.0,0.0,0.0,0.0,0,0,0,0,0,0,0,0

APPTR,D35-Y,35,MASAX
IF,MASAX,40.411111,17.431111, ,0.0,0.0,2,3000,0,0,0,0,1,0
HF,MASAX,40.411111,17.431111,2, ,0.0,0.0,346.0,04,2,2000,0,1,200,0,0,0,0

FINAL,D35-Y,35,D,4
IF,CD35,40.345436,17.445850,TAG,166.0,10.0,2,2000,0,0,0,0,0,0
CF,MASAX,40.411111,17.431111,0,TAG,165.8,6.0,346.0,4.0,2,2000,0,0,0,0,2,0
CF,D166D,40.443992,17.423161,0,TAG,166.0,4.0,346.0,2.0,2,1370,0,0,0,0,0,0
CF,MD35,40.476844,17.415583,0,TAG,166.0,2.0,346.0,2.0,1,704,0,0,0,0,3,0
CF,TAG,40.509694,17.408000,0,TAG,0.0,0.0,346.0,2.0,0,0,0,0,0,0,0,0
FD,TAG,40.509694,17.408000,0,TAG,0.0,3.0,346.0,3.0,2,1300,0,0,0,0,0,1
VI,1, ,0.0,135.0,0,0,0,1,200,0,0,0
CF,D270B,40.512011,17.364400,0,TAG,270.0,2.0,90.0,2.0,0,0,0,0,0,0,0,1
CF,MASAX,40.411111,17.431111,0,TAG,165.8,6.0,166.0,7.0,1,3000,0,0,0,0,0,0
HM,MASAX,40.411111,17.431111,2, ,0.0,0.0,346.0,04,2,3000,0,1,200,0,0,0,0

APPTR,D35-Z,35,TAG1
IF,TAG,40.509694,17.408000, ,0.0,0.0,2,5000,0,1,200,0,1,0
FD,TAG,40.509694,17.408000,0,TAG,0.0,10.0,149.0,10.0,2,2000,0,0,0,0,0,0
CF,CD35,40.345436,17.445850,2,TAG,166.0,10.0,346.0,1.0,2,2000,0,0,0,0,1,0

APPTR,D35-Z,35,TAG2
IF,TAG,40.509694,17.408000, ,0.0,0.0,2,5000,0,1,140,0,1,0
FD,TAG,40.509694,17.408000,0,TAG,0.0,10.0,157.0,10.0,2,2000,0,0,0,0,0,0
CF,CD35,40.345436,17.445850,2,TAG,166.0,10.0,346.0,1.0,2,2000,0,0,0,0,1,0

FINAL,D35-Z,35,D,4
IF,CD35,40.345436,17.445850,TAG,166.0,10.0,2,2000,0,0,0,0,0,0
CF,MASAX,40.411111,17.431111,0,TAG,165.8,6.0,346.0,4.0,2,2000,0,0,0,0,2,0
CF,D166D,40.443992,17.423161,0,TAG,166.0,4.0,346.0,2.0,2,1370,0,0,0,0,0,0
CF,MD35,40.476844,17.415583,0,TAG,166.0,2.0,346.0,2.0,1,704,0,0,0,0,3,0
CF,TAG,40.509694,17.408000,0,TAG,0.0,0.0,346.0,2.0,0,0,0,0,0,0,0,0
FD,TAG,40.509694,17.408000,0,TAG,0.0,3.0,346.0,3.0,2,1300,0,0,0,0,0,1
VI,1, ,0.0,135.0,0,0,0,1,200,0,0,0
CF,D270B,40.512011,17.364400,0,TAG,270.0,2.0,90.0,2.0,0,0,0,0,0,0,0,1
CF,MASAX,40.411111,17.431111,0,TAG,165.8,6.0,166.0,7.0,1,3000,0,0,0,0,0,0
HM,MASAX,40.411111,17.431111,2, ,0.0,0.0,346.0,04,2,3000,0,1,200,0,0,0,0

FINAL,I35-X,35,I,3
IF,CI35,40.366656,17.442925,ITGT,164.6,9.9,2,2200,0,0,0,0,0,0
CF,FI35,40.399361,17.434347,0,ITGT,164.6,7.9,345.0,2.0,1,2200,0,0,0,0,2,0
CF,RW35,40.499006,17.408161,0,ITGT,164.6,1.8,345.0,6.1,1,260,0,0,0,0,3,0
CF,D345C,40.557967,17.392889,0,TAG,342.6,3.0,345.0,3.6,2,800,0,0,0,0,0,1
CI,1, ,0.0,135.0,0,0,0,1,185,0,0,0
CF,D270B,40.512011,17.364400,0,TAG,270.0,2.0,90.0,2.0,0,0,0,0,0,0,0,1
CF,MASAX,40.411111,17.431111,0,TAG,165.8,6.0,166.0,7.0,1,3000,0,0,0,0,0,0
HM,MASAX,40.411111,17.431111,2, ,0.0,0.0,346.0,04,0,0,0,1,200,0,0,0,0

APPTR,I35-Y,35,GRT1
IF,GRT,40.445972,17.422139, ,0.0,0.0,2,3000,0,1,200,0,1,0
FC,GRT,40.445972,17.422139,0,TAG,0.0,0.0,137.0,5.8,2,2200,0,0,0,0,0,1
CF,D165J,40.355208,17.445925,2,TAG,165.4,9.4,345.0,1.0,0,0,0,0,0,0,1,0
CF,CI35,40.366656,17.442925,0,ITGT,164.6,9.9,345.0,0.7,2,2200,0,0,0,0,0,0

APPTR,I35-Y,35,GRT2
IF,GRT,40.445972,17.422139, ,0.0,0.0,2,3000,0,1,140,0,1,0
FC,GRT,40.445972,17.422139,0,TAG,0.0,0.0,149.0,5.7,2,2200,0,0,0,0,0,1
CF,D165J,40.355208,17.445925,2,TAG,165.4,9.4,345.0,1.0,0,0,0,0,0,0,1,0
CF,CI35,40.366656,17.442925,0,ITGT,164.6,9.9,345.0,0.7,2,2200,0,0,0,0,0,0

FINAL,I35-Y,35,I,3
IF,CI35,40.366656,17.442925,ITGT,164.6,9.9,2,2200,0,0,0,0,0,0
CF,FI35,40.399361,17.434347,0,ITGT,164.6,7.9,345.0,2.0,1,2200,0,0,0,0,2,0
CF,RW35,40.499006,17.408161,0,ITGT,164.6,1.8,345.0,6.1,1,260,0,0,0,0,3,0
CF,D345C,40.557967,17.392889,0,TAG,342.6,3.0,345.0,3.6,2,800,0,0,0,0,0,1
DF,GRT,40.445972,17.422139,1, ,0.0,0.0,1,3000,0,1,185,0,0,0
HM,GRT,40.445972,17.422139,1, ,0.0,0.0,165.0,04.3,0,0,0,1,200,0,0,0,0

APPTR,I35-Z,35,TAG1
IF,TAG,40.509694,17.408000, ,0.0,0.0,2,5000,0,1,200,0,1,0
FD,TAG,40.509694,17.408000,0,TAG,0.0,10.0,148.0,10.0,2,2200,0,0,0,0,0,0
CF,D165K,40.347033,17.448067,2,TAG,165.3,9.9,345.0,1.0,0,0,0,0,0,0,1,0
CF,CI35,40.366656,17.442925,0,ITGT,164.6,9.9,345.0,1.2,2,2200,0,0,0,0,0,0

APPTR,I35-Z,35,TAG2
IF,TAG,40.509694,17.408000, ,0.0,0.0,2,5000,0,1,140,0,1,0
FD,TAG,40.509694,17.408000,0,TAG,0.0,10.0,156.0,10.0,2,2200,0,0,0,0,0,0
CF,D165K,40.347033,17.448067,2,TAG,165.3,9.9,345.0,1.0,0,0,0,0,0,0,1,0
CF,CI35,40.366656,17.442925,0,ITGT,164.6,9.9,345.0,1.2,2,2200,0,0,0,0,0,0

FINAL,I35-Z,35,I,3
IF,CI35,40.366656,17.442925,ITGT,164.6,9.9,2,2200,0,0,0,0,0,0
CF,FI35,40.399361,17.434347,0,ITGT,164.6,7.9,345.0,2.0,1,2200,0,0,0,0,2,0
CF,RW35,40.499006,17.408161,0,ITGT,164.6,1.8,345.0,6.1,1,260,0,0,0,0,3,0
CF,D345C,40.557967,17.392889,0,TAG,342.6,3.0,345.0,3.6,2,800,0,0,0,0,0,1
CI,1, ,0.0,135.0,0,0,0,1,185,0,0,0
CF,D270B,40.512011,17.364400,0,TAG,270.0,2.0,90.0,2.0,0,0,0,0,0,0,0,1
CF,MASAX,40.411111,17.431111,0,TAG,165.8,6.0,166.0,7.0,1,3000,0,0,0,0,0,0
HM,MASAX,40.411111,17.431111,2, ,0.0,0.0,346.0,04,0,0,0,1,200,0,0,0,0

APPTR,N35,35,GRT1
IF,GRT,40.445972,17.422139, ,0.0,0.0,2,3000,0,1,210,0,0,0
FC,GRT,40.445972,17.422139,0,TAG,0.0,0.0,117.0,4.3,2,2000,0,0,0,0,0,1
CF,GRT,40.445972,17.422139,2,TAG,166.4,3.9,345.0,5.0,2,1300,0,0,0,0,0,0

APPTR,N35,35,GRT2
IF,GRT,40.445972,17.422139, ,0.0,0.0,2,3000,0,1,140,0,0,0
FC,GRT,40.445972,17.422139,0,TAG,0.0,0.0,141.0,4.3,2,2000,0,0,0,0,0,1
CF,GRT,40.445972,17.422139,2,TAG,166.4,3.9,345.0,5.0,2,1300,0,0,0,0,0,0

FINAL,N35,35,N,2
IF,GRT,40.445972,17.422139,GRT,0.0,0.0,2,1300,0,0,0,0,2,0
CF,RW35,40.499006,17.408161,0,GRT,0.0,0.0,345.0,3.2,1,260,0,0,0,0,3,0
FA,RW35,40.499006,17.408161,0,TAG,0.0,0.0,345.0,2,1300,0,0,0,0,0,0
DF,GRT,40.445972,17.422139,1, ,0.0,0.0,1,3000,0,1,200,0,0,0

