SID,1,17,1
CA,0,167.0,2,990,0,0,0,0,0,0
CI,2, ,0.0,292.0,0,0,0,0,0,0,0,0
CF,B,45.487261,8.297031,0,CAM,251.0,16.0,251.0,8.0,1,3000,0,0,0,0,0,0

SID,1,35,1
CA,0,347.0,2,990,0,0,0,0,0,0
CF,B,45.487261,8.297031,1,CAM,251.0,16.0,251.0,14.0,1,3000,0,0,0,0,0,0

SID,1,ALL,2
IF,B,45.487261,8.297031, ,0.0,0.0,1,3000,0,0,0,0,0,0
TF,C,45.424297,8.027356,0, ,0.0,0.0,0.0,0.0,0,0,0,0,0,0,0,0
TF,Z,45.185019,7.947511,0, ,0.0,0.0,0.0,0.0,4,24000,17000,0,0,0,0,0
TF,TOP,44.925417,7.861667,0, ,0.0,0.0,0.0,0.0,0,0,0,0,0,0,0,0

SID,1A,17,1
CA,0,167.0,2,990,0,0,0,0,0,0
CI,2, ,0.0,292.0,0,0,0,0,0,0,0,0
CF,B,45.487261,8.297031,0,CAM,251.0,16.0,251.0,8.0,1,3000,0,0,0,0,0,0

SID,1A,35,1
CA,0,347.0,2,990,0,0,0,0,0,0
CF,B,45.487261,8.297031,1,CAM,251.0,16.0,251.0,14.0,1,3000,0,0,0,0,0,0

SID,1A,ALL,2
IF,B,45.487261,8.297031, ,0.0,0.0,1,3000,0,0,0,0,0,0
TF,C,45.424297,8.027356,0, ,0.0,0.0,0.0,0.0,0,0,0,0,0,0,0,0
TF,E,45.259650,7.759311,0, ,0.0,0.0,0.0,0.0,0,0,0,0,0,0,0,0
TF,CAS,45.193806,7.652833,0, ,0.0,0.0,0.0,0.0,0,0,0,0,0,0,0,0

SID,2,17,2
CA,0,167.0,2,990,0,0,0,0,0,0
CF,D187G,45.454708,8.634461,0,CAM,187.0,7.0,197.0,3.0,0,0,0,0,0,0,0,0
TF,A,45.108131,8.565822,0, ,0.0,0.0,0.0,0.0,0,0,0,0,0,0,0,0

SID,4,17,1
CA,0,167.0,2,990,0,0,0,0,0,0
CF,Y,44.882772,8.469539,0,CAM,190.0,42.0,192.0,39.0,0,0,0,0,0,0,0,0

SID,4,35,1
CA,0,347.0,2,990,0,0,0,0,0,0
VI,1, ,0.0,210.0,0,0,0,0,0,0,0,0
CF,Y,44.882772,8.469539,0,CAM,190.0,42.0,180.0,35.0,0,0,0,0,0,0,0,0

SID,4,ALL,2
IF,Y,44.882772,8.469539, ,0.0,0.0,0,0,0,0,0,0,0,0
TF,GEN,44.423889,9.083333,0, ,0.0,0.0,0.0,0.0,0,0,0,0,0,0,0,0

APPTR,I35-Y,35,D176W
IF,D176W,45.258031,8.763233, ,0.0,0.0,2,4000,0,0,0,0,1,0
CF,CI35,45.342372,8.728183,0,ICAM,165.5,12.5,345.0,5.3,2,3000,0,0,0,0,1,0

APPTR,I35-Y,35,D235W
IF,D235W,45.425567,8.283597, ,0.0,0.0,2,4000,0,0,0,0,0,0
AF,D176W,45.258031,8.763233,1,MMP,176.0,23.0,235.0,2,4000,0,0,0,0,0,0
CF,CI35,45.342372,8.728183,0,ICAM,165.5,12.5,345.0,5.3,2,3000,0,0,0,0,1,0

FINAL,I35-Y,35,I,3
IF,CI35,45.342372,8.728183,ICAM,165.5,12.5,2,3000,0,0,0,0,0,0
CF,FI35,45.399331,8.710375,0,ICAM,165.5,9.0,345.0,3.5,1,3000,0,0,0,0,2,0
CF,RW35,45.518619,8.672958,0,ICAM,165.5,1.7,345.0,7.3,1,608,0,0,0,0,3,0
CA,0,345.0,2,1000,0,0,0,0,0,0
CF,D235W,45.425567,8.283597,1,MMP,235.0,23.0,235.0,18.0,1,4000,0,0,0,0,0,0
HM,D235W,45.425567,8.283597,1, ,0.0,0.0,235.0,04,2,4000,0,0,0,0,0,0,0

APPTR,I35-Z,35,D240R
IF,D240R,45.428786,8.281400, ,0.0,0.0,2,4000,0,0,0,0,0,0
AF,D173R,45.271408,8.694550,1,CAM,173.0,18.0,240.0,2,4000,0,0,0,0,0,0
AF,PABDU,45.276992,8.747947,1,CAM,165.7,18.0,173.0,2,4000,0,0,0,0,0,0
CF,CI35,45.342372,8.728183,0,ICAM,165.5,12.5,345.0,4.0,2,3000,0,0,0,0,1,0

APPTR,I35-Z,35,PABDU
IF,PABDU,45.276992,8.747947, ,0.0,0.0,2,4000,0,0,0,0,1,0
CF,CI35,45.342372,8.728183,0,ICAM,165.5,12.5,345.0,4.0,2,3000,0,0,0,0,1,0

FINAL,I35-Z,35,I,3
IF,CI35,45.342372,8.728183,ICAM,165.5,12.5,2,3000,0,0,0,0,0,0
CF,FI35,45.399331,8.710375,0,ICAM,165.5,9.0,345.0,3.5,1,3000,0,0,0,0,2,0
CF,RW35,45.518619,8.672958,0,ICAM,165.5,1.7,345.0,7.3,1,608,0,0,0,0,3,0
CA,0,345.0,2,1000,0,0,0,0,0,0
CF,D240R,45.428786,8.281400,1,CAM,240.0,18.0,240.0,18.0,1,4000,0,0,0,0,0,0
HM,D240R,45.428786,8.281400,1, ,0.0,0.0,240.0,04,2,4000,0,0,0,0,0,0,0

APPTR,T35,35,D239R
IF,D239R,45.424197,8.284978, ,0.0,0.0,2,3000,0,0,0,0,1,0
CI,0, ,0.0,59.0,0,0,0,0,0,0,0,0
AF,D193P,45.312644,8.559725,1,CAM,193.0,16.0,239.0,1,3000,0,0,0,0,0,0
AF,D178P,45.303600,8.657528,1,CAM,178.0,16.0,193.0,2,2600,0,0,0,0,0,0
CF,D168N,45.340458,8.714969,0,CAM,168.0,14.0,348.0,2.0,0,0,0,0,0,0,1,0
CF,CT35,45.373283,8.706792,0,CAM,168.0,12.0,348.0,2.0,2,2600,0,0,0,0,0,0

APPTR,T35,35,D239W
IF,D239W,45.383417,8.181833, ,0.0,0.0,2,20000,0,0,0,0,1,0
CF,D239T,45.407897,8.243703,0,CAM,239.0,20.0,59.0,3.0,2,17000,0,0,0,0,0,0
CF,D239R,45.424197,8.284978,0,CAM,239.0,18.0,59.0,2.0,0,0,0,0,0,0,0,0
CI,0, ,0.0,59.0,0,0,0,0,0,0,0,0
AF,D193P,45.312644,8.559725,1,CAM,193.0,16.0,239.0,1,3000,0,0,0,0,0,0
AF,D178P,45.303600,8.657528,1,CAM,178.0,16.0,193.0,2,2600,0,0,0,0,0,0
CF,D168N,45.340458,8.714969,0,CAM,168.0,14.0,348.0,2.0,0,0,0,0,0,0,1,0
CF,CT35,45.373283,8.706792,0,CAM,168.0,12.0,348.0,2.0,2,2600,0,0,0,0,0,0

FINAL,T35,35,D,3
IF,CT35,45.373283,8.706792,CAM,168.0,12.0,2,2600,0,0,0,0,0,0
CF,FT35,45.438933,8.690408,0,CAM,168.0,8.0,348.0,4.0,2,2000,0,0,0,0,2,0
CF,MT35,45.512783,8.671931,0,CAM,168.0,3.5,348.0,4.5,1,713,0,0,0,0,3,0
CA,0,348.0,2,990,0,0,0,0,0,0
CF,D239O,45.448619,8.346936,1,CAM,239.0,15.0,239.0,13.0,1,3000,0,0,0,0,0,0
HM,D239O,45.448619,8.346936,2, ,0.0,0.0,59.0,05,0,0,0,1,265,0,0,0,0

