SID,ADOS5A,01,1
VM,0,0,0,8.0,0,0,0,0,0,0,0,0
DF,OZE,46.405194,11.292306,1, ,0.0,0.0,2,3600,0,0,0,0,0,0

SID,ADOS5A,19,1
VM,0,0,0,188.0,0,0,0,0,0,0,0,0
DF,OZE,46.405194,11.292306,0, ,0.0,0.0,2,3600,0,0,0,0,0,0

SID,ADOS5A,ALL,2
IF,OZE,46.405194,11.292306, ,0.0,0.0,2,3600,0,0,0,0,0,0
TF,D195B,46.373397,11.277894,0, ,0.0,0.0,0.0,0.0,2,4500,0,0,0,0,0,0
TF,D195D,46.341600,11.263503,0, ,0.0,0.0,0.0,0.0,2,5400,0,0,0,0,0,0
TF,D195F,46.309800,11.249128,0, ,0.0,0.0,0.0,0.0,2,6300,0,0,0,0,0,0
TF,D195H,46.278000,11.234769,0, ,0.0,0.0,0.0,0.0,2,7200,0,0,0,0,0,0
TF,FORER,46.108056,11.158333,0, ,0.0,0.0,0.0,0.0,2,12000,0,0,0,0,0,0
TF,D195X,46.023517,11.120494,0, ,0.0,0.0,0.0,0.0,0,0,0,1,210,0,0,1
TF,OZE27,45.968175,11.138625,0, ,0.0,0.0,0.0,0.0,2,14000,0,0,0,0,0,0
TF,ADOSA,45.644444,11.026389,0, ,0.0,0.0,0.0,0.0,0,0,0,0,0,0,0,0

SID,ALES5A,01,1
VM,0,0,0,8.0,0,0,0,0,0,0,0,0
DF,OZE,46.405194,11.292306,1, ,0.0,0.0,2,3600,0,0,0,0,0,0

SID,ALES5A,19,1
VM,0,0,0,188.0,0,0,0,0,0,0,0,0
DF,OZE,46.405194,11.292306,0, ,0.0,0.0,2,3600,0,0,0,0,0,0

SID,ALES5A,ALL,2
IF,OZE,46.405194,11.292306, ,0.0,0.0,2,3600,0,0,0,0,0,0
TF,D195B,46.373397,11.277894,0, ,0.0,0.0,0.0,0.0,2,4500,0,0,0,0,0,0
TF,D195D,46.341600,11.263503,0, ,0.0,0.0,0.0,0.0,2,5400,0,0,0,0,0,0
TF,D195F,46.309800,11.249128,0, ,0.0,0.0,0.0,0.0,2,6300,0,0,0,0,0,0
TF,D195H,46.278000,11.234769,0, ,0.0,0.0,0.0,0.0,2,7200,0,0,0,0,0,0
TF,FORER,46.108056,11.158333,0, ,0.0,0.0,0.0,0.0,2,12000,0,0,0,0,0,0
TF,D195X,46.023517,11.120494,0, ,0.0,0.0,0.0,0.0,0,0,0,0,0,0,0,0
CI,0, ,0.0,195.0,0,0,0,1,210,0,0,0
AF,D179Z,45.972058,11.281461,1,OZE,179.0,26.0,195.0,2,15000,0,0,0,0,0,0
AF,D336W,45.989336,11.467064,1,OZE,161.7,26.0,179.0,0,0,0,0,0,0,0,0
CF,D342Y,46.036622,11.506642,0,VIC,341.5,25.0,342.0,2.0,0,0,0,0,0,0,0,0
TF,ALESE,46.275000,11.403889,0, ,0.0,0.0,0.0,0.0,0,0,0,0,0,0,0,0

SID,NAXA5B,01,1
VM,0,0,0,8.0,0,0,0,0,0,0,0,0
DF,OZE,46.405194,11.292306,1, ,0.0,0.0,2,3600,0,0,0,0,0,0

SID,NAXA5B,19,1
VM,0,0,0,188.0,0,0,0,0,0,0,0,0
DF,OZE,46.405194,11.292306,0, ,0.0,0.0,2,3600,0,0,0,0,0,0

SID,NAXA5B,ALL,2
IF,OZE,46.405194,11.292306, ,0.0,0.0,2,3600,0,0,0,0,0,0
TF,D195B,46.373397,11.277894,0, ,0.0,0.0,0.0,0.0,2,4500,0,0,0,0,0,0
TF,D195D,46.341600,11.263503,0, ,0.0,0.0,0.0,0.0,2,5400,0,0,0,0,0,0
TF,D195F,46.309800,11.249128,0, ,0.0,0.0,0.0,0.0,2,6300,0,0,0,0,0,0
TF,D195H,46.278000,11.234769,0, ,0.0,0.0,0.0,0.0,2,7200,0,0,0,0,0,0
TF,FORER,46.108056,11.158333,0, ,0.0,0.0,0.0,0.0,2,12000,0,0,0,0,0,0
TF,D195X,46.023517,11.120494,0, ,0.0,0.0,0.0,0.0,0,0,0,1,210,0,0,1
DF,D185X,46.008275,11.222367,1, ,0.0,0.0,0,0,0,1,210,0,0,0
TF,OZE,46.405194,11.292306,0, ,0.0,0.0,0.0,0.0,0,0,0,0,0,0,0,0
TF,NAXAV,46.463889,11.322222,0, ,0.0,0.0,0.0,0.0,2,14000,0,0,0,0,0,0

SID,VIC5A,01,1
VM,0,0,0,8.0,0,0,0,0,0,0,0,0
DF,OZE,46.405194,11.292306,1, ,0.0,0.0,2,3600,0,0,0,0,0,0

SID,VIC5A,19,1
VM,0,0,0,188.0,0,0,0,0,0,0,0,0
DF,OZE,46.405194,11.292306,0, ,0.0,0.0,2,3600,0,0,0,0,0,0

SID,VIC5A,ALL,2
IF,OZE,46.405194,11.292306, ,0.0,0.0,2,3600,0,0,0,0,0,0
TF,D195B,46.373397,11.277894,0, ,0.0,0.0,0.0,0.0,2,4500,0,0,0,0,0,0
TF,D195D,46.341600,11.263503,0, ,0.0,0.0,0.0,0.0,2,5400,0,0,0,0,0,0
TF,D195F,46.309800,11.249128,0, ,0.0,0.0,0.0,0.0,2,6300,0,0,0,0,0,0
TF,D195H,46.278000,11.234769,0, ,0.0,0.0,0.0,0.0,2,7200,0,0,0,0,0,0
TF,FORER,46.108056,11.158333,0, ,0.0,0.0,0.0,0.0,2,12000,0,0,0,0,0,0
TF,D195X,46.023517,11.120494,0, ,0.0,0.0,0.0,0.0,0,0,0,0,0,0,0,0
CI,0, ,0.0,195.0,0,0,0,1,210,0,0,0
AF,D179Z,45.972058,11.281461,1,OZE,179.0,26.0,195.0,2,15000,0,0,0,0,0,0
AF,D336W,45.989336,11.467064,1,OZE,161.7,26.0,179.0,0,0,0,0,0,0,0,0
CF,D342T,45.956781,11.540781,0,VIC,342.0,20.0,162.0,2.0,0,0,0,0,0,0,0,0
TF,VIC,45.637306,11.676361,0, ,0.0,0.0,0.0,0.0,0,0,0,0,0,0,0,0

SID,VIC5B,01,1
VM,0,0,0,8.0,0,0,0,0,0,0,0,0
DF,OZE,46.405194,11.292306,1, ,0.0,0.0,2,3600,0,0,0,0,0,0

SID,VIC5B,19,1
VM,0,0,0,188.0,0,0,0,0,0,0,0,0
DF,OZE,46.405194,11.292306,0, ,0.0,0.0,2,3600,0,0,0,0,0,0

SID,VIC5B,ALL,2
IF,OZE,46.405194,11.292306, ,0.0,0.0,2,3600,0,0,0,0,0,0
TF,D195B,46.373397,11.277894,0, ,0.0,0.0,0.0,0.0,2,4500,0,0,0,0,0,0
TF,D195D,46.341600,11.263503,0, ,0.0,0.0,0.0,0.0,2,5400,0,0,0,0,0,0
TF,D195F,46.309800,11.249128,0, ,0.0,0.0,0.0,0.0,2,6300,0,0,0,0,0,0
TF,D195H,46.278000,11.234769,0, ,0.0,0.0,0.0,0.0,2,7200,0,0,0,0,0,0
TF,FORER,46.108056,11.158333,0, ,0.0,0.0,0.0,0.0,2,12000,0,0,0,0,0,0
TF,D195V,46.055336,11.134719,0, ,0.0,0.0,0.0,0.0,0,0,0,1,210,0,0,1
CF,VIC,45.637306,11.676361,0,VIC,0.0,0.0,133.0,33.0,0,0,0,0,0,0,0,0

STAR,ADOS1H,01,2
IF,ADOSA,45.644444,11.026389, ,0.0,0.0,0,0,0,0,0,0,0,0
TF,OZE27,45.968175,11.138625,0, ,0.0,0.0,0.0,0.0,2,14000,0,0,0,0,0,0
VI,0, ,0.0,345.0,0,0,0,1,210,0,0,0
CF,FORER,46.108056,11.158333,0,VIC,319.6,35.6,15.0,5.0,2,12000,0,0,0,0,0,0

STAR,ALES1H,01,2
IF,ALESE,46.275000,11.403889, ,0.0,0.0,0,0,0,0,0,0,0,0
TF,D342Y,46.036622,11.506642,0, ,0.0,0.0,0.0,0.0,0,0,0,0,0,0,0,0
CI,0, ,0.0,162.0,0,0,0,0,0,0,0,0
AF,D179Z,45.972058,11.281461,2,OZE,179.0,26.0,157.0,0,0,0,0,0,0,0,0
AF,D190Z,45.981386,11.163108,2,OZE,190.0,26.0,179.0,0,0,0,0,0,0,0,0
CF,D195X,46.023517,11.120494,0,OZE,195.4,24.0,15.0,1.0,0,0,0,1,210,0,0,0
TF,FORER,46.108056,11.158333,0, ,0.0,0.0,0.0,0.0,2,12000,0,0,0,0,0,0

STAR,NAXA1H,01,2
IF,NAXAV,46.463889,11.322222, ,0.0,0.0,0,0,0,0,0,0,0,0
TF,OZE,46.405194,11.292306,0, ,0.0,0.0,0.0,0.0,0,0,0,0,0,0,0,0
TF,D185X,46.008275,11.222367,0, ,0.0,0.0,0.0,0.0,0,0,0,0,0,0,0,1
CF,FORER,46.108056,11.158333,2,VIC,319.6,35.6,15.0,6.0,2,12000,0,1,210,0,0,0

STAR,VIC1H,01,2
IF,VIC,45.637306,11.676361, ,0.0,0.0,0,0,0,0,0,0,0,0
TF,D342T,45.956781,11.540781,0, ,0.0,0.0,0.0,0.0,0,0,0,0,0,0,0,1
CI,0, ,0.0,342.0,0,0,0,0,0,0,0,0
AF,D179Z,45.972058,11.281461,2,OZE,179.0,26.0,157.0,0,0,0,0,0,0,0,0
AF,D190Z,45.981386,11.163108,2,OZE,190.0,26.0,179.0,0,0,0,0,0,0,0,0
CF,D195X,46.023517,11.120494,0,OZE,195.4,24.0,15.0,1.0,0,0,0,1,210,0,0,0
TF,FORER,46.108056,11.158333,0, ,0.0,0.0,0.0,0.0,2,12000,0,0,0,0,0,0

STAR,VIC1M,01,2
IF,VIC,45.637306,11.676361, ,0.0,0.0,0,0,0,0,0,0,0,0
TF,OZE26,45.986669,11.164706,0, ,0.0,0.0,0.0,0.0,0,0,0,0,0,0,0,1
CF,FORER,46.108056,11.158333,0,OZE,195.4,18.7,15.0,6.0,2,12000,0,1,210,0,0,0

APPTR,D01-A,01,FORER
IF,FORER,46.108056,11.158333, ,0.0,0.0,2,12000,0,1,210,0,1,0
CF,D185X,46.008275,11.222367,0,OZE,185.0,24.0,195.0,5.0,0,0,0,0,0,0,0,1
CF,D195X,46.023517,11.120494,2,OZE,195.4,24.0,15.0,1.0,2,12000,0,0,0,0,0,0
CF,FORER,46.108056,11.158333,0,OZE,195.4,18.7,15.0,5.3,2,10000,0,0,0,0,0,0
CF,D195P,46.150206,11.180158,0,OZE,195.0,16.0,15.0,3.0,2,9100,0,0,0,0,1,0
CF,D195J,46.245839,11.222092,0,OZE,195.0,10.0,15.0,6.0,2,7200,0,0,0,0,0,0
CF,CE015,46.301619,11.246619,0,OZE,195.0,6.5,15.0,3.5,2,6100,0,0,0,0,0,0

APPTR,D01-A,01,OZE
IF,OZE,46.405194,11.292306, ,0.0,0.0,2,13000,0,1,240,0,1,0
FD,OZE,46.405194,11.292306,0,OZE,0.0,20.0,211.0,20.0,2,10000,0,0,0,0,0,0
CF,FORER,46.108056,11.158333,1,OZE,195.4,18.7,15.0,1.0,2,10000,0,0,0,0,0,0
CF,D195P,46.150206,11.180158,0,OZE,195.0,16.0,15.0,2.7,2,9100,0,0,0,0,1,0
CF,D195J,46.245839,11.222092,0,OZE,195.0,10.0,15.0,6.0,2,7200,0,0,0,0,0,0
CF,CE015,46.301619,11.246619,0,OZE,195.0,6.5,15.0,3.5,2,6100,0,0,0,0,0,0

FINAL,D01-A,01,D,3
IF,CE015,46.301619,11.246619,OZE,195.0,6.5,2,6100,0,0,0,0,0,0
CF,FE015,46.325522,11.257147,0,OZE,195.0,5.0,15.0,1.5,2,6100,0,0,0,0,2,0
CF,OZE,46.405194,11.292306,0,OZE,0.0,0.0,15.0,5.0,1,5050,0,0,0,0,3,0
CA,0,15.0,2,5050,0,0,0,0,0,0
CF,D015G,46.516711,11.341697,0,OZE,15.0,7.0,15.0,6.0,1,5980,0,1,160,0,0,1
CF,OZE,46.405194,11.292306,1,OZE,0.0,0.0,167.0,7.0,2,7770,0,1,160,0,0,0
CF,FORER,46.108056,11.158333,0,OZE,195.4,18.7,195.0,19.0,2,10650,0,0,0,0,0,0
TF,D185X,46.008275,11.222367,0, ,0.0,0.0,0.0,0.0,2,11400,0,0,0,0,0,1
CF,FORER,46.108056,11.158333,2,OZE,195.4,18.7,15.0,7.0,1,12000,0,0,0,0,0,0

APPTR,D19-A,19,FORER
IF,FORER,46.108056,11.158333, ,0.0,0.0,2,12000,0,1,210,0,1,0
CF,D185X,46.008275,11.222367,0,OZE,185.0,24.0,195.0,5.0,0,0,0,0,0,0,0,1
CF,D195X,46.023517,11.120494,2,OZE,195.4,24.0,15.0,1.0,2,12000,0,0,0,0,0,0
CF,FORER,46.108056,11.158333,0,OZE,195.4,18.7,15.0,5.3,2,10000,0,0,0,0,0,0
CF,D195P,46.150206,11.180158,0,OZE,195.0,16.0,15.0,3.0,2,9100,0,0,0,0,1,0
CF,D195J,46.245839,11.222092,0,OZE,195.0,10.0,15.0,6.0,2,7200,0,0,0,0,0,0
CF,CE015,46.301619,11.246619,0,OZE,195.0,6.5,15.0,3.5,2,6100,0,0,0,0,0,0

APPTR,D19-A,19,OZE
IF,OZE,46.405194,11.292306, ,0.0,0.0,2,13000,0,1,240,0,1,0
FD,OZE,46.405194,11.292306,0,OZE,0.0,20.0,211.0,20.0,2,10000,0,0,0,0,0,0
CF,FORER,46.108056,11.158333,1,OZE,195.4,18.7,15.0,1.0,2,10000,0,0,0,0,0,0
CF,D195P,46.150206,11.180158,0,OZE,195.0,16.0,15.0,2.7,2,9100,0,0,0,0,1,0
CF,D195J,46.245839,11.222092,0,OZE,195.0,10.0,15.0,6.0,2,7200,0,0,0,0,0,0
CF,CE015,46.301619,11.246619,0,OZE,195.0,6.5,15.0,3.5,2,6100,0,0,0,0,0,0

FINAL,D19-A,19,D,3
IF,CE015,46.301619,11.246619,OZE,195.0,6.5,2,6100,0,0,0,0,0,0
CF,FE015,46.325522,11.257147,0,OZE,195.0,5.0,15.0,1.5,2,6100,0,0,0,0,2,0
CF,OZE,46.405194,11.292306,0,OZE,0.0,0.0,15.0,5.0,1,5050,0,0,0,0,3,0
CA,0,15.0,2,5050,0,0,0,0,0,0
CF,D015G,46.516711,11.341697,0,OZE,15.0,7.0,15.0,6.0,1,5980,0,1,160,0,0,1
CF,OZE,46.405194,11.292306,1,OZE,0.0,0.0,167.0,7.0,2,7770,0,1,160,0,0,0
CF,FORER,46.108056,11.158333,0,OZE,195.4,18.7,195.0,19.0,2,10650,0,0,0,0,0,0
TF,D185X,46.008275,11.222367,0, ,0.0,0.0,0.0,0.0,2,11400,0,0,0,0,0,1
CF,FORER,46.108056,11.158333,2,OZE,195.4,18.7,15.0,7.0,1,12000,0,0,0,0,0,0

APPTR,L01,01,FORER
HF,FORER,46.108056,11.158333,2, ,0.0,0.0,15.0,05,2,12000,0,1,210,0,1,0,0

FINAL,L01,01,D,5
IF,FORER,46.108056,11.158333,IBZ,196.8,22.0,2,12000,0,0,0,0,0,0
CF,FF01,46.266614,11.234336,0,IBZ,197.0,12.0,17.0,10.0,2,7200,0,0,0,0,2,0
CF,97LOC,46.302861,11.252275,0,IBZ,197.0,9.7,17.0,2.3,2,5900,0,0,0,0,0,0
CF,71LOC,46.343831,11.272583,0,IBZ,197.0,7.1,17.0,2.6,2,4500,0,0,0,0,0,0
CF,ML01,46.392675,11.296836,0,IBZ,197.0,4.0,17.0,3.1,1,2960,0,0,0,0,3,0
CF,D004G,46.521178,11.309964,0,OZE,4.0,7.0,4.0,7.7,2,5400,0,0,0,0,0,1
CF,OZE,46.405194,11.292306,1,OZE,0.0,0.0,166.0,7.0,2,6700,0,1,150,0,0,0
CF,FORER,46.108056,11.158333,0,OZE,195.4,18.7,195.0,19.0,1,12000,0,0,0,0,0,0

APPTR,R01,01,FORER
IF,FORER,46.108056,11.158333, ,0.0,0.0,2,10000,0,1,200,0,1,0
TF,PB912,46.239742,11.210089,0, ,0.0,0.0,0.0,0.0,2,7000,0,1,200,0,1,0

FINAL,R01,01,R,3
IF,PB912,46.239742,11.210089, ,0.0,0.0,2,7000,0,1,200,0,0,0
TF,PB822,46.298108,11.242531,0, ,0.0,0.0,19.0,3.8,2,5600,0,1,180,0,2,0
TF,PB819,46.390533,11.294050,0, ,0.0,0.0,19.0,6.0,1,2750,0,1,180,0,3,1
CF,PB821,46.497331,11.311942,0,OZE,6.4,5.6,4.0,6.5,2,4450,0,1,160,0,0,1
CF,PB939,46.442611,11.280800,1,OZE,346.0,2.3,166.0,4.5,0,0,0,1,160,0,0,0
TF,PB936,46.393722,11.295831,0, ,0.0,0.0,0.0,0.0,0,0,0,1,160,0,0,0
TF,PB822,46.298108,11.242531,0, ,0.0,0.0,0.0,0.0,0,0,0,0,0,0,0,0
TF,PB912,46.239742,11.210089,0, ,0.0,0.0,0.0,0.0,0,0,0,1,180,0,0,0
TF,FORER,46.108056,11.158333,0, ,0.0,0.0,0.0,0.0,1,10000,0,1,200,0,0,0

