SID,LOME5L,12,2
CA,0,115.0,2,530,0,0,0,0,0,0
CA,0,100.0,2,800,0,0,0,0,0,0
CI,1, ,0.0,360.0,0,0,0,0,0,0,0,0
CF,D038J,44.664897,11.440278,0,BOA,37.8,10.0,38.0,6.0,2,4000,0,0,0,0,0,1
CF,BOA,44.537028,11.290667,1,BOA,0.0,0.0,195.0,10.0,2,6000,0,0,0,0,0,0
TF,D200L,44.351719,11.185636,0, ,0.0,0.0,0.0,0.0,2,9000,0,0,0,0,0,0
TF,LOMED,44.027222,11.003333,0, ,0.0,0.0,0.0,0.0,2,11000,0,0,0,0,0,0

SID,LOME5V,30,2
CA,0,295.0,2,530,0,0,0,0,0,0
CD, ,0,0,0,BOA,0,0.0,294.0,6.0,2,2200,0,0,0,0,0,0
DF,BOA,44.537028,11.290667,2, ,0.0,0.0,2,6000,0,0,0,0,0,0
TF,D200L,44.351719,11.185636,0, ,0.0,0.0,0.0,0.0,2,9000,0,0,0,0,0,0
TF,LOMED,44.027222,11.003333,0, ,0.0,0.0,0.0,0.0,2,11000,0,0,0,0,0,0

SID,LOME5X,12,5
CA,0,115.0,2,520,0,0,0,0,0,0
CA,0,100.0,2,800,0,0,0,0,0,0
CF,PE601,44.645731,11.417853,0,BOA,37.9,8.5,38.0,6.0,2,4000,0,1,200,0,0,1
CF,PE602,44.622092,11.273094,1,BOA,349.6,5.2,216.0,5.0,0,0,0,1,230,0,0,0
TF,PE603,44.532114,11.175978,0, ,0.0,0.0,0.0,0.0,0,0,0,0,0,0,0,0
TF,PE604,44.446086,11.083494,0, ,0.0,0.0,0.0,0.0,2,6000,0,0,0,0,0,0
TF,PE613,44.336297,11.021686,0, ,0.0,0.0,0.0,0.0,2,9000,0,0,0,0,0,0
TF,PE606,44.229792,10.961972,0, ,0.0,0.0,0.0,0.0,2,11000,0,0,0,0,0,0
TF,LOMED,44.027222,11.003333,0, ,0.0,0.0,0.0,0.0,0,0,0,0,0,0,0,0

SID,LOME5Y,12,5
CA,0,115.0,2,520,0,0,0,0,0,0
CA,0,100.0,2,800,0,0,0,0,0,0
CF,PE601,44.645731,11.417853,0,BOA,37.9,8.5,38.0,6.0,2,4000,0,1,200,0,0,1
CF,PE607,44.543619,11.448450,2,BOA,84.6,6.8,210.0,4.0,0,0,0,1,230,0,0,0
TF,PE614,44.286383,11.225561,0, ,0.0,0.0,0.0,0.0,2,11000,0,0,0,0,0,0
TF,LOMED,44.027222,11.003333,0, ,0.0,0.0,0.0,0.0,0,0,0,0,0,0,0,0

SID,LOME5Z,30,5
CF,PE611,44.580011,11.164542,0,BOA,293.5,6.0,295.0,6.0,2,2400,0,0,0,0,0,1
TF,PE612,44.624764,11.039347,0, ,0.0,0.0,0.0,0.0,2,5000,0,0,0,0,0,1
CF,PE613,44.336297,11.021686,1,BOA,221.9,16.7,170.0,15.0,2,9000,0,1,230,0,0,0
TF,PE606,44.229792,10.961972,0, ,0.0,0.0,0.0,0.0,2,11000,0,0,0,0,0,0
TF,LOMED,44.027222,11.003333,0, ,0.0,0.0,0.0,0.0,0,0,0,0,0,0,0,0

SID,LUMA5V,30,2
CA,0,295.0,2,530,0,0,0,0,0,0
CD, ,0,0,0,BOA,0,0.0,294.0,6.0,2,2200,0,0,0,0,0,0
CR,2,BOA,29.0,100.0,0,0,0,0,0,0,0,0
CF,D038N,44.716017,11.500261,0,BOA,37.8,14.0,38.0,8.0,2,5000,0,0,0,0,0,0
TF,LUMAV,44.814444,11.616389,0, ,0.0,0.0,0.0,0.0,0,0,0,0,0,0,0,0

SID,LUMA5Z,30,5
CF,PE611,44.580011,11.164542,0,BOA,293.5,6.0,295.0,6.0,2,2400,0,0,0,0,0,1
CF,PE609,44.736569,11.383403,2,BOA,16.3,12.6,63.0,10.0,2,5000,0,0,0,0,0,0
TF,LUMAV,44.814444,11.616389,0, ,0.0,0.0,0.0,0.0,0,0,0,0,0,0,0,0

SID,LUMA6X,12,5
CA,0,115.0,2,520,0,0,0,0,0,0
CA,0,100.0,2,800,0,0,0,0,0,0
CF,PE601,44.645731,11.417853,0,BOA,37.9,8.5,38.0,6.0,2,4000,0,1,200,0,0,1
TF,LUMAV,44.814444,11.616389,0, ,0.0,0.0,0.0,0.0,0,0,0,0,0,0,0,0

SID,LUMA7L,12,2
CA,0,115.0,2,530,0,0,0,0,0,0
CA,0,100.0,2,800,0,0,0,0,0,0
CI,1, ,0.0,360.0,0,0,0,0,0,0,0,0
CF,D038N,44.716017,11.500261,0,BOA,37.8,14.0,38.0,10.0,2,5000,0,0,0,0,0,0
TF,LUMAV,44.814444,11.616389,0, ,0.0,0.0,0.0,0.0,0,0,0,0,0,0,0,0

SID,LUPO6T,30,2
CA,0,295.0,2,530,0,0,0,0,0,0
CD, ,0,0,0,BOA,0,0.0,294.0,12.0,2,5000,0,0,0,0,0,0
CF,LUPOS,44.504722,10.581389,0,CHI,243.5,80.2,244.0,19.0,2,10000,0,1,230,0,0,0

SID,LUPO6V,30,2
CA,0,295.0,2,530,0,0,0,0,0,0
CD, ,0,0,0,BOA,0,0.0,294.0,6.0,2,2200,0,0,0,0,0,0
DF,BOA,44.537028,11.290667,2, ,0.0,0.0,2,6000,0,0,0,0,0,0
TF,LUPOS,44.504722,10.581389,2, ,0.0,0.0,0.0,0.0,2,10000,0,0,0,0,0,0

SID,LUPO6Z,30,5
CF,PE611,44.580011,11.164542,0,BOA,293.5,6.0,295.0,6.0,2,2400,0,0,0,0,0,1
TF,PE612,44.624764,11.039347,0, ,0.0,0.0,0.0,0.0,2,5000,0,0,0,0,0,1
VI,0, ,0.0,234.0,0,0,0,0,0,0,0,0
CF,PE366,44.511508,10.722506,0,BOA,264.6,24.4,264.0,4.0,0,0,0,1,230,0,0,0
TF,LUPOS,44.504722,10.581389,0, ,0.0,0.0,0.0,0.0,2,10000,0,0,0,0,0,0

SID,LUPO7X,12,5
CA,0,115.0,2,520,0,0,0,0,0,0
CA,0,100.0,2,800,0,0,0,0,0,0
CF,PE601,44.645731,11.417853,0,BOA,37.9,8.5,38.0,6.0,2,4000,0,1,200,0,0,1
CF,PE602,44.622092,11.273094,1,BOA,349.6,5.2,216.0,5.0,0,0,0,1,230,0,0,0
TF,PE603,44.532114,11.175978,0, ,0.0,0.0,0.0,0.0,0,0,0,0,0,0,0,0
TF,PE367,44.517969,10.860472,0, ,0.0,0.0,0.0,0.0,0,0,0,0,0,0,0,0
TF,LUPOS,44.504722,10.581389,0, ,0.0,0.0,0.0,0.0,2,10000,0,0,0,0,0,0

SID,LUPO8H,12,5
CA,0,115.0,2,520,0,0,0,0,0,0
CA,0,100.0,2,800,0,0,0,0,0,0
CF,PE601,44.645731,11.417853,0,BOA,37.9,8.5,38.0,6.0,2,4000,0,1,200,0,0,1
CF,PE607,44.543619,11.448450,2,BOA,84.6,6.8,210.0,4.0,0,0,0,1,230,0,0,0
TF,PE603,44.532114,11.175978,0, ,0.0,0.0,0.0,0.0,0,0,0,0,0,0,0,0
TF,PE367,44.517969,10.860472,0, ,0.0,0.0,0.0,0.0,0,0,0,0,0,0,0,0
TF,LUPOS,44.504722,10.581389,0, ,0.0,0.0,0.0,0.0,2,10000,0,0,0,0,0,0

SID,LUPO8L,12,2
CA,0,115.0,2,530,0,0,0,0,0,0
CA,0,100.0,2,800,0,0,0,0,0,0
CI,1, ,0.0,360.0,0,0,0,0,0,0,0,0
CF,D038J,44.664897,11.440278,0,BOA,37.8,10.0,38.0,6.0,2,4000,0,0,0,0,0,1
CF,BOA,44.537028,11.290667,1,BOA,0.0,0.0,195.0,10.0,2,6000,0,0,0,0,0,0
TF,LUPOS,44.504722,10.581389,0, ,0.0,0.0,0.0,0.0,2,10000,0,0,0,0,0,0

SID,PELE6H,12,5
CA,0,115.0,2,520,0,0,0,0,0,0
CA,0,100.0,2,800,0,0,0,0,0,0
CF,PE601,44.645731,11.417853,0,BOA,37.9,8.5,38.0,6.0,2,4000,0,1,200,0,0,1
CF,PE607,44.543619,11.448450,2,BOA,84.6,6.8,210.0,4.0,0,0,0,1,230,0,0,0
TF,PE608,44.275619,11.486053,0, ,0.0,0.0,0.0,0.0,2,16000,0,0,0,0,0,0
TF,PELEG,44.227778,11.735278,0, ,0.0,0.0,0.0,0.0,0,0,0,0,0,0,0,0

SID,PELE6L,12,2
CA,0,115.0,2,530,0,0,0,0,0,0
CA,0,100.0,2,800,0,0,0,0,0,0
CI,1, ,0.0,360.0,0,0,0,0,0,0,0,0
CF,D038J,44.664897,11.440278,0,BOA,37.8,10.0,38.0,6.0,2,4000,0,0,0,0,0,1
CF,BOA,44.537028,11.290667,1,BOA,0.0,0.0,195.0,10.0,2,6000,0,0,0,0,0,0
TF,D132S,44.316733,11.608117,0, ,0.0,0.0,0.0,0.0,2,16000,0,0,0,0,0,0
TF,PELEG,44.227778,11.735278,0, ,0.0,0.0,0.0,0.0,0,0,0,0,0,0,0,0

SID,PELE6V,30,2
CA,0,295.0,2,530,0,0,0,0,0,0
CD, ,0,0,0,BOA,0,0.0,294.0,6.0,2,2200,0,0,0,0,0,0
DF,BOA,44.537028,11.290667,2, ,0.0,0.0,2,6000,0,0,0,0,0,0
TF,D132S,44.316733,11.608117,0, ,0.0,0.0,0.0,0.0,2,16000,0,0,0,0,0,0
TF,PELEG,44.227778,11.735278,0, ,0.0,0.0,0.0,0.0,0,0,0,0,0,0,0,0

SID,PELE6X,12,5
CA,0,115.0,2,520,0,0,0,0,0,0
CA,0,100.0,2,800,0,0,0,0,0,0
CF,PE601,44.645731,11.417853,0,BOA,37.9,8.5,38.0,6.0,2,4000,0,1,200,0,0,1
CF,PE602,44.622092,11.273094,1,BOA,349.6,5.2,216.0,5.0,0,0,0,1,230,0,0,0
TF,PE603,44.532114,11.175978,0, ,0.0,0.0,0.0,0.0,0,0,0,0,0,0,0,0
TF,PE604,44.446086,11.083494,0, ,0.0,0.0,0.0,0.0,2,6000,0,0,0,0,0,0
TF,PE614,44.286383,11.225561,0, ,0.0,0.0,0.0,0.0,2,8000,0,0,0,0,0,0
TF,PE608,44.275619,11.486053,0, ,0.0,0.0,0.0,0.0,2,8000,0,0,0,0,0,0
TF,PELEG,44.227778,11.735278,0, ,0.0,0.0,0.0,0.0,0,0,0,0,0,0,0,0

SID,PELE6Z,30,5
CF,PE611,44.580011,11.164542,0,BOA,293.5,6.0,295.0,6.0,2,2400,0,0,0,0,0,1
DF,PE604,44.446086,11.083494,1, ,0.0,0.0,2,6000,0,0,0,0,0,0
TF,PE614,44.286383,11.225561,0, ,0.0,0.0,0.0,0.0,2,11000,0,0,0,0,0,0
TF,PE608,44.275619,11.486053,0, ,0.0,0.0,0.0,0.0,2,16000,0,0,0,0,0,0
TF,PELEG,44.227778,11.735278,0, ,0.0,0.0,0.0,0.0,0,0,0,0,0,0,0,0

STAR,BAME1S,30,2
IF,BAMEK,44.905278,11.289444, ,0.0,0.0,0,0,0,0,0,0,0,0
TF,D354R,44.832231,11.258931,0, ,0.0,0.0,0.0,0.0,0,0,0,0,0,0,0,0
CI,0, ,0.0,195.0,0,0,0,0,0,0,0,0
AF,D109O,44.446944,11.616611,2,BOA,109.0,15.0,351.0,0,0,0,0,0,0,0,0
CF,D115M,44.436808,11.561353,0,BOA,115.3,13.1,295.0,2.0,0,0,0,1,210,0,0,0
TF,ABLEX,44.460000,11.497500,0, ,0.0,0.0,0.0,0.0,0,0,0,0,0,0,0,0

STAR,BAME2W,30,5
IF,BAMEK,44.905278,11.289444, ,0.0,0.0,0,0,0,0,0,0,0,0
TF,KREVA,44.774444,11.235000,0, ,0.0,0.0,0.0,0.0,0,0,0,0,0,0,0,0
TF,PE432,44.680556,11.195944,0, ,0.0,0.0,0.0,0.0,0,0,0,0,0,0,0,0
TF,PE431,44.644306,11.296806,0, ,0.0,0.0,0.0,0.0,0,0,0,0,0,0,0,0
TF,PE461,44.583806,11.463139,0, ,0.0,0.0,0.0,0.0,0,0,0,1,230,0,0,0
TF,PE463,44.518278,11.645778,0, ,0.0,0.0,0.0,0.0,0,0,0,1,230,0,0,0
TF,IBNEL,44.429167,11.582500,0, ,0.0,0.0,0.0,0.0,0,0,0,1,210,0,0,0
TF,ABLEX,44.460000,11.497500,0, ,0.0,0.0,0.0,0.0,0,0,0,1,210,0,0,0

STAR,BAME3M,12,5
IF,BAMEK,44.905278,11.289444, ,0.0,0.0,0,0,0,0,0,0,0,0
TF,KREVA,44.774444,11.235000,0, ,0.0,0.0,0.0,0.0,0,0,0,0,0,0,0,0
TF,PE432,44.680556,11.195944,0, ,0.0,0.0,0.0,0.0,0,0,0,1,230,0,0,0
TF,PE433,44.714167,11.102139,0, ,0.0,0.0,0.0,0.0,0,0,0,1,230,0,0,0
TF,PE434,44.744944,11.019250,0, ,0.0,0.0,0.0,0.0,0,0,0,1,230,0,0,0
TF,PE421,44.654500,10.955861,0, ,0.0,0.0,0.0,0.0,0,0,0,1,210,0,0,0
TF,EMDUD,44.617222,11.060278,0, ,0.0,0.0,0.0,0.0,0,0,0,1,200,0,0,0

STAR,BAME5N,12,2
IF,BAMEK,44.905278,11.289444, ,0.0,0.0,0,0,0,0,0,0,0,0
TF,KREVA,44.774444,11.235000,0, ,0.0,0.0,0.0,0.0,0,0,0,0,0,0,0,0
CI,0, ,0.0,195.0,0,0,0,0,0,0,0,0
AF,D310L,44.670658,11.082389,1,BOA,310.0,12.0,343.0,0,0,0,0,0,0,0,0
CF,EMDUD,44.617222,11.060278,0,BOA,294.1,11.0,114.0,1.0,0,0,0,0,0,0,0,0

STAR,BENU1S,30,2
IF,BENUS,44.906944,11.203611, ,0.0,0.0,0,0,0,0,0,0,0,0
TF,D349R,44.824681,11.223089,0, ,0.0,0.0,0.0,0.0,0,0,0,0,0,0,0,0
CI,0, ,0.0,169.0,0,0,0,0,0,0,0,0
AF,D109O,44.446944,11.616611,2,BOA,109.0,15.0,349.0,0,0,0,0,0,0,0,0
CF,D115M,44.436808,11.561353,0,BOA,115.3,13.1,295.0,2.0,0,0,0,1,210,0,0,0
TF,ABLEX,44.460000,11.497500,0, ,0.0,0.0,0.0,0.0,0,0,0,0,0,0,0,0

STAR,BENU2M,12,5
IF,BENUS,44.906944,11.203611, ,0.0,0.0,0,0,0,0,0,0,0,0
TF,KREVA,44.774444,11.235000,0, ,0.0,0.0,0.0,0.0,0,0,0,0,0,0,0,0
TF,PE432,44.680556,11.195944,0, ,0.0,0.0,0.0,0.0,0,0,0,1,230,0,0,0
TF,PE433,44.714167,11.102139,0, ,0.0,0.0,0.0,0.0,0,0,0,1,230,0,0,0
TF,PE434,44.744944,11.019250,0, ,0.0,0.0,0.0,0.0,0,0,0,1,230,0,0,0
TF,PE421,44.654500,10.955861,0, ,0.0,0.0,0.0,0.0,0,0,0,1,210,0,0,0
TF,EMDUD,44.617222,11.060278,0, ,0.0,0.0,0.0,0.0,0,0,0,1,200,0,0,0

STAR,BENU2W,30,5
IF,BENUS,44.906944,11.203611, ,0.0,0.0,0,0,0,0,0,0,0,0
TF,KREVA,44.774444,11.235000,0, ,0.0,0.0,0.0,0.0,0,0,0,0,0,0,0,0
TF,PE432,44.680556,11.195944,0, ,0.0,0.0,0.0,0.0,0,0,0,0,0,0,0,0
TF,PE431,44.644306,11.296806,0, ,0.0,0.0,0.0,0.0,0,0,0,0,0,0,0,0
TF,PE461,44.583806,11.463139,0, ,0.0,0.0,0.0,0.0,0,0,0,1,230,0,0,0
TF,PE463,44.518278,11.645778,0, ,0.0,0.0,0.0,0.0,0,0,0,1,230,0,0,0
TF,IBNEL,44.429167,11.582500,0, ,0.0,0.0,0.0,0.0,0,0,0,1,210,0,0,0
TF,ABLEX,44.460000,11.497500,0, ,0.0,0.0,0.0,0.0,0,0,0,1,210,0,0,0

STAR,BENU5N,12,2
IF,BENUS,44.906944,11.203611, ,0.0,0.0,0,0,0,0,0,0,0,0
TF,KREVA,44.774444,11.235000,0, ,0.0,0.0,0.0,0.0,0,0,0,0,0,0,0,0
CI,0, ,0.0,169.0,0,0,0,0,0,0,0,0
AF,D310L,44.670658,11.082389,1,BOA,310.0,12.0,349.0,0,0,0,0,0,0,0,0
CF,EMDUD,44.617222,11.060278,0,BOA,294.1,11.0,114.0,1.0,0,0,0,0,0,0,0,0

STAR,LOME1R,ALL,2
IF,LOMED,44.027222,11.003333, ,0.0,0.0,0,0,0,0,0,0,0,0
TF,D200R,44.259042,11.133367,0, ,0.0,0.0,0.0,0.0,0,0,0,0,0,0,0,0
TF,BOA,44.537028,11.290667,0, ,0.0,0.0,0.0,0.0,0,0,0,0,0,0,0,0

STAR,LOME1S,30,2
IF,LOMED,44.027222,11.003333, ,0.0,0.0,0,0,0,0,0,0,0,0
TF,D200R,44.259042,11.133367,0, ,0.0,0.0,0.0,0.0,0,0,0,0,0,0,0,0
CI,0, ,0.0,20.0,0,0,0,0,0,0,0,0
AF,D143O,44.332064,11.490447,1,BOA,143.0,15.0,200.0,0,0,0,0,0,0,0,0
AF,D128O,44.376031,11.557678,1,BOA,128.0,15.0,143.0,0,0,0,0,0,0,0,0
CF,D115M,44.436808,11.561353,0,BOA,115.3,13.1,295.0,2.0,0,0,0,1,210,0,0,0
TF,ABLEX,44.460000,11.497500,0, ,0.0,0.0,0.0,0.0,0,0,0,0,0,0,0,0

STAR,LOME2M,12,5
IF,LOMED,44.027222,11.003333, ,0.0,0.0,0,0,0,0,0,0,0,0
TF,PE441,44.177083,11.087333,0, ,0.0,0.0,0.0,0.0,0,0,0,0,0,0,0,0
TF,PE442,44.345472,11.182194,0, ,0.0,0.0,0.0,0.0,0,0,0,0,0,0,0,0
TF,ELVEB,44.441111,11.236389,0, ,0.0,0.0,0.0,0.0,0,0,0,0,0,0,0,0
TF,PE419,44.488222,11.108278,0, ,0.0,0.0,0.0,0.0,0,0,0,1,230,0,0,0
TF,PE414,44.535306,10.976778,0, ,0.0,0.0,0.0,0.0,0,0,0,1,230,0,0,0
TF,PE416,44.565000,10.893389,0, ,0.0,0.0,0.0,0.0,0,0,0,1,230,0,0,0
TF,PE421,44.654500,10.955861,0, ,0.0,0.0,0.0,0.0,0,0,0,1,210,0,0,0
TF,EMDUD,44.617222,11.060278,0, ,0.0,0.0,0.0,0.0,0,0,0,1,200,0,0,0

STAR,LOME2N,12,2
IF,LOMED,44.027222,11.003333, ,0.0,0.0,0,0,0,0,0,0,0,0
TF,D200R,44.259042,11.133367,0, ,0.0,0.0,0.0,0.0,0,0,0,0,0,0,0,0
CI,0, ,0.0,20.0,0,0,0,0,0,0,0,0
AF,D236O,44.404114,10.994956,2,BOA,236.0,15.0,200.0,0,0,0,0,0,0,0,0
AF,D280O,44.588503,10.948469,2,BOA,280.0,15.0,236.0,0,0,0,0,0,0,0,0
CF,EMDUD,44.617222,11.060278,0,BOA,294.1,11.0,114.0,4.0,0,0,0,0,0,0,0,0

STAR,LOME2W,30,5
IF,LOMED,44.027222,11.003333, ,0.0,0.0,0,0,0,0,0,0,0,0
TF,PE441,44.177083,11.087333,0, ,0.0,0.0,0.0,0.0,0,0,0,0,0,0,0,0
TF,PE442,44.345472,11.182194,0, ,0.0,0.0,0.0,0.0,0,0,0,0,0,0,0,0
TF,ELVEB,44.441111,11.236389,0, ,0.0,0.0,0.0,0.0,0,0,0,1,230,0,0,0
TF,PE411,44.402722,11.344361,0, ,0.0,0.0,0.0,0.0,0,0,0,1,230,0,0,0
TF,PE473,44.340000,11.519278,0, ,0.0,0.0,0.0,0.0,0,0,0,1,230,0,0,0
TF,IBNEL,44.429167,11.582500,0, ,0.0,0.0,0.0,0.0,0,0,0,1,210,0,0,0
TF,ABLEX,44.460000,11.497500,0, ,0.0,0.0,0.0,0.0,0,0,0,1,210,0,0,0

STAR,LUMA2M,12,5
IF,LUMAV,44.814444,11.616389, ,0.0,0.0,0,0,0,0,0,0,0,0
TF,PE436,44.788917,11.370528,0, ,0.0,0.0,0.0,0.0,0,0,0,0,0,0,0,0
TF,PE431,44.644306,11.296806,0, ,0.0,0.0,0.0,0.0,0,0,0,1,230,0,0,0
TF,PE432,44.680556,11.195944,0, ,0.0,0.0,0.0,0.0,0,0,0,1,230,0,0,0
TF,PE433,44.714167,11.102139,0, ,0.0,0.0,0.0,0.0,0,0,0,1,230,0,0,0
TF,PE434,44.744944,11.019250,0, ,0.0,0.0,0.0,0.0,0,0,0,1,230,0,0,0
TF,PE421,44.654500,10.955861,0, ,0.0,0.0,0.0,0.0,0,0,0,1,210,0,0,0
TF,EMDUD,44.617222,11.060278,0, ,0.0,0.0,0.0,0.0,0,0,0,1,200,0,0,0

STAR,LUMA2W,30,5
IF,LUMAV,44.814444,11.616389, ,0.0,0.0,0,0,0,0,0,0,0,0
TF,PE437,44.721111,11.337167,0, ,0.0,0.0,0.0,0.0,0,0,0,0,0,0,0,0
TF,PE431,44.644306,11.296806,0, ,0.0,0.0,0.0,0.0,0,0,0,0,0,0,0,0
TF,PE461,44.583806,11.463139,0, ,0.0,0.0,0.0,0.0,0,0,0,1,230,0,0,0
TF,PE463,44.518278,11.645778,0, ,0.0,0.0,0.0,0.0,0,0,0,1,230,0,0,0
TF,IBNEL,44.429167,11.582500,0, ,0.0,0.0,0.0,0.0,0,0,0,1,210,0,0,0
TF,ABLEX,44.460000,11.497500,0, ,0.0,0.0,0.0,0.0,0,0,0,1,210,0,0,0

STAR,LUMA3N,12,2
IF,LUMAV,44.814444,11.616389, ,0.0,0.0,0,0,0,0,0,0,0,0
TF,D038N,44.716017,11.500261,0, ,0.0,0.0,0.0,0.0,0,0,0,0,0,0,0,0
CI,0, ,0.0,218.0,0,0,0,0,0,0,0,0
AF,D310L,44.670658,11.082389,1,BOA,310.0,12.0,38.0,0,0,0,0,0,0,0,0
CF,EMDUD,44.617222,11.060278,0,BOA,294.1,11.0,114.0,1.0,0,0,0,0,0,0,0,0

STAR,LUMA4S,30,2
IF,LUMAV,44.814444,11.616389, ,0.0,0.0,0,0,0,0,0,0,0,0
TF,D038R,44.767069,11.560381,0, ,0.0,0.0,0.0,0.0,0,0,0,0,0,0,0,1
DF,D060O,44.653986,11.599892,0, ,0.0,0.0,0,0,0,0,0,0,0,0
AF,D109O,44.446944,11.616611,2,BOA,109.0,15.0,60.0,0,0,0,0,0,0,0,0
CF,D115M,44.436808,11.561353,0,BOA,115.3,13.1,295.0,2.0,0,0,0,1,210,0,0,0
TF,ABLEX,44.460000,11.497500,0, ,0.0,0.0,0.0,0.0,0,0,0,0,0,0,0,0

STAR,MIVB1N,12,2
IF,MIVBO,44.691389,11.535556, ,0.0,0.0,0,0,0,0,0,0,0,0
CF,D027L,44.712033,11.426217,1,BOA,26.9,12.0,226.0,2.0,0,0,0,0,0,0,0,1
AF,D310L,44.670658,11.082389,1,BOA,310.0,12.0,27.0,0,0,0,0,0,0,0,0
CF,EMDUD,44.617222,11.060278,0,BOA,294.1,11.0,114.0,1.0,0,0,0,0,0,0,0,0

STAR,MIVB1S,30,2
IF,MIVBO,44.691389,11.535556, ,0.0,0.0,0,0,0,0,0,0,0,0
CI,0, ,0.0,46.0,0,0,0,0,0,0,0,0
AF,D109O,44.446944,11.616611,2,BOA,109.0,15.0,46.0,0,0,0,0,0,0,0,0
CF,D115M,44.436808,11.561353,0,BOA,115.3,13.1,295.0,2.0,0,0,0,1,210,0,0,0
TF,ABLEX,44.460000,11.497500,0, ,0.0,0.0,0.0,0.0,0,0,0,0,0,0,0,0

STAR,NIGS1R,ALL,2
IF,NIGSO,44.393056,10.711111, ,0.0,0.0,0,0,0,0,0,0,0,0
TF,D249R,44.439025,10.894572,0, ,0.0,0.0,0.0,0.0,0,0,0,0,0,0,0,0
TF,BOA,44.537028,11.290667,0, ,0.0,0.0,0.0,0.0,0,0,0,0,0,0,0,0

STAR,NIGS1S,30,2
IF,NIGSO,44.393056,10.711111, ,0.0,0.0,0,0,0,0,0,0,0,0
TF,D249R,44.439025,10.894572,0, ,0.0,0.0,0.0,0.0,0,0,0,0,0,0,0,0
CI,0, ,0.0,69.0,0,0,0,0,0,0,0,0
AF,D143O,44.332064,11.490447,1,BOA,143.0,15.0,249.0,0,0,0,0,0,0,0,0
AF,D128O,44.376031,11.557678,1,BOA,128.0,15.0,143.0,0,0,0,0,0,0,0,0
CF,D115M,44.436808,11.561353,0,BOA,115.3,13.1,295.0,2.0,0,0,0,1,210,0,0,0
TF,ABLEX,44.460000,11.497500,0, ,0.0,0.0,0.0,0.0,0,0,0,0,0,0,0,0

STAR,NIGS2N,12,2
IF,NIGSO,44.393056,10.711111, ,0.0,0.0,0,0,0,0,0,0,0,0
TF,D249R,44.439025,10.894572,0, ,0.0,0.0,0.0,0.0,0,0,0,0,0,0,0,1
CI,0, ,0.0,69.0,0,0,0,0,0,0,0,0
AF,D280O,44.588503,10.948469,2,BOA,280.0,15.0,249.0,0,0,0,0,0,0,0,0
CF,EMDUD,44.617222,11.060278,0,BOA,294.1,11.0,114.0,4.0,0,0,0,0,0,0,0,0

STAR,NIGS2W,30,5
IF,NIGSO,44.393056,10.711111, ,0.0,0.0,0,0,0,0,0,0,0,0
TF,PE419,44.488222,11.108278,0, ,0.0,0.0,0.0,0.0,0,0,0,0,0,0,0,0
TF,ELVEB,44.441111,11.236389,0, ,0.0,0.0,0.0,0.0,0,0,0,1,230,0,0,0
TF,PE411,44.402722,11.344361,0, ,0.0,0.0,0.0,0.0,0,0,0,1,230,0,0,0
TF,PE473,44.340000,11.519278,0, ,0.0,0.0,0.0,0.0,0,0,0,1,230,0,0,0
TF,IBNEL,44.429167,11.582500,0, ,0.0,0.0,0.0,0.0,0,0,0,1,210,0,0,0
TF,ABLEX,44.460000,11.497500,0, ,0.0,0.0,0.0,0.0,0,0,0,1,210,0,0,0

STAR,NIGS3M,12,5
IF,NIGSO,44.393056,10.711111, ,0.0,0.0,0,0,0,0,0,0,0,0
TF,LARUD,44.404444,10.891944,0, ,0.0,0.0,0.0,0.0,0,0,0,0,0,0,0,0
TF,PE414,44.535306,10.976778,0, ,0.0,0.0,0.0,0.0,0,0,0,1,230,0,0,0
TF,PE416,44.565000,10.893389,0, ,0.0,0.0,0.0,0.0,0,0,0,1,230,0,0,0
TF,PE421,44.654500,10.955861,0, ,0.0,0.0,0.0,0.0,0,0,0,1,210,0,0,0
TF,EMDUD,44.617222,11.060278,0, ,0.0,0.0,0.0,0.0,0,0,0,1,200,0,0,0

STAR,PELE3F,12,5
IF,PELEG,44.227778,11.735278, ,0.0,0.0,0,0,0,0,0,0,0,0
TF,PE388,44.311361,11.615833,0, ,0.0,0.0,0.0,0.0,0,0,0,0,0,0,0,0
TF,PE431,44.644306,11.296806,0, ,0.0,0.0,0.0,0.0,0,0,0,1,230,0,0,0
TF,PE432,44.680556,11.195944,0, ,0.0,0.0,0.0,0.0,0,0,0,1,230,0,0,0
TF,PE433,44.714167,11.102139,0, ,0.0,0.0,0.0,0.0,0,0,0,1,230,0,0,0
TF,PE434,44.744944,11.019250,0, ,0.0,0.0,0.0,0.0,0,0,0,1,230,0,0,0
TF,PE421,44.654500,10.955861,0, ,0.0,0.0,0.0,0.0,0,0,0,1,210,0,0,0
TF,EMDUD,44.617222,11.060278,0, ,0.0,0.0,0.0,0.0,0,0,0,1,200,0,0,0

STAR,PELE4M,12,5
IF,PELEG,44.227778,11.735278, ,0.0,0.0,0,0,0,0,0,0,0,0
TF,PE388,44.311361,11.615833,0, ,0.0,0.0,0.0,0.0,0,0,0,0,0,0,0,0
TF,PE411,44.402722,11.344361,0, ,0.0,0.0,0.0,0.0,0,0,0,0,0,0,0,0
TF,ELVEB,44.441111,11.236389,0, ,0.0,0.0,0.0,0.0,0,0,0,0,0,0,0,0
TF,PE419,44.488222,11.108278,0, ,0.0,0.0,0.0,0.0,0,0,0,1,230,0,0,0
TF,PE414,44.535306,10.976778,0, ,0.0,0.0,0.0,0.0,0,0,0,1,230,0,0,0
TF,PE416,44.565000,10.893389,0, ,0.0,0.0,0.0,0.0,0,0,0,1,230,0,0,0
TF,PE421,44.654500,10.955861,0, ,0.0,0.0,0.0,0.0,0,0,0,1,210,0,0,0
TF,EMDUD,44.617222,11.060278,0, ,0.0,0.0,0.0,0.0,0,0,0,1,200,0,0,0

STAR,PELE4R,ALL,2
IF,PELEG,44.227778,11.735278, ,0.0,0.0,0,0,0,0,0,0,0,0
TF,D132T,44.311347,11.615833,0, ,0.0,0.0,0.0,0.0,0,0,0,0,0,0,0,0
TF,D132O,44.363183,11.541483,0, ,0.0,0.0,0.0,0.0,0,0,0,0,0,0,0,0
TF,D132F,44.467556,11.391172,0, ,0.0,0.0,0.0,0.0,0,0,0,0,0,0,0,0
TF,BOA,44.537028,11.290667,0, ,0.0,0.0,0.0,0.0,0,0,0,0,0,0,0,0

STAR,PELE4W,30,5
IF,PELEG,44.227778,11.735278, ,0.0,0.0,0,0,0,0,0,0,0,0
TF,PE388,44.311361,11.615833,0, ,0.0,0.0,0.0,0.0,0,0,0,0,0,0,0,0
TF,PE476,44.253417,11.448361,0, ,0.0,0.0,0.0,0.0,0,0,0,0,0,0,0,0
TF,PE474,44.305278,11.298694,0, ,0.0,0.0,0.0,0.0,0,0,0,0,0,0,0,0
TF,PE442,44.345472,11.182194,0, ,0.0,0.0,0.0,0.0,0,0,0,0,0,0,0,0
TF,ELVEB,44.441111,11.236389,0, ,0.0,0.0,0.0,0.0,0,0,0,1,230,0,0,0
TF,PE411,44.402722,11.344361,0, ,0.0,0.0,0.0,0.0,0,0,0,1,230,0,0,0
TF,PE473,44.340000,11.519278,0, ,0.0,0.0,0.0,0.0,0,0,0,1,230,0,0,0
TF,IBNEL,44.429167,11.582500,0, ,0.0,0.0,0.0,0.0,0,0,0,1,210,0,0,0
TF,ABLEX,44.460000,11.497500,0, ,0.0,0.0,0.0,0.0,0,0,0,1,210,0,0,0

STAR,PELE5N,12,2
IF,PELEG,44.227778,11.735278, ,0.0,0.0,0,0,0,0,0,0,0,0
TF,D132T,44.311347,11.615833,0, ,0.0,0.0,0.0,0.0,0,0,0,0,0,0,0,0
CI,0, ,0.0,312.0,0,0,0,0,0,0,0,0
AF,D143O,44.332064,11.490447,2,BOA,143.0,15.0,132.0,0,0,0,0,0,0,0,0
AF,D236O,44.404114,10.994956,2,BOA,236.0,15.0,143.0,0,0,0,0,0,0,0,0
AF,D280O,44.588503,10.948469,2,BOA,280.0,15.0,236.0,0,0,0,0,0,0,0,0
CF,EMDUD,44.617222,11.060278,0,BOA,294.1,11.0,114.0,4.0,0,0,0,0,0,0,0,0

STAR,RIPD1R,ALL,2
IF,RIPDU,44.622500,10.475000, ,0.0,0.0,0,0,0,0,0,0,0,0
TF,D276Y,44.598072,10.714100,0, ,0.0,0.0,0.0,0.0,0,0,0,0,0,0,0,0
TF,BOA,44.537028,11.290667,0, ,0.0,0.0,0.0,0.0,0,0,0,0,0,0,0,0

STAR,RIPD2M,12,5
IF,RIPDU,44.622500,10.475000, ,0.0,0.0,0,0,0,0,0,0,0,0
TF,ABTIM,44.625000,10.615556,0, ,0.0,0.0,0.0,0.0,0,0,0,0,0,0,0,0
TF,PE417,44.602111,10.788972,0, ,0.0,0.0,0.0,0.0,0,0,0,0,0,0,0,0
TF,ROXOK,44.691667,10.851389,0, ,0.0,0.0,0.0,0.0,0,0,0,1,230,0,0,0
TF,PE421,44.654500,10.955861,0, ,0.0,0.0,0.0,0.0,0,0,0,1,210,0,0,0
TF,EMDUD,44.617222,11.060278,0, ,0.0,0.0,0.0,0.0,0,0,0,1,200,0,0,0

STAR,RIPD2N,12,2
IF,RIPDU,44.622500,10.475000, ,0.0,0.0,0,0,0,0,0,0,0,0
TF,D276Y,44.598072,10.714100,0, ,0.0,0.0,0.0,0.0,0,0,0,0,0,0,0,0
TF,D294P,44.653431,10.954897,0, ,0.0,0.0,0.0,0.0,0,0,0,0,0,0,0,0
TF,EMDUD,44.617222,11.060278,0, ,0.0,0.0,0.0,0.0,0,0,0,0,0,0,0,0

STAR,RIPD2W,30,5
IF,RIPDU,44.622500,10.475000, ,0.0,0.0,0,0,0,0,0,0,0,0
TF,ABTIM,44.625000,10.615556,0, ,0.0,0.0,0.0,0.0,0,0,0,0,0,0,0,0
TF,PE417,44.602111,10.788972,0, ,0.0,0.0,0.0,0.0,0,0,0,0,0,0,0,0
TF,PE416,44.565000,10.893389,0, ,0.0,0.0,0.0,0.0,0,0,0,0,0,0,0,0
TF,PE419,44.488222,11.108278,0, ,0.0,0.0,0.0,0.0,0,0,0,0,0,0,0,0
TF,ELVEB,44.441111,11.236389,0, ,0.0,0.0,0.0,0.0,0,0,0,1,230,0,0,0
TF,PE411,44.402722,11.344361,0, ,0.0,0.0,0.0,0.0,0,0,0,1,230,0,0,0
TF,PE473,44.340000,11.519278,0, ,0.0,0.0,0.0,0.0,0,0,0,1,230,0,0,0
TF,IBNEL,44.429167,11.582500,0, ,0.0,0.0,0.0,0.0,0,0,0,1,210,0,0,0
TF,ABLEX,44.460000,11.497500,0, ,0.0,0.0,0.0,0.0,0,0,0,1,210,0,0,0

FINAL,D12,12,D,4
IF,EMDUD,44.617222,11.060278,BOA,294.1,11.0,2,2500,0,0,0,0,0,0
CF,ADOLO,44.595000,11.122778,0,BOA,293.8,8.0,114.0,3.0,2,2500,0,0,0,0,2,0
CF,30VOR,44.558928,11.227811,0,BOA,294.0,3.0,114.0,5.0,2,910,0,0,0,0,0,0
CF,MD12,44.551631,11.248767,0,BOA,294.0,2.0,114.0,1.0,1,607,0,0,0,0,3,0
CF,D114A,44.529719,11.311606,0,BOA,114.0,0.0,114.0,3.0,0,0,0,0,0,0,0,1
VI,1, ,0.0,16.0,0,0,0,1,200,0,0,0
CF,MIVBO,44.691389,11.535556,0,BOA,46.5,14.0,46.0,11.0,1,4000,0,0,0,0,0,1
HM,MIVBO,44.691389,11.535556,1, ,0.0,0.0,46.0,03.2,2,4000,0,1,200,0,0,0,0

APPTR,D30-Y,30,BOA1
IF,BOA,44.537028,11.290667, ,0.0,0.0,2,5000,0,0,0,0,0,0
FD,BOA,44.537028,11.290667,0,BOA,0.0,10.0,99.0,10.0,2,3000,0,1,220,0,0,0
CF,CD30Y,44.448536,11.487978,2,BOA,120.0,10.0,300.0,1.0,2,3000,0,0,0,0,1,0

APPTR,D30-Y,30,BOA2
IF,BOA,44.537028,11.290667, ,0.0,0.0,2,5000,0,0,0,0,0,0
FD,BOA,44.537028,11.290667,0,BOA,0.0,10.0,110.0,10.0,2,3000,0,1,140,0,0,0
CF,CD30Y,44.448536,11.487978,2,BOA,120.0,10.0,300.0,1.0,2,3000,0,0,0,0,1,0

FINAL,D30-Y,30,D,5
IF,CD30Y,44.448536,11.487978,BOA,120.0,10.0,2,3000,0,0,0,0,0,0
CF,FD30Y,44.465328,11.450656,0,BOA,120.0,8.1,300.0,1.9,2,3000,0,0,0,0,2,0
CF,60VOR,44.483972,11.409125,0,BOA,120.0,6.0,300.0,2.1,2,2210,0,0,0,0,0,0
CF,30VO2,44.510517,11.349922,0,BOA,120.0,3.0,300.0,3.0,2,1100,0,0,0,0,0,0
CF,MD30Y,44.528192,11.310422,0,BOA,120.0,0.0,300.0,2.0,1,354,0,0,0,0,3,0
CF,D300C,44.559094,11.241244,0,BOA,300.0,2.5,300.0,3.5,0,0,0,0,0,0,0,1
VI,2, ,0.0,76.0,0,0,0,1,220,0,0,0
CF,MIVBO,44.691389,11.535556,0,BOA,46.5,14.0,46.0,7.0,1,4000,0,0,0,0,0,1
HM,MIVBO,44.691389,11.535556,1, ,0.0,0.0,46.0,03.2,2,4000,0,1,200,0,0,0,0

FINAL,D30-Z,30,D,5
IF,ABLEX,44.460000,11.497500,BOA,115.4,10.0,2,3000,0,0,0,0,0,0
CF,FD30Z,44.475614,11.458661,0,BOA,115.0,8.1,295.0,1.9,2,3000,0,0,0,0,2,0
CF,60VO2,44.491561,11.415142,0,BOA,115.0,6.0,295.0,2.1,2,2210,0,0,0,0,0,0
CF,30VO3,44.514311,11.352928,0,BOA,115.0,3.0,295.0,3.0,2,1100,0,0,0,0,0,0
CF,MD30Z,44.529458,11.311425,0,BOA,115.0,0.0,295.0,2.0,1,357,0,0,0,0,3,0
CF,D295C,44.555931,11.238744,0,BOA,295.0,2.5,295.0,3.5,0,0,0,0,0,0,0,1
VI,2, ,0.0,76.0,0,0,0,1,220,0,0,0
CF,MIVBO,44.691389,11.535556,0,BOA,46.5,14.0,46.0,7.0,1,4000,0,0,0,0,0,1
HM,MIVBO,44.691389,11.535556,1, ,0.0,0.0,46.0,03.2,2,4000,0,1,200,0,0,0,0

APPTR,I12-Y,12,BOA1
IF,BOA,44.537028,11.290667, ,0.0,0.0,2,5000,0,0,0,0,0,0
FC,BOA,44.537028,11.290667,0,BOA,0.0,0.0,307.0,10.5,2,2500,0,1,180,0,0,1
CF,CF12,44.594639,11.123639,1,IBLN,294.7,8.8,115.0,4.0,2,2500,0,0,0,0,0,0

APPTR,I12-Y,12,BOA2
IF,BOA,44.537028,11.290667, ,0.0,0.0,2,5000,0,0,0,0,0,0
FC,BOA,44.537028,11.290667,0,BOA,0.0,0.0,305.0,8.2,2,2500,0,1,140,0,0,1
CF,CF12,44.594639,11.123639,1,IBLN,294.7,8.8,115.0,2.0,2,2500,0,0,0,0,0,0

APPTR,I12-Y,12,BOA3
FC,BOA,44.537028,11.290667,0,BOA,0.0,0.0,86.0,3.0,2,5000,0,1,180,0,0,1
CF,BOA,44.537028,11.290667,2,BOA,0.0,0.0,307.0,3.0,2,5000,0,0,0,0,0,0
FC,BOA,44.537028,11.290667,0,BOA,0.0,0.0,307.0,10.5,2,2500,0,0,0,0,0,1
CF,CF12,44.594639,11.123639,1,IBLN,294.7,8.8,115.0,5.0,2,2500,0,0,0,0,0,0

APPTR,I12-Y,12,BOA4
FC,BOA,44.537028,11.290667,0,BOA,0.0,0.0,86.0,3.0,2,5000,0,1,180,0,0,1
CF,BOA,44.537028,11.290667,2,BOA,0.0,0.0,307.0,3.0,2,5000,0,0,0,0,0,0
FC,BOA,44.537028,11.290667,0,BOA,0.0,0.0,305.0,8.2,2,2500,0,1,140,0,0,1
CF,CF12,44.594639,11.123639,1,IBLN,294.7,8.8,115.0,2.0,2,2500,0,0,0,0,0,0

APPTR,I12-Y,12,BOA5
HF,BOA,44.537028,11.290667,1, ,0.0,0.0,115.0,04.3,2,5000,0,1,200,0,1,0,0
FC,BOA,44.537028,11.290667,0,BOA,0.0,0.0,86.0,3.0,2,5000,0,1,180,0,0,1
CF,BOA,44.537028,11.290667,2,BOA,0.0,0.0,307.0,3.0,2,5000,0,0,0,0,0,0
FC,BOA,44.537028,11.290667,0,BOA,0.0,0.0,307.0,10.5,2,2500,0,0,0,0,0,1
CF,CF12,44.594639,11.123639,1,IBLN,294.7,8.8,115.0,5.0,2,2500,0,0,0,0,0,0

APPTR,I12-Y,12,BOA6
HF,BOA,44.537028,11.290667,1, ,0.0,0.0,115.0,04.3,2,5000,0,1,200,0,1,0,0
FC,BOA,44.537028,11.290667,0,BOA,0.0,0.0,86.0,3.0,2,5000,0,1,180,0,0,1
CF,BOA,44.537028,11.290667,2,BOA,0.0,0.0,307.0,3.0,2,5000,0,0,0,0,0,0
FC,BOA,44.537028,11.290667,0,BOA,0.0,0.0,305.0,8.2,2,2500,0,1,140,0,0,1
CF,CF12,44.594639,11.123639,1,IBLN,294.7,8.8,115.0,2.0,2,2500,0,0,0,0,0,0

FINAL,I12-Y,12,I,3
IF,CF12,44.594639,11.123639,IBLN,294.7,8.8,2,2500,0,0,0,0,0,0
CF,FF12,44.567236,11.200153,0,IBLN,294.7,5.1,115.0,3.7,1,1335,0,0,0,0,2,0
CF,RW12,44.540003,11.275986,0,IBLN,294.7,1.4,115.0,3.6,1,174,0,0,0,0,3,0
CF,D115A,44.527342,11.311161,0,BOA,121.5,1.1,115.0,1.7,2,500,0,0,0,0,0,1
VI,1, ,0.0,16.0,0,0,0,1,200,0,0,0
CF,MIVBO,44.691389,11.535556,0,BOA,46.5,14.0,46.0,11.0,1,4000,0,0,0,0,0,1
HM,MIVBO,44.691389,11.535556,1, ,0.0,0.0,46.0,03.2,2,4000,0,1,200,0,0,0,0

FINAL,I12-Z,12,I,3
IF,EMDUD,44.617222,11.060278,IBLN,294.7,11.8,2,2500,0,0,0,0,0,0
CF,ADOLO,44.595000,11.122778,0,IBLN,294.7,8.8,115.0,3.0,1,2500,0,0,0,0,2,0
CF,RW12,44.540003,11.275986,0,IBLN,294.7,1.4,115.0,7.4,1,174,0,0,0,0,3,0
CF,D115A,44.527342,11.311161,0,BOA,121.5,1.1,115.0,1.7,2,500,0,0,0,0,0,1
VI,1, ,0.0,16.0,0,0,0,1,200,0,0,0
CF,MIVBO,44.691389,11.535556,0,BOA,46.5,14.0,46.0,11.0,1,4000,0,0,0,0,0,1
HM,MIVBO,44.691389,11.535556,1, ,0.0,0.0,46.0,03.2,2,4000,0,1,200,0,0,0,0

APPTR,I30,30,BOA1
IF,BOA,44.537028,11.290667, ,0.0,0.0,2,5000,0,0,0,0,1,0
FD,BOA,44.537028,11.290667,0,BOA,0.0,10.0,94.0,10.0,2,3000,0,1,220,0,0,0
CF,ABLEX,44.460000,11.497500,2,IBBP,114.7,10.9,295.0,1.0,2,3000,0,0,0,0,1,0

APPTR,I30,30,BOA2
IF,BOA,44.537028,11.290667, ,0.0,0.0,2,5000,0,0,0,0,1,0
FD,BOA,44.537028,11.290667,0,BOA,0.0,10.0,105.0,10.0,2,3000,0,1,140,0,0,0
CF,ABLEX,44.460000,11.497500,2,IBBP,114.7,10.9,295.0,1.0,2,3000,0,0,0,0,1,0

FINAL,I30,30,I,3
IF,ABLEX,44.460000,11.497500,IBBP,114.7,10.9,2,3000,0,0,0,0,0,0
CF,FF30,44.473842,11.459389,0,IBBP,114.7,9.1,295.0,1.8,1,3000,0,0,0,0,2,0
CF,RW30,44.531381,11.299942,0,IBBP,114.7,1.4,295.0,7.7,1,174,0,0,0,0,3,0
CF,D115D,44.561811,11.215983,0,BOA,292.9,3.5,295.0,4.0,0,0,0,0,0,0,0,1
VI,2, ,0.0,76.0,0,0,0,1,220,0,0,0
CF,MIVBO,44.691389,11.535556,0,BOA,46.5,14.0,46.0,6.0,1,4000,0,0,0,0,0,1
HM,MIVBO,44.691389,11.535556,1, ,0.0,0.0,46.0,03.2,2,4000,0,1,200,0,0,0,0

APPTR,R12,12,EMDUD
HF,EMDUD,44.617222,11.060278,1, ,0.0,0.0,114.0,03.5,2,2500,0,1,200,0,1,0,0

FINAL,R12,12,R,3
IF,EMDUD,44.617222,11.060278, ,0.0,0.0,2,2500,0,0,0,0,0,0
TF,PE504,44.582861,11.156556,0, ,0.0,0.0,114.0,4.6,2,2000,0,0,0,0,2,0
TF,RW12,44.540003,11.275986,0, ,0.0,0.0,114.0,5.7,1,174,0,0,0,0,3,1
CF,PE505,44.523944,11.320583,0,VIE,305.7,259.9,114.0,2.1,0,0,0,1,200,0,0,1
VI,1, ,0.0,16.0,0,0,0,1,200,0,0,0
CF,MIVBO,44.691389,11.535556,0,VIE,308.7,258.6,46.0,10.0,2,4000,0,1,200,0,0,1
HM,MIVBO,44.691389,11.535556,1, ,0.0,0.0,46.0,03.6,2,4000,0,1,200,0,0,0,0

APPTR,R30,30,ABLEX
HF,ABLEX,44.460000,11.497500,2, ,0.0,0.0,294.0,03.7,2,3000,0,1,210,0,0,0,0

FINAL,R30,30,R,3
IF,ABLEX,44.460000,11.497500, ,0.0,0.0,2,3000,0,1,210,0,0,0
TF,PE501,44.494528,11.402083,0, ,0.0,0.0,294.0,4.6,2,2000,0,0,0,0,2,0
TF,RW30,44.531381,11.299942,0, ,0.0,0.0,294.0,4.9,1,174,0,0,0,0,3,1
CF,PE502,44.561306,11.216667,0,VIE,305.5,264.8,294.0,4.0,0,0,0,1,200,0,0,1
CI,2, ,0.0,76.0,0,0,0,1,200,0,0,0
CF,MIVBO,44.691389,11.535556,0,VIE,308.7,258.6,46.0,6.0,0,0,0,1,200,0,0,0
HM,MIVBO,44.691389,11.535556,1, ,0.0,0.0,46.0,03.6,2,4000,0,1,200,0,0,0,0

