SID,ADOS5B,32,5
CF,PO601,45.462325,10.283411,0,BSA,315.4,2.0,314.0,2.0,2,1100,0,0,0,0,0,1
DF,PO602,45.392428,10.518925,2, ,0.0,0.0,2,6000,0,1,175,0,0,0
TF,PX621,45.484786,10.945183,0, ,0.0,0.0,0.0,0.0,2,9000,0,0,0,0,0,0
TF,ADOSA,45.644444,11.026389,0, ,0.0,0.0,0.0,0.0,2,11000,0,0,0,0,0,0

SID,ADOS5C,32,5
CF,PO601,45.462325,10.283411,0,BSA,315.4,2.0,314.0,2.0,2,1100,0,0,0,0,0,1
DF,PO603,45.294706,10.379672,1, ,0.0,0.0,2,6000,0,1,220,0,0,0
TF,PX621,45.484786,10.945183,0, ,0.0,0.0,0.0,0.0,2,9000,0,0,0,0,0,0
TF,ADOSA,45.644444,11.026389,0, ,0.0,0.0,0.0,0.0,2,11000,0,0,0,0,0,0

SID,ADOS5E,32,2
CA,0,314.0,2,760,0,0,0,0,0,0
CF,D316B,45.462494,10.283850,0,BSA,316.0,2.0,316.0,2.0,2,1100,0,0,0,0,0,1
CF,BSA,45.438028,10.316000,1,BSA,0.0,0.0,41.0,2.0,2,5000,0,1,220,0,0,0
CR,0,VIL,355.0,83.0,2,9000,0,0,0,0,0,0
CF,ADOSA,45.644444,11.026389,0,VIL,17.6,15.1,19.0,10.0,2,11000,0,0,0,0,0,0

SID,ADOS5H,14,5
CF,PO606,45.332586,10.467622,0,BSA,133.3,9.0,134.0,8.0,2,4000,0,0,0,0,0,0
TF,PX621,45.484786,10.945183,0, ,0.0,0.0,0.0,0.0,2,9000,0,1,220,0,0,0
TF,ADOSA,45.644444,11.026389,0, ,0.0,0.0,0.0,0.0,2,11000,0,0,0,0,0,0

SID,ADOS5L,14,2
CA,0,134.0,2,760,0,0,0,0,0,0
FD,BSA,45.438028,10.316000,0,BSA,0.0,9.0,136.0,9.0,2,4000,0,0,0,0,0,0
CF,D172C,45.388381,10.324339,2,BSA,172.0,3.0,352.0,6.0,0,0,0,1,220,0,0,1
CF,D083C,45.443014,10.386658,2,BSA,83.0,3.0,83.0,2.0,2,9000,0,0,0,0,0,0
CR,0,VIL,355.0,83.0,0,0,0,0,0,0,0,0
CF,ADOSA,45.644444,11.026389,0,VIL,17.6,15.1,19.0,10.0,2,11000,0,0,0,0,0,0

SID,ADOS6D,32,2
CA,0,314.0,2,760,0,0,0,0,0,0
CF,D316B,45.462494,10.283850,0,BSA,316.0,2.0,316.0,2.0,2,1100,0,0,0,0,0,1
CF,D083D,45.445161,10.417281,2,BSA,83.0,4.3,126.0,5.0,2,5000,0,1,175,0,0,0
CR,0,VIL,355.0,83.0,2,9000,0,0,0,0,0,0
CF,ADOSA,45.644444,11.026389,0,VIL,17.6,15.1,19.0,10.0,2,11000,0,0,0,0,0,0

SID,BOA6L,14,2
CA,0,134.0,2,760,0,0,0,0,0,0
FD,BSA,45.438028,10.316000,0,BSA,0.0,9.0,136.0,9.0,2,4000,0,0,0,0,0,0
CF,BOA,44.537028,11.290667,0,BSA,140.9,68.2,141.0,58.0,0,0,0,0,0,0,0,0

SID,BOA6U,32,5
CF,PO601,45.462325,10.283411,0,BSA,315.4,2.0,314.0,2.0,2,1100,0,0,0,0,0,1
DF,PO602,45.392428,10.518925,2, ,0.0,0.0,2,6000,0,1,175,0,0,0
TF,BOA,44.537028,11.290667,0, ,0.0,0.0,0.0,0.0,0,0,0,0,0,0,0,0

SID,BOA6V,32,5
CF,PO601,45.462325,10.283411,0,BSA,315.4,2.0,314.0,2.0,2,1100,0,0,0,0,0,1
DF,PO603,45.294706,10.379672,1, ,0.0,0.0,2,6000,0,1,220,0,0,0
TF,BOA,44.537028,11.290667,0, ,0.0,0.0,0.0,0.0,0,0,0,0,0,0,0,0

SID,BOA6W,32,2
CA,0,314.0,2,760,0,0,0,0,0,0
CF,D316B,45.462494,10.283850,0,BSA,316.0,2.0,316.0,2.0,2,1100,0,0,0,0,0,1
CI,2, ,0.0,171.0,0,0,0,1,175,0,0,0
CF,D141G,45.345883,10.417517,0,BSA,140.9,7.0,141.0,3.0,2,6000,0,0,0,0,0,0
TF,BOA,44.537028,11.290667,0, ,0.0,0.0,0.0,0.0,0,0,0,0,0,0,0,0

SID,BOA6X,32,2
CA,0,314.0,2,760,0,0,0,0,0,0
CF,D316B,45.462494,10.283850,0,BSA,316.0,2.0,316.0,2.0,2,1100,0,0,0,0,0,1
CF,D141G,45.345883,10.417517,1,BSA,140.9,7.0,113.0,9.0,2,6000,0,1,220,0,0,0
TF,BOA,44.537028,11.290667,0, ,0.0,0.0,0.0,0.0,0,0,0,0,0,0,0,0

SID,BOA6Z,14,5
CF,PO606,45.332586,10.467622,0,BSA,133.3,9.0,134.0,8.0,2,4000,0,0,0,0,0,0
TF,BOA,44.537028,11.290667,0, ,0.0,0.0,0.0,0.0,0,0,0,1,220,0,0,0

SID,COD5H,14,5
CF,PO606,45.332586,10.467622,0,BSA,133.3,9.0,134.0,8.0,2,4000,0,0,0,0,0,1
CF,PO604,45.265800,10.016000,2,BSA,229.7,16.4,263.0,18.0,0,0,0,1,220,0,0,0
TF,COD,45.226278,9.541194,0, ,0.0,0.0,0.0,0.0,2,9000,0,0,0,0,0,0

SID,COD5L,14,2
CA,0,134.0,2,760,0,0,0,0,0,0
FD,BSA,45.438028,10.316000,0,BSA,0.0,9.0,136.0,9.0,2,4000,0,0,0,0,0,0
CF,D172C,45.388381,10.324339,2,BSA,172.0,3.0,352.0,6.0,0,0,0,1,220,0,0,1
CF,COD,45.226278,9.541194,1,BSA,247.9,35.2,248.0,33.0,2,9000,0,0,0,0,0,0

SID,COD5U,32,5
CF,PO601,45.462325,10.283411,0,BSA,315.4,2.0,314.0,2.0,2,1100,0,0,0,0,0,1
DF,PO602,45.392428,10.518925,2, ,0.0,0.0,2,6000,0,1,175,0,0,0
TF,PO603,45.294706,10.379672,0, ,0.0,0.0,0.0,0.0,0,0,0,1,220,0,0,0
TF,PO604,45.265800,10.016000,0, ,0.0,0.0,0.0,0.0,0,0,0,0,0,0,0,0
TF,COD,45.226278,9.541194,0, ,0.0,0.0,0.0,0.0,2,9000,0,0,0,0,0,0

SID,COD5V,32,5
CF,PO601,45.462325,10.283411,0,BSA,315.4,2.0,314.0,2.0,2,1100,0,0,0,0,0,1
DF,PO603,45.294706,10.379672,1, ,0.0,0.0,2,6000,0,1,220,0,0,0
TF,PO604,45.265800,10.016000,2, ,0.0,0.0,0.0,0.0,0,0,0,1,220,0,0,0
TF,COD,45.226278,9.541194,0, ,0.0,0.0,0.0,0.0,2,9000,0,0,0,0,0,0

SID,COD5W,32,2
CA,0,314.0,2,760,0,0,0,0,0,0
CF,D316B,45.462494,10.283850,0,BSA,316.0,2.0,316.0,2.0,2,1100,0,0,0,0,0,1
CF,BSA,45.438028,10.316000,2,BSA,0.0,0.0,203.0,3.0,2,5000,0,1,175,0,0,0
TF,COD,45.226278,9.541194,0, ,0.0,0.0,0.0,0.0,2,9000,0,0,0,0,0,0

SID,COD5X,32,2
CA,0,314.0,2,760,0,0,0,0,0,0
CF,D316B,45.462494,10.283850,0,BSA,316.0,2.0,316.0,2.0,2,1100,0,0,0,0,0,1
CI,1, ,0.0,218.0,0,0,0,1,220,0,0,0
FD,BSA,45.438028,10.316000,0,BSA,0.0,10.0,248.0,10.0,2,5000,0,0,0,0,0,0
CF,COD,45.226278,9.541194,0,BSA,247.9,35.2,248.0,25.0,2,9000,0,0,0,0,0,0

SID,KOPE5B,32,5
CF,PO601,45.462325,10.283411,0,BSA,315.4,2.0,314.0,2.0,2,1100,0,0,0,0,0,1
DF,PO602,45.392428,10.518925,2, ,0.0,0.0,2,6000,0,1,175,0,0,0
TF,KOPER,45.153889,11.641389,0, ,0.0,0.0,0.0,0.0,2,9000,0,0,0,0,0,0

SID,KOPE5C,32,5
CF,PO601,45.462325,10.283411,0,BSA,315.4,2.0,314.0,2.0,2,1100,0,0,0,0,0,1
DF,PO603,45.294706,10.379672,1, ,0.0,0.0,2,6000,0,1,220,0,0,0
TF,KOPER,45.153889,11.641389,0, ,0.0,0.0,0.0,0.0,2,9000,0,0,0,0,0,0

SID,KOPE5H,14,5
CF,PO606,45.332586,10.467622,0,BSA,133.3,9.0,134.0,8.0,2,4000,0,0,0,0,0,0
TF,KOPER,45.153889,11.641389,0, ,0.0,0.0,0.0,0.0,2,9000,0,1,220,0,0,0

SID,LUMA6D,32,5
CF,PO601,45.462325,10.283411,0,BSA,315.4,2.0,314.0,2.0,2,1100,0,0,0,0,0,1
DF,PO602,45.392428,10.518925,2, ,0.0,0.0,2,6000,0,1,175,0,0,0
TF,LUMAV,44.814444,11.616389,0, ,0.0,0.0,0.0,0.0,2,11000,0,0,0,0,0,0

SID,LUMA6F,32,5
CF,PO601,45.462325,10.283411,0,BSA,315.4,2.0,314.0,2.0,2,1100,0,0,0,0,0,1
DF,PO603,45.294706,10.379672,1, ,0.0,0.0,2,6000,0,1,220,0,0,0
TF,LUMAV,44.814444,11.616389,0, ,0.0,0.0,0.0,0.0,2,11000,0,0,0,0,0,0

SID,LUMA6H,14,5
CF,PO606,45.332586,10.467622,0,BSA,133.3,9.0,134.0,8.0,2,4000,0,0,0,0,0,0
TF,LUMAV,44.814444,11.616389,0, ,0.0,0.0,0.0,0.0,2,11000,0,1,220,0,0,0

SID,OSBU5B,32,5
CF,PO601,45.462325,10.283411,0,BSA,315.4,2.0,314.0,2.0,2,1100,0,0,0,0,0,1
DF,PO602,45.392428,10.518925,2, ,0.0,0.0,2,6000,0,1,175,0,0,0
TF,PO603,45.294706,10.379672,0, ,0.0,0.0,0.0,0.0,0,0,0,1,220,0,0,0
TF,OSBUL,44.822222,10.293333,0, ,0.0,0.0,0.0,0.0,2,9000,0,0,0,0,0,0

SID,OSBU5H,14,5
CF,PO606,45.332586,10.467622,0,BSA,133.3,9.0,134.0,8.0,2,4000,0,0,0,0,0,0
TF,OSBUL,44.822222,10.293333,0, ,0.0,0.0,0.0,0.0,2,9000,0,1,220,0,0,0

SID,OSBU5V,32,5
CF,PO601,45.462325,10.283411,0,BSA,315.4,2.0,314.0,2.0,2,1100,0,0,0,0,0,1
DF,PO603,45.294706,10.379672,1, ,0.0,0.0,2,6000,0,1,220,0,0,0
TF,OSBUL,44.822222,10.293333,0, ,0.0,0.0,0.0,0.0,2,9000,0,0,0,0,0,0

SID,OSKO5H,14,5
CF,PO606,45.332586,10.467622,0,BSA,133.3,9.0,134.0,8.0,2,4000,0,0,0,0,0,1
CF,PO604,45.265800,10.016000,2,BSA,229.7,16.4,263.0,18.0,0,0,0,1,220,0,0,0
TF,OSKOR,45.649167,10.116667,2, ,0.0,0.0,0.0,0.0,2,11000,0,1,220,0,0,0

SID,OSKO5L,14,2
CA,0,134.0,2,760,0,0,0,0,0,0
FD,BSA,45.438028,10.316000,0,BSA,0.0,9.0,136.0,9.0,2,4000,0,0,0,0,0,0
CF,BSA,45.438028,10.316000,2,BSA,0.0,0.0,352.0,9.0,2,9000,0,1,220,0,0,0
TF,OSKOR,45.649167,10.116667,0, ,0.0,0.0,0.0,0.0,2,11000,0,0,0,0,0,0

SID,OSKO5U,32,5
CF,PO601,45.462325,10.283411,0,BSA,315.4,2.0,314.0,2.0,2,1100,0,0,0,0,0,1
DF,PO602,45.392428,10.518925,2, ,0.0,0.0,2,6000,0,1,175,0,0,0
TF,PO603,45.294706,10.379672,0, ,0.0,0.0,0.0,0.0,0,0,0,1,220,0,0,0
TF,PO604,45.265800,10.016000,0, ,0.0,0.0,0.0,0.0,0,0,0,1,220,0,0,0
TF,OSKOR,45.649167,10.116667,2, ,0.0,0.0,0.0,0.0,2,11000,0,1,220,0,0,0

SID,OSKO5V,32,5
CF,PO601,45.462325,10.283411,0,BSA,315.4,2.0,314.0,2.0,2,1100,0,0,0,0,0,1
DF,PO603,45.294706,10.379672,1, ,0.0,0.0,2,6000,0,1,220,0,0,0
TF,PO604,45.265800,10.016000,2, ,0.0,0.0,0.0,0.0,0,0,0,1,220,0,0,0
TF,OSKOR,45.649167,10.116667,2, ,0.0,0.0,0.0,0.0,2,11000,0,1,220,0,0,0

SID,OSKO5X,32,2
CA,0,314.0,2,760,0,0,0,0,0,0
CF,D316B,45.462494,10.283850,0,BSA,316.0,2.0,316.0,2.0,2,1100,0,0,0,0,0,1
CF,D168G,45.323422,10.346842,1,BSA,168.0,7.0,134.0,8.0,2,6000,0,1,220,0,0,1
CF,BSA,45.438028,10.316000,1,BSA,0.0,0.0,316.0,6.0,2,9000,0,1,220,0,0,0
TF,OSKOR,45.649167,10.116667,0, ,0.0,0.0,0.0,0.0,2,11000,0,0,0,0,0,0

SID,OSKO6W,32,2
CA,0,314.0,2,760,0,0,0,0,0,0
CF,D316B,45.462494,10.283850,0,BSA,316.0,2.0,316.0,2.0,2,1100,0,0,0,0,0,1
CF,D083D,45.445161,10.417281,2,BSA,83.0,4.3,126.0,5.0,2,5000,0,1,175,0,0,0
TF,D101G,45.414297,10.478189,0, ,0.0,0.0,0.0,0.0,0,0,0,0,0,0,0,1
CF,BSA,45.438028,10.316000,2,BSA,0.0,0.0,316.0,6.0,2,9000,0,1,175,0,0,0
TF,OSKOR,45.649167,10.116667,0, ,0.0,0.0,0.0,0.0,2,11000,0,0,0,0,0,0

SID,VABO5B,32,5
CF,PO601,45.462325,10.283411,0,BSA,315.4,2.0,314.0,2.0,2,1100,0,0,0,0,0,1
DF,PO602,45.392428,10.518925,2, ,0.0,0.0,2,6000,0,1,175,0,0,0
TF,VABOK,45.293611,11.278056,0, ,0.0,0.0,0.0,0.0,2,11000,0,0,0,0,0,0

SID,VABO5C,32,5
CF,PO601,45.462325,10.283411,0,BSA,315.4,2.0,314.0,2.0,2,1100,0,0,0,0,0,1
DF,PO603,45.294706,10.379672,1, ,0.0,0.0,2,6000,0,1,220,0,0,0
TF,VABOK,45.293611,11.278056,0, ,0.0,0.0,0.0,0.0,2,11000,0,0,0,0,0,0

SID,VABO5E,32,2
CA,0,314.0,2,760,0,0,0,0,0,0
CF,D316B,45.462494,10.283850,0,BSA,316.0,2.0,316.0,2.0,2,1100,0,0,0,0,0,1
CF,BSA,45.438028,10.316000,1,BSA,0.0,0.0,41.0,2.0,2,5000,0,1,220,0,0,0
TF,VABOK,45.293611,11.278056,0, ,0.0,0.0,0.0,0.0,2,11000,0,0,0,0,0,0

SID,VABO5H,14,5
CF,PO606,45.332586,10.467622,0,BSA,133.3,9.0,134.0,8.0,2,4000,0,0,0,0,0,0
TF,VABOK,45.293611,11.278056,0, ,0.0,0.0,0.0,0.0,2,11000,0,1,220,0,0,0

SID,VABO5L,14,2
CA,0,134.0,2,760,0,0,0,0,0,0
FD,BSA,45.438028,10.316000,0,BSA,0.0,9.0,136.0,9.0,2,4000,0,0,0,0,0,0
CI,0, ,0.0,71.0,0,0,0,1,220,0,0,0
CF,VABOK,45.293611,11.278056,0,BSA,100.4,41.6,101.0,23.0,2,11000,0,0,0,0,0,0

SID,VABO6D,32,2
CA,0,314.0,2,760,0,0,0,0,0,0
CF,D316B,45.462494,10.283850,0,BSA,316.0,2.0,316.0,2.0,2,1100,0,0,0,0,0,1
CF,D083D,45.445161,10.417281,2,BSA,83.0,4.3,126.0,5.0,2,5000,0,1,175,0,0,0
TF,D101G,45.414297,10.478189,0, ,0.0,0.0,0.0,0.0,0,0,0,0,0,0,0,0
TF,VABOK,45.293611,11.278056,0, ,0.0,0.0,0.0,0.0,2,11000,0,0,0,0,0,0

STAR,BOA1L,ALL,2
FD,BOA,44.537028,11.290667,0,BOA,0.0,11.0,348.0,11.0,0,0,0,0,0,0,0,0
CF,KREVA,44.774444,11.235000,0,BOA,348.5,14.4,348.0,3.0,0,0,0,0,0,0,0,0
FD,KREVA,44.774444,11.235000,0,BOA,348.5,18.5,314.0,18.5,0,0,0,0,0,0,0,0
CD, ,0,0,0,BOA,0,0.0,314.0,33.0,0,0,0,0,0,0,0,0
CF,PILUD,45.303056,10.509167,0,BSA,133.4,11.5,314.0,24.0,0,0,0,0,0,0,0,0

STAR,BOA1T,32,5
IF,BOA,44.537028,11.290667, ,0.0,0.0,0,0,0,0,0,0,0,0
TF,XUBKA,44.902778,11.166389,0, ,0.0,0.0,0.0,0.0,0,0,0,0,0,0,0,0
TF,DIGTO,45.121944,11.091111,0, ,0.0,0.0,0.0,0.0,0,0,0,0,0,0,0,0
TF,INFRI,45.234167,10.823333,0, ,0.0,0.0,0.0,0.0,0,0,0,0,0,0,0,0
TF,PO403,45.158250,10.713475,0, ,0.0,0.0,0.0,0.0,0,0,0,1,210,0,0,0
TF,ELDIP,45.217500,10.630278,0, ,0.0,0.0,0.0,0.0,0,0,0,1,210,0,0,0

STAR,IDRE1F,ALL,2
FD,IDREK,45.646111,10.819444,0,VIL,343.7,3.0,164.0,3.0,0,0,0,0,0,0,0,0
CF,D273J,45.421467,10.682306,2,VIL,273.0,9.5,273.0,7.0,0,0,0,0,0,0,0,0
CI,0, ,0.0,273.0,0,0,0,0,0,0,0,0
AF,D122M,45.319750,10.573528,2,BSA,122.3,13.0,93.0,0,0,0,0,0,0,0,1
CF,PILUD,45.303056,10.509167,0,BSA,133.4,11.5,314.0,1.0,0,0,0,0,0,0,0,0

STAR,IDRE1T,32,5
IF,IDREK,45.646111,10.819444, ,0.0,0.0,0,0,0,0,0,0,0,0
TF,PO406,45.479514,10.633517,0, ,0.0,0.0,0.0,0.0,0,0,0,0,0,0,0,0
TF,PO401,45.440111,10.589772,0, ,0.0,0.0,0.0,0.0,0,0,0,1,230,0,0,0
TF,UPGAV,45.353056,10.659444,0, ,0.0,0.0,0.0,0.0,0,0,0,1,210,0,0,0

STAR,IDRE1W,32,5
IF,IDREK,45.646111,10.819444, ,0.0,0.0,0,0,0,0,0,0,0,0
TF,PO406,45.479514,10.633517,0, ,0.0,0.0,0.0,0.0,0,0,0,0,0,0,0,0
TF,PO401,45.440111,10.589772,0, ,0.0,0.0,0.0,0.0,0,0,0,0,0,0,0,0
TF,PO402,45.314042,10.355236,0, ,0.0,0.0,0.0,0.0,0,0,0,0,0,0,0,0
TF,DREUX,45.250278,10.342500,0, ,0.0,0.0,0.0,0.0,0,0,0,1,230,0,0,0
TF,ADSAS,45.195278,10.430833,0, ,0.0,0.0,0.0,0.0,0,0,0,1,210,0,0,0

STAR,IDRE1Y,32,5
IF,IDREK,45.646111,10.819444, ,0.0,0.0,0,0,0,0,0,0,0,0
TF,XENRU,45.364444,11.012500,0, ,0.0,0.0,0.0,0.0,0,0,0,0,0,0,0,0
TF,UVNON,45.281944,10.892500,0, ,0.0,0.0,0.0,0.0,0,0,0,0,0,0,0,0
TF,INFRI,45.234167,10.823333,0, ,0.0,0.0,0.0,0.0,0,0,0,0,0,0,0,0
TF,PO403,45.158250,10.713475,0, ,0.0,0.0,0.0,0.0,0,0,0,1,210,0,0,0
TF,ELDIP,45.217500,10.630278,0, ,0.0,0.0,0.0,0.0,0,0,0,1,210,0,0,0

STAR,LUMA1F,ALL,2
IF,LUMAV,44.814444,11.616389, ,0.0,0.0,0,0,0,0,0,0,0,0
CR,0,BSA,114.0,318.0,0,0,0,0,0,0,0,0
CF,OSTEG,45.178611,11.138889,0,BSA,112.5,38.2,293.0,2.0,0,0,0,0,0,0,0,0
FD,OSTEG,45.178611,11.138889,0,BSA,112.5,15.5,293.0,15.5,0,0,0,0,0,0,0,0
CI,0, ,0.0,293.0,0,0,0,0,0,0,0,0
AF,D122M,45.319750,10.573528,2,BSA,122.0,13.0,113.0,0,0,0,0,0,0,0,1
CF,PILUD,45.303056,10.509167,0,BSA,133.4,11.5,314.0,1.0,0,0,0,0,0,0,0,0

STAR,NEVN1T,32,5
IF,NEVNI,45.648333,10.422500, ,0.0,0.0,0,0,0,0,0,0,0,0
TF,PO402,45.314042,10.355236,0, ,0.0,0.0,0.0,0.0,0,0,0,0,0,0,0,0
TF,DREUX,45.250278,10.342500,0, ,0.0,0.0,0.0,0.0,0,0,0,1,230,0,0,0
TF,ADSAS,45.195278,10.430833,0, ,0.0,0.0,0.0,0.0,0,0,0,1,210,0,0,0

STAR,NEVN1W,32,5
IF,NEVNI,45.648333,10.422500, ,0.0,0.0,0,0,0,0,0,0,0,0
TF,PO404,45.512717,10.531625,0, ,0.0,0.0,0.0,0.0,0,0,0,0,0,0,0,0
TF,PO401,45.440111,10.589772,0, ,0.0,0.0,0.0,0.0,0,0,0,1,230,0,0,0
TF,UPGAV,45.353056,10.659444,0, ,0.0,0.0,0.0,0.0,0,0,0,1,210,0,0,0

STAR,NEVN3E,ALL,2
IF,NEVNI,45.648333,10.422500, ,0.0,0.0,0,0,0,0,0,0,0,0
CI,0, ,0.0,199.0,0,0,0,0,0,0,0,0
AF,D070M,45.508183,10.607306,2,BSA,70.0,13.0,19.0,0,0,0,0,0,0,0,0
AF,D095M,45.414972,10.621897,2,BSA,95.3,13.0,70.0,0,0,0,0,0,0,0,0
AF,D122M,45.319750,10.573528,2,BSA,122.3,13.0,95.0,0,0,0,0,0,0,0,1
CF,PILUD,45.303056,10.509167,0,BSA,133.7,11.5,314.0,1.0,0,0,0,0,0,0,0,0

STAR,OSBU1A,32,5
IF,OSBUL,44.822222,10.293333, ,0.0,0.0,0,0,0,0,0,0,0,0
TF,LAISH,45.042500,10.240556,0, ,0.0,0.0,0.0,0.0,0,0,0,0,0,0,0,0
TF,ADSAS,45.195278,10.430833,0, ,0.0,0.0,0.0,0.0,0,0,0,1,210,0,0,0

STAR,OSBU2E,ALL,2
IF,OSBUL,44.822222,10.293333, ,0.0,0.0,0,0,0,0,0,0,0,0
TF,D181Y,45.021558,10.300617,0, ,0.0,0.0,0.0,0.0,0,0,0,0,0,0,0,0
TF,D181O,45.188150,10.306742,0, ,0.0,0.0,0.0,0.0,0,0,0,0,0,0,0,1
CI,0, ,0.0,1.0,0,0,0,0,0,0,0,0
AF,D143M,45.262072,10.495219,1,BSA,143.0,13.0,181.0,0,0,0,0,0,0,0,1
CF,PILUD,45.303056,10.509167,0,BSA,133.4,11.5,314.0,1.0,0,0,0,0,0,0,0,0

STAR,OSTE1F,ALL,2
FD,OSTEG,45.178611,11.138889,0,BSA,112.5,15.5,293.0,15.5,0,0,0,0,0,0,0,0
CI,0, ,0.0,293.0,0,0,0,0,0,0,0,0
AF,D122M,45.319750,10.573528,2,BSA,122.0,13.0,113.0,0,0,0,0,0,0,0,1
CF,PILUD,45.303056,10.509167,0,BSA,133.4,11.5,314.0,1.0,0,0,0,0,0,0,0,0

STAR,OSTE1T,32,5
IF,OSTEG,45.178611,11.138889, ,0.0,0.0,0,0,0,0,0,0,0,0
TF,AIXBA,45.222500,11.034444,0, ,0.0,0.0,0.0,0.0,0,0,0,0,0,0,0,0
TF,UVNON,45.281944,10.892500,0, ,0.0,0.0,0.0,0.0,0,0,0,0,0,0,0,0
TF,INFRI,45.234167,10.823333,0, ,0.0,0.0,0.0,0.0,0,0,0,0,0,0,0,0
TF,PO403,45.158250,10.713475,0, ,0.0,0.0,0.0,0.0,0,0,0,1,210,0,0,0
TF,ELDIP,45.217500,10.630278,0, ,0.0,0.0,0.0,0.0,0,0,0,1,210,0,0,0

STAR,SRN3E,ALL,2
IF,SRN,45.645972,9.021583, ,0.0,0.0,0,0,0,0,0,0,0,0
TF,TZO,45.559222,9.507000,0, ,0.0,0.0,0.0,0.0,0,0,0,0,0,0,0,1
FD,TZO,45.559222,9.507000,0,TZO,0.0,15.7,110.0,15.7,0,0,0,0,0,0,0,0
CI,0, ,0.0,110.0,0,0,0,0,0,0,0,0
AF,D190M,45.225539,10.256192,1,BSA,190.0,13.0,265.0,0,0,0,0,0,0,0,0
AF,D143M,45.262072,10.495219,1,BSA,143.0,13.0,190.0,0,0,0,0,0,0,0,1
CF,PILUD,45.303056,10.509167,0,BSA,133.4,11.5,314.0,1.0,0,0,0,0,0,0,0,0

STAR,TZO1T,32,5
IF,TZO,45.559222,9.507000, ,0.0,0.0,0,0,0,0,0,0,0,0
TF,EKDOG,45.395833,10.000000,0, ,0.0,0.0,0.0,0.0,0,0,0,0,0,0,0,0
TF,DIRVU,45.316667,10.236111,0, ,0.0,0.0,0.0,0.0,0,0,0,0,0,0,0,0
TF,DREUX,45.250278,10.342500,0, ,0.0,0.0,0.0,0.0,0,0,0,1,230,0,0,0
TF,ADSAS,45.195278,10.430833,0, ,0.0,0.0,0.0,0.0,0,0,0,1,210,0,0,0

STAR,TZO3E,ALL,2
FD,TZO,45.559222,9.507000,0,TZO,0.0,15.7,110.0,15.7,0,0,0,0,0,0,0,0
CI,0, ,0.0,110.0,0,0,0,0,0,0,0,0
AF,D190M,45.225539,10.256192,1,BSA,190.0,13.0,265.0,0,0,0,0,0,0,0,0
AF,D143M,45.262072,10.495219,1,BSA,143.0,13.0,190.0,0,0,0,0,0,0,0,1
CF,PILUD,45.303056,10.509167,0,BSA,133.4,11.5,314.0,1.0,0,0,0,0,0,0,0,0

APPTR,D32,32,PILUD
IF,PILUD,45.303056,10.509167, ,0.0,0.0,2,4000,0,0,0,0,1,0
HF,PILUD,45.303056,10.509167,1, ,0.0,0.0,314.0,03.5,2,3000,0,1,200,0,0,0,0

FINAL,D32,32,D,5
IF,PILUD,45.303056,10.509167,BSA,133.7,11.5,2,3000,0,0,0,0,0,0
CF,FD32,45.321931,10.478972,0,BSA,134.3,9.8,314.0,1.7,2,3000,0,0,0,0,2,0
CF,70VOR,45.355125,10.432475,0,BSA,134.3,7.0,314.0,2.8,2,2100,0,0,0,0,0,0
CF,40VOR,45.390669,10.382600,0,BSA,134.3,4.0,314.0,3.0,2,1100,0,0,0,0,0,0
CF,MD32,45.414353,10.349314,0,BSA,134.3,2.0,314.0,2.0,1,530,0,0,0,0,3,0
CA,0,314.0,2,800,0,0,0,0,0,0
CI,2, ,0.0,123.0,1,4000,0,1,185,0,0,0
CF,D093K,45.424147,10.575589,0,BSA,93.3,11.0,93.0,4.0,0,0,0,0,0,0,0,1
CI,2, ,0.0,200.0,0,0,0,1,185,0,0,0
CF,PILUD,45.303056,10.509167,0,BSA,133.7,11.5,249.0,4.0,1,4000,0,0,0,0,0,0
HM,PILUD,45.303056,10.509167,1, ,0.0,0.0,314.0,03.5,2,4000,0,1,200,0,0,0,0

APPTR,I32,32,ADSAS
IF,ADSAS,45.195278,10.430833, ,0.0,0.0,2,5000,0,1,210,0,1,0
TF,NIPLI,45.276389,10.546944,0, ,0.0,0.0,0.0,0.0,2,4000,0,1,200,0,0,0
TF,PILUD,45.303056,10.509167,0,IBS,0.0,0.0,0.0,0.0,2,3000,0,0,0,0,1,0

APPTR,I32,32,ELDIP
IF,ELDIP,45.217500,10.630278, ,0.0,0.0,2,5000,0,1,210,0,1,0
TF,NIPLI,45.276389,10.546944,0, ,0.0,0.0,0.0,0.0,2,4000,0,1,200,0,0,0
TF,PILUD,45.303056,10.509167,0,IBS,0.0,0.0,0.0,0.0,2,3000,0,0,0,0,1,0

APPTR,I32,32,PILUD
IF,PILUD,45.303056,10.509167, ,0.0,0.0,2,4000,0,0,0,0,1,0
HF,PILUD,45.303056,10.509167,1, ,0.0,0.0,314.0,03.5,2,3000,0,1,200,0,0,0,0

APPTR,I32,32,UPGAV
IF,UPGAV,45.353056,10.659444, ,0.0,0.0,2,5000,0,1,210,0,1,0
TF,NIPLI,45.276389,10.546944,0, ,0.0,0.0,0.0,0.0,2,4000,0,1,200,0,0,0
TF,PILUD,45.303056,10.509167,0,IBS,0.0,0.0,0.0,0.0,2,3000,0,0,0,0,1,0

FINAL,I32,32,I,3
IF,PILUD,45.303056,10.509167,IBS,134.0,11.5,2,3000,0,0,0,0,0,0
CF,FI32,45.323425,10.480603,0,IBS,133.9,9.8,314.0,1.7,1,3000,0,0,0,0,2,0
CF,RW32,45.420297,10.343075,0,IBS,133.9,1.6,314.0,8.2,1,389,0,0,0,0,3,0
CA,0,314.0,2,800,0,0,0,0,0,0
CI,2, ,0.0,123.0,1,4000,0,0,0,0,0,0
CF,D093K,45.424147,10.575589,0,BSA,93.3,11.0,93.0,4.0,0,0,0,0,0,0,0,1
CI,2, ,0.0,200.0,0,0,0,1,185,0,0,0
CF,PILUD,45.303056,10.509167,0,VIL,247.6,17.9,249.0,4.0,1,4000,0,0,0,0,0,0
HM,PILUD,45.303056,10.509167,1, ,0.0,0.0,314.0,03.5,2,4000,0,1,200,0,0,0,0

