SID,AMLO7A,31,2
CA,0,305.0,2,440,0,0,0,0,0,0
CD, ,0,0,0,RIM,0,0.0,291.0,6.0,2,1500,0,0,0,0,0,0
CI,0, ,0.0,291.0,0,0,0,0,0,0,0,0
AF,D012H,44.143953,12.664564,2,RIM,12.0,8.0,291.0,2,5000,0,0,0,0,0,0
CF,AMLON,44.339167,12.876389,0,RIM,26.9,22.4,27.0,13.0,2,8500,0,0,0,0,0,0

SID,AMLO7B,13,2
CA,0,125.0,2,440,0,0,0,0,0,0
CD, ,0,0,0,RIM,0,0.0,139.0,5.0,2,1500,0,0,0,0,0,0
CI,0, ,0.0,139.0,0,0,0,0,0,0,0,0
AF,D042H,44.109378,12.747500,1,RIM,42.0,8.0,139.0,2,5000,0,0,0,0,0,0
CF,AMLON,44.339167,12.876389,0,RIM,26.9,22.4,27.0,13.0,2,8500,0,0,0,0,0,0

SID,AMLO7C,31,2
CA,0,305.0,2,440,0,0,0,0,0,0
CA,0,291.0,2,1500,0,0,0,0,0,0
CI,2, ,0.0,78.0,0,0,0,1,210,0,0,0
CF,AMLON,44.339167,12.876389,0,ANC,328.5,52.0,42.0,19.0,2,8500,0,0,0,0,0,0

SID,AMLO7D,13,2
CA,0,125.0,2,440,0,0,0,0,0,0
CA,0,139.0,2,1500,0,0,0,0,0,0
CF,RIM,44.079028,12.506000,2,ANC,303.5,51.3,332.0,8.0,2,5000,0,1,180,0,0,0
TF,AMLON,44.339167,12.876389,0, ,0.0,0.0,0.0,0.0,2,8500,0,0,0,0,0,0

SID,ANC7A,31,2
CA,0,305.0,2,440,0,0,0,0,0,0
CD, ,0,0,0,RIM,0,0.0,291.0,6.0,2,1500,0,1,210,0,0,0
CF,RIM,44.015167,12.616639,2,RIM,0.0,0.0,161.0,6.0,2,4000,0,1,210,0,0,0
TF,D121Z,43.769158,13.110003,0, ,0.0,0.0,0.0,0.0,2,9500,0,0,0,0,0,0
TF,ANC,43.586444,13.471111,0, ,0.0,0.0,0.0,0.0,2,10000,0,0,0,0,0,0

SID,ANC7B,13,2
CA,0,125.0,2,440,0,0,0,0,0,0
CD, ,0,0,0,RIM,0,0.0,139.0,5.0,2,1500,0,0,0,0,0,0
CI,0, ,0.0,86.0,0,0,0,0,0,0,0,0
CF,D121Z,43.769158,13.110003,0,RIM,121.4,26.0,121.0,19.0,2,9500,0,0,0,0,0,0
TF,ANC,43.586444,13.471111,0, ,0.0,0.0,0.0,0.0,2,10000,0,0,0,0,0,0

SID,ANC7C,31,2
CA,0,305.0,2,440,0,0,0,0,0,0
CA,0,291.0,2,1500,0,0,0,0,0,0
CI,2, ,0.0,163.0,0,0,0,1,210,0,0,0
CF,D302S,43.767542,13.113122,0,ANC,303.5,19.0,122.0,27.0,2,9500,0,0,0,0,0,0
TF,ANC,43.586444,13.471111,0, ,0.0,0.0,0.0,0.0,2,10000,0,0,0,0,0,0

SID,ANC7D,13,2
CA,0,125.0,2,440,0,0,0,0,0,0
CA,0,139.0,2,1500,0,0,0,0,0,0
CI,0, ,0.0,98.0,0,0,0,0,0,0,0,0
CF,D302S,43.767542,13.113122,0,ANC,303.5,19.0,122.0,21.0,2,9500,0,0,0,0,0,0
TF,ANC,43.586444,13.471111,0, ,0.0,0.0,0.0,0.0,2,10000,0,0,0,0,0,0

SID,BOA6J,31,2
CA,0,305.0,2,440,0,0,0,0,0,0
CA,0,291.0,2,1500,0,0,0,0,0,0
CI,0, ,0.0,308.0,0,0,0,0,0,0,0,0
CF,RIMED,44.270789,11.902306,0,BOA,119.1,30.8,290.0,28.0,2,10500,0,0,0,0,0,0
TF,BOA,44.537028,11.290667,0, ,0.0,0.0,0.0,0.0,0,0,0,0,0,0,0,0

SID,BOA6V,31,2
CA,0,305.0,2,440,0,0,0,0,0,0
CD, ,0,0,0,RIM,0,0.0,291.0,6.0,2,1500,0,0,0,0,0,0
CI,0, ,0.0,229.0,0,0,0,1,180,0,0,0
CF,D269L,44.021811,12.339617,0,RIM,269.2,12.0,269.0,3.0,2,4500,0,0,0,0,0,0
TF,D269V,44.026833,12.108719,0, ,0.0,0.0,0.0,0.0,2,9000,0,0,0,0,0,0
CI,0, ,0.0,269.0,0,0,0,1,250,0,0,0
AF,D288Y,44.163219,12.076225,2,RIM,288.0,25.0,269.0,0,0,0,0,0,0,0,0
CF,RIMED,44.270789,11.902306,0,RIM,293.7,34.5,293.0,9.0,2,10500,0,1,250,0,0,0
TF,BOA,44.537028,11.290667,0, ,0.0,0.0,0.0,0.0,0,0,0,0,0,0,0,0

SID,BOA6Y,13,2
CA,0,125.0,2,440,0,0,0,0,0,0
CA,0,139.0,2,1500,0,0,0,0,0,0
CF,RIM,44.079028,12.506000,1,ANC,303.5,51.3,286.0,10.0,2,5000,0,1,210,0,0,0
TF,RIMED,44.270789,11.902306,0, ,0.0,0.0,0.0,0.0,2,10500,0,0,0,0,0,0
TF,BOA,44.537028,11.290667,0, ,0.0,0.0,0.0,0.0,0,0,0,0,0,0,0,0

SID,BOA6Z,13,2
CA,0,125.0,2,440,0,0,0,0,0,0
CD, ,0,0,0,RIM,0,0.0,139.0,5.0,2,1500,0,0,0,0,0,0
CF,RIM,44.015167,12.616639,1,RIM,0.0,0.0,262.0,5.0,2,4000,0,1,210,0,0,0
TF,D269L,44.021811,12.339617,0, ,0.0,0.0,0.0,0.0,2,4500,0,0,0,0,0,0
TF,D269V,44.026833,12.108719,0, ,0.0,0.0,0.0,0.0,2,9000,0,0,0,0,0,0
CI,0, ,0.0,269.0,0,0,0,1,250,0,0,0
AF,D288Y,44.163219,12.076225,2,RIM,288.0,25.0,269.0,0,0,0,0,0,0,0,0
CF,RIMED,44.270789,11.902306,0,RIM,293.7,34.5,293.0,9.0,2,10500,0,1,250,0,0,0
TF,BOA,44.537028,11.290667,0, ,0.0,0.0,0.0,0.0,0,0,0,0,0,0,0,0

SID,EKTU6A,31,2
CA,0,305.0,2,440,0,0,0,0,0,0
CD, ,0,0,0,RIM,0,0.0,291.0,6.0,2,1500,0,0,0,0,0,0
CI,0, ,0.0,229.0,0,0,0,1,180,0,0,0
CF,D269L,44.021811,12.339617,0,RIM,269.0,12.0,269.0,3.0,2,4500,0,0,0,0,0,0
TF,D269V,44.026833,12.108719,0, ,0.0,0.0,0.0,0.0,2,9000,0,0,0,0,0,0
TF,EKTUK,44.034167,11.914167,0, ,0.0,0.0,0.0,0.0,2,11000,0,0,0,0,0,0

SID,EKTU6B,13,2
CA,0,125.0,2,440,0,0,0,0,0,0
CD, ,0,0,0,RIM,0,0.0,139.0,5.0,2,1500,0,0,0,0,0,0
CF,RIM,44.015167,12.616639,1,RIM,0.0,0.0,262.0,5.0,2,4000,0,1,210,0,0,0
TF,D269L,44.021811,12.339617,0, ,0.0,0.0,0.0,0.0,2,4500,0,0,0,0,0,0
TF,D269V,44.026833,12.108719,0, ,0.0,0.0,0.0,0.0,2,9000,0,0,0,0,0,0
TF,EKTUK,44.034167,11.914167,0, ,0.0,0.0,0.0,0.0,2,11000,0,0,0,0,0,0

SID,OMAK6A,31,2
CA,0,305.0,2,440,0,0,0,0,0,0
CA,0,291.0,2,1500,0,0,0,0,0,0
CI,0, ,0.0,308.0,0,0,0,0,0,0,0,0
CF,RIMED,44.270789,11.902306,0,ANC,299.7,79.5,290.0,28.0,2,10500,0,0,0,0,0,1
CI,0, ,0.0,227.0,0,0,0,0,0,0,0,0
CF,OMAKU,44.146667,11.386389,0,BOA,168.0,23.8,272.0,12.0,2,11000,0,0,0,0,0,0

SID,OMAK6B,13,2
CA,0,125.0,2,440,0,0,0,0,0,0
CA,0,139.0,2,1500,0,0,0,0,0,0
CF,RIM,44.079028,12.506000,1,ANC,303.5,51.3,286.0,10.0,2,5000,0,1,210,0,0,0
TF,RIMED,44.270789,11.902306,0, ,0.0,0.0,0.0,0.0,2,10500,0,0,0,0,0,1
CI,0, ,0.0,227.0,0,0,0,0,0,0,0,0
CF,OMAKU,44.146667,11.386389,0,BOA,168.0,23.8,272.0,12.0,2,11000,0,0,0,0,0,0

STAR,AMLO2C,31,2
IF,AMLON,44.339167,12.876389, ,0.0,0.0,0,0,0,0,0,0,0,0
TF,D042R,44.226011,12.913006,0, ,0.0,0.0,0.0,0.0,0,0,0,0,0,0,0,0
AF,D113R,43.883033,12.989475,2,RIM,113.0,18.0,42.0,0,0,0,0,0,0,0,0
CF,ROGAK,43.874722,12.902778,0,RIM,121.1,15.0,301.0,1.0,0,0,0,0,0,0,0,0

STAR,AMLO2D,13,2
IF,AMLON,44.339167,12.876389, ,0.0,0.0,0,0,0,0,0,0,0,0
TF,D027R,44.275078,12.824744,0, ,0.0,0.0,0.0,0.0,0,0,0,0,0,0,0,0
AF,D315R,44.237781,12.337408,1,RIM,315.0,18.0,27.0,0,0,0,0,0,0,0,0
CF,BAPIL,44.178889,12.354444,0,RIM,308.0,15.0,128.0,1.0,0,0,0,0,0,0,0,0

STAR,AMLO3A,ALL,2
IF,AMLON,44.339167,12.876389, ,0.0,0.0,0,0,0,0,0,0,0,0
TF,RIM,44.015167,12.616639,0, ,0.0,0.0,0.0,0.0,0,0,0,0,0,0,0,0

STAR,AMLO3B,ALL,2
IF,AMLON,44.339167,12.876389, ,0.0,0.0,0,0,0,0,0,0,0,0
TF,RIM,44.079028,12.506000,0, ,0.0,0.0,0.0,0.0,0,0,0,0,0,0,0,0

STAR,ANC2C,31,2
IF,ANC,43.586444,13.471111, ,0.0,0.0,0,0,0,0,0,0,0,0
TF,D302S,43.767542,13.113122,0, ,0.0,0.0,0.0,0.0,0,0,0,0,0,0,0,0
TF,ROGAK,43.874722,12.902778,0, ,0.0,0.0,0.0,0.0,0,0,0,0,0,0,0,0

STAR,ANC2D,13,2
IF,ANC,43.586444,13.471111, ,0.0,0.0,0,0,0,0,0,0,0,0
CD, ,0,0,0,ANC,0,0.0,302.0,19.0,0,0,0,0,0,0,0,0
CF,RIM,44.015167,12.616639,0,RIM,0.0,0.0,301.0,26.0,0,0,0,0,0,0,0,0
TF,BAPIL,44.178889,12.354444,0, ,0.0,0.0,0.0,0.0,0,0,0,0,0,0,0,0

STAR,ANC3A,ALL,2
IF,ANC,43.586444,13.471111, ,0.0,0.0,0,0,0,0,0,0,0,0
TF,D121Z,43.769158,13.110003,0, ,0.0,0.0,0.0,0.0,0,0,0,0,0,0,0,0
TF,RIM,44.015167,12.616639,0, ,0.0,0.0,0.0,0.0,0,0,0,0,0,0,0,0

STAR,ANC3B,ALL,2
IF,ANC,43.586444,13.471111, ,0.0,0.0,0,0,0,0,0,0,0,0
TF,D302S,43.767542,13.113122,0, ,0.0,0.0,0.0,0.0,0,0,0,0,0,0,0,0
TF,RIM,44.079028,12.506000,0, ,0.0,0.0,0.0,0.0,0,0,0,0,0,0,0,0

STAR,ASDO2C,31,2
IF,ASDOR,43.784722,12.399722, ,0.0,0.0,0,0,0,0,0,0,0,0
TF,D166R,43.720619,12.695575,0, ,0.0,0.0,0.0,0.0,0,0,0,0,0,0,0,0
AF,D135R,43.791864,12.893783,1,RIM,135.0,18.0,166.0,0,0,0,0,0,0,0,0
AF,D129R,43.813992,12.924553,1,RIM,129.0,18.0,135.0,0,0,0,0,0,0,0,0
CF,ROGAK,43.874722,12.902778,0,RIM,122.1,15.0,301.0,1.0,0,0,0,0,0,0,0,0

STAR,ASDO2D,13,2
IF,ASDOR,43.784722,12.399722, ,0.0,0.0,0,0,0,0,0,0,0,0
TF,D221R,43.797414,12.331153,0, ,0.0,0.0,0.0,0.0,0,0,0,0,0,0,0,0
AF,D263R,43.993483,12.202061,2,RIM,263.0,18.0,221.0,0,0,0,0,0,0,0,0
AF,D300R,44.178033,12.267011,2,RIM,300.0,18.0,263.0,0,0,0,0,0,0,0,0
CF,BAPIL,44.178889,12.354444,0,RIM,308.0,15.0,128.0,2.0,0,0,0,0,0,0,0,0

STAR,ASDO3A,ALL,2
IF,ASDOR,43.784722,12.399722, ,0.0,0.0,0,0,0,0,0,0,0,0
TF,D211K,43.863639,12.473772,0, ,0.0,0.0,0.0,0.0,0,0,0,0,0,0,0,0
TF,D211F,43.932536,12.538622,0, ,0.0,0.0,0.0,0.0,0,0,0,0,0,0,0,0
TF,RIM,44.015167,12.616639,0, ,0.0,0.0,0.0,0.0,0,0,0,0,0,0,0,0

STAR,ASDO3B,ALL,2
IF,ASDOR,43.784722,12.399722, ,0.0,0.0,0,0,0,0,0,0,0,0
TF,RIM,44.079028,12.506000,0, ,0.0,0.0,0.0,0.0,0,0,0,0,0,0,0,0

STAR,BAGN2A,31,2
IF,BAGNO,43.890556,11.802222, ,0.0,0.0,0,0,0,0,0,0,0,0
CD, ,0,0,0,RIM,0,0.0,74.0,18.0,0,0,0,0,0,0,0,0
CF,RIM,44.015167,12.616639,0,RIM,0.0,0.0,74.0,18.0,0,0,0,0,0,0,0,0
TF,ROGAK,43.874722,12.902778,0, ,0.0,0.0,0.0,0.0,0,0,0,0,0,0,0,0

STAR,BAGN2C,31,2
IF,BAGNO,43.890556,11.802222, ,0.0,0.0,0,0,0,0,0,0,0,0
TF,ASDOR,43.784722,12.399722,0, ,0.0,0.0,0.0,0.0,0,0,0,0,0,0,0,0
TF,D166R,43.720619,12.695575,0, ,0.0,0.0,0.0,0.0,0,0,0,0,0,0,0,0
AF,D135R,43.791864,12.893783,1,RIM,135.0,18.0,166.0,0,0,0,0,0,0,0,0
AF,D129R,43.813992,12.924553,1,RIM,129.0,18.0,135.0,0,0,0,0,0,0,0,0
CF,ROGAK,43.874722,12.902778,0,RIM,121.1,15.0,301.0,1.0,0,0,0,0,0,0,0,0

STAR,BAGN2D,13,2
IF,BAGNO,43.890556,11.802222, ,0.0,0.0,0,0,0,0,0,0,0,0
CD, ,0,0,0,RIM,0,0.0,74.0,20.0,0,0,0,0,0,0,0,0
CI,0, ,0.0,74.0,0,0,0,0,0,0,0,0
AF,D300R,44.178033,12.267011,2,RIM,300.0,18.0,254.0,0,0,0,0,0,0,0,0
CF,BAPIL,44.178889,12.354444,0,RIM,309.0,15.0,128.0,1.0,0,0,0,0,0,0,0,0

APPTR,D13-Y,13,BAPIL
IF,BAPIL,44.178889,12.354444, ,0.0,0.0,2,3000,0,0,0,0,1,0
CF,D308K,44.135289,12.424506,0,RIM,308.0,11.0,128.0,4.0,2,2200,0,0,0,0,1,0
CF,D308H,44.102561,12.476983,0,RIM,308.0,8.0,128.0,3.0,2,1660,0,0,0,0,0,0
CF,FD13Y,44.080728,12.511933,0,RIM,308.0,6.0,128.0,2.0,2,1660,0,0,0,0,0,0

FINAL,D13-Y,13,D,2
IF,FD13Y,44.080728,12.511933,RIM,308.0,6.0,2,1660,0,0,0,0,2,0
CF,RW13,44.026803,12.600064,0,RIM,311.2,0.0,128.0,5.0,1,70,0,0,0,0,3,0
CF,RIM,44.015167,12.616639,0,RIM,0.0,0.0,128.0,1.0,0,0,0,0,0,0,0,0
FA,RIM,44.015167,12.616639,0,RIM,0.0,0.0,139.0,2,1300,0,0,0,0,0,0
DF,RIM,44.015167,12.616639,1, ,0.0,0.0,0,0,0,1,210,0,0,0
CF,BAPIL,44.178889,12.354444,0,RIM,308.0,15.0,308.0,15.0,1,3000,0,0,0,0,0,0
HM,BAPIL,44.178889,12.354444,1, ,0.0,0.0,128.0,05,2,3000,0,1,265,0,0,0,0

APPTR,D13-Z,13,RIM
IF,RIM,44.015167,12.616639, ,0.0,0.0,2,4000,0,0,0,0,0,0
FD,RIM,44.015167,12.616639,0,RIM,0.0,10.0,331.0,10.0,2,1900,0,1,230,0,0,0
CF,D308J,44.124383,12.442006,1,RIM,308.0,10.0,128.0,1.0,2,1900,0,0,0,0,0,0
CF,D308G,44.091644,12.494461,0,RIM,308.0,7.0,128.0,3.0,2,1350,0,0,0,0,0,0
CF,FD13Z,44.069808,12.529400,0,RIM,308.0,5.0,128.0,2.0,2,1350,0,0,0,0,0,0

FINAL,D13-Z,13,D,2
IF,FD13Z,44.069808,12.529400,RIM,308.0,5.0,2,1350,0,0,0,0,2,0
CF,RW13,44.026803,12.600064,0,RIM,311.2,0.0,128.0,4.0,1,70,0,0,0,0,3,0
CF,RIM,44.015167,12.616639,0,RIM,0.0,0.0,128.0,1.0,0,0,0,0,0,0,0,0
FA,RIM,44.015167,12.616639,0,RIM,0.0,0.0,139.0,2,1500,0,0,0,0,0,0
DF,RIM,44.015167,12.616639,1, ,0.0,0.0,1,4000,0,1,210,0,0,0
HM,RIM,44.015167,12.616639,2, ,0.0,0.0,309.0,04.3,2,4000,0,0,0,0,0,0,0

APPTR,D31-Y,31,ROGAK
IF,ROGAK,43.874722,12.902778, ,0.0,0.0,2,3000,0,0,0,0,1,0
CF,D121K,43.912444,12.826903,0,RIM,121.0,11.0,301.0,4.0,2,2500,0,0,0,0,1,0
CF,D121H,43.940497,12.769631,0,RIM,121.0,8.0,301.0,3.0,2,1900,0,0,0,0,0,0
CF,FD31,43.959183,12.731417,0,RIM,121.0,6.0,301.0,2.0,2,1900,0,0,0,0,0,0

FINAL,D31-Y,31,D,3
IF,FD31,43.959183,12.731417,RIM,121.0,6.0,2,1900,0,0,0,0,2,0
CF,40VOR,43.977858,12.693181,0,RIM,121.0,4.0,301.0,2.0,2,1100,0,0,0,0,0,0
CF,MD31,44.005844,12.635783,0,RIM,121.0,0.0,301.0,3.0,1,322,0,0,0,0,3,0
CF,RIM,44.015167,12.616639,0,RIM,0.0,0.0,301.0,1.0,0,0,0,0,0,0,0,0
FA,RIM,44.015167,12.616639,0,RIM,0.0,0.0,291.0,2,1100,0,0,0,0,0,0
CI,2, ,0.0,169.0,0,0,0,1,210,0,0,0
CF,ROGAK,43.874722,12.902778,0,RIM,121.1,15.0,121.0,14.0,1,3000,0,0,0,0,0,0
HM,ROGAK,43.874722,12.902778,2, ,0.0,0.0,301.0,05,2,3000,0,1,265,0,0,0,0

APPTR,D31-Z,31,RIM
IF,RIM,44.015167,12.616639, ,0.0,0.0,2,4000,0,0,0,0,0,0
FD,RIM,44.015167,12.616639,0,RIM,0.0,8.5,92.0,8.5,2,2100,0,0,0,0,0,0
CF,D121I,43.935825,12.779178,2,RIM,121.0,8.5,301.0,1.0,2,2100,0,0,0,0,0,0
CF,RIM08,43.945169,12.760078,0,RIM,121.0,7.5,301.0,1.0,2,1900,0,0,0,0,0,0
CF,FD31,43.959183,12.731417,0,RIM,121.0,6.0,301.0,1.5,2,1900,0,0,0,0,0,0

FINAL,D31-Z,31,D,3
IF,FD31,43.959183,12.731417,RIM,121.0,6.0,2,1900,0,0,0,0,2,0
CF,40VOR,43.977858,12.693181,0,RIM,121.0,4.0,301.0,2.0,2,1100,0,0,0,0,0,0
CF,MD31,44.005844,12.635783,0,RIM,121.0,0.0,301.0,3.0,1,322,0,0,0,0,3,0
CF,RIM,44.015167,12.616639,0,RIM,0.0,0.0,301.0,1.0,0,0,0,0,0,0,0,0
FA,RIM,44.015167,12.616639,0,RIM,0.0,0.0,291.0,2,1500,0,0,0,0,0,0
DF,RIM,44.015167,12.616639,2, ,0.0,0.0,1,4000,0,0,0,0,0,0
HM,RIM,44.015167,12.616639,1, ,0.0,0.0,119.0,04.3,2,4000,0,0,0,0,0,0,0

APPTR,I31-Y,31,ROGAK
IF,ROGAK,43.874722,12.902778, ,0.0,0.0,2,3000,0,0,0,0,1,0
CF,CF31,43.894258,12.836961,0,MIR,124.7,13.4,289.0,3.1,2,3000,0,0,0,0,1,0

FINAL,I31-Y,31,I,3
IF,CF31,43.894258,12.836961,MIR,124.7,13.4,2,3000,0,0,0,0,0,0
CF,FF31,43.920833,12.789611,0,MIR,124.7,10.8,304.0,2.6,1,3000,0,0,0,0,2,0
CF,RW31,44.013731,12.623503,0,MIR,124.7,1.7,304.0,9.1,1,96,0,0,0,0,3,0
CA,0,304.0,2,1500,0,0,0,0,0,0
DF,RIM,44.015167,12.616639,2, ,0.0,0.0,0,0,0,1,210,0,0,0
CF,ROGAK,43.874722,12.902778,0,ANC,303.2,30.2,121.0,15.0,1,3000,0,0,0,0,0,0
HM,ROGAK,43.874722,12.902778,2, ,0.0,0.0,301.0,05,2,3000,0,1,265,0,0,0,0

APPTR,I31-Z,31,RIM1
IF,RIM,44.015167,12.616639, ,0.0,0.0,2,4000,0,0,0,0,0,0
FD,RIM,44.015167,12.616639,0,RIM,0.0,12.0,107.0,12.0,2,3000,0,1,240,0,0,0
CF,CF31,43.894258,12.836961,2,MIR,124.7,13.4,304.0,1.0,2,3000,0,0,0,0,1,0

APPTR,I31-Z,31,RIM2
IF,RIM,44.015167,12.616639, ,0.0,0.0,2,4000,0,0,0,0,0,0
FD,RIM,44.015167,12.616639,0,RIM,0.0,12.0,117.0,12.0,2,3000,0,0,0,0,0,0
CF,CF31,43.894258,12.836961,2,MIR,124.7,13.4,304.0,1.0,2,3000,0,0,0,0,1,0

FINAL,I31-Z,31,I,3
IF,CF31,43.894258,12.836961,MIR,124.7,13.4,2,3000,0,0,0,0,0,0
CF,FF31,43.920833,12.789611,0,MIR,124.7,10.8,304.0,2.6,1,3000,0,0,0,0,2,0
CF,RW31,44.013731,12.623503,0,MIR,124.7,1.7,304.0,9.1,1,96,0,0,0,0,3,0
CF,D304F,44.077064,12.507658,0,RIM,305.3,6.0,304.0,6.3,2,1100,0,0,0,0,0,0
CI,0, ,0.0,304.0,0,0,0,1,185,0,0,0
AF,D360H,44.148325,12.626331,2,RIM,360.0,8.0,304.0,0,0,0,0,0,0,0,0
CI,0, ,0.0,60.0,0,0,0,0,0,0,0,0
CF,RUKOK,44.176389,12.692500,0,FOL,90.0,27.0,15.0,3.0,1,3000,0,0,0,0,0,0
HM,RUKOK,44.176389,12.692500,1, ,0.0,0.0,195.0,05,2,3000,0,1,210,0,0,0,0

APPTR,N13,13,RIM
IF,RIM,44.079028,12.506000, ,0.0,0.0,2,4000,0,0,0,0,0,0
FC,RIM,44.079028,12.506000,0,RIM,0.0,0.0,343.0,5.8,2,2800,0,1,230,0,0,1
CF,RIM06,44.137156,12.398794,1,RIM,304.9,11.9,124.0,1.0,2,2800,0,0,0,0,0,0
CF,RIM,44.079028,12.506000,0,RIM,305.7,6.1,124.0,5.8,2,1690,0,0,0,0,0,0

FINAL,N13,13,N,2
IF,RIM,44.079028,12.506000,RIM,0.0,0.0,2,1690,0,0,0,0,2,0
CF,RW13,44.026803,12.600064,0,RIM,0.0,0.0,124.0,5.1,1,70,0,0,0,0,3,0
FA,RW13,44.026803,12.600064,0,RIM,0.0,0.0,139.0,2,1800,0,0,0,0,0,0
DF,RIM,44.079028,12.506000,1, ,0.0,0.0,1,4000,0,1,230,0,0,0
HM,RIM,44.079028,12.506000,1, ,0.0,0.0,314.0,04.3,2,4000,0,0,0,0,0,0,0

