SID,BIDM6J,22,2
CD, ,0,0,0,IFA,0,0.0,223.0,7.0,2,2800,0,0,0,0,0,0
CI,2, ,0.0,332.0,0,0,0,1,220,0,0,0
CF,BIDMA,43.661931,13.071364,0,ANC,282.7,18.0,283.0,4.0,2,9500,0,0,0,0,0,0

SID,BIDM6M,04,2
CD, ,0,0,0,FAL,0,0.0,43.0,7.0,2,1200,0,0,0,0,0,0
CF,BIDMA,43.661931,13.071364,1,ANC,282.7,18.0,255.0,14.0,2,9500,0,1,210,0,0,0

SID,BIDM7K,22,2
CD, ,0,0,0,IFA,0,0.0,223.0,7.0,2,2500,0,0,0,0,0,0
VI,1, ,0.0,65.0,0,0,0,1,220,0,0,0
CF,D215C,43.546497,13.429733,0,ANC,215.0,3.0,35.0,3.0,2,5000,0,0,0,0,0,1
CF,BIDMA,43.661931,13.071364,1,ANC,282.7,18.0,283.0,15.0,2,9500,0,1,220,0,0,0

SID,BIDM7N,04,2
CD, ,0,0,0,FAL,0,0.0,43.0,7.0,2,1200,0,0,0,0,0,0
CD, ,0,0,0,FAL,0,0.0,43.0,11.0,2,2900,0,0,0,0,0,0
CF,FAL,43.628222,13.373528,2,ANC,298.5,4.9,261.0,7.0,2,6000,0,1,220,0,0,0
TF,BIDMA,43.661931,13.071364,0, ,0.0,0.0,0.0,0.0,2,9500,0,0,0,0,0,0

SID,BIDM7P,22,2
CD, ,0,0,0,IFA,0,0.0,223.0,7.0,2,2500,0,0,0,0,0,0
VI,1, ,0.0,43.0,0,0,0,1,220,0,0,0
CF,FAL,43.628222,13.373528,0,ANC,298.5,4.9,358.0,7.0,2,6000,0,0,0,0,0,0
TF,BIDMA,43.661931,13.071364,0, ,0.0,0.0,0.0,0.0,2,9500,0,0,0,0,0,0

SID,BIDM8H,04,2
CD, ,0,0,0,FAL,0,0.0,43.0,7.0,2,1200,0,0,0,0,0,0
CD, ,0,0,0,FAL,0,0.0,43.0,11.0,2,2900,0,0,0,0,0,0
CF,D041C,43.623006,13.518058,2,ANC,41.0,3.0,221.0,3.0,2,5000,0,1,220,0,0,0
VI,0, ,0.0,253.0,0,0,0,1,220,0,0,0
CF,BIDMA,43.661931,13.071364,0,ANC,282.7,18.0,283.0,16.0,2,9500,0,0,0,0,0,0

SID,ERLI6H,04,2
CD, ,0,0,0,FAL,0,0.0,43.0,7.0,2,1200,0,0,0,0,0,0
CD, ,0,0,0,FAL,0,0.0,43.0,11.0,2,2900,0,0,0,0,0,0
CF,D041C,43.623006,13.518058,2,ANC,41.0,3.0,221.0,3.0,2,5000,0,1,220,0,0,0
TF,ANC,43.586444,13.471111,0, ,0.0,0.0,0.0,0.0,0,0,0,0,0,0,0,0
TF,D226O,43.417567,13.217794,0, ,0.0,0.0,0.0,0.0,2,9500,0,0,0,0,0,0
TF,ERLIT,43.383725,13.167303,0, ,0.0,0.0,0.0,0.0,0,0,0,0,0,0,0,0

SID,ERLI6J,22,2
CD, ,0,0,0,IFA,0,0.0,223.0,7.0,2,3400,0,0,0,0,0,0
CF,D226O,43.417567,13.217794,0,ANC,225.6,15.0,188.0,7.0,2,8000,0,1,220,0,0,0
TF,ERLIT,43.383725,13.167303,0, ,0.0,0.0,0.0,0.0,2,9500,0,0,0,0,0,0

SID,ERLI6K,22,2
CD, ,0,0,0,IFA,0,0.0,223.0,7.0,2,2500,0,0,0,0,0,0
VI,1, ,0.0,65.0,0,0,0,1,220,0,0,0
CF,D215C,43.546497,13.429733,0,ANC,215.0,3.0,35.0,3.0,2,5000,0,0,0,0,0,0
TF,ANC,43.586444,13.471111,0, ,0.0,0.0,0.0,0.0,0,0,0,0,0,0,0,1
CI,1, ,0.0,196.0,0,0,0,0,0,0,0,0
CF,D226O,43.417567,13.217794,0,ANC,225.6,15.0,226.0,9.0,2,8000,0,0,0,0,0,0
TF,ERLIT,43.383725,13.167303,0, ,0.0,0.0,0.0,0.0,2,9500,0,0,0,0,0,0

SID,ERLI6N,04,2
CD, ,0,0,0,FAL,0,0.0,43.0,7.0,2,1200,0,0,0,0,0,0
CD, ,0,0,0,FAL,0,0.0,43.0,11.0,2,2900,0,0,0,0,0,0
CF,FAL,43.628222,13.373528,2,ANC,298.5,4.9,261.0,7.0,2,6000,0,1,220,0,0,0
TF,D203J,43.425814,13.202661,0, ,0.0,0.0,0.0,0.0,2,9500,0,0,0,0,0,0
TF,ERLIT,43.383725,13.167303,0, ,0.0,0.0,0.0,0.0,0,0,0,0,0,0,0,0

SID,ERLI7P,22,2
CD, ,0,0,0,IFA,0,0.0,223.0,7.0,2,3400,0,0,0,0,0,0
CI,0, ,0.0,180.0,0,0,0,1,220,0,0,0
CF,D203J,43.425814,13.202661,0,ANC,228.7,15.2,210.0,4.0,2,8000,0,0,0,0,0,0
TF,ERLIT,43.383725,13.167303,0, ,0.0,0.0,0.0,0.0,2,9500,0,0,0,0,0,0

SID,GERB6J,22,2
CD, ,0,0,0,IFA,0,0.0,223.0,7.0,2,2500,0,0,0,0,0,0
VI,1, ,0.0,65.0,0,0,0,1,220,0,0,0
CF,D215C,43.546497,13.429733,0,ANC,215.0,3.0,35.0,3.0,2,5000,0,0,0,0,0,1
CF,GERBU,43.344044,13.623878,2,ANC,153.3,16.0,153.0,13.0,2,9500,0,1,220,0,0,0

SID,GERB6N,04,2
CD, ,0,0,0,FAL,0,0.0,43.0,7.0,2,1200,0,0,0,0,0,0
CD, ,0,0,0,FAL,0,0.0,43.0,11.0,2,2900,0,0,0,0,0,0
CF,FAL,43.628222,13.373528,2,ANC,298.5,4.9,261.0,7.0,2,6000,0,1,220,0,0,0
TF,GERBU,43.344044,13.623878,1, ,0.0,0.0,0.0,0.0,2,9500,0,0,0,0,0,0

SID,GERB6P,22,2
CD, ,0,0,0,IFA,0,0.0,223.0,7.0,2,2500,0,0,0,0,0,0
VI,1, ,0.0,43.0,0,0,0,1,220,0,0,0
CF,FAL,43.628222,13.373528,0,ANC,298.5,4.9,358.0,7.0,2,6000,0,0,0,0,0,0
TF,GERBU,43.344044,13.623878,2, ,0.0,0.0,0.0,0.0,2,9500,0,0,0,0,0,0

SID,GERB7H,04,2
CD, ,0,0,0,FAL,0,0.0,43.0,7.0,2,1200,0,0,0,0,0,0
CD, ,0,0,0,FAL,0,0.0,43.0,11.0,2,2900,0,0,0,0,0,0
CF,D041C,43.623006,13.518058,2,ANC,41.0,3.0,221.0,3.0,2,5000,0,1,220,0,0,0
VI,0, ,0.0,183.0,0,0,0,1,220,0,0,0
CF,GERBU,43.344044,13.623878,0,ANC,153.3,16.0,153.0,14.0,2,9500,0,0,0,0,0,0

SID,KEGE6N,04,2
CD, ,0,0,0,FAL,0,0.0,43.0,7.0,2,1200,0,0,0,0,0,0
CD, ,0,0,0,FAL,0,0.0,43.0,11.0,2,2900,0,0,0,0,0,0
CI,2, ,0.0,138.0,0,0,0,1,220,0,0,0
CF,KEGED,43.578819,13.837847,0,ANC,89.5,16.0,96.0,8.0,2,9500,0,0,0,0,0,0

SID,KEGE6P,22,2
CD, ,0,0,0,IFA,0,0.0,223.0,7.0,2,2500,0,0,0,0,0,0
VI,1, ,0.0,43.0,0,0,0,1,220,0,0,0
CF,FAL,43.628222,13.373528,0,ANC,298.5,4.9,358.0,7.0,2,6000,0,0,0,0,0,0
TF,KEGED,43.578819,13.837847,2, ,0.0,0.0,0.0,0.0,2,9500,0,0,0,0,0,0

SID,KEGE7J,22,2
CD, ,0,0,0,IFA,0,0.0,223.0,7.0,2,2500,0,0,0,0,0,0
VI,1, ,0.0,65.0,0,0,0,1,220,0,0,0
CF,D215C,43.546497,13.429733,0,ANC,215.0,3.0,35.0,3.0,2,5000,0,0,0,0,0,0
VI,0, ,0.0,59.0,0,0,0,0,0,0,0,0
CF,KEGED,43.578819,13.837847,0,ANC,89.5,16.0,89.0,15.0,2,9500,0,0,0,0,0,0

SID,KEGE8H,04,2
CD, ,0,0,0,FAL,0,0.0,43.0,7.0,2,1200,0,0,0,0,0,0
CD, ,0,0,0,FAL,0,0.0,43.0,11.0,2,2900,0,0,0,0,0,0
CI,2, ,0.0,138.0,0,0,0,1,220,0,0,0
CF,KEGED,43.578819,13.837847,0,ANC,89.5,16.0,89.0,8.0,2,9500,0,0,0,0,0,0

SID,LANL6L,22,5
CF,PY601,43.538803,13.251986,0,ANC,251.4,10.0,223.0,6.0,2,3000,0,1,210,0,0,1
DF,PY602,43.625264,13.129542,2, ,0.0,0.0,0,0,0,1,210,0,0,0
TF,PY603,43.698692,13.160147,0, ,0.0,0.0,0.0,0.0,0,0,0,0,0,0,0,0
TF,PY604,43.805911,13.243544,0, ,0.0,0.0,0.0,0.0,0,0,0,1,220,0,0,0
TF,LANLI,43.957308,13.180475,0, ,0.0,0.0,0.0,0.0,2,9500,0,0,0,0,0,0

SID,LANL6N,04,2
CD, ,0,0,0,FAL,0,0.0,43.0,7.0,2,1200,0,0,0,0,0,0
CD, ,0,0,0,FAL,0,0.0,43.0,11.0,2,2900,0,0,0,0,0,0
CF,FAL,43.628222,13.373528,2,ANC,298.5,4.9,261.0,7.0,2,6000,0,1,220,0,0,0
TF,LANLI,43.957308,13.180475,0, ,0.0,0.0,0.0,0.0,2,9500,0,0,0,0,0,0

SID,LANL6P,22,2
CD, ,0,0,0,IFA,0,0.0,223.0,7.0,2,2500,0,0,0,0,0,0
VI,1, ,0.0,43.0,0,0,0,1,220,0,0,0
CF,FAL,43.628222,13.373528,0,ANC,298.5,4.9,358.0,7.0,2,6000,0,0,0,0,0,0
TF,LANLI,43.957308,13.180475,0, ,0.0,0.0,0.0,0.0,2,9500,0,0,0,0,0,0

SID,LANL7J,22,2
CD, ,0,0,0,IFA,0,0.0,223.0,7.0,2,2500,0,0,0,0,0,0
VI,1, ,0.0,65.0,0,0,0,1,220,0,0,0
CF,D215C,43.546497,13.429733,0,ANC,215.0,3.0,35.0,3.0,2,5000,0,0,0,0,0,0
VI,0, ,0.0,13.0,0,0,0,0,0,0,0,0
CF,LANLI,43.957308,13.180475,0,ANC,328.5,25.6,328.0,25.0,2,9500,0,0,0,0,0,0

SID,LANL8H,04,2
CD, ,0,0,0,FAL,0,0.0,43.0,7.0,2,1200,0,0,0,0,0,0
CF,D340O,43.824189,13.364394,0,ANC,340.0,15.0,340.0,10.0,2,4000,0,0,0,0,0,1
CI,0, ,0.0,300.0,0,0,0,0,0,0,0,0
CF,LANLI,43.957308,13.180475,0,ANC,328.5,25.6,328.0,5.0,2,9500,0,0,0,0,0,0

SID,MASE6J,22,2
CD, ,0,0,0,IFA,0,0.0,223.0,7.0,2,2500,0,0,0,0,0,0
VI,1, ,0.0,65.0,0,0,0,1,220,0,0,0
CF,D215C,43.546497,13.429733,0,ANC,215.0,3.0,35.0,3.0,2,5000,0,0,0,0,0,0
VI,0, ,0.0,98.0,0,0,0,1,220,0,0,0
CF,MASEG,43.412894,13.749328,0,ANC,128.5,16.0,128.0,14.0,2,9500,0,0,0,0,0,0

SID,MASE6N,04,2
CD, ,0,0,0,FAL,0,0.0,43.0,7.0,2,1200,0,0,0,0,0,0
CD, ,0,0,0,FAL,0,0.0,43.0,11.0,2,2900,0,0,0,0,0,0
CF,FAL,43.628222,13.373528,2,ANC,298.5,4.9,261.0,7.0,2,6000,0,1,220,0,0,0
TF,MASEG,43.412894,13.749328,1, ,0.0,0.0,0.0,0.0,2,9500,0,0,0,0,0,0

SID,MASE6P,22,2
CD, ,0,0,0,IFA,0,0.0,223.0,7.0,2,2500,0,0,0,0,0,0
VI,1, ,0.0,43.0,0,0,0,1,220,0,0,0
CF,FAL,43.628222,13.373528,0,ANC,298.5,4.9,358.0,7.0,2,6000,0,0,0,0,0,0
TF,MASEG,43.412894,13.749328,2, ,0.0,0.0,0.0,0.0,2,9500,0,0,0,0,0,0

SID,MASE7H,04,2
CD, ,0,0,0,FAL,0,0.0,43.0,7.0,2,1200,0,0,0,0,0,0
CD, ,0,0,0,FAL,0,0.0,43.0,11.0,2,2900,0,0,0,0,0,0
CF,D041C,43.623006,13.518058,2,ANC,41.0,3.0,221.0,3.0,2,5000,0,1,220,0,0,0
VI,0, ,0.0,158.0,0,0,0,1,220,0,0,0
CF,MASEG,43.412894,13.749328,0,ANC,128.5,16.0,128.0,14.0,2,9500,0,0,0,0,0,0

STAR,ANC1B,22,2
IF,ANC,43.586444,13.471111, ,0.0,0.0,0,0,0,0,0,0,0,0
TF,FAL,43.628222,13.373528,0, ,0.0,0.0,0.0,0.0,0,0,0,0,0,0,0,0

STAR,ANC2A,ERL1A,1
IF,ERLIT,43.383725,13.167303, ,0.0,0.0,0,0,0,0,0,0,0,0
TF,ANC,43.586444,13.471111,0, ,0.0,0.0,0.0,0.0,0,0,0,0,0,0,0,0

STAR,ANC2A,GER1A,1
IF,GERBU,43.344044,13.623878, ,0.0,0.0,0,0,0,0,0,0,0,0
TF,ANC,43.586444,13.471111,0, ,0.0,0.0,0.0,0.0,0,0,0,0,0,0,0,0

STAR,ANC2A,KEG1A,1
IF,KEGED,43.578819,13.837847, ,0.0,0.0,0,0,0,0,0,0,0,0
TF,ANC,43.586444,13.471111,0, ,0.0,0.0,0.0,0.0,0,0,0,0,0,0,0,0

STAR,ANC2A,LAN2A,1
IF,LANLI,43.957308,13.180475, ,0.0,0.0,0,0,0,0,0,0,0,0
TF,ANC,43.586444,13.471111,0, ,0.0,0.0,0.0,0.0,0,0,0,0,0,0,0,0

STAR,ANC2A,MAS1A,1
IF,MASEG,43.412894,13.749328, ,0.0,0.0,0,0,0,0,0,0,0,0
TF,ANC,43.586444,13.471111,0, ,0.0,0.0,0.0,0.0,0,0,0,0,0,0,0,0

STAR,ANC2A,SOR1A,1
IF,SORUG,43.678514,12.982397, ,0.0,0.0,0,0,0,0,0,0,0,0
TF,ANC,43.586444,13.471111,0, ,0.0,0.0,0.0,0.0,0,0,0,0,0,0,0,0

STAR,ANC2A,22,2
IF,ANC,43.586444,13.471111, ,0.0,0.0,0,0,0,0,0,0,0,0
TF,D039L,43.737264,13.652100,0, ,0.0,0.0,0.0,0.0,0,0,0,0,0,0,0,1
CF,LADUV,43.764167,13.565833,1,ANC,19.1,11.4,223.0,2.0,0,0,0,0,0,0,0,0
TF,KEPUM,43.740556,13.533333,0, ,0.0,0.0,0.0,0.0,0,0,0,0,0,0,0,0

STAR,ARKE1P,22,5
IF,ARKEM,43.453333,13.480556, ,0.0,0.0,0,0,0,0,0,0,0,0
TF,ANC,43.586444,13.471111,0, ,0.0,0.0,0.0,0.0,0,0,0,0,0,0,0,0
TF,PY406,43.667014,13.588989,0, ,0.0,0.0,0.0,0.0,0,0,0,0,0,0,0,0
TF,INRIB,43.728889,13.679722,0, ,0.0,0.0,0.0,0.0,4,5000,3000,0,0,0,0,0

STAR,ARKE2A,22,2
IF,ARKEM,43.453333,13.480556, ,0.0,0.0,0,0,0,0,0,0,0,0
TF,ANC,43.586444,13.471111,0, ,0.0,0.0,0.0,0.0,0,0,0,0,0,0,0,0
TF,D039L,43.737264,13.652100,0, ,0.0,0.0,0.0,0.0,0,0,0,0,0,0,0,1
CF,LADUV,43.764167,13.565833,1,ANC,19.1,11.4,223.0,2.0,0,0,0,0,0,0,0,0
TF,KEPUM,43.740556,13.533333,0, ,0.0,0.0,0.0,0.0,0,0,0,0,0,0,0,0

STAR,BIDM1R,22,5
IF,BIDMA,43.661931,13.071364, ,0.0,0.0,0,0,0,0,0,0,0,0
TF,PY402,43.669597,13.273433,0, ,0.0,0.0,0.0,0.0,0,0,0,0,0,0,0,0
TF,PY403,43.728675,13.354461,0, ,0.0,0.0,0.0,0.0,0,0,0,0,0,0,0,0
TF,PY404,43.787692,13.435650,0, ,0.0,0.0,0.0,0.0,0,0,0,0,0,0,0,0
TF,ADLUV,43.846667,13.516944,0, ,0.0,0.0,0.0,0.0,4,5000,3000,0,0,0,0,0

STAR,BIDM2B,22,2
IF,BIDMA,43.661931,13.071364, ,0.0,0.0,0,0,0,0,0,0,0,0
TF,FAL,43.628222,13.373528,0, ,0.0,0.0,0.0,0.0,0,0,0,0,0,0,0,0

STAR,ERED1C,ERL1C,1
IF,ERLIT,43.383725,13.167303, ,0.0,0.0,0,0,0,0,0,0,0,0
TF,D226P,43.406286,13.200956,0, ,0.0,0.0,0.0,0.0,0,0,0,0,0,0,0,0
CI,0, ,0.0,46.0,0,0,0,1,210,0,0,0
AF,D243N,43.487447,13.180617,2,ANC,243.0,14.0,226.0,0,0,0,0,0,0,0,0
CF,EREDO,43.543056,13.249731,0,ANC,253.0,10.0,73.0,3.0,0,0,0,1,210,0,0,0

STAR,ERED1C,SOR3B,1
IF,SORUG,43.678514,12.982397, ,0.0,0.0,0,0,0,0,0,0,0,0
TF,D283S,43.666081,13.049122,0, ,0.0,0.0,0.0,0.0,0,0,0,0,0,0,0,0
CI,0, ,0.0,103.0,0,0,0,0,0,0,0,0
AF,D261Q,43.551253,13.084394,1,ANC,261.0,17.0,283.0,0,0,0,0,0,0,0,0
CF,D253N,43.525622,13.161311,0,ANC,253.0,14.0,73.0,2.0,0,0,0,0,0,0,0,0
TF,EREDO,43.543056,13.249731,0, ,0.0,0.0,0.0,0.0,0,0,0,0,0,0,0,0

STAR,ERED1C,22,2
IF,EREDO,43.543056,13.249731, ,0.0,0.0,0,0,0,0,0,0,0,0
TF,FAL,43.628222,13.373528,0, ,0.0,0.0,0.0,0.0,0,0,0,0,0,0,0,0

STAR,ERED2A,ERL1C,1
IF,ERLIT,43.383725,13.167303, ,0.0,0.0,0,0,0,0,0,0,0,0
TF,D226P,43.406286,13.200956,0, ,0.0,0.0,0.0,0.0,0,0,0,0,0,0,0,0
CI,0, ,0.0,46.0,0,0,0,1,210,0,0,0
AF,D243N,43.487447,13.180617,2,ANC,243.0,14.0,226.0,0,0,0,0,0,0,0,0
CF,EREDO,43.543056,13.249731,0,ANC,253.0,10.0,73.0,3.0,0,0,0,1,210,0,0,0

STAR,ERED2A,SOR3B,1
IF,SORUG,43.678514,12.982397, ,0.0,0.0,0,0,0,0,0,0,0,0
TF,D283S,43.666081,13.049122,0, ,0.0,0.0,0.0,0.0,0,0,0,0,0,0,0,0
CI,0, ,0.0,103.0,0,0,0,0,0,0,0,0
AF,D261Q,43.551253,13.084394,1,ANC,261.0,17.0,283.0,0,0,0,0,0,0,0,0
CF,D253N,43.525622,13.161311,0,ANC,253.0,14.0,73.0,2.0,0,0,0,0,0,0,0,0
TF,EREDO,43.543056,13.249731,0, ,0.0,0.0,0.0,0.0,0,0,0,0,0,0,0,0

STAR,ERED2A,22,2
IF,EREDO,43.543056,13.249731, ,0.0,0.0,0,0,0,0,0,0,0,0
TF,ANC,43.586444,13.471111,0, ,0.0,0.0,0.0,0.0,0,0,0,0,0,0,0,0

STAR,ERED3B,ERL1C,1
IF,ERLIT,43.383725,13.167303, ,0.0,0.0,0,0,0,0,0,0,0,0
TF,D226P,43.406286,13.200956,0, ,0.0,0.0,0.0,0.0,0,0,0,0,0,0,0,0
CI,0, ,0.0,46.0,0,0,0,1,210,0,0,0
AF,D243N,43.487447,13.180617,2,ANC,243.0,14.0,226.0,0,0,0,0,0,0,0,0
CF,EREDO,43.543056,13.249731,0,ANC,253.0,10.0,73.0,3.0,0,0,0,1,210,0,0,0

STAR,ERED3B,SOR3B,1
IF,SORUG,43.678514,12.982397, ,0.0,0.0,0,0,0,0,0,0,0,0
TF,D283S,43.666081,13.049122,0, ,0.0,0.0,0.0,0.0,0,0,0,0,0,0,0,0
CI,0, ,0.0,103.0,0,0,0,0,0,0,0,0
AF,D261Q,43.551253,13.084394,1,ANC,261.0,17.0,283.0,0,0,0,0,0,0,0,0
CF,D253N,43.525622,13.161311,0,ANC,253.0,14.0,73.0,2.0,0,0,0,0,0,0,0,0
TF,EREDO,43.543056,13.249731,0, ,0.0,0.0,0.0,0.0,0,0,0,0,0,0,0,0

STAR,ERED3B,22,2
IF,EREDO,43.543056,13.249731, ,0.0,0.0,0,0,0,0,0,0,0,0
TF,ANC,43.586444,13.471111,0, ,0.0,0.0,0.0,0.0,0,0,0,0,0,0,0,0
TF,D039L,43.737264,13.652100,0, ,0.0,0.0,0.0,0.0,0,0,0,0,0,0,0,1
CF,LADUV,43.764167,13.565833,1,ANC,19.1,11.4,223.0,2.0,0,0,0,0,0,0,0,0
TF,KEPUM,43.740556,13.533333,0, ,0.0,0.0,0.0,0.0,0,0,0,0,0,0,0,0

STAR,ERLI1B,22,2
IF,ERLIT,43.383725,13.167303, ,0.0,0.0,0,0,0,0,0,0,0,0
TF,FAL,43.628222,13.373528,0, ,0.0,0.0,0.0,0.0,0,0,0,0,0,0,0,0

STAR,ERLI1D,22,2
IF,ERLIT,43.383725,13.167303, ,0.0,0.0,0,0,0,0,0,0,0,0
TF,D209O,43.410036,13.189400,0, ,0.0,0.0,0.0,0.0,0,0,0,0,0,0,0,1
CI,0, ,0.0,3.0,0,0,0,0,0,0,0,0
CF,EREDO,43.543056,13.249731,0,ANC,253.0,10.0,45.0,4.0,0,0,0,0,0,0,0,0
TF,FAL,43.628222,13.373528,0, ,0.0,0.0,0.0,0.0,0,0,0,0,0,0,0,0

STAR,FAL2A,22,2
IF,FAL,43.628222,13.373528, ,0.0,0.0,0,0,0,0,0,0,0,0
TF,D060N,43.727972,13.665800,0, ,0.0,0.0,0.0,0.0,0,0,0,0,0,0,0,1
CF,LADUV,43.764167,13.565833,1,ANC,19.1,11.4,223.0,3.0,0,0,0,0,0,0,0,0
TF,KEPUM,43.740556,13.533333,0, ,0.0,0.0,0.0,0.0,0,0,0,0,0,0,0,0

STAR,GERB1C,22,2
IF,GERBU,43.344044,13.623878, ,0.0,0.0,0,0,0,0,0,0,0,0
TF,FAL,43.628222,13.373528,0, ,0.0,0.0,0.0,0.0,0,0,0,0,0,0,0,0

STAR,GERB1R,22,5
IF,GERBU,43.344044,13.623878, ,0.0,0.0,0,0,0,0,0,0,0,0
TF,ANC,43.586444,13.471111,0, ,0.0,0.0,0.0,0.0,2,4000,0,0,0,0,0,0
TF,PY406,43.667014,13.588989,0, ,0.0,0.0,0.0,0.0,0,0,0,0,0,0,0,0
TF,INRIB,43.728889,13.679722,0, ,0.0,0.0,0.0,0.0,4,5000,3000,0,0,0,0,0

STAR,GERB2B,22,2
IF,GERBU,43.344044,13.623878, ,0.0,0.0,0,0,0,0,0,0,0,0
CI,0, ,0.0,333.0,0,0,0,0,0,0,0,0
AF,D031N,43.782025,13.646533,1,ANC,31.0,14.0,153.0,0,0,0,0,0,0,0,0
CF,LADUV,43.764167,13.565833,0,ANC,19.1,11.4,223.0,2.0,0,0,0,0,0,0,0,0
TF,KEPUM,43.740556,13.533333,0, ,0.0,0.0,0.0,0.0,0,0,0,0,0,0,0,0

STAR,KEGE1C,22,2
IF,KEGED,43.578819,13.837847, ,0.0,0.0,0,0,0,0,0,0,0,0
TF,FAL,43.628222,13.373528,0, ,0.0,0.0,0.0,0.0,0,0,0,0,0,0,0,0

STAR,KEGE1R,22,5
IF,KEGED,43.578819,13.837847, ,0.0,0.0,0,0,0,0,0,0,0,0
TF,INRIB,43.728889,13.679722,0, ,0.0,0.0,0.0,0.0,4,5000,3000,0,0,0,0,0

STAR,KEGE2B,22,2
IF,KEGED,43.578819,13.837847, ,0.0,0.0,0,0,0,0,0,0,0,0
CI,0, ,0.0,269.0,0,0,0,0,0,0,0,0
AF,D031N,43.782025,13.646533,1,ANC,31.0,14.0,89.0,0,0,0,0,0,0,0,0
CF,LADUV,43.764167,13.565833,0,ANC,19.1,11.4,223.0,2.0,0,0,0,0,0,0,0,0
TF,KEPUM,43.740556,13.533333,0, ,0.0,0.0,0.0,0.0,0,0,0,0,0,0,0,0

STAR,LANL1R,22,5
IF,LANLI,43.957308,13.180475, ,0.0,0.0,0,0,0,0,0,0,0,0
TF,NULGI,43.827925,13.315053,0, ,0.0,0.0,0.0,0.0,0,0,0,0,0,0,0,0
TF,ADLUV,43.846667,13.516944,0, ,0.0,0.0,0.0,0.0,4,5000,3000,0,0,0,0,0

STAR,LANL2B,22,2
IF,LANLI,43.957308,13.180475, ,0.0,0.0,0,0,0,0,0,0,0,0
CD, ,0,0,0,ANC,0,0.0,148.0,16.0,0,0,0,0,0,0,0,0
CI,0, ,0.0,148.0,0,0,0,0,0,0,0,0
AF,D014N,43.810733,13.559933,2,ANC,14.0,14.0,328.0,0,0,0,0,0,0,0,0
CF,LADUV,43.764167,13.565833,0,ANC,19.1,11.4,223.0,1.0,0,0,0,1,210,0,0,0
TF,KEPUM,43.740556,13.533333,0, ,0.0,0.0,0.0,0.0,0,0,0,0,0,0,0,0

STAR,LANL2D,22,2
IF,LANLI,43.957308,13.180475, ,0.0,0.0,0,0,0,0,0,0,0,0
CD, ,0,0,0,ANC,0,0.0,148.0,20.0,0,0,0,0,0,0,0,0
CF,FAL,43.628222,13.373528,0,ANC,298.5,4.9,157.0,16.0,0,0,0,0,0,0,0,0

STAR,MASE1R,22,5
IF,MASEG,43.412894,13.749328, ,0.0,0.0,0,0,0,0,0,0,0,0
TF,PY406,43.667014,13.588989,0, ,0.0,0.0,0.0,0.0,0,0,0,0,0,0,0,0
TF,INRIB,43.728889,13.679722,0, ,0.0,0.0,0.0,0.0,4,5000,3000,0,0,0,0,0

STAR,MASE2B,22,2
IF,MASEG,43.412894,13.749328, ,0.0,0.0,0,0,0,0,0,0,0,0
CI,0, ,0.0,308.0,0,0,0,0,0,0,0,0
AF,D031N,43.782025,13.646533,1,ANC,31.0,14.0,128.0,0,0,0,0,0,0,0,0
CF,LADUV,43.764167,13.565833,0,ANC,19.1,11.4,223.0,2.0,0,0,0,0,0,0,0,0
TF,KEPUM,43.740556,13.533333,0, ,0.0,0.0,0.0,0.0,0,0,0,0,0,0,0,0

STAR,MASE2C,22,2
IF,MASEG,43.412894,13.749328, ,0.0,0.0,0,0,0,0,0,0,0,0
CD, ,0,0,0,ANC,0,0.0,306.0,11.5,0,0,0,0,0,0,0,0
CF,FAL,43.628222,13.373528,0,ANC,298.5,4.9,306.0,16.0,0,0,0,0,0,0,0,0

STAR,NULG2A,LAN2C,1
IF,LANLI,43.957308,13.180475, ,0.0,0.0,0,0,0,0,0,0,0,0
CD, ,0,0,0,ANC,0,0.0,133.0,20.0,0,0,0,0,0,0,0,0
CF,NULGI,43.827925,13.315053,0,ANC,332.9,16.0,153.0,4.0,0,0,0,0,0,0,0,0

STAR,NULG2A,22,2
IF,NULGI,43.827925,13.315053, ,0.0,0.0,0,0,0,0,0,0,0,0
CI,0, ,0.0,153.0,0,0,0,0,0,0,0,0
AF,D014N,43.810733,13.559933,2,ANC,14.0,14.0,333.0,0,0,0,0,0,0,0,0
CF,LADUV,43.764167,13.565833,0,ANC,19.1,11.4,223.0,1.0,0,0,0,1,210,0,0,0
TF,KEPUM,43.740556,13.533333,0, ,0.0,0.0,0.0,0.0,0,0,0,0,0,0,0,0

APPTR,I22-V,22,ADLUV
IF,ADLUV,43.846667,13.516944, ,0.0,0.0,4,5000,3000,0,0,0,1,0
TF,IVMAN,43.787778,13.598333,0, ,0.0,0.0,0.0,0.0,4,4000,3000,1,210,0,0,0
TF,KEPUM,43.740556,13.533333,0,IFA,0.0,0.0,0.0,0.0,2,2500,0,0,0,0,1,0

APPTR,I22-V,22,INRIB
IF,INRIB,43.728889,13.679722, ,0.0,0.0,4,5000,3000,0,0,0,1,0
TF,IVMAN,43.787778,13.598333,0, ,0.0,0.0,0.0,0.0,4,4000,3000,1,210,0,0,0
TF,KEPUM,43.740556,13.533333,0,IFA,0.0,0.0,0.0,0.0,2,2500,0,0,0,0,1,0

FINAL,I22-V,22,I,3
IF,KEPUM,43.740556,13.533333,IFA,42.9,11.4,2,2500,0,0,0,0,0,0
CF,FI22V,43.714758,13.497617,0,IFA,42.9,9.2,223.0,2.2,1,2500,0,0,0,0,2,0
CF,RW22,43.624825,13.373933,0,IFA,42.9,1.6,223.0,7.6,1,86,0,0,0,0,3,0
CA,0,223.0,2,800,0,0,0,0,0,0
CI,0, ,0.0,138.0,0,0,0,1,185,0,0,0
CF,D189L,43.390072,13.418772,0,ANC,189.0,12.0,189.0,7.0,0,0,0,0,0,0,0,1
CF,ARKEM,43.453333,13.480556,1,ANC,175.0,8.0,355.0,5.0,1,3000,0,0,0,0,0,0
HM,ARKEM,43.453333,13.480556,1, ,0.0,0.0,355.0,04,2,3000,0,1,200,0,0,0,0

APPTR,I22-W,22,KEPUM
HF,KEPUM,43.740556,13.533333,1, ,0.0,0.0,223.0,04,2,3000,0,0,0,0,1,0,0

FINAL,I22-W,22,I,3
IF,KEPUM,43.740556,13.533333,IFA,42.9,11.4,2,3000,0,0,0,0,0,0
CF,FI22,43.681725,13.452111,0,IFA,42.9,6.4,223.0,5.0,1,1620,0,0,0,0,2,0
CF,RW22,43.624825,13.373933,0,IFA,42.9,1.6,223.0,4.8,1,86,0,0,0,0,3,0
CA,0,223.0,2,600,0,0,0,0,0,0
VA,2,358.0,2,4000,0,1,220,0,0,0
DF,FAL,43.628222,13.373528,2, ,0.0,0.0,1,4000,0,0,0,0,0,0

APPTR,I22-X,22,KEPUM
HF,KEPUM,43.740556,13.533333,1, ,0.0,0.0,223.0,04,2,3000,0,1,185,0,1,0,0

FINAL,I22-X,22,I,3
IF,KEPUM,43.740556,13.533333,IFA,42.9,11.4,2,3000,0,0,0,0,0,0
CF,FI22,43.681725,13.452111,0,IFA,42.9,6.4,223.0,5.0,1,1620,0,0,0,0,2,0
CF,RW22,43.624825,13.373933,0,IFA,42.9,1.6,223.0,4.8,1,86,0,0,0,0,3,0
CA,0,223.0,2,800,0,0,0,0,0,0
CI,0, ,0.0,138.0,0,0,0,1,185,0,0,0
CF,D189L,43.390072,13.418772,0,ANC,189.0,12.0,189.0,7.0,0,0,0,0,0,0,0,1
CF,ARKEM,43.453333,13.480556,1,ANC,175.0,8.0,355.0,5.0,1,3000,0,0,0,0,0,0
HM,ARKEM,43.453333,13.480556,1, ,0.0,0.0,355.0,04,0,0,0,1,200,0,0,0,0

APPTR,I22-Y,22,ANC1
IF,ANC,43.586444,13.471111, ,0.0,0.0,2,5000,0,1,220,0,1,0
FD,ANC,43.586444,13.471111,0,ANC,0.0,13.0,358.0,13.0,2,2500,0,0,0,0,0,0
CF,D014M,43.794714,13.553567,2,ANC,14.0,13.0,194.0,1.0,0,0,0,0,0,0,0,0
CF,KEPUM,43.740556,13.533333,0,IFA,42.9,11.4,194.0,3.4,2,2500,0,0,0,0,1,0

APPTR,I22-Y,22,ANC2
IF,ANC,43.586444,13.471111, ,0.0,0.0,2,5000,0,1,140,0,1,0
FD,ANC,43.586444,13.471111,0,ANC,0.0,13.0,7.0,13.0,2,2500,0,0,0,0,0,0
CF,D014M,43.794714,13.553567,2,ANC,14.0,13.0,194.0,1.0,0,0,0,0,0,0,0,0
CF,KEPUM,43.740556,13.533333,0,IFA,42.9,11.4,194.0,3.4,2,2500,0,0,0,0,1,0

FINAL,I22-Y,22,I,3
IF,KEPUM,43.740556,13.533333,IFA,42.9,11.4,2,2500,0,0,0,0,0,0
CF,FI22,43.681725,13.452111,0,IFA,42.9,6.4,223.0,5.0,1,1620,0,0,0,0,2,0
CF,RW22,43.624825,13.373933,0,IFA,42.9,1.6,223.0,4.8,1,86,0,0,0,0,3,0
CA,0,223.0,2,600,0,0,0,0,0,0
VA,2,358.0,2,4000,0,1,220,0,0,0
DF,FAL,43.628222,13.373528,2, ,0.0,0.0,1,4000,0,0,0,0,0,0

APPTR,I22-Z,22,FAL1
IF,FAL,43.628222,13.373528, ,0.0,0.0,2,5000,0,1,220,0,1,0
CF,D022J,43.774372,13.463347,0,ANC,356.3,11.3,22.0,9.6,2,2500,0,0,0,0,0,1
CF,KEPUM,43.740556,13.533333,2,IFA,42.9,11.4,223.0,1.0,2,2500,0,0,0,0,1,0

APPTR,I22-Z,22,FAL2
IF,FAL,43.628222,13.373528, ,0.0,0.0,2,5000,0,1,140,0,1,0
CF,D034J,43.757608,13.503294,0,ANC,5.8,10.4,34.0,9.6,2,2500,0,0,0,0,0,1
CF,KEPUM,43.740556,13.533333,2,IFA,42.9,11.4,223.0,1.0,2,2500,0,0,0,0,1,0

FINAL,I22-Z,22,I,3
IF,KEPUM,43.740556,13.533333,IFA,42.9,11.4,2,2500,0,0,0,0,0,0
CF,FI22,43.681725,13.452111,0,IFA,42.9,6.4,223.0,5.0,1,1620,0,0,0,0,2,0
CF,RW22,43.624825,13.373933,0,IFA,42.9,1.6,223.0,4.8,1,86,0,0,0,0,3,0
CA,0,223.0,2,600,0,0,0,0,0,0
VA,2,358.0,2,4000,0,1,220,0,0,0
DF,FAL,43.628222,13.373528,2, ,0.0,0.0,1,4000,0,0,0,0,0,0

APPTR,N22-X,22,FAL1
IF,FAL,43.628222,13.373528, ,0.0,0.0,2,5000,0,0,0,0,1,0
FC,FAL,43.628222,13.373528,0,ANC,0.0,0.0,37.0,9.2,2,2500,0,1,220,0,0,1
CF,FN22X,43.689681,13.519956,2,ANC,17.0,6.6,238.0,2.0,2,2500,0,0,0,0,0,0

APPTR,N22-X,22,FAL2
IF,FAL,43.628222,13.373528, ,0.0,0.0,2,5000,0,0,0,0,1,0
FC,FAL,43.628222,13.373528,0,ANC,0.0,0.0,49.0,9.3,2,2500,0,1,140,0,0,1
CF,FN22X,43.689681,13.519956,2,ANC,17.0,6.6,238.0,2.0,2,2500,0,0,0,0,0,0

FINAL,N22-X,22,N,2
IF,FN22X,43.689681,13.519956,FAL,0.0,0.0,2,2500,0,0,0,0,2,0
CF,FAL,43.628222,13.373528,0,FAL,0.0,0.0,238.0,7.4,1,151,0,0,0,0,3,0
CA,0,238.0,2,450,0,0,0,0,0,0
CA,2,358.0,2,4000,0,0,0,0,0,0
DF,FAL,43.628222,13.373528,2, ,0.0,0.0,1,4000,0,1,220,0,0,0

APPTR,Q22-Y,22,ANC1
IF,ANC,43.586444,13.471111, ,0.0,0.0,2,5000,0,0,0,0,1,0
FD,ANC,43.586444,13.471111,0,ANC,0.0,10.0,7.0,10.0,2,2600,0,1,220,0,0,0
CF,D028J,43.730744,13.586044,2,ANC,28.0,10.0,208.0,1.0,2,2600,0,0,0,0,0,0
CF,CQ22,43.709622,13.567631,0,ANC,27.6,8.5,208.0,1.5,2,2600,0,0,0,0,1,0

APPTR,Q22-Y,22,ANC2
IF,ANC,43.586444,13.471111, ,0.0,0.0,2,5000,0,0,0,0,1,0
FD,ANC,43.586444,13.471111,0,ANC,0.0,10.0,19.0,10.0,2,2600,0,1,140,0,0,0
CF,D028J,43.730744,13.586044,2,ANC,28.0,10.0,208.0,1.0,2,2600,0,0,0,0,0,0
CF,CQ22,43.709622,13.567631,0,ANC,27.6,8.5,208.0,1.5,2,2600,0,0,0,0,1,0

FINAL,Q22-Y,22,N,4
IF,CQ22,43.709622,13.567631,FAL,0.0,0.0,2,2600,0,0,0,0,0,0
CF,FQ22,43.692961,13.527792,0,FAL,0.0,0.0,238.0,2.0,2,2600,0,0,0,0,2,0
CF,50DME,43.667931,13.468047,0,FAL,0.0,0.0,238.0,3.0,2,1680,0,0,0,0,0,0
CF,MQ22Y,43.631536,13.382792,0,IFA,0.0,0.7,238.0,4.3,1,270,0,0,0,0,3,0
CA,0,238.0,2,450,0,0,0,0,0,0
CA,2,358.0,2,4000,0,0,0,0,0,0
DF,FAL,43.628222,13.373528,2, ,0.0,0.0,1,4000,0,1,220,0,0,0

APPTR,Q22-Z,22,FAL1
IF,FAL,43.628222,13.373528, ,0.0,0.0,2,5000,0,0,0,0,1,0
CF,D036J,43.755025,13.510292,0,ANC,7.6,10.3,36.0,9.7,2,2600,0,1,220,0,0,1
CF,CQ22,43.709622,13.567631,2,ANC,27.6,8.5,238.0,1.0,2,2600,0,0,0,0,1,0

APPTR,Q22-Z,22,FAL2
IF,FAL,43.628222,13.373528, ,0.0,0.0,2,5000,0,0,0,0,1,0
CF,D048J,43.732131,13.544514,0,ANC,18.1,9.3,48.0,9.7,2,2600,0,1,140,0,0,1
CF,CQ22,43.709622,13.567631,2,ANC,27.6,8.5,238.0,1.0,2,2600,0,0,0,0,1,0

FINAL,Q22-Z,22,N,4
IF,CQ22,43.709622,13.567631,FAL,0.0,0.0,2,2600,0,0,0,0,0,0
CF,FQ22,43.692961,13.527792,0,FAL,0.0,0.0,238.0,2.0,2,2600,0,0,0,0,2,0
CF,50DME,43.667931,13.468047,0,FAL,0.0,0.0,238.0,3.0,2,1680,0,0,0,0,0,0
CF,MQ22Z,43.634194,13.387717,0,IFA,0.0,0.0,238.0,4.0,1,356,0,0,0,0,3,0
CA,0,238.0,2,450,0,0,0,0,0,0
CA,2,358.0,2,4000,0,0,0,0,0,0
DF,FAL,43.628222,13.373528,2, ,0.0,0.0,1,4000,0,1,220,0,0,0

APPTR,R22,22,ADLUV
IF,ADLUV,43.846667,13.516944, ,0.0,0.0,4,5000,3000,1,210,0,1,0
TF,IVMAN,43.787778,13.598333,0, ,0.0,0.0,0.0,0.0,4,4000,3000,1,210,0,0,0
TF,KEPUM,43.740556,13.533333,0, ,0.0,0.0,0.0,0.0,2,3000,0,1,210,0,1,0

APPTR,R22,22,INRIB
IF,INRIB,43.728889,13.679722, ,0.0,0.0,4,5000,3000,1,210,0,1,0
TF,IVMAN,43.787778,13.598333,0, ,0.0,0.0,0.0,0.0,4,4000,3000,1,210,0,0,0
TF,KEPUM,43.740556,13.533333,0, ,0.0,0.0,0.0,0.0,2,3000,0,1,210,0,1,0

FINAL,R22,22,R,3
IF,KEPUM,43.740556,13.533333, ,0.0,0.0,2,3000,0,1,210,0,0,0
TF,PY701,43.714492,13.497217,0, ,0.0,0.0,223.0,2.2,2,2500,0,0,0,0,2,0
TF,RW22,43.624825,13.373933,0, ,0.0,0.0,223.0,7.6,1,78,0,1,200,0,3,1
CF,PY702,43.571681,13.301094,0,ANC,261.3,7.5,223.0,4.5,0,0,0,1,200,0,0,1
DF,ARKEM,43.453333,13.480556,1, ,0.0,0.0,2,3000,0,1,200,0,0,1
HM,ARKEM,43.453333,13.480556,1, ,0.0,0.0,355.0,03,2,3000,0,1,185,0,0,0,0

