SID,AKAD5L,04L,5
CA,0,39.0,2,410,0,0,0,0,0,0
DF,PZ488,45.537408,12.397031,0, ,0.0,0.0,2,750,0,1,200,0,0,0
TF,PZ489,45.522381,12.544917,0, ,0.0,0.0,0.0,0.0,2,3400,0,1,200,0,0,0
TF,AKADO,45.333333,12.500000,2, ,0.0,0.0,0.0,0.0,2,10000,0,0,0,0,0,0

SID,AKAD5L,04R,5
CA,0,39.0,2,410,0,0,0,0,0,0
DF,PZ488,45.537408,12.397031,0, ,0.0,0.0,2,750,0,1,200,0,0,0
TF,PZ489,45.522381,12.544917,0, ,0.0,0.0,0.0,0.0,2,3400,0,1,200,0,0,0
TF,AKADO,45.333333,12.500000,2, ,0.0,0.0,0.0,0.0,2,10000,0,0,0,0,0,0

SID,BASO6V,22L,5
CA,0,220.0,2,410,0,0,0,0,0,0
CF,PZ461,45.445492,12.272189,0,TES,220.6,6.0,220.0,4.0,2,1550,0,0,0,0,0,0
CA,0,220.0,2,3000,0,0,0,0,0,0
CF,PZ469,45.221625,12.350797,1,VIC,129.5,37.9,129.0,10.0,2,9000,0,0,0,0,0,0
TF,BASOG,45.132500,12.493333,0, ,0.0,0.0,0.0,0.0,0,0,0,0,0,0,0,0

SID,BASO6V,22R,5
CA,0,220.0,2,410,0,0,0,0,0,0
CF,PZ461,45.445492,12.272189,0,TES,220.6,6.0,220.0,4.0,2,1550,0,0,0,0,0,0
CA,0,220.0,2,3000,0,0,0,0,0,0
CF,PZ469,45.221625,12.350797,1,VIC,129.5,37.9,129.0,10.0,2,9000,0,0,0,0,0,0
TF,BASOG,45.132500,12.493333,0, ,0.0,0.0,0.0,0.0,0,0,0,0,0,0,0,0

SID,BELO7V,04L,5
CA,0,39.0,2,410,0,0,0,0,0,0
CF,PZ402,45.543292,12.400983,0,TES,41.6,2.0,40.0,3.0,2,1000,0,1,230,0,0,1
DF,PZ431,45.518108,12.497500,2, ,0.0,0.0,0,0,0,0,0,0,0,0
TF,PZ432,45.456114,12.521403,0, ,0.0,0.0,0.0,0.0,2,4800,0,0,0,0,0,0
TF,PZ436,45.348025,12.780447,0, ,0.0,0.0,0.0,0.0,2,11000,0,0,0,0,0,0
TF,PZ408,45.124889,12.377506,0, ,0.0,0.0,0.0,0.0,0,0,0,0,0,0,0,0
TF,PZ401,44.977047,12.460664,0, ,0.0,0.0,0.0,0.0,2,25000,0,0,0,0,0,0
TF,BELOV,44.542500,12.713333,0, ,0.0,0.0,0.0,0.0,0,0,0,0,0,0,0,0

SID,BELO7V,04R,5
CA,0,39.0,2,410,0,0,0,0,0,0
CF,PZ402,45.543292,12.400983,0,TES,41.6,2.0,40.0,3.0,2,1000,0,1,230,0,0,1
DF,PZ431,45.518108,12.497500,2, ,0.0,0.0,0,0,0,0,0,0,0,0
TF,PZ432,45.456114,12.521403,0, ,0.0,0.0,0.0,0.0,2,4800,0,0,0,0,0,0
TF,PZ436,45.348025,12.780447,0, ,0.0,0.0,0.0,0.0,2,11000,0,0,0,0,0,0
TF,PZ408,45.124889,12.377506,0, ,0.0,0.0,0.0,0.0,0,0,0,0,0,0,0,0
TF,PZ401,44.977047,12.460664,0, ,0.0,0.0,0.0,0.0,2,25000,0,0,0,0,0,0
TF,BELOV,44.542500,12.713333,0, ,0.0,0.0,0.0,0.0,0,0,0,0,0,0,0,0

SID,CHI5L,04L,5
CA,0,39.0,2,410,0,0,0,0,0,0
DF,PZ488,45.537408,12.397031,0, ,0.0,0.0,2,750,0,1,200,0,0,0
TF,PZ489,45.522381,12.544917,0, ,0.0,0.0,0.0,0.0,2,3400,0,1,200,0,0,0
TF,AKADO,45.333333,12.500000,2, ,0.0,0.0,0.0,0.0,0,0,0,0,0,0,0,0
TF,CHI,45.071083,12.281444,0, ,0.0,0.0,0.0,0.0,2,6000,0,0,0,0,0,0

SID,CHI5L,04R,5
CA,0,39.0,2,410,0,0,0,0,0,0
DF,PZ488,45.537408,12.397031,0, ,0.0,0.0,2,750,0,1,200,0,0,0
TF,PZ489,45.522381,12.544917,0, ,0.0,0.0,0.0,0.0,2,3400,0,1,200,0,0,0
TF,AKADO,45.333333,12.500000,2, ,0.0,0.0,0.0,0.0,0,0,0,0,0,0,0,0
TF,CHI,45.071083,12.281444,0, ,0.0,0.0,0.0,0.0,2,6000,0,0,0,0,0,0

SID,CHI5Q,22L,5
CA,0,219.0,2,410,0,0,0,0,0,0
DF,PZ610,45.444667,12.274222,0, ,0.0,0.0,0,0,0,0,0,0,0,0
TF,PZ534,45.376361,12.186794,0, ,0.0,0.0,0.0,0.0,2,4000,0,1,210,0,0,0
TF,PZ612,45.426500,12.107667,0, ,0.0,0.0,0.0,0.0,0,0,0,1,210,0,0,0
TF,PZ613,45.465500,12.152861,0, ,0.0,0.0,0.0,0.0,0,0,0,1,210,0,0,0
TF,PZ488,45.537408,12.397031,0, ,0.0,0.0,0.0,0.0,2,9000,0,0,0,0,0,0
TF,PZ489,45.522381,12.544917,0, ,0.0,0.0,0.0,0.0,0,0,0,0,0,0,0,0
TF,AKADO,45.333333,12.500000,2, ,0.0,0.0,0.0,0.0,0,0,0,0,0,0,0,0
TF,CHI,45.071083,12.281444,0, ,0.0,0.0,0.0,0.0,0,0,0,0,0,0,0,0

SID,CHI5Q,22R,5
CA,0,219.0,2,410,0,0,0,0,0,0
DF,PZ610,45.444667,12.274222,0, ,0.0,0.0,0,0,0,0,0,0,0,0
TF,PZ534,45.376361,12.186794,0, ,0.0,0.0,0.0,0.0,2,4000,0,1,210,0,0,0
TF,PZ612,45.426500,12.107667,0, ,0.0,0.0,0.0,0.0,0,0,0,1,210,0,0,0
TF,PZ613,45.465500,12.152861,0, ,0.0,0.0,0.0,0.0,0,0,0,1,210,0,0,0
TF,PZ488,45.537408,12.397031,0, ,0.0,0.0,0.0,0.0,2,9000,0,0,0,0,0,0
TF,PZ489,45.522381,12.544917,0, ,0.0,0.0,0.0,0.0,0,0,0,0,0,0,0,0
TF,AKADO,45.333333,12.500000,2, ,0.0,0.0,0.0,0.0,0,0,0,0,0,0,0,0
TF,CHI,45.071083,12.281444,0, ,0.0,0.0,0.0,0.0,0,0,0,0,0,0,0,0

SID,CHI5R,22L,5
CA,0,219.0,2,410,0,0,0,0,0,0
DF,PZ610,45.444667,12.274222,0, ,0.0,0.0,0,0,0,0,0,0,0,0
TF,PZ611,45.343500,12.300111,0, ,0.0,0.0,0.0,0.0,2,4000,0,0,0,0,0,0
TF,CHI,45.071083,12.281444,0, ,0.0,0.0,0.0,0.0,2,6000,0,0,0,0,0,0

SID,CHI5R,22R,5
CA,0,219.0,2,410,0,0,0,0,0,0
DF,PZ610,45.444667,12.274222,0, ,0.0,0.0,0,0,0,0,0,0,0,0
TF,PZ611,45.343500,12.300111,0, ,0.0,0.0,0.0,0.0,2,4000,0,0,0,0,0,0
TF,CHI,45.071083,12.281444,0, ,0.0,0.0,0.0,0.0,2,6000,0,0,0,0,0,0

SID,CHI7V,04L,5
CA,0,39.0,2,410,0,0,0,0,0,0
CF,PZ402,45.543292,12.400983,0,TES,41.6,2.0,40.0,3.0,2,1000,0,1,230,0,0,1
DF,PZ431,45.518108,12.497500,2, ,0.0,0.0,0,0,0,0,0,0,0,0
TF,PZ432,45.456114,12.521403,0, ,0.0,0.0,0.0,0.0,2,4000,0,0,0,0,0,0
TF,PZ416,45.385308,12.477203,0, ,0.0,0.0,0.0,0.0,0,0,0,0,0,0,0,0
TF,CHI,45.071083,12.281444,0, ,0.0,0.0,0.0,0.0,2,6000,0,0,0,0,0,0

SID,CHI7V,04R,5
CA,0,39.0,2,410,0,0,0,0,0,0
CF,PZ402,45.543292,12.400983,0,TES,41.6,2.0,40.0,3.0,2,1000,0,1,230,0,0,1
DF,PZ431,45.518108,12.497500,2, ,0.0,0.0,0,0,0,0,0,0,0,0
TF,PZ432,45.456114,12.521403,0, ,0.0,0.0,0.0,0.0,2,4000,0,0,0,0,0,0
TF,PZ416,45.385308,12.477203,0, ,0.0,0.0,0.0,0.0,0,0,0,0,0,0,0,0
TF,CHI,45.071083,12.281444,0, ,0.0,0.0,0.0,0.0,2,6000,0,0,0,0,0,0

SID,CHI8D,22L,5
CA,0,220.0,2,410,0,0,0,0,0,0
CF,PZ461,45.445492,12.272189,0,TES,220.6,6.0,220.0,3.0,2,1550,0,0,0,0,0,0
CA,0,220.0,2,3000,0,0,0,0,0,0
VI,0, ,0.0,148.0,0,0,0,0,0,0,0,0
CF,PZ464,45.190722,12.280603,0,CHI,357.7,7.2,178.0,7.0,0,0,0,0,0,0,0,0
TF,CHI,45.071083,12.281444,0, ,0.0,0.0,0.0,0.0,2,6000,0,0,0,0,0,0

SID,CHI8D,22R,5
CA,0,220.0,2,410,0,0,0,0,0,0
CF,PZ461,45.445492,12.272189,0,TES,220.6,6.0,220.0,3.0,2,1550,0,0,0,0,0,0
CA,0,220.0,2,3000,0,0,0,0,0,0
VI,0, ,0.0,148.0,0,0,0,0,0,0,0,0
CF,PZ464,45.190722,12.280603,0,CHI,357.7,7.2,178.0,7.0,0,0,0,0,0,0,0,0
TF,CHI,45.071083,12.281444,0, ,0.0,0.0,0.0,0.0,2,6000,0,0,0,0,0,0

SID,CHI8Y,04L,5
CA,0,39.0,2,410,0,0,0,0,0,0
CF,PZ402,45.543292,12.400983,0,TES,41.6,2.0,40.0,3.0,2,1000,0,1,230,0,0,1
DF,PZ431,45.518108,12.497500,2, ,0.0,0.0,0,0,0,0,0,0,0,0
TF,PZ432,45.456114,12.521403,0, ,0.0,0.0,0.0,0.0,0,0,0,0,0,0,0,0
TF,PZ454,45.433792,12.571583,0, ,0.0,0.0,0.0,0.0,2,5000,0,0,0,0,0,0
TF,PZ433,45.407544,12.637917,0, ,0.0,0.0,0.0,0.0,0,0,0,0,0,0,0,0
TF,CHI,45.071083,12.281444,0, ,0.0,0.0,0.0,0.0,2,6000,0,0,0,0,0,0

SID,CHI8Y,04R,5
CA,0,39.0,2,410,0,0,0,0,0,0
CF,PZ402,45.543292,12.400983,0,TES,41.6,2.0,40.0,3.0,2,1000,0,1,230,0,0,1
DF,PZ431,45.518108,12.497500,2, ,0.0,0.0,0,0,0,0,0,0,0,0
TF,PZ432,45.456114,12.521403,0, ,0.0,0.0,0.0,0.0,0,0,0,0,0,0,0,0
TF,PZ454,45.433792,12.571583,0, ,0.0,0.0,0.0,0.0,2,5000,0,0,0,0,0,0
TF,PZ433,45.407544,12.637917,0, ,0.0,0.0,0.0,0.0,0,0,0,0,0,0,0,0
TF,CHI,45.071083,12.281444,0, ,0.0,0.0,0.0,0.0,2,6000,0,0,0,0,0,0

SID,CHI8Z,04L,5
CA,0,39.0,2,410,0,0,0,0,0,0
CF,PZ402,45.543292,12.400983,0,TES,41.6,2.0,40.0,3.0,2,1000,0,1,230,0,0,1
DF,PZ431,45.518108,12.497500,2, ,0.0,0.0,0,0,0,0,0,0,0,0
TF,PZ432,45.456114,12.521403,0, ,0.0,0.0,0.0,0.0,0,0,0,0,0,0,0,0
TF,PZ454,45.433792,12.571583,0, ,0.0,0.0,0.0,0.0,2,5000,0,0,0,0,0,0
TF,PZ434,45.364736,12.740461,0, ,0.0,0.0,0.0,0.0,0,0,0,0,0,0,0,0
TF,CHI,45.071083,12.281444,0, ,0.0,0.0,0.0,0.0,2,6000,0,0,0,0,0,0

SID,CHI8Z,04R,5
CA,0,39.0,2,410,0,0,0,0,0,0
CF,PZ402,45.543292,12.400983,0,TES,41.6,2.0,40.0,3.0,2,1000,0,1,230,0,0,1
DF,PZ431,45.518108,12.497500,2, ,0.0,0.0,0,0,0,0,0,0,0,0
TF,PZ432,45.456114,12.521403,0, ,0.0,0.0,0.0,0.0,0,0,0,0,0,0,0,0
TF,PZ454,45.433792,12.571583,0, ,0.0,0.0,0.0,0.0,2,5000,0,0,0,0,0,0
TF,PZ434,45.364736,12.740461,0, ,0.0,0.0,0.0,0.0,0,0,0,0,0,0,0,0
TF,CHI,45.071083,12.281444,0, ,0.0,0.0,0.0,0.0,2,6000,0,0,0,0,0,0

SID,LUMA6V,22L,5
CA,0,220.0,2,410,0,0,0,0,0,0
CF,LAREN,45.278056,12.061667,0,TES,220.0,19.4,220.0,17.0,2,9000,0,0,0,0,0,0
CF,LUMAV,44.814444,11.616389,0,TES,215.3,53.0,215.0,33.0,2,11000,0,0,0,0,0,0

SID,LUMA6V,22R,5
CA,0,220.0,2,410,0,0,0,0,0,0
CF,LAREN,45.278056,12.061667,0,TES,220.0,19.4,220.0,17.0,2,9000,0,0,0,0,0,0
CF,LUMAV,44.814444,11.616389,0,TES,215.3,53.0,215.0,33.0,2,11000,0,0,0,0,0,0

SID,ROKI5L,04L,5
CA,0,39.0,2,410,0,0,0,0,0,0
DF,PZ488,45.537408,12.397031,0, ,0.0,0.0,0,0,0,1,200,0,0,0
TF,PZ489,45.522381,12.544917,0, ,0.0,0.0,0.0,0.0,2,3400,0,1,200,0,0,0
TF,PZ490,45.456617,12.509308,2, ,0.0,0.0,0.0,0.0,2,4000,0,1,220,0,0,0
TF,PZ601,45.441889,12.112306,0, ,0.0,0.0,0.0,0.0,2,9000,0,0,0,0,0,0
TF,ARLUK,45.723889,11.838611,0, ,0.0,0.0,0.0,0.0,2,11000,0,0,0,0,0,0
TF,PZ485,45.860553,11.744081,0, ,0.0,0.0,0.0,0.0,2,13000,0,0,0,0,0,1
TF,ROKIB,45.935556,11.692222,0, ,0.0,0.0,0.0,0.0,2,14000,0,0,0,0,0,0

SID,ROKI5L,04R,5
CA,0,39.0,2,410,0,0,0,0,0,0
DF,PZ488,45.537408,12.397031,0, ,0.0,0.0,0,0,0,1,200,0,0,0
TF,PZ489,45.522381,12.544917,0, ,0.0,0.0,0.0,0.0,2,3400,0,1,200,0,0,0
TF,PZ490,45.456617,12.509308,2, ,0.0,0.0,0.0,0.0,2,4000,0,1,220,0,0,0
TF,PZ601,45.441889,12.112306,0, ,0.0,0.0,0.0,0.0,2,9000,0,0,0,0,0,0
TF,ARLUK,45.723889,11.838611,0, ,0.0,0.0,0.0,0.0,2,11000,0,0,0,0,0,0
TF,PZ485,45.860553,11.744081,0, ,0.0,0.0,0.0,0.0,2,13000,0,0,0,0,0,1
TF,ROKIB,45.935556,11.692222,0, ,0.0,0.0,0.0,0.0,2,14000,0,0,0,0,0,0

SID,ROKI5M,04L,5
CA,0,39.0,2,410,0,0,0,0,0,0
CF,PZ486,45.560325,12.430781,0,TES,44.8,3.6,43.0,3.0,2,1600,0,1,200,0,0,0
TF,PZ477,45.595942,12.381758,1, ,0.0,0.0,0.0,0.0,2,2500,0,1,200,0,0,0
TF,PZ602,45.622528,11.937250,0, ,0.0,0.0,0.0,0.0,0,0,0,0,0,0,0,0
TF,ARLUK,45.723889,11.838611,0, ,0.0,0.0,0.0,0.0,2,11000,0,0,0,0,0,0
TF,PZ485,45.860553,11.744081,0, ,0.0,0.0,0.0,0.0,2,13000,0,0,0,0,0,1
TF,ROKIB,45.935556,11.692222,0, ,0.0,0.0,0.0,0.0,2,14000,0,0,0,0,0,0

SID,ROKI5M,04R,5
CA,0,39.0,2,410,0,0,0,0,0,0
CF,PZ486,45.560325,12.430781,0,TES,44.8,3.6,43.0,3.0,2,1600,0,1,200,0,0,0
TF,PZ477,45.595942,12.381758,1, ,0.0,0.0,0.0,0.0,2,2500,0,1,200,0,0,0
TF,PZ602,45.622528,11.937250,0, ,0.0,0.0,0.0,0.0,0,0,0,0,0,0,0,0
TF,ARLUK,45.723889,11.838611,0, ,0.0,0.0,0.0,0.0,2,11000,0,0,0,0,0,0
TF,PZ485,45.860553,11.744081,0, ,0.0,0.0,0.0,0.0,2,13000,0,0,0,0,0,1
TF,ROKIB,45.935556,11.692222,0, ,0.0,0.0,0.0,0.0,2,14000,0,0,0,0,0,0

SID,ROKI5Q,22L,5
CA,0,219.0,2,410,0,0,0,0,0,0
DF,PZ610,45.444667,12.274222,0, ,0.0,0.0,0,0,0,0,0,0,0,0
TF,PZ534,45.376361,12.186794,0, ,0.0,0.0,0.0,0.0,2,4000,0,1,210,0,0,0
TF,PZ612,45.426500,12.107667,0, ,0.0,0.0,0.0,0.0,0,0,0,1,210,0,0,0
TF,PZ614,45.377111,11.957722,0, ,0.0,0.0,0.0,0.0,2,9000,0,0,0,0,0,0
TF,PZ615,45.460389,11.868028,0, ,0.0,0.0,0.0,0.0,0,0,0,0,0,0,0,0
TF,ARLUK,45.723889,11.838611,0, ,0.0,0.0,0.0,0.0,2,11000,0,0,0,0,0,0
TF,PZ485,45.860553,11.744081,0, ,0.0,0.0,0.0,0.0,2,13000,0,0,0,0,0,1
TF,ROKIB,45.935556,11.692222,0, ,0.0,0.0,0.0,0.0,2,14000,0,0,0,0,0,0

SID,ROKI5Q,22R,5
CA,0,219.0,2,410,0,0,0,0,0,0
DF,PZ610,45.444667,12.274222,0, ,0.0,0.0,0,0,0,0,0,0,0,0
TF,PZ534,45.376361,12.186794,0, ,0.0,0.0,0.0,0.0,2,4000,0,1,210,0,0,0
TF,PZ612,45.426500,12.107667,0, ,0.0,0.0,0.0,0.0,0,0,0,1,210,0,0,0
TF,PZ614,45.377111,11.957722,0, ,0.0,0.0,0.0,0.0,2,9000,0,0,0,0,0,0
TF,PZ615,45.460389,11.868028,0, ,0.0,0.0,0.0,0.0,0,0,0,0,0,0,0,0
TF,ARLUK,45.723889,11.838611,0, ,0.0,0.0,0.0,0.0,2,11000,0,0,0,0,0,0
TF,PZ485,45.860553,11.744081,0, ,0.0,0.0,0.0,0.0,2,13000,0,0,0,0,0,1
TF,ROKIB,45.935556,11.692222,0, ,0.0,0.0,0.0,0.0,2,14000,0,0,0,0,0,0

SID,ROKI5V,22L,5
CA,0,220.0,2,5000,0,0,0,0,0,0
CF,PZ467,45.446181,12.028375,2,CHI,332.6,24.9,333.0,4.0,2,10000,0,0,0,0,0,0
TF,ARLUK,45.723889,11.838611,0, ,0.0,0.0,0.0,0.0,2,11000,0,0,0,0,0,0
TF,PZ485,45.860553,11.744081,0, ,0.0,0.0,0.0,0.0,2,13000,0,0,0,0,0,1
TF,ROKIB,45.935556,11.692222,0, ,0.0,0.0,0.0,0.0,2,14000,0,0,0,0,0,0

SID,ROKI5V,22R,5
CA,0,220.0,2,5000,0,0,0,0,0,0
CF,PZ467,45.446181,12.028375,2,CHI,332.6,24.9,333.0,4.0,2,10000,0,0,0,0,0,0
TF,ARLUK,45.723889,11.838611,0, ,0.0,0.0,0.0,0.0,2,11000,0,0,0,0,0,0
TF,PZ485,45.860553,11.744081,0, ,0.0,0.0,0.0,0.0,2,13000,0,0,0,0,0,1
TF,ROKIB,45.935556,11.692222,0, ,0.0,0.0,0.0,0.0,2,14000,0,0,0,0,0,0

SID,ROKI5W,04L,5
CA,0,39.0,2,410,0,0,0,0,0,0
CF,PZ402,45.543292,12.400983,0,TES,41.6,2.0,40.0,3.0,2,1000,0,1,230,0,0,1
DF,PZ431,45.518108,12.497500,2, ,0.0,0.0,0,0,0,0,0,0,0,0
TF,PZ432,45.456114,12.521403,0, ,0.0,0.0,0.0,0.0,0,0,0,0,0,0,0,0
TF,PZ454,45.433792,12.571583,0, ,0.0,0.0,0.0,0.0,2,5000,0,0,0,0,0,0
TF,PZ434,45.364736,12.740461,0, ,0.0,0.0,0.0,0.0,0,0,0,0,0,0,0,0
TF,PZ437,45.189561,12.465592,0, ,0.0,0.0,0.0,0.0,0,0,0,0,0,0,0,0
TF,PZ438,45.292881,12.285389,0, ,0.0,0.0,0.0,0.0,2,10500,0,0,0,0,0,0
TF,PZ439,45.428956,12.046286,0, ,0.0,0.0,0.0,0.0,2,14000,0,0,0,0,0,0
TF,ROKIB,45.935556,11.692222,0, ,0.0,0.0,0.0,0.0,0,0,0,0,0,0,0,0

SID,ROKI5W,04R,5
CA,0,39.0,2,410,0,0,0,0,0,0
CF,PZ402,45.543292,12.400983,0,TES,41.6,2.0,40.0,3.0,2,1000,0,1,230,0,0,1
DF,PZ431,45.518108,12.497500,2, ,0.0,0.0,0,0,0,0,0,0,0,0
TF,PZ432,45.456114,12.521403,0, ,0.0,0.0,0.0,0.0,0,0,0,0,0,0,0,0
TF,PZ454,45.433792,12.571583,0, ,0.0,0.0,0.0,0.0,2,5000,0,0,0,0,0,0
TF,PZ434,45.364736,12.740461,0, ,0.0,0.0,0.0,0.0,0,0,0,0,0,0,0,0
TF,PZ437,45.189561,12.465592,0, ,0.0,0.0,0.0,0.0,0,0,0,0,0,0,0,0
TF,PZ438,45.292881,12.285389,0, ,0.0,0.0,0.0,0.0,2,10500,0,0,0,0,0,0
TF,PZ439,45.428956,12.046286,0, ,0.0,0.0,0.0,0.0,2,14000,0,0,0,0,0,0
TF,ROKIB,45.935556,11.692222,0, ,0.0,0.0,0.0,0.0,0,0,0,0,0,0,0,0

SID,ROKI7X,04L,5
CA,0,39.0,2,410,0,0,0,0,0,0
DF,PZ488,45.537408,12.397031,0, ,0.0,0.0,2,750,0,1,200,0,0,0
TF,PZ489,45.522381,12.544917,0, ,0.0,0.0,0.0,0.0,2,3400,0,1,200,0,0,0
TF,PZ490,45.456617,12.509308,2, ,0.0,0.0,0.0,0.0,2,4000,0,1,200,0,0,0
TF,PZ481,45.523008,12.204583,0, ,0.0,0.0,0.0,0.0,2,10000,0,0,0,0,0,0
TF,PZ484,45.581450,11.936114,0, ,0.0,0.0,0.0,0.0,0,0,0,0,0,0,0,0
TF,ARLUK,45.723889,11.838611,0, ,0.0,0.0,0.0,0.0,2,11000,0,0,0,0,0,0
TF,PZ485,45.860553,11.744081,0, ,0.0,0.0,0.0,0.0,2,13000,0,0,0,0,0,1
TF,ROKIB,45.935556,11.692222,0, ,0.0,0.0,0.0,0.0,2,14000,0,0,0,0,0,0

SID,ROKI7X,04R,5
CA,0,39.0,2,410,0,0,0,0,0,0
DF,PZ488,45.537408,12.397031,0, ,0.0,0.0,2,750,0,1,200,0,0,0
TF,PZ489,45.522381,12.544917,0, ,0.0,0.0,0.0,0.0,2,3400,0,1,200,0,0,0
TF,PZ490,45.456617,12.509308,2, ,0.0,0.0,0.0,0.0,2,4000,0,1,200,0,0,0
TF,PZ481,45.523008,12.204583,0, ,0.0,0.0,0.0,0.0,2,10000,0,0,0,0,0,0
TF,PZ484,45.581450,11.936114,0, ,0.0,0.0,0.0,0.0,0,0,0,0,0,0,0,0
TF,ARLUK,45.723889,11.838611,0, ,0.0,0.0,0.0,0.0,2,11000,0,0,0,0,0,0
TF,PZ485,45.860553,11.744081,0, ,0.0,0.0,0.0,0.0,2,13000,0,0,0,0,0,1
TF,ROKIB,45.935556,11.692222,0, ,0.0,0.0,0.0,0.0,2,14000,0,0,0,0,0,0

SID,ROSK5L,04L,5
CA,0,39.0,2,410,0,0,0,0,0,0
DF,PZ488,45.537408,12.397031,0, ,0.0,0.0,2,750,0,1,200,0,0,0
TF,PZ489,45.522381,12.544917,0, ,0.0,0.0,0.0,0.0,2,3400,0,1,200,0,0,0
TF,ROSKA,45.314167,12.861667,0, ,0.0,0.0,0.0,0.0,2,9000,0,0,0,0,0,0

SID,ROSK5L,04R,5
CA,0,39.0,2,410,0,0,0,0,0,0
DF,PZ488,45.537408,12.397031,0, ,0.0,0.0,2,750,0,1,200,0,0,0
TF,PZ489,45.522381,12.544917,0, ,0.0,0.0,0.0,0.0,2,3400,0,1,200,0,0,0
TF,ROSKA,45.314167,12.861667,0, ,0.0,0.0,0.0,0.0,2,9000,0,0,0,0,0,0

SID,ROSK5Q,22L,5
CA,0,219.0,2,410,0,0,0,0,0,0
DF,PZ610,45.444667,12.274222,0, ,0.0,0.0,0,0,0,0,0,0,0,0
TF,PZ534,45.376361,12.186794,0, ,0.0,0.0,0.0,0.0,2,4000,0,1,210,0,0,0
TF,PZ612,45.426500,12.107667,0, ,0.0,0.0,0.0,0.0,0,0,0,1,210,0,0,0
TF,PZ613,45.465500,12.152861,0, ,0.0,0.0,0.0,0.0,0,0,0,1,210,0,0,0
TF,PZ488,45.537408,12.397031,0, ,0.0,0.0,0.0,0.0,2,9000,0,0,0,0,0,0
TF,PZ489,45.522381,12.544917,0, ,0.0,0.0,0.0,0.0,0,0,0,0,0,0,0,0
TF,ROSKA,45.314167,12.861667,0, ,0.0,0.0,0.0,0.0,0,0,0,0,0,0,0,0

SID,ROSK5Q,22R,5
CA,0,219.0,2,410,0,0,0,0,0,0
DF,PZ610,45.444667,12.274222,0, ,0.0,0.0,0,0,0,0,0,0,0,0
TF,PZ534,45.376361,12.186794,0, ,0.0,0.0,0.0,0.0,2,4000,0,1,210,0,0,0
TF,PZ612,45.426500,12.107667,0, ,0.0,0.0,0.0,0.0,0,0,0,1,210,0,0,0
TF,PZ613,45.465500,12.152861,0, ,0.0,0.0,0.0,0.0,0,0,0,1,210,0,0,0
TF,PZ488,45.537408,12.397031,0, ,0.0,0.0,0.0,0.0,2,9000,0,0,0,0,0,0
TF,PZ489,45.522381,12.544917,0, ,0.0,0.0,0.0,0.0,0,0,0,0,0,0,0,0
TF,ROSKA,45.314167,12.861667,0, ,0.0,0.0,0.0,0.0,0,0,0,0,0,0,0,0

SID,ROSK5R,22L,5
CA,0,219.0,2,410,0,0,0,0,0,0
DF,PZ610,45.444667,12.274222,0, ,0.0,0.0,0,0,0,0,0,0,0,0
TF,PZ611,45.343500,12.300111,0, ,0.0,0.0,0.0,0.0,2,4000,0,0,0,0,0,0
TF,AKADO,45.333333,12.500000,0, ,0.0,0.0,0.0,0.0,2,6000,0,0,0,0,0,0
TF,ROSKA,45.314167,12.861667,0, ,0.0,0.0,0.0,0.0,2,9000,0,0,0,0,0,0

SID,ROSK5R,22R,5
CA,0,219.0,2,410,0,0,0,0,0,0
DF,PZ610,45.444667,12.274222,0, ,0.0,0.0,0,0,0,0,0,0,0,0
TF,PZ611,45.343500,12.300111,0, ,0.0,0.0,0.0,0.0,2,4000,0,0,0,0,0,0
TF,AKADO,45.333333,12.500000,0, ,0.0,0.0,0.0,0.0,2,6000,0,0,0,0,0,0
TF,ROSKA,45.314167,12.861667,0, ,0.0,0.0,0.0,0.0,2,9000,0,0,0,0,0,0

SID,ROSK7V,04L,5
CA,0,39.0,2,410,0,0,0,0,0,0
CF,PZ402,45.543292,12.400983,0,TES,41.6,2.0,40.0,3.0,2,1000,0,1,230,0,0,1
DF,PZ431,45.518108,12.497500,2, ,0.0,0.0,0,0,0,0,0,0,0,0
TF,PZ432,45.456114,12.521403,0, ,0.0,0.0,0.0,0.0,0,0,0,0,0,0,0,0
TF,PZ454,45.433792,12.571583,0, ,0.0,0.0,0.0,0.0,2,5000,0,0,0,0,0,0
TF,ROSKA,45.314167,12.861667,0, ,0.0,0.0,0.0,0.0,2,8500,0,0,0,0,0,0

SID,ROSK7V,04R,5
CA,0,39.0,2,410,0,0,0,0,0,0
CF,PZ402,45.543292,12.400983,0,TES,41.6,2.0,40.0,3.0,2,1000,0,1,230,0,0,1
DF,PZ431,45.518108,12.497500,2, ,0.0,0.0,0,0,0,0,0,0,0,0
TF,PZ432,45.456114,12.521403,0, ,0.0,0.0,0.0,0.0,0,0,0,0,0,0,0,0
TF,PZ454,45.433792,12.571583,0, ,0.0,0.0,0.0,0.0,2,5000,0,0,0,0,0,0
TF,ROSKA,45.314167,12.861667,0, ,0.0,0.0,0.0,0.0,2,8500,0,0,0,0,0,0

SID,ROSK8D,22L,5
CA,0,220.0,2,410,0,0,0,0,0,0
CF,PZ461,45.445492,12.272189,0,TES,220.6,6.0,220.0,4.0,2,1550,0,0,0,0,0,0
CA,0,220.0,2,3000,0,0,0,0,0,0
CF,PZ471,45.273131,12.494106,1,VIC,120.5,40.9,120.0,12.0,2,5000,0,0,0,0,0,0
TF,PZ472,45.214764,12.622981,0, ,0.0,0.0,0.0,0.0,0,0,0,0,0,0,0,0
TF,PZ474,45.266578,12.747333,0, ,0.0,0.0,0.0,0.0,2,11000,0,0,0,0,0,0
TF,ROSKA,45.314167,12.861667,0, ,0.0,0.0,0.0,0.0,0,0,0,0,0,0,0,0

SID,ROSK8D,22R,5
CA,0,220.0,2,410,0,0,0,0,0,0
CF,PZ461,45.445492,12.272189,0,TES,220.6,6.0,220.0,4.0,2,1550,0,0,0,0,0,0
CA,0,220.0,2,3000,0,0,0,0,0,0
CF,PZ471,45.273131,12.494106,1,VIC,120.5,40.9,120.0,12.0,2,5000,0,0,0,0,0,0
TF,PZ472,45.214764,12.622981,0, ,0.0,0.0,0.0,0.0,0,0,0,0,0,0,0,0
TF,PZ474,45.266578,12.747333,0, ,0.0,0.0,0.0,0.0,2,11000,0,0,0,0,0,0
TF,ROSKA,45.314167,12.861667,0, ,0.0,0.0,0.0,0.0,0,0,0,0,0,0,0,0

SID,ROTA8V,04L,5
CA,0,39.0,2,410,0,0,0,0,0,0
CF,PZ402,45.543292,12.400983,0,TES,41.6,2.0,40.0,3.0,2,1000,0,1,230,0,0,1
DF,PZ431,45.518108,12.497500,2, ,0.0,0.0,0,0,0,0,0,0,0,0
TF,PZ432,45.456114,12.521403,0, ,0.0,0.0,0.0,0.0,0,0,0,0,0,0,0,0
TF,PZ454,45.433792,12.571583,0, ,0.0,0.0,0.0,0.0,2,5000,0,0,0,0,0,0
TF,ROTAR,45.262778,12.995556,0, ,0.0,0.0,0.0,0.0,2,6000,0,0,0,0,0,0

SID,ROTA8V,04R,5
CA,0,39.0,2,410,0,0,0,0,0,0
CF,PZ402,45.543292,12.400983,0,TES,41.6,2.0,40.0,3.0,2,1000,0,1,230,0,0,1
DF,PZ431,45.518108,12.497500,2, ,0.0,0.0,0,0,0,0,0,0,0,0
TF,PZ432,45.456114,12.521403,0, ,0.0,0.0,0.0,0.0,0,0,0,0,0,0,0,0
TF,PZ454,45.433792,12.571583,0, ,0.0,0.0,0.0,0.0,2,5000,0,0,0,0,0,0
TF,ROTAR,45.262778,12.995556,0, ,0.0,0.0,0.0,0.0,2,6000,0,0,0,0,0,0

SID,ROTA9D,22L,5
CA,0,220.0,2,410,0,0,0,0,0,0
CF,PZ461,45.445492,12.272189,0,TES,220.6,6.0,220.0,4.0,2,1550,0,0,0,0,0,0
CA,0,220.0,2,3000,0,0,0,0,0,0
CF,PZ471,45.273131,12.494106,1,VIC,120.5,40.9,120.0,12.0,2,5000,0,0,0,0,0,0
TF,PZ473,45.182547,12.693864,0, ,0.0,0.0,0.0,0.0,2,9000,0,0,0,0,0,0
TF,ROTAR,45.262778,12.995556,0, ,0.0,0.0,0.0,0.0,0,0,0,0,0,0,0,0

SID,ROTA9D,22R,5
CA,0,220.0,2,410,0,0,0,0,0,0
CF,PZ461,45.445492,12.272189,0,TES,220.6,6.0,220.0,4.0,2,1550,0,0,0,0,0,0
CA,0,220.0,2,3000,0,0,0,0,0,0
CF,PZ471,45.273131,12.494106,1,VIC,120.5,40.9,120.0,12.0,2,5000,0,0,0,0,0,0
TF,PZ473,45.182547,12.693864,0, ,0.0,0.0,0.0,0.0,2,9000,0,0,0,0,0,0
TF,ROTAR,45.262778,12.995556,0, ,0.0,0.0,0.0,0.0,0,0,0,0,0,0,0,0

SID,VIC5D,22L,5
CA,0,220.0,2,410,0,0,0,0,0,0
CF,PZ461,45.445492,12.272189,0,TES,220.6,6.0,220.0,4.0,2,1550,0,0,0,0,0,1
DF,PZ466,45.480022,12.185186,2, ,0.0,0.0,0,0,0,1,220,0,0,0
TF,PZ462,45.503203,12.109989,0, ,0.0,0.0,0.0,0.0,2,5000,0,0,0,0,0,0
TF,VIC,45.637306,11.676361,0, ,0.0,0.0,0.0,0.0,2,12000,0,0,0,0,0,0

SID,VIC5D,22R,5
CA,0,220.0,2,410,0,0,0,0,0,0
CF,PZ461,45.445492,12.272189,0,TES,220.6,6.0,220.0,4.0,2,1550,0,0,0,0,0,1
DF,PZ466,45.480022,12.185186,2, ,0.0,0.0,0,0,0,1,220,0,0,0
TF,PZ462,45.503203,12.109989,0, ,0.0,0.0,0.0,0.0,2,5000,0,0,0,0,0,0
TF,VIC,45.637306,11.676361,0, ,0.0,0.0,0.0,0.0,2,12000,0,0,0,0,0,0

SID,VIC5L,04L,5
CA,0,39.0,2,410,0,0,0,0,0,0
DF,PZ488,45.537408,12.397031,0, ,0.0,0.0,2,750,0,1,200,0,0,0
TF,PZ489,45.522381,12.544917,0, ,0.0,0.0,0.0,0.0,2,3400,0,1,200,0,0,0
TF,PZ490,45.456617,12.509308,0, ,0.0,0.0,0.0,0.0,2,4000,0,1,220,0,0,0
TF,PZ601,45.441889,12.112306,0, ,0.0,0.0,0.0,0.0,2,9000,0,0,0,0,0,0
TF,VIC,45.637306,11.676361,0, ,0.0,0.0,0.0,0.0,2,12000,0,0,0,0,0,0

SID,VIC5L,04R,5
CA,0,39.0,2,410,0,0,0,0,0,0
DF,PZ488,45.537408,12.397031,0, ,0.0,0.0,2,750,0,1,200,0,0,0
TF,PZ489,45.522381,12.544917,0, ,0.0,0.0,0.0,0.0,2,3400,0,1,200,0,0,0
TF,PZ490,45.456617,12.509308,0, ,0.0,0.0,0.0,0.0,2,4000,0,1,220,0,0,0
TF,PZ601,45.441889,12.112306,0, ,0.0,0.0,0.0,0.0,2,9000,0,0,0,0,0,0
TF,VIC,45.637306,11.676361,0, ,0.0,0.0,0.0,0.0,2,12000,0,0,0,0,0,0

SID,VIC5M,04L,5
CA,0,39.0,2,410,0,0,0,0,0,0
CF,PZ486,45.560325,12.430781,0,TES,44.8,3.6,43.0,3.0,2,1600,0,1,200,0,0,0
TF,PZ477,45.595942,12.381758,0, ,0.0,0.0,0.0,0.0,2,2500,0,1,200,0,0,0
TF,VIC,45.637306,11.676361,0, ,0.0,0.0,0.0,0.0,2,12000,0,0,0,0,0,0

SID,VIC5M,04R,5
CA,0,39.0,2,410,0,0,0,0,0,0
CF,PZ486,45.560325,12.430781,0,TES,44.8,3.6,43.0,3.0,2,1600,0,1,200,0,0,0
TF,PZ477,45.595942,12.381758,0, ,0.0,0.0,0.0,0.0,2,2500,0,1,200,0,0,0
TF,VIC,45.637306,11.676361,0, ,0.0,0.0,0.0,0.0,2,12000,0,0,0,0,0,0

SID,VIC5Q,22L,5
CA,0,219.0,2,410,0,0,0,0,0,0
DF,PZ610,45.444667,12.274222,0, ,0.0,0.0,0,0,0,0,0,0,0,0
TF,PZ534,45.376361,12.186794,0, ,0.0,0.0,0.0,0.0,2,4000,0,1,210,0,0,0
TF,PZ612,45.426500,12.107667,0, ,0.0,0.0,0.0,0.0,0,0,0,1,210,0,0,0
TF,PZ614,45.377111,11.957722,0, ,0.0,0.0,0.0,0.0,2,9000,0,0,0,0,0,0
TF,PZ615,45.460389,11.868028,0, ,0.0,0.0,0.0,0.0,0,0,0,0,0,0,0,0
TF,VIC,45.637306,11.676361,0, ,0.0,0.0,0.0,0.0,2,12000,0,0,0,0,0,0

SID,VIC5Q,22R,5
CA,0,219.0,2,410,0,0,0,0,0,0
DF,PZ610,45.444667,12.274222,0, ,0.0,0.0,0,0,0,0,0,0,0,0
TF,PZ534,45.376361,12.186794,0, ,0.0,0.0,0.0,0.0,2,4000,0,1,210,0,0,0
TF,PZ612,45.426500,12.107667,0, ,0.0,0.0,0.0,0.0,0,0,0,1,210,0,0,0
TF,PZ614,45.377111,11.957722,0, ,0.0,0.0,0.0,0.0,2,9000,0,0,0,0,0,0
TF,PZ615,45.460389,11.868028,0, ,0.0,0.0,0.0,0.0,0,0,0,0,0,0,0,0
TF,VIC,45.637306,11.676361,0, ,0.0,0.0,0.0,0.0,2,12000,0,0,0,0,0,0

SID,VIC7V,04L,5
CA,0,39.0,2,410,0,0,0,0,0,0
CF,PZ402,45.543292,12.400983,0,TES,41.6,2.0,40.0,3.0,2,1000,0,1,230,0,0,1
DF,PZ451,45.596311,12.319867,1, ,0.0,0.0,0,0,0,0,0,0,0,0
TF,PZ452,45.547108,12.204775,0, ,0.0,0.0,0.0,0.0,0,0,0,0,0,0,0,0
TF,PZ453,45.570842,12.068572,0, ,0.0,0.0,0.0,0.0,2,5000,0,0,0,0,0,0
TF,VIC,45.637306,11.676361,0, ,0.0,0.0,0.0,0.0,2,12000,0,0,0,0,0,0

SID,VIC7V,04R,5
CA,0,39.0,2,410,0,0,0,0,0,0
CF,PZ402,45.543292,12.400983,0,TES,41.6,2.0,40.0,3.0,2,1000,0,1,230,0,0,1
DF,PZ451,45.596311,12.319867,1, ,0.0,0.0,0,0,0,0,0,0,0,0
TF,PZ452,45.547108,12.204775,0, ,0.0,0.0,0.0,0.0,0,0,0,0,0,0,0,0
TF,PZ453,45.570842,12.068572,0, ,0.0,0.0,0.0,0.0,2,5000,0,0,0,0,0,0
TF,VIC,45.637306,11.676361,0, ,0.0,0.0,0.0,0.0,2,12000,0,0,0,0,0,0

SID,VIC7W,04L,5
CA,0,39.0,2,410,0,0,0,0,0,0
CF,PZ402,45.543292,12.400983,0,TES,41.6,2.0,40.0,3.0,2,1000,0,1,230,0,0,1
DF,PZ431,45.518108,12.497500,2, ,0.0,0.0,0,0,0,0,0,0,0,0
TF,PZ432,45.456114,12.521403,0, ,0.0,0.0,0.0,0.0,0,0,0,0,0,0,0,0
TF,PZ454,45.433792,12.571583,0, ,0.0,0.0,0.0,0.0,2,5000,0,0,0,0,0,0
TF,PZ434,45.364736,12.740461,0, ,0.0,0.0,0.0,0.0,0,0,0,0,0,0,0,0
TF,PZ437,45.189561,12.465592,0, ,0.0,0.0,0.0,0.0,0,0,0,0,0,0,0,0
TF,PZ438,45.292881,12.285389,0, ,0.0,0.0,0.0,0.0,2,10500,0,0,0,0,0,0
TF,PZ439,45.428956,12.046286,0, ,0.0,0.0,0.0,0.0,2,14000,0,0,0,0,0,0
TF,VIC,45.637306,11.676361,0, ,0.0,0.0,0.0,0.0,0,0,0,0,0,0,0,0

SID,VIC7W,04R,5
CA,0,39.0,2,410,0,0,0,0,0,0
CF,PZ402,45.543292,12.400983,0,TES,41.6,2.0,40.0,3.0,2,1000,0,1,230,0,0,1
DF,PZ431,45.518108,12.497500,2, ,0.0,0.0,0,0,0,0,0,0,0,0
TF,PZ432,45.456114,12.521403,0, ,0.0,0.0,0.0,0.0,0,0,0,0,0,0,0,0
TF,PZ454,45.433792,12.571583,0, ,0.0,0.0,0.0,0.0,2,5000,0,0,0,0,0,0
TF,PZ434,45.364736,12.740461,0, ,0.0,0.0,0.0,0.0,0,0,0,0,0,0,0,0
TF,PZ437,45.189561,12.465592,0, ,0.0,0.0,0.0,0.0,0,0,0,0,0,0,0,0
TF,PZ438,45.292881,12.285389,0, ,0.0,0.0,0.0,0.0,2,10500,0,0,0,0,0,0
TF,PZ439,45.428956,12.046286,0, ,0.0,0.0,0.0,0.0,2,14000,0,0,0,0,0,0
TF,VIC,45.637306,11.676361,0, ,0.0,0.0,0.0,0.0,0,0,0,0,0,0,0,0

SID,VIC7X,04L,5
CA,0,39.0,2,410,0,0,0,0,0,0
DF,PZ488,45.537408,12.397031,0, ,0.0,0.0,2,750,0,1,200,0,0,0
TF,PZ489,45.522381,12.544917,0, ,0.0,0.0,0.0,0.0,2,3400,0,1,200,0,0,0
TF,PZ490,45.456617,12.509308,2, ,0.0,0.0,0.0,0.0,2,4000,0,1,200,0,0,0
TF,PZ481,45.523008,12.204583,0, ,0.0,0.0,0.0,0.0,2,10000,0,0,0,0,0,0
TF,VIC,45.637306,11.676361,0, ,0.0,0.0,0.0,0.0,2,12000,0,0,0,0,0,0

SID,VIC7X,04R,5
CA,0,39.0,2,410,0,0,0,0,0,0
DF,PZ488,45.537408,12.397031,0, ,0.0,0.0,2,750,0,1,200,0,0,0
TF,PZ489,45.522381,12.544917,0, ,0.0,0.0,0.0,0.0,2,3400,0,1,200,0,0,0
TF,PZ490,45.456617,12.509308,2, ,0.0,0.0,0.0,0.0,2,4000,0,1,200,0,0,0
TF,PZ481,45.523008,12.204583,0, ,0.0,0.0,0.0,0.0,2,10000,0,0,0,0,0,0
TF,VIC,45.637306,11.676361,0, ,0.0,0.0,0.0,0.0,2,12000,0,0,0,0,0,0

SID,VIC9E,22L,5
CA,0,220.0,2,410,0,0,0,0,0,0
CF,LAREN,45.278056,12.061667,0,TES,220.0,19.4,220.0,16.0,2,9000,0,0,0,0,0,0
TF,PZ468,45.402578,11.928792,2, ,0.0,0.0,0.0,0.0,2,10000,0,0,0,0,0,0
TF,VIC,45.637306,11.676361,0, ,0.0,0.0,0.0,0.0,2,12000,0,0,0,0,0,0

SID,VIC9E,22R,5
CA,0,220.0,2,410,0,0,0,0,0,0
CF,LAREN,45.278056,12.061667,0,TES,220.0,19.4,220.0,16.0,2,9000,0,0,0,0,0,0
TF,PZ468,45.402578,11.928792,2, ,0.0,0.0,0.0,0.0,2,10000,0,0,0,0,0,0
TF,VIC,45.637306,11.676361,0, ,0.0,0.0,0.0,0.0,2,12000,0,0,0,0,0,0

SID,VIC9Y,04L,5
CA,0,39.0,2,410,0,0,0,0,0,0
CF,PZ402,45.543292,12.400983,0,TES,41.6,2.0,40.0,3.0,2,1000,0,1,230,0,0,1
DF,PZ431,45.518108,12.497500,2, ,0.0,0.0,0,0,0,0,0,0,0,0
TF,PZ432,45.456114,12.521403,0, ,0.0,0.0,0.0,0.0,2,4000,0,0,0,0,0,0
TF,PZ416,45.385308,12.477203,0, ,0.0,0.0,0.0,0.0,0,0,0,0,0,0,0,1
TF,PZ455,45.449111,12.276919,2, ,0.0,0.0,0.0,0.0,2,6000,0,0,0,0,0,0
TF,VIC,45.637306,11.676361,0, ,0.0,0.0,0.0,0.0,2,12000,0,0,0,0,0,0

SID,VIC9Y,04R,5
CA,0,39.0,2,410,0,0,0,0,0,0
CF,PZ402,45.543292,12.400983,0,TES,41.6,2.0,40.0,3.0,2,1000,0,1,230,0,0,1
DF,PZ431,45.518108,12.497500,2, ,0.0,0.0,0,0,0,0,0,0,0,0
TF,PZ432,45.456114,12.521403,0, ,0.0,0.0,0.0,0.0,2,4000,0,0,0,0,0,0
TF,PZ416,45.385308,12.477203,0, ,0.0,0.0,0.0,0.0,0,0,0,0,0,0,0,1
TF,PZ455,45.449111,12.276919,2, ,0.0,0.0,0.0,0.0,2,6000,0,0,0,0,0,0
TF,VIC,45.637306,11.676361,0, ,0.0,0.0,0.0,0.0,2,12000,0,0,0,0,0,0

STAR,ALBE1E,ALL,5
IF,ALBET,45.426667,11.509167, ,0.0,0.0,4,13000,10000,1,270,0,0,0
TF,PZ768,45.342528,11.642333,0, ,0.0,0.0,0.0,0.0,0,0,0,0,0,0,0,0
TF,PZ760,45.351500,11.838222,0, ,0.0,0.0,0.0,0.0,0,0,0,0,0,0,0,0
TF,PZ755,45.296167,11.926472,0, ,0.0,0.0,0.0,0.0,3,9000,0,1,230,0,0,0
TF,PZ750,45.233917,11.848111,0, ,0.0,0.0,0.0,0.0,3,9000,0,1,230,0,0,0
TF,PZ745,45.171611,11.769917,0, ,0.0,0.0,0.0,0.0,3,9000,0,1,230,0,0,0
TF,PZ740,45.109250,11.691889,0, ,0.0,0.0,0.0,0.0,3,9000,0,1,210,0,0,0
TF,PZ735,45.054028,11.779917,0, ,0.0,0.0,0.0,0.0,0,0,0,1,210,0,0,0
TF,PZ730,45.116333,11.857944,0, ,0.0,0.0,0.0,0.0,0,0,0,1,210,0,0,0
TF,PZ725,45.178556,11.936167,0, ,0.0,0.0,0.0,0.0,0,0,0,1,210,0,0,0
TF,LAREN,45.278056,12.061667,0, ,0.0,0.0,0.0,0.0,0,0,0,1,210,0,0,0

STAR,ALBE1P,ALL,2
IF,ALBET,45.426667,11.509167, ,0.0,0.0,0,0,0,0,0,0,0,0
CR,0,TES,224.0,120.0,0,0,0,0,0,0,0,0
CF,LAREN,45.278056,12.061667,1,CHI,320.2,15.5,39.0,4.0,0,0,0,0,0,0,0,0

STAR,ALBE1R,ALL,2
IF,ALBET,45.426667,11.509167, ,0.0,0.0,0,0,0,0,0,0,0,0
CR,0,TES,189.0,120.0,0,0,0,0,0,0,0,0
CF,ERSAB,45.443056,12.551944,1,CHI,24.1,25.1,24.0,23.0,0,0,0,0,0,0,0,0

STAR,BASO1E,ALL,5
IF,BASOG,45.132500,12.493333, ,0.0,0.0,4,12000,10000,1,270,0,0,0
TF,PZ862,45.193694,12.260167,0, ,0.0,0.0,0.0,0.0,0,0,0,0,0,0,0,0
TF,PZ855,45.185278,12.102472,0, ,0.0,0.0,0.0,0.0,3,9000,0,1,230,0,0,0
TF,PZ850,45.123139,12.024056,0, ,0.0,0.0,0.0,0.0,3,9000,0,1,230,0,0,0
TF,PZ845,45.060972,11.945806,0, ,0.0,0.0,0.0,0.0,3,9000,0,1,230,0,0,0
TF,PZ840,44.998722,11.867750,0, ,0.0,0.0,0.0,0.0,3,9000,0,1,210,0,0,0
TF,PZ735,45.054028,11.779917,0, ,0.0,0.0,0.0,0.0,0,0,0,1,210,0,0,0
TF,PZ730,45.116333,11.857944,0, ,0.0,0.0,0.0,0.0,0,0,0,1,210,0,0,0
TF,PZ725,45.178556,11.936167,0, ,0.0,0.0,0.0,0.0,0,0,0,1,210,0,0,0
TF,LAREN,45.278056,12.061667,0, ,0.0,0.0,0.0,0.0,0,0,0,1,210,0,0,0

STAR,BASO1F,ALL,5
IF,BASOG,45.132500,12.493333, ,0.0,0.0,4,12000,10000,1,270,0,0,0
TF,ERSAB,45.443056,12.551944,0, ,0.0,0.0,0.0,0.0,0,0,0,1,210,0,0,0

STAR,BASO1P,ALL,2
IF,BASOG,45.132500,12.493333, ,0.0,0.0,0,0,0,0,0,0,0,0
CR,0,TES,181.0,245.0,0,0,0,0,0,0,0,0
CF,LAREN,45.278056,12.061667,0,CHI,320.2,15.5,320.0,15.0,0,0,0,0,0,0,0,0

STAR,CHI2W,ALL,2
IF,CHI,45.071083,12.281444, ,0.0,0.0,0,0,0,0,0,0,0,0
TF,ERSAB,45.443056,12.551944,0, ,0.0,0.0,0.0,0.0,0,0,0,0,0,0,0,0

STAR,INDO1W,ALL,2
IF,INDOD,45.219444,12.388889, ,0.0,0.0,0,0,0,0,0,0,0,0
TF,ERSAB,45.443056,12.551944,0, ,0.0,0.0,0.0,0.0,0,0,0,0,0,0,0,0

STAR,OTGI1E,ALL,5
IF,OTGIG,44.999722,12.118056, ,0.0,0.0,4,11000,9000,1,270,0,0,0
TF,PZ655,45.067667,12.111778,0, ,0.0,0.0,0.0,0.0,0,0,0,1,230,0,0,0
TF,PZ850,45.123139,12.024056,0, ,0.0,0.0,0.0,0.0,3,9000,0,1,230,0,0,0
TF,PZ845,45.060972,11.945806,0, ,0.0,0.0,0.0,0.0,3,9000,0,1,230,0,0,0
TF,PZ840,44.998722,11.867750,0, ,0.0,0.0,0.0,0.0,3,9000,0,1,210,0,0,0
TF,PZ735,45.054028,11.779917,0, ,0.0,0.0,0.0,0.0,0,0,0,1,210,0,0,0
TF,PZ730,45.116333,11.857944,0, ,0.0,0.0,0.0,0.0,0,0,0,1,210,0,0,0
TF,PZ725,45.178556,11.936167,0, ,0.0,0.0,0.0,0.0,0,0,0,1,210,0,0,0
TF,LAREN,45.278056,12.061667,0, ,0.0,0.0,0.0,0.0,0,0,0,1,210,0,0,0

STAR,OTGI1F,ALL,5
IF,OTGIG,44.999722,12.118056, ,0.0,0.0,4,11000,9000,1,270,0,0,0
TF,ERSAB,45.443056,12.551944,0, ,0.0,0.0,0.0,0.0,0,0,0,1,210,0,0,0

STAR,OTGI1P,ALL,2
IF,OTGIG,44.999722,12.118056, ,0.0,0.0,0,0,0,0,0,0,0,0
CR,0,TES,215.0,331.0,0,0,0,0,0,0,0,0
CF,LAREN,45.278056,12.061667,0,TES,219.0,19.4,39.0,5.0,0,0,0,0,0,0,0,0

STAR,OTGI1R,ALL,2
IF,OTGIG,44.999722,12.118056, ,0.0,0.0,0,0,0,0,0,0,0,0
CR,0,TES,188.0,55.0,0,0,0,0,0,0,0,0
CF,ERSAB,45.443056,12.551944,0,CHI,24.1,25.1,24.0,26.0,0,0,0,0,0,0,0,0

APPTR,D04L,04L,D100L
IF,D100L,45.473764,12.645128, ,0.0,0.0,0,0,0,0,0,0,0,0
CI,0, ,0.0,100.0,0,0,0,0,0,0,0,0
AF,D180O,45.269464,12.349667,2,TES,180.0,15.0,100.0,2,4000,0,0,0,0,0,0
AF,D211O,45.311686,12.170094,2,TES,211.0,15.0,180.0,2,3000,0,0,0,0,0,0
CF,FD04,45.380247,12.190986,0,TES,219.0,11.2,39.0,4.0,2,3000,0,0,0,0,0,0

APPTR,D04L,04L,LAREN
IF,LAREN,45.278056,12.061667, ,0.0,0.0,0,0,0,0,0,0,0,0
CF,LOBBE,45.331944,12.126667,0,TES,219.4,15.2,39.0,4.3,2,3000,0,0,0,0,1,0
CF,FD04,45.380247,12.190986,0,TES,219.0,11.2,39.0,4.0,2,3000,0,0,0,0,0,0

FINAL,D04L,04L,D,4
IF,FD04,45.380247,12.190986,TES,219.0,11.2,2,3000,0,0,0,0,2,0
CF,70VOR,45.432344,12.257336,0,TES,219.0,7.0,39.0,4.2,2,1650,0,0,0,0,0,0
CF,50VOR,45.457136,12.288975,0,TES,219.0,5.0,39.0,2.0,2,1010,0,0,0,0,0,0
CF,MD04,45.488117,12.328561,0,TES,219.0,2.5,39.0,2.5,1,229,0,0,0,0,3,0
CF,TES,45.519083,12.368194,0,TES,0.0,0.0,39.0,2.5,0,0,0,0,0,0,0,0
FD,TES,45.519083,12.368194,0,TES,0.0,2.0,39.0,2.0,0,0,0,0,0,0,0,0
VI,2, ,0.0,130.0,0,0,0,1,200,0,0,0
CF,D100L,45.473764,12.645128,0,TES,100.0,12.0,100.0,6.0,1,3000,0,0,0,0,0,1
CF,D112I,45.455536,12.561322,2,TES,112.0,9.0,292.0,3.0,0,0,0,1,185,0,0,0
HM,D112I,45.455536,12.561322,2, ,0.0,0.0,292.0,03,2,3000,0,1,185,0,0,0,0

APPTR,D04R,04R,D100L
IF,D100L,45.473764,12.645128, ,0.0,0.0,0,0,0,0,0,0,0,0
CI,0, ,0.0,100.0,0,0,0,0,0,0,0,0
AF,D180O,45.269464,12.349667,2,TES,180.0,15.0,100.0,2,4000,0,0,0,0,0,0
AF,D211O,45.311686,12.170094,2,TES,211.0,15.0,180.0,2,3000,0,0,0,0,0,0
CF,FD04,45.380247,12.190986,0,TES,219.0,11.2,39.0,4.2,2,3000,0,0,0,0,0,0

APPTR,D04R,04R,LAREN
IF,LAREN,45.278056,12.061667, ,0.0,0.0,0,0,0,0,0,0,0,0
CF,KIZAF,45.330278,12.128056,0,TES,218.9,15.2,39.0,4.2,2,3000,0,0,0,0,1,0
CF,FD04,45.380247,12.190986,0,TES,219.0,11.2,39.0,4.0,2,3000,0,0,0,0,0,0

FINAL,D04R,04R,D,4
IF,FD04,45.380247,12.190986,TES,219.0,11.2,2,3000,0,0,0,0,2,0
CF,70VOR,45.432344,12.257336,0,TES,219.0,7.0,39.0,4.2,2,1650,0,0,0,0,0,0
CF,50VOR,45.457136,12.288975,0,TES,219.0,5.0,39.0,2.0,2,1010,0,0,0,0,0,0
CF,MD04,45.488117,12.328561,0,TES,219.0,2.5,39.0,2.5,1,226,0,0,0,0,3,0
CF,TES,45.519083,12.368194,0,TES,0.0,0.0,39.0,2.5,0,0,0,0,0,0,0,0
FD,TES,45.519083,12.368194,0,TES,0.0,2.0,39.0,2.0,0,0,0,0,0,0,0,0
VI,2, ,0.0,130.0,0,0,0,1,200,0,0,0
CF,D100L,45.473764,12.645128,0,TES,100.0,12.0,100.0,6.0,1,3000,0,0,0,0,0,1
CF,D112I,45.455536,12.561322,2,TES,112.0,9.0,292.0,3.0,0,0,0,1,185,0,0,0
HM,D112I,45.455536,12.561322,2, ,0.0,0.0,292.0,03,2,3000,0,1,185,0,0,0,0

APPTR,D22L,22L,ERSAB
IF,ERSAB,45.443056,12.551944, ,0.0,0.0,2,5000,0,0,0,0,1,0
AF,D079I,45.539758,12.579528,1,TES,79.0,9.0,117.0,2,3500,0,0,0,0,0,0
AF,CD22,45.630442,12.511225,1,TES,39.0,9.0,79.0,2,2000,0,0,0,0,0,0

FINAL,D22L,22L,D,3
IF,CD22,45.630442,12.511225,TES,39.0,9.0,2,2000,0,0,0,0,0,0
CF,FD22L,45.592106,12.461894,0,TES,39.0,5.9,219.0,3.1,2,2000,0,0,0,0,2,0
CF,MD22L,45.531464,12.384058,0,TES,39.0,0.0,219.0,4.9,1,436,0,0,0,0,3,0
CA,0,219.0,2,2000,0,0,0,0,0,0
CI,0, ,0.0,138.0,0,0,0,1,210,0,0,0
CF,D183V,45.154467,12.314033,0,TES,183.0,22.0,183.0,16.0,1,4000,0,0,0,0,0,1
CF,INDOD,45.219444,12.388889,1,TES,175.2,18.0,354.0,4.0,0,0,0,1,210,0,0,0
HM,INDOD,45.219444,12.388889,1, ,0.0,0.0,354.0,04,2,4000,0,1,210,0,0,0,0

APPTR,D22R,22R,ERSAB
IF,ERSAB,45.443056,12.551944, ,0.0,0.0,2,5000,0,0,0,0,1,0
AF,D079I,45.539758,12.579528,1,TES,79.0,9.0,117.0,2,3500,0,0,0,0,0,0
AF,CD22,45.630442,12.511225,1,TES,39.0,9.0,79.0,2,2000,0,0,0,0,0,0

FINAL,D22R,22R,D,3
IF,CD22,45.630442,12.511225,TES,39.0,9.0,2,2000,0,0,0,0,0,0
CF,FD22R,45.588394,12.457125,0,TES,39.0,5.6,219.0,3.4,2,2000,0,0,0,0,2,0
CF,MD22R,45.525272,12.376125,0,TES,39.0,0.5,219.0,5.1,1,373,0,0,0,0,3,0
CA,0,219.0,2,2000,0,0,0,0,0,0
CI,0, ,0.0,138.0,0,0,0,1,210,0,0,0
CF,D183V,45.154467,12.314033,0,TES,183.0,22.0,183.0,16.0,1,4000,0,0,0,0,0,1
CF,INDOD,45.219444,12.388889,1,TES,175.2,18.0,354.0,4.0,0,0,0,1,210,0,0,0
HM,INDOD,45.219444,12.388889,1, ,0.0,0.0,354.0,04,2,4000,0,1,210,0,0,0,0

APPTR,I04RX,04R,LAREN
IF,LAREN,45.278056,12.061667, ,0.0,0.0,0,0,0,0,0,0,1,0
TF,KIZAF,45.330278,12.128056,0,VTS,0.0,0.0,0.0,0.0,2,3000,0,0,0,0,1,0

FINAL,I04RX,04R,I,3
IF,KIZAF,45.330278,12.128056,VTS,219.1,15.2,2,3000,0,0,0,0,0,0
CF,FF04R,45.379819,12.191353,0,VTS,219.1,11.2,39.0,4.0,1,3000,0,0,0,0,2,0
CF,RW04R,45.494128,12.337719,0,VTS,219.1,2.0,39.0,9.2,1,58,0,0,0,0,3,0
CF,D039D,45.543167,12.400650,0,TES,40.4,2.0,39.0,4.0,0,0,0,0,0,0,0,1
CI,2, ,0.0,167.0,0,0,0,1,185,0,0,0
CF,DOGEX,45.234167,12.445556,0,CHI,32.4,12.0,212.0,8.0,1,4000,0,0,0,0,0,0
HM,DOGEX,45.234167,12.445556,1, ,0.0,0.0,212.0,04,2,4000,0,1,210,0,0,0,0

APPTR,I04RY,04R,D100L
IF,D100L,45.473764,12.645128, ,0.0,0.0,0,0,0,0,0,0,0,0
CI,0, ,0.0,100.0,0,0,0,0,0,0,0,0
AF,D180O,45.269464,12.349667,2,TES,180.0,15.0,100.0,2,4000,0,0,0,0,0,0
AF,D211O,45.311686,12.170094,2,TES,211.0,15.0,180.0,2,3000,0,0,0,0,0,0
CI,0,VTS,0.0,9.0,0,0,0,0,0,0,0,0

APPTR,I04RY,04R,LAREN
IF,LAREN,45.278056,12.061667, ,0.0,0.0,0,0,0,0,0,0,1,0
TF,KIZAF,45.330278,12.128056,0,VTS,0.0,0.0,0.0,0.0,2,3000,0,0,0,0,1,0

FINAL,I04RY,04R,I,3
IF,KIZAF,45.330278,12.128056,VTS,219.1,15.2,2,3000,0,0,0,0,0,0
CF,FF04R,45.379819,12.191353,0,VTS,219.1,11.2,39.0,4.0,1,3000,0,0,0,0,2,0
CF,RW04R,45.494128,12.337719,0,VTS,219.1,2.0,39.0,9.2,1,58,0,0,0,0,3,0
CF,D039D,45.543167,12.400650,0,TES,40.4,2.0,39.0,4.0,0,0,0,0,0,0,0,1
CI,2, ,0.0,130.0,0,0,0,1,200,0,0,0
CF,D100L,45.473764,12.645128,0,TES,100.0,12.0,100.0,7.0,1,3000,0,0,0,0,0,1
CF,D112I,45.455536,12.561322,2,TES,112.0,9.0,292.0,3.0,0,0,0,1,185,0,0,0
HM,D112I,45.455536,12.561322,2, ,0.0,0.0,292.0,03,2,3000,0,1,185,0,0,0,0

APPTR,I04RZ,04R,AKADO
IF,AKADO,45.333333,12.500000, ,0.0,0.0,2,5000,0,0,0,0,1,0
TF,PZ704,45.242897,12.252067,0, ,0.0,0.0,0.0,0.0,2,3000,0,0,0,0,0,0
TF,KIZAF,45.330278,12.128056,0,VTS,0.0,0.0,0.0,0.0,2,3000,0,1,200,0,1,0

APPTR,I04RZ,04R,LAREN
IF,LAREN,45.278056,12.061667, ,0.0,0.0,2,4000,0,0,0,0,1,0
TF,KIZAF,45.330278,12.128056,0,VTS,0.0,0.0,0.0,0.0,2,3000,0,0,0,0,1,0

FINAL,I04RZ,04R,I,3
IF,KIZAF,45.330278,12.128056,VTS,219.1,15.2,2,3000,0,0,0,0,0,0
CF,FF04R,45.379819,12.191353,0,VTS,219.1,11.2,39.0,4.0,1,3000,0,0,0,0,2,0
CF,RW04R,45.494128,12.337719,0,VTS,219.1,2.0,39.0,9.2,1,58,0,0,0,0,3,0
CF,PZ702,45.543308,12.400947,0,TES,40.5,2.0,39.0,4.0,0,0,0,1,200,0,0,1
CF,PZ703,45.487158,12.623200,0,TES,97.0,10.9,118.0,10.0,0,0,0,1,200,0,0,0
TF,AKADO,45.333333,12.500000,0, ,0.0,0.0,0.0,0.0,2,5000,0,1,210,0,0,0
HM,AKADO,45.333333,12.500000,1, ,0.0,0.0,207.0,03.7,2,5000,0,1,210,0,0,0,0

APPTR,R04L,04L,AKADO
IF,AKADO,45.333333,12.500000, ,0.0,0.0,2,5000,0,0,0,0,1,0
TF,PZ704,45.242897,12.252067,0, ,0.0,0.0,0.0,0.0,2,3000,0,0,0,0,0,0
TF,LOBBE,45.331944,12.126667,0, ,0.0,0.0,0.0,0.0,2,3000,0,1,200,0,1,0

APPTR,R04L,04L,LAREN
IF,LAREN,45.278056,12.061667, ,0.0,0.0,2,4000,0,0,0,0,1,0
TF,LOBBE,45.331944,12.126667,0, ,0.0,0.0,0.0,0.0,2,3000,0,0,0,0,1,0

FINAL,R04L,04L,R,3
IF,LOBBE,45.331944,12.126667, ,0.0,0.0,2,3000,0,0,0,0,0,0
TF,PZ309,45.381456,12.189856,0, ,0.0,0.0,39.0,4.0,1,3000,0,0,0,0,2,0
TF,RW04L,45.495433,12.335914,0, ,0.0,0.0,39.0,9.2,1,58,0,0,0,0,3,1
CF,PZ712,45.544517,12.399044,0,TES,37.4,2.0,39.0,4.0,0,0,0,1,200,0,0,1
CF,PZ703,45.487158,12.623200,0,TES,97.0,10.9,118.0,10.1,0,0,0,1,200,0,0,0
TF,AKADO,45.333333,12.500000,0, ,0.0,0.0,0.0,0.0,2,5000,0,1,210,0,0,0
HM,AKADO,45.333333,12.500000,1, ,0.0,0.0,207.0,03.7,2,5000,0,1,210,0,0,0,0

APPTR,R04R,04R,AKADO
IF,AKADO,45.333333,12.500000, ,0.0,0.0,2,5000,0,0,0,0,1,0
TF,PZ704,45.242897,12.252067,0, ,0.0,0.0,0.0,0.0,2,3000,0,0,0,0,0,0
TF,KIZAF,45.330278,12.128056,0, ,0.0,0.0,0.0,0.0,2,3000,0,1,200,0,1,0

APPTR,R04R,04R,LAREN
IF,LAREN,45.278056,12.061667, ,0.0,0.0,2,4000,0,0,0,0,1,0
TF,KIZAF,45.330278,12.128056,0, ,0.0,0.0,0.0,0.0,2,3000,0,0,0,0,1,0

FINAL,R04R,04R,R,3
IF,KIZAF,45.330278,12.128056, ,0.0,0.0,2,3000,0,0,0,0,0,0
TF,PZ209,45.379817,12.191286,0, ,0.0,0.0,39.0,4.0,1,3000,0,0,0,0,2,0
TF,RW04R,45.494128,12.337719,0, ,0.0,0.0,39.0,9.2,1,58,0,0,0,0,3,1
CF,PZ702,45.543308,12.400947,0,TES,40.5,2.0,39.0,4.0,0,0,0,1,200,0,0,1
CF,PZ703,45.487158,12.623200,0,TES,97.0,10.9,118.0,10.0,0,0,0,1,200,0,0,0
TF,AKADO,45.333333,12.500000,0, ,0.0,0.0,0.0,0.0,2,5000,0,1,210,0,0,0
HM,AKADO,45.333333,12.500000,1, ,0.0,0.0,207.0,03.7,2,5000,0,1,210,0,0,0,0

APPTR,R22L,22L,ERSAB
IF,ERSAB,45.443056,12.551944, ,0.0,0.0,2,5000,0,0,0,0,1,0
TF,PZ531,45.591442,12.661500,0, ,0.0,0.0,0.0,0.0,2,3500,0,0,0,0,0,0
TF,PZ532,45.629675,12.512511,1, ,0.0,0.0,0.0,0.0,2,2000,0,1,185,0,1,0

APPTR,R22L,22L,LAREN
IF,LAREN,45.278056,12.061667, ,0.0,0.0,2,6000,0,0,0,0,1,0
TF,PZ530,45.278069,12.339664,0, ,0.0,0.0,0.0,0.0,0,0,0,0,0,0,0,0
TF,ERSAB,45.443056,12.551944,0, ,0.0,0.0,0.0,0.0,2,5000,0,0,0,0,0,0
TF,PZ531,45.591442,12.661500,0, ,0.0,0.0,0.0,0.0,2,3500,0,0,0,0,0,0
TF,PZ532,45.629675,12.512511,1, ,0.0,0.0,0.0,0.0,2,2000,0,1,185,0,1,0

FINAL,R22L,22L,R,3
IF,PZ532,45.629675,12.512511, ,0.0,0.0,2,2000,0,1,185,0,0,0
TF,PZ533,45.591558,12.463242,0, ,0.0,0.0,219.0,3.1,1,2000,0,0,0,0,2,0
TF,RW22L,45.516156,12.366047,0, ,0.0,0.0,219.0,6.1,1,57,0,0,0,0,3,1
CF,PZ534,45.376361,12.186794,0,TES,218.9,11.5,219.0,11.3,2,2000,0,1,210,0,0,1
TF,INDOD,45.219444,12.388889,0, ,0.0,0.0,0.0,0.0,2,4000,0,1,210,0,0,0
HM,INDOD,45.219444,12.388889,1, ,0.0,0.0,354.0,03.8,2,4000,0,1,210,0,0,0,0

APPTR,R22R,22R,ERSAB
IF,ERSAB,45.443056,12.551944, ,0.0,0.0,2,5000,0,0,0,0,1,0
TF,PZ531,45.591442,12.661500,0, ,0.0,0.0,0.0,0.0,2,3500,0,0,0,0,0,0
TF,PZ537,45.630347,12.509881,1, ,0.0,0.0,0.0,0.0,2,2000,0,1,185,0,1,0

APPTR,R22R,22R,LAREN
IF,LAREN,45.278056,12.061667, ,0.0,0.0,2,6000,0,0,0,0,1,0
TF,PZ530,45.278069,12.339664,0, ,0.0,0.0,0.0,0.0,0,0,0,0,0,0,0,0
TF,ERSAB,45.443056,12.551944,0, ,0.0,0.0,0.0,0.0,2,5000,0,0,0,0,0,0
TF,PZ531,45.591442,12.661500,0, ,0.0,0.0,0.0,0.0,2,3500,0,0,0,0,0,0
TF,PZ537,45.630347,12.509881,1, ,0.0,0.0,0.0,0.0,2,2000,0,1,185,0,1,0

FINAL,R22R,22R,R,3
IF,PZ537,45.630347,12.509881, ,0.0,0.0,2,2000,0,1,185,0,0,0
TF,PZ538,45.589139,12.456617,0, ,0.0,0.0,219.0,3.3,1,2000,0,0,0,0,2,0
TF,RW22R,45.513706,12.359406,0, ,0.0,0.0,219.0,6.1,1,55,0,0,0,0,3,1
CF,PZ539,45.377569,12.184892,0,TES,219.4,11.5,219.0,11.0,2,2000,0,1,210,0,0,1
TF,INDOD,45.219444,12.388889,0, ,0.0,0.0,0.0,0.0,2,4000,0,1,210,0,0,0
HM,INDOD,45.219444,12.388889,1, ,0.0,0.0,354.0,03.8,2,4000,0,1,210,0,0,0,0

