SID,OKUN6Z,15,5
CA,0,151.0,2,830,0,0,0,0,0,0
VI,2, ,0.0,247.0,0,0,0,0,0,0,0,0
CF,RATIR,41.681667,12.449167,0,ROM,218.3,9.7,217.0,4.0,2,3000,0,1,210,0,0,1
DF,RA501,41.693889,12.637417,1, ,0.0,0.0,2,5000,0,1,240,0,0,0
TF,RA502,41.707811,12.830561,0, ,0.0,0.0,0.0,0.0,1,8000,0,0,0,0,0,0
TF,PEMAR,42.029725,12.919444,0, ,0.0,0.0,0.0,0.0,2,11000,0,0,0,0,0,0
TF,OKUNO,42.107222,12.972500,0, ,0.0,0.0,0.0,0.0,2,14000,0,0,0,0,0,0

SID,OKUN7G,15,5
CA,0,151.0,2,1000,0,0,0,0,0,0
VI,2, ,0.0,247.0,0,0,0,0,0,0,0,0
CF,RATIR,41.681667,12.449167,0,ROM,218.3,9.7,217.0,4.0,2,3000,0,1,240,0,0,1
DF,RA501,41.693889,12.637417,1, ,0.0,0.0,2,5000,0,0,0,0,0,0
TF,RA502,41.707811,12.830561,0, ,0.0,0.0,0.0,0.0,1,8000,0,0,0,0,0,0
TF,PEMAR,42.029725,12.919444,0, ,0.0,0.0,0.0,0.0,2,11000,0,0,0,0,0,0
TF,OKUNO,42.107222,12.972500,0, ,0.0,0.0,0.0,0.0,2,14000,0,0,0,0,0,0

SID,OST6X,15,5
CA,0,151.0,2,830,0,0,0,0,0,0
CF,RA504,41.806694,12.510058,2,OST,87.1,12.2,341.0,4.0,2,2000,0,1,210,0,0,0
TF,RA503,41.852494,12.491736,0, ,0.0,0.0,0.0,0.0,2,3000,0,0,0,0,0,1
CF,AKILI,41.830556,12.319444,1,OST,64.4,4.0,244.0,6.0,2,4000,0,0,0,0,0,0
TF,OST,41.803778,12.237528,0, ,0.0,0.0,0.0,0.0,2,5000,0,0,0,0,0,0

SID,OST6X,ESI5V,6
IF,OST,41.803778,12.237528, ,0.0,0.0,2,5000,0,0,0,0,0,0
TF,TORLI,41.596667,12.018333,0, ,0.0,0.0,0.0,0.0,0,0,0,0,0,0,0,0
TF,ESINO,41.384719,11.794722,0, ,0.0,0.0,0.0,0.0,2,10000,0,0,0,0,0,0

SID,OST6X,GIL5V,6
IF,OST,41.803778,12.237528, ,0.0,0.0,2,5000,0,0,0,0,0,0
TF,NENIG,41.900000,11.592778,0, ,0.0,0.0,0.0,0.0,0,0,0,0,0,0,0,0
TF,GILIO,42.366664,10.926111,0, ,0.0,0.0,0.0,0.0,2,10000,0,0,0,0,0,0

SID,OST6X,KON5V,6
IF,OST,41.803778,12.237528, ,0.0,0.0,2,5000,0,0,0,0,0,0
TF,TORLI,41.596667,12.018333,0, ,0.0,0.0,0.0,0.0,0,0,0,0,0,0,0,0
TF,KONUT,41.292778,12.016667,0, ,0.0,0.0,0.0,0.0,2,10000,0,0,0,0,0,0

SID,OST6X,OKU5S,6
IF,OST,41.803778,12.237528, ,0.0,0.0,2,5000,0,0,0,0,0,0
TF,XIBRI,41.557778,12.176944,0, ,0.0,0.0,0.0,0.0,0,0,0,0,0,0,0,1
DF,DIBVI,41.517222,12.410000,1, ,0.0,0.0,2,6000,0,0,0,0,0,0
TF,ROM,41.804667,12.588000,0, ,0.0,0.0,0.0,0.0,0,0,0,0,0,0,0,0
TF,LELSU,42.037778,12.807500,0, ,0.0,0.0,0.0,0.0,2,11000,0,0,0,0,0,0
TF,OKUNO,42.107222,12.972500,0, ,0.0,0.0,0.0,0.0,0,0,0,0,0,0,0,0

SID,OST6X,PEM5S,6
IF,OST,41.803778,12.237528, ,0.0,0.0,2,5000,0,0,0,0,0,0
TF,XIBRI,41.557778,12.176944,0, ,0.0,0.0,0.0,0.0,0,0,0,0,0,0,0,1
DF,DIBVI,41.517222,12.410000,1, ,0.0,0.0,2,6000,0,0,0,0,0,0
TF,ROM,41.804667,12.588000,0, ,0.0,0.0,0.0,0.0,2,8000,0,0,0,0,0,0
TF,RA536,41.944917,12.591194,0, ,0.0,0.0,0.0,0.0,0,0,0,0,0,0,0,0
TF,PEMAR,42.029725,12.919444,0, ,0.0,0.0,0.0,0.0,2,11000,0,0,0,0,0,0

SID,OST6X,PEP5V,6
IF,OST,41.803778,12.237528, ,0.0,0.0,2,5000,0,0,0,0,0,0
TF,XIBRI,41.557778,12.176944,0, ,0.0,0.0,0.0,0.0,0,0,0,0,0,0,0,0
TF,ELVIN,41.493889,12.161389,0, ,0.0,0.0,0.0,0.0,0,0,0,0,0,0,0,0
TF,ADMOP,41.321944,12.119444,0, ,0.0,0.0,0.0,0.0,0,0,0,0,0,0,0,0
TF,PEPIX,41.160000,12.188611,0, ,0.0,0.0,0.0,0.0,2,10000,0,0,0,0,0,0

SID,OST6X,POD5V,6
IF,OST,41.803778,12.237528, ,0.0,0.0,2,5000,0,0,0,0,0,0
TF,XENOL,41.788333,11.552222,0, ,0.0,0.0,0.0,0.0,0,0,0,0,0,0,0,0
TF,GISPA,41.805278,11.342222,0, ,0.0,0.0,0.0,0.0,0,0,0,0,0,0,0,0
TF,PODOX,42.277222,10.576944,0, ,0.0,0.0,0.0,0.0,2,10000,0,0,0,0,0,0

SID,OST6X,RIF5V,6
IF,OST,41.803778,12.237528, ,0.0,0.0,2,5000,0,0,0,0,0,0
TF,XIBRI,41.557778,12.176944,0, ,0.0,0.0,0.0,0.0,0,0,0,0,0,0,0,0
TF,ELVIN,41.493889,12.161389,0, ,0.0,0.0,0.0,0.0,0,0,0,0,0,0,0,0
TF,RIFFI,41.224444,12.532222,0, ,0.0,0.0,0.0,0.0,2,9000,0,0,0,0,0,0

SID,OST6X,SIP5S,6
IF,OST,41.803778,12.237528, ,0.0,0.0,2,5000,0,0,0,0,0,0
TF,XIBRI,41.557778,12.176944,0, ,0.0,0.0,0.0,0.0,0,0,0,0,0,0,0,1
DF,DIBVI,41.517222,12.410000,1, ,0.0,0.0,2,6000,0,0,0,0,0,0
TF,IPMUT,41.670556,12.504722,0, ,0.0,0.0,0.0,0.0,0,0,0,0,0,0,0,0
TF,OTKUB,41.661944,12.760556,0, ,0.0,0.0,0.0,0.0,2,12000,0,0,0,0,0,0
TF,FRS,41.642528,13.292361,0, ,0.0,0.0,0.0,0.0,0,0,0,0,0,0,0,0
TF,SIPRO,41.446019,13.680528,0, ,0.0,0.0,0.0,0.0,0,0,0,0,0,0,0,0

SID,OST6X,SOV5V,6
IF,OST,41.803778,12.237528, ,0.0,0.0,2,5000,0,0,0,0,0,0
TF,RA531,42.192028,12.109194,0, ,0.0,0.0,0.0,0.0,2,11000,0,0,0,0,0,0
TF,SOVAN,42.834722,11.891667,0, ,0.0,0.0,0.0,0.0,0,0,0,0,0,0,0,0

SID,OST6X,TIB5S,6
IF,OST,41.803778,12.237528, ,0.0,0.0,2,5000,0,0,0,0,0,0
TF,XIBRI,41.557778,12.176944,0, ,0.0,0.0,0.0,0.0,0,0,0,0,0,0,0,1
DF,DIBVI,41.517222,12.410000,1, ,0.0,0.0,2,6000,0,0,0,0,0,0
TF,ROM,41.804667,12.588000,0, ,0.0,0.0,0.0,0.0,0,0,0,0,0,0,0,0
TF,GEGDU,42.021389,12.593056,0, ,0.0,0.0,0.0,0.0,2,11000,0,0,0,0,0,0
TF,TIBER,42.248875,12.599000,0, ,0.0,0.0,0.0,0.0,0,0,0,0,0,0,0,0

SID,OST6Y,15,5
CA,0,151.0,2,830,0,0,0,0,0,0
CF,RA508,41.806103,12.449153,2,OST,87.1,9.5,307.0,6.0,2,2000,0,1,210,0,0,0
TF,RA506,41.805567,12.393453,0, ,0.0,0.0,0.0,0.0,2,3000,0,0,0,0,0,0
TF,OST,41.803778,12.237528,0, ,0.0,0.0,0.0,0.0,2,5000,0,0,0,0,0,0

SID,OST6Y,ESI5V,6
IF,OST,41.803778,12.237528, ,0.0,0.0,2,5000,0,0,0,0,0,0
TF,TORLI,41.596667,12.018333,0, ,0.0,0.0,0.0,0.0,0,0,0,0,0,0,0,0
TF,ESINO,41.384719,11.794722,0, ,0.0,0.0,0.0,0.0,2,10000,0,0,0,0,0,0

SID,OST6Y,GIL5V,6
IF,OST,41.803778,12.237528, ,0.0,0.0,2,5000,0,0,0,0,0,0
TF,NENIG,41.900000,11.592778,0, ,0.0,0.0,0.0,0.0,0,0,0,0,0,0,0,0
TF,GILIO,42.366664,10.926111,0, ,0.0,0.0,0.0,0.0,2,10000,0,0,0,0,0,0

SID,OST6Y,KON5V,6
IF,OST,41.803778,12.237528, ,0.0,0.0,2,5000,0,0,0,0,0,0
TF,TORLI,41.596667,12.018333,0, ,0.0,0.0,0.0,0.0,0,0,0,0,0,0,0,0
TF,KONUT,41.292778,12.016667,0, ,0.0,0.0,0.0,0.0,2,10000,0,0,0,0,0,0

SID,OST6Y,OKU5S,6
IF,OST,41.803778,12.237528, ,0.0,0.0,2,5000,0,0,0,0,0,0
TF,XIBRI,41.557778,12.176944,0, ,0.0,0.0,0.0,0.0,0,0,0,0,0,0,0,1
DF,DIBVI,41.517222,12.410000,1, ,0.0,0.0,2,6000,0,0,0,0,0,0
TF,ROM,41.804667,12.588000,0, ,0.0,0.0,0.0,0.0,0,0,0,0,0,0,0,0
TF,LELSU,42.037778,12.807500,0, ,0.0,0.0,0.0,0.0,2,11000,0,0,0,0,0,0
TF,OKUNO,42.107222,12.972500,0, ,0.0,0.0,0.0,0.0,0,0,0,0,0,0,0,0

SID,OST6Y,PEM5S,6
IF,OST,41.803778,12.237528, ,0.0,0.0,2,5000,0,0,0,0,0,0
TF,XIBRI,41.557778,12.176944,0, ,0.0,0.0,0.0,0.0,0,0,0,0,0,0,0,1
DF,DIBVI,41.517222,12.410000,1, ,0.0,0.0,2,6000,0,0,0,0,0,0
TF,ROM,41.804667,12.588000,0, ,0.0,0.0,0.0,0.0,2,8000,0,0,0,0,0,0
TF,RA536,41.944917,12.591194,0, ,0.0,0.0,0.0,0.0,0,0,0,0,0,0,0,0
TF,PEMAR,42.029725,12.919444,0, ,0.0,0.0,0.0,0.0,2,11000,0,0,0,0,0,0

SID,OST6Y,PEP5V,6
IF,OST,41.803778,12.237528, ,0.0,0.0,2,5000,0,0,0,0,0,0
TF,XIBRI,41.557778,12.176944,0, ,0.0,0.0,0.0,0.0,0,0,0,0,0,0,0,0
TF,ELVIN,41.493889,12.161389,0, ,0.0,0.0,0.0,0.0,0,0,0,0,0,0,0,0
TF,ADMOP,41.321944,12.119444,0, ,0.0,0.0,0.0,0.0,0,0,0,0,0,0,0,0
TF,PEPIX,41.160000,12.188611,0, ,0.0,0.0,0.0,0.0,2,10000,0,0,0,0,0,0

SID,OST6Y,POD5V,6
IF,OST,41.803778,12.237528, ,0.0,0.0,2,5000,0,0,0,0,0,0
TF,XENOL,41.788333,11.552222,0, ,0.0,0.0,0.0,0.0,0,0,0,0,0,0,0,0
TF,GISPA,41.805278,11.342222,0, ,0.0,0.0,0.0,0.0,0,0,0,0,0,0,0,0
TF,PODOX,42.277222,10.576944,0, ,0.0,0.0,0.0,0.0,2,10000,0,0,0,0,0,0

SID,OST6Y,RIF5V,6
IF,OST,41.803778,12.237528, ,0.0,0.0,2,5000,0,0,0,0,0,0
TF,XIBRI,41.557778,12.176944,0, ,0.0,0.0,0.0,0.0,0,0,0,0,0,0,0,0
TF,ELVIN,41.493889,12.161389,0, ,0.0,0.0,0.0,0.0,0,0,0,0,0,0,0,0
TF,RIFFI,41.224444,12.532222,0, ,0.0,0.0,0.0,0.0,2,9000,0,0,0,0,0,0

SID,OST6Y,SIP5S,6
IF,OST,41.803778,12.237528, ,0.0,0.0,2,5000,0,0,0,0,0,0
TF,XIBRI,41.557778,12.176944,0, ,0.0,0.0,0.0,0.0,0,0,0,0,0,0,0,1
DF,DIBVI,41.517222,12.410000,1, ,0.0,0.0,2,6000,0,0,0,0,0,0
TF,IPMUT,41.670556,12.504722,0, ,0.0,0.0,0.0,0.0,0,0,0,0,0,0,0,0
TF,OTKUB,41.661944,12.760556,0, ,0.0,0.0,0.0,0.0,2,12000,0,0,0,0,0,0
TF,FRS,41.642528,13.292361,0, ,0.0,0.0,0.0,0.0,0,0,0,0,0,0,0,0
TF,SIPRO,41.446019,13.680528,0, ,0.0,0.0,0.0,0.0,0,0,0,0,0,0,0,0

SID,OST6Y,SOV5V,6
IF,OST,41.803778,12.237528, ,0.0,0.0,2,5000,0,0,0,0,0,0
TF,RA531,42.192028,12.109194,0, ,0.0,0.0,0.0,0.0,2,11000,0,0,0,0,0,0
TF,SOVAN,42.834722,11.891667,0, ,0.0,0.0,0.0,0.0,0,0,0,0,0,0,0,0

SID,OST6Y,TIB5S,6
IF,OST,41.803778,12.237528, ,0.0,0.0,2,5000,0,0,0,0,0,0
TF,XIBRI,41.557778,12.176944,0, ,0.0,0.0,0.0,0.0,0,0,0,0,0,0,0,1
DF,DIBVI,41.517222,12.410000,1, ,0.0,0.0,2,6000,0,0,0,0,0,0
TF,ROM,41.804667,12.588000,0, ,0.0,0.0,0.0,0.0,0,0,0,0,0,0,0,0
TF,GEGDU,42.021389,12.593056,0, ,0.0,0.0,0.0,0.0,2,11000,0,0,0,0,0,0
TF,TIBER,42.248875,12.599000,0, ,0.0,0.0,0.0,0.0,0,0,0,0,0,0,0,0

SID,OST6Z,15,5
CA,0,151.0,2,830,0,0,0,0,0,0
CF,RA507,41.766742,12.408650,2,OST,104.1,8.0,284.0,7.0,2,3000,0,1,210,0,0,0
TF,OST,41.803778,12.237528,0, ,0.0,0.0,0.0,0.0,2,5000,0,0,0,0,0,0

SID,OST6Z,ESI5V,6
IF,OST,41.803778,12.237528, ,0.0,0.0,2,5000,0,0,0,0,0,0
TF,TORLI,41.596667,12.018333,0, ,0.0,0.0,0.0,0.0,0,0,0,0,0,0,0,0
TF,ESINO,41.384719,11.794722,0, ,0.0,0.0,0.0,0.0,2,10000,0,0,0,0,0,0

SID,OST6Z,GIL5V,6
IF,OST,41.803778,12.237528, ,0.0,0.0,2,5000,0,0,0,0,0,0
TF,NENIG,41.900000,11.592778,0, ,0.0,0.0,0.0,0.0,0,0,0,0,0,0,0,0
TF,GILIO,42.366664,10.926111,0, ,0.0,0.0,0.0,0.0,2,10000,0,0,0,0,0,0

SID,OST6Z,KON5V,6
IF,OST,41.803778,12.237528, ,0.0,0.0,2,5000,0,0,0,0,0,0
TF,TORLI,41.596667,12.018333,0, ,0.0,0.0,0.0,0.0,0,0,0,0,0,0,0,0
TF,KONUT,41.292778,12.016667,0, ,0.0,0.0,0.0,0.0,2,10000,0,0,0,0,0,0

SID,OST6Z,OKU5S,6
IF,OST,41.803778,12.237528, ,0.0,0.0,2,5000,0,0,0,0,0,0
TF,XIBRI,41.557778,12.176944,0, ,0.0,0.0,0.0,0.0,0,0,0,0,0,0,0,1
DF,DIBVI,41.517222,12.410000,1, ,0.0,0.0,2,6000,0,0,0,0,0,0
TF,ROM,41.804667,12.588000,0, ,0.0,0.0,0.0,0.0,0,0,0,0,0,0,0,0
TF,LELSU,42.037778,12.807500,0, ,0.0,0.0,0.0,0.0,2,11000,0,0,0,0,0,0
TF,OKUNO,42.107222,12.972500,0, ,0.0,0.0,0.0,0.0,0,0,0,0,0,0,0,0

SID,OST6Z,PEM5S,6
IF,OST,41.803778,12.237528, ,0.0,0.0,2,5000,0,0,0,0,0,0
TF,XIBRI,41.557778,12.176944,0, ,0.0,0.0,0.0,0.0,0,0,0,0,0,0,0,1
DF,DIBVI,41.517222,12.410000,1, ,0.0,0.0,2,6000,0,0,0,0,0,0
TF,ROM,41.804667,12.588000,0, ,0.0,0.0,0.0,0.0,2,8000,0,0,0,0,0,0
TF,RA536,41.944917,12.591194,0, ,0.0,0.0,0.0,0.0,0,0,0,0,0,0,0,0
TF,PEMAR,42.029725,12.919444,0, ,0.0,0.0,0.0,0.0,2,11000,0,0,0,0,0,0

SID,OST6Z,PEP5V,6
IF,OST,41.803778,12.237528, ,0.0,0.0,2,5000,0,0,0,0,0,0
TF,XIBRI,41.557778,12.176944,0, ,0.0,0.0,0.0,0.0,0,0,0,0,0,0,0,0
TF,ELVIN,41.493889,12.161389,0, ,0.0,0.0,0.0,0.0,0,0,0,0,0,0,0,0
TF,ADMOP,41.321944,12.119444,0, ,0.0,0.0,0.0,0.0,0,0,0,0,0,0,0,0
TF,PEPIX,41.160000,12.188611,0, ,0.0,0.0,0.0,0.0,2,10000,0,0,0,0,0,0

SID,OST6Z,POD5V,6
IF,OST,41.803778,12.237528, ,0.0,0.0,2,5000,0,0,0,0,0,0
TF,XENOL,41.788333,11.552222,0, ,0.0,0.0,0.0,0.0,0,0,0,0,0,0,0,0
TF,GISPA,41.805278,11.342222,0, ,0.0,0.0,0.0,0.0,0,0,0,0,0,0,0,0
TF,PODOX,42.277222,10.576944,0, ,0.0,0.0,0.0,0.0,2,10000,0,0,0,0,0,0

SID,OST6Z,RIF5V,6
IF,OST,41.803778,12.237528, ,0.0,0.0,2,5000,0,0,0,0,0,0
TF,XIBRI,41.557778,12.176944,0, ,0.0,0.0,0.0,0.0,0,0,0,0,0,0,0,0
TF,ELVIN,41.493889,12.161389,0, ,0.0,0.0,0.0,0.0,0,0,0,0,0,0,0,0
TF,RIFFI,41.224444,12.532222,0, ,0.0,0.0,0.0,0.0,2,9000,0,0,0,0,0,0

SID,OST6Z,SIP5S,6
IF,OST,41.803778,12.237528, ,0.0,0.0,2,5000,0,0,0,0,0,0
TF,XIBRI,41.557778,12.176944,0, ,0.0,0.0,0.0,0.0,0,0,0,0,0,0,0,1
DF,DIBVI,41.517222,12.410000,1, ,0.0,0.0,2,6000,0,0,0,0,0,0
TF,IPMUT,41.670556,12.504722,0, ,0.0,0.0,0.0,0.0,0,0,0,0,0,0,0,0
TF,OTKUB,41.661944,12.760556,0, ,0.0,0.0,0.0,0.0,2,12000,0,0,0,0,0,0
TF,FRS,41.642528,13.292361,0, ,0.0,0.0,0.0,0.0,0,0,0,0,0,0,0,0
TF,SIPRO,41.446019,13.680528,0, ,0.0,0.0,0.0,0.0,0,0,0,0,0,0,0,0

SID,OST6Z,SOV5V,6
IF,OST,41.803778,12.237528, ,0.0,0.0,2,5000,0,0,0,0,0,0
TF,RA531,42.192028,12.109194,0, ,0.0,0.0,0.0,0.0,2,11000,0,0,0,0,0,0
TF,SOVAN,42.834722,11.891667,0, ,0.0,0.0,0.0,0.0,0,0,0,0,0,0,0,0

SID,OST6Z,TIB5S,6
IF,OST,41.803778,12.237528, ,0.0,0.0,2,5000,0,0,0,0,0,0
TF,XIBRI,41.557778,12.176944,0, ,0.0,0.0,0.0,0.0,0,0,0,0,0,0,0,1
DF,DIBVI,41.517222,12.410000,1, ,0.0,0.0,2,6000,0,0,0,0,0,0
TF,ROM,41.804667,12.588000,0, ,0.0,0.0,0.0,0.0,0,0,0,0,0,0,0,0
TF,GEGDU,42.021389,12.593056,0, ,0.0,0.0,0.0,0.0,2,11000,0,0,0,0,0,0
TF,TIBER,42.248875,12.599000,0, ,0.0,0.0,0.0,0.0,0,0,0,0,0,0,0,0

SID,OST7A,15,2
CA,0,151.0,2,1000,0,0,0,0,0,0
CF,D104H,41.766881,12.408806,2,OST,102.8,8.0,284.0,7.0,2,3000,0,1,210,0,0,0
TF,OST,41.803778,12.237528,0, ,0.0,0.0,0.0,0.0,2,5000,0,0,0,0,0,0

SID,OST7A,ESI5V,3
IF,OST,41.803778,12.237528, ,0.0,0.0,2,5000,0,0,0,0,0,0
TF,TORLI,41.596667,12.018333,0, ,0.0,0.0,0.0,0.0,0,0,0,0,0,0,0,0
TF,ESINO,41.384719,11.794722,0, ,0.0,0.0,0.0,0.0,2,10000,0,0,0,0,0,0

SID,OST7A,GIL5V,3
IF,OST,41.803778,12.237528, ,0.0,0.0,2,5000,0,0,0,0,0,0
TF,NENIG,41.900000,11.592778,0, ,0.0,0.0,0.0,0.0,0,0,0,0,0,0,0,0
TF,GILIO,42.366664,10.926111,0, ,0.0,0.0,0.0,0.0,2,10000,0,0,0,0,0,0

SID,OST7A,KON5V,3
IF,OST,41.803778,12.237528, ,0.0,0.0,2,5000,0,0,0,0,0,0
TF,TORLI,41.596667,12.018333,0, ,0.0,0.0,0.0,0.0,0,0,0,0,0,0,0,0
TF,KONUT,41.292778,12.016667,0, ,0.0,0.0,0.0,0.0,2,10000,0,0,0,0,0,0

SID,OST7A,OKU5S,3
IF,OST,41.803778,12.237528, ,0.0,0.0,2,5000,0,0,0,0,0,0
TF,XIBRI,41.557778,12.176944,0, ,0.0,0.0,0.0,0.0,0,0,0,0,0,0,0,1
DF,DIBVI,41.517222,12.410000,1, ,0.0,0.0,2,6000,0,0,0,0,0,0
TF,ROM,41.804667,12.588000,0, ,0.0,0.0,0.0,0.0,0,0,0,0,0,0,0,0
TF,LELSU,42.037778,12.807500,0, ,0.0,0.0,0.0,0.0,2,11000,0,0,0,0,0,0
TF,OKUNO,42.107222,12.972500,0, ,0.0,0.0,0.0,0.0,0,0,0,0,0,0,0,0

SID,OST7A,PEM5S,3
IF,OST,41.803778,12.237528, ,0.0,0.0,2,5000,0,0,0,0,0,0
TF,XIBRI,41.557778,12.176944,0, ,0.0,0.0,0.0,0.0,0,0,0,0,0,0,0,1
DF,DIBVI,41.517222,12.410000,1, ,0.0,0.0,2,6000,0,0,0,0,0,0
TF,ROM,41.804667,12.588000,0, ,0.0,0.0,0.0,0.0,2,8000,0,0,0,0,0,0
TF,RA536,41.944917,12.591194,0, ,0.0,0.0,0.0,0.0,0,0,0,0,0,0,0,0
TF,PEMAR,42.029725,12.919444,0, ,0.0,0.0,0.0,0.0,2,11000,0,0,0,0,0,0

SID,OST7A,PEP5V,3
IF,OST,41.803778,12.237528, ,0.0,0.0,2,5000,0,0,0,0,0,0
TF,XIBRI,41.557778,12.176944,0, ,0.0,0.0,0.0,0.0,0,0,0,0,0,0,0,0
TF,ELVIN,41.493889,12.161389,0, ,0.0,0.0,0.0,0.0,0,0,0,0,0,0,0,0
TF,ADMOP,41.321944,12.119444,0, ,0.0,0.0,0.0,0.0,0,0,0,0,0,0,0,0
TF,PEPIX,41.160000,12.188611,0, ,0.0,0.0,0.0,0.0,2,10000,0,0,0,0,0,0

SID,OST7A,POD5V,3
IF,OST,41.803778,12.237528, ,0.0,0.0,2,5000,0,0,0,0,0,0
TF,XENOL,41.788333,11.552222,0, ,0.0,0.0,0.0,0.0,0,0,0,0,0,0,0,0
TF,GISPA,41.805278,11.342222,0, ,0.0,0.0,0.0,0.0,0,0,0,0,0,0,0,0
TF,PODOX,42.277222,10.576944,0, ,0.0,0.0,0.0,0.0,2,10000,0,0,0,0,0,0

SID,OST7A,RIF5V,3
IF,OST,41.803778,12.237528, ,0.0,0.0,2,5000,0,0,0,0,0,0
TF,XIBRI,41.557778,12.176944,0, ,0.0,0.0,0.0,0.0,0,0,0,0,0,0,0,0
TF,ELVIN,41.493889,12.161389,0, ,0.0,0.0,0.0,0.0,0,0,0,0,0,0,0,0
TF,RIFFI,41.224444,12.532222,0, ,0.0,0.0,0.0,0.0,2,9000,0,0,0,0,0,0

SID,OST7A,SIP5S,3
IF,OST,41.803778,12.237528, ,0.0,0.0,2,5000,0,0,0,0,0,0
TF,XIBRI,41.557778,12.176944,0, ,0.0,0.0,0.0,0.0,0,0,0,0,0,0,0,1
DF,DIBVI,41.517222,12.410000,1, ,0.0,0.0,2,6000,0,0,0,0,0,0
TF,IPMUT,41.670556,12.504722,0, ,0.0,0.0,0.0,0.0,0,0,0,0,0,0,0,0
TF,OTKUB,41.661944,12.760556,0, ,0.0,0.0,0.0,0.0,2,12000,0,0,0,0,0,0
TF,FRS,41.642528,13.292361,0, ,0.0,0.0,0.0,0.0,0,0,0,0,0,0,0,0
TF,SIPRO,41.446019,13.680528,0, ,0.0,0.0,0.0,0.0,0,0,0,0,0,0,0,0

SID,OST7A,SOV5V,3
IF,OST,41.803778,12.237528, ,0.0,0.0,2,5000,0,0,0,0,0,0
TF,RA531,42.192028,12.109194,0, ,0.0,0.0,0.0,0.0,2,11000,0,0,0,0,0,0
TF,SOVAN,42.834722,11.891667,0, ,0.0,0.0,0.0,0.0,0,0,0,0,0,0,0,0

SID,OST7A,TIB5S,3
IF,OST,41.803778,12.237528, ,0.0,0.0,2,5000,0,0,0,0,0,0
TF,XIBRI,41.557778,12.176944,0, ,0.0,0.0,0.0,0.0,0,0,0,0,0,0,0,1
DF,DIBVI,41.517222,12.410000,1, ,0.0,0.0,2,6000,0,0,0,0,0,0
TF,ROM,41.804667,12.588000,0, ,0.0,0.0,0.0,0.0,0,0,0,0,0,0,0,0
TF,GEGDU,42.021389,12.593056,0, ,0.0,0.0,0.0,0.0,2,11000,0,0,0,0,0,0
TF,TIBER,42.248875,12.599000,0, ,0.0,0.0,0.0,0.0,0,0,0,0,0,0,0,0

SID,OST7B,15,2
CA,0,151.0,2,1000,0,0,0,0,0,0
CR,2,OST,87.0,307.0,2,2000,0,1,210,0,0,0
CF,D087G,41.805708,12.393506,0,OST,87.0,7.0,267.0,3.0,2,3000,0,0,0,0,0,0
TF,OST,41.803778,12.237528,0, ,0.0,0.0,0.0,0.0,2,5000,0,0,0,0,0,0

SID,OST7B,ESI5V,3
IF,OST,41.803778,12.237528, ,0.0,0.0,2,5000,0,0,0,0,0,0
TF,TORLI,41.596667,12.018333,0, ,0.0,0.0,0.0,0.0,0,0,0,0,0,0,0,0
TF,ESINO,41.384719,11.794722,0, ,0.0,0.0,0.0,0.0,2,10000,0,0,0,0,0,0

SID,OST7B,GIL5V,3
IF,OST,41.803778,12.237528, ,0.0,0.0,2,5000,0,0,0,0,0,0
TF,NENIG,41.900000,11.592778,0, ,0.0,0.0,0.0,0.0,0,0,0,0,0,0,0,0
TF,GILIO,42.366664,10.926111,0, ,0.0,0.0,0.0,0.0,2,10000,0,0,0,0,0,0

SID,OST7B,KON5V,3
IF,OST,41.803778,12.237528, ,0.0,0.0,2,5000,0,0,0,0,0,0
TF,TORLI,41.596667,12.018333,0, ,0.0,0.0,0.0,0.0,0,0,0,0,0,0,0,0
TF,KONUT,41.292778,12.016667,0, ,0.0,0.0,0.0,0.0,2,10000,0,0,0,0,0,0

SID,OST7B,OKU5S,3
IF,OST,41.803778,12.237528, ,0.0,0.0,2,5000,0,0,0,0,0,0
TF,XIBRI,41.557778,12.176944,0, ,0.0,0.0,0.0,0.0,0,0,0,0,0,0,0,1
DF,DIBVI,41.517222,12.410000,1, ,0.0,0.0,2,6000,0,0,0,0,0,0
TF,ROM,41.804667,12.588000,0, ,0.0,0.0,0.0,0.0,0,0,0,0,0,0,0,0
TF,LELSU,42.037778,12.807500,0, ,0.0,0.0,0.0,0.0,2,11000,0,0,0,0,0,0
TF,OKUNO,42.107222,12.972500,0, ,0.0,0.0,0.0,0.0,0,0,0,0,0,0,0,0

SID,OST7B,PEM5S,3
IF,OST,41.803778,12.237528, ,0.0,0.0,2,5000,0,0,0,0,0,0
TF,XIBRI,41.557778,12.176944,0, ,0.0,0.0,0.0,0.0,0,0,0,0,0,0,0,1
DF,DIBVI,41.517222,12.410000,1, ,0.0,0.0,2,6000,0,0,0,0,0,0
TF,ROM,41.804667,12.588000,0, ,0.0,0.0,0.0,0.0,2,8000,0,0,0,0,0,0
TF,RA536,41.944917,12.591194,0, ,0.0,0.0,0.0,0.0,0,0,0,0,0,0,0,0
TF,PEMAR,42.029725,12.919444,0, ,0.0,0.0,0.0,0.0,2,11000,0,0,0,0,0,0

SID,OST7B,PEP5V,3
IF,OST,41.803778,12.237528, ,0.0,0.0,2,5000,0,0,0,0,0,0
TF,XIBRI,41.557778,12.176944,0, ,0.0,0.0,0.0,0.0,0,0,0,0,0,0,0,0
TF,ELVIN,41.493889,12.161389,0, ,0.0,0.0,0.0,0.0,0,0,0,0,0,0,0,0
TF,ADMOP,41.321944,12.119444,0, ,0.0,0.0,0.0,0.0,0,0,0,0,0,0,0,0
TF,PEPIX,41.160000,12.188611,0, ,0.0,0.0,0.0,0.0,2,10000,0,0,0,0,0,0

SID,OST7B,POD5V,3
IF,OST,41.803778,12.237528, ,0.0,0.0,2,5000,0,0,0,0,0,0
TF,XENOL,41.788333,11.552222,0, ,0.0,0.0,0.0,0.0,0,0,0,0,0,0,0,0
TF,GISPA,41.805278,11.342222,0, ,0.0,0.0,0.0,0.0,0,0,0,0,0,0,0,0
TF,PODOX,42.277222,10.576944,0, ,0.0,0.0,0.0,0.0,2,10000,0,0,0,0,0,0

SID,OST7B,RIF5V,3
IF,OST,41.803778,12.237528, ,0.0,0.0,2,5000,0,0,0,0,0,0
TF,XIBRI,41.557778,12.176944,0, ,0.0,0.0,0.0,0.0,0,0,0,0,0,0,0,0
TF,ELVIN,41.493889,12.161389,0, ,0.0,0.0,0.0,0.0,0,0,0,0,0,0,0,0
TF,RIFFI,41.224444,12.532222,0, ,0.0,0.0,0.0,0.0,2,9000,0,0,0,0,0,0

SID,OST7B,SIP5S,3
IF,OST,41.803778,12.237528, ,0.0,0.0,2,5000,0,0,0,0,0,0
TF,XIBRI,41.557778,12.176944,0, ,0.0,0.0,0.0,0.0,0,0,0,0,0,0,0,1
DF,DIBVI,41.517222,12.410000,1, ,0.0,0.0,2,6000,0,0,0,0,0,0
TF,IPMUT,41.670556,12.504722,0, ,0.0,0.0,0.0,0.0,0,0,0,0,0,0,0,0
TF,OTKUB,41.661944,12.760556,0, ,0.0,0.0,0.0,0.0,2,12000,0,0,0,0,0,0
TF,FRS,41.642528,13.292361,0, ,0.0,0.0,0.0,0.0,0,0,0,0,0,0,0,0
TF,SIPRO,41.446019,13.680528,0, ,0.0,0.0,0.0,0.0,0,0,0,0,0,0,0,0

SID,OST7B,SOV5V,3
IF,OST,41.803778,12.237528, ,0.0,0.0,2,5000,0,0,0,0,0,0
TF,RA531,42.192028,12.109194,0, ,0.0,0.0,0.0,0.0,2,11000,0,0,0,0,0,0
TF,SOVAN,42.834722,11.891667,0, ,0.0,0.0,0.0,0.0,0,0,0,0,0,0,0,0

SID,OST7B,TIB5S,3
IF,OST,41.803778,12.237528, ,0.0,0.0,2,5000,0,0,0,0,0,0
TF,XIBRI,41.557778,12.176944,0, ,0.0,0.0,0.0,0.0,0,0,0,0,0,0,0,1
DF,DIBVI,41.517222,12.410000,1, ,0.0,0.0,2,6000,0,0,0,0,0,0
TF,ROM,41.804667,12.588000,0, ,0.0,0.0,0.0,0.0,0,0,0,0,0,0,0,0
TF,GEGDU,42.021389,12.593056,0, ,0.0,0.0,0.0,0.0,2,11000,0,0,0,0,0,0
TF,TIBER,42.248875,12.599000,0, ,0.0,0.0,0.0,0.0,0,0,0,0,0,0,0,0

SID,OST7C,15,2
CA,0,151.0,2,1000,0,0,0,0,0,0
CF,D087L,41.807022,12.510958,2,OST,87.0,12.3,341.0,3.0,2,2000,0,1,210,0,0,0
TF,D074L,41.851119,12.493022,0, ,0.0,0.0,0.0,0.0,2,3000,0,0,0,0,0,1
CF,AKILI,41.830556,12.319444,1,OST,64.4,4.0,244.0,6.0,2,4000,0,0,0,0,0,0
TF,OST,41.803778,12.237528,0, ,0.0,0.0,0.0,0.0,2,5000,0,0,0,0,0,0

SID,OST7C,ESI5V,3
IF,OST,41.803778,12.237528, ,0.0,0.0,2,5000,0,0,0,0,0,0
TF,TORLI,41.596667,12.018333,0, ,0.0,0.0,0.0,0.0,0,0,0,0,0,0,0,0
TF,ESINO,41.384719,11.794722,0, ,0.0,0.0,0.0,0.0,2,10000,0,0,0,0,0,0

SID,OST7C,GIL5V,3
IF,OST,41.803778,12.237528, ,0.0,0.0,2,5000,0,0,0,0,0,0
TF,NENIG,41.900000,11.592778,0, ,0.0,0.0,0.0,0.0,0,0,0,0,0,0,0,0
TF,GILIO,42.366664,10.926111,0, ,0.0,0.0,0.0,0.0,2,10000,0,0,0,0,0,0

SID,OST7C,KON5V,3
IF,OST,41.803778,12.237528, ,0.0,0.0,2,5000,0,0,0,0,0,0
TF,TORLI,41.596667,12.018333,0, ,0.0,0.0,0.0,0.0,0,0,0,0,0,0,0,0
TF,KONUT,41.292778,12.016667,0, ,0.0,0.0,0.0,0.0,2,10000,0,0,0,0,0,0

SID,OST7C,OKU5S,3
IF,OST,41.803778,12.237528, ,0.0,0.0,2,5000,0,0,0,0,0,0
TF,XIBRI,41.557778,12.176944,0, ,0.0,0.0,0.0,0.0,0,0,0,0,0,0,0,1
DF,DIBVI,41.517222,12.410000,1, ,0.0,0.0,2,6000,0,0,0,0,0,0
TF,ROM,41.804667,12.588000,0, ,0.0,0.0,0.0,0.0,0,0,0,0,0,0,0,0
TF,LELSU,42.037778,12.807500,0, ,0.0,0.0,0.0,0.0,2,11000,0,0,0,0,0,0
TF,OKUNO,42.107222,12.972500,0, ,0.0,0.0,0.0,0.0,0,0,0,0,0,0,0,0

SID,OST7C,PEM5S,3
IF,OST,41.803778,12.237528, ,0.0,0.0,2,5000,0,0,0,0,0,0
TF,XIBRI,41.557778,12.176944,0, ,0.0,0.0,0.0,0.0,0,0,0,0,0,0,0,1
DF,DIBVI,41.517222,12.410000,1, ,0.0,0.0,2,6000,0,0,0,0,0,0
TF,ROM,41.804667,12.588000,0, ,0.0,0.0,0.0,0.0,2,8000,0,0,0,0,0,0
TF,RA536,41.944917,12.591194,0, ,0.0,0.0,0.0,0.0,0,0,0,0,0,0,0,0
TF,PEMAR,42.029725,12.919444,0, ,0.0,0.0,0.0,0.0,2,11000,0,0,0,0,0,0

SID,OST7C,PEP5V,3
IF,OST,41.803778,12.237528, ,0.0,0.0,2,5000,0,0,0,0,0,0
TF,XIBRI,41.557778,12.176944,0, ,0.0,0.0,0.0,0.0,0,0,0,0,0,0,0,0
TF,ELVIN,41.493889,12.161389,0, ,0.0,0.0,0.0,0.0,0,0,0,0,0,0,0,0
TF,ADMOP,41.321944,12.119444,0, ,0.0,0.0,0.0,0.0,0,0,0,0,0,0,0,0
TF,PEPIX,41.160000,12.188611,0, ,0.0,0.0,0.0,0.0,2,10000,0,0,0,0,0,0

SID,OST7C,POD5V,3
IF,OST,41.803778,12.237528, ,0.0,0.0,2,5000,0,0,0,0,0,0
TF,XENOL,41.788333,11.552222,0, ,0.0,0.0,0.0,0.0,0,0,0,0,0,0,0,0
TF,GISPA,41.805278,11.342222,0, ,0.0,0.0,0.0,0.0,0,0,0,0,0,0,0,0
TF,PODOX,42.277222,10.576944,0, ,0.0,0.0,0.0,0.0,2,10000,0,0,0,0,0,0

SID,OST7C,RIF5V,3
IF,OST,41.803778,12.237528, ,0.0,0.0,2,5000,0,0,0,0,0,0
TF,XIBRI,41.557778,12.176944,0, ,0.0,0.0,0.0,0.0,0,0,0,0,0,0,0,0
TF,ELVIN,41.493889,12.161389,0, ,0.0,0.0,0.0,0.0,0,0,0,0,0,0,0,0
TF,RIFFI,41.224444,12.532222,0, ,0.0,0.0,0.0,0.0,2,9000,0,0,0,0,0,0

SID,OST7C,SIP5S,3
IF,OST,41.803778,12.237528, ,0.0,0.0,2,5000,0,0,0,0,0,0
TF,XIBRI,41.557778,12.176944,0, ,0.0,0.0,0.0,0.0,0,0,0,0,0,0,0,1
DF,DIBVI,41.517222,12.410000,1, ,0.0,0.0,2,6000,0,0,0,0,0,0
TF,IPMUT,41.670556,12.504722,0, ,0.0,0.0,0.0,0.0,0,0,0,0,0,0,0,0
TF,OTKUB,41.661944,12.760556,0, ,0.0,0.0,0.0,0.0,2,12000,0,0,0,0,0,0
TF,FRS,41.642528,13.292361,0, ,0.0,0.0,0.0,0.0,0,0,0,0,0,0,0,0
TF,SIPRO,41.446019,13.680528,0, ,0.0,0.0,0.0,0.0,0,0,0,0,0,0,0,0

SID,OST7C,SOV5V,3
IF,OST,41.803778,12.237528, ,0.0,0.0,2,5000,0,0,0,0,0,0
TF,RA531,42.192028,12.109194,0, ,0.0,0.0,0.0,0.0,2,11000,0,0,0,0,0,0
TF,SOVAN,42.834722,11.891667,0, ,0.0,0.0,0.0,0.0,0,0,0,0,0,0,0,0

SID,OST7C,TIB5S,3
IF,OST,41.803778,12.237528, ,0.0,0.0,2,5000,0,0,0,0,0,0
TF,XIBRI,41.557778,12.176944,0, ,0.0,0.0,0.0,0.0,0,0,0,0,0,0,0,1
DF,DIBVI,41.517222,12.410000,1, ,0.0,0.0,2,6000,0,0,0,0,0,0
TF,ROM,41.804667,12.588000,0, ,0.0,0.0,0.0,0.0,0,0,0,0,0,0,0,0
TF,GEGDU,42.021389,12.593056,0, ,0.0,0.0,0.0,0.0,2,11000,0,0,0,0,0,0
TF,TIBER,42.248875,12.599000,0, ,0.0,0.0,0.0,0.0,0,0,0,0,0,0,0,0

SID,OST8E,33,2
CD, ,0,0,0,ROM,0,0.0,330.0,4.0,2,2000,0,1,210,0,0,0
CF,D064L,41.885886,12.481542,0,OST,63.7,12.0,244.0,2.0,2,3000,0,0,0,0,0,0
TF,AKILI,41.830556,12.319444,0, ,0.0,0.0,0.0,0.0,2,4000,0,0,0,0,0,0
TF,OST,41.803778,12.237528,0, ,0.0,0.0,0.0,0.0,2,5000,0,0,0,0,0,0

SID,OST8E,ESI5V,3
IF,OST,41.803778,12.237528, ,0.0,0.0,2,5000,0,0,0,0,0,0
TF,TORLI,41.596667,12.018333,0, ,0.0,0.0,0.0,0.0,0,0,0,0,0,0,0,0
TF,ESINO,41.384719,11.794722,0, ,0.0,0.0,0.0,0.0,2,10000,0,0,0,0,0,0

SID,OST8E,GIL5V,3
IF,OST,41.803778,12.237528, ,0.0,0.0,2,5000,0,0,0,0,0,0
TF,NENIG,41.900000,11.592778,0, ,0.0,0.0,0.0,0.0,0,0,0,0,0,0,0,0
TF,GILIO,42.366664,10.926111,0, ,0.0,0.0,0.0,0.0,2,10000,0,0,0,0,0,0

SID,OST8E,KON5V,3
IF,OST,41.803778,12.237528, ,0.0,0.0,2,5000,0,0,0,0,0,0
TF,TORLI,41.596667,12.018333,0, ,0.0,0.0,0.0,0.0,0,0,0,0,0,0,0,0
TF,KONUT,41.292778,12.016667,0, ,0.0,0.0,0.0,0.0,2,10000,0,0,0,0,0,0

SID,OST8E,OKU5S,3
IF,OST,41.803778,12.237528, ,0.0,0.0,2,5000,0,0,0,0,0,0
TF,XIBRI,41.557778,12.176944,0, ,0.0,0.0,0.0,0.0,0,0,0,0,0,0,0,1
DF,DIBVI,41.517222,12.410000,1, ,0.0,0.0,2,6000,0,0,0,0,0,0
TF,ROM,41.804667,12.588000,0, ,0.0,0.0,0.0,0.0,0,0,0,0,0,0,0,0
TF,LELSU,42.037778,12.807500,0, ,0.0,0.0,0.0,0.0,2,11000,0,0,0,0,0,0
TF,OKUNO,42.107222,12.972500,0, ,0.0,0.0,0.0,0.0,0,0,0,0,0,0,0,0

SID,OST8E,PEM5S,3
IF,OST,41.803778,12.237528, ,0.0,0.0,2,5000,0,0,0,0,0,0
TF,XIBRI,41.557778,12.176944,0, ,0.0,0.0,0.0,0.0,0,0,0,0,0,0,0,1
DF,DIBVI,41.517222,12.410000,1, ,0.0,0.0,2,6000,0,0,0,0,0,0
TF,ROM,41.804667,12.588000,0, ,0.0,0.0,0.0,0.0,2,8000,0,0,0,0,0,0
TF,RA536,41.944917,12.591194,0, ,0.0,0.0,0.0,0.0,0,0,0,0,0,0,0,0
TF,PEMAR,42.029725,12.919444,0, ,0.0,0.0,0.0,0.0,2,11000,0,0,0,0,0,0

SID,OST8E,PEP5V,3
IF,OST,41.803778,12.237528, ,0.0,0.0,2,5000,0,0,0,0,0,0
TF,XIBRI,41.557778,12.176944,0, ,0.0,0.0,0.0,0.0,0,0,0,0,0,0,0,0
TF,ELVIN,41.493889,12.161389,0, ,0.0,0.0,0.0,0.0,0,0,0,0,0,0,0,0
TF,ADMOP,41.321944,12.119444,0, ,0.0,0.0,0.0,0.0,0,0,0,0,0,0,0,0
TF,PEPIX,41.160000,12.188611,0, ,0.0,0.0,0.0,0.0,2,10000,0,0,0,0,0,0

SID,OST8E,POD5V,3
IF,OST,41.803778,12.237528, ,0.0,0.0,2,5000,0,0,0,0,0,0
TF,XENOL,41.788333,11.552222,0, ,0.0,0.0,0.0,0.0,0,0,0,0,0,0,0,0
TF,GISPA,41.805278,11.342222,0, ,0.0,0.0,0.0,0.0,0,0,0,0,0,0,0,0
TF,PODOX,42.277222,10.576944,0, ,0.0,0.0,0.0,0.0,2,10000,0,0,0,0,0,0

SID,OST8E,RIF5V,3
IF,OST,41.803778,12.237528, ,0.0,0.0,2,5000,0,0,0,0,0,0
TF,XIBRI,41.557778,12.176944,0, ,0.0,0.0,0.0,0.0,0,0,0,0,0,0,0,0
TF,ELVIN,41.493889,12.161389,0, ,0.0,0.0,0.0,0.0,0,0,0,0,0,0,0,0
TF,RIFFI,41.224444,12.532222,0, ,0.0,0.0,0.0,0.0,2,9000,0,0,0,0,0,0

SID,OST8E,SIP5S,3
IF,OST,41.803778,12.237528, ,0.0,0.0,2,5000,0,0,0,0,0,0
TF,XIBRI,41.557778,12.176944,0, ,0.0,0.0,0.0,0.0,0,0,0,0,0,0,0,1
DF,DIBVI,41.517222,12.410000,1, ,0.0,0.0,2,6000,0,0,0,0,0,0
TF,IPMUT,41.670556,12.504722,0, ,0.0,0.0,0.0,0.0,0,0,0,0,0,0,0,0
TF,OTKUB,41.661944,12.760556,0, ,0.0,0.0,0.0,0.0,2,12000,0,0,0,0,0,0
TF,FRS,41.642528,13.292361,0, ,0.0,0.0,0.0,0.0,0,0,0,0,0,0,0,0
TF,SIPRO,41.446019,13.680528,0, ,0.0,0.0,0.0,0.0,0,0,0,0,0,0,0,0

SID,OST8E,SOV5V,3
IF,OST,41.803778,12.237528, ,0.0,0.0,2,5000,0,0,0,0,0,0
TF,RA531,42.192028,12.109194,0, ,0.0,0.0,0.0,0.0,2,11000,0,0,0,0,0,0
TF,SOVAN,42.834722,11.891667,0, ,0.0,0.0,0.0,0.0,0,0,0,0,0,0,0,0

SID,OST8E,TIB5S,3
IF,OST,41.803778,12.237528, ,0.0,0.0,2,5000,0,0,0,0,0,0
TF,XIBRI,41.557778,12.176944,0, ,0.0,0.0,0.0,0.0,0,0,0,0,0,0,0,1
DF,DIBVI,41.517222,12.410000,1, ,0.0,0.0,2,6000,0,0,0,0,0,0
TF,ROM,41.804667,12.588000,0, ,0.0,0.0,0.0,0.0,0,0,0,0,0,0,0,0
TF,GEGDU,42.021389,12.593056,0, ,0.0,0.0,0.0,0.0,2,11000,0,0,0,0,0,0
TF,TIBER,42.248875,12.599000,0, ,0.0,0.0,0.0,0.0,0,0,0,0,0,0,0,0

SID,PEMA6Z,15,5
CA,0,151.0,2,830,0,0,0,0,0,0
VI,2, ,0.0,247.0,0,0,0,0,0,0,0,0
CF,RATIR,41.681667,12.449167,0,ROM,218.3,9.7,217.0,4.0,2,3000,0,1,210,0,0,1
DF,RA501,41.693889,12.637417,1, ,0.0,0.0,2,5000,0,1,240,0,0,0
TF,RA502,41.707811,12.830561,0, ,0.0,0.0,0.0,0.0,1,8000,0,0,0,0,0,0
TF,PEMAR,42.029725,12.919444,0, ,0.0,0.0,0.0,0.0,2,11000,0,0,0,0,0,0

SID,PEMA7A,15,5
CA,0,151.0,2,1000,0,0,0,0,0,0
VI,2, ,0.0,247.0,0,0,0,1,210,0,0,0
CF,RATIR,41.681667,12.449167,0,ROM,218.3,9.7,217.0,4.0,2,3000,0,1,240,0,0,1
DF,RA501,41.693889,12.637417,1, ,0.0,0.0,2,5000,0,0,0,0,0,0
TF,RA502,41.707811,12.830561,0, ,0.0,0.0,0.0,0.0,1,8000,0,0,0,0,0,0
TF,PEMAR,42.029725,12.919444,0, ,0.0,0.0,0.0,0.0,2,11000,0,0,0,0,0,0

SID,RATI6Z,15,5
CA,0,151.0,2,830,0,0,0,0,0,0
VI,2, ,0.0,247.0,0,0,0,0,0,0,0,0
CF,RATIR,41.681667,12.449167,0,ROM,218.3,9.7,217.0,4.0,0,0,0,1,210,0,0,0

SID,RATI6Z,RIF5U,6
IF,RATIR,41.681667,12.449167, ,0.0,0.0,2,3000,0,0,0,0,0,0
TF,RIFFI,41.224444,12.532222,0, ,0.0,0.0,0.0,0.0,2,9000,0,0,0,0,0,0

SID,RATI6Z,SIP5U,6
IF,RATIR,41.681667,12.449167, ,0.0,0.0,2,3000,0,1,210,0,0,0
DF,RA501,41.693889,12.637417,1, ,0.0,0.0,2,5000,0,1,240,0,0,0
TF,RA502,41.707811,12.830561,0, ,0.0,0.0,0.0,0.0,2,11000,0,0,0,0,0,0
TF,FRS,41.642528,13.292361,0, ,0.0,0.0,0.0,0.0,0,0,0,0,0,0,0,0
TF,SIPRO,41.446019,13.680528,0, ,0.0,0.0,0.0,0.0,0,0,0,0,0,0,0,0

SID,RATI7A,15,2
CA,0,151.0,2,1000,0,0,0,0,0,0
VI,2, ,0.0,247.0,0,0,0,1,210,0,0,0
CF,RATIR,41.681667,12.449167,0,ROM,218.3,9.7,217.0,4.0,0,0,0,0,0,0,0,0

SID,RATI7A,RIF5U,3
IF,RATIR,41.681667,12.449167, ,0.0,0.0,2,3000,0,0,0,0,0,0
TF,RIFFI,41.224444,12.532222,0, ,0.0,0.0,0.0,0.0,2,9000,0,0,0,0,0,0

SID,RATI7A,SIP5U,3
IF,RATIR,41.681667,12.449167, ,0.0,0.0,2,3000,0,1,210,0,0,0
DF,RA501,41.693889,12.637417,1, ,0.0,0.0,2,5000,0,1,240,0,0,0
TF,RA502,41.707811,12.830561,0, ,0.0,0.0,0.0,0.0,2,11000,0,0,0,0,0,0
TF,FRS,41.642528,13.292361,0, ,0.0,0.0,0.0,0.0,0,0,0,0,0,0,0,0
TF,SIPRO,41.446019,13.680528,0, ,0.0,0.0,0.0,0.0,0,0,0,0,0,0,0,0

SID,RATI8C,33,2
CA,0,330.0,2,830,0,0,0,0,0,0
CF,D330D,41.863464,12.546194,0,ROM,330.0,4.0,330.0,3.0,2,2000,0,1,210,0,0,1
DF,D185F,41.847297,12.474875,1, ,0.0,0.0,1,3000,0,0,0,0,0,0
TF,D185J,41.776714,12.463903,0, ,0.0,0.0,0.0,0.0,1,3000,0,0,0,0,0,0
TF,RATIR,41.681667,12.449167,0, ,0.0,0.0,0.0,0.0,0,0,0,0,0,0,0,0

SID,RATI8C,RIF5U,3
IF,RATIR,41.681667,12.449167, ,0.0,0.0,2,3000,0,0,0,0,0,0
TF,RIFFI,41.224444,12.532222,0, ,0.0,0.0,0.0,0.0,2,9000,0,0,0,0,0,0

SID,RATI8C,SIP5U,3
IF,RATIR,41.681667,12.449167, ,0.0,0.0,2,3000,0,1,210,0,0,0
DF,RA501,41.693889,12.637417,1, ,0.0,0.0,2,5000,0,1,240,0,0,0
TF,RA502,41.707811,12.830561,0, ,0.0,0.0,0.0,0.0,2,11000,0,0,0,0,0,0
TF,FRS,41.642528,13.292361,0, ,0.0,0.0,0.0,0.0,0,0,0,0,0,0,0,0
TF,SIPRO,41.446019,13.680528,0, ,0.0,0.0,0.0,0.0,0,0,0,0,0,0,0,0

SID,URB6Z,15,5
CA,0,151.0,2,830,0,0,0,0,0,0
CF,RA504,41.806694,12.510058,2,OST,87.1,12.2,341.0,4.0,2,2000,0,1,210,0,0,0
TF,RA503,41.852494,12.491736,0, ,0.0,0.0,0.0,0.0,1,3000,0,0,0,0,0,0
TF,URB,41.944694,12.490056,0, ,0.0,0.0,0.0,0.0,1,3000,0,0,0,0,0,0

SID,URB6Z,PEM5T,6
IF,URB,41.944694,12.490056, ,0.0,0.0,1,3000,0,1,250,0,0,0
TF,RA533,42.018000,12.436861,0, ,0.0,0.0,0.0,0.0,0,0,0,1,250,0,0,0
TF,RA534,42.104389,12.547139,0, ,0.0,0.0,0.0,0.0,2,8000,0,1,250,0,0,0
TF,PEMAR,42.029725,12.919444,0, ,0.0,0.0,0.0,0.0,2,11000,0,0,0,0,0,0

SID,URB6Z,SIP5T,6
IF,URB,41.944694,12.490056, ,0.0,0.0,1,3000,0,1,250,0,0,0
TF,EKVAV,41.978611,12.659444,0, ,0.0,0.0,0.0,0.0,0,0,0,1,250,0,0,0
TF,RA532,41.845528,12.914278,0, ,0.0,0.0,0.0,0.0,2,11000,0,0,0,0,0,0
TF,FRS,41.642528,13.292361,0, ,0.0,0.0,0.0,0.0,0,0,0,0,0,0,0,0
TF,SIPRO,41.446019,13.680528,0, ,0.0,0.0,0.0,0.0,0,0,0,0,0,0,0,0

SID,URB6Z,TIB5T,6
IF,URB,41.944694,12.490056, ,0.0,0.0,1,3000,0,1,250,0,0,0
TF,TIBER,42.248875,12.599000,0, ,0.0,0.0,0.0,0.0,2,11000,0,0,0,0,0,0

SID,URB7A,15,2
CA,0,151.0,2,1000,0,0,0,0,0,0
CF,D087L,41.807022,12.510958,2,OST,87.0,12.3,341.0,3.0,2,2000,0,1,210,0,0,0
TF,D074L,41.851119,12.493022,0, ,0.0,0.0,0.0,0.0,1,3000,0,0,0,0,0,0
TF,URB,41.944694,12.490056,0, ,0.0,0.0,0.0,0.0,1,3000,0,0,0,0,0,0

SID,URB7A,PEM5T,3
IF,URB,41.944694,12.490056, ,0.0,0.0,1,3000,0,1,250,0,0,0
TF,RA533,42.018000,12.436861,0, ,0.0,0.0,0.0,0.0,0,0,0,1,250,0,0,0
TF,RA534,42.104389,12.547139,0, ,0.0,0.0,0.0,0.0,2,8000,0,1,250,0,0,0
TF,PEMAR,42.029725,12.919444,0, ,0.0,0.0,0.0,0.0,2,11000,0,0,0,0,0,0

SID,URB7A,SIP5T,3
IF,URB,41.944694,12.490056, ,0.0,0.0,1,3000,0,1,250,0,0,0
TF,EKVAV,41.978611,12.659444,0, ,0.0,0.0,0.0,0.0,0,0,0,1,250,0,0,0
TF,RA532,41.845528,12.914278,0, ,0.0,0.0,0.0,0.0,2,11000,0,0,0,0,0,0
TF,FRS,41.642528,13.292361,0, ,0.0,0.0,0.0,0.0,0,0,0,0,0,0,0,0
TF,SIPRO,41.446019,13.680528,0, ,0.0,0.0,0.0,0.0,0,0,0,0,0,0,0,0

SID,URB7A,TIB5T,3
IF,URB,41.944694,12.490056, ,0.0,0.0,1,3000,0,1,250,0,0,0
TF,TIBER,42.248875,12.599000,0, ,0.0,0.0,0.0,0.0,2,11000,0,0,0,0,0,0

SID,URB8C,33,2
CA,0,330.0,2,830,0,0,0,0,0,0
CF,D330D,41.863464,12.546194,0,ROM,330.0,4.0,330.0,3.0,2,2000,0,0,0,0,0,0
TF,URB,41.944694,12.490056,0, ,0.0,0.0,0.0,0.0,1,3000,0,0,0,0,0,0

SID,URB8C,PEM5T,3
IF,URB,41.944694,12.490056, ,0.0,0.0,1,3000,0,1,250,0,0,0
TF,RA533,42.018000,12.436861,0, ,0.0,0.0,0.0,0.0,0,0,0,1,250,0,0,0
TF,RA534,42.104389,12.547139,0, ,0.0,0.0,0.0,0.0,2,8000,0,1,250,0,0,0
TF,PEMAR,42.029725,12.919444,0, ,0.0,0.0,0.0,0.0,2,11000,0,0,0,0,0,0

SID,URB8C,SIP5T,3
IF,URB,41.944694,12.490056, ,0.0,0.0,1,3000,0,1,250,0,0,0
TF,EKVAV,41.978611,12.659444,0, ,0.0,0.0,0.0,0.0,0,0,0,1,250,0,0,0
TF,RA532,41.845528,12.914278,0, ,0.0,0.0,0.0,0.0,2,11000,0,0,0,0,0,0
TF,FRS,41.642528,13.292361,0, ,0.0,0.0,0.0,0.0,0,0,0,0,0,0,0,0
TF,SIPRO,41.446019,13.680528,0, ,0.0,0.0,0.0,0.0,0,0,0,0,0,0,0,0

SID,URB8C,TIB5T,3
IF,URB,41.944694,12.490056, ,0.0,0.0,1,3000,0,1,250,0,0,0
TF,TIBER,42.248875,12.599000,0, ,0.0,0.0,0.0,0.0,2,11000,0,0,0,0,0,0

STAR,ALAX3G,ALL,5
IF,ALAXI,41.734756,13.347667, ,0.0,0.0,0,0,0,1,250,0,0,0
TF,RA413,41.956869,13.025811,0, ,0.0,0.0,0.0,0.0,0,0,0,1,230,0,0,0
TF,RA414,41.881331,12.807822,0, ,0.0,0.0,0.0,0.0,0,0,0,0,0,0,0,0
TF,ROM,41.804667,12.588000,0, ,0.0,0.0,0.0,0.0,0,0,0,1,210,0,0,0

STAR,ALAX4F,ALL,5
IF,ALAXI,41.734756,13.347667, ,0.0,0.0,0,0,0,1,250,0,0,0
TF,PEMAR,42.029725,12.919444,0, ,0.0,0.0,0.0,0.0,0,0,0,1,230,0,0,0
TF,RA404,42.066192,12.712708,0, ,0.0,0.0,0.0,0.0,0,0,0,0,0,0,0,0
TF,RA406,42.098969,12.524800,0, ,0.0,0.0,0.0,0.0,0,0,0,1,210,0,0,0
TF,RA407,41.983125,12.467700,0, ,0.0,0.0,0.0,0.0,0,0,0,1,210,0,0,0
TF,URB,41.944694,12.490056,0, ,0.0,0.0,0.0,0.0,0,0,0,1,210,0,0,0

STAR,ELKA1H,ALL,5
IF,ELKAP,42.721053,10.644111, ,0.0,0.0,0,0,0,1,270,0,0,0
TF,BIBEK,42.440978,11.251514,0, ,0.0,0.0,0.0,0.0,0,0,0,1,250,0,0,0
TF,RA421,42.396900,12.631278,0, ,0.0,0.0,0.0,0.0,0,0,0,1,230,0,0,0
TF,TIBER,42.248875,12.599000,2, ,0.0,0.0,0.0,0.0,0,0,0,1,230,0,0,0
TF,RA406,42.098969,12.524800,0, ,0.0,0.0,0.0,0.0,0,0,0,1,210,0,0,0
TF,RA407,41.983125,12.467700,0, ,0.0,0.0,0.0,0.0,0,0,0,1,210,0,0,0
TF,URB,41.944694,12.490056,0, ,0.0,0.0,0.0,0.0,0,0,0,1,210,0,0,0

STAR,ELKA3F,ALL,5
IF,ELKAP,42.721053,10.644111, ,0.0,0.0,0,0,0,1,270,0,0,0
TF,BIBEK,42.440978,11.251514,0, ,0.0,0.0,0.0,0.0,0,0,0,1,250,0,0,0
TF,RA411,42.219197,12.046614,0, ,0.0,0.0,0.0,0.0,0,0,0,0,0,0,0,0
TF,CMP,42.123833,12.381528,0, ,0.0,0.0,0.0,0.0,0,0,0,1,230,0,0,0

STAR,ESIN2H,ALL,5
IF,ESINO,41.384719,11.794722, ,0.0,0.0,0,0,0,1,270,0,0,0
TF,TORLI,41.596667,12.018333,0, ,0.0,0.0,0.0,0.0,0,0,0,1,250,0,0,0
TF,OST,41.803778,12.237528,0, ,0.0,0.0,0.0,0.0,0,0,0,1,230,0,0,0
TF,RA417,41.950781,12.758167,0, ,0.0,0.0,0.0,0.0,0,0,0,1,210,0,0,0
TF,RA404,42.066192,12.712708,0, ,0.0,0.0,0.0,0.0,0,0,0,1,210,0,0,0
TF,RA406,42.098969,12.524800,0, ,0.0,0.0,0.0,0.0,0,0,0,1,210,0,0,0
TF,RA407,41.983125,12.467700,0, ,0.0,0.0,0.0,0.0,0,0,0,1,210,0,0,0
TF,URB,41.944694,12.490056,0, ,0.0,0.0,0.0,0.0,0,0,0,1,210,0,0,0

STAR,ESIN3F,ALL,5
IF,ESINO,41.384719,11.794722, ,0.0,0.0,0,0,0,1,270,0,0,0
TF,TORLI,41.596667,12.018333,0, ,0.0,0.0,0.0,0.0,0,0,0,1,250,0,0,0
TF,OST,41.803778,12.237528,0, ,0.0,0.0,0.0,0.0,0,0,0,1,230,0,0,0
TF,RA409,42.029358,12.338808,0, ,0.0,0.0,0.0,0.0,0,0,0,1,210,0,0,0
TF,RA408,42.026728,12.437375,0, ,0.0,0.0,0.0,0.0,0,0,0,1,210,0,0,0
TF,RA407,41.983125,12.467700,0, ,0.0,0.0,0.0,0.0,0,0,0,1,210,0,0,0
TF,URB,41.944694,12.490056,0, ,0.0,0.0,0.0,0.0,0,0,0,1,210,0,0,0

STAR,ESIN3G,ALL,5
IF,ESINO,41.384719,11.794722, ,0.0,0.0,0,0,0,1,270,0,0,0
TF,TORLI,41.596667,12.018333,0, ,0.0,0.0,0.0,0.0,0,0,0,1,250,0,0,0
TF,OST,41.803778,12.237528,0, ,0.0,0.0,0.0,0.0,0,0,0,1,230,0,0,0
TF,RA409,42.029358,12.338808,0, ,0.0,0.0,0.0,0.0,0,0,0,1,210,0,0,0
TF,RA412,42.026531,12.444642,0, ,0.0,0.0,0.0,0.0,0,0,0,1,210,0,0,0
TF,ROM,41.804667,12.588000,0, ,0.0,0.0,0.0,0.0,0,0,0,0,0,0,0,0

STAR,GITO1F,ALL,5
IF,GITOD,42.800347,12.310700, ,0.0,0.0,0,0,0,1,250,0,0,0
TF,RA421,42.396900,12.631278,0, ,0.0,0.0,0.0,0.0,0,0,0,0,0,0,0,0
TF,TIBER,42.248875,12.599000,0, ,0.0,0.0,0.0,0.0,0,0,0,1,230,0,0,0
TF,RA406,42.098969,12.524800,0, ,0.0,0.0,0.0,0.0,0,0,0,1,210,0,0,0
TF,RA407,41.983125,12.467700,0, ,0.0,0.0,0.0,0.0,0,0,0,1,210,0,0,0
TF,URB,41.944694,12.490056,0, ,0.0,0.0,0.0,0.0,0,0,0,1,210,0,0,0

STAR,GITO1G,ALL,5
IF,GITOD,42.800347,12.310700, ,0.0,0.0,0,0,0,1,250,0,0,0
TF,RA421,42.396900,12.631278,0, ,0.0,0.0,0.0,0.0,0,0,0,0,0,0,0,0
TF,TIBER,42.248875,12.599000,0, ,0.0,0.0,0.0,0.0,0,0,0,1,230,0,0,0
TF,CMP,42.123833,12.381528,0, ,0.0,0.0,0.0,0.0,0,0,0,1,230,0,0,0
TF,RA412,42.026531,12.444642,0, ,0.0,0.0,0.0,0.0,0,0,0,1,210,0,0,0
TF,ROM,41.804667,12.588000,0, ,0.0,0.0,0.0,0.0,0,0,0,0,0,0,0,0

STAR,LAT3G,ALL,5
IF,LAT,41.541111,12.918056, ,0.0,0.0,0,0,0,1,230,0,0,0
TF,RA416,41.672175,12.754308,0, ,0.0,0.0,0.0,0.0,0,0,0,0,0,0,0,0
TF,ROM,41.804667,12.588000,0, ,0.0,0.0,0.0,0.0,0,0,0,1,210,0,0,0

STAR,LAT4F,ALL,5
IF,LAT,41.541111,12.918056, ,0.0,0.0,0,0,0,1,250,0,0,0
TF,RA404,42.066192,12.712708,0, ,0.0,0.0,0.0,0.0,0,0,0,1,210,0,0,0
TF,RA406,42.098969,12.524800,0, ,0.0,0.0,0.0,0.0,0,0,0,1,210,0,0,0
TF,RA407,41.983125,12.467700,0, ,0.0,0.0,0.0,0.0,0,0,0,1,210,0,0,0
TF,URB,41.944694,12.490056,0, ,0.0,0.0,0.0,0.0,0,0,0,1,210,0,0,0

STAR,MOPU3G,ALL,5
IF,MOPUV,42.059722,13.281944, ,0.0,0.0,0,0,0,1,250,0,0,0
TF,DESUK,41.994758,13.135792,0, ,0.0,0.0,0.0,0.0,0,0,0,1,230,0,0,0
TF,RA413,41.956869,13.025811,0, ,0.0,0.0,0.0,0.0,0,0,0,0,0,0,0,0
TF,RA414,41.881331,12.807822,0, ,0.0,0.0,0.0,0.0,0,0,0,0,0,0,0,0
TF,ROM,41.804667,12.588000,0, ,0.0,0.0,0.0,0.0,0,0,0,1,210,0,0,0

STAR,MOPU4F,ALL,5
IF,MOPUV,42.059722,13.281944, ,0.0,0.0,0,0,0,1,250,0,0,0
TF,DESUK,41.994758,13.135792,0, ,0.0,0.0,0.0,0.0,0,0,0,1,230,0,0,0
TF,PEMAR,42.029725,12.919444,0, ,0.0,0.0,0.0,0.0,0,0,0,0,0,0,0,0
TF,RA404,42.066192,12.712708,0, ,0.0,0.0,0.0,0.0,0,0,0,0,0,0,0,0
TF,RA406,42.098969,12.524800,0, ,0.0,0.0,0.0,0.0,0,0,0,1,210,0,0,0
TF,RA407,41.983125,12.467700,0, ,0.0,0.0,0.0,0.0,0,0,0,1,210,0,0,0
TF,URB,41.944694,12.490056,0, ,0.0,0.0,0.0,0.0,0,0,0,1,210,0,0,0

STAR,VALM2H,ALL,5
IF,VALMA,41.577225,11.421389, ,0.0,0.0,0,0,0,1,270,0,0,0
TF,LUNAK,41.703250,11.870475,0, ,0.0,0.0,0.0,0.0,0,0,0,1,250,0,0,0
TF,OST,41.803778,12.237528,0, ,0.0,0.0,0.0,0.0,0,0,0,1,230,0,0,0
TF,RA417,41.950781,12.758167,0, ,0.0,0.0,0.0,0.0,0,0,0,1,210,0,0,0
TF,RA404,42.066192,12.712708,0, ,0.0,0.0,0.0,0.0,0,0,0,1,210,0,0,0
TF,RA406,42.098969,12.524800,0, ,0.0,0.0,0.0,0.0,0,0,0,1,210,0,0,0
TF,RA407,41.983125,12.467700,0, ,0.0,0.0,0.0,0.0,0,0,0,1,210,0,0,0
TF,URB,41.944694,12.490056,0, ,0.0,0.0,0.0,0.0,0,0,0,1,210,0,0,0

STAR,VALM3F,ALL,5
IF,VALMA,41.577225,11.421389, ,0.0,0.0,0,0,0,1,270,0,0,0
TF,LUNAK,41.703250,11.870475,0, ,0.0,0.0,0.0,0.0,0,0,0,1,250,0,0,0
TF,OST,41.803778,12.237528,0, ,0.0,0.0,0.0,0.0,0,0,0,1,230,0,0,0
TF,RA409,42.029358,12.338808,0, ,0.0,0.0,0.0,0.0,0,0,0,1,210,0,0,0
TF,RA408,42.026728,12.437375,0, ,0.0,0.0,0.0,0.0,0,0,0,1,210,0,0,0
TF,RA407,41.983125,12.467700,0, ,0.0,0.0,0.0,0.0,0,0,0,1,210,0,0,0
TF,URB,41.944694,12.490056,0, ,0.0,0.0,0.0,0.0,0,0,0,1,210,0,0,0

STAR,VALM3G,ALL,5
IF,VALMA,41.577225,11.421389, ,0.0,0.0,0,0,0,1,270,0,0,0
TF,LUNAK,41.703250,11.870475,0, ,0.0,0.0,0.0,0.0,0,0,0,1,250,0,0,0
TF,OST,41.803778,12.237528,0, ,0.0,0.0,0.0,0.0,0,0,0,1,230,0,0,0
TF,RA409,42.029358,12.338808,0, ,0.0,0.0,0.0,0.0,0,0,0,1,210,0,0,0
TF,RA412,42.026531,12.444642,0, ,0.0,0.0,0.0,0.0,0,0,0,1,210,0,0,0
TF,ROM,41.804667,12.588000,0, ,0.0,0.0,0.0,0.0,0,0,0,1,210,0,0,0

APPTR,D15-U,15,URB
IF,URB,41.944694,12.490056, ,0.0,0.0,0,0,0,1,210,0,1,0
CF,D004I,41.952428,12.608678,0,ROM,3.9,8.9,34.0,3.5,0,0,0,0,0,0,0,1
CF,D344K,41.983833,12.528178,1,ROM,344.0,11.1,214.0,2.0,2,3000,0,0,0,0,1,1
TF,FD15,41.933572,12.514706,0, ,0.0,0.0,0.0,0.0,2,3000,0,0,0,0,0,0

FINAL,D15-U,15,D,3
IF,FD15,41.933572,12.514706,ROM,335.0,8.4,2,3000,0,0,0,0,2,0
CF,40VOR,41.866056,12.553133,0,ROM,335.0,4.0,155.0,4.4,2,1600,0,0,0,0,0,0
CF,MD15,41.820014,12.579289,0,ROM,335.0,0.0,155.0,3.0,1,663,0,0,0,0,3,0
CA,0,155.0,2,830,0,0,0,0,0,0
CF,D173Q,41.841450,12.414564,2,CMP,173.0,17.0,315.0,8.0,2,3000,0,1,185,0,0,0
TF,D173J,41.957728,12.400997,0, ,0.0,0.0,0.0,0.0,1,5000,0,0,0,0,0,0
TF,CMP,42.123833,12.381528,0, ,0.0,0.0,0.0,0.0,0,0,0,0,0,0,0,0

APPTR,D15-W,15,URB
IF,URB,41.944694,12.490056, ,0.0,0.0,0,0,0,1,210,0,1,0
CF,D004I,41.952428,12.608678,0,ROM,3.9,8.9,34.0,3.5,0,0,0,0,0,0,0,1
CF,D344K,41.983833,12.528178,1,ROM,344.0,11.1,214.0,2.0,2,3000,0,0,0,0,1,1
TF,FD15,41.933572,12.514706,0, ,0.0,0.0,0.0,0.0,2,3000,0,0,0,0,0,0

FINAL,D15-W,15,D,3
IF,FD15,41.933572,12.514706,ROM,335.0,8.4,2,3000,0,0,0,0,2,0
CF,40VOR,41.866056,12.553133,0,ROM,335.0,4.0,155.0,4.4,2,1600,0,0,0,0,0,0
CF,MD15,41.820014,12.579289,0,ROM,335.0,0.0,155.0,3.0,1,663,0,0,0,0,3,0
CA,0,155.0,2,830,0,0,0,0,0,0
CF,D110M,41.724511,12.498436,0,OST,110.0,12.6,218.0,6.3,2,2000,0,1,185,0,0,0
CF,RATIR,41.681667,12.449167,0,OST,125.5,12.0,218.0,3.4,1,3000,0,0,0,0,0,0

APPTR,D15-X,15,CMP
IF,CMP,42.123833,12.381528, ,0.0,0.0,0,0,0,0,0,0,0,0
CF,URB,41.944694,12.490056,0,ROM,330.4,9.5,154.0,12.0,2,3000,0,0,0,0,1,0
CF,FD15,41.933572,12.514706,0,ROM,335.0,8.4,125.0,1.3,2,3000,0,0,0,0,0,0

APPTR,D15-X,15,ROM1
IF,ROM,41.804667,12.588000, ,0.0,0.0,2,6000,0,0,0,0,1,0
FD,ROM,41.804667,12.588000,0,ROM,0.0,12.0,354.0,12.0,2,3000,0,1,240,0,0,0
CF,D335L,41.988800,12.483206,1,ROM,335.0,12.0,155.0,1.0,2,3000,0,0,0,0,1,0
CF,FD15,41.933572,12.514706,0,ROM,335.0,8.4,155.0,3.6,2,3000,0,0,0,0,0,0

APPTR,D15-X,15,ROM2
IF,ROM,41.804667,12.588000, ,0.0,0.0,2,6000,0,0,0,0,1,0
FD,ROM,41.804667,12.588000,0,ROM,0.0,12.0,343.0,12.0,2,3000,0,1,140,0,0,0
CF,D335L,41.988800,12.483206,1,ROM,335.0,12.0,155.0,1.0,2,3000,0,0,0,0,1,0
CF,FD15,41.933572,12.514706,0,ROM,335.0,8.4,155.0,3.6,2,3000,0,0,0,0,0,0

FINAL,D15-X,15,D,3
IF,FD15,41.933572,12.514706,ROM,335.0,8.4,2,3000,0,0,0,0,2,0
CF,40VOR,41.866056,12.553133,0,ROM,335.0,4.0,155.0,4.4,2,1600,0,0,0,0,0,0
CF,MD15,41.820014,12.579289,0,ROM,335.0,0.0,155.0,3.0,1,663,0,0,0,0,3,0
CA,0,155.0,2,830,0,0,0,0,0,0
CF,D173Q,41.841450,12.414564,2,CMP,173.0,17.0,315.0,8.0,2,3000,0,1,185,0,0,0
TF,D173J,41.957728,12.400997,0, ,0.0,0.0,0.0,0.0,1,5000,0,0,0,0,0,0
TF,CMP,42.123833,12.381528,0, ,0.0,0.0,0.0,0.0,0,0,0,0,0,0,0,0

APPTR,D15-Z,15,CMP
IF,CMP,42.123833,12.381528, ,0.0,0.0,0,0,0,0,0,0,0,0
CF,URB,41.944694,12.490056,0,ROM,330.4,9.5,154.0,12.0,2,3000,0,0,0,0,1,0
CF,FD15,41.933572,12.514706,0,ROM,335.0,8.4,125.0,1.3,2,3000,0,0,0,0,0,0

APPTR,D15-Z,15,ROM1
IF,ROM,41.804667,12.588000, ,0.0,0.0,2,6000,0,1,240,0,1,0
FD,ROM,41.804667,12.588000,0,ROM,0.0,12.0,354.0,12.0,2,3000,0,0,0,0,0,0
CF,D335L,41.988800,12.483206,1,ROM,335.0,12.0,155.0,1.0,2,3000,0,0,0,0,1,0
CF,FD15,41.933572,12.514706,0,ROM,335.0,8.4,155.0,3.6,2,3000,0,0,0,0,0,0

APPTR,D15-Z,15,ROM2
IF,ROM,41.804667,12.588000, ,0.0,0.0,2,6000,0,1,140,0,1,0
FD,ROM,41.804667,12.588000,0,ROM,0.0,12.0,343.0,12.0,2,3000,0,0,0,0,0,0
CF,D335L,41.988800,12.483206,1,ROM,335.0,12.0,155.0,1.0,2,3000,0,0,0,0,1,0
CF,FD15,41.933572,12.514706,0,ROM,335.0,8.4,155.0,3.6,2,3000,0,0,0,0,0,0

FINAL,D15-Z,15,D,3
IF,FD15,41.933572,12.514706,ROM,335.0,8.4,2,3000,0,0,0,0,2,0
CF,40VOR,41.866056,12.553133,0,ROM,335.0,4.0,155.0,4.4,2,1600,0,0,0,0,0,0
CF,MD15,41.820014,12.579289,0,ROM,335.0,0.0,155.0,3.0,1,663,0,0,0,0,3,0
CA,0,155.0,2,830,0,0,0,0,0,0
CF,D110M,41.724511,12.498436,0,OST,110.0,12.6,218.0,6.3,2,2000,0,1,185,0,0,0
CF,RATIR,41.681667,12.449167,0,OST,125.5,12.0,218.0,3.4,1,3000,0,0,0,0,0,0

APPTR,I15-U,15,URB
IF,URB,41.944694,12.490056, ,0.0,0.0,0,0,0,1,210,0,1,0
CF,D004I,41.952428,12.608678,0,ROM,4.0,8.9,34.0,3.5,0,0,0,0,0,0,0,1
CF,D341K,41.974050,12.518642,1,ROM,341.0,10.6,214.0,2.0,2,3000,0,0,0,0,1,0
VI,0, ,0.0,180.0,2,2500,0,0,0,0,0,0
CF,CF15,41.906361,12.520817,0,ICIA,330.7,8.0,150.0,3.0,2,2500,0,0,0,0,0,0

FINAL,I15-U,15,I,3
IF,CF15,41.906361,12.520817,ICIA,330.7,8.0,2,2500,0,0,0,0,0,0
CF,FF15,41.864894,12.549531,0,ICIA,330.7,5.2,150.0,2.8,1,1620,0,0,0,0,2,0
CF,RW15,41.808042,12.588836,0,ICIA,330.7,1.3,150.0,3.8,1,398,0,0,0,0,3,0
CA,0,150.0,2,750,0,0,0,0,0,0
CF,D173Q,41.841450,12.414564,2,CMP,173.0,17.0,315.0,8.0,2,3000,0,1,185,0,0,0
CF,D173J,41.957728,12.400997,0,CMP,173.0,10.0,353.0,7.0,1,5000,0,0,0,0,0,0
CF,CMP,42.123833,12.381528,0,CMP,0.0,0.0,353.0,10.0,0,0,0,0,0,0,0,0

APPTR,I15-W,15,URB
IF,URB,41.944694,12.490056, ,0.0,0.0,0,0,0,1,210,0,1,0
CF,D004I,41.952428,12.608678,0,ROM,4.0,8.9,34.0,3.5,0,0,0,0,0,0,0,1
CF,D341K,41.974050,12.518642,1,ROM,341.0,10.6,214.0,2.0,2,3000,0,0,0,0,1,0
VI,0, ,0.0,180.0,2,2500,0,0,0,0,0,0
CF,CF15,41.906361,12.520817,0,ICIA,330.7,8.0,150.0,3.0,2,2500,0,0,0,0,0,0

FINAL,I15-W,15,I,3
IF,CF15,41.906361,12.520817,ICIA,330.7,8.0,2,2500,0,0,0,0,0,0
CF,FF15,41.864894,12.549531,0,ICIA,330.7,5.2,150.0,2.8,1,1620,0,0,0,0,2,0
CF,RW15,41.808042,12.588836,0,ICIA,330.7,1.3,150.0,3.8,1,398,0,0,0,0,3,0
CA,0,150.0,2,750,0,0,0,0,0,0
VI,2, ,0.0,263.0,0,0,0,1,185,0,0,0
CF,D110M,41.724511,12.498436,0,OST,110.0,12.6,218.0,3.0,2,2000,0,0,0,0,0,0
CF,RATIR,41.681667,12.449167,0,OST,125.5,12.0,218.0,3.4,1,3000,0,0,0,0,0,0

APPTR,I15-X,15,CMP
IF,CMP,42.123833,12.381528, ,0.0,0.0,0,0,0,0,0,0,0,0
FC,CMP,42.123833,12.381528,0,CMP,0.0,0.0,154.0,7.8,2,3000,0,0,0,0,0,0
CF,URB,41.944694,12.490056,0,ICIA,329.8,10.6,154.0,4.0,2,3000,0,0,0,0,1,0

APPTR,I15-X,15,ROM1
IF,ROM,41.804667,12.588000, ,0.0,0.0,2,6000,0,1,240,0,0,0
FD,ROM,41.804667,12.588000,0,ROM,0.0,12.0,351.0,12.0,2,3000,0,1,240,0,0,0
CF,RA407,41.983125,12.467700,1,ROM,331.3,12.0,150.0,1.0,2,3000,0,0,0,0,0,0
CF,URB,41.944694,12.490056,0,ICIA,329.8,10.6,150.0,2.5,2,3000,0,0,0,0,1,0

APPTR,I15-X,15,ROM2
IF,ROM,41.804667,12.588000, ,0.0,0.0,2,6000,0,1,140,0,0,0
FD,ROM,41.804667,12.588000,0,ROM,0.0,12.0,338.0,12.0,2,3000,0,1,140,0,0,0
CF,RA407,41.983125,12.467700,1,ROM,331.3,12.0,150.0,1.0,2,3000,0,0,0,0,0,0
CF,URB,41.944694,12.490056,0,ICIA,329.8,10.6,150.0,2.5,2,3000,0,0,0,0,1,0

FINAL,I15-X,15,I,3
IF,URB,41.944694,12.490056,ICIA,329.8,10.6,2,3000,0,0,0,0,0,0
CF,FI15,41.928569,12.505419,0,ICIA,330.7,9.5,150.0,1.2,1,3000,0,0,0,0,2,0
CF,RW15,41.808042,12.588836,0,ICIA,330.7,1.3,150.0,8.1,1,398,0,0,0,0,3,0
CA,0,150.0,2,750,0,0,0,0,0,0
CF,D173Q,41.841450,12.414564,2,CMP,173.0,17.0,315.0,8.0,2,3000,0,1,185,0,0,0
CF,D173J,41.957728,12.400997,0,CMP,173.0,10.0,353.0,7.0,1,5000,0,0,0,0,0,0
CF,CMP,42.123833,12.381528,0,CMP,0.0,0.0,353.0,10.0,0,0,0,0,0,0,0,0

APPTR,I15-Z,15,CMP
IF,CMP,42.123833,12.381528, ,0.0,0.0,0,0,0,0,0,0,0,0
FC,CMP,42.123833,12.381528,0,CMP,0.0,0.0,154.0,7.8,2,3000,0,0,0,0,0,0
CF,URB,41.944694,12.490056,0,ICIA,329.8,10.6,154.0,4.0,2,3000,0,0,0,0,1,0

APPTR,I15-Z,15,ROM1
IF,ROM,41.804667,12.588000, ,0.0,0.0,2,6000,0,1,240,0,0,0
FD,ROM,41.804667,12.588000,0,ROM,0.0,12.0,351.0,12.0,2,3000,0,1,240,0,0,0
CF,RA407,41.983125,12.467700,1,ROM,331.3,12.0,150.0,1.0,2,3000,0,0,0,0,0,0
CF,URB,41.944694,12.490056,0,ICIA,329.8,10.6,150.0,2.5,2,3000,0,0,0,0,1,0

APPTR,I15-Z,15,ROM2
IF,ROM,41.804667,12.588000, ,0.0,0.0,2,6000,0,1,140,0,0,0
FD,ROM,41.804667,12.588000,0,ROM,0.0,12.0,338.0,12.0,2,3000,0,1,140,0,0,0
CF,RA407,41.983125,12.467700,1,ROM,331.3,12.0,150.0,1.0,2,3000,0,0,0,0,0,0
CF,URB,41.944694,12.490056,0,ICIA,329.8,10.6,150.0,2.5,2,3000,0,0,0,0,1,0

FINAL,I15-Z,15,I,3
IF,URB,41.944694,12.490056,ICIA,329.8,10.6,2,3000,0,0,0,0,0,0
CF,FI15,41.928569,12.505419,0,ICIA,330.7,9.5,150.0,1.2,1,3000,0,0,0,0,2,0
CF,RW15,41.808042,12.588836,0,ICIA,330.7,1.3,150.0,8.1,1,398,0,0,0,0,3,0
CA,0,150.0,2,750,0,0,0,0,0,0
VI,2, ,0.0,263.0,0,0,0,1,185,0,0,0
CF,D110M,41.724511,12.498436,0,OST,110.0,12.6,218.0,3.0,2,2000,0,0,0,0,0,0
CF,RATIR,41.681667,12.449167,0,OST,125.5,12.0,218.0,3.4,1,3000,0,0,0,0,0,0

APPTR,R15-A,15,FRS
IF,FRS,41.642528,13.292361, ,0.0,0.0,0,0,0,0,0,0,1,0
TF,RA771,41.612419,12.894167,0, ,0.0,0.0,0.0,0.0,2,9000,0,0,0,0,0,0
TF,RA772,41.603814,12.783672,0, ,0.0,0.0,0.0,0.0,2,5000,0,0,0,0,0,0
TF,RA762,41.593361,12.654414,0, ,0.0,0.0,0.0,0.0,2,4000,0,0,0,0,0,0
TF,RA763,41.642300,12.639147,0, ,0.0,0.0,0.0,0.0,2,3000,0,0,0,0,1,0

APPTR,R15-A,15,IDROX
IF,IDROX,41.561111,12.664722, ,0.0,0.0,1,5000,0,0,0,0,1,0
TF,RA763,41.642300,12.639147,0, ,0.0,0.0,0.0,0.0,2,3000,0,0,0,0,1,0

APPTR,R15-A,15,LAT
IF,LAT,41.541111,12.918056, ,0.0,0.0,0,0,0,0,0,0,1,0
TF,RA773,41.562556,12.810808,0, ,0.0,0.0,0.0,0.0,2,6000,0,0,0,0,0,0
TF,RA762,41.593361,12.654414,0, ,0.0,0.0,0.0,0.0,2,4000,0,0,0,0,0,0
TF,RA763,41.642300,12.639147,0, ,0.0,0.0,0.0,0.0,2,3000,0,0,0,0,1,0

APPTR,R15-A,15,ROM
IF,ROM,41.804667,12.588000, ,0.0,0.0,2,6000,0,0,0,0,1,0
TF,RA767,41.630047,12.569883,0, ,0.0,0.0,0.0,0.0,0,0,0,0,0,0,0,0
TF,RA768,41.581367,12.585197,0, ,0.0,0.0,0.0,0.0,0,0,0,1,185,0,0,0
TF,RA762,41.593361,12.654414,0, ,0.0,0.0,0.0,0.0,2,4000,0,1,185,0,0,0
TF,RA763,41.642300,12.639147,0, ,0.0,0.0,0.0,0.0,2,3000,0,0,0,0,1,0

FINAL,R15-A,15,R,3
IF,RA763,41.642300,12.639147, ,0.0,0.0,2,3000,0,0,0,0,0,0
TF,RA764,41.672811,12.629569,0, ,0.0,0.0,345.0,1.9,2,3000,0,0,0,0,2,0
TF,RA766,41.739675,12.608542,0, ,0.0,0.0,345.0,4.1,1,1470,0,0,0,0,3,1
TF,ROM,41.804667,12.588000,0, ,0.0,0.0,0.0,0.0,0,0,0,0,0,0,0,0
TF,RA761,41.872017,12.544644,0, ,0.0,0.0,0.0,0.0,0,0,0,0,0,0,0,0
CF,RA759,41.924150,12.510950,0,ROM,332.3,8.0,332.0,3.5,1,3000,0,0,0,0,0,1

APPTR,R33-A,33,FRS
IF,FRS,41.642528,13.292361, ,0.0,0.0,0,0,0,0,0,0,1,0
TF,RA771,41.612419,12.894167,0, ,0.0,0.0,0.0,0.0,2,9000,0,0,0,0,0,0
TF,RA772,41.603814,12.783672,0, ,0.0,0.0,0.0,0.0,2,5000,0,0,0,0,0,0
TF,RA762,41.593361,12.654414,0, ,0.0,0.0,0.0,0.0,2,4000,0,0,0,0,0,0
TF,RA763,41.642300,12.639147,0, ,0.0,0.0,0.0,0.0,2,3000,0,0,0,0,1,0

APPTR,R33-A,33,IDROX
IF,IDROX,41.561111,12.664722, ,0.0,0.0,1,5000,0,0,0,0,1,0
TF,RA763,41.642300,12.639147,0, ,0.0,0.0,0.0,0.0,2,3000,0,0,0,0,1,0

APPTR,R33-A,33,LAT
IF,LAT,41.541111,12.918056, ,0.0,0.0,0,0,0,0,0,0,1,0
TF,RA773,41.562556,12.810808,0, ,0.0,0.0,0.0,0.0,2,6000,0,0,0,0,0,0
TF,RA762,41.593361,12.654414,0, ,0.0,0.0,0.0,0.0,2,4000,0,0,0,0,0,0
TF,RA763,41.642300,12.639147,0, ,0.0,0.0,0.0,0.0,2,3000,0,0,0,0,1,0

APPTR,R33-A,33,ROM
IF,ROM,41.804667,12.588000, ,0.0,0.0,2,6000,0,0,0,0,1,0
TF,RA767,41.630047,12.569883,0, ,0.0,0.0,0.0,0.0,0,0,0,0,0,0,0,0
TF,RA768,41.581367,12.585197,0, ,0.0,0.0,0.0,0.0,0,0,0,1,185,0,0,0
TF,RA762,41.593361,12.654414,0, ,0.0,0.0,0.0,0.0,2,4000,0,1,185,0,0,0
TF,RA763,41.642300,12.639147,0, ,0.0,0.0,0.0,0.0,2,3000,0,0,0,0,1,0

FINAL,R33-A,33,R,3
IF,RA763,41.642300,12.639147, ,0.0,0.0,2,3000,0,0,0,0,0,0
TF,RA764,41.672811,12.629569,0, ,0.0,0.0,345.0,1.9,2,3000,0,0,0,0,2,0
TF,RA766,41.739675,12.608542,0, ,0.0,0.0,345.0,4.1,1,1470,0,0,0,0,3,1
TF,ROM,41.804667,12.588000,0, ,0.0,0.0,0.0,0.0,0,0,0,0,0,0,0,0
TF,RA761,41.872017,12.544644,0, ,0.0,0.0,0.0,0.0,0,0,0,0,0,0,0,0
CF,RA759,41.924150,12.510950,0,ROM,332.3,8.0,332.0,3.5,1,3000,0,0,0,0,0,1

APPTR,V15-A,15,FRS
FD,FRS,41.642528,13.292361,0,FRS,0.0,18.0,267.0,18.0,2,9000,0,0,0,0,1,0
CF,D267W,41.634336,12.783800,0,FRS,266.9,22.9,267.0,5.0,2,5000,0,0,0,0,0,0
CF,D157K,41.632397,12.676167,0,ROM,157.0,11.1,267.0,4.8,2,3400,0,0,0,0,0,1
CF,D165J,41.642097,12.638086,0,ROM,165.0,10.0,345.0,2.0,2,3000,0,0,0,0,1,0
CF,CE33,41.679472,12.626608,0,ROM,165.0,7.7,345.0,2.3,2,3000,0,0,0,0,0,0

APPTR,V15-A,15,IDROX
IF,IDROX,41.561111,12.664722, ,0.0,0.0,2,5000,0,0,0,0,1,0
CF,D165J,41.642097,12.638086,0,ROM,165.0,10.0,345.0,5.0,2,3000,0,0,0,0,1,0
CF,CE33,41.679472,12.626608,0,ROM,165.0,7.7,345.0,2.3,2,3000,0,0,0,0,0,0

APPTR,V15-A,15,LAT
FD,LAT,41.541111,12.918056,0,LAT,0.0,5.0,290.0,5.0,2,6000,0,0,0,0,1,0
CF,D160L,41.611872,12.671506,0,ROM,160.0,12.2,290.0,6.9,2,3000,0,0,0,0,0,1
CF,D165J,41.642097,12.638086,0,ROM,165.0,10.0,345.0,2.4,2,3000,0,0,0,0,1,0
CF,CE33,41.679472,12.626608,0,ROM,165.0,7.7,345.0,2.3,2,3000,0,0,0,0,0,0

APPTR,V15-A,15,ROM1
IF,ROM,41.804667,12.588000, ,0.0,0.0,2,6000,0,1,180,0,1,0
CF,D179J,41.637861,12.584203,0,ROM,179.0,10.0,179.0,10.0,2,3000,0,1,180,0,0,1
CF,D165J,41.642097,12.638086,1,ROM,165.0,10.0,345.0,1.0,2,3000,0,0,0,0,1,0
CF,CE33,41.679472,12.626608,0,ROM,165.0,7.7,345.0,2.3,2,3000,0,0,0,0,0,0

APPTR,V15-A,15,ROM2
IF,ROM,41.804667,12.588000, ,0.0,0.0,2,6000,0,1,140,0,1,0
CF,D174J,41.638242,12.603589,0,ROM,174.0,10.0,174.0,10.0,2,3000,0,1,140,0,0,1
CF,D165J,41.642097,12.638086,1,ROM,165.0,10.0,345.0,1.0,2,3000,0,0,0,0,1,0
CF,CE33,41.679472,12.626608,0,ROM,165.0,7.7,345.0,2.3,2,3000,0,0,0,0,0,0

FINAL,V15-A,15,D,4
IF,CE33,41.679472,12.626608,ROM,165.0,7.7,2,3000,0,0,0,0,0,0
CF,FE33,41.707094,12.618117,0,ROM,165.0,6.0,345.0,1.7,2,2350,0,0,0,0,2,0
CF,40VO2,41.739592,12.608114,0,ROM,165.0,4.0,345.0,2.0,2,1600,0,0,0,0,0,0
CF,ME33,41.755839,12.603111,0,ROM,165.0,3.0,345.0,1.0,1,1350,0,0,0,0,3,0
CF,ROM,41.804667,12.588000,0,ROM,0.0,0.0,345.0,3.0,2,1350,0,0,0,0,0,0
CF,SUBAR,41.925278,12.514722,0,ROM,333.6,7.9,334.0,7.9,1,3000,0,0,0,0,0,0

APPTR,V33-A,33,FRS
FD,FRS,41.642528,13.292361,0,FRS,0.0,18.0,267.0,18.0,2,9000,0,0,0,0,1,0
CF,D267W,41.634336,12.783800,0,FRS,266.9,22.9,267.0,5.0,2,5000,0,0,0,0,0,0
CF,D157K,41.632397,12.676167,0,ROM,157.0,11.1,267.0,4.8,2,3400,0,0,0,0,0,1
CF,D165J,41.642097,12.638086,0,ROM,165.0,10.0,345.0,2.0,2,3000,0,0,0,0,1,0
CF,CE33,41.679472,12.626608,0,ROM,165.0,7.7,345.0,2.3,2,3000,0,0,0,0,0,0

APPTR,V33-A,33,IDROX
IF,IDROX,41.561111,12.664722, ,0.0,0.0,2,5000,0,0,0,0,1,0
CF,D165J,41.642097,12.638086,0,ROM,165.0,10.0,345.0,5.0,2,3000,0,0,0,0,1,0
CF,CE33,41.679472,12.626608,0,ROM,165.0,7.7,345.0,2.3,2,3000,0,0,0,0,0,0

APPTR,V33-A,33,LAT
FD,LAT,41.541111,12.918056,0,LAT,0.0,5.0,290.0,5.0,2,6000,0,0,0,0,1,0
CF,D160L,41.611872,12.671506,0,ROM,160.0,12.2,290.0,6.9,2,3000,0,0,0,0,0,1
CF,D165J,41.642097,12.638086,0,ROM,165.0,10.0,345.0,2.4,2,3000,0,0,0,0,1,0
CF,CE33,41.679472,12.626608,0,ROM,165.0,7.7,345.0,2.3,2,3000,0,0,0,0,0,0

APPTR,V33-A,33,ROM1
IF,ROM,41.804667,12.588000, ,0.0,0.0,2,6000,0,1,180,0,1,0
CF,D179J,41.637861,12.584203,0,ROM,179.0,10.0,179.0,10.0,2,3000,0,1,180,0,0,1
CF,D165J,41.642097,12.638086,1,ROM,165.0,10.0,345.0,1.0,2,3000,0,0,0,0,1,0
CF,CE33,41.679472,12.626608,0,ROM,165.0,7.7,345.0,2.3,2,3000,0,0,0,0,0,0

APPTR,V33-A,33,ROM2
IF,ROM,41.804667,12.588000, ,0.0,0.0,2,6000,0,1,140,0,1,0
CF,D174J,41.638242,12.603589,0,ROM,174.0,10.0,174.0,10.0,2,3000,0,1,140,0,0,1
CF,D165J,41.642097,12.638086,1,ROM,165.0,10.0,345.0,1.0,2,3000,0,0,0,0,1,0
CF,CE33,41.679472,12.626608,0,ROM,165.0,7.7,345.0,2.3,2,3000,0,0,0,0,0,0

FINAL,V33-A,33,D,4
IF,CE33,41.679472,12.626608,ROM,165.0,7.7,2,3000,0,0,0,0,0,0
CF,FE33,41.707094,12.618117,0,ROM,165.0,6.0,345.0,1.7,2,2350,0,0,0,0,2,0
CF,40VO2,41.739592,12.608114,0,ROM,165.0,4.0,345.0,2.0,2,1600,0,0,0,0,0,0
CF,ME33,41.755839,12.603111,0,ROM,165.0,3.0,345.0,1.0,1,1350,0,0,0,0,3,0
CF,ROM,41.804667,12.588000,0,ROM,0.0,0.0,345.0,3.0,2,1350,0,0,0,0,0,0
CF,SUBAR,41.925278,12.514722,0,ROM,333.6,7.9,334.0,7.9,1,3000,0,0,0,0,0,0

