SID,AMAN6F,05,1
CA,0,49.0,2,520,0,0,0,0,0,0
CF,D059B,40.635653,14.947019,0,PTC,59.0,2.0,59.0,2.0,2,850,0,0,0,0,0,1
CI,2, ,0.0,270.0,0,0,0,1,185,0,0,0
CF,GIPOR,40.427250,14.606889,0,PTC,227.1,18.0,227.0,15.0,2,4000,0,0,0,0,0,0

SID,AMAN6F,23,1
CA,0,229.0,2,520,0,0,0,0,0,0
CF,GIPOR,40.427250,14.606889,0,PTC,227.1,18.0,227.0,17.0,2,4000,0,0,0,0,0,0

SID,AMAN6F,ALL,2
IF,GIPOR,40.427250,14.606889, ,0.0,0.0,2,4000,0,0,0,0,0,0
TF,PTC41,40.178422,14.225408,0, ,0.0,0.0,0.0,0.0,2,8000,0,0,0,0,0,0
TF,PTC47,40.113461,14.126208,0, ,0.0,0.0,0.0,0.0,2,9000,0,0,0,0,0,0
TF,AMANO,39.421667,13.796667,0, ,0.0,0.0,0.0,0.0,0,0,0,0,0,0,0,0

SID,PEVI6F,05,1
CA,0,49.0,2,520,0,0,0,0,0,0
CF,D059B,40.635653,14.947019,0,PTC,59.0,2.0,59.0,2.0,2,850,0,0,0,0,0,1
CI,2, ,0.0,270.0,0,0,0,1,185,0,0,0
CF,GIPOR,40.427250,14.606889,0,PTC,227.1,18.0,227.0,15.0,2,4000,0,0,0,0,0,0

SID,PEVI6F,23,1
CA,0,229.0,2,520,0,0,0,0,0,0
CF,GIPOR,40.427250,14.606889,0,PTC,227.1,18.0,227.0,17.0,2,4000,0,0,0,0,0,0

SID,PEVI6F,ALL,2
IF,GIPOR,40.427250,14.606889, ,0.0,0.0,2,4000,0,0,0,0,0,0
TF,PTC41,40.178422,14.225408,0, ,0.0,0.0,0.0,0.0,2,8000,0,0,0,0,0,1
DF,DELER,40.185000,14.149167,0, ,0.0,0.0,0,0,0,0,0,0,0,0
TF,PEVIR,40.281667,13.994167,0, ,0.0,0.0,0.0,0.0,2,10000,0,0,0,0,0,0

SID,POLI6F,05,1
CA,0,49.0,2,520,0,0,0,0,0,0
CF,D059B,40.635653,14.947019,0,PTC,59.0,2.0,59.0,2.0,2,850,0,0,0,0,0,1
CI,2, ,0.0,270.0,0,0,0,1,185,0,0,0
CF,GIPOR,40.427250,14.606889,0,PTC,227.1,18.0,227.0,15.0,2,4000,0,0,0,0,0,0

SID,POLI6F,23,1
CA,0,229.0,2,520,0,0,0,0,0,0
CF,GIPOR,40.427250,14.606889,0,PTC,227.1,18.0,227.0,17.0,2,4000,0,0,0,0,0,0

SID,POLI6F,ALL,2
IF,GIPOR,40.427250,14.606889, ,0.0,0.0,2,4000,0,0,0,0,0,0
CD, ,0,0,0,PTC,0,0.0,197.0,20.0,0,0,0,0,0,0,0,0
CF,POLIT,40.146667,14.833333,0,PTC,183.9,28.6,136.0,17.0,2,9000,0,0,0,0,0,0

SID,SOR6F,05,1
CA,0,49.0,2,520,0,0,0,0,0,0
CF,D059B,40.635653,14.947019,0,PTC,59.0,2.0,59.0,2.0,2,850,0,0,0,0,0,1
CI,2, ,0.0,270.0,0,0,0,1,185,0,0,0
CF,GIPOR,40.427250,14.606889,0,PTC,227.1,18.0,227.0,15.0,2,4000,0,0,0,0,0,0

SID,SOR6F,23,1
CA,0,229.0,2,520,0,0,0,0,0,0
CF,GIPOR,40.427250,14.606889,0,PTC,227.1,18.0,227.0,17.0,2,4000,0,0,0,0,0,0

SID,SOR6F,ALL,2
IF,GIPOR,40.427250,14.606889, ,0.0,0.0,2,4000,0,0,0,0,0,0
CD, ,0,0,0,PTC,0,0.0,257.0,20.0,0,0,0,0,0,0,0,0
CF,SOR,40.582444,14.335028,0,PTC,262.3,26.3,316.0,13.0,2,6000,0,0,0,0,0,0

SID,VARA6F,05,1
CA,0,49.0,2,520,0,0,0,0,0,0
CF,D059B,40.635653,14.947019,0,PTC,59.0,2.0,59.0,2.0,2,850,0,0,0,0,0,1
CI,2, ,0.0,270.0,0,0,0,1,185,0,0,0
CF,GIPOR,40.427250,14.606889,0,PTC,227.1,18.0,227.0,15.0,2,4000,0,0,0,0,0,0

SID,VARA6F,23,1
CA,0,229.0,2,520,0,0,0,0,0,0
CF,GIPOR,40.427250,14.606889,0,PTC,227.1,18.0,227.0,17.0,2,4000,0,0,0,0,0,0

SID,VARA6F,ALL,2
IF,GIPOR,40.427250,14.606889, ,0.0,0.0,2,4000,0,0,0,0,0,0
TF,D227X,40.362008,14.507500,0, ,0.0,0.0,0.0,0.0,0,0,0,0,0,0,0,1
CF,VARAL,40.014167,14.641389,0,PTC,195.7,38.3,155.0,20.0,2,9000,0,0,0,0,0,0

STAR,AMAN2F,ALL,2
IF,AMANO,39.421667,13.796667, ,0.0,0.0,0,0,0,0,0,0,0,0
TF,SOR31,40.095756,14.106925,0, ,0.0,0.0,0.0,0.0,0,0,0,0,0,0,0,1
CF,GIPOR,40.427250,14.606889,0,PTC,227.1,18.0,47.0,29.0,0,0,0,0,0,0,0,0

STAR,DIRE2F,ALL,2
IF,DIRED,39.564167,14.515833, ,0.0,0.0,0,0,0,0,0,0,0,0
CR,0,PTC,224.0,333.0,0,0,0,0,0,0,0,0
CF,GIPOR,40.427250,14.606889,0,PTC,227.1,18.0,47.0,25.0,0,0,0,0,0,0,0,0

STAR,PEVI2F,ALL,2
IF,PEVIR,40.281667,13.994167, ,0.0,0.0,0,0,0,0,0,0,0,0
TF,DELER,40.185000,14.149167,0, ,0.0,0.0,0.0,0.0,0,0,0,0,0,0,0,1
CF,GIPOR,40.427250,14.606889,0,PTC,227.1,18.0,47.0,25.0,0,0,0,0,0,0,0,0

STAR,POLI2F,ALL,2
IF,POLIT,40.146667,14.833333, ,0.0,0.0,0,0,0,0,0,0,0,0
TF,D136Q,40.364081,14.585836,0, ,0.0,0.0,0.0,0.0,0,0,0,0,0,0,0,1
CF,GIPOR,40.427250,14.606889,2,PTC,227.1,18.0,47.0,3.0,0,0,0,0,0,0,0,0

STAR,SOR2F,ALL,2
IF,SOR,40.582444,14.335028, ,0.0,0.0,0,0,0,0,0,0,0,0
TF,D155M,40.382217,14.443722,0, ,0.0,0.0,0.0,0.0,0,0,0,0,0,0,0,1
CF,GIPOR,40.427250,14.606889,1,PTC,227.1,18.0,47.0,6.0,0,0,0,0,0,0,0,0

STAR,VARA2F,ALL,2
IF,VARAL,40.014167,14.641389, ,0.0,0.0,0,0,0,0,0,0,0,0
TF,D155R,40.305044,14.485272,0, ,0.0,0.0,0.0,0.0,0,0,0,0,0,0,0,1
CF,GIPOR,40.427250,14.606889,0,PTC,227.1,18.0,47.0,8.0,0,0,0,0,0,0,0,0

APPTR,D05,05,GIPOR
IF,GIPOR,40.427250,14.606889, ,0.0,0.0,2,4000,0,0,0,0,1,0
CF,CD05,40.502333,14.723972,0,PTC,227.1,11.0,47.0,7.0,2,2200,0,0,0,0,1,0

FINAL,D05,05,D,3
IF,CD05,40.502333,14.723972,PTC,227.1,11.0,2,2200,0,0,0,0,0,0
CF,FD05,40.545167,14.790972,0,PTC,227.1,7.0,47.0,4.0,2,2200,0,0,0,0,2,0
CF,MD05,40.604028,14.883250,0,PTC,227.2,1.5,47.0,5.5,1,469,0,0,0,0,3,0
CA,0,47.0,2,520,0,0,0,0,0,0
CI,2, ,0.0,260.0,0,0,0,1,165,0,0,0
CF,GIPOR,40.427250,14.606889,0,PTC,227.1,18.0,227.0,10.0,1,4000,0,0,0,0,0,0
HM,GIPOR,40.427250,14.606889,2, ,0.0,0.0,47.0,05,0,0,0,0,0,0,0,0,0

