SID,BNO1F,13,2
DF,LA,49.136506,16.179611,0, ,0.0,0.0,0,0,0,0,0,0,0,1
TF,BNO,49.150064,16.692581,0, ,0.0,0.0,0.0,0.0,0,0,0,0,0,0,0,0

SID,BNO1W,31,2
CA,0,306.0,2,2000,0,0,0,0,0,0
CI,2, ,0.0,49.0,0,0,0,0,0,0,0,0
CF,BNO,49.150064,16.692581,0,BNO,0.0,0.0,114.0,20.0,0,0,0,0,0,0,0,0

SID,BODA1F,13,2
DF,LA,49.136506,16.179611,0, ,0.0,0.0,0,0,0,0,0,0,0,1
CI,1, ,0.0,359.0,0,0,0,0,0,0,0,0
CF,BODAL,49.464108,15.782703,0,BNO,294.2,40.4,294.0,22.0,0,0,0,0,0,0,0,0

SID,BODA3W,31,2
CA,0,306.0,2,2000,0,0,0,0,0,0
CI,0, ,0.0,338.0,0,0,0,0,0,0,0,0
CF,BODAL,49.464108,15.782703,0,OKF,14.3,31.2,318.0,18.0,0,0,0,0,0,0,0,0

SID,OKF1F,13,2
DF,LA,49.136506,16.179611,0, ,0.0,0.0,0,0,0,0,0,0,0,1
CI,1, ,0.0,305.0,0,0,0,0,0,0,0,0
CF,XU,49.197253,16.066789,0,BNO,272.8,24.8,232.0,5.0,0,0,0,0,0,0,0,0
TF,OKF,48.969175,15.545578,0, ,0.0,0.0,0.0,0.0,0,0,0,0,0,0,0,0

SID,OKF3W,31,2
CA,0,306.0,2,2000,0,0,0,0,0,0
VI,0, ,0.0,251.0,0,0,0,0,0,0,0,0
CF,OKF,48.969175,15.545578,0,OKF,0.0,0.0,221.0,15.0,0,0,0,0,0,0,0,0

STAR,BNO1H,31,2
IF,BNO,49.150064,16.692581, ,0.0,0.0,0,0,0,0,0,0,0,0
TF,GIVIP,49.091081,16.516578,0, ,0.0,0.0,0.0,0.0,0,0,0,0,0,0,0,0

STAR,BNO1K,13,2
IF,BNO,49.150064,16.692581, ,0.0,0.0,0,0,0,0,0,0,0,0
TF,ROVSO,49.175947,16.355006,0, ,0.0,0.0,0.0,0.0,0,0,0,0,0,0,0,0
TF,XU,49.197253,16.066789,0, ,0.0,0.0,0.0,0.0,0,0,0,0,0,0,0,0

STAR,BODA1H,31,2
IF,BODAL,49.464108,15.782703, ,0.0,0.0,0,0,0,0,0,0,0,0
TF,ODUKO,49.385189,15.878939,0, ,0.0,0.0,0.0,0.0,0,0,0,0,0,0,0,0
TF,LA,49.136506,16.179611,0, ,0.0,0.0,0.0,0.0,0,0,0,0,0,0,0,0

STAR,BODA5K,13,5
IF,BODAL,49.464108,15.782703, ,0.0,0.0,0,0,0,0,0,0,0,0
TF,ODUKO,49.385189,15.878939,0, ,0.0,0.0,0.0,0.0,0,0,0,0,0,0,0,0

STAR,OKF1H,31,2
IF,OKF,48.969175,15.545578, ,0.0,0.0,0,0,0,0,0,0,0,0
TF,TESPU,49.086378,15.987850,0, ,0.0,0.0,0.0,0.0,0,0,0,0,0,0,0,0
TF,LA,49.136506,16.179611,0, ,0.0,0.0,0.0,0.0,0,0,0,0,0,0,0,0

STAR,OKF4K,13,2
IF,OKF,48.969175,15.545578, ,0.0,0.0,0,0,0,0,0,0,0,0
TF,TESPU,49.086378,15.987850,0, ,0.0,0.0,0.0,0.0,0,0,0,0,0,0,0,0
TF,XU,49.197253,16.066789,0, ,0.0,0.0,0.0,0.0,0,0,0,0,0,0,0,0

APPTR,I31,31,GIVIP
FC,GIVIP,49.091081,16.516578,0,BNO,0.0,0.0,239.0,4.8,2,4000,0,0,0,0,1,1
CI,0,LA,0.0,275.0,0,0,0,0,0,0,0,0

APPTR,I31,31,LA1
IF,LA,49.136506,16.179611,BNO,263.9,20.2,2,4000,0,0,0,0,1,0
CF,NA31C,49.090000,16.387222,0,BNO,249.4,12.6,103.0,8.7,2,4000,0,0,0,0,0,1
CF,NA31I,49.047778,16.348611,2,LA,124.8,12.2,305.0,1.0,2,4000,0,0,0,0,1,0

APPTR,I31,31,LA2
IF,LA,49.136506,16.179611,BNO,263.9,20.2,2,4000,0,0,0,0,1,0
CF,NA31A,49.071111,16.373056,0,BNO,245.5,13.5,114.0,8.6,2,4000,0,0,0,0,0,1
CF,NA31I,49.047778,16.348611,2,LA,124.8,12.2,305.0,1.0,2,4000,0,0,0,0,1,0

FINAL,I31,31,I,3
IF,NA31I,49.047778,16.348611,LA,124.8,12.2,1,4000,0,0,0,0,0,0
CF,NA31F,49.078889,16.291944,0,LA,124.5,9.3,305.0,2.9,1,4000,0,0,0,0,2,0
CF,RW31,49.159369,16.137106,0,LA,125.3,1.5,305.0,7.8,1,1545,0,0,0,0,3,0
CF,XU,49.197253,16.066789,0,BNO,272.8,24.8,305.0,3.6,0,0,0,0,0,0,0,1
DF,LA,49.136506,16.179611,1, ,0.0,0.0,1,4000,0,1,240,0,0,0

APPTR,N13,13,ODUKO
FC,ODUKO,49.385189,15.878939,0,BNO,0.0,0.0,176.0,5.0,0,0,0,0,0,0,1,1
CF,NA13I,49.284167,15.899444,0,BNO,280.8,32.2,125.0,2.0,2,4000,0,0,0,0,1,1
CF,NA13F,49.252222,15.961667,0,BNO,278.3,29.4,125.0,3.1,2,4000,0,0,0,0,0,0

APPTR,N13,13,XU1
IF,XU,49.197253,16.066789,BNO,272.8,24.8,2,4000,0,0,0,0,1,0
CF,NA13C,49.237778,15.861667,0,BNO,275.5,33.1,283.0,8.4,2,4000,0,0,0,0,0,1
CF,NA13I,49.284167,15.899444,2,BNO,280.8,32.2,125.0,1.0,2,4000,0,0,0,0,1,0
CF,NA13F,49.252222,15.961667,0,BNO,278.3,29.4,125.0,3.1,2,4000,0,0,0,0,0,0

APPTR,N13,13,XU2
IF,XU,49.197253,16.066789,BNO,272.8,24.8,2,4000,0,0,0,0,1,0
CF,NA13A,49.262222,15.879167,0,BNO,278.2,32.7,294.0,8.4,2,4000,0,0,0,0,0,1
CF,NA13I,49.284167,15.899444,2,BNO,280.8,32.2,125.0,1.0,2,4000,0,0,0,0,1,0
CF,NA13F,49.252222,15.961667,0,BNO,278.3,29.4,125.0,3.1,2,4000,0,0,0,0,0,0

FINAL,N13,13,N,2
IF,NA13F,49.252222,15.961667,XU,0.0,0.0,2,4000,0,0,0,0,2,0
CF,X,49.180994,16.096828,0,XU,0.0,0.0,125.0,6.8,1,1840,0,0,0,0,3,0
CF,LA,49.136506,16.179611,0,BNO,263.9,20.2,125.0,4.2,0,0,0,0,0,0,0,1
DF,XU,49.197253,16.066789,1, ,0.0,0.0,1,4000,0,1,240,0,0,0

APPTR,N31,31,GIVIP
FC,GIVIP,49.091081,16.516578,0,BNO,0.0,0.0,239.0,6.1,2,4000,0,0,0,0,1,1
CF,NA31I,49.047778,16.348611,0,BNO,241.8,14.9,305.0,2.0,2,4000,0,0,0,0,1,1
CF,NA31F,49.078889,16.291944,0,BNO,251.0,16.4,305.0,2.9,2,4000,0,0,0,0,0,0

APPTR,N31,31,LA1
IF,LA,49.136506,16.179611,BNO,263.9,20.2,2,4000,0,0,0,0,1,0
CF,NA31C,49.090000,16.387222,0,BNO,249.4,12.6,103.0,8.7,2,4000,0,0,0,0,0,1
CF,NA31I,49.047778,16.348611,2,BNO,241.8,14.9,305.0,1.0,2,4000,0,0,0,0,1,0
CF,NA31F,49.078889,16.291944,0,BNO,251.0,16.4,305.0,2.9,2,4000,0,0,0,0,0,0

APPTR,N31,31,LA2
IF,LA,49.136506,16.179611,BNO,263.9,20.2,2,4000,0,0,0,0,1,0
CF,NA31A,49.071111,16.373056,0,BNO,245.5,13.5,114.0,8.6,2,4000,0,0,0,0,0,1
CF,NA31I,49.047778,16.348611,2,BNO,241.8,14.9,305.0,1.0,2,4000,0,0,0,0,1,0
CF,NA31F,49.078889,16.291944,0,BNO,251.0,16.4,305.0,2.9,2,4000,0,0,0,0,0,0

FINAL,N31,31,N,2
IF,NA31F,49.078889,16.291944,LA,0.0,0.0,2,4000,0,0,0,0,2,0
CF,L,49.150531,16.153561,0,LA,0.0,0.0,305.0,7.0,1,1810,0,0,0,0,3,0
CF,XU,49.197253,16.066789,0,BNO,272.8,24.8,305.0,4.4,0,0,0,0,0,0,0,1
DF,LA,49.136506,16.179611,1, ,0.0,0.0,1,4000,0,1,240,0,0,0

