APPTR,N19,19,EVR
IF,EVR,38.529611,-7.891833, ,0.0,0.0,2,2600,0,0,0,0,1,0
TF,D011H,38.653517,-7.869625,0, ,0.0,0.0,0.0,0.0,2,2300,0,0,0,0,0,0
FC,D011H,38.653517,-7.869625,0,EVR,0.0,0.0,326.0,3.0,0,0,0,0,0,0,0,1
CF,FN19,38.616181,-7.876325,2,EVR,10.9,5.2,191.0,7.0,2,2300,0,0,0,0,0,0

FINAL,N19,19,N,2
IF,FN19,38.616181,-7.876325,EVR,0.0,0.0,2,2300,0,0,0,0,2,0
CF,RW19,38.538994,-7.889178,0,EVR,0.0,0.0,191.0,4.7,1,837,0,0,0,0,3,0
CF,EVR,38.529611,-7.891833,0,EVR,0.0,0.0,191.0,0.6,0,0,0,0,0,0,0,1
CA,0,221.0,2,2000,0,0,0,0,0,0
DF,EVR,38.529611,-7.891833,1, ,0.0,0.0,1,2600,0,0,0,0,0,0

