APPTR,L27,27,GOXAS
IF,GOXAS,38.611389,-27.864722, ,0.0,0.0,2,5000,0,0,0,0,1,0
CF,CF27,38.591478,-28.069758,0,IPO,92.6,18.3,273.0,9.7,2,5000,0,0,0,0,0,0

FINAL,L27,27,D,4
IF,CF27,38.591478,-28.069758,IPO,92.6,18.3,2,5000,0,0,0,0,0,0
CF,ORPIC,38.587222,-28.111944,0,IPO,92.6,16.3,273.0,2.0,2,5000,0,0,0,0,2,0
CF,40LOC,38.563772,-28.348078,0,IPO,92.6,5.1,273.0,11.2,2,1429,0,0,0,0,0,0
CF,MA27,38.558025,-28.404981,0,IPO,92.6,2.4,273.0,2.7,1,570,0,0,0,0,3,0
VA,2,349.0,2,5000,0,1,200,0,0,0
DF,PIKIX,38.777500,-28.533889,0, ,0.0,0.0,2,5000,0,0,0,0,0,0
HM,PIKIX,38.777500,-28.533889,1, ,0.0,0.0,118.0,04.3,0,0,0,1,230,0,0,0,0

APPTR,Q27,27,SOLGI
IF,SOLGI,38.624900,-28.032672, ,0.0,0.0,2,5000,0,0,0,0,1,0
CF,D088N,38.607658,-28.104356,0,VFL,87.6,25.0,268.0,3.5,2,5000,0,0,0,0,0,0
CF,CQ27,38.597394,-28.166783,0,VFL,87.6,22.0,268.0,3.0,2,4200,0,0,0,0,1,0

FINAL,Q27,27,N,3
IF,CQ27,38.597394,-28.166783,PI,0.0,0.0,2,4200,0,0,0,0,0,0
CF,FQ27,38.573317,-28.312378,0,PI,0.0,0.0,268.0,7.0,2,2000,0,0,0,0,2,0
CF,PI,38.558194,-28.403222,0,VFL,0.0,10.6,268.0,4.4,1,602,0,0,0,0,3,0
FA,PI,38.558194,-28.403222,0,VFL,0.0,0.0,268.0,2,620,0,0,0,0,0,0
DF,VELAS,38.658858,-28.358506,2, ,0.0,0.0,1,5000,0,0,0,0,0,0
HM,VELAS,38.658858,-28.358506,2, ,0.0,0.0,247.0,05,2,5000,0,1,230,0,0,0,0

