SID,ASMO1R,17,5
CF,XAPIM,41.078056,-8.636667,0,PRT,171.8,11.9,172.0,10.0,2,3000,0,0,0,0,0,0
TF,PR633,41.058611,-8.766111,0, ,0.0,0.0,0.0,0.0,2,4000,0,0,0,0,0,0
TF,ASMOV,40.969392,-9.347036,0, ,0.0,0.0,0.0,0.0,2,10000,0,0,0,0,0,0

SID,ASMO1W,35,5
CF,UDRUB,41.424167,-8.727500,0,PRT,351.8,9.2,352.0,10.0,2,3000,0,0,0,0,0,0
TF,PR613,41.404722,-8.857778,0, ,0.0,0.0,0.0,0.0,2,4000,0,0,0,0,0,0
TF,ASMOV,40.969392,-9.347036,0, ,0.0,0.0,0.0,0.0,2,10000,0,0,0,0,0,0

SID,BELD8E,35,5
CF,UDRUB,41.424167,-8.727500,0,PRT,351.8,9.2,352.0,10.0,2,3000,0,0,0,0,0,0
TF,PR614,41.443611,-8.597222,0, ,0.0,0.0,0.0,0.0,2,4000,0,0,0,0,0,0
TF,PR656,41.411944,-8.285556,0, ,0.0,0.0,0.0,0.0,2,7000,0,0,0,0,0,0
TF,BELDU,41.358611,-7.777222,0, ,0.0,0.0,0.0,0.0,2,10000,0,0,0,0,0,0

SID,BELD8L,17,5
CF,XAPIM,41.078056,-8.636667,0,PRT,171.8,11.9,172.0,10.0,2,3000,0,0,0,0,0,0
TF,PR634,41.097500,-8.506667,0, ,0.0,0.0,0.0,0.0,2,4000,0,0,0,0,0,0
TF,PR658,41.186111,-8.261389,0, ,0.0,0.0,0.0,0.0,2,7000,0,0,0,0,0,0
TF,BELDU,41.358611,-7.777222,0, ,0.0,0.0,0.0,0.0,2,10000,0,0,0,0,0,0

SID,MANI1E,35,5
CF,UDRUB,41.424167,-8.727500,0,PRT,351.8,9.2,352.0,10.0,2,3000,0,0,0,0,0,0
TF,PR614,41.443611,-8.597222,0, ,0.0,0.0,0.0,0.0,2,4000,0,0,0,0,0,0
TF,PR634,41.097500,-8.506667,0, ,0.0,0.0,0.0,0.0,2,7000,0,0,0,0,0,0
TF,MANIK,40.691944,-8.616111,0, ,0.0,0.0,0.0,0.0,2,10000,0,0,0,0,0,0

SID,MANI1R,17,5
CF,XAPIM,41.078056,-8.636667,0,PRT,171.8,11.9,172.0,10.0,2,3000,0,0,0,0,0,0
TF,PR665,40.942500,-8.629444,0, ,0.0,0.0,0.0,0.0,2,6000,0,0,0,0,0,0
TF,MANIK,40.691944,-8.616111,0, ,0.0,0.0,0.0,0.0,2,10000,0,0,0,0,0,0

SID,MANI1W,35,5
CF,UDRUB,41.424167,-8.727500,0,PRT,351.8,9.2,352.0,10.0,2,3000,0,0,0,0,0,0
TF,PR613,41.404722,-8.857778,0, ,0.0,0.0,0.0,0.0,2,4000,0,0,0,0,0,0
TF,PR633,41.058611,-8.766111,0, ,0.0,0.0,0.0,0.0,2,7000,0,0,0,0,0,0
TF,MANIK,40.691944,-8.616111,0, ,0.0,0.0,0.0,0.0,2,10000,0,0,0,0,0,0

SID,MANI5S,17,2
CD, ,0,0,0,PRT,0,0.0,172.0,12.0,2,3000,0,0,0,0,0,0
CF,D178T,40.940925,-8.646686,0,PRT,177.6,20.0,178.0,8.0,2,6000,0,0,0,0,0,0
TF,MANIK,40.691944,-8.616111,0, ,0.0,0.0,0.0,0.0,0,0,0,0,0,0,0,0

SID,PESU8E,35,5
CF,UDRUB,41.424167,-8.727500,0,PRT,351.8,9.2,352.0,10.0,2,3000,0,0,0,0,0,0
TF,PR614,41.443611,-8.597222,0, ,0.0,0.0,0.0,0.0,2,4000,0,0,0,0,0,0
TF,PR660,41.105833,-8.305833,0, ,0.0,0.0,0.0,0.0,2,7000,0,0,0,0,0,0
TF,PESUL,40.881944,-8.115000,0, ,0.0,0.0,0.0,0.0,2,10000,0,0,0,0,0,0

SID,PESU8L,17,5
CF,XAPIM,41.078056,-8.636667,0,PRT,171.8,11.9,172.0,10.0,2,3000,0,0,0,0,0,0
TF,PR664,41.001389,-8.431667,0, ,0.0,0.0,0.0,0.0,2,7000,0,0,0,0,0,0
TF,PESUL,40.881944,-8.115000,0, ,0.0,0.0,0.0,0.0,2,10000,0,0,0,0,0,0

SID,TURO5N,35,2
CA,0,352.0,2,3000,0,0,0,0,0,0
CF,D010T,41.604253,-8.636361,0,PRT,9.7,20.0,10.0,17.0,2,6000,0,0,0,0,0,0
TF,TURON,42.067917,-8.563417,0, ,0.0,0.0,0.0,0.0,0,0,0,0,0,0,0,0

SID,TURO8E,35,5
CF,UDRUB,41.424167,-8.727500,0,PRT,351.8,9.2,352.0,10.0,2,3000,0,0,0,0,0,0
TF,PR674,41.606389,-8.681389,0, ,0.0,0.0,0.0,0.0,2,7000,0,0,0,0,0,0
TF,TURON,42.067917,-8.563417,0, ,0.0,0.0,0.0,0.0,2,10000,0,0,0,0,0,0

SID,TURO8L,17,5
CF,XAPIM,41.078056,-8.636667,0,PRT,171.8,11.9,172.0,10.0,2,3000,0,0,0,0,0,0
TF,PR634,41.097500,-8.506667,0, ,0.0,0.0,0.0,0.0,2,4000,0,0,0,0,0,0
TF,PR638,41.582778,-8.523611,0, ,0.0,0.0,0.0,0.0,2,7000,0,0,0,0,0,0
TF,TURON,42.067917,-8.563417,0, ,0.0,0.0,0.0,0.0,2,10000,0,0,0,0,0,0

SID,TURO8R,17,5
CF,XAPIM,41.078056,-8.636667,0,PRT,171.8,11.9,172.0,10.0,2,3000,0,0,0,0,0,0
TF,PR633,41.058611,-8.766111,0, ,0.0,0.0,0.0,0.0,2,4000,0,0,0,0,0,0
TF,PR613,41.404722,-8.857778,0, ,0.0,0.0,0.0,0.0,2,4000,0,0,0,0,0,0
TF,PR641,41.600556,-8.771667,0, ,0.0,0.0,0.0,0.0,2,7000,0,0,0,0,0,0
TF,TURON,42.067917,-8.563417,0, ,0.0,0.0,0.0,0.0,2,10000,0,0,0,0,0,0

SID,UBAN1R,17,5
CF,XAPIM,41.078056,-8.636667,0,PRT,171.8,11.9,172.0,10.0,2,3000,0,0,0,0,0,0
TF,PR633,41.058611,-8.766111,0, ,0.0,0.0,0.0,0.0,2,4000,0,0,0,0,0,0
TF,UBANI,41.557853,-9.239519,0, ,0.0,0.0,0.0,0.0,2,10000,0,0,0,0,0,0

SID,UBAN1W,35,5
CF,UDRUB,41.424167,-8.727500,0,PRT,351.8,9.2,352.0,10.0,2,3000,0,0,0,0,0,0
TF,UBANI,41.557853,-9.239519,0, ,0.0,0.0,0.0,0.0,2,10000,0,0,0,0,0,0

STAR,ABLE2M,17,5
IF,ABLEG,40.722778,-8.431111, ,0.0,0.0,2,11000,0,0,0,0,0,0
TF,PR635,40.964722,-8.741389,0, ,0.0,0.0,0.0,0.0,2,11000,0,0,0,0,0,0
TF,PR615,41.290278,-8.827500,0, ,0.0,0.0,0.0,0.0,2,7000,0,0,0,0,0,0
TF,PR613,41.404722,-8.857778,0, ,0.0,0.0,0.0,0.0,2,4000,0,0,0,0,0,0
TF,PR611,41.498889,-8.883611,0, ,0.0,0.0,0.0,0.0,2,4000,0,0,0,0,0,0
TF,ADNOV,41.518244,-8.753164,0, ,0.0,0.0,0.0,0.0,2,4000,0,0,0,0,0,0

STAR,ABLE2T,17,5
IF,ABLEG,40.722778,-8.431111, ,0.0,0.0,2,11000,0,0,0,0,0,0
TF,PR636,41.003333,-8.482222,0, ,0.0,0.0,0.0,0.0,2,11000,0,0,0,0,0,0
TF,PR616,41.329167,-8.567222,0, ,0.0,0.0,0.0,0.0,2,4000,0,0,0,0,0,0
TF,PR614,41.443611,-8.597222,0, ,0.0,0.0,0.0,0.0,2,4000,0,0,0,0,0,0
TF,PR612,41.537500,-8.622500,0, ,0.0,0.0,0.0,0.0,2,4000,0,0,0,0,0,0
TF,ADNOV,41.518244,-8.753164,0, ,0.0,0.0,0.0,0.0,2,4000,0,0,0,0,0,0

STAR,ABLE5C,35,5
IF,ABLEG,40.722778,-8.431111, ,0.0,0.0,2,11000,0,0,0,0,0,0
TF,PR653,40.925000,-8.570869,0, ,0.0,0.0,0.0,0.0,2,6000,0,0,0,0,0,0
TF,AKULU,40.984044,-8.611819,0, ,0.0,0.0,0.0,0.0,2,4000,0,0,0,0,0,0

STAR,ASMO2A,35,5
IF,ASMOV,40.969392,-9.347036, ,0.0,0.0,2,11000,0,0,0,0,0,0
TF,PR635,40.964722,-8.741389,0, ,0.0,0.0,0.0,0.0,2,4000,0,0,0,0,0,0
TF,AKULU,40.984044,-8.611819,0, ,0.0,0.0,0.0,0.0,2,4000,0,0,0,0,0,0

STAR,ASMO2M,17,5
IF,ASMOV,40.969392,-9.347036, ,0.0,0.0,2,11000,0,0,0,0,0,0
TF,RETMO,41.227797,-9.013808,0, ,0.0,0.0,0.0,0.0,2,7000,0,0,0,0,0,0
TF,PR611,41.498889,-8.883611,0, ,0.0,0.0,0.0,0.0,2,4000,0,0,0,0,0,0
TF,ADNOV,41.518244,-8.753164,0, ,0.0,0.0,0.0,0.0,2,4000,0,0,0,0,0,0

STAR,ASPO2T,17,5
IF,ASPOR,41.815139,-8.081194, ,0.0,0.0,2,11000,0,0,0,0,0,0
TF,PR643,41.747500,-8.235556,0, ,0.0,0.0,0.0,0.0,2,9000,0,0,0,0,0,0
TF,PR640,41.598056,-8.588889,0, ,0.0,0.0,0.0,0.0,2,7000,0,0,0,0,0,0
TF,ADNOV,41.518244,-8.753164,0, ,0.0,0.0,0.0,0.0,2,4000,0,0,0,0,0,0

STAR,ASPO5A,35,5
IF,ASPOR,41.815139,-8.081194, ,0.0,0.0,2,11000,0,0,0,0,0,0
TF,PR611,41.498889,-8.883611,0, ,0.0,0.0,0.0,0.0,2,11000,0,0,0,0,0,0
TF,PR631,41.165278,-8.794444,0, ,0.0,0.0,0.0,0.0,2,7000,0,0,0,0,0,0
TF,PR633,41.058611,-8.766111,0, ,0.0,0.0,0.0,0.0,2,4000,0,0,0,0,0,0
TF,PR635,40.964722,-8.741389,0, ,0.0,0.0,0.0,0.0,2,4000,0,0,0,0,0,0
TF,AKULU,40.984044,-8.611819,0, ,0.0,0.0,0.0,0.0,2,4000,0,0,0,0,0,0

STAR,ASPO5C,35,5
IF,ASPOR,41.815139,-8.081194, ,0.0,0.0,2,11000,0,0,0,0,0,0
TF,PR637,41.703889,-8.164444,0, ,0.0,0.0,0.0,0.0,2,9000,0,0,0,0,0,0
TF,PR655,41.423203,-8.292675,0, ,0.0,0.0,0.0,0.0,2,7000,0,0,0,0,0,0
TF,PR636,41.003333,-8.482222,0, ,0.0,0.0,0.0,0.0,2,4000,0,0,0,0,0,0
TF,AKULU,40.984044,-8.611819,0, ,0.0,0.0,0.0,0.0,2,4000,0,0,0,0,0,0

STAR,ELGI2T,17,5
IF,ELGIX,41.521111,-7.673056, ,0.0,0.0,2,11000,0,0,0,0,0,0
TF,VASIP,41.555000,-8.376111,0, ,0.0,0.0,0.0,0.0,2,8000,0,0,0,0,0,0
TF,PR650,41.550278,-8.441944,0, ,0.0,0.0,0.0,0.0,2,7000,0,0,0,0,0,0
TF,PR612,41.537500,-8.622500,0, ,0.0,0.0,0.0,0.0,2,4000,0,0,0,0,0,0
TF,ADNOV,41.518244,-8.753164,0, ,0.0,0.0,0.0,0.0,2,4000,0,0,0,0,0,0

STAR,INKI5C,35,5
IF,INKIT,41.180278,-7.890833, ,0.0,0.0,2,11000,0,0,0,0,0,0
TF,DIVUT,41.028611,-8.325833,0, ,0.0,0.0,0.0,0.0,2,8000,0,0,0,0,0,0
TF,PR646,41.015556,-8.407500,0, ,0.0,0.0,0.0,0.0,2,7000,0,0,0,0,0,0
TF,PR636,41.003333,-8.482222,0, ,0.0,0.0,0.0,0.0,2,4000,0,0,0,0,0,0
TF,AKULU,40.984044,-8.611819,0, ,0.0,0.0,0.0,0.0,2,4000,0,0,0,0,0,0

STAR,MALI4C,35,5
IF,MALIS,41.855583,-7.604778, ,0.0,0.0,2,11000,0,0,0,0,0,0
TF,DIVUT,41.028611,-8.325833,0, ,0.0,0.0,0.0,0.0,2,9000,0,0,0,0,0,0
TF,PR646,41.015556,-8.407500,0, ,0.0,0.0,0.0,0.0,2,7000,0,0,0,0,0,0
TF,PR636,41.003333,-8.482222,0, ,0.0,0.0,0.0,0.0,2,4000,0,0,0,0,0,0
TF,AKULU,40.984044,-8.611819,0, ,0.0,0.0,0.0,0.0,2,4000,0,0,0,0,0,0

STAR,MALI4T,17,5
IF,MALIS,41.855583,-7.604778, ,0.0,0.0,2,11000,0,0,0,0,0,0
TF,VASIP,41.555000,-8.376111,0, ,0.0,0.0,0.0,0.0,2,8000,0,0,0,0,0,0
TF,PR650,41.550278,-8.441944,0, ,0.0,0.0,0.0,0.0,2,7000,0,0,0,0,0,0
TF,PR612,41.537500,-8.622500,0, ,0.0,0.0,0.0,0.0,2,4000,0,0,0,0,0,0
TF,ADNOV,41.518244,-8.753164,0, ,0.0,0.0,0.0,0.0,2,4000,0,0,0,0,0,0

STAR,PESU3T,17,5
IF,PESUL,40.881944,-8.115000, ,0.0,0.0,2,11000,0,0,0,0,0,0
TF,PR618,41.118319,-8.296633,0, ,0.0,0.0,0.0,0.0,2,7000,0,0,0,0,0,0
TF,PR612,41.537500,-8.622500,0, ,0.0,0.0,0.0,0.0,2,4000,0,0,0,0,0,0
TF,ADNOV,41.518244,-8.753164,0, ,0.0,0.0,0.0,0.0,2,4000,0,0,0,0,0,0

STAR,PESU5C,35,5
IF,PESUL,40.881944,-8.115000, ,0.0,0.0,2,11000,0,0,0,0,0,0
TF,PR662,40.965053,-8.518436,0, ,0.0,0.0,0.0,0.0,2,7000,0,0,0,0,0,0
TF,AKULU,40.984044,-8.611819,0, ,0.0,0.0,0.0,0.0,2,4000,0,0,0,0,0,0

STAR,UBAN2A,35,5
IF,UBANI,41.557853,-9.239519, ,0.0,0.0,2,11000,0,0,0,0,0,0
TF,RETMO,41.227797,-9.013808,0, ,0.0,0.0,0.0,0.0,2,7000,0,0,0,0,0,0
TF,PR635,40.964722,-8.741389,0, ,0.0,0.0,0.0,0.0,2,4000,0,0,0,0,0,0
TF,AKULU,40.984044,-8.611819,0, ,0.0,0.0,0.0,0.0,2,4000,0,0,0,0,0,0

STAR,UBAN2M,17,5
IF,UBANI,41.557853,-9.239519, ,0.0,0.0,2,11000,0,0,0,0,0,0
TF,ADNOV,41.518244,-8.753164,0, ,0.0,0.0,0.0,0.0,2,4000,0,0,0,0,0,0

APPTR,D17,17,ADNOV
IF,ADNOV,41.518244,-8.753164, ,0.0,0.0,2,4000,0,0,0,0,1,0
CF,CD17,41.436683,-8.730114,0,PRT,352.0,10.0,172.0,5.0,0,0,0,0,0,0,1,0
CF,FD17,41.387581,-8.717408,0,PRT,352.0,7.0,172.0,3.0,2,2500,0,0,0,0,0,0

FINAL,D17,17,D,2
IF,FD17,41.387581,-8.717408,PRT,352.0,7.0,2,2500,0,0,0,0,2,0
CF,PRT,41.273000,-8.687833,0,PRT,0.0,0.0,172.0,7.0,1,423,0,0,0,0,3,0
CA,0,172.0,2,3000,0,0,0,0,0,0
CI,2, ,0.0,308.0,0,0,0,0,0,0,0,0
CF,RETMO,41.227797,-9.013808,0,PRT,262.7,15.0,263.0,12.0,1,6000,0,0,0,0,0,0
HM,RETMO,41.227797,-9.013808,2, ,0.0,0.0,83.0,05,2,6000,0,1,230,0,0,0,0

APPTR,D35,35,AKULU
IF,AKULU,40.984044,-8.611819, ,0.0,0.0,2,4000,0,0,0,0,1,0
CF,CD35,41.109292,-8.645761,0,PRT,172.0,10.0,352.0,7.7,0,0,0,0,0,0,1,0
CF,FD35,41.158611,-8.657778,0,PRT,171.8,7.0,352.0,3.0,2,1700,0,0,0,0,0,0

FINAL,D35,35,D,3
IF,FD35,41.158611,-8.657778,PRT,171.8,7.0,2,1700,0,0,0,0,2,0
CF,40VOR,41.207569,-8.670622,0,PRT,171.8,4.0,352.0,3.0,2,790,0,0,0,0,0,0
CF,MD35,41.223889,-8.675186,0,PRT,172.0,3.0,352.0,1.0,1,472,0,0,0,0,3,0
CA,0,352.0,2,3000,0,0,0,0,0,0
CI,1, ,0.0,223.0,0,0,0,0,0,0,0,0
CF,RETMO,41.227797,-9.013808,0,PRT,262.7,15.0,263.0,12.0,1,6000,0,0,0,0,0,0
HM,RETMO,41.227797,-9.013808,2, ,0.0,0.0,83.0,05,2,6000,0,1,230,0,0,0,0

APPTR,I17,17,ADNOV
IF,ADNOV,41.518244,-8.753164, ,0.0,0.0,2,4000,0,0,0,0,1,0
CF,CI17,41.453658,-8.735358,0,PR,351.8,13.7,172.0,4.0,2,3220,0,0,0,0,1,0

FINAL,I17,17,I,3
IF,CI17,41.453658,-8.735358,PR,351.8,13.7,2,3220,0,0,0,0,0,0
CF,FI17,41.384961,-8.717239,0,PR,351.8,9.5,172.0,4.2,1,2400,0,0,0,0,2,0
CF,RW17,41.260681,-8.684561,0,PR,351.8,1.9,172.0,7.6,1,203,0,0,0,0,3,0
CA,0,172.0,2,3000,0,0,0,0,0,0
CI,2, ,0.0,308.0,0,0,0,0,0,0,0,0
CF,RETMO,41.227797,-9.013808,0,PRT,262.7,15.0,263.0,12.0,1,6000,0,0,0,0,0,0
HM,RETMO,41.227797,-9.013808,2, ,0.0,0.0,83.0,05,2,6000,0,1,230,0,0,0,0

APPTR,R35,35,AKULU
IF,AKULU,40.984044,-8.611819, ,0.0,0.0,2,4000,0,0,0,0,1,0
TF,PR541,41.061011,-8.632356,0, ,0.0,0.0,0.0,0.0,2,3000,0,0,0,0,1,0

FINAL,R35,35,R,3
IF,PR541,41.061011,-8.632356, ,0.0,0.0,2,3000,0,0,0,0,0,0
TF,PR542,41.093897,-8.640931,0, ,0.0,0.0,352.0,2.0,1,3000,0,0,0,0,2,0
TF,PR543,41.233886,-8.677536,0, ,0.0,0.0,352.0,8.6,1,277,0,0,0,0,3,1
TF,PR544,41.315678,-8.698997,0, ,0.0,0.0,0.0,0.0,0,0,0,0,0,0,0,0
TF,RETMO,41.227797,-9.013808,1, ,0.0,0.0,0.0,0.0,1,6000,0,0,0,0,0,1
HM,RETMO,41.227797,-9.013808,2, ,0.0,0.0,83.0,04.3,2,6000,0,1,230,0,0,0,0

