SID,GAC1K,15,2
DF,DER15,43.272967,17.851436,0, ,0.0,0.0,0,0,0,0,0,0,0,1
CA,0,169.0,2,560,0,0,0,0,0,0
CI,0, ,0.0,200.0,0,0,0,1,185,0,0,0
CF,DNC,43.137456,17.847383,0,MSR,178.9,7.4,163.0,4.0,2,2800,0,0,0,0,0,1
CI,1, ,0.0,55.0,0,0,0,1,210,0,0,0
CF,GAC,43.142803,18.558075,0,MSR,98.8,31.6,85.0,27.0,0,0,0,0,0,0,0,0

SID,GEBN1K,15,2
DF,DER15,43.272967,17.851436,0, ,0.0,0.0,0,0,0,0,0,0,0,1
CA,0,169.0,2,560,0,0,0,0,0,0
CI,0, ,0.0,200.0,0,0,0,1,185,0,0,0
CF,DNC,43.137456,17.847383,0,MSR,178.9,7.4,163.0,4.0,2,2800,0,0,0,0,0,1
CI,0, ,0.0,133.0,0,0,0,1,210,0,0,0
CF,INTIT,42.930000,18.054444,0,MSR,152.2,21.7,152.0,6.0,0,0,0,0,0,0,0,0
TF,GEBNI,42.802222,18.130556,0, ,0.0,0.0,0.0,0.0,0,0,0,0,0,0,0,0

SID,KEB1A,15,2
DF,DER15,43.272967,17.851436,0, ,0.0,0.0,0,0,0,0,0,0,0,1
CA,0,154.0,2,560,0,0,0,0,0,0
CI,0, ,0.0,196.0,2,1800,0,1,185,0,0,0
CF,DNC,43.137456,17.847383,0,MSR,178.9,7.4,166.0,5.0,2,2670,0,0,0,0,0,1
CI,1, ,0.0,355.0,0,0,0,0,0,0,0,0
CF,KEB,43.933864,18.449828,0,MSR,28.5,47.9,25.0,48.0,0,0,0,0,0,0,0,0

SID,KEB1B,15,2
DF,DER15,43.272967,17.851436,0, ,0.0,0.0,0,0,0,0,0,0,0,1
DF,MSR,43.261372,17.855886,0, ,0.0,0.0,0,0,0,0,0,0,0,0
FD,MSR,43.261372,17.855886,0,MSR,0.0,8.0,169.0,8.0,0,0,0,0,0,0,0,0
CF,MSR,43.261372,17.855886,2,MSR,0.0,0.0,25.0,8.0,0,0,0,0,0,0,0,0
TF,KEB,43.933864,18.449828,0, ,0.0,0.0,0.0,0.0,0,0,0,0,0,0,0,0

SID,MADO1A,15,2
DF,DER15,43.272967,17.851436,0, ,0.0,0.0,0,0,0,0,0,0,0,1
CA,0,154.0,2,560,0,0,0,0,0,0
CI,0, ,0.0,196.0,2,1800,0,1,185,0,0,0
CF,DNC,43.137456,17.847383,0,MSR,178.9,7.4,166.0,4.0,2,2670,0,0,0,0,0,0
TF,MADOS,42.602500,18.249167,0, ,0.0,0.0,0.0,0.0,0,0,0,0,0,0,0,0

SID,MADO1B,15,2
DF,DER15,43.272967,17.851436,0, ,0.0,0.0,0,0,0,0,0,0,0,1
DF,MSR,43.261372,17.855886,0, ,0.0,0.0,0,0,0,0,0,0,0,0
FD,MSR,43.261372,17.855886,0,MSR,0.0,10.0,169.0,10.0,0,0,0,0,0,0,0,0
CI,0, ,0.0,122.0,0,0,0,0,0,0,0,0
CF,MADOS,42.602500,18.249167,0,MSR,152.2,43.2,152.0,28.0,0,0,0,0,0,0,0,0

SID,NETK1A,15,2
DF,DER15,43.272967,17.851436,0, ,0.0,0.0,0,0,0,0,0,0,0,1
CA,0,154.0,2,560,0,0,0,0,0,0
CI,0, ,0.0,196.0,2,1800,0,1,185,0,0,0
CF,DNC,43.137456,17.847383,0,MSR,178.9,7.4,166.0,4.0,2,2670,0,0,0,0,0,0
TF,NETKO,43.041667,17.661667,0, ,0.0,0.0,0.0,0.0,0,0,0,0,0,0,0,0

SID,NETK1B,15,2
DF,DER15,43.272967,17.851436,0, ,0.0,0.0,0,0,0,0,0,0,0,1
DF,MSR,43.261372,17.855886,0, ,0.0,0.0,0,0,0,0,0,0,0,0
FD,MSR,43.261372,17.855886,0,MSR,0.0,2.0,169.0,2.0,0,0,0,0,0,0,0,0
CI,0, ,0.0,239.0,0,0,0,0,0,0,0,0
CF,NETKO,43.041667,17.661667,0,MSR,209.0,15.7,209.0,10.0,0,0,0,0,0,0,0,0

SID,NETK1K,15,2
DF,DER15,43.272967,17.851436,0, ,0.0,0.0,0,0,0,0,0,0,0,1
CA,0,169.0,2,560,0,0,0,0,0,0
CI,0, ,0.0,200.0,0,0,0,1,185,0,0,0
CF,DNC,43.137456,17.847383,0,MSR,178.9,7.4,163.0,4.0,2,2800,0,0,0,0,0,1
CI,2, ,0.0,261.0,0,0,0,1,210,0,0,0
CF,NETKO,43.041667,17.661667,0,MSR,209.0,15.7,231.0,6.0,0,0,0,0,0,0,0,0

SID,VELI1A,15,2
DF,DER15,43.272967,17.851436,0, ,0.0,0.0,0,0,0,0,0,0,0,1
CA,0,154.0,2,560,0,0,0,0,0,0
CI,0, ,0.0,196.0,2,1800,0,1,185,0,0,0
CF,DNC,43.137456,17.847383,0,MSR,178.9,7.4,166.0,4.0,2,2670,0,0,0,0,0,1
CI,2, ,0.0,324.0,0,0,0,0,0,0,0,0
CF,VELIT,43.351667,17.277222,0,MSR,278.3,25.9,293.0,21.0,0,0,0,0,0,0,0,0

SID,VELI1B,15,2
DF,DER15,43.272967,17.851436,0, ,0.0,0.0,0,0,0,0,0,0,0,1
DF,MSR,43.261372,17.855886,0, ,0.0,0.0,0,0,0,0,0,0,0,0
FD,MSR,43.261372,17.855886,0,MSR,0.0,8.0,169.0,8.0,0,0,0,0,0,0,0,0
CF,MSR,43.261372,17.855886,2,MSR,0.0,0.0,25.0,8.0,0,0,0,0,0,0,0,0
TF,VELIT,43.351667,17.277222,1, ,0.0,0.0,0.0,0.0,0,0,0,0,0,0,0,0

SID,VELI1K,15,2
DF,DER15,43.272967,17.851436,0, ,0.0,0.0,0,0,0,0,0,0,0,1
CA,0,169.0,2,560,0,0,0,0,0,0
CI,0, ,0.0,200.0,0,0,0,1,185,0,0,0
CF,DNC,43.137456,17.847383,0,MSR,178.9,7.4,163.0,4.0,2,2800,0,0,0,0,0,1
CI,2, ,0.0,325.0,0,0,0,1,210,0,0,0
CF,VELIT,43.351667,17.277222,0,MSR,278.3,25.9,293.0,21.0,0,0,0,0,0,0,0,0

SID,VRAN1A,15,2
DF,DER15,43.272967,17.851436,0, ,0.0,0.0,0,0,0,0,0,0,0,1
CA,0,154.0,2,560,0,0,0,0,0,0
CI,0, ,0.0,196.0,2,1800,0,1,185,0,0,0
CF,DNC,43.137456,17.847383,0,MSR,178.9,7.4,166.0,4.0,2,2670,0,0,0,0,0,1
CI,2, ,0.0,6.0,0,0,0,0,0,0,0,0
CF,VRANA,43.753611,17.537778,0,MSR,330.9,32.6,336.0,32.0,0,0,0,0,0,0,0,0

SID,VRAN1B,15,2
DF,DER15,43.272967,17.851436,0, ,0.0,0.0,0,0,0,0,0,0,0,1
DF,MSR,43.261372,17.855886,0, ,0.0,0.0,0,0,0,0,0,0,0,0
FD,MSR,43.261372,17.855886,0,MSR,0.0,8.0,169.0,8.0,0,0,0,0,0,0,0,0
CF,MSR,43.261372,17.855886,2,MSR,0.0,0.0,25.0,8.0,0,0,0,0,0,0,0,0
TF,VRANA,43.753611,17.537778,0, ,0.0,0.0,0.0,0.0,0,0,0,0,0,0,0,0

SID,VRAN1K,15,2
DF,DER15,43.272967,17.851436,0, ,0.0,0.0,0,0,0,0,0,0,0,1
CA,0,169.0,2,560,0,0,0,0,0,0
CI,0, ,0.0,200.0,0,0,0,1,185,0,0,0
CF,DNC,43.137456,17.847383,0,MSR,178.9,7.4,163.0,4.0,2,2800,0,0,0,0,0,1
CF,MSR,43.261372,17.855886,2,MSR,0.0,0.0,25.0,9.0,0,0,0,1,210,0,0,0
TF,GLOMY,43.560000,17.663611,0, ,0.0,0.0,0.0,0.0,0,0,0,1,210,0,0,0
TF,VRANA,43.753611,17.537778,0, ,0.0,0.0,0.0,0.0,0,0,0,0,0,0,0,0

STAR,BARI1A,33,5
IF,BARIT,43.261111,17.855833, ,0.0,0.0,2,8500,0,0,0,0,0,0
TF,ASLIL,43.111386,17.723117,0, ,0.0,0.0,0.0,0.0,2,6000,0,1,240,0,0,0
TF,OBANE,43.017017,17.725875,0, ,0.0,0.0,0.0,0.0,2,6000,0,1,200,0,0,0

STAR,GEBN1A,33,5
IF,GEBNI,42.802222,18.130556, ,0.0,0.0,2,10000,0,0,0,0,0,0
TF,INTIT,42.930000,18.054444,0, ,0.0,0.0,0.0,0.0,2,10000,0,1,240,0,0,0
TF,LIZIN,43.021325,18.000028,0, ,0.0,0.0,0.0,0.0,2,6000,0,1,200,0,0,0

STAR,NETK1A,33,5
IF,NETKO,43.041667,17.661667, ,0.0,0.0,4,9000,6000,1,200,0,0,0
TF,OBANE,43.017017,17.725875,0, ,0.0,0.0,0.0,0.0,2,6000,0,1,200,0,0,0

STAR,VELI1A,33,5
IF,VELIT,43.351667,17.277222, ,0.0,0.0,2,9000,0,0,0,0,0,0
TF,SEZAN,43.297961,17.623867,0, ,0.0,0.0,0.0,0.0,2,6000,0,1,240,0,0,0
TF,ASLIL,43.111386,17.723117,0, ,0.0,0.0,0.0,0.0,2,6000,0,1,240,0,0,0
TF,OBANE,43.017017,17.725875,0, ,0.0,0.0,0.0,0.0,2,6000,0,1,200,0,0,0

STAR,VELI1B,33,5
IF,VELIT,43.351667,17.277222, ,0.0,0.0,2,9000,0,0,0,0,0,0
TF,ASLIL,43.111386,17.723117,0, ,0.0,0.0,0.0,0.0,2,6000,0,1,240,0,0,0
TF,OBANE,43.017017,17.725875,0, ,0.0,0.0,0.0,0.0,2,6000,0,1,200,0,0,0

STAR,VRAN1A,33,5
IF,VRANA,43.753611,17.537778, ,0.0,0.0,2,10000,0,0,0,0,0,0
TF,GLOMY,43.560000,17.663611,0, ,0.0,0.0,0.0,0.0,2,10000,0,1,240,0,0,0
TF,LAHNE,43.286003,17.700056,0, ,0.0,0.0,0.0,0.0,2,8000,0,1,240,0,0,0
TF,ASLIL,43.111386,17.723117,0, ,0.0,0.0,0.0,0.0,2,6000,0,1,240,0,0,0
TF,OBANE,43.017017,17.725875,0, ,0.0,0.0,0.0,0.0,2,6000,0,1,200,0,0,0

STAR,XELM1A,33,5
IF,XELMI,43.596944,18.150278, ,0.0,0.0,2,10000,0,0,0,0,0,0
TF,BARIT,43.261111,17.855833,0, ,0.0,0.0,0.0,0.0,2,8500,0,1,240,0,0,0
TF,ASLIL,43.111386,17.723117,0, ,0.0,0.0,0.0,0.0,2,6000,0,1,240,0,0,0
TF,OBANE,43.017017,17.725875,0, ,0.0,0.0,0.0,0.0,2,6000,0,1,200,0,0,0

APPTR,G33-X,33,MSR
IF,MSR,43.261372,17.855886, ,0.0,0.0,2,8500,0,1,185,0,1,0
FD,MSR,43.261372,17.855886,0,MSR,0.0,14.0,187.0,14.0,2,4000,0,0,0,0,0,0
CF,CF33X,43.023294,17.860653,1,MOS,175.0,15.0,355.0,1.0,2,4000,0,0,0,0,1,0

FINAL,G33-X,33,G,3
IF,CF33X,43.023294,17.860653,MOS,175.0,15.0,2,4000,0,0,0,0,0,0
CF,FF33X,43.089969,17.859072,0,MOS,175.0,11.0,355.0,4.0,2,4000,0,0,0,0,2,0
CF,MG33,43.188861,17.857233,0,MOS,174.8,5.1,355.0,5.9,1,2027,0,0,0,0,3,0
CF,D355A,43.256647,17.855103,0,MSR,182.9,0.3,355.0,4.1,2,2027,0,0,0,0,0,1
CF,DNC,43.137456,17.847383,1,MSR,178.9,7.4,146.0,8.0,1,4500,0,1,185,0,0,0
HM,DNC,43.137456,17.847383,1, ,0.0,0.0,358.0,05,2,4500,0,1,185,0,0,0,0

APPTR,G33-Y,33,MSR
IF,MSR,43.261372,17.855886, ,0.0,0.0,2,8500,0,1,185,0,1,0
FD,MSR,43.261372,17.855886,0,MSR,0.0,14.0,187.0,14.0,2,3900,0,0,0,0,0,0
CF,D355O,43.023294,17.860653,1,MSR,175.2,14.3,355.0,1.0,2,3900,0,0,0,0,1,0
CF,CF33Y,43.106636,17.858675,0,MOS,175.0,10.0,355.0,5.0,2,3000,0,0,0,0,0,0

FINAL,G33-Y,33,G,3
IF,CF33Y,43.106636,17.858675,MOS,175.0,10.0,2,3000,0,0,0,0,0,0
CF,FF33,43.139972,17.857883,0,MOS,175.0,8.0,355.0,2.0,2,3000,0,0,0,0,2,0
CF,MG33,43.188861,17.857233,0,MOS,174.8,5.1,355.0,2.9,1,2027,0,0,0,0,3,0
CF,D355A,43.256647,17.855103,0,MSR,182.9,0.3,355.0,4.1,2,2027,0,0,0,0,0,1
CF,DNC,43.137456,17.847383,1,MSR,178.9,7.4,146.0,8.0,1,4500,0,1,185,0,0,0
HM,DNC,43.137456,17.847383,1, ,0.0,0.0,358.0,05,2,4500,0,1,185,0,0,0,0

FINAL,G33-Z,33,G,3
IF,CF33Z,43.114972,17.858478,MOS,175.0,9.5,2,3000,0,0,0,0,0,0
CF,FF33,43.139972,17.857883,0,MOS,175.0,8.0,355.0,1.5,2,3000,0,0,0,0,2,0
CF,MG33,43.188861,17.857233,0,MOS,174.8,5.1,355.0,2.9,1,2027,0,0,0,0,3,0
CF,D355A,43.256647,17.855103,0,MSR,182.9,0.3,355.0,4.1,2,2027,0,0,0,0,0,1
CF,DNC,43.137456,17.847383,1,MSR,178.9,7.4,146.0,8.0,1,4500,0,1,185,0,0,0
HM,DNC,43.137456,17.847383,1, ,0.0,0.0,358.0,05,2,4500,0,1,185,0,0,0,0

APPTR,L33-X,33,MSR
IF,MSR,43.261372,17.855886, ,0.0,0.0,2,8500,0,1,185,0,1,0
FD,MSR,43.261372,17.855886,0,MSR,0.0,14.0,187.0,14.0,2,4000,0,0,0,0,0,0
CF,CF33X,43.023294,17.860653,1,MOS,175.0,15.0,355.0,1.0,2,4000,0,0,0,0,1,0

FINAL,L33-X,33,D,4
IF,CF33X,43.023294,17.860653,MOS,175.0,15.0,2,4000,0,0,0,0,0,0
CF,FF33X,43.089969,17.859072,0,MOS,175.0,11.0,355.0,4.0,2,4000,0,0,0,0,2,0
CF,60LOC,43.173308,17.857089,0,MOS,175.0,6.0,355.0,5.0,2,2320,0,0,0,0,0,0
CF,ML33,43.206644,17.856294,0,MOS,175.0,4.0,355.0,2.0,1,1644,0,0,0,0,3,0
CF,D355A,43.256647,17.855103,0,MSR,182.9,0.3,357.0,3.0,2,1644,0,0,0,0,0,1
CF,DNC,43.137456,17.847383,1,MSR,178.9,7.4,146.0,8.0,1,4500,0,1,185,0,0,0
HM,DNC,43.137456,17.847383,1, ,0.0,0.0,358.0,05,2,4500,0,1,185,0,0,0,0

APPTR,L33-Y,33,MSR
IF,MSR,43.261372,17.855886, ,0.0,0.0,2,8500,0,1,185,0,1,0
FD,MSR,43.261372,17.855886,0,MSR,0.0,14.0,187.0,14.0,2,3900,0,0,0,0,0,0
CF,D355O,43.023294,17.860653,1,MSR,175.2,14.3,355.0,1.0,2,3900,0,0,0,0,1,0
CF,CF33Y,43.106636,17.858675,0,MOS,175.0,10.0,355.0,5.0,2,3000,0,0,0,0,0,0

FINAL,L33-Y,33,D,4
IF,CF33Y,43.106636,17.858675,MOS,175.0,10.0,2,3000,0,0,0,0,0,0
CF,FF33,43.139972,17.857883,0,MOS,175.0,8.0,355.0,2.0,2,3000,0,0,0,0,2,0
CF,60LOC,43.173308,17.857089,0,MOS,175.0,6.0,355.0,2.0,2,2320,0,0,0,0,0,0
CF,ML33,43.206644,17.856294,0,MOS,175.0,4.0,355.0,2.0,1,1645,0,0,0,0,3,0
CF,D355A,43.256647,17.855103,0,MSR,182.9,0.3,355.0,3.0,2,1645,0,0,0,0,0,1
CF,DNC,43.137456,17.847383,1,MSR,178.9,7.4,146.0,8.0,1,4500,0,1,185,0,0,0
HM,DNC,43.137456,17.847383,1, ,0.0,0.0,358.0,05,2,4500,0,1,185,0,0,0,0

FINAL,L33-Z,33,D,4
IF,CF33Z,43.114972,17.858478,MOS,175.0,9.5,2,3000,0,0,0,0,0,0
CF,FF33,43.139972,17.857883,0,MOS,175.0,8.0,355.0,1.5,2,3000,0,0,0,0,2,0
CF,60LOC,43.173308,17.857089,0,MOS,175.0,6.0,355.0,2.0,2,2320,0,0,0,0,0,0
CF,ML33,43.206644,17.856294,0,MOS,175.0,4.0,355.0,2.0,1,1645,0,0,0,0,3,0
CF,D355A,43.256647,17.855103,0,MSR,182.9,0.3,355.0,3.0,2,1645,0,0,0,0,0,1
CF,DNC,43.137456,17.847383,1,MSR,178.9,7.4,146.0,8.0,1,4500,0,1,185,0,0,0
HM,DNC,43.137456,17.847383,1, ,0.0,0.0,358.0,05,2,4500,0,1,185,0,0,0,0

APPTR,Q15-A,15,DNC
IF,DNC,43.137456,17.847383, ,0.0,0.0,2,4500,0,0,0,0,0,0
HF,DNC,43.137456,17.847383,1, ,0.0,0.0,358.0,05,2,3700,0,1,185,0,1,0,0

FINAL,Q15-A,15,N,5
IF,CF358,43.054819,17.843436,DNC,0.0,0.0,2,3700,0,0,0,0,0,0
CF,FF358,43.098136,17.845497,0,DNC,0.0,0.0,358.0,2.6,2,3700,0,0,0,0,2,0
CF,DNC,43.137456,17.847383,0,DNC,0.0,0.0,358.0,2.4,2,2900,0,0,0,0,0,0
CF,52DME,43.174772,17.849153,0,DNC,0.0,0.0,358.0,2.2,2,2170,0,0,0,0,0,0
CF,MA358,43.236417,17.852097,0,MSR,0.0,1.5,358.0,3.7,1,940,0,0,0,0,3,1
DF,DNC,43.137456,17.847383,1, ,0.0,0.0,1,4500,0,1,160,0,0,0

APPTR,Q33-A,33,DNC
IF,DNC,43.137456,17.847383, ,0.0,0.0,2,4500,0,0,0,0,0,0
HF,DNC,43.137456,17.847383,1, ,0.0,0.0,358.0,05,2,3700,0,1,185,0,1,0,0

FINAL,Q33-A,33,N,5
IF,CF358,43.054819,17.843436,DNC,0.0,0.0,2,3700,0,0,0,0,0,0
CF,FF358,43.098136,17.845497,0,DNC,0.0,0.0,358.0,2.6,2,3700,0,0,0,0,2,0
CF,DNC,43.137456,17.847383,0,DNC,0.0,0.0,358.0,2.4,2,2900,0,0,0,0,0,0
CF,52DME,43.174772,17.849153,0,DNC,0.0,0.0,358.0,2.2,2,2170,0,0,0,0,0,0
CF,MA358,43.236417,17.852097,0,MSR,0.0,1.5,358.0,3.7,1,940,0,0,0,0,3,1
DF,DNC,43.137456,17.847383,1, ,0.0,0.0,1,4500,0,1,160,0,0,0

APPTR,R33,33,LIZIN
IF,LIZIN,43.021325,18.000028, ,0.0,0.0,2,6000,0,1,200,0,1,0
TF,POPPE,43.019239,17.862158,0, ,0.0,0.0,0.0,0.0,2,4500,0,1,200,0,1,0
TF,MO33F,43.102575,17.859719,0, ,0.0,0.0,0.0,0.0,1,4000,0,1,160,0,0,0

APPTR,R33,33,MO33F
IF,MO33F,43.102575,17.859719, ,0.0,0.0,2,6000,0,1,185,0,1,0
TF,ASLIL,43.111386,17.723117,0, ,0.0,0.0,0.0,0.0,2,6000,0,1,185,0,0,0
TF,OBANE,43.017017,17.725875,1, ,0.0,0.0,0.0,0.0,2,6000,0,1,185,0,0,0
TF,POPPE,43.019239,17.862158,0, ,0.0,0.0,0.0,0.0,2,4500,0,1,185,0,1,0
TF,MO33F,43.102575,17.859719,0, ,0.0,0.0,0.0,0.0,1,4000,0,1,160,0,0,0

APPTR,R33,33,OBANE
IF,OBANE,43.017017,17.725875, ,0.0,0.0,2,6000,0,1,200,0,1,0
TF,POPPE,43.019239,17.862158,0, ,0.0,0.0,0.0,0.0,2,4500,0,1,200,0,1,0
TF,MO33F,43.102575,17.859719,0, ,0.0,0.0,0.0,0.0,1,4000,0,1,160,0,0,0

APPTR,R33,33,POPPE
IF,POPPE,43.019239,17.862158, ,0.0,0.0,2,4500,0,1,200,0,1,0
TF,MO33F,43.102575,17.859719,0, ,0.0,0.0,0.0,0.0,1,4000,0,1,160,0,0,0

FINAL,R33,33,R,2
IF,MO33F,43.102575,17.859719, ,0.0,0.0,1,4000,0,1,160,0,2,0
TF,MOM01,43.246144,17.855508,0, ,0.0,0.0,355.0,8.6,1,800,0,1,160,0,3,1
DF,ASLIL,43.111386,17.723117,1, ,0.0,0.0,0,0,0,1,185,0,0,0
TF,OBANE,43.017017,17.725875,0, ,0.0,0.0,0.0,0.0,0,0,0,1,185,0,0,0
TF,POPPE,43.019239,17.862158,0, ,0.0,0.0,0.0,0.0,0,0,0,1,185,0,0,0
TF,MO33F,43.102575,17.859719,0, ,0.0,0.0,0.0,0.0,1,6000,0,1,185,0,0,0
HM,MO33F,43.102575,17.859719,1, ,0.0,0.0,355.0,04.3,2,6000,0,1,185,0,0,0,0

APPTR,V15-A,15,MSR
IF,MSR,43.261372,17.855886, ,0.0,0.0,1,9400,0,0,0,0,0,0
CF,D196M,43.065500,17.758522,0,MSR,196.0,12.5,196.0,12.5,0,0,0,0,0,0,0,1
CF,MOXAD,43.129672,17.830464,1,MSR,184.1,8.0,4.0,5.0,2,4500,0,1,185,0,1,1
CF,D196M,43.065500,17.758522,1,MSR,196.0,12.5,184.0,5.0,2,3700,0,0,0,0,0,1
CF,CF004,43.058297,17.816811,1,MSR,184.0,12.3,4.0,1.0,2,3700,0,0,0,0,1,0

FINAL,V15-A,15,D,4
IF,CF004,43.058297,17.816811,MSR,184.0,12.3,2,3700,0,0,0,0,0,0
CF,FF004,43.099569,17.824700,0,MSR,184.0,9.8,4.0,2.5,2,3700,0,0,0,0,2,0
CF,50VOR,43.178814,17.839878,0,MSR,184.1,5.0,4.0,4.8,2,2100,0,0,0,0,0,0
CF,MA004,43.249814,17.853664,0,MSR,184.0,0.7,4.0,4.3,1,666,0,0,0,0,3,1
DF,MOXAD,43.129672,17.830464,1, ,0.0,0.0,1,4500,0,1,185,0,0,0

APPTR,V33-A,33,MSR
IF,MSR,43.261372,17.855886, ,0.0,0.0,1,9400,0,0,0,0,0,0
CF,D196M,43.065500,17.758522,0,MSR,196.0,12.5,196.0,12.5,0,0,0,0,0,0,0,1
CF,MOXAD,43.129672,17.830464,1,MSR,184.1,8.0,4.0,5.0,2,4500,0,1,185,0,1,1
CF,D196M,43.065500,17.758522,1,MSR,196.0,12.5,184.0,5.0,2,3700,0,0,0,0,0,1
CF,CF004,43.058297,17.816811,1,MSR,184.0,12.3,4.0,1.0,2,3700,0,0,0,0,1,0

FINAL,V33-A,33,D,4
IF,CF004,43.058297,17.816811,MSR,184.0,12.3,2,3700,0,0,0,0,0,0
CF,FF004,43.099569,17.824700,0,MSR,184.0,9.8,4.0,2.5,2,3700,0,0,0,0,2,0
CF,50VOR,43.178814,17.839878,0,MSR,184.1,5.0,4.0,4.8,2,2100,0,0,0,0,0,0
CF,MA004,43.249814,17.853664,0,MSR,184.0,0.7,4.0,4.3,1,666,0,0,0,0,3,1
DF,MOXAD,43.129672,17.830464,1, ,0.0,0.0,1,4500,0,1,185,0,0,0

