STAR,EVLA1A,36,5
IF,EVLAP,41.537500,31.585833, ,0.0,0.0,0,0,0,0,0,0,0,0
TF,AHJET,41.314964,31.973272,0, ,0.0,0.0,0.0,0.0,1,4800,0,1,220,0,0,0
TF,TAMZE,41.314261,32.084414,0, ,0.0,0.0,0.0,0.0,1,3400,0,1,200,0,0,0

STAR,FACL1A,36,5
IF,FACLI,41.647653,31.880808, ,0.0,0.0,0,0,0,0,0,0,0,0
TF,AHJET,41.314964,31.973272,0, ,0.0,0.0,0.0,0.0,1,4800,0,1,220,0,0,0
TF,TAMZE,41.314261,32.084414,0, ,0.0,0.0,0.0,0.0,1,3400,0,1,200,0,0,0

STAR,LETB1A,36,5
IF,LETBU,41.132778,32.069167, ,0.0,0.0,1,8000,0,0,0,0,0,0
TF,ELFOM,41.216319,31.969867,0, ,0.0,0.0,0.0,0.0,2,5800,0,0,0,0,0,0
TF,TAMZE,41.314261,32.084414,0, ,0.0,0.0,0.0,0.0,1,3400,0,1,200,0,0,0

FINAL,I36-Y,36,I,3
IF,TAMZE,41.314261,32.084414,IZCA,174.5,12.0,1,3400,0,1,200,0,0,0
CF,ZONMU,41.410514,32.085567,0,IZCA,174.5,6.3,354.0,5.8,1,2200,0,0,0,0,2,0
CF,RW36,41.497675,32.087550,0,IZCA,172.2,0.0,354.0,5.2,1,98,0,0,0,0,3,0
CA,0,354.0,2,2200,0,0,0,0,0,0
DF,CAY,41.513778,32.044556,1, ,0.0,0.0,1,4500,0,0,0,0,0,0
HM,CAY,41.513778,32.044556,2, ,0.0,0.0,178.0,04.3,2,4500,0,0,0,0,0,0,0

APPTR,I36-Z,36,CAY1
FD,CAY,41.513778,32.044556,0,CAY,0.0,15.2,178.0,15.2,2,4500,0,0,0,0,0,0
CF,CF36,41.261619,32.086806,1,IZCA,174.0,15.2,354.0,1.0,2,4500,0,0,0,0,1,0

APPTR,I36-Z,36,CAY2
FD,CAY,41.513778,32.044556,0,CAY,0.0,15.2,175.0,15.2,2,4500,0,0,0,0,0,0
CF,CF36,41.261619,32.086806,1,IZCA,174.0,15.2,354.0,1.0,2,4500,0,0,0,0,1,0

FINAL,I36-Z,36,I,3
IF,CF36,41.261619,32.086806,IZCA,174.0,15.2,2,4500,0,0,0,0,0,0
CF,FF36,41.365011,32.086806,0,IZCA,174.0,9.0,354.0,6.2,1,3300,0,0,0,0,2,0
CF,RW36,41.497675,32.087550,0,IZCA,172.2,0.0,354.0,8.0,1,98,0,0,0,0,3,0
CA,0,354.0,2,2200,0,0,0,0,0,0
DF,CAY,41.513778,32.044556,1, ,0.0,0.0,1,4500,0,0,0,0,0,0
HM,CAY,41.513778,32.044556,2, ,0.0,0.0,178.0,04.3,2,4500,0,0,0,0,0,0,0

FINAL,Q18-B,18,N,2
IF,F2208,41.599461,32.121572,CAY,0.0,0.0,2,4000,0,0,0,0,2,0
CF,CAY,41.513778,32.044556,0,CAY,0.0,0.0,208.0,6.2,1,2600,0,0,0,0,3,0
FA,CAY,41.513778,32.044556,0,CAY,0.0,0.0,168.0,2,3200,0,0,0,0,0,0
DF,CAY,41.513778,32.044556,1, ,0.0,0.0,1,4000,0,0,0,0,0,0
HM,CAY,41.513778,32.044556,2, ,0.0,0.0,208.0,04.3,0,0,0,1,230,0,0,0,0

FINAL,Q18-M,18,N,2
IF,FF208,41.624328,32.143972,CAY,0.0,0.0,2,4000,0,0,0,0,2,0
CF,CAY,41.513778,32.044556,0,CAY,0.0,0.0,208.0,8.0,1,2600,0,0,0,0,3,0
FA,CAY,41.513778,32.044556,0,CAY,0.0,0.0,168.0,2,3200,0,0,0,0,0,0
DF,CAY,41.513778,32.044556,1, ,0.0,0.0,1,4000,0,0,0,0,0,0
HM,CAY,41.513778,32.044556,2, ,0.0,0.0,208.0,04.3,2,4000,0,1,230,0,0,0,0

FINAL,Q36-B,36,N,2
IF,F2208,41.599461,32.121572,CAY,0.0,0.0,2,4000,0,0,0,0,2,0
CF,CAY,41.513778,32.044556,0,CAY,0.0,0.0,208.0,6.2,1,2600,0,0,0,0,3,0
FA,CAY,41.513778,32.044556,0,CAY,0.0,0.0,168.0,2,3200,0,0,0,0,0,0
DF,CAY,41.513778,32.044556,1, ,0.0,0.0,1,4000,0,0,0,0,0,0
HM,CAY,41.513778,32.044556,2, ,0.0,0.0,208.0,04.3,0,0,0,1,230,0,0,0,0

FINAL,Q36-M,36,N,2
IF,FF208,41.624328,32.143972,CAY,0.0,0.0,2,4000,0,0,0,0,2,0
CF,CAY,41.513778,32.044556,0,CAY,0.0,0.0,208.0,8.0,1,2600,0,0,0,0,3,0
FA,CAY,41.513778,32.044556,0,CAY,0.0,0.0,168.0,2,3200,0,0,0,0,0,0
DF,CAY,41.513778,32.044556,1, ,0.0,0.0,1,4000,0,0,0,0,0,0
HM,CAY,41.513778,32.044556,2, ,0.0,0.0,208.0,04.3,2,4000,0,1,230,0,0,0,0

