SID,ASMA2J,06,5
DF,DER06,40.904467,29.325239,0, ,0.0,0.0,0,0,0,0,0,0,0,1
CF,FJ050,40.940817,29.424167,0,SBH,57.4,5.3,59.0,5.0,2,1800,0,1,240,0,0,0
TF,FJ060,40.850736,29.481542,0, ,0.0,0.0,0.0,0.0,3,6000,0,0,0,0,0,0
TF,INRUV,40.768861,29.533550,0, ,0.0,0.0,0.0,0.0,0,0,0,0,0,0,0,0
TF,LIDMU,40.734464,29.704364,0, ,0.0,0.0,0.0,0.0,0,0,0,0,0,0,0,0
TF,NOTVI,40.727717,30.066114,0, ,0.0,0.0,0.0,0.0,3,14000,0,0,0,0,0,0
TF,ASMAP,40.631389,30.711389,0, ,0.0,0.0,0.0,0.0,0,0,0,0,0,0,0,0

SID,ASMA2K,24,5
DF,DER24,40.892669,29.293206,0, ,0.0,0.0,0,0,0,0,0,0,0,1
CF,FJ010,40.839411,29.145422,0,SBH,240.7,8.8,239.0,7.4,2,2550,0,1,240,0,0,0
TF,FJ030,40.749261,29.201814,0, ,0.0,0.0,0.0,0.0,0,0,0,0,0,0,0,0
TF,NENVI,40.586922,29.425828,0, ,0.0,0.0,0.0,0.0,0,0,0,0,0,0,0,0
TF,IBSIN,40.611175,29.687258,0, ,0.0,0.0,0.0,0.0,3,16000,0,0,0,0,0,0
TF,LECKI,40.628083,29.873578,0, ,0.0,0.0,0.0,0.0,0,0,0,0,0,0,0,0
TF,VICEN,40.665697,30.300950,0, ,0.0,0.0,0.0,0.0,0,0,0,0,0,0,0,0
TF,ASMAP,40.631389,30.711389,0, ,0.0,0.0,0.0,0.0,0,0,0,0,0,0,0,0

SID,BARP2J,06,5
DF,DER06,40.904467,29.325239,0, ,0.0,0.0,0,0,0,0,0,0,0,1
CF,FJ050,40.940817,29.424167,0,SBH,57.4,5.3,59.0,5.0,2,1800,0,1,240,0,0,0
TF,FJ060,40.850736,29.481542,0, ,0.0,0.0,0.0,0.0,3,6000,0,0,0,0,0,0
TF,PEPAK,40.696000,29.321656,0, ,0.0,0.0,0.0,0.0,0,0,0,0,0,0,0,0
TF,FJ062,40.740656,29.137647,0, ,0.0,0.0,0.0,0.0,2,10000,0,0,0,0,0,0
TF,OBIXI,40.770256,29.014869,0, ,0.0,0.0,0.0,0.0,0,0,0,0,0,0,0,0
TF,FJ063,40.784314,28.772719,0, ,0.0,0.0,0.0,0.0,0,0,0,0,0,0,0,0
TF,GUDSU,40.797867,28.530453,0, ,0.0,0.0,0.0,0.0,0,0,0,0,0,0,0,0
TF,ABNIN,40.781914,28.248450,0, ,0.0,0.0,0.0,0.0,0,0,0,0,0,0,0,0
TF,RITGU,40.794131,27.880306,0, ,0.0,0.0,0.0,0.0,0,0,0,0,0,0,0,0
TF,MIVDI,40.795569,27.741297,0, ,0.0,0.0,0.0,0.0,0,0,0,0,0,0,0,0
TF,APSID,40.796839,27.602281,0, ,0.0,0.0,0.0,0.0,0,0,0,0,0,0,0,0
TF,BARPE,40.926111,26.978056,0, ,0.0,0.0,0.0,0.0,0,0,0,0,0,0,0,0

SID,BARP2K,24,5
DF,DER24,40.892669,29.293206,0, ,0.0,0.0,0,0,0,0,0,0,0,1
CF,FJ010,40.839411,29.145422,0,SBH,240.7,8.8,239.0,7.4,2,2550,0,1,240,0,0,0
TF,FJ020,40.762528,28.935044,0, ,0.0,0.0,0.0,0.0,3,6000,0,0,0,0,0,0
TF,INGIX,40.771833,28.626350,0, ,0.0,0.0,0.0,0.0,0,0,0,0,0,0,0,0
TF,TETPU,40.836850,28.489950,0, ,0.0,0.0,0.0,0.0,0,0,0,0,0,0,0,0
TF,INPIK,40.793825,27.965956,0, ,0.0,0.0,0.0,0.0,0,0,0,0,0,0,0,0
TF,ADMIV,40.771419,27.704236,0, ,0.0,0.0,0.0,0.0,0,0,0,0,0,0,0,0
TF,GUEME,40.758286,27.554008,0, ,0.0,0.0,0.0,0.0,0,0,0,0,0,0,0,0
TF,ORIAC,40.884794,27.336672,0, ,0.0,0.0,0.0,0.0,0,0,0,0,0,0,0,0
TF,BARPE,40.926111,26.978056,0, ,0.0,0.0,0.0,0.0,0,0,0,0,0,0,0,0

SID,BARP2M,24,5
DF,DER24,40.892669,29.293206,0, ,0.0,0.0,0,0,0,0,0,0,0,1
CF,FJ010,40.839411,29.145422,0,SBH,240.7,8.8,239.0,7.4,2,2550,0,1,240,0,0,0
TF,FJ020,40.762528,28.935044,0, ,0.0,0.0,0.0,0.0,3,6000,0,0,0,0,0,0
TF,INGIX,40.771833,28.626350,0, ,0.0,0.0,0.0,0.0,0,0,0,0,0,0,0,0
TF,TETPU,40.836850,28.489950,0, ,0.0,0.0,0.0,0.0,0,0,0,0,0,0,0,0
TF,NAHUM,40.837231,28.163936,0, ,0.0,0.0,0.0,0.0,0,0,0,0,0,0,0,0
TF,RITGU,40.794131,27.880306,0, ,0.0,0.0,0.0,0.0,0,0,0,0,0,0,0,0
TF,MIVDI,40.795569,27.741297,0, ,0.0,0.0,0.0,0.0,0,0,0,0,0,0,0,0
TF,APSID,40.796839,27.602281,0, ,0.0,0.0,0.0,0.0,0,0,0,0,0,0,0,0
TF,BARPE,40.926111,26.978056,0, ,0.0,0.0,0.0,0.0,0,0,0,0,0,0,0,0

SID,BIG2F,24,2
CF,D239H,40.848822,29.174858,0,SBH,239.0,8.0,239.0,8.0,2,1300,0,0,0,0,0,0
AF,D187H,40.777142,29.294858,1,SBH,187.5,8.0,239.0,0,0,0,0,0,0,0,0
TF,YAA,40.475000,29.207500,0, ,0.0,0.0,0.0,0.0,0,0,0,0,0,0,0,0
TF,SADIK,40.678611,28.817778,0, ,0.0,0.0,0.0,0.0,0,0,0,0,0,0,0,0
TF,DENIZ,40.832222,28.021667,0, ,0.0,0.0,0.0,0.0,0,0,0,0,0,0,0,0
TF,BIG,40.284389,27.365528,0, ,0.0,0.0,0.0,0.0,0,0,0,0,0,0,0,0

SID,BIG2J,06,2
CF,D059G,40.958508,29.471183,0,SBH,59.0,7.0,59.0,7.0,2,1400,0,0,0,0,0,0
AF,D187G,40.793428,29.299589,2,SBH,187.5,7.0,59.0,0,0,0,0,0,0,0,0
TF,YAA,40.475000,29.207500,0, ,0.0,0.0,0.0,0.0,0,0,0,0,0,0,0,0
TF,SADIK,40.678611,28.817778,0, ,0.0,0.0,0.0,0.0,0,0,0,0,0,0,0,0
TF,DENIZ,40.832222,28.021667,0, ,0.0,0.0,0.0,0.0,0,0,0,0,0,0,0,0
TF,BIG,40.284389,27.365528,0, ,0.0,0.0,0.0,0.0,0,0,0,0,0,0,0,0

SID,BIG2P,24,2
CF,D239H,40.848822,29.174858,0,SBH,239.0,8.0,239.0,8.0,2,1300,0,0,0,0,0,1
CF,SADIK,40.678611,28.817778,0,SBH,234.9,27.2,234.0,18.0,0,0,0,0,0,0,0,0
TF,DENIZ,40.832222,28.021667,0, ,0.0,0.0,0.0,0.0,0,0,0,0,0,0,0,0
TF,BIG,40.284389,27.365528,0, ,0.0,0.0,0.0,0.0,0,0,0,0,0,0,0,0

SID,EKI2F,24,2
CF,D239H,40.848822,29.174858,0,SBH,239.0,8.0,239.0,8.0,2,1300,0,0,0,0,0,0
AF,D187H,40.777142,29.294858,1,SBH,187.5,8.0,239.0,0,0,0,0,0,0,0,0
TF,YAA,40.475000,29.207500,0, ,0.0,0.0,0.0,0.0,0,0,0,0,0,0,0,0
TF,SADIK,40.678611,28.817778,0, ,0.0,0.0,0.0,0.0,0,0,0,0,0,0,0,0
TF,EKI,40.951056,27.426167,0, ,0.0,0.0,0.0,0.0,0,0,0,0,0,0,0,0

SID,EKI2J,06,2
CF,D059G,40.958508,29.471183,0,SBH,59.0,7.0,59.0,7.0,2,1400,0,0,0,0,0,0
AF,D187G,40.793428,29.299589,2,SBH,187.5,7.0,59.0,0,0,0,0,0,0,0,0
TF,YAA,40.475000,29.207500,0, ,0.0,0.0,0.0,0.0,0,0,0,0,0,0,0,0
TF,SADIK,40.678611,28.817778,0, ,0.0,0.0,0.0,0.0,0,0,0,0,0,0,0,0
TF,EKI,40.951056,27.426167,0, ,0.0,0.0,0.0,0.0,0,0,0,0,0,0,0,0

SID,EKI2P,24,2
CF,D239H,40.848822,29.174858,0,SBH,239.0,8.0,239.0,8.0,2,1300,0,0,0,0,0,1
CF,SADIK,40.678611,28.817778,0,SBH,234.9,27.2,234.0,18.0,0,0,0,0,0,0,0,0
TF,EKI,40.951056,27.426167,0, ,0.0,0.0,0.0,0.0,0,0,0,0,0,0,0,0

SID,ERTA2P,24,2
CF,D239H,40.848822,29.174858,0,SBH,239.0,8.0,239.0,8.0,2,1300,0,0,0,0,0,0
AF,D340H,41.036756,29.289614,1,SBH,340.8,8.0,239.0,0,0,0,0,0,0,0,0
TF,ERTAS,41.461389,29.146667,0, ,0.0,0.0,0.0,0.0,0,0,0,0,0,0,0,0

SID,ERTA2W,06,2
CF,D059G,40.958508,29.471183,0,SBH,59.0,7.0,59.0,7.0,2,1400,0,0,0,0,0,0
AF,D340G,41.020589,29.295019,1,SBH,340.8,7.0,59.0,0,0,0,0,0,0,0,0
TF,ERTAS,41.461389,29.146667,0, ,0.0,0.0,0.0,0.0,0,0,0,0,0,0,0,0

SID,FENE2P,24,2
CF,D239H,40.848822,29.174858,0,SBH,239.0,8.0,239.0,8.0,2,1300,0,0,0,0,0,0
AF,D321H,41.019056,29.236414,1,SBH,321.8,8.0,239.0,0,0,0,0,0,0,0,0
TF,BKZ,41.126972,29.142889,0, ,0.0,0.0,0.0,0.0,0,0,0,0,0,0,0,0
TF,FENER,41.286389,28.357778,0, ,0.0,0.0,0.0,0.0,0,0,0,0,0,0,0,0

SID,FENE2W,06,2
CF,D059G,40.958508,29.471183,0,SBH,59.0,7.0,59.0,7.0,2,1400,0,0,0,0,0,0
AF,D321G,41.005106,29.248475,1,SBH,321.8,7.0,59.0,0,0,0,0,0,0,0,0
TF,BKZ,41.126972,29.142889,0, ,0.0,0.0,0.0,0.0,0,0,0,0,0,0,0,0
TF,FENER,41.286389,28.357778,0, ,0.0,0.0,0.0,0.0,0,0,0,0,0,0,0,0

SID,IBLA2J,06,5
DF,DER06,40.904467,29.325239,0, ,0.0,0.0,0,0,0,0,0,0,0,1
CF,FJ050,40.940817,29.424167,0,SBH,57.4,5.3,59.0,5.0,2,1800,0,1,240,0,0,0
TF,FJ075,40.998692,29.582400,0, ,0.0,0.0,0.0,0.0,3,6000,0,0,0,0,0,0
TF,PAIVA,41.203956,29.588186,0, ,0.0,0.0,0.0,0.0,0,0,0,0,0,0,0,0
TF,ERGAD,41.497736,29.438392,0, ,0.0,0.0,0.0,0.0,0,0,0,0,0,0,0,0
TF,BETIZ,41.653306,29.358506,0, ,0.0,0.0,0.0,0.0,0,0,0,0,0,0,0,0
TF,NUSGI,41.712286,29.120853,0, ,0.0,0.0,0.0,0.0,0,0,0,0,0,0,0,0
TF,REKNU,41.779814,28.845789,0, ,0.0,0.0,0.0,0.0,0,0,0,0,0,0,0,0
TF,IBLAL,41.982222,28.001111,0, ,0.0,0.0,0.0,0.0,0,0,0,0,0,0,0,0

SID,IBLA2K,24,5
DF,DER24,40.892669,29.293206,0, ,0.0,0.0,0,0,0,0,0,0,0,1
CF,FJ010,40.839411,29.145422,0,SBH,240.7,8.8,239.0,7.4,2,2550,0,1,240,0,0,0
TF,FJ020,40.762528,28.935044,0, ,0.0,0.0,0.0,0.0,3,6000,0,0,0,0,0,0
TF,INGIX,40.771833,28.626350,0, ,0.0,0.0,0.0,0.0,0,0,0,0,0,0,0,0
TF,TETPU,40.836850,28.489950,0, ,0.0,0.0,0.0,0.0,0,0,0,0,0,0,0,0
TF,IRDED,40.965592,28.311769,0, ,0.0,0.0,0.0,0.0,0,0,0,0,0,0,0,0
TF,KVITO,41.284569,27.865650,0, ,0.0,0.0,0.0,0.0,0,0,0,0,0,0,0,0
TF,AFGAR,41.450278,27.806944,0, ,0.0,0.0,0.0,0.0,0,0,0,0,0,0,0,0
TF,IBLAL,41.982222,28.001111,0, ,0.0,0.0,0.0,0.0,0,0,0,0,0,0,0,0

SID,IBLA2L,06,5
DF,DER06,40.904467,29.325239,0, ,0.0,0.0,0,0,0,0,0,0,0,1
CF,FJ050,40.940817,29.424167,0,SBH,57.4,5.3,59.0,5.0,2,1800,0,1,240,0,0,0
TF,FJ075,40.998692,29.582400,0, ,0.0,0.0,0.0,0.0,3,6000,0,0,0,0,0,0
TF,PAIVA,41.203956,29.588186,0, ,0.0,0.0,0.0,0.0,0,0,0,0,0,0,0,0
TF,BEBIS,41.588128,29.618372,0, ,0.0,0.0,0.0,0.0,0,0,0,0,0,0,0,0
TF,BETIZ,41.653306,29.358506,0, ,0.0,0.0,0.0,0.0,0,0,0,0,0,0,0,0
TF,NUSGI,41.712286,29.120853,0, ,0.0,0.0,0.0,0.0,0,0,0,0,0,0,0,0
TF,REKNU,41.779814,28.845789,0, ,0.0,0.0,0.0,0.0,0,0,0,0,0,0,0,0
TF,IBLAL,41.982222,28.001111,0, ,0.0,0.0,0.0,0.0,0,0,0,0,0,0,0,0

SID,IVGU2J,06,5
DF,DER06,40.904467,29.325239,0, ,0.0,0.0,0,0,0,0,0,0,0,1
CF,FJ050,40.940817,29.424167,0,SBH,57.4,5.3,59.0,5.0,2,1800,0,1,240,0,0,0
TF,FJ060,40.850736,29.481542,0, ,0.0,0.0,0.0,0.0,3,6000,0,0,0,0,0,0
TF,PEPAK,40.696000,29.321656,0, ,0.0,0.0,0.0,0.0,0,0,0,0,0,0,0,0
TF,FJ062,40.740656,29.137647,0, ,0.0,0.0,0.0,0.0,2,10000,0,0,0,0,0,0
TF,OBIXI,40.770256,29.014869,0, ,0.0,0.0,0.0,0.0,0,0,0,0,0,0,0,0
TF,FJ063,40.784314,28.772719,0, ,0.0,0.0,0.0,0.0,0,0,0,0,0,0,0,0
TF,GUDSU,40.797867,28.530453,0, ,0.0,0.0,0.0,0.0,0,0,0,0,0,0,0,0
TF,ABNIN,40.781914,28.248450,0, ,0.0,0.0,0.0,0.0,0,0,0,0,0,0,0,0
TF,RITGU,40.794131,27.880306,0, ,0.0,0.0,0.0,0.0,0,0,0,0,0,0,0,0
TF,MIVDI,40.795569,27.741297,0, ,0.0,0.0,0.0,0.0,0,0,0,0,0,0,0,0
TF,IVGUS,40.568889,27.577778,0, ,0.0,0.0,0.0,0.0,0,0,0,0,0,0,0,0

SID,IVGU2K,24,5
DF,DER24,40.892669,29.293206,0, ,0.0,0.0,0,0,0,0,0,0,0,1
CF,FJ010,40.839411,29.145422,0,SBH,240.7,8.8,239.0,7.4,2,2550,0,1,240,0,0,0
TF,FJ020,40.762528,28.935044,0, ,0.0,0.0,0.0,0.0,3,6000,0,0,0,0,0,0
TF,INGIX,40.771833,28.626350,0, ,0.0,0.0,0.0,0.0,0,0,0,0,0,0,0,0
TF,TETPU,40.836850,28.489950,0, ,0.0,0.0,0.0,0.0,0,0,0,0,0,0,0,0
TF,INPIK,40.793825,27.965956,0, ,0.0,0.0,0.0,0.0,0,0,0,0,0,0,0,0
TF,ADMIV,40.771419,27.704236,0, ,0.0,0.0,0.0,0.0,0,0,0,0,0,0,0,0
TF,IVGUS,40.568889,27.577778,0, ,0.0,0.0,0.0,0.0,0,0,0,0,0,0,0,0

SID,IVGU2M,24,5
DF,DER24,40.892669,29.293206,0, ,0.0,0.0,0,0,0,0,0,0,0,1
CF,FJ010,40.839411,29.145422,0,SBH,240.7,8.8,239.0,7.4,2,2550,0,1,240,0,0,0
TF,FJ020,40.762528,28.935044,0, ,0.0,0.0,0.0,0.0,3,6000,0,0,0,0,0,0
TF,INGIX,40.771833,28.626350,0, ,0.0,0.0,0.0,0.0,0,0,0,0,0,0,0,0
TF,TETPU,40.836850,28.489950,0, ,0.0,0.0,0.0,0.0,0,0,0,0,0,0,0,0
TF,NAHUM,40.837231,28.163936,0, ,0.0,0.0,0.0,0.0,0,0,0,0,0,0,0,0
TF,RITGU,40.794131,27.880306,0, ,0.0,0.0,0.0,0.0,0,0,0,0,0,0,0,0
TF,MIVDI,40.795569,27.741297,0, ,0.0,0.0,0.0,0.0,0,0,0,0,0,0,0,0
TF,IVGUS,40.568889,27.577778,0, ,0.0,0.0,0.0,0.0,0,0,0,0,0,0,0,0

SID,MAKO2J,06,5
DF,DER06,40.904467,29.325239,0, ,0.0,0.0,0,0,0,0,0,0,0,1
CF,FJ050,40.940817,29.424167,0,SBH,57.4,5.3,59.0,5.0,2,1800,0,1,240,0,0,0
TF,FJ075,40.998692,29.582400,0, ,0.0,0.0,0.0,0.0,3,6000,0,0,0,0,0,0
TF,PAIVA,41.203956,29.588186,0, ,0.0,0.0,0.0,0.0,0,0,0,0,0,0,0,0
TF,ERGAD,41.497736,29.438392,0, ,0.0,0.0,0.0,0.0,0,0,0,0,0,0,0,0
TF,BETIZ,41.653306,29.358506,0, ,0.0,0.0,0.0,0.0,0,0,0,0,0,0,0,0
TF,MAKOL,42.170556,29.142778,0, ,0.0,0.0,0.0,0.0,0,0,0,0,0,0,0,0

SID,MAKO2K,24,5
DF,DER24,40.892669,29.293206,0, ,0.0,0.0,0,0,0,0,0,0,0,1
CF,FJ010,40.839411,29.145422,0,SBH,240.7,8.8,239.0,7.4,2,2550,0,1,240,0,0,0
TF,FJ030,40.749261,29.201814,0, ,0.0,0.0,0.0,0.0,0,0,0,0,0,0,0,0
TF,FJ040,40.808819,29.369744,0, ,0.0,0.0,0.0,0.0,2,6640,0,0,0,0,0,0
TF,FJ041,40.875847,29.559950,0, ,0.0,0.0,0.0,0.0,0,0,0,0,0,0,0,0
TF,NUDMU,41.159686,29.598936,0, ,0.0,0.0,0.0,0.0,0,0,0,0,0,0,0,0
TF,INDUG,41.368969,29.687739,0, ,0.0,0.0,0.0,0.0,2,15000,0,0,0,0,0,0
TF,EVKEB,41.535600,29.758900,0, ,0.0,0.0,0.0,0.0,0,0,0,0,0,0,0,0
TF,UPMIV,41.759767,29.596956,0, ,0.0,0.0,0.0,0.0,0,0,0,0,0,0,0,0
TF,ETLEY,41.906800,29.435269,0, ,0.0,0.0,0.0,0.0,0,0,0,0,0,0,0,0
TF,MAKOL,42.170556,29.142778,0, ,0.0,0.0,0.0,0.0,0,0,0,0,0,0,0,0

SID,MAKO2L,06,5
DF,DER06,40.904467,29.325239,0, ,0.0,0.0,0,0,0,0,0,0,0,1
CF,FJ050,40.940817,29.424167,0,SBH,57.4,5.3,59.0,5.0,2,1800,0,1,240,0,0,0
TF,FJ075,40.998692,29.582400,0, ,0.0,0.0,0.0,0.0,3,6000,0,0,0,0,0,0
TF,PAIVA,41.203956,29.588186,0, ,0.0,0.0,0.0,0.0,0,0,0,0,0,0,0,0
TF,BEBIS,41.588128,29.618372,0, ,0.0,0.0,0.0,0.0,0,0,0,0,0,0,0,0
TF,UPMIV,41.759767,29.596956,0, ,0.0,0.0,0.0,0.0,0,0,0,0,0,0,0,0
TF,ETLEY,41.906800,29.435269,0, ,0.0,0.0,0.0,0.0,0,0,0,0,0,0,0,0
TF,MAKOL,42.170556,29.142778,0, ,0.0,0.0,0.0,0.0,0,0,0,0,0,0,0,0

SID,NUGB2J,06,5
DF,DER06,40.904467,29.325239,0, ,0.0,0.0,0,0,0,0,0,0,0,1
CF,FJ050,40.940817,29.424167,0,SBH,57.4,5.3,59.0,5.0,2,1800,0,1,240,0,0,0
TF,FJ075,40.998692,29.582400,0, ,0.0,0.0,0.0,0.0,3,6000,0,0,0,0,0,0
TF,PAIVA,41.203956,29.588186,0, ,0.0,0.0,0.0,0.0,0,0,0,0,0,0,0,0
TF,VAGSI,41.460883,29.947256,0, ,0.0,0.0,0.0,0.0,0,0,0,0,0,0,0,0
TF,NUGBA,41.591111,30.674167,0, ,0.0,0.0,0.0,0.0,0,0,0,0,0,0,0,0

SID,NUGB2K,24,5
DF,DER24,40.892669,29.293206,0, ,0.0,0.0,0,0,0,0,0,0,0,1
CF,FJ010,40.839411,29.145422,0,SBH,240.7,8.8,239.0,7.4,2,2550,0,1,240,0,0,0
TF,FJ030,40.749261,29.201814,0, ,0.0,0.0,0.0,0.0,0,0,0,0,0,0,0,0
TF,FJ040,40.808819,29.369744,0, ,0.0,0.0,0.0,0.0,2,6640,0,0,0,0,0,0
TF,FJ041,40.875847,29.559950,0, ,0.0,0.0,0.0,0.0,0,0,0,0,0,0,0,0
TF,NUDMU,41.159686,29.598936,0, ,0.0,0.0,0.0,0.0,0,0,0,0,0,0,0,0
TF,INDUG,41.368969,29.687739,0, ,0.0,0.0,0.0,0.0,2,15000,0,0,0,0,0,0
TF,LODNI,41.495531,30.192408,0, ,0.0,0.0,0.0,0.0,0,0,0,0,0,0,0,0
TF,NUGBA,41.591111,30.674167,0, ,0.0,0.0,0.0,0.0,0,0,0,0,0,0,0,0

SID,ROXU2J,06,5
DF,DER06,40.904467,29.325239,0, ,0.0,0.0,0,0,0,0,0,0,0,1
CF,FJ050,40.940817,29.424167,0,SBH,57.4,5.3,59.0,5.0,2,1800,0,1,240,0,0,0
TF,FJ060,40.850736,29.481542,0, ,0.0,0.0,0.0,0.0,3,6000,0,0,0,0,0,0
TF,INRUV,40.768861,29.533550,0, ,0.0,0.0,0.0,0.0,0,0,0,0,0,0,0,0
TF,IXODU,40.680747,29.687450,0, ,0.0,0.0,0.0,0.0,0,0,0,0,0,0,0,0
TF,IBSIN,40.611175,29.687258,0, ,0.0,0.0,0.0,0.0,0,0,0,0,0,0,0,0
TF,UNKEX,40.409350,29.686717,0, ,0.0,0.0,0.0,0.0,0,0,0,0,0,0,0,0
TF,ASGUK,40.175372,29.686139,0, ,0.0,0.0,0.0,0.0,0,0,0,0,0,0,0,0
TF,ROXUK,39.890278,29.718611,0, ,0.0,0.0,0.0,0.0,0,0,0,0,0,0,0,0

SID,ROXU2K,24,5
DF,DER24,40.892669,29.293206,0, ,0.0,0.0,0,0,0,0,0,0,0,1
CF,FJ010,40.839411,29.145422,0,SBH,240.7,8.8,239.0,7.4,2,2550,0,1,240,0,0,0
TF,FJ030,40.749261,29.201814,0, ,0.0,0.0,0.0,0.0,0,0,0,0,0,0,0,0
TF,ARRSO,40.480631,29.368881,0, ,0.0,0.0,0.0,0.0,0,0,0,0,0,0,0,0
TF,ADVUX,40.350306,29.505000,0, ,0.0,0.0,0.0,0.0,3,18000,0,0,0,0,0,0
TF,ASVIK,40.208736,29.652106,0, ,0.0,0.0,0.0,0.0,0,0,0,0,0,0,0,0
TF,ROXUK,39.890278,29.718611,0, ,0.0,0.0,0.0,0.0,0,0,0,0,0,0,0,0

SID,TUDB2J,06,5
DF,DER06,40.904467,29.325239,0, ,0.0,0.0,0,0,0,0,0,0,0,1
CF,FJ050,40.940817,29.424167,0,SBH,57.4,5.3,59.0,5.0,2,1800,0,1,240,0,0,0
TF,FJ075,40.998692,29.582400,0, ,0.0,0.0,0.0,0.0,3,6000,0,0,0,0,0,0
TF,PAIVA,41.203956,29.588186,0, ,0.0,0.0,0.0,0.0,0,0,0,0,0,0,0,0
TF,ERGAD,41.497736,29.438392,0, ,0.0,0.0,0.0,0.0,0,0,0,0,0,0,0,0
TF,BETIZ,41.653306,29.358506,0, ,0.0,0.0,0.0,0.0,0,0,0,0,0,0,0,0
TF,INPAP,41.659136,29.118650,0, ,0.0,0.0,0.0,0.0,0,0,0,0,0,0,0,0
TF,EROVA,41.665497,28.829683,0, ,0.0,0.0,0.0,0.0,0,0,0,0,0,0,0,0
TF,GITVO,41.669872,28.608456,0, ,0.0,0.0,0.0,0.0,0,0,0,0,0,0,0,0
TF,GOVGU,41.671617,28.460722,0, ,0.0,0.0,0.0,0.0,0,0,0,0,0,0,0,0
TF,UNLIR,41.794047,28.085047,0, ,0.0,0.0,0.0,0.0,0,0,0,0,0,0,0,0
TF,TUDBU,41.966667,27.776944,0, ,0.0,0.0,0.0,0.0,0,0,0,0,0,0,0,0

SID,TUDB2K,24,5
DF,DER24,40.892669,29.293206,0, ,0.0,0.0,0,0,0,0,0,0,0,1
CF,FJ010,40.839411,29.145422,0,SBH,240.7,8.8,239.0,7.4,2,2550,0,1,240,0,0,0
TF,FJ020,40.762528,28.935044,0, ,0.0,0.0,0.0,0.0,3,6000,0,0,0,0,0,0
TF,INGIX,40.771833,28.626350,0, ,0.0,0.0,0.0,0.0,0,0,0,0,0,0,0,0
TF,TETPU,40.836850,28.489950,0, ,0.0,0.0,0.0,0.0,0,0,0,0,0,0,0,0
TF,IRDED,40.965592,28.311769,0, ,0.0,0.0,0.0,0.0,0,0,0,0,0,0,0,0
TF,KVITO,41.284569,27.865650,0, ,0.0,0.0,0.0,0.0,0,0,0,0,0,0,0,0
TF,AFGAR,41.450278,27.806944,0, ,0.0,0.0,0.0,0.0,0,0,0,0,0,0,0,0
TF,TUDBU,41.966667,27.776944,0, ,0.0,0.0,0.0,0.0,0,0,0,0,0,0,0,0

SID,TUDB2L,06,5
DF,DER06,40.904467,29.325239,0, ,0.0,0.0,0,0,0,0,0,0,0,1
CF,FJ050,40.940817,29.424167,0,SBH,57.4,5.3,59.0,5.0,2,1800,0,1,240,0,0,0
TF,FJ075,40.998692,29.582400,0, ,0.0,0.0,0.0,0.0,3,6000,0,0,0,0,0,0
TF,PAIVA,41.203956,29.588186,0, ,0.0,0.0,0.0,0.0,0,0,0,0,0,0,0,0
TF,BEBIS,41.588128,29.618372,0, ,0.0,0.0,0.0,0.0,0,0,0,0,0,0,0,0
TF,INPAP,41.659136,29.118650,0, ,0.0,0.0,0.0,0.0,0,0,0,0,0,0,0,0
TF,EROVA,41.665497,28.829683,0, ,0.0,0.0,0.0,0.0,0,0,0,0,0,0,0,0
TF,GITVO,41.669872,28.608456,0, ,0.0,0.0,0.0,0.0,0,0,0,0,0,0,0,0
TF,GOVGU,41.671617,28.460722,0, ,0.0,0.0,0.0,0.0,0,0,0,0,0,0,0,0
TF,UNLIR,41.794047,28.085047,0, ,0.0,0.0,0.0,0.0,0,0,0,0,0,0,0,0
TF,TUDBU,41.966667,27.776944,0, ,0.0,0.0,0.0,0.0,0,0,0,0,0,0,0,0

SID,VADE2J,06,5
DF,DER06,40.904467,29.325239,0, ,0.0,0.0,0,0,0,0,0,0,0,1
CF,FJ050,40.940817,29.424167,0,SBH,57.4,5.3,59.0,5.0,2,1800,0,1,240,0,0,0
TF,FJ075,40.998692,29.582400,0, ,0.0,0.0,0.0,0.0,3,6000,0,0,0,0,0,0
TF,PAIVA,41.203956,29.588186,0, ,0.0,0.0,0.0,0.0,0,0,0,0,0,0,0,0
TF,ERGAD,41.497736,29.438392,0, ,0.0,0.0,0.0,0.0,0,0,0,0,0,0,0,0
TF,BETIZ,41.653306,29.358506,0, ,0.0,0.0,0.0,0.0,0,0,0,0,0,0,0,0
TF,INPAP,41.659136,29.118650,0, ,0.0,0.0,0.0,0.0,0,0,0,0,0,0,0,0
TF,EROVA,41.665497,28.829683,0, ,0.0,0.0,0.0,0.0,0,0,0,0,0,0,0,0
TF,GITVO,41.669872,28.608456,0, ,0.0,0.0,0.0,0.0,0,0,0,0,0,0,0,0
TF,GOVGU,41.671617,28.460722,0, ,0.0,0.0,0.0,0.0,0,0,0,0,0,0,0,0
TF,ACCUA,41.675597,28.031372,0, ,0.0,0.0,0.0,0.0,0,0,0,0,0,0,0,0
TF,VADEN,42.065556,27.216111,0, ,0.0,0.0,0.0,0.0,0,0,0,0,0,0,0,0

SID,VADE2K,24,5
DF,DER24,40.892669,29.293206,0, ,0.0,0.0,0,0,0,0,0,0,0,1
CF,FJ010,40.839411,29.145422,0,SBH,240.7,8.8,239.0,7.4,2,2550,0,1,240,0,0,0
TF,FJ020,40.762528,28.935044,0, ,0.0,0.0,0.0,0.0,3,6000,0,0,0,0,0,0
TF,INGIX,40.771833,28.626350,0, ,0.0,0.0,0.0,0.0,0,0,0,0,0,0,0,0
TF,TETPU,40.836850,28.489950,0, ,0.0,0.0,0.0,0.0,0,0,0,0,0,0,0,0
TF,IRDED,40.965592,28.311769,0, ,0.0,0.0,0.0,0.0,0,0,0,0,0,0,0,0
TF,KVITO,41.284569,27.865650,0, ,0.0,0.0,0.0,0.0,0,0,0,0,0,0,0,0
TF,AFGAR,41.450278,27.806944,0, ,0.0,0.0,0.0,0.0,0,0,0,0,0,0,0,0
TF,VADEN,42.065556,27.216111,0, ,0.0,0.0,0.0,0.0,0,0,0,0,0,0,0,0

SID,VADE2L,06,5
DF,DER06,40.904467,29.325239,0, ,0.0,0.0,0,0,0,0,0,0,0,1
CF,FJ050,40.940817,29.424167,0,SBH,57.4,5.3,59.0,5.0,2,1800,0,1,240,0,0,0
TF,FJ075,40.998692,29.582400,0, ,0.0,0.0,0.0,0.0,3,6000,0,0,0,0,0,0
TF,PAIVA,41.203956,29.588186,0, ,0.0,0.0,0.0,0.0,0,0,0,0,0,0,0,0
TF,BEBIS,41.588128,29.618372,0, ,0.0,0.0,0.0,0.0,0,0,0,0,0,0,0,0
TF,INPAP,41.659136,29.118650,0, ,0.0,0.0,0.0,0.0,0,0,0,0,0,0,0,0
TF,EROVA,41.665497,28.829683,0, ,0.0,0.0,0.0,0.0,0,0,0,0,0,0,0,0
TF,GITVO,41.669872,28.608456,0, ,0.0,0.0,0.0,0.0,0,0,0,0,0,0,0,0
TF,GOVGU,41.671617,28.460722,0, ,0.0,0.0,0.0,0.0,0,0,0,0,0,0,0,0
TF,ACCUA,41.675597,28.031372,0, ,0.0,0.0,0.0,0.0,0,0,0,0,0,0,0,0
TF,VADEN,42.065556,27.216111,0, ,0.0,0.0,0.0,0.0,0,0,0,0,0,0,0,0

SID,YAA2P,24,2
CF,D239H,40.848822,29.174858,0,SBH,239.0,8.0,239.0,8.0,2,1300,0,0,0,0,0,0
AF,D187H,40.777142,29.294858,1,SBH,187.5,8.0,239.0,0,0,0,0,0,0,0,0
TF,YAA,40.475000,29.207500,0, ,0.0,0.0,0.0,0.0,0,0,0,0,0,0,0,0

SID,YAA2W,06,2
CF,D059G,40.958508,29.471183,0,SBH,59.0,7.0,59.0,7.0,2,1400,0,0,0,0,0,0
AF,D187G,40.793428,29.299589,2,SBH,187.5,7.0,59.0,0,0,0,0,0,0,0,0
TF,YAA,40.475000,29.207500,0, ,0.0,0.0,0.0,0.0,0,0,0,0,0,0,0,0

STAR,DRAM1G,06,5
IF,DRAMO,41.034444,26.611111, ,0.0,0.0,0,0,0,0,0,0,0,0
TF,AGBET,41.039906,26.897425,0, ,0.0,0.0,0.0,0.0,0,0,0,0,0,0,0,0
TF,FJ541,41.040853,27.503136,0, ,0.0,0.0,0.0,0.0,3,27000,0,1,280,0,0,0
TF,FJ522,41.124339,27.893556,0, ,0.0,0.0,0.0,0.0,3,22000,0,0,0,0,0,0
TF,FJ523,41.039769,28.181256,0, ,0.0,0.0,0.0,0.0,4,19000,17000,1,250,0,0,0
TF,ABNIN,40.781914,28.248450,0, ,0.0,0.0,0.0,0.0,0,0,0,0,0,0,0,0
TF,FJ624,40.678586,28.318631,0, ,0.0,0.0,0.0,0.0,4,13000,11000,0,0,0,0,0
TF,FJ625,40.710892,28.519467,0, ,0.0,0.0,0.0,0.0,0,0,0,0,0,0,0,0
TF,FJ630,40.671475,28.642236,0, ,0.0,0.0,0.0,0.0,1,9000,0,1,230,0,0,0
TF,FJ631,40.592972,28.696600,0, ,0.0,0.0,0.0,0.0,0,0,0,0,0,0,0,0
TF,FJ632,40.529964,28.778564,0, ,0.0,0.0,0.0,0.0,0,0,0,0,0,0,0,0
TF,FJ633,40.487903,28.880961,0, ,0.0,0.0,0.0,0.0,0,0,0,0,0,0,0,0
TF,FJ634,40.470428,28.994914,0, ,0.0,0.0,0.0,0.0,0,0,0,0,0,0,0,0
TF,FJ635,40.479042,29.110581,0, ,0.0,0.0,0.0,0.0,1,9000,0,0,0,0,0,0
TF,FJ636,40.576122,29.078764,1, ,0.0,0.0,0.0,0.0,0,0,0,0,0,0,0,0
TF,FJ637,40.673192,29.046858,0, ,0.0,0.0,0.0,0.0,2,5000,0,0,0,0,0,0
TF,OBIXI,40.770256,29.014869,0, ,0.0,0.0,0.0,0.0,2,4000,0,1,210,0,0,0
TF,ASDEV,40.829139,29.121333,0, ,0.0,0.0,0.0,0.0,1,3000,0,1,190,0,0,0

STAR,DRAM1H,24,5
IF,DRAMO,41.034444,26.611111, ,0.0,0.0,0,0,0,0,0,0,0,0
TF,AGBET,41.039906,26.897425,0, ,0.0,0.0,0.0,0.0,0,0,0,0,0,0,0,0
TF,FJ590,41.136575,27.108689,0, ,0.0,0.0,0.0,0.0,0,0,0,0,0,0,0,0
TF,FJ591,41.203678,27.405783,0, ,0.0,0.0,0.0,0.0,0,0,0,0,0,0,0,0
TF,FJ572,41.357272,27.664344,0, ,0.0,0.0,0.0,0.0,0,0,0,0,0,0,0,0
TF,FJ573,41.385622,28.027853,0, ,0.0,0.0,0.0,0.0,0,0,0,0,0,0,0,0
TF,REDGI,41.307600,28.551675,0, ,0.0,0.0,0.0,0.0,3,27000,0,1,280,0,0,0
TF,GATTA,41.311558,28.909450,0, ,0.0,0.0,0.0,0.0,0,0,0,0,0,0,0,0
TF,FJ574,41.307233,29.215481,0, ,0.0,0.0,0.0,0.0,4,20000,19000,1,250,0,0,0
TF,FJ575,41.308683,29.436611,0, ,0.0,0.0,0.0,0.0,0,0,0,0,0,0,0,0
TF,FJ576,41.396858,29.517042,0, ,0.0,0.0,0.0,0.0,0,0,0,0,0,0,0,0
TF,FJ577,41.492969,29.605003,0, ,0.0,0.0,0.0,0.0,3,14000,0,0,0,0,0,0
TF,FJ580,41.373778,29.834056,0, ,0.0,0.0,0.0,0.0,1,11000,0,1,230,0,0,0
TF,FJ581,41.328394,29.957483,0, ,0.0,0.0,0.0,0.0,0,0,0,0,0,0,0,0
TF,FJ582,41.257708,30.057694,0, ,0.0,0.0,0.0,0.0,0,0,0,0,0,0,0,0
TF,FJ583,41.167969,30.125931,0, ,0.0,0.0,0.0,0.0,0,0,0,0,0,0,0,0
TF,FJ584,41.067075,30.156328,0, ,0.0,0.0,0.0,0.0,0,0,0,0,0,0,0,0
TF,FJ585,40.963869,30.146403,0, ,0.0,0.0,0.0,0.0,1,11000,0,0,0,0,0,0
TF,FJ586,40.989350,29.996150,2, ,0.0,0.0,0.0,0.0,0,0,0,0,0,0,0,0
TF,FJ587,41.014636,29.845775,0, ,0.0,0.0,0.0,0.0,2,6500,0,0,0,0,0,0
TF,OKIPI,41.039731,29.695272,0, ,0.0,0.0,0.0,0.0,4,6000,5000,1,220,0,0,0
TF,KINDR,41.003636,29.596050,0, ,0.0,0.0,0.0,0.0,0,0,0,0,0,0,0,0
TF,BEMKA,40.974694,29.516750,0, ,0.0,0.0,0.0,0.0,1,3500,0,1,190,0,0,0

STAR,DRAM1U,24,5
IF,DRAMO,41.034444,26.611111, ,0.0,0.0,0,0,0,0,0,0,0,0
TF,BARPE,40.926111,26.978056,0, ,0.0,0.0,0.0,0.0,0,0,0,0,0,0,0,0
TF,GUBUL,40.738567,27.312878,0, ,0.0,0.0,0.0,0.0,0,0,0,0,0,0,0,0
TF,LAMVU,40.652481,27.497142,0, ,0.0,0.0,0.0,0.0,0,0,0,0,0,0,0,0
TF,FJ470,40.690539,27.935564,0, ,0.0,0.0,0.0,0.0,0,0,0,0,0,0,0,0
TF,FJ471,40.740722,28.546525,0, ,0.0,0.0,0.0,0.0,3,28000,0,1,280,0,0,0
TF,FJ472,40.726442,29.019803,0, ,0.0,0.0,0.0,0.0,0,0,0,0,0,0,0,0
TF,FJ473,40.684433,29.211242,0, ,0.0,0.0,0.0,0.0,4,21000,20000,0,0,0,0,0
TF,FJ474,40.706461,29.523914,0, ,0.0,0.0,0.0,0.0,2,17000,0,1,250,0,0,0
TF,RERSU,40.722786,29.764003,0, ,0.0,0.0,0.0,0.0,4,15000,14000,0,0,0,0,0
TF,FJ475,40.738608,30.004181,0, ,0.0,0.0,0.0,0.0,0,0,0,0,0,0,0,0
TF,FJ476,40.840183,30.178089,0, ,0.0,0.0,0.0,0.0,1,10000,0,1,230,0,0,0
TF,FJ480,40.956556,30.189308,0, ,0.0,0.0,0.0,0.0,0,0,0,0,0,0,0,0
TF,FJ481,41.069583,30.200253,0, ,0.0,0.0,0.0,0.0,0,0,0,0,0,0,0,0
TF,FJ482,41.180094,30.167031,0, ,0.0,0.0,0.0,0.0,0,0,0,0,0,0,0,0
TF,FJ483,41.278403,30.092336,0, ,0.0,0.0,0.0,0.0,0,0,0,0,0,0,0,0
TF,FJ484,41.355850,29.982578,0, ,0.0,0.0,0.0,0.0,0,0,0,0,0,0,0,0
TF,FJ485,41.405581,29.847353,0, ,0.0,0.0,0.0,0.0,1,10000,0,0,0,0,0,0
TF,FJ486,41.262456,29.787628,1, ,0.0,0.0,0.0,0.0,0,0,0,0,0,0,0,0
TF,FJ487,41.151106,29.741367,0, ,0.0,0.0,0.0,0.0,2,6500,0,0,0,0,0,0
TF,OKIPI,41.039731,29.695272,0, ,0.0,0.0,0.0,0.0,4,6000,5000,1,220,0,0,0
TF,KINDR,41.003636,29.596050,0, ,0.0,0.0,0.0,0.0,0,0,0,0,0,0,0,0
TF,BEMKA,40.974694,29.516750,0, ,0.0,0.0,0.0,0.0,1,3500,0,1,190,0,0,0

STAR,ETAM1G,06,5
IF,ETAMP,39.579722,29.728889, ,0.0,0.0,3,24000,0,1,280,0,0,0
TF,EMGIM,39.909444,29.542222,0, ,0.0,0.0,0.0,0.0,4,19000,17000,1,250,0,0,0
TF,FJ922,40.089603,29.476192,0, ,0.0,0.0,0.0,0.0,0,0,0,0,0,0,0,0
TF,FJ823,40.264475,29.548425,0, ,0.0,0.0,0.0,0.0,4,13000,11000,0,0,0,0,0
TF,FJ724,40.405303,29.412100,0, ,0.0,0.0,0.0,0.0,0,0,0,0,0,0,0,0
TF,FJ725,40.403075,29.215783,0, ,0.0,0.0,0.0,0.0,1,8000,0,1,230,0,0,0
TF,FJ730,40.446681,29.121167,0, ,0.0,0.0,0.0,0.0,0,0,0,0,0,0,0,0
TF,FJ731,40.437114,28.992711,0, ,0.0,0.0,0.0,0.0,0,0,0,0,0,0,0,0
TF,FJ732,40.456519,28.866153,0, ,0.0,0.0,0.0,0.0,0,0,0,0,0,0,0,0
TF,FJ733,40.503231,28.752411,0, ,0.0,0.0,0.0,0.0,0,0,0,0,0,0,0,0
TF,FJ734,40.573219,28.661339,0, ,0.0,0.0,0.0,0.0,0,0,0,0,0,0,0,0
TF,FJ735,40.660425,28.600900,0, ,0.0,0.0,0.0,0.0,1,8000,0,0,0,0,0,0
TF,FJ736,40.704539,28.766328,2, ,0.0,0.0,0.0,0.0,0,0,0,0,0,0,0,0
TF,FJ737,40.737467,28.890539,0, ,0.0,0.0,0.0,0.0,2,5000,0,0,0,0,0,0
TF,OBIXI,40.770256,29.014869,0, ,0.0,0.0,0.0,0.0,2,4000,0,1,210,0,0,0
TF,ASDEV,40.829139,29.121333,0, ,0.0,0.0,0.0,0.0,1,3000,0,1,190,0,0,0

STAR,ETAM1H,24,5
IF,ETAMP,39.579722,29.728889, ,0.0,0.0,0,0,0,0,0,0,0,0
TF,EMGIM,39.909444,29.542222,0, ,0.0,0.0,0.0,0.0,0,0,0,0,0,0,0,0
TF,FJ971,40.201939,29.471164,0, ,0.0,0.0,0.0,0.0,3,25000,0,1,280,0,0,0
TF,FJ972,40.352883,29.334583,0, ,0.0,0.0,0.0,0.0,0,0,0,0,0,0,0,0
TF,FJ973,40.467475,29.522325,0, ,0.0,0.0,0.0,0.0,4,21000,20000,0,0,0,0,0
TF,FJ474,40.706461,29.523914,0, ,0.0,0.0,0.0,0.0,2,17000,0,1,250,0,0,0
TF,RERSU,40.722786,29.764003,0, ,0.0,0.0,0.0,0.0,4,15000,14000,0,0,0,0,0
TF,FJ475,40.738608,30.004181,0, ,0.0,0.0,0.0,0.0,0,0,0,0,0,0,0,0
TF,FJ476,40.840183,30.178089,0, ,0.0,0.0,0.0,0.0,1,10000,0,1,230,0,0,0
TF,FJ480,40.956556,30.189308,0, ,0.0,0.0,0.0,0.0,0,0,0,0,0,0,0,0
TF,FJ481,41.069583,30.200253,0, ,0.0,0.0,0.0,0.0,0,0,0,0,0,0,0,0
TF,FJ482,41.180094,30.167031,0, ,0.0,0.0,0.0,0.0,0,0,0,0,0,0,0,0
TF,FJ483,41.278403,30.092336,0, ,0.0,0.0,0.0,0.0,0,0,0,0,0,0,0,0
TF,FJ484,41.355850,29.982578,0, ,0.0,0.0,0.0,0.0,0,0,0,0,0,0,0,0
TF,FJ485,41.405581,29.847353,0, ,0.0,0.0,0.0,0.0,1,10000,0,0,0,0,0,0
TF,FJ486,41.262456,29.787628,1, ,0.0,0.0,0.0,0.0,0,0,0,0,0,0,0,0
TF,FJ487,41.151106,29.741367,0, ,0.0,0.0,0.0,0.0,2,6500,0,0,0,0,0,0
TF,OKIPI,41.039731,29.695272,0, ,0.0,0.0,0.0,0.0,4,6000,5000,1,220,0,0,0
TF,KINDR,41.003636,29.596050,0, ,0.0,0.0,0.0,0.0,0,0,0,0,0,0,0,0
TF,BEMKA,40.974694,29.516750,0, ,0.0,0.0,0.0,0.0,1,3500,0,1,190,0,0,0

STAR,GINL1G,06,5
IF,GINLI,41.871111,28.774444, ,0.0,0.0,0,0,0,0,0,0,0,0
TF,ATVAS,41.762583,28.778639,0, ,0.0,0.0,0.0,0.0,0,0,0,0,0,0,0,0
TF,FJ421,41.499006,28.558919,0, ,0.0,0.0,0.0,0.0,3,27000,0,1,280,0,0,0
TF,FJ422,41.238361,28.343781,0, ,0.0,0.0,0.0,0.0,0,0,0,0,0,0,0,0
TF,FJ523,41.039769,28.181256,0, ,0.0,0.0,0.0,0.0,4,19000,17000,1,250,0,0,0
TF,ABNIN,40.781914,28.248450,0, ,0.0,0.0,0.0,0.0,0,0,0,0,0,0,0,0
TF,FJ624,40.678586,28.318631,0, ,0.0,0.0,0.0,0.0,4,13000,11000,0,0,0,0,0
TF,FJ625,40.710892,28.519467,0, ,0.0,0.0,0.0,0.0,0,0,0,0,0,0,0,0
TF,FJ630,40.671475,28.642236,0, ,0.0,0.0,0.0,0.0,1,9000,0,1,230,0,0,0
TF,FJ631,40.592972,28.696600,0, ,0.0,0.0,0.0,0.0,0,0,0,0,0,0,0,0
TF,FJ632,40.529964,28.778564,0, ,0.0,0.0,0.0,0.0,0,0,0,0,0,0,0,0
TF,FJ633,40.487903,28.880961,0, ,0.0,0.0,0.0,0.0,0,0,0,0,0,0,0,0
TF,FJ634,40.470428,28.994914,0, ,0.0,0.0,0.0,0.0,0,0,0,0,0,0,0,0
TF,FJ635,40.479042,29.110581,0, ,0.0,0.0,0.0,0.0,1,9000,0,0,0,0,0,0
TF,FJ636,40.576122,29.078764,1, ,0.0,0.0,0.0,0.0,0,0,0,0,0,0,0,0
TF,FJ637,40.673192,29.046858,0, ,0.0,0.0,0.0,0.0,2,5000,0,0,0,0,0,0
TF,OBIXI,40.770256,29.014869,0, ,0.0,0.0,0.0,0.0,2,4000,0,1,210,0,0,0
TF,ASDEV,40.829139,29.121333,0, ,0.0,0.0,0.0,0.0,1,3000,0,1,190,0,0,0

STAR,GINL1H,24,5
IF,GINLI,41.871111,28.774444, ,0.0,0.0,0,0,0,0,0,0,0,0
TF,FJ672,41.680519,28.792878,0, ,0.0,0.0,0.0,0.0,3,26000,0,1,280,0,0,0
TF,FJ673,41.511594,29.073067,0, ,0.0,0.0,0.0,0.0,0,0,0,0,0,0,0,0
TF,FJ574,41.307233,29.215481,0, ,0.0,0.0,0.0,0.0,4,20000,19000,1,250,0,0,0
TF,FJ575,41.308683,29.436611,0, ,0.0,0.0,0.0,0.0,0,0,0,0,0,0,0,0
TF,FJ576,41.396858,29.517042,0, ,0.0,0.0,0.0,0.0,0,0,0,0,0,0,0,0
TF,FJ577,41.492969,29.605003,0, ,0.0,0.0,0.0,0.0,3,14000,0,0,0,0,0,0
TF,FJ580,41.373778,29.834056,0, ,0.0,0.0,0.0,0.0,1,11000,0,1,230,0,0,0
TF,FJ581,41.328394,29.957483,0, ,0.0,0.0,0.0,0.0,0,0,0,0,0,0,0,0
TF,FJ582,41.257708,30.057694,0, ,0.0,0.0,0.0,0.0,0,0,0,0,0,0,0,0
TF,FJ583,41.167969,30.125931,0, ,0.0,0.0,0.0,0.0,0,0,0,0,0,0,0,0
TF,FJ584,41.067075,30.156328,0, ,0.0,0.0,0.0,0.0,0,0,0,0,0,0,0,0
TF,FJ585,40.963869,30.146403,0, ,0.0,0.0,0.0,0.0,1,11000,0,0,0,0,0,0
TF,FJ586,40.989350,29.996150,2, ,0.0,0.0,0.0,0.0,0,0,0,0,0,0,0,0
TF,FJ587,41.014636,29.845775,0, ,0.0,0.0,0.0,0.0,2,6500,0,0,0,0,0,0
TF,OKIPI,41.039731,29.695272,0, ,0.0,0.0,0.0,0.0,4,6000,5000,1,220,0,0,0
TF,KINDR,41.003636,29.596050,0, ,0.0,0.0,0.0,0.0,0,0,0,0,0,0,0,0
TF,BEMKA,40.974694,29.516750,0, ,0.0,0.0,0.0,0.0,1,3500,0,1,190,0,0,0

STAR,GINL1T,06,5
IF,GINLI,41.871111,28.774444, ,0.0,0.0,0,0,0,0,0,0,0,0
TF,ATVAS,41.762583,28.778639,0, ,0.0,0.0,0.0,0.0,0,0,0,0,0,0,0,0
TF,FJ438,41.322669,29.053147,0, ,0.0,0.0,0.0,0.0,3,27000,0,1,280,0,0,0
TF,FJ439,41.135736,29.282475,0, ,0.0,0.0,0.0,0.0,0,0,0,0,0,0,0,0
TF,FJ720,40.948378,29.510506,0, ,0.0,0.0,0.0,0.0,4,19000,17000,1,250,0,0,0
TF,FJ721,40.745800,29.511872,0, ,0.0,0.0,0.0,0.0,0,0,0,0,0,0,0,0
TF,FJ722,40.562378,29.513128,0, ,0.0,0.0,0.0,0.0,4,13000,11000,0,0,0,0,0
TF,FJ723,40.487550,29.464931,0, ,0.0,0.0,0.0,0.0,0,0,0,0,0,0,0,0
TF,FJ724,40.405303,29.412100,0, ,0.0,0.0,0.0,0.0,0,0,0,0,0,0,0,0
TF,FJ725,40.403075,29.215783,0, ,0.0,0.0,0.0,0.0,1,8000,0,1,230,0,0,0
TF,FJ730,40.446681,29.121167,0, ,0.0,0.0,0.0,0.0,0,0,0,0,0,0,0,0
TF,FJ731,40.437114,28.992711,0, ,0.0,0.0,0.0,0.0,0,0,0,0,0,0,0,0
TF,FJ732,40.456519,28.866153,0, ,0.0,0.0,0.0,0.0,0,0,0,0,0,0,0,0
TF,FJ733,40.503231,28.752411,0, ,0.0,0.0,0.0,0.0,0,0,0,0,0,0,0,0
TF,FJ734,40.573219,28.661339,0, ,0.0,0.0,0.0,0.0,0,0,0,0,0,0,0,0
TF,FJ735,40.660425,28.600900,0, ,0.0,0.0,0.0,0.0,1,8000,0,0,0,0,0,0
TF,FJ736,40.704539,28.766328,2, ,0.0,0.0,0.0,0.0,0,0,0,0,0,0,0,0
TF,FJ737,40.737467,28.890539,0, ,0.0,0.0,0.0,0.0,2,5000,0,0,0,0,0,0
TF,OBIXI,40.770256,29.014869,0, ,0.0,0.0,0.0,0.0,2,4000,0,1,210,0,0,0
TF,ASDEV,40.829139,29.121333,0, ,0.0,0.0,0.0,0.0,1,3000,0,1,190,0,0,0

STAR,GUMR1G,06,5
IF,GUMRU,41.548889,31.349444, ,0.0,0.0,0,0,0,0,0,0,0,0
TF,AKCAK,41.428889,30.724722,0, ,0.0,0.0,0.0,0.0,0,0,0,0,0,0,0,0
TF,PAZAR,41.298889,29.999444,0, ,0.0,0.0,0.0,0.0,3,27000,0,1,280,0,0,0
TF,FJ719,41.123917,29.754325,0, ,0.0,0.0,0.0,0.0,0,0,0,0,0,0,0,0
TF,FJ720,40.948378,29.510506,0, ,0.0,0.0,0.0,0.0,4,19000,17000,1,250,0,0,0
TF,FJ721,40.745800,29.511872,0, ,0.0,0.0,0.0,0.0,0,0,0,0,0,0,0,0
TF,FJ722,40.562378,29.513128,0, ,0.0,0.0,0.0,0.0,4,13000,11000,0,0,0,0,0
TF,FJ723,40.487550,29.464931,0, ,0.0,0.0,0.0,0.0,0,0,0,0,0,0,0,0
TF,FJ724,40.405303,29.412100,0, ,0.0,0.0,0.0,0.0,0,0,0,0,0,0,0,0
TF,FJ725,40.403075,29.215783,0, ,0.0,0.0,0.0,0.0,1,8000,0,1,230,0,0,0
TF,FJ730,40.446681,29.121167,0, ,0.0,0.0,0.0,0.0,0,0,0,0,0,0,0,0
TF,FJ731,40.437114,28.992711,0, ,0.0,0.0,0.0,0.0,0,0,0,0,0,0,0,0
TF,FJ732,40.456519,28.866153,0, ,0.0,0.0,0.0,0.0,0,0,0,0,0,0,0,0
TF,FJ733,40.503231,28.752411,0, ,0.0,0.0,0.0,0.0,0,0,0,0,0,0,0,0
TF,FJ734,40.573219,28.661339,0, ,0.0,0.0,0.0,0.0,0,0,0,0,0,0,0,0
TF,FJ735,40.660425,28.600900,0, ,0.0,0.0,0.0,0.0,1,8000,0,0,0,0,0,0
TF,FJ736,40.704539,28.766328,2, ,0.0,0.0,0.0,0.0,0,0,0,0,0,0,0,0
TF,FJ737,40.737467,28.890539,0, ,0.0,0.0,0.0,0.0,2,5000,0,0,0,0,0,0
TF,OBIXI,40.770256,29.014869,0, ,0.0,0.0,0.0,0.0,2,4000,0,1,210,0,0,0
TF,ASDEV,40.829139,29.121333,0, ,0.0,0.0,0.0,0.0,1,3000,0,1,190,0,0,0

STAR,GUMR1H,24,5
IF,GUMRU,41.548889,31.349444, ,0.0,0.0,0,0,0,0,0,0,0,0
TF,FJ771,41.357353,31.206556,0, ,0.0,0.0,0.0,0.0,3,26000,0,1,280,0,0,0
TF,FJ772,41.165600,31.064750,0, ,0.0,0.0,0.0,0.0,0,0,0,0,0,0,0,0
TF,FJ773,41.160589,30.895625,0, ,0.0,0.0,0.0,0.0,4,21000,20000,0,0,0,0,0
TF,FJ774,41.150561,30.579933,0, ,0.0,0.0,0.0,0.0,0,0,0,1,250,0,0,0
TF,TUSCA,40.981311,30.486892,0, ,0.0,0.0,0.0,0.0,4,15000,14000,0,0,0,0,0
TF,FJ775,40.811964,30.394347,0, ,0.0,0.0,0.0,0.0,0,0,0,0,0,0,0,0
TF,FJ476,40.840183,30.178089,0, ,0.0,0.0,0.0,0.0,1,10000,0,1,230,0,0,0
TF,FJ480,40.956556,30.189308,0, ,0.0,0.0,0.0,0.0,0,0,0,0,0,0,0,0
TF,FJ481,41.069583,30.200253,0, ,0.0,0.0,0.0,0.0,0,0,0,0,0,0,0,0
TF,FJ482,41.180094,30.167031,0, ,0.0,0.0,0.0,0.0,0,0,0,0,0,0,0,0
TF,FJ483,41.278403,30.092336,0, ,0.0,0.0,0.0,0.0,0,0,0,0,0,0,0,0
TF,FJ484,41.355850,29.982578,0, ,0.0,0.0,0.0,0.0,0,0,0,0,0,0,0,0
TF,FJ485,41.405581,29.847353,0, ,0.0,0.0,0.0,0.0,1,10000,0,0,0,0,0,0
TF,FJ486,41.262456,29.787628,1, ,0.0,0.0,0.0,0.0,0,0,0,0,0,0,0,0
TF,FJ487,41.151106,29.741367,0, ,0.0,0.0,0.0,0.0,2,6500,0,0,0,0,0,0
TF,OKIPI,41.039731,29.695272,0, ,0.0,0.0,0.0,0.0,4,6000,5000,1,220,0,0,0
TF,KINDR,41.003636,29.596050,0, ,0.0,0.0,0.0,0.0,0,0,0,0,0,0,0,0
TF,BEMKA,40.974694,29.516750,0, ,0.0,0.0,0.0,0.0,1,3500,0,1,190,0,0,0

STAR,IBOD1G,06,5
IF,IBODU,41.554444,27.078889, ,0.0,0.0,0,0,0,0,0,0,0,0
TF,FJ521,41.234414,27.514267,0, ,0.0,0.0,0.0,0.0,3,27000,0,1,280,0,0,0
TF,FJ522,41.124339,27.893556,0, ,0.0,0.0,0.0,0.0,3,22000,0,0,0,0,0,0
TF,FJ523,41.039769,28.181256,0, ,0.0,0.0,0.0,0.0,4,19000,17000,1,250,0,0,0
TF,ABNIN,40.781914,28.248450,0, ,0.0,0.0,0.0,0.0,0,0,0,0,0,0,0,0
TF,FJ624,40.678586,28.318631,0, ,0.0,0.0,0.0,0.0,4,13000,11000,0,0,0,0,0
TF,FJ625,40.710892,28.519467,0, ,0.0,0.0,0.0,0.0,0,0,0,0,0,0,0,0
TF,FJ630,40.671475,28.642236,0, ,0.0,0.0,0.0,0.0,1,9000,0,1,230,0,0,0
TF,FJ631,40.592972,28.696600,0, ,0.0,0.0,0.0,0.0,0,0,0,0,0,0,0,0
TF,FJ632,40.529964,28.778564,0, ,0.0,0.0,0.0,0.0,0,0,0,0,0,0,0,0
TF,FJ633,40.487903,28.880961,0, ,0.0,0.0,0.0,0.0,0,0,0,0,0,0,0,0
TF,FJ634,40.470428,28.994914,0, ,0.0,0.0,0.0,0.0,0,0,0,0,0,0,0,0
TF,FJ635,40.479042,29.110581,0, ,0.0,0.0,0.0,0.0,1,9000,0,0,0,0,0,0
TF,FJ636,40.576122,29.078764,1, ,0.0,0.0,0.0,0.0,0,0,0,0,0,0,0,0
TF,FJ637,40.673192,29.046858,0, ,0.0,0.0,0.0,0.0,2,5000,0,0,0,0,0,0
TF,OBIXI,40.770256,29.014869,0, ,0.0,0.0,0.0,0.0,2,4000,0,1,210,0,0,0
TF,ASDEV,40.829139,29.121333,0, ,0.0,0.0,0.0,0.0,1,3000,0,1,190,0,0,0

STAR,IBOD1H,24,5
IF,IBODU,41.554444,27.078889, ,0.0,0.0,0,0,0,0,0,0,0,0
TF,FJ571,41.459050,27.363581,0, ,0.0,0.0,0.0,0.0,0,0,0,0,0,0,0,0
TF,FJ572,41.357272,27.664344,0, ,0.0,0.0,0.0,0.0,0,0,0,0,0,0,0,0
TF,FJ573,41.385622,28.027853,0, ,0.0,0.0,0.0,0.0,0,0,0,0,0,0,0,0
TF,REDGI,41.307600,28.551675,0, ,0.0,0.0,0.0,0.0,3,27000,0,1,280,0,0,0
TF,GATTA,41.311558,28.909450,0, ,0.0,0.0,0.0,0.0,0,0,0,0,0,0,0,0
TF,FJ574,41.307233,29.215481,0, ,0.0,0.0,0.0,0.0,4,20000,19000,1,250,0,0,0
TF,FJ575,41.308683,29.436611,0, ,0.0,0.0,0.0,0.0,0,0,0,0,0,0,0,0
TF,FJ576,41.396858,29.517042,0, ,0.0,0.0,0.0,0.0,0,0,0,0,0,0,0,0
TF,FJ577,41.492969,29.605003,0, ,0.0,0.0,0.0,0.0,3,14000,0,0,0,0,0,0
TF,FJ580,41.373778,29.834056,0, ,0.0,0.0,0.0,0.0,1,11000,0,1,230,0,0,0
TF,FJ581,41.328394,29.957483,0, ,0.0,0.0,0.0,0.0,0,0,0,0,0,0,0,0
TF,FJ582,41.257708,30.057694,0, ,0.0,0.0,0.0,0.0,0,0,0,0,0,0,0,0
TF,FJ583,41.167969,30.125931,0, ,0.0,0.0,0.0,0.0,0,0,0,0,0,0,0,0
TF,FJ584,41.067075,30.156328,0, ,0.0,0.0,0.0,0.0,0,0,0,0,0,0,0,0
TF,FJ585,40.963869,30.146403,0, ,0.0,0.0,0.0,0.0,1,11000,0,0,0,0,0,0
TF,FJ586,40.989350,29.996150,2, ,0.0,0.0,0.0,0.0,0,0,0,0,0,0,0,0
TF,FJ587,41.014636,29.845775,0, ,0.0,0.0,0.0,0.0,2,6500,0,0,0,0,0,0
TF,OKIPI,41.039731,29.695272,0, ,0.0,0.0,0.0,0.0,4,6000,5000,1,220,0,0,0
TF,KINDR,41.003636,29.596050,0, ,0.0,0.0,0.0,0.0,0,0,0,0,0,0,0,0
TF,BEMKA,40.974694,29.516750,0, ,0.0,0.0,0.0,0.0,1,3500,0,1,190,0,0,0

STAR,IZMA1G,06,5
IF,IZMAL,40.199167,27.511944, ,0.0,0.0,3,27000,0,1,280,0,0,0
TF,TELRI,40.302975,27.555161,0, ,0.0,0.0,0.0,0.0,0,0,0,0,0,0,0,0
TF,FJ621,40.461586,27.710156,0, ,0.0,0.0,0.0,0.0,0,0,0,0,0,0,0,0
TF,FJ622,40.679631,27.819967,0, ,0.0,0.0,0.0,0.0,4,19000,17000,1,250,0,0,0
TF,FJ623,40.679539,27.973361,0, ,0.0,0.0,0.0,0.0,0,0,0,0,0,0,0,0
TF,FJ624,40.678586,28.318631,0, ,0.0,0.0,0.0,0.0,4,13000,11000,0,0,0,0,0
TF,FJ625,40.710892,28.519467,0, ,0.0,0.0,0.0,0.0,0,0,0,0,0,0,0,0
TF,FJ630,40.671475,28.642236,0, ,0.0,0.0,0.0,0.0,1,9000,0,1,230,0,0,0
TF,FJ631,40.592972,28.696600,0, ,0.0,0.0,0.0,0.0,0,0,0,0,0,0,0,0
TF,FJ632,40.529964,28.778564,0, ,0.0,0.0,0.0,0.0,0,0,0,0,0,0,0,0
TF,FJ633,40.487903,28.880961,0, ,0.0,0.0,0.0,0.0,0,0,0,0,0,0,0,0
TF,FJ634,40.470428,28.994914,0, ,0.0,0.0,0.0,0.0,0,0,0,0,0,0,0,0
TF,FJ635,40.479042,29.110581,0, ,0.0,0.0,0.0,0.0,1,9000,0,0,0,0,0,0
TF,FJ636,40.576122,29.078764,1, ,0.0,0.0,0.0,0.0,0,0,0,0,0,0,0,0
TF,FJ637,40.673192,29.046858,0, ,0.0,0.0,0.0,0.0,2,5000,0,0,0,0,0,0
TF,OBIXI,40.770256,29.014869,0, ,0.0,0.0,0.0,0.0,2,4000,0,1,210,0,0,0
TF,ASDEV,40.829139,29.121333,0, ,0.0,0.0,0.0,0.0,1,3000,0,1,190,0,0,0

STAR,IZMA1H,24,5
IF,IZMAL,40.199167,27.511944, ,0.0,0.0,0,0,0,0,0,0,0,0
TF,TELRI,40.302975,27.555161,0, ,0.0,0.0,0.0,0.0,0,0,0,0,0,0,0,0
TF,FJ621,40.461586,27.710156,0, ,0.0,0.0,0.0,0.0,0,0,0,0,0,0,0,0
TF,FJ470,40.690539,27.935564,0, ,0.0,0.0,0.0,0.0,0,0,0,0,0,0,0,0
TF,FJ471,40.740722,28.546525,0, ,0.0,0.0,0.0,0.0,3,28000,0,1,280,0,0,0
TF,FJ472,40.726442,29.019803,0, ,0.0,0.0,0.0,0.0,0,0,0,0,0,0,0,0
TF,FJ473,40.684433,29.211242,0, ,0.0,0.0,0.0,0.0,4,21000,20000,0,0,0,0,0
TF,FJ474,40.706461,29.523914,0, ,0.0,0.0,0.0,0.0,2,17000,0,1,250,0,0,0
TF,RERSU,40.722786,29.764003,0, ,0.0,0.0,0.0,0.0,4,15000,14000,0,0,0,0,0
TF,FJ475,40.738608,30.004181,0, ,0.0,0.0,0.0,0.0,0,0,0,0,0,0,0,0
TF,FJ476,40.840183,30.178089,0, ,0.0,0.0,0.0,0.0,1,10000,0,1,230,0,0,0
TF,FJ480,40.956556,30.189308,0, ,0.0,0.0,0.0,0.0,0,0,0,0,0,0,0,0
TF,FJ481,41.069583,30.200253,0, ,0.0,0.0,0.0,0.0,0,0,0,0,0,0,0,0
TF,FJ482,41.180094,30.167031,0, ,0.0,0.0,0.0,0.0,0,0,0,0,0,0,0,0
TF,FJ483,41.278403,30.092336,0, ,0.0,0.0,0.0,0.0,0,0,0,0,0,0,0,0
TF,FJ484,41.355850,29.982578,0, ,0.0,0.0,0.0,0.0,0,0,0,0,0,0,0,0
TF,FJ485,41.405581,29.847353,0, ,0.0,0.0,0.0,0.0,1,10000,0,0,0,0,0,0
TF,FJ486,41.262456,29.787628,1, ,0.0,0.0,0.0,0.0,0,0,0,0,0,0,0,0
TF,FJ487,41.151106,29.741367,0, ,0.0,0.0,0.0,0.0,2,6500,0,0,0,0,0,0
TF,OKIPI,41.039731,29.695272,0, ,0.0,0.0,0.0,0.0,4,6000,5000,1,220,0,0,0
TF,KINDR,41.003636,29.596050,0, ,0.0,0.0,0.0,0.0,0,0,0,0,0,0,0,0
TF,BEMKA,40.974694,29.516750,0, ,0.0,0.0,0.0,0.0,1,3500,0,1,190,0,0,0

STAR,TOKE1G,06,5
IF,TOKER,40.313333,30.772222, ,0.0,0.0,3,27000,0,1,280,0,0,0
TF,FJ821,40.349136,30.443258,0, ,0.0,0.0,0.0,0.0,0,0,0,0,0,0,0,0
TF,RAVIL,40.336186,30.002031,0, ,0.0,0.0,0.0,0.0,4,19000,17000,1,250,0,0,0
TF,FJ822,40.254633,29.787497,0, ,0.0,0.0,0.0,0.0,0,0,0,0,0,0,0,0
TF,FJ823,40.264475,29.548425,0, ,0.0,0.0,0.0,0.0,4,13000,11000,0,0,0,0,0
TF,FJ724,40.405303,29.412100,0, ,0.0,0.0,0.0,0.0,0,0,0,0,0,0,0,0
TF,FJ725,40.403075,29.215783,0, ,0.0,0.0,0.0,0.0,1,8000,0,1,230,0,0,0
TF,FJ730,40.446681,29.121167,0, ,0.0,0.0,0.0,0.0,0,0,0,0,0,0,0,0
TF,FJ731,40.437114,28.992711,0, ,0.0,0.0,0.0,0.0,0,0,0,0,0,0,0,0
TF,FJ732,40.456519,28.866153,0, ,0.0,0.0,0.0,0.0,0,0,0,0,0,0,0,0
TF,FJ733,40.503231,28.752411,0, ,0.0,0.0,0.0,0.0,0,0,0,0,0,0,0,0
TF,FJ734,40.573219,28.661339,0, ,0.0,0.0,0.0,0.0,0,0,0,0,0,0,0,0
TF,FJ735,40.660425,28.600900,0, ,0.0,0.0,0.0,0.0,1,8000,0,0,0,0,0,0
TF,FJ736,40.704539,28.766328,2, ,0.0,0.0,0.0,0.0,0,0,0,0,0,0,0,0
TF,FJ737,40.737467,28.890539,0, ,0.0,0.0,0.0,0.0,2,5000,0,0,0,0,0,0
TF,OBIXI,40.770256,29.014869,0, ,0.0,0.0,0.0,0.0,2,4000,0,1,210,0,0,0
TF,ASDEV,40.829139,29.121333,0, ,0.0,0.0,0.0,0.0,1,3000,0,1,190,0,0,0

STAR,TOKE1H,24,5
IF,TOKER,40.313333,30.772222, ,0.0,0.0,3,25000,0,1,280,0,0,0
TF,FJ821,40.349136,30.443258,0, ,0.0,0.0,0.0,0.0,4,21000,20000,0,0,0,0,0
TF,EVRUG,40.385594,30.134583,0, ,0.0,0.0,0.0,0.0,0,0,0,1,250,0,0,0
TF,LANTU,40.562117,30.069539,0, ,0.0,0.0,0.0,0.0,4,15000,14000,0,0,0,0,0
TF,FJ475,40.738608,30.004181,0, ,0.0,0.0,0.0,0.0,0,0,0,0,0,0,0,0
TF,FJ476,40.840183,30.178089,0, ,0.0,0.0,0.0,0.0,1,10000,0,1,230,0,0,0
TF,FJ480,40.956556,30.189308,0, ,0.0,0.0,0.0,0.0,0,0,0,0,0,0,0,0
TF,FJ481,41.069583,30.200253,0, ,0.0,0.0,0.0,0.0,0,0,0,0,0,0,0,0
TF,FJ482,41.180094,30.167031,0, ,0.0,0.0,0.0,0.0,0,0,0,0,0,0,0,0
TF,FJ483,41.278403,30.092336,0, ,0.0,0.0,0.0,0.0,0,0,0,0,0,0,0,0
TF,FJ484,41.355850,29.982578,0, ,0.0,0.0,0.0,0.0,0,0,0,0,0,0,0,0
TF,FJ485,41.405581,29.847353,0, ,0.0,0.0,0.0,0.0,1,10000,0,0,0,0,0,0
TF,FJ486,41.262456,29.787628,1, ,0.0,0.0,0.0,0.0,0,0,0,0,0,0,0,0
TF,FJ487,41.151106,29.741367,0, ,0.0,0.0,0.0,0.0,2,6500,0,0,0,0,0,0
TF,OKIPI,41.039731,29.695272,0, ,0.0,0.0,0.0,0.0,4,6000,5000,1,220,0,0,0
TF,KINDR,41.003636,29.596050,0, ,0.0,0.0,0.0,0.0,0,0,0,0,0,0,0,0
TF,BEMKA,40.974694,29.516750,0, ,0.0,0.0,0.0,0.0,1,3500,0,1,190,0,0,0

FINAL,D06,06,D,2
IF,ASDEV,40.829139,29.121333,SBH,239.1,10.7,2,3000,0,0,0,0,2,0
CF,MA06,40.873017,29.239967,0,SBH,239.0,4.7,59.0,6.0,1,1206,0,0,0,0,3,0
CF,SBH,40.907417,29.332778,0,SBH,0.0,0.0,59.0,4.7,0,0,0,0,0,0,0,0
FA,SBH,40.907417,29.332778,0,SBH,0.0,0.0,59.0,2,2300,0,0,0,0,0,0
CI,2, ,0.0,175.0,0,0,0,0,0,0,0,0
CF,HERKE,40.647528,29.340444,0,YAA,25.4,12.0,205.0,9.0,1,7000,0,0,0,0,0,0
HM,HERKE,40.647528,29.340444,1, ,0.0,0.0,205.0,04.3,2,7000,0,1,230,0,0,0,0

FINAL,D24,24,D,4
IF,BEMKA,40.974694,29.516750,SBH,59.2,9.3,2,3500,0,0,0,0,0,0
CF,FF24,40.957050,29.467225,0,SBH,59.0,6.8,239.0,2.5,2,2600,0,0,0,0,2,0
CF,43DME,40.938819,29.417772,0,SBH,59.0,4.3,239.0,2.5,2,1700,0,0,0,0,0,0
CF,MA24,40.920569,29.368347,0,SBH,59.0,1.8,239.0,2.5,1,1059,0,0,0,0,3,0
CF,SBH,40.907417,29.332778,0,SBH,0.0,0.0,239.0,1.8,0,0,0,0,0,0,0,0
FA,SBH,40.907417,29.332778,0,SBH,0.0,0.0,239.0,2,2300,0,0,0,0,0,0
CI,0, ,0.0,176.0,0,0,0,0,0,0,0,0
CF,D206O,40.697156,29.166875,0,SBH,206.0,14.7,206.0,8.0,0,0,0,0,0,0,0,1
CI,1, ,0.0,85.0,0,0,0,0,0,0,0,0
CF,HERKE,40.647528,29.340444,0,YAA,25.4,12.0,25.0,3.0,1,7000,0,0,0,0,0,0
HM,HERKE,40.647528,29.340444,2, ,0.0,0.0,25.0,04.3,2,7000,0,1,230,0,0,0,0

FINAL,I06,06,I,3
IF,ASDEV,40.829139,29.121333,ISAB,239.1,10.4,2,3000,0,1,190,0,0,0
CF,FI06,40.840636,29.152142,0,ISAB,239.2,8.8,59.0,1.6,1,3000,0,0,0,0,2,0
CF,RW06,40.892669,29.293206,0,ISAB,239.2,1.7,59.0,7.1,1,348,0,0,0,0,3,0
CF,SBH,40.907417,29.332778,0,SBH,0.0,0.0,59.0,2.0,0,0,0,0,0,0,0,0
FA,SBH,40.907417,29.332778,0,SBH,0.0,0.0,59.0,2,2300,0,0,0,0,0,0
CI,2, ,0.0,175.0,0,0,0,0,0,0,0,0
CF,HERKE,40.647528,29.340444,0,YAA,25.4,12.0,205.0,10.0,1,7000,0,0,0,0,0,0
HM,HERKE,40.647528,29.340444,1, ,0.0,0.0,205.0,04.3,2,7000,0,1,230,0,0,0,0

FINAL,I24,24,I,3
IF,BEMKA,40.974694,29.516750,ISBH,59.1,11.5,2,3500,0,1,190,0,0,0
CF,FI24,40.965761,29.491967,0,ISBH,59.1,10.2,239.0,1.3,1,3500,0,0,0,0,2,0
CF,RW24,40.904467,29.325239,0,ISBH,59.1,1.8,239.0,8.4,1,363,0,0,0,0,3,0
CA,0,239.0,2,2300,0,0,0,0,0,0
CI,0, ,0.0,176.0,0,0,0,0,0,0,0,0
CF,D206O,40.697156,29.166875,0,SBH,206.0,14.7,206.0,6.0,0,0,0,0,0,0,0,1
CI,1, ,0.0,85.0,0,0,0,0,0,0,0,0
CF,HERKE,40.647528,29.340444,0,YAA,25.4,12.0,25.0,3.0,1,7000,0,0,0,0,0,0
HM,HERKE,40.647528,29.340444,2, ,0.0,0.0,25.0,04.3,2,7000,0,1,230,0,0,0,0

FINAL,V06-A,06,D,2
IF,FF059,40.861292,29.208394,SBH,239.0,6.3,2,3000,0,0,0,0,2,0
CF,MM06,40.888917,29.283056,0,SBH,238.9,2.5,59.0,3.8,1,1350,0,0,0,0,3,0
CF,SBH,40.907417,29.332778,0,SBH,0.0,0.0,59.0,2.5,0,0,0,0,0,0,0,0
FA,SBH,40.907417,29.332778,0,SBH,0.0,0.0,59.0,2,2300,0,0,0,0,0,0
CI,2, ,0.0,175.0,0,0,0,0,0,0,0,0
CF,YAA,40.475000,29.207500,0,YAA,0.0,0.0,205.0,21.0,1,7000,0,0,0,0,0,0
HM,YAA,40.475000,29.207500,1, ,0.0,0.0,295.0,04.3,2,7000,0,0,0,0,0,0,0

FINAL,V06-B,06,D,2
IF,FF239,40.953406,29.457331,SBH,59.0,6.3,2,3500,0,0,0,0,2,0
CF,SBH,40.907417,29.332778,0,SBH,0.0,0.0,239.0,6.3,1,2200,0,0,0,0,3,0
FA,SBH,40.907417,29.332778,0,SBH,0.0,0.0,239.0,2,2300,0,0,0,0,0,0
DF,SBH,40.907417,29.332778,1, ,0.0,0.0,1,4000,0,0,0,0,0,0
HM,SBH,40.907417,29.332778,1, ,0.0,0.0,239.0,04.3,2,4000,0,1,230,0,0,0,0

FINAL,V24-A,24,D,2
IF,FF059,40.861292,29.208394,SBH,239.0,6.3,2,3000,0,0,0,0,2,0
CF,MM06,40.888917,29.283056,0,SBH,238.9,2.5,59.0,3.8,1,1350,0,0,0,0,3,0
CF,SBH,40.907417,29.332778,0,SBH,0.0,0.0,59.0,2.5,0,0,0,0,0,0,0,0
FA,SBH,40.907417,29.332778,0,SBH,0.0,0.0,59.0,2,2300,0,0,0,0,0,0
CI,2, ,0.0,175.0,0,0,0,0,0,0,0,0
CF,YAA,40.475000,29.207500,0,YAA,0.0,0.0,205.0,21.0,1,7000,0,0,0,0,0,0
HM,YAA,40.475000,29.207500,1, ,0.0,0.0,295.0,04.3,2,7000,0,0,0,0,0,0,0

FINAL,V24-B,24,D,2
IF,FF239,40.953406,29.457331,SBH,59.0,6.3,2,3500,0,0,0,0,2,0
CF,SBH,40.907417,29.332778,0,SBH,0.0,0.0,239.0,6.3,1,2200,0,0,0,0,3,0
FA,SBH,40.907417,29.332778,0,SBH,0.0,0.0,239.0,2,2300,0,0,0,0,0,0
DF,SBH,40.907417,29.332778,1, ,0.0,0.0,1,4000,0,0,0,0,0,0
HM,SBH,40.907417,29.332778,1, ,0.0,0.0,239.0,04.3,2,4000,0,1,230,0,0,0,0

