APPTR,N01-A,01,GKA1
FC,GKA,40.179722,25.923667,0,GKA,0.0,0.0,56.0,8.8,2,3500,0,0,0,0,0,1
CF,FF272,40.163867,26.118197,2,GKA,92.0,9.0,272.0,1.0,2,3500,0,0,0,0,0,0

APPTR,N01-A,01,GKA2
FC,GKA,40.179722,25.923667,2,GKA,0.0,0.0,74.0,9.0,2,3500,0,0,0,0,0,1
CF,FF272,40.163867,26.118197,2,GKA,92.0,9.0,272.0,1.0,2,3500,0,0,0,0,0,0

FINAL,N01-A,01,N,2
IF,FF272,40.163867,26.118197,GKA,0.0,0.0,2,3500,0,0,0,0,2,0
CF,GKA,40.179722,25.923667,0,GKA,0.0,0.0,272.0,9.0,1,1900,0,0,0,0,3,0
CA,0,305.0,2,2600,0,0,0,0,0,0
DF,GKA,40.179722,25.923667,2, ,0.0,0.0,1,3500,0,0,0,0,0,0
HM,GKA,40.179722,25.923667,2, ,0.0,0.0,56.0,04.3,0,0,0,0,0,0,0,0,0

APPTR,N19-A,19,GKA1
FC,GKA,40.179722,25.923667,0,GKA,0.0,0.0,56.0,8.8,2,3500,0,0,0,0,0,1
CF,FF272,40.163867,26.118197,2,GKA,92.0,9.0,272.0,1.0,2,3500,0,0,0,0,0,0

APPTR,N19-A,19,GKA2
FC,GKA,40.179722,25.923667,2,GKA,0.0,0.0,74.0,9.0,2,3500,0,0,0,0,0,1
CF,FF272,40.163867,26.118197,2,GKA,92.0,9.0,272.0,1.0,2,3500,0,0,0,0,0,0

FINAL,N19-A,19,N,2
IF,FF272,40.163867,26.118197,GKA,0.0,0.0,2,3500,0,0,0,0,2,0
CF,GKA,40.179722,25.923667,0,GKA,0.0,0.0,272.0,9.0,1,1900,0,0,0,0,3,0
CA,0,305.0,2,2600,0,0,0,0,0,0
DF,GKA,40.179722,25.923667,2, ,0.0,0.0,1,3500,0,0,0,0,0,0
HM,GKA,40.179722,25.923667,2, ,0.0,0.0,56.0,04.3,0,0,0,0,0,0,0,0,0

FINAL,Q01-B,01,N,2
IF,FD272,40.169186,26.053344,GKA,0.0,0.0,2,3500,0,0,0,0,2,0
CF,GKA,40.179722,25.923667,0,GKA,0.0,0.0,272.0,6.0,1,1900,0,0,0,0,3,0
CA,0,305.0,2,2600,0,0,0,0,0,0
DF,GKA,40.179722,25.923667,2, ,0.0,0.0,1,3500,0,0,0,0,0,0
HM,GKA,40.179722,25.923667,2, ,0.0,0.0,56.0,04.3,2,3500,0,0,0,0,0,0,0

APPTR,Q01-C,01,GKA1
FD,GKA,40.179722,25.923667,0,GKA,0.0,6.0,56.0,6.0,2,3500,0,0,0,0,1,0
CF,FD272,40.169186,26.053344,2,GKA,92.0,6.0,272.0,1.0,2,3500,0,0,0,0,0,0

APPTR,Q01-C,01,GKA2
FD,GKA,40.179722,25.923667,0,GKA,0.0,6.0,74.0,6.0,2,3500,0,0,0,0,1,0
CF,FD272,40.169186,26.053344,2,GKA,92.0,6.0,272.0,1.0,2,3500,0,0,0,0,0,0

FINAL,Q01-C,01,N,2
IF,FD272,40.169186,26.053344,GKA,0.0,0.0,2,3500,0,0,0,0,2,0
CF,GKA,40.179722,25.923667,0,GKA,0.0,0.0,272.0,6.0,1,1900,0,0,0,0,3,0
CA,0,305.0,2,2600,0,0,0,0,0,0
DF,GKA,40.179722,25.923667,2, ,0.0,0.0,1,3500,0,0,0,0,0,0
HM,GKA,40.179722,25.923667,2, ,0.0,0.0,56.0,04.3,2,3500,0,0,0,0,0,0,0

FINAL,Q19-B,19,N,2
IF,FD272,40.169186,26.053344,GKA,0.0,0.0,2,3500,0,0,0,0,2,0
CF,GKA,40.179722,25.923667,0,GKA,0.0,0.0,272.0,6.0,1,1900,0,0,0,0,3,0
CA,0,305.0,2,2600,0,0,0,0,0,0
DF,GKA,40.179722,25.923667,2, ,0.0,0.0,1,3500,0,0,0,0,0,0
HM,GKA,40.179722,25.923667,2, ,0.0,0.0,56.0,04.3,2,3500,0,0,0,0,0,0,0

APPTR,Q19-C,19,GKA1
FD,GKA,40.179722,25.923667,0,GKA,0.0,6.0,56.0,6.0,2,3500,0,0,0,0,1,0
CF,FD272,40.169186,26.053344,2,GKA,92.0,6.0,272.0,1.0,2,3500,0,0,0,0,0,0

APPTR,Q19-C,19,GKA2
FD,GKA,40.179722,25.923667,0,GKA,0.0,6.0,74.0,6.0,2,3500,0,0,0,0,1,0
CF,FD272,40.169186,26.053344,2,GKA,92.0,6.0,272.0,1.0,2,3500,0,0,0,0,0,0

FINAL,Q19-C,19,N,2
IF,FD272,40.169186,26.053344,GKA,0.0,0.0,2,3500,0,0,0,0,2,0
CF,GKA,40.179722,25.923667,0,GKA,0.0,0.0,272.0,6.0,1,1900,0,0,0,0,3,0
CA,0,305.0,2,2600,0,0,0,0,0,0
DF,GKA,40.179722,25.923667,2, ,0.0,0.0,1,3500,0,0,0,0,0,0
HM,GKA,40.179722,25.923667,2, ,0.0,0.0,56.0,04.3,2,3500,0,0,0,0,0,0,0

APPTR,V01-A,01,GKA1
FC,GKA,40.179722,25.923667,0,GKA,0.0,0.0,56.0,8.8,2,3500,0,0,0,0,0,1
CF,FF272,40.163867,26.118197,2,GKA,92.0,9.0,272.0,1.0,2,3500,0,0,0,0,0,0

APPTR,V01-A,01,GKA2
FC,GKA,40.179722,25.923667,2,GKA,0.0,0.0,74.0,9.0,2,3500,0,0,0,0,0,1
CF,FF272,40.163867,26.118197,2,GKA,92.0,9.0,272.0,1.0,2,3500,0,0,0,0,0,0

FINAL,V01-A,01,D,2
IF,FF272,40.163867,26.118197,GKA,92.0,9.0,2,3500,0,0,0,0,2,0
CF,GKA,40.179722,25.923667,0,GKA,0.0,0.0,272.0,9.0,1,1900,0,0,0,0,3,0
CA,0,305.0,2,2600,0,0,0,0,0,0
DF,GKA,40.179722,25.923667,2, ,0.0,0.0,1,3500,0,0,0,0,0,0
HM,GKA,40.179722,25.923667,2, ,0.0,0.0,56.0,04.3,0,0,0,0,0,0,0,0,0

FINAL,V01-B,01,D,2
IF,FD272,40.169186,26.053344,GKA,92.0,6.0,2,3500,0,0,0,0,2,0
CF,GKA,40.179722,25.923667,0,GKA,0.0,0.0,272.0,6.0,1,1900,0,0,0,0,3,0
CA,0,305.0,2,2600,0,0,0,0,0,0
DF,GKA,40.179722,25.923667,2, ,0.0,0.0,1,3500,0,0,0,0,0,0
HM,GKA,40.179722,25.923667,2, ,0.0,0.0,56.0,04.3,0,0,0,0,0,0,0,0,0

APPTR,V01-C,01,GKA1
FD,GKA,40.179722,25.923667,0,GKA,0.0,6.0,56.0,6.0,2,3500,0,0,0,0,1,0
CF,FD272,40.169186,26.053344,2,GKA,92.0,6.0,272.0,1.0,2,3500,0,0,0,0,0,0

APPTR,V01-C,01,GKA2
FD,GKA,40.179722,25.923667,0,GKA,0.0,6.0,74.0,6.0,2,3500,0,0,0,0,1,0
CF,FD272,40.169186,26.053344,2,GKA,92.0,6.0,272.0,1.0,2,3500,0,0,0,0,0,0

FINAL,V01-C,01,D,2
IF,FD272,40.169186,26.053344,GKA,92.0,6.0,2,3500,0,0,0,0,2,0
CF,GKA,40.179722,25.923667,0,GKA,0.0,0.0,272.0,6.0,1,1900,0,0,0,0,3,0
CA,0,305.0,2,2600,0,0,0,0,0,0
DF,GKA,40.179722,25.923667,2, ,0.0,0.0,1,3500,0,0,0,0,0,0
HM,GKA,40.179722,25.923667,2, ,0.0,0.0,56.0,04.3,0,0,0,0,0,0,0,0,0

APPTR,V19-A,19,GKA1
FC,GKA,40.179722,25.923667,0,GKA,0.0,0.0,56.0,8.8,2,3500,0,0,0,0,0,1
CF,FF272,40.163867,26.118197,2,GKA,92.0,9.0,272.0,1.0,2,3500,0,0,0,0,0,0

APPTR,V19-A,19,GKA2
FC,GKA,40.179722,25.923667,2,GKA,0.0,0.0,74.0,9.0,2,3500,0,0,0,0,0,1
CF,FF272,40.163867,26.118197,2,GKA,92.0,9.0,272.0,1.0,2,3500,0,0,0,0,0,0

FINAL,V19-A,19,D,2
IF,FF272,40.163867,26.118197,GKA,92.0,9.0,2,3500,0,0,0,0,2,0
CF,GKA,40.179722,25.923667,0,GKA,0.0,0.0,272.0,9.0,1,1900,0,0,0,0,3,0
CA,0,305.0,2,2600,0,0,0,0,0,0
DF,GKA,40.179722,25.923667,2, ,0.0,0.0,1,3500,0,0,0,0,0,0
HM,GKA,40.179722,25.923667,2, ,0.0,0.0,56.0,04.3,0,0,0,0,0,0,0,0,0

FINAL,V19-B,19,D,2
IF,FD272,40.169186,26.053344,GKA,92.0,6.0,2,3500,0,0,0,0,2,0
CF,GKA,40.179722,25.923667,0,GKA,0.0,0.0,272.0,6.0,1,1900,0,0,0,0,3,0
CA,0,305.0,2,2600,0,0,0,0,0,0
DF,GKA,40.179722,25.923667,2, ,0.0,0.0,1,3500,0,0,0,0,0,0
HM,GKA,40.179722,25.923667,2, ,0.0,0.0,56.0,04.3,0,0,0,0,0,0,0,0,0

APPTR,V19-C,19,GKA1
FD,GKA,40.179722,25.923667,0,GKA,0.0,6.0,56.0,6.0,2,3500,0,0,0,0,1,0
CF,FD272,40.169186,26.053344,2,GKA,92.0,6.0,272.0,1.0,2,3500,0,0,0,0,0,0

APPTR,V19-C,19,GKA2
FD,GKA,40.179722,25.923667,0,GKA,0.0,6.0,74.0,6.0,2,3500,0,0,0,0,1,0
CF,FD272,40.169186,26.053344,2,GKA,92.0,6.0,272.0,1.0,2,3500,0,0,0,0,0,0

FINAL,V19-C,19,D,2
IF,FD272,40.169186,26.053344,GKA,92.0,6.0,2,3500,0,0,0,0,2,0
CF,GKA,40.179722,25.923667,0,GKA,0.0,0.0,272.0,6.0,1,1900,0,0,0,0,3,0
CA,0,305.0,2,2600,0,0,0,0,0,0
DF,GKA,40.179722,25.923667,2, ,0.0,0.0,1,3500,0,0,0,0,0,0
HM,GKA,40.179722,25.923667,2, ,0.0,0.0,56.0,04.3,0,0,0,0,0,0,0,0,0

