SID,KOS1NC,13,2
DF,AD,43.754417,20.664278,0, ,0.0,0.0,0,0,0,0,0,0,0,1
CF,BR,43.947528,20.427806,2,TPL,225.5,18.1,330.0,16.0,0,0,0,1,220,0,0,1
TF,KOSIV,44.026861,19.809083,0, ,0.0,0.0,0.0,0.0,0,0,0,0,0,0,0,0

SID,KOS1ND,31,2
DF,BR,43.947528,20.427806,0, ,0.0,0.0,0,0,0,0,0,0,0,1
TF,KOSIV,44.026861,19.809083,0, ,0.0,0.0,0.0,0.0,0,0,0,0,0,0,0,0

SID,KOSI1G,13,5
CF,KV201,43.742611,20.679972,0,KRV,134.6,6.3,134.0,5.5,0,0,0,1,220,0,0,0
TF,KV204,43.664472,20.560444,0, ,0.0,0.0,0.0,0.0,0,0,0,1,220,0,0,0
TF,KV205,43.744056,20.397083,0, ,0.0,0.0,0.0,0.0,0,0,0,1,250,0,0,0
TF,KV212,43.882944,20.109833,0, ,0.0,0.0,0.0,0.0,0,0,0,1,250,0,0,0
TF,KOSIV,44.026861,19.809083,0, ,0.0,0.0,0.0,0.0,2,10000,0,1,250,0,0,0

SID,KOSI1H,31,5
CF,KV401,43.887333,20.499694,0,KRV,313.2,5.4,314.0,5.0,0,0,0,1,250,0,0,0
TF,KV406,43.950528,20.189833,0, ,0.0,0.0,0.0,0.0,0,0,0,1,250,0,0,0
TF,KOSIV,44.026861,19.809083,0, ,0.0,0.0,0.0,0.0,2,10000,0,1,250,0,0,0

SID,KOSI3C,13,2
CF,AD,43.754417,20.664278,0,KRV,135.1,5.3,134.0,4.5,0,0,0,0,0,0,0,1
DF,D224E,43.698617,20.578908,2, ,0.0,0.0,0,0,0,1,220,0,0,0
TF,D275D,43.831019,20.498703,0, ,0.0,0.0,0.0,0.0,0,0,0,0,0,0,0,1
CF,D286R,43.922364,20.206236,0,KRV,286.4,17.5,286.0,14.0,0,0,0,0,0,0,0,0
TF,KOSIV,44.026861,19.809083,0, ,0.0,0.0,0.0,0.0,0,0,0,0,0,0,0,0

SID,KOSI3D,31,2
DF,LA,43.856167,20.538639,0, ,0.0,0.0,0,0,0,0,0,0,0,1
DF,D286G,43.862986,20.428994,0, ,0.0,0.0,0,0,0,1,220,0,0,0
TF,D286R,43.922364,20.206236,0, ,0.0,0.0,0.0,0.0,0,0,0,0,0,0,0,0
TF,KOSIV,44.026861,19.809083,0, ,0.0,0.0,0.0,0.0,0,0,0,0,0,0,0,0

SID,NEV1NC,13,2
DF,AD,43.754417,20.664278,0, ,0.0,0.0,0,0,0,0,0,0,0,1
CF,BR,43.947528,20.427806,2,TPL,225.5,18.1,330.0,16.0,0,0,0,1,220,0,0,1
TF,NEVAK,44.212056,20.602667,0, ,0.0,0.0,0.0,0.0,0,0,0,0,0,0,0,0

SID,NEV1ND,31,2
DF,BR,43.947528,20.427806,0, ,0.0,0.0,0,0,0,0,0,0,0,1
CI,2, ,0.0,51.0,0,0,0,0,0,0,0,0
CF,NEVAK,44.212056,20.602667,0,TPL,300.0,7.4,21.0,13.0,0,0,0,0,0,0,0,0

SID,NEVA1J,13,5
CF,KV202,43.693028,20.741472,0,KRV,134.4,10.3,134.0,9.5,0,0,0,1,220,0,0,0
TF,KV207,43.782111,20.878417,0, ,0.0,0.0,0.0,0.0,0,0,0,1,220,0,0,0
TF,KV208,43.903222,20.801167,0, ,0.0,0.0,0.0,0.0,0,0,0,1,250,0,0,0
TF,KV209,44.054722,20.704083,0, ,0.0,0.0,0.0,0.0,0,0,0,1,250,0,0,0
TF,NEVAK,44.212056,20.602667,0, ,0.0,0.0,0.0,0.0,2,6000,0,1,250,0,0,0

SID,NEVA1K,31,5
CF,KV402,43.924417,20.453306,0,KRV,313.5,8.4,314.0,8.0,0,0,0,1,250,0,0,0
TF,KV403,44.085167,20.536583,0, ,0.0,0.0,0.0,0.0,0,0,0,1,250,0,0,0
TF,NEVAK,44.212056,20.602667,0, ,0.0,0.0,0.0,0.0,2,6000,0,1,250,0,0,0

SID,NEVA3E,13,2
CF,AD,43.754417,20.664278,0,KRV,135.1,5.3,134.0,5.0,0,0,0,0,0,0,0,1
DF,KRV,43.821222,20.584444,2, ,0.0,0.0,0,0,0,1,220,0,0,0
TF,D358O,44.074433,20.596222,0, ,0.0,0.0,0.0,0.0,0,0,0,0,0,0,0,0
TF,NEVAK,44.212056,20.602667,0, ,0.0,0.0,0.0,0.0,0,0,0,0,0,0,0,0

SID,NEVA3F,31,2
DF,BR,43.947528,20.427806,0, ,0.0,0.0,0,0,0,0,0,0,0,1
DF,D334M,44.018017,20.474233,2, ,0.0,0.0,0,0,0,0,0,0,0,0
TF,D346P,44.087189,20.519908,0, ,0.0,0.0,0.0,0.0,0,0,0,0,0,0,0,0
TF,NEVAK,44.212056,20.602667,0, ,0.0,0.0,0.0,0.0,0,0,0,0,0,0,0,0

SID,RAM1NC,13,2
DF,AD,43.754417,20.664278,0, ,0.0,0.0,0,0,0,0,0,0,0,1
TF,VTN,43.717500,20.810333,0, ,0.0,0.0,0.0,0.0,0,0,0,0,0,0,0,1
TF,RAMAP,43.418361,20.891111,0, ,0.0,0.0,0.0,0.0,2,9000,0,0,0,0,0,0

SID,RAM1ND,31,2
DF,LA,43.856167,20.538639,0, ,0.0,0.0,0,0,0,0,0,0,0,1
DF,AD,43.754417,20.664278,1, ,0.0,0.0,0,0,0,1,220,0,0,0
TF,VTN,43.717500,20.810333,0, ,0.0,0.0,0.0,0.0,0,0,0,0,0,0,0,1
CI,0, ,0.0,195.0,0,0,0,0,0,0,0,0
CF,RAMAP,43.418361,20.891111,0,TPL,167.6,44.0,165.0,14.0,2,9000,0,0,0,0,0,0

SID,RAMA1E,13,5
CF,KV202,43.693028,20.741472,0,KRV,134.4,10.3,134.0,9.5,0,0,0,1,250,0,0,0
TF,KV203,43.569028,20.809222,0, ,0.0,0.0,0.0,0.0,0,0,0,1,250,0,0,0
TF,RAMAP,43.418361,20.891111,0, ,0.0,0.0,0.0,0.0,2,9000,0,1,250,0,0,0

SID,RAMA1F,31,5
CF,KV401,43.887333,20.499694,0,KRV,313.2,5.4,314.0,5.0,0,0,0,1,220,0,0,0
TF,KV409,43.797778,20.363083,0, ,0.0,0.0,0.0,0.0,0,0,0,1,220,0,0,0
TF,KV410,43.680806,20.526972,1, ,0.0,0.0,0.0,0.0,0,0,0,1,250,0,0,0
TF,KV411,43.563583,20.690222,0, ,0.0,0.0,0.0,0.0,0,0,0,1,250,0,0,0
TF,RAMAP,43.418361,20.891111,0, ,0.0,0.0,0.0,0.0,2,9000,0,1,250,0,0,0

SID,RAMA2C,13,2
CF,AD,43.754417,20.664278,0,KRV,135.1,5.3,134.0,5.0,0,0,0,0,0,0,0,0
TF,VTN,43.717500,20.810333,0, ,0.0,0.0,0.0,0.0,0,0,0,0,0,0,0,0
TF,RAMAP,43.418361,20.891111,0, ,0.0,0.0,0.0,0.0,2,9000,0,0,0,0,0,0

SID,RAMA3D,31,2
DF,LA,43.856167,20.538639,0, ,0.0,0.0,0,0,0,0,0,0,0,1
DF,AD,43.754417,20.664278,1, ,0.0,0.0,0,0,0,1,220,0,0,0
TF,VTN,43.717500,20.810333,0, ,0.0,0.0,0.0,0.0,0,0,0,0,0,0,0,0
TF,RAMAP,43.418361,20.891111,0, ,0.0,0.0,0.0,0.0,2,9000,0,0,0,0,0,0

SID,TOR1NC,13,2
DF,AD,43.754417,20.664278,0, ,0.0,0.0,0,0,0,0,0,0,0,1
CF,BR,43.947528,20.427806,2,TPL,225.5,18.1,330.0,16.0,0,0,0,1,220,0,0,1
CI,1, ,0.0,207.0,0,0,0,0,0,0,0,0
CF,TORTO,43.670861,19.731306,0,TPL,233.5,52.3,237.0,29.0,0,0,0,0,0,0,0,0

SID,TOR2ND,31,2
DF,BR,43.947528,20.427806,0, ,0.0,0.0,0,0,0,0,0,0,0,1
CI,1, ,0.0,207.0,0,0,0,1,230,0,0,0
CF,D237J,43.871681,20.235150,0,VAL,146.0,31.3,237.0,5.0,2,6000,0,0,0,0,0,0
TF,D237T,43.790778,20.031092,0, ,0.0,0.0,0.0,0.0,2,9000,0,0,0,0,0,0
TF,TORTO,43.670861,19.731306,0, ,0.0,0.0,0.0,0.0,0,0,0,0,0,0,0,0

SID,TORT1M,13,5
CF,KV201,43.742611,20.679972,0,KRV,134.6,6.3,134.0,5.5,0,0,0,1,220,0,0,0
TF,KV204,43.664472,20.560444,0, ,0.0,0.0,0.0,0.0,0,0,0,1,220,0,0,0
TF,KV205,43.744056,20.397083,0, ,0.0,0.0,0.0,0.0,0,0,0,1,250,0,0,0
TF,KV206,43.707056,20.056000,0, ,0.0,0.0,0.0,0.0,0,0,0,1,250,0,0,0
TF,TORTO,43.670861,19.731306,0, ,0.0,0.0,0.0,0.0,2,8000,0,1,250,0,0,0

SID,TORT1N,31,5
CF,KV401,43.887333,20.499694,0,KRV,313.2,5.4,314.0,5.0,0,0,0,1,220,0,0,0
TF,KV407,43.822417,20.266750,0, ,0.0,0.0,0.0,0.0,0,0,0,1,250,0,0,0
TF,KV408,43.762083,20.052194,0, ,0.0,0.0,0.0,0.0,0,0,0,1,250,0,0,0
TF,TORTO,43.670861,19.731306,0, ,0.0,0.0,0.0,0.0,2,8000,0,1,250,0,0,0

SID,TORT3C,13,2
CF,AD,43.754417,20.664278,0,KRV,135.1,5.3,134.0,4.5,0,0,0,0,0,0,0,1
DF,D224E,43.698617,20.578908,2, ,0.0,0.0,0,0,0,1,220,0,0,0
TF,D221C,43.781050,20.529017,0, ,0.0,0.0,0.0,0.0,0,0,0,0,0,0,0,1
CF,D252M,43.771528,20.297989,0,KRV,252.6,12.8,252.0,10.8,0,0,0,0,0,0,0,0
TF,D252X,43.727458,20.047731,0, ,0.0,0.0,0.0,0.0,0,0,0,0,0,0,0,0
TF,TORTO,43.670861,19.731306,0, ,0.0,0.0,0.0,0.0,0,0,0,0,0,0,0,0

SID,TORT3D,31,2
DF,LA,43.856167,20.538639,0, ,0.0,0.0,0,0,0,0,0,0,0,1
CF,D252K,43.778561,20.338242,1,KRV,252.6,11.0,223.0,8.0,0,0,0,1,220,0,0,0
TF,D252M,43.771528,20.297989,0, ,0.0,0.0,0.0,0.0,0,0,0,0,0,0,0,0
TF,D252X,43.727458,20.047731,0, ,0.0,0.0,0.0,0.0,0,0,0,0,0,0,0,0
TF,TORTO,43.670861,19.731306,0, ,0.0,0.0,0.0,0.0,0,0,0,0,0,0,0,0

SID,VAL1C,13,5
CF,KV202,43.693028,20.741472,0,KRV,134.4,10.3,134.0,9.5,0,0,0,1,220,0,0,0
TF,KV207,43.782111,20.878417,0, ,0.0,0.0,0.0,0.0,0,0,0,1,220,0,0,0
TF,KV208,43.903222,20.801167,0, ,0.0,0.0,0.0,0.0,0,0,0,1,250,0,0,0
TF,KV210,44.010639,20.567472,0, ,0.0,0.0,0.0,0.0,0,0,0,1,250,0,0,0
TF,KV211,44.124556,20.317417,0, ,0.0,0.0,0.0,0.0,0,0,0,1,250,0,0,0
TF,VAL,44.323889,19.874694,0, ,0.0,0.0,0.0,0.0,2,10000,0,1,250,0,0,0

SID,VAL1N,31,5
CF,KV402,43.924417,20.453306,0,KRV,313.5,8.4,314.0,8.0,0,0,0,1,250,0,0,0
TF,KV404,44.040111,20.286972,0, ,0.0,0.0,0.0,0.0,0,0,0,1,250,0,0,0
TF,KV405,44.161083,20.112000,0, ,0.0,0.0,0.0,0.0,0,0,0,1,250,0,0,0
TF,VAL,44.323889,19.874694,0, ,0.0,0.0,0.0,0.0,2,10000,0,1,250,0,0,0

SID,VAL1NC,13,2
DF,AD,43.754417,20.664278,0, ,0.0,0.0,0,0,0,0,0,0,0,1
CF,BR,43.947528,20.427806,2,TPL,225.5,18.1,330.0,16.0,0,0,0,1,220,0,0,0
TF,VAL,44.323889,19.874694,0, ,0.0,0.0,0.0,0.0,0,0,0,0,0,0,0,0

SID,VAL1ND,31,2
DF,BR,43.947528,20.427806,0, ,0.0,0.0,0,0,0,0,0,0,0,0
TF,VAL,44.323889,19.874694,0, ,0.0,0.0,0.0,0.0,0,0,0,0,0,0,0,0

SID,VAL3L,13,2
CF,AD,43.754417,20.664278,0,KRV,135.1,5.3,134.0,5.0,0,0,0,0,0,0,0,1
DF,BR,43.947528,20.427806,2, ,0.0,0.0,0,0,0,1,220,0,0,0
TF,D129N,44.160531,20.116119,0, ,0.0,0.0,0.0,0.0,0,0,0,0,0,0,0,0
TF,VAL,44.323889,19.874694,0, ,0.0,0.0,0.0,0.0,0,0,0,0,0,0,0,0

SID,VAL3M,31,2
DF,BR,43.947528,20.427806,0, ,0.0,0.0,0,0,0,0,0,0,0,0
TF,D129N,44.160531,20.116119,0, ,0.0,0.0,0.0,0.0,0,0,0,0,0,0,0,0
TF,VAL,44.323889,19.874694,0, ,0.0,0.0,0.0,0.0,0,0,0,0,0,0,0,0

STAR,BLC1K,13,2
IF,BLC,43.248694,21.361639, ,0.0,0.0,0,0,0,0,0,0,0,0
TF,D131Y,43.525833,20.989422,0, ,0.0,0.0,0.0,0.0,0,0,0,0,0,0,0,0
TF,KRV,43.821222,20.584444,0, ,0.0,0.0,0.0,0.0,0,0,0,0,0,0,0,0

STAR,BLC1L,31,2
IF,BLC,43.248694,21.361639, ,0.0,0.0,0,0,0,0,0,0,0,0
TF,D131Y,43.525833,20.989422,0, ,0.0,0.0,0.0,0.0,0,0,0,0,0,0,0,0
TF,D131R,43.614600,20.868344,0, ,0.0,0.0,0.0,0.0,0,0,0,0,0,0,0,0
TF,D135O,43.632294,20.810286,0, ,0.0,0.0,0.0,0.0,0,0,0,0,0,0,0,0
TF,D135L,43.670117,20.765231,0, ,0.0,0.0,0.0,0.0,0,0,0,0,0,0,0,0
TF,D135J,43.695322,20.735164,0, ,0.0,0.0,0.0,0.0,0,0,0,0,0,0,0,0
TF,D135G,43.731853,20.691519,0, ,0.0,0.0,0.0,0.0,0,0,0,0,0,0,0,0

STAR,BLC1V,13,5
IF,BLC,43.248694,21.361639, ,0.0,0.0,0,0,0,0,0,0,0,0
TF,KV106,43.929306,20.893556,0, ,0.0,0.0,0.0,0.0,0,0,0,1,250,0,0,0
TF,KV105,44.044389,20.537333,0, ,0.0,0.0,0.0,0.0,0,0,0,1,250,0,0,0
TF,KV104,44.071472,20.452806,0, ,0.0,0.0,0.0,0.0,0,0,0,1,220,0,0,0
TF,KV101,43.992028,20.368528,0, ,0.0,0.0,0.0,0.0,0,0,0,1,220,0,0,0

STAR,BLC1W,31,5
IF,BLC,43.248694,21.361639, ,0.0,0.0,0,0,0,0,0,0,0,0
TF,KV315,43.481667,21.084583,0, ,0.0,0.0,0.0,0.0,0,0,0,1,250,0,0,0
TF,KV302,43.613333,20.926694,0, ,0.0,0.0,0.0,0.0,0,0,0,1,220,0,0,0
TF,KV301,43.647806,20.797389,0, ,0.0,0.0,0.0,0.0,0,0,0,1,220,0,0,0

STAR,NEV2NA,13,2
IF,NEVAK,44.212056,20.602667, ,0.0,0.0,0,0,0,0,0,0,0,0
CR,0,TPL,251.0,201.0,0,0,0,0,0,0,0,0
CF,D247L,44.076983,20.477739,0,TPL,247.0,12.2,247.0,3.0,0,0,0,0,0,0,0,0
TF,D247Q,44.053392,20.383878,0, ,0.0,0.0,0.0,0.0,0,0,0,0,0,0,0,1
CF,BR,43.947528,20.427806,1,TPL,225.5,18.1,135.0,5.0,0,0,0,0,0,0,0,0

STAR,NEV2NB,31,2
IF,NEVAK,44.212056,20.602667, ,0.0,0.0,0,0,0,0,0,0,0,0
TF,D339X,44.095111,20.652100,0, ,0.0,0.0,0.0,0.0,0,0,0,0,0,0,0,0
TF,VTN,43.717500,20.810333,0, ,0.0,0.0,0.0,0.0,0,0,0,0,0,0,0,0

STAR,NEVA1C,13,5
IF,NEVAK,44.212056,20.602667, ,0.0,0.0,0,0,0,0,0,0,0,0
TF,KV104,44.071472,20.452806,0, ,0.0,0.0,0.0,0.0,0,0,0,1,250,0,0,0
TF,KV101,43.992028,20.368528,0, ,0.0,0.0,0.0,0.0,0,0,0,1,220,0,0,0

STAR,NEVA1D,31,5
IF,NEVAK,44.212056,20.602667, ,0.0,0.0,0,0,0,0,0,0,0,0
TF,KV307,44.056111,20.696472,0, ,0.0,0.0,0.0,0.0,0,0,0,1,250,0,0,0
TF,KV306,43.806500,20.845528,0, ,0.0,0.0,0.0,0.0,0,0,0,1,250,0,0,0
TF,KV305,43.714583,20.900056,0, ,0.0,0.0,0.0,0.0,0,0,0,1,220,0,0,0
TF,KV301,43.647806,20.797389,0, ,0.0,0.0,0.0,0.0,0,0,0,1,220,0,0,0

STAR,NEVA2A,13,2
IF,NEVAK,44.212056,20.602667, ,0.0,0.0,0,0,0,0,0,0,0,0
TF,D247J,44.087383,20.519236,0, ,0.0,0.0,0.0,0.0,0,0,0,0,0,0,0,0
TF,D247L,44.076983,20.477739,0, ,0.0,0.0,0.0,0.0,0,0,0,0,0,0,0,0
TF,D247Q,44.053392,20.383878,0, ,0.0,0.0,0.0,0.0,0,0,0,0,0,0,0,1
CF,BR,43.947528,20.427806,1,KRV,314.2,10.2,134.0,5.0,0,0,0,0,0,0,0,0

STAR,NEVA2B,31,2
IF,NEVAK,44.212056,20.602667, ,0.0,0.0,0,0,0,0,0,0,0,0
TF,D358O,44.074433,20.596222,0, ,0.0,0.0,0.0,0.0,0,0,0,0,0,0,0,0
TF,D358J,43.987811,20.592181,0, ,0.0,0.0,0.0,0.0,0,0,0,0,0,0,0,0
TF,KRV,43.821222,20.584444,0, ,0.0,0.0,0.0,0.0,0,0,0,0,0,0,0,0

STAR,RAV2NA,13,2
IF,RAVAK,43.687417,21.626972, ,0.0,0.0,0,0,0,0,0,0,0,0
TF,D089T,43.701139,21.273989,0, ,0.0,0.0,0.0,0.0,0,0,0,0,0,0,0,0
TF,VTN,43.717500,20.810333,0, ,0.0,0.0,0.0,0.0,0,0,0,0,0,0,0,0
TF,BR,43.947528,20.427806,0, ,0.0,0.0,0.0,0.0,0,0,0,0,0,0,0,0

STAR,RAV2NB,31,2
IF,RAVAK,43.687417,21.626972, ,0.0,0.0,0,0,0,0,0,0,0,0
TF,D089T,43.701139,21.273989,0, ,0.0,0.0,0.0,0.0,0,0,0,0,0,0,0,0
TF,VTN,43.717500,20.810333,0, ,0.0,0.0,0.0,0.0,0,0,0,0,0,0,0,0

STAR,RAVA1H,13,5
IF,RAVAK,43.687417,21.626972, ,0.0,0.0,0,0,0,0,0,0,0,0
TF,KV107,43.805500,21.271472,0, ,0.0,0.0,0.0,0.0,0,0,0,1,250,0,0,0
TF,KV106,43.929306,20.893556,0, ,0.0,0.0,0.0,0.0,0,0,0,1,250,0,0,0
TF,KV105,44.044389,20.537333,0, ,0.0,0.0,0.0,0.0,0,0,0,1,250,0,0,0
TF,KV104,44.071472,20.452806,0, ,0.0,0.0,0.0,0.0,0,0,0,1,220,0,0,0
TF,KV101,43.992028,20.368528,0, ,0.0,0.0,0.0,0.0,0,0,0,1,220,0,0,0

STAR,RAVA1J,31,5
IF,RAVAK,43.687417,21.626972, ,0.0,0.0,0,0,0,0,0,0,0,0
TF,KV304,43.661917,21.381028,0, ,0.0,0.0,0.0,0.0,0,0,0,1,250,0,0,0
TF,KV303,43.637833,21.153778,0, ,0.0,0.0,0.0,0.0,0,0,0,1,250,0,0,0
TF,KV302,43.613333,20.926694,0, ,0.0,0.0,0.0,0.0,0,0,0,1,220,0,0,0
TF,KV301,43.647806,20.797389,0, ,0.0,0.0,0.0,0.0,0,0,0,1,220,0,0,0

STAR,RAVA2A,13,2
IF,RAVAK,43.687417,21.626972, ,0.0,0.0,0,0,0,0,0,0,0,0
TF,TPL36,43.699669,21.313092,0, ,0.0,0.0,0.0,0.0,0,0,0,0,0,0,0,0
TF,VTN,43.717500,20.810333,0, ,0.0,0.0,0.0,0.0,0,0,0,0,0,0,0,0
TF,KRV,43.821222,20.584444,0, ,0.0,0.0,0.0,0.0,0,0,0,0,0,0,0,0

STAR,RAVA2B,31,2
IF,RAVAK,43.687417,21.626972, ,0.0,0.0,0,0,0,0,0,0,0,0
TF,TPL36,43.699669,21.313092,0, ,0.0,0.0,0.0,0.0,0,0,0,0,0,0,0,0
TF,VTN,43.717500,20.810333,0, ,0.0,0.0,0.0,0.0,0,0,0,0,0,0,0,0
TF,D131I,43.719772,20.724206,0, ,0.0,0.0,0.0,0.0,0,0,0,0,0,0,0,1
DF,D135G,43.731853,20.691519,0, ,0.0,0.0,0,0,0,0,0,0,0,0

STAR,TOR2NA,13,2
IF,TORTO,43.670861,19.731306, ,0.0,0.0,0,0,0,0,0,0,0,0
TF,TPL37,43.810933,20.025231,0, ,0.0,0.0,0.0,0.0,0,0,0,0,0,0,0,0
TF,D233Y,43.921403,20.263958,0, ,0.0,0.0,0.0,0.0,0,0,0,0,0,0,0,0
TF,D233T,43.963819,20.355103,0, ,0.0,0.0,0.0,0.0,0,0,0,0,0,0,0,1
DF,BR,43.947528,20.427806,0, ,0.0,0.0,0,0,0,0,0,0,0,0

STAR,TOR2NB,31,2
IF,TORTO,43.670861,19.731306, ,0.0,0.0,0,0,0,0,0,0,0,0
TF,D204Q,43.691342,20.240192,0, ,0.0,0.0,0.0,0.0,0,0,0,0,0,0,0,0
TF,D263J,43.708839,20.588214,0, ,0.0,0.0,0.0,0.0,0,0,0,0,0,0,0,0
TF,VTN,43.717500,20.810333,0, ,0.0,0.0,0.0,0.0,0,0,0,0,0,0,0,0

STAR,TORT1K,13,5
IF,TORTO,43.670861,19.731306, ,0.0,0.0,0,0,0,0,0,0,0,0
TF,KV109,43.823722,20.032889,0, ,0.0,0.0,0.0,0.0,0,0,0,1,250,0,0,0
TF,KV108,43.925611,20.235639,0, ,0.0,0.0,0.0,0.0,0,0,0,1,250,0,0,0
TF,KV101,43.992028,20.368528,0, ,0.0,0.0,0.0,0.0,0,0,0,1,220,0,0,0

STAR,TORT1L,31,5
IF,TORTO,43.670861,19.731306, ,0.0,0.0,0,0,0,0,0,0,0,0
TF,KV314,43.670278,20.014139,0, ,0.0,0.0,0.0,0.0,0,0,0,1,250,0,0,0
TF,KV313,43.669306,20.239306,0, ,0.0,0.0,0.0,0.0,0,0,0,1,250,0,0,0
TF,KV312,43.593028,20.567278,0, ,0.0,0.0,0.0,0.0,0,0,0,1,250,0,0,0
TF,KV311,43.519417,20.879222,0, ,0.0,0.0,0.0,0.0,0,0,0,1,220,0,0,0
TF,KV302,43.613333,20.926694,0, ,0.0,0.0,0.0,0.0,0,0,0,1,220,0,0,0
TF,KV301,43.647806,20.797389,0, ,0.0,0.0,0.0,0.0,0,0,0,1,220,0,0,0

STAR,TORT3A,13,2
IF,TORTO,43.670861,19.731306, ,0.0,0.0,0,0,0,0,0,0,0,0
TF,TPL37,43.810933,20.025231,0, ,0.0,0.0,0.0,0.0,0,0,0,0,0,0,0,0
TF,TPL27,43.901519,20.221325,0, ,0.0,0.0,0.0,0.0,0,0,0,0,0,0,0,0
TF,D233Y,43.921403,20.263958,0, ,0.0,0.0,0.0,0.0,0,0,0,0,0,0,0,0
TF,D233T,43.963819,20.355103,0, ,0.0,0.0,0.0,0.0,0,0,0,0,0,0,0,1
DF,BR,43.947528,20.427806,2, ,0.0,0.0,0,0,0,0,0,0,0,0

STAR,TORT3B,31,2
IF,TORTO,43.670861,19.731306, ,0.0,0.0,0,0,0,0,0,0,0,0
TF,D252M,43.771528,20.297989,0, ,0.0,0.0,0.0,0.0,0,0,0,0,0,0,0,0
TF,KRV,43.821222,20.584444,0, ,0.0,0.0,0.0,0.0,0,0,0,0,0,0,0,0

STAR,VAL1A,13,5
IF,VAL,44.323889,19.874694, ,0.0,0.0,0,0,0,0,0,0,0,0
TF,KV103,44.159611,20.120222,0, ,0.0,0.0,0.0,0.0,0,0,0,1,250,0,0,0
TF,KV102,44.060472,20.267389,0, ,0.0,0.0,0.0,0.0,0,0,0,1,250,0,0,0
TF,KV101,43.992028,20.368528,0, ,0.0,0.0,0.0,0.0,0,0,0,1,250,0,0,0

STAR,VAL1B,31,5
IF,VAL,44.323889,19.874694, ,0.0,0.0,0,0,0,0,0,0,0,0
TF,KV310,44.141972,20.219778,0, ,0.0,0.0,0.0,0.0,0,0,0,1,250,0,0,0
TF,KV309,44.025556,20.438444,0, ,0.0,0.0,0.0,0.0,0,0,0,1,250,0,0,0
TF,KV308,43.906250,20.660861,0, ,0.0,0.0,0.0,0.0,0,0,0,1,250,0,0,0
TF,KV306,43.806500,20.845528,0, ,0.0,0.0,0.0,0.0,0,0,0,1,220,0,0,0
TF,KV305,43.714583,20.900056,0, ,0.0,0.0,0.0,0.0,0,0,0,1,220,0,0,0
TF,KV301,43.647806,20.797389,0, ,0.0,0.0,0.0,0.0,0,0,0,1,220,0,0,0

STAR,VAL2NA,13,2
IF,VAL,44.323889,19.874694, ,0.0,0.0,0,0,0,0,0,0,0,0
TF,D129N,44.160531,20.116119,0, ,0.0,0.0,0.0,0.0,0,0,0,0,0,0,0,0
TF,BR,43.947528,20.427806,0, ,0.0,0.0,0.0,0.0,0,0,0,0,0,0,0,0

STAR,VAL2NB,31,2
IF,VAL,44.323889,19.874694, ,0.0,0.0,0,0,0,0,0,0,0,0
TF,BR,43.947528,20.427806,0, ,0.0,0.0,0.0,0.0,0,0,0,0,0,0,0,0
TF,VTN,43.717500,20.810333,0, ,0.0,0.0,0.0,0.0,0,0,0,0,0,0,0,0

STAR,VAL2P,13,2
IF,VAL,44.323889,19.874694, ,0.0,0.0,0,0,0,0,0,0,0,0
TF,D129N,44.160531,20.116119,0, ,0.0,0.0,0.0,0.0,0,0,0,0,0,0,0,0
TF,BR,43.947528,20.427806,0, ,0.0,0.0,0.0,0.0,0,0,0,0,0,0,0,0

STAR,VAL2S,31,2
IF,VAL,44.323889,19.874694, ,0.0,0.0,0,0,0,0,0,0,0,0
TF,D130N,44.162017,20.105256,0, ,0.0,0.0,0.0,0.0,0,0,0,0,0,0,0,0
TF,D310O,43.996933,20.338417,0, ,0.0,0.0,0.0,0.0,0,0,0,0,0,0,0,0
TF,KRV,43.821222,20.584444,0, ,0.0,0.0,0.0,0.0,0,0,0,0,0,0,0,0

APPTR,D13,13,KRV1
IF,KRV,43.821222,20.584444, ,0.0,0.0,2,5000,0,0,0,0,1,0
CF,D340J,43.984633,20.519542,0,KRV,340.0,10.2,340.0,10.2,2,4100,0,0,0,0,0,1
CF,BR,43.947528,20.427806,1,KRV,314.2,10.2,134.0,1.0,2,4100,0,0,0,0,0,0

APPTR,D13,13,KRV2
IF,KRV,43.821222,20.584444, ,0.0,0.0,2,5000,0,0,0,0,1,0
CF,D323J,43.963819,20.456356,0,KRV,323.0,10.2,323.0,10.2,2,4100,0,0,0,0,0,1
CF,BR,43.947528,20.427806,1,KRV,314.2,10.2,134.0,1.0,2,4100,0,0,0,0,0,0

FINAL,D13,13,D,3
IF,BR,43.947528,20.427806,KRV,314.2,10.2,2,4100,0,0,0,0,2,0
CF,29VOR,43.857228,20.539886,0,KRV,314.2,2.9,134.0,7.3,2,1590,0,0,0,0,0,0
CF,MD13,43.833606,20.569036,0,KRV,314.0,0.0,134.0,1.9,1,946,0,0,0,0,3,0
CA,0,134.0,2,1100,0,0,0,0,0,0
DF,AD,43.754417,20.664278,0, ,0.0,0.0,0,0,0,0,0,0,0,0
CF,VTN,43.717500,20.810333,0,KRV,118.3,11.6,105.0,6.7,1,5500,0,0,0,0,0,0
HM,VTN,43.717500,20.810333,1, ,0.0,0.0,285.0,04.3,0,0,0,0,0,0,0,0,0

APPTR,D31,31,D135G
IF,D135G,43.731853,20.691519, ,0.0,0.0,2,2800,0,0,0,0,1,0
CF,FD31,43.758297,20.659881,0,KRV,135.0,5.0,315.0,2.1,2,2200,0,0,0,0,0,0

APPTR,D31,31,KRV
IF,KRV,43.821222,20.584444, ,0.0,0.0,2,4000,0,0,0,0,1,0
CF,D164E,43.739697,20.608342,0,KRV,164.0,5.0,164.0,5.0,2,2200,0,1,190,0,0,1
CF,FD31,43.758297,20.659881,1,KRV,135.0,5.0,315.0,1.0,2,2200,0,0,0,0,0,0

FINAL,D31,31,D,3
IF,FD31,43.758297,20.659881,KRV,135.0,5.0,2,2200,0,0,0,0,2,0
CF,28VOR,43.785989,20.626708,0,KRV,135.0,2.8,315.0,2.2,2,1440,0,0,0,0,0,0
CF,MD31,43.808639,20.599544,0,KRV,135.0,0.0,315.0,1.8,1,795,0,0,0,0,3,0
CF,KRV,43.821222,20.584444,0,KRV,0.0,0.0,315.0,1.0,2,1100,0,0,0,0,0,0
CF,BR,43.947528,20.427806,0,KRV,314.2,10.2,314.0,10.2,1,4100,0,0,0,0,0,0
HM,BR,43.947528,20.427806,2, ,0.0,0.0,134.0,04.3,0,0,0,0,0,0,0,0,0

APPTR,N13,13,BR
FC,BR,43.947528,20.427806,0,TPL,0.0,0.0,271.0,3.2,2,4100,0,1,185,0,1,1
CF,BR,43.947528,20.427806,2,TPL,225.5,18.1,135.0,4.0,2,4100,0,0,0,0,0,0

FINAL,N13,13,N,3
IF,BR,43.947528,20.427806,BR,0.0,0.0,2,4100,0,0,0,0,2,0
CF,LA,43.856167,20.538639,0,BR,0.0,0.0,135.0,7.3,2,1630,0,0,0,0,0,0
CF,KR,43.834250,20.565972,0,BR,0.0,0.0,135.0,1.8,1,992,0,0,0,0,3,0
CF,AD,43.754417,20.664278,0,TPL,184.5,23.6,134.0,6.4,0,0,0,0,0,0,0,1
CF,VTN,43.717500,20.810333,0,TPL,169.6,25.7,105.0,6.7,1,4300,0,0,0,0,0,0
HM,VTN,43.717500,20.810333,2, ,0.0,0.0,270.0,04.3,1,4300,0,1,220,0,0,0,0

APPTR,N31,31,VTN1
IF,VTN,43.717500,20.810333, ,0.0,0.0,2,5400,0,0,0,0,1,0
HF,VTN,43.717500,20.810333,1, ,0.0,0.0,285.0,04.3,2,4000,0,1,220,0,0,0,0
CF,AD,43.754417,20.664278,0,TPL,184.5,23.6,285.0,6.7,2,2300,0,0,0,0,0,0

APPTR,N31,31,VTN2
IF,VTN,43.717500,20.810333, ,0.0,0.0,2,4300,0,0,0,0,1,0
HF,VTN,43.717500,20.810333,1, ,0.0,0.0,285.0,04.3,2,4000,0,1,170,0,0,0,0
CF,AD,43.754417,20.664278,0,TPL,184.5,23.6,285.0,6.7,2,2300,0,0,0,0,0,0

FINAL,N31,31,N,3
IF,AD,43.754417,20.664278,BR,0.0,0.0,2,2300,0,0,0,0,2,0
CF,ML,43.785417,20.626417,0,BR,0.0,0.0,314.0,2.5,2,1440,0,0,0,0,0,0
CF,RW31,43.810319,20.595786,0,BR,0.0,0.0,314.0,2.0,1,729,0,0,0,0,3,0
CF,BR,43.947528,20.427806,0,TPL,225.5,18.1,314.0,11.0,1,4100,0,0,0,0,0,0
HM,BR,43.947528,20.427806,2, ,0.0,0.0,134.0,04.3,1,4100,0,1,210,0,0,0,0

FINAL,R13,13,R,3
IF,KV101,43.992028,20.368528, ,0.0,0.0,2,3400,0,0,0,0,0,0
TF,KV13F,43.907500,20.474472,0, ,0.0,0.0,134.0,6.8,2,3000,0,0,0,0,2,0
TF,KV13M,43.837833,20.561500,0, ,0.0,0.0,134.0,5.6,1,1087,0,0,0,0,3,1
TF,KV111,43.743250,20.679167,0, ,0.0,0.0,0.0,0.0,0,0,0,0,0,0,0,0
TF,VTN,43.717500,20.810333,0, ,0.0,0.0,0.0,0.0,2,3000,0,1,220,0,0,0
HM,VTN,43.717500,20.810333,2, ,0.0,0.0,270.0,04.3,2,4300,0,1,220,0,0,0,0

FINAL,R31,31,R,3
IF,KV301,43.647806,20.797389, ,0.0,0.0,2,4000,0,0,0,0,0,0
TF,KV31F,43.709833,20.720639,0, ,0.0,0.0,314.0,5.0,2,3500,0,0,0,0,2,0
TF,RW31,43.810319,20.595786,0, ,0.0,0.0,314.0,8.2,1,729,0,0,0,0,3,1
TF,KV333,43.946278,20.425917,0, ,0.0,0.0,0.0,0.0,2,2600,0,0,0,0,0,0
HM,KV333,43.946278,20.425917,2, ,0.0,0.0,137.0,04.3,2,4200,0,1,220,0,0,0,0

