SID,BLC3G,29,2
CA,0,290.0,2,1200,0,0,0,0,0,0
CF,BLC,43.248694,21.361639,0,NIS,250.1,21.2,245.0,20.0,0,0,0,1,220,0,0,0

SID,BLC5F,11,2
CA,0,110.0,2,1200,0,0,0,0,0,0
CF,BLC,43.248694,21.361639,2,NIS,250.1,21.2,265.0,22.0,0,0,0,1,220,0,0,0

SID,NIS1RC,11,5
CF,NI115,43.295361,22.201111,0,NIS,96.5,16.7,95.0,14.7,0,0,0,1,250,0,0,0
TF,NISVA,42.972778,22.797500,0, ,0.0,0.0,0.0,0.0,2,9000,0,1,250,0,0,0

SID,NIS1RD,29,5
CA,0,295.0,2,1200,0,1,220,0,0,0
DF,NI291,43.156278,21.723028,1, ,0.0,0.0,2,3100,0,1,220,0,0,0
TF,NISVA,42.972778,22.797500,0, ,0.0,0.0,0.0,0.0,2,9000,0,1,250,0,0,0

SID,NISV1S,11,2
CA,0,110.0,2,1200,0,0,0,0,0,0
DF,ZO,43.183639,21.724639,2, ,0.0,0.0,0,0,0,1,220,0,0,1
CF,D100X,43.148447,21.895769,1,BLC,100.2,24.2,68.0,6.0,0,0,0,0,0,0,0,0
TF,NISVA,42.972778,22.797500,0, ,0.0,0.0,0.0,0.0,0,0,0,0,0,0,0,0

SID,NISV4C,11,2
CA,0,110.0,2,1200,0,0,0,0,0,0
DF,ZO,43.183639,21.724639,2, ,0.0,0.0,0,0,0,1,220,0,0,1
CF,D100X,43.148447,21.895769,1,BLC,100.2,24.2,68.0,6.0,0,0,0,0,0,0,0,0
TF,NISVA,42.972778,22.797500,0, ,0.0,0.0,0.0,0.0,0,0,0,0,0,0,0,0

SID,NISV6D,29,2
CA,0,290.0,2,1200,0,0,0,0,0,0
DF,ZO,43.183639,21.724639,1, ,0.0,0.0,0,0,0,1,220,0,0,1
DF,D100V,43.157664,21.847286,1, ,0.0,0.0,0,0,0,0,0,0,0,0
TF,NISVA,42.972778,22.797500,0, ,0.0,0.0,0.0,0.0,0,0,0,0,0,0,0,0

SID,RAV1NS,11,2
CA,0,110.0,2,1200,0,0,0,0,0,0
DF,ZO,43.183639,21.724639,2, ,0.0,0.0,2,5000,0,1,220,0,0,1
DF,NS,43.303444,21.825028,1, ,0.0,0.0,2,8000,0,0,0,0,0,0
TF,RAVAK,43.687417,21.626972,0, ,0.0,0.0,0.0,0.0,2,9000,0,0,0,0,0,0

SID,RAV1NT,29,2
CA,0,290.0,2,1200,0,0,0,0,0,0
DF,ZO,43.183639,21.724639,1, ,0.0,0.0,2,4500,0,1,220,0,0,1
DF,NS,43.303444,21.825028,1, ,0.0,0.0,2,6000,0,0,0,0,0,0
TF,RAVAK,43.687417,21.626972,0, ,0.0,0.0,0.0,0.0,2,9000,0,0,0,0,0,0

SID,RAV1RC,11,5
CF,NI110,43.307750,21.946472,0,NIS,109.9,5.7,110.0,3.7,0,0,0,1,220,0,0,0
TF,NI116,43.334389,22.020167,0, ,0.0,0.0,0.0,0.0,0,0,0,1,220,0,0,0
TF,NI117,43.393944,22.040000,0, ,0.0,0.0,0.0,0.0,0,0,0,1,220,0,0,0
TF,NI118,43.556389,21.875639,0, ,0.0,0.0,0.0,0.0,0,0,0,1,250,0,0,0
TF,RAVAK,43.687417,21.626972,0, ,0.0,0.0,0.0,0.0,2,7000,0,1,250,0,0,0

SID,RAV1RD,11,5
CF,NI110,43.307750,21.946472,0,NIS,109.9,5.7,110.0,3.7,0,0,0,1,220,0,0,0
TF,NI111,43.250139,21.969667,0, ,0.0,0.0,0.0,0.0,0,0,0,1,220,0,0,0
TF,NI112,43.199083,21.923278,0, ,0.0,0.0,0.0,0.0,0,0,0,1,220,0,0,0
TF,NI113,43.186556,21.772056,0, ,0.0,0.0,0.0,0.0,0,0,0,1,220,0,0,0
TF,NI114,43.392139,21.712806,0, ,0.0,0.0,0.0,0.0,0,0,0,1,250,0,0,0
TF,RAVAK,43.687417,21.626972,0, ,0.0,0.0,0.0,0.0,2,7000,0,1,250,0,0,0

SID,RAV1RE,29,5
CA,0,295.0,2,1200,0,1,220,0,0,0
DF,NI292,43.141944,21.722167,1, ,0.0,0.0,2,3100,0,1,220,0,0,0
TF,NI293,43.138111,21.841722,0, ,0.0,0.0,0.0,0.0,2,4100,0,1,220,0,0,0
TF,NIS,43.346472,21.827056,0, ,0.0,0.0,0.0,0.0,2,6500,0,1,250,0,0,0
TF,NI294,43.472306,21.753472,0, ,0.0,0.0,0.0,0.0,0,0,0,1,250,0,0,0
TF,RAVAK,43.687417,21.626972,0, ,0.0,0.0,0.0,0.0,2,7000,0,1,250,0,0,0

SID,RAV1RF,29,5
CA,0,295.0,2,1200,0,1,220,0,0,0
DF,NI294,43.472306,21.753472,0, ,0.0,0.0,2,3200,0,1,220,0,0,0
TF,RAVAK,43.687417,21.626972,0, ,0.0,0.0,0.0,0.0,2,7000,0,1,250,0,0,0

SID,RAVA1S,11,2
CA,0,110.0,2,1200,0,0,0,0,0,0
CF,D027M,43.484464,21.974483,1,BLC,58.0,30.3,359.0,8.0,0,0,0,1,220,0,0,0
CF,D349P,43.602317,21.783822,0,BLC,36.9,28.1,302.0,10.0,0,0,0,0,0,0,0,0
TF,RAVAK,43.687417,21.626972,0, ,0.0,0.0,0.0,0.0,0,0,0,0,0,0,0,0

SID,RAVA1T,29,2
DF,DER29,43.341242,21.841286,0, ,0.0,0.0,0,0,0,0,0,0,0,1
CA,0,290.0,2,1200,0,0,0,0,0,0
CI,0, ,0.0,360.0,2,2500,0,1,220,0,0,0
CF,RAVAK,43.687417,21.626972,0,BLC,19.7,28.8,335.0,17.0,2,6000,0,0,0,0,0,0

SID,RAVA5D,29,2
CA,0,290.0,2,1200,0,0,0,0,0,0
DF,ZO,43.183639,21.724639,1, ,0.0,0.0,0,0,0,1,220,0,0,1
DF,NIS,43.346472,21.827056,1, ,0.0,0.0,0,0,0,0,0,0,0,0
TF,RAVAK,43.687417,21.626972,0, ,0.0,0.0,0.0,0.0,0,0,0,0,0,0,0,0

SID,RAVA5E,29,2
DF,DER29,43.341242,21.841286,0, ,0.0,0.0,0,0,0,0,0,0,0,1
CA,0,290.0,2,1200,0,0,0,0,0,0
CI,0, ,0.0,10.0,0,0,0,0,0,0,0,0
CF,D340R,43.630036,21.715094,0,NIS,340.0,17.7,340.0,14.0,0,0,0,0,0,0,0,0
CF,RAVAK,43.687417,21.626972,0,TPL,121.3,47.1,302.0,5.0,2,6000,0,0,0,0,0,0

SID,RAVA5F,11,2
CA,0,110.0,2,1200,0,0,0,0,0,0
CF,D034K,43.484303,21.975047,1,NIS,34.0,10.5,359.0,8.0,0,0,0,1,220,0,0,1
CF,D349P,43.602317,21.783822,0,NIS,349.0,15.5,302.0,10.0,0,0,0,0,0,0,0,0
TF,RAVAK,43.687417,21.626972,0, ,0.0,0.0,0.0,0.0,0,0,0,0,0,0,0,0

SID,RAVA5G,11,2
CA,0,110.0,2,1200,0,0,0,0,0,0
DF,NIS,43.346472,21.827056,2, ,0.0,0.0,0,0,0,1,220,0,0,0
CD, ,0,0,0,NIS,0,0.0,359.0,12.4,0,0,0,0,0,0,0,0
CF,D349P,43.602317,21.783822,0,NIS,349.0,15.5,302.0,3.0,0,0,0,0,0,0,0,0
TF,RAVAK,43.687417,21.626972,0, ,0.0,0.0,0.0,0.0,0,0,0,0,0,0,0,0

SID,VAG1RC,11,5
CF,NI110,43.307750,21.946472,0,NIS,109.9,5.7,110.0,3.7,0,0,0,1,220,0,0,0
TF,NI111,43.250139,21.969667,0, ,0.0,0.0,0.0,0.0,0,0,0,1,220,0,0,0
TF,NI112,43.199083,21.923278,0, ,0.0,0.0,0.0,0.0,0,0,0,1,220,0,0,0
TF,VAGEN,42.724583,22.077806,0, ,0.0,0.0,0.0,0.0,2,9000,0,1,250,0,0,0

SID,VAG1RD,29,5
CA,0,295.0,2,1200,0,1,220,0,0,0
DF,ZO,43.183639,21.724639,1, ,0.0,0.0,2,3100,0,1,220,0,0,0
TF,VAGEN,42.724583,22.077806,0, ,0.0,0.0,0.0,0.0,2,9000,0,1,250,0,0,0

SID,VAGE1S,11,2
CA,0,110.0,2,1200,0,0,0,0,0,0
DF,ZO,43.183639,21.724639,2, ,0.0,0.0,0,0,0,1,220,0,0,1
CF,D112V,43.087036,21.811383,1,BLC,112.0,22.0,112.0,5.0,0,0,0,0,0,0,0,0
TF,PERAD,42.872278,22.018722,0, ,0.0,0.0,0.0,0.0,2,10000,0,0,0,0,0,0
TF,VAGEN,42.724583,22.077806,0, ,0.0,0.0,0.0,0.0,0,0,0,0,0,0,0,0

SID,VAGE1T,29,2
CA,0,290.0,2,1200,0,0,0,0,0,0
DF,ZO,43.183639,21.724639,1, ,0.0,0.0,0,0,0,1,220,0,0,0
TF,PERAD,42.872278,22.018722,0, ,0.0,0.0,0.0,0.0,2,10000,0,0,0,0,0,0
TF,VAGEN,42.724583,22.077806,0, ,0.0,0.0,0.0,0.0,0,0,0,0,0,0,0,0

SID,VAGE5C,11,2
CA,0,110.0,2,1200,0,0,0,0,0,0
DF,ZO,43.183639,21.724639,2, ,0.0,0.0,0,0,0,1,220,0,0,1
CF,D112V,43.087036,21.811383,1,NIS,178.5,15.6,112.0,5.0,0,0,0,0,0,0,0,0
TF,PERAD,42.872278,22.018722,0, ,0.0,0.0,0.0,0.0,0,0,0,0,0,0,0,0
TF,VAGEN,42.724583,22.077806,0, ,0.0,0.0,0.0,0.0,0,0,0,0,0,0,0,0

SID,VAGE5D,29,2
CA,0,290.0,2,1200,0,0,0,0,0,0
DF,ZO,43.183639,21.724639,1, ,0.0,0.0,0,0,0,1,220,0,0,0
TF,PERAD,42.872278,22.018722,0, ,0.0,0.0,0.0,0.0,0,0,0,0,0,0,0,0
TF,VAGEN,42.724583,22.077806,0, ,0.0,0.0,0.0,0.0,0,0,0,0,0,0,0,0

SID,VTN1RC,11,5
CF,NI110,43.307750,21.946472,0,NIS,109.9,5.7,110.0,3.7,0,0,0,1,220,0,0,0
TF,NI111,43.250139,21.969667,0, ,0.0,0.0,0.0,0.0,0,0,0,1,220,0,0,0
TF,NI112,43.199083,21.923278,0, ,0.0,0.0,0.0,0.0,0,0,0,1,220,0,0,0
TF,NI113,43.186556,21.772056,0, ,0.0,0.0,0.0,0.0,0,0,0,1,220,0,0,0
TF,NI114,43.392139,21.712806,0, ,0.0,0.0,0.0,0.0,0,0,0,1,250,0,0,0
TF,KOSOR,43.546417,21.323417,0, ,0.0,0.0,0.0,0.0,2,6600,0,1,250,0,0,0
TF,VTN,43.717500,20.810333,0, ,0.0,0.0,0.0,0.0,2,7000,0,1,250,0,0,0

SID,VTN1RD,29,5
CA,0,295.0,2,1200,0,1,220,0,0,0
CF,KOSOR,43.546417,21.323417,0,NIS,294.8,25.1,295.0,25.8,2,6600,0,1,220,0,0,0
TF,VTN,43.717500,20.810333,0, ,0.0,0.0,0.0,0.0,2,7000,0,1,250,0,0,0

SID,VTN1S,11,2
CA,0,110.0,2,1200,0,0,0,0,0,0
DF,JST,43.424611,21.631306,2, ,0.0,0.0,0,0,0,1,220,0,0,0
TF,KOSOR,43.546417,21.323417,0, ,0.0,0.0,0.0,0.0,0,0,0,0,0,0,0,0
TF,VTN,43.717500,20.810333,0, ,0.0,0.0,0.0,0.0,0,0,0,0,0,0,0,0

SID,VTN1T,29,2
CA,0,290.0,2,1050,0,0,0,0,0,0
CF,JST,43.424611,21.631306,0,BLC,44.1,15.8,295.0,8.6,2,4000,0,0,0,0,0,0
TF,KOSOR,43.546417,21.323417,0, ,0.0,0.0,0.0,0.0,0,0,0,0,0,0,0,0
TF,VTN,43.717500,20.810333,0, ,0.0,0.0,0.0,0.0,0,0,0,0,0,0,0,0

SID,VTN3D,29,2
CA,0,290.0,2,1050,0,0,0,0,0,0
CF,JST,43.424611,21.631306,0,NIS,294.8,9.8,295.0,10.0,2,4000,0,0,0,0,0,0
TF,KOSOR,43.546417,21.323417,0, ,0.0,0.0,0.0,0.0,0,0,0,0,0,0,0,0
TF,VTN,43.717500,20.810333,0, ,0.0,0.0,0.0,0.0,0,0,0,0,0,0,0,0

SID,VTN4C,11,2
CA,0,110.0,2,1200,0,0,0,0,0,0
DF,JST,43.424611,21.631306,2, ,0.0,0.0,0,0,0,1,220,0,0,0
TF,KOSOR,43.546417,21.323417,0, ,0.0,0.0,0.0,0.0,0,0,0,0,0,0,0,0
TF,VTN,43.717500,20.810333,0, ,0.0,0.0,0.0,0.0,0,0,0,0,0,0,0,0

STAR,BLC1R,11,2
IF,BLC,43.248694,21.361639, ,0.0,0.0,0,0,0,0,0,0,0,0
TF,D025J,43.400211,21.476864,0, ,0.0,0.0,0.0,0.0,0,0,0,0,0,0,0,0
TF,D025M,43.436275,21.504389,0, ,0.0,0.0,0.0,0.0,0,0,0,0,0,0,0,0
CF,D295O,43.451367,21.564997,0,BLC,32.1,15.1,115.0,2.0,0,0,0,0,0,0,0,0
TF,JST,43.424611,21.631306,0, ,0.0,0.0,0.0,0.0,0,0,0,0,0,0,0,0

STAR,BLC7E,11,2
IF,BLC,43.248694,21.361639, ,0.0,0.0,0,0,0,0,0,0,0,0
TF,D025J,43.400211,21.476864,0, ,0.0,0.0,0.0,0.0,0,0,0,0,0,0,0,0
TF,D025M,43.436275,21.504389,0, ,0.0,0.0,0.0,0.0,0,0,0,0,0,0,0,1
DF,RIBAR,43.450194,21.566222,0, ,0.0,0.0,0,0,0,0,0,0,0,0
TF,JST,43.424611,21.631306,0, ,0.0,0.0,0.0,0.0,0,0,0,0,0,0,0,0

STAR,OBLA1B,29,2
IF,OBLAK,43.486833,22.363944, ,0.0,0.0,0,0,0,0,0,0,0,0
TF,NIS,43.346472,21.827056,0, ,0.0,0.0,0.0,0.0,0,0,0,0,0,0,0,0
FD,NIS,43.346472,21.827056,0,NIS,0.0,5.7,287.0,5.7,0,0,0,0,0,0,0,0
CF,NIS,43.346472,21.827056,1,NIS,0.0,0.0,70.0,4.0,0,0,0,0,0,0,0,0

STAR,OBLA1G,11,5
IF,OBLAK,43.486833,22.363944, ,0.0,0.0,0,0,0,0,0,0,0,0
TF,LAMOV,43.499278,21.616222,0, ,0.0,0.0,0.0,0.0,0,0,0,1,220,0,0,0
TF,NI104,43.529000,21.521556,0, ,0.0,0.0,0.0,0.0,0,0,0,1,220,0,0,0
TF,NI102,43.455833,21.478250,0, ,0.0,0.0,0.0,0.0,0,0,0,1,220,0,0,0

STAR,OBLA1H,29,5
IF,OBLAK,43.486833,22.363944, ,0.0,0.0,0,0,0,0,0,0,0,0
TF,NI902,43.380472,22.308167,0, ,0.0,0.0,0.0,0.0,0,0,0,1,250,0,0,0
TF,NI901,43.273972,22.252639,0, ,0.0,0.0,0.0,0.0,0,0,0,1,220,0,0,0

STAR,OBLA1R,11,2
IF,OBLAK,43.486833,22.363944, ,0.0,0.0,0,0,0,0,0,0,0,0
TF,JST,43.424611,21.631306,0, ,0.0,0.0,0.0,0.0,0,0,0,0,0,0,0,0

STAR,OBLA2A,11,2
IF,OBLAK,43.486833,22.363944, ,0.0,0.0,0,0,0,0,0,0,0,0
TF,NIS,43.346472,21.827056,0, ,0.0,0.0,0.0,0.0,0,0,0,0,0,0,0,0

STAR,OKAN1B,29,2
IF,OKANA,42.846389,22.493056, ,0.0,0.0,0,0,0,0,0,0,0,0
TF,D132J,43.227522,21.986928,0, ,0.0,0.0,0.0,0.0,0,0,0,0,0,0,0,0
TF,NIS,43.346472,21.827056,0, ,0.0,0.0,0.0,0.0,0,0,0,0,0,0,0,0
FD,NIS,43.346472,21.827056,0,NIS,0.0,5.7,287.0,5.7,0,0,0,0,0,0,0,0
CF,NIS,43.346472,21.827056,1,NIS,0.0,0.0,70.0,4.0,0,0,0,0,0,0,0,0

STAR,OKAN1G,11,5
IF,OKANA,42.846389,22.493056, ,0.0,0.0,0,0,0,0,0,0,0,0
TF,NI105,43.227528,21.986917,0, ,0.0,0.0,0.0,0.0,0,0,0,1,250,0,0,0
TF,NIS,43.346472,21.827056,0, ,0.0,0.0,0.0,0.0,0,0,0,1,250,0,0,0
TF,LAMOV,43.499278,21.616222,0, ,0.0,0.0,0.0,0.0,0,0,0,1,220,0,0,0
TF,NI104,43.529000,21.521556,0, ,0.0,0.0,0.0,0.0,0,0,0,1,220,0,0,0
TF,NI102,43.455833,21.478250,0, ,0.0,0.0,0.0,0.0,0,0,0,1,220,0,0,0

STAR,OKAN1H,29,5
IF,OKANA,42.846389,22.493056, ,0.0,0.0,0,0,0,0,0,0,0,0
TF,NI903,43.101500,22.375250,0, ,0.0,0.0,0.0,0.0,0,0,0,1,250,0,0,0
TF,NI901,43.273972,22.252639,0, ,0.0,0.0,0.0,0.0,0,0,0,1,220,0,0,0

STAR,OKAN1R,11,2
IF,OKANA,42.846389,22.493056, ,0.0,0.0,0,0,0,0,0,0,0,0
TF,ZO,43.183639,21.724639,0, ,0.0,0.0,0.0,0.0,0,0,0,0,0,0,0,0
TF,JST,43.424611,21.631306,0, ,0.0,0.0,0.0,0.0,0,0,0,0,0,0,0,0

STAR,OKAN3A,11,2
IF,OKANA,42.846389,22.493056, ,0.0,0.0,0,0,0,0,0,0,0,0
TF,D132J,43.227522,21.986928,0, ,0.0,0.0,0.0,0.0,0,0,0,0,0,0,0,0
TF,NIS,43.346472,21.827056,0, ,0.0,0.0,0.0,0.0,0,0,0,0,0,0,0,0

STAR,RAMA1B,29,2
IF,RAMAP,43.418361,20.891111, ,0.0,0.0,0,0,0,0,0,0,0,0
TF,BLC,43.248694,21.361639,0, ,0.0,0.0,0.0,0.0,0,0,0,0,0,0,0,0
TF,NIS,43.346472,21.827056,0, ,0.0,0.0,0.0,0.0,0,0,0,0,0,0,0,0

STAR,RAMA1G,11,5
IF,RAMAP,43.418361,20.891111, ,0.0,0.0,0,0,0,0,0,0,0,0
TF,NI103,43.505722,21.318667,0, ,0.0,0.0,0.0,0.0,0,0,0,1,250,0,0,0
TF,NI102,43.455833,21.478250,0, ,0.0,0.0,0.0,0.0,0,0,0,1,220,0,0,0

STAR,RAMA1H,29,5
IF,RAMAP,43.418361,20.891111, ,0.0,0.0,0,0,0,0,0,0,0,0
TF,NI103,43.505722,21.318667,0, ,0.0,0.0,0.0,0.0,0,0,0,1,250,0,0,0
TF,NI104,43.529000,21.521556,0, ,0.0,0.0,0.0,0.0,0,0,0,1,250,0,0,0
TF,LAMOV,43.499278,21.616222,0, ,0.0,0.0,0.0,0.0,0,0,0,1,250,0,0,0
TF,NI906,43.453111,21.888278,0, ,0.0,0.0,0.0,0.0,0,0,0,1,250,0,0,0
TF,NI904,43.403750,22.174750,0, ,0.0,0.0,0.0,0.0,0,0,0,1,250,0,0,0
TF,NI902,43.380472,22.308167,0, ,0.0,0.0,0.0,0.0,0,0,0,1,250,0,0,0
TF,NI901,43.273972,22.252639,0, ,0.0,0.0,0.0,0.0,0,0,0,1,220,0,0,0

STAR,RAMA1R,11,2
IF,RAMAP,43.418361,20.891111, ,0.0,0.0,0,0,0,0,0,0,0,0
TF,D292C,43.270953,21.300361,0, ,0.0,0.0,0.0,0.0,0,0,0,0,0,0,0,0
CF,D025J,43.400211,21.476864,0,BLC,25.0,10.4,25.0,10.0,0,0,0,0,0,0,0,0
TF,D025M,43.436275,21.504389,0, ,0.0,0.0,0.0,0.0,0,0,0,0,0,0,0,0
CF,D295O,43.451367,21.564997,0,BLC,32.1,15.1,115.0,2.0,0,0,0,0,0,0,0,0
TF,JST,43.424611,21.631306,0, ,0.0,0.0,0.0,0.0,0,0,0,0,0,0,0,0

STAR,RAMA3A,11,2
IF,RAMAP,43.418361,20.891111, ,0.0,0.0,0,0,0,0,0,0,0,0
TF,D292C,43.270953,21.300361,0, ,0.0,0.0,0.0,0.0,0,0,0,0,0,0,0,1
CF,D025J,43.400211,21.476864,0,BLC,25.0,10.4,25.0,10.0,0,0,0,0,0,0,0,0
TF,D025M,43.436275,21.504389,0, ,0.0,0.0,0.0,0.0,0,0,0,0,0,0,0,1
DF,RIBAR,43.450194,21.566222,0, ,0.0,0.0,0,0,0,0,0,0,0,0
TF,JST,43.424611,21.631306,0, ,0.0,0.0,0.0,0.0,0,0,0,0,0,0,0,0

STAR,SOSE1B,29,2
IF,SOSEK,43.780500,20.955500, ,0.0,0.0,0,0,0,0,0,0,0,0
TF,D327Z,43.631208,21.070344,0, ,0.0,0.0,0.0,0.0,0,0,0,0,0,0,0,0
TF,KOSOR,43.546417,21.323417,0, ,0.0,0.0,0.0,0.0,0,0,0,0,0,0,0,0
TF,SILAG,43.481861,21.486222,0, ,0.0,0.0,0.0,0.0,0,0,0,0,0,0,0,0
TF,RIBAR,43.450194,21.566222,0, ,0.0,0.0,0.0,0.0,0,0,0,0,0,0,0,0
TF,JST,43.424611,21.631306,0, ,0.0,0.0,0.0,0.0,0,0,0,0,0,0,0,0
TF,NIS,43.346472,21.827056,0, ,0.0,0.0,0.0,0.0,0,0,0,0,0,0,0,0

STAR,SOSE1G,11,5
IF,SOSEK,43.780500,20.955500, ,0.0,0.0,0,0,0,0,0,0,0,0
TF,KOSOR,43.546417,21.323417,0, ,0.0,0.0,0.0,0.0,0,0,0,1,250,0,0,0
TF,NI102,43.455833,21.478250,0, ,0.0,0.0,0.0,0.0,0,0,0,1,220,0,0,0

STAR,SOSE1H,29,5
IF,SOSEK,43.780500,20.955500, ,0.0,0.0,0,0,0,0,0,0,0,0
TF,KOSOR,43.546417,21.323417,0, ,0.0,0.0,0.0,0.0,0,0,0,1,250,0,0,0
TF,NI104,43.529000,21.521556,0, ,0.0,0.0,0.0,0.0,0,0,0,1,250,0,0,0
TF,LAMOV,43.499278,21.616222,0, ,0.0,0.0,0.0,0.0,0,0,0,1,250,0,0,0
TF,NI906,43.453111,21.888278,0, ,0.0,0.0,0.0,0.0,0,0,0,1,250,0,0,0
TF,NI904,43.403750,22.174750,0, ,0.0,0.0,0.0,0.0,0,0,0,1,250,0,0,0
TF,NI902,43.380472,22.308167,0, ,0.0,0.0,0.0,0.0,0,0,0,1,250,0,0,0
TF,NI901,43.273972,22.252639,0, ,0.0,0.0,0.0,0.0,0,0,0,1,220,0,0,0

STAR,SOSE1R,11,2
IF,SOSEK,43.780500,20.955500, ,0.0,0.0,0,0,0,0,0,0,0,0
TF,D327Z,43.631208,21.070344,0, ,0.0,0.0,0.0,0.0,0,0,0,0,0,0,0,0
TF,KOSOR,43.546417,21.323417,0, ,0.0,0.0,0.0,0.0,0,0,0,0,0,0,0,0
TF,D295S,43.487689,21.472275,0, ,0.0,0.0,0.0,0.0,0,0,0,0,0,0,0,0
TF,D295P,43.461050,21.540967,0, ,0.0,0.0,0.0,0.0,0,0,0,0,0,0,0,0
TF,D295O,43.451367,21.564997,0, ,0.0,0.0,0.0,0.0,0,0,0,0,0,0,0,0
TF,JST,43.424611,21.631306,0, ,0.0,0.0,0.0,0.0,0,0,0,0,0,0,0,0

STAR,SOSE2A,11,2
IF,SOSEK,43.780500,20.955500, ,0.0,0.0,0,0,0,0,0,0,0,0
TF,D327Z,43.631208,21.070344,0, ,0.0,0.0,0.0,0.0,0,0,0,0,0,0,0,0
TF,KOSOR,43.546417,21.323417,0, ,0.0,0.0,0.0,0.0,0,0,0,0,0,0,0,0
TF,SILAG,43.481861,21.486222,0, ,0.0,0.0,0.0,0.0,0,0,0,0,0,0,0,0
TF,RIBAR,43.450194,21.566222,0, ,0.0,0.0,0.0,0.0,0,0,0,0,0,0,0,0
TF,JST,43.424611,21.631306,0, ,0.0,0.0,0.0,0.0,0,0,0,0,0,0,0,0

STAR,VAGE1B,29,2
IF,VAGEN,42.724583,22.077806, ,0.0,0.0,0,0,0,0,0,0,0,0
TF,PERAD,42.872278,22.018722,0, ,0.0,0.0,0.0,0.0,0,0,0,0,0,0,0,0
TF,NIS,43.346472,21.827056,0, ,0.0,0.0,0.0,0.0,0,0,0,0,0,0,0,0
FD,NIS,43.346472,21.827056,0,NIS,0.0,5.7,287.0,5.7,0,0,0,0,0,0,0,0
CF,NIS,43.346472,21.827056,1,NIS,0.0,0.0,70.0,4.0,0,0,0,0,0,0,0,0

STAR,VAGE1G,11,5
IF,VAGEN,42.724583,22.077806, ,0.0,0.0,0,0,0,0,0,0,0,0
TF,PERAD,42.872278,22.018722,0, ,0.0,0.0,0.0,0.0,0,0,0,1,250,0,0,0
TF,NIS,43.346472,21.827056,0, ,0.0,0.0,0.0,0.0,0,0,0,1,250,0,0,0
TF,LAMOV,43.499278,21.616222,0, ,0.0,0.0,0.0,0.0,0,0,0,1,220,0,0,0
TF,NI104,43.529000,21.521556,0, ,0.0,0.0,0.0,0.0,0,0,0,1,220,0,0,0
TF,NI102,43.455833,21.478250,0, ,0.0,0.0,0.0,0.0,0,0,0,1,220,0,0,0

STAR,VAGE1H,29,5
IF,VAGEN,42.724583,22.077806, ,0.0,0.0,0,0,0,0,0,0,0,0
TF,NI905,43.005694,22.299222,0, ,0.0,0.0,0.0,0.0,0,0,0,1,250,0,0,0
TF,NI903,43.101500,22.375250,0, ,0.0,0.0,0.0,0.0,0,0,0,1,250,0,0,0
TF,NI901,43.273972,22.252639,0, ,0.0,0.0,0.0,0.0,0,0,0,1,220,0,0,0

STAR,VAGE1R,11,2
IF,VAGEN,42.724583,22.077806, ,0.0,0.0,0,0,0,0,0,0,0,0
TF,ZO,43.183639,21.724639,0, ,0.0,0.0,0.0,0.0,0,0,0,0,0,0,0,0
TF,JST,43.424611,21.631306,0, ,0.0,0.0,0.0,0.0,0,0,0,0,0,0,0,0

STAR,VAGE4A,11,2
IF,VAGEN,42.724583,22.077806, ,0.0,0.0,0,0,0,0,0,0,0,0
TF,PERAD,42.872278,22.018722,0, ,0.0,0.0,0.0,0.0,0,0,0,0,0,0,0,0
TF,NIS,43.346472,21.827056,0, ,0.0,0.0,0.0,0.0,0,0,0,0,0,0,0,0

APPTR,D11,11,NIS
IF,NIS,43.346472,21.827056, ,0.0,0.0,2,6000,0,0,0,0,0,0
CF,LAMOV,43.499278,21.616222,0,NIS,310.9,13.0,311.0,13.0,2,4300,0,0,0,0,0,1
CF,RIBAR,43.450194,21.566222,1,NIS,294.7,13.0,115.0,1.0,0,0,0,1,220,0,0,0
CF,JST,43.424611,21.631306,0,NIS,294.8,9.8,115.0,3.2,2,4300,0,0,0,0,0,0

APPTR,D11,11,ZO1
IF,ZO,43.183639,21.724639, ,0.0,0.0,2,4300,0,0,0,0,0,0
CF,JST,43.424611,21.631306,0,NIS,294.8,9.8,340.0,15.0,2,4300,0,0,0,0,0,0
FC,JST,43.424611,21.631306,0,NIS,0.0,0.0,354.0,3.2,0,0,0,0,0,0,0,1
DF,LAMOV,43.499278,21.616222,0, ,0.0,0.0,0,0,0,0,0,0,0,1
CF,RIBAR,43.450194,21.566222,1,NIS,294.7,13.0,115.0,1.0,0,0,0,1,220,0,0,0
CF,JST,43.424611,21.631306,0,NIS,294.8,9.8,115.0,3.2,2,4300,0,0,0,0,0,0

APPTR,D11,11,ZO2
IF,ZO,43.183639,21.724639, ,0.0,0.0,2,4300,0,0,0,0,0,0
CF,JST,43.424611,21.631306,0,NIS,294.8,9.8,340.0,15.0,2,4300,0,0,0,0,0,0
FD,JST,43.424611,21.631306,0,NIS,294.8,12.8,319.0,12.8,0,0,0,0,0,0,0,0
CF,RIBAR,43.450194,21.566222,1,NIS,294.7,13.0,115.0,1.0,0,0,0,0,0,0,0,0
CF,JST,43.424611,21.631306,0,NIS,294.8,9.8,115.0,3.2,2,4300,0,0,0,0,0,0

FINAL,D11,11,D,2
IF,JST,43.424611,21.631306,NIS,294.8,9.8,2,4300,0,0,0,0,2,0
CF,NIS,43.346472,21.827056,0,NIS,0.0,0.0,115.0,9.8,1,969,0,0,0,0,3,0
FD,NIS,43.346472,21.827056,0,NIS,0.0,2.0,115.0,2.0,0,0,0,0,0,0,0,0
DF,ZO,43.183639,21.724639,2, ,0.0,0.0,1,4300,0,1,185,0,0,0
HM,ZO,43.183639,21.724639,2, ,0.0,0.0,342.0,04.3,0,0,0,1,220,0,0,0,0

APPTR,D29,29,NIS
IF,NIS,43.346472,21.827056, ,0.0,0.0,2,6000,0,0,0,0,0,0
CF,RONRI,43.308000,22.072722,0,NIS,98.0,11.0,98.0,11.0,2,4100,0,0,0,0,0,1
CF,FD29,43.274589,22.058064,2,NIS,109.0,11.0,289.0,1.0,2,4100,0,1,165,0,0,0

FINAL,D29,29,D,2
IF,FD29,43.274589,22.058064,NIS,109.0,11.0,2,4100,0,0,0,0,2,0
CF,MD29,43.326914,21.890111,0,NIS,109.0,3.0,289.0,8.0,1,1115,0,0,0,0,3,0
FD,MD29,43.326914,21.890111,0,NIS,109.0,1.0,289.0,1.0,0,0,0,0,0,0,0,0
DF,ZO,43.183639,21.724639,1, ,0.0,0.0,1,4300,0,1,185,0,0,0
HM,ZO,43.183639,21.724639,2, ,0.0,0.0,342.0,04.3,0,0,0,1,220,0,0,0,0

APPTR,I29-Y,29,NI901
IF,NI901,43.273972,22.252639, ,0.0,0.0,0,0,0,0,0,0,1,0
TF,NI201,43.267028,22.167917,0, ,0.0,0.0,0.0,0.0,2,5090,0,1,185,0,0,0
TF,NI200,43.274333,22.102694,0,YNI,0.0,0.0,0.0,0.0,2,4000,0,1,185,0,1,0

FINAL,I29-Y,29,I,3
IF,NI200,43.274333,22.102694,YNI,104.6,11.6,2,4000,0,1,185,0,0,0
CF,GULDE,43.292111,22.030861,0,YNI,104.5,8.3,285.0,3.3,1,3530,0,1,185,0,2,0
CF,RW29,43.333333,21.866153,0,YNI,100.7,0.6,285.0,7.6,1,703,0,0,0,0,3,0
CD, ,0,0,0,NIS,0,0.0,285.0,1.0,0,0,0,0,0,0,0,0
DF,ZO,43.183639,21.724639,1, ,0.0,0.0,0,0,0,1,185,0,0,0
CD, ,0,0,0,NIS,0,0.0,160.0,15.0,0,0,0,0,0,0,0,0
DF,ZO,43.183639,21.724639,1, ,0.0,0.0,1,4300,0,1,220,0,0,0
HM,ZO,43.183639,21.724639,2, ,0.0,0.0,342.0,04.3,2,4300,0,1,220,0,0,0,0

APPTR,I29-Z,29,NIS
IF,NIS,43.346472,21.827056, ,0.0,0.0,2,6000,0,0,0,0,1,0
CF,NIKPU,43.303083,22.117972,0,NIS,97.5,13.0,98.0,13.0,2,4000,0,0,0,0,0,1
CF,CF29,43.281381,22.074317,2,YNI,104.5,10.3,285.0,2.0,2,3530,0,1,160,0,0,0

FINAL,I29-Z,29,I,3
IF,CF29,43.281381,22.074317,YNI,104.5,10.3,2,3530,0,0,0,0,0,0
CF,GULDE,43.292111,22.030861,0,YNI,104.5,8.3,285.0,2.0,1,3530,0,0,0,0,2,0
CF,RW29,43.333333,21.866153,0,YNI,100.7,0.6,285.0,7.6,1,703,0,0,0,0,3,0
CD, ,0,0,0,NIS,0,0.0,285.0,1.0,0,0,0,0,0,0,0,0
DF,ZO,43.183639,21.724639,1, ,0.0,0.0,0,0,0,1,185,0,0,0
CD, ,0,0,0,NIS,0,0.0,160.0,15.0,0,0,0,0,0,0,0,0
DF,ZO,43.183639,21.724639,1, ,0.0,0.0,1,4300,0,1,220,0,0,0
HM,ZO,43.183639,21.724639,2, ,0.0,0.0,342.0,04.3,2,4300,0,1,220,0,0,0,0

APPTR,Q11,11,D295S
IF,D295S,43.487689,21.472275, ,0.0,0.0,2,6300,0,0,0,0,1,0
TF,D295P,43.461050,21.540967,0, ,0.0,0.0,0.0,0.0,2,5100,0,0,0,0,0,0
TF,D295O,43.451367,21.564997,0, ,0.0,0.0,0.0,0.0,2,4800,0,0,0,0,0,0
TF,JST,43.424611,21.631306,0, ,0.0,0.0,0.0,0.0,2,4600,0,0,0,0,0,0

APPTR,Q11,11,JST
HF,JST,43.424611,21.631306,1, ,0.0,0.0,115.0,04.3,2,6300,0,1,220,0,1,0,0

FINAL,Q11,11,N,4
IF,JST,43.424611,21.631306,JST,0.0,0.0,2,4600,0,0,0,0,2,0
CF,71DME,43.390425,21.719981,0,JST,0.0,0.0,115.0,4.4,2,3000,0,0,0,0,0,0
CF,53DME,43.375911,21.755986,0,JST,0.0,0.0,115.0,1.8,2,2380,0,0,0,0,0,0
CF,MQ11,43.361386,21.791978,0,YNI,0.0,3.5,115.0,1.8,1,1677,0,0,0,0,3,1
DF,ZO,43.183639,21.724639,2, ,0.0,0.0,0,0,0,1,185,0,0,0
FD,ZO,43.183639,21.724639,0,YNI,0.0,14.7,160.0,14.7,0,0,0,0,0,0,0,0
DF,ZO,43.183639,21.724639,1, ,0.0,0.0,1,4300,0,1,220,0,0,0
HM,ZO,43.183639,21.724639,2, ,0.0,0.0,342.0,04.3,2,4300,0,1,220,0,0,0,0

FINAL,R11,11,R,4
IF,NI102,43.455833,21.478250, ,0.0,0.0,2,5000,0,0,0,0,0,0
TF,NI101,43.430000,21.560556,0, ,0.0,0.0,109.0,3.9,2,4800,0,0,0,0,0,0
TF,NI11F,43.406861,21.634056,0, ,0.0,0.0,109.0,3.5,2,4400,0,0,0,0,2,0
TF,RW11,43.340456,21.843764,0, ,0.0,0.0,109.0,10.0,1,691,0,0,0,0,3,1
TF,ZO,43.183639,21.724639,2, ,0.0,0.0,0.0,0.0,0,0,0,1,185,0,0,0
TF,NI303,43.101750,21.756167,0, ,0.0,0.0,0.0,0.0,0,0,0,1,220,0,0,1
DF,ZO,43.183639,21.724639,1, ,0.0,0.0,2,4300,0,1,220,0,0,0
HM,ZO,43.183639,21.724639,2, ,0.0,0.0,342.0,04.3,2,4300,0,1,220,0,0,0,0

APPTR,R29-Y,29,NI901
IF,NI901,43.273972,22.252639, ,0.0,0.0,0,0,0,0,0,0,1,0
TF,NI201,43.267028,22.167917,0, ,0.0,0.0,0.0,0.0,2,4900,0,1,220,0,1,0
TF,NI29F,43.283250,22.023083,0, ,0.0,0.0,0.0,0.0,2,3400,0,1,220,0,0,0

FINAL,R29-Y,29,R,2
IF,NI29F,43.283250,22.023083, ,0.0,0.0,2,3400,0,1,220,0,2,0
TF,NI29M,43.326000,21.889167,0, ,0.0,0.0,290.0,6.4,1,1106,0,0,0,0,3,1
TF,NI302,43.348389,21.819083,0, ,0.0,0.0,0.0,0.0,0,0,0,1,185,0,0,1
TF,ZO,43.183639,21.724639,1, ,0.0,0.0,0.0,0.0,0,0,0,1,185,0,0,0
TF,NI303,43.101750,21.756167,0, ,0.0,0.0,0.0,0.0,0,0,0,1,220,0,0,1
DF,ZO,43.183639,21.724639,1, ,0.0,0.0,2,4300,0,1,220,0,0,0
HM,ZO,43.183639,21.724639,2, ,0.0,0.0,342.0,04.3,2,4300,0,1,220,0,0,0,0

APPTR,R29-Z,29,NI901
IF,NI901,43.273972,22.252639, ,0.0,0.0,2,6500,0,0,0,0,1,0
TF,NI201,43.267028,22.167917,0, ,0.0,0.0,0.0,0.0,2,5090,0,1,185,0,0,0
TF,NI200,43.274333,22.102694,0, ,0.0,0.0,0.0,0.0,2,4000,0,0,0,0,1,0

FINAL,R29-Z,29,R,3
IF,NI200,43.274333,22.102694, ,0.0,0.0,2,4000,0,0,0,0,0,0
TF,GULDE,43.292111,22.030861,0, ,0.0,0.0,285.0,3.3,2,3530,0,0,0,0,2,0
TF,FTP29,43.332667,21.865844,0, ,0.0,0.0,285.0,7.6,1,718,0,0,0,0,3,1
TF,NI296,43.336194,21.851444,0, ,0.0,0.0,0.0,0.0,0,0,0,1,185,0,0,1
TF,ZO,43.183639,21.724639,0, ,0.0,0.0,0.0,0.0,0,0,0,1,185,0,0,0
TF,NI303,43.101750,21.756167,0, ,0.0,0.0,0.0,0.0,0,0,0,1,220,0,0,1
DF,ZO,43.183639,21.724639,1, ,0.0,0.0,2,4300,0,1,220,0,0,0
HM,ZO,43.183639,21.724639,2, ,0.0,0.0,342.0,04.3,2,4300,0,1,220,0,0,0,0

