SID,BERV1A,31,2
CA,0,310.0,2,900,0,0,0,0,0,0
CI,2, ,0.0,108.0,0,0,0,1,205,0,0,0
CF,D040O,48.397769,17.542922,0,JAN,356.0,13.2,40.0,15.0,0,0,0,0,0,0,0,0
TF,BERVA,48.617500,17.541111,0, ,0.0,0.0,0.0,0.0,0,0,0,0,0,0,0,0

SID,BERV1B,22,2
DF,D221C,48.141389,17.171667,0, ,0.0,0.0,0,0,0,0,0,0,0,1
CF,OB,48.114833,17.298361,1,JAN,244.9,10.6,33.0,3.0,0,0,0,1,205,0,0,0
TF,JAN,48.178611,17.544722,0, ,0.0,0.0,0.0,0.0,0,0,0,0,0,0,0,0
TF,BERVA,48.617500,17.541111,0, ,0.0,0.0,0.0,0.0,0,0,0,0,0,0,0,0

SID,BERV1Y,13,2
DF,OB,48.114833,17.298361,0, ,0.0,0.0,0,0,0,0,0,0,0,0
TF,JAN,48.178611,17.544722,0, ,0.0,0.0,0.0,0.0,0,0,0,0,0,0,0,0
TF,BERVA,48.617500,17.541111,0, ,0.0,0.0,0.0,0.0,0,0,0,0,0,0,0,0

SID,BERV1Z,04,2
DF,OKR,48.223861,17.290333,0, ,0.0,0.0,0,0,0,0,0,0,0,0
TF,D040O,48.397769,17.542922,0, ,0.0,0.0,0.0,0.0,0,0,0,0,0,0,0,0
TF,BERVA,48.617500,17.541111,0, ,0.0,0.0,0.0,0.0,0,0,0,0,0,0,0,0

SID,NIT1A,31,2
CA,0,310.0,2,900,0,0,0,0,0,0
VI,2, ,0.0,53.0,0,0,0,1,205,0,0,0
CF,NIT,48.290556,18.050556,0,FMD,74.4,58.1,83.0,32.0,0,0,0,0,0,0,0,0

SID,NIT1B,22,2
DF,D221C,48.141389,17.171667,0, ,0.0,0.0,0,0,0,0,0,0,0,1
CF,OB,48.114833,17.298361,1,FMD,84.5,26.9,33.0,3.0,0,0,0,1,205,0,0,0
TF,JAN,48.178611,17.544722,0, ,0.0,0.0,0.0,0.0,0,0,0,0,0,0,0,0
TF,NIT,48.290556,18.050556,0, ,0.0,0.0,0.0,0.0,0,0,0,0,0,0,0,0

SID,NIT1Y,13,2
DF,OB,48.114833,17.298361,0, ,0.0,0.0,0,0,0,0,0,0,0,0
TF,JAN,48.178611,17.544722,0, ,0.0,0.0,0.0,0.0,0,0,0,0,0,0,0,0
TF,NIT,48.290556,18.050556,0, ,0.0,0.0,0.0,0.0,0,0,0,0,0,0,0,0

SID,NIT1Z,04,2
DF,OKR,48.223861,17.290333,0, ,0.0,0.0,0,0,0,0,0,0,0,0
TF,NIT,48.290556,18.050556,0, ,0.0,0.0,0.0,0.0,0,0,0,0,0,0,0,0

SID,TABI1A,31,2
CA,0,310.0,2,900,0,0,0,0,0,0
VI,2, ,0.0,78.0,0,0,0,1,205,0,0,0
CF,JAN,48.178611,17.544722,0,JAN,0.0,0.0,108.0,12.0,0,0,0,0,0,0,0,0
TF,TABIN,48.015278,18.084444,0, ,0.0,0.0,0.0,0.0,0,0,0,0,0,0,0,0

SID,TABI1B,22,2
DF,D221C,48.141389,17.171667,0, ,0.0,0.0,0,0,0,0,0,0,0,1
CF,OB,48.114833,17.298361,1,FMD,84.5,26.9,33.0,3.0,0,0,0,1,205,0,0,0
TF,TABIN,48.015278,18.084444,0, ,0.0,0.0,0.0,0.0,0,0,0,0,0,0,0,0

SID,TABI1Y,13,2
DF,OB,48.114833,17.298361,0, ,0.0,0.0,0,0,0,0,0,0,0,0
TF,TABIN,48.015278,18.084444,0, ,0.0,0.0,0.0,0.0,0,0,0,0,0,0,0,0

SID,TABI1Z,04,2
DF,OKR,48.223861,17.290333,0, ,0.0,0.0,0,0,0,0,0,0,0,0
CF,JAN,48.178611,17.544722,0,JAN,0.0,0.0,110.0,10.0,0,0,0,0,0,0,0,0
TF,TABIN,48.015278,18.084444,0, ,0.0,0.0,0.0,0.0,0,0,0,0,0,0,0,0

SID,TOVK1A,31,2
CA,0,310.0,2,900,0,0,0,0,0,0
CI,2, ,0.0,279.0,0,0,0,1,205,0,0,0
CF,TOVKA,48.270156,16.926322,0,FMD,46.2,15.5,295.0,13.0,2,10000,0,0,0,0,0,0

SID,TOVK1B,22,2
DF,D221C,48.141389,17.171667,0, ,0.0,0.0,0,0,0,0,0,0,0,1
CF,OB,48.114833,17.298361,1,JAN,244.9,10.6,33.0,3.0,0,0,0,1,205,0,0,1
CI,0, ,0.0,309.0,0,0,0,1,205,0,0,0
CF,TOVKA,48.270156,16.926322,0,JAN,278.7,25.4,278.0,11.0,2,10000,0,0,0,0,0,0

SID,TOVK1K,31,2
DF,D277R,48.235278,17.111389,0, ,0.0,0.0,0,0,0,0,0,0,0,0
CF,TOVKA,48.270156,16.926322,0,JAN,278.7,25.4,278.0,8.0,2,10000,0,0,0,0,0,0

SID,TOVK1L,04,2
DF,D040C,48.213333,17.275278,0, ,0.0,0.0,0,0,0,0,0,0,0,1
CI,1, ,0.0,253.0,0,0,0,1,205,0,0,0
CF,TOVKA,48.270156,16.926322,0,JAN,278.7,25.4,278.0,8.0,2,10000,0,0,0,0,0,0

SID,TOVK1Y,13,2
DF,OB,48.114833,17.298361,0, ,0.0,0.0,0,0,0,0,0,0,0,1
CI,1, ,0.0,296.0,0,0,0,1,205,0,0,0
CF,TOVKA,48.270156,16.926322,0,JAN,278.7,25.4,278.0,12.0,2,10000,0,0,0,0,0,0

SID,TOVK1Z,04,2
DF,OKR,48.223861,17.290333,0, ,0.0,0.0,0,0,0,0,0,0,0,1
CF,B,48.150750,17.242694,2,JAN,258.3,12.3,266.0,4.0,0,0,0,0,0,0,0,0
TF,TOVKA,48.270156,16.926322,0, ,0.0,0.0,0.0,0.0,2,10000,0,0,0,0,0,0

SID,VAMO1A,31,2
CA,0,310.0,2,900,0,0,0,0,0,0
VI,2, ,0.0,78.0,0,0,0,1,205,0,0,0
CF,JAN,48.178611,17.544722,0,JAN,0.0,0.0,108.0,12.0,0,0,0,0,0,0,0,0
TF,VAMOG,47.787222,17.662500,0, ,0.0,0.0,0.0,0.0,2,10000,0,0,0,0,0,0

SID,VAMO1B,22,2
DF,D221C,48.141389,17.171667,0, ,0.0,0.0,0,0,0,0,0,0,0,1
CF,OB,48.114833,17.298361,1,JAN,244.9,10.6,33.0,3.0,0,0,0,1,205,0,0,0
TF,D130S,47.899767,17.628814,2, ,0.0,0.0,0.0,0.0,0,0,0,0,0,0,0,0
TF,VAMOG,47.787222,17.662500,0, ,0.0,0.0,0.0,0.0,2,10000,0,0,0,0,0,0

SID,VAMO1Y,13,2
DF,OB,48.114833,17.298361,0, ,0.0,0.0,0,0,0,0,0,0,0,0
TF,D130S,47.899767,17.628814,0, ,0.0,0.0,0.0,0.0,0,0,0,0,0,0,0,0
TF,VAMOG,47.787222,17.662500,0, ,0.0,0.0,0.0,0.0,2,10000,0,0,0,0,0,0

SID,VAMO1Z,04,2
DF,OKR,48.223861,17.290333,0, ,0.0,0.0,0,0,0,0,0,0,0,0
CF,JAN,48.178611,17.544722,0,JAN,0.0,0.0,110.0,10.0,0,0,0,0,0,0,0,0
TF,VAMOG,47.787222,17.662500,0, ,0.0,0.0,0.0,0.0,2,10000,0,0,0,0,0,0

STAR,BERV2R,31,2
IF,BERVA,48.617500,17.541111, ,0.0,0.0,0,0,0,0,0,0,0,0
TF,D356P,48.451753,17.542481,0, ,0.0,0.0,0.0,0.0,0,0,0,0,0,0,0,0
TF,JAN,48.178611,17.544722,0, ,0.0,0.0,0.0,0.0,0,0,0,0,0,0,0,0
TF,VYDRA,48.034722,17.545500,0, ,0.0,0.0,0.0,0.0,0,0,0,0,0,0,0,0

STAR,BERV2S,22,2
IF,BERVA,48.617500,17.541111, ,0.0,0.0,0,0,0,0,0,0,0,0
TF,D356P,48.451753,17.542481,0, ,0.0,0.0,0.0,0.0,0,0,0,0,0,0,0,0
TF,D356M,48.398458,17.542919,0, ,0.0,0.0,0.0,0.0,0,0,0,0,0,0,0,0
TF,CIFER,48.324583,17.436056,0, ,0.0,0.0,0.0,0.0,0,0,0,0,0,0,0,0

STAR,KOXE2R,31,2
IF,KOXER,48.127500,17.048333, ,0.0,0.0,0,0,0,0,0,0,0,0
TF,D270G,48.123392,17.130578,0, ,0.0,0.0,0.0,0.0,0,0,0,0,0,0,0,0
TF,OB,48.114833,17.298361,0, ,0.0,0.0,0.0,0.0,0,0,0,0,0,0,0,0

STAR,KOXE2S,22,2
IF,KOXER,48.127500,17.048333, ,0.0,0.0,0,0,0,0,0,0,0,0
TF,OKR,48.223861,17.290333,0, ,0.0,0.0,0.0,0.0,0,0,0,0,0,0,0,0

STAR,KUVE2R,31,2
IF,KUVEX,47.908333,17.437500, ,0.0,0.0,2,6000,0,0,0,0,0,0
TF,URUMU,47.942722,17.492083,0, ,0.0,0.0,0.0,0.0,0,0,0,0,0,0,0,0

STAR,KUVE2S,22,2
IF,KUVEX,47.908333,17.437500, ,0.0,0.0,2,6000,0,0,0,0,0,0
TF,JAN,48.178611,17.544722,0, ,0.0,0.0,0.0,0.0,0,0,0,0,0,0,0,0
TF,D356H,48.318517,17.544722,0, ,0.0,0.0,0.0,0.0,0,0,0,0,0,0,0,0
TF,CIFER,48.324583,17.436056,0, ,0.0,0.0,0.0,0.0,0,0,0,0,0,0,0,0

STAR,NIT2R,31,2
IF,NIT,48.290556,18.050556, ,0.0,0.0,0,0,0,0,0,0,0,0
TF,D229I,48.196869,17.864517,0, ,0.0,0.0,0.0,0.0,0,0,0,0,0,0,0,0
TF,VYDRA,48.034722,17.545500,0, ,0.0,0.0,0.0,0.0,0,0,0,0,0,0,0,0

STAR,NIT2S,22,2
IF,NIT,48.290556,18.050556, ,0.0,0.0,0,0,0,0,0,0,0,0
TF,D271J,48.304031,17.814283,0, ,0.0,0.0,0.0,0.0,0,0,0,0,0,0,0,0
TF,CIFER,48.324583,17.436056,0, ,0.0,0.0,0.0,0.0,0,0,0,0,0,0,0,0

STAR,TABI2R,31,2
IF,TABIN,48.015278,18.084444, ,0.0,0.0,0,0,0,0,0,0,0,0
TF,D110O,48.076047,17.885008,0, ,0.0,0.0,0.0,0.0,0,0,0,0,0,0,0,0
TF,D110H,48.124719,17.724108,0, ,0.0,0.0,0.0,0.0,0,0,0,0,0,0,0,0
TF,VYDRA,48.034722,17.545500,0, ,0.0,0.0,0.0,0.0,0,0,0,0,0,0,0,0

STAR,TABI2S,22,2
IF,TABIN,48.015278,18.084444, ,0.0,0.0,0,0,0,0,0,0,0,0
TF,D110O,48.076047,17.885008,0, ,0.0,0.0,0.0,0.0,0,0,0,0,0,0,0,0
TF,JAN,48.178611,17.544722,0, ,0.0,0.0,0.0,0.0,0,0,0,0,0,0,0,0
TF,D356H,48.318517,17.544722,0, ,0.0,0.0,0.0,0.0,0,0,0,0,0,0,0,0
TF,CIFER,48.324583,17.436056,0, ,0.0,0.0,0.0,0.0,0,0,0,0,0,0,0,0

STAR,XOMB2R,31,2
IF,XOMBA,47.756667,18.061944, ,0.0,0.0,0,0,0,0,0,0,0,0
TF,D136Q,47.957719,17.816903,0, ,0.0,0.0,0.0,0.0,0,0,0,0,0,0,0,0
TF,D136G,48.090075,17.654189,0, ,0.0,0.0,0.0,0.0,0,0,0,0,0,0,0,0
TF,VYDRA,48.034722,17.545500,0, ,0.0,0.0,0.0,0.0,0,0,0,0,0,0,0,0

STAR,XOMB2S,22,2
IF,XOMBA,47.756667,18.061944, ,0.0,0.0,0,0,0,0,0,0,0,0
TF,D136Q,47.957719,17.816903,0, ,0.0,0.0,0.0,0.0,0,0,0,0,0,0,0,0
TF,JAN,48.178611,17.544722,0, ,0.0,0.0,0.0,0.0,0,0,0,0,0,0,0,0
TF,D356H,48.318517,17.544722,0, ,0.0,0.0,0.0,0.0,0,0,0,0,0,0,0,0
TF,CIFER,48.324583,17.436056,0, ,0.0,0.0,0.0,0.0,0,0,0,0,0,0,0,0

APPTR,I22,22,CIFER
IF,CIFER,48.324583,17.436056, ,0.0,0.0,0,0,0,0,0,0,1,0
CF,CI22,48.267528,17.353472,0,OKR,39.9,9.1,220.0,4.8,2,2500,0,0,0,0,0,0

FINAL,I22,22,I,3
IF,CI22,48.267528,17.353472,OKR,39.9,9.1,2,2500,0,0,0,0,0,0
CF,FI22,48.255583,17.336139,0,OKR,39.9,8.1,220.0,1.0,1,2500,0,0,0,0,2,0
CF,RW22,48.179600,17.226464,0,OKR,39.9,1.7,220.0,6.3,1,482,0,0,0,0,3,0
CF,D220C,48.141028,17.171000,0,JAN,257.6,15.2,220.0,3.2,0,0,0,0,0,0,0,1
DF,JAN,48.178611,17.544722,1, ,0.0,0.0,1,3000,0,1,205,0,0,0

APPTR,I31,31,OB1
HF,OB,48.114833,17.298361,2, ,0.0,0.0,310.0,04.3,2,2500,0,1,210,0,1,0,0

APPTR,I31,31,OB2
HF,OB,48.114833,17.298361,2, ,0.0,0.0,310.0,04.3,2,2500,0,1,210,0,1,0,0

APPTR,I31,31,URUMU
IF,URUMU,47.942722,17.492083, ,0.0,0.0,0,0,0,0,0,0,1,0
CF,D199J,48.021444,17.442528,0,JAN,199.6,10.3,310.0,5.0,2,2500,0,0,0,0,1,0
CF,CI31,48.085306,17.343944,0,OB,129.9,8.0,310.0,5.5,2,2500,0,0,0,0,0,0

APPTR,I31,31,VYDRA
FC,VYDRA,48.034722,17.545500,0,JAN,0.0,0.0,228.0,1.6,2,2500,0,0,0,0,1,1
CF,D199J,48.021444,17.442528,0,JAN,199.6,10.3,310.0,2.0,0,0,0,0,0,0,1,0
CF,CI31,48.085306,17.343944,0,OB,129.9,8.0,310.0,5.5,2,2500,0,0,0,0,0,0

FINAL,I31,31,I,3
IF,CI31,48.085306,17.343944,OB,129.9,8.0,2,2500,0,0,0,0,0,0
CF,OB,48.114833,17.298361,0,OB,129.9,5.5,310.0,2.6,1,1667,0,0,0,0,2,0
CF,RW31,48.157303,17.232528,0,OB,129.9,1.8,310.0,3.7,1,484,0,0,0,0,3,0
CF,D310B,48.176583,17.202611,0,JAN,265.6,13.7,310.0,1.7,0,0,0,0,0,0,0,1
DF,JAN,48.178611,17.544722,2, ,0.0,0.0,1,3000,0,1,185,0,0,0

APPTR,L31,31,URUMU
IF,URUMU,47.942722,17.492083, ,0.0,0.0,0,0,0,0,0,0,1,0
CF,D199J,48.021444,17.442528,0,JAN,199.6,10.3,310.0,5.0,2,2500,0,0,0,0,1,0
CF,CL31,48.072472,17.363653,0,OB,129.9,9.1,310.0,4.4,2,2500,0,0,0,0,0,0

APPTR,L31,31,VYDRA
FC,VYDRA,48.034722,17.545500,0,JAN,0.0,0.0,228.0,1.6,2,2500,0,0,0,0,1,1
CF,D199J,48.021444,17.442528,0,JAN,199.6,10.3,310.0,2.0,0,0,0,0,0,0,1,0
CF,CL31,48.072472,17.363653,0,OB,129.9,9.1,310.0,4.4,2,2500,0,0,0,0,0,0

FINAL,L31,31,D,4
IF,CL31,48.072472,17.363653,OB,129.9,9.1,2,2500,0,0,0,0,0,0
CF,FF31,48.084056,17.345861,0,OB,129.9,8.1,310.0,1.0,2,2500,0,0,0,0,2,0
CF,OM31,48.114722,17.298389,0,OB,130.0,5.5,310.0,2.7,2,1660,0,0,0,0,0,0
CF,B,48.150750,17.242694,0,OB,129.9,2.4,310.0,3.1,1,665,0,0,0,0,3,0
CF,D310B,48.176583,17.202611,0,JAN,265.6,13.7,310.0,2.2,0,0,0,0,0,0,0,1
DF,JAN,48.178611,17.544722,2, ,0.0,0.0,1,3000,0,1,185,0,0,0

APPTR,Q22,22,CIFER
IF,CIFER,48.324583,17.436056, ,0.0,0.0,0,0,0,0,0,0,1,0
CF,FQ22,48.255583,17.336139,0,JAN,295.0,9.6,220.0,5.8,2,2500,0,0,0,0,0,0

FINAL,Q22,22,N,3
IF,FQ22,48.255583,17.336139,OKR,0.0,0.0,2,2500,0,0,0,0,2,0
CF,OKR,48.223861,17.290333,0,OKR,0.0,0.0,220.0,2.7,2,1660,0,0,0,0,0,0
CF,MM22,48.186417,17.236250,0,OKR,0.0,0.7,220.0,3.1,1,663,0,0,0,0,3,0
CF,D220C,48.141028,17.171000,0,JAN,257.6,15.2,220.0,3.8,0,0,0,0,0,0,0,1
DF,JAN,48.178611,17.544722,1, ,0.0,0.0,1,3000,0,1,205,0,0,0

APPTR,Q31,31,D199J
IF,D199J,48.021444,17.442528, ,0.0,0.0,0,0,0,0,0,0,1,0
CF,FQ31,48.084083,17.345917,0,JAN,230.7,9.8,310.0,5.4,2,2500,0,0,0,0,0,0

APPTR,Q31,31,URUMU
IF,URUMU,47.942722,17.492083, ,0.0,0.0,0,0,0,0,0,0,1,0
CF,D199J,48.021444,17.442528,0,JAN,199.6,10.3,310.0,5.0,2,2500,0,0,0,0,1,0
CF,FQ31,48.084083,17.345917,0,JAN,230.7,9.8,310.0,5.4,2,2500,0,0,0,0,0,0

APPTR,Q31,31,VYDRA
FC,VYDRA,48.034722,17.545500,0,JAN,0.0,0.0,228.0,1.6,2,2500,0,0,0,0,1,1
CF,D199J,48.021444,17.442528,0,JAN,199.6,10.3,310.0,2.0,0,0,0,0,0,0,1,0
CF,FQ31,48.084083,17.345917,0,JAN,230.7,9.8,310.0,5.4,2,2500,0,0,0,0,0,0

FINAL,Q31,31,N,3
IF,FQ31,48.084083,17.345917,OB,0.0,0.0,2,2500,0,0,0,0,2,0
CF,OB,48.114833,17.298361,0,OB,0.0,0.0,310.0,2.7,2,1660,0,0,0,0,0,0
CF,B,48.150750,17.242694,0,OB,0.0,0.7,310.0,3.1,1,665,0,0,0,0,3,0
CF,D310B,48.176583,17.202611,0,JAN,265.6,13.7,310.0,2.2,0,0,0,0,0,0,0,1
DF,JAN,48.178611,17.544722,2, ,0.0,0.0,1,3000,0,1,185,0,0,0

FINAL,R22,22,R,3
IF,ASTON,48.315444,17.422886, ,0.0,0.0,2,2500,0,0,0,0,1,0
TF,IB22F,48.255581,17.336139,0, ,0.0,0.0,220.0,5.0,2,2500,0,0,0,0,2,0
TF,RW22,48.179600,17.226464,0, ,0.0,0.0,220.0,6.3,1,482,0,0,0,0,3,1
TF,IBM22,48.141042,17.170992,0, ,0.0,0.0,0.0,0.0,0,0,0,1,205,0,0,1
DF,JAN,48.178611,17.544722,1, ,0.0,0.0,1,3000,0,0,0,0,0,1
HM,JAN,48.178611,17.544722,1, ,0.0,0.0,176.0,04.3,2,3000,0,0,0,0,0,0,0

FINAL,R31,31,R,3
IF,EKLIP,48.026164,17.435167, ,0.0,0.0,2,2500,0,0,0,0,1,0
TF,IB31F,48.084069,17.345886,0, ,0.0,0.0,310.0,5.0,2,2500,0,0,0,0,2,0
TF,RW31,48.157303,17.232528,0, ,0.0,0.0,310.0,6.3,1,484,0,0,0,0,3,1
TF,IBM31,48.176578,17.202608,0, ,0.0,0.0,0.0,0.0,0,0,0,1,185,0,0,1
DF,JAN,48.178611,17.544722,2, ,0.0,0.0,1,3000,0,0,0,0,0,1
HM,JAN,48.178611,17.544722,1, ,0.0,0.0,176.0,04.3,2,3000,0,0,0,0,0,0,0

