SID,FATR1A,36,2
DF,FATRA,48.808056,19.142778,0, ,0.0,0.0,0,0,0,0,0,0,0,0

SID,KALI1A,36,2
CA,0,357.0,2,2500,0,0,0,0,0,0
CF,D016D,48.513883,19.150894,2,SLC,16.0,3.9,196.0,10.0,0,0,0,1,230,0,0,1
CF,KALIF,48.505833,19.571944,1,SLC,75.0,18.5,75.0,14.0,0,0,0,1,230,0,0,0

SID,KALI1B,18,2
CF,D359C,48.506667,19.121389,0,SLC,358.9,3.2,179.0,8.0,0,0,0,0,0,0,0,1
CF,KALIF,48.505833,19.571944,1,SLC,75.0,18.5,75.0,15.0,0,0,0,1,230,0,0,0

SID,KREM1A,36,2
CA,0,357.0,2,2500,0,0,0,0,0,0
CF,D016E,48.535647,19.163492,2,SLC,16.0,5.3,196.0,8.0,0,0,0,1,230,0,0,1
CF,KREMI,48.783889,18.883889,2,SLC,330.1,21.9,331.0,17.0,0,0,0,1,230,0,0,0

SID,KREM1B,18,2
CF,D359F,48.545278,19.125278,0,SLC,358.9,5.5,179.0,5.0,0,0,0,0,0,0,0,1
VI,2, ,0.0,1.0,0,0,0,1,230,0,0,0
CF,KREMI,48.783889,18.883889,0,SLC,330.1,21.9,331.0,14.0,0,0,0,0,0,0,0,0

SID,TIVO1A,36,2
CA,0,357.0,2,2500,0,0,0,0,0,0
CF,D016H,48.572953,19.185111,2,SLC,16.0,7.7,196.0,6.0,0,0,0,1,230,0,0,1
CF,TIVON,48.660833,19.528611,1,SLC,47.7,20.6,48.0,13.0,0,0,0,1,230,0,0,0

SID,TIVO1B,18,2
CF,D359F,48.545278,19.125278,0,SLC,358.9,5.5,179.0,5.0,0,0,0,0,0,0,0,1
CF,TIVON,48.660833,19.528611,1,SLC,47.7,20.6,48.0,15.0,0,0,0,1,230,0,0,0

SID,TURI1A,36,2
CA,0,357.0,2,2500,0,0,0,0,0,0
CF,D016B,48.479681,19.131122,2,SLC,16.0,1.7,196.0,12.0,0,0,0,1,230,0,0,0
CF,TURIS,48.362222,18.511667,0,SLC,252.5,24.8,253.0,25.0,0,0,0,1,230,0,0,0

SID,TURI1B,18,2
CF,D359B,48.478889,19.118333,0,SLC,358.7,1.5,179.0,9.0,0,0,0,0,0,0,0,0
CF,TURIS,48.362222,18.511667,0,SLC,252.5,24.8,253.0,24.0,0,0,0,1,230,0,0,0

STAR,KALI1T,36,2
IF,KALIF,48.505833,19.571944, ,0.0,0.0,0,0,0,0,0,0,0,0
TF,SLC,48.453250,19.115861,0, ,0.0,0.0,0.0,0.0,0,0,0,0,0,0,0,0

STAR,KREM1T,36,2
IF,KREMI,48.783889,18.883889, ,0.0,0.0,0,0,0,0,0,0,0,0
TF,D331Q,48.711514,18.934953,0, ,0.0,0.0,0.0,0.0,0,0,0,0,0,0,0,0
TF,BUDOL,48.590139,19.020222,0, ,0.0,0.0,0.0,0.0,0,0,0,0,0,0,0,0

STAR,TIVO1T,36,2
IF,TIVON,48.660833,19.528611, ,0.0,0.0,0,0,0,0,0,0,0,0
TF,D048M,48.583164,19.373436,0, ,0.0,0.0,0.0,0.0,0,0,0,0,0,0,0,0
TF,SLC,48.453250,19.115861,0, ,0.0,0.0,0.0,0.0,0,0,0,0,0,0,0,0

STAR,TURI1T,36,2
IF,TURIS,48.362222,18.511667, ,0.0,0.0,0,0,0,0,0,0,0,0
TF,D253Q,48.389989,18.693539,0, ,0.0,0.0,0.0,0.0,0,0,0,0,0,0,0,0
TF,ABSIT,48.423083,18.913083,0, ,0.0,0.0,0.0,0.0,0,0,0,0,0,0,0,0

APPTR,D36,36,ABSIT
IF,ABSIT,48.423083,18.913083, ,0.0,0.0,0,0,0,1,230,0,1,0
CI,0, ,0.0,73.0,0,0,0,0,0,0,0,0
AF,D206G,48.360422,19.032192,1,SLC,206.0,6.5,253.0,2,4500,0,0,0,0,0,0
CI,0, ,0.0,29.0,0,0,0,0,0,0,0,0
CF,D179D,48.390556,19.109500,0,SLC,178.9,3.8,359.0,2.0,0,0,0,0,0,0,1,0
CF,SLC,48.453250,19.115861,0,SLC,0.0,0.0,359.0,3.8,2,4500,0,0,0,0,0,0

APPTR,D36,36,BUDOL
IF,BUDOL,48.590139,19.020222, ,0.0,0.0,0,0,0,1,230,0,1,0
CI,0, ,0.0,151.0,0,0,0,0,0,0,0,0
AF,D206G,48.360422,19.032192,1,SLC,206.0,6.5,331.0,2,4500,0,0,0,0,0,0
CI,0, ,0.0,29.0,0,0,0,0,0,0,0,0
CF,D179D,48.390556,19.109500,0,SLC,178.9,3.8,359.0,2.0,0,0,0,0,0,0,1,0
CF,SLC,48.453250,19.115861,0,SLC,0.0,0.0,359.0,3.8,2,4500,0,0,0,0,0,0

APPTR,D36,36,SLC1
IF,SLC,48.453250,19.115861, ,0.0,0.0,2,5500,0,1,230,0,1,0
FD,SLC,48.453250,19.115861,0,SLC,0.0,4.0,232.0,4.0,2,4500,0,0,0,0,0,0
DF,D206G,48.360422,19.032192,1, ,0.0,0.0,0,0,0,0,0,0,0,1
CF,D179D,48.390556,19.109500,1,SLC,178.9,3.8,359.0,1.0,0,0,0,0,0,0,1,0
CF,SLC,48.453250,19.115861,0,SLC,0.0,0.0,359.0,3.8,2,4500,0,0,0,0,0,0

APPTR,D36,36,SLC2
IF,SLC,48.453250,19.115861, ,0.0,0.0,2,5500,0,1,230,0,1,0
FD,SLC,48.453250,19.115861,0,SLC,0.0,4.0,203.0,4.0,2,4500,0,0,0,0,0,0
CF,D179D,48.390556,19.109500,1,SLC,178.9,3.8,359.0,1.0,0,0,0,0,0,0,1,0
CF,SLC,48.453250,19.115861,0,SLC,0.0,0.0,359.0,3.8,2,4500,0,0,0,0,0,0

FINAL,D36,36,D,4
IF,SLC,48.453250,19.115861,SLC,0.0,0.0,2,4500,0,0,0,0,0,0
CF,FD36,48.473639,19.117917,0,SLC,358.8,1.2,359.0,1.2,2,4500,0,0,0,0,2,0
CF,57VOR,48.547972,19.125472,0,SLC,358.9,5.7,359.0,4.5,2,2840,0,0,0,0,0,0
CF,MD36,48.618000,19.132611,0,SLC,358.9,9.9,359.0,4.2,1,1276,0,0,0,0,3,0
FA,MD36,48.618000,19.132611,0,SLC,0.0,0.0,359.0,2,3100,0,0,0,0,0,0
DF,SLC,48.453250,19.115861,2, ,0.0,0.0,1,5500,0,1,210,0,0,0
HM,SLC,48.453250,19.115861,2, ,0.0,0.0,225.0,04.3,0,0,0,1,230,0,0,0,0

APPTR,I36,36,ABSIT
IF,ABSIT,48.423083,18.913083, ,0.0,0.0,0,0,0,1,230,0,1,0
CI,0, ,0.0,73.0,0,0,0,0,0,0,0,0
AF,D199G,48.354331,19.049794,1,SLC,199.0,6.5,253.0,2,4500,0,0,0,0,0,0
CI,1, ,0.0,27.0,0,0,0,0,0,0,0,0
CF,CF36,48.390250,19.121500,0,FS,176.9,15.7,357.0,2.0,2,4500,0,0,0,0,1,0

APPTR,I36,36,BUDOL
IF,BUDOL,48.590139,19.020222, ,0.0,0.0,0,0,0,1,230,0,1,0
CI,0, ,0.0,151.0,0,0,0,0,0,0,0,0
AF,D199G,48.354331,19.049794,1,SLC,199.0,6.5,331.0,2,4500,0,0,0,0,0,0
CI,0, ,0.0,27.0,0,0,0,0,0,0,0,0
CF,CF36,48.390250,19.121500,0,FS,176.9,15.7,357.0,2.0,2,4500,0,0,0,0,1,0

APPTR,I36,36,SLC1
IF,SLC,48.453250,19.115861, ,0.0,0.0,2,5500,0,1,230,0,1,0
FD,SLC,48.453250,19.115861,0,SLC,0.0,4.0,225.0,4.0,2,4500,0,0,0,0,0,0
DF,D199G,48.354331,19.049794,1, ,0.0,0.0,0,0,0,0,0,0,0,1
CF,CF36,48.390250,19.121500,1,FS,176.9,15.7,357.0,1.0,2,4500,0,0,0,0,1,0

APPTR,I36,36,SLC2
IF,SLC,48.453250,19.115861, ,0.0,0.0,2,5500,0,1,230,0,1,0
FD,SLC,48.453250,19.115861,0,SLC,0.0,4.0,196.0,4.0,2,4500,0,0,0,0,0,0
CF,CF36,48.390250,19.121500,1,FS,176.9,15.7,357.0,1.0,2,4500,0,0,0,0,1,0

FINAL,I36,36,I,3
IF,CF36,48.390250,19.121500,FS,176.9,15.7,2,4500,0,0,0,0,0,0
CF,FF36,48.473472,19.125722,0,FS,176.9,10.7,357.0,5.0,1,4500,0,0,0,0,2,0
CF,RW36,48.627294,19.133569,0,FS,176.9,1.5,357.0,9.2,1,1067,0,0,0,0,3,0
FA,RW36,48.627294,19.133569,0,SLC,0.0,0.0,357.0,2,2600,0,0,0,0,0,0
DF,SLC,48.453250,19.115861,2, ,0.0,0.0,1,5500,0,1,210,0,0,0
HM,SLC,48.453250,19.115861,2, ,0.0,0.0,225.0,04.3,0,0,0,1,230,0,0,0,0

