SID,BILN1S,06,2
CA,0,60.0,2,2500,0,0,0,0,0,0
CF,ZLA,49.202861,18.510444,1,SLC,327.2,51.0,225.0,10.0,0,0,0,0,0,0,0,1
CI,2, ,0.0,13.0,0,0,0,0,0,0,0,0
CF,BILNA,49.393553,18.447300,0,SLC,330.2,62.4,343.0,5.0,0,0,0,0,0,0,0,0

SID,BILN1T,06,5
CF,ZI511,49.264336,18.713447,0,SLC,337.0,51.3,60.0,4.0,0,0,0,0,0,0,0,0
TF,ZI512,49.339628,18.659083,0, ,0.0,0.0,0.0,0.0,0,0,0,0,0,0,0,0
TF,ZI521,49.318261,18.589992,0, ,0.0,0.0,0.0,0.0,4,6000,5000,0,0,0,0,0
TF,ZI522,49.356147,18.518283,0, ,0.0,0.0,0.0,0.0,4,6000,5000,0,0,0,0,0
TF,BILNA,49.393553,18.447300,0, ,0.0,0.0,0.0,0.0,1,7000,0,0,0,0,0,0

SID,BILN1Y,24,2
CA,0,240.0,2,1420,0,0,0,0,0,0
CF,ZNA09,49.204444,18.385000,0,SLC,322.6,53.6,255.0,8.0,0,0,0,0,0,0,0,1
CF,ZLA,49.202861,18.510444,1,SLC,327.2,51.0,62.0,5.0,0,0,0,0,0,0,0,0
TF,BILNA,49.393553,18.447300,0, ,0.0,0.0,0.0,0.0,0,0,0,0,0,0,0,0

SID,BILN1Z,24,5
CA,0,240.0,2,1420,0,0,0,0,0,0
CF,ZI531,49.219006,18.505658,0,SLC,327.5,52.0,255.0,4.0,0,0,0,0,0,0,0,0
TF,ZI532,49.278633,18.462358,0, ,0.0,0.0,0.0,0.0,4,6000,5000,0,0,0,0,0
TF,ZI533,49.327686,18.455939,0, ,0.0,0.0,0.0,0.0,4,6000,5000,0,0,0,0,0
TF,BILNA,49.393553,18.447300,0, ,0.0,0.0,0.0,0.0,1,7000,0,0,0,0,0,0

SID,MAKA1S,06,2
CA,0,60.0,2,2500,0,0,0,0,0,0
CF,ZLA,49.202861,18.510444,1,SLC,327.2,51.0,225.0,10.0,0,0,0,0,0,0,0,1
TF,MAKAL,49.246008,18.165717,0, ,0.0,0.0,0.0,0.0,0,0,0,0,0,0,0,0

SID,MAKA1T,06,5
CF,ZI511,49.264336,18.713447,0,SLC,337.0,51.3,60.0,4.0,0,0,0,0,0,0,0,0
TF,ZI512,49.339628,18.659083,0, ,0.0,0.0,0.0,0.0,0,0,0,0,0,0,0,0
TF,ZI521,49.318261,18.589992,0, ,0.0,0.0,0.0,0.0,4,6000,5000,0,0,0,0,0
TF,ZI522,49.356147,18.518283,0, ,0.0,0.0,0.0,0.0,4,6000,5000,0,0,0,0,0
TF,MAKAL,49.246008,18.165717,0, ,0.0,0.0,0.0,0.0,1,6000,0,0,0,0,0,0

SID,MAKA1Y,24,2
CA,0,240.0,2,1420,0,0,0,0,0,0
CF,ZNA09,49.204444,18.385000,0,SLC,322.6,53.6,255.0,8.0,0,0,0,0,0,0,0,1
CF,MAKAL,49.246008,18.165717,0,SLC,317.0,60.7,276.0,10.0,0,0,0,0,0,0,0,0

SID,MAKA1Z,24,5
CA,0,240.0,2,1420,0,0,0,0,0,0
CF,ZI531,49.219006,18.505658,0,SLC,327.5,52.0,255.0,4.0,0,0,0,0,0,0,0,0
TF,ZI532,49.278633,18.462358,0, ,0.0,0.0,0.0,0.0,4,6000,5000,0,0,0,0,0
TF,ZI541,49.296272,18.326000,0, ,0.0,0.0,0.0,0.0,4,6000,5000,0,0,0,0,0
TF,MAKAL,49.246008,18.165717,0, ,0.0,0.0,0.0,0.0,1,6000,0,0,0,0,0,0

SID,RUTK1S,06,2
CA,0,60.0,2,2500,0,0,0,0,0,0
CF,ZLA,49.202861,18.510444,1,SLC,327.2,51.0,225.0,10.0,2,6000,0,0,0,0,0,1
CI,1, ,0.0,53.0,0,0,0,0,0,0,0,0
CF,RUTKI,49.173297,18.940092,0,SLC,345.9,43.8,91.0,11.0,0,0,0,0,0,0,0,0

SID,RUTK1T,06,5
CF,ZI511,49.264336,18.713447,0,SLC,337.0,51.3,60.0,4.0,0,0,0,0,0,0,0,0
TF,ZI512,49.339628,18.659083,0, ,0.0,0.0,0.0,0.0,0,0,0,0,0,0,0,0
TF,ZI513,49.360953,18.728236,0, ,0.0,0.0,0.0,0.0,0,0,0,0,0,0,0,0
TF,ZI514,49.244100,18.812367,0, ,0.0,0.0,0.0,0.0,4,9000,8000,0,0,0,0,0
TF,ZI515,49.188636,18.852147,0, ,0.0,0.0,0.0,0.0,4,9000,8500,0,0,0,0,0
TF,RUTKI,49.173297,18.940092,0, ,0.0,0.0,0.0,0.0,4,9000,8500,0,0,0,0,0

SID,RUTK1Y,24,2
CA,0,240.0,2,1420,0,0,0,0,0,0
CF,ZNA09,49.204444,18.385000,0,SLC,322.6,53.6,255.0,8.0,0,0,0,0,0,0,0,1
CF,ZLA,49.202861,18.510444,1,SLC,327.2,51.0,62.0,5.0,0,0,0,0,0,0,0,0
TF,RUTKI,49.173297,18.940092,0, ,0.0,0.0,0.0,0.0,0,0,0,0,0,0,0,0

SID,RUTK1Z,24,5
CA,0,240.0,2,1420,0,0,0,0,0,0
CF,ZI531,49.219006,18.505658,0,SLC,327.5,52.0,255.0,4.0,0,0,0,0,0,0,0,0
TF,ZI532,49.278633,18.462358,0, ,0.0,0.0,0.0,0.0,0,0,0,0,0,0,0,0
TF,ZI521,49.318261,18.589992,0, ,0.0,0.0,0.0,0.0,3,6000,0,0,0,0,0,0
TF,ZI513,49.360953,18.728236,0, ,0.0,0.0,0.0,0.0,0,0,0,0,0,0,0,0
TF,ZI514,49.244100,18.812367,0, ,0.0,0.0,0.0,0.0,4,9000,8000,0,0,0,0,0
TF,ZI515,49.188636,18.852147,0, ,0.0,0.0,0.0,0.0,4,9000,8500,0,0,0,0,0
TF,RUTKI,49.173297,18.940092,0, ,0.0,0.0,0.0,0.0,4,9000,8500,0,0,0,0,0

SID,TEKL1S,06,2
CA,0,60.0,2,2500,0,0,0,0,0,0
CF,ZLA,49.202861,18.510444,1,SLC,327.2,51.0,225.0,10.0,2,6000,0,0,0,0,0,1
TF,TEKLA,48.979400,18.745319,0, ,0.0,0.0,0.0,0.0,0,0,0,0,0,0,0,0

SID,TEKL1T,06,5
CF,ZI511,49.264336,18.713447,0,SLC,337.0,51.3,60.0,4.0,0,0,0,0,0,0,0,0
TF,ZI512,49.339628,18.659083,0, ,0.0,0.0,0.0,0.0,0,0,0,0,0,0,0,0
TF,ZI513,49.360953,18.728236,0, ,0.0,0.0,0.0,0.0,0,0,0,0,0,0,0,0
TF,ZI514,49.244100,18.812367,0, ,0.0,0.0,0.0,0.0,4,9000,8000,0,0,0,0,0
TF,ZI515,49.188636,18.852147,0, ,0.0,0.0,0.0,0.0,4,9000,8500,0,0,0,0,0
TF,TEKLA,48.979400,18.745319,0, ,0.0,0.0,0.0,0.0,4,9000,8500,0,0,0,0,0

SID,TEKL1Y,24,2
CA,0,240.0,2,1420,0,0,0,0,0,0
CF,ZNA09,49.204444,18.385000,0,SLC,322.6,53.6,255.0,8.0,0,0,0,0,0,0,0,1
CF,ZLA,49.202861,18.510444,1,SLC,327.2,51.0,62.0,5.0,0,0,0,0,0,0,0,0
TF,TEKLA,48.979400,18.745319,0, ,0.0,0.0,0.0,0.0,0,0,0,0,0,0,0,0

SID,TEKL1Z,24,5
CA,0,240.0,2,1420,0,0,0,0,0,0
CF,ZI531,49.219006,18.505658,0,SLC,327.5,52.0,255.0,4.0,0,0,0,0,0,0,0,0
TF,ZI532,49.278633,18.462358,0, ,0.0,0.0,0.0,0.0,0,0,0,0,0,0,0,0
TF,ZI521,49.318261,18.589992,0, ,0.0,0.0,0.0,0.0,3,6000,0,0,0,0,0,0
TF,ZI513,49.360953,18.728236,0, ,0.0,0.0,0.0,0.0,0,0,0,0,0,0,0,0
TF,ZI514,49.244100,18.812367,0, ,0.0,0.0,0.0,0.0,4,9000,8000,0,0,0,0,0
TF,ZI515,49.188636,18.852147,0, ,0.0,0.0,0.0,0.0,4,9000,8500,0,0,0,0,0
TF,TEKLA,48.979400,18.745319,0, ,0.0,0.0,0.0,0.0,4,9000,8500,0,0,0,0,0

SID,VADE1S,06,2
CA,0,60.0,2,2500,0,0,0,0,0,0
CF,ZLA,49.202861,18.510444,1,SLC,327.2,51.0,225.0,10.0,2,6000,0,0,0,0,0,1
CI,1, ,0.0,53.0,0,0,0,0,0,0,0,0
CF,VADEX,49.250836,18.884811,0,SLC,344.3,48.8,74.0,4.0,0,0,0,0,0,0,0,0

SID,VADE1T,06,5
CF,ZI511,49.264336,18.713447,0,SLC,337.0,51.3,60.0,4.0,0,0,0,0,0,0,0,0
TF,ZI512,49.339628,18.659083,0, ,0.0,0.0,0.0,0.0,0,0,0,0,0,0,0,0
TF,ZI513,49.360953,18.728236,0, ,0.0,0.0,0.0,0.0,0,0,0,0,0,0,0,0
TF,ZI514,49.244100,18.812367,0, ,0.0,0.0,0.0,0.0,4,9000,8000,0,0,0,0,0
TF,VADEX,49.250836,18.884811,0, ,0.0,0.0,0.0,0.0,4,9000,8500,0,0,0,0,0

SID,VADE1Y,24,2
CA,0,240.0,2,1420,0,0,0,0,0,0
CF,ZNA09,49.204444,18.385000,0,SLC,322.6,53.6,255.0,8.0,0,0,0,0,0,0,0,1
CF,ZLA,49.202861,18.510444,1,SLC,327.2,51.0,62.0,5.0,0,0,0,0,0,0,0,0
TF,VADEX,49.250836,18.884811,0, ,0.0,0.0,0.0,0.0,0,0,0,0,0,0,0,0

SID,VADE1Z,24,5
CA,0,240.0,2,1420,0,0,0,0,0,0
CF,ZI531,49.219006,18.505658,0,SLC,327.5,52.0,255.0,4.0,0,0,0,0,0,0,0,0
TF,ZI532,49.278633,18.462358,0, ,0.0,0.0,0.0,0.0,0,0,0,0,0,0,0,0
TF,ZI521,49.318261,18.589992,0, ,0.0,0.0,0.0,0.0,3,6000,0,0,0,0,0,0
TF,ZI513,49.360953,18.728236,0, ,0.0,0.0,0.0,0.0,0,0,0,0,0,0,0,0
TF,ZI514,49.244100,18.812367,0, ,0.0,0.0,0.0,0.0,4,9000,8000,0,0,0,0,0
TF,VADEX,49.250836,18.884811,0, ,0.0,0.0,0.0,0.0,4,9000,8500,0,0,0,0,0

STAR,BILN1A,06,2
IF,BILNA,49.393553,18.447300, ,0.0,0.0,0,0,0,0,0,0,0,0
TF,ZLA,49.202861,18.510444,0, ,0.0,0.0,0.0,0.0,0,0,0,0,0,0,0,0

STAR,BILN2B,06,5
IF,BILNA,49.393553,18.447300, ,0.0,0.0,2,8000,0,0,0,0,0,0
TF,ZI624,49.283256,18.377050,0, ,0.0,0.0,0.0,0.0,2,8000,0,0,0,0,0,0
TF,ZI623,49.198261,18.323147,0, ,0.0,0.0,0.0,0.0,2,7000,0,0,0,0,0,0
TF,ZI622,49.167014,18.223600,0, ,0.0,0.0,0.0,0.0,2,7000,0,1,150,0,0,0
TF,ZI621,49.121964,18.256517,0, ,0.0,0.0,0.0,0.0,2,4500,0,1,150,0,0,0
TF,SAGAN,49.153181,18.355997,0, ,0.0,0.0,0.0,0.0,2,4500,0,1,150,0,0,0

STAR,MAKA1A,06,2
IF,MAKAL,49.246008,18.165717, ,0.0,0.0,0,0,0,0,0,0,0,0
TF,ZLA,49.202861,18.510444,0, ,0.0,0.0,0.0,0.0,0,0,0,0,0,0,0,0

STAR,MAKA2B,06,5
IF,MAKAL,49.246008,18.165717, ,0.0,0.0,2,8000,0,0,0,0,0,0
TF,ZI622,49.167014,18.223600,0, ,0.0,0.0,0.0,0.0,2,7000,0,1,150,0,0,0
TF,ZI621,49.121964,18.256517,0, ,0.0,0.0,0.0,0.0,2,4500,0,1,150,0,0,0
TF,SAGAN,49.153181,18.355997,0, ,0.0,0.0,0.0,0.0,2,4500,0,1,150,0,0,0

STAR,RUTK1A,06,2
IF,RUTKI,49.173297,18.940092, ,0.0,0.0,0,0,0,0,0,0,0,0
TF,D111F,49.186628,18.749283,0, ,0.0,0.0,0.0,0.0,0,0,0,0,0,0,0,0
TF,ZLA,49.202861,18.510444,0, ,0.0,0.0,0.0,0.0,0,0,0,0,0,0,0,0

STAR,RUTK2B,06,5
IF,RUTKI,49.173297,18.940092, ,0.0,0.0,2,10000,0,0,0,0,0,0
TF,ZI614,49.210283,18.836633,0, ,0.0,0.0,0.0,0.0,2,10000,0,0,0,0,0,0
TF,ZI613,49.171000,18.709336,0, ,0.0,0.0,0.0,0.0,2,10000,0,0,0,0,0,0
TF,ZI612,49.113797,18.525119,0, ,0.0,0.0,0.0,0.0,2,5000,0,0,0,0,0,0
TF,ZI611,49.078028,18.410614,0, ,0.0,0.0,0.0,0.0,2,4500,0,0,0,0,0,0
TF,SAGAN,49.153181,18.355997,0, ,0.0,0.0,0.0,0.0,2,4500,0,1,150,0,0,0

STAR,TEKL1A,06,2
IF,TEKLA,48.979400,18.745319, ,0.0,0.0,0,0,0,0,0,0,0,0
TF,D165J,49.067103,18.653447,0, ,0.0,0.0,0.0,0.0,0,0,0,0,0,0,0,0
TF,ZLA,49.202861,18.510444,0, ,0.0,0.0,0.0,0.0,0,0,0,0,0,0,0,0

STAR,TEKL2B,06,5
IF,TEKLA,48.979400,18.745319, ,0.0,0.0,2,10000,0,0,0,0,0,0
TF,ZI616,49.031614,18.659994,0, ,0.0,0.0,0.0,0.0,2,10000,0,0,0,0,0,0
TF,ZI615,49.057678,18.617294,0, ,0.0,0.0,0.0,0.0,2,8000,0,0,0,0,0,0
TF,ZI612,49.113797,18.525119,0, ,0.0,0.0,0.0,0.0,2,5000,0,0,0,0,0,0
TF,ZI611,49.078028,18.410614,0, ,0.0,0.0,0.0,0.0,2,4500,0,0,0,0,0,0
TF,SAGAN,49.153181,18.355997,0, ,0.0,0.0,0.0,0.0,2,4500,0,1,150,0,0,0

STAR,VADE1A,06,2
IF,VADEX,49.250836,18.884811, ,0.0,0.0,0,0,0,0,0,0,0,0
TF,D081G,49.239806,18.797839,0, ,0.0,0.0,0.0,0.0,0,0,0,0,0,0,0,0
TF,ZLA,49.202861,18.510444,0, ,0.0,0.0,0.0,0.0,0,0,0,0,0,0,0,0

STAR,VADE2B,06,5
IF,VADEX,49.250836,18.884811, ,0.0,0.0,2,10000,0,0,0,0,0,0
TF,ZI614,49.210283,18.836633,0, ,0.0,0.0,0.0,0.0,2,10000,0,0,0,0,0,0
TF,ZI613,49.171000,18.709336,0, ,0.0,0.0,0.0,0.0,2,10000,0,0,0,0,0,0
TF,ZI612,49.113797,18.525119,0, ,0.0,0.0,0.0,0.0,2,5000,0,0,0,0,0,0
TF,ZI611,49.078028,18.410614,0, ,0.0,0.0,0.0,0.0,2,4500,0,0,0,0,0,0
TF,SAGAN,49.153181,18.355997,0, ,0.0,0.0,0.0,0.0,2,4500,0,1,150,0,0,0

APPTR,I06,06,ZLA
FD,ZLA,49.202861,18.510444,0,ZNA,0.0,10.7,226.0,10.7,2,4000,0,0,0,0,1,0
CF,SAGAN,49.153181,18.355997,2,ZNA,239.7,11.7,60.0,1.0,2,4000,0,0,0,0,1,0

FINAL,I06,06,I,3
IF,SAGAN,49.153181,18.355997,ZNA,239.7,11.7,1,4000,0,0,0,0,1,0
CF,FI06,49.174694,18.424750,0,ZNA,239.7,8.7,60.0,3.0,1,4000,0,0,0,0,2,0
CF,RW06,49.231231,18.606444,0,ZNA,239.7,0.8,60.0,7.9,1,1059,0,0,0,0,3,0
CF,D060G,49.281889,18.770333,0,OTA,129.7,36.0,60.0,7.1,0,0,0,1,130,0,0,1
DF,ZLA,49.202861,18.510444,1, ,0.0,0.0,1,4500,0,0,0,0,0,0
HM,ZLA,49.202861,18.510444,2, ,0.0,0.0,240.0,04.3,0,0,0,0,0,0,0,0,0

APPTR,Q06,06,ZLA
FD,ZLA,49.202861,18.510444,0,ZNA,0.0,10.7,227.0,10.7,2,4000,0,0,0,0,1,0
CF,FQ06,49.177028,18.423083,2,OTA,154.4,33.6,61.0,3.0,2,4000,0,0,0,0,0,0

FINAL,Q06,06,N,3
IF,FQ06,49.177028,18.423083,ZLA,0.0,0.0,2,4000,0,0,0,0,2,0
CF,ZLA,49.202861,18.510444,0,ZLA,0.0,0.0,61.0,3.8,2,2600,0,0,0,0,0,0
CF,MM06,49.227667,18.594694,0,ZNA,0.0,0.6,61.0,3.6,1,1249,0,0,0,0,3,0
CF,D061G,49.279583,18.772000,0,OTA,129.8,36.1,61.0,7.6,0,0,0,1,130,0,0,1
DF,ZLA,49.202861,18.510444,1, ,0.0,0.0,1,4500,0,0,0,0,0,0
HM,ZLA,49.202861,18.510444,2, ,0.0,0.0,240.0,04.3,0,0,0,0,0,0,0,0,0

APPTR,R06,06,SAGAN
HF,SAGAN,49.153181,18.355997,1, ,0.0,0.0,60.0,04.3,2,4500,0,0,0,0,1,0,0

FINAL,R06,06,R,3
IF,SAGAN,49.153181,18.355997, ,0.0,0.0,2,4500,0,1,150,0,0,0
TF,ZI06F,49.174689,18.424758,0, ,0.0,0.0,60.0,3.0,2,4000,0,0,0,0,2,0
TF,RW06,49.231231,18.606444,0, ,0.0,0.0,60.0,7.9,1,1059,0,0,0,0,3,1
TF,ZIM06,49.288094,18.790517,0, ,0.0,0.0,0.0,0.0,0,0,0,1,130,0,0,1
TF,ZI711,49.363422,18.736242,0, ,0.0,0.0,0.0,0.0,0,0,0,1,130,0,0,0
TF,ZI712,49.228308,18.301214,0, ,0.0,0.0,0.0,0.0,0,0,0,0,0,0,0,0
TF,SAGAN,49.153181,18.355997,0, ,0.0,0.0,0.0,0.0,1,4500,0,0,0,0,0,0
HM,SAGAN,49.153181,18.355997,1, ,0.0,0.0,60.0,04.3,0,0,0,0,0,0,0,0,0

