APPTR,D07,07,ATLAN
IF,ATLAN,15.897053,-86.989064, ,0.0,0.0,0,0,0,0,0,0,1,0
CI,0, ,0.0,144.0,0,0,0,0,0,0,0,0
AF,CF07,15.713331,-87.035272,1,BTO,263.0,10.0,324.0,2,3000,0,0,0,0,0,0

FINAL,D07,07,D,4
IF,CF07,15.713331,-87.035272,BTO,263.0,10.0,2,3000,0,0,0,0,0,0
CF,FF07,15.718014,-87.001056,0,BTO,263.0,8.0,83.0,2.0,2,2500,0,0,0,0,2,0
CF,60VOR,15.722692,-86.966836,0,BTO,263.0,6.0,83.0,2.0,2,1900,0,0,0,0,0,0
CF,MA07,15.733194,-86.889836,0,BTO,263.0,1.5,83.0,4.5,1,577,0,0,0,0,3,1
DF,ATLAN,15.897053,-86.989064,1, ,0.0,0.0,2,3000,0,0,0,0,0,0
HM,ATLAN,15.897053,-86.989064,1, ,0.0,0.0,144.0,03,2,3000,0,0,0,0,0,0,0

