SID,LEXUV3,12,5
DF,UKIMO,17.918556,-76.743300,0, ,0.0,0.0,2,400,0,0,0,0,0,0
TF,PEMPE,17.809956,-76.789128,0, ,0.0,0.0,0.0,0.0,0,0,0,1,220,0,0,0
TF,LEXUV,17.853819,-76.902525,0, ,0.0,0.0,0.0,0.0,0,0,0,0,0,0,0,0

SID,LEXUV3,KEMBO,6
IF,LEXUV,17.853819,-76.902525, ,0.0,0.0,0,0,0,0,0,0,0,0
TF,KEMBO,18.218889,-77.354722,0, ,0.0,0.0,0.0,0.0,0,0,0,0,0,0,0,0

SID,LEXUV3,RADOK,6
IF,LEXUV,17.853819,-76.902525, ,0.0,0.0,0,0,0,0,0,0,0,0
TF,RADOK,18.427222,-76.888333,0, ,0.0,0.0,0.0,0.0,0,0,0,0,0,0,0,0

APPTR,I12,12,FABAL
IF,FABAL,18.076400,-77.110928, ,0.0,0.0,0,0,0,0,0,0,0,0
TF,KEYNO,18.048569,-77.047292,0, ,0.0,0.0,0.0,0.0,2,4000,0,0,0,0,1,0
CF,CIBUG,18.009569,-76.958244,0,IMLY,300.7,11.3,120.0,5.6,2,2800,0,0,0,0,0,0

FINAL,I12,12,I,3
IF,CIBUG,18.009569,-76.958244,IMLY,300.7,11.3,2,2800,0,0,0,0,0,0
CF,SALOC,17.981686,-76.894656,0,IMLY,300.7,7.3,120.0,4.0,1,2000,0,0,0,0,2,0
CF,RW12,17.940272,-76.799419,0,IMLY,301.7,1.3,120.0,6.0,1,58,0,0,0,0,3,0
CA,0,120.0,2,1000,0,0,0,0,0,0
VM,0,0,0,170.0,2,4000,0,0,0,0,0,0
DF,KEYNO,18.048569,-77.047292,2, ,0.0,0.0,0,0,0,0,0,0,0,0

APPTR,R12,12,CAVUR
IF,CAVUR,18.342803,-76.978478, ,0.0,0.0,2,9000,0,0,0,0,1,0
TF,FOLED,18.055914,-77.099075,0, ,0.0,0.0,0.0,0.0,2,4000,0,0,0,0,1,0
TF,HIPTO,18.009031,-76.977394,0, ,0.0,0.0,0.0,0.0,2,2800,0,0,0,0,0,0

APPTR,R12,12,WADIB
IF,WADIB,17.887303,-77.405250, ,0.0,0.0,2,9000,0,0,0,0,0,0
TF,ZOROS,17.978303,-77.131728,0, ,0.0,0.0,0.0,0.0,2,4800,0,0,0,0,1,0
TF,FOLED,18.055914,-77.099075,0, ,0.0,0.0,0.0,0.0,2,4000,0,0,0,0,1,0
TF,HIPTO,18.009031,-76.977394,0, ,0.0,0.0,0.0,0.0,2,2800,0,0,0,0,0,0

FINAL,R12,12,R,4
IF,HIPTO,18.009031,-76.977394, ,0.0,0.0,2,2800,0,0,0,0,0,0
TF,ZUGLA,17.977719,-76.896275,0, ,0.0,0.0,117.0,5.0,2,2000,0,0,0,0,2,0
TF,KAVDE,17.957183,-76.843133,0, ,0.0,0.0,117.0,3.3,2,940,0,0,0,0,0,0
TF,RW12,17.940272,-76.799419,0, ,0.0,0.0,117.0,2.7,1,63,0,0,0,0,3,0
CA,0,117.0,2,418,0,0,0,0,0,0
DF,MARAG,17.671356,-76.706417,2, ,0.0,0.0,2,4000,0,0,0,0,0,0
HM,MARAG,17.671356,-76.706417,1, ,0.0,0.0,350.0,04,0,0,0,0,0,0,0,0,0

APPTR,R30,30,BADOW
IF,BADOW,17.735683,-76.313478, ,0.0,0.0,2,9000,0,0,0,0,1,0
TF,WASOT,17.849431,-76.565136,0, ,0.0,0.0,0.0,0.0,2,3000,0,0,0,0,1,0

APPTR,R30,30,DUSIL
IF,DUSIL,17.576750,-76.680447, ,0.0,0.0,2,9000,0,0,0,0,0,0
TF,BOTUL,17.771897,-76.597961,0, ,0.0,0.0,0.0,0.0,2,4000,0,0,0,0,1,0
TF,WASOT,17.849431,-76.565136,0, ,0.0,0.0,0.0,0.0,2,3000,0,0,0,0,1,0

FINAL,R30,30,R,3
IF,WASOT,17.849431,-76.565136, ,0.0,0.0,2,3000,0,0,0,0,0,0
TF,AVREL,17.893761,-76.679342,0, ,0.0,0.0,297.0,7.1,2,2000,0,0,0,0,2,0
TF,RW30,17.931078,-76.775658,0, ,0.0,0.0,297.0,6.0,1,73,0,0,0,0,3,0
CA,0,297.0,2,418,0,0,0,0,0,0
DF,MARAG,17.671356,-76.706417,1, ,0.0,0.0,2,3000,0,0,0,0,0,0
HM,MARAG,17.671356,-76.706417,1, ,0.0,0.0,350.0,04,0,0,0,0,0,0,0,0,0

