SID,ATENA4,07,1
VD, ,0,0,0,TIO,0.0,0.0,71.0,4.0,2,5500,0,0,0,0,0,0
DF,TIO,9.983669,-84.236158,2, ,0.0,0.0,2,7000,0,0,0,0,0,0

SID,ATENA4,25,1
CA,0,251.0,2,3430,0,0,0,0,0,0
DF,TIO,9.983669,-84.236158,0, ,0.0,0.0,0,0,0,0,0,0,0,0

SID,ATENA4,ALL,2
IF,TIO,9.983669,-84.236158, ,0.0,0.0,0,0,0,0,0,0,0,0
TF,BURGO,9.878028,-84.366111,0, ,0.0,0.0,0.0,0.0,2,7000,0,0,0,0,0,0
TF,TEREL,9.737583,-84.280139,0, ,0.0,0.0,0.0,0.0,4,13000,11500,0,0,0,0,0

SID,ATENA4,COTOS,3
IF,TEREL,9.737583,-84.280139, ,0.0,0.0,4,13000,11500,0,0,0,0,0
TF,DOTAS,9.689628,-84.234389,0, ,0.0,0.0,0.0,0.0,3,13000,0,0,0,0,0,0
TF,COTOS,8.608583,-82.971528,0, ,0.0,0.0,0.0,0.0,0,0,0,0,0,0,0,0

SID,ATENA4,ISEBA,3
IF,TEREL,9.737583,-84.280139, ,0.0,0.0,4,13000,11500,0,0,0,0,0
TF,DOTAS,9.689628,-84.234389,0, ,0.0,0.0,0.0,0.0,3,13000,0,0,0,0,0,0
TF,ISEBA,9.541278,-82.869861,0, ,0.0,0.0,0.0,0.0,0,0,0,0,0,0,0,0

SID,ATENA4,LIO,3
IF,TEREL,9.737583,-84.280139, ,0.0,0.0,4,13000,11500,0,0,0,0,0
TF,DOTAS,9.689628,-84.234389,0, ,0.0,0.0,0.0,0.0,3,13000,0,0,0,0,0,0
TF,LIO,9.963142,-83.027169,0, ,0.0,0.0,0.0,0.0,0,0,0,0,0,0,0,0

SID,ATENA4,PARRI,3
IF,TEREL,9.737583,-84.280139, ,0.0,0.0,4,13000,11500,0,0,0,0,0
TF,SANIG,9.655139,-84.294750,0, ,0.0,0.0,0.0,0.0,0,0,0,0,0,0,0,0
TF,PARRI,9.523306,-84.318139,0, ,0.0,0.0,0.0,0.0,0,0,0,0,0,0,0,0

SID,CACAO4,07,2
VD, ,0,0,0,TIO,0.0,0.0,71.0,4.0,2,5500,0,0,0,0,0,0
DF,TIO,9.983669,-84.236158,2, ,0.0,0.0,2,7000,0,0,0,0,0,0
TF,CACAO,10.048111,-84.291556,0, ,0.0,0.0,0.0,0.0,2,9500,0,0,0,0,0,0

SID,CACAO4,ARENA,3
IF,CACAO,10.048111,-84.291556, ,0.0,0.0,2,9500,0,0,0,0,0,0
TF,VILLA,10.271472,-84.487722,0, ,0.0,0.0,0.0,0.0,0,0,0,0,0,0,0,0
TF,ARENA,10.363861,-84.568972,0, ,0.0,0.0,0.0,0.0,0,0,0,0,0,0,0,0
TF,ULAPO,11.049083,-85.173750,0, ,0.0,0.0,0.0,0.0,0,0,0,0,0,0,0,0

SID,CACAO4,BARVA,3
IF,CACAO,10.048111,-84.291556, ,0.0,0.0,2,9500,0,0,0,0,0,0
TF,JANES,10.148500,-84.198000,0, ,0.0,0.0,0.0,0.0,0,0,0,0,0,0,0,0
TF,BARVA,10.198611,-84.055083,0, ,0.0,0.0,0.0,0.0,0,0,0,0,0,0,0,0
TF,COLOR,10.752806,-83.583194,0, ,0.0,0.0,0.0,0.0,0,0,0,0,0,0,0,0

SID,CACAO4,JANES,3
IF,CACAO,10.048111,-84.291556, ,0.0,0.0,2,9500,0,0,0,0,0,0
TF,JANES,10.148500,-84.198000,0, ,0.0,0.0,0.0,0.0,0,0,0,0,0,0,0,0
TF,SASAY,10.398028,-84.139611,0, ,0.0,0.0,0.0,0.0,0,0,0,0,0,0,0,0
TF,RADON,10.702500,-84.068556,0, ,0.0,0.0,0.0,0.0,0,0,0,0,0,0,0,0

SID,DOTA1E,07,5
VI,0, ,0.0,71.0,2,5500,0,1,210,0,0,0
CF,OC224,9.915097,-84.027778,0,DAV,316.2,131.3,143.0,8.6,2,9000,0,0,0,0,0,0
TF,OC225,9.791206,-84.141356,0, ,0.0,0.0,0.0,0.0,2,13000,0,0,0,0,0,0
TF,DOTAS,9.689628,-84.234389,0, ,0.0,0.0,0.0,0.0,0,0,0,0,0,0,0,0

SID,DOTA1E,E,6
IF,DOTAS,9.689628,-84.234389, ,0.0,0.0,0,0,0,0,0,0,0,0
TF,OC227,9.606433,-84.224950,0, ,0.0,0.0,0.0,0.0,0,0,0,0,0,0,0,0
TF,ERABA,8.801611,-84.195333,0, ,0.0,0.0,0.0,0.0,0,0,0,0,0,0,0,0

SID,DOTA2E,25,5
VI,0, ,0.0,251.0,0,0,0,0,0,0,0,0
CF,OC265,9.886336,-84.259344,0,DAV,311.8,140.4,175.0,5.1,3,7000,0,0,0,0,0,0
TF,OC266,9.757731,-84.243211,0, ,0.0,0.0,0.0,0.0,2,9000,0,0,0,0,0,0
TF,DOTAS,9.689628,-84.234389,0, ,0.0,0.0,0.0,0.0,0,0,0,0,0,0,0,0

SID,DOTA2E,E,6
IF,DOTAS,9.689628,-84.234389, ,0.0,0.0,0,0,0,0,0,0,0,0
TF,OC227,9.606433,-84.224950,0, ,0.0,0.0,0.0,0.0,0,0,0,0,0,0,0,0
TF,ERABA,8.801611,-84.195333,0, ,0.0,0.0,0.0,0.0,0,0,0,0,0,0,0,0

SID,DOTA3D,07,5
VI,0, ,0.0,71.0,2,5500,0,1,210,0,0,0
CF,OC224,9.915097,-84.027778,0,DAV,316.2,131.3,143.0,8.6,2,9000,0,0,0,0,0,0
TF,OC225,9.791206,-84.141356,0, ,0.0,0.0,0.0,0.0,2,13000,0,0,0,0,0,0
TF,DOTAS,9.689628,-84.234389,0, ,0.0,0.0,0.0,0.0,0,0,0,0,0,0,0,0

SID,DOTA3D,D,6
IF,DOTAS,9.689628,-84.234389, ,0.0,0.0,0,0,0,0,0,0,0,0
TF,OC227,9.606433,-84.224950,0, ,0.0,0.0,0.0,0.0,0,0,0,0,0,0,0,0
TF,DRAKE,8.680167,-84.000306,0, ,0.0,0.0,0.0,0.0,0,0,0,0,0,0,0,0

SID,DOTA4D,25,5
VI,0, ,0.0,251.0,0,0,0,0,0,0,0,0
CF,OC265,9.886336,-84.259344,0,DAV,311.8,140.4,175.0,5.1,3,7000,0,0,0,0,0,0
TF,OC266,9.757731,-84.243211,0, ,0.0,0.0,0.0,0.0,2,9000,0,0,0,0,0,0
TF,DOTAS,9.689628,-84.234389,0, ,0.0,0.0,0.0,0.0,0,0,0,0,0,0,0,0

SID,DOTA4D,D,6
IF,DOTAS,9.689628,-84.234389, ,0.0,0.0,0,0,0,0,0,0,0,0
TF,OC227,9.606433,-84.224950,0, ,0.0,0.0,0.0,0.0,0,0,0,0,0,0,0,0
TF,DRAKE,8.680167,-84.000306,0, ,0.0,0.0,0.0,0.0,0,0,0,0,0,0,0,0

SID,NANJ1L,07,5
VA,0,71.0,2,3460,0,1,190,0,0,0
DF,OC275,10.053803,-84.213233,0, ,0.0,0.0,2,5000,0,1,220,0,0,0
TF,NANJO,10.105714,-84.353628,0, ,0.0,0.0,0.0,0.0,2,9000,0,0,0,0,0,0

SID,NANJ1L,L,6
IF,NANJO,10.105714,-84.353628, ,0.0,0.0,2,9000,0,0,0,0,0,0
TF,OC307,10.266192,-84.743881,0, ,0.0,0.0,0.0,0.0,0,0,0,0,0,0,0,0
TF,OC308,10.426197,-85.134525,0, ,0.0,0.0,0.0,0.0,0,0,0,0,0,0,0,0
TF,LIB,10.594183,-85.546353,0, ,0.0,0.0,0.0,0.0,0,0,0,0,0,0,0,0

SID,NANJ1R,07,5
VA,0,71.0,2,3460,0,1,190,0,0,0
DF,OC275,10.053803,-84.213233,0, ,0.0,0.0,2,5000,0,1,220,0,0,0
TF,NANJO,10.105714,-84.353628,0, ,0.0,0.0,0.0,0.0,2,9000,0,0,0,0,0,0

SID,NANJ1R,R,6
IF,NANJO,10.105714,-84.353628, ,0.0,0.0,2,9000,0,0,0,0,0,0
TF,OC153,10.280183,-84.277011,0, ,0.0,0.0,0.0,0.0,0,0,0,0,0,0,0,0
TF,RADON,10.702500,-84.068556,0, ,0.0,0.0,0.0,0.0,0,0,0,0,0,0,0,0

SID,NANJ1U,07,5
VA,0,71.0,2,3460,0,1,190,0,0,0
DF,OC275,10.053803,-84.213233,0, ,0.0,0.0,2,5000,0,1,220,0,0,0
TF,NANJO,10.105714,-84.353628,0, ,0.0,0.0,0.0,0.0,2,9000,0,0,0,0,0,0

SID,NANJ1U,U,6
IF,NANJO,10.105714,-84.353628, ,0.0,0.0,2,9000,0,0,0,0,0,0
TF,OC150,10.341142,-84.540986,0, ,0.0,0.0,0.0,0.0,3,13000,0,0,0,0,0,0
TF,OC151,10.677769,-84.809428,0, ,0.0,0.0,0.0,0.0,0,0,0,0,0,0,0,0
TF,ULAPO,11.049083,-85.173750,0, ,0.0,0.0,0.0,0.0,0,0,0,0,0,0,0,0

SID,NANJ2L,25,5
VA,0,251.0,2,4500,0,0,0,0,0,0
DF,NANJO,10.105714,-84.353628,0, ,0.0,0.0,2,9000,0,0,0,0,0,0

SID,NANJ2L,L,6
IF,NANJO,10.105714,-84.353628, ,0.0,0.0,2,9000,0,0,0,0,0,0
TF,OC307,10.266192,-84.743881,0, ,0.0,0.0,0.0,0.0,0,0,0,0,0,0,0,0
TF,OC308,10.426197,-85.134525,0, ,0.0,0.0,0.0,0.0,0,0,0,0,0,0,0,0
TF,LIB,10.594183,-85.546353,0, ,0.0,0.0,0.0,0.0,0,0,0,0,0,0,0,0

SID,NANJ2R,25,5
VA,0,251.0,2,4500,0,0,0,0,0,0
DF,NANJO,10.105714,-84.353628,0, ,0.0,0.0,2,9000,0,0,0,0,0,0

SID,NANJ2R,R,6
IF,NANJO,10.105714,-84.353628, ,0.0,0.0,2,9000,0,0,0,0,0,0
TF,OC153,10.280183,-84.277011,0, ,0.0,0.0,0.0,0.0,0,0,0,0,0,0,0,0
TF,RADON,10.702500,-84.068556,0, ,0.0,0.0,0.0,0.0,0,0,0,0,0,0,0,0

SID,NANJ2U,25,5
VA,0,251.0,2,4500,0,0,0,0,0,0
DF,NANJO,10.105714,-84.353628,0, ,0.0,0.0,2,9000,0,0,0,0,0,0

SID,NANJ2U,U,6
IF,NANJO,10.105714,-84.353628, ,0.0,0.0,2,9000,0,0,0,0,0,0
TF,OC150,10.341142,-84.540986,0, ,0.0,0.0,0.0,0.0,3,13000,0,0,0,0,0,0
TF,OC151,10.677769,-84.809428,0, ,0.0,0.0,0.0,0.0,0,0,0,0,0,0,0,0
TF,ULAPO,11.049083,-85.173750,0, ,0.0,0.0,0.0,0.0,0,0,0,0,0,0,0,0

SID,NANJ3C,07,5
VA,0,71.0,2,3460,0,1,190,0,0,0
DF,OC275,10.053803,-84.213233,0, ,0.0,0.0,2,5000,0,1,220,0,0,0
TF,NANJO,10.105714,-84.353628,0, ,0.0,0.0,0.0,0.0,2,9000,0,0,0,0,0,0

SID,NANJ3C,C,6
IF,NANJO,10.105714,-84.353628, ,0.0,0.0,2,9000,0,0,0,0,0,0
TF,OC153,10.280183,-84.277011,0, ,0.0,0.0,0.0,0.0,0,0,0,0,0,0,0,0
TF,COLOR,10.752806,-83.583194,0, ,0.0,0.0,0.0,0.0,0,0,0,0,0,0,0,0

SID,NANJ4C,25,5
VA,0,251.0,2,4500,0,0,0,0,0,0
DF,NANJO,10.105714,-84.353628,0, ,0.0,0.0,2,9000,0,0,0,0,0,0

SID,NANJ4C,C,6
IF,NANJO,10.105714,-84.353628, ,0.0,0.0,2,9000,0,0,0,0,0,0
TF,OC153,10.280183,-84.277011,0, ,0.0,0.0,0.0,0.0,0,0,0,0,0,0,0,0
TF,COLOR,10.752806,-83.583194,0, ,0.0,0.0,0.0,0.0,0,0,0,0,0,0,0,0

SID,PARAI3,07,2
VD, ,0,0,0,TIO,0.0,0.0,71.0,4.0,2,5500,0,0,0,0,0,0
VI,0, ,0.0,140.0,0,0,0,0,0,0,0,0
CF,ESRIO,9.930417,-84.076444,0,TIO,107.6,10.0,108.0,1.0,0,0,0,0,0,0,0,0
TF,PARAI,9.848472,-83.837000,0, ,0.0,0.0,0.0,0.0,0,0,0,0,0,0,0,0

SID,PARAI3,ISEBA,3
IF,PARAI,9.848472,-83.837000, ,0.0,0.0,1,15000,0,0,0,0,0,0
TF,ISEBA,9.541278,-82.869861,0, ,0.0,0.0,0.0,0.0,0,0,0,0,0,0,0,0

SID,PARAI3,LIO,3
IF,PARAI,9.848472,-83.837000, ,0.0,0.0,2,9000,0,0,0,0,0,0
TF,LIO,9.963142,-83.027169,0, ,0.0,0.0,0.0,0.0,0,0,0,0,0,0,0,0
TF,ISEBA,9.541278,-82.869861,0, ,0.0,0.0,0.0,0.0,0,0,0,0,0,0,0,0

SID,POAS4,07,2
VD, ,0,0,0,TIO,0.0,0.0,71.0,4.0,2,5500,0,0,0,0,0,0
DF,TIO,9.983669,-84.236158,2, ,0.0,0.0,2,7000,0,0,0,0,0,0

SID,POAS4,ARENA,3
IF,TIO,9.983669,-84.236158, ,0.0,0.0,2,7000,0,0,0,0,0,0
TF,D318E,10.046969,-84.291433,0, ,0.0,0.0,0.0,0.0,2,9500,0,0,0,0,0,0
TF,VILLA,10.271472,-84.487722,0, ,0.0,0.0,0.0,0.0,0,0,0,0,0,0,0,0
TF,ARENA,10.363861,-84.568972,0, ,0.0,0.0,0.0,0.0,0,0,0,0,0,0,0,0
TF,ULAPO,11.049083,-85.173750,0, ,0.0,0.0,0.0,0.0,0,0,0,0,0,0,0,0

SID,POAS4,BARVA,3
IF,TIO,9.983669,-84.236158, ,0.0,0.0,2,7000,0,0,0,0,0,0
TF,D039E,10.047947,-84.182039,0, ,0.0,0.0,0.0,0.0,2,9500,0,0,0,0,0,0
TF,BARVA,10.198611,-84.055083,0, ,0.0,0.0,0.0,0.0,0,0,0,0,0,0,0,0
TF,COLOR,10.752806,-83.583194,0, ,0.0,0.0,0.0,0.0,0,0,0,0,0,0,0,0

SID,POAS4,JANES,3
IF,TIO,9.983669,-84.236158, ,0.0,0.0,2,7000,0,0,0,0,0,0
TF,D012E,10.065269,-84.217272,0, ,0.0,0.0,0.0,0.0,2,9500,0,0,0,0,0,0
TF,JANES,10.148500,-84.198000,0, ,0.0,0.0,0.0,0.0,0,0,0,0,0,0,0,0
TF,SASAY,10.398028,-84.139611,0, ,0.0,0.0,0.0,0.0,0,0,0,0,0,0,0,0
TF,RADON,10.702500,-84.068556,0, ,0.0,0.0,0.0,0.0,0,0,0,0,0,0,0,0

SID,RAMON4,07,1
VD, ,0,0,0,TIO,0.0,0.0,71.0,4.0,2,5500,0,0,0,0,0,0
DF,TIO,9.983669,-84.236158,2, ,0.0,0.0,2,7000,0,0,0,0,0,0
TF,RAMON,10.070667,-84.419472,0, ,0.0,0.0,0.0,0.0,2,9000,0,0,0,0,0,0

SID,RAMON4,25,1
CA,0,251.0,2,3430,0,0,0,0,0,0
DF,TIO,9.983669,-84.236158,0, ,0.0,0.0,0,0,0,0,0,0,0,0
TF,RAMON,10.070667,-84.419472,0, ,0.0,0.0,0.0,0.0,2,9000,0,0,0,0,0,0

SID,RAMON4,ARENA,3
IF,RAMON,10.070667,-84.419472, ,0.0,0.0,2,9000,0,0,0,0,0,0
TF,VILLA,10.271472,-84.487722,0, ,0.0,0.0,0.0,0.0,0,0,0,0,0,0,0,0
TF,ARENA,10.363861,-84.568972,0, ,0.0,0.0,0.0,0.0,0,0,0,0,0,0,0,0
TF,ULAPO,11.049083,-85.173750,0, ,0.0,0.0,0.0,0.0,0,0,0,0,0,0,0,0

SID,RAMON4,BARVA,3
IF,RAMON,10.070667,-84.419472, ,0.0,0.0,2,9000,0,0,0,0,0,0
TF,JANES,10.148500,-84.198000,0, ,0.0,0.0,0.0,0.0,0,0,0,0,0,0,0,0
TF,BARVA,10.198611,-84.055083,0, ,0.0,0.0,0.0,0.0,0,0,0,0,0,0,0,0
TF,TIGRE,10.486500,-83.810611,0, ,0.0,0.0,0.0,0.0,0,0,0,0,0,0,0,0
TF,COLOR,10.752806,-83.583194,0, ,0.0,0.0,0.0,0.0,0,0,0,0,0,0,0,0

SID,RAMON4,RIOBA,3
IF,RAMON,10.070667,-84.419472, ,0.0,0.0,2,9000,0,0,0,0,0,0
TF,RIOBA,10.111306,-84.506417,0, ,0.0,0.0,0.0,0.0,0,0,0,0,0,0,0,0
TF,LIB,10.594183,-85.546353,0, ,0.0,0.0,0.0,0.0,0,0,0,0,0,0,0,0

SID,RAMON4,SASAY,3
IF,RAMON,10.070667,-84.419472, ,0.0,0.0,2,9000,0,0,0,0,0,0
TF,SASAY,10.398028,-84.139611,0, ,0.0,0.0,0.0,0.0,0,0,0,0,0,0,0,0
TF,RADON,10.702500,-84.068556,0, ,0.0,0.0,0.0,0.0,0,0,0,0,0,0,0,0

SID,TEJA3B,07,5
VI,0, ,0.0,71.0,2,5500,0,1,210,0,0,0
CF,OC224,9.915097,-84.027778,0,DAV,316.2,131.3,143.0,8.6,2,9000,0,0,0,0,0,0
TF,TEJAR,9.821053,-83.952947,0, ,0.0,0.0,0.0,0.0,2,13000,0,0,0,0,0,0

SID,TEJA3B,B,6
IF,TEJAR,9.821053,-83.952947, ,0.0,0.0,2,13000,0,0,0,0,0,0
TF,OC215,9.834936,-83.774306,0, ,0.0,0.0,0.0,0.0,2,14000,0,0,0,0,0,0
TF,OC250,9.846667,-83.605503,0, ,0.0,0.0,0.0,0.0,0,0,0,0,0,0,0,0
TF,OC294,9.867578,-83.302314,0, ,0.0,0.0,0.0,0.0,0,0,0,0,0,0,0,0
TF,BUFEO,9.816528,-82.570639,0, ,0.0,0.0,0.0,0.0,0,0,0,0,0,0,0,0

SID,TEJA3I,07,5
VI,0, ,0.0,71.0,2,5500,0,1,210,0,0,0
CF,OC224,9.915097,-84.027778,0,DAV,316.2,131.3,143.0,8.6,2,9000,0,0,0,0,0,0
TF,TEJAR,9.821053,-83.952947,0, ,0.0,0.0,0.0,0.0,2,13000,0,0,0,0,0,0

SID,TEJA3I,I,6
IF,TEJAR,9.821053,-83.952947, ,0.0,0.0,2,13000,0,0,0,0,0,0
TF,OC215,9.834936,-83.774306,0, ,0.0,0.0,0.0,0.0,2,14000,0,0,0,0,0,0
TF,ISEBA,9.541278,-82.869861,0, ,0.0,0.0,0.0,0.0,0,0,0,0,0,0,0,0

SID,TEJA3M,07,5
VI,0, ,0.0,71.0,2,5500,0,1,210,0,0,0
CF,OC224,9.915097,-84.027778,0,DAV,316.2,131.3,143.0,8.6,2,9000,0,0,0,0,0,0
TF,TEJAR,9.821053,-83.952947,0, ,0.0,0.0,0.0,0.0,2,13000,0,0,0,0,0,0

SID,TEJA3M,M,6
IF,TEJAR,9.821053,-83.952947, ,0.0,0.0,2,13000,0,0,0,0,0,0
TF,OC215,9.834936,-83.774306,0, ,0.0,0.0,0.0,0.0,2,14000,0,0,0,0,0,0
TF,OC250,9.846667,-83.605503,0, ,0.0,0.0,0.0,0.0,0,0,0,0,0,0,0,0
TF,LIO,9.963142,-83.027169,0, ,0.0,0.0,0.0,0.0,0,0,0,0,0,0,0,0

SID,TEJA3T,07,5
VI,0, ,0.0,71.0,2,5500,0,1,210,0,0,0
CF,OC224,9.915097,-84.027778,0,DAV,316.2,131.3,143.0,8.6,2,9000,0,0,0,0,0,0
TF,TEJAR,9.821053,-83.952947,0, ,0.0,0.0,0.0,0.0,2,13000,0,0,0,0,0,0

SID,TEJA3T,T,6
IF,TEJAR,9.821053,-83.952947, ,0.0,0.0,2,13000,0,0,0,0,0,0
TF,COTOS,8.608583,-82.971528,0, ,0.0,0.0,0.0,0.0,0,0,0,0,0,0,0,0

SID,TEJA4B,25,5
VI,0, ,0.0,251.0,0,0,0,0,0,0,0,0
CF,OC265,9.886336,-84.259344,0,DAV,311.8,140.4,175.0,5.1,0,0,0,0,0,0,0,0
TF,OC212,9.802139,-84.198933,0, ,0.0,0.0,0.0,0.0,2,10000,0,0,0,0,0,0
TF,TEJAR,9.821053,-83.952947,0, ,0.0,0.0,0.0,0.0,2,13000,0,0,0,0,0,0

SID,TEJA4B,B,6
IF,TEJAR,9.821053,-83.952947, ,0.0,0.0,2,13000,0,0,0,0,0,0
TF,OC215,9.834936,-83.774306,0, ,0.0,0.0,0.0,0.0,2,14000,0,0,0,0,0,0
TF,OC250,9.846667,-83.605503,0, ,0.0,0.0,0.0,0.0,0,0,0,0,0,0,0,0
TF,OC294,9.867578,-83.302314,0, ,0.0,0.0,0.0,0.0,0,0,0,0,0,0,0,0
TF,BUFEO,9.816528,-82.570639,0, ,0.0,0.0,0.0,0.0,0,0,0,0,0,0,0,0

SID,TEJA4I,25,5
VI,0, ,0.0,251.0,0,0,0,0,0,0,0,0
CF,OC265,9.886336,-84.259344,0,DAV,311.8,140.4,175.0,5.1,0,0,0,0,0,0,0,0
TF,OC212,9.802139,-84.198933,0, ,0.0,0.0,0.0,0.0,2,10000,0,0,0,0,0,0
TF,TEJAR,9.821053,-83.952947,0, ,0.0,0.0,0.0,0.0,2,13000,0,0,0,0,0,0

SID,TEJA4I,I,6
IF,TEJAR,9.821053,-83.952947, ,0.0,0.0,2,13000,0,0,0,0,0,0
TF,OC215,9.834936,-83.774306,0, ,0.0,0.0,0.0,0.0,2,14000,0,0,0,0,0,0
TF,ISEBA,9.541278,-82.869861,0, ,0.0,0.0,0.0,0.0,0,0,0,0,0,0,0,0

SID,TEJA4M,25,5
VI,0, ,0.0,251.0,0,0,0,0,0,0,0,0
CF,OC265,9.886336,-84.259344,0,DAV,311.8,140.4,175.0,5.1,0,0,0,0,0,0,0,0
TF,OC212,9.802139,-84.198933,0, ,0.0,0.0,0.0,0.0,2,10000,0,0,0,0,0,0
TF,TEJAR,9.821053,-83.952947,0, ,0.0,0.0,0.0,0.0,2,13000,0,0,0,0,0,0

SID,TEJA4M,M,6
IF,TEJAR,9.821053,-83.952947, ,0.0,0.0,2,13000,0,0,0,0,0,0
TF,OC215,9.834936,-83.774306,0, ,0.0,0.0,0.0,0.0,2,14000,0,0,0,0,0,0
TF,OC250,9.846667,-83.605503,0, ,0.0,0.0,0.0,0.0,0,0,0,0,0,0,0,0
TF,LIO,9.963142,-83.027169,0, ,0.0,0.0,0.0,0.0,0,0,0,0,0,0,0,0

SID,TEJA4T,25,5
VI,0, ,0.0,251.0,0,0,0,0,0,0,0,0
CF,OC265,9.886336,-84.259344,0,DAV,311.8,140.4,175.0,5.1,0,0,0,0,0,0,0,0
TF,OC212,9.802139,-84.198933,0, ,0.0,0.0,0.0,0.0,2,10000,0,0,0,0,0,0
TF,TEJAR,9.821053,-83.952947,0, ,0.0,0.0,0.0,0.0,2,13000,0,0,0,0,0,0

SID,TEJA4T,T,6
IF,TEJAR,9.821053,-83.952947, ,0.0,0.0,2,13000,0,0,0,0,0,0
TF,COTOS,8.608583,-82.971528,0, ,0.0,0.0,0.0,0.0,0,0,0,0,0,0,0,0

STAR,BARA1L,L,4
IF,LIB,10.594183,-85.546353, ,0.0,0.0,0,0,0,0,0,0,0,0
TF,OC510,10.401719,-85.149031,0, ,0.0,0.0,0.0,0.0,0,0,0,0,0,0,0,0
TF,OC511,10.294356,-84.928025,0, ,0.0,0.0,0.0,0.0,4,24000,16000,1,280,0,0,0
TF,OC507,10.147228,-84.625844,0, ,0.0,0.0,0.0,0.0,4,17000,12000,1,250,0,0,0

STAR,BARA1L,07,5
IF,OC507,10.147228,-84.625844, ,0.0,0.0,4,17000,12000,1,250,0,0,0
TF,BARRA,10.042019,-84.562086,0, ,0.0,0.0,0.0,0.0,4,15000,10000,0,0,0,0,0
TF,OTINA,9.985667,-84.528000,0, ,0.0,0.0,0.0,0.0,1,10000,0,1,210,0,0,0

STAR,BARA1P,P,4
IF,PIRAS,10.902806,-84.374889, ,0.0,0.0,0,0,0,0,0,0,0,0
TF,OC505,10.702106,-84.441636,0, ,0.0,0.0,0.0,0.0,0,0,0,0,0,0,0,0
TF,OC506,10.464103,-84.520744,0, ,0.0,0.0,0.0,0.0,4,24000,16000,1,280,0,0,0
TF,OC280,10.301881,-84.574544,0, ,0.0,0.0,0.0,0.0,2,14000,0,0,0,0,0,0
TF,OC507,10.147228,-84.625844,0, ,0.0,0.0,0.0,0.0,4,17000,12000,1,250,0,0,0

STAR,BARA1P,07,5
IF,OC507,10.147228,-84.625844, ,0.0,0.0,4,17000,12000,1,250,0,0,0
TF,BARRA,10.042019,-84.562086,0, ,0.0,0.0,0.0,0.0,4,15000,10000,0,0,0,0,0
TF,OTINA,9.985667,-84.528000,0, ,0.0,0.0,0.0,0.0,1,10000,0,1,210,0,0,0

STAR,BARA1U,U,4
IF,ULAPO,11.049083,-85.173750, ,0.0,0.0,0,0,0,0,0,0,0,0
TF,OC508,10.636617,-84.922708,0, ,0.0,0.0,0.0,0.0,0,0,0,0,0,0,0,0
TF,OC509,10.433133,-84.799147,0, ,0.0,0.0,0.0,0.0,4,24000,16000,1,280,0,0,0
TF,OC507,10.147228,-84.625844,0, ,0.0,0.0,0.0,0.0,4,17000,12000,1,250,0,0,0

STAR,BARA1U,07,5
IF,OC507,10.147228,-84.625844, ,0.0,0.0,4,17000,12000,1,250,0,0,0
TF,BARRA,10.042019,-84.562086,0, ,0.0,0.0,0.0,0.0,4,15000,10000,0,0,0,0,0
TF,OTINA,9.985667,-84.528000,0, ,0.0,0.0,0.0,0.0,1,10000,0,1,210,0,0,0

STAR,BARA2L,L,4
IF,LIB,10.594183,-85.546353, ,0.0,0.0,0,0,0,0,0,0,0,0
TF,OC510,10.401719,-85.149031,0, ,0.0,0.0,0.0,0.0,0,0,0,0,0,0,0,0
TF,OC511,10.294356,-84.928025,0, ,0.0,0.0,0.0,0.0,4,24000,16000,1,280,0,0,0
TF,OC507,10.147228,-84.625844,0, ,0.0,0.0,0.0,0.0,4,17000,12000,1,250,0,0,0

STAR,BARA2L,25,5
IF,OC507,10.147228,-84.625844, ,0.0,0.0,4,17000,12000,1,250,0,0,0
TF,BARRA,10.042019,-84.562086,0, ,0.0,0.0,0.0,0.0,4,15000,10000,0,0,0,0,0
TF,OC269,9.939011,-84.424822,0, ,0.0,0.0,0.0,0.0,2,10000,0,0,0,0,0,0
TF,OC268,9.868233,-84.330600,0, ,0.0,0.0,0.0,0.0,2,9000,0,1,230,0,0,0
TF,COLON,9.903633,-84.235783,0, ,0.0,0.0,0.0,0.0,1,8000,0,1,210,0,0,0

STAR,BARA2P,P,4
IF,PIRAS,10.902806,-84.374889, ,0.0,0.0,0,0,0,0,0,0,0,0
TF,OC505,10.702106,-84.441636,0, ,0.0,0.0,0.0,0.0,0,0,0,0,0,0,0,0
TF,OC506,10.464103,-84.520744,0, ,0.0,0.0,0.0,0.0,4,24000,16000,1,280,0,0,0
TF,OC280,10.301881,-84.574544,0, ,0.0,0.0,0.0,0.0,2,14000,0,0,0,0,0,0
TF,OC507,10.147228,-84.625844,0, ,0.0,0.0,0.0,0.0,4,17000,12000,1,250,0,0,0

STAR,BARA2P,25,5
IF,OC507,10.147228,-84.625844, ,0.0,0.0,4,17000,12000,1,250,0,0,0
TF,BARRA,10.042019,-84.562086,0, ,0.0,0.0,0.0,0.0,4,15000,10000,0,0,0,0,0
TF,OC269,9.939011,-84.424822,0, ,0.0,0.0,0.0,0.0,2,10000,0,0,0,0,0,0
TF,OC268,9.868233,-84.330600,0, ,0.0,0.0,0.0,0.0,2,9000,0,1,230,0,0,0
TF,COLON,9.903633,-84.235783,0, ,0.0,0.0,0.0,0.0,1,8000,0,1,210,0,0,0

STAR,BARA2U,U,4
IF,ULAPO,11.049083,-85.173750, ,0.0,0.0,0,0,0,0,0,0,0,0
TF,OC508,10.636617,-84.922708,0, ,0.0,0.0,0.0,0.0,0,0,0,0,0,0,0,0
TF,OC509,10.433133,-84.799147,0, ,0.0,0.0,0.0,0.0,4,24000,16000,1,280,0,0,0
TF,OC507,10.147228,-84.625844,0, ,0.0,0.0,0.0,0.0,4,17000,12000,1,250,0,0,0

STAR,BARA2U,25,5
IF,OC507,10.147228,-84.625844, ,0.0,0.0,4,17000,12000,1,250,0,0,0
TF,BARRA,10.042019,-84.562086,0, ,0.0,0.0,0.0,0.0,4,15000,10000,0,0,0,0,0
TF,OC269,9.939011,-84.424822,0, ,0.0,0.0,0.0,0.0,2,10000,0,0,0,0,0,0
TF,OC268,9.868233,-84.330600,0, ,0.0,0.0,0.0,0.0,2,9000,0,1,230,0,0,0
TF,COLON,9.903633,-84.235783,0, ,0.0,0.0,0.0,0.0,1,8000,0,1,210,0,0,0

STAR,BARA3C,C,4
IF,COLOR,10.752806,-83.583194, ,0.0,0.0,0,0,0,0,0,0,0,0
TF,OC507,10.147228,-84.625844,0, ,0.0,0.0,0.0,0.0,4,17000,12000,1,250,0,0,0

STAR,BARA3C,07,5
IF,OC507,10.147228,-84.625844, ,0.0,0.0,4,17000,12000,1,250,0,0,0
TF,BARRA,10.042019,-84.562086,0, ,0.0,0.0,0.0,0.0,4,15000,10000,0,0,0,0,0
TF,OTINA,9.985667,-84.528000,0, ,0.0,0.0,0.0,0.0,1,10000,0,1,210,0,0,0

STAR,BARA4C,C,4
IF,COLOR,10.752806,-83.583194, ,0.0,0.0,0,0,0,0,0,0,0,0
TF,OC507,10.147228,-84.625844,0, ,0.0,0.0,0.0,0.0,4,17000,12000,1,250,0,0,0

STAR,BARA4C,25,5
IF,OC507,10.147228,-84.625844, ,0.0,0.0,4,17000,12000,1,250,0,0,0
TF,BARRA,10.042019,-84.562086,0, ,0.0,0.0,0.0,0.0,4,15000,10000,0,0,0,0,0
TF,OC269,9.939011,-84.424822,0, ,0.0,0.0,0.0,0.0,2,10000,0,0,0,0,0,0
TF,OC268,9.868233,-84.330600,0, ,0.0,0.0,0.0,0.0,2,9000,0,1,230,0,0,0
TF,COLON,9.903633,-84.235783,0, ,0.0,0.0,0.0,0.0,1,8000,0,1,210,0,0,0

STAR,CUAR1B,B,4
IF,BUFEO,9.816528,-82.570639, ,0.0,0.0,0,0,0,0,0,0,0,0
TF,OC302,9.780306,-83.107072,0, ,0.0,0.0,0.0,0.0,0,0,0,0,0,0,0,0
TF,CUARE,9.751019,-83.532206,0, ,0.0,0.0,0.0,0.0,4,26000,16000,0,0,0,0,0

STAR,CUAR1B,07,5
IF,CUARE,9.751019,-83.532206, ,0.0,0.0,4,26000,16000,0,0,0,0,0
TF,OC243,9.740269,-83.683728,0, ,0.0,0.0,0.0,0.0,2,14000,0,0,0,0,0,0
TF,OROSI,9.728561,-83.847225,0, ,0.0,0.0,0.0,0.0,2,12000,0,1,250,0,0,0
TF,OC238,9.718169,-83.982289,0, ,0.0,0.0,0.0,0.0,2,12000,0,0,0,0,0,0
TF,OC239,9.702947,-84.178572,0, ,0.0,0.0,0.0,0.0,2,10000,0,0,0,0,0,0
TF,OC291,9.698875,-84.230731,0, ,0.0,0.0,0.0,0.0,0,0,0,0,0,0,0,0
TF,TURRU,9.793278,-84.445889,0, ,0.0,0.0,0.0,0.0,1,10000,0,1,210,0,0,0

STAR,CUAR1M,M,4
IF,LIO,9.963142,-83.027169, ,0.0,0.0,0,0,0,0,0,0,0,0
TF,OC301,9.917342,-83.136344,0, ,0.0,0.0,0.0,0.0,0,0,0,0,0,0,0,0
TF,CUARE,9.751019,-83.532206,0, ,0.0,0.0,0.0,0.0,4,26000,16000,0,0,0,0,0

STAR,CUAR1M,07,5
IF,CUARE,9.751019,-83.532206, ,0.0,0.0,4,26000,16000,0,0,0,0,0
TF,OC243,9.740269,-83.683728,0, ,0.0,0.0,0.0,0.0,2,14000,0,0,0,0,0,0
TF,OROSI,9.728561,-83.847225,0, ,0.0,0.0,0.0,0.0,2,12000,0,1,250,0,0,0
TF,OC238,9.718169,-83.982289,0, ,0.0,0.0,0.0,0.0,2,12000,0,0,0,0,0,0
TF,OC239,9.702947,-84.178572,0, ,0.0,0.0,0.0,0.0,2,10000,0,0,0,0,0,0
TF,OC291,9.698875,-84.230731,0, ,0.0,0.0,0.0,0.0,0,0,0,0,0,0,0,0
TF,TURRU,9.793278,-84.445889,0, ,0.0,0.0,0.0,0.0,1,10000,0,1,210,0,0,0

STAR,CUAR1T,T,4
IF,COTOS,8.608583,-82.971528, ,0.0,0.0,0,0,0,0,0,0,0,0
TF,OC318,9.365983,-83.342783,0, ,0.0,0.0,0.0,0.0,0,0,0,0,0,0,0,0
TF,CUARE,9.751019,-83.532206,0, ,0.0,0.0,0.0,0.0,4,26000,16000,0,0,0,0,0

STAR,CUAR1T,07,5
IF,CUARE,9.751019,-83.532206, ,0.0,0.0,4,26000,16000,0,0,0,0,0
TF,OC243,9.740269,-83.683728,0, ,0.0,0.0,0.0,0.0,2,14000,0,0,0,0,0,0
TF,OROSI,9.728561,-83.847225,0, ,0.0,0.0,0.0,0.0,2,12000,0,1,250,0,0,0
TF,OC238,9.718169,-83.982289,0, ,0.0,0.0,0.0,0.0,2,12000,0,0,0,0,0,0
TF,OC239,9.702947,-84.178572,0, ,0.0,0.0,0.0,0.0,2,10000,0,0,0,0,0,0
TF,OC291,9.698875,-84.230731,0, ,0.0,0.0,0.0,0.0,0,0,0,0,0,0,0,0
TF,TURRU,9.793278,-84.445889,0, ,0.0,0.0,0.0,0.0,1,10000,0,1,210,0,0,0

STAR,CUAR2B,B,4
IF,BUFEO,9.816528,-82.570639, ,0.0,0.0,0,0,0,0,0,0,0,0
TF,OC302,9.780306,-83.107072,0, ,0.0,0.0,0.0,0.0,0,0,0,0,0,0,0,0
TF,CUARE,9.751019,-83.532206,0, ,0.0,0.0,0.0,0.0,4,26000,16000,0,0,0,0,0

STAR,CUAR2B,25,5
IF,CUARE,9.751019,-83.532206, ,0.0,0.0,4,26000,16000,0,0,0,0,0
TF,OC243,9.740269,-83.683728,0, ,0.0,0.0,0.0,0.0,2,14000,0,0,0,0,0,0
TF,OROSI,9.728561,-83.847225,0, ,0.0,0.0,0.0,0.0,2,12000,0,1,250,0,0,0
TF,OC238,9.718169,-83.982289,0, ,0.0,0.0,0.0,0.0,2,12000,0,0,0,0,0,0
TF,OC239,9.702947,-84.178572,0, ,0.0,0.0,0.0,0.0,2,10000,0,0,0,0,0,0
TF,OC240,9.694392,-84.288039,0, ,0.0,0.0,0.0,0.0,1,9000,0,1,210,0,0,0
FM,OC240,9.694392,-84.288039,0,DAV,0.0,0.0,267.0,0,0,0,0,0,0,0,0

STAR,CUAR2M,M,4
IF,LIO,9.963142,-83.027169, ,0.0,0.0,0,0,0,0,0,0,0,0
TF,OC301,9.917342,-83.136344,0, ,0.0,0.0,0.0,0.0,0,0,0,0,0,0,0,0
TF,CUARE,9.751019,-83.532206,0, ,0.0,0.0,0.0,0.0,4,26000,16000,0,0,0,0,0

STAR,CUAR2M,25,5
IF,CUARE,9.751019,-83.532206, ,0.0,0.0,4,26000,16000,0,0,0,0,0
TF,OC243,9.740269,-83.683728,0, ,0.0,0.0,0.0,0.0,2,14000,0,0,0,0,0,0
TF,OROSI,9.728561,-83.847225,0, ,0.0,0.0,0.0,0.0,2,12000,0,1,250,0,0,0
TF,OC238,9.718169,-83.982289,0, ,0.0,0.0,0.0,0.0,2,12000,0,0,0,0,0,0
TF,OC239,9.702947,-84.178572,0, ,0.0,0.0,0.0,0.0,2,10000,0,0,0,0,0,0
TF,OC240,9.694392,-84.288039,0, ,0.0,0.0,0.0,0.0,1,9000,0,1,210,0,0,0
FM,OC240,9.694392,-84.288039,0,DAV,0.0,0.0,267.0,0,0,0,0,0,0,0,0

STAR,CUAR2T,T,4
IF,COTOS,8.608583,-82.971528, ,0.0,0.0,0,0,0,0,0,0,0,0
TF,OC318,9.365983,-83.342783,0, ,0.0,0.0,0.0,0.0,0,0,0,0,0,0,0,0
TF,CUARE,9.751019,-83.532206,0, ,0.0,0.0,0.0,0.0,4,26000,16000,0,0,0,0,0

STAR,CUAR2T,25,5
IF,CUARE,9.751019,-83.532206, ,0.0,0.0,4,26000,16000,0,0,0,0,0
TF,OC243,9.740269,-83.683728,0, ,0.0,0.0,0.0,0.0,2,14000,0,0,0,0,0,0
TF,OROSI,9.728561,-83.847225,0, ,0.0,0.0,0.0,0.0,2,12000,0,1,250,0,0,0
TF,OC238,9.718169,-83.982289,0, ,0.0,0.0,0.0,0.0,2,12000,0,0,0,0,0,0
TF,OC239,9.702947,-84.178572,0, ,0.0,0.0,0.0,0.0,2,10000,0,0,0,0,0,0
TF,OC240,9.694392,-84.288039,0, ,0.0,0.0,0.0,0.0,1,9000,0,1,210,0,0,0
FM,OC240,9.694392,-84.288039,0,DAV,0.0,0.0,267.0,0,0,0,0,0,0,0,0

STAR,CUAR3I,I,4
IF,ISEBA,9.541278,-82.869861, ,0.0,0.0,0,0,0,0,0,0,0,0
TF,OC303,9.606675,-83.125522,0, ,0.0,0.0,0.0,0.0,0,0,0,0,0,0,0,0
TF,CUARE,9.751019,-83.532206,0, ,0.0,0.0,0.0,0.0,4,26000,16000,0,0,0,0,0

STAR,CUAR3I,07,5
IF,CUARE,9.751019,-83.532206, ,0.0,0.0,4,26000,16000,0,0,0,0,0
TF,OC243,9.740269,-83.683728,0, ,0.0,0.0,0.0,0.0,2,14000,0,0,0,0,0,0
TF,OROSI,9.728561,-83.847225,0, ,0.0,0.0,0.0,0.0,2,12000,0,1,250,0,0,0
TF,OC238,9.718169,-83.982289,0, ,0.0,0.0,0.0,0.0,2,12000,0,0,0,0,0,0
TF,OC239,9.702947,-84.178572,0, ,0.0,0.0,0.0,0.0,2,10000,0,0,0,0,0,0
TF,OC291,9.698875,-84.230731,0, ,0.0,0.0,0.0,0.0,0,0,0,0,0,0,0,0
TF,TURRU,9.793278,-84.445889,0, ,0.0,0.0,0.0,0.0,1,10000,0,1,210,0,0,0

STAR,CUAR4I,I,4
IF,ISEBA,9.541278,-82.869861, ,0.0,0.0,0,0,0,0,0,0,0,0
TF,OC303,9.606675,-83.125522,0, ,0.0,0.0,0.0,0.0,0,0,0,0,0,0,0,0
TF,CUARE,9.751019,-83.532206,0, ,0.0,0.0,0.0,0.0,4,26000,16000,0,0,0,0,0

STAR,CUAR4I,25,5
IF,CUARE,9.751019,-83.532206, ,0.0,0.0,4,26000,16000,0,0,0,0,0
TF,OC243,9.740269,-83.683728,0, ,0.0,0.0,0.0,0.0,2,14000,0,0,0,0,0,0
TF,OROSI,9.728561,-83.847225,0, ,0.0,0.0,0.0,0.0,2,12000,0,1,250,0,0,0
TF,OC238,9.718169,-83.982289,0, ,0.0,0.0,0.0,0.0,2,12000,0,0,0,0,0,0
TF,OC239,9.702947,-84.178572,0, ,0.0,0.0,0.0,0.0,2,10000,0,0,0,0,0,0
TF,OC240,9.694392,-84.288039,0, ,0.0,0.0,0.0,0.0,1,9000,0,1,210,0,0,0
FM,OC240,9.694392,-84.288039,0,DAV,0.0,0.0,267.0,0,0,0,0,0,0,0,0

STAR,FIORA4,ALL,2
IF,FIORA,10.449278,-84.467083, ,0.0,0.0,0,0,0,1,250,0,0,0
TF,VILLA,10.271472,-84.487722,0, ,0.0,0.0,0.0,0.0,2,15000,0,0,0,0,0,0
TF,RIOBA,10.111306,-84.506417,0, ,0.0,0.0,0.0,0.0,2,12000,0,0,0,0,0,0
TF,AMBRO,10.030194,-84.515722,0, ,0.0,0.0,0.0,0.0,2,10500,0,0,0,0,0,0
TF,MATEO,9.923472,-84.528111,0, ,0.0,0.0,0.0,0.0,2,8000,0,0,0,0,0,0
TF,TOMAS,9.895222,-84.473250,0, ,0.0,0.0,0.0,0.0,2,7000,0,1,160,0,0,0

STAR,PARI1D,D,4
IF,DRAKE,8.680167,-84.000306, ,0.0,0.0,0,0,0,0,0,0,0,0
TF,PARRI,9.523306,-84.318139,0, ,0.0,0.0,0.0,0.0,0,0,0,0,0,0,0,0

STAR,PARI1D,07,5
IF,PARRI,9.523306,-84.318139, ,0.0,0.0,0,0,0,0,0,0,0,0
TF,TURRU,9.793278,-84.445889,0, ,0.0,0.0,0.0,0.0,1,10000,0,1,210,0,0,0

STAR,PARI1E,E,4
IF,ERABA,8.801611,-84.195333, ,0.0,0.0,0,0,0,0,0,0,0,0
TF,PARRI,9.523306,-84.318139,0, ,0.0,0.0,0.0,0.0,0,0,0,0,0,0,0,0

STAR,PARI1E,07,5
IF,PARRI,9.523306,-84.318139, ,0.0,0.0,0,0,0,0,0,0,0,0
TF,TURRU,9.793278,-84.445889,0, ,0.0,0.0,0.0,0.0,1,10000,0,1,210,0,0,0

STAR,PARI2D,D,4
IF,DRAKE,8.680167,-84.000306, ,0.0,0.0,0,0,0,0,0,0,0,0
TF,PARRI,9.523306,-84.318139,0, ,0.0,0.0,0.0,0.0,0,0,0,0,0,0,0,0

STAR,PARI2D,25,5
IF,PARRI,9.523306,-84.318139, ,0.0,0.0,0,0,0,0,0,0,0,0
TF,TABAR,9.820017,-84.231583,0, ,0.0,0.0,0.0,0.0,1,9000,0,1,210,0,0,0

STAR,PARI2E,E,4
IF,ERABA,8.801611,-84.195333, ,0.0,0.0,0,0,0,0,0,0,0,0
TF,PARRI,9.523306,-84.318139,0, ,0.0,0.0,0.0,0.0,0,0,0,0,0,0,0,0

STAR,PARI2E,25,5
IF,PARRI,9.523306,-84.318139, ,0.0,0.0,0,0,0,0,0,0,0,0
TF,TABAR,9.820017,-84.231583,0, ,0.0,0.0,0.0,0.0,1,9000,0,1,210,0,0,0

STAR,PARIT4,ISEBA,1
IF,ISEBA,9.541278,-82.869861, ,0.0,0.0,0,0,0,0,0,0,0,0
TF,ELTAS,9.518917,-83.973472,0, ,0.0,0.0,0.0,0.0,2,21000,0,1,250,0,0,0
TF,PARRI,9.523306,-84.318139,0, ,0.0,0.0,0.0,0.0,2,15000,0,0,0,0,0,0
TF,ARUMA,9.699944,-84.430056,0, ,0.0,0.0,0.0,0.0,2,11500,0,0,0,0,0,0

STAR,PARIT4,PARAI,1
IF,PARAI,9.848472,-83.837000, ,0.0,0.0,2,20000,0,1,250,0,0,0
TF,TEREL,9.737583,-84.280139,0, ,0.0,0.0,0.0,0.0,2,14000,0,0,0,0,0,0
TF,ARUMA,9.699944,-84.430056,0, ,0.0,0.0,0.0,0.0,2,11500,0,0,0,0,0,0

STAR,PARIT4,PARRI,1
IF,PARRI,9.523306,-84.318139, ,0.0,0.0,2,15000,0,0,0,0,0,0
TF,ARUMA,9.699944,-84.430056,0, ,0.0,0.0,0.0,0.0,2,11500,0,0,0,0,0,0

STAR,PARIT4,ALL,2
IF,ARUMA,9.699944,-84.430056, ,0.0,0.0,2,11500,0,0,0,0,0,0
TF,ALTOS,9.822222,-84.507639,0, ,0.0,0.0,0.0,0.0,2,9000,0,0,0,0,0,0
TF,TOMAS,9.895222,-84.473250,0, ,0.0,0.0,0.0,0.0,2,8000,0,1,160,0,0,0

STAR,PARZA3,LIB,1
IF,LIB,10.594183,-85.546353, ,0.0,0.0,0,0,0,0,0,0,0,0
TF,EDERO,10.317611,-85.227722,0, ,0.0,0.0,0.0,0.0,2,20000,0,1,250,0,0,0
TF,VIVES,9.881167,-84.692583,0, ,0.0,0.0,0.0,0.0,2,10000,0,0,0,0,0,0

STAR,PARZA3,ULAPO,1
IF,ULAPO,11.049083,-85.173750, ,0.0,0.0,0,0,0,0,0,0,0,0
TF,TILAR,10.368139,-84.892750,0, ,0.0,0.0,0.0,0.0,2,20000,0,1,250,0,0,0
TF,VIVES,9.881167,-84.692583,0, ,0.0,0.0,0.0,0.0,2,10000,0,0,0,0,0,0

STAR,PARZA3,ALL,2
IF,VIVES,9.881167,-84.692583, ,0.0,0.0,2,10000,0,0,0,0,0,0
TF,PARZA,9.836111,-84.631222,0, ,0.0,0.0,0.0,0.0,1,10000,0,0,0,0,0,0

APPTR,D07,07,PARZA
IF,PARZA,9.836111,-84.631222, ,0.0,0.0,0,0,0,1,200,0,0,0
TF,LOPEZ,9.865667,-84.552250,0, ,0.0,0.0,0.0,0.0,0,0,0,0,0,0,0,0
TF,TOMAS,9.895222,-84.473250,0, ,0.0,0.0,0.0,0.0,2,8000,0,0,0,0,0,0
TF,CARBA,9.924722,-84.394222,0, ,0.0,0.0,0.0,0.0,2,6000,0,0,0,0,0,0

APPTR,D07,07,TIO
IF,TIO,9.983669,-84.236158, ,0.0,0.0,2,7000,0,1,200,0,0,0
FD,TIO,9.983669,-84.236158,0,TIO,0.0,10.0,233.0,10.0,2,6200,0,0,0,0,0,0
CF,CARBA,9.924722,-84.394222,2,TIO,251.4,10.0,71.0,1.0,2,6000,0,0,0,0,0,0

FINAL,D07,07,D,3
IF,CARBA,9.924722,-84.394222,TIO,251.4,10.0,2,6000,0,1,200,0,0,0
CF,MONTE,9.952250,-84.320139,0,TIO,251.3,5.3,71.0,4.7,2,4900,0,0,0,0,2,0
CF,MA07,9.977728,-84.252008,0,TIO,251.3,0.0,71.0,4.3,1,3622,0,0,0,0,3,0
CF,TIO,9.983669,-84.236158,0,TIO,0.0,0.0,71.0,1.0,0,0,0,0,0,0,0,0
FD,TIO,9.983669,-84.236158,0,TIO,0.0,4.0,71.0,4.0,2,5500,0,0,0,0,0,0
DF,TIO,9.983669,-84.236158,2, ,0.0,0.0,1,7000,0,1,200,0,0,0

APPTR,I07-Z,07,OTINA
IF,OTINA,9.985667,-84.528000, ,0.0,0.0,1,10000,0,1,210,0,1,0
TF,TOMAS,9.895222,-84.473250,0, ,0.0,0.0,0.0,0.0,2,8000,0,0,0,0,0,0
TF,CARBA,9.924722,-84.394222,0,IOCO,0.0,0.0,0.0,0.0,1,6000,0,0,0,0,1,0

APPTR,I07-Z,07,PARZA
IF,PARZA,9.836111,-84.631222, ,0.0,0.0,1,10000,0,0,0,0,0,0
TF,LOPEZ,9.865667,-84.552250,0, ,0.0,0.0,0.0,0.0,2,9000,0,1,210,0,0,0
TF,TOMAS,9.895222,-84.473250,0, ,0.0,0.0,0.0,0.0,2,8000,0,0,0,0,1,0
TF,CARBA,9.924722,-84.394222,0,IOCO,0.0,0.0,0.0,0.0,1,6000,0,0,0,0,1,0

APPTR,I07-Z,07,TIO
IF,TIO,9.983669,-84.236158, ,0.0,0.0,2,7000,0,0,0,0,1,0
FD,TIO,9.983669,-84.236158,0,TIO,0.0,10.0,233.0,10.0,2,6200,0,0,0,0,0,0
CF,CARBA,9.924722,-84.394222,2,IOCO,251.2,12.6,71.0,1.0,2,6000,0,0,0,0,1,0

APPTR,I07-Z,07,TURRU
IF,TURRU,9.793278,-84.445889, ,0.0,0.0,1,10000,0,1,210,0,1,0
TF,TOMAS,9.895222,-84.473250,0, ,0.0,0.0,0.0,0.0,2,8000,0,0,0,0,0,0
TF,CARBA,9.924722,-84.394222,0,IOCO,0.0,0.0,0.0,0.0,1,6000,0,0,0,0,1,0

FINAL,I07-Z,07,I,3
IF,CARBA,9.924722,-84.394222,IOCO,251.2,12.6,2,6000,0,0,0,0,0,0
CF,MONTE,9.952250,-84.320139,0,IOCO,251.1,8.0,71.0,4.7,1,4900,0,1,185,0,2,0
CF,RW07,9.989078,-84.221756,0,IOCO,251.2,1.7,71.0,6.2,1,3012,0,0,0,0,3,0
CD, ,0,0,0,TIO,0,0.0,71.0,4.0,2,5500,0,0,0,0,0,0
DF,TIO,9.983669,-84.236158,2, ,0.0,0.0,1,7000,0,0,0,0,0,0

APPTR,R07,07,OTINA
IF,OTINA,9.985667,-84.528000, ,0.0,0.0,1,10000,0,1,210,0,1,0
TF,TOMAS,9.895222,-84.473250,0, ,0.0,0.0,0.0,0.0,2,8000,0,0,0,0,0,0
TF,OC102,9.928111,-84.384583,0, ,0.0,0.0,0.0,0.0,2,5500,0,0,0,0,1,0

APPTR,R07,07,PARZA
IF,PARZA,9.836111,-84.631222, ,0.0,0.0,1,10000,0,0,0,0,1,0
TF,LOPEZ,9.865667,-84.552250,0, ,0.0,0.0,0.0,0.0,2,9000,0,0,0,0,0,0
TF,TOMAS,9.895222,-84.473250,0, ,0.0,0.0,0.0,0.0,2,8000,0,0,0,0,0,0
TF,OC102,9.928111,-84.384583,0, ,0.0,0.0,0.0,0.0,2,5500,0,0,0,0,1,0

APPTR,R07,07,TURRU
IF,TURRU,9.793278,-84.445889, ,0.0,0.0,1,10000,0,1,210,0,1,0
TF,TOMAS,9.895222,-84.473250,0, ,0.0,0.0,0.0,0.0,2,8000,0,0,0,0,0,0
TF,OC102,9.928111,-84.384583,0, ,0.0,0.0,0.0,0.0,2,5500,0,0,0,0,1,0

FINAL,R07,07,R,4
IF,OC102,9.928111,-84.384583, ,0.0,0.0,2,5500,0,0,0,0,0,0
TF,OC103,9.951778,-84.321389,0, ,0.0,0.0,71.0,4.0,2,5000,0,0,0,0,2,0
TF,OC104,9.970444,-84.271583,0, ,0.0,0.0,71.0,3.2,2,3950,0,0,0,0,0,0
TF,OC105,9.983278,-84.237278,0, ,0.0,0.0,71.0,2.2,1,3305,0,0,0,0,3,1
TF,OC106,10.007306,-84.173000,0, ,0.0,0.0,0.0,0.0,2,3980,0,1,190,0,0,0
TF,OC107,10.009556,-84.067583,0, ,0.0,0.0,0.0,0.0,2,5500,0,1,190,0,0,0
TF,OC108,9.927861,-84.065667,0, ,0.0,0.0,0.0,0.0,2,6250,0,1,190,0,0,0
TF,OC109,9.894139,-84.238917,2, ,0.0,0.0,0.0,0.0,2,7750,0,0,0,0,0,0
TF,TURRU,9.793278,-84.445889,0, ,0.0,0.0,0.0,0.0,2,10000,0,1,210,0,0,1
HM,TURRU,9.793278,-84.445889,1, ,0.0,0.0,347.0,04.3,2,10000,0,1,210,0,0,0,0

APPTR,R25-E,25,OROSI
IF,OROSI,9.728561,-83.847225, ,0.0,0.0,1,12000,0,0,0,0,1,0
TF,DIEGO,9.868217,-84.010331,0, ,0.0,0.0,0.0,0.0,2,8200,0,0,0,0,0,0
TF,OC263,9.912353,-84.061908,0, ,0.0,0.0,0.0,0.0,2,6900,0,0,0,0,0,0
TF,OC262,9.971117,-84.109736,0, ,0.0,0.0,0.0,0.0,2,5500,0,0,0,0,0,0
TF,OC256,9.999164,-84.132572,0, ,0.0,0.0,0.0,0.0,2,4700,0,0,0,0,0,0

FINAL,R25-E,25,R,3
IF,OC256,9.999164,-84.132572, ,0.0,0.0,2,4700,0,0,0,0,2,0
RF,OC067,10.008906,-84.168656,1,ARC04,249.5,1.9,2,3800,0,0,0,0,0,0
TF,RW25,9.997114,-84.200272,0, ,0.0,0.0,251.0,2.0,1,3077,0,0,0,0,3,1
TF,COYOL,9.876794,-84.521397,0, ,0.0,0.0,0.0,0.0,2,7000,0,0,0,0,0,1
HM,COYOL,9.876794,-84.521397,2, ,0.0,0.0,251.0,04.3,2,7000,0,0,0,0,0,0,0

APPTR,R25-W,25,COLON
IF,COLON,9.903633,-84.235783, ,0.0,0.0,1,8000,0,1,210,0,1,0
TF,OC300,9.918664,-84.194783,0, ,0.0,0.0,0.0,0.0,2,7300,0,0,0,0,1,0

APPTR,R25-W,25,TABAR
IF,TABAR,9.820017,-84.231583, ,0.0,0.0,1,9000,0,1,210,0,1,0
TF,OC319,9.870186,-84.234103,0, ,0.0,0.0,0.0,0.0,2,8000,0,0,0,0,0,0
TF,OC300,9.918664,-84.194783,0, ,0.0,0.0,0.0,0.0,2,7300,0,0,0,0,1,0

FINAL,R25-W,25,R,6
IF,OC300,9.918664,-84.194783, ,0.0,0.0,2,7300,0,0,0,0,0,0
TF,OC259,9.934919,-84.150428,0, ,0.0,0.0,71.0,2.8,2,6400,0,0,0,0,0,0
RF,OC261,9.965214,-84.124225,1,ARC05,346.5,2.5,2,5500,0,0,0,0,0,0
RF,OC256,9.999164,-84.132572,1,ARC05,285.4,2.5,2,4700,0,0,0,0,2,0
RF,OC067,10.008906,-84.168656,1,ARC04,249.5,1.9,2,3800,0,0,0,0,0,0
TF,RW25,9.997114,-84.200272,0, ,0.0,0.0,251.0,2.0,1,3077,0,0,0,0,3,1
TF,COYOL,9.876794,-84.521397,0, ,0.0,0.0,0.0,0.0,2,7000,0,0,0,0,0,1
HM,COYOL,9.876794,-84.521397,2, ,0.0,0.0,251.0,04.3,2,7000,0,0,0,0,0,0,0

