APPTR,N09,09,UBR
IF,UBR,22.619972,-79.144992, ,0.0,0.0,2,3000,0,1,140,0,1,0
TF,FN09,22.616906,-79.238683,0, ,0.0,0.0,0.0,0.0,2,1500,0,0,0,0,0,0
FC,FN09,22.616906,-79.238683,0,UCA,0.0,0.0,319.0,2.3,0,0,0,0,0,0,0,1
CF,FN09,22.616906,-79.238683,1,UCA,331.9,43.0,94.0,2.3,2,1500,0,0,0,0,0,0

FINAL,N09,09,N,2
IF,FN09,22.616906,-79.238683,UBR,0.0,0.0,2,1500,0,0,0,0,2,0
CF,RW09,22.620919,-79.155931,0,UBR,0.0,0.0,94.0,4.6,1,60,0,0,0,0,3,0
CF,UBR,22.619972,-79.144992,0,UCA,338.2,40.5,94.0,0.6,0,0,0,0,0,0,0,0
FA,UBR,22.619972,-79.144992,0,UCA,0.0,0.0,94.0,2,2000,0,0,0,0,0,0
DF,UBR,22.619972,-79.144992,1, ,0.0,0.0,2,3000,0,0,0,0,0,0
HM,UBR,22.619972,-79.144992,2, ,0.0,0.0,274.0,04.3,0,0,0,0,0,0,0,0,0

APPTR,R09,09,BR500
IF,BR500,22.714414,-79.331964, ,0.0,0.0,2,3000,0,0,0,0,1,0
TF,ALPER,22.614161,-79.327314,0, ,0.0,0.0,0.0,0.0,1,1500,0,0,0,0,1,0

APPTR,R09,09,BR501
IF,BR501,22.513908,-79.322667, ,0.0,0.0,2,3000,0,0,0,0,1,0
TF,ALPER,22.614161,-79.327314,0, ,0.0,0.0,0.0,0.0,1,1500,0,0,0,0,1,0

FINAL,R09,09,R,3
IF,ALPER,22.614161,-79.327314, ,0.0,0.0,1,1500,0,0,0,0,1,0
TF,BR509,22.617733,-79.237325,0, ,0.0,0.0,95.0,5.0,1,1500,0,0,0,0,2,0
TF,RW09,22.620919,-79.155931,0, ,0.0,0.0,95.0,4.5,1,60,0,0,0,0,3,1
CA,0,95.0,2,1000,0,0,0,0,0,0
DF,BR510,22.882100,-79.137425,1, ,0.0,0.0,1,4000,0,0,0,0,0,1
HM,BR510,22.882100,-79.137425,2, ,0.0,0.0,234.0,04.2,2,4000,0,1,230,0,0,0,0

APPTR,R27,27,BR502
IF,BR502,22.728408,-78.971583, ,0.0,0.0,2,3000,0,0,0,0,1,0
TF,BENOS,22.628150,-78.967194,0, ,0.0,0.0,0.0,0.0,1,1500,0,0,0,0,1,0

APPTR,R27,27,BR503
IF,BR503,22.527886,-78.962808, ,0.0,0.0,2,3000,0,0,0,0,1,0
TF,BENOS,22.628150,-78.967194,0, ,0.0,0.0,0.0,0.0,1,1500,0,0,0,0,1,0

FINAL,R27,27,R,3
IF,BENOS,22.628150,-78.967194, ,0.0,0.0,1,1500,0,0,0,0,1,0
TF,BR527,22.624731,-79.057194,0, ,0.0,0.0,275.0,5.0,1,1500,0,0,0,0,2,0
TF,RW27,22.621600,-79.138408,0, ,0.0,0.0,275.0,4.5,1,63,0,0,0,0,3,1
CA,0,275.0,2,1000,0,0,0,0,0,0
DF,BR510,22.882100,-79.137425,2, ,0.0,0.0,1,4000,0,0,0,0,0,1
HM,BR510,22.882100,-79.137425,2, ,0.0,0.0,142.0,04.2,2,4000,0,1,230,0,0,0,0

