APPTR,N08,08,UBY
IF,UBY,20.393894,-76.619178, ,0.0,0.0,2,3000,0,0,0,0,1,0
TF,D265H,20.363492,-76.748267,0, ,0.0,0.0,0.0,0.0,2,2000,0,0,0,0,0,0
FC,D265H,20.363492,-76.748267,0,UMZ,0.0,0.0,310.0,3.0,2,2000,0,0,0,0,0,1
CF,FF08,20.368844,-76.725575,1,UMZ,88.3,21.5,85.0,5.3,2,2000,0,0,0,0,0,0

FINAL,N08,08,N,2
IF,FF08,20.368844,-76.725575,UBY,0.0,0.0,2,2000,0,0,0,0,2,0
CF,RW08,20.393294,-76.629917,0,UBY,0.0,0.0,85.0,5.6,1,221,0,0,0,0,3,0
CF,UBY,20.393894,-76.619178,0,UMZ,87.5,27.6,85.0,0.6,0,0,0,0,0,0,0,0
CA,0,85.0,2,1500,0,0,0,0,0,0
DF,UBY,20.393894,-76.619178,1, ,0.0,0.0,2,3000,0,0,0,0,0,0
HM,UBY,20.393894,-76.619178,2, ,0.0,0.0,265.0,04.3,2,3000,0,0,0,0,0,0,0

