SID,BOKTO2,08,5
CA,0,76.0,2,810,0,0,0,0,0,0
CA,0,91.0,2,1000,0,0,0,0,0,0
DF,BOKTO,21.436847,-77.565425,0, ,0.0,0.0,0,0,0,0,0,0,0,0

SID,BOKTO2,ENAMO,6
IF,BOKTO,21.436847,-77.565425, ,0.0,0.0,0,0,0,0,0,0,0,0
TF,ENAMO,23.562186,-77.359611,0, ,0.0,0.0,0.0,0.0,0,0,0,0,0,0,0,0

SID,DASUG5,08,5
CA,0,76.0,2,810,0,0,0,0,0,0
CA,0,91.0,2,1000,0,0,0,0,0,0
DF,BOKTO,21.436847,-77.565425,0, ,0.0,0.0,0,0,0,0,0,0,0,0
TF,DASUG,21.862511,-77.632200,1, ,0.0,0.0,0.0,0.0,0,0,0,0,0,0,0,0

SID,DASUG5,ALTIB,6
IF,DASUG,21.862511,-77.632200, ,0.0,0.0,0,0,0,0,0,0,0,0
TF,ALTIB,22.775556,-78.563889,0, ,0.0,0.0,0.0,0.0,0,0,0,0,0,0,0,0

SID,DASUG5,BORDO,6
IF,DASUG,21.862511,-77.632200, ,0.0,0.0,0,0,0,0,0,0,0,0
TF,BORDO,24.000053,-78.458869,0, ,0.0,0.0,0.0,0.0,0,0,0,0,0,0,0,1

SID,DASUG5,DYNAH,6
IF,DASUG,21.862511,-77.632200, ,0.0,0.0,0,0,0,0,0,0,0,0
TF,DYNAH,23.949497,-77.946833,0, ,0.0,0.0,0.0,0.0,0,0,0,0,0,0,0,1

SID,DASUG5,HUZAR,6
IF,DASUG,21.862511,-77.632200, ,0.0,0.0,0,0,0,0,0,0,0,0
TF,HUZAR,21.883611,-79.116389,0, ,0.0,0.0,0.0,0.0,0,0,0,0,0,0,0,0

SID,DASUG5,UCJ,6
IF,DASUG,21.862511,-77.632200, ,0.0,0.0,0,0,0,0,0,0,0,0
TF,UCJ,22.467411,-78.311967,0, ,0.0,0.0,0.0,0.0,0,0,0,0,0,0,0,0

SID,DELB2A,08,5
CA,0,76.0,2,1500,0,0,0,0,0,0
DF,CM509,21.582158,-77.834181,0, ,0.0,0.0,0,0,0,0,0,0,0,0
TF,DELBA,21.594081,-78.301408,0, ,0.0,0.0,0.0,0.0,0,0,0,0,0,0,0,0

SID,DELB2A,HUZAR,6
IF,DELBA,21.594081,-78.301408, ,0.0,0.0,0,0,0,0,0,0,0,0
TF,HUZAR,21.883611,-79.116389,0, ,0.0,0.0,0.0,0.0,0,0,0,0,0,0,0,0

SID,KANID5,26,5
CA,0,256.0,2,1500,0,0,0,0,0,0
DF,KANID,21.645075,-77.967633,2, ,0.0,0.0,0,0,0,0,0,0,0,0

SID,KANID5,BORDO,6
IF,KANID,21.645075,-77.967633, ,0.0,0.0,0,0,0,0,0,0,0,0
TF,BORDO,24.000053,-78.458869,0, ,0.0,0.0,0.0,0.0,0,0,0,0,0,0,0,1

SID,KANID5,DYNAH,6
IF,KANID,21.645075,-77.967633, ,0.0,0.0,0,0,0,0,0,0,0,0
TF,DYNAH,23.949497,-77.946833,0, ,0.0,0.0,0.0,0.0,0,0,0,0,0,0,0,1

SID,KANID5,ENAMO,6
IF,KANID,21.645075,-77.967633, ,0.0,0.0,0,0,0,0,0,0,0,0
TF,ENAMO,23.562186,-77.359611,0, ,0.0,0.0,0.0,0.0,0,0,0,0,0,0,0,0

SID,KANID5,LORBA,6
IF,KANID,21.645075,-77.967633, ,0.0,0.0,0,0,0,0,0,0,0,0
TF,LORBA,22.516667,-78.348611,0, ,0.0,0.0,0.0,0.0,0,0,0,0,0,0,0,0

SID,KANID5,UCJ,6
IF,KANID,21.645075,-77.967633, ,0.0,0.0,0,0,0,0,0,0,0,0
TF,UCJ,22.467411,-78.311967,0, ,0.0,0.0,0.0,0.0,0,0,0,0,0,0,0,0

SID,PETMU5,08,5
CA,0,76.0,2,1500,0,0,0,0,0,0
DF,PETMU,21.827425,-77.770981,0, ,0.0,0.0,0,0,0,0,0,0,0,0

SID,PETMU5,ALTIB,6
IF,PETMU,21.827425,-77.770981, ,0.0,0.0,0,0,0,0,0,0,0,0
TF,ALTIB,22.775556,-78.563889,0, ,0.0,0.0,0.0,0.0,0,0,0,0,0,0,0,0

SID,PETMU5,BORDO,6
IF,PETMU,21.827425,-77.770981, ,0.0,0.0,0,0,0,0,0,0,0,0
TF,BORDO,24.000053,-78.458869,0, ,0.0,0.0,0.0,0.0,0,0,0,0,0,0,0,1

SID,PETMU5,DYNAH,6
IF,PETMU,21.827425,-77.770981, ,0.0,0.0,0,0,0,0,0,0,0,0
TF,DYNAH,23.949497,-77.946833,0, ,0.0,0.0,0.0,0.0,0,0,0,0,0,0,0,1

SID,PETMU5,ENAMO,6
IF,PETMU,21.827425,-77.770981, ,0.0,0.0,0,0,0,0,0,0,0,0
TF,ENAMO,23.562186,-77.359611,0, ,0.0,0.0,0.0,0.0,0,0,0,0,0,0,0,0

SID,PETMU5,UCJ,6
IF,PETMU,21.827425,-77.770981, ,0.0,0.0,0,0,0,0,0,0,0,0
TF,UCJ,22.467411,-78.311967,0, ,0.0,0.0,0.0,0.0,0,0,0,0,0,0,0,0

SID,SATOG7,26,5
CA,0,256.0,2,1500,0,0,0,0,0,0
DF,TAGON,21.378039,-78.208289,0, ,0.0,0.0,0,0,0,0,0,0,0,0
TF,SATOG,21.870972,-78.160006,2, ,0.0,0.0,0.0,0.0,0,0,0,0,0,0,0,0

SID,SATOG7,BORDO,6
IF,SATOG,21.870972,-78.160006, ,0.0,0.0,0,0,0,0,0,0,0,0
TF,BORDO,24.000053,-78.458869,0, ,0.0,0.0,0.0,0.0,0,0,0,0,0,0,0,1

SID,SATOG7,DYNAH,6
IF,SATOG,21.870972,-78.160006, ,0.0,0.0,0,0,0,0,0,0,0,0
TF,DYNAH,23.949497,-77.946833,0, ,0.0,0.0,0.0,0.0,0,0,0,0,0,0,0,1

SID,SATOG7,ENAMO,6
IF,SATOG,21.870972,-78.160006, ,0.0,0.0,0,0,0,0,0,0,0,0
TF,ENAMO,23.562186,-77.359611,0, ,0.0,0.0,0.0,0.0,0,0,0,0,0,0,0,0

SID,SATOG7,LORBA,6
IF,SATOG,21.870972,-78.160006, ,0.0,0.0,0,0,0,0,0,0,0,0
TF,LORBA,22.516667,-78.348611,0, ,0.0,0.0,0.0,0.0,0,0,0,0,0,0,0,0

SID,SATOG7,UCJ,6
IF,SATOG,21.870972,-78.160006, ,0.0,0.0,0,0,0,0,0,0,0,0
TF,UCJ,22.467411,-78.311967,0, ,0.0,0.0,0.0,0.0,0,0,0,0,0,0,0,0

SID,TAGO4B,26,5
CA,0,256.0,2,1500,0,0,0,0,0,0
DF,TAGON,21.378039,-78.208289,0, ,0.0,0.0,0,0,0,0,0,0,0,0

SID,TAGO4B,HUZAR,6
IF,TAGON,21.378039,-78.208289, ,0.0,0.0,0,0,0,0,0,0,0,0
TF,HUZAR,21.883611,-79.116389,0, ,0.0,0.0,0.0,0.0,0,0,0,0,0,0,0,0

SID,TAGO4B,UKULO,6
IF,TAGON,21.378039,-78.208289, ,0.0,0.0,0,0,0,0,0,0,0,0
TF,UKULO,21.155833,-78.624167,0, ,0.0,0.0,0.0,0.0,0,0,0,0,0,0,0,0

STAR,DASUG4,DYNAH,4
IF,DYNAH,23.949497,-77.946833, ,0.0,0.0,0,0,0,0,0,0,0,0
TF,DASUG,21.862511,-77.632200,0, ,0.0,0.0,0.0,0.0,0,0,0,0,0,0,0,0

STAR,DASUG4,ENAMO,4
IF,ENAMO,23.562186,-77.359611, ,0.0,0.0,0,0,0,0,0,0,0,0
TF,DASUG,21.862511,-77.632200,0, ,0.0,0.0,0.0,0.0,0,0,0,0,0,0,0,0

STAR,DASUG4,HUZAR,4
IF,HUZAR,21.883611,-79.116389, ,0.0,0.0,0,0,0,0,0,0,0,0
TF,DASUG,21.862511,-77.632200,0, ,0.0,0.0,0.0,0.0,0,0,0,0,0,0,0,0

STAR,DASUG4,UCJ,4
IF,UCJ,22.467411,-78.311967, ,0.0,0.0,0,0,0,0,0,0,0,0
TF,DASUG,21.862511,-77.632200,0, ,0.0,0.0,0.0,0.0,0,0,0,0,0,0,0,0

STAR,DASUG4,URSUS,4
IF,URSUS,24.000053,-79.069800, ,0.0,0.0,0,0,0,0,0,0,0,0
TF,DASUG,21.862511,-77.632200,0, ,0.0,0.0,0.0,0.0,0,0,0,0,0,0,0,0

STAR,DASUG4,26,5
IF,DASUG,21.862511,-77.632200, ,0.0,0.0,0,0,0,0,0,0,0,0
TF,CM511,21.600881,-77.494594,0, ,0.0,0.0,0.0,0.0,0,0,0,0,0,0,0,0
TF,CM504,21.522717,-77.569397,0, ,0.0,0.0,0.0,0.0,2,3000,0,0,0,0,0,0

STAR,DELB2B,HUZAR,4
IF,HUZAR,21.883611,-79.116389, ,0.0,0.0,0,0,0,0,0,0,0,0
TF,DELBA,21.594081,-78.301408,0, ,0.0,0.0,0.0,0.0,0,0,0,0,0,0,0,0

STAR,DELB2B,26,5
IF,DELBA,21.594081,-78.301408, ,0.0,0.0,0,0,0,0,0,0,0,0
TF,CM503,21.579364,-77.708497,0, ,0.0,0.0,0.0,0.0,2,3000,0,0,0,0,0,0

STAR,KANNO2,ANETU,4
IF,ANETU,21.250000,-77.143333, ,0.0,0.0,0,0,0,0,0,0,0,0
TF,KANNO,21.246361,-77.542864,0, ,0.0,0.0,0.0,0.0,0,0,0,0,0,0,0,0

STAR,KANNO2,NEFTU,4
IF,NEFTU,20.550000,-77.446944, ,0.0,0.0,0,0,0,0,0,0,0,0
TF,KANNO,21.246361,-77.542864,0, ,0.0,0.0,0.0,0.0,0,0,0,0,0,0,0,0

STAR,KANNO2,26,5
IF,KANNO,21.246361,-77.542864, ,0.0,0.0,0,0,0,0,0,0,0,0
TF,CM505,21.392597,-77.629944,0, ,0.0,0.0,0.0,0.0,2,3000,0,0,0,0,0,0

STAR,NOXE4A,ANETU,4
IF,ANETU,21.250000,-77.143333, ,0.0,0.0,0,0,0,0,0,0,0,0
TF,NOXET,21.158369,-77.753019,0, ,0.0,0.0,0.0,0.0,0,0,0,0,0,0,0,0

STAR,NOXE4A,IKMIL,4
IF,IKMIL,20.998333,-77.575556, ,0.0,0.0,0,0,0,0,0,0,0,0
TF,NOXET,21.158369,-77.753019,0, ,0.0,0.0,0.0,0.0,0,0,0,0,0,0,0,0

STAR,NOXE4A,PUTIM,4
IF,PUTIM,20.704444,-77.532778, ,0.0,0.0,0,0,0,0,0,0,0,0
TF,NOXET,21.158369,-77.753019,0, ,0.0,0.0,0.0,0.0,0,0,0,0,0,0,0,0

STAR,NOXE4A,08,5
IF,NOXET,21.158369,-77.753019, ,0.0,0.0,0,0,0,0,0,0,0,0
TF,CM501,21.261272,-77.986342,0, ,0.0,0.0,0.0,0.0,2,3000,0,0,0,0,0,0

STAR,PETMU4,DYNAH,4
IF,DYNAH,23.949497,-77.946833, ,0.0,0.0,0,0,0,0,0,0,0,0
TF,PETMU,21.827425,-77.770981,0, ,0.0,0.0,0.0,0.0,0,0,0,0,0,0,0,0

STAR,PETMU4,ENAMO,4
IF,ENAMO,23.562186,-77.359611, ,0.0,0.0,0,0,0,0,0,0,0,0
TF,PETMU,21.827425,-77.770981,0, ,0.0,0.0,0.0,0.0,0,0,0,0,0,0,0,0

STAR,PETMU4,UCJ,4
IF,UCJ,22.467411,-78.311967, ,0.0,0.0,0,0,0,0,0,0,0,0
TF,PETMU,21.827425,-77.770981,0, ,0.0,0.0,0.0,0.0,0,0,0,0,0,0,0,0

STAR,PETMU4,URSUS,4
IF,URSUS,24.000053,-79.069800, ,0.0,0.0,0,0,0,0,0,0,0,0
TF,PETMU,21.827425,-77.770981,0, ,0.0,0.0,0.0,0.0,0,0,0,0,0,0,0,0

STAR,PETMU4,26,5
IF,PETMU,21.827425,-77.770981, ,0.0,0.0,0,0,0,0,0,0,0,0
TF,CM503,21.579364,-77.708497,0, ,0.0,0.0,0.0,0.0,2,3000,0,0,0,0,0,0

STAR,SATOG5,DYNAH,4
IF,DYNAH,23.949497,-77.946833, ,0.0,0.0,0,0,0,0,0,0,0,0
TF,SATOG,21.870972,-78.160006,0, ,0.0,0.0,0.0,0.0,3,12000,0,0,0,0,0,0

STAR,SATOG5,ENAMO,4
IF,ENAMO,23.562186,-77.359611, ,0.0,0.0,0,0,0,0,0,0,0,0
TF,SATOG,21.870972,-78.160006,0, ,0.0,0.0,0.0,0.0,3,12000,0,0,0,0,0,0

STAR,SATOG5,UCJ,4
IF,UCJ,22.467411,-78.311967, ,0.0,0.0,0,0,0,0,0,0,0,0
TF,SATOG,21.870972,-78.160006,0, ,0.0,0.0,0.0,0.0,3,12000,0,0,0,0,0,0

STAR,SATOG5,URSUS,4
IF,URSUS,24.000053,-79.069800, ,0.0,0.0,0,0,0,0,0,0,0,0
TF,SATOG,21.870972,-78.160006,0, ,0.0,0.0,0.0,0.0,3,12000,0,0,0,0,0,0

STAR,SATOG5,08,5
IF,SATOG,21.870972,-78.160006, ,0.0,0.0,3,12000,0,0,0,0,0,0
TF,CM500,21.448053,-78.064792,0, ,0.0,0.0,0.0,0.0,2,3000,0,0,0,0,0,0

STAR,SATOG6,DYNAH,4
IF,DYNAH,23.949497,-77.946833, ,0.0,0.0,0,0,0,0,0,0,0,0
TF,SATOG,21.870972,-78.160006,0, ,0.0,0.0,0.0,0.0,3,12000,0,0,0,0,0,0

STAR,SATOG6,ENAMO,4
IF,ENAMO,23.562186,-77.359611, ,0.0,0.0,0,0,0,0,0,0,0,0
TF,SATOG,21.870972,-78.160006,0, ,0.0,0.0,0.0,0.0,3,12000,0,0,0,0,0,0

STAR,SATOG6,UCJ,4
IF,UCJ,22.467411,-78.311967, ,0.0,0.0,0,0,0,0,0,0,0,0
TF,SATOG,21.870972,-78.160006,0, ,0.0,0.0,0.0,0.0,3,12000,0,0,0,0,0,0

STAR,SATOG6,URSUS,4
IF,URSUS,24.000053,-79.069800, ,0.0,0.0,0,0,0,0,0,0,0,0
TF,SATOG,21.870972,-78.160006,0, ,0.0,0.0,0.0,0.0,3,12000,0,0,0,0,0,0

STAR,SATOG6,08,5
IF,SATOG,21.870972,-78.160006, ,0.0,0.0,3,12000,0,0,0,0,0,0
TF,TAGON,21.378039,-78.208289,0, ,0.0,0.0,0.0,0.0,0,0,0,0,0,0,0,0
TF,KAXOS,21.354667,-78.025542,0, ,0.0,0.0,0.0,0.0,1,2000,0,0,0,0,0,0

STAR,TAGO4A,HUZAR,4
IF,HUZAR,21.883611,-79.116389, ,0.0,0.0,0,0,0,0,0,0,0,0
TF,TAGON,21.378039,-78.208289,0, ,0.0,0.0,0.0,0.0,0,0,0,0,0,0,0,0

STAR,TAGO4A,08,5
IF,TAGON,21.378039,-78.208289, ,0.0,0.0,0,0,0,0,0,0,0,0
TF,KAXOS,21.354667,-78.025542,0, ,0.0,0.0,0.0,0.0,1,2000,0,0,0,0,0,0

APPTR,D08,08,CM500
IF,CM500,21.448053,-78.064792, ,0.0,0.0,2,3000,0,0,0,0,1,0
TF,KAXOS,21.354667,-78.025542,0, ,0.0,0.0,0.0,0.0,2,2000,0,0,0,0,1,0
TF,CM507,21.385311,-77.942467,0, ,0.0,0.0,0.0,0.0,2,2000,0,0,0,0,0,0

APPTR,D08,08,CM501
IF,CM501,21.261272,-77.986342, ,0.0,0.0,2,3000,0,0,0,0,1,0
TF,KAXOS,21.354667,-78.025542,0, ,0.0,0.0,0.0,0.0,2,2000,0,0,0,0,1,0
TF,CM507,21.385311,-77.942467,0, ,0.0,0.0,0.0,0.0,2,2000,0,0,0,0,0,0

APPTR,D08,08,KAXOS
IF,KAXOS,21.354667,-78.025542, ,0.0,0.0,2,2000,0,0,0,0,1,0
TF,CM507,21.385311,-77.942467,0, ,0.0,0.0,0.0,0.0,2,2000,0,0,0,0,0,0

APPTR,D08,08,UCM
IF,UCM,21.437436,-77.800836, ,0.0,0.0,2,3000,0,1,220,0,1,0
FD,UCM,21.437436,-77.800836,0,UCM,0.0,10.0,277.0,10.0,2,2000,0,0,0,0,0,0
CF,CM507,21.385311,-77.942467,1,UCM,256.6,8.5,76.0,1.5,2,2000,0,0,0,0,0,0

FINAL,D08,08,D,2
IF,CM507,21.385311,-77.942467,UCM,256.6,8.5,2,2000,0,0,0,0,2,0
CF,RW08,21.415400,-77.860867,0,UCM,256.6,3.6,76.0,4.9,1,450,0,0,0,0,3,0
CI,0, ,0.0,76.0,0,0,0,0,0,0,0,0
CF,NOXET,21.158369,-77.753019,2,UCM,178.9,16.9,179.0,16.9,2,4000,0,0,0,0,0,0
HM,NOXET,21.158369,-77.753019,2, ,0.0,0.0,359.0,04.3,2,4000,0,0,0,0,0,0,0

APPTR,D26,26,CM503
IF,CM503,21.579364,-77.708497, ,0.0,0.0,2,3000,0,0,0,0,1,0
TF,DUMTU,21.485986,-77.669197,0, ,0.0,0.0,0.0,0.0,2,2000,0,0,0,0,1,0
TF,CM525,21.455372,-77.752342,0, ,0.0,0.0,0.0,0.0,2,2000,0,0,0,0,0,0

APPTR,D26,26,CM504
IF,CM504,21.522717,-77.569397, ,0.0,0.0,2,3000,0,0,0,0,1,0
TF,DUMTU,21.485986,-77.669197,0, ,0.0,0.0,0.0,0.0,2,2000,0,0,0,0,1,0
TF,CM525,21.455372,-77.752342,0, ,0.0,0.0,0.0,0.0,2,2000,0,0,0,0,0,0

APPTR,D26,26,CM505
IF,CM505,21.392597,-77.629944, ,0.0,0.0,2,3000,0,0,0,0,1,0
TF,DUMTU,21.485986,-77.669197,0, ,0.0,0.0,0.0,0.0,2,2000,0,0,0,0,1,0
TF,CM525,21.455372,-77.752342,0, ,0.0,0.0,0.0,0.0,2,2000,0,0,0,0,0,0

APPTR,D26,26,UCM
IF,UCM,21.437436,-77.800836, ,0.0,0.0,2,3000,0,1,220,0,1,0
FD,UCM,21.437436,-77.800836,0,UCM,0.0,5.0,115.0,5.0,2,2000,0,0,0,0,0,0
CF,CM525,21.455372,-77.752342,1,UCM,76.4,2.9,256.0,2.1,2,2000,0,0,0,0,0,0

FINAL,D26,26,D,3
IF,CM525,21.455372,-77.752342,UCM,76.4,2.9,2,2000,0,0,0,0,2,0
CF,UCM,21.437436,-77.800836,0,UCM,0.0,0.0,256.0,2.9,2,1090,0,0,0,0,0,0
CF,RW26,21.425322,-77.833942,0,UCM,256.7,2.0,256.0,2.0,1,450,0,0,0,0,3,0
CA,0,256.0,2,1500,0,0,0,0,0,0
CF,CM506,21.189314,-77.951053,0,UCM,217.6,17.1,217.0,14.0,2,4000,0,0,0,0,0,0
HM,CM506,21.189314,-77.951053,2, ,0.0,0.0,37.0,04.3,2,4000,0,0,0,0,0,0,0

APPTR,R08,08,CM500
IF,CM500,21.448053,-78.064792, ,0.0,0.0,2,3000,0,0,0,0,1,0
TF,KAXOS,21.354667,-78.025542,0, ,0.0,0.0,0.0,0.0,1,2000,0,0,0,0,1,0

APPTR,R08,08,CM501
IF,CM501,21.261272,-77.986342, ,0.0,0.0,2,3000,0,0,0,0,1,0
TF,KAXOS,21.354667,-78.025542,0, ,0.0,0.0,0.0,0.0,1,2000,0,0,0,0,1,0

FINAL,R08,08,R,3
IF,KAXOS,21.354667,-78.025542, ,0.0,0.0,1,2000,0,0,0,0,1,0
TF,CM507,21.385311,-77.942467,0, ,0.0,0.0,76.0,5.0,1,2000,0,0,0,0,2,0
TF,RW08,21.415400,-77.860867,0, ,0.0,0.0,76.0,4.9,1,450,0,0,0,0,3,1
CA,0,94.0,2,1500,0,1,210,0,0,0
DF,NOXET,21.158369,-77.753019,0, ,0.0,0.0,1,4000,0,1,230,0,0,1
HM,NOXET,21.158369,-77.753019,2, ,0.0,0.0,303.0,04.2,3,14000,0,1,230,0,0,0,0

APPTR,R26,26,CM503
IF,CM503,21.579364,-77.708497, ,0.0,0.0,2,3000,0,0,0,0,1,0
TF,DUMTU,21.485986,-77.669197,0, ,0.0,0.0,0.0,0.0,1,2000,0,0,0,0,1,0

APPTR,R26,26,CM504
IF,CM504,21.522717,-77.569397, ,0.0,0.0,2,3000,0,0,0,0,1,0
TF,DUMTU,21.485986,-77.669197,0, ,0.0,0.0,0.0,0.0,1,2000,0,0,0,0,1,0

APPTR,R26,26,CM505
IF,CM505,21.392597,-77.629944, ,0.0,0.0,2,3000,0,0,0,0,1,0
TF,DUMTU,21.485986,-77.669197,0, ,0.0,0.0,0.0,0.0,1,2000,0,0,0,0,1,0

FINAL,R26,26,R,3
IF,DUMTU,21.485986,-77.669197, ,0.0,0.0,1,2000,0,0,0,0,0,0
TF,CM525,21.455372,-77.752342,0, ,0.0,0.0,256.0,5.0,1,2000,0,0,0,0,2,0
TF,RW26,21.425322,-77.833942,0, ,0.0,0.0,256.0,4.9,1,450,0,0,0,0,3,1
CA,0,256.0,2,1500,0,0,0,0,0,0
DF,CM506,21.189314,-77.951053,1, ,0.0,0.0,1,4000,0,1,230,0,0,1
HM,CM506,21.189314,-77.951053,2, ,0.0,0.0,63.0,04.2,3,14000,0,1,230,0,0,0,0

