SID,ALOTU3,10,5
CA,0,98.0,2,1000,0,0,0,0,0,0
DF,CU716,19.805425,-75.803308,2, ,0.0,0.0,0,0,0,0,0,0,0,0
TF,ALOTU,19.722022,-76.329958,0, ,0.0,0.0,0.0,0.0,0,0,0,0,0,0,0,0

SID,ALOTU3,IKMIL,6
IF,ALOTU,19.722022,-76.329958, ,0.0,0.0,0,0,0,0,0,0,0,0
TF,IKMIL,20.998333,-77.575556,0, ,0.0,0.0,0.0,0.0,0,0,0,0,0,0,0,0

SID,ALOTU3,PUTIM,6
IF,ALOTU,19.722022,-76.329958, ,0.0,0.0,0,0,0,0,0,0,0,0
TF,PUTIM,20.704444,-77.532778,0, ,0.0,0.0,0.0,0.0,0,0,0,0,0,0,0,0

SID,HOLGU1,10,2
CA,0,98.0,2,1000,0,1,210,0,0,0
CF,D119L,19.909025,-75.623203,0,UCU,119.0,12.0,119.0,11.0,0,0,0,0,0,0,0,0
AF,D340L,20.153653,-75.925133,1,UCU,340.2,12.0,119.0,0,0,0,0,0,0,0,0
TF,UHG,20.798106,-76.302997,0, ,0.0,0.0,0.0,0.0,0,0,0,0,0,0,0,0

SID,HOLGU1,AVADU,3
IF,UHG,20.798106,-76.302997, ,0.0,0.0,0,0,0,0,0,0,0,0
TF,AVADU,21.345278,-76.821944,0, ,0.0,0.0,0.0,0.0,0,0,0,0,0,0,0,0

SID,HOLGU1,IKMIL,3
IF,UHG,20.798106,-76.302997, ,0.0,0.0,0,0,0,0,0,0,0,0
TF,IKMIL,20.998333,-77.575556,0, ,0.0,0.0,0.0,0.0,0,0,0,0,0,0,0,0

SID,KAVO2A,10,5
CA,0,98.0,2,1000,0,0,0,0,0,0
DF,KAVON,19.641147,-75.814472,2, ,0.0,0.0,0,0,0,0,0,0,0,0

SID,KAVO2A,RABAG,6
IF,KAVON,19.641147,-75.814472, ,0.0,0.0,0,0,0,0,0,0,0,0
TF,RABAG,19.250833,-76.866111,0, ,0.0,0.0,0.0,0.0,0,0,0,0,0,0,0,1

SID,KAVO2A,VIKRO,6
IF,KAVON,19.641147,-75.814472, ,0.0,0.0,0,0,0,0,0,0,0,0
TF,VIKRO,19.015556,-76.274444,0, ,0.0,0.0,0.0,0.0,0,0,0,0,0,0,0,1

SID,KAVO2D,28,5
CA,0,277.0,2,650,0,0,0,0,0,0
CA,0,266.0,2,2000,0,0,0,0,0,0
DF,KAVON,19.641147,-75.814472,1, ,0.0,0.0,0,0,0,0,0,0,0,0

SID,KAVO2D,DEPSI,6
IF,KAVON,19.641147,-75.814472, ,0.0,0.0,0,0,0,0,0,0,0,0
TF,DEPSI,19.033333,-74.413333,0, ,0.0,0.0,0.0,0.0,0,0,0,0,0,0,0,1

SID,KAVO2D,GELOG,6
IF,KAVON,19.641147,-75.814472, ,0.0,0.0,0,0,0,0,0,0,0,0
TF,GELOG,18.561667,-75.178333,0, ,0.0,0.0,0.0,0.0,0,0,0,0,0,0,0,0

SID,KENKU2,10,5
CA,0,98.0,2,1000,0,0,0,0,0,0
DF,KENKU,19.882586,-75.677111,0, ,0.0,0.0,0,0,0,0,0,0,0,0

SID,KENKU2,DEPSI,6
IF,KENKU,19.882586,-75.677111, ,0.0,0.0,0,0,0,0,0,0,0,0
TF,DEPSI,19.033333,-74.413333,0, ,0.0,0.0,0.0,0.0,0,0,0,0,0,0,0,1

SID,KENKU2,GELOG,6
IF,KENKU,19.882586,-75.677111, ,0.0,0.0,0,0,0,0,0,0,0,0
TF,GELOG,18.561667,-75.178333,0, ,0.0,0.0,0.0,0.0,0,0,0,0,0,0,0,0

SID,KINI2A,10,5
CA,0,97.0,2,650,0,0,0,0,0,0
CA,0,109.0,2,2000,0,0,0,0,0,0
DF,RORTO,19.923875,-75.510311,0, ,0.0,0.0,2,6000,0,1,220,0,0,0
TF,CU715,20.117869,-75.501758,0, ,0.0,0.0,0.0,0.0,0,0,0,0,0,0,0,0
TF,KINIS,20.286850,-75.743017,0, ,0.0,0.0,0.0,0.0,0,0,0,0,0,0,0,0

SID,KINI2A,ANETU,6
IF,KINIS,20.286850,-75.743017, ,0.0,0.0,0,0,0,0,0,0,0,0
TF,ANETU,21.250000,-77.143333,0, ,0.0,0.0,0.0,0.0,0,0,0,0,0,0,0,0

SID,KINI2A,IKMIL,6
IF,KINIS,20.286850,-75.743017, ,0.0,0.0,0,0,0,0,0,0,0,0
TF,IKMIL,20.998333,-77.575556,0, ,0.0,0.0,0.0,0.0,0,0,0,0,0,0,0,0

SID,KINI2A,PUTIM,6
IF,KINIS,20.286850,-75.743017, ,0.0,0.0,0,0,0,0,0,0,0,0
TF,PUTIM,20.704444,-77.532778,0, ,0.0,0.0,0.0,0.0,0,0,0,0,0,0,0,0

SID,KOBI2C,28,5
CA,0,277.0,2,650,0,0,0,0,0,0
CA,0,266.0,2,2000,0,0,0,0,0,0
DF,KOBIR,19.560900,-76.306628,0, ,0.0,0.0,0,0,0,0,0,0,0,0

SID,KOBI2C,RABAG,6
IF,KOBIR,19.560900,-76.306628, ,0.0,0.0,0,0,0,0,0,0,0,0
TF,RABAG,19.250833,-76.866111,0, ,0.0,0.0,0.0,0.0,0,0,0,0,0,0,0,1

SID,KOBI2C,VIKRO,6
IF,KOBIR,19.560900,-76.306628, ,0.0,0.0,0,0,0,0,0,0,0,0
TF,VIKRO,19.015556,-76.274444,0, ,0.0,0.0,0.0,0.0,0,0,0,0,0,0,0,1

SID,KUBO3C,28,5
CA,0,277.0,2,650,0,0,0,0,0,0
CA,0,266.0,2,2000,0,0,0,0,0,0
DF,KUBOS,19.840000,-76.327222,0, ,0.0,0.0,2,6000,0,0,0,0,0,0

SID,KUBO3C,ANETU,6
IF,KUBOS,19.840000,-76.327222, ,0.0,0.0,0,0,0,0,0,0,0,0
TF,ANETU,21.250000,-77.143333,0, ,0.0,0.0,0.0,0.0,0,0,0,0,0,0,0,0

SID,KUBO3C,AVADU,6
IF,KUBOS,19.840000,-76.327222, ,0.0,0.0,0,0,0,0,0,0,0,0
TF,AVADU,21.345278,-76.821944,0, ,0.0,0.0,0.0,0.0,0,0,0,0,0,0,0,0

SID,KUBO3C,IKMIL,6
IF,KUBOS,19.840000,-76.327222, ,0.0,0.0,0,0,0,0,0,0,0,0
TF,IKMIL,20.998333,-77.575556,0, ,0.0,0.0,0.0,0.0,0,0,0,0,0,0,0,0

SID,KUBO3C,PUTIM,6
IF,KUBOS,19.840000,-76.327222, ,0.0,0.0,0,0,0,0,0,0,0,0
TF,PUTIM,20.704444,-77.532778,0, ,0.0,0.0,0.0,0.0,0,0,0,0,0,0,0,0

SID,KUBO3C,UHG,6
IF,KUBOS,19.840000,-76.327222, ,0.0,0.0,0,0,0,0,0,0,0,0
TF,UHG,20.798106,-76.302997,0, ,0.0,0.0,0.0,0.0,0,0,0,0,0,0,0,0

SID,SENSO1,10,5
CA,0,97.0,2,650,0,0,0,0,0,0
CA,0,109.0,2,2000,0,0,0,0,0,0
DF,RORTO,19.923875,-75.510311,0, ,0.0,0.0,2,6000,0,1,220,0,0,0
TF,CU715,20.117869,-75.501758,0, ,0.0,0.0,0.0,0.0,0,0,0,0,0,0,0,0
TF,SENSO,20.314633,-75.496528,0, ,0.0,0.0,0.0,0.0,0,0,0,0,0,0,0,0

SID,SENSO1,AVADU,6
IF,SENSO,20.314633,-75.496528, ,0.0,0.0,0,0,0,0,0,0,0,0
TF,AVADU,21.345278,-76.821944,0, ,0.0,0.0,0.0,0.0,0,0,0,0,0,0,0,0

SID,SENSO1,GHANN,6
IF,SENSO,20.314633,-75.496528, ,0.0,0.0,0,0,0,0,0,0,0,0
TF,GHANN,22.000000,-75.166667,0, ,0.0,0.0,0.0,0.0,0,0,0,0,0,0,0,1

SID,SENSO1,OVALU,6
IF,SENSO,20.314633,-75.496528, ,0.0,0.0,0,0,0,0,0,0,0,0
TF,OVALU,20.850556,-74.113056,0, ,0.0,0.0,0.0,0.0,0,0,0,0,0,0,0,1

STAR,CAOBA3,ANETU,4
IF,ANETU,21.250000,-77.143333, ,0.0,0.0,0,0,0,0,0,0,0,0
TF,CAOBA,20.180556,-76.287222,0, ,0.0,0.0,0.0,0.0,0,0,0,0,0,0,0,0

STAR,CAOBA3,AVADU,4
IF,AVADU,21.345278,-76.821944, ,0.0,0.0,0,0,0,0,0,0,0,0
TF,CAOBA,20.180556,-76.287222,0, ,0.0,0.0,0.0,0.0,0,0,0,0,0,0,0,0

STAR,CAOBA3,BOPOL,4
IF,BOPOL,21.390556,-77.421389, ,0.0,0.0,0,0,0,0,0,0,0,0
TF,CAOBA,20.180556,-76.287222,0, ,0.0,0.0,0.0,0.0,0,0,0,0,0,0,0,0

STAR,CAOBA3,GHANN,4
IF,GHANN,22.000000,-75.166667, ,0.0,0.0,0,0,0,0,0,0,0,0
TF,CAOBA,20.180556,-76.287222,0, ,0.0,0.0,0.0,0.0,0,0,0,0,0,0,0,0

STAR,CAOBA3,OVALU,4
IF,OVALU,20.850556,-74.113056, ,0.0,0.0,0,0,0,0,0,0,0,0
TF,CAOBA,20.180556,-76.287222,0, ,0.0,0.0,0.0,0.0,0,0,0,0,0,0,0,0

STAR,CAOBA3,PUTIM,4
IF,PUTIM,20.704444,-77.532778, ,0.0,0.0,0,0,0,0,0,0,0,0
TF,CAOBA,20.180556,-76.287222,0, ,0.0,0.0,0.0,0.0,0,0,0,0,0,0,0,0

STAR,CAOBA3,10,5
IF,CAOBA,20.180556,-76.287222, ,0.0,0.0,0,0,0,0,0,0,0,0
TF,CU720,20.046914,-76.152703,0, ,0.0,0.0,0.0,0.0,2,6000,0,0,0,0,0,0

STAR,IMOXO2,DEPSI,4
IF,DEPSI,19.033333,-74.413333, ,0.0,0.0,0,0,0,0,0,0,0,0
TF,IMOXO,19.505700,-75.435467,0, ,0.0,0.0,0.0,0.0,0,0,0,0,0,0,0,0

STAR,IMOXO2,GELOG,4
IF,GELOG,18.561667,-75.178333, ,0.0,0.0,0,0,0,0,0,0,0,0
TF,IMOXO,19.505700,-75.435467,0, ,0.0,0.0,0.0,0.0,0,0,0,0,0,0,0,0

STAR,IMOXO2,28,5
IF,IMOXO,19.505700,-75.435467, ,0.0,0.0,0,0,0,0,0,0,0,0
TF,CU706,19.824839,-75.527597,0, ,0.0,0.0,0.0,0.0,2,5000,0,0,0,0,0,0

STAR,KAVO2B,RABAG,4
IF,RABAG,19.250833,-76.866111, ,0.0,0.0,0,0,0,0,0,0,0,0
TF,KAVON,19.641147,-75.814472,0, ,0.0,0.0,0.0,0.0,0,0,0,0,0,0,0,0

STAR,KAVO2B,VIKRO,4
IF,VIKRO,19.015556,-76.274444, ,0.0,0.0,0,0,0,0,0,0,0,0
TF,KAVON,19.641147,-75.814472,0, ,0.0,0.0,0.0,0.0,0,0,0,0,0,0,0,0

STAR,KAVO2B,28,5
IF,KAVON,19.641147,-75.814472, ,0.0,0.0,0,0,0,0,0,0,0,0
TF,CU706,19.824839,-75.527597,0, ,0.0,0.0,0.0,0.0,2,5000,0,0,0,0,0,0

STAR,KAVO2C,DEPSI,4
IF,DEPSI,19.033333,-74.413333, ,0.0,0.0,0,0,0,0,0,0,0,0
TF,KAVON,19.641147,-75.814472,0, ,0.0,0.0,0.0,0.0,0,0,0,0,0,0,0,0

STAR,KAVO2C,GELOG,4
IF,GELOG,18.561667,-75.178333, ,0.0,0.0,0,0,0,0,0,0,0,0
TF,KAVON,19.641147,-75.814472,0, ,0.0,0.0,0.0,0.0,0,0,0,0,0,0,0,0

STAR,KAVO2C,10,5
IF,KAVON,19.641147,-75.814472, ,0.0,0.0,0,0,0,0,0,0,0,0
TF,CU721,19.858642,-76.140153,0, ,0.0,0.0,0.0,0.0,2,5000,0,0,0,0,0,0

STAR,KINI3B,ANETU,4
IF,ANETU,21.250000,-77.143333, ,0.0,0.0,0,0,0,0,0,0,0,0
TF,KINIS,20.286850,-75.743017,0, ,0.0,0.0,0.0,0.0,0,0,0,0,0,0,0,0

STAR,KINI3B,AVADU,4
IF,AVADU,21.345278,-76.821944, ,0.0,0.0,0,0,0,0,0,0,0,0
TF,KINIS,20.286850,-75.743017,0, ,0.0,0.0,0.0,0.0,0,0,0,0,0,0,0,0

STAR,KINI3B,IKMIL,4
IF,IKMIL,20.998333,-77.575556, ,0.0,0.0,0,0,0,0,0,0,0,0
TF,KINIS,20.286850,-75.743017,0, ,0.0,0.0,0.0,0.0,0,0,0,0,0,0,0,0

STAR,KINI3B,PUTIM,4
IF,PUTIM,20.704444,-77.532778, ,0.0,0.0,0,0,0,0,0,0,0,0
TF,KINIS,20.286850,-75.743017,0, ,0.0,0.0,0.0,0.0,0,0,0,0,0,0,0,0

STAR,KINI3B,28,5
IF,KINIS,20.286850,-75.743017, ,0.0,0.0,0,0,0,0,0,0,0,0
TF,CU705,20.022908,-75.493003,0, ,0.0,0.0,0.0,0.0,2,6000,0,0,0,0,0,0

STAR,KOBI2A,RABAG,4
IF,RABAG,19.250833,-76.866111, ,0.0,0.0,0,0,0,0,0,0,0,0
TF,KOBIR,19.560900,-76.306628,0, ,0.0,0.0,0.0,0.0,0,0,0,0,0,0,0,0

STAR,KOBI2A,VIKRO,4
IF,VIKRO,19.015556,-76.274444, ,0.0,0.0,0,0,0,0,0,0,0,0
TF,KOBIR,19.560900,-76.306628,0, ,0.0,0.0,0.0,0.0,0,0,0,0,0,0,0,0

STAR,KOBI2A,10,5
IF,KOBIR,19.560900,-76.306628, ,0.0,0.0,0,0,0,0,0,0,0,0
TF,CU721,19.858642,-76.140153,0, ,0.0,0.0,0.0,0.0,2,5000,0,0,0,0,0,0

STAR,MANZA1,BOPOL,1
IF,BOPOL,21.390556,-77.421389, ,0.0,0.0,0,0,0,0,0,0,0,0
TF,UMZ,20.302792,-77.099444,0, ,0.0,0.0,0.0,0.0,0,0,0,0,0,0,0,0

STAR,MANZA1,PUTIM,1
IF,PUTIM,20.704444,-77.532778, ,0.0,0.0,0,0,0,0,0,0,0,0
TF,UMZ,20.302792,-77.099444,0, ,0.0,0.0,0.0,0.0,0,0,0,0,0,0,0,0

STAR,MANZA1,10,2
IF,UMZ,20.302792,-77.099444, ,0.0,0.0,0,0,0,0,0,0,0,0
TF,UCU37,20.140033,-76.454817,0, ,0.0,0.0,0.0,0.0,0,0,0,0,0,0,0,0
CI,0, ,0.0,114.0,0,0,0,0,0,0,0,0
AF,UCU35,19.928156,-76.439664,1,UCU,274.2,35.0,294.0,0,0,0,0,0,0,0,0
TF,DARPO,19.954936,-76.110189,0, ,0.0,0.0,0.0,0.0,2,4500,0,1,230,0,0,0

STAR,SENSO2,GHANN,4
IF,GHANN,22.000000,-75.166667, ,0.0,0.0,0,0,0,0,0,0,0,0
TF,SENSO,20.314633,-75.496528,0, ,0.0,0.0,0.0,0.0,0,0,0,0,0,0,0,0

STAR,SENSO2,OVALU,4
IF,OVALU,20.850556,-74.113056, ,0.0,0.0,0,0,0,0,0,0,0,0
TF,SENSO,20.314633,-75.496528,0, ,0.0,0.0,0.0,0.0,0,0,0,0,0,0,0,0

STAR,SENSO2,28,5
IF,SENSO,20.314633,-75.496528, ,0.0,0.0,0,0,0,0,0,0,0,0
TF,CU705,20.022908,-75.493003,0, ,0.0,0.0,0.0,0.0,2,6000,0,0,0,0,0,0

APPTR,D10,10,CU720
IF,CU720,20.046914,-76.152703, ,0.0,0.0,2,6000,0,0,0,0,1,0
TF,LIDOG,19.926178,-76.088233,0, ,0.0,0.0,0.0,0.0,2,4500,0,1,230,0,1,0
TF,CS10,19.937542,-76.030658,0, ,0.0,0.0,0.0,0.0,2,3000,0,0,0,0,0,0

APPTR,D10,10,CU721
IF,CU721,19.858642,-76.140153, ,0.0,0.0,2,5000,0,0,0,0,1,0
TF,LIDOG,19.926178,-76.088233,0, ,0.0,0.0,0.0,0.0,2,4500,0,1,230,0,1,0
TF,CS10,19.937542,-76.030658,0, ,0.0,0.0,0.0,0.0,2,3000,0,0,0,0,0,0

APPTR,D10,10,UCU
IF,UCU,19.977800,-75.822656, ,0.0,0.0,2,6000,0,0,0,0,1,0
FD,UCU,19.977800,-75.822656,0,UCU,0.0,12.0,244.0,12.0,2,3000,0,0,0,0,0,0
CF,CS10,19.937542,-76.030658,2,UCU,267.4,12.0,87.0,1.0,2,3000,0,0,0,0,0,0

FINAL,D10,10,D,4
IF,CS10,19.937542,-76.030658,UCU,267.5,12.0,2,3000,0,0,0,0,0,0
CF,CU723,19.943178,-76.001628,0,UCU,267.5,10.3,87.0,1.7,2,3000,0,0,0,0,2,0
CF,CU722,19.953256,-75.949633,0,UCU,267.5,7.3,87.0,3.0,2,2040,0,0,0,0,0,0
CF,MS10,19.969431,-75.865997,0,UCU,267.5,2.5,87.0,4.8,1,505,0,0,0,0,3,0
CA,0,87.0,2,650,0,0,0,0,0,0
CF,KAVON,19.641147,-75.814472,2,UCU,187.7,20.1,187.0,18.0,2,5000,0,0,0,0,0,0
HM,KAVON,19.641147,-75.814472,2, ,0.0,0.0,7.0,04.3,2,5000,0,0,0,0,0,0,0

APPTR,I10,10,CU720
IF,CU720,20.046914,-76.152703, ,0.0,0.0,2,6000,0,0,0,0,1,0
CF,DARPO,19.954936,-76.110189,0,ICU,275.4,16.4,165.0,6.0,2,4500,0,1,230,0,1,0

APPTR,I10,10,CU721
IF,CU721,19.858642,-76.140153, ,0.0,0.0,2,5000,0,0,0,0,1,0
CF,DARPO,19.954936,-76.110189,0,ICU,275.4,16.4,25.0,6.0,2,4500,0,1,230,0,1,0

APPTR,I10,10,UCU
IF,UCU,19.977800,-75.822656, ,0.0,0.0,2,6000,0,0,0,0,1,0
FD,UCU,19.977800,-75.822656,0,UCU,0.0,12.0,250.0,12.0,2,3000,0,0,0,0,0,0
VI,2,ICU,0.0,50.0,0,0,0,0,0,0,0,0

FINAL,I10,10,I,3
IF,DARPO,19.954936,-76.110189,ICU,275.4,16.4,2,4500,0,1,230,0,1,0
CF,CU725,19.961261,-76.004242,0,ICU,275.4,10.4,95.0,6.0,1,3000,0,0,0,0,2,0
CF,RW10,19.969719,-75.851842,0,ICU,274.1,1.7,95.0,8.6,1,253,0,0,0,0,3,0
CA,0,95.0,2,650,0,0,0,0,0,0
CF,KAVON,19.641147,-75.814472,2,UCU,187.7,20.1,187.0,18.0,2,5000,0,0,0,0,0,0
HM,KAVON,19.641147,-75.814472,2, ,0.0,0.0,7.0,04.3,2,5000,0,0,0,0,0,0,0

APPTR,L10,10,CU720
IF,CU720,20.046914,-76.152703, ,0.0,0.0,2,6000,0,0,0,0,1,0
CF,DARPO,19.954936,-76.110189,0,ICU,275.4,16.4,165.0,6.0,2,4500,0,1,230,0,1,0

APPTR,L10,10,CU721
IF,CU721,19.858642,-76.140153, ,0.0,0.0,2,5000,0,0,0,0,1,0
CF,DARPO,19.954936,-76.110189,0,ICU,275.4,16.4,25.0,6.0,2,4500,0,1,230,0,1,0

APPTR,L10,10,UCU
IF,UCU,19.977800,-75.822656, ,0.0,0.0,2,6000,0,0,0,0,1,0
FD,UCU,19.977800,-75.822656,0,UCU,0.0,12.0,250.0,12.0,2,3000,0,0,0,0,0,0
VI,2,ICU,0.0,50.0,0,0,0,0,0,0,0,0

FINAL,L10,10,D,4
IF,DARPO,19.954936,-76.110189,ICU,275.4,16.4,2,4500,0,1,230,0,1,0
CF,CU725,19.961261,-76.004242,0,ICU,275.4,10.4,95.0,6.0,2,3000,0,0,0,0,2,0
CF,CU724,19.965111,-75.940161,0,ICU,275.4,6.7,95.0,3.6,2,1845,0,0,0,0,0,0
CF,RW10,19.969719,-75.851842,0,ICU,274.1,1.7,95.0,5.0,1,253,0,0,0,0,3,0
CA,0,95.0,2,650,0,0,0,0,0,0
CF,KAVON,19.641147,-75.814472,2,UCU,187.7,20.1,187.0,18.0,2,5000,0,0,0,0,0,0
HM,KAVON,19.641147,-75.814472,2, ,0.0,0.0,7.0,04.3,2,5000,0,0,0,0,0,0,0

APPTR,R01,01,ILITO
HF,ILITO,19.771750,-75.833200,2, ,0.0,0.0,8.0,04.3,2,4000,0,1,230,0,1,0,0

FINAL,R01,01,R,3
IF,ILITO,19.771750,-75.833200, ,0.0,0.0,1,4000,0,0,0,0,0,0
TF,CU726,19.877642,-75.834408,0, ,0.0,0.0,8.0,6.3,1,2000,0,0,0,0,2,0
TF,RW01,19.968711,-75.835447,0, ,0.0,0.0,8.0,5.4,1,267,0,0,0,0,3,1
CA,0,327.0,2,1500,0,0,0,0,0,0
DF,CU723,19.943178,-76.001628,1, ,0.0,0.0,2,3000,0,0,0,0,0,0
TF,ILITO,19.771750,-75.833200,0, ,0.0,0.0,0.0,0.0,1,4000,0,1,230,0,0,1
HM,ILITO,19.771750,-75.833200,2, ,0.0,0.0,8.0,04.3,2,4000,0,1,230,0,0,0,0

APPTR,R10,10,CU720
IF,CU720,20.046914,-76.152703, ,0.0,0.0,2,6000,0,0,0,0,1,0
TF,DARPO,19.954936,-76.110189,0, ,0.0,0.0,0.0,0.0,1,4500,0,1,230,0,1,0

APPTR,R10,10,CU721
IF,CU721,19.858642,-76.140153, ,0.0,0.0,2,5000,0,0,0,0,1,0
TF,DARPO,19.954936,-76.110189,0, ,0.0,0.0,0.0,0.0,1,4500,0,1,230,0,1,0

FINAL,R10,10,R,4
IF,DARPO,19.954936,-76.110189, ,0.0,0.0,1,4500,0,1,230,0,1,0
TF,CU725,19.961261,-76.004242,0, ,0.0,0.0,95.0,6.0,1,3000,0,0,0,0,2,0
TF,CU724,19.965111,-75.940161,0, ,0.0,0.0,95.0,3.6,2,1845,0,0,0,0,0,0
TF,RW10,19.969719,-75.851842,0, ,0.0,0.0,95.0,5.0,1,253,0,0,0,0,3,1
CA,0,111.0,2,2000,0,0,0,0,0,0
DF,KAVON,19.641147,-75.814472,2, ,0.0,0.0,1,5000,0,1,230,0,0,1
HM,KAVON,19.641147,-75.814472,2, ,0.0,0.0,314.0,04.3,2,5000,0,1,230,0,0,0,0

APPTR,R28,28,CU705
IF,CU705,20.022908,-75.493003, ,0.0,0.0,2,6000,0,0,0,0,1,0
TF,RORTO,19.923875,-75.510311,0, ,0.0,0.0,0.0,0.0,1,5000,0,1,230,0,1,0

APPTR,R28,28,CU706
IF,CU706,19.824839,-75.527597, ,0.0,0.0,2,5000,0,0,0,0,1,0
TF,RORTO,19.923875,-75.510311,0, ,0.0,0.0,0.0,0.0,1,5000,0,1,230,0,1,0

FINAL,R28,28,R,3
IF,RORTO,19.923875,-75.510311, ,0.0,0.0,1,5000,0,1,230,0,1,0
TF,CU728,19.946456,-75.654469,0, ,0.0,0.0,288.0,8.3,1,3300,0,0,0,0,2,0
TF,MR28,19.970192,-75.805131,0, ,0.0,0.0,288.0,8.6,1,549,0,0,0,0,3,1
CA,0,262.0,2,2000,0,0,0,0,0,0
DF,KAVON,19.641147,-75.814472,1, ,0.0,0.0,1,5000,0,1,230,0,0,1
HM,KAVON,19.641147,-75.814472,2, ,0.0,0.0,65.0,04.3,2,5000,0,1,230,0,0,0,0

