SID,ABAN2A,24,5
CF,JANSE,22.876614,-82.578447,0,UHA,239.0,10.4,239.0,11.0,0,0,0,1,210,0,0,1
DF,UHA,22.978839,-82.426647,2, ,0.0,0.0,2,5000,0,0,0,0,0,0

SID,ABAN3C,06,5
CA,0,59.0,2,4000,0,1,210,0,0,0
DF,UHA,22.978839,-82.426647,2, ,0.0,0.0,2,6000,0,0,0,0,0,0

SID,AFFIL2,06,5
CF,EPRIM,23.084267,-82.263775,0,UHA,60.0,11.0,59.0,8.8,0,0,0,1,210,0,0,0
TF,AFFIL,23.145650,-82.172758,0, ,0.0,0.0,0.0,0.0,0,0,0,1,210,0,0,0

SID,AFFIL2,TANIA,6
IF,AFFIL,23.145650,-82.172758, ,0.0,0.0,0,0,0,1,210,0,0,0
TF,TANIA,24.030094,-79.527578,0, ,0.0,0.0,0.0,0.0,0,0,0,0,0,0,0,0

SID,BELB2B,24,5
CA,0,239.0,2,1500,0,1,210,0,0,0
DF,BELBY,22.743100,-83.057031,0, ,0.0,0.0,0,0,0,0,0,0,0,0

SID,BELB2B,KALNO,6
IF,BELBY,22.743100,-83.057031, ,0.0,0.0,0,0,0,0,0,0,0,0
TF,KALNO,22.701111,-83.257500,0, ,0.0,0.0,0.0,0.0,0,0,0,0,0,0,0,0

SID,BELB2B,NAKRO,6
IF,BELBY,22.743100,-83.057031, ,0.0,0.0,0,0,0,0,0,0,0,0
TF,NAKRO,22.860000,-83.320278,0, ,0.0,0.0,0.0,0.0,0,0,0,0,0,0,0,0

SID,BELB2B,PABEL,6
IF,BELBY,22.743100,-83.057031, ,0.0,0.0,0,0,0,0,0,0,0,0
TF,PABEL,20.453333,-83.951667,0, ,0.0,0.0,0.0,0.0,0,0,0,0,0,0,0,1

SID,BELB2B,SELEK,6
IF,BELBY,22.743100,-83.057031, ,0.0,0.0,0,0,0,0,0,0,0,0
TF,SELEK,20.094722,-82.415278,0, ,0.0,0.0,0.0,0.0,0,0,0,0,0,0,0,1

SID,DUTA3B,24,5
CA,0,239.0,2,2000,0,1,210,0,0,0
DF,DUTAN,22.671667,-82.226111,1, ,0.0,0.0,0,0,0,0,0,0,0,0

SID,DUTA3B,AMITU,6
IF,DUTAN,22.671667,-82.226111, ,0.0,0.0,0,0,0,0,0,0,0,0
TF,AMITU,22.098333,-79.746111,0, ,0.0,0.0,0.0,0.0,0,0,0,0,0,0,0,0

SID,DUTA3B,LACET,6
IF,DUTAN,22.671667,-82.226111, ,0.0,0.0,0,0,0,0,0,0,0,0
TF,LACET,20.000000,-81.833333,0, ,0.0,0.0,0.0,0.0,0,0,0,0,0,0,0,1

SID,DUTA3B,SELEK,6
IF,DUTAN,22.671667,-82.226111, ,0.0,0.0,0,0,0,0,0,0,0,0
TF,SELEK,20.094722,-82.415278,0, ,0.0,0.0,0.0,0.0,0,0,0,0,0,0,0,1

SID,DUTA3B,UVA,6
IF,DUTAN,22.671667,-82.226111, ,0.0,0.0,0,0,0,0,0,0,0,0
TF,UVA,23.024686,-81.453592,0, ,0.0,0.0,0.0,0.0,0,0,0,0,0,0,0,0

SID,EMUPA2,06,2
CA,0,60.0,2,1000,0,0,0,0,0,0
FD,UHA,22.978839,-82.426647,0,UHA,0.0,18.0,60.0,18.0,0,0,0,1,230,0,0,0
CF,EMUPA,23.342478,-82.242958,0,UHA,30.0,24.0,346.0,13.0,0,0,0,0,0,0,0,0

SID,EMUPA2,MAXIM,3
IF,EMUPA,23.342478,-82.242958, ,0.0,0.0,0,0,0,0,0,0,0,0
TF,MAXIM,24.000000,-82.518814,0, ,0.0,0.0,0.0,0.0,0,0,0,0,0,0,0,1

SID,FARAC3,24,5
CA,0,239.0,2,2000,0,1,210,0,0,0
DF,AVSAK,22.935556,-82.629444,0, ,0.0,0.0,0,0,0,0,0,0,0,0
TF,FARAC,23.184444,-82.600278,2, ,0.0,0.0,0.0,0.0,0,0,0,0,0,0,0,0

SID,FARAC3,CANOA,6
IF,FARAC,23.184444,-82.600278, ,0.0,0.0,0,0,0,0,0,0,0,0
TF,CANOA,24.000442,-83.049819,0, ,0.0,0.0,0.0,0.0,0,0,0,0,0,0,0,0

SID,FARAC3,TANIA,6
IF,FARAC,23.184444,-82.600278, ,0.0,0.0,0,0,0,0,0,0,0,0
TF,TANIA,24.030094,-79.527578,0, ,0.0,0.0,0.0,0.0,0,0,0,0,0,0,0,0

SID,JUGAR3,06,5
CF,EPRIM,23.084267,-82.263775,0,UHA,60.0,11.0,59.0,8.8,0,0,0,1,210,0,0,0
TF,AFFIL,23.145650,-82.172758,0, ,0.0,0.0,0.0,0.0,0,0,0,1,210,0,0,0
TF,JUGAR,23.291081,-82.231244,0, ,0.0,0.0,0.0,0.0,0,0,0,0,0,0,0,0

SID,JUGAR3,MAXIM,6
IF,JUGAR,23.291081,-82.231244, ,0.0,0.0,0,0,0,0,0,0,0,0
TF,MAXIM,24.000000,-82.518814,0, ,0.0,0.0,0.0,0.0,0,0,0,0,0,0,0,1

SID,JUGAR3,MUPKI,6
IF,JUGAR,23.291081,-82.231244, ,0.0,0.0,0,0,0,0,0,0,0,0
TF,MUPKI,22.606944,-85.061944,0, ,0.0,0.0,0.0,0.0,0,0,0,0,0,0,0,0

SID,KAVU1C,06,2
CA,0,60.0,2,1000,0,0,0,0,0,0
CI,2, ,0.0,110.0,0,0,0,0,0,0,0,0
CF,KAVUL,23.056111,-82.112778,0,UHA,80.0,18.0,80.0,14.0,0,0,0,0,0,0,0,1

SID,KAVU1C,UCL,3
IF,KAVUL,23.056111,-82.112778, ,0.0,0.0,0,0,0,0,0,0,0,0
TF,UCL,21.605019,-81.532697,0, ,0.0,0.0,0.0,0.0,0,0,0,0,0,0,0,0

SID,KAVU4A,06,5
CA,0,59.0,2,2000,0,1,210,0,0,0
DF,KAVUL,23.056111,-82.112778,0, ,0.0,0.0,0,0,0,0,0,0,0,0

SID,KAVU4A,APRIK,6
IF,KAVUL,23.056111,-82.112778, ,0.0,0.0,0,0,0,0,0,0,0,0
TF,APRIK,21.683611,-79.848333,0, ,0.0,0.0,0.0,0.0,0,0,0,0,0,0,0,0

SID,KAVU4A,LACET,6
IF,KAVUL,23.056111,-82.112778, ,0.0,0.0,0,0,0,0,0,0,0,0
TF,LACET,20.000000,-81.833333,0, ,0.0,0.0,0.0,0.0,0,0,0,0,0,0,0,1

SID,KAVU4A,UCL,6
IF,KAVUL,23.056111,-82.112778, ,0.0,0.0,0,0,0,0,0,0,0,0
TF,UCL,21.605019,-81.532697,0, ,0.0,0.0,0.0,0.0,0,0,0,0,0,0,0,0

SID,KAVU4A,UVA,6
IF,KAVUL,23.056111,-82.112778, ,0.0,0.0,0,0,0,0,0,0,0,0
TF,UVA,23.024686,-81.453592,0, ,0.0,0.0,0.0,0.0,0,0,0,0,0,0,0,0

SID,KAVU4A,XOPLI,6
IF,KAVUL,23.056111,-82.112778, ,0.0,0.0,0,0,0,0,0,0,0,0
TF,XOPLI,22.648333,-81.402222,0, ,0.0,0.0,0.0,0.0,0,0,0,0,0,0,0,0

STAR,AFFIL2,FARKO,4
IF,FARKO,22.999722,-81.980833, ,0.0,0.0,0,0,0,0,0,0,0,0
TF,AFFIL,23.145650,-82.172758,0, ,0.0,0.0,0.0,0.0,2,3000,0,0,0,0,0,0

STAR,AFFIL2,TANIA,4
IF,TANIA,24.030094,-79.527578, ,0.0,0.0,0,0,0,0,0,0,0,0
TF,AFFIL,23.145650,-82.172758,0, ,0.0,0.0,0.0,0.0,2,3000,0,0,0,0,0,0

STAR,AFFIL2,24,5
IF,AFFIL,23.145650,-82.172758, ,0.0,0.0,2,3000,0,0,0,0,0,0
TF,MUNBU,23.103333,-82.234167,0, ,0.0,0.0,0.0,0.0,2,2000,0,1,210,0,0,0

STAR,AVERA1,CANOA,1
IF,CANOA,24.000442,-83.049819, ,0.0,0.0,0,0,0,0,0,0,0,0
TF,AVERA,23.489747,-82.737122,0, ,0.0,0.0,0.0,0.0,0,0,0,0,0,0,0,0

STAR,AVERA1,06,2
IF,AVERA,23.489747,-82.737122, ,0.0,0.0,0,0,0,0,0,0,0,0
TF,D335R,23.239442,-82.589514,0, ,0.0,0.0,0.0,0.0,0,0,0,0,0,0,0,0
VI,0, ,0.0,155.0,0,0,0,0,0,0,0,0
AF,D239O,22.831239,-82.645592,1,UHA,239.0,15.0,335.0,0,0,0,0,0,0,0,0
TF,JANSE,22.876614,-82.578447,0, ,0.0,0.0,0.0,0.0,2,2000,0,0,0,0,0,0

STAR,BELB1A,KALNO,4
IF,KALNO,22.701111,-83.257500, ,0.0,0.0,0,0,0,0,0,0,0,0
TF,BELBY,22.743100,-83.057031,0, ,0.0,0.0,0.0,0.0,0,0,0,1,210,0,0,0

STAR,BELB1A,NAKRO,4
IF,NAKRO,22.860000,-83.320278, ,0.0,0.0,0,0,0,0,0,0,0,0
TF,BELBY,22.743100,-83.057031,0, ,0.0,0.0,0.0,0.0,0,0,0,1,210,0,0,0

STAR,BELB1A,06,5
IF,BELBY,22.743100,-83.057031, ,0.0,0.0,0,0,0,1,210,0,0,0
TF,HA407,22.807572,-82.826797,0, ,0.0,0.0,0.0,0.0,2,4000,0,1,210,0,0,0
TF,JANSE,22.876614,-82.578447,0, ,0.0,0.0,0.0,0.0,2,2000,0,0,0,0,0,0

STAR,BENON1,LACET,1
IF,LACET,20.000000,-81.833333, ,0.0,0.0,0,0,0,0,0,0,0,0
TF,BENON,22.144283,-82.370083,0, ,0.0,0.0,0.0,0.0,0,0,0,0,0,0,0,0

STAR,BENON1,SELEK,1
IF,SELEK,20.094722,-82.415278, ,0.0,0.0,0,0,0,0,0,0,0,0
TF,BENON,22.144283,-82.370083,0, ,0.0,0.0,0.0,0.0,0,0,0,0,0,0,0,0

STAR,BENON1,UCL,1
IF,UCL,21.605019,-81.532697, ,0.0,0.0,0,0,0,0,0,0,0,0
TF,BENON,22.144283,-82.370083,0, ,0.0,0.0,0.0,0.0,0,0,0,0,0,0,0,0

STAR,BENON1,06,2
IF,BENON,22.144283,-82.370083, ,0.0,0.0,0,0,0,0,0,0,0,0
TF,UHA42,22.277811,-82.379086,0, ,0.0,0.0,0.0,0.0,0,0,0,0,0,0,0,0
VI,0, ,0.0,1.0,0,0,0,0,0,0,0,0
AF,UHA40,22.684267,-83.074600,2,UHA,249.0,40.0,181.0,0,0,0,0,0,0,0,0
TF,D249S,22.839247,-82.734772,0, ,0.0,0.0,0.0,0.0,0,0,0,0,0,0,0,0
TF,JANSE,22.876614,-82.578447,0, ,0.0,0.0,0.0,0.0,2,2000,0,0,0,0,0,0

STAR,DUTA8A,AMITU,4
IF,AMITU,22.098333,-79.746111, ,0.0,0.0,0,0,0,0,0,0,0,0
TF,DUTAN,22.671667,-82.226111,0, ,0.0,0.0,0.0,0.0,0,0,0,1,210,0,0,0

STAR,DUTA8A,AVEPI,4
IF,AVEPI,22.461389,-81.710000, ,0.0,0.0,0,0,0,0,0,0,0,0
TF,DUTAN,22.671667,-82.226111,0, ,0.0,0.0,0.0,0.0,0,0,0,1,210,0,0,0

STAR,DUTA8A,LACET,4
IF,LACET,20.000000,-81.833333, ,0.0,0.0,0,0,0,0,0,0,0,0
TF,DUTAN,22.671667,-82.226111,0, ,0.0,0.0,0.0,0.0,0,0,0,1,210,0,0,0

STAR,DUTA8A,SELEK,4
IF,SELEK,20.094722,-82.415278, ,0.0,0.0,0,0,0,0,0,0,0,0
TF,DUTAN,22.671667,-82.226111,0, ,0.0,0.0,0.0,0.0,0,0,0,1,210,0,0,0

STAR,DUTA8A,UCL,4
IF,UCL,21.605019,-81.532697, ,0.0,0.0,0,0,0,0,0,0,0,0
TF,DUTAN,22.671667,-82.226111,0, ,0.0,0.0,0.0,0.0,0,0,0,1,210,0,0,0

STAR,DUTA8A,06,5
IF,DUTAN,22.671667,-82.226111, ,0.0,0.0,0,0,0,1,210,0,0,0
TF,HA401,22.795106,-82.515311,0, ,0.0,0.0,0.0,0.0,2,3000,0,1,210,0,0,0

STAR,ENTRY2,CANOA,4
IF,CANOA,24.000442,-83.049819, ,0.0,0.0,0,0,0,0,0,0,0,0
TF,ENTRY,23.092400,-82.919736,0, ,0.0,0.0,0.0,0.0,0,0,0,0,0,0,0,0

STAR,ENTRY2,06,5
IF,ENTRY,23.092400,-82.919736, ,0.0,0.0,0,0,0,0,0,0,0,0
TF,HA407,22.807572,-82.826797,0, ,0.0,0.0,0.0,0.0,2,4000,0,1,210,0,0,0
TF,JANSE,22.876614,-82.578447,0, ,0.0,0.0,0.0,0.0,2,2000,0,0,0,0,0,0

STAR,FARA2B,KALNO,4
IF,KALNO,22.701111,-83.257500, ,0.0,0.0,0,0,0,0,0,0,0,0
TF,FARAC,23.184444,-82.600278,0, ,0.0,0.0,0.0,0.0,2,6000,0,0,0,0,0,0

STAR,FARA2B,NAKRO,4
IF,NAKRO,22.860000,-83.320278, ,0.0,0.0,0,0,0,0,0,0,0,0
TF,FARAC,23.184444,-82.600278,0, ,0.0,0.0,0.0,0.0,2,6000,0,0,0,0,0,0

STAR,FARA2B,24,5
IF,FARAC,23.184444,-82.600278, ,0.0,0.0,2,6000,0,0,0,0,0,0
TF,JUGAR,23.291081,-82.231244,0, ,0.0,0.0,0.0,0.0,2,3000,0,1,210,0,0,0
TF,AFFIL,23.145650,-82.172758,0, ,0.0,0.0,0.0,0.0,2,3000,0,1,210,0,0,0
TF,MUNBU,23.103333,-82.234167,0, ,0.0,0.0,0.0,0.0,2,2000,0,1,210,0,0,0

STAR,HUTE3A,AMITU,4
IF,AMITU,22.098333,-79.746111, ,0.0,0.0,0,0,0,0,0,0,0,0
TF,HUTER,22.273514,-82.866861,0, ,0.0,0.0,0.0,0.0,0,0,0,0,0,0,0,0

STAR,HUTE3A,APRIK,4
IF,APRIK,21.683611,-79.848333, ,0.0,0.0,0,0,0,0,0,0,0,0
TF,HUTER,22.273514,-82.866861,0, ,0.0,0.0,0.0,0.0,0,0,0,0,0,0,0,0

STAR,HUTE3A,LACET,4
IF,LACET,20.000000,-81.833333, ,0.0,0.0,0,0,0,0,0,0,0,0
TF,HUTER,22.273514,-82.866861,0, ,0.0,0.0,0.0,0.0,0,0,0,0,0,0,0,0

STAR,HUTE3A,PABEL,4
IF,PABEL,20.453333,-83.951667, ,0.0,0.0,0,0,0,0,0,0,0,0
TF,HUTER,22.273514,-82.866861,0, ,0.0,0.0,0.0,0.0,0,0,0,0,0,0,0,0

STAR,HUTE3A,SELEK,4
IF,SELEK,20.094722,-82.415278, ,0.0,0.0,0,0,0,0,0,0,0,0
TF,HUTER,22.273514,-82.866861,0, ,0.0,0.0,0.0,0.0,0,0,0,0,0,0,0,0

STAR,HUTE3A,UCL,4
IF,UCL,21.605019,-81.532697, ,0.0,0.0,0,0,0,0,0,0,0,0
TF,HUTER,22.273514,-82.866861,0, ,0.0,0.0,0.0,0.0,0,0,0,0,0,0,0,0

STAR,HUTE3A,06,5
IF,HUTER,22.273514,-82.866861, ,0.0,0.0,0,0,0,0,0,0,0,0
TF,HA408,22.505378,-82.960586,0, ,0.0,0.0,0.0,0.0,0,0,0,0,0,0,0,1
TF,BELBY,22.743100,-83.057031,0, ,0.0,0.0,0.0,0.0,0,0,0,1,210,0,0,0
TF,HA407,22.807572,-82.826797,0, ,0.0,0.0,0.0,0.0,2,4000,0,1,210,0,0,0
TF,JANSE,22.876614,-82.578447,0, ,0.0,0.0,0.0,0.0,2,2000,0,0,0,0,0,0

STAR,JUGAR1,MAXIM,4
IF,MAXIM,24.000000,-82.518814, ,0.0,0.0,0,0,0,0,0,0,0,0
TF,JUGAR,23.291081,-82.231244,0, ,0.0,0.0,0.0,0.0,2,3000,0,1,210,0,0,0

STAR,JUGAR1,24,5
IF,JUGAR,23.291081,-82.231244, ,0.0,0.0,2,3000,0,1,210,0,0,0
TF,AFFIL,23.145650,-82.172758,0, ,0.0,0.0,0.0,0.0,2,3000,0,1,210,0,0,0
TF,MUNBU,23.103333,-82.234167,0, ,0.0,0.0,0.0,0.0,2,2000,0,1,210,0,0,0

STAR,JUGAR2,TANIA,4
IF,TANIA,24.030094,-79.527578, ,0.0,0.0,0,0,0,0,0,0,0,0
TF,JUGAR,23.291081,-82.231244,0, ,0.0,0.0,0.0,0.0,0,0,0,0,0,0,0,0

STAR,JUGAR2,UVA,4
IF,UVA,23.024686,-81.453592, ,0.0,0.0,0,0,0,0,0,0,0,0
TF,JUGAR,23.291081,-82.231244,0, ,0.0,0.0,0.0,0.0,0,0,0,0,0,0,0,0

STAR,JUGAR2,06,5
IF,JUGAR,23.291081,-82.231244, ,0.0,0.0,0,0,0,0,0,0,0,0
TF,ENTRY,23.092400,-82.919736,0, ,0.0,0.0,0.0,0.0,0,0,0,0,0,0,0,0
TF,HA407,22.807572,-82.826797,0, ,0.0,0.0,0.0,0.0,2,4000,0,1,210,0,0,0
TF,JANSE,22.876614,-82.578447,0, ,0.0,0.0,0.0,0.0,2,2000,0,0,0,0,0,0

STAR,KAVU3B,APRIK,4
IF,APRIK,21.683611,-79.848333, ,0.0,0.0,0,0,0,0,0,0,0,0
TF,KAVUL,23.056111,-82.112778,0, ,0.0,0.0,0.0,0.0,2,3000,0,1,210,0,0,0

STAR,KAVU3B,DUTAN,4
IF,DUTAN,22.671667,-82.226111, ,0.0,0.0,0,0,0,0,0,0,0,0
TF,KAVUL,23.056111,-82.112778,0, ,0.0,0.0,0.0,0.0,2,3000,0,1,210,0,0,0

STAR,KAVU3B,LACET,4
IF,LACET,20.000000,-81.833333, ,0.0,0.0,0,0,0,0,0,0,0,0
TF,KAVUL,23.056111,-82.112778,0, ,0.0,0.0,0.0,0.0,2,3000,0,1,210,0,0,0

STAR,KAVU3B,SELEK,4
IF,SELEK,20.094722,-82.415278, ,0.0,0.0,0,0,0,0,0,0,0,0
TF,KAVUL,23.056111,-82.112778,0, ,0.0,0.0,0.0,0.0,2,3000,0,1,210,0,0,0

STAR,KAVU3B,UCL,4
IF,UCL,21.605019,-81.532697, ,0.0,0.0,0,0,0,0,0,0,0,0
TF,KAVUL,23.056111,-82.112778,0, ,0.0,0.0,0.0,0.0,2,3000,0,1,210,0,0,0

STAR,KAVU3B,UVA,4
IF,UVA,23.024686,-81.453592, ,0.0,0.0,0,0,0,0,0,0,0,0
TF,KAVUL,23.056111,-82.112778,0, ,0.0,0.0,0.0,0.0,2,3000,0,1,210,0,0,0

STAR,KAVU3B,XOPLI,4
IF,XOPLI,22.648333,-81.402222, ,0.0,0.0,0,0,0,0,0,0,0,0
TF,KAVUL,23.056111,-82.112778,0, ,0.0,0.0,0.0,0.0,2,3000,0,1,210,0,0,0

STAR,KAVU3B,24,5
IF,KAVUL,23.056111,-82.112778, ,0.0,0.0,2,3000,0,1,210,0,0,0
TF,MUNBU,23.103333,-82.234167,0, ,0.0,0.0,0.0,0.0,2,2000,0,1,210,0,0,0

APPTR,D06,06,HA400
IF,HA400,22.956844,-82.643497, ,0.0,0.0,2,3000,0,1,210,0,1,0
TF,JANSE,22.876614,-82.578447,0, ,0.0,0.0,0.0,0.0,2,2000,0,1,210,0,1,0
CF,CS06,22.910014,-82.528892,0,UHA,239.0,7.0,59.0,3.4,2,2000,0,0,0,0,0,0

APPTR,D06,06,HA401
IF,HA401,22.795106,-82.515311, ,0.0,0.0,2,3000,0,1,210,0,1,0
TF,JANSE,22.876614,-82.578447,0, ,0.0,0.0,0.0,0.0,2,2000,0,1,210,0,1,0
CF,CS06,22.910014,-82.528892,0,UHA,239.0,7.0,59.0,3.4,2,2000,0,0,0,0,0,0

APPTR,D06,06,JANSE
IF,JANSE,22.876614,-82.578447, ,0.0,0.0,2,2000,0,1,210,0,1,0
CF,CS06,22.910014,-82.528892,0,UHA,239.0,7.0,59.0,3.4,2,2000,0,0,0,0,0,0

APPTR,D06,06,UHA
IF,UHA,22.978839,-82.426647, ,0.0,0.0,2,3000,0,0,0,0,1,0
FD,UHA,22.978839,-82.426647,0,UHA,0.0,7.0,264.0,7.0,2,2000,0,1,210,0,0,0
CF,CS06,22.910014,-82.528892,1,UHA,239.0,7.0,59.0,1.0,2,2000,0,0,0,0,0,0

FINAL,D06,06,D,3
IF,CS06,22.910014,-82.528892,UHA,239.0,7.0,2,2000,0,0,0,0,0,0
CF,HA406,22.925844,-82.505394,0,UHA,239.0,5.4,59.0,1.6,2,2000,0,0,0,0,2,0
CF,UHA,22.978839,-82.426647,0,UHA,0.0,0.0,59.0,5.4,1,282,0,0,0,0,3,0
CA,0,59.0,2,2000,0,0,0,0,0,0
DF,DUTAN,22.671667,-82.226111,2, ,0.0,0.0,2,4000,0,0,0,0,0,0
HM,DUTAN,22.671667,-82.226111,2, ,0.0,0.0,334.0,04.3,2,4000,0,0,0,0,0,0,0

APPTR,D24,24,MUNBU
IF,MUNBU,23.103333,-82.234167, ,0.0,0.0,2,2000,0,1,210,0,1,0
CF,CS24,23.067250,-82.295050,0,UHA,59.0,9.0,239.0,4.0,2,2000,0,0,0,0,1,0

APPTR,D24,24,UHA
IF,UHA,22.978839,-82.426647, ,0.0,0.0,2,3000,0,0,0,0,1,0
FD,UHA,22.978839,-82.426647,0,UHA,0.0,9.0,87.0,9.0,2,2000,0,1,210,0,0,0
CF,CS24,23.067250,-82.295050,1,UHA,59.0,9.0,239.0,1.0,2,2000,0,0,0,0,0,0

FINAL,D24,24,D,3
IF,CS24,23.067250,-82.295050,UHA,59.0,9.0,2,2000,0,0,0,0,0,0
CF,HA424,23.052869,-82.312958,0,UHA,59.9,7.7,239.0,1.3,2,2000,0,0,0,0,2,0
CF,RW24,22.999675,-82.393228,0,UHA,61.0,2.2,239.0,5.5,1,260,0,0,0,0,3,0
CF,UHA,22.978839,-82.426647,0,UHA,0.0,0.0,239.0,2.2,0,0,0,0,0,0,0,0
CF,KAXAL,22.886667,-82.741944,0,UHA,257.5,18.3,257.0,18.3,0,0,0,0,0,0,0,0
TF,ENTRY,23.092400,-82.919736,0, ,0.0,0.0,0.0,0.0,2,3000,0,0,0,0,0,0
HM,ENTRY,23.092400,-82.919736,1, ,0.0,0.0,109.0,04.3,2,3000,0,0,0,0,0,0,0

APPTR,I06,06,HA400
IF,HA400,22.956844,-82.643497, ,0.0,0.0,2,3000,0,1,210,0,1,0
CF,JANSE,22.876614,-82.578447,0,IHA,239.4,12.8,148.0,6.0,2,2000,0,1,210,0,1,0

APPTR,I06,06,HA401
IF,HA401,22.795106,-82.515311, ,0.0,0.0,2,3000,0,1,210,0,1,0
CF,JANSE,22.876614,-82.578447,0,IHA,239.4,12.8,329.0,6.0,2,2000,0,1,210,0,1,0

APPTR,I06,06,UHA
IF,UHA,22.978839,-82.426647, ,0.0,0.0,2,3000,0,0,0,0,1,0
FD,UHA,22.978839,-82.426647,0,UHA,0.0,7.0,264.0,7.0,2,2000,0,1,210,0,0,0
VI,1,IHA,0.0,89.0,0,0,0,0,0,0,0,0

FINAL,I06,06,I,3
IF,JANSE,22.876614,-82.578447,IHA,239.4,12.8,2,2000,0,0,0,0,1,0
CF,HA402,22.925372,-82.505175,0,IHA,239.4,7.8,59.0,5.0,1,2000,0,0,0,0,2,0
CF,RW06,22.978633,-82.424944,0,IHA,239.4,2.3,59.0,5.5,1,259,0,0,0,0,3,0
CA,0,59.0,2,2000,0,0,0,0,0,0
DF,DUTAN,22.671667,-82.226111,2, ,0.0,0.0,2,4000,0,0,0,0,0,0
HM,DUTAN,22.671667,-82.226111,2, ,0.0,0.0,334.0,04.3,2,4000,0,0,0,0,0,0,0

APPTR,L06,06,HA400
IF,HA400,22.956844,-82.643497, ,0.0,0.0,2,3000,0,1,210,0,1,0
CF,JANSE,22.876614,-82.578447,0,IHA,239.4,12.8,148.0,6.0,2,2000,0,1,210,0,1,0

APPTR,L06,06,HA401
IF,HA401,22.795106,-82.515311, ,0.0,0.0,2,3000,0,1,210,0,1,0
CF,JANSE,22.876614,-82.578447,0,IHA,239.4,12.8,329.0,6.0,2,2000,0,1,210,0,1,0

APPTR,L06,06,UHA
IF,UHA,22.978839,-82.426647, ,0.0,0.0,2,3000,0,0,0,0,1,0
FD,UHA,22.978839,-82.426647,0,UHA,0.0,7.0,264.0,7.0,2,2000,0,1,210,0,0,0
VI,1,IHA,0.0,89.0,0,0,0,0,0,0,0,0

FINAL,L06,06,D,3
IF,JANSE,22.876614,-82.578447,IHA,239.4,12.8,2,2000,0,0,0,0,1,0
CF,HA402,22.925372,-82.505175,0,IHA,239.4,7.8,59.0,5.0,2,2000,0,0,0,0,2,0
CF,RW06,22.978633,-82.424944,0,IHA,239.4,2.3,59.0,5.5,1,259,0,0,0,0,3,0
CA,0,59.0,2,2000,0,0,0,0,0,0
DF,DUTAN,22.671667,-82.226111,2, ,0.0,0.0,2,4000,0,0,0,0,0,0
HM,DUTAN,22.671667,-82.226111,2, ,0.0,0.0,334.0,04.3,2,4000,0,0,0,0,0,0,0

APPTR,R06,06,HA400
IF,HA400,22.956844,-82.643497, ,0.0,0.0,2,3000,0,1,210,0,1,0
TF,JANSE,22.876614,-82.578447,0, ,0.0,0.0,0.0,0.0,2,2000,0,1,210,0,1,0

APPTR,R06,06,HA401
IF,HA401,22.795106,-82.515311, ,0.0,0.0,2,3000,0,1,210,0,1,0
TF,JANSE,22.876614,-82.578447,0, ,0.0,0.0,0.0,0.0,2,2000,0,1,210,0,1,0

FINAL,R06,06,R,3
IF,JANSE,22.876614,-82.578447, ,0.0,0.0,2,2000,0,1,210,0,1,0
TF,HA402,22.925372,-82.505175,0, ,0.0,0.0,59.0,5.0,1,2000,0,0,0,0,2,0
TF,RW06,22.978633,-82.424944,0, ,0.0,0.0,59.0,5.5,1,260,0,0,0,0,3,1
CA,0,59.0,2,2000,0,0,0,0,0,0
DF,DUTAN,22.671667,-82.226111,2, ,0.0,0.0,2,4000,0,0,0,0,0,1
HM,DUTAN,22.671667,-82.226111,2, ,0.0,0.0,299.0,04,2,4000,0,1,230,0,0,0,0

FINAL,R24,24,R,3
IF,MUNBU,23.103333,-82.234167, ,0.0,0.0,2,2000,0,1,210,0,1,0
TF,HA424,23.052869,-82.312958,0, ,0.0,0.0,239.0,5.3,1,2000,0,0,0,0,2,0
TF,RW24,22.999675,-82.393228,0, ,0.0,0.0,239.0,5.5,1,260,0,0,0,0,3,1
CA,0,239.0,2,2000,0,1,210,0,0,0
DF,KAXAL,22.886667,-82.741944,0, ,0.0,0.0,0,0,0,0,0,0,0,0
TF,ENTRY,23.092400,-82.919736,0, ,0.0,0.0,0.0,0.0,2,3000,0,0,0,0,0,1
HM,ENTRY,23.092400,-82.919736,1, ,0.0,0.0,77.0,04,2,3000,0,1,230,0,0,0,0

