APPTR,D08,08,BOPOL
IF,BOPOL,21.390556,-77.421389, ,0.0,0.0,0,0,0,0,0,0,0,0
TF,D353O,20.544589,-77.170592,0, ,0.0,0.0,0.0,0.0,0,0,0,0,0,0,1,0
CI,0, ,0.0,173.0,0,0,0,0,0,0,0,0
AF,D233L,20.158583,-77.247403,1,UMZ,233.1,12.0,353.0,0,0,0,0,0,0,0,0
CF,TOXAB,20.166697,-77.240569,0,UMZ,233.4,11.4,53.0,0.6,2,3000,0,0,0,0,1,0
CF,CF08,20.206667,-77.198114,0,UMZ,233.1,8.0,53.0,3.4,2,2000,0,0,0,0,0,0

APPTR,D08,08,NEFTU
IF,NEFTU,20.550000,-77.446944, ,0.0,0.0,0,0,0,0,0,0,0,0
TF,D316O,20.454028,-77.311789,0, ,0.0,0.0,0.0,0.0,0,0,0,0,0,0,1,0
CI,0, ,0.0,136.0,0,0,0,0,0,0,0,0
AF,D233L,20.158583,-77.247403,1,UMZ,233.1,12.0,316.0,0,0,0,0,0,0,0,0
CF,TOXAB,20.166697,-77.240569,0,UMZ,233.4,11.4,53.0,0.6,2,3000,0,0,0,0,1,0
CF,CF08,20.206667,-77.198114,0,UMZ,233.1,8.0,53.0,3.4,2,2000,0,0,0,0,0,0

APPTR,D08,08,PUTIM
IF,PUTIM,20.704444,-77.532778, ,0.0,0.0,0,0,0,0,0,0,0,0
TF,D323O,20.478900,-77.289019,0, ,0.0,0.0,0.0,0.0,0,0,0,0,0,0,1,0
CI,0, ,0.0,143.0,0,0,0,0,0,0,0,0
AF,D233L,20.158583,-77.247403,1,UMZ,233.1,12.0,323.0,0,0,0,0,0,0,0,0
CF,TOXAB,20.166697,-77.240569,0,UMZ,233.4,11.4,53.0,0.6,2,3000,0,0,0,0,1,0
CF,CF08,20.206667,-77.198114,0,UMZ,233.1,8.0,53.0,3.4,2,2000,0,0,0,0,0,0

APPTR,D08,08,UMZ
IF,UMZ,20.302792,-77.099444, ,0.0,0.0,2,4000,0,0,0,0,1,0
FD,UMZ,20.302792,-77.099444,0,UMZ,0.0,8.0,245.0,8.0,2,2000,0,0,0,0,0,0
CF,CF08,20.206667,-77.198114,1,UMZ,233.1,8.0,53.0,1.0,2,2000,0,0,0,0,0,0

FINAL,D08,08,D,3
IF,CF08,20.206667,-77.198114,UMZ,233.1,8.0,2,2000,0,0,0,0,0,0
CF,MZ809,20.226053,-77.178231,0,UMZ,233.1,6.4,53.0,1.6,2,2000,0,0,0,0,2,0
CF,MA08,20.276361,-77.126589,0,UMZ,233.1,2.2,53.0,4.2,1,635,0,0,0,0,3,0
CF,UMZ,20.302792,-77.099444,0,UMZ,0.0,0.0,53.0,2.2,0,0,0,0,0,0,0,0
FA,UMZ,20.302792,-77.099444,0,UMZ,0.0,0.0,53.0,2,2000,0,0,0,0,0,0
DF,UMZ,20.302792,-77.099444,1, ,0.0,0.0,2,4000,0,0,0,0,0,0
HM,UMZ,20.302792,-77.099444,2, ,0.0,0.0,245.0,04.3,2,4000,0,0,0,0,0,0,0

APPTR,D26,26,UMZ
IF,UMZ,20.302792,-77.099444, ,0.0,0.0,2,4000,0,0,0,0,1,0
FD,UMZ,20.302792,-77.099444,0,UMZ,0.0,8.0,97.0,8.0,2,2000,0,0,0,0,0,0
CF,CF26,20.278611,-76.959933,2,UMZ,109.4,8.0,289.0,1.0,2,2000,0,0,0,0,0,0

FINAL,D26,26,D,3
IF,CF26,20.278611,-76.959933,UMZ,109.4,8.0,2,2000,0,0,0,0,0,0
CF,MZ827,20.281081,-76.974136,0,UMZ,109.4,7.2,289.0,0.8,2,2000,0,0,0,0,2,0
CF,MA26,20.295850,-77.059331,0,UMZ,109.4,2.3,289.0,4.9,1,468,0,0,0,0,3,0
CF,UMZ,20.302792,-77.099444,0,UMZ,0.0,0.0,289.0,2.3,0,0,0,0,0,0,0,0
FA,UMZ,20.302792,-77.099444,0,UMZ,0.0,0.0,289.0,2,2000,0,0,0,0,0,0
DF,UMZ,20.302792,-77.099444,1, ,0.0,0.0,2,4000,0,0,0,0,0,0
HM,UMZ,20.302792,-77.099444,2, ,0.0,0.0,97.0,04.3,2,4000,0,0,0,0,0,0,0

APPTR,R08,08,PURUT
HF,PURUT,20.236006,-77.284197,2, ,0.0,0.0,83.0,04.1,2,3000,0,1,230,0,1,0,0

FINAL,R08,08,R,3
IF,PURUT,20.236006,-77.284197, ,0.0,0.0,1,3000,0,0,0,0,0,0
TF,MZ808,20.258828,-77.198933,0, ,0.0,0.0,83.0,5.0,1,2000,0,0,0,0,2,0
TF,RW08,20.285217,-77.100353,0, ,0.0,0.0,83.0,5.8,1,162,0,0,0,0,3,1
CA,0,83.0,2,1500,0,0,0,0,0,0
DF,MZ830,20.486294,-77.153419,1, ,0.0,0.0,1,3000,0,0,0,0,0,1
HM,MZ830,20.486294,-77.153419,2, ,0.0,0.0,214.0,04.1,2,3000,0,1,230,0,0,0,0

APPTR,R26,26,SINSO
HF,SINSO,20.342081,-76.887408,2, ,0.0,0.0,263.0,04.1,2,3000,0,1,230,0,1,0,0

FINAL,R26,26,R,3
IF,SINSO,20.342081,-76.887408, ,0.0,0.0,1,3000,0,0,0,0,0,0
TF,MZ826,20.317928,-76.977742,0, ,0.0,0.0,263.0,5.3,1,2000,0,0,0,0,2,0
TF,RW26,20.291128,-77.078244,0, ,0.0,0.0,263.0,5.9,1,139,0,0,0,0,3,1
CA,0,263.0,2,1500,0,0,0,0,0,0
DF,MZ830,20.486294,-77.153419,2, ,0.0,0.0,1,3000,0,0,0,0,0,1
HM,MZ830,20.486294,-77.153419,2, ,0.0,0.0,129.0,04.1,2,3000,0,1,230,0,0,0,0

