STAR,ANEGA1,25,5
IF,ANEGA,17.296944,-87.959167, ,0.0,0.0,4,13000,8000,0,0,0,0,0
TF,SINSA,17.482397,-88.097669,0, ,0.0,0.0,0.0,0.0,2,4000,0,0,0,0,0,0

STAR,ELVI1A,07,5
IF,ELVIK,17.768333,-87.950278, ,0.0,0.0,4,12000,8000,1,250,0,0,0
TF,BZ902,17.684689,-88.125719,0, ,0.0,0.0,0.0,0.0,2,6000,0,1,250,0,0,0
TF,BZ904,17.610022,-88.281911,0, ,0.0,0.0,0.0,0.0,4,8000,4000,1,250,0,0,0
TF,REXIN,17.568872,-88.468947,0, ,0.0,0.0,0.0,0.0,2,3000,0,1,210,0,0,0

STAR,NALM1A,07,5
IF,NALMA,17.128889,-88.233889, ,0.0,0.0,4,13000,8000,1,250,0,0,0
TF,BZ601,17.303006,-88.346936,0, ,0.0,0.0,0.0,0.0,4,8000,4000,1,250,0,0,0
TF,SELUP,17.444925,-88.439269,0, ,0.0,0.0,0.0,0.0,2,3000,0,1,210,0,0,0

STAR,NALM1B,25,5
IF,NALMA,17.128889,-88.233889, ,0.0,0.0,4,13000,8000,0,0,0,0,0
TF,SINSA,17.482397,-88.097669,0, ,0.0,0.0,0.0,0.0,2,4000,0,0,0,0,0,0

STAR,PIKR1A,07,5
IF,PIKRO,17.929444,-88.466111, ,0.0,0.0,4,13000,8000,1,250,0,0,0
TF,BZ901,17.736203,-88.467633,0, ,0.0,0.0,0.0,0.0,4,8000,4000,1,250,0,0,0
TF,REXIN,17.568872,-88.468947,0, ,0.0,0.0,0.0,0.0,2,3000,0,1,210,0,0,0

STAR,PIKR1B,25,5
IF,PIKRO,17.929444,-88.466111, ,0.0,0.0,4,13000,8000,0,0,0,0,0
TF,NOREB,17.678139,-88.144372,0, ,0.0,0.0,0.0,0.0,2,4000,0,0,0,0,0,0

STAR,TAMD1A,07,5
IF,TAMDA,17.920278,-88.140278, ,0.0,0.0,4,12000,8000,1,250,0,0,0
TF,BZ903,17.763350,-88.211994,0, ,0.0,0.0,0.0,0.0,2,6000,0,1,250,0,0,0
TF,BZ904,17.610022,-88.281911,0, ,0.0,0.0,0.0,0.0,4,8000,4000,1,250,0,0,0
TF,REXIN,17.568872,-88.468947,0, ,0.0,0.0,0.0,0.0,2,3000,0,1,210,0,0,0

STAR,TAMD1B,25,5
IF,TAMDA,17.920278,-88.140278, ,0.0,0.0,4,13000,8000,0,0,0,0,0
TF,NOREB,17.678139,-88.144372,0, ,0.0,0.0,0.0,0.0,2,4000,0,0,0,0,0,0

APPTR,D07-Z,07,BZE
IF,BZE,17.539617,-88.313978, ,0.0,0.0,2,3000,0,0,0,0,0,0
FD,BZE,17.539617,-88.313978,0,BZE,0.0,6.0,276.0,6.0,2,1600,0,0,0,0,0,0
CF,FD07,17.506903,-88.412914,1,BZE,251.3,6.0,71.0,1.0,2,1600,0,0,0,0,0,0

APPTR,D07-Z,07,BZEH
HF,BZE,17.539617,-88.313978,2, ,0.0,0.0,276.0,04.3,2,3000,0,0,0,0,0,0,0
FD,BZE,17.539617,-88.313978,0,BZE,0.0,6.0,276.0,6.0,2,1600,0,0,0,0,0,0
CF,FD07,17.506903,-88.412914,1,BZE,251.3,6.0,71.0,1.0,2,1600,0,0,0,0,0,0

FINAL,D07-Z,07,D,3
IF,FD07,17.506903,-88.412914,BZE,251.3,6.0,2,1600,0,0,0,0,2,0
CF,51VOR,17.511392,-88.397922,0,BZE,251.0,5.1,71.0,0.9,2,1600,0,0,0,0,0,0
CF,RW07,17.536900,-88.318125,0,BZE,236.0,0.3,71.0,4.8,1,65,0,0,0,0,3,0
CF,BZE,17.539617,-88.313978,0,BZE,0.0,0.0,71.0,0.3,0,0,0,0,0,0,0,1
CA,0,71.0,2,1500,0,0,0,0,0,0
DF,BZE,17.539617,-88.313978,2, ,0.0,0.0,1,3000,0,0,0,0,0,0
HM,BZE,17.539617,-88.313978,2, ,0.0,0.0,276.0,04.3,2,3000,0,0,0,0,0,0,0

APPTR,D25-Z,25,BZE
IF,BZE,17.539617,-88.313978, ,0.0,0.0,2,3000,0,0,0,0,0,0
FD,BZE,17.539617,-88.313978,0,BZE,0.0,6.0,52.0,6.0,2,1600,0,0,0,0,0,0
CF,FF25,17.562175,-88.211989,2,BZE,77.3,6.0,257.0,1.0,2,1600,0,0,0,0,0,0

APPTR,D25-Z,25,BZEH
HF,BZE,17.539617,-88.313978,2, ,0.0,0.0,52.0,04.3,2,3000,0,0,0,0,0,0,0
FD,BZE,17.539617,-88.313978,0,BZE,0.0,6.0,52.0,6.0,2,1600,0,0,0,0,0,0
CF,FF25,17.562175,-88.211989,2,BZE,77.3,6.0,257.0,1.0,2,1600,0,0,0,0,0,0

FINAL,D25-Z,25,D,2
IF,FF25,17.562175,-88.211989,BZE,77.3,6.0,2,1600,0,0,0,0,2,0
CF,RW25,17.542872,-88.291044,0,BZE,81.9,1.3,257.0,4.7,1,64,0,0,0,0,3,0
CF,BZE,17.539617,-88.313978,0,BZE,0.0,0.0,257.0,1.3,0,0,0,0,0,0,0,1
CA,0,257.0,2,1500,0,0,0,0,0,0
CF,BZE,17.539617,-88.313978,1,BZE,0.0,0.0,52.0,3.0,1,3000,0,0,0,0,0,0
HM,BZE,17.539617,-88.313978,2, ,0.0,0.0,52.0,04.3,2,3000,0,0,0,0,0,0,0

APPTR,I07-X,07,BZE
IF,BZE,17.539617,-88.313978, ,0.0,0.0,2,3000,0,0,0,0,0,0
FD,BZE,17.539617,-88.313978,0,BZE,0.0,8.0,282.0,8.0,2,2500,0,0,0,0,0,0
CF,CI07,17.507972,-88.449553,1,IBZE,257.1,9.4,77.0,1.0,2,2500,0,0,0,0,0,0

FINAL,I07-X,07,I,3
IF,CI07,17.507972,-88.449553,IBZE,257.1,9.4,2,2500,0,0,0,0,0,0
CF,FI07,17.522850,-88.381767,0,IBZE,257.1,5.5,77.0,4.1,1,1300,0,0,0,0,2,0
CF,RW07,17.536900,-88.318125,0,IBZE,257.1,1.7,77.0,3.7,1,65,0,0,0,0,3,0
CA,0,77.0,2,1500,0,0,0,0,0,0
DF,BZE,17.539617,-88.313978,2, ,0.0,0.0,1,3000,0,0,0,0,0,0
HM,BZE,17.539617,-88.313978,2, ,0.0,0.0,282.0,04.3,2,3000,0,0,0,0,0,0,0

APPTR,I07-Y,07,BZE
IF,BZE,17.539617,-88.313978, ,0.0,0.0,2,3000,0,0,0,0,0,0
PI,BZE,17.539617,-88.313978,2,BZE,212.0,10.0,257,5.0,2,2500,0,0,0,0,0,0

FINAL,I07-Y,07,I,3
IF,CI07,17.507972,-88.449553,IBZE,257.1,9.4,2,2500,0,0,0,0,0,0
CF,FI07,17.522850,-88.381767,0,IBZE,257.1,5.5,77.0,4.1,1,1300,0,0,0,0,2,0
CF,RW07,17.536900,-88.318125,0,IBZE,257.1,1.7,77.0,3.7,1,65,0,0,0,0,3,0
CA,0,77.0,2,1500,0,0,0,0,0,0
DF,BZE,17.539617,-88.313978,2, ,0.0,0.0,1,3000,0,0,0,0,0,0
HM,BZE,17.539617,-88.313978,2, ,0.0,0.0,257.0,04.3,2,3000,0,0,0,0,0,0,0

APPTR,I07-Z,07,BOKPU
IF,BOKPU,17.492650,-88.518686, ,0.0,0.0,2,3000,0,1,210,0,1,0
TF,EMKUN,17.506900,-88.454103,0,IBZE,0.0,0.0,0.0,0.0,2,2000,0,0,0,0,1,0

APPTR,I07-Z,07,REXIN
IF,REXIN,17.568872,-88.468947, ,0.0,0.0,2,3000,0,1,210,0,1,0
TF,EMKUN,17.506900,-88.454103,0,IBZE,0.0,0.0,0.0,0.0,2,2000,0,0,0,0,1,0

APPTR,I07-Z,07,SELUP
IF,SELUP,17.444925,-88.439269, ,0.0,0.0,2,3000,0,1,210,0,1,0
TF,EMKUN,17.506900,-88.454103,0,IBZE,0.0,0.0,0.0,0.0,2,2000,0,0,0,0,1,0

FINAL,I07-Z,07,I,3
IF,EMKUN,17.506900,-88.454103,IBZE,257.1,9.7,2,2000,0,0,0,0,0,0
CF,BUBOC,17.522275,-88.384417,0,IBZE,257.1,5.6,77.0,4.1,1,1300,0,1,175,0,2,0
CF,RW07,17.536900,-88.318125,0,IBZE,257.1,1.7,77.0,3.9,1,65,0,0,0,0,3,1
CA,0,77.0,2,500,0,1,175,0,0,0
DF,SELUP,17.444925,-88.439269,2, ,0.0,0.0,2,4000,0,1,175,0,0,0

APPTR,R07,07,BOKPU
IF,BOKPU,17.492650,-88.518686, ,0.0,0.0,2,3000,0,1,210,0,1,0
TF,EMKUN,17.506900,-88.454103,0, ,0.0,0.0,0.0,0.0,2,2000,0,0,0,0,1,0

APPTR,R07,07,REXIN
IF,REXIN,17.568872,-88.468947, ,0.0,0.0,2,3000,0,1,210,0,1,0
TF,EMKUN,17.506900,-88.454103,0, ,0.0,0.0,0.0,0.0,2,2000,0,0,0,0,1,0

APPTR,R07,07,SELUP
IF,SELUP,17.444925,-88.439269, ,0.0,0.0,2,3000,0,1,210,0,1,0
TF,EMKUN,17.506900,-88.454103,0, ,0.0,0.0,0.0,0.0,2,2000,0,0,0,0,1,0

FINAL,R07,07,R,3
IF,EMKUN,17.506900,-88.454103, ,0.0,0.0,2,2000,0,0,0,0,0,0
TF,BUBOC,17.522275,-88.384417,0, ,0.0,0.0,77.0,4.1,2,1300,0,1,175,0,2,0
TF,RW07,17.536900,-88.318125,0, ,0.0,0.0,77.0,3.9,1,65,0,0,0,0,3,1
CA,0,77.0,2,500,0,1,175,0,0,0
DF,SELUP,17.444925,-88.439269,2, ,0.0,0.0,2,4000,0,1,210,0,0,0

APPTR,R25,25,COSCO
IF,COSCO,17.602642,-88.018956, ,0.0,0.0,2,4000,0,1,210,0,1,0
TF,BZ25I,17.580269,-88.121008,0, ,0.0,0.0,0.0,0.0,2,2000,0,1,210,0,1,0

APPTR,R25,25,NOREB
IF,NOREB,17.678139,-88.144372, ,0.0,0.0,2,4000,0,1,210,0,1,0
TF,BZ25I,17.580269,-88.121008,0, ,0.0,0.0,0.0,0.0,2,2000,0,1,210,0,1,0

APPTR,R25,25,SINSA
IF,SINSA,17.482397,-88.097669, ,0.0,0.0,2,4000,0,1,210,0,1,0
TF,BZ25I,17.580269,-88.121008,0, ,0.0,0.0,0.0,0.0,2,2000,0,1,210,0,1,0

FINAL,R25,25,R,3
IF,BZ25I,17.580269,-88.121008, ,0.0,0.0,2,2000,0,1,210,0,0,0
TF,BZ25F,17.565639,-88.187614,0, ,0.0,0.0,258.0,3.9,2,2000,0,1,185,0,2,0
TF,RW25,17.542872,-88.291044,0, ,0.0,0.0,258.0,6.1,1,64,0,0,0,0,3,1
CA,0,258.0,2,1000,0,1,185,0,0,0
DF,NOREB,17.678139,-88.144372,2, ,0.0,0.0,2,4000,0,1,210,0,0,0
HM,NOREB,17.678139,-88.144372,2, ,0.0,0.0,168.0,04.3,2,4000,0,1,210,0,0,0,0

APPTR,S07-Y,07,BZE
IF,BZE,17.539617,-88.313978, ,0.0,0.0,2,3000,0,0,0,0,0,0
FC,BZE,17.539617,-88.313978,0,BZE,0.0,0.0,275.0,6.0,2,1600,0,0,0,0,0,1
CF,FS07,17.505250,-88.412303,1,BZE,250.3,6.0,70.0,1.0,2,1600,0,0,0,0,0,0

FINAL,S07-Y,07,D,2
IF,FS07,17.505250,-88.412303,BZE,250.3,6.0,2,1600,0,0,0,0,2,0
CF,RW07,17.536900,-88.318125,0,BZE,236.0,0.3,70.0,5.7,1,65,0,0,0,0,3,0
CF,BZE,17.539617,-88.313978,0,BZE,0.0,0.0,70.0,0.3,0,0,0,0,0,0,0,1
CA,0,70.0,2,1500,0,0,0,0,0,0
CF,BZE,17.539617,-88.313978,2,BZE,0.0,0.0,275.0,3.0,1,3000,0,0,0,0,0,0
HM,BZE,17.539617,-88.313978,2, ,0.0,0.0,275.0,04.3,2,3000,0,0,0,0,0,0,0

APPTR,S25-Y,25,BZE
IF,BZE,17.539617,-88.313978, ,0.0,0.0,2,3000,0,0,0,0,0,0
FD,BZE,17.539617,-88.313978,0,BZE,0.0,6.0,52.0,6.0,2,1600,0,0,0,0,0,0
CF,FF25,17.562175,-88.211989,2,BZE,77.3,6.0,257.0,1.0,2,1600,0,0,0,0,0,0

APPTR,S25-Y,25,BZEH
HF,BZE,17.539617,-88.313978,2, ,0.0,0.0,52.0,04.3,2,3000,0,0,0,0,0,0,0
FD,BZE,17.539617,-88.313978,0,BZE,0.0,6.0,52.0,6.0,2,1600,0,0,0,0,0,0
CF,FF25,17.562175,-88.211989,2,BZE,77.3,6.0,257.0,1.0,2,1600,0,0,0,0,0,0

FINAL,S25-Y,25,D,2
IF,FF25,17.562175,-88.211989,BZE,77.3,6.0,2,1600,0,0,0,0,2,0
CF,RW25,17.542872,-88.291044,0,BZE,81.9,1.3,257.0,4.7,1,64,0,0,0,0,3,0
CF,BZE,17.539617,-88.313978,0,BZE,0.0,0.0,257.0,1.3,0,0,0,0,0,0,0,1
CA,0,257.0,2,1500,0,0,0,0,0,0
CF,BZE,17.539617,-88.313978,1,BZE,0.0,0.0,52.0,3.0,1,3000,0,0,0,0,0,0
HM,BZE,17.539617,-88.313978,2, ,0.0,0.0,52.0,04.3,2,3000,0,0,0,0,0,0,0

