SID,ALPHA,02,1
CA,0,24.0,2,559,0,0,0,0,0,0
VM,0,0,1,260.0,2,2000,0,0,0,0,0,0
DF,NN,-17.654722,177.395833,2, ,0.0,0.0,2,3000,0,0,0,0,0,0

SID,ALPHA,09,1
CA,0,91.0,2,559,0,0,0,0,0,0
CA,2,270.0,2,2000,0,0,0,0,0,0
DF,NN,-17.654722,177.395833,2, ,0.0,0.0,2,3000,0,0,0,0,0,0

SID,ALPHA,20,1
VA,0,204.0,2,2500,0,0,0,0,0,0
DF,NN,-17.654722,177.395833,2, ,0.0,0.0,2,3000,0,0,0,0,0,0

SID,ALPHA,27,1
CA,0,271.0,2,559,0,0,0,0,0,0
CA,0,270.0,2,2000,0,0,0,0,0,0
DF,NN,-17.654722,177.395833,2, ,0.0,0.0,2,3000,0,0,0,0,0,0

SID,ALPHA,KABAR,3
IF,NN,-17.654722,177.395833, ,0.0,0.0,2,3000,0,0,0,0,0,0
TF,KABAR,-16.241667,178.335000,0, ,0.0,0.0,0.0,0.0,0,0,0,0,0,0,0,0

SID,ALPHA,TUTRI,3
IF,NN,-17.654722,177.395833, ,0.0,0.0,2,3000,0,0,0,0,0,0
TF,TUTRI,-16.018333,177.778333,0, ,0.0,0.0,0.0,0.0,0,0,0,0,0,0,0,0

SID,CHARLI,02,1
CA,0,24.0,2,559,0,0,0,0,0,0
VM,0,0,1,260.0,2,2000,0,0,0,0,0,0
DF,NN,-17.654722,177.395833,2, ,0.0,0.0,2,5000,0,0,0,0,0,0

SID,CHARLI,09,1
CA,0,91.0,2,559,0,0,0,0,0,0
CA,2,270.0,2,2000,0,0,0,0,0,0
DF,NN,-17.654722,177.395833,2, ,0.0,0.0,2,5000,0,0,0,0,0,0

SID,CHARLI,20,1
VA,0,204.0,2,2500,0,0,0,0,0,0
DF,NN,-17.654722,177.395833,2, ,0.0,0.0,2,5000,0,0,0,0,0,0

SID,CHARLI,27,1
CA,0,271.0,2,559,0,0,0,0,0,0
CA,0,270.0,2,2000,0,0,0,0,0,0
DF,NN,-17.654722,177.395833,2, ,0.0,0.0,2,5000,0,0,0,0,0,0

SID,CHARLI,BIDAN,3
IF,NN,-17.654722,177.395833, ,0.0,0.0,2,5000,0,0,0,0,0,0
TF,BIDAN,-16.586667,178.733333,0, ,0.0,0.0,0.0,0.0,0,0,0,0,0,0,0,0

SID,CHARLI,EXORA,3
IF,NN,-17.654722,177.395833, ,0.0,0.0,2,5000,0,0,0,0,0,0
TF,EXORA,-17.913333,179.126667,0, ,0.0,0.0,0.0,0.0,0,0,0,0,0,0,0,0

SID,CHARLI,GODAP,3
IF,NN,-17.654722,177.395833, ,0.0,0.0,2,5000,0,0,0,0,0,0
TF,GODAP,-17.213333,179.081667,0, ,0.0,0.0,0.0,0.0,0,0,0,0,0,0,0,0

SID,CHARLI,LUPLO,3
IF,NN,-17.654722,177.395833, ,0.0,0.0,2,5000,0,0,0,0,0,0
TF,LUPLO,-17.345000,179.115000,0, ,0.0,0.0,0.0,0.0,0,0,0,0,0,0,0,0

SID,CHARLI,PACKO,3
IF,NN,-17.654722,177.395833, ,0.0,0.0,2,5000,0,0,0,0,0,0
TF,PACKO,-16.783333,178.888333,0, ,0.0,0.0,0.0,0.0,0,0,0,0,0,0,0,0

SID,DELTA,02,1
CA,0,24.0,2,559,0,0,0,0,0,0
CA,1,260.0,2,2000,0,0,0,0,0,0
DF,VK,-17.784722,177.419500,1, ,0.0,0.0,2,5000,0,0,0,0,0,0

SID,DELTA,09,1
CA,0,91.0,2,559,0,0,0,0,0,0
VM,0,0,2,270.0,2,2000,0,0,0,0,0,0
DF,VK,-17.784722,177.419500,1, ,0.0,0.0,2,5000,0,0,0,0,0,0

SID,DELTA,20,1
VA,0,204.0,2,2500,0,0,0,0,0,0
VM,0,0,0,270.0,0,0,0,0,0,0,0,0
DF,VK,-17.784722,177.419500,2, ,0.0,0.0,2,5000,0,0,0,0,0,0

SID,DELTA,27,1
CA,0,271.0,2,559,0,0,0,0,0,0
CA,0,270.0,2,2000,0,0,0,0,0,0
DF,VK,-17.784722,177.419500,1, ,0.0,0.0,2,5000,0,0,0,0,0,0

SID,DELTA,EXORA,3
IF,VK,-17.784722,177.419500, ,0.0,0.0,2,5000,0,0,0,0,0,0
TF,EXORA,-17.913333,179.126667,0, ,0.0,0.0,0.0,0.0,0,0,0,0,0,0,0,0

SID,DELTA,GODAP,3
IF,VK,-17.784722,177.419500, ,0.0,0.0,2,5000,0,0,0,0,0,0
TF,GODAP,-17.213333,179.081667,0, ,0.0,0.0,0.0,0.0,0,0,0,0,0,0,0,0

SID,DELTA,LUPLO,3
IF,VK,-17.784722,177.419500, ,0.0,0.0,2,5000,0,0,0,0,0,0
TF,LUPLO,-17.345000,179.115000,0, ,0.0,0.0,0.0,0.0,0,0,0,0,0,0,0,0

SID,DELTA,NA,3
IF,VK,-17.784722,177.419500, ,0.0,0.0,2,5000,0,0,0,0,0,0
TF,NA,-18.042306,178.561944,0, ,0.0,0.0,0.0,0.0,0,0,0,0,0,0,0,0

SID,DELTA,NAVUA,3
IF,VK,-17.784722,177.419500, ,0.0,0.0,2,5000,0,0,0,0,0,0
TF,NAVUA,-18.237222,178.168889,0, ,0.0,0.0,0.0,0.0,0,0,0,0,0,0,0,0

SID,ECHO,02,1
CA,0,24.0,2,559,0,0,0,0,0,0
DF,MI,-17.899722,177.325556,1, ,0.0,0.0,2,3000,0,0,0,0,0,0

SID,ECHO,09,1
CA,0,91.0,2,559,0,0,0,0,0,0
DF,MI,-17.899722,177.325556,2, ,0.0,0.0,2,3000,0,0,0,0,0,0

SID,ECHO,20,1
CA,0,204.0,2,560,0,0,0,0,0,0
DF,MI,-17.899722,177.325556,0, ,0.0,0.0,2,3000,0,0,0,0,0,0

SID,ECHO,27,1
CA,0,271.0,2,559,0,0,0,0,0,0
DF,MI,-17.899722,177.325556,0, ,0.0,0.0,2,3000,0,0,0,0,0,0

SID,ECHO,NA,3
FA,MI,-17.899722,177.325556,0,NN,0.0,0.0,115.0,2,4000,0,0,0,0,0,0
DF,NA,-18.042306,178.561944,0, ,0.0,0.0,0,0,0,0,0,0,0,0

SID,ECHO,NAVUA,3
FA,MI,-17.899722,177.325556,0,NN,0.0,0.0,115.0,2,4000,0,0,0,0,0,0
DF,NAVUA,-18.237222,178.168889,0, ,0.0,0.0,0,0,0,0,0,0,0,0

SID,FOXTRO,02,1
CA,0,24.0,2,559,0,0,0,0,0,0
DF,MI,-17.899722,177.325556,1, ,0.0,0.0,2,3000,0,0,0,0,0,0

SID,FOXTRO,09,1
CA,0,91.0,2,559,0,0,0,0,0,0
DF,MI,-17.899722,177.325556,2, ,0.0,0.0,2,3000,0,0,0,0,0,0

SID,FOXTRO,20,1
CA,0,204.0,2,560,0,0,0,0,0,0
DF,MI,-17.899722,177.325556,0, ,0.0,0.0,2,3000,0,0,0,0,0,0

SID,FOXTRO,27,1
CA,0,271.0,2,559,0,0,0,0,0,0
DF,MI,-17.899722,177.325556,0, ,0.0,0.0,2,3000,0,0,0,0,0,0

SID,FOXTRO,ALL,2
IF,MI,-17.899722,177.325556, ,0.0,0.0,2,3000,0,0,0,0,0,0
TF,AGTOS,-19.315897,177.207544,0, ,0.0,0.0,0.0,0.0,0,0,0,0,0,0,0,0

STAR,AGTA1B,20,5
IF,AGTAG,-18.413889,177.310556, ,0.0,0.0,0,0,0,0,0,0,0,0
TF,MOTKI,-17.860642,177.489325,0, ,0.0,0.0,0.0,0.0,2,5000,0,1,230,0,0,0

STAR,KALT1B,BEGIT,4
IF,BEGIT,-17.668889,176.750833, ,0.0,0.0,0,0,0,0,0,0,0,0
TF,KALTA,-17.756556,177.313642,0, ,0.0,0.0,0.0,0.0,0,0,0,0,0,0,0,0

STAR,KALT1B,GUSOS,4
IF,GUSOS,-17.181111,177.086667, ,0.0,0.0,0,0,0,0,0,0,0,0
TF,KALTA,-17.756556,177.313642,0, ,0.0,0.0,0.0,0.0,0,0,0,0,0,0,0,0

STAR,KALT1B,ISMOP,4
IF,ISMOP,-17.381111,176.865556, ,0.0,0.0,0,0,0,0,0,0,0,0
TF,KALTA,-17.756556,177.313642,0, ,0.0,0.0,0.0,0.0,0,0,0,0,0,0,0,0

STAR,KALT1B,PAGBO,4
IF,PAGBO,-17.091389,177.356667, ,0.0,0.0,0,0,0,0,0,0,0,0
TF,KALTA,-17.756556,177.313642,0, ,0.0,0.0,0.0,0.0,0,0,0,0,0,0,0,0

STAR,KALT1B,20,5
IF,KALTA,-17.756556,177.313642, ,0.0,0.0,0,0,0,0,0,0,0,0
TF,LAREB,-17.842497,177.429833,0, ,0.0,0.0,0.0,0.0,0,0,0,0,0,0,0,0
TF,MOTKI,-17.860642,177.489325,0, ,0.0,0.0,0.0,0.0,2,5000,0,1,230,0,0,0

STAR,MIKA1B,AGUTA,4
IF,AGUTA,-17.924167,176.766667, ,0.0,0.0,0,0,0,0,0,0,0,0
TF,MIKAX,-17.954606,177.282467,0, ,0.0,0.0,0.0,0.0,0,0,0,0,0,0,0,0

STAR,MIKA1B,TUTMU,4
IF,TUTMU,-18.097778,176.841667, ,0.0,0.0,0,0,0,0,0,0,0,0
TF,MIKAX,-17.954606,177.282467,0, ,0.0,0.0,0.0,0.0,0,0,0,0,0,0,0,0

STAR,MIKA1B,VIBEX,4
IF,VIBEX,-18.245833,176.965833, ,0.0,0.0,0,0,0,0,0,0,0,0
TF,MIKAX,-17.954606,177.282467,0, ,0.0,0.0,0.0,0.0,0,0,0,0,0,0,0,0

STAR,MIKA1B,20,5
IF,MIKAX,-17.954606,177.282467, ,0.0,0.0,0,0,0,0,0,0,0,0
TF,MOTKI,-17.860642,177.489325,0, ,0.0,0.0,0.0,0.0,2,5000,0,1,230,0,0,0

STAR,TEDU1B,BEDOK,4
IF,BEDOK,-17.240833,177.917222, ,0.0,0.0,0,0,0,0,0,0,0,0
TF,TEDUM,-17.654672,177.395756,0, ,0.0,0.0,0.0,0.0,0,0,0,0,0,0,0,0

STAR,TEDU1B,KALPO,4
IF,KALPO,-17.148056,177.734444, ,0.0,0.0,0,0,0,0,0,0,0,0
TF,TEDUM,-17.654672,177.395756,0, ,0.0,0.0,0.0,0.0,0,0,0,0,0,0,0,0

STAR,TEDU1B,TARON,4
IF,TARON,-17.091944,177.528056, ,0.0,0.0,0,0,0,0,0,0,0,0
TF,TEDUM,-17.654672,177.395756,0, ,0.0,0.0,0.0,0.0,0,0,0,0,0,0,0,0

STAR,TEDU1B,20,5
IF,TEDUM,-17.654672,177.395756, ,0.0,0.0,0,0,0,0,0,0,0,0
TF,KALTA,-17.756556,177.313642,0, ,0.0,0.0,0.0,0.0,0,0,0,0,0,0,0,0
TF,LAREB,-17.842497,177.429833,0, ,0.0,0.0,0.0,0.0,0,0,0,0,0,0,0,0
TF,MOTKI,-17.860642,177.489325,0, ,0.0,0.0,0.0,0.0,2,5000,0,1,230,0,0,0

APPTR,L02,02,NN
FD,NN,-17.654722,177.395833,0,NN,0.0,17.0,205.0,17.0,0,0,0,0,0,0,0,0
CF,MI,-17.899722,177.325556,1,IFN,204.9,11.5,25.0,3.0,2,3000,0,0,0,0,0,0

APPTR,L02,02,VK1
IF,VK,-17.784722,177.419500, ,0.0,0.0,2,5000,0,0,0,0,1,0
TF,MI,-17.899722,177.325556,0, ,0.0,0.0,0.0,0.0,2,3000,0,0,0,0,0,0
FC,MI,-17.899722,177.325556,0,NN,0.0,0.0,250.0,4.4,2,3000,0,0,0,0,0,1
CF,MI,-17.899722,177.325556,1,IFN,204.9,11.5,25.0,4.5,2,3000,0,0,0,0,0,0

APPTR,L02,02,VK2
IF,VK,-17.784722,177.419500, ,0.0,0.0,2,5000,0,0,0,0,1,0
FC,VK,-17.784722,177.419500,0,NN,0.0,0.0,225.0,9.0,2,3000,0,0,0,0,0,1
CF,MI,-17.899722,177.325556,1,IFN,204.9,11.5,25.0,1.0,2,3000,0,0,0,0,0,0

FINAL,L02,02,D,4
IF,MI,-17.899722,177.325556,IFN,204.9,11.5,2,3000,0,0,0,0,0,0
CF,FF02,-17.836931,177.377467,0,IFN,204.6,6.7,25.0,4.8,2,1200,0,0,0,0,2,0
CF,30LOC,-17.810433,177.398811,0,IFN,204.6,4.7,25.0,2.0,2,840,0,0,0,0,0,0
CF,MA02,-17.783936,177.420150,0,IFN,204.6,2.7,25.0,2.0,1,347,0,0,0,0,3,0
VA,1,260.0,2,3000,0,1,185,0,0,0

APPTR,N02-Y,02,NN
IF,NN,-17.654722,177.395833, ,0.0,0.0,0,0,0,0,0,0,0,0
TF,D204N,-17.845789,177.250842,0, ,0.0,0.0,0.0,0.0,0,0,0,0,0,0,0,1
CF,MI,-17.899722,177.325556,1,NN,183.4,15.2,24.0,1.0,2,3000,0,0,0,0,0,0

APPTR,N02-Y,02,VK1
IF,VK,-17.784722,177.419500, ,0.0,0.0,2,5000,0,0,0,0,1,0
TF,MI,-17.899722,177.325556,0, ,0.0,0.0,0.0,0.0,2,3000,0,0,0,0,0,0
FC,MI,-17.899722,177.325556,0,NN,0.0,0.0,249.0,4.4,2,3000,0,0,0,0,0,1
CF,MI,-17.899722,177.325556,1,NN,183.4,15.2,24.0,4.0,2,3000,0,0,0,0,0,0

APPTR,N02-Y,02,VK2
IF,VK,-17.784722,177.419500, ,0.0,0.0,2,5000,0,0,0,0,1,0
FC,VK,-17.784722,177.419500,0,NN,0.0,0.0,224.0,9.0,2,3000,0,0,0,0,0,1
CF,MI,-17.899722,177.325556,1,NN,183.4,15.2,24.0,1.0,2,3000,0,0,0,0,0,0

FINAL,N02-Y,02,N,3
IF,MI,-17.899722,177.325556,VK,0.0,0.0,2,3000,0,0,0,0,0,0
CF,AL,-17.825556,177.386944,0,VK,0.0,0.0,24.0,5.7,2,1335,0,0,0,0,2,0
CF,VK,-17.784722,177.419500,0,VK,0.0,0.0,24.0,3.1,1,366,0,0,0,0,3,0
CA,0,24.0,2,560,0,0,0,0,0,0
VA,1,259.0,2,3000,0,1,230,0,0,0
DF,MI,-17.899722,177.325556,1, ,0.0,0.0,0,0,0,0,0,0,0,0

APPTR,N02-Z,02,AL1
IF,AL,-17.825556,177.386944, ,0.0,0.0,2,4000,0,0,0,0,1,0
FC,AL,-17.825556,177.386944,0,NN,0.0,0.0,224.0,7.0,0,0,0,0,0,0,0,1
CF,FN02,-17.895078,177.332219,1,NN,182.2,14.8,24.0,2.0,2,3000,0,0,0,0,0,0

APPTR,N02-Z,02,AL2
IF,AL,-17.825556,177.386944, ,0.0,0.0,2,4000,0,0,0,0,1,0
FC,AL,-17.825556,177.386944,0,NN,0.0,0.0,224.0,7.0,0,0,0,0,0,0,0,1
CF,FN02,-17.895078,177.332219,1,NN,182.2,14.8,24.0,2.0,2,3000,0,0,0,0,0,0

APPTR,N02-Z,02,NN
IF,NN,-17.654722,177.395833, ,0.0,0.0,0,0,0,0,0,0,0,0
TF,D204N,-17.845789,177.250842,0, ,0.0,0.0,0.0,0.0,0,0,0,0,0,0,0,1
CF,FN02,-17.895078,177.332219,1,NN,182.2,14.8,24.0,1.0,2,3000,0,0,0,0,0,0

FINAL,N02-Z,02,N,2
IF,FN02,-17.895078,177.332219,AL,0.0,0.0,2,3000,0,0,0,0,2,0
CF,AL,-17.825556,177.386944,0,AL,0.0,0.0,24.0,5.2,1,1344,0,0,0,0,3,0
VA,1,259.0,2,4500,0,0,0,0,0,0
DF,AL,-17.825556,177.386944,1, ,0.0,0.0,0,0,0,0,0,0,0,0

APPTR,R02,02,FNNSD
IF,FNNSD,-17.987778,177.368486, ,0.0,0.0,2,4700,0,1,220,0,1,0
TF,FNNSI,-17.918697,177.319172,0, ,0.0,0.0,0.0,0.0,2,3500,0,0,0,0,1,0

APPTR,R02,02,FNNSE
IF,FNNSE,-17.986636,177.268158, ,0.0,0.0,2,4700,0,1,220,0,1,0
TF,FNNSI,-17.918697,177.319172,0, ,0.0,0.0,0.0,0.0,2,3500,0,0,0,0,1,0

APPTR,R02,02,FNNSG
IF,FNNSG,-17.896089,177.235033, ,0.0,0.0,2,4700,0,1,220,0,1,0
TF,FNNSI,-17.918697,177.319172,0, ,0.0,0.0,0.0,0.0,2,3500,0,0,0,0,1,0

FINAL,R02,02,R,3
IF,FNNSI,-17.918697,177.319172, ,0.0,0.0,2,3500,0,0,0,0,0,0
TF,FNNSF,-17.850744,177.370147,0, ,0.0,0.0,23.0,5.0,2,1910,0,0,0,0,2,0
TF,FNNSM,-17.782778,177.421083,0, ,0.0,0.0,23.0,5.0,1,318,0,0,0,0,3,1
DF,FNNSH,-17.750000,177.250000,1, ,0.0,0.0,0,0,0,1,190,0,0,0
CA,0,205.0,2,3400,0,0,0,0,0,0

APPTR,R02-R,02,D087L
IF,D087L,-17.686025,177.602736, ,0.0,0.0,2,5100,0,0,0,0,1,0
AF,D024L,-17.492228,177.518831,1,NN,24.0,12.0,87.0,2,5100,0,0,0,0,0,0
TF,CF204,-17.519317,177.498347,0, ,0.0,0.0,0.0,0.0,2,5100,0,0,0,0,0,0

APPTR,R02-R,02,D347L
IF,D347L,-17.453947,177.392181, ,0.0,0.0,2,5100,0,0,0,0,1,0
AF,D024L,-17.492228,177.518831,2,NN,24.0,12.0,347.0,2,5100,0,0,0,0,0,0
TF,CF204,-17.519317,177.498347,0, ,0.0,0.0,0.0,0.0,2,5100,0,0,0,0,0,0

APPTR,R02-R,02,NN
IF,NN,-17.654722,177.395833, ,0.0,0.0,1,5000,0,0,0,0,1,0
FC,NN,-17.654722,177.395833,0,NN,0.0,0.0,4.0,10.0,0,0,0,0,0,0,0,1
CF,CF204,-17.519317,177.498347,2,NN,24.0,10.0,204.0,1.0,1,5000,0,0,0,0,0,0

FINAL,R02-R,02,R,4
IF,CF204,-17.519317,177.498347,NN,24.0,10.0,2,5000,0,0,0,0,0,0
CF,FF204,-17.627644,177.416347,0,NN,24.0,2.0,204.0,8.0,2,2700,0,0,0,0,2,0
CF,NN,-17.654722,177.395833,0,NN,0.0,0.0,204.0,2.0,2,2060,0,0,0,0,0,0
CF,MA204,-17.722403,177.344517,0,NN,204.0,5.0,204.0,5.0,1,1100,0,0,0,0,3,0
CA,0,204.0,2,3000,0,0,0,0,0,0

APPTR,R09,09,FNNWA
IF,FNNWA,-17.777931,177.202881, ,0.0,0.0,2,3400,0,1,220,0,1,0
TF,FNNWI,-17.708661,177.251850,0, ,0.0,0.0,0.0,0.0,2,3400,0,0,0,0,1,0

APPTR,R09,09,FNNWB
IF,FNNWB,-17.688250,177.167197, ,0.0,0.0,2,3400,0,1,220,0,1,0
TF,FNNWI,-17.708661,177.251850,0, ,0.0,0.0,0.0,0.0,2,3400,0,0,0,0,1,0

APPTR,R09,09,FNNWC
IF,FNNWC,-17.625436,177.242892, ,0.0,0.0,2,3400,0,1,220,0,1,0
TF,FNNWI,-17.708661,177.251850,0, ,0.0,0.0,0.0,0.0,2,3400,0,0,0,0,1,0

FINAL,R09,09,R,3
IF,FNNWI,-17.708661,177.251850, ,0.0,0.0,2,3400,0,0,0,0,0,0
TF,FNNWF,-17.729072,177.336511,0, ,0.0,0.0,91.0,5.0,2,1940,0,0,0,0,2,0
TF,FNNWM,-17.749483,177.421183,0, ,0.0,0.0,91.0,5.0,1,348,0,0,0,0,3,1
DF,FNNWH,-17.833333,177.333333,2, ,0.0,0.0,0,0,0,1,200,0,0,0
CA,0,252.0,2,3400,0,0,0,0,0,0

APPTR,R09-R,09,D087L
IF,D087L,-17.686025,177.602736, ,0.0,0.0,2,5100,0,0,0,0,1,0
AF,D024L,-17.492228,177.518831,1,NN,24.0,12.0,87.0,2,5100,0,0,0,0,0,0
TF,CF204,-17.519317,177.498347,0, ,0.0,0.0,0.0,0.0,2,5100,0,0,0,0,0,0

APPTR,R09-R,09,D347L
IF,D347L,-17.453947,177.392181, ,0.0,0.0,2,5100,0,0,0,0,1,0
AF,D024L,-17.492228,177.518831,2,NN,24.0,12.0,347.0,2,5100,0,0,0,0,0,0
TF,CF204,-17.519317,177.498347,0, ,0.0,0.0,0.0,0.0,2,5100,0,0,0,0,0,0

APPTR,R09-R,09,NN
IF,NN,-17.654722,177.395833, ,0.0,0.0,1,5000,0,0,0,0,1,0
FC,NN,-17.654722,177.395833,0,NN,0.0,0.0,4.0,10.0,0,0,0,0,0,0,0,1
CF,CF204,-17.519317,177.498347,2,NN,24.0,10.0,204.0,1.0,1,5000,0,0,0,0,0,0

FINAL,R09-R,09,R,4
IF,CF204,-17.519317,177.498347,NN,24.0,10.0,2,5000,0,0,0,0,0,0
CF,FF204,-17.627644,177.416347,0,NN,24.0,2.0,204.0,8.0,2,2700,0,0,0,0,2,0
CF,NN,-17.654722,177.395833,0,NN,0.0,0.0,204.0,2.0,2,2060,0,0,0,0,0,0
CF,MA204,-17.722403,177.344517,0,NN,204.0,5.0,204.0,5.0,1,1100,0,0,0,0,3,0
CA,0,204.0,2,3000,0,0,0,0,0,0

APPTR,R20,20,MOTKI
IF,MOTKI,-17.860642,177.489325, ,0.0,0.0,2,5000,0,1,230,0,1,0
TF,FN601,-17.800236,177.537944,0, ,0.0,0.0,0.0,0.0,2,3580,0,1,210,0,1,0

FINAL,R20,20,R,5
IF,FN601,-17.800236,177.537944, ,0.0,0.0,2,3580,0,1,210,0,0,0
RF,FN424,-17.765450,177.550494,1,FN010,303.3,3.5,2,2870,0,0,0,0,0,0
RF,NOKEV,-17.712550,177.496289,1,FN020,231.6,3.1,1,1300,0,1,170,0,2,0
RF,FN818,-17.726442,177.466450,1,FN030,205.1,2.1,1,670,0,0,0,0,0,0
TF,RW20,-17.749881,177.447578,0, ,0.0,0.0,205.0,1.8,1,110,0,0,0,0,3,1
TF,MIKAX,-17.954606,177.282467,0, ,0.0,0.0,0.0,0.0,1,3000,0,0,0,0,0,0
HM,MIKAX,-17.954606,177.282467,1, ,0.0,0.0,25.0,04.3,2,3000,0,0,0,0,0,0,0

APPTR,R20-R,20,D087L
IF,D087L,-17.686025,177.602736, ,0.0,0.0,2,5100,0,0,0,0,1,0
AF,D024L,-17.492228,177.518831,1,NN,24.0,12.0,87.0,2,5100,0,0,0,0,0,0
TF,CF204,-17.519317,177.498347,0, ,0.0,0.0,0.0,0.0,2,5100,0,0,0,0,0,0

APPTR,R20-R,20,D347L
IF,D347L,-17.453947,177.392181, ,0.0,0.0,2,5100,0,0,0,0,1,0
AF,D024L,-17.492228,177.518831,2,NN,24.0,12.0,347.0,2,5100,0,0,0,0,0,0
TF,CF204,-17.519317,177.498347,0, ,0.0,0.0,0.0,0.0,2,5100,0,0,0,0,0,0

APPTR,R20-R,20,NN
IF,NN,-17.654722,177.395833, ,0.0,0.0,1,5000,0,0,0,0,1,0
FC,NN,-17.654722,177.395833,0,NN,0.0,0.0,4.0,10.0,0,0,0,0,0,0,0,1
CF,CF204,-17.519317,177.498347,2,NN,24.0,10.0,204.0,1.0,1,5000,0,0,0,0,0,0

FINAL,R20-R,20,R,4
IF,CF204,-17.519317,177.498347,NN,24.0,10.0,2,5000,0,0,0,0,0,0
CF,FF204,-17.627644,177.416347,0,NN,24.0,2.0,204.0,8.0,2,2700,0,0,0,0,2,0
CF,NN,-17.654722,177.395833,0,NN,0.0,0.0,204.0,2.0,2,2060,0,0,0,0,0,0
CF,MA204,-17.722403,177.344517,0,NN,204.0,5.0,204.0,5.0,1,1100,0,0,0,0,3,0
CA,0,204.0,2,3000,0,0,0,0,0,0

APPTR,R27-R,27,D087L
IF,D087L,-17.686025,177.602736, ,0.0,0.0,2,5100,0,0,0,0,1,0
AF,D024L,-17.492228,177.518831,1,NN,24.0,12.0,87.0,2,5100,0,0,0,0,0,0
TF,CF204,-17.519317,177.498347,0, ,0.0,0.0,0.0,0.0,2,5100,0,0,0,0,0,0

APPTR,R27-R,27,D347L
IF,D347L,-17.453947,177.392181, ,0.0,0.0,2,5100,0,0,0,0,1,0
AF,D024L,-17.492228,177.518831,2,NN,24.0,12.0,347.0,2,5100,0,0,0,0,0,0
TF,CF204,-17.519317,177.498347,0, ,0.0,0.0,0.0,0.0,2,5100,0,0,0,0,0,0

APPTR,R27-R,27,NN
IF,NN,-17.654722,177.395833, ,0.0,0.0,1,5000,0,0,0,0,1,0
FC,NN,-17.654722,177.395833,0,NN,0.0,0.0,4.0,10.0,0,0,0,0,0,0,0,1
CF,CF204,-17.519317,177.498347,2,NN,24.0,10.0,204.0,1.0,1,5000,0,0,0,0,0,0

FINAL,R27-R,27,R,4
IF,CF204,-17.519317,177.498347,NN,24.0,10.0,2,5000,0,0,0,0,0,0
CF,FF204,-17.627644,177.416347,0,NN,24.0,2.0,204.0,8.0,2,2700,0,0,0,0,2,0
CF,NN,-17.654722,177.395833,0,NN,0.0,0.0,204.0,2.0,2,2060,0,0,0,0,0,0
CF,MA204,-17.722403,177.344517,0,NN,204.0,5.0,204.0,5.0,1,1100,0,0,0,0,3,0
CA,0,204.0,2,3000,0,0,0,0,0,0

