SID,BINEG1,31,5
DF,DER31,-16.463764,179.336786,0, ,0.0,0.0,0,0,0,0,0,0,0,1
CF,ANGET,-16.369147,179.303039,0,LB,335.1,3.0,329.0,6.0,0,0,0,0,0,0,0,1
CA,0,329.0,2,2500,0,0,0,0,0,0
DF,BINEG,-16.388367,179.209042,1, ,0.0,0.0,0,0,0,1,140,0,0,0

SID,BINEG1,BATIA,6
IF,BINEG,-16.388367,179.209042, ,0.0,0.0,0,0,0,0,0,0,0,0
TF,BATIA,-16.459444,179.103611,0, ,0.0,0.0,0.0,0.0,0,0,0,0,0,0,0,0

SID,BINEG1,NABAT,6
IF,BINEG,-16.388367,179.209042, ,0.0,0.0,0,0,0,0,0,0,0,0
TF,NABAT,-16.558611,179.090278,0, ,0.0,0.0,0.0,0.0,0,0,0,0,0,0,0,0

APPTR,D13,13,D216J
IF,D216J,-16.530142,179.185794, ,0.0,0.0,2,3400,0,0,0,0,1,0
AF,D276J,-16.366417,179.149861,2,LB,276.0,10.0,216.0,2,3400,0,0,0,0,0,0
AF,D322J,-16.267764,179.238772,2,LB,322.0,10.0,276.0,2,2000,0,0,0,0,0,0
CF,FF13,-16.372700,179.291742,0,LB,322.0,3.0,142.0,7.0,2,2000,0,0,0,0,0,0

APPTR,D13,13,D348J
IF,D348J,-16.250842,179.314728, ,0.0,0.0,2,3400,0,0,0,0,1,0
AF,D322J,-16.267764,179.238772,1,LB,322.0,10.0,348.0,2,2000,0,0,0,0,0,0
CF,FF13,-16.372700,179.291742,0,LB,322.0,3.0,142.0,7.0,2,2000,0,0,0,0,0,0

APPTR,D13,13,LB
IF,LB,-16.418333,179.314722, ,0.0,0.0,2,4500,0,0,0,0,1,0
FC,LB,-16.418333,179.314722,0,LB,0.0,0.0,342.0,9.0,0,0,0,0,0,0,0,1
CF,FF13,-16.372700,179.291742,1,LB,322.0,3.0,142.0,6.0,2,2000,0,0,0,0,0,0

FINAL,D13,13,D,2
IF,FF13,-16.372700,179.291742,LB,322.0,3.0,2,2000,0,0,0,0,2,0
CF,MA13,-16.433242,179.322328,0,LB,142.0,0.0,142.0,4.0,1,720,0,0,0,0,3,0
VI,1, ,0.0,297.0,0,0,0,1,130,0,0,0
FM,LB,-16.418333,179.314722,0,LB,0.0,0.0,342.0,2,4500,0,0,0,0,0,0

APPTR,R13,13,IGLUN
IF,IGLUN,-16.372344,179.167656, ,0.0,0.0,0,0,0,0,0,0,1,0
TF,KALEL,-16.325325,179.239344,0, ,0.0,0.0,0.0,0.0,2,2500,0,0,0,0,1,0

APPTR,R13,13,KALEL
HF,KALEL,-16.325325,179.239344,2, ,0.0,0.0,134.0,04.3,2,2500,0,0,0,0,1,0,0

APPTR,R13,13,LURDU
IF,LURDU,-16.278278,179.310997, ,0.0,0.0,0,0,0,0,0,0,1,0
TF,KALEL,-16.325325,179.239344,0, ,0.0,0.0,0.0,0.0,2,2500,0,0,0,0,1,0

FINAL,R13,13,R,3
IF,KALEL,-16.325325,179.239344, ,0.0,0.0,2,2500,0,0,0,0,0,0
TF,NL483,-16.394550,179.288053,0, ,0.0,0.0,134.0,5.0,2,1670,0,0,0,0,2,0
TF,NL436,-16.449922,179.327042,0, ,0.0,0.0,134.0,4.0,1,388,0,0,0,0,3,1
DF,KALEL,-16.325325,179.239344,1, ,0.0,0.0,2,2500,0,1,130,0,0,0

