APPTR,D05-A,05,CELIM
IF,CELIM,-14.358714,-170.538694, ,0.0,0.0,0,0,0,0,0,0,1,0
AF,OLIVE,-14.416231,-170.857011,2,TUT,228.0,10.0,87.0,2,2200,0,0,0,0,1,0

APPTR,D05-A,05,SETTS
IF,SETTS,-14.435808,-171.034978, ,0.0,0.0,0,0,0,0,0,0,1,0
TF,WANUL,-14.461300,-170.937258,0, ,0.0,0.0,0.0,0.0,2,2200,0,0,0,0,0,0
TF,OLIVE,-14.416231,-170.857011,0, ,0.0,0.0,0.0,0.0,2,2200,0,0,0,0,1,0

APPTR,D05-A,05,TUT
IF,TUT,-14.332589,-170.708278, ,0.0,0.0,0,0,0,0,0,0,0,0
TF,APRAN,-14.365222,-170.766269,0, ,0.0,0.0,0.0,0.0,2,3600,0,0,0,0,0,0
PI,APRAN,-14.365222,-170.766269,2,TUT,183.0,10.0,228,5.0,2,2800,0,0,0,0,1,0

FINAL,D05-A,05,D,4
IF,OLIVE,-14.416231,-170.857011,TUT,228.0,10.0,2,2200,0,0,0,0,0,0
CF,APRAN,-14.365222,-170.766269,0,TUT,228.0,3.9,48.0,6.1,2,1500,0,0,0,0,2,0
CF,HUPLI,-14.351000,-170.740989,0,TUT,228.0,2.2,48.0,1.7,2,960,0,0,0,0,0,0
CF,TUYOS,-14.341725,-170.724511,0,TUT,228.0,1.1,48.0,1.1,1,700,0,0,0,0,3,0
CF,PITTI,-14.496314,-170.743997,2,TUT,180.0,10.0,180.0,10.0,2,3000,0,0,0,0,0,0
HM,PITTI,-14.496314,-170.743997,2, ,0.0,0.0,360.0,04,0,0,0,0,0,0,0,0,0

APPTR,D08-A,08,CELIM
IF,CELIM,-14.358714,-170.538694, ,0.0,0.0,0,0,0,0,0,0,1,0
AF,OLIVE,-14.416231,-170.857011,2,TUT,228.0,10.0,87.0,2,2200,0,0,0,0,1,0

APPTR,D08-A,08,SETTS
IF,SETTS,-14.435808,-171.034978, ,0.0,0.0,0,0,0,0,0,0,1,0
TF,WANUL,-14.461300,-170.937258,0, ,0.0,0.0,0.0,0.0,2,2200,0,0,0,0,0,0
TF,OLIVE,-14.416231,-170.857011,0, ,0.0,0.0,0.0,0.0,2,2200,0,0,0,0,1,0

APPTR,D08-A,08,TUT
IF,TUT,-14.332589,-170.708278, ,0.0,0.0,0,0,0,0,0,0,0,0
TF,APRAN,-14.365222,-170.766269,0, ,0.0,0.0,0.0,0.0,2,3600,0,0,0,0,0,0
PI,APRAN,-14.365222,-170.766269,2,TUT,183.0,10.0,228,5.0,2,2800,0,0,0,0,1,0

FINAL,D08-A,08,D,4
IF,OLIVE,-14.416231,-170.857011,TUT,228.0,10.0,2,2200,0,0,0,0,0,0
CF,APRAN,-14.365222,-170.766269,0,TUT,228.0,3.9,48.0,6.1,2,1500,0,0,0,0,2,0
CF,HUPLI,-14.351000,-170.740989,0,TUT,228.0,2.2,48.0,1.7,2,960,0,0,0,0,0,0
CF,TUYOS,-14.341725,-170.724511,0,TUT,228.0,1.1,48.0,1.1,1,700,0,0,0,0,3,0
CF,PITTI,-14.496314,-170.743997,2,TUT,180.0,10.0,180.0,10.0,2,3000,0,0,0,0,0,0
HM,PITTI,-14.496314,-170.743997,2, ,0.0,0.0,360.0,04,0,0,0,0,0,0,0,0,0

APPTR,D23-A,23,CELIM
IF,CELIM,-14.358714,-170.538694, ,0.0,0.0,0,0,0,0,0,0,1,0
AF,OLIVE,-14.416231,-170.857011,2,TUT,228.0,10.0,87.0,2,2200,0,0,0,0,1,0

APPTR,D23-A,23,SETTS
IF,SETTS,-14.435808,-171.034978, ,0.0,0.0,0,0,0,0,0,0,1,0
TF,WANUL,-14.461300,-170.937258,0, ,0.0,0.0,0.0,0.0,2,2200,0,0,0,0,0,0
TF,OLIVE,-14.416231,-170.857011,0, ,0.0,0.0,0.0,0.0,2,2200,0,0,0,0,1,0

APPTR,D23-A,23,TUT
IF,TUT,-14.332589,-170.708278, ,0.0,0.0,0,0,0,0,0,0,0,0
TF,APRAN,-14.365222,-170.766269,0, ,0.0,0.0,0.0,0.0,2,3600,0,0,0,0,0,0
PI,APRAN,-14.365222,-170.766269,2,TUT,183.0,10.0,228,5.0,2,2800,0,0,0,0,1,0

FINAL,D23-A,23,D,4
IF,OLIVE,-14.416231,-170.857011,TUT,228.0,10.0,2,2200,0,0,0,0,0,0
CF,APRAN,-14.365222,-170.766269,0,TUT,228.0,3.9,48.0,6.1,2,1500,0,0,0,0,2,0
CF,HUPLI,-14.351000,-170.740989,0,TUT,228.0,2.2,48.0,1.7,2,960,0,0,0,0,0,0
CF,TUYOS,-14.341725,-170.724511,0,TUT,228.0,1.1,48.0,1.1,1,700,0,0,0,0,3,0
CF,PITTI,-14.496314,-170.743997,2,TUT,180.0,10.0,180.0,10.0,2,3000,0,0,0,0,0,0
HM,PITTI,-14.496314,-170.743997,2, ,0.0,0.0,360.0,04,0,0,0,0,0,0,0,0,0

APPTR,D26-A,26,CELIM
IF,CELIM,-14.358714,-170.538694, ,0.0,0.0,0,0,0,0,0,0,1,0
AF,OLIVE,-14.416231,-170.857011,2,TUT,228.0,10.0,87.0,2,2200,0,0,0,0,1,0

APPTR,D26-A,26,SETTS
IF,SETTS,-14.435808,-171.034978, ,0.0,0.0,0,0,0,0,0,0,1,0
TF,WANUL,-14.461300,-170.937258,0, ,0.0,0.0,0.0,0.0,2,2200,0,0,0,0,0,0
TF,OLIVE,-14.416231,-170.857011,0, ,0.0,0.0,0.0,0.0,2,2200,0,0,0,0,1,0

APPTR,D26-A,26,TUT
IF,TUT,-14.332589,-170.708278, ,0.0,0.0,0,0,0,0,0,0,0,0
TF,APRAN,-14.365222,-170.766269,0, ,0.0,0.0,0.0,0.0,2,3600,0,0,0,0,0,0
PI,APRAN,-14.365222,-170.766269,2,TUT,183.0,10.0,228,5.0,2,2800,0,0,0,0,1,0

FINAL,D26-A,26,D,4
IF,OLIVE,-14.416231,-170.857011,TUT,228.0,10.0,2,2200,0,0,0,0,0,0
CF,APRAN,-14.365222,-170.766269,0,TUT,228.0,3.9,48.0,6.1,2,1500,0,0,0,0,2,0
CF,HUPLI,-14.351000,-170.740989,0,TUT,228.0,2.2,48.0,1.7,2,960,0,0,0,0,0,0
CF,TUYOS,-14.341725,-170.724511,0,TUT,228.0,1.1,48.0,1.1,1,700,0,0,0,0,3,0
CF,PITTI,-14.496314,-170.743997,2,TUT,180.0,10.0,180.0,10.0,2,3000,0,0,0,0,0,0
HM,PITTI,-14.496314,-170.743997,2, ,0.0,0.0,360.0,04,0,0,0,0,0,0,0,0,0

APPTR,I05,05,DRAWN
FC,DRAWN,-14.630600,-170.899581,0,TUT,0.0,0.0,317.0,9.5,2,3700,0,0,0,0,1,0
CF,GRUPY,-14.451922,-170.912114,0,ITUT,226.6,14.2,46.0,4.9,2,3700,0,0,0,0,1,0

APPTR,I05,05,SETTS
FC,SETTS,-14.435808,-171.034978,0,TUT,0.0,0.0,107.0,5.2,2,3700,0,0,0,0,1,0
CF,GRUPY,-14.451922,-170.912114,0,ITUT,226.6,14.2,46.0,3.0,2,3700,0,0,0,0,1,0

APPTR,I05,05,TUTN
IF,TUT,-14.332139,-170.719500, ,0.0,0.0,0,0,0,0,0,0,0,0
TF,BLUJA,-14.395150,-170.816922,0, ,0.0,0.0,0.0,0.0,2,3700,0,0,0,0,0,0
PI,BLUJA,-14.395150,-170.816922,2,TUT,181.0,10.0,226,5.0,2,2500,0,0,0,0,1,0

APPTR,I05,05,TUTV
IF,TUT,-14.332589,-170.708278, ,0.0,0.0,0,0,0,0,0,0,0,0
TF,BLUJA,-14.395150,-170.816922,0, ,0.0,0.0,0.0,0.0,2,3700,0,0,0,0,0,0
PI,BLUJA,-14.395150,-170.816922,2,TUT,181.0,10.0,226,5.0,2,2500,0,0,0,0,1,0

FINAL,I05,05,I,3
IF,GRUPY,-14.451922,-170.912114,ITUT,226.5,14.2,2,3700,0,0,0,0,0,0
CF,BLUJA,-14.395150,-170.816922,0,ITUT,226.5,7.7,46.0,6.5,1,2300,0,0,0,0,2,0
CF,RW05,-14.339133,-170.722783,0,ITUT,226.0,1.3,46.0,6.4,1,84,0,0,0,0,3,0
CA,0,46.0,2,1100,0,0,0,0,0,0
CF,CELIM,-14.358714,-170.538694,0,TUT,87.0,10.0,87.0,10.0,2,3000,0,0,0,0,0,0
HM,CELIM,-14.358714,-170.538694,2, ,0.0,0.0,267.0,04.3,0,0,0,0,0,0,0,0,0

APPTR,N05-C,05,TUT1
IF,TUT,-14.332139,-170.719500, ,0.0,0.0,0,0,0,0,0,0,0,0
TF,LOG,-14.353750,-170.748944,0, ,0.0,0.0,0.0,0.0,2,4000,0,0,0,0,0,0
PI,LOG,-14.353750,-170.748944,2,TUT,183.0,10.0,228,5.0,2,2500,0,0,0,0,1,0
CF,LOG,-14.353750,-170.748944,0,TUT,229.9,2.7,48.0,8.0,2,1100,0,0,0,0,0,0

APPTR,N05-C,05,TUT2
IF,TUT,-14.332589,-170.708278, ,0.0,0.0,0,0,0,0,0,0,0,0
TF,LOG,-14.353750,-170.748944,0, ,0.0,0.0,0.0,0.0,2,4000,0,0,0,0,0,0
PI,LOG,-14.353750,-170.748944,2,TUT,183.0,10.0,228,5.0,2,2500,0,0,0,0,1,0
CF,LOG,-14.353750,-170.748944,0,TUT,229.9,2.7,48.0,8.0,2,1100,0,0,0,0,0,0

FINAL,N05-C,05,N,2
IF,LOG,-14.353750,-170.748944,LOG,0.0,0.0,2,1100,0,0,0,0,2,0
CF,MA048,-14.345378,-170.734075,0,LOG,0.0,0.0,48.0,1.0,1,760,0,0,0,0,3,0
VI,2, ,0.0,210.0,0,0,0,0,0,0,0,0
FA,LOG,-14.353750,-170.748944,0,TUT,0.0,0.0,180.0,2,4000,0,0,0,0,0,0
DF,LOG,-14.353750,-170.748944,0, ,0.0,0.0,0,0,0,0,0,0,0,0
HM,LOG,-14.353750,-170.748944,2, ,0.0,0.0,48.0,04.3,0,0,0,0,0,0,0,0,0

APPTR,N08-C,08,TUT1
IF,TUT,-14.332139,-170.719500, ,0.0,0.0,0,0,0,0,0,0,0,0
TF,LOG,-14.353750,-170.748944,0, ,0.0,0.0,0.0,0.0,2,4000,0,0,0,0,0,0
PI,LOG,-14.353750,-170.748944,2,TUT,183.0,10.0,228,5.0,2,2500,0,0,0,0,1,0
CF,LOG,-14.353750,-170.748944,0,TUT,229.9,2.7,48.0,8.0,2,1100,0,0,0,0,0,0

APPTR,N08-C,08,TUT2
IF,TUT,-14.332589,-170.708278, ,0.0,0.0,0,0,0,0,0,0,0,0
TF,LOG,-14.353750,-170.748944,0, ,0.0,0.0,0.0,0.0,2,4000,0,0,0,0,0,0
PI,LOG,-14.353750,-170.748944,2,TUT,183.0,10.0,228,5.0,2,2500,0,0,0,0,1,0
CF,LOG,-14.353750,-170.748944,0,TUT,229.9,2.7,48.0,8.0,2,1100,0,0,0,0,0,0

FINAL,N08-C,08,N,2
IF,LOG,-14.353750,-170.748944,LOG,0.0,0.0,2,1100,0,0,0,0,2,0
CF,MA048,-14.345378,-170.734075,0,LOG,0.0,0.0,48.0,1.0,1,760,0,0,0,0,3,0
VI,2, ,0.0,210.0,0,0,0,0,0,0,0,0
FA,LOG,-14.353750,-170.748944,0,TUT,0.0,0.0,180.0,2,4000,0,0,0,0,0,0
DF,LOG,-14.353750,-170.748944,0, ,0.0,0.0,0,0,0,0,0,0,0,0
HM,LOG,-14.353750,-170.748944,2, ,0.0,0.0,48.0,04.3,0,0,0,0,0,0,0,0,0

APPTR,N23-C,23,TUT1
IF,TUT,-14.332139,-170.719500, ,0.0,0.0,0,0,0,0,0,0,0,0
TF,LOG,-14.353750,-170.748944,0, ,0.0,0.0,0.0,0.0,2,4000,0,0,0,0,0,0
PI,LOG,-14.353750,-170.748944,2,TUT,183.0,10.0,228,5.0,2,2500,0,0,0,0,1,0
CF,LOG,-14.353750,-170.748944,0,TUT,229.9,2.7,48.0,8.0,2,1100,0,0,0,0,0,0

APPTR,N23-C,23,TUT2
IF,TUT,-14.332589,-170.708278, ,0.0,0.0,0,0,0,0,0,0,0,0
TF,LOG,-14.353750,-170.748944,0, ,0.0,0.0,0.0,0.0,2,4000,0,0,0,0,0,0
PI,LOG,-14.353750,-170.748944,2,TUT,183.0,10.0,228,5.0,2,2500,0,0,0,0,1,0
CF,LOG,-14.353750,-170.748944,0,TUT,229.9,2.7,48.0,8.0,2,1100,0,0,0,0,0,0

FINAL,N23-C,23,N,2
IF,LOG,-14.353750,-170.748944,LOG,0.0,0.0,2,1100,0,0,0,0,2,0
CF,MA048,-14.345378,-170.734075,0,LOG,0.0,0.0,48.0,1.0,1,760,0,0,0,0,3,0
VI,2, ,0.0,210.0,0,0,0,0,0,0,0,0
FA,LOG,-14.353750,-170.748944,0,TUT,0.0,0.0,180.0,2,4000,0,0,0,0,0,0
DF,LOG,-14.353750,-170.748944,0, ,0.0,0.0,0,0,0,0,0,0,0,0
HM,LOG,-14.353750,-170.748944,2, ,0.0,0.0,48.0,04.3,0,0,0,0,0,0,0,0,0

APPTR,N26-C,26,TUT1
IF,TUT,-14.332139,-170.719500, ,0.0,0.0,0,0,0,0,0,0,0,0
TF,LOG,-14.353750,-170.748944,0, ,0.0,0.0,0.0,0.0,2,4000,0,0,0,0,0,0
PI,LOG,-14.353750,-170.748944,2,TUT,183.0,10.0,228,5.0,2,2500,0,0,0,0,1,0
CF,LOG,-14.353750,-170.748944,0,TUT,229.9,2.7,48.0,8.0,2,1100,0,0,0,0,0,0

APPTR,N26-C,26,TUT2
IF,TUT,-14.332589,-170.708278, ,0.0,0.0,0,0,0,0,0,0,0,0
TF,LOG,-14.353750,-170.748944,0, ,0.0,0.0,0.0,0.0,2,4000,0,0,0,0,0,0
PI,LOG,-14.353750,-170.748944,2,TUT,183.0,10.0,228,5.0,2,2500,0,0,0,0,1,0
CF,LOG,-14.353750,-170.748944,0,TUT,229.9,2.7,48.0,8.0,2,1100,0,0,0,0,0,0

FINAL,N26-C,26,N,2
IF,LOG,-14.353750,-170.748944,LOG,0.0,0.0,2,1100,0,0,0,0,2,0
CF,MA048,-14.345378,-170.734075,0,LOG,0.0,0.0,48.0,1.0,1,760,0,0,0,0,3,0
VI,2, ,0.0,210.0,0,0,0,0,0,0,0,0
FA,LOG,-14.353750,-170.748944,0,TUT,0.0,0.0,180.0,2,4000,0,0,0,0,0,0
DF,LOG,-14.353750,-170.748944,0, ,0.0,0.0,0,0,0,0,0,0,0,0
HM,LOG,-14.353750,-170.748944,2, ,0.0,0.0,48.0,04.3,0,0,0,0,0,0,0,0,0

APPTR,R05,05,DRAWN
IF,DRAWN,-14.630600,-170.899581, ,0.0,0.0,0,0,0,0,0,0,1,0
TF,GRUPY,-14.451922,-170.912114,0, ,0.0,0.0,0.0,0.0,2,3700,0,0,0,0,1,0

APPTR,R05,05,SETTS
IF,SETTS,-14.435808,-171.034978, ,0.0,0.0,0,0,0,0,0,0,1,0
TF,GRUPY,-14.451922,-170.912114,0, ,0.0,0.0,0.0,0.0,2,3700,0,0,0,0,1,0

APPTR,R05,05,TUT
IF,TUT,-14.332589,-170.708278, ,0.0,0.0,0,0,0,0,0,0,0,0
TF,GRUPY,-14.451922,-170.912114,0, ,0.0,0.0,0.0,0.0,2,3700,0,0,0,0,0,1
HF,GRUPY,-14.451922,-170.912114,2, ,0.0,0.0,47.0,04,2,3700,0,0,0,0,1,0,0

FINAL,R05,05,R,4
IF,GRUPY,-14.451922,-170.912114, ,0.0,0.0,2,3700,0,0,0,0,0,0
TF,BLUJA,-14.395150,-170.816922,0, ,0.0,0.0,47.0,6.5,2,2300,0,0,0,0,2,0
TF,CAXEB,-14.358303,-170.755033,0, ,0.0,0.0,47.0,4.2,2,840,0,0,0,0,0,0
TF,HOPID,-14.340878,-170.725714,0, ,0.0,0.0,47.0,2.0,1,151,0,0,0,0,3,1
CA,0,47.0,2,760,0,1,185,0,0,0
DF,DRAWN,-14.630600,-170.899581,2, ,0.0,0.0,2,4000,0,0,0,0,0,1
HM,DRAWN,-14.630600,-170.899581,2, ,0.0,0.0,348.0,04,0,0,0,0,0,0,0,0,0

APPTR,R23,23,SUMLE
IF,SUMLE,-14.102869,-170.470572, ,0.0,0.0,0,0,0,0,0,0,1,0
TF,HUMTU,-14.230883,-170.529425,0, ,0.0,0.0,0.0,0.0,2,3700,0,0,0,0,1,0

APPTR,R23,23,TUT
IF,TUT,-14.332589,-170.708278, ,0.0,0.0,0,0,0,0,0,0,0,0
TF,HUMTU,-14.230883,-170.529425,0, ,0.0,0.0,0.0,0.0,2,4300,0,0,0,0,0,0
HF,HUMTU,-14.230883,-170.529425,2, ,0.0,0.0,228.0,04,2,3700,0,0,0,0,1,0,0

FINAL,R23,23,R,4
IF,HUMTU,-14.230883,-170.529425, ,0.0,0.0,2,3700,0,0,0,0,0,0
TF,NOTSE,-14.277961,-170.613461,0, ,0.0,0.0,228.0,5.7,2,2100,0,0,0,0,2,0
TF,WUTEB,-14.295406,-170.644619,0, ,0.0,0.0,228.0,2.1,2,1380,0,0,0,0,0,0
TF,RW23,-14.327894,-170.702686,0, ,0.0,0.0,228.0,3.9,1,64,0,0,0,0,3,1
CA,0,228.0,2,500,0,0,0,0,0,0
DF,DRAWN,-14.630600,-170.899581,0, ,0.0,0.0,2,4000,0,0,0,0,0,1
HM,DRAWN,-14.630600,-170.899581,2, ,0.0,0.0,348.0,04,0,0,0,0,0,0,0,0,0

APPTR,V05-B,05,LOG
IF,LOG,-14.353750,-170.748944, ,0.0,0.0,0,0,0,0,0,0,0,0
TF,TUT,-14.332589,-170.708278,0, ,0.0,0.0,0.0,0.0,2,4300,0,0,0,0,0,0
TF,WADGI,-14.310175,-170.643572,0, ,0.0,0.0,0.0,0.0,2,4300,0,0,0,0,0,0
PI,WADGI,-14.310175,-170.643572,1,TUT,103.0,10.0,058,5.0,2,2800,0,0,0,0,1,0
CF,HADUB,-14.293353,-170.595050,0,TUT,58.5,7.0,238.0,7.0,2,2100,0,0,0,0,0,0

APPTR,V05-B,05,PITTI
IF,PITTI,-14.496314,-170.743997, ,0.0,0.0,0,0,0,0,0,0,1,0
AF,JONAS,-14.276522,-170.546539,1,TUT,58.5,10.0,180.0,2,2200,0,0,0,0,1,0
CF,HADUB,-14.293353,-170.595050,0,TUT,58.5,7.0,238.0,3.0,2,2100,0,0,0,0,0,0

APPTR,V05-B,05,TUT
IF,TUT,-14.332589,-170.708278, ,0.0,0.0,0,0,0,0,0,0,0,0
TF,MUNRE,-14.433283,-170.845447,0, ,0.0,0.0,0.0,0.0,2,3700,0,0,0,0,1,0
AF,PITTI,-14.496314,-170.743997,1,TUT,180.0,10.0,221.0,2,3000,0,0,0,0,0,0
AF,JONAS,-14.276522,-170.546539,1,TUT,58.5,10.0,180.0,2,2200,0,0,0,0,1,0
CF,HADUB,-14.293353,-170.595050,0,TUT,58.5,7.0,238.0,3.0,2,2100,0,0,0,0,0,0

FINAL,V05-B,05,D,3
IF,HADUB,-14.293353,-170.595050,TUT,58.5,7.0,2,2100,0,0,0,0,0,0
CF,WADGI,-14.310175,-170.643572,0,TUT,58.5,4.0,238.0,3.0,2,1500,0,0,0,0,2,0
CF,VECUV,-14.326986,-170.692100,0,TUT,58.5,0.0,238.0,3.0,1,860,0,0,0,0,3,0
CF,TUT,-14.332589,-170.708278,0,TUT,0.0,0.0,238.0,1.0,0,0,0,0,0,0,0,0
CF,PITTI,-14.496314,-170.743997,0,TUT,180.0,10.0,180.0,10.0,2,3000,0,0,0,0,0,0
HM,PITTI,-14.496314,-170.743997,2, ,0.0,0.0,360.0,04.3,2,3000,0,0,0,0,0,0,0

APPTR,V05-D,05,LOG
IF,LOG,-14.353750,-170.748944, ,0.0,0.0,0,0,0,0,0,0,0,0
TF,TUT,-14.332589,-170.708278,0, ,0.0,0.0,0.0,0.0,2,4000,0,0,0,0,0,0
PI,TUT,-14.332589,-170.708278,2,TUT,185.0,10.0,230,5.0,2,2700,0,0,0,0,1,0
CF,FV050,-14.387567,-170.814411,0,TUT,230.0,7.0,50.0,3.0,2,2700,0,0,0,0,0,0

APPTR,V05-D,05,TUT
IF,TUT,-14.332139,-170.719500, ,0.0,0.0,0,0,0,0,0,0,0,0
TF,TUT,-14.332589,-170.708278,0, ,0.0,0.0,0.0,0.0,2,4000,0,0,0,0,0,0
PI,TUT,-14.332589,-170.708278,2,TUT,185.0,10.0,230,5.0,2,2700,0,0,0,0,1,0
CF,FV050,-14.387567,-170.814411,0,TUT,230.0,7.0,50.0,3.0,2,2700,0,0,0,0,0,0

FINAL,V05-D,05,D,2
IF,FV050,-14.387567,-170.814411,TUT,230.0,7.0,2,2700,0,0,0,0,2,0
CF,TUT,-14.332589,-170.708278,0,TUT,0.0,0.0,50.0,7.0,1,1200,0,0,0,0,3,0
FA,TUT,-14.332589,-170.708278,0,TUT,0.0,0.0,81.0,2,4000,0,0,0,0,0,0
DF,TUT,-14.332589,-170.708278,2, ,0.0,0.0,0,0,0,0,0,0,0,0
HM,TUT,-14.332589,-170.708278,1, ,0.0,0.0,228.0,04.3,0,0,0,0,0,0,0,0,0

APPTR,V08-B,08,LOG
IF,LOG,-14.353750,-170.748944, ,0.0,0.0,0,0,0,0,0,0,0,0
TF,TUT,-14.332589,-170.708278,0, ,0.0,0.0,0.0,0.0,2,4300,0,0,0,0,0,0
TF,WADGI,-14.310175,-170.643572,0, ,0.0,0.0,0.0,0.0,2,4300,0,0,0,0,0,0
PI,WADGI,-14.310175,-170.643572,1,TUT,103.0,10.0,058,5.0,2,2800,0,0,0,0,1,0
CF,HADUB,-14.293353,-170.595050,0,TUT,58.5,7.0,238.0,7.0,2,2100,0,0,0,0,0,0

APPTR,V08-B,08,PITTI
IF,PITTI,-14.496314,-170.743997, ,0.0,0.0,0,0,0,0,0,0,1,0
AF,JONAS,-14.276522,-170.546539,1,TUT,58.5,10.0,180.0,2,2200,0,0,0,0,1,0
CF,HADUB,-14.293353,-170.595050,0,TUT,58.5,7.0,238.0,3.0,2,2100,0,0,0,0,0,0

APPTR,V08-B,08,TUT
IF,TUT,-14.332589,-170.708278, ,0.0,0.0,0,0,0,0,0,0,0,0
TF,MUNRE,-14.433283,-170.845447,0, ,0.0,0.0,0.0,0.0,2,3700,0,0,0,0,1,0
AF,PITTI,-14.496314,-170.743997,1,TUT,180.0,10.0,221.0,2,3000,0,0,0,0,0,0
AF,JONAS,-14.276522,-170.546539,1,TUT,58.5,10.0,180.0,2,2200,0,0,0,0,1,0
CF,HADUB,-14.293353,-170.595050,0,TUT,58.5,7.0,238.0,3.0,2,2100,0,0,0,0,0,0

FINAL,V08-B,08,D,3
IF,HADUB,-14.293353,-170.595050,TUT,58.5,7.0,2,2100,0,0,0,0,0,0
CF,WADGI,-14.310175,-170.643572,0,TUT,58.5,4.0,238.0,3.0,2,1500,0,0,0,0,2,0
CF,VECUV,-14.326986,-170.692100,0,TUT,58.5,0.0,238.0,3.0,1,860,0,0,0,0,3,0
CF,TUT,-14.332589,-170.708278,0,TUT,0.0,0.0,238.0,1.0,0,0,0,0,0,0,0,0
CF,PITTI,-14.496314,-170.743997,0,TUT,180.0,10.0,180.0,10.0,2,3000,0,0,0,0,0,0
HM,PITTI,-14.496314,-170.743997,2, ,0.0,0.0,360.0,04.3,2,3000,0,0,0,0,0,0,0

APPTR,V08-D,08,LOG
IF,LOG,-14.353750,-170.748944, ,0.0,0.0,0,0,0,0,0,0,0,0
TF,TUT,-14.332589,-170.708278,0, ,0.0,0.0,0.0,0.0,2,4000,0,0,0,0,0,0
PI,TUT,-14.332589,-170.708278,2,TUT,185.0,10.0,230,5.0,2,2700,0,0,0,0,1,0
CF,FV050,-14.387567,-170.814411,0,TUT,230.0,7.0,50.0,3.0,2,2700,0,0,0,0,0,0

APPTR,V08-D,08,TUT
IF,TUT,-14.332139,-170.719500, ,0.0,0.0,0,0,0,0,0,0,0,0
TF,TUT,-14.332589,-170.708278,0, ,0.0,0.0,0.0,0.0,2,4000,0,0,0,0,0,0
PI,TUT,-14.332589,-170.708278,2,TUT,185.0,10.0,230,5.0,2,2700,0,0,0,0,1,0
CF,FV050,-14.387567,-170.814411,0,TUT,230.0,7.0,50.0,3.0,2,2700,0,0,0,0,0,0

FINAL,V08-D,08,D,2
IF,FV050,-14.387567,-170.814411,TUT,230.0,7.0,2,2700,0,0,0,0,2,0
CF,TUT,-14.332589,-170.708278,0,TUT,0.0,0.0,50.0,7.0,1,1200,0,0,0,0,3,0
FA,TUT,-14.332589,-170.708278,0,TUT,0.0,0.0,81.0,2,4000,0,0,0,0,0,0
DF,TUT,-14.332589,-170.708278,2, ,0.0,0.0,0,0,0,0,0,0,0,0
HM,TUT,-14.332589,-170.708278,1, ,0.0,0.0,228.0,04.3,0,0,0,0,0,0,0,0,0

APPTR,V23-B,23,LOG
IF,LOG,-14.353750,-170.748944, ,0.0,0.0,0,0,0,0,0,0,0,0
TF,TUT,-14.332589,-170.708278,0, ,0.0,0.0,0.0,0.0,2,4300,0,0,0,0,0,0
TF,WADGI,-14.310175,-170.643572,0, ,0.0,0.0,0.0,0.0,2,4300,0,0,0,0,0,0
PI,WADGI,-14.310175,-170.643572,1,TUT,103.0,10.0,058,5.0,2,2800,0,0,0,0,1,0
CF,HADUB,-14.293353,-170.595050,0,TUT,58.5,7.0,238.0,7.0,2,2100,0,0,0,0,0,0

APPTR,V23-B,23,PITTI
IF,PITTI,-14.496314,-170.743997, ,0.0,0.0,0,0,0,0,0,0,1,0
AF,JONAS,-14.276522,-170.546539,1,TUT,58.5,10.0,180.0,2,2200,0,0,0,0,1,0
CF,HADUB,-14.293353,-170.595050,0,TUT,58.5,7.0,238.0,3.0,2,2100,0,0,0,0,0,0

APPTR,V23-B,23,TUT
IF,TUT,-14.332589,-170.708278, ,0.0,0.0,0,0,0,0,0,0,0,0
TF,MUNRE,-14.433283,-170.845447,0, ,0.0,0.0,0.0,0.0,2,3700,0,0,0,0,1,0
AF,PITTI,-14.496314,-170.743997,1,TUT,180.0,10.0,221.0,2,3000,0,0,0,0,0,0
AF,JONAS,-14.276522,-170.546539,1,TUT,58.5,10.0,180.0,2,2200,0,0,0,0,1,0
CF,HADUB,-14.293353,-170.595050,0,TUT,58.5,7.0,238.0,3.0,2,2100,0,0,0,0,0,0

FINAL,V23-B,23,D,3
IF,HADUB,-14.293353,-170.595050,TUT,58.5,7.0,2,2100,0,0,0,0,0,0
CF,WADGI,-14.310175,-170.643572,0,TUT,58.5,4.0,238.0,3.0,2,1500,0,0,0,0,2,0
CF,VECUV,-14.326986,-170.692100,0,TUT,58.5,0.0,238.0,3.0,1,860,0,0,0,0,3,0
CF,TUT,-14.332589,-170.708278,0,TUT,0.0,0.0,238.0,1.0,0,0,0,0,0,0,0,0
CF,PITTI,-14.496314,-170.743997,0,TUT,180.0,10.0,180.0,10.0,2,3000,0,0,0,0,0,0
HM,PITTI,-14.496314,-170.743997,2, ,0.0,0.0,360.0,04.3,2,3000,0,0,0,0,0,0,0

APPTR,V23-D,23,LOG
IF,LOG,-14.353750,-170.748944, ,0.0,0.0,0,0,0,0,0,0,0,0
TF,TUT,-14.332589,-170.708278,0, ,0.0,0.0,0.0,0.0,2,4000,0,0,0,0,0,0
PI,TUT,-14.332589,-170.708278,2,TUT,185.0,10.0,230,5.0,2,2700,0,0,0,0,1,0
CF,FV050,-14.387567,-170.814411,0,TUT,230.0,7.0,50.0,3.0,2,2700,0,0,0,0,0,0

APPTR,V23-D,23,TUT
IF,TUT,-14.332139,-170.719500, ,0.0,0.0,0,0,0,0,0,0,0,0
TF,TUT,-14.332589,-170.708278,0, ,0.0,0.0,0.0,0.0,2,4000,0,0,0,0,0,0
PI,TUT,-14.332589,-170.708278,2,TUT,185.0,10.0,230,5.0,2,2700,0,0,0,0,1,0
CF,FV050,-14.387567,-170.814411,0,TUT,230.0,7.0,50.0,3.0,2,2700,0,0,0,0,0,0

FINAL,V23-D,23,D,2
IF,FV050,-14.387567,-170.814411,TUT,230.0,7.0,2,2700,0,0,0,0,2,0
CF,TUT,-14.332589,-170.708278,0,TUT,0.0,0.0,50.0,7.0,1,1200,0,0,0,0,3,0
FA,TUT,-14.332589,-170.708278,0,TUT,0.0,0.0,81.0,2,4000,0,0,0,0,0,0
DF,TUT,-14.332589,-170.708278,2, ,0.0,0.0,0,0,0,0,0,0,0,0
HM,TUT,-14.332589,-170.708278,1, ,0.0,0.0,228.0,04.3,0,0,0,0,0,0,0,0,0

APPTR,V26-B,26,LOG
IF,LOG,-14.353750,-170.748944, ,0.0,0.0,0,0,0,0,0,0,0,0
TF,TUT,-14.332589,-170.708278,0, ,0.0,0.0,0.0,0.0,2,4300,0,0,0,0,0,0
TF,WADGI,-14.310175,-170.643572,0, ,0.0,0.0,0.0,0.0,2,4300,0,0,0,0,0,0
PI,WADGI,-14.310175,-170.643572,1,TUT,103.0,10.0,058,5.0,2,2800,0,0,0,0,1,0
CF,HADUB,-14.293353,-170.595050,0,TUT,58.5,7.0,238.0,7.0,2,2100,0,0,0,0,0,0

APPTR,V26-B,26,PITTI
IF,PITTI,-14.496314,-170.743997, ,0.0,0.0,0,0,0,0,0,0,1,0
AF,JONAS,-14.276522,-170.546539,1,TUT,58.5,10.0,180.0,2,2200,0,0,0,0,1,0
CF,HADUB,-14.293353,-170.595050,0,TUT,58.5,7.0,238.0,3.0,2,2100,0,0,0,0,0,0

APPTR,V26-B,26,TUT
IF,TUT,-14.332589,-170.708278, ,0.0,0.0,0,0,0,0,0,0,0,0
TF,MUNRE,-14.433283,-170.845447,0, ,0.0,0.0,0.0,0.0,2,3700,0,0,0,0,1,0
AF,PITTI,-14.496314,-170.743997,1,TUT,180.0,10.0,221.0,2,3000,0,0,0,0,0,0
AF,JONAS,-14.276522,-170.546539,1,TUT,58.5,10.0,180.0,2,2200,0,0,0,0,1,0
CF,HADUB,-14.293353,-170.595050,0,TUT,58.5,7.0,238.0,3.0,2,2100,0,0,0,0,0,0

FINAL,V26-B,26,D,3
IF,HADUB,-14.293353,-170.595050,TUT,58.5,7.0,2,2100,0,0,0,0,0,0
CF,WADGI,-14.310175,-170.643572,0,TUT,58.5,4.0,238.0,3.0,2,1500,0,0,0,0,2,0
CF,VECUV,-14.326986,-170.692100,0,TUT,58.5,0.0,238.0,3.0,1,860,0,0,0,0,3,0
CF,TUT,-14.332589,-170.708278,0,TUT,0.0,0.0,238.0,1.0,0,0,0,0,0,0,0,0
CF,PITTI,-14.496314,-170.743997,0,TUT,180.0,10.0,180.0,10.0,2,3000,0,0,0,0,0,0
HM,PITTI,-14.496314,-170.743997,2, ,0.0,0.0,360.0,04.3,2,3000,0,0,0,0,0,0,0

APPTR,V26-D,26,LOG
IF,LOG,-14.353750,-170.748944, ,0.0,0.0,0,0,0,0,0,0,0,0
TF,TUT,-14.332589,-170.708278,0, ,0.0,0.0,0.0,0.0,2,4000,0,0,0,0,0,0
PI,TUT,-14.332589,-170.708278,2,TUT,185.0,10.0,230,5.0,2,2700,0,0,0,0,1,0
CF,FV050,-14.387567,-170.814411,0,TUT,230.0,7.0,50.0,3.0,2,2700,0,0,0,0,0,0

APPTR,V26-D,26,TUT
IF,TUT,-14.332139,-170.719500, ,0.0,0.0,0,0,0,0,0,0,0,0
TF,TUT,-14.332589,-170.708278,0, ,0.0,0.0,0.0,0.0,2,4000,0,0,0,0,0,0
PI,TUT,-14.332589,-170.708278,2,TUT,185.0,10.0,230,5.0,2,2700,0,0,0,0,1,0
CF,FV050,-14.387567,-170.814411,0,TUT,230.0,7.0,50.0,3.0,2,2700,0,0,0,0,0,0

FINAL,V26-D,26,D,2
IF,FV050,-14.387567,-170.814411,TUT,230.0,7.0,2,2700,0,0,0,0,2,0
CF,TUT,-14.332589,-170.708278,0,TUT,0.0,0.0,50.0,7.0,1,1200,0,0,0,0,3,0
FA,TUT,-14.332589,-170.708278,0,TUT,0.0,0.0,81.0,2,4000,0,0,0,0,0,0
DF,TUT,-14.332589,-170.708278,2, ,0.0,0.0,0,0,0,0,0,0,0,0
HM,TUT,-14.332589,-170.708278,1, ,0.0,0.0,228.0,04.3,0,0,0,0,0,0,0,0,0

