APPTR,R05,05,BENRA
IF,BENRA,-43.785675,-176.727764, ,0.0,0.0,0,0,0,0,0,0,1,0
TF,RUKDU,-43.865028,-176.692575,0, ,0.0,0.0,0.0,0.0,2,2000,0,0,0,0,1,0

APPTR,R05,05,RUKDU
HF,RUKDU,-43.865028,-176.692575,2, ,0.0,0.0,47.0,04.3,2,2000,0,0,0,0,1,0,0

APPTR,R05,05,UPSIT
IF,UPSIT,-43.944367,-176.657292, ,0.0,0.0,0,0,0,0,0,0,1,0
TF,RUKDU,-43.865028,-176.692575,0, ,0.0,0.0,0.0,0.0,2,2000,0,0,0,0,1,0

FINAL,R05,05,R,3
IF,RUKDU,-43.865028,-176.692575, ,0.0,0.0,2,2000,0,0,0,0,0,0
TF,CI452,-43.839481,-176.582953,0, ,0.0,0.0,47.0,5.0,2,1680,0,0,0,0,2,0
TF,RW05,-43.813831,-176.473417,0, ,0.0,0.0,47.0,5.0,1,89,0,0,0,0,3,1
TF,MAVGI,-43.758356,-176.238578,0, ,0.0,0.0,0.0,0.0,1,2000,0,0,0,0,0,0

APPTR,R23,23,ESDUN
IF,ESDUN,-43.837617,-176.203017, ,0.0,0.0,0,0,0,0,0,0,1,0
TF,MAVGI,-43.758356,-176.238578,0, ,0.0,0.0,0.0,0.0,2,2000,0,0,0,0,1,0

APPTR,R23,23,IDPUB
IF,IDPUB,-43.679081,-176.274042, ,0.0,0.0,0,0,0,0,0,0,1,0
TF,MAVGI,-43.758356,-176.238578,0, ,0.0,0.0,0.0,0.0,2,2000,0,0,0,0,1,0

APPTR,R23,23,MAVGI
HF,MAVGI,-43.758356,-176.238578,2, ,0.0,0.0,227.0,04.3,2,2000,0,0,0,0,1,0,0

FINAL,R23,23,R,3
IF,MAVGI,-43.758356,-176.238578, ,0.0,0.0,2,2000,0,0,0,0,0,0
TF,CI704,-43.784250,-176.347894,0, ,0.0,0.0,227.0,5.0,2,1670,0,0,0,0,2,0
TF,RW23,-43.810042,-176.457308,0, ,0.0,0.0,227.0,5.0,1,72,0,0,0,0,3,1
TF,RUKDU,-43.865028,-176.692575,0, ,0.0,0.0,0.0,0.0,1,2000,0,0,0,0,0,0

