SID,BYRRD3,15,1
VI,0, ,0.0,50.9,0,0,0,0,0,0,0,0
CF,BYRRD,-77.500000,165.000000,0,ZFX,319.4,35.1,48.6,34.0,2,6000,0,0,0,0,0,0

SID,BYRRD3,33,1
VA,0,32.9,2,440,0,0,0,0,0,0
VI,2, ,0.0,51.7,0,0,0,0,0,0,0,0
CF,BYRRD,-77.500000,165.000000,0,ZFX,319.4,35.1,48.6,28.0,2,6000,0,0,0,0,0,0

SID,NOBEY3,15,4
VA,0,50.9,2,600,0,0,0,0,0,0
DF,NOBEY,-77.750000,165.700000,0, ,0.0,0.0,2,3000,0,0,0,0,0,1
HA,NOBEY,-77.750000,165.700000,1, ,0.0,0.0,49.2,04,2,3000,0,1,230,0,0,0,0

SID,NOBEY3,33,4
VA,0,32.9,2,600,0,0,0,0,0,0
DF,NOBEY,-77.750000,165.700000,2, ,0.0,0.0,2,3000,0,0,0,0,0,1
HA,NOBEY,-77.750000,165.700000,1, ,0.0,0.0,49.2,04,2,3000,0,1,230,0,0,0,0

SID,ZELBA3,15,1
VA,0,50.9,2,440,0,0,0,0,0,0
VI,2, ,0.0,29.9,0,0,0,1,270,0,0,0
CF,JELOT,-77.968719,167.537169,0,ZFX,97.9,10.0,26.5,4.0,0,0,0,0,0,0,0,0
TF,ZELBA,-77.991942,168.488239,0, ,0.0,0.0,0.0,0.0,2,3400,0,0,0,0,0,0
HA,ZELBA,-77.991942,168.488239,1, ,0.0,0.0,44.5,07,2,3400,0,0,0,0,0,0,0

SID,ZELBA3,33,1
VA,0,32.9,2,440,0,0,0,0,0,0
VI,1, ,0.0,23.4,0,0,0,1,300,0,0,0
CF,JELOT,-77.968719,167.537169,0,ZFX,97.9,10.0,26.5,5.0,0,0,0,0,0,0,0,0
TF,ZELBA,-77.991942,168.488239,0, ,0.0,0.0,0.0,0.0,2,3400,0,0,0,0,0,0
HA,ZELBA,-77.991942,168.488239,1, ,0.0,0.0,44.5,07,2,3400,0,0,0,0,0,0,0

STAR,ACREZ1,ALL,5
IF,WAIS1,-78.983333,173.266667, ,0.0,0.0,2,16000,0,0,0,0,0,0
TF,RULOE,-78.353336,167.066017,0, ,0.0,0.0,0.0,0.0,2,4800,0,0,0,0,0,0
TF,ACREZ,-78.217992,167.124783,0, ,0.0,0.0,0.0,0.0,2,4700,0,0,0,0,0,0

STAR,ACREZ2,ALL,5
IF,P4,-79.483333,169.083333, ,0.0,0.0,2,16000,0,0,0,0,0,0
TF,RULOE,-78.353336,167.066017,0, ,0.0,0.0,0.0,0.0,2,4800,0,0,0,0,0,0
TF,ACREZ,-78.217992,167.124783,0, ,0.0,0.0,0.0,0.0,2,4700,0,0,0,0,0,0

STAR,ACREZ3,ALL,5
IF,P1,-79.566667,166.833333, ,0.0,0.0,2,16000,0,0,0,0,0,0
TF,SARBE,-78.462833,167.049833,0, ,0.0,0.0,0.0,0.0,2,6000,0,0,0,0,0,0
TF,RULOE,-78.353336,167.066017,0, ,0.0,0.0,0.0,0.0,2,4800,0,0,0,0,0,0
TF,ACREZ,-78.217992,167.124783,0, ,0.0,0.0,0.0,0.0,2,4700,0,0,0,0,0,0

STAR,ACREZ4,ALL,5
IF,P9,-79.450000,164.583333, ,0.0,0.0,2,16000,0,0,0,0,0,0
TF,WIKAL,-78.479433,166.811111,0, ,0.0,0.0,0.0,0.0,2,6000,0,0,0,0,0,0
TF,RULOE,-78.353336,167.066017,0, ,0.0,0.0,0.0,0.0,2,4800,0,0,0,0,0,0
TF,ACREZ,-78.217992,167.124783,0, ,0.0,0.0,0.0,0.0,2,4700,0,0,0,0,0,0

STAR,FAVGU1,ALL,5
IF,P4,-79.483333,169.083333, ,0.0,0.0,2,16000,0,0,0,0,0,0
TF,P10,-78.250000,164.000000,0, ,0.0,0.0,0.0,0.0,2,12500,0,0,0,0,0,0
TF,WABAB,-78.082208,164.796342,0, ,0.0,0.0,0.0,0.0,2,4700,0,0,0,0,0,0
TF,FAVGU,-77.721078,166.252686,0, ,0.0,0.0,0.0,0.0,2,3200,0,0,0,0,0,0

STAR,FAVGU2,ALL,5
IF,P1,-79.566667,166.833333, ,0.0,0.0,2,16000,0,0,0,0,0,0
TF,P10,-78.250000,164.000000,0, ,0.0,0.0,0.0,0.0,2,12500,0,0,0,0,0,0
TF,WABAB,-78.082208,164.796342,0, ,0.0,0.0,0.0,0.0,2,4700,0,0,0,0,0,0
TF,FAVGU,-77.721078,166.252686,0, ,0.0,0.0,0.0,0.0,2,3200,0,0,0,0,0,0

STAR,FAVGU3,ALL,5
IF,P9,-79.450000,164.583333, ,0.0,0.0,2,16000,0,0,0,0,0,0
TF,P10,-78.250000,164.000000,0, ,0.0,0.0,0.0,0.0,2,12500,0,0,0,0,0,0
TF,WABAB,-78.082208,164.796342,0, ,0.0,0.0,0.0,0.0,2,4700,0,0,0,0,0,0
TF,FAVGU,-77.721078,166.252686,0, ,0.0,0.0,0.0,0.0,2,3200,0,0,0,0,0,0

STAR,FAVGU4,ALL,5
IF,JEHOO,-76.183333,165.856667, ,0.0,0.0,2,5000,0,0,0,0,0,0
TF,RAPPY,-77.175628,165.227214,0, ,0.0,0.0,0.0,0.0,2,4800,0,0,0,0,0,0
TF,FAVGU,-77.721078,166.252686,0, ,0.0,0.0,0.0,0.0,2,3200,0,0,0,0,0,0

STAR,HEMVI1,ALL,5
IF,P4,-79.483333,169.083333, ,0.0,0.0,2,16000,0,0,0,0,0,0
TF,P10,-78.250000,164.000000,0, ,0.0,0.0,0.0,0.0,2,12500,0,0,0,0,0,0
TF,WABAB,-78.082208,164.796342,0, ,0.0,0.0,0.0,0.0,2,4700,0,0,0,0,0,0
TF,HEMVI,-77.679489,166.324581,0, ,0.0,0.0,0.0,0.0,2,4200,0,0,0,0,0,0

STAR,HEMVI2,ALL,5
IF,P1,-79.566667,166.833333, ,0.0,0.0,2,16000,0,0,0,0,0,0
TF,P10,-78.250000,164.000000,0, ,0.0,0.0,0.0,0.0,2,12500,0,0,0,0,0,0
TF,WABAB,-78.082208,164.796342,0, ,0.0,0.0,0.0,0.0,2,4700,0,0,0,0,0,0
TF,HEMVI,-77.679489,166.324581,0, ,0.0,0.0,0.0,0.0,2,4200,0,0,0,0,0,0

STAR,HEMVI3,ALL,5
IF,P9,-79.450000,164.583333, ,0.0,0.0,2,16000,0,0,0,0,0,0
TF,P10,-78.250000,164.000000,0, ,0.0,0.0,0.0,0.0,2,12500,0,0,0,0,0,0
TF,WABAB,-78.082208,164.796342,0, ,0.0,0.0,0.0,0.0,2,4700,0,0,0,0,0,0
TF,HEMVI,-77.679489,166.324581,0, ,0.0,0.0,0.0,0.0,2,4200,0,0,0,0,0,0

STAR,HEMVI4,ALL,5
IF,JEHOO,-76.183333,165.856667, ,0.0,0.0,2,5000,0,0,0,0,0,0
TF,RAPPY,-77.175628,165.227214,0, ,0.0,0.0,0.0,0.0,2,4800,0,0,0,0,0,0
TF,HEMVI,-77.679489,166.324581,0, ,0.0,0.0,0.0,0.0,2,4200,0,0,0,0,0,0

STAR,WUGU9H,ALL,5
IF,P9,-79.450000,164.583333, ,0.0,0.0,2,16000,0,0,0,0,0,0
TF,P10,-78.250000,164.000000,0, ,0.0,0.0,0.0,0.0,2,12500,0,0,0,0,0,0
TF,WABAB,-78.082208,164.796342,0, ,0.0,0.0,0.0,0.0,2,4300,0,0,0,0,0,0
TF,WUGUS,-77.958008,165.655564,0, ,0.0,0.0,0.0,0.0,2,3000,0,0,0,0,0,0

STAR,ZFX1,ALL,5
IF,P4,-79.483333,169.083333, ,0.0,0.0,2,16000,0,0,0,0,0,0
TF,P10,-78.250000,164.000000,0, ,0.0,0.0,0.0,0.0,2,12500,0,0,0,0,0,0
TF,WABAB,-78.082208,164.796342,0, ,0.0,0.0,0.0,0.0,2,4700,0,0,0,0,0,0
TF,ZFX,-77.947036,166.747011,0, ,0.0,0.0,0.0,0.0,2,4700,0,0,0,0,0,0

STAR,ZFX2,ALL,5
IF,P1,-79.566667,166.833333, ,0.0,0.0,2,16000,0,0,0,0,0,0
TF,P10,-78.250000,164.000000,0, ,0.0,0.0,0.0,0.0,2,12500,0,0,0,0,0,0
TF,WABAB,-78.082208,164.796342,0, ,0.0,0.0,0.0,0.0,2,4700,0,0,0,0,0,0
TF,ZFX,-77.947036,166.747011,0, ,0.0,0.0,0.0,0.0,2,4700,0,0,0,0,0,0

STAR,ZFX3,ALL,5
IF,P9,-79.450000,164.583333, ,0.0,0.0,2,16000,0,0,0,0,0,0
TF,P10,-78.250000,164.000000,0, ,0.0,0.0,0.0,0.0,2,12500,0,0,0,0,0,0
TF,WABAB,-78.082208,164.796342,0, ,0.0,0.0,0.0,0.0,2,4700,0,0,0,0,0,0
TF,ZFX,-77.947036,166.747011,0, ,0.0,0.0,0.0,0.0,2,4700,0,0,0,0,0,0

STAR,ZFX4,ALL,5
IF,WAIS1,-78.983333,173.266667, ,0.0,0.0,2,16000,0,0,0,0,0,0
TF,RULOE,-78.353336,167.066017,0, ,0.0,0.0,0.0,0.0,2,4800,0,0,0,0,0,0
TF,ACREZ,-78.217992,167.124783,0, ,0.0,0.0,0.0,0.0,2,4700,0,0,0,0,0,0
TF,ZFX,-77.947036,166.747011,0, ,0.0,0.0,0.0,0.0,2,4700,0,0,0,0,0,0

STAR,ZFX5,ALL,5
IF,P4,-79.483333,169.083333, ,0.0,0.0,2,16000,0,0,0,0,0,0
TF,RULOE,-78.353336,167.066017,0, ,0.0,0.0,0.0,0.0,2,4800,0,0,0,0,0,0
TF,ACREZ,-78.217992,167.124783,0, ,0.0,0.0,0.0,0.0,2,4700,0,0,0,0,0,0
TF,ZFX,-77.947036,166.747011,0, ,0.0,0.0,0.0,0.0,2,4700,0,0,0,0,0,0

STAR,ZFX6,ALL,5
IF,P1,-79.566667,166.833333, ,0.0,0.0,2,16000,0,0,0,0,0,0
TF,SARBE,-78.462833,167.049833,0, ,0.0,0.0,0.0,0.0,2,6000,0,0,0,0,0,0
TF,RULOE,-78.353336,167.066017,0, ,0.0,0.0,0.0,0.0,2,4800,0,0,0,0,0,0
TF,ACREZ,-78.217992,167.124783,0, ,0.0,0.0,0.0,0.0,2,4700,0,0,0,0,0,0
TF,ZFX,-77.947036,166.747011,0, ,0.0,0.0,0.0,0.0,2,4700,0,0,0,0,0,0

STAR,ZFX7,ALL,5
IF,P9,-79.450000,164.583333, ,0.0,0.0,2,16000,0,0,0,0,0,0
TF,WIKAL,-78.479433,166.811111,0, ,0.0,0.0,0.0,0.0,2,6000,0,0,0,0,0,0
TF,RULOE,-78.353336,167.066017,0, ,0.0,0.0,0.0,0.0,2,4800,0,0,0,0,0,0
TF,ACREZ,-78.217992,167.124783,0, ,0.0,0.0,0.0,0.0,2,4700,0,0,0,0,0,0
TF,ZFX,-77.947036,166.747011,0, ,0.0,0.0,0.0,0.0,2,4700,0,0,0,0,0,0

STAR,ZFX8,ALL,5
IF,JEHOO,-76.183333,165.856667, ,0.0,0.0,2,5000,0,0,0,0,0,0
TF,RAPPY,-77.175628,165.227214,0, ,0.0,0.0,0.0,0.0,2,4800,0,0,0,0,0,0
TF,ZFX,-77.947036,166.747011,0, ,0.0,0.0,0.0,0.0,2,4700,0,0,0,0,0,0

APPTR,R15T,15T,FAVGU
IF,FAVGU,-77.721078,166.252686, ,0.0,0.0,2,4700,0,0,0,0,0,0
TF,ACREZ,-78.217992,167.124783,0, ,0.0,0.0,0.0,0.0,2,4700,0,0,0,0,0,0
HF,ACREZ,-78.217992,167.124783,2, ,0.0,0.0,51.1,05,2,4700,0,1,230,0,1,0,0

APPTR,R15T,15T,ZFX
IF,ZFX,-77.947036,166.747011, ,0.0,0.0,2,4700,0,0,0,0,0,0
TF,ACREZ,-78.217992,167.124783,0, ,0.0,0.0,0.0,0.0,2,4700,0,0,0,0,0,0
HF,ACREZ,-78.217992,167.124783,2, ,0.0,0.0,51.1,05,2,4700,0,1,230,0,1,0,0

FINAL,R15T,15T,R,5
IF,ACREZ,-78.217992,167.124783, ,0.0,0.0,2,4700,0,0,0,0,0,0
TF,ZOKOM,-78.146892,167.044828,0, ,0.0,0.0,51.4,4.4,2,3300,0,0,0,0,0,0
TF,HAPAS,-78.111294,167.005175,0, ,0.0,0.0,51.4,2.2,2,2600,0,0,0,0,0,0
TF,SHORD,-78.048339,166.902725,0, ,0.0,0.0,50.8,4.0,2,1400,0,0,0,0,2,0
TF,RW15T,-77.969733,166.776375,0, ,0.0,0.0,50.9,5.0,1,75,0,0,0,0,3,1
CA,0,50.9,2,600,0,0,0,0,0,0
DF,FAVGU,-77.721078,166.252686,0, ,0.0,0.0,2,3200,0,0,0,0,0,1
HM,FAVGU,-77.721078,166.252686,2, ,0.0,0.0,32.2,05,3,10000,0,1,230,0,0,0,0

APPTR,R33T,33T,BRACT
IF,BRACT,-77.730822,165.564386, ,0.0,0.0,2,4200,0,0,0,0,1,0
TF,HEMVI,-77.679489,166.324581,0, ,0.0,0.0,0.0,0.0,2,4200,0,0,0,0,1,0

APPTR,R33T,33T,ZFX
IF,ZFX,-77.947036,166.747011, ,0.0,0.0,2,4200,0,0,0,0,0,0
TF,HEMVI,-77.679489,166.324581,0, ,0.0,0.0,0.0,0.0,2,4200,0,0,0,0,0,0
HF,HEMVI,-77.679489,166.324581,2, ,0.0,0.0,32.8,05,2,4200,0,1,230,0,1,0,0

FINAL,R33T,33T,R,6
IF,HEMVI,-77.679489,166.324581, ,0.0,0.0,2,4200,0,0,0,0,0,0
TF,JOBGU,-77.742594,166.420919,0, ,0.0,0.0,32.9,4.0,2,3300,0,0,0,0,0,0
TF,HEALD,-77.829842,166.555819,0, ,0.0,0.0,32.9,5.5,2,2000,0,0,0,0,2,0
TF,CASUR,-77.853419,166.592619,0, ,0.0,0.0,32.9,1.5,2,1620,0,0,0,0,0,0
TF,WEPOS,-77.877050,166.629656,0, ,0.0,0.0,32.9,1.5,2,1220,0,0,0,0,0,0
TF,RW33T,-77.943825,166.735117,0, ,0.0,0.0,32.9,4.2,1,76,0,0,0,0,3,1
CA,0,32.9,2,1000,0,0,0,0,0,0
DF,HEMVI,-77.679489,166.324581,2, ,0.0,0.0,2,4200,0,0,0,0,0,1
HM,HEMVI,-77.679489,166.324581,2, ,0.0,0.0,32.8,05,3,10000,0,1,230,0,0,0,0

APPTR,R33TE,33T,ZFX
IF,ZFX,-77.947036,166.747011, ,0.0,0.0,2,4200,0,0,0,0,0,0
TF,HEMVI,-77.679489,166.324581,0, ,0.0,0.0,0.0,0.0,2,4200,0,0,0,0,0,0
HF,HEMVI,-77.679489,166.324581,2, ,0.0,0.0,32.8,05,2,4200,0,1,230,0,1,0,0

FINAL,R33TE,33T,R,6
IF,HEMVI,-77.679489,166.324581, ,0.0,0.0,2,4200,0,0,0,0,0,0
TF,JOBGU,-77.742594,166.420919,0, ,0.0,0.0,32.9,4.0,2,3000,0,0,0,0,0,0
TF,HEALD,-77.829842,166.555819,0, ,0.0,0.0,32.9,5.5,2,1300,0,0,0,0,2,0
TF,CASUR,-77.853419,166.592619,0, ,0.0,0.0,32.9,1.5,2,1060,0,0,0,0,0,0
TF,WEPOS,-77.877050,166.629656,0, ,0.0,0.0,32.9,1.5,2,800,0,0,0,0,0,0
TF,RW33T,-77.943825,166.735117,0, ,0.0,0.0,32.9,4.2,1,76,0,0,0,0,3,1
CA,0,32.9,2,489,0,0,0,0,0,0

