SID,BAYE1A,03,2
CA,0,34.0,2,610,0,0,0,0,0,0
CF,BAYES,-36.670722,174.833978,0,WP,34.6,12.0,35.0,12.0,3,3000,0,0,0,0,0,0

SID,BAYE1B,08,2
CA,0,79.0,2,750,0,0,0,0,0,0
VI,0, ,0.0,5.0,0,0,0,0,0,0,0,0
CF,BAYES,-36.670722,174.833978,0,WP,34.6,12.0,35.0,8.0,3,3000,0,0,0,0,0,0

SID,BAYE1R,03,5
CA,0,33.0,2,460,0,0,0,0,0,0
CF,BAYES,-36.670722,174.833978,0,AA,342.8,20.0,34.0,12.0,3,3000,0,0,0,0,0,1

SID,BAYE1R,AA,6
IF,BAYES,-36.670722,174.833978, ,0.0,0.0,3,3000,0,0,0,0,0,0
DF,AA,-37.004639,174.813639,2, ,0.0,0.0,0,0,0,0,0,0,0,0

SID,BAYE1R,LAKES,6
IF,BAYES,-36.670722,174.833978, ,0.0,0.0,3,3000,0,0,0,0,0,0
DF,LAKES,-37.453522,175.090875,2, ,0.0,0.0,0,0,0,0,0,0,0,0

SID,BAYE1R,LUPRU,6
IF,BAYES,-36.670722,174.833978, ,0.0,0.0,3,3000,0,0,0,0,0,0
DF,LUPRU,-36.401667,175.025556,0, ,0.0,0.0,0,0,0,0,0,0,0,0

SID,BAYE1R,OMLEN,6
IF,BAYES,-36.670722,174.833978, ,0.0,0.0,3,3000,0,0,0,0,0,0
DF,OMLEN,-36.788056,174.008889,1, ,0.0,0.0,0,0,0,0,0,0,0,0

SID,WYTA1A,21,2
CA,0,214.0,2,610,0,0,0,0,0,0
CF,WYTAK,-36.908156,174.433008,0,WP,212.6,12.0,213.0,12.0,3,3000,0,0,0,0,0,0

SID,WYTA1B,26,2
CA,0,259.0,2,750,0,0,0,0,0,0
VI,0, ,0.0,183.0,0,0,0,0,0,0,0,0
CF,WYTAK,-36.908156,174.433008,0,WP,212.6,12.0,213.0,8.0,3,3000,0,0,0,0,0,0

SID,WYTA1Q,21,5
CA,0,213.0,2,510,0,0,0,0,0,0
CF,WYTAK,-36.908156,174.433008,0,AA,267.4,19.2,214.0,11.0,3,3000,0,0,0,0,0,1

SID,WYTA1Q,AA,6
IF,WYTAK,-36.908156,174.433008, ,0.0,0.0,3,3000,0,0,0,0,0,0
DF,AA,-37.004639,174.813639,1, ,0.0,0.0,0,0,0,0,0,0,0,0

SID,WYTA1Q,KAPAI,6
IF,WYTAK,-36.908156,174.433008, ,0.0,0.0,3,3000,0,0,0,0,0,0
DF,KAPAI,-37.541167,174.525028,0, ,0.0,0.0,0,0,0,0,0,0,0,0

SID,WYTA1Q,LIMES,6
IF,WYTAK,-36.908156,174.433008, ,0.0,0.0,3,3000,0,0,0,0,0,0
DF,LIMES,-37.571669,174.638706,0, ,0.0,0.0,0,0,0,0,0,0,0,0

SID,WYTA1Q,LUPRU,6
IF,WYTAK,-36.908156,174.433008, ,0.0,0.0,3,3000,0,0,0,0,0,0
DF,KANVI,-36.722606,174.604306,2, ,0.0,0.0,0,0,0,1,210,0,0,0
TF,RUTLO,-36.614750,174.781375,0, ,0.0,0.0,0.0,0.0,0,0,0,0,0,0,0,0
TF,LUPRU,-36.401667,175.025556,0, ,0.0,0.0,0.0,0.0,0,0,0,0,0,0,0,0

SID,WYTA1Q,OMLEN,6
IF,WYTAK,-36.908156,174.433008, ,0.0,0.0,3,3000,0,0,0,0,0,0
DF,OMLEN,-36.788056,174.008889,0, ,0.0,0.0,0,0,0,0,0,0,0,0

STAR,AA1J,21,5
IF,AA,-37.004639,174.813639, ,0.0,0.0,0,0,0,0,0,0,0,0
TF,GUTLA,-36.850864,174.668625,0, ,0.0,0.0,0.0,0.0,0,0,0,0,0,0,0,0
TF,EMSAK,-36.721136,174.881531,0, ,0.0,0.0,0.0,0.0,0,0,0,1,210,0,0,0
TF,BAYES,-36.670722,174.833978,0, ,0.0,0.0,0.0,0.0,2,3000,0,1,200,0,0,0

STAR,AA1K,03,5
IF,AA,-37.004639,174.813639, ,0.0,0.0,0,0,0,0,0,0,0,0
TF,GUTLA,-36.850864,174.668625,0, ,0.0,0.0,0.0,0.0,0,0,0,0,0,0,0,0
TF,OMKOL,-36.962658,174.484083,0, ,0.0,0.0,0.0,0.0,0,0,0,1,210,0,0,0
TF,WYTAK,-36.908156,174.433008,0, ,0.0,0.0,0.0,0.0,2,3000,0,1,200,0,0,0

STAR,AA1L,08,5
IF,AA,-37.004639,174.813639, ,0.0,0.0,0,0,0,0,0,0,0,0
TF,IGOLF,-36.840908,174.384633,0, ,0.0,0.0,0.0,0.0,2,3000,0,0,0,0,0,0

STAR,AA1M,26,5
IF,AA,-37.004639,174.813639, ,0.0,0.0,0,0,0,0,0,0,0,0
TF,BAZEN,-36.891928,174.837706,0, ,0.0,0.0,0.0,0.0,2,3000,0,0,0,0,0,0

STAR,ARAD1J,LUNBI,4
IF,LUNBI,-37.256961,170.656817, ,0.0,0.0,0,0,0,0,0,0,0,0
TF,ARADI,-37.149461,173.447864,0, ,0.0,0.0,0.0,0.0,0,0,0,0,0,0,0,0

STAR,ARAD1J,PEBLU,4
IF,PEBLU,-38.109831,170.857672, ,0.0,0.0,0,0,0,0,0,0,0,0
TF,ARADI,-37.149461,173.447864,0, ,0.0,0.0,0.0,0.0,0,0,0,0,0,0,0,0

STAR,ARAD1J,VELMO,4
IF,VELMO,-38.271622,170.930750, ,0.0,0.0,0,0,0,0,0,0,0,0
TF,ARADI,-37.149461,173.447864,0, ,0.0,0.0,0.0,0.0,0,0,0,0,0,0,0,0

STAR,ARAD1J,21,5
IF,ARADI,-37.149461,173.447864, ,0.0,0.0,0,0,0,0,0,0,0,0
TF,VASBO,-36.855933,174.384142,0, ,0.0,0.0,0.0,0.0,0,0,0,0,0,0,0,0
TF,RUTLO,-36.614750,174.781375,0, ,0.0,0.0,0.0,0.0,0,0,0,1,210,0,0,0
TF,BAYES,-36.670722,174.833978,0, ,0.0,0.0,0.0,0.0,2,3000,0,1,200,0,0,0

STAR,ARAD2K,LUNBI,4
IF,LUNBI,-37.256961,170.656817, ,0.0,0.0,0,0,0,0,0,0,0,0
TF,ARADI,-37.149461,173.447864,0, ,0.0,0.0,0.0,0.0,0,0,0,0,0,0,0,0

STAR,ARAD2K,PEBLU,4
IF,PEBLU,-38.109831,170.857672, ,0.0,0.0,0,0,0,0,0,0,0,0
TF,ARADI,-37.149461,173.447864,0, ,0.0,0.0,0.0,0.0,0,0,0,0,0,0,0,0

STAR,ARAD2K,VELMO,4
IF,VELMO,-38.271622,170.930750, ,0.0,0.0,0,0,0,0,0,0,0,0
TF,ARADI,-37.149461,173.447864,0, ,0.0,0.0,0.0,0.0,0,0,0,0,0,0,0,0

STAR,ARAD2K,03,5
IF,ARADI,-37.149461,173.447864, ,0.0,0.0,0,0,0,0,0,0,0,0
TF,WYTAK,-36.908156,174.433008,0, ,0.0,0.0,0.0,0.0,2,3000,0,1,200,0,0,0

STAR,BASI2J,DUGAN,4
IF,DUGAN,-33.879478,173.390172, ,0.0,0.0,0,0,0,0,0,0,0,0
TF,BASIV,-36.396689,173.697869,0, ,0.0,0.0,0.0,0.0,0,0,0,0,0,0,0,0

STAR,BASI2J,ELNOS,4
IF,ELNOS,-34.251983,172.499494, ,0.0,0.0,0,0,0,0,0,0,0,0
TF,BASIV,-36.396689,173.697869,0, ,0.0,0.0,0.0,0.0,0,0,0,0,0,0,0,0

STAR,BASI2J,SALAG,4
IF,SALAG,-34.845050,171.683364, ,0.0,0.0,0,0,0,0,0,0,0,0
TF,BASIV,-36.396689,173.697869,0, ,0.0,0.0,0.0,0.0,0,0,0,0,0,0,0,0

STAR,BASI2J,UPLAR,4
IF,UPLAR,-35.565339,171.093136, ,0.0,0.0,0,0,0,0,0,0,0,0
TF,BASIV,-36.396689,173.697869,0, ,0.0,0.0,0.0,0.0,0,0,0,0,0,0,0,0

STAR,BASI2J,21,5
IF,BASIV,-36.396689,173.697869, ,0.0,0.0,0,0,0,0,0,0,0,0
TF,RUTLO,-36.614750,174.781375,0, ,0.0,0.0,0.0,0.0,0,0,0,1,210,0,0,0
TF,BAYES,-36.670722,174.833978,0, ,0.0,0.0,0.0,0.0,2,3000,0,1,200,0,0,0

STAR,BASI2K,DUGAN,4
IF,DUGAN,-33.879478,173.390172, ,0.0,0.0,0,0,0,0,0,0,0,0
TF,BASIV,-36.396689,173.697869,0, ,0.0,0.0,0.0,0.0,0,0,0,0,0,0,0,0

STAR,BASI2K,ELNOS,4
IF,ELNOS,-34.251983,172.499494, ,0.0,0.0,0,0,0,0,0,0,0,0
TF,BASIV,-36.396689,173.697869,0, ,0.0,0.0,0.0,0.0,0,0,0,0,0,0,0,0

STAR,BASI2K,SALAG,4
IF,SALAG,-34.845050,171.683364, ,0.0,0.0,0,0,0,0,0,0,0,0
TF,BASIV,-36.396689,173.697869,0, ,0.0,0.0,0.0,0.0,0,0,0,0,0,0,0,0

STAR,BASI2K,UPLAR,4
IF,UPLAR,-35.565339,171.093136, ,0.0,0.0,0,0,0,0,0,0,0,0
TF,BASIV,-36.396689,173.697869,0, ,0.0,0.0,0.0,0.0,0,0,0,0,0,0,0,0

STAR,BASI2K,03,5
IF,BASIV,-36.396689,173.697869, ,0.0,0.0,0,0,0,0,0,0,0,0
TF,WYTAK,-36.908156,174.433008,0, ,0.0,0.0,0.0,0.0,2,3000,0,1,200,0,0,0

STAR,EXOP1K,AGREX,4
IF,AGREX,-33.725117,175.564372, ,0.0,0.0,0,0,0,0,0,0,0,0
TF,EXOPI,-36.364981,175.302225,0, ,0.0,0.0,0.0,0.0,0,0,0,0,0,0,0,0

STAR,EXOP1K,AKLOM,4
IF,AKLOM,-35.357856,178.394161, ,0.0,0.0,0,0,0,0,0,0,0,0
TF,EXOPI,-36.364981,175.302225,0, ,0.0,0.0,0.0,0.0,0,0,0,0,0,0,0,0

STAR,EXOP1K,KALAG,4
IF,KALAG,-33.694261,175.323831, ,0.0,0.0,0,0,0,0,0,0,0,0
TF,EXOPI,-36.364981,175.302225,0, ,0.0,0.0,0.0,0.0,0,0,0,0,0,0,0,0

STAR,EXOP1K,OKTUB,4
IF,OKTUB,-35.213969,176.160044, ,0.0,0.0,0,0,0,0,0,0,0,0
TF,EXOPI,-36.364981,175.302225,0, ,0.0,0.0,0.0,0.0,0,0,0,0,0,0,0,0

STAR,EXOP1K,OLBEX,4
IF,OLBEX,-35.693419,178.607472, ,0.0,0.0,0,0,0,0,0,0,0,0
TF,EXOPI,-36.364981,175.302225,0, ,0.0,0.0,0.0,0.0,0,0,0,0,0,0,0,0

STAR,EXOP1K,SELKA,4
IF,SELKA,-34.149336,176.927556, ,0.0,0.0,0,0,0,0,0,0,0,0
TF,OKTUB,-35.213969,176.160044,0, ,0.0,0.0,0.0,0.0,0,0,0,0,0,0,0,0
TF,EXOPI,-36.364981,175.302225,0, ,0.0,0.0,0.0,0.0,0,0,0,0,0,0,0,0

STAR,EXOP1K,TARIB,4
IF,TARIB,-34.066142,176.748078, ,0.0,0.0,0,0,0,0,0,0,0,0
TF,EXOPI,-36.364981,175.302225,0, ,0.0,0.0,0.0,0.0,0,0,0,0,0,0,0,0

STAR,EXOP1K,03,5
IF,EXOPI,-36.364981,175.302225, ,0.0,0.0,0,0,0,0,0,0,0,0
TF,RUTLO,-36.614750,174.781375,0, ,0.0,0.0,0.0,0.0,0,0,0,0,0,0,0,0
TF,VASBO,-36.855933,174.384142,0, ,0.0,0.0,0.0,0.0,0,0,0,1,210,0,0,0
TF,WYTAK,-36.908156,174.433008,0, ,0.0,0.0,0.0,0.0,2,3000,0,1,200,0,0,0

STAR,EXOP2J,AGREX,4
IF,AGREX,-33.725117,175.564372, ,0.0,0.0,0,0,0,0,0,0,0,0
TF,EXOPI,-36.364981,175.302225,0, ,0.0,0.0,0.0,0.0,0,0,0,0,0,0,0,0

STAR,EXOP2J,AKLOM,4
IF,AKLOM,-35.357856,178.394161, ,0.0,0.0,0,0,0,0,0,0,0,0
TF,EXOPI,-36.364981,175.302225,0, ,0.0,0.0,0.0,0.0,0,0,0,0,0,0,0,0

STAR,EXOP2J,KALAG,4
IF,KALAG,-33.694261,175.323831, ,0.0,0.0,0,0,0,0,0,0,0,0
TF,EXOPI,-36.364981,175.302225,0, ,0.0,0.0,0.0,0.0,0,0,0,0,0,0,0,0

STAR,EXOP2J,OKTUB,4
IF,OKTUB,-35.213969,176.160044, ,0.0,0.0,0,0,0,0,0,0,0,0
TF,EXOPI,-36.364981,175.302225,0, ,0.0,0.0,0.0,0.0,0,0,0,0,0,0,0,0

STAR,EXOP2J,OLBEX,4
IF,OLBEX,-35.693419,178.607472, ,0.0,0.0,0,0,0,0,0,0,0,0
TF,EXOPI,-36.364981,175.302225,0, ,0.0,0.0,0.0,0.0,0,0,0,0,0,0,0,0

STAR,EXOP2J,SELKA,4
IF,SELKA,-34.149336,176.927556, ,0.0,0.0,0,0,0,0,0,0,0,0
TF,OKTUB,-35.213969,176.160044,0, ,0.0,0.0,0.0,0.0,0,0,0,0,0,0,0,0
TF,EXOPI,-36.364981,175.302225,0, ,0.0,0.0,0.0,0.0,0,0,0,0,0,0,0,0

STAR,EXOP2J,TARIB,4
IF,TARIB,-34.066142,176.748078, ,0.0,0.0,0,0,0,0,0,0,0,0
TF,EXOPI,-36.364981,175.302225,0, ,0.0,0.0,0.0,0.0,0,0,0,0,0,0,0,0

STAR,EXOP2J,21,5
IF,EXOPI,-36.364981,175.302225, ,0.0,0.0,0,0,0,0,0,0,0,0
TF,BAYES,-36.670722,174.833978,0, ,0.0,0.0,0.0,0.0,2,3000,0,1,200,0,0,0

STAR,LUPR1J,21,5
IF,LUPRU,-36.401667,175.025556, ,0.0,0.0,0,0,0,0,0,0,0,0
TF,BAYES,-36.670722,174.833978,0, ,0.0,0.0,0.0,0.0,2,3000,0,1,200,0,0,0

STAR,LUPR1K,03,5
IF,LUPRU,-36.401667,175.025556, ,0.0,0.0,0,0,0,0,0,0,0,0
TF,RUTLO,-36.614750,174.781375,0, ,0.0,0.0,0.0,0.0,0,0,0,0,0,0,0,0
TF,VASBO,-36.855933,174.384142,0, ,0.0,0.0,0.0,0.0,0,0,0,1,210,0,0,0
TF,WYTAK,-36.908156,174.433008,0, ,0.0,0.0,0.0,0.0,2,3000,0,1,200,0,0,0

STAR,OMLE1J,21,5
IF,OMLEN,-36.788056,174.008889, ,0.0,0.0,0,0,0,0,0,0,0,0
TF,VASBO,-36.855933,174.384142,0, ,0.0,0.0,0.0,0.0,0,0,0,0,0,0,0,0
TF,RUTLO,-36.614750,174.781375,0, ,0.0,0.0,0.0,0.0,0,0,0,1,210,0,0,0
TF,BAYES,-36.670722,174.833978,0, ,0.0,0.0,0.0,0.0,2,3000,0,1,200,0,0,0

STAR,OMLE1K,03,5
IF,OMLEN,-36.788056,174.008889, ,0.0,0.0,0,0,0,0,0,0,0,0
TF,WYTAK,-36.908156,174.433008,0, ,0.0,0.0,0.0,0.0,2,3000,0,1,200,0,0,0

APPTR,D03,03,D327O
IF,D327O,-36.542850,174.561433, ,0.0,0.0,2,3000,0,0,0,0,0,0
AF,D208O,-36.954069,174.399431,1,WP,208.0,15.0,327.0,2,3000,0,0,0,0,0,0
TF,D208H,-36.880525,174.501544,0, ,0.0,0.0,0.0,0.0,2,3000,0,0,0,0,0,0
TF,CD03,-36.866028,174.521633,0, ,0.0,0.0,0.0,0.0,2,2500,0,0,0,0,0,0

APPTR,D03,03,WP1
IF,WP,-36.786794,174.631225, ,0.0,0.0,2,3000,0,0,0,0,0,0
FD,WP,-36.786794,174.631225,0,WP,0.0,9.0,236.0,9.0,2,2500,0,0,0,0,0,0
CF,CD03,-36.866028,174.521633,1,WP,208.0,7.1,28.0,1.9,2,2500,0,0,0,0,0,0

APPTR,D03,03,WP2
IF,WP,-36.786794,174.631225, ,0.0,0.0,2,3000,0,0,0,0,0,0
FD,WP,-36.786794,174.631225,0,WP,0.0,9.0,218.0,9.0,2,2500,0,0,0,0,0,0
CF,CD03,-36.866028,174.521633,1,WP,208.0,7.1,28.0,1.9,2,2500,0,0,0,0,0,0

FINAL,D03,03,D,4
IF,CD03,-36.866028,174.521633,WP,208.0,7.1,2,2500,0,0,0,0,0,0
CF,FD03,-36.853758,174.538628,0,WP,208.0,6.0,28.0,1.1,2,2100,0,0,0,0,2,0
CF,25VOR,-36.814706,174.592661,0,WP,208.0,2.5,28.0,3.5,2,800,0,0,0,0,0,0
CF,MD03,-36.803542,174.608089,0,WP,208.0,1.5,28.0,1.0,1,433,0,0,0,0,3,0
TF,WP,-36.786794,174.631225,0, ,0.0,0.0,0.0,0.0,0,0,0,0,0,0,0,0
TF,BAYES,-36.670722,174.833978,0, ,0.0,0.0,0.0,0.0,1,3000,0,0,0,0,0,0
HM,BAYES,-36.670722,174.833978,1, ,0.0,0.0,215.0,05,2,3000,0,0,0,0,0,0,0

APPTR,D08,08,D020O
IF,D020O,-36.594856,174.830781, ,0.0,0.0,2,3000,0,0,0,0,0,0
AF,D262O,-36.734356,174.327000,1,WP,262.0,15.0,20.0,2,3000,0,0,0,0,0,0
TF,D262J,-36.751922,174.428364,0, ,0.0,0.0,0.0,0.0,2,3000,0,0,0,0,0,0
TF,D262I,-36.755425,174.448642,0, ,0.0,0.0,0.0,0.0,2,2700,0,0,0,0,0,0
TF,FF08,-36.765911,174.509486,0, ,0.0,0.0,0.0,0.0,2,1800,0,0,0,0,0,0

APPTR,D08,08,D207O
IF,D207O,-36.957297,174.403097, ,0.0,0.0,2,3000,0,0,0,0,0,0
AF,D262O,-36.734356,174.327000,2,WP,262.0,15.0,207.0,2,3000,0,0,0,0,0,0
TF,D262J,-36.751922,174.428364,0, ,0.0,0.0,0.0,0.0,2,3000,0,0,0,0,0,0
TF,D262I,-36.755425,174.448642,0, ,0.0,0.0,0.0,0.0,2,2700,0,0,0,0,0,0
TF,FF08,-36.765911,174.509486,0, ,0.0,0.0,0.0,0.0,2,1800,0,0,0,0,0,0

APPTR,D08,08,WP1
IF,WP,-36.786794,174.631225, ,0.0,0.0,2,3000,0,0,0,0,0,0
FD,WP,-36.786794,174.631225,0,WP,0.0,9.0,290.0,9.0,2,1800,0,0,0,0,0,0
CF,D262I,-36.755425,174.448642,1,WP,262.0,9.0,82.0,1.0,2,1800,0,0,0,0,0,0
TF,FF08,-36.765911,174.509486,0, ,0.0,0.0,0.0,0.0,2,1800,0,0,0,0,0,0

APPTR,D08,08,WP2
IF,WP,-36.786794,174.631225, ,0.0,0.0,2,3000,0,0,0,0,0,0
FD,WP,-36.786794,174.631225,0,WP,0.0,6.0,277.0,6.0,2,1800,0,0,0,0,0,0
CF,FF08,-36.765911,174.509486,1,WP,262.0,6.0,82.0,1.0,2,1800,0,0,0,0,0,0

FINAL,D08,08,D,3
IF,FF08,-36.765911,174.509486,WP,262.0,6.0,2,1800,0,0,0,0,2,0
CF,25VO2,-36.778108,174.580492,0,WP,262.0,2.5,82.0,3.5,2,750,0,0,0,0,0,0
CF,MA08,-36.781583,174.600783,0,WP,262.0,1.5,82.0,1.0,1,457,0,0,0,0,3,0
CA,0,82.0,2,1000,0,0,0,0,0,0
VI,0, ,0.0,5.0,0,0,0,1,240,0,0,0
CF,BAYES,-36.670722,174.833978,0,WP,35.6,12.0,35.0,8.5,1,3000,0,0,0,0,0,0
HM,BAYES,-36.670722,174.833978,1, ,0.0,0.0,215.0,05,2,3000,0,0,0,0,0,0,0

APPTR,D21,21,D078O
IF,D078O,-36.821233,174.939564, ,0.0,0.0,2,3000,0,0,0,0,0,0
AF,D040O,-36.661322,174.900319,1,WP,40.0,15.0,78.0,2,3000,0,0,0,0,0,0
TF,D040J,-36.703214,174.810717,0, ,0.0,0.0,0.0,0.0,2,3000,0,0,0,0,0,0
TF,FD21,-36.736678,174.738967,0, ,0.0,0.0,0.0,0.0,2,1800,0,0,0,0,0,0

APPTR,D21,21,D280O
IF,D280O,-36.661322,174.362128, ,0.0,0.0,2,3000,0,0,0,0,0,0
AF,D040O,-36.661322,174.900319,2,WP,40.0,15.0,280.0,2,3000,0,0,0,0,0,0
TF,D040J,-36.703214,174.810717,0, ,0.0,0.0,0.0,0.0,2,3000,0,0,0,0,0,0
TF,FD21,-36.736678,174.738967,0, ,0.0,0.0,0.0,0.0,2,1800,0,0,0,0,0,0

APPTR,D21,21,WP1
IF,WP,-36.786794,174.631225, ,0.0,0.0,2,3000,0,0,0,0,0,0
FD,WP,-36.786794,174.631225,0,WP,0.0,10.0,15.0,10.0,0,0,0,0,0,0,0,0
CF,D040J,-36.703214,174.810717,2,WP,40.0,10.0,220.0,1.0,2,3000,0,0,0,0,0,0
TF,FD21,-36.736678,174.738967,0, ,0.0,0.0,0.0,0.0,2,1800,0,0,0,0,0,0

APPTR,D21,21,WP2
IF,WP,-36.786794,174.631225, ,0.0,0.0,2,3000,0,0,0,0,0,0
FD,WP,-36.786794,174.631225,0,WP,0.0,6.0,25.0,6.0,2,1800,0,0,0,0,0,0
CF,FD21,-36.736678,174.738967,2,WP,40.0,6.0,220.0,1.0,2,1800,0,0,0,0,0,0

FINAL,D21,21,D,2
IF,FD21,-36.736678,174.738967,WP,40.0,6.0,2,1800,0,0,0,0,2,0
CF,MA21,-36.774272,174.658172,0,WP,40.0,1.5,220.0,4.5,1,457,0,0,0,0,3,0
TF,WP,-36.786794,174.631225,0, ,0.0,0.0,0.0,0.0,0,0,0,0,0,0,0,0
TF,WYTAK,-36.908156,174.433008,0, ,0.0,0.0,0.0,0.0,1,3000,0,0,0,0,0,0
HM,WYTAK,-36.908156,174.433008,1, ,0.0,0.0,33.0,05,2,3000,0,0,0,0,0,0,0

APPTR,D26,26,D316O
IF,D316O,-36.558031,174.505008, ,0.0,0.0,2,3000,0,0,0,0,0,0
AF,D076O,-36.812556,174.940853,2,WP,76.0,15.0,316.0,2,3000,0,0,0,0,0,0
TF,D076J,-36.804058,174.837619,0, ,0.0,0.0,0.0,0.0,2,3000,0,0,0,0,0,0
TF,D076H,-36.800633,174.796333,0, ,0.0,0.0,0.0,0.0,2,2400,0,0,0,0,0,0
TF,D076G,-36.798400,174.769500,0, ,0.0,0.0,0.0,0.0,2,2000,0,0,0,0,0,0
TF,FF26,-36.797194,174.755050,0, ,0.0,0.0,0.0,0.0,2,1800,0,0,0,0,0,0

APPTR,D26,26,WP1
IF,WP,-36.786794,174.631225, ,0.0,0.0,2,3000,0,0,0,0,0,0
FD,WP,-36.786794,174.631225,0,WP,0.0,8.0,45.0,8.0,2,2000,0,0,0,0,0,0
CF,D076G,-36.798400,174.769500,2,WP,76.0,6.7,256.0,1.0,2,2000,0,0,0,0,0,0
TF,FF26,-36.797194,174.755050,0, ,0.0,0.0,0.0,0.0,2,1800,0,0,0,0,0,0

APPTR,D26,26,WP2
IF,WP,-36.786794,174.631225, ,0.0,0.0,2,3000,0,0,0,0,0,0
FD,WP,-36.786794,174.631225,0,WP,0.0,6.0,61.0,6.0,2,1800,0,0,0,0,0,0
CF,FF26,-36.797194,174.755050,2,WP,76.0,6.0,256.0,1.0,2,1800,0,0,0,0,0,0

FINAL,D26,26,D,3
IF,FF26,-36.797194,174.755050,WP,76.0,6.0,2,1800,0,0,0,0,2,0
CF,30VO2,-36.792011,174.693133,0,WP,76.0,3.0,256.0,3.0,2,900,0,0,0,0,0,0
CF,MA26,-36.789406,174.662178,0,WP,76.0,1.5,256.0,1.5,1,429,0,0,0,0,3,0
CA,0,256.0,2,1000,0,0,0,0,0,0
VI,0, ,0.0,183.0,0,0,0,1,240,0,0,0
CF,WYTAK,-36.908156,174.433008,0,WP,212.6,12.0,213.0,9.0,1,3000,0,0,0,0,0,0
HM,WYTAK,-36.908156,174.433008,1, ,0.0,0.0,33.0,05,2,3000,0,0,0,0,0,0,0

APPTR,I03,03,D327O
IF,D327O,-36.542850,174.561433, ,0.0,0.0,0,0,0,0,0,0,0,0
AF,D214O,-36.935556,174.380667,1,WP,213.5,15.0,327.0,2,3000,0,0,0,0,0,0
CF,WYTAK,-36.908156,174.433008,0,IWI,213.3,12.4,34.0,3.0,2,3000,0,0,0,0,0,0

APPTR,I03,03,WP1
IF,WP,-36.786794,174.631225, ,0.0,0.0,2,3000,0,0,0,0,0,0
FD,WP,-36.786794,174.631225,0,WP,0.0,9.0,241.0,9.0,2,2500,0,0,0,0,0,0
VI,1,IWI,0.0,64.0,2,2500,0,0,0,0,0,0

APPTR,I03,03,WP2
IF,WP,-36.786794,174.631225, ,0.0,0.0,2,3000,0,0,0,0,0,0
FD,WP,-36.786794,174.631225,0,WP,0.0,9.0,223.0,9.0,2,2500,0,0,0,0,0,0
VI,1,IWI,0.0,64.0,2,2500,0,0,0,0,0,0

FINAL,I03,03,I,3
IF,WYTAK,-36.908156,174.433008,IWI,213.3,12.4,2,3000,0,0,0,0,0,0
CF,FI03,-36.866636,174.499303,0,IWI,214.0,8.4,34.0,4.1,1,2500,0,0,0,0,2,0
CF,RW03,-36.796181,174.620886,0,IWI,213.0,1.1,34.0,7.2,1,153,0,0,0,0,3,0
TF,BAYES,-36.670722,174.833978,0, ,0.0,0.0,0.0,0.0,1,3000,0,0,0,0,0,0

APPTR,I21,21,D078O
IF,D078O,-36.821233,174.939564, ,0.0,0.0,0,0,0,0,0,0,0,0
AF,D034O,-36.641567,174.884492,1,WP,34.6,15.0,78.0,2,3000,0,0,0,0,0,0
CF,BAYES,-36.670722,174.833978,0,IWP,33.9,12.8,214.0,3.0,2,3000,0,0,0,0,0,0

APPTR,I21,21,D280O
IF,D280O,-36.661322,174.362128, ,0.0,0.0,0,0,0,0,0,0,0,0
AF,D034O,-36.641567,174.884492,2,WP,34.6,15.0,280.0,2,3000,0,0,0,0,0,0
CF,BAYES,-36.670722,174.833978,0,IWP,33.9,12.8,214.0,3.0,2,3000,0,0,0,0,0,0

APPTR,I21,21,WP
IF,WP,-36.786794,174.631225, ,0.0,0.0,2,3000,0,0,0,0,0,0
FD,WP,-36.786794,174.631225,0,WP,0.0,12.0,14.0,12.0,0,0,0,0,0,0,0,0
CF,BAYES,-36.670722,174.833978,2,IWP,33.9,12.8,214.0,1.0,2,3000,0,0,0,0,0,0

FINAL,I21,21,I,3
IF,BAYES,-36.670722,174.833978,IWP,33.9,12.8,2,3000,0,0,0,0,0,0
CF,FI21,-36.697256,174.789797,0,IWP,34.0,10.1,214.0,2.7,1,3000,0,0,0,0,2,0
CF,RW21,-36.785153,174.639053,0,IWP,33.0,1.1,214.0,9.0,1,109,0,0,0,0,3,0
TF,WYTAK,-36.908156,174.433008,0, ,0.0,0.0,0.0,0.0,1,3000,0,0,0,0,0,0

APPTR,L03,03,D327O
IF,D327O,-36.542850,174.561433, ,0.0,0.0,0,0,0,0,0,0,0,0
AF,D214O,-36.935556,174.380667,1,WP,213.5,15.0,327.0,2,3000,0,0,0,0,0,0
CF,WYTAK,-36.908156,174.433008,0,IWI,213.3,12.4,34.0,3.0,2,3000,0,0,0,0,0,0

APPTR,L03,03,WP1
IF,WP,-36.786794,174.631225, ,0.0,0.0,2,3000,0,0,0,0,0,0
FD,WP,-36.786794,174.631225,0,WP,0.0,9.0,241.0,9.0,2,2500,0,0,0,0,0,0
VI,1,IWI,0.0,64.0,2,2500,0,0,0,0,0,0

APPTR,L03,03,WP2
IF,WP,-36.786794,174.631225, ,0.0,0.0,2,3000,0,0,0,0,0,0
FD,WP,-36.786794,174.631225,0,WP,0.0,9.0,223.0,9.0,2,2500,0,0,0,0,0,0
VI,1,IWI,0.0,64.0,2,2500,0,0,0,0,0,0

FINAL,L03,03,D,4
IF,WYTAK,-36.908156,174.433008,IWI,213.3,12.4,2,3000,0,0,0,0,0,0
CF,FF03,-36.843131,174.539667,0,IWI,214.0,6.0,34.0,6.5,2,1710,0,0,0,0,2,0
CF,20LOC,-36.813722,174.590103,0,IWI,214.0,3.0,34.0,3.0,2,740,0,0,0,0,0,0
CF,ML03,-36.803894,174.606939,0,IWI,214.0,2.0,34.0,1.0,1,413,0,0,0,0,3,0
TF,BAYES,-36.670722,174.833978,0, ,0.0,0.0,0.0,0.0,1,3000,0,0,0,0,0,0

APPTR,L21,21,D078O
IF,D078O,-36.821233,174.939564, ,0.0,0.0,0,0,0,0,0,0,0,0
AF,D034O,-36.641567,174.884492,1,WP,34.6,15.0,78.0,2,3000,0,0,0,0,0,0
CF,BAYES,-36.670722,174.833978,0,IWP,33.9,12.8,214.0,3.0,2,3000,0,0,0,0,0,0

APPTR,L21,21,D280O
IF,D280O,-36.661322,174.362128, ,0.0,0.0,0,0,0,0,0,0,0,0
AF,D034O,-36.641567,174.884492,2,WP,34.6,15.0,280.0,2,3000,0,0,0,0,0,0
CF,BAYES,-36.670722,174.833978,0,IWP,33.9,12.8,214.0,3.0,2,3000,0,0,0,0,0,0

APPTR,L21,21,WP
IF,WP,-36.786794,174.631225, ,0.0,0.0,2,3000,0,0,0,0,0,0
FD,WP,-36.786794,174.631225,0,WP,0.0,12.0,14.0,12.0,0,0,0,0,0,0,0,0
CF,BAYES,-36.670722,174.833978,2,IWP,33.9,12.8,214.0,1.0,2,3000,0,0,0,0,0,0

FINAL,L21,21,D,4
IF,BAYES,-36.670722,174.833978,IWP,33.9,12.8,2,3000,0,0,0,0,0,0
CF,FF21,-36.727728,174.737867,0,IWP,34.0,7.0,214.0,5.8,2,1600,0,0,0,0,2,0
CF,30LOC,-36.757197,174.687567,0,IWP,34.0,4.0,214.0,3.0,2,1020,0,0,0,0,0,0
CF,ML21,-36.776842,174.653997,0,IWP,34.0,2.0,214.0,2.0,1,388,0,0,0,0,3,0
TF,WYTAK,-36.908156,174.433008,0, ,0.0,0.0,0.0,0.0,1,3000,0,0,0,0,0,0

APPTR,R03,03,WYTAK
HF,WYTAK,-36.908156,174.433008,1, ,0.0,0.0,34.0,04.3,2,3000,0,0,0,0,1,0,0

FINAL,R03,03,R,3
IF,WYTAK,-36.908156,174.433008, ,0.0,0.0,2,3000,0,1,200,0,0,0
TF,MESUD,-36.836389,174.554608,0, ,0.0,0.0,34.0,7.3,2,1430,0,0,0,0,2,0
TF,RW03,-36.796181,174.620886,0, ,0.0,0.0,33.0,4.0,1,153,0,0,0,0,3,1
CF,BAYES,-36.670722,174.833978,0,WP,34.6,12.0,34.0,12.7,1,3000,0,0,0,0,0,0
HM,BAYES,-36.670722,174.833978,1, ,0.0,0.0,214.0,04.3,1,3000,0,0,0,0,0,0,0

APPTR,R08,08,HALEN
IF,HALEN,-36.675653,174.413889, ,0.0,0.0,0,0,0,0,0,0,1,0
TF,MAKEE,-36.758283,174.399278,0, ,0.0,0.0,0.0,0.0,2,3000,0,0,0,0,1,0

APPTR,R08,08,IGOLF
IF,IGOLF,-36.840908,174.384633, ,0.0,0.0,0,0,0,0,0,0,1,0
TF,MAKEE,-36.758283,174.399278,0, ,0.0,0.0,0.0,0.0,2,3000,0,0,0,0,1,0

APPTR,R08,08,MAKEE
HF,MAKEE,-36.758283,174.399278,1, ,0.0,0.0,79.0,04.3,2,3000,0,0,0,0,1,0,0

FINAL,R08,08,R,3
IF,MAKEE,-36.758283,174.399278, ,0.0,0.0,2,3000,0,0,0,0,0,0
TF,WP801,-36.770008,174.501981,0, ,0.0,0.0,79.0,5.0,2,2000,0,0,0,0,2,0
TF,RW08,-36.783758,174.623467,0, ,0.0,0.0,79.0,5.9,1,118,0,0,0,0,3,1
CF,WP804,-36.792233,174.698928,0,WP,75.7,3.3,78.0,3.7,0,0,0,0,0,0,0,1
DF,BAYES,-36.670722,174.833978,0, ,0.0,0.0,1,3000,0,1,240,0,0,0

APPTR,R21,21,BAYES
HF,BAYES,-36.670722,174.833978,1, ,0.0,0.0,214.0,04.3,2,3000,0,0,0,0,1,0,0

FINAL,R21,21,R,3
IF,BAYES,-36.670722,174.833978, ,0.0,0.0,2,3000,0,1,200,0,0,0
TF,KIBIM,-36.744892,174.705256,0, ,0.0,0.0,215.0,7.6,2,1380,0,0,0,0,2,0
TF,RW21,-36.785153,174.639053,0, ,0.0,0.0,213.0,4.0,1,109,0,0,0,0,3,1
CF,WYTAK,-36.908156,174.433008,0,WP,212.6,12.0,214.0,12.4,1,3000,0,0,0,0,0,0
HM,WYTAK,-36.908156,174.433008,1, ,0.0,0.0,34.0,04.3,1,3000,0,0,0,0,0,0,0

APPTR,R26,26,ABUOY
IF,ABUOY,-36.726589,174.866000, ,0.0,0.0,0,0,0,0,0,0,1,0
TF,FLAXX,-36.809258,174.851867,0, ,0.0,0.0,0.0,0.0,2,3000,0,0,0,0,1,0

APPTR,R26,26,BAZEN
IF,BAZEN,-36.891928,174.837706, ,0.0,0.0,0,0,0,0,0,0,1,0
TF,FLAXX,-36.809258,174.851867,0, ,0.0,0.0,0.0,0.0,2,3000,0,0,0,0,1,0

APPTR,R26,26,FLAXX
HF,FLAXX,-36.809258,174.851867,2, ,0.0,0.0,258.0,04.3,2,3000,0,0,0,0,1,0,0

FINAL,R26,26,R,3
IF,FLAXX,-36.809258,174.851867, ,0.0,0.0,2,3000,0,0,0,0,0,0
TF,WP601,-36.797839,174.749069,0, ,0.0,0.0,258.0,5.0,2,2000,0,0,0,0,2,0
TF,RW26,-36.785733,174.641011,0, ,0.0,0.0,258.0,5.3,1,103,0,0,0,0,3,1
CF,WP604,-36.777219,174.565558,0,WP,260.3,3.2,258.0,3.7,0,0,0,0,0,0,0,1
DF,WYTAK,-36.908156,174.433008,0, ,0.0,0.0,1,3000,0,1,240,0,0,0

