FINAL,I33R,33R,I,3
IF,CI33R,25.786194,50.662375,ISIB,151.8,10.0,2,1500,0,0,0,0,0,0
CF,FI33R,25.831211,50.637958,0,ISIB,151.8,7.0,332.0,3.0,1,1500,0,0,0,0,2,0
CF,RW33R,25.902969,50.598994,0,ISIB,151.8,2.2,332.0,4.8,1,84,0,0,0,0,3,0
CF,D332C,25.966278,50.564572,0,SIA,330.2,3.0,332.0,4.2,0,0,0,0,0,0,0,1
VM,0,0,2,100.0,1,2500,0,0,0,0,0,0

APPTR,T33RZ,33R,CF33R
HF,CF33R,25.790311,50.668417,2, ,0.0,0.0,328.0,04,2,2500,0,1,230,0,1,0,0

APPTR,T33RZ,33R,RABAD
IF,RABAD,25.796389,50.767222,MAG,125.0,12.3,2,2500,0,0,0,0,1,0
AF,D148L,25.741936,50.699208,2,MAG,148.0,12.3,125.0,0,0,0,0,0,0,0,0
CF,CF33R,25.790311,50.668417,0,MAG,148.0,9.0,328.0,3.3,2,2500,0,0,0,0,1,0

FINAL,T33RZ,33R,D,3
IF,CF33R,25.790311,50.668417,MAG,148.0,9.0,2,2500,0,0,0,0,0,0
CF,FF33R,25.833756,50.640739,0,MAG,148.0,6.0,328.0,3.0,2,1700,0,0,0,0,2,0
CF,MA33R,25.901808,50.597336,0,MAG,148.0,1.3,328.0,4.7,1,86,0,0,0,0,3,0
CA,0,328.0,2,800,0,0,0,0,0,0
DF,RABAD,25.796389,50.767222,2, ,0.0,0.0,2,2500,0,0,0,0,0,0

