SID,EMUS1A,34L,2
CF,D341B,26.529661,49.768367,0,KFA,341.0,2.0,341.0,3.0,1,4000,0,0,0,0,0,1
VI,0, ,0.0,253.0,0,0,0,0,0,0,0,0
CF,KF35B,26.654875,49.151933,0,KFA,282.7,35.0,283.0,27.0,0,0,0,0,0,0,0,0
AF,KF35A,26.315358,49.161208,1,KFA,249.0,35.0,283.0,0,0,0,0,0,0,0,0
CF,EMUSA,26.183667,48.721361,0,KFA,249.0,60.0,249.0,25.0,0,0,0,0,0,0,0,0

SID,EMUS1B,34R,2
CF,D015B,26.529233,49.790392,0,KFA,15.5,2.0,341.0,3.0,1,4000,0,0,0,0,0,1
VI,0, ,0.0,253.0,0,0,0,0,0,0,0,0
CF,KF35B,26.654875,49.151933,0,KFA,282.7,35.0,283.0,28.0,0,0,0,0,0,0,0,0
AF,KF35A,26.315358,49.161208,1,KFA,249.0,35.0,283.0,0,0,0,0,0,0,0,0
CF,EMUSA,26.183667,48.721361,0,KFA,249.0,60.0,249.0,25.0,0,0,0,0,0,0,0,0

SID,EMUS1C,16R,2
CF,D161G,26.385044,49.814419,0,KFA,161.0,7.0,161.0,6.0,1,4000,0,0,0,0,0,1
AF,D249G,26.461306,49.654975,2,KFA,249.0,7.0,161.0,0,0,0,0,0,0,0,0
CF,EMUSA,26.183667,48.721361,0,KFA,249.0,60.0,249.0,53.0,0,0,0,0,0,0,0,0

SID,EMUS1D,16L,2
CF,D152G,26.391881,49.834486,0,KFA,151.5,7.0,161.0,5.0,1,4000,0,0,0,0,0,1
AF,D249G,26.461306,49.654975,2,KFA,249.0,7.0,152.0,0,0,0,0,0,0,0,0
CF,EMUSA,26.183667,48.721361,0,KFA,249.0,60.0,249.0,53.0,0,0,0,0,0,0,0,0

SID,LADN2A,34L,2
CF,D341G,26.609997,49.742731,0,KFA,341.0,7.0,341.0,8.0,1,4000,0,0,0,0,0,1
AF,D091G,26.490431,49.908408,2,KFA,90.5,7.0,341.0,0,0,0,0,0,0,0,0
CF,LADNA,26.463706,50.379064,0,KFA,90.5,32.4,91.0,25.0,0,0,0,0,0,0,0,0

SID,LADN2B,34R,2
CF,D350G,26.613733,49.763417,0,KFA,350.3,7.0,341.0,8.0,1,4000,0,0,0,0,0,1
AF,D091G,26.490431,49.908408,2,KFA,90.5,7.0,350.0,0,0,0,0,0,0,0,0
CF,LADNA,26.463706,50.379064,0,KFA,90.5,32.4,91.0,25.0,0,0,0,0,0,0,0,0

SID,LADN2C,16R,2
CF,D161G,26.385044,49.814419,0,KFA,161.0,7.0,161.0,6.0,1,4000,0,0,0,0,0,1
AF,D091G,26.490431,49.908408,1,KFA,90.5,7.0,161.0,0,0,0,0,0,0,0,0
CF,LADNA,26.463706,50.379064,0,KFA,90.5,32.4,91.0,25.0,0,0,0,0,0,0,0,0

SID,LADN2D,16L,2
CF,D152G,26.391881,49.834486,0,KFA,151.5,7.0,161.0,5.0,1,4000,0,0,0,0,0,1
AF,D091G,26.490431,49.908408,1,KFA,90.5,7.0,152.0,0,0,0,0,0,0,0,0
CF,LADNA,26.463706,50.379064,0,KFA,90.5,32.4,91.0,25.0,0,0,0,0,0,0,0,0

SID,METL2A,34L,2
CF,D341G,26.609997,49.742731,0,KFA,341.0,7.0,341.0,8.0,1,4000,0,0,0,0,0,1
AF,D028G,26.598133,49.845036,2,KFA,27.7,7.0,341.0,0,0,0,0,0,0,0,0
CF,METLA,26.945892,50.075719,0,KFA,27.7,31.2,28.0,24.0,0,0,0,0,0,0,0,0

SID,METL2B,34R,2
CF,D350G,26.613733,49.763417,0,KFA,350.3,7.0,341.0,8.0,1,4000,0,0,0,0,0,1
AF,D028G,26.598133,49.845036,2,KFA,27.7,7.0,350.0,0,0,0,0,0,0,0,0
CF,METLA,26.945892,50.075719,0,KFA,27.7,31.2,28.0,24.0,0,0,0,0,0,0,0,0

SID,METL2C,16R,2
CF,D161G,26.385044,49.814419,0,KFA,161.0,7.0,161.0,6.0,1,4000,0,0,0,0,0,1
AF,D028G,26.598133,49.845036,1,KFA,27.7,7.0,161.0,0,0,0,0,0,0,0,0
CF,METLA,26.945892,50.075719,0,KFA,27.7,31.2,28.0,24.0,0,0,0,0,0,0,0,0

SID,METL2D,16L,2
CF,D152G,26.391881,49.834486,0,KFA,151.5,7.0,161.0,5.0,1,4000,0,0,0,0,0,1
AF,D028G,26.598133,49.845036,1,KFA,27.7,7.0,152.0,0,0,0,0,0,0,0,0
CF,METLA,26.945892,50.075719,0,KFA,27.7,31.2,28.0,24.0,0,0,0,0,0,0,0,0

SID,MIBR1A,34L,2
CF,D341G,26.609997,49.742731,0,KFA,341.0,7.0,341.0,8.0,1,4000,0,0,0,0,0,1
DF,KFA,26.497528,49.778611,2, ,0.0,0.0,1,4000,0,0,0,0,0,1
TF,MIBRA,25.948250,48.848194,0, ,0.0,0.0,0.0,0.0,0,0,0,0,0,0,0,0

SID,MIBR1B,34R,2
CF,D350G,26.613733,49.763417,0,KFA,350.3,7.0,341.0,8.0,1,4000,0,0,0,0,0,1
DF,KFA,26.497528,49.778611,2, ,0.0,0.0,1,4000,0,0,0,0,0,1
TF,MIBRA,25.948250,48.848194,0, ,0.0,0.0,0.0,0.0,0,0,0,0,0,0,0,0

SID,MIBR1C,16R,2
CF,D161G,26.385044,49.814419,0,KFA,161.0,7.0,161.0,6.0,1,4000,0,0,0,0,0,1
AF,D234G,26.433769,49.669597,2,KFA,234.0,7.0,161.0,0,0,0,0,0,0,0,0
CF,MIBRA,25.948250,48.848194,0,KFA,234.0,60.0,234.0,53.0,0,0,0,0,0,0,0,0

SID,MIBR1D,16L,2
CF,D152G,26.391881,49.834486,0,KFA,151.5,7.0,161.0,5.0,1,4000,0,0,0,0,0,1
AF,D234G,26.433769,49.669597,2,KFA,234.0,7.0,152.0,0,0,0,0,0,0,0,0
CF,MIBRA,25.948250,48.848194,0,KFA,234.0,60.0,234.0,53.0,0,0,0,0,0,0,0,0

SID,PUSR1A,34L,2
CF,D341G,26.609997,49.742731,0,KFA,341.0,7.0,341.0,8.0,1,4000,0,0,0,0,0,1
CF,PUSRA,27.341833,49.174889,0,KFA,324.5,60.0,325.0,53.0,0,0,0,0,0,0,0,0

SID,PUSR1B,34R,2
CF,D350G,26.613733,49.763417,0,KFA,350.3,7.0,341.0,8.0,1,4000,0,0,0,0,0,1
VI,0, ,0.0,295.0,0,0,0,0,0,0,0,0
CF,PUSRA,27.341833,49.174889,0,KFA,324.5,60.0,325.0,47.0,0,0,0,0,0,0,0,0

SID,PUSR1C,16R,2
CF,D161G,26.385044,49.814419,0,KFA,161.0,7.0,161.0,6.0,1,4000,0,0,0,0,0,1
AF,D028G,26.598133,49.845036,1,KFA,27.7,7.0,161.0,0,0,0,0,0,0,0,0
CF,D028Z,26.871044,50.025928,0,KFA,27.7,26.0,28.0,19.0,0,0,0,0,0,0,0,0
AF,D325Z,26.863725,49.518089,1,KFA,324.5,26.0,28.0,0,0,0,0,0,0,0,0
CF,PUSRA,27.341833,49.174889,0,KFA,324.5,60.0,325.0,34.0,0,0,0,0,0,0,0,0

SID,PUSR1D,16L,2
CF,D152G,26.391881,49.834486,0,KFA,151.5,7.0,161.0,5.0,1,4000,0,0,0,0,0,1
AF,D028G,26.598133,49.845036,1,KFA,27.7,7.0,152.0,0,0,0,0,0,0,0,0
CF,D028Z,26.871044,50.025928,0,KFA,27.7,26.0,28.0,19.0,0,0,0,0,0,0,0,0
AF,D325Z,26.863725,49.518089,1,KFA,324.5,26.0,28.0,0,0,0,0,0,0,0,0
CF,PUSRA,27.341833,49.174889,0,KFA,324.5,60.0,325.0,34.0,0,0,0,0,0,0,0,0

SID,ROTE1A,34L,2
CF,D341G,26.609997,49.742731,0,KFA,341.0,7.0,341.0,8.0,1,4000,0,0,0,0,0,1
AF,D069G,26.534344,49.902067,2,KFA,68.6,7.0,341.0,0,0,0,0,0,0,0,0
CF,ROTEL,26.670836,50.363633,0,KFA,68.6,33.1,69.0,26.0,0,0,0,0,0,0,0,0

SID,ROTE1B,34R,2
CF,D350G,26.613733,49.763417,0,KFA,350.3,7.0,341.0,8.0,1,4000,0,0,0,0,0,1
AF,D069G,26.534344,49.902067,2,KFA,68.6,7.0,350.0,0,0,0,0,0,0,0,0
CF,ROTEL,26.670836,50.363633,0,KFA,68.6,33.1,69.0,26.0,0,0,0,0,0,0,0,0

SID,ROTE1C,16R,2
CF,D161G,26.385044,49.814419,0,KFA,161.0,7.0,161.0,6.0,1,4000,0,0,0,0,0,1
AF,D069G,26.534344,49.902067,1,KFA,68.6,7.0,161.0,0,0,0,0,0,0,0,0
CF,ROTEL,26.670836,50.363633,0,KFA,68.6,33.1,69.0,26.0,0,0,0,0,0,0,0,0

SID,ROTE1D,16L,2
CF,D152G,26.391881,49.834486,0,KFA,151.5,7.0,161.0,5.0,1,4000,0,0,0,0,0,1
AF,D069G,26.534344,49.902067,1,KFA,68.6,7.0,152.0,0,0,0,0,0,0,0,0
CF,ROTEL,26.670836,50.363633,0,KFA,68.6,33.1,69.0,26.0,0,0,0,0,0,0,0,0

SID,RYDA1A,34L,2
CF,D341G,26.609997,49.742731,0,KFA,341.0,7.0,341.0,8.0,1,4000,0,0,0,0,0,1
DF,KFA,26.497528,49.778611,2, ,0.0,0.0,1,4000,0,0,0,0,0,1
TF,RYDAN,25.726667,49.704167,0, ,0.0,0.0,0.0,0.0,0,0,0,0,0,0,0,0

SID,RYDA1B,34R,2
CF,D350G,26.613733,49.763417,0,KFA,350.3,7.0,341.0,8.0,1,4000,0,0,0,0,0,1
DF,KFA,26.497528,49.778611,2, ,0.0,0.0,1,4000,0,0,0,0,0,1
TF,RYDAN,25.726667,49.704167,0, ,0.0,0.0,0.0,0.0,0,0,0,0,0,0,0,0

SID,RYDA1C,16R,2
CF,D161G,26.385044,49.814419,0,KFA,161.0,7.0,161.0,6.0,1,4000,0,0,0,0,0,1
CF,RYDAN,25.726667,49.704167,0,KFA,182.0,46.3,182.0,39.0,0,0,0,0,0,0,0,0

SID,RYDA1D,16L,2
CF,D152G,26.391881,49.834486,0,KFA,151.5,7.0,161.0,5.0,1,4000,0,0,0,0,0,1
VI,0, ,0.0,212.0,0,0,0,0,0,0,0,0
CF,RYDAN,25.726667,49.704167,0,KFA,182.0,46.3,182.0,33.0,0,0,0,0,0,0,0,0

SID,TAYM1A,34L,2
CF,D341B,26.529661,49.768367,0,KFA,341.0,2.0,341.0,3.0,1,4000,0,0,0,0,0,1
VI,0, ,0.0,253.0,0,0,0,0,0,0,0,0
CF,TAYMA,26.765417,48.703222,0,KFA,282.7,60.0,283.0,52.0,0,0,0,0,0,0,0,0

SID,TAYM1B,34R,2
CF,D015B,26.529233,49.790392,0,KFA,15.5,2.0,341.0,3.0,1,4000,0,0,0,0,0,1
VI,0, ,0.0,253.0,0,0,0,0,0,0,0,0
CF,TAYMA,26.765417,48.703222,0,KFA,282.7,60.0,283.0,52.0,0,0,0,0,0,0,0,0

SID,TAYM1C,16R,2
CF,D161G,26.385044,49.814419,0,KFA,161.0,7.0,161.0,6.0,1,4000,0,0,0,0,0,1
AF,D249G,26.461306,49.654975,2,KFA,249.0,7.0,161.0,0,0,0,0,0,0,0,0
CF,KF35A,26.315358,49.161208,0,KFA,249.0,35.0,249.0,28.0,0,0,0,0,0,0,0,0
AF,KF35B,26.654875,49.151933,2,KFA,282.7,35.0,249.0,0,0,0,0,0,0,0,0
CF,TAYMA,26.765417,48.703222,0,KFA,282.7,60.0,283.0,25.0,0,0,0,0,0,0,0,0

SID,TAYM1D,16L,2
CF,D152G,26.391881,49.834486,0,KFA,151.5,7.0,161.0,5.0,1,4000,0,0,0,0,0,1
AF,D249G,26.461306,49.654975,2,KFA,249.0,7.0,152.0,0,0,0,0,0,0,0,0
CF,KF35A,26.315358,49.161208,0,KFA,249.0,35.0,249.0,28.0,0,0,0,0,0,0,0,0
AF,KF35B,26.654875,49.151933,2,KFA,282.7,35.0,249.0,0,0,0,0,0,0,0,0
CF,TAYMA,26.765417,48.703222,0,KFA,282.7,60.0,283.0,25.0,0,0,0,0,0,0,0,0

APPTR,D16R,16R,DASLA
IF,DASLA,26.264389,49.756000, ,0.0,0.0,0,0,0,0,0,0,1,0
AF,RESAN,26.638194,49.570639,2,KFA,304.0,14.0,182.0,2,5000,0,0,0,0,0,0
AF,CF16R,26.723000,49.708750,2,KFA,341.5,14.0,304.0,2,3000,0,0,0,0,1,0

APPTR,D16R,16R,KAVIV
IF,KAVIV,26.851444,49.526833, ,0.0,0.0,0,0,0,0,0,0,1,0
CF,DF012,26.795139,49.567000,0,KFA,324.5,21.1,144.0,4.0,2,3000,0,0,0,0,0,0
CF,CF16R,26.723000,49.708750,0,KFA,341.5,14.0,117.0,8.8,2,3000,0,0,0,0,1,0

APPTR,D16R,16R,KEBAP
IF,KEBAP,26.493194,49.518583, ,0.0,0.0,0,0,0,0,0,0,1,0
AF,RESAN,26.638194,49.570639,2,KFA,304.0,14.0,266.0,2,5000,0,0,0,0,0,0
AF,CF16R,26.723000,49.708750,2,KFA,341.5,14.0,304.0,2,3000,0,0,0,0,1,0

APPTR,D16R,16R,KFA
IF,KFA,26.497528,49.778611,KFA,0.0,0.0,0,0,0,0,0,0,1,0
CF,RESAN,26.638194,49.570639,0,KFA,304.0,14.0,304.0,14.0,2,5000,0,0,0,0,0,0
AF,CF16R,26.723000,49.708750,2,KFA,341.5,14.0,304.0,2,3000,0,0,0,0,1,0

APPTR,D16R,16R,LOSAX
IF,LOSAX,26.369889,49.560722, ,0.0,0.0,0,0,0,0,0,0,1,0
AF,RESAN,26.638194,49.570639,2,KFA,304.0,14.0,234.0,2,5000,0,0,0,0,0,0
AF,CF16R,26.723000,49.708750,2,KFA,341.5,14.0,304.0,2,3000,0,0,0,0,1,0

APPTR,D16R,16R,RESAN
IF,RESAN,26.638194,49.570639, ,0.0,0.0,0,0,0,0,0,0,1,0
AF,CF16R,26.723000,49.708750,2,KFA,341.5,14.0,304.0,2,3000,0,0,0,0,1,0

FINAL,D16R,16R,D,3
IF,CF16R,26.723000,49.708750,KFA,341.5,14.0,2,3000,0,0,0,0,0,0
CF,TOLRO,26.585528,49.751333,0,KFA,341.4,5.5,162.0,8.5,2,2000,0,0,0,0,2,0
CF,KFA,26.497528,49.778611,0,KFA,0.0,0.0,162.0,5.5,1,282,0,0,0,0,3,0
FD,KFA,26.497528,49.778611,0,KFA,0.0,3.0,162.0,3.0,1,3000,0,0,0,0,0,0
VI,0, ,0.0,230.0,0,0,0,1,190,0,0,0
CF,D200N,26.282072,49.677175,0,KFA,200.0,14.0,200.0,7.0,0,0,0,0,0,0,0,0
AF,LOSAX,26.369889,49.560722,2,KFA,234.0,14.0,200.0,0,0,0,0,0,0,0,0
HM,LOSAX,26.369889,49.560722,2, ,0.0,0.0,54.0,04.3,1,3000,0,1,230,0,0,0,0

APPTR,D34L,34L,DASLA
IF,DASLA,26.264389,49.756000, ,0.0,0.0,0,0,0,0,0,0,1,0
AF,CF34L,26.272028,49.848139,1,KFA,161.5,14.0,182.0,2,3000,0,0,0,0,1,0

APPTR,D34L,34L,KEBAP
IF,KEBAP,26.493194,49.518583, ,0.0,0.0,0,0,0,0,0,0,1,0
AF,LOSAX,26.369889,49.560722,1,KFA,234.0,14.0,266.0,2,5000,0,0,0,0,0,0
AF,CF34L,26.272028,49.848139,1,KFA,161.5,14.0,234.0,2,3000,0,0,0,0,1,0

APPTR,D34L,34L,KFA
IF,KFA,26.497528,49.778611, ,0.0,0.0,0,0,0,0,0,0,1,0
CF,LOSAX,26.369889,49.560722,0,KFA,234.0,14.0,234.0,14.0,2,5000,0,0,0,0,0,0
AF,CF34L,26.272028,49.848139,1,KFA,161.5,14.0,234.0,2,3000,0,0,0,0,1,0

APPTR,D34L,34L,LOPOD
IF,LOPOD,26.694778,49.638556, ,0.0,0.0,0,0,0,0,0,0,1,0
AF,LOSAX,26.369889,49.560722,1,KFA,234.0,14.0,325.0,2,5000,0,0,0,0,0,0
AF,CF34L,26.272028,49.848139,1,KFA,161.5,14.0,234.0,2,3000,0,0,0,0,1,0

APPTR,D34L,34L,LOSAX
IF,LOSAX,26.369889,49.560722, ,0.0,0.0,0,0,0,0,0,0,1,0
AF,CF34L,26.272028,49.848139,1,KFA,161.5,14.0,234.0,2,3000,0,0,0,0,1,0

APPTR,D34L,34L,RESAN
IF,RESAN,26.638194,49.570639, ,0.0,0.0,0,0,0,0,0,0,1,0
AF,LOSAX,26.369889,49.560722,1,KFA,234.0,14.0,304.0,2,5000,0,0,0,0,0,0
AF,CF34L,26.272028,49.848139,1,KFA,161.5,14.0,234.0,2,3000,0,0,0,0,1,0

FINAL,D34L,34L,D,4
IF,CF34L,26.272028,49.848139,KFA,161.5,14.0,2,3000,0,0,0,0,0,0
CF,DATMI,26.357306,49.822056,0,KFA,161.4,8.7,342.0,5.3,2,2000,0,0,0,0,2,0
CF,62VOR,26.398083,49.809444,0,KFA,161.4,6.2,342.0,2.5,2,1200,0,0,0,0,0,0
CF,MA34L,26.437722,49.797111,0,KFA,161.4,3.7,342.0,2.5,1,429,0,0,0,0,3,0
CF,KFA,26.497528,49.778611,0,KFA,0.0,0.0,342.0,3.7,0,0,0,0,0,0,0,0
FD,KFA,26.497528,49.778611,0,KFA,0.0,4.0,342.0,4.0,1,3000,0,0,0,0,0,0
VI,0, ,0.0,274.0,0,0,0,1,190,0,0,0
CF,RESAN,26.638194,49.570639,0,KFA,304.0,14.0,304.0,4.0,0,0,0,0,0,0,0,0
HM,RESAN,26.638194,49.570639,1, ,0.0,0.0,124.0,04.3,1,3000,0,1,230,0,0,0,0

APPTR,D34R,34R,DASLA
IF,DASLA,26.264389,49.756000, ,0.0,0.0,0,0,0,0,0,0,1,0
AF,CD34R,26.295889,49.910528,1,KFA,146.5,14.0,182.0,2,3000,0,0,0,0,1,0

APPTR,D34R,34R,KEBAP
IF,KEBAP,26.493194,49.518583, ,0.0,0.0,0,0,0,0,0,0,1,0
AF,LOSAX,26.369889,49.560722,1,KFA,234.0,14.0,266.0,2,5000,0,0,0,0,0,0
AF,CD34R,26.295889,49.910528,1,KFA,146.5,14.0,234.0,2,3000,0,0,0,0,1,0

APPTR,D34R,34R,KFA
IF,KFA,26.497528,49.778611, ,0.0,0.0,0,0,0,0,0,0,1,0
CF,LOSAX,26.369889,49.560722,0,KFA,234.0,14.0,234.0,14.0,2,5000,0,0,0,0,0,0
AF,CD34R,26.295889,49.910528,1,KFA,146.5,14.0,234.0,2,3000,0,0,0,0,1,0

APPTR,D34R,34R,LOPOD
IF,LOPOD,26.694778,49.638556, ,0.0,0.0,0,0,0,0,0,0,1,0
AF,LOSAX,26.369889,49.560722,1,KFA,234.0,14.0,325.0,2,5000,0,0,0,0,0,0
AF,CD34R,26.295889,49.910528,1,KFA,146.5,14.0,234.0,2,3000,0,0,0,0,1,0

APPTR,D34R,34R,LOSAX
IF,LOSAX,26.369889,49.560722, ,0.0,0.0,0,0,0,0,0,0,1,0
AF,CD34R,26.295889,49.910528,1,KFA,146.5,14.0,234.0,2,3000,0,0,0,0,1,0

APPTR,D34R,34R,RESAN
IF,RESAN,26.638194,49.570639, ,0.0,0.0,0,0,0,0,0,0,1,0
AF,LOSAX,26.369889,49.560722,1,KFA,234.0,14.0,304.0,2,5000,0,0,0,0,0,0
AF,CD34R,26.295889,49.910528,1,KFA,146.5,14.0,234.0,2,3000,0,0,0,0,1,0

FINAL,D34R,34R,D,3
IF,CD34R,26.295889,49.910528,KFA,146.5,14.0,2,3000,0,0,0,0,0,0
CF,RUKUN,26.366000,49.864722,0,KFA,146.5,9.1,327.0,4.9,2,2000,0,0,0,0,2,0
CF,MD34R,26.439917,49.816333,0,KFA,146.5,4.0,327.0,5.1,1,376,0,0,0,0,3,0
CF,KFA,26.497528,49.778611,0,KFA,0.0,0.0,327.0,4.0,0,0,0,0,0,0,0,0
FD,KFA,26.497528,49.778611,0,KFA,0.0,4.0,327.0,4.0,1,3000,0,0,0,0,0,0
VI,0, ,0.0,274.0,0,0,0,1,190,0,0,0
CF,RESAN,26.638194,49.570639,0,KFA,304.0,14.0,304.0,6.0,0,0,0,0,0,0,0,0
HM,RESAN,26.638194,49.570639,1, ,0.0,0.0,124.0,04.3,1,3000,0,1,230,0,0,0,0

APPTR,I16L,16L,DASLA
IF,DASLA,26.264389,49.756000, ,0.0,0.0,0,0,0,0,0,0,1,0
AF,RESAN,26.638194,49.570639,2,KFA,304.0,14.0,182.0,2,5000,0,0,0,0,0,0
AF,D338N,26.718767,49.693772,2,KFA,338.0,14.0,304.0,2,3000,0,0,0,0,0,0
VI,0,IMBF,0.0,132.0,0,0,0,0,0,0,0,0

APPTR,I16L,16L,DAXAR
IF,DAXAR,26.888111,49.500667, ,0.0,0.0,0,0,0,0,0,0,1,0
CF,DF011,26.817722,49.550917,0,KFA,324.5,22.7,144.0,5.0,2,5000,0,0,0,0,0,0
CF,CI16L,26.727361,49.729722,0,IMBF,341.5,17.2,116.0,11.0,2,3000,0,0,0,0,1,0

APPTR,I16L,16L,KEBAP
IF,KEBAP,26.493194,49.518583, ,0.0,0.0,0,0,0,0,0,0,1,0
AF,RESAN,26.638194,49.570639,2,KFA,304.0,14.0,266.0,2,5000,0,0,0,0,0,0
AF,D338N,26.718767,49.693772,2,KFA,338.0,14.0,304.0,2,3000,0,0,0,0,0,0
VI,0,IMBF,0.0,132.0,0,0,0,0,0,0,0,0

APPTR,I16L,16L,KFA
IF,KFA,26.497528,49.778611,KFA,0.0,0.0,0,0,0,0,0,0,1,0
CF,RESAN,26.638194,49.570639,0,KFA,304.0,14.0,304.0,14.0,2,5000,0,0,0,0,0,0
AF,D338N,26.718767,49.693772,2,KFA,338.0,14.0,304.0,2,3000,0,0,0,0,0,0
VI,0,IMBF,0.0,132.0,0,0,0,0,0,0,0,0

APPTR,I16L,16L,LOSAX
IF,LOSAX,26.369889,49.560722, ,0.0,0.0,0,0,0,0,0,0,1,0
AF,RESAN,26.638194,49.570639,2,KFA,304.0,14.0,234.0,2,5000,0,0,0,0,0,0
AF,D338N,26.718767,49.693772,2,KFA,338.0,14.0,304.0,2,3000,0,0,0,0,0,0
VI,0,IMBF,0.0,132.0,0,0,0,0,0,0,0,0

APPTR,I16L,16L,RESAN
IF,RESAN,26.638194,49.570639, ,0.0,0.0,0,0,0,0,0,0,1,0
AF,D338N,26.718767,49.693772,2,KFA,338.0,14.0,304.0,2,3000,0,0,0,0,0,0
VI,0,IMBF,0.0,132.0,0,0,0,0,0,0,0,0

FINAL,I16L,16L,I,3
IF,CI16L,26.727361,49.729722,IMBF,341.5,17.2,2,3000,0,0,0,0,0,0
CF,OBREL,26.584917,49.773861,0,IMBF,341.5,8.3,162.0,8.9,1,2000,0,0,0,0,2,0
CF,RW16L,26.488575,49.803703,0,IMBF,341.5,2.4,162.0,6.0,1,114,0,0,0,0,3,0
FD,RW16L,26.488575,49.803703,0,KFA,108.6,4.0,162.0,4.0,1,3000,0,0,0,0,0,0
VI,0, ,0.0,230.0,0,0,0,1,190,0,0,0
CF,D200N,26.282072,49.677175,0,KFA,200.0,14.0,200.0,5.0,0,0,0,0,0,0,0,0
AF,LOSAX,26.369889,49.560722,2,KFA,234.0,14.0,200.0,0,0,0,0,0,0,0,0
HM,LOSAX,26.369889,49.560722,2, ,0.0,0.0,54.0,04.3,1,3000,0,1,230,0,0,0,0

APPTR,I16R,16R,DASLA
IF,DASLA,26.264389,49.756000, ,0.0,0.0,0,0,0,0,0,0,1,0
AF,RESAN,26.638194,49.570639,2,KFA,304.0,14.0,182.0,2,5000,0,0,0,0,0,0
AF,D333N,26.711269,49.672628,2,KFA,333.0,14.0,304.0,2,3000,0,0,0,0,0,0
VI,0,IWSR,0.0,132.0,0,0,0,0,0,0,0,0

APPTR,I16R,16R,KAVIV
IF,KAVIV,26.851444,49.526833, ,0.0,0.0,0,0,0,0,0,0,1,0
CF,DF012,26.795139,49.567000,0,KFA,324.5,21.1,144.0,4.0,2,3000,0,0,0,0,0,0
CF,CF16R,26.723000,49.708750,0,IWSR,341.5,16.9,117.0,8.8,2,3000,0,0,0,0,1,0

APPTR,I16R,16R,KEBAP
IF,KEBAP,26.493194,49.518583, ,0.0,0.0,0,0,0,0,0,0,1,0
AF,RESAN,26.638194,49.570639,2,KFA,304.0,14.0,266.0,2,5000,0,0,0,0,0,0
AF,D333N,26.711269,49.672628,2,KFA,333.0,14.0,304.0,2,3000,0,0,0,0,0,0
VI,0,IWSR,0.0,132.0,0,0,0,0,0,0,0,0

APPTR,I16R,16R,KFA
IF,KFA,26.497528,49.778611,KFA,0.0,0.0,0,0,0,0,0,0,1,0
CF,RESAN,26.638194,49.570639,0,KFA,304.0,14.0,304.0,14.0,2,5000,0,0,0,0,0,0
AF,D333N,26.711269,49.672628,2,KFA,333.0,14.0,304.0,2,3000,0,0,0,0,0,0
VI,0,IWSR,0.0,132.0,0,0,0,0,0,0,0,0

APPTR,I16R,16R,LOSAX
IF,LOSAX,26.369889,49.560722, ,0.0,0.0,0,0,0,0,0,0,1,0
AF,RESAN,26.638194,49.570639,2,KFA,304.0,14.0,234.0,2,5000,0,0,0,0,0,0
AF,D333N,26.711269,49.672628,2,KFA,333.0,14.0,304.0,2,3000,0,0,0,0,0,0
VI,0,IWSR,0.0,132.0,0,0,0,0,0,0,0,0

APPTR,I16R,16R,RESAN
IF,RESAN,26.638194,49.570639, ,0.0,0.0,0,0,0,0,0,0,1,0
AF,D333N,26.711269,49.672628,2,KFA,333.0,14.0,304.0,2,3000,0,0,0,0,0,0
VI,0,IWSR,0.0,132.0,0,0,0,0,0,0,0,0

FINAL,I16R,16R,I,3
IF,CF16R,26.723000,49.708750,IWSR,341.5,16.9,2,3000,0,0,0,0,0,0
CF,TATBA,26.584528,49.751667,0,IWSR,341.5,8.3,162.0,8.6,1,2000,0,0,0,0,2,0
CF,RW16R,26.488603,49.781353,0,IWSR,341.4,2.4,162.0,6.0,1,103,0,0,0,0,3,0
FD,RW16R,26.488603,49.781353,0,KFA,161.5,3.0,162.0,3.0,1,3000,0,0,0,0,0,0
VI,0, ,0.0,230.0,0,0,0,1,190,0,0,0
CF,D200N,26.282072,49.677175,0,KFA,200.0,14.0,200.0,7.0,0,0,0,0,0,0,0,0
AF,LOSAX,26.369889,49.560722,2,KFA,234.0,14.0,200.0,0,0,0,0,0,0,0,0
HM,LOSAX,26.369889,49.560722,2, ,0.0,0.0,54.0,04.3,1,3000,0,1,230,0,0,0,0

APPTR,I34L,34L,DASLA
IF,DASLA,26.264389,49.756000, ,0.0,0.0,0,0,0,0,0,0,1,0
AF,D170N,26.265244,49.810242,1,KFA,170.0,14.0,182.0,2,3000,0,0,0,0,0,0
VI,0,IWMR,0.0,12.0,0,0,0,0,0,0,0,0

APPTR,I34L,34L,KEBAP
IF,KEBAP,26.493194,49.518583, ,0.0,0.0,0,0,0,0,0,0,1,0
AF,LOSAX,26.369889,49.560722,1,KFA,234.0,14.0,266.0,2,5000,0,0,0,0,0,0
AF,D170N,26.265244,49.810242,1,KFA,170.0,14.0,234.0,2,3000,0,0,0,0,0,0
VI,0,IWMR,0.0,12.0,0,0,0,0,0,0,0,0

APPTR,I34L,34L,KFA
IF,KFA,26.497528,49.778611, ,0.0,0.0,0,0,0,0,0,0,1,0
CF,LOSAX,26.369889,49.560722,0,KFA,234.0,14.0,234.0,14.0,2,5000,0,0,0,0,0,0
AF,D170N,26.265244,49.810242,1,KFA,170.0,14.0,234.0,2,3000,0,0,0,0,0,0
VI,0,IWMR,0.0,12.0,0,0,0,0,0,0,0,0

APPTR,I34L,34L,LOPOD
IF,LOPOD,26.694778,49.638556, ,0.0,0.0,0,0,0,0,0,0,1,0
AF,LOSAX,26.369889,49.560722,1,KFA,234.0,14.0,325.0,2,5000,0,0,0,0,0,0
AF,D170N,26.265244,49.810242,1,KFA,170.0,14.0,234.0,2,3000,0,0,0,0,0,0
VI,0,IWMR,0.0,12.0,0,0,0,0,0,0,0,0

APPTR,I34L,34L,LOSAX
IF,LOSAX,26.369889,49.560722, ,0.0,0.0,0,0,0,0,0,0,1,0
AF,D170N,26.265244,49.810242,1,KFA,170.0,14.0,234.0,2,3000,0,0,0,0,0,0
VI,0,IWMR,0.0,12.0,0,0,0,0,0,0,0,0

APPTR,I34L,34L,RESAN
IF,RESAN,26.638194,49.570639, ,0.0,0.0,0,0,0,0,0,0,1,0
AF,LOSAX,26.369889,49.560722,1,KFA,234.0,14.0,304.0,2,5000,0,0,0,0,0,0
AF,D170N,26.265244,49.810242,1,KFA,170.0,14.0,234.0,2,3000,0,0,0,0,0,0
VI,0,IWMR,0.0,12.0,0,0,0,0,0,0,0,0

FINAL,I34L,34L,I,3
IF,CF34L,26.272028,49.848139,IWMR,161.5,13.7,2,3000,0,0,0,0,0,0
CF,SIDGO,26.358333,49.821750,0,IWMR,161.4,8.3,342.0,5.4,1,2000,0,0,0,0,2,0
CF,RW34L,26.453819,49.792100,0,IWMR,161.4,2.4,342.0,5.9,1,111,0,0,0,0,3,0
CF,KFA,26.497528,49.778611,0,KFA,0.0,0.0,342.0,2.7,0,0,0,0,0,0,0,0
FD,KFA,26.497528,49.778611,0,KFA,0.0,4.0,342.0,4.0,1,3000,0,0,0,0,0,0
VI,0, ,0.0,274.0,0,0,0,1,190,0,0,0
CF,RESAN,26.638194,49.570639,0,KFA,304.0,14.0,304.0,4.0,0,0,0,0,0,0,0,0
HM,RESAN,26.638194,49.570639,1, ,0.0,0.0,124.0,04.3,1,3000,0,1,230,0,0,0,0

APPTR,I34R,34R,DASLA
IF,DASLA,26.264389,49.756000, ,0.0,0.0,0,0,0,0,0,0,1,0
AF,D166N,26.267794,49.828139,1,KFA,166.0,14.0,182.0,2,3000,0,0,0,0,0,0
VI,0,IABF,0.0,12.0,0,0,0,0,0,0,0,0

APPTR,I34R,34R,KEBAP
IF,KEBAP,26.493194,49.518583, ,0.0,0.0,0,0,0,0,0,0,1,0
AF,LOSAX,26.369889,49.560722,1,KFA,234.0,14.0,266.0,2,5000,0,0,0,0,0,0
AF,D166N,26.267794,49.828139,1,KFA,166.0,14.0,234.0,2,3000,0,0,0,0,0,0
VI,0,IABF,0.0,12.0,0,0,0,0,0,0,0,0

APPTR,I34R,34R,KFA
IF,KFA,26.497528,49.778611, ,0.0,0.0,0,0,0,0,0,0,1,0
CF,LOSAX,26.369889,49.560722,0,KFA,234.0,14.0,234.0,14.0,2,5000,0,0,0,0,0,0
AF,D166N,26.267794,49.828139,1,KFA,166.0,14.0,234.0,2,3000,0,0,0,0,0,0
VI,0,IABF,0.0,12.0,0,0,0,0,0,0,0,0

APPTR,I34R,34R,LOPOD
IF,LOPOD,26.694778,49.638556, ,0.0,0.0,0,0,0,0,0,0,1,0
AF,LOSAX,26.369889,49.560722,1,KFA,234.0,14.0,325.0,2,5000,0,0,0,0,0,0
AF,D166N,26.267794,49.828139,1,KFA,166.0,14.0,234.0,2,3000,0,0,0,0,0,0
VI,0,IABF,0.0,12.0,0,0,0,0,0,0,0,0

APPTR,I34R,34R,LOSAX
IF,LOSAX,26.369889,49.560722, ,0.0,0.0,0,0,0,0,0,0,1,0
AF,D166N,26.267794,49.828139,1,KFA,166.0,14.0,234.0,2,3000,0,0,0,0,0,0
VI,0,IABF,0.0,12.0,0,0,0,0,0,0,0,0

APPTR,I34R,34R,RESAN
IF,RESAN,26.638194,49.570639, ,0.0,0.0,0,0,0,0,0,0,1,0
AF,LOSAX,26.369889,49.560722,1,KFA,234.0,14.0,304.0,2,5000,0,0,0,0,0,0
AF,D166N,26.267794,49.828139,1,KFA,166.0,14.0,234.0,2,3000,0,0,0,0,0,0
VI,0,IABF,0.0,12.0,0,0,0,0,0,0,0,0

FINAL,I34R,34R,I,3
IF,CI34R,26.277944,49.868556,IABF,161.5,13.3,2,3000,0,0,0,0,0,0
CF,SENBA,26.358028,49.843917,0,IABF,161.5,8.3,342.0,5.0,1,2000,0,0,0,0,2,0
CF,RW34R,26.453789,49.814444,0,IABF,161.5,2.4,342.0,5.9,1,126,0,0,0,0,3,0
CF,KFA04,26.564339,49.781514,0,KFA,359.2,4.0,342.0,6.8,1,3000,0,0,0,0,0,0
VI,0, ,0.0,274.0,0,0,0,1,190,0,0,0
CF,RESAN,26.638194,49.570639,0,KFA,304.0,14.0,304.0,4.0,0,0,0,0,0,0,0,0
HM,RESAN,26.638194,49.570639,1, ,0.0,0.0,124.0,04.3,1,3000,0,1,230,0,0,0,0

