APPTR,D18,18,HIL
IF,HIL,27.425083,41.682778, ,0.0,0.0,0,0,0,0,0,0,0,0
CF,TUDAV,27.524500,41.697056,0,HIL,3.3,6.0,4.0,6.0,2,6000,0,0,0,0,0,0
PI,TUDAV,27.524500,41.697056,1,HIL,49.0,10.0,004,5.0,2,6000,0,0,0,0,1,0

APPTR,D18,18,ORNIL
IF,ORNIL,27.584167,42.411944, ,0.0,0.0,0,0,0,0,0,0,0,0
TF,D072P,27.489472,41.973725,0, ,0.0,0.0,0.0,0.0,0,0,0,0,0,0,1,0
AF,CD18,27.689883,41.724583,1,HIL,4.0,16.0,72.0,2,6000,0,0,0,0,0,0

APPTR,D18,18,REVAB
IF,REVAB,27.573333,40.952778, ,0.0,0.0,0,0,0,0,0,0,0,0
TF,D279P,27.484931,41.390617,0, ,0.0,0.0,0.0,0.0,0,0,0,0,0,0,1,0
AF,D334P,27.672975,41.570261,2,HIL,334.0,16.0,279.0,2,6500,0,0,0,0,0,0
AF,CD18,27.689883,41.724583,2,HIL,4.0,16.0,334.0,2,6000,0,0,0,0,0,0

FINAL,D18,18,D,4
IF,CD18,27.689883,41.724583,HIL,4.0,16.0,2,6000,0,0,0,0,0,0
CF,TUDAV,27.524500,41.697056,0,HIL,3.3,6.0,184.0,10.0,2,4700,0,0,0,0,2,0
CF,45VOR,27.499558,41.694514,0,HIL,4.0,4.5,184.0,1.5,2,4200,0,0,0,0,0,0
CF,MD18,27.464803,41.689036,0,HIL,4.0,2.4,184.0,2.1,1,3538,0,0,0,0,3,0
CF,HIL,27.425083,41.682778,0,HIL,0.0,0.0,184.0,2.4,0,0,0,0,0,0,0,0
FA,HIL,27.425083,41.682778,0,HIL,0.0,0.0,184.0,2,5000,0,0,0,0,0,0
DF,HIL,27.425083,41.682778,1, ,0.0,0.0,1,6500,0,0,0,0,0,0
HM,HIL,27.425083,41.682778,2, ,0.0,0.0,4.0,04.3,0,0,0,0,0,0,0,0,0

APPTR,D36,36,DAROP
IF,DAROP,27.084722,42.326667, ,0.0,0.0,0,0,0,0,0,0,0,0
TF,D117O,27.295753,41.923319,0, ,0.0,0.0,0.0,0.0,0,0,0,0,0,0,1,0
AF,CD36,27.174719,41.697447,2,HIL,173.0,15.0,117.0,2,6000,0,0,0,0,0,0

APPTR,D36,36,HAMED
IF,HAMED,26.859167,41.285000, ,0.0,0.0,0,0,0,0,0,0,0,0
TF,D209O,27.214739,41.530047,0, ,0.0,0.0,0.0,0.0,0,0,0,0,0,0,1,0
AF,CD36,27.174719,41.697447,1,HIL,173.0,15.0,209.0,2,6000,0,0,0,0,0,0

APPTR,D36,36,HIL
IF,HIL,27.425083,41.682778, ,0.0,0.0,0,0,0,0,0,0,0,0
CF,PAPOT,27.341583,41.690111,0,HIL,171.5,5.0,173.0,5.0,2,6000,0,0,0,0,0,0
PI,PAPOT,27.341583,41.690111,2,HIL,128.0,10.0,173,5.0,2,6000,0,0,0,0,1,0

FINAL,D36,36,D,3
IF,CD36,27.174719,41.697447,HIL,173.0,15.0,2,6000,0,0,0,0,0,0
CF,PAPOT,27.341583,41.690111,0,HIL,171.5,5.0,353.0,10.0,2,4800,0,0,0,0,2,0
CF,MD36,27.408392,41.683756,0,HIL,173.0,0.0,353.0,4.0,1,3694,0,0,0,0,3,0
CF,HIL,27.425083,41.682778,0,HIL,0.0,0.0,353.0,1.0,0,0,0,0,0,0,0,0
FA,HIL,27.425083,41.682778,0,HIL,0.0,0.0,4.0,2,5000,0,0,0,0,0,0
DF,HIL,27.425083,41.682778,2, ,0.0,0.0,1,6500,0,0,0,0,0,0
HM,HIL,27.425083,41.682778,2, ,0.0,0.0,353.0,04.3,0,0,0,0,0,0,0,0,0

APPTR,I18,18,EMUBA
IF,EMUBA,27.732242,41.364914, ,0.0,0.0,0,0,0,0,0,0,1,0
TF,5NM,27.678603,41.610328,0, ,0.0,0.0,0.0,0.0,2,6500,0,0,0,0,0,0
TF,HILA2,27.658475,41.701422,0,IHIL,0.0,0.0,0.0,0.0,2,5500,0,0,0,0,0,0

APPTR,I18,18,HILA1
IF,HILA1,27.425083,41.682789, ,0.0,0.0,0,0,0,0,0,0,0,0
TF,HILA2,27.658475,41.701422,0, ,0.0,0.0,0.0,0.0,2,6000,0,0,0,0,0,0
HF,HILA2,27.658475,41.701422,1, ,0.0,0.0,180.0,04.3,2,5500,0,0,0,0,1,0,0

APPTR,I18,18,IVESU
IF,IVESU,27.793867,41.462319, ,0.0,0.0,0,0,0,0,0,0,1,0
TF,HILA2,27.658475,41.701422,0,IHIL,0.0,0.0,0.0,0.0,2,5500,0,0,0,0,0,0

APPTR,I18,18,KIXEL
IF,KIXEL,27.839192,41.620411, ,0.0,0.0,0,0,0,0,0,0,1,0
TF,HILA2,27.658475,41.701422,0,IHIL,0.0,0.0,0.0,0.0,2,5500,0,0,0,0,0,0

APPTR,I18,18,LOPEK
IF,LOPEK,27.764067,41.956956, ,0.0,0.0,0,0,0,0,0,0,1,0
TF,HILA2,27.658475,41.701422,0,IHIL,0.0,0.0,0.0,0.0,2,5500,0,0,0,0,0,0

APPTR,I18,18,MOBOP
IF,MOBOP,27.392936,42.055600, ,0.0,0.0,0,0,0,0,0,0,0,0
TF,HILA3,27.653314,41.795089,0, ,0.0,0.0,0.0,0.0,2,6000,0,0,0,0,1,0
TF,HILA2,27.658475,41.701422,0,IHIL,0.0,0.0,0.0,0.0,2,5500,0,0,0,0,0,0

APPTR,I18,18,PAROP
IF,PAROP,27.255278,42.005211, ,0.0,0.0,0,0,0,0,0,0,0,0
TF,HILA3,27.653314,41.795089,0, ,0.0,0.0,0.0,0.0,2,6000,0,0,0,0,1,0
TF,HILA2,27.658475,41.701422,0,IHIL,0.0,0.0,0.0,0.0,2,5500,0,0,0,0,0,0

FINAL,I18,18,I,3
IF,HILA2,27.658475,41.701422,IHIL,359.5,14.3,2,5500,0,0,0,0,0,0
CF,DUNLA,27.520000,41.691861,0,IHIL,359.5,6.0,180.0,8.3,1,4604,0,0,0,0,2,0
CF,RW18,27.454664,41.687372,0,IHIL,359.5,2.1,180.0,3.9,1,3340,0,0,0,0,3,1
DF,HILA5,27.258097,41.673869,0, ,0.0,0.0,1,6000,0,0,0,0,0,0
HM,HILA5,27.258097,41.673869,2, ,0.0,0.0,360.0,04.3,0,0,0,0,0,0,0,0,0

