SID,ALTA1L,15,5
DF,KANES,24.665556,46.755000,0, ,0.0,0.0,2,2700,0,1,220,0,0,1
TF,SOBOT,24.534861,46.674750,0, ,0.0,0.0,0.0,0.0,2,4800,0,1,220,0,0,0
TF,EGNOX,24.565722,46.503472,0, ,0.0,0.0,0.0,0.0,4,10000,6500,1,220,0,0,0
TF,LAKLO,24.377556,46.506667,1, ,0.0,0.0,0.0,0.0,4,10000,8700,1,220,0,0,0
TF,KUSTA,24.391028,46.670889,1, ,0.0,0.0,0.0,0.0,2,10500,0,1,250,0,0,0
TF,SOBOT,24.534861,46.674750,0, ,0.0,0.0,0.0,0.0,2,12200,0,0,0,0,0,0
TF,RUBAN,24.741139,46.850750,0, ,0.0,0.0,0.0,0.0,2,15000,0,0,0,0,0,0
TF,EGPOM,24.901861,46.876306,0, ,0.0,0.0,0.0,0.0,2,17000,0,0,0,0,0,0
TF,OBMUM,24.952917,47.218806,0, ,0.0,0.0,0.0,0.0,2,20000,0,0,0,0,0,0
TF,KODAT,25.082694,47.293861,0, ,0.0,0.0,0.0,0.0,2,22000,0,0,0,0,0,0
TF,TAMLU,25.271944,47.403611,0, ,0.0,0.0,0.0,0.0,2,25000,0,0,0,0,0,0
TF,GOGMO,25.437750,47.378306,0, ,0.0,0.0,0.0,0.0,2,27000,0,0,0,0,0,0
TF,ALTAV,25.743889,47.331389,0, ,0.0,0.0,0.0,0.0,2,30000,0,0,0,0,0,0

SID,ALTA1M,15,5
DF,BOXEG,24.647500,46.766250,0, ,0.0,0.0,2,3000,0,1,190,0,0,0
TF,KAVIB,24.652917,46.836750,0, ,0.0,0.0,0.0,0.0,2,3900,0,1,190,0,0,0
TF,RUBAN,24.741139,46.850750,0, ,0.0,0.0,0.0,0.0,2,5100,0,1,190,0,0,0
TF,EGPOM,24.901861,46.876306,0, ,0.0,0.0,0.0,0.0,2,7100,0,0,0,0,0,0
TF,OBMUM,24.952917,47.218806,0, ,0.0,0.0,0.0,0.0,2,10700,0,0,0,0,0,0
TF,KODAT,25.082694,47.293861,0, ,0.0,0.0,0.0,0.0,3,15000,0,0,0,0,0,0
TF,TAMLU,25.271944,47.403611,0, ,0.0,0.0,0.0,0.0,2,15000,0,0,0,0,0,0
TF,GOGMO,25.437750,47.378306,0, ,0.0,0.0,0.0,0.0,4,20000,17000,0,0,0,0,0
TF,ALTAV,25.743889,47.331389,0, ,0.0,0.0,0.0,0.0,3,20000,0,0,0,0,0,0

SID,ALTA1N,19,5
DF,NOKPA,24.661583,46.717472,0, ,0.0,0.0,2,2600,0,1,220,0,0,1
TF,SOBOT,24.534861,46.674750,0, ,0.0,0.0,0.0,0.0,2,3300,0,1,220,0,0,0
TF,EGNOX,24.565722,46.503472,0, ,0.0,0.0,0.0,0.0,2,5000,0,1,220,0,0,0
TF,LAKLO,24.377556,46.506667,1, ,0.0,0.0,0.0,0.0,2,7000,0,1,220,0,0,0
TF,KUSTA,24.391028,46.670889,1, ,0.0,0.0,0.0,0.0,2,8600,0,1,250,0,0,0
TF,SOBOT,24.534861,46.674750,0, ,0.0,0.0,0.0,0.0,2,10200,0,0,0,0,0,0
TF,RUBAN,24.741139,46.850750,0, ,0.0,0.0,0.0,0.0,2,15000,0,0,0,0,0,0
TF,EGPOM,24.901861,46.876306,0, ,0.0,0.0,0.0,0.0,2,16000,0,0,0,0,0,0
TF,OBMUM,24.952917,47.218806,0, ,0.0,0.0,0.0,0.0,2,19000,0,0,0,0,0,0
TF,KODAT,25.082694,47.293861,0, ,0.0,0.0,0.0,0.0,2,21000,0,0,0,0,0,0
TF,TAMLU,25.271944,47.403611,0, ,0.0,0.0,0.0,0.0,2,23000,0,0,0,0,0,0
TF,GOGMO,25.437750,47.378306,0, ,0.0,0.0,0.0,0.0,2,26000,0,0,0,0,0,0
TF,ALTAV,25.743889,47.331389,0, ,0.0,0.0,0.0,0.0,3,30000,0,0,0,0,0,0

SID,ALTA1P,01,5
DF,LOPIX,24.793333,46.738222,0, ,0.0,0.0,2,3100,0,1,200,0,0,0
TF,ALMUM,24.891472,46.598417,0, ,0.0,0.0,0.0,0.0,2,4800,0,1,200,0,0,0
TF,ASKES,25.089194,46.545139,0, ,0.0,0.0,0.0,0.0,2,7300,0,0,0,0,0,0
TF,REEMA,25.344861,46.849417,0, ,0.0,0.0,0.0,0.0,2,11800,0,0,0,0,0,0
TF,KEBOL,25.604000,47.160528,0, ,0.0,0.0,0.0,0.0,3,20000,0,0,0,0,0,0
TF,ALTAV,25.743889,47.331389,0, ,0.0,0.0,0.0,0.0,2,22000,0,0,0,0,0,0

SID,ALTA1Q,33,5
DF,ALMUM,24.891472,46.598417,0, ,0.0,0.0,2,4800,0,1,190,0,0,0
TF,ASKES,25.089194,46.545139,0, ,0.0,0.0,0.0,0.0,2,7300,0,0,0,0,0,0
TF,REEMA,25.344861,46.849417,0, ,0.0,0.0,0.0,0.0,3,11000,0,0,0,0,0,0
TF,KEBOL,25.604000,47.160528,0, ,0.0,0.0,0.0,0.0,3,20000,0,0,0,0,0,0
TF,ALTAV,25.743889,47.331389,0, ,0.0,0.0,0.0,0.0,2,16000,0,0,0,0,0,0

SID,ALTA1S,19,5
DF,NOKPA,24.661583,46.717472,0, ,0.0,0.0,2,2600,0,1,190,0,0,1
TF,ALMUG,24.607167,46.718250,0, ,0.0,0.0,0.0,0.0,2,3300,0,1,190,0,0,1
TF,RUBAN,24.741139,46.850750,1, ,0.0,0.0,0.0,0.0,2,6000,0,1,190,0,0,0
TF,EGPOM,24.901861,46.876306,0, ,0.0,0.0,0.0,0.0,2,8000,0,0,0,0,0,0
TF,OBMUM,24.952917,47.218806,0, ,0.0,0.0,0.0,0.0,2,11600,0,0,0,0,0,0
TF,KODAT,25.082694,47.293861,0, ,0.0,0.0,0.0,0.0,2,13000,0,0,0,0,0,0
TF,TAMLU,25.271944,47.403611,0, ,0.0,0.0,0.0,0.0,2,15000,0,0,0,0,0,0
TF,GOGMO,25.437750,47.378306,0, ,0.0,0.0,0.0,0.0,4,20000,18000,0,0,0,0,0
TF,ALTAV,25.743889,47.331389,0, ,0.0,0.0,0.0,0.0,2,20000,0,0,0,0,0,0

SID,DURM1L,15,5
DF,KANES,24.665556,46.755000,0, ,0.0,0.0,2,2700,0,0,0,0,0,1
TF,SOBOT,24.534861,46.674750,0, ,0.0,0.0,0.0,0.0,2,4800,0,1,220,0,0,0
TF,EGNOX,24.565722,46.503472,0, ,0.0,0.0,0.0,0.0,4,10000,6500,1,220,0,0,0
TF,VAXIR,24.599861,46.330139,0, ,0.0,0.0,0.0,0.0,2,8400,0,0,0,0,0,0
TF,DURMA,24.452778,45.769444,0, ,0.0,0.0,0.0,0.0,2,15000,0,0,0,0,0,0

SID,DURM1N,19,5
DF,NOKPA,24.661583,46.717472,0, ,0.0,0.0,2,2700,0,1,220,0,0,1
TF,SOBOT,24.534861,46.674750,0, ,0.0,0.0,0.0,0.0,2,4500,0,1,220,0,0,0
TF,EGNOX,24.565722,46.503472,0, ,0.0,0.0,0.0,0.0,2,6600,0,1,220,0,0,0
TF,VAXIR,24.599861,46.330139,0, ,0.0,0.0,0.0,0.0,2,8400,0,0,0,0,0,0
TF,LOPUX,24.775806,46.078694,0, ,0.0,0.0,0.0,0.0,3,12000,0,0,0,0,0,0
TF,DURMA,24.452778,45.769444,0, ,0.0,0.0,0.0,0.0,3,17000,0,0,0,0,0,0

SID,DURM1P,01,5
DF,LOPIX,24.793333,46.738222,0, ,0.0,0.0,2,3100,0,1,200,0,0,0
TF,ALMUM,24.891472,46.598417,0, ,0.0,0.0,0.0,0.0,2,4800,0,1,200,0,0,0
TF,KIPAP,24.693167,46.518444,0, ,0.0,0.0,0.0,0.0,4,10000,7200,1,200,0,0,0
TF,DURMA,24.452778,45.769444,0, ,0.0,0.0,0.0,0.0,2,16000,0,0,0,0,0,0

SID,DURM1Q,33,5
DF,ALMUM,24.891472,46.598417,0, ,0.0,0.0,2,4800,0,1,190,0,0,0
TF,LADLU,24.829500,46.494806,0, ,0.0,0.0,0.0,0.0,2,6100,0,1,190,0,0,0
TF,KIPAP,24.693167,46.518444,0, ,0.0,0.0,0.0,0.0,3,10000,0,1,190,0,0,0
TF,DURMA,24.452778,45.769444,0, ,0.0,0.0,0.0,0.0,2,17000,0,0,0,0,0,0

SID,ESRA1L,15,5
DF,KANES,24.665556,46.755000,0, ,0.0,0.0,2,2700,0,1,220,0,0,1
TF,SOBOT,24.534861,46.674750,0, ,0.0,0.0,0.0,0.0,2,4800,0,1,220,0,0,0
TF,EGNOX,24.565722,46.503472,0, ,0.0,0.0,0.0,0.0,4,10000,6500,1,220,0,0,0
TF,LAKLO,24.377556,46.506667,1, ,0.0,0.0,0.0,0.0,4,10000,8700,1,220,0,0,0
TF,KUSTA,24.391028,46.670889,1, ,0.0,0.0,0.0,0.0,2,10500,0,1,250,0,0,0
TF,SOBOT,24.534861,46.674750,0, ,0.0,0.0,0.0,0.0,2,12200,0,0,0,0,0,0
TF,RUBAN,24.741139,46.850750,0, ,0.0,0.0,0.0,0.0,2,15000,0,0,0,0,0,0
TF,EGPOM,24.901861,46.876306,0, ,0.0,0.0,0.0,0.0,2,17000,0,0,0,0,0,0
TF,TAKTO,25.053750,46.907444,0, ,0.0,0.0,0.0,0.0,2,18000,0,0,0,0,0,0
TF,RAMRA,25.179528,46.858000,0, ,0.0,0.0,0.0,0.0,2,21000,0,0,0,0,0,0
TF,NALNO,25.408917,46.767556,0, ,0.0,0.0,0.0,0.0,2,24000,0,0,0,0,0,0
TF,ESRAT,25.854722,47.046389,0, ,0.0,0.0,0.0,0.0,2,30000,0,0,0,0,0,0

SID,ESRA1M,15,5
DF,BOXEG,24.647500,46.766250,0, ,0.0,0.0,2,3000,0,1,190,0,0,0
TF,KAVIB,24.652917,46.836750,0, ,0.0,0.0,0.0,0.0,2,3900,0,1,190,0,0,0
TF,RUBAN,24.741139,46.850750,0, ,0.0,0.0,0.0,0.0,2,5100,0,1,190,0,0,0
TF,EGPOM,24.901861,46.876306,0, ,0.0,0.0,0.0,0.0,2,7100,0,0,0,0,0,0
TF,BOXUS,25.057056,46.866083,0, ,0.0,0.0,0.0,0.0,3,11000,0,0,0,0,0,0
TF,RAMRA,25.179528,46.858000,0, ,0.0,0.0,0.0,0.0,2,10400,0,0,0,0,0,0
TF,NALNO,25.408917,46.767556,0, ,0.0,0.0,0.0,0.0,2,13000,0,0,0,0,0,0
TF,ESRAT,25.854722,47.046389,0, ,0.0,0.0,0.0,0.0,3,20000,0,0,0,0,0,0

SID,ESRA1N,19,5
DF,NOKPA,24.661583,46.717472,0, ,0.0,0.0,2,2600,0,1,220,0,0,1
TF,SOBOT,24.534861,46.674750,0, ,0.0,0.0,0.0,0.0,2,3300,0,1,220,0,0,0
TF,EGNOX,24.565722,46.503472,0, ,0.0,0.0,0.0,0.0,2,5000,0,1,220,0,0,0
TF,LAKLO,24.377556,46.506667,1, ,0.0,0.0,0.0,0.0,2,7000,0,1,220,0,0,0
TF,KUSTA,24.391028,46.670889,1, ,0.0,0.0,0.0,0.0,2,8600,0,1,250,0,0,0
TF,SOBOT,24.534861,46.674750,0, ,0.0,0.0,0.0,0.0,2,10200,0,0,0,0,0,0
TF,RUBAN,24.741139,46.850750,0, ,0.0,0.0,0.0,0.0,2,15000,0,0,0,0,0,0
TF,EGPOM,24.901861,46.876306,0, ,0.0,0.0,0.0,0.0,2,16000,0,0,0,0,0,0
TF,TAKTO,25.053750,46.907444,0, ,0.0,0.0,0.0,0.0,2,18000,0,0,0,0,0,0
TF,RAMRA,25.179528,46.858000,0, ,0.0,0.0,0.0,0.0,2,20000,0,0,0,0,0,0
TF,NALNO,25.408917,46.767556,0, ,0.0,0.0,0.0,0.0,2,23000,0,0,0,0,0,0
TF,ESRAT,25.854722,47.046389,0, ,0.0,0.0,0.0,0.0,3,30000,0,0,0,0,0,0

SID,ESRA1P,01,5
DF,LOPIX,24.793333,46.738222,0, ,0.0,0.0,2,3100,0,1,200,0,0,0
TF,ALMUM,24.891472,46.598417,0, ,0.0,0.0,0.0,0.0,2,4800,0,1,200,0,0,0
TF,ASKES,25.089194,46.545139,0, ,0.0,0.0,0.0,0.0,2,7300,0,0,0,0,0,0
TF,MEKVO,25.299750,46.626694,0, ,0.0,0.0,0.0,0.0,2,10100,0,0,0,0,0,0
TF,ESRAT,25.854722,47.046389,0, ,0.0,0.0,0.0,0.0,3,20000,0,0,0,0,0,0

SID,ESRA1Q,33,5
DF,ALMUM,24.891472,46.598417,0, ,0.0,0.0,2,4800,0,1,190,0,0,0
TF,ASKES,25.089194,46.545139,0, ,0.0,0.0,0.0,0.0,2,7300,0,0,0,0,0,0
TF,MEKVO,25.299750,46.626694,0, ,0.0,0.0,0.0,0.0,2,10000,0,0,0,0,0,0
TF,ESRAT,25.854722,47.046389,0, ,0.0,0.0,0.0,0.0,3,20000,0,0,0,0,0,0

SID,ESRA1S,19,5
DF,NOKPA,24.661583,46.717472,0, ,0.0,0.0,2,2600,0,1,190,0,0,1
TF,ALMUG,24.607167,46.718250,0, ,0.0,0.0,0.0,0.0,2,3300,0,1,190,0,0,1
TF,RUBAN,24.741139,46.850750,1, ,0.0,0.0,0.0,0.0,2,6000,0,1,190,0,0,0
TF,EGPOM,24.901861,46.876306,0, ,0.0,0.0,0.0,0.0,2,8000,0,0,0,0,0,0
TF,TAKTO,25.053750,46.907444,0, ,0.0,0.0,0.0,0.0,3,11000,0,0,0,0,0,0
TF,RAMRA,25.179528,46.858000,0, ,0.0,0.0,0.0,0.0,2,11000,0,0,0,0,0,0
TF,NALNO,25.408917,46.767556,0, ,0.0,0.0,0.0,0.0,2,13000,0,0,0,0,0,0
TF,ESRAT,25.854722,47.046389,0, ,0.0,0.0,0.0,0.0,2,19000,0,0,0,0,0,0

SID,FOXTRO,19,2
VA,0,185.0,2,2490,0,0,0,0,0,0
VM,0,0,0,185.0,0,0,0,0,0,0,0,0

SID,IVON1L,15,5
DF,KANES,24.665556,46.755000,0, ,0.0,0.0,2,2700,0,0,0,0,0,1
TF,SOBOT,24.534861,46.674750,0, ,0.0,0.0,0.0,0.0,2,4800,0,1,220,0,0,0
TF,EGNOX,24.565722,46.503472,0, ,0.0,0.0,0.0,0.0,4,10000,6500,1,220,0,0,0
TF,VAXIR,24.599861,46.330139,0, ,0.0,0.0,0.0,0.0,2,8400,0,0,0,0,0,0
TF,LOPUX,24.775806,46.078694,0, ,0.0,0.0,0.0,0.0,3,12000,0,0,0,0,0,0
TF,IVONU,25.056389,45.675000,0, ,0.0,0.0,0.0,0.0,2,17000,0,0,0,0,0,0

SID,IVON1N,19,5
DF,NOKPA,24.661583,46.717472,0, ,0.0,0.0,2,2700,0,1,220,0,0,1
TF,SOBOT,24.534861,46.674750,0, ,0.0,0.0,0.0,0.0,2,4500,0,1,220,0,0,0
TF,EGNOX,24.565722,46.503472,0, ,0.0,0.0,0.0,0.0,2,6600,0,1,220,0,0,0
TF,VAXIR,24.599861,46.330139,0, ,0.0,0.0,0.0,0.0,2,8400,0,0,0,0,0,0
TF,LOPUX,24.775806,46.078694,0, ,0.0,0.0,0.0,0.0,3,12000,0,0,0,0,0,0
TF,IVONU,25.056389,45.675000,0, ,0.0,0.0,0.0,0.0,3,18000,0,0,0,0,0,0

SID,IVON1P,01,5
DF,LOPIX,24.793333,46.738222,0, ,0.0,0.0,2,3100,0,1,200,0,0,0
TF,ALMUM,24.891472,46.598417,0, ,0.0,0.0,0.0,0.0,2,4800,0,1,200,0,0,0
TF,ASKES,25.089194,46.545139,0, ,0.0,0.0,0.0,0.0,2,7300,0,0,0,0,0,0
TF,ORNOL,25.104806,46.336694,0, ,0.0,0.0,0.0,0.0,3,10000,0,0,0,0,0,0
TF,EGTAK,25.110333,46.261861,0, ,0.0,0.0,0.0,0.0,3,10000,0,0,0,0,0,0
TF,ORPIN,25.099667,46.145611,0, ,0.0,0.0,0.0,0.0,3,10000,0,0,0,0,0,0
TF,IVONU,25.056389,45.675000,0, ,0.0,0.0,0.0,0.0,2,16000,0,0,0,0,0,0

SID,IVON1Q,33,5
DF,ALMUM,24.891472,46.598417,0, ,0.0,0.0,2,4800,0,1,190,0,0,0
TF,ASKES,25.089194,46.545139,0, ,0.0,0.0,0.0,0.0,2,7300,0,0,0,0,0,0
TF,ORNOL,25.104806,46.336694,0, ,0.0,0.0,0.0,0.0,3,10000,0,0,0,0,0,0
TF,EGTAK,25.110333,46.261861,0, ,0.0,0.0,0.0,0.0,3,10000,0,0,0,0,0,0
TF,ORPIN,25.099667,46.145611,0, ,0.0,0.0,0.0,0.0,3,10000,0,0,0,0,0,0
TF,IVONU,25.056389,45.675000,0, ,0.0,0.0,0.0,0.0,2,17000,0,0,0,0,0,0

SID,KOBO1L,15,5
DF,KANES,24.665556,46.755000,0, ,0.0,0.0,2,2700,0,1,220,0,0,1
TF,SOBOT,24.534861,46.674750,0, ,0.0,0.0,0.0,0.0,2,4800,0,1,220,0,0,0
TF,EGNOX,24.565722,46.503472,0, ,0.0,0.0,0.0,0.0,4,10000,6500,1,220,0,0,0
TF,LAKLO,24.377556,46.506667,1, ,0.0,0.0,0.0,0.0,4,10000,8700,1,220,0,0,0
TF,KUSTA,24.391028,46.670889,1, ,0.0,0.0,0.0,0.0,2,10500,0,1,250,0,0,0
TF,SOBOT,24.534861,46.674750,0, ,0.0,0.0,0.0,0.0,2,12200,0,0,0,0,0,0
TF,RUBAN,24.741139,46.850750,0, ,0.0,0.0,0.0,0.0,2,15000,0,0,0,0,0,0
TF,EGPOM,24.901861,46.876306,0, ,0.0,0.0,0.0,0.0,2,17000,0,0,0,0,0,0
TF,OBMUM,24.952917,47.218806,0, ,0.0,0.0,0.0,0.0,2,20000,0,0,0,0,0,0
TF,KODAT,25.082694,47.293861,0, ,0.0,0.0,0.0,0.0,2,22000,0,0,0,0,0,0
TF,TAMLU,25.271944,47.403611,0, ,0.0,0.0,0.0,0.0,2,25000,0,0,0,0,0,0
TF,KATAV,25.195722,47.616583,0, ,0.0,0.0,0.0,0.0,2,28000,0,0,0,0,0,0
TF,KOBOX,25.121111,47.829444,0, ,0.0,0.0,0.0,0.0,3,30000,0,0,0,0,0,0

SID,KOBO1M,15,5
DF,BOXEG,24.647500,46.766250,0, ,0.0,0.0,2,3000,0,1,190,0,0,0
TF,KAVIB,24.652917,46.836750,0, ,0.0,0.0,0.0,0.0,2,3900,0,1,190,0,0,0
TF,RUBAN,24.741139,46.850750,0, ,0.0,0.0,0.0,0.0,2,5100,0,1,190,0,0,0
TF,EGPOM,24.901861,46.876306,0, ,0.0,0.0,0.0,0.0,2,7100,0,0,0,0,0,0
TF,OBMUM,24.952917,47.218806,0, ,0.0,0.0,0.0,0.0,2,10700,0,0,0,0,0,0
TF,KODAT,25.082694,47.293861,0, ,0.0,0.0,0.0,0.0,3,15000,0,0,0,0,0,0
TF,TAMLU,25.271944,47.403611,0, ,0.0,0.0,0.0,0.0,2,15000,0,0,0,0,0,0
TF,KATAV,25.195722,47.616583,0, ,0.0,0.0,0.0,0.0,3,19000,0,0,0,0,0,0
TF,KOBOX,25.121111,47.829444,0, ,0.0,0.0,0.0,0.0,3,19000,0,0,0,0,0,0

SID,KOBO1N,19,5
DF,NOKPA,24.661583,46.717472,0, ,0.0,0.0,2,2600,0,1,220,0,0,1
TF,SOBOT,24.534861,46.674750,0, ,0.0,0.0,0.0,0.0,2,3300,0,1,220,0,0,0
TF,EGNOX,24.565722,46.503472,0, ,0.0,0.0,0.0,0.0,2,5000,0,1,220,0,0,0
TF,LAKLO,24.377556,46.506667,1, ,0.0,0.0,0.0,0.0,2,7000,0,1,220,0,0,0
TF,KUSTA,24.391028,46.670889,1, ,0.0,0.0,0.0,0.0,2,8600,0,1,250,0,0,0
TF,SOBOT,24.534861,46.674750,0, ,0.0,0.0,0.0,0.0,2,10200,0,0,0,0,0,0
TF,RUBAN,24.741139,46.850750,0, ,0.0,0.0,0.0,0.0,2,15000,0,0,0,0,0,0
TF,EGPOM,24.901861,46.876306,0, ,0.0,0.0,0.0,0.0,2,16000,0,0,0,0,0,0
TF,OBMUM,24.952917,47.218806,0, ,0.0,0.0,0.0,0.0,2,19000,0,0,0,0,0,0
TF,KODAT,25.082694,47.293861,0, ,0.0,0.0,0.0,0.0,2,21000,0,0,0,0,0,0
TF,TAMLU,25.271944,47.403611,0, ,0.0,0.0,0.0,0.0,2,23000,0,0,0,0,0,0
TF,KATAV,25.195722,47.616583,0, ,0.0,0.0,0.0,0.0,2,26000,0,0,0,0,0,0
TF,KOBOX,25.121111,47.829444,0, ,0.0,0.0,0.0,0.0,3,29000,0,0,0,0,0,0

SID,KOBO1P,01,5
DF,LOPIX,24.793333,46.738222,0, ,0.0,0.0,2,3100,0,1,200,0,0,0
TF,ALMUM,24.891472,46.598417,0, ,0.0,0.0,0.0,0.0,2,4800,0,1,200,0,0,0
TF,ASKES,25.089194,46.545139,0, ,0.0,0.0,0.0,0.0,2,7300,0,0,0,0,0,0
TF,REEMA,25.344861,46.849417,0, ,0.0,0.0,0.0,0.0,2,11800,0,0,0,0,0,0
TF,ASNEX,25.334139,47.079000,0, ,0.0,0.0,0.0,0.0,3,19000,0,0,0,0,0,0
TF,EGNEG,25.326333,47.241167,0, ,0.0,0.0,0.0,0.0,3,19000,0,0,0,0,0,0
TF,KATAV,25.195722,47.616583,0, ,0.0,0.0,0.0,0.0,3,19000,0,0,0,0,0,0
TF,KOBOX,25.121111,47.829444,0, ,0.0,0.0,0.0,0.0,3,19000,0,0,0,0,0,0

SID,KOBO1Q,33,5
DF,ALMUM,24.891472,46.598417,0, ,0.0,0.0,2,4800,0,1,190,0,0,0
TF,ASKES,25.089194,46.545139,0, ,0.0,0.0,0.0,0.0,2,7300,0,0,0,0,0,0
TF,REEMA,25.344861,46.849417,0, ,0.0,0.0,0.0,0.0,3,11000,0,0,0,0,0,0
TF,ASNEX,25.334139,47.079000,0, ,0.0,0.0,0.0,0.0,3,19000,0,0,0,0,0,0
TF,EGNEG,25.326333,47.241167,0, ,0.0,0.0,0.0,0.0,3,19000,0,0,0,0,0,0
TF,KATAV,25.195722,47.616583,0, ,0.0,0.0,0.0,0.0,3,19000,0,0,0,0,0,0
TF,KOBOX,25.121111,47.829444,0, ,0.0,0.0,0.0,0.0,3,19000,0,0,0,0,0,0

SID,KOBO1S,19,5
DF,NOKPA,24.661583,46.717472,0, ,0.0,0.0,2,2600,0,1,190,0,0,1
TF,ALMUG,24.607167,46.718250,0, ,0.0,0.0,0.0,0.0,2,3300,0,1,190,0,0,1
TF,RUBAN,24.741139,46.850750,1, ,0.0,0.0,0.0,0.0,2,6000,0,1,190,0,0,0
TF,EGPOM,24.901861,46.876306,0, ,0.0,0.0,0.0,0.0,2,8000,0,0,0,0,0,0
TF,OBMUM,24.952917,47.218806,0, ,0.0,0.0,0.0,0.0,2,11600,0,0,0,0,0,0
TF,KODAT,25.082694,47.293861,0, ,0.0,0.0,0.0,0.0,2,13000,0,0,0,0,0,0
TF,TAMLU,25.271944,47.403611,0, ,0.0,0.0,0.0,0.0,2,15000,0,0,0,0,0,0
TF,KATAV,25.195722,47.616583,0, ,0.0,0.0,0.0,0.0,3,19000,0,0,0,0,0,0
TF,KOBOX,25.121111,47.829444,0, ,0.0,0.0,0.0,0.0,2,20000,0,0,0,0,0,0

SID,METN1L,15,5
DF,KANES,24.665556,46.755000,0, ,0.0,0.0,2,2700,0,1,220,0,0,1
TF,SOBOT,24.534861,46.674750,0, ,0.0,0.0,0.0,0.0,2,4800,0,1,220,0,0,0
TF,EGNOX,24.565722,46.503472,0, ,0.0,0.0,0.0,0.0,4,10000,6500,1,220,0,0,0
TF,LAKLO,24.377556,46.506667,1, ,0.0,0.0,0.0,0.0,4,10000,8700,1,220,0,0,0
TF,KUSTA,24.391028,46.670889,1, ,0.0,0.0,0.0,0.0,2,10500,0,1,250,0,0,0
TF,SOBOT,24.534861,46.674750,0, ,0.0,0.0,0.0,0.0,2,12200,0,0,0,0,0,0
TF,RUBAN,24.741139,46.850750,0, ,0.0,0.0,0.0,0.0,2,15000,0,0,0,0,0,0
TF,EGPOM,24.901861,46.876306,0, ,0.0,0.0,0.0,0.0,2,17000,0,0,0,0,0,0
TF,TAKTO,25.053750,46.907444,0, ,0.0,0.0,0.0,0.0,2,18000,0,0,0,0,0,0
TF,RAMRA,25.179528,46.858000,0, ,0.0,0.0,0.0,0.0,2,21000,0,0,0,0,0,0
TF,NALNO,25.408917,46.767556,0, ,0.0,0.0,0.0,0.0,2,24000,0,0,0,0,0,0
TF,LADNO,25.504722,46.426556,0, ,0.0,0.0,0.0,0.0,2,27000,0,0,0,0,0,0
TF,METNI,25.620833,46.008611,0, ,0.0,0.0,0.0,0.0,2,32000,0,0,0,0,0,0

SID,METN1M,15,5
DF,BOXEG,24.647500,46.766250,0, ,0.0,0.0,2,3000,0,1,190,0,0,0
TF,KAVIB,24.652917,46.836750,0, ,0.0,0.0,0.0,0.0,2,3900,0,1,190,0,0,0
TF,RUBAN,24.741139,46.850750,0, ,0.0,0.0,0.0,0.0,2,5100,0,1,190,0,0,0
TF,EGPOM,24.901861,46.876306,0, ,0.0,0.0,0.0,0.0,2,7100,0,0,0,0,0,0
TF,BOXUS,25.057056,46.866083,0, ,0.0,0.0,0.0,0.0,3,11000,0,0,0,0,0,0
TF,RAMRA,25.179528,46.858000,0, ,0.0,0.0,0.0,0.0,2,10400,0,0,0,0,0,0
TF,NALNO,25.408917,46.767556,0, ,0.0,0.0,0.0,0.0,2,13000,0,0,0,0,0,0
TF,LADNO,25.504722,46.426556,0, ,0.0,0.0,0.0,0.0,3,18000,0,0,0,0,0,0
TF,METNI,25.620833,46.008611,0, ,0.0,0.0,0.0,0.0,3,20000,0,0,0,0,0,0

SID,METN1N,19,5
DF,NOKPA,24.661583,46.717472,0, ,0.0,0.0,2,2600,0,1,220,0,0,1
TF,SOBOT,24.534861,46.674750,0, ,0.0,0.0,0.0,0.0,2,3300,0,1,220,0,0,0
TF,EGNOX,24.565722,46.503472,0, ,0.0,0.0,0.0,0.0,2,5000,0,1,220,0,0,0
TF,LAKLO,24.377556,46.506667,1, ,0.0,0.0,0.0,0.0,2,7000,0,1,220,0,0,0
TF,KUSTA,24.391028,46.670889,1, ,0.0,0.0,0.0,0.0,2,8600,0,1,250,0,0,0
TF,SOBOT,24.534861,46.674750,0, ,0.0,0.0,0.0,0.0,2,10200,0,0,0,0,0,0
TF,RUBAN,24.741139,46.850750,0, ,0.0,0.0,0.0,0.0,2,15000,0,0,0,0,0,0
TF,EGPOM,24.901861,46.876306,0, ,0.0,0.0,0.0,0.0,2,16000,0,0,0,0,0,0
TF,TAKTO,25.053750,46.907444,0, ,0.0,0.0,0.0,0.0,2,18000,0,0,0,0,0,0
TF,RAMRA,25.179528,46.858000,0, ,0.0,0.0,0.0,0.0,2,20000,0,0,0,0,0,0
TF,NALNO,25.408917,46.767556,0, ,0.0,0.0,0.0,0.0,2,23000,0,0,0,0,0,0
TF,LADNO,25.504722,46.426556,0, ,0.0,0.0,0.0,0.0,2,27000,0,0,0,0,0,0
TF,METNI,25.620833,46.008611,0, ,0.0,0.0,0.0,0.0,3,31000,0,0,0,0,0,0

SID,METN1P,01,5
DF,LOPIX,24.793333,46.738222,0, ,0.0,0.0,2,3100,0,1,200,0,0,0
TF,ALMUM,24.891472,46.598417,0, ,0.0,0.0,0.0,0.0,2,4800,0,1,200,0,0,0
TF,ASKES,25.089194,46.545139,0, ,0.0,0.0,0.0,0.0,2,7300,0,0,0,0,0,0
TF,SODON,25.294389,46.338861,0, ,0.0,0.0,0.0,0.0,3,15000,0,0,0,0,0,0
TF,METNI,25.620833,46.008611,0, ,0.0,0.0,0.0,0.0,2,20000,0,0,0,0,0,0

SID,METN1Q,33,5
DF,ALMUM,24.891472,46.598417,0, ,0.0,0.0,2,4800,0,1,190,0,0,0
TF,ASKES,25.089194,46.545139,0, ,0.0,0.0,0.0,0.0,2,7300,0,0,0,0,0,0
TF,SODON,25.294389,46.338861,0, ,0.0,0.0,0.0,0.0,3,15000,0,0,0,0,0,0
TF,METNI,25.620833,46.008611,0, ,0.0,0.0,0.0,0.0,3,20000,0,0,0,0,0,0

SID,METN1S,19,5
DF,NOKPA,24.661583,46.717472,0, ,0.0,0.0,2,2600,0,1,190,0,0,1
TF,ALMUG,24.607167,46.718250,0, ,0.0,0.0,0.0,0.0,2,3300,0,1,190,0,0,1
TF,RUBAN,24.741139,46.850750,1, ,0.0,0.0,0.0,0.0,2,6000,0,1,190,0,0,0
TF,EGPOM,24.901861,46.876306,0, ,0.0,0.0,0.0,0.0,2,8000,0,0,0,0,0,0
TF,TAKTO,25.053750,46.907444,0, ,0.0,0.0,0.0,0.0,3,11000,0,0,0,0,0,0
TF,RAMRA,25.179528,46.858000,0, ,0.0,0.0,0.0,0.0,2,11000,0,0,0,0,0,0
TF,NALNO,25.408917,46.767556,0, ,0.0,0.0,0.0,0.0,2,13000,0,0,0,0,0,0
TF,LADNO,25.504722,46.426556,0, ,0.0,0.0,0.0,0.0,2,18000,0,0,0,0,0,0
TF,METNI,25.620833,46.008611,0, ,0.0,0.0,0.0,0.0,2,21000,0,0,0,0,0,0

SID,MUNT1L,15,5
DF,KANES,24.665556,46.755000,0, ,0.0,0.0,2,2700,0,0,0,0,0,1
TF,EGSOL,24.384194,46.812889,0, ,0.0,0.0,0.0,0.0,2,6200,0,0,0,0,0,0
TF,LOTOT,24.230944,46.740556,0, ,0.0,0.0,0.0,0.0,3,15000,0,0,0,0,0,0
TF,MUNTO,23.895833,46.583056,0, ,0.0,0.0,0.0,0.0,2,12500,0,0,0,0,0,0

SID,MUNT1N,19,5
DF,NOKPA,24.661583,46.717472,0, ,0.0,0.0,2,2600,0,1,220,0,0,1
TF,SOBOT,24.534861,46.674750,0, ,0.0,0.0,0.0,0.0,2,3300,0,1,220,0,0,0
TF,EGSOL,24.384194,46.812889,0, ,0.0,0.0,0.0,0.0,2,6600,0,0,0,0,0,0
TF,LOTOT,24.230944,46.740556,0, ,0.0,0.0,0.0,0.0,3,15000,0,0,0,0,0,0
TF,MUNTO,23.895833,46.583056,0, ,0.0,0.0,0.0,0.0,2,16000,0,0,0,0,0,0

SID,MUNT1P,01,5
DF,LOPIX,24.793333,46.738222,0, ,0.0,0.0,2,3100,0,1,200,0,0,0
TF,ALMUM,24.891472,46.598417,0, ,0.0,0.0,0.0,0.0,2,4800,0,1,200,0,0,0
TF,KIPAP,24.693167,46.518444,0, ,0.0,0.0,0.0,0.0,4,10000,7200,1,200,0,0,0
TF,EGSOL,24.384194,46.812889,0, ,0.0,0.0,0.0,0.0,2,12000,0,0,0,0,0,0
TF,LOTOT,24.230944,46.740556,0, ,0.0,0.0,0.0,0.0,3,17000,0,0,0,0,0,0
TF,MUNTO,23.895833,46.583056,0, ,0.0,0.0,0.0,0.0,2,21000,0,0,0,0,0,0

SID,MUNT1Q,33,5
DF,ALMUM,24.891472,46.598417,0, ,0.0,0.0,2,4800,0,1,190,0,0,0
TF,LADLU,24.829500,46.494806,0, ,0.0,0.0,0.0,0.0,2,6100,0,1,190,0,0,0
TF,KIPAP,24.693167,46.518444,0, ,0.0,0.0,0.0,0.0,3,10000,0,1,190,0,0,0
TF,EGSOL,24.384194,46.812889,0, ,0.0,0.0,0.0,0.0,2,12600,0,0,0,0,0,0
TF,LOTOT,24.230944,46.740556,0, ,0.0,0.0,0.0,0.0,3,17000,0,0,0,0,0,0
TF,MUNTO,23.895833,46.583056,0, ,0.0,0.0,0.0,0.0,2,19000,0,0,0,0,0,0

SID,MURL1L,15,5
DF,KANES,24.665556,46.755000,0, ,0.0,0.0,2,2700,0,1,220,0,0,1
TF,SOBOT,24.534861,46.674750,0, ,0.0,0.0,0.0,0.0,2,4800,0,1,220,0,0,0
TF,EGNOX,24.565722,46.503472,0, ,0.0,0.0,0.0,0.0,4,10000,6500,1,220,0,0,0
TF,LAKLO,24.377556,46.506667,1, ,0.0,0.0,0.0,0.0,4,10000,8700,1,220,0,0,0
TF,KUSTA,24.391028,46.670889,1, ,0.0,0.0,0.0,0.0,2,10500,0,1,250,0,0,0
TF,SOBOT,24.534861,46.674750,0, ,0.0,0.0,0.0,0.0,2,12200,0,0,0,0,0,0
TF,RUBAN,24.741139,46.850750,0, ,0.0,0.0,0.0,0.0,2,15000,0,0,0,0,0,0
TF,EGPOM,24.901861,46.876306,0, ,0.0,0.0,0.0,0.0,2,17000,0,0,0,0,0,0
TF,TAKTO,25.053750,46.907444,0, ,0.0,0.0,0.0,0.0,2,18000,0,0,0,0,0,0
TF,RAMRA,25.179528,46.858000,0, ,0.0,0.0,0.0,0.0,2,21000,0,0,0,0,0,0
TF,NALNO,25.408917,46.767556,0, ,0.0,0.0,0.0,0.0,2,24000,0,0,0,0,0,0
TF,MURLU,25.876111,46.582222,0, ,0.0,0.0,0.0,0.0,2,29000,0,0,0,0,0,0

SID,MURL1M,15,5
DF,BOXEG,24.647500,46.766250,0, ,0.0,0.0,2,3000,0,1,190,0,0,0
TF,KAVIB,24.652917,46.836750,0, ,0.0,0.0,0.0,0.0,2,3900,0,1,190,0,0,0
TF,RUBAN,24.741139,46.850750,0, ,0.0,0.0,0.0,0.0,2,5100,0,1,190,0,0,0
TF,EGPOM,24.901861,46.876306,0, ,0.0,0.0,0.0,0.0,2,7100,0,0,0,0,0,0
TF,BOXUS,25.057056,46.866083,0, ,0.0,0.0,0.0,0.0,3,11000,0,0,0,0,0,0
TF,RAMRA,25.179528,46.858000,0, ,0.0,0.0,0.0,0.0,2,10400,0,0,0,0,0,0
TF,NALNO,25.408917,46.767556,0, ,0.0,0.0,0.0,0.0,2,13000,0,0,0,0,0,0
TF,MURLU,25.876111,46.582222,0, ,0.0,0.0,0.0,0.0,3,21000,0,0,0,0,0,0

SID,MURL1N,19,5
DF,NOKPA,24.661583,46.717472,0, ,0.0,0.0,2,2600,0,1,220,0,0,1
TF,SOBOT,24.534861,46.674750,0, ,0.0,0.0,0.0,0.0,2,3300,0,1,220,0,0,0
TF,EGNOX,24.565722,46.503472,0, ,0.0,0.0,0.0,0.0,2,5000,0,1,220,0,0,0
TF,LAKLO,24.377556,46.506667,1, ,0.0,0.0,0.0,0.0,2,7000,0,1,220,0,0,0
TF,KUSTA,24.391028,46.670889,1, ,0.0,0.0,0.0,0.0,2,8600,0,1,250,0,0,0
TF,SOBOT,24.534861,46.674750,0, ,0.0,0.0,0.0,0.0,2,10200,0,0,0,0,0,0
TF,RUBAN,24.741139,46.850750,0, ,0.0,0.0,0.0,0.0,2,15000,0,0,0,0,0,0
TF,EGPOM,24.901861,46.876306,0, ,0.0,0.0,0.0,0.0,2,16000,0,0,0,0,0,0
TF,TAKTO,25.053750,46.907444,0, ,0.0,0.0,0.0,0.0,2,18000,0,0,0,0,0,0
TF,RAMRA,25.179528,46.858000,0, ,0.0,0.0,0.0,0.0,2,20000,0,0,0,0,0,0
TF,NALNO,25.408917,46.767556,0, ,0.0,0.0,0.0,0.0,2,23000,0,0,0,0,0,0
TF,MURLU,25.876111,46.582222,0, ,0.0,0.0,0.0,0.0,3,29000,0,0,0,0,0,0

SID,MURL1P,01,5
DF,LOPIX,24.793333,46.738222,0, ,0.0,0.0,2,3100,0,1,200,0,0,0
TF,ALMUM,24.891472,46.598417,0, ,0.0,0.0,0.0,0.0,2,4800,0,1,200,0,0,0
TF,ASKES,25.089194,46.545139,0, ,0.0,0.0,0.0,0.0,2,7300,0,0,0,0,0,0
TF,MEKVO,25.299750,46.626694,0, ,0.0,0.0,0.0,0.0,2,10100,0,0,0,0,0,0
TF,MURLU,25.876111,46.582222,0, ,0.0,0.0,0.0,0.0,3,21000,0,0,0,0,0,0

SID,MURL1Q,33,5
DF,ALMUM,24.891472,46.598417,0, ,0.0,0.0,2,4800,0,1,190,0,0,0
TF,ASKES,25.089194,46.545139,0, ,0.0,0.0,0.0,0.0,2,7300,0,0,0,0,0,0
TF,MEKVO,25.299750,46.626694,0, ,0.0,0.0,0.0,0.0,2,10000,0,0,0,0,0,0
TF,MURLU,25.876111,46.582222,0, ,0.0,0.0,0.0,0.0,3,21000,0,0,0,0,0,0

SID,MURL1S,19,5
DF,NOKPA,24.661583,46.717472,0, ,0.0,0.0,2,2600,0,1,190,0,0,1
TF,ALMUG,24.607167,46.718250,0, ,0.0,0.0,0.0,0.0,2,3300,0,1,190,0,0,1
TF,RUBAN,24.741139,46.850750,1, ,0.0,0.0,0.0,0.0,2,6000,0,1,190,0,0,0
TF,EGPOM,24.901861,46.876306,0, ,0.0,0.0,0.0,0.0,2,8000,0,0,0,0,0,0
TF,TAKTO,25.053750,46.907444,0, ,0.0,0.0,0.0,0.0,3,11000,0,0,0,0,0,0
TF,RAMRA,25.179528,46.858000,0, ,0.0,0.0,0.0,0.0,2,11000,0,0,0,0,0,0
TF,NALNO,25.408917,46.767556,0, ,0.0,0.0,0.0,0.0,2,13000,0,0,0,0,0,0
TF,MURLU,25.876111,46.582222,0, ,0.0,0.0,0.0,0.0,2,19000,0,0,0,0,0,0

SID,RESA1L,15,5
DF,KANES,24.665556,46.755000,0, ,0.0,0.0,2,2700,0,0,0,0,0,1
TF,EGSOL,24.384194,46.812889,0, ,0.0,0.0,0.0,0.0,2,6200,0,0,0,0,0,0
TF,RESAL,24.113611,47.074167,0, ,0.0,0.0,0.0,0.0,2,10500,0,0,0,0,0,0

SID,RESA1N,19,5
DF,NOKPA,24.661583,46.717472,0, ,0.0,0.0,2,2600,0,1,220,0,0,1
TF,SOBOT,24.534861,46.674750,0, ,0.0,0.0,0.0,0.0,2,3300,0,1,220,0,0,0
TF,EGSOL,24.384194,46.812889,0, ,0.0,0.0,0.0,0.0,2,6600,0,0,0,0,0,0
TF,RESAL,24.113611,47.074167,0, ,0.0,0.0,0.0,0.0,2,11000,0,0,0,0,0,0

SID,RESA1P,01,5
DF,LOPIX,24.793333,46.738222,0, ,0.0,0.0,2,3100,0,1,200,0,0,0
TF,ALMUM,24.891472,46.598417,0, ,0.0,0.0,0.0,0.0,2,4800,0,1,200,0,0,0
TF,KIPAP,24.693167,46.518444,0, ,0.0,0.0,0.0,0.0,4,10000,7200,1,200,0,0,0
TF,EGSOL,24.384194,46.812889,0, ,0.0,0.0,0.0,0.0,2,12000,0,0,0,0,0,0
TF,RESAL,24.113611,47.074167,0, ,0.0,0.0,0.0,0.0,3,16000,0,0,0,0,0,0

SID,RESA1Q,33,5
DF,ALMUM,24.891472,46.598417,0, ,0.0,0.0,2,4800,0,1,190,0,0,0
TF,LADLU,24.829500,46.494806,0, ,0.0,0.0,0.0,0.0,2,6100,0,1,190,0,0,0
TF,KIPAP,24.693167,46.518444,0, ,0.0,0.0,0.0,0.0,3,10000,0,1,190,0,0,0
TF,EGSOL,24.384194,46.812889,0, ,0.0,0.0,0.0,0.0,2,12600,0,0,0,0,0,0
TF,RESAL,24.113611,47.074167,0, ,0.0,0.0,0.0,0.0,3,20000,0,0,0,0,0,0

SID,TAKT1L,15,5
DF,KANES,24.665556,46.755000,0, ,0.0,0.0,2,2700,0,1,220,0,0,1
TF,SOBOT,24.534861,46.674750,0, ,0.0,0.0,0.0,0.0,2,4800,0,1,220,0,0,0
TF,EGNOX,24.565722,46.503472,0, ,0.0,0.0,0.0,0.0,4,10000,6500,1,220,0,0,0
TF,LAKLO,24.377556,46.506667,1, ,0.0,0.0,0.0,0.0,4,10000,8700,1,220,0,0,0
TF,KUSTA,24.391028,46.670889,1, ,0.0,0.0,0.0,0.0,2,10500,0,1,250,0,0,0
TF,SOBOT,24.534861,46.674750,0, ,0.0,0.0,0.0,0.0,2,12200,0,0,0,0,0,0
TF,RUBAN,24.741139,46.850750,0, ,0.0,0.0,0.0,0.0,2,15000,0,0,0,0,0,0
TF,EGPOM,24.901861,46.876306,0, ,0.0,0.0,0.0,0.0,2,17000,0,0,0,0,0,0
TF,OBMUM,24.952917,47.218806,0, ,0.0,0.0,0.0,0.0,2,20000,0,0,0,0,0,0
TF,KODAT,25.082694,47.293861,0, ,0.0,0.0,0.0,0.0,2,22000,0,0,0,0,0,0
TF,TAMLU,25.271944,47.403611,0, ,0.0,0.0,0.0,0.0,2,25000,0,0,0,0,0,0
TF,TAKTI,25.364722,47.727778,0, ,0.0,0.0,0.0,0.0,2,29000,0,0,0,0,0,0

SID,TAKT1M,15,5
DF,BOXEG,24.647500,46.766250,0, ,0.0,0.0,2,3000,0,1,190,0,0,0
TF,KAVIB,24.652917,46.836750,0, ,0.0,0.0,0.0,0.0,2,3900,0,1,190,0,0,0
TF,RUBAN,24.741139,46.850750,0, ,0.0,0.0,0.0,0.0,2,5100,0,1,190,0,0,0
TF,EGPOM,24.901861,46.876306,0, ,0.0,0.0,0.0,0.0,2,7100,0,0,0,0,0,0
TF,OBMUM,24.952917,47.218806,0, ,0.0,0.0,0.0,0.0,2,10700,0,0,0,0,0,0
TF,KODAT,25.082694,47.293861,0, ,0.0,0.0,0.0,0.0,3,15000,0,0,0,0,0,0
TF,TAMLU,25.271944,47.403611,0, ,0.0,0.0,0.0,0.0,2,15000,0,0,0,0,0,0
TF,TAKTI,25.364722,47.727778,0, ,0.0,0.0,0.0,0.0,3,19000,0,0,0,0,0,0

SID,TAKT1N,19,5
DF,NOKPA,24.661583,46.717472,0, ,0.0,0.0,2,2600,0,1,220,0,0,1
TF,SOBOT,24.534861,46.674750,0, ,0.0,0.0,0.0,0.0,2,3300,0,1,220,0,0,0
TF,EGNOX,24.565722,46.503472,0, ,0.0,0.0,0.0,0.0,2,5000,0,1,220,0,0,0
TF,LAKLO,24.377556,46.506667,1, ,0.0,0.0,0.0,0.0,2,7000,0,1,220,0,0,0
TF,KUSTA,24.391028,46.670889,1, ,0.0,0.0,0.0,0.0,2,8600,0,1,250,0,0,0
TF,SOBOT,24.534861,46.674750,0, ,0.0,0.0,0.0,0.0,2,10200,0,0,0,0,0,0
TF,RUBAN,24.741139,46.850750,0, ,0.0,0.0,0.0,0.0,2,15000,0,0,0,0,0,0
TF,EGPOM,24.901861,46.876306,0, ,0.0,0.0,0.0,0.0,2,16000,0,0,0,0,0,0
TF,OBMUM,24.952917,47.218806,0, ,0.0,0.0,0.0,0.0,2,19000,0,0,0,0,0,0
TF,KODAT,25.082694,47.293861,0, ,0.0,0.0,0.0,0.0,2,21000,0,0,0,0,0,0
TF,TAMLU,25.271944,47.403611,0, ,0.0,0.0,0.0,0.0,2,23000,0,0,0,0,0,0
TF,TAKTI,25.364722,47.727778,0, ,0.0,0.0,0.0,0.0,3,29000,0,0,0,0,0,0

SID,TAKT1P,01,5
DF,LOPIX,24.793333,46.738222,0, ,0.0,0.0,2,3100,0,1,200,0,0,0
TF,ALMUM,24.891472,46.598417,0, ,0.0,0.0,0.0,0.0,2,4800,0,1,200,0,0,0
TF,ASKES,25.089194,46.545139,0, ,0.0,0.0,0.0,0.0,2,7300,0,0,0,0,0,0
TF,REEMA,25.344861,46.849417,0, ,0.0,0.0,0.0,0.0,2,11800,0,0,0,0,0,0
TF,ASNEX,25.334139,47.079000,0, ,0.0,0.0,0.0,0.0,3,19000,0,0,0,0,0,0
TF,EGNEG,25.326333,47.241167,0, ,0.0,0.0,0.0,0.0,3,19000,0,0,0,0,0,0
TF,TAKTI,25.364722,47.727778,0, ,0.0,0.0,0.0,0.0,3,19000,0,0,0,0,0,0

SID,TAKT1Q,33,5
DF,ALMUM,24.891472,46.598417,0, ,0.0,0.0,2,4800,0,1,190,0,0,0
TF,ASKES,25.089194,46.545139,0, ,0.0,0.0,0.0,0.0,2,7300,0,0,0,0,0,0
TF,REEMA,25.344861,46.849417,0, ,0.0,0.0,0.0,0.0,3,11000,0,0,0,0,0,0
TF,ASNEX,25.334139,47.079000,0, ,0.0,0.0,0.0,0.0,3,19000,0,0,0,0,0,0
TF,EGNEG,25.326333,47.241167,0, ,0.0,0.0,0.0,0.0,3,19000,0,0,0,0,0,0
TF,TAKTI,25.364722,47.727778,0, ,0.0,0.0,0.0,0.0,3,19000,0,0,0,0,0,0

SID,TAKT1S,19,5
DF,NOKPA,24.661583,46.717472,0, ,0.0,0.0,2,2600,0,1,190,0,0,1
TF,ALMUG,24.607167,46.718250,0, ,0.0,0.0,0.0,0.0,2,3300,0,1,190,0,0,1
TF,RUBAN,24.741139,46.850750,1, ,0.0,0.0,0.0,0.0,2,6000,0,1,190,0,0,0
TF,EGPOM,24.901861,46.876306,0, ,0.0,0.0,0.0,0.0,2,8000,0,0,0,0,0,0
TF,OBMUM,24.952917,47.218806,0, ,0.0,0.0,0.0,0.0,2,11600,0,0,0,0,0,0
TF,KODAT,25.082694,47.293861,0, ,0.0,0.0,0.0,0.0,2,13000,0,0,0,0,0,0
TF,TAMLU,25.271944,47.403611,0, ,0.0,0.0,0.0,0.0,2,15000,0,0,0,0,0,0
TF,TAKTI,25.364722,47.727778,0, ,0.0,0.0,0.0,0.0,2,19000,0,0,0,0,0,0

STAR,ESRA1A,ALL,5
IF,ESRAT,25.854722,47.046389, ,0.0,0.0,2,21000,0,0,0,0,0,0
TF,NAGER,25.353167,47.274167,0, ,0.0,0.0,0.0,0.0,2,20000,0,0,0,0,0,0
TF,TAKTO,25.053750,46.907444,0, ,0.0,0.0,0.0,0.0,2,12000,0,0,0,0,0,0

STAR,ETBA1A,ALL,5
IF,ETBAS,25.580833,47.555000, ,0.0,0.0,2,22000,0,0,0,0,0,0
TF,NAGER,25.353167,47.274167,0, ,0.0,0.0,0.0,0.0,2,20000,0,0,0,0,0,0
TF,TAKTO,25.053750,46.907444,0, ,0.0,0.0,0.0,0.0,2,12000,0,0,0,0,0,0

STAR,KAVU1A,ALL,5
IF,KAVUR,24.712778,45.676667, ,0.0,0.0,2,21000,0,0,0,0,0,0
TF,LOPUX,24.775806,46.078694,0, ,0.0,0.0,0.0,0.0,3,16000,0,0,0,0,0,0
TF,BOSEB,24.841222,46.503028,0, ,0.0,0.0,0.0,0.0,2,11000,0,0,0,0,0,0

STAR,KOBO1A,ALL,5
IF,KOBOX,25.121111,47.829444, ,0.0,0.0,2,22000,0,0,0,0,0,0
TF,TALBU,25.101667,47.554833,0, ,0.0,0.0,0.0,0.0,2,20000,0,0,0,0,0,0
TF,TAKTO,25.053750,46.907444,0, ,0.0,0.0,0.0,0.0,2,12000,0,0,0,0,0,0

STAR,METN1A,ALL,5
IF,METNI,25.620833,46.008611, ,0.0,0.0,2,21000,0,0,0,0,0,0
TF,BUBOX,25.178139,46.290500,0, ,0.0,0.0,0.0,0.0,2,16000,0,0,0,0,0,0
TF,BOSEB,24.841222,46.503028,0, ,0.0,0.0,0.0,0.0,2,11000,0,0,0,0,0,0

STAR,MUNT1A,ALL,5
IF,MUNTO,23.895833,46.583056, ,0.0,0.0,2,22000,0,0,0,0,0,0
TF,DEBAT,24.309528,46.515639,0, ,0.0,0.0,0.0,0.0,2,16000,0,0,0,0,0,0
TF,ALSUB,24.558167,46.474889,0, ,0.0,0.0,0.0,0.0,3,13000,0,0,0,0,0,0
TF,MELMU,24.680861,46.583389,0, ,0.0,0.0,0.0,0.0,2,12000,0,0,0,0,0,0
TF,BOSEB,24.841222,46.503028,0, ,0.0,0.0,0.0,0.0,2,11000,0,0,0,0,0,0

STAR,MURL1A,ALL,5
IF,MURLU,25.876111,46.582222, ,0.0,0.0,2,22000,0,0,0,0,0,0
TF,BUBOX,25.178139,46.290500,0, ,0.0,0.0,0.0,0.0,2,16000,0,0,0,0,0,0
TF,BOSEB,24.841222,46.503028,0, ,0.0,0.0,0.0,0.0,2,11000,0,0,0,0,0,0

STAR,RESA1A,ALL,5
IF,RESAL,24.113611,47.074167, ,0.0,0.0,2,22000,0,0,0,0,0,0
TF,LOTOT,24.230944,46.740556,0, ,0.0,0.0,0.0,0.0,2,18000,0,0,0,0,0,0
TF,DEBAT,24.309528,46.515639,0, ,0.0,0.0,0.0,0.0,2,16000,0,0,0,0,0,0
TF,ALSUB,24.558167,46.474889,0, ,0.0,0.0,0.0,0.0,3,13000,0,0,0,0,0,0
TF,MELMU,24.680861,46.583389,0, ,0.0,0.0,0.0,0.0,2,12000,0,0,0,0,0,0
TF,BOSEB,24.841222,46.503028,0, ,0.0,0.0,0.0,0.0,2,11000,0,0,0,0,0,0

STAR,RESU1A,ALL,2
IF,RESUB,24.829194,46.398306, ,0.0,0.0,2,11000,0,0,0,0,0,0

STAR,RESU1A,01,3
IF,RESUB,24.829194,46.398306, ,0.0,0.0,2,11000,0,0,0,0,0,0
TF,KIA,24.886056,46.759389,0, ,0.0,0.0,0.0,0.0,2,9000,0,0,0,0,0,0
TF,RIY,24.719528,46.724139,2, ,0.0,0.0,0.0,0.0,2,9000,0,0,0,0,0,0

STAR,RESU1A,33,3
IF,RESUB,24.829194,46.398306, ,0.0,0.0,2,11000,0,0,0,0,0,0
TF,KIA,24.886056,46.759389,0, ,0.0,0.0,0.0,0.0,2,9000,0,0,0,0,0,0
TF,RIY,24.719528,46.724139,2, ,0.0,0.0,0.0,0.0,2,9000,0,0,0,0,0,0

STAR,RESU1B,ALL,2
IF,RESUB,24.829194,46.398306, ,0.0,0.0,2,11000,0,0,0,0,0,0

STAR,RESU1B,15,3
IF,RESUB,24.829194,46.398306, ,0.0,0.0,2,11000,0,0,0,0,0,0
TF,RIY,24.719528,46.724139,0, ,0.0,0.0,0.0,0.0,2,9000,0,0,0,0,0,0

STAR,RESU1B,19,3
IF,RESUB,24.829194,46.398306, ,0.0,0.0,2,11000,0,0,0,0,0,0
TF,RIY,24.719528,46.724139,0, ,0.0,0.0,0.0,0.0,2,9000,0,0,0,0,0,0

STAR,SISO1A,ALL,2
IF,SISOT,24.965306,47.115694, ,0.0,0.0,2,11000,0,0,0,0,0,0

STAR,SISO1A,01,3
IF,SISOT,24.965306,47.115694, ,0.0,0.0,2,11000,0,0,0,0,0,0
TF,KIA,24.886056,46.759389,0, ,0.0,0.0,0.0,0.0,2,9000,0,0,0,0,0,0
TF,RIY,24.719528,46.724139,0, ,0.0,0.0,0.0,0.0,2,9000,0,0,0,0,0,0

STAR,SISO1A,33,3
IF,SISOT,24.965306,47.115694, ,0.0,0.0,2,11000,0,0,0,0,0,0
TF,KIA,24.886056,46.759389,0, ,0.0,0.0,0.0,0.0,2,9000,0,0,0,0,0,0
TF,RIY,24.719528,46.724139,0, ,0.0,0.0,0.0,0.0,2,9000,0,0,0,0,0,0

STAR,SISO1B,ALL,2
IF,SISOT,24.965306,47.115694, ,0.0,0.0,2,11000,0,0,0,0,0,0

STAR,SISO1B,15,3
IF,SISOT,24.965306,47.115694, ,0.0,0.0,2,11000,0,0,0,0,0,0
TF,RIY,24.719528,46.724139,0, ,0.0,0.0,0.0,0.0,2,9000,0,0,0,0,0,0

STAR,SISO1B,19,3
IF,SISOT,24.965306,47.115694, ,0.0,0.0,2,11000,0,0,0,0,0,0
TF,RIY,24.719528,46.724139,0, ,0.0,0.0,0.0,0.0,2,9000,0,0,0,0,0,0

STAR,TAKT1A,ALL,5
IF,TAKTI,25.364722,47.727778, ,0.0,0.0,2,20000,0,0,0,0,0,0
TF,TALBU,25.101667,47.554833,0, ,0.0,0.0,0.0,0.0,2,20000,0,0,0,0,0,0
TF,TAKTO,25.053750,46.907444,0, ,0.0,0.0,0.0,0.0,2,12000,0,0,0,0,0,0

STAR,TEVO1A,ALL,5
IF,TEVOG,24.103333,46.073333, ,0.0,0.0,2,21000,0,0,0,0,0,0
TF,ALSUB,24.558167,46.474889,0, ,0.0,0.0,0.0,0.0,3,13000,0,0,0,0,0,0
TF,MELMU,24.680861,46.583389,0, ,0.0,0.0,0.0,0.0,2,12000,0,0,0,0,0,0
TF,BOSEB,24.841222,46.503028,0, ,0.0,0.0,0.0,0.0,2,11000,0,0,0,0,0,0

STAR,VELO1A,ALL,5
IF,VELOS,25.357222,45.786667, ,0.0,0.0,2,21000,0,0,0,0,0,0
TF,BOSEB,24.841222,46.503028,0, ,0.0,0.0,0.0,0.0,2,11000,0,0,0,0,0,0

APPTR,D01,01,RIY
IF,RIY,24.719528,46.724139, ,0.0,0.0,2,9000,0,0,0,0,1,0
CF,ATBOP,24.631167,46.920417,0,RIY,113.2,12.0,113.0,12.0,2,6000,0,0,0,0,0,0
AF,CD01,24.519917,46.711833,2,RIY,180.2,12.0,113.0,2,5000,0,0,0,0,1,0

FINAL,D01,01,D,3
IF,CD01,24.519917,46.711833,RIY,180.2,12.0,2,5000,0,0,0,0,0,0
CF,IMDUP,24.621778,46.718139,0,RIY,180.2,5.9,360.0,6.1,2,3700,0,0,0,0,2,0
CF,MD01,24.688472,46.722250,0,RIY,180.2,1.9,360.0,4.0,1,2453,0,0,0,0,3,0
FD,MD01,24.688472,46.722250,0,RIY,180.2,4.6,360.0,4.6,0,0,0,0,0,0,0,0
CI,1, ,0.0,186.0,0,0,0,1,200,0,0,0
CF,KIA30,24.495844,46.414422,0,KIA,216.0,30.0,216.0,21.0,1,7500,0,0,0,0,0,0
AF,KUSTA,24.391028,46.670889,1,KIA,186.3,30.0,216.0,0,0,0,0,0,0,0,0
HM,KUSTA,24.391028,46.670889,1, ,0.0,0.0,6.0,04.3,1,7500,0,1,190,0,0,0,0

APPTR,D15,15,RIY
IF,RIY,24.719528,46.724139, ,0.0,0.0,2,9000,0,0,0,0,1,0
CF,OBROX,24.900194,46.686556,0,RIY,346.3,11.0,346.0,11.0,2,6000,0,0,0,0,0,0
AF,CD15,24.870667,46.609389,1,RIY,322.3,11.0,346.0,2,4500,0,0,0,0,1,0

FINAL,D15,15,D,3
IF,CD15,24.870667,46.609389,RIY,322.3,11.0,2,4500,0,0,0,0,0,0
CF,GERUM,24.800833,46.662472,0,RIY,322.3,5.9,142.0,5.1,2,3700,0,0,0,0,2,0
CF,RW15,24.731608,46.713753,0,RIY,318.9,0.9,142.0,5.0,1,2102,0,0,0,0,3,0
FD,RW15,24.731608,46.713753,0,RIY,318.9,5.0,152.0,5.0,2,3400,0,0,0,0,0,0
CI,0, ,0.0,216.0,0,0,0,1,200,0,0,0
CF,KUSTA,24.391028,46.670889,0,RIY,185.4,19.9,186.0,10.0,1,5500,0,0,0,0,0,0
HM,KUSTA,24.391028,46.670889,1, ,0.0,0.0,6.0,04.3,0,0,0,1,190,0,0,0,0

APPTR,D19,19,RIY
IF,RIY,24.719528,46.724139, ,0.0,0.0,2,9000,0,1,220,0,1,0
CF,OBROX,24.900194,46.686556,0,RIY,346.3,11.0,346.0,11.0,2,6000,0,0,0,0,0,0
AF,CD19,24.898556,46.770333,2,RIY,10.2,11.0,346.0,2,4500,0,0,0,0,1,0

FINAL,D19,19,D,3
IF,CD19,24.898556,46.770333,RIY,10.2,11.0,2,4500,0,0,0,0,0,0
CF,FD19,24.823250,46.750889,0,RIY,10.2,6.4,190.0,4.6,2,3800,0,0,0,0,2,0
CF,RW19,24.741828,46.730175,0,RIY,10.9,1.4,190.0,5.0,1,2133,0,0,0,0,3,0
CF,RIY,24.719528,46.724139,0,RIY,0.0,0.0,190.0,1.4,0,0,0,0,0,0,0,1
FD,RIY,24.719528,46.724139,0,RIY,0.0,3.0,190.0,3.0,2,3000,0,0,0,0,0,0
CF,KUSTA,24.391028,46.670889,0,RIY,185.4,19.9,186.0,16.9,1,5500,0,0,0,0,0,0
HM,KUSTA,24.391028,46.670889,1, ,0.0,0.0,6.0,04.3,0,0,0,1,190,0,0,0,0

APPTR,D33,33,RIY
IF,RIY,24.719528,46.724139, ,0.0,0.0,2,9000,0,0,0,0,1,0
CF,ATBOP,24.631167,46.920417,0,RIY,113.2,12.0,113.0,12.0,2,6000,0,0,0,0,0,0
AF,CD33,24.537806,46.815333,2,RIY,152.3,12.0,113.0,2,5000,0,0,0,0,1,0

FINAL,D33,33,D,3
IF,CD33,24.537806,46.815333,RIY,152.3,12.0,2,5000,0,0,0,0,0,0
CF,BOSUR,24.631583,46.768333,0,RIY,152.3,5.8,333.0,6.2,2,3700,0,0,0,0,2,0
CF,RW33,24.707694,46.728692,0,RIY,157.6,0.8,333.0,5.0,1,2061,0,0,0,0,3,0
CF,RIY,24.719528,46.724139,0,RIY,0.0,0.0,333.0,0.8,0,0,0,0,0,0,0,1
FD,RIY,24.719528,46.724139,0,RIY,0.0,6.5,354.0,6.5,2,3600,0,0,0,0,0,0
CI,1, ,0.0,186.0,0,0,0,1,190,0,0,0
CF,KIA30,24.495844,46.414422,0,KIA,216.0,30.0,216.0,20.0,1,7500,0,0,0,0,0,0
AF,KUSTA,24.391028,46.670889,1,KIA,186.3,30.0,216.0,1,7500,0,0,0,0,0,0
HM,KUSTA,24.391028,46.670889,1, ,0.0,0.0,6.0,04.3,0,0,0,1,190,0,0,0,0

APPTR,I01,01,RIY
IF,RIY,24.719528,46.724139, ,0.0,0.0,2,9000,0,0,0,0,1,0
CF,RY007,24.588806,46.889667,0,RIY,127.8,12.0,128.0,12.0,2,6000,0,0,0,0,0,0
AF,D175L,24.519011,46.731792,2,RIY,175.0,12.0,128.0,2,4500,0,0,0,0,0,0
VI,2,IRIY,0.0,335.0,0,0,0,0,0,0,0,0

FINAL,I01,01,I,3
IF,IF01Y,24.521361,46.695306,IRIY,185.2,13.5,2,4500,0,0,0,0,0,0
CF,MELGA,24.623917,46.711500,0,IRIY,185.2,7.3,5.0,6.2,1,3800,0,0,0,0,2,0
CF,RW01,24.709083,46.724986,0,IRIY,185.2,2.1,5.0,5.1,1,2064,0,0,0,0,3,0
FD,RW01,24.709083,46.724986,0,RIY,172.8,5.3,7.0,5.3,2,3100,0,0,0,0,0,0
CI,1, ,0.0,197.0,0,0,0,1,190,0,0,0
CF,RY901,24.563056,46.339250,0,KIA,227.0,30.0,227.0,24.0,1,7500,0,0,0,0,0,0
AF,KUSTA,24.391028,46.670889,1,KIA,186.3,30.0,227.0,0,0,0,0,0,0,0,0
HM,KUSTA,24.391028,46.670889,1, ,0.0,0.0,6.0,04.3,1,7500,0,1,190,0,0,0,0

APPTR,I33,33,RIY
IF,RIY,24.719528,46.724139, ,0.0,0.0,2,9000,0,0,0,0,1,0
CF,RY013,24.588806,46.889667,0,RIY,127.8,12.0,128.0,12.0,2,6000,0,1,220,0,0,0
AF,D138L,24.563539,46.862200,2,RIY,138.0,12.0,128.0,2,5000,0,0,0,0,0,0
VI,0,IRAB,0.0,298.0,0,0,0,0,0,0,0,0

FINAL,I33,33,I,3
IF,CF33,24.544667,46.830167,IRAB,147.3,13.0,2,5000,0,0,0,0,0,0
CF,NADSU,24.637778,46.772222,0,IRAB,147.3,6.6,328.0,6.4,1,3700,0,0,0,0,2,0
CF,RW33,24.707694,46.728692,0,IRAB,147.2,1.8,328.0,4.8,1,2070,0,0,0,0,3,0
FD,RW33,24.707694,46.728692,0,RIY,157.6,6.0,328.0,6.0,2,3900,0,0,0,0,0,0
CI,1, ,0.0,186.0,0,0,0,0,0,0,0,0
CF,KIA30,24.495844,46.414422,0,KIA,216.0,30.0,216.0,15.0,1,7500,0,0,0,0,0,0
AF,KUSTA,24.391028,46.670889,1,KIA,186.3,30.0,216.0,1,7500,0,0,0,0,0,0
HM,KUSTA,24.391028,46.670889,1, ,0.0,0.0,6.0,04.3,0,0,0,1,190,0,0,0,0

APPTR,R01,01,BOS1E
IF,BOSEB,24.841222,46.503028, ,0.0,0.0,2,11000,0,0,0,0,0,0
TF,ALMUM,24.891472,46.598417,0, ,0.0,0.0,0.0,0.0,2,11000,0,0,0,0,0,0
TF,RADOX,24.707944,46.714167,0, ,0.0,0.0,0.0,0.0,2,7500,0,0,0,0,0,0
TF,UKTIN,24.704722,46.864583,0, ,0.0,0.0,0.0,0.0,2,7000,0,0,0,0,0,0
TF,PASIK,24.611500,46.899972,0, ,0.0,0.0,0.0,0.0,2,5500,0,0,0,0,0,0
TF,ASPIL,24.519667,46.827972,0, ,0.0,0.0,0.0,0.0,2,5500,0,1,230,0,1,0
TF,RY111,24.532556,46.697944,0, ,0.0,0.0,0.0,0.0,2,4500,0,1,230,0,1,0

APPTR,R01,01,TAK1E
IF,TAKTO,25.053750,46.907444, ,0.0,0.0,2,12000,0,0,0,0,0,0
TF,OBSAR,25.003750,46.812000,0, ,0.0,0.0,0.0,0.0,2,12000,0,0,0,0,0,0
TF,LOXAR,24.820139,46.927778,0, ,0.0,0.0,0.0,0.0,2,7500,0,0,0,0,0,0
TF,UKTIN,24.704722,46.864583,0, ,0.0,0.0,0.0,0.0,2,7000,0,0,0,0,0,0
TF,PASIK,24.611500,46.899972,0, ,0.0,0.0,0.0,0.0,2,5500,0,0,0,0,0,0
TF,ASPIL,24.519667,46.827972,0, ,0.0,0.0,0.0,0.0,2,5500,0,1,230,0,1,0
TF,RY111,24.532556,46.697944,0, ,0.0,0.0,0.0,0.0,2,4500,0,1,230,0,1,0

FINAL,R01,01,R,3
IF,RY111,24.532556,46.697944, ,0.0,0.0,2,4500,0,0,0,0,0,0
TF,MELGA,24.623917,46.711500,0, ,0.0,0.0,5.0,5.5,2,3700,0,0,0,0,2,0
TF,DRW01,24.709083,46.725000,0, ,0.0,0.0,5.0,5.2,1,2058,0,0,0,0,3,1
DF,RY010,24.796139,46.738778,0, ,0.0,0.0,2,3400,0,1,200,0,0,0
TF,RY012,24.809278,46.648139,0, ,0.0,0.0,0.0,0.0,2,4100,0,1,200,0,0,0
TF,RY011,24.766667,46.516667,0, ,0.0,0.0,0.0,0.0,2,5100,0,1,200,0,0,0
TF,KUSTA,24.391028,46.670889,1, ,0.0,0.0,0.0,0.0,1,5500,0,1,200,0,0,1
HM,KUSTA,24.391028,46.670889,1, ,0.0,0.0,152.0,04.3,1,5500,0,1,200,0,0,0,0

APPTR,R15,15,BOSEB
IF,BOSEB,24.841222,46.503028, ,0.0,0.0,2,8000,0,0,0,0,1,0
TF,RY154,24.898333,46.609417,0, ,0.0,0.0,0.0,0.0,2,5500,0,0,0,0,1,0

APPTR,R15,15,TAKTO
IF,TAKTO,25.053750,46.907444, ,0.0,0.0,2,12000,0,0,0,0,1,0
TF,RY154,24.898333,46.609417,0, ,0.0,0.0,0.0,0.0,2,5500,0,0,0,0,1,0

FINAL,R15,15,R,3
IF,RY154,24.898333,46.609417, ,0.0,0.0,2,5500,0,0,0,0,0,0
TF,RY151,24.799861,46.671083,0, ,0.0,0.0,147.0,6.8,2,3600,0,0,0,0,2,0
TF,RW15,24.731608,46.713753,0, ,0.0,0.0,147.0,4.7,1,2102,0,0,0,0,3,1
DF,RY515,24.636194,46.766694,0, ,0.0,0.0,2,3400,0,1,200,0,0,0
TF,RY019,24.590806,46.706278,0, ,0.0,0.0,0.0,0.0,2,4000,0,1,200,0,0,0
TF,KUSTA,24.391028,46.670889,0, ,0.0,0.0,0.0,0.0,1,5500,0,1,200,0,0,1
HM,KUSTA,24.391028,46.670889,1, ,0.0,0.0,152.0,04.3,1,5500,0,1,200,0,0,0,0

APPTR,R19,19,BOS1J
IF,BOSEB,24.841222,46.503028, ,0.0,0.0,2,11000,0,0,0,0,0,0
TF,ALMUM,24.891472,46.598417,0, ,0.0,0.0,0.0,0.0,2,11000,0,0,0,0,0,0
TF,IMRAK,24.988889,46.613583,0, ,0.0,0.0,0.0,0.0,2,9000,0,0,0,0,1,0
TF,RY155,24.980972,46.768139,0, ,0.0,0.0,0.0,0.0,2,6500,0,0,0,0,1,0

APPTR,R19,19,TAK1J
IF,TAKTO,25.053750,46.907444, ,0.0,0.0,2,12000,0,0,0,0,0,0
TF,ELESI,25.070333,46.782389,0, ,0.0,0.0,0.0,0.0,2,9000,0,0,0,0,1,0
TF,RY155,24.980972,46.768139,0, ,0.0,0.0,0.0,0.0,2,6500,0,0,0,0,1,0

FINAL,R19,19,R,3
IF,RY155,24.980972,46.768139, ,0.0,0.0,2,6500,0,0,0,0,0,0
TF,RY156,24.855056,46.748139,0, ,0.0,0.0,185.0,7.6,2,4300,0,0,0,0,2,0
TF,RW19,24.741828,46.730175,0, ,0.0,0.0,185.0,6.8,1,2133,0,0,0,0,3,1
DF,RY333,24.562333,46.703083,0, ,0.0,0.0,2,4100,0,0,0,0,0,0
TF,KUSTA,24.391028,46.670889,0, ,0.0,0.0,0.0,0.0,1,5500,0,0,0,0,0,1
HM,KUSTA,24.391028,46.670889,1, ,0.0,0.0,152.0,04.3,1,5500,0,1,200,0,0,0,0

APPTR,R33,33,BOS1F
IF,BOSEB,24.841222,46.503028, ,0.0,0.0,2,11000,0,0,0,0,0,0
TF,ALMUM,24.891472,46.598417,0, ,0.0,0.0,0.0,0.0,2,11000,0,0,0,0,0,0
TF,RADOX,24.707944,46.714167,0, ,0.0,0.0,0.0,0.0,2,7500,0,0,0,0,0,0
TF,UKTIN,24.704722,46.864583,0, ,0.0,0.0,0.0,0.0,2,7000,0,0,0,0,0,0
TF,TADPA,24.579917,46.911972,0, ,0.0,0.0,0.0,0.0,2,5500,0,1,220,0,1,0
TF,RY332,24.547278,46.828750,0, ,0.0,0.0,0.0,0.0,2,4000,0,1,220,0,1,0

APPTR,R33,33,TAK1F
IF,TAKTO,25.053750,46.907444, ,0.0,0.0,2,12000,0,0,0,0,0,0
TF,OBSAR,25.003750,46.812000,0, ,0.0,0.0,0.0,0.0,2,12000,0,0,0,0,0,0
TF,LOXAR,24.820139,46.927778,0, ,0.0,0.0,0.0,0.0,2,7500,0,0,0,0,0,0
TF,UKTIN,24.704722,46.864583,0, ,0.0,0.0,0.0,0.0,2,7000,0,0,0,0,0,0
TF,TADPA,24.579917,46.911972,0, ,0.0,0.0,0.0,0.0,2,5500,0,1,220,0,1,0
TF,RY332,24.547278,46.828750,0, ,0.0,0.0,0.0,0.0,2,4000,0,1,220,0,1,0

FINAL,R33,33,R,3
IF,RY332,24.547278,46.828750, ,0.0,0.0,2,4000,0,1,220,0,0,0
TF,RY331,24.634444,46.774417,0, ,0.0,0.0,327.0,6.0,2,3700,0,1,220,0,2,0
TF,DRW33,24.707694,46.728692,0, ,0.0,0.0,327.0,5.0,1,2061,0,0,0,0,3,1
DF,RY301,24.761667,46.694778,0, ,0.0,0.0,2,3100,0,1,200,0,0,0
TF,RY002,24.722056,46.533389,0, ,0.0,0.0,0.0,0.0,2,5100,0,1,200,0,0,0
TF,KUSTA,24.391028,46.670889,1, ,0.0,0.0,0.0,0.0,1,5500,0,1,200,0,0,1
HM,KUSTA,24.391028,46.670889,1, ,0.0,0.0,152.0,04.3,1,5500,0,1,200,0,0,0,0

