SID,DANB1H,17R,2
CA,0,171.0,2,4930,0,0,0,0,0,0
FA,ZD,29.471056,60.896111,0,ZDN,0.0,0.0,170.0,2,6400,0,0,0,0,0,0
DF,ZD,29.471056,60.896111,1, ,0.0,0.0,2,8000,0,0,0,0,0,1
VI,1, ,0.0,104.0,0,0,0,0,0,0,0,0
CF,DANIB,29.118333,61.288056,0,ZDN,135.3,30.0,134.0,25.0,0,0,0,0,0,0,0,0

SID,DANB1J,35L,2
CA,0,351.0,2,4930,0,0,0,0,0,0
FA,ZD,29.471056,60.896111,0,ZDN,0.0,0.0,350.0,2,6000,0,0,0,0,0,0
DF,ZD,29.471056,60.896111,1, ,0.0,0.0,2,8000,0,0,0,0,0,0
TF,DANIB,29.118333,61.288056,0, ,0.0,0.0,0.0,0.0,0,0,0,0,0,0,0,0

SID,DANB2D,35L,2
CA,0,351.0,2,4930,0,0,0,0,0,0
FA,ZDN,29.486750,60.901583,0,ZDN,0.0,0.0,350.0,2,6000,0,0,0,0,0,0
DF,ZDN,29.486750,60.901583,1, ,0.0,0.0,2,8000,0,0,0,0,0,0
TF,DANIB,29.118333,61.288056,0, ,0.0,0.0,0.0,0.0,0,0,0,0,0,0,0,0

SID,DANB2E,17R,2
CA,0,171.0,2,4930,0,0,0,0,0,0
FA,ZDN,29.486750,60.901583,0,ZDN,0.0,0.0,170.0,2,6400,0,0,0,0,0,0
DF,ZDN,29.486750,60.901583,1, ,0.0,0.0,2,8000,0,0,0,0,0,1
VI,1, ,0.0,105.0,0,0,0,0,0,0,0,0
CF,DANIB,29.118333,61.288056,0,ZDN,135.3,30.0,135.0,25.0,0,0,0,0,0,0,0,0

SID,DANO1H,17R,2
CA,0,171.0,2,4930,0,0,0,0,0,0
FA,ZD,29.471056,60.896111,0,ZAL,0.0,0.0,170.0,2,6400,0,0,0,0,0,0
DF,ZD,29.471056,60.896111,1, ,0.0,0.0,2,8000,0,0,0,0,0,0
TF,DANOV,29.245556,60.399167,0, ,0.0,0.0,0.0,0.0,0,0,0,0,0,0,0,0

SID,DANO1J,35L,2
CA,0,351.0,2,4930,0,0,0,0,0,0
FA,ZD,29.471056,60.896111,0,ZAL,0.0,0.0,350.0,2,6000,0,0,0,0,0,0
DF,ZD,29.471056,60.896111,1, ,0.0,0.0,2,8000,0,0,0,0,0,0
TF,DANOV,29.245556,60.399167,2, ,0.0,0.0,0.0,0.0,0,0,0,0,0,0,0,0

SID,DANO2D,35L,2
CA,0,351.0,2,4930,0,0,0,0,0,0
FA,ZDN,29.486750,60.901583,0,ZDN,0.0,0.0,350.0,2,5500,0,0,0,0,0,0
VI,1, ,0.0,150.0,0,0,0,0,0,0,0,0
FA,ZDN,29.486750,60.901583,0,ZDN,0.0,0.0,180.0,2,8000,0,0,0,0,0,0
VI,2, ,0.0,284.0,0,0,0,1,210,0,0,0
CF,DANOV,29.245556,60.399167,0,ZDN,239.4,30.0,239.0,20.0,2,15000,0,0,0,0,0,0

SID,DANO2E,17R,2
CA,0,171.0,2,4930,0,0,0,0,0,0
FA,ZDN,29.486750,60.901583,0,ZDN,0.0,0.0,180.0,2,8000,0,0,0,0,0,0
VI,2, ,0.0,284.0,0,0,0,0,0,0,0,0
CF,DANOV,29.245556,60.399167,0,ZDN,239.4,30.0,239.0,23.0,2,15000,0,0,0,0,0,0

SID,DANU1D,35L,2
CA,0,351.0,2,4930,0,0,0,0,0,0
FA,ZDN,29.486750,60.901583,0,ZDN,0.0,0.0,350.0,2,5500,0,0,0,0,0,0
FA,ZDN,29.486750,60.901583,0,ZDN,0.0,0.0,334.0,2,8500,0,0,0,0,0,0
VI,1, ,0.0,237.0,0,0,0,0,0,0,0,0
CF,DANUS,29.607778,60.341667,0,ZDN,282.0,30.2,282.0,21.0,2,17000,0,0,0,0,0,0

SID,DANU1E,17R,2
CA,0,171.0,2,4930,0,0,0,0,0,0
VI,2, ,0.0,19.0,0,0,0,1,210,0,0,0
FA,ZDN,29.486750,60.901583,0,ZDN,0.0,0.0,334.0,2,8500,0,0,0,0,0,0
VI,1, ,0.0,237.0,0,0,0,0,0,0,0,0
CF,DANUS,29.607778,60.341667,0,ZDN,282.0,30.2,282.0,16.0,2,17000,0,0,0,0,0,0

SID,DANU1H,17R,2
CA,0,171.0,2,4930,0,0,0,0,0,0
FA,ZD,29.471056,60.896111,0,ZAL,0.0,0.0,170.0,2,6400,0,0,0,0,0,0
DF,ZD,29.471056,60.896111,1, ,0.0,0.0,2,8000,0,0,0,0,0,0
TF,DANUS,29.607778,60.341667,0, ,0.0,0.0,0.0,0.0,0,0,0,0,0,0,0,0

SID,DANU1J,35L,2
CA,0,351.0,2,4930,0,0,0,0,0,0
FA,ZD,29.471056,60.896111,0,ZAL,0.0,0.0,350.0,2,5500,0,0,0,0,0,0
FA,ZD,29.471056,60.896111,0,ZAL,0.0,0.0,334.0,2,8500,0,0,0,0,0,0
VI,1, ,0.0,239.0,0,0,0,0,0,0,0,0
CF,DANUS,29.607778,60.341667,0,ZAL,213.3,108.7,284.0,21.0,0,0,0,0,0,0,0,0

SID,DANX1H,17R,2
CA,0,171.0,2,4930,0,0,0,0,0,0
CF,DANIX,28.987500,60.861111,0,ZAL,193.9,131.1,182.0,28.0,0,0,0,0,0,0,0,0

SID,DANX1J,35L,2
CA,0,351.0,2,4930,0,0,0,0,0,0
FA,ZD,29.471056,60.896111,0,ZAL,0.0,0.0,350.0,2,6000,0,0,0,0,0,0
DF,ZD,29.471056,60.896111,1, ,0.0,0.0,2,8000,0,0,0,0,0,0
TF,DANIX,28.987500,60.861111,0, ,0.0,0.0,0.0,0.0,0,0,0,0,0,0,0,0

SID,DANX2D,35L,2
CA,0,351.0,2,4930,0,0,0,0,0,0
FA,ZDN,29.486750,60.901583,0,ZDN,0.0,0.0,350.0,2,5500,0,0,0,0,0,0
VI,1, ,0.0,152.0,0,0,0,1,210,0,0,0
CF,DANIX,28.987500,60.861111,0,ZDN,182.1,30.0,182.0,24.0,2,13000,0,0,0,0,0,0

SID,DANX2E,17R,2
CA,0,171.0,2,4930,0,0,0,0,0,0
CF,DANIX,28.987500,60.861111,0,ZDN,182.1,30.0,182.0,28.0,2,13000,0,0,0,0,0,0

SID,DAPA1H,17R,2
CA,0,171.0,2,4930,0,0,0,0,0,0
FA,ZD,29.471056,60.896111,0,ZAL,0.0,0.0,170.0,2,6400,0,0,0,0,0,0
DF,ZD,29.471056,60.896111,1, ,0.0,0.0,2,8000,0,0,0,0,0,0
TF,DAPAP,29.775000,60.431667,0, ,0.0,0.0,0.0,0.0,0,0,0,0,0,0,0,0

SID,DAPA1J,35L,2
CA,0,351.0,2,4930,0,0,0,0,0,0
FA,ZD,29.471056,60.896111,0,ZAL,0.0,0.0,350.0,2,5500,0,0,0,0,0,0
FA,ZD,29.471056,60.896111,0,ZAL,0.0,0.0,334.0,2,8500,0,0,0,0,0,0
VI,0, ,0.0,275.0,0,0,0,0,0,0,0,0
CF,DAPAP,29.775000,60.431667,0,ZAL,214.4,97.8,305.0,22.0,0,0,0,0,0,0,0,0

SID,DAPA2D,35L,2
CA,0,351.0,2,4930,0,0,0,0,0,0
FA,ZDN,29.486750,60.901583,0,ZDN,0.0,0.0,350.0,2,5500,0,0,0,0,0,0
FA,ZDN,29.486750,60.901583,0,ZDN,0.0,0.0,334.0,2,8500,0,0,0,0,0,0
VI,0, ,0.0,273.0,0,0,0,0,0,0,0,0
CF,DAPAP,29.775000,60.431667,0,ZDN,303.2,30.0,303.0,18.0,0,0,0,0,0,0,0,0

SID,DAPA2E,17R,2
CA,0,171.0,2,4930,0,0,0,0,0,0
VI,2, ,0.0,19.0,0,0,0,1,210,0,0,0
FA,ZDN,29.486750,60.901583,0,ZDN,0.0,0.0,334.0,2,8500,0,0,0,0,0,0
VI,0, ,0.0,273.0,0,0,0,0,0,0,0,0
CF,DAPAP,29.775000,60.431667,0,ZDN,303.2,30.0,303.0,14.0,0,0,0,0,0,0,0,0

SID,DERB1H,17R,2
CA,0,171.0,2,4930,0,0,0,0,0,0
FA,ZD,29.471056,60.896111,0,ZAL,0.0,0.0,170.0,2,6400,0,0,0,0,0,0
DF,ZD,29.471056,60.896111,1, ,0.0,0.0,2,8000,0,0,0,0,0,0
TF,DERBO,29.428333,61.283611,2, ,0.0,0.0,0.0,0.0,0,0,0,0,0,0,0,0

SID,DERB1J,35L,2
CA,0,351.0,2,4930,0,0,0,0,0,0
FA,ZD,29.471056,60.896111,0,ZAL,0.0,0.0,350.0,2,6000,0,0,0,0,0,0
DF,ZD,29.471056,60.896111,1, ,0.0,0.0,2,8000,0,0,0,0,0,0
TF,DERBO,29.428333,61.283611,0, ,0.0,0.0,0.0,0.0,0,0,0,0,0,0,0,0

SID,DERB2D,35L,2
CA,0,351.0,2,4930,0,0,0,0,0,0
FA,ZDN,29.486750,60.901583,0,ZDN,0.0,0.0,350.0,2,5500,0,0,0,0,0,0
DF,ZDN,29.486750,60.901583,1, ,0.0,0.0,0,0,0,0,0,0,0,0
TF,DERBO,29.428333,61.283611,0, ,0.0,0.0,0.0,0.0,2,12000,0,0,0,0,0,0

SID,DERB2E,17R,2
CA,0,171.0,2,4930,0,0,0,0,0,0
FA,ZDN,29.486750,60.901583,0,ZDN,0.0,0.0,120.0,2,8000,0,0,0,0,0,0
VI,0, ,0.0,67.0,0,0,0,0,0,0,0,0
CF,DERBO,29.428333,61.283611,0,ZDN,97.8,20.3,97.0,10.0,2,12000,0,0,0,0,0,0

SID,LUDA1H,17R,2
CA,0,171.0,2,4930,0,0,0,0,0,0
FA,ZD,29.471056,60.896111,0,ZAL,0.0,0.0,170.0,2,6400,0,0,0,0,0,0
DF,ZD,29.471056,60.896111,1, ,0.0,0.0,2,8000,0,0,0,0,0,0
TF,LUDAX,29.949444,60.683611,0, ,0.0,0.0,0.0,0.0,0,0,0,0,0,0,0,0

SID,LUDA1J,35L,2
CA,0,351.0,2,4930,0,0,0,0,0,0
FA,ZD,29.471056,60.896111,0,ZAL,0.0,0.0,350.0,2,5500,0,0,0,0,0,0
CF,LUDAX,29.949444,60.683611,0,ZAL,211.2,81.8,337.0,28.0,2,13000,0,0,0,0,0,0

SID,LUDA2D,35L,2
CA,0,351.0,2,4930,0,0,0,0,0,0
FA,ZDN,29.486750,60.901583,0,ZDN,0.0,0.0,350.0,2,5500,0,0,0,0,0,0
CF,LUDAX,29.949444,60.683611,0,ZDN,335.7,29.9,335.0,28.0,2,13000,0,0,0,0,0,0

SID,LUDA2E,17R,2
CA,0,171.0,2,4930,0,0,0,0,0,0
VI,2, ,0.0,20.0,0,0,0,1,210,0,0,0
CF,LUDAX,29.949444,60.683611,0,ZDN,335.7,29.9,335.0,28.0,2,13000,0,0,0,0,0,0

SID,PIRA1E,17R,2
CA,0,171.0,2,4930,0,0,0,0,0,0
VI,0, ,0.0,255.0,0,0,0,0,0,0,0,0
FA,ZDN,29.486750,60.901583,0,ZDN,0.0,0.0,210.0,2,7000,0,0,0,0,0,0
DF,ZDN,29.486750,60.901583,1, ,0.0,0.0,2,9500,0,0,0,0,0,1
TF,PIRAN,29.568611,61.135833,0, ,0.0,0.0,0.0,0.0,0,0,0,0,0,0,0,0

SID,PIRA1H,17R,2
CA,0,171.0,2,4930,0,0,0,0,0,0
FA,ZD,29.471056,60.896111,0,ZAL,0.0,0.0,170.0,2,6400,0,0,0,0,0,0
DF,ZD,29.471056,60.896111,1, ,0.0,0.0,2,8000,0,0,0,0,0,0
TF,PIRAN,29.568611,61.135833,2, ,0.0,0.0,0.0,0.0,2,13000,0,0,0,0,0,0

SID,PIRA1J,35L,2
CA,0,351.0,2,4930,0,0,0,0,0,0
FA,ZD,29.471056,60.896111,0,ZAL,0.0,0.0,350.0,2,6000,0,0,0,0,0,0
DF,ZD,29.471056,60.896111,1, ,0.0,0.0,2,8000,0,0,0,0,0,0
TF,PIRAN,29.568611,61.135833,0, ,0.0,0.0,0.0,0.0,2,13000,0,0,0,0,0,0

STAR,DANB1Q,35L,2
IF,DANIB,29.118333,61.288056, ,0.0,0.0,0,0,0,0,0,0,0,0
TF,ZD,29.471056,60.896111,0, ,0.0,0.0,0.0,0.0,0,0,0,0,0,0,0,0

STAR,DANB1S,35L,5
IF,DANIB,29.118333,61.288056, ,0.0,0.0,0,0,0,0,0,0,0,0
TF,ZH407,29.238614,61.034881,0, ,0.0,0.0,0.0,0.0,0,0,0,0,0,0,0,0

STAR,DANB1Z,17R,5
IF,DANIB,29.118333,61.288056, ,0.0,0.0,0,0,0,0,0,0,0,0
TF,ZH413,29.521425,60.654392,0, ,0.0,0.0,0.0,0.0,0,0,0,0,0,0,0,0
TF,ZH412,29.686333,60.590150,0, ,0.0,0.0,0.0,0.0,0,0,0,0,0,0,0,0
TF,ZH409,29.742942,60.770231,0, ,0.0,0.0,0.0,0.0,0,0,0,0,0,0,0,0

STAR,DANB2N,35L,2
IF,DANIB,29.118333,61.288056, ,0.0,0.0,0,0,0,0,0,0,0,0
TF,ZDN,29.486750,60.901583,0, ,0.0,0.0,0.0,0.0,0,0,0,0,0,0,0,0

STAR,DANB2P,35L,2
IF,DANIB,29.118333,61.288056, ,0.0,0.0,0,0,0,0,0,0,0,0
TF,D135P,29.290094,61.108369,0, ,0.0,0.0,0.0,0.0,0,0,0,0,0,0,0,0
AF,D170P,29.222006,60.944025,2,ZDN,170.0,16.0,135.0,0,0,0,0,0,0,0,0

STAR,DANO1N,35L,2
IF,DANOV,29.245556,60.399167, ,0.0,0.0,0,0,0,0,0,0,0,0
TF,ZDN,29.486750,60.901583,0, ,0.0,0.0,0.0,0.0,0,0,0,0,0,0,0,0

STAR,DANO1Q,35L,2
IF,DANOV,29.245556,60.399167, ,0.0,0.0,0,0,0,0,0,0,0,0
TF,ZD,29.471056,60.896111,0, ,0.0,0.0,0.0,0.0,0,0,0,0,0,0,0,0

STAR,DANO1T,35L,5
IF,DANOV,29.245556,60.399167, ,0.0,0.0,0,0,0,0,0,0,0,0
TF,ZH403,29.217672,60.845894,0, ,0.0,0.0,0.0,0.0,0,0,0,0,0,0,0,0

STAR,DANO1Z,17R,5
IF,DANOV,29.245556,60.399167, ,0.0,0.0,0,0,0,0,0,0,0,0
TF,ZH412,29.686333,60.590150,0, ,0.0,0.0,0.0,0.0,0,0,0,0,0,0,0,0
TF,ZH409,29.742942,60.770231,0, ,0.0,0.0,0.0,0.0,0,0,0,0,0,0,0,0

STAR,DANO2P,35L,2
IF,DANOV,29.245556,60.399167, ,0.0,0.0,0,0,0,0,0,0,0,0
TF,D239P,29.358506,60.633675,0, ,0.0,0.0,0.0,0.0,0,0,0,0,0,0,0,0
AF,D200P,29.238828,60.787425,1,ZDN,200.0,16.0,239.0,0,0,0,0,0,0,0,0
AF,D170P,29.222006,60.944025,1,ZDN,170.0,16.0,200.0,0,0,0,0,0,0,0,0

STAR,DANU1Q,35L,2
IF,DANUS,29.607778,60.341667, ,0.0,0.0,0,0,0,0,0,0,0,0
TF,ZD,29.471056,60.896111,0, ,0.0,0.0,0.0,0.0,0,0,0,0,0,0,0,0

STAR,DANU1T,35L,5
IF,DANUS,29.607778,60.341667, ,0.0,0.0,0,0,0,0,0,0,0,0
TF,ZH403,29.217672,60.845894,0, ,0.0,0.0,0.0,0.0,0,0,0,0,0,0,0,0

STAR,DANU2N,35L,2
IF,DANUS,29.607778,60.341667, ,0.0,0.0,0,0,0,0,0,0,0,0
TF,ZDN,29.486750,60.901583,0, ,0.0,0.0,0.0,0.0,0,0,0,0,0,0,0,0

STAR,DANU2P,35L,2
IF,DANUS,29.607778,60.341667, ,0.0,0.0,0,0,0,0,0,0,0,0
TF,D281P,29.551197,60.604947,0, ,0.0,0.0,0.0,0.0,0,0,0,0,0,0,0,0
AF,D200P,29.238828,60.787425,1,ZDN,200.0,16.0,281.0,0,0,0,0,0,0,0,0
AF,D170P,29.222006,60.944025,1,ZDN,170.0,16.0,200.0,0,0,0,0,0,0,0,0

STAR,DANU2Z,17R,5
IF,DANUS,29.607778,60.341667, ,0.0,0.0,0,0,0,0,0,0,0,0
TF,ZH412,29.686333,60.590150,0, ,0.0,0.0,0.0,0.0,0,0,0,0,0,0,0,0
TF,ZH409,29.742942,60.770231,0, ,0.0,0.0,0.0,0.0,0,0,0,0,0,0,0,0

STAR,DANX1Q,35L,2
IF,DANIX,28.987500,60.861111, ,0.0,0.0,0,0,0,0,0,0,0,0
TF,ZD,29.471056,60.896111,0, ,0.0,0.0,0.0,0.0,0,0,0,0,0,0,0,0

STAR,DANX1U,35L,5
IF,DANIX,28.987500,60.861111, ,0.0,0.0,0,0,0,0,0,0,0,0
TF,ZH405,29.145292,60.952306,0, ,0.0,0.0,0.0,0.0,0,0,0,0,0,0,0,0

STAR,DANX1Z,17R,5
IF,DANIX,28.987500,60.861111, ,0.0,0.0,0,0,0,0,0,0,0,0
TF,ZH413,29.521425,60.654392,0, ,0.0,0.0,0.0,0.0,0,0,0,0,0,0,0,0
TF,ZH412,29.686333,60.590150,0, ,0.0,0.0,0.0,0.0,0,0,0,0,0,0,0,0
TF,ZH409,29.742942,60.770231,0, ,0.0,0.0,0.0,0.0,0,0,0,0,0,0,0,0

STAR,DANX2N,35L,2
IF,DANIX,28.987500,60.861111, ,0.0,0.0,0,0,0,0,0,0,0,0
TF,ZDN,29.486750,60.901583,0, ,0.0,0.0,0.0,0.0,0,0,0,0,0,0,0,0

STAR,DANX2P,35L,2
IF,DANIX,28.987500,60.861111, ,0.0,0.0,0,0,0,0,0,0,0,0
TF,D170P,29.222006,60.944025,0, ,0.0,0.0,0.0,0.0,0,0,0,0,0,0,0,0

STAR,DAPA1N,35L,2
IF,DAPAP,29.775000,60.431667, ,0.0,0.0,0,0,0,0,0,0,0,0
TF,ZDN,29.486750,60.901583,0, ,0.0,0.0,0.0,0.0,0,0,0,0,0,0,0,0

STAR,DAPA1R,35L,2
IF,DAPAP,29.775000,60.431667, ,0.0,0.0,0,0,0,0,0,0,0,0
TF,ZD,29.471056,60.896111,0, ,0.0,0.0,0.0,0.0,0,0,0,0,0,0,0,0

STAR,DAPA1T,35L,5
IF,DAPAP,29.775000,60.431667, ,0.0,0.0,0,0,0,0,0,0,0,0
TF,ZH408,29.448369,60.812675,0, ,0.0,0.0,0.0,0.0,0,0,0,0,0,0,0,0
TF,ZH403,29.217672,60.845894,0, ,0.0,0.0,0.0,0.0,0,0,0,0,0,0,0,0

STAR,DAPA1Z,17R,5
IF,DAPAP,29.775000,60.431667, ,0.0,0.0,0,0,0,0,0,0,0,0
TF,ZH409,29.742942,60.770231,0, ,0.0,0.0,0.0,0.0,0,0,0,0,0,0,0,0

STAR,DAPA2P,35L,2
IF,DAPAP,29.775000,60.431667, ,0.0,0.0,0,0,0,0,0,0,0,0
TF,ZDN,29.486750,60.901583,0, ,0.0,0.0,0.0,0.0,0,0,0,0,0,0,0,0
TF,D170P,29.222006,60.944025,0, ,0.0,0.0,0.0,0.0,0,0,0,0,0,0,0,0

STAR,DAPA2Q,35L,2
IF,DAPAP,29.775000,60.431667, ,0.0,0.0,0,0,0,0,0,0,0,0
TF,D303P,29.640564,60.651511,0, ,0.0,0.0,0.0,0.0,0,0,0,0,0,0,0,0
AF,D200P,29.238828,60.787425,1,ZDN,200.0,16.0,303.0,0,0,0,0,0,0,0,0
AF,D170P,29.222006,60.944025,1,ZDN,170.0,16.0,200.0,0,0,0,0,0,0,0,0

STAR,DERB1N,35L,2
IF,DERBO,29.428333,61.283611, ,0.0,0.0,0,0,0,0,0,0,0,0
TF,ZDN,29.486750,60.901583,0, ,0.0,0.0,0.0,0.0,0,0,0,0,0,0,0,0

STAR,DERB1Q,35L,2
IF,DERBO,29.428333,61.283611, ,0.0,0.0,0,0,0,0,0,0,0,0
TF,ZD,29.471056,60.896111,0, ,0.0,0.0,0.0,0.0,0,0,0,0,0,0,0,0

STAR,DERB1S,35L,5
IF,DERBO,29.428333,61.283611, ,0.0,0.0,0,0,0,0,0,0,0,0
TF,ZH407,29.238614,61.034881,0, ,0.0,0.0,0.0,0.0,0,0,0,0,0,0,0,0

STAR,DERB1Z,17R,5
IF,DERBO,29.428333,61.283611, ,0.0,0.0,0,0,0,0,0,0,0,0
TF,ZH413,29.521425,60.654392,0, ,0.0,0.0,0.0,0.0,0,0,0,0,0,0,0,0
TF,ZH412,29.686333,60.590150,0, ,0.0,0.0,0.0,0.0,0,0,0,0,0,0,0,0
TF,ZH409,29.742942,60.770231,0, ,0.0,0.0,0.0,0.0,0,0,0,0,0,0,0,0

STAR,DERB2P,35L,2
IF,DERBO,29.428333,61.283611, ,0.0,0.0,0,0,0,0,0,0,0,0
TF,D098P,29.440825,61.202553,0, ,0.0,0.0,0.0,0.0,0,0,0,0,0,0,0,0
AF,D170P,29.222006,60.944025,2,ZDN,170.0,16.0,98.0,0,0,0,0,0,0,0,0

STAR,LUDA1Q,35L,2
IF,LUDAX,29.949444,60.683611, ,0.0,0.0,0,0,0,0,0,0,0,0
TF,ZD,29.471056,60.896111,0, ,0.0,0.0,0.0,0.0,0,0,0,0,0,0,0,0

STAR,LUDA1T,35L,5
IF,LUDAX,29.949444,60.683611, ,0.0,0.0,0,0,0,0,0,0,0,0
TF,ZH408,29.448369,60.812675,0, ,0.0,0.0,0.0,0.0,0,0,0,0,0,0,0,0
TF,ZH403,29.217672,60.845894,0, ,0.0,0.0,0.0,0.0,0,0,0,0,0,0,0,0

STAR,LUDA1Z,17R,5
IF,LUDAX,29.949444,60.683611, ,0.0,0.0,0,0,0,0,0,0,0,0
TF,ZH409,29.742942,60.770231,0, ,0.0,0.0,0.0,0.0,0,0,0,0,0,0,0,0

STAR,LUDA2N,35L,2
IF,LUDAX,29.949444,60.683611, ,0.0,0.0,0,0,0,0,0,0,0,0
TF,D335O,29.718583,60.792639,0, ,0.0,0.0,0.0,0.0,0,0,0,0,0,0,0,0
TF,ZDN,29.486750,60.901583,0, ,0.0,0.0,0.0,0.0,0,0,0,0,0,0,0,0

STAR,LUDA2P,35L,2
IF,LUDAX,29.949444,60.683611, ,0.0,0.0,0,0,0,0,0,0,0,0
TF,D335O,29.718583,60.792639,0, ,0.0,0.0,0.0,0.0,0,0,0,0,0,0,0,0
TF,ZDN,29.486750,60.901583,0, ,0.0,0.0,0.0,0.0,0,0,0,0,0,0,0,0
TF,D170P,29.222006,60.944025,0, ,0.0,0.0,0.0,0.0,0,0,0,0,0,0,0,0

STAR,PIRA1N,35L,2
IF,PIRAN,29.568611,61.135833, ,0.0,0.0,0,0,0,0,0,0,0,0
TF,ZDN,29.486750,60.901583,0, ,0.0,0.0,0.0,0.0,0,0,0,0,0,0,0,0

STAR,PIRA1Q,35L,2
IF,PIRAN,29.568611,61.135833, ,0.0,0.0,0,0,0,0,0,0,0,0
TF,ZD,29.471056,60.896111,0, ,0.0,0.0,0.0,0.0,0,0,0,0,0,0,0,0

STAR,PIRA1S,35L,5
IF,PIRAN,29.568611,61.135833, ,0.0,0.0,0,0,0,0,0,0,0,0
TF,ZH407,29.238614,61.034881,0, ,0.0,0.0,0.0,0.0,0,0,0,0,0,0,0,0

STAR,PIRA1Z,17R,5
IF,PIRAN,29.568611,61.135833, ,0.0,0.0,0,0,0,0,0,0,0,0
TF,ZH413,29.521425,60.654392,0, ,0.0,0.0,0.0,0.0,0,0,0,0,0,0,0,0
TF,ZH412,29.686333,60.590150,0, ,0.0,0.0,0.0,0.0,0,0,0,0,0,0,0,0
TF,ZH409,29.742942,60.770231,0, ,0.0,0.0,0.0,0.0,0,0,0,0,0,0,0,0

STAR,PIRA2P,35L,2
IF,PIRAN,29.568611,61.135833, ,0.0,0.0,0,0,0,0,0,0,0,0
TF,ZDN,29.486750,60.901583,0, ,0.0,0.0,0.0,0.0,0,0,0,0,0,0,0,0
TF,D170P,29.222006,60.944025,0, ,0.0,0.0,0.0,0.0,0,0,0,0,0,0,0,0

APPTR,D35L,35L,D168P
IF,D168P,29.223461,60.954506, ,0.0,0.0,2,9500,0,0,0,0,1,0
CF,D168L,29.289286,60.941300,0,ZDN,168.0,12.0,348.0,4.0,2,7900,0,0,0,0,0,0
CF,CD35L,29.305742,60.937994,0,ZDN,168.0,11.0,348.0,1.0,2,7400,0,0,0,0,1,0

FINAL,D35L,35L,D,3
IF,CD35L,29.305742,60.937994,ZDN,168.0,11.0,2,7400,0,0,0,0,0,0
CF,FD35L,29.388019,60.921461,0,ZDN,168.0,6.0,348.0,5.0,2,6100,0,0,0,0,2,0
CF,MD35L,29.445611,60.909869,0,ZDN,168.0,2.5,348.0,3.5,1,4862,0,0,0,0,3,0
CF,ZDN,29.486750,60.901583,0,ZDN,0.0,0.0,348.0,2.5,2,4930,0,0,0,0,0,0
FA,ZDN,29.486750,60.901583,0,ZDN,0.0,0.0,330.0,2,6500,0,0,0,0,0,0
CF,ZDN,29.486750,60.901583,2,ZDN,0.0,0.0,220.0,4.0,0,0,0,0,0,0,0,1
CF,D168P,29.223461,60.954506,0,ZDN,168.0,16.0,168.0,16.0,1,9500,0,0,0,0,0,0
HM,D168P,29.223461,60.954506,1, ,0.0,0.0,348.0,04.3,0,0,0,1,230,0,0,0,0

APPTR,I35L1,35L,D170P
IF,D170P,29.222006,60.944025, ,0.0,0.0,2,9500,0,0,0,0,1,0
CF,CI35L,29.287919,60.931853,0,IZDN,170.8,12.7,350.0,4.0,2,7900,0,0,0,0,0,0

FINAL,I35L1,35L,I,3
IF,CI35L,29.287919,60.931853,IZDN,170.8,12.7,2,7900,0,0,0,0,0,0
CF,FI35L,29.312622,60.928319,0,IZDN,170.8,11.2,351.0,1.5,1,7580,0,0,0,0,2,0
CF,RW35L,29.458872,60.907369,0,IZDN,170.8,2.3,351.0,8.8,1,4578,0,0,0,0,3,0
CA,0,351.0,2,4930,0,0,0,0,0,0
FA,ZDN,29.486750,60.901583,0,ZDN,0.0,0.0,350.0,2,6500,0,0,0,0,0,0
DF,ZDN,29.486750,60.901583,2, ,0.0,0.0,0,0,0,0,0,0,0,0
CF,D170P,29.222006,60.944025,0,ZDN,170.0,16.0,170.0,16.0,1,9500,0,0,0,0,0,0
HM,D170P,29.222006,60.944025,1, ,0.0,0.0,350.0,04.3,0,0,0,1,230,0,0,0,0

APPTR,I35L2,35L,D168P
IF,D168P,29.223461,60.954506, ,0.0,0.0,2,9500,0,0,0,0,1,0
CF,CI35L,29.287919,60.931853,0,IZDN,170.8,12.7,348.0,4.0,2,7900,0,0,0,0,0,0

FINAL,I35L2,35L,I,3
IF,CI35L,29.287919,60.931853,IZDN,170.8,12.7,2,7900,0,0,0,0,0,0
CF,FI35L,29.312622,60.928319,0,IZDN,170.8,11.2,351.0,1.5,1,7600,0,0,0,0,2,0
CF,RW35L,29.458872,60.907369,0,IZDN,170.8,2.3,351.0,8.8,1,4578,0,0,0,0,3,0
CA,0,350.0,2,6500,0,0,0,0,0,0
DF,ZD,29.471056,60.896111,2, ,0.0,0.0,0,0,0,0,0,0,0,0
CF,D168P,29.223461,60.954506,0,ZDN,168.0,16.0,168.0,15.1,1,9500,0,0,0,0,0,0
HM,D168P,29.223461,60.954506,1, ,0.0,0.0,350.0,04.3,0,0,0,1,230,0,0,0,0

APPTR,Q17LB,17L,ZD
IF,ZD,29.471056,60.896111, ,0.0,0.0,2,10500,0,0,0,0,1,0
TF,FN341,29.359200,60.935144,0, ,0.0,0.0,0.0,0.0,2,8500,0,0,0,0,0,0
FC,FN341,29.359200,60.935144,0,ZDN,0.0,0.0,116.0,3.0,0,0,0,0,0,0,0,1
CF,FN341,29.359200,60.935144,2,ZDN,165.0,7.8,341.0,4.0,2,8500,0,0,0,0,0,0

FINAL,Q17LB,17L,N,2
IF,FN341,29.359200,60.935144,ZD,0.0,0.0,2,8500,0,0,0,0,2,0
CF,ZD,29.471056,60.896111,0,ZD,0.0,0.0,341.0,7.0,1,7530,0,0,0,0,3,0
CA,0,333.0,2,9000,0,0,0,0,0,0
DF,ZD,29.471056,60.896111,1, ,0.0,0.0,1,10500,0,0,0,0,0,0
HM,ZD,29.471056,60.896111,2, ,0.0,0.0,161.0,04.3,0,0,0,1,195,0,0,0,0

APPTR,Q17RB,17R,ZD
IF,ZD,29.471056,60.896111, ,0.0,0.0,2,10500,0,0,0,0,1,0
TF,FN341,29.359200,60.935144,0, ,0.0,0.0,0.0,0.0,2,8500,0,0,0,0,0,0
FC,FN341,29.359200,60.935144,0,ZDN,0.0,0.0,116.0,3.0,0,0,0,0,0,0,0,1
CF,FN341,29.359200,60.935144,2,ZDN,165.0,7.8,341.0,4.0,2,8500,0,0,0,0,0,0

FINAL,Q17RB,17R,N,2
IF,FN341,29.359200,60.935144,ZD,0.0,0.0,2,8500,0,0,0,0,2,0
CF,ZD,29.471056,60.896111,0,ZD,0.0,0.0,341.0,7.0,1,7530,0,0,0,0,3,0
CA,0,333.0,2,9000,0,0,0,0,0,0
DF,ZD,29.471056,60.896111,1, ,0.0,0.0,1,10500,0,0,0,0,0,0
HM,ZD,29.471056,60.896111,2, ,0.0,0.0,161.0,04.3,0,0,0,1,195,0,0,0,0

APPTR,Q35LB,35L,ZD
IF,ZD,29.471056,60.896111, ,0.0,0.0,2,10500,0,0,0,0,1,0
TF,FN341,29.359200,60.935144,0, ,0.0,0.0,0.0,0.0,2,8500,0,0,0,0,0,0
FC,FN341,29.359200,60.935144,0,ZDN,0.0,0.0,116.0,3.0,0,0,0,0,0,0,0,1
CF,FN341,29.359200,60.935144,2,ZDN,165.0,7.8,341.0,4.0,2,8500,0,0,0,0,0,0

FINAL,Q35LB,35L,N,2
IF,FN341,29.359200,60.935144,ZD,0.0,0.0,2,8500,0,0,0,0,2,0
CF,ZD,29.471056,60.896111,0,ZD,0.0,0.0,341.0,7.0,1,7530,0,0,0,0,3,0
CA,0,333.0,2,9000,0,0,0,0,0,0
DF,ZD,29.471056,60.896111,1, ,0.0,0.0,1,10500,0,0,0,0,0,0
HM,ZD,29.471056,60.896111,2, ,0.0,0.0,161.0,04.3,0,0,0,1,195,0,0,0,0

APPTR,Q35RB,35R,ZD
IF,ZD,29.471056,60.896111, ,0.0,0.0,2,10500,0,0,0,0,1,0
TF,FN341,29.359200,60.935144,0, ,0.0,0.0,0.0,0.0,2,8500,0,0,0,0,0,0
FC,FN341,29.359200,60.935144,0,ZDN,0.0,0.0,116.0,3.0,0,0,0,0,0,0,0,1
CF,FN341,29.359200,60.935144,2,ZDN,165.0,7.8,341.0,4.0,2,8500,0,0,0,0,0,0

FINAL,Q35RB,35R,N,2
IF,FN341,29.359200,60.935144,ZD,0.0,0.0,2,8500,0,0,0,0,2,0
CF,ZD,29.471056,60.896111,0,ZD,0.0,0.0,341.0,7.0,1,7530,0,0,0,0,3,0
CA,0,333.0,2,9000,0,0,0,0,0,0
DF,ZD,29.471056,60.896111,1, ,0.0,0.0,1,10500,0,0,0,0,0,0
HM,ZD,29.471056,60.896111,2, ,0.0,0.0,161.0,04.3,0,0,0,1,195,0,0,0,0

APPTR,R17LR,17L,ZDN
IF,ZDN,29.486750,60.901583, ,0.0,0.0,2,10500,0,0,0,0,1,0
FC,ZDN,29.486750,60.901583,0,ZDN,0.0,0.0,144.0,6.2,1,8300,0,1,185,0,0,1
CF,FS348,29.384728,60.922122,2,ZDN,168.0,6.2,348.0,1.0,1,8300,0,0,0,0,0,0

FINAL,R17LR,17L,R,2
IF,FS348,29.384728,60.922122,ZDN,168.0,6.2,1,8300,0,0,0,0,2,0
CF,ZDN,29.486750,60.901583,0,ZDN,0.0,0.0,348.0,6.2,1,7530,0,0,0,0,3,0
CA,0,350.0,2,9000,0,0,0,0,0,0
DF,ZDN,29.486750,60.901583,1, ,0.0,0.0,1,10500,0,0,0,0,0,0
HM,ZDN,29.486750,60.901583,2, ,0.0,0.0,146.0,04.3,0,0,0,1,195,0,0,0,0

APPTR,R17R,17R,ZH409
IF,ZH409,29.742942,60.770231, ,0.0,0.0,1,9500,0,1,210,0,1,0
TF,ZH410,29.660972,60.834572,0, ,0.0,0.0,0.0,0.0,1,7100,0,0,0,0,1,0

FINAL,R17R,17R,R,3
IF,ZH410,29.660972,60.834572, ,0.0,0.0,1,7100,0,0,0,0,0,0
TF,ZH411,29.591839,60.888275,0, ,0.0,0.0,143.0,5.0,1,6400,0,0,0,0,2,0
TF,RW17R,29.494642,60.902239,0, ,0.0,0.0,170.0,5.9,1,4534,0,0,0,0,3,1
DF,ZH404,29.456453,60.907717,0, ,0.0,0.0,2,5500,0,1,185,0,0,1
DF,ZH408,29.448369,60.812675,2, ,0.0,0.0,2,6000,0,1,185,0,0,0
TF,ZH409,29.742942,60.770231,0, ,0.0,0.0,0.0,0.0,1,9500,0,0,0,0,0,0
HM,ZH409,29.742942,60.770231,2, ,0.0,0.0,143.0,04.3,0,0,0,0,0,0,0,0,0

APPTR,R17RR,17R,ZDN
IF,ZDN,29.486750,60.901583, ,0.0,0.0,2,10500,0,0,0,0,1,0
FC,ZDN,29.486750,60.901583,0,ZDN,0.0,0.0,144.0,6.2,1,8300,0,1,185,0,0,1
CF,FS348,29.384728,60.922122,2,ZDN,168.0,6.2,348.0,1.0,1,8300,0,0,0,0,0,0

FINAL,R17RR,17R,R,2
IF,FS348,29.384728,60.922122,ZDN,168.0,6.2,1,8300,0,0,0,0,2,0
CF,ZDN,29.486750,60.901583,0,ZDN,0.0,0.0,348.0,6.2,1,7530,0,0,0,0,3,0
CA,0,350.0,2,9000,0,0,0,0,0,0
DF,ZDN,29.486750,60.901583,1, ,0.0,0.0,1,10500,0,0,0,0,0,0
HM,ZDN,29.486750,60.901583,2, ,0.0,0.0,146.0,04.3,0,0,0,1,195,0,0,0,0

APPTR,R35L,35L,ZH403
IF,ZH403,29.217672,60.845894, ,0.0,0.0,1,9500,0,1,210,0,1,0
TF,ZH402,29.228178,60.940378,0, ,0.0,0.0,0.0,0.0,1,8100,0,0,0,0,1,0

APPTR,R35L,35L,ZH405
IF,ZH405,29.145292,60.952306, ,0.0,0.0,1,9500,0,1,210,0,1,0
TF,ZH402,29.228178,60.940378,0, ,0.0,0.0,0.0,0.0,1,8100,0,0,0,0,1,0

APPTR,R35L,35L,ZH407
IF,ZH407,29.238614,61.034881, ,0.0,0.0,1,9500,0,1,210,0,1,0
TF,ZH402,29.228178,60.940378,0, ,0.0,0.0,0.0,0.0,1,8100,0,0,0,0,1,0

FINAL,R35L,35L,R,3
IF,ZH402,29.228178,60.940378, ,0.0,0.0,1,8100,0,0,0,0,0,0
TF,ZH401,29.311072,60.928533,0, ,0.0,0.0,350.0,5.0,1,7600,0,0,0,0,2,0
TF,RW35L,29.458872,60.907369,0, ,0.0,0.0,350.0,8.9,1,4569,0,0,0,0,3,1
CF,ZH411,29.591839,60.888275,0,ZDN,351.7,6.3,350.0,8.0,2,6000,0,1,185,0,0,1
DF,ZH414,29.602278,60.983117,2, ,0.0,0.0,2,6000,0,1,185,0,0,0
TF,ZH407,29.238614,61.034881,0, ,0.0,0.0,0.0,0.0,1,9500,0,0,0,0,0,0
HM,ZH407,29.238614,61.034881,1, ,0.0,0.0,260.0,04.3,0,0,0,1,210,0,0,0,0

APPTR,R35LR,35L,ZDN
IF,ZDN,29.486750,60.901583, ,0.0,0.0,2,10500,0,0,0,0,1,0
FC,ZDN,29.486750,60.901583,0,ZDN,0.0,0.0,144.0,6.2,1,8300,0,1,185,0,0,1
CF,FS348,29.384728,60.922122,2,ZDN,168.0,6.2,348.0,1.0,1,8300,0,0,0,0,0,0

FINAL,R35LR,35L,R,2
IF,FS348,29.384728,60.922122,ZDN,168.0,6.2,1,8300,0,0,0,0,2,0
CF,ZDN,29.486750,60.901583,0,ZDN,0.0,0.0,348.0,6.2,1,7530,0,0,0,0,3,0
CA,0,350.0,2,9000,0,0,0,0,0,0
DF,ZDN,29.486750,60.901583,1, ,0.0,0.0,1,10500,0,0,0,0,0,0
HM,ZDN,29.486750,60.901583,2, ,0.0,0.0,146.0,04.3,0,0,0,1,195,0,0,0,0

APPTR,R35RR,35R,ZDN
IF,ZDN,29.486750,60.901583, ,0.0,0.0,2,10500,0,0,0,0,1,0
FC,ZDN,29.486750,60.901583,0,ZDN,0.0,0.0,144.0,6.2,1,8300,0,1,185,0,0,1
CF,FS348,29.384728,60.922122,2,ZDN,168.0,6.2,348.0,1.0,1,8300,0,0,0,0,0,0

FINAL,R35RR,35R,R,2
IF,FS348,29.384728,60.922122,ZDN,168.0,6.2,1,8300,0,0,0,0,2,0
CF,ZDN,29.486750,60.901583,0,ZDN,0.0,0.0,348.0,6.2,1,7530,0,0,0,0,3,0
CA,0,350.0,2,9000,0,0,0,0,0,0
DF,ZDN,29.486750,60.901583,1, ,0.0,0.0,1,10500,0,0,0,0,0,0
HM,ZDN,29.486750,60.901583,2, ,0.0,0.0,146.0,04.3,0,0,0,1,195,0,0,0,0

