SID,ALVI3E,15L,4
CA,0,152.0,2,1000,0,0,0,0,0,0
CF,ALVIX,29.320833,48.402778,1,KFR,26.1,48.0,60.0,20.0,0,0,0,0,0,0,0,0

SID,ALVI3E,15R,4
CA,0,152.0,2,1000,0,0,0,0,0,0
CF,ALVIX,29.320833,48.402778,1,KFR,26.1,48.0,61.0,21.0,0,0,0,0,0,0,0,0

SID,ALVI3F,33L,4
CF,SOBAB,29.361575,47.897067,0,KFR,352.9,44.5,332.0,9.0,2,2500,0,0,0,0,0,0
TF,TULGO,29.440800,48.065500,0, ,0.0,0.0,0.0,0.0,0,0,0,0,0,0,0,0

SID,ALVI3F,33R,4
CF,ORKER,29.369744,47.915022,0,KFR,354.1,44.9,332.0,10.0,2,2500,0,0,0,0,0,0
TF,TULGO,29.440800,48.065500,0, ,0.0,0.0,0.0,0.0,0,0,0,0,0,0,0,0

SID,ALVI3F,ALL,5
IF,TULGO,29.440800,48.065500, ,0.0,0.0,0,0,0,0,0,0,0,0
TF,ALVIX,29.320833,48.402778,0, ,0.0,0.0,0.0,0.0,0,0,0,0,0,0,0,0

SID,ASVI3E,15L,4
FA,RW15L,29.241233,47.983389,0,KFR,0.0,0.0,152.0,2,1000,0,0,0,0,0,0
CF,ASVIR,28.538889,48.372222,0,KFR,99.5,22.4,151.0,43.0,0,0,0,0,0,0,0,0

SID,ASVI3E,15R,4
FA,RW15R,29.240522,47.961519,0,KFR,0.0,0.0,152.0,2,1000,0,0,0,0,0,0
CF,ASVIR,28.538889,48.372222,0,KFR,99.5,22.4,149.0,44.0,0,0,0,0,0,0,0,0

SID,ASVI3F,33L,4
FA,RW33L,29.212706,47.976303,0,KFR,0.0,0.0,332.0,2,1000,0,0,0,0,0,0
VI,1, ,0.0,172.0,0,0,0,0,0,0,0,0
CF,ALRUT,28.999044,47.964050,0,KFR,357.8,22.6,142.0,7.0,0,0,0,0,0,0,0,0

SID,ASVI3F,33R,4
FA,RW33R,29.212603,47.998594,0,KFR,0.0,0.0,332.0,2,1000,0,0,0,0,0,0
VI,1, ,0.0,169.0,0,0,0,0,0,0,0,0
CF,ALRUT,28.999044,47.964050,0,KFR,357.8,22.6,139.0,3.0,0,0,0,0,0,0,0,0

SID,ASVI3F,ALL,5
IF,ALRUT,28.999044,47.964050, ,0.0,0.0,0,0,0,0,0,0,0,0
TF,ASVIR,28.538889,48.372222,0, ,0.0,0.0,0.0,0.0,0,0,0,0,0,0,0,0

SID,BOXI3E,15L,4
CA,0,152.0,2,1000,0,0,0,0,0,0
CF,BOXIK,28.803889,48.792778,0,KFR,72.8,45.4,114.0,45.0,0,0,0,0,0,0,0,0

SID,BOXI3E,15R,4
CA,0,152.0,2,1000,0,0,0,0,0,0
CF,BOXIK,28.803889,48.792778,0,KFR,72.8,45.4,114.0,47.0,0,0,0,0,0,0,0,0

SID,BOXI3F,33L,4
CF,SOBAB,29.361575,47.897067,0,KFR,352.9,44.5,332.0,9.0,2,2500,0,0,0,0,0,0
TF,TULGO,29.440800,48.065500,0, ,0.0,0.0,0.0,0.0,0,0,0,0,0,0,0,0

SID,BOXI3F,33R,4
CF,ORKER,29.369744,47.915022,0,KFR,354.1,44.9,332.0,10.0,2,2500,0,0,0,0,0,0
TF,TULGO,29.440800,48.065500,0, ,0.0,0.0,0.0,0.0,0,0,0,0,0,0,0,0

SID,BOXI3F,ALL,5
IF,TULGO,29.440800,48.065500, ,0.0,0.0,0,0,0,0,0,0,0,0
TF,BOXIK,28.803889,48.792778,0, ,0.0,0.0,0.0,0.0,0,0,0,0,0,0,0,0

SID,KFR3E,15L,4
FA,RW15L,29.241233,47.983389,0,KFR,0.0,0.0,152.0,2,1000,0,0,0,0,0,0
CF,KFR,28.620833,47.958056,0,KFR,0.0,0.0,184.0,33.0,0,0,0,0,0,0,0,1

SID,KFR3E,15R,4
FA,RW15R,29.240522,47.961519,0,KFR,0.0,0.0,152.0,2,1000,0,0,0,0,0,0
CF,KFR,28.620833,47.958056,0,KFR,0.0,0.0,182.0,32.0,0,0,0,0,0,0,0,1

SID,KFR3E,ALL,5
IF,KFR,28.620833,47.958056, ,0.0,0.0,0,0,0,0,0,0,0,0

SID,KFR3E,DEKOB,6
IF,KFR,28.620833,47.958056, ,0.0,0.0,0,0,0,0,0,0,0,0
TF,DEKOB,28.526389,47.851667,0, ,0.0,0.0,0.0,0.0,0,0,0,0,0,0,0,0

SID,KFR3E,KATOD,6
IF,KFR,28.620833,47.958056, ,0.0,0.0,0,0,0,0,0,0,0,0
TF,KATOD,28.528056,47.931667,0, ,0.0,0.0,0.0,0.0,0,0,0,0,0,0,0,0

SID,KFR3E,NIDAP,6
IF,KFR,28.620833,47.958056, ,0.0,0.0,0,0,0,0,0,0,0,0
TF,NIDAP,28.649167,47.615556,0, ,0.0,0.0,0.0,0.0,0,0,0,0,0,0,0,0

SID,KFR3F,33L,4
FA,RW33L,29.212706,47.976303,0,KFR,0.0,0.0,332.0,2,1000,0,0,0,0,0,0
VI,1, ,0.0,172.0,0,0,0,0,0,0,0,0
CF,ALRUT,28.999044,47.964050,0,KFR,357.8,22.6,142.0,7.0,0,0,0,0,0,0,0,0

SID,KFR3F,33R,4
FA,RW33R,29.212603,47.998594,0,KFR,0.0,0.0,332.0,2,1000,0,0,0,0,0,0
VI,1, ,0.0,169.0,0,0,0,0,0,0,0,0
CF,ALRUT,28.999044,47.964050,0,KFR,357.8,22.6,139.0,3.0,0,0,0,0,0,0,0,0

SID,KFR3F,ALL,5
IF,ALRUT,28.999044,47.964050, ,0.0,0.0,0,0,0,0,0,0,0,0
TF,KFR,28.620833,47.958056,0, ,0.0,0.0,0.0,0.0,0,0,0,0,0,0,0,1

SID,KFR3F,DEKOB,6
IF,KFR,28.620833,47.958056, ,0.0,0.0,0,0,0,0,0,0,0,0
TF,DEKOB,28.526389,47.851667,0, ,0.0,0.0,0.0,0.0,0,0,0,0,0,0,0,0

SID,KFR3F,KATOD,6
IF,KFR,28.620833,47.958056, ,0.0,0.0,0,0,0,0,0,0,0,0
TF,KATOD,28.528056,47.931667,0, ,0.0,0.0,0.0,0.0,0,0,0,0,0,0,0,0

SID,KFR3F,NIDAP,6
IF,KFR,28.620833,47.958056, ,0.0,0.0,0,0,0,0,0,0,0,0
TF,NIDAP,28.649167,47.615556,0, ,0.0,0.0,0.0,0.0,0,0,0,0,0,0,0,0

SID,RALK3E,15L,4
FA,RW15L,29.241233,47.983389,0,KFR,0.0,0.0,152.0,2,1000,0,0,0,0,0,0
CF,RALKA,29.436389,48.305278,1,KFR,17.4,52.1,38.0,19.0,0,0,0,0,0,0,0,0

SID,RALK3E,15R,4
FA,RW15R,29.240522,47.961519,0,KFR,0.0,0.0,152.0,2,1000,0,0,0,0,0,0
CF,RALKA,29.436389,48.305278,1,KFR,17.4,52.1,40.0,20.0,0,0,0,0,0,0,0,0

SID,RALK3F,33L,4
CF,SOBAB,29.361575,47.897067,0,KFR,352.9,44.5,332.0,9.0,2,2500,0,0,0,0,0,0
TF,TULGO,29.440800,48.065500,0, ,0.0,0.0,0.0,0.0,0,0,0,0,0,0,0,0

SID,RALK3F,33R,4
CF,ORKER,29.369744,47.915022,0,KFR,354.1,44.9,332.0,10.0,2,2500,0,0,0,0,0,0
TF,TULGO,29.440800,48.065500,0, ,0.0,0.0,0.0,0.0,0,0,0,0,0,0,0,0

SID,RALK3F,ALL,5
IF,TULGO,29.440800,48.065500, ,0.0,0.0,0,0,0,0,0,0,0,0
TF,RALKA,29.436389,48.305278,0, ,0.0,0.0,0.0,0.0,0,0,0,0,0,0,0,0

SID,SESR3E,15L,4
FA,RW15L,29.241233,47.983389,0,KFR,0.0,0.0,152.0,2,1000,0,0,0,0,0,0
CF,SESRA,29.134167,48.914722,0,KFR,55.4,59.0,88.0,46.0,0,0,0,0,0,0,0,0

SID,SESR3E,15R,4
FA,RW15R,29.240522,47.961519,0,KFR,0.0,0.0,152.0,2,1000,0,0,0,0,0,0
CF,SESRA,29.134167,48.914722,0,KFR,55.4,59.0,88.0,47.0,0,0,0,0,0,0,0,0

SID,SESR3F,33L,4
CF,SOBAB,29.361575,47.897067,0,KFR,352.9,44.5,332.0,9.0,2,2500,0,0,0,0,0,0
TF,TULGO,29.440800,48.065500,0, ,0.0,0.0,0.0,0.0,0,0,0,0,0,0,0,0

SID,SESR3F,33R,4
CF,ORKER,29.369744,47.915022,0,KFR,354.1,44.9,332.0,10.0,2,2500,0,0,0,0,0,0
TF,TULGO,29.440800,48.065500,0, ,0.0,0.0,0.0,0.0,0,0,0,0,0,0,0,0

SID,SESR3F,ALL,5
IF,TULGO,29.440800,48.065500, ,0.0,0.0,0,0,0,0,0,0,0,0
TF,SESRA,29.134167,48.914722,0, ,0.0,0.0,0.0,0.0,0,0,0,0,0,0,0,0

STAR,ALVI2C,33L,5
IF,ALVIX,29.320833,48.402778, ,0.0,0.0,2,3000,0,0,0,0,0,0
TF,TABTO,29.105256,48.223444,0, ,0.0,0.0,0.0,0.0,1,3000,0,0,0,0,0,0

STAR,ALVI2C,33R,5
IF,ALVIX,29.320833,48.402778, ,0.0,0.0,2,3000,0,0,0,0,0,0
TF,TABTO,29.105256,48.223444,0, ,0.0,0.0,0.0,0.0,1,3000,0,0,0,0,0,0

STAR,ALVI2D,15L,5
IF,ALVIX,29.320833,48.402778, ,0.0,0.0,2,3000,0,0,0,0,0,0
TF,PASEL,29.472939,48.029383,0, ,0.0,0.0,0.0,0.0,1,3000,0,0,0,0,0,0

STAR,ALVI2D,15R,5
IF,ALVIX,29.320833,48.402778, ,0.0,0.0,2,3000,0,0,0,0,0,0
TF,PASEL,29.472939,48.029383,0, ,0.0,0.0,0.0,0.0,1,3000,0,0,0,0,0,0

STAR,ASVI2C,ALL,5
IF,ASVIR,28.538889,48.372222, ,0.0,0.0,2,3000,0,0,0,0,0,0
TF,PEDEL,28.969722,48.116111,0, ,0.0,0.0,0.0,0.0,1,3000,0,0,0,0,0,0

STAR,ASVI2C,33L,6
IF,PEDEL,28.969722,48.116111, ,0.0,0.0,1,3000,0,0,0,0,0,0
TF,RARVA,29.041378,48.067158,0, ,0.0,0.0,0.0,0.0,0,0,0,0,0,0,0,0

STAR,ASVI2C,33R,6
IF,PEDEL,28.969722,48.116111, ,0.0,0.0,1,3000,0,0,0,0,0,0
TF,GINBI,29.048875,48.085475,0, ,0.0,0.0,0.0,0.0,0,0,0,0,0,0,0,0

STAR,ASVI2D,15L,5
IF,ASVIR,28.538889,48.372222, ,0.0,0.0,2,3000,0,0,0,0,0,0
TF,SODAP,29.036853,47.964650,0, ,0.0,0.0,0.0,0.0,2,3000,0,0,0,0,0,0
TF,LOTAL,29.221931,47.866283,0, ,0.0,0.0,0.0,0.0,1,3000,0,1,200,0,0,0
TF,IVETA,29.373289,47.785544,0, ,0.0,0.0,0.0,0.0,0,0,0,0,0,0,0,0

STAR,ASVI2D,15R,5
IF,ASVIR,28.538889,48.372222, ,0.0,0.0,2,3000,0,0,0,0,0,0
TF,SODAP,29.036853,47.964650,0, ,0.0,0.0,0.0,0.0,2,3000,0,0,0,0,0,0
TF,LOTAL,29.221931,47.866283,0, ,0.0,0.0,0.0,0.0,1,3000,0,1,200,0,0,0
TF,IVETA,29.373289,47.785544,0, ,0.0,0.0,0.0,0.0,0,0,0,0,0,0,0,0

STAR,DEBN2D,15L,5
IF,DEBTI,28.735278,48.490278, ,0.0,0.0,2,3000,0,0,0,0,0,0
TF,PASEL,29.472939,48.029383,0, ,0.0,0.0,0.0,0.0,1,3000,0,0,0,0,0,0

STAR,DEBN2D,15R,5
IF,DEBTI,28.735278,48.490278, ,0.0,0.0,2,3000,0,0,0,0,0,0
TF,PASEL,29.472939,48.029383,0, ,0.0,0.0,0.0,0.0,1,3000,0,0,0,0,0,0

STAR,DEBS2D,15L,5
IF,DEBTI,28.735278,48.490278, ,0.0,0.0,2,3000,0,0,0,0,0,0
TF,SODAP,29.036853,47.964650,0, ,0.0,0.0,0.0,0.0,2,3000,0,0,0,0,0,0
TF,LOTAL,29.221931,47.866283,0, ,0.0,0.0,0.0,0.0,1,3000,0,1,200,0,0,0
TF,IVETA,29.373289,47.785544,0, ,0.0,0.0,0.0,0.0,0,0,0,0,0,0,0,0

STAR,DEBS2D,15R,5
IF,DEBTI,28.735278,48.490278, ,0.0,0.0,2,3000,0,0,0,0,0,0
TF,SODAP,29.036853,47.964650,0, ,0.0,0.0,0.0,0.0,2,3000,0,0,0,0,0,0
TF,LOTAL,29.221931,47.866283,0, ,0.0,0.0,0.0,0.0,1,3000,0,1,200,0,0,0
TF,IVETA,29.373289,47.785544,0, ,0.0,0.0,0.0,0.0,0,0,0,0,0,0,0,0

STAR,DEBT2C,ALL,5
IF,DEBTI,28.735278,48.490278, ,0.0,0.0,2,3000,0,0,0,0,0,0
TF,PEDEL,28.969722,48.116111,0, ,0.0,0.0,0.0,0.0,1,3000,0,0,0,0,0,0

STAR,DEBT2C,33L,6
IF,PEDEL,28.969722,48.116111, ,0.0,0.0,1,3000,0,0,0,0,0,0
TF,RARVA,29.041378,48.067158,0, ,0.0,0.0,0.0,0.0,0,0,0,0,0,0,0,0

STAR,DEBT2C,33R,6
IF,PEDEL,28.969722,48.116111, ,0.0,0.0,1,3000,0,0,0,0,0,0
TF,GINBI,29.048875,48.085475,0, ,0.0,0.0,0.0,0.0,0,0,0,0,0,0,0,0

STAR,DESL2D,15L,5
IF,DESLU,29.466667,49.030556, ,0.0,0.0,2,3000,0,0,0,0,0,0
TF,PASEL,29.472939,48.029383,0, ,0.0,0.0,0.0,0.0,1,3000,0,0,0,0,0,0

STAR,DESL2D,15R,5
IF,DESLU,29.466667,49.030556, ,0.0,0.0,2,3000,0,0,0,0,0,0
TF,PASEL,29.472939,48.029383,0, ,0.0,0.0,0.0,0.0,1,3000,0,0,0,0,0,0

STAR,KFR2C,ALL,5
IF,KFR,28.620833,47.958056, ,0.0,0.0,2,3000,0,0,0,0,0,0
TF,PEDEL,28.969722,48.116111,0, ,0.0,0.0,0.0,0.0,1,3000,0,0,0,0,0,0

STAR,KFR2C,33L,6
IF,PEDEL,28.969722,48.116111, ,0.0,0.0,1,3000,0,0,0,0,0,0
TF,RARVA,29.041378,48.067158,0, ,0.0,0.0,0.0,0.0,0,0,0,0,0,0,0,0

STAR,KFR2C,33R,6
IF,PEDEL,28.969722,48.116111, ,0.0,0.0,1,3000,0,0,0,0,0,0
TF,GINBI,29.048875,48.085475,0, ,0.0,0.0,0.0,0.0,0,0,0,0,0,0,0,0

STAR,KFR2D,15L,5
IF,KFR,28.620833,47.958056, ,0.0,0.0,2,3000,0,0,0,0,0,0
TF,SODAP,29.036853,47.964650,0, ,0.0,0.0,0.0,0.0,2,3000,0,0,0,0,0,0
TF,LOTAL,29.221931,47.866283,0, ,0.0,0.0,0.0,0.0,1,3000,0,1,200,0,0,0
TF,IVETA,29.373289,47.785544,0, ,0.0,0.0,0.0,0.0,0,0,0,0,0,0,0,0

STAR,KFR2D,15R,5
IF,KFR,28.620833,47.958056, ,0.0,0.0,2,3000,0,0,0,0,0,0
TF,SODAP,29.036853,47.964650,0, ,0.0,0.0,0.0,0.0,2,3000,0,0,0,0,0,0
TF,LOTAL,29.221931,47.866283,0, ,0.0,0.0,0.0,0.0,1,3000,0,1,200,0,0,0
TF,IVETA,29.373289,47.785544,0, ,0.0,0.0,0.0,0.0,0,0,0,0,0,0,0,0

STAR,KUNR2C,ALL,5
IF,KUNRU,28.538889,48.180556, ,0.0,0.0,2,3000,0,0,0,0,0,0
TF,PEDEL,28.969722,48.116111,0, ,0.0,0.0,0.0,0.0,1,3000,0,0,0,0,0,0

STAR,KUNR2C,33L,6
IF,PEDEL,28.969722,48.116111, ,0.0,0.0,1,3000,0,0,0,0,0,0
TF,RARVA,29.041378,48.067158,0, ,0.0,0.0,0.0,0.0,0,0,0,0,0,0,0,0

STAR,KUNR2C,33R,6
IF,PEDEL,28.969722,48.116111, ,0.0,0.0,1,3000,0,0,0,0,0,0
TF,GINBI,29.048875,48.085475,0, ,0.0,0.0,0.0,0.0,0,0,0,0,0,0,0,0

STAR,KUNR2D,15L,5
IF,KUNRU,28.538889,48.180556, ,0.0,0.0,2,3000,0,0,0,0,0,0
TF,SODAP,29.036853,47.964650,0, ,0.0,0.0,0.0,0.0,2,3000,0,0,0,0,0,0
TF,LOTAL,29.221931,47.866283,0, ,0.0,0.0,0.0,0.0,1,3000,0,1,200,0,0,0
TF,IVETA,29.373289,47.785544,0, ,0.0,0.0,0.0,0.0,0,0,0,0,0,0,0,0

STAR,KUNR2D,15R,5
IF,KUNRU,28.538889,48.180556, ,0.0,0.0,2,3000,0,0,0,0,0,0
TF,SODAP,29.036853,47.964650,0, ,0.0,0.0,0.0,0.0,2,3000,0,0,0,0,0,0
TF,LOTAL,29.221931,47.866283,0, ,0.0,0.0,0.0,0.0,1,3000,0,1,200,0,0,0
TF,IVETA,29.373289,47.785544,0, ,0.0,0.0,0.0,0.0,0,0,0,0,0,0,0,0

STAR,RALK2C,33L,5
IF,RALKA,29.436389,48.305278, ,0.0,0.0,2,3000,0,0,0,0,0,0
TF,TABTO,29.105256,48.223444,0, ,0.0,0.0,0.0,0.0,1,3000,0,0,0,0,0,0

STAR,RALK2C,33R,5
IF,RALKA,29.436389,48.305278, ,0.0,0.0,2,3000,0,0,0,0,0,0
TF,TABTO,29.105256,48.223444,0, ,0.0,0.0,0.0,0.0,1,3000,0,0,0,0,0,0

STAR,RALK2D,15L,5
IF,RALKA,29.436389,48.305278, ,0.0,0.0,2,3000,0,0,0,0,0,0
TF,PASEL,29.472939,48.029383,0, ,0.0,0.0,0.0,0.0,1,3000,0,0,0,0,0,0

STAR,RALK2D,15R,5
IF,RALKA,29.436389,48.305278, ,0.0,0.0,2,3000,0,0,0,0,0,0
TF,PASEL,29.472939,48.029383,0, ,0.0,0.0,0.0,0.0,1,3000,0,0,0,0,0,0

STAR,SESR2C,33L,5
IF,SESRA,29.134167,48.914722, ,0.0,0.0,2,3000,0,0,0,0,0,0
TF,TABTO,29.105256,48.223444,0, ,0.0,0.0,0.0,0.0,1,3000,0,0,0,0,0,0

STAR,SESR2C,33R,5
IF,SESRA,29.134167,48.914722, ,0.0,0.0,2,3000,0,0,0,0,0,0
TF,TABTO,29.105256,48.223444,0, ,0.0,0.0,0.0,0.0,1,3000,0,0,0,0,0,0

STAR,SESR2D,15L,5
IF,SESRA,29.134167,48.914722, ,0.0,0.0,2,3000,0,0,0,0,0,0
TF,PASEL,29.472939,48.029383,0, ,0.0,0.0,0.0,0.0,1,3000,0,0,0,0,0,0

STAR,SESR2D,15R,5
IF,SESRA,29.134167,48.914722, ,0.0,0.0,2,3000,0,0,0,0,0,0
TF,PASEL,29.472939,48.029383,0, ,0.0,0.0,0.0,0.0,1,3000,0,0,0,0,0,0

STAR,SIDA2D,15L,5
IF,SIDAD,29.875278,48.495556, ,0.0,0.0,2,3000,0,0,0,0,0,0
TF,PASEL,29.472939,48.029383,0, ,0.0,0.0,0.0,0.0,1,3000,0,0,0,0,0,0

STAR,SIDA2D,15R,5
IF,SIDAD,29.875278,48.495556, ,0.0,0.0,2,3000,0,0,0,0,0,0
TF,PASEL,29.472939,48.029383,0, ,0.0,0.0,0.0,0.0,1,3000,0,0,0,0,0,0

APPTR,I15L,15L,IVETA
IF,IVETA,29.373289,47.785544, ,0.0,0.0,2,3000,0,0,0,0,1,0
TF,RERAN,29.416117,47.890147,0, ,0.0,0.0,0.0,0.0,2,2400,0,0,0,0,1,0
CF,CI15L,29.375128,47.912147,0,IKIC,332.0,10.9,152.0,2.7,2,2000,0,0,0,0,0,0

APPTR,I15L,15L,KUA
IF,KUA,29.218328,47.967561, ,0.0,0.0,2,3000,0,0,0,0,1,0
FD,KUA,29.218328,47.967561,0,KUA,0.0,10.0,6.0,10.0,2,2400,0,0,0,0,0,0
CF,CI15L,29.375128,47.912147,1,IKIC,332.0,10.9,152.0,1.0,2,2000,0,0,0,0,0,0

APPTR,I15L,15L,PASEL
IF,PASEL,29.472939,48.029383, ,0.0,0.0,1,3000,0,0,0,0,1,0
TF,RERAN,29.416117,47.890147,0, ,0.0,0.0,0.0,0.0,2,2400,0,0,0,0,1,0
CF,CI15L,29.375128,47.912147,0,IKIC,332.0,10.9,152.0,2.7,2,2000,0,0,0,0,0,0

FINAL,I15L,15L,I,3
IF,CI15L,29.375128,47.912147,IKIC,332.0,10.9,2,2000,0,0,0,0,0,0
CF,FI15L,29.323625,47.939500,0,IKIC,332.0,7.5,152.0,3.4,1,1971,0,0,0,0,2,0
CF,RW15L,29.241233,47.983389,0,IKIC,332.0,2.1,152.0,5.4,1,215,0,0,0,0,3,0
CF,D152C,29.170686,48.020853,0,KUA,132.5,4.0,152.0,4.7,0,0,0,0,0,0,0,1
DF,KUA,29.218328,47.967561,1, ,0.0,0.0,1,3000,0,0,0,0,0,0

APPTR,I15R,15R,IVETA
IF,IVETA,29.373289,47.785544, ,0.0,0.0,2,3000,0,0,0,0,1,0
TF,DATAR,29.408675,47.871958,0, ,0.0,0.0,0.0,0.0,2,2400,0,0,0,0,1,0
CF,CI15R,29.374289,47.890283,0,IKIB,332.0,10.8,152.0,2.3,2,2000,0,0,0,0,0,0

APPTR,I15R,15R,KUA
IF,KUA,29.218328,47.967561, ,0.0,0.0,2,3000,0,0,0,0,1,0
FD,KUA,29.218328,47.967561,0,KUA,0.0,10.0,359.0,10.0,2,2400,0,0,0,0,0,0
CF,CI15R,29.374289,47.890283,1,IKIB,332.0,10.8,152.0,1.0,2,2000,0,0,0,0,0,0

APPTR,I15R,15R,PASEL
IF,PASEL,29.472939,48.029383, ,0.0,0.0,1,3000,0,0,0,0,1,0
TF,DATAR,29.408675,47.871958,0, ,0.0,0.0,0.0,0.0,2,2400,0,0,0,0,1,0
CF,CI15R,29.374289,47.890283,0,IKIB,332.0,10.8,152.0,2.3,2,2000,0,0,0,0,0,0

FINAL,I15R,15R,I,3
IF,CI15R,29.374289,47.890283,IKIB,332.0,10.8,2,2000,0,0,0,0,0,0
CF,FI15R,29.322814,47.917717,0,IKIB,332.0,7.4,152.0,3.4,1,1999,0,0,0,0,2,0
CF,RW15R,29.240522,47.961519,0,IKIB,332.0,2.0,152.0,5.4,1,189,0,0,0,0,3,0
CF,D152D,29.159875,48.004361,0,KUA,148.1,4.0,152.0,5.3,0,0,0,0,0,0,0,1
DF,KUA,29.218328,47.967561,2, ,0.0,0.0,1,3000,0,0,0,0,0,0

APPTR,I33L,33L,ALRUT
IF,ALRUT,28.999044,47.964050, ,0.0,0.0,2,3000,0,0,0,0,1,0
TF,RARVA,29.041378,48.067158,0, ,0.0,0.0,0.0,0.0,2,2500,0,0,0,0,1,0
CF,CI33L,29.094031,48.039272,0,IKIA,152.0,9.9,332.0,3.5,2,2000,0,0,0,0,0,0

APPTR,I33L,33L,KUA
IF,KUA,29.218328,47.967561, ,0.0,0.0,2,3000,0,0,0,0,1,0
FD,KUA,29.218328,47.967561,0,KUA,0.0,8.0,125.0,8.0,2,2000,0,0,0,0,0,0
CF,CI33L,29.094031,48.039272,2,IKIA,152.0,9.9,332.0,1.0,2,2000,0,0,0,0,0,0

APPTR,I33L,33L,RARVA
IF,RARVA,29.041378,48.067158, ,0.0,0.0,2,2500,0,0,0,0,1,0
CF,CI33L,29.094031,48.039272,0,IKIA,152.0,9.9,332.0,3.5,2,2000,0,0,0,0,0,0

APPTR,I33L,33L,TABTO
IF,TABTO,29.105256,48.223444, ,0.0,0.0,1,3000,0,0,0,0,1,0
TF,RARVA,29.041378,48.067158,0, ,0.0,0.0,0.0,0.0,2,2500,0,0,0,0,1,0
CF,CI33L,29.094031,48.039272,0,IKIA,152.0,9.9,332.0,3.5,2,2000,0,0,0,0,0,0

FINAL,I33L,33L,I,3
IF,CI33L,29.094031,48.039272,IKIA,152.0,9.9,2,2000,0,0,0,0,0,0
CF,FI33L,29.129217,48.020617,0,IKIA,152.0,7.6,332.0,2.3,1,1999,0,0,0,0,2,0
CF,RW33L,29.212706,47.976303,0,IKIA,152.0,2.1,332.0,5.5,1,224,0,0,0,0,3,0
CF,D332B,29.280814,47.940081,0,KUA,335.9,4.0,332.0,4.5,0,0,0,0,0,0,0,1
DF,KUA,29.218328,47.967561,1, ,0.0,0.0,1,3000,0,0,0,0,0,0

APPTR,I33R,33R,ALRUT
IF,ALRUT,28.999044,47.964050, ,0.0,0.0,2,3000,0,0,0,0,1,0
TF,GINBI,29.048875,48.085475,0, ,0.0,0.0,0.0,0.0,2,2500,0,0,0,0,1,0
CF,CI33R,29.079119,48.069419,0,IKID,152.0,10.9,332.0,2.0,2,2000,0,0,0,0,0,0

APPTR,I33R,33R,GINBI
IF,GINBI,29.048875,48.085475, ,0.0,0.0,2,2500,0,0,0,0,1,0
CF,CI33R,29.079119,48.069419,0,IKID,152.0,10.9,332.0,2.0,2,2000,0,0,0,0,0,0

APPTR,I33R,33R,KUA
IF,KUA,29.218328,47.967561, ,0.0,0.0,2,3000,0,0,0,0,1,0
FD,KUA,29.218328,47.967561,0,KUA,0.0,10.0,119.0,10.0,2,2000,0,0,0,0,0,0
CF,CI33R,29.079119,48.069419,2,IKID,152.0,10.9,332.0,1.0,2,2000,0,0,0,0,0,0

APPTR,I33R,33R,TABTO
IF,TABTO,29.105256,48.223444, ,0.0,0.0,1,3000,0,0,0,0,1,0
TF,GINBI,29.048875,48.085475,0, ,0.0,0.0,0.0,0.0,2,2500,0,0,0,0,1,0
CF,CI33R,29.079119,48.069419,0,IKID,152.0,10.9,332.0,2.0,2,2000,0,0,0,0,0,0

FINAL,I33R,33R,I,3
IF,CI33R,29.079119,48.069419,IKID,152.0,10.9,2,2000,0,0,0,0,0,0
CF,FI33R,29.132139,48.041314,0,IKID,152.0,7.4,332.0,3.5,1,1983,0,0,0,0,2,0
CF,RW33R,29.212603,47.998594,0,IKID,152.0,2.1,332.0,5.3,1,260,0,0,0,0,3,0
CF,D332D,29.284947,47.960131,0,KUA,351.4,4.0,332.0,4.8,0,0,0,0,0,0,0,1
DF,KUA,29.218328,47.967561,2, ,0.0,0.0,1,3000,0,0,0,0,0,0

APPTR,R15L,15L,IVETA
IF,IVETA,29.373289,47.785544, ,0.0,0.0,1,3000,0,0,0,0,1,0
TF,RERAN,29.416117,47.890147,0, ,0.0,0.0,0.0,0.0,2,2400,0,0,0,0,1,0

APPTR,R15L,15L,PASEL
IF,PASEL,29.472939,48.029383, ,0.0,0.0,1,3000,0,0,0,0,1,0
TF,RERAN,29.416117,47.890147,0, ,0.0,0.0,0.0,0.0,2,2400,0,0,0,0,1,0

FINAL,R15L,15L,R,3
IF,RERAN,29.416117,47.890147, ,0.0,0.0,2,2400,0,0,0,0,0,0
TF,FF15L,29.323525,47.939556,0, ,0.0,0.0,152.0,6.1,2,2000,0,0,0,0,2,0
TF,RW15L,29.241233,47.983389,0, ,0.0,0.0,152.0,5.4,1,215,0,0,0,0,3,1
CA,0,152.0,2,610,0,0,0,0,0,0
DF,ORBEB,29.061250,48.078925,0, ,0.0,0.0,1,3000,0,0,0,0,0,0
HM,ORBEB,29.061250,48.078925,2, ,0.0,0.0,332.0,04.3,0,0,0,0,0,0,0,0,0

APPTR,R15R,15R,IVETA
IF,IVETA,29.373289,47.785544, ,0.0,0.0,1,3000,0,0,0,0,1,0
TF,DATAR,29.408675,47.871958,0, ,0.0,0.0,0.0,0.0,2,2400,0,0,0,0,1,0

APPTR,R15R,15R,PASEL
IF,PASEL,29.472939,48.029383, ,0.0,0.0,1,3000,0,0,0,0,1,0
TF,DATAR,29.408675,47.871958,0, ,0.0,0.0,0.0,0.0,2,2400,0,0,0,0,1,0

FINAL,R15R,15R,R,3
IF,DATAR,29.408675,47.871958, ,0.0,0.0,2,2400,0,0,0,0,0,0
TF,FF15R,29.325408,47.916344,0, ,0.0,0.0,152.0,5.5,2,2000,0,0,0,0,2,0
TF,RW15R,29.240522,47.961519,0, ,0.0,0.0,152.0,5.6,1,189,0,0,0,0,3,1
CA,0,152.0,2,610,0,0,0,0,0,0
DF,MURED,29.059194,48.061667,0, ,0.0,0.0,1,3000,0,0,0,0,0,0
HM,MURED,29.059194,48.061667,2, ,0.0,0.0,332.0,04.3,0,0,0,0,0,0,0,0,0

APPTR,R33L,33L,ALRUT
IF,ALRUT,28.999044,47.964050, ,0.0,0.0,1,3000,0,0,0,0,1,0
TF,RARVA,29.041378,48.067158,0, ,0.0,0.0,0.0,0.0,2,2500,0,0,0,0,1,0

APPTR,R33L,33L,TABTO
IF,TABTO,29.105256,48.223444, ,0.0,0.0,1,3000,0,0,0,0,1,0
TF,RARVA,29.041378,48.067158,0, ,0.0,0.0,0.0,0.0,2,2500,0,0,0,0,1,0

FINAL,R33L,33L,R,3
IF,RARVA,29.041378,48.067158, ,0.0,0.0,2,2500,0,0,0,0,0,0
TF,FF33L,29.129678,48.020369,0, ,0.0,0.0,332.0,5.8,2,2000,0,0,0,0,2,0
TF,RW33L,29.212706,47.976303,0, ,0.0,0.0,332.0,5.5,1,224,0,0,0,0,3,1
CA,0,332.0,2,610,0,0,0,0,0,0
DF,IVOVO,29.391836,47.880933,0, ,0.0,0.0,1,3000,0,0,0,0,0,0
HM,IVOVO,29.391836,47.880933,2, ,0.0,0.0,152.0,04.3,0,0,0,0,0,0,0,0,0

APPTR,R33R,33R,ALRUT
IF,ALRUT,28.999044,47.964050, ,0.0,0.0,1,3000,0,0,0,0,1,0
TF,GINBI,29.048875,48.085475,0, ,0.0,0.0,0.0,0.0,2,2500,0,0,0,0,1,0

APPTR,R33R,33R,TABTO
IF,TABTO,29.105256,48.223444, ,0.0,0.0,1,3000,0,0,0,0,1,0
TF,GINBI,29.048875,48.085475,0, ,0.0,0.0,0.0,0.0,2,2500,0,0,0,0,1,0

FINAL,R33R,33R,R,3
IF,GINBI,29.048875,48.085475, ,0.0,0.0,2,2500,0,0,0,0,0,0
TF,FF33R,29.131750,48.041475,0, ,0.0,0.0,332.0,5.5,2,2000,0,0,0,0,2,0
TF,RW33R,29.212603,47.998594,0, ,0.0,0.0,332.0,5.3,1,260,0,0,0,0,3,1
CA,0,332.0,2,610,0,0,0,0,0,0
DF,SIVAL,29.392642,47.903044,0, ,0.0,0.0,1,3000,0,0,0,0,0,0
HM,SIVAL,29.392642,47.903044,1, ,0.0,0.0,152.0,04.3,0,0,0,0,0,0,0,0,0

