SID,BELK1G,10L,2
CA,0,99.0,2,2170,0,0,0,0,0,0
CD, ,0,0,0,BTR,0,0.0,110.0,1.5,0,0,0,0,0,0,0,0
CA,0,180.0,2,3500,0,0,0,0,0,0
CD, ,0,0,0,BTR,0,0.0,180.0,11.0,2,5500,0,0,0,0,0,0
CF,BELKO,33.048056,72.627222,0,BTR,199.2,31.9,215.0,23.0,0,0,0,0,0,0,0,0

SID,BELK1G,10R,2
CA,0,99.0,2,2170,0,0,0,0,0,0
CD, ,0,0,0,BTR,0,0.0,110.0,1.5,0,0,0,0,0,0,0,0
CA,0,180.0,2,3500,0,0,0,0,0,0
CD, ,0,0,0,BTR,0,0.0,180.0,11.0,2,5500,0,0,0,0,0,0
CF,BELKO,33.048056,72.627222,0,BTR,199.2,31.9,215.0,23.0,0,0,0,0,0,0,0,0

SID,BELK1H,28L,2
CA,0,279.0,2,2170,0,0,0,0,0,0
CD, ,0,0,0,BTR,0,0.0,270.0,6.0,0,0,0,0,0,0,0,0
CA,0,240.0,2,3500,0,0,0,0,0,0
CI,0, ,0.0,175.0,0,0,0,0,0,0,0,0
CF,BELKO,33.048056,72.627222,0,BTR,199.2,31.9,215.0,4.0,0,0,0,0,0,0,0,0

SID,BELK1H,28R,2
CA,0,279.0,2,2170,0,0,0,0,0,0
CD, ,0,0,0,BTR,0,0.0,270.0,6.0,0,0,0,0,0,0,0,0
CA,0,240.0,2,3500,0,0,0,0,0,0
CI,0, ,0.0,175.0,0,0,0,0,0,0,0,0
CF,BELKO,33.048056,72.627222,0,BTR,199.2,31.9,215.0,4.0,0,0,0,0,0,0,0,0

SID,BELK1J,10L,5
CF,IS406,33.537958,72.902814,0,BTR,97.2,2.4,99.0,3.0,0,0,0,1,210,0,0,1
DF,ISTOB,33.354611,72.867917,2, ,0.0,0.0,4,7000,5500,0,0,0,0,0
TF,BELKO,33.048056,72.627222,0, ,0.0,0.0,0.0,0.0,0,0,0,0,0,0,0,0

SID,BELK1K,28R,5
CF,IS405,33.562350,72.746922,0,BTR,279.2,5.6,279.0,3.0,0,0,0,1,220,0,0,1
VI,0, ,0.0,220.0,0,0,0,0,0,0,0,0
CF,IS402,33.390722,72.637222,0,BTR,228.1,14.3,190.0,8.0,0,0,0,0,0,0,0,0
TF,BELKO,33.048056,72.627222,0, ,0.0,0.0,0.0,0.0,0,0,0,0,0,0,0,0

SID,BELK2E,10R,5
CF,IS407,33.536075,72.902389,0,BTR,100.0,2.4,99.0,3.0,0,0,0,1,210,0,0,1
DF,ISTOB,33.354611,72.867917,2, ,0.0,0.0,4,7000,5500,0,0,0,0,0
TF,BELKO,33.048056,72.627222,0, ,0.0,0.0,0.0,0.0,0,0,0,0,0,0,0,0

SID,BELK2F,28L,5
CF,IS401,33.560481,72.746561,0,BTR,278.0,5.6,279.0,3.0,0,0,0,1,220,0,0,1
VI,0, ,0.0,220.0,0,0,0,0,0,0,0,0
CF,IS402,33.390722,72.637222,0,BTR,228.1,14.3,190.0,8.0,0,0,0,0,0,0,0,0
CF,BELKO,33.048056,72.627222,0,BTR,199.2,31.9,179.0,20.5,0,0,0,0,0,0,0,0

SID,BOBA1N,10L,2
CA,0,99.0,2,2170,0,0,0,0,0,0
CD, ,0,0,0,BTR,0,0.0,110.0,1.5,0,0,0,0,0,0,0,0
CA,0,180.0,2,3500,0,0,0,0,0,0
VI,1, ,0.0,55.0,0,0,0,0,0,0,0,0
CF,RN,33.605942,73.125936,0,BTR,72.7,14.0,10.0,9.0,2,8000,0,0,0,0,0,0
TF,BOBAM,34.583056,73.082778,0, ,0.0,0.0,0.0,0.0,2,20000,0,0,0,0,0,0

SID,BOBA1N,10R,2
CA,0,99.0,2,2170,0,0,0,0,0,0
CD, ,0,0,0,BTR,0,0.0,110.0,1.5,0,0,0,0,0,0,0,0
CA,0,180.0,2,3500,0,0,0,0,0,0
VI,1, ,0.0,55.0,0,0,0,0,0,0,0,0
CF,RN,33.605942,73.125936,0,BTR,72.7,14.0,10.0,9.0,2,8000,0,0,0,0,0,0
TF,BOBAM,34.583056,73.082778,0, ,0.0,0.0,0.0,0.0,2,20000,0,0,0,0,0,0

SID,BOBA1P,28L,2
CA,0,279.0,2,2170,0,0,0,0,0,0
CD, ,0,0,0,BTR,0,0.0,270.0,6.0,0,0,0,0,0,0,0,0
CA,0,240.0,2,3500,0,0,0,0,0,0
DF,BTR,33.544317,72.856067,1, ,0.0,0.0,0,0,0,0,0,0,0,0
TF,RN,33.605942,73.125936,0, ,0.0,0.0,0.0,0.0,2,8000,0,0,0,0,0,0
TF,BOBAM,34.583056,73.082778,0, ,0.0,0.0,0.0,0.0,2,20000,0,0,0,0,0,0

SID,BOBA1P,28R,2
CA,0,279.0,2,2170,0,0,0,0,0,0
CD, ,0,0,0,BTR,0,0.0,270.0,6.0,0,0,0,0,0,0,0,0
CA,0,240.0,2,3500,0,0,0,0,0,0
DF,BTR,33.544317,72.856067,1, ,0.0,0.0,0,0,0,0,0,0,0,0
TF,RN,33.605942,73.125936,0, ,0.0,0.0,0.0,0.0,2,8000,0,0,0,0,0,0
TF,BOBAM,34.583056,73.082778,0, ,0.0,0.0,0.0,0.0,2,20000,0,0,0,0,0,0

SID,BOBA1Q,10L,5
CF,IS406,33.537958,72.902814,0,BTR,97.2,2.4,99.0,3.0,0,0,0,1,210,0,0,1
DF,ISBAX,33.427222,73.022917,2, ,0.0,0.0,0,0,0,0,0,0,0,1
DF,IS412,33.555833,73.128056,1, ,0.0,0.0,2,8000,0,0,0,0,0,0
TF,BOBAM,34.583056,73.082778,0, ,0.0,0.0,0.0,0.0,2,20000,0,0,0,0,0,0

SID,BOBA1R,28R,5
CF,IS405,33.562350,72.746922,0,BTR,279.2,5.6,279.0,3.0,0,0,0,1,220,0,0,1
CA,0,220.0,2,4000,0,0,0,0,0,0
VI,1, ,0.0,90.0,0,0,0,0,0,0,0,0
CF,IS412,33.555833,73.128056,0,BTR,85.0,13.7,60.0,17.0,2,8000,0,0,0,0,0,0
TF,BOBAM,34.583056,73.082778,0, ,0.0,0.0,0.0,0.0,2,20000,0,0,0,0,0,0

SID,BOBA2L,10R,5
CF,IS407,33.536075,72.902389,0,BTR,100.0,2.4,99.0,3.0,0,0,0,1,210,0,0,1
DF,ISBAX,33.427222,73.022917,2, ,0.0,0.0,0,0,0,0,0,0,0,1
DF,IS412,33.555833,73.128056,1, ,0.0,0.0,2,8000,0,0,0,0,0,0
TF,BOBAM,34.583056,73.082778,0, ,0.0,0.0,0.0,0.0,2,20000,0,0,0,0,0,0

SID,BOBA2M,28L,5
CF,IS401,33.560481,72.746561,0,BTR,278.0,5.6,279.0,3.0,0,0,0,1,220,0,0,1
CA,0,220.0,2,4000,0,0,0,0,0,0
VI,1, ,0.0,90.0,0,0,0,0,0,0,0,0
CF,IS412,33.555833,73.128056,0,BTR,85.0,13.7,60.0,17.0,2,8000,0,0,0,0,0,0
TF,BOBAM,34.583056,73.082778,0, ,0.0,0.0,0.0,0.0,2,20000,0,0,0,0,0,0

SID,DAMT1H,10L,2
CA,0,99.0,2,2170,0,0,0,0,0,0
CD, ,0,0,0,BTR,0,0.0,110.0,1.5,0,0,0,0,0,0,0,0
CA,0,180.0,2,3500,0,0,0,0,0,0
VI,2, ,0.0,262.0,0,0,0,0,0,0,0,0
CF,MOXIT,33.358611,72.724722,0,BTR,208.7,12.9,232.0,5.0,0,0,0,0,0,0,0,0
TF,DAMTO,32.900000,71.992778,0, ,0.0,0.0,0.0,0.0,0,0,0,0,0,0,0,0

SID,DAMT1H,10R,2
CA,0,99.0,2,2170,0,0,0,0,0,0
CD, ,0,0,0,BTR,0,0.0,110.0,1.5,0,0,0,0,0,0,0,0
CA,0,180.0,2,3500,0,0,0,0,0,0
VI,2, ,0.0,262.0,0,0,0,0,0,0,0,0
CF,MOXIT,33.358611,72.724722,0,BTR,208.7,12.9,232.0,5.0,0,0,0,0,0,0,0,0
TF,DAMTO,32.900000,71.992778,0, ,0.0,0.0,0.0,0.0,0,0,0,0,0,0,0,0

SID,DAMT1J,28L,2
CA,0,279.0,2,2170,0,0,0,0,0,0
CD, ,0,0,0,BTR,0,0.0,270.0,6.0,0,0,0,0,0,0,0,0
CA,0,240.0,2,3500,0,0,0,0,0,0
CI,0, ,0.0,195.0,0,0,0,0,0,0,0,0
CF,DAMTO,32.900000,71.992778,0,BTR,226.6,58.1,232.0,35.0,0,0,0,0,0,0,0,0

SID,DAMT1J,28R,2
CA,0,279.0,2,2170,0,0,0,0,0,0
CD, ,0,0,0,BTR,0,0.0,270.0,6.0,0,0,0,0,0,0,0,0
CA,0,240.0,2,3500,0,0,0,0,0,0
CI,0, ,0.0,195.0,0,0,0,0,0,0,0,0
CF,DAMTO,32.900000,71.992778,0,BTR,226.6,58.1,232.0,35.0,0,0,0,0,0,0,0,0

SID,DAMT1K,10L,5
CF,IS406,33.537958,72.902814,0,BTR,97.2,2.4,99.0,3.0,0,0,0,1,210,0,0,1
DF,ISTOB,33.354611,72.867917,2, ,0.0,0.0,4,7000,5500,0,0,0,0,0
TF,DAMTO,32.900000,71.992778,0, ,0.0,0.0,0.0,0.0,0,0,0,0,0,0,0,0

SID,DAMT1L,28R,5
CF,IS405,33.562350,72.746922,0,BTR,279.2,5.6,279.0,3.0,0,0,0,1,220,0,0,1
VI,0, ,0.0,220.0,0,0,0,0,0,0,0,0
CF,IS402,33.390722,72.637222,0,BTR,228.1,14.3,190.0,8.0,0,0,0,0,0,0,0,0
TF,DAMTO,32.900000,71.992778,0, ,0.0,0.0,0.0,0.0,0,0,0,0,0,0,0,0

SID,DAMT2F,10R,5
CF,IS407,33.536075,72.902389,0,BTR,100.0,2.4,99.0,3.0,0,0,0,1,210,0,0,1
DF,ISTOB,33.354611,72.867917,2, ,0.0,0.0,4,7000,5500,0,0,0,0,0
TF,DAMTO,32.900000,71.992778,0, ,0.0,0.0,0.0,0.0,0,0,0,0,0,0,0,0

SID,DAMT2G,28L,5
CF,IS401,33.560481,72.746561,0,BTR,278.0,5.6,279.0,3.0,0,0,0,1,220,0,0,1
VI,0, ,0.0,220.0,0,0,0,0,0,0,0,0
CF,IS402,33.390722,72.637222,0,BTR,228.1,14.3,190.0,8.0,0,0,0,0,0,0,0,0
TF,DAMTO,32.900000,71.992778,0, ,0.0,0.0,0.0,0.0,0,0,0,0,0,0,0,0

SID,INDE1E,10L,2
CA,0,99.0,2,2170,0,0,0,0,0,0
CD, ,0,0,0,BTR,0,0.0,110.0,1.5,0,0,0,0,0,0,0,0
CA,0,180.0,2,3500,0,0,0,0,0,0
DF,D175K,33.360883,72.867417,0, ,0.0,0.0,2,5500,0,0,0,0,0,0
TF,SAMEX,33.210833,72.876667,0, ,0.0,0.0,0.0,0.0,2,7500,0,0,0,0,0,1
CI,0, ,0.0,110.0,0,0,0,0,0,0,0,0
CF,INDEK,32.766667,73.266111,0,BTR,154.0,50.9,170.0,20.0,0,0,0,0,0,0,0,0

SID,INDE1E,10R,2
CA,0,99.0,2,2170,0,0,0,0,0,0
CD, ,0,0,0,BTR,0,0.0,110.0,1.5,0,0,0,0,0,0,0,0
CA,0,180.0,2,3500,0,0,0,0,0,0
DF,D175K,33.360883,72.867417,0, ,0.0,0.0,2,5500,0,0,0,0,0,0
TF,SAMEX,33.210833,72.876667,0, ,0.0,0.0,0.0,0.0,2,7500,0,0,0,0,0,1
CI,0, ,0.0,110.0,0,0,0,0,0,0,0,0
CF,INDEK,32.766667,73.266111,0,BTR,154.0,50.9,170.0,20.0,0,0,0,0,0,0,0,0

SID,INDE1F,28L,2
CA,0,279.0,2,2170,0,0,0,0,0,0
CD, ,0,0,0,BTR,0,0.0,270.0,6.0,0,0,0,0,0,0,0,0
CA,0,240.0,2,3500,0,0,0,0,0,0
CI,1, ,0.0,100.0,0,0,0,0,0,0,0,0
CF,SAMEX,33.210833,72.876667,0,BTR,175.0,20.0,175.0,14.0,2,7500,0,0,0,0,0,1
CI,0, ,0.0,110.0,0,0,0,0,0,0,0,0
CF,INDEK,32.766667,73.266111,0,BTR,154.0,50.9,170.0,20.0,0,0,0,0,0,0,0,0

SID,INDE1F,28R,2
CA,0,279.0,2,2170,0,0,0,0,0,0
CD, ,0,0,0,BTR,0,0.0,270.0,6.0,0,0,0,0,0,0,0,0
CA,0,240.0,2,3500,0,0,0,0,0,0
CI,1, ,0.0,100.0,0,0,0,0,0,0,0,0
CF,SAMEX,33.210833,72.876667,0,BTR,175.0,20.0,175.0,14.0,2,7500,0,0,0,0,0,1
CI,0, ,0.0,110.0,0,0,0,0,0,0,0,0
CF,INDEK,32.766667,73.266111,0,BTR,154.0,50.9,170.0,20.0,0,0,0,0,0,0,0,0

SID,INDE1G,10L,5
CF,IS406,33.537958,72.902814,0,BTR,97.2,2.4,99.0,3.0,0,0,0,1,210,0,0,1
DF,ISTOB,33.354611,72.867917,2, ,0.0,0.0,4,7000,5500,0,0,0,0,0
TF,SAMEX,33.210833,72.876667,0, ,0.0,0.0,0.0,0.0,2,7500,0,0,0,0,0,1
TF,ADMEK,33.062222,73.216944,0, ,0.0,0.0,0.0,0.0,0,0,0,0,0,0,0,0
TF,INDEK,32.766667,73.266111,0, ,0.0,0.0,0.0,0.0,0,0,0,0,0,0,0,0

SID,INDE1H,28R,5
CF,IS405,33.562350,72.746922,0,BTR,279.2,5.6,279.0,3.0,0,0,0,1,220,0,0,1
VI,0, ,0.0,220.0,0,0,0,0,0,0,0,0
CF,IS402,33.390722,72.637222,0,BTR,228.1,14.3,190.0,8.0,0,0,0,0,0,0,0,0
TF,ISTOB,33.354611,72.867917,1, ,0.0,0.0,0.0,0.0,4,7000,5500,0,0,0,0,0
TF,SAMEX,33.210833,72.876667,0, ,0.0,0.0,0.0,0.0,2,7500,0,0,0,0,0,0
TF,ADMEK,33.062222,73.216944,0, ,0.0,0.0,0.0,0.0,0,0,0,0,0,0,0,0
TF,INDEK,32.766667,73.266111,0, ,0.0,0.0,0.0,0.0,0,0,0,0,0,0,0,0

SID,INDE2C,10R,5
CF,IS407,33.536075,72.902389,0,BTR,100.0,2.4,99.0,3.0,0,0,0,1,210,0,0,1
DF,ISTOB,33.354611,72.867917,2, ,0.0,0.0,4,7000,5500,0,0,0,0,0
TF,SAMEX,33.210833,72.876667,0, ,0.0,0.0,0.0,0.0,2,7500,0,0,0,0,0,1
TF,ADMEK,33.062222,73.216944,0, ,0.0,0.0,0.0,0.0,0,0,0,0,0,0,0,0
TF,INDEK,32.766667,73.266111,0, ,0.0,0.0,0.0,0.0,0,0,0,0,0,0,0,0

SID,INDE2D,28L,5
CF,IS401,33.560481,72.746561,0,BTR,278.0,5.6,279.0,3.0,0,0,0,1,220,0,0,1
VI,0, ,0.0,220.0,0,0,0,0,0,0,0,0
CF,IS402,33.390722,72.637222,0,BTR,228.1,14.3,190.0,8.0,0,0,0,0,0,0,0,0
TF,ISTOB,33.354611,72.867917,1, ,0.0,0.0,0.0,0.0,4,7000,5500,0,0,0,0,0
TF,SAMEX,33.210833,72.876667,0, ,0.0,0.0,0.0,0.0,2,7500,0,0,0,0,0,0
TF,ADMEK,33.062222,73.216944,0, ,0.0,0.0,0.0,0.0,0,0,0,0,0,0,0,0
TF,INDEK,32.766667,73.266111,0, ,0.0,0.0,0.0,0.0,0,0,0,0,0,0,0,0

SID,KALM1E,10L,5
CF,IS406,33.537958,72.902814,0,BTR,97.2,2.4,99.0,3.0,0,0,0,1,210,0,0,1
DF,ISTOB,33.354611,72.867917,2, ,0.0,0.0,4,7000,5500,0,0,0,0,0
TF,IS403,33.407472,72.529361,0, ,0.0,0.0,180.0,0.0,0,0,0,0,0,0,0,0
TF,KIMUL,33.547222,72.417500,0, ,0.0,0.0,0.0,0.0,2,10000,0,0,0,0,0,0
TF,KALMI,33.548333,72.025556,0, ,0.0,0.0,0.0,0.0,3,17000,0,0,0,0,0,0

SID,KALM1F,10L,2
CA,0,99.0,2,2170,0,0,0,0,0,0
CD, ,0,0,0,BTR,0,0.0,110.0,1.5,0,0,0,0,0,0,0,0
CA,0,180.0,2,3500,0,0,0,0,0,0
CI,2, ,0.0,310.0,0,0,0,0,0,0,0,0
CF,KIMUL,33.547222,72.417500,0,BTR,268.6,22.0,269.0,13.0,2,10000,0,0,0,0,0,0
TF,KALMI,33.548333,72.025556,0, ,0.0,0.0,0.0,0.0,3,17000,0,0,0,0,0,0

SID,KALM1F,10R,2
CA,0,99.0,2,2170,0,0,0,0,0,0
CD, ,0,0,0,BTR,0,0.0,110.0,1.5,0,0,0,0,0,0,0,0
CA,0,180.0,2,3500,0,0,0,0,0,0
CI,2, ,0.0,310.0,0,0,0,0,0,0,0,0
CF,KIMUL,33.547222,72.417500,0,BTR,268.6,22.0,269.0,13.0,2,10000,0,0,0,0,0,0
TF,KALMI,33.548333,72.025556,0, ,0.0,0.0,0.0,0.0,3,17000,0,0,0,0,0,0

SID,KALM1G,28L,2
CA,0,279.0,2,2170,0,0,0,0,0,0
CD, ,0,0,0,BTR,0,0.0,270.0,6.0,0,0,0,0,0,0,0,0
CF,KIMUL,33.547222,72.417500,0,BTR,268.6,22.0,269.0,15.0,2,10000,0,0,0,0,0,0
TF,KALMI,33.548333,72.025556,0, ,0.0,0.0,0.0,0.0,3,17000,0,0,0,0,0,0

SID,KALM1G,28R,2
CA,0,279.0,2,2170,0,0,0,0,0,0
CD, ,0,0,0,BTR,0,0.0,270.0,6.0,0,0,0,0,0,0,0,0
CF,KIMUL,33.547222,72.417500,0,BTR,268.6,22.0,269.0,15.0,2,10000,0,0,0,0,0,0
TF,KALMI,33.548333,72.025556,0, ,0.0,0.0,0.0,0.0,3,17000,0,0,0,0,0,0

SID,KALM1H,28L,2
CA,0,279.0,2,2170,0,0,0,0,0,0
CD, ,0,0,0,BTR,0,0.0,270.0,6.0,0,0,0,0,0,0,0,0
CA,0,240.0,2,3500,0,0,0,0,0,0
CI,1, ,0.0,100.0,0,0,0,0,0,0,0,0
CF,BTR,33.544317,72.856067,1,BTR,0.0,0.0,355.0,6.0,0,0,0,0,0,0,0,0
TF,KIMUL,33.547222,72.417500,0, ,0.0,0.0,0.0,0.0,2,10000,0,0,0,0,0,0
TF,KALMI,33.548333,72.025556,0, ,0.0,0.0,0.0,0.0,3,17000,0,0,0,0,0,0

SID,KALM1H,28R,2
CA,0,279.0,2,2170,0,0,0,0,0,0
CD, ,0,0,0,BTR,0,0.0,270.0,6.0,0,0,0,0,0,0,0,0
CA,0,240.0,2,3500,0,0,0,0,0,0
CI,1, ,0.0,100.0,0,0,0,0,0,0,0,0
CF,BTR,33.544317,72.856067,1,BTR,0.0,0.0,355.0,6.0,0,0,0,0,0,0,0,0
TF,KIMUL,33.547222,72.417500,0, ,0.0,0.0,0.0,0.0,2,10000,0,0,0,0,0,0
TF,KALMI,33.548333,72.025556,0, ,0.0,0.0,0.0,0.0,3,17000,0,0,0,0,0,0

SID,KALM1J,28R,5
CF,IS405,33.562350,72.746922,0,BTR,279.2,5.6,279.0,3.0,0,0,0,1,220,0,0,1
CF,KIMUL,33.547222,72.417500,0,BTR,268.6,22.0,268.0,16.0,2,10000,0,0,0,0,0,0
TF,KALMI,33.548333,72.025556,0, ,0.0,0.0,0.0,0.0,3,17000,0,0,0,0,0,0

SID,KALM2C,10R,5
CF,IS407,33.536075,72.902389,0,BTR,100.0,2.4,99.0,3.0,0,0,0,1,210,0,0,1
DF,ISTOB,33.354611,72.867917,2, ,0.0,0.0,4,7000,5500,0,0,0,0,0
TF,IS403,33.407472,72.529361,0, ,0.0,0.0,0.0,0.0,0,0,0,0,0,0,0,0
TF,KIMUL,33.547222,72.417500,0, ,0.0,0.0,0.0,0.0,2,10000,0,0,0,0,0,0
TF,KALMI,33.548333,72.025556,0, ,0.0,0.0,0.0,0.0,3,17000,0,0,0,0,0,0

SID,KALM2D,28L,5
CF,IS401,33.560481,72.746561,0,BTR,278.0,5.6,279.0,3.0,0,0,0,1,220,0,0,1
CF,KIMUL,33.547222,72.417500,0,BTR,268.6,22.0,268.0,16.0,2,10000,0,0,0,0,0,0
TF,KALMI,33.548333,72.025556,0, ,0.0,0.0,0.0,0.0,3,17000,0,0,0,0,0,0

STAR,BELK1C,ALL,5
IF,BELKO,33.048056,72.627222, ,0.0,0.0,0,0,0,0,0,0,0,0
TF,ISDUR,33.407500,73.159167,0, ,0.0,0.0,0.0,0.0,2,6000,0,1,220,0,0,0

STAR,BELK1D,ALL,2
IF,BELKO,33.048056,72.627222, ,0.0,0.0,0,0,0,0,0,0,0,0
CD, ,0,0,0,RN,0,0.0,35.0,19.0,0,0,0,0,0,0,0,0
CI,0, ,0.0,35.0,0,0,0,0,0,0,0,0
AF,D170Q,33.324850,73.173186,1,RN,170.0,17.0,215.0,0,0,0,0,0,0,0,0
TF,ISDUR,33.407500,73.159167,0, ,0.0,0.0,0.0,0.0,0,0,0,0,0,0,0,0

STAR,BOBA1J,ALL,5
IF,BOBAM,34.583056,73.082778, ,0.0,0.0,0,0,0,0,0,0,0,0
TF,RN,33.605942,73.125936,0, ,0.0,0.0,0.0,0.0,2,9500,0,0,0,0,0,0
TF,ISDUR,33.407500,73.159167,0, ,0.0,0.0,0.0,0.0,2,6000,0,1,220,0,0,0

STAR,BOBA1K,ALL,2
IF,BOBAM,34.583056,73.082778, ,0.0,0.0,0,0,0,0,0,0,0,0
TF,RN,33.605942,73.125936,0, ,0.0,0.0,0.0,0.0,2,9500,0,0,0,0,0,0
CD, ,0,0,0,RN,0,0.0,183.0,17.0,0,0,0,0,0,0,0,0
CF,ISDUR,33.407500,73.159167,1,RN,170.0,12.0,350.0,5.0,0,0,0,0,0,0,0,0

STAR,DAMT1D,ALL,5
IF,DAMTO,32.900000,71.992778, ,0.0,0.0,0,0,0,0,0,0,0,0
TF,ISDUR,33.407500,73.159167,0, ,0.0,0.0,0.0,0.0,2,6000,0,1,220,0,0,0

STAR,DAMT1E,ALL,2
IF,DAMTO,32.900000,71.992778, ,0.0,0.0,0,0,0,0,0,0,0,0
CD, ,0,0,0,RN,0,0.0,52.0,19.0,0,0,0,0,0,0,0,0
CI,0, ,0.0,52.0,0,0,0,0,0,0,0,0
AF,D170Q,33.324850,73.173186,1,RN,170.0,17.0,232.0,0,0,0,0,0,0,0,0
TF,ISDUR,33.407500,73.159167,0, ,0.0,0.0,0.0,0.0,0,0,0,0,0,0,0,0

STAR,INDE1A,ALL,5
IF,INDEK,32.766667,73.266111, ,0.0,0.0,0,0,0,0,0,0,0,0
TF,PUNOP,33.192500,73.195278,0, ,0.0,0.0,0.0,0.0,0,0,0,0,0,0,0,0
TF,ISDUR,33.407500,73.159167,0, ,0.0,0.0,0.0,0.0,2,6000,0,1,220,0,0,0

STAR,INDE1B,ALL,2
IF,INDEK,32.766667,73.266111, ,0.0,0.0,0,0,0,0,0,0,0,0
TF,ISDUR,33.407500,73.159167,0, ,0.0,0.0,0.0,0.0,0,0,0,0,0,0,0,0

STAR,KALM1A,ALL,5
IF,KALMI,33.548333,72.025556, ,0.0,0.0,3,17000,0,0,0,0,0,0
TF,KIMUL,33.547222,72.417500,0, ,0.0,0.0,0.0,0.0,2,10000,0,0,0,0,0,0
TF,SUMEB,33.491111,72.574583,0, ,0.0,0.0,0.0,0.0,0,0,0,0,0,0,0,0
TF,ISBAX,33.427222,73.022917,0, ,0.0,0.0,0.0,0.0,0,0,0,0,0,0,0,0
TF,ISDUR,33.407500,73.159167,0, ,0.0,0.0,0.0,0.0,2,6000,0,1,220,0,0,0

STAR,KALM1B,ALL,2
IF,KALMI,33.548333,72.025556, ,0.0,0.0,3,17000,0,0,0,0,0,0
TF,KIMUL,33.547222,72.417500,0, ,0.0,0.0,0.0,0.0,2,10000,0,0,0,0,0,0
TF,BTR,33.544317,72.856067,0, ,0.0,0.0,0.0,0.0,0,0,0,0,0,0,0,0
CD, ,0,0,0,BTR,0,0.0,135.0,18.0,0,0,0,0,0,0,0,0
CF,ISDUR,33.407500,73.159167,1,RN,170.0,12.0,350.0,5.0,0,0,0,0,0,0,0,0

APPTR,I10RY,10R,BTR
IF,BTR,33.544317,72.856067, ,0.0,0.0,2,6000,0,0,0,0,1,0
FD,BTR,33.544317,72.856067,0,BTR,0.0,12.0,260.0,12.0,0,0,0,0,0,0,0,0
CF,CI1RY,33.575742,72.648475,2,IBAP,278.6,10.2,99.0,3.0,2,3700,0,0,0,0,0,0

APPTR,I10RY,10R,ISDUR
IF,ISDUR,33.407500,73.159167, ,0.0,0.0,1,10000,0,0,0,0,0,0
TF,BTR,33.544317,72.856067,0, ,0.0,0.0,0.0,0.0,2,6000,0,0,0,0,0,0
FD,BTR,33.544317,72.856067,0,BTR,0.0,12.0,260.0,12.0,0,0,0,0,0,0,0,0
CF,CI1RY,33.575742,72.648475,2,IBAP,278.6,10.2,99.0,3.0,2,3700,0,0,0,0,0,0

FINAL,I10RY,10R,I,3
IF,CI1RY,33.575742,72.648475,IBAP,278.6,10.2,2,3700,0,0,0,0,0,0
CF,FI1RY,33.569650,72.687700,0,IBAP,278.6,8.2,99.0,2.0,1,3700,0,0,0,0,2,0
CF,RW10R,33.551189,72.806058,0,IBAP,278.6,2.1,99.0,6.0,1,1788,0,0,0,0,3,1
CI,0, ,0.0,99.0,0,0,0,0,0,0,0,0
FD,BTR,33.544317,72.856067,0,BTR,0.0,1.5,110.0,1.5,0,0,0,0,0,0,0,0
CI,0, ,0.0,190.0,0,0,0,0,0,0,0,0
FM,BTR,33.544317,72.856067,0,BTR,0.0,0.0,175.0,1,4500,0,0,0,0,0,0

APPTR,I10RZ,10R,BOBAM
IF,BOBAM,34.583056,73.082778, ,0.0,0.0,0,0,0,0,0,0,0,0
TF,IS412,33.555833,73.128056,0, ,0.0,0.0,0.0,0.0,2,12000,0,1,220,0,0,0
TF,IS414,33.458972,72.801500,0, ,0.0,0.0,0.0,0.0,2,8000,0,0,0,0,0,0
TF,SUMEB,33.491111,72.574583,0, ,0.0,0.0,0.0,0.0,2,5000,0,0,0,0,0,0
CF,IS416,33.582056,72.607778,2,IBAP,278.6,12.2,15.0,5.7,2,3700,0,0,0,0,1,0

APPTR,I10RZ,10R,ISDUR
IF,ISDUR,33.407500,73.159167, ,0.0,0.0,1,12000,0,1,220,0,0,0
TF,IS414,33.458972,72.801500,0, ,0.0,0.0,0.0,0.0,2,8000,0,0,0,0,0,0
TF,SUMEB,33.491111,72.574583,0, ,0.0,0.0,0.0,0.0,2,5000,0,0,0,0,0,0
CF,IS416,33.582056,72.607778,2,IBAP,278.6,12.2,15.0,5.7,2,3700,0,0,0,0,1,0

APPTR,I10RZ,10R,KALMI
IF,KALMI,33.548333,72.025556, ,0.0,0.0,1,17000,0,0,0,0,0,0
TF,KIMUL,33.547222,72.417500,0, ,0.0,0.0,0.0,0.0,2,10000,0,0,0,0,0,0
TF,IS415,33.549083,72.825653,0, ,0.0,0.0,0.0,0.0,2,9000,0,1,220,0,0,0
TF,IS414,33.458972,72.801500,0, ,0.0,0.0,0.0,0.0,2,8000,0,0,0,0,0,0
TF,SUMEB,33.491111,72.574583,0, ,0.0,0.0,0.0,0.0,2,5000,0,0,0,0,0,0
CF,IS416,33.582056,72.607778,2,IBAP,278.6,12.2,15.0,5.7,2,3700,0,0,0,0,1,0

APPTR,I10RZ,10R,SUMEB
IF,SUMEB,33.491111,72.574583, ,0.0,0.0,1,5000,0,1,220,0,0,0
CF,IS416,33.582056,72.607778,2,IBAP,278.6,12.2,15.0,5.7,2,3700,0,0,0,0,1,0

FINAL,I10RZ,10R,I,3
IF,IS416,33.582056,72.607778,IBAP,278.6,12.2,2,3700,0,0,0,0,0,0
CF,IS417,33.569611,72.687972,0,IBAP,278.6,8.2,99.0,4.1,1,3700,0,0,0,0,2,0
CF,RW10R,33.551189,72.806058,0,IBAP,278.6,2.1,99.0,6.0,1,1788,0,0,0,0,3,1
DF,IS400,33.534722,72.883889,0, ,0.0,0.0,0,0,0,0,0,0,0,1
VA,2,175.0,2,4500,0,0,0,0,0,0

APPTR,I28LY,28L,ISDUR
IF,ISDUR,33.407500,73.159167, ,0.0,0.0,1,6000,0,0,0,0,0,0
CR,0,BTR,108.0,350.0,0,0,0,0,0,0,0,0
CI,0,IBBA,0.0,309.0,2,3700,0,0,0,0,0,0

APPTR,I28LY,28L,KIMUL
IF,KIMUL,33.547222,72.417500, ,0.0,0.0,0,0,0,0,0,0,0,0
TF,BTR,33.544317,72.856067,0, ,0.0,0.0,0.0,0.0,1,6000,0,0,0,0,0,0
FD,BTR,33.544317,72.856067,0,BTR,0.0,10.0,120.0,10.0,0,0,0,0,0,0,0,0
CI,1,IBBA,0.0,309.0,2,3700,0,0,0,0,0,0

FINAL,I28LY,28L,I,3
IF,CI2LY,33.497875,73.143494,IBBA,98.6,17.4,2,5000,0,0,0,0,0,0
CF,FI2LY,33.526778,72.961353,0,IBBA,98.6,8.1,279.0,9.3,1,3700,0,0,0,0,2,0
CF,RW28L,33.545117,72.844825,0,IBBA,98.6,2.1,279.0,5.9,1,1802,0,0,0,0,3,0
FD,RW28L,33.545117,72.844825,0,BTR,272.9,4.0,279.0,4.0,0,0,0,0,0,0,0,0
VA,0,240.0,2,3500,0,0,0,0,0,0
VM,0,0,1,100.0,1,4500,0,0,0,0,0,0

APPTR,I28LZ,28L,ISDUR
IF,ISDUR,33.407500,73.159167, ,0.0,0.0,1,6000,0,1,220,0,0,0
FC,ISDUR,33.407500,73.159167,0,BTR,0.0,0.0,315.0,4.7,0,0,0,0,0,0,0,0
CF,RENUX,33.514000,73.042278,0,IBBA,98.6,12.2,315.0,4.0,2,3700,0,0,0,0,1,0

APPTR,I28LZ,28L,KALMI
IF,KALMI,33.548333,72.025556, ,0.0,0.0,1,17000,0,0,0,0,0,0
TF,KIMUL,33.547222,72.417500,0, ,0.0,0.0,0.0,0.0,2,13000,0,0,0,0,0,0
TF,SUMEB,33.491111,72.574583,0, ,0.0,0.0,0.0,0.0,2,11000,0,0,0,0,0,0
TF,IS414,33.458972,72.801500,0, ,0.0,0.0,0.0,0.0,2,8000,0,0,0,0,0,0
TF,ISBAX,33.427222,73.022917,0, ,0.0,0.0,0.0,0.0,2,5000,0,1,220,0,0,0
CF,RENUX,33.514000,73.042278,0,IBBA,98.6,12.2,9.0,5.3,2,3700,0,0,0,0,1,0

FINAL,I28LZ,28L,I,3
IF,RENUX,33.514000,73.042278,IBBA,98.6,12.2,2,3700,0,0,0,0,0,0
CF,IS411,33.526694,72.961944,0,IBBA,98.6,8.1,279.0,4.1,1,3700,0,0,0,0,2,0
CF,RW28L,33.545117,72.844825,0,IBBA,98.6,2.1,279.0,6.0,1,1802,0,0,0,0,3,1
DF,IS409,33.555639,72.777444,0, ,0.0,0.0,0,0,0,0,0,0,0,1
VA,0,240.0,2,3500,0,0,0,0,0,0
VM,0,0,1,100.0,1,4500,0,0,0,0,0,0

APPTR,I28RY,28R,ISDUR
IF,ISDUR,33.407500,73.159167, ,0.0,0.0,1,6000,0,0,0,0,0,0
CR,0,BTR,108.0,350.0,0,0,0,0,0,0,0,0
CI,0,IBIP,0.0,309.0,2,3700,0,0,0,0,0,0

APPTR,I28RY,28R,KIMUL
IF,KIMUL,33.547222,72.417500, ,0.0,0.0,0,0,0,0,0,0,0,0
TF,BTR,33.544317,72.856067,0, ,0.0,0.0,0.0,0.0,1,6000,0,0,0,0,0,0
FD,BTR,33.544317,72.856067,0,BTR,0.0,10.0,120.0,10.0,0,0,0,0,0,0,0,0
CI,1,IBIP,0.0,309.0,2,3700,0,0,0,0,0,0

FINAL,I28RY,28R,I,3
IF,CI2RY,33.499836,73.143539,IBIP,98.6,17.4,2,5000,0,0,0,0,0,0
CF,FI2RY,33.528714,72.961383,0,IBIP,98.6,8.1,279.0,9.3,1,3700,0,0,0,0,2,0
CF,RW28R,33.546978,72.845242,0,IBIP,98.6,2.1,279.0,5.9,1,1805,0,0,0,0,3,0
FD,RW28R,33.546978,72.845242,0,BTR,284.4,4.0,279.0,4.0,0,0,0,0,0,0,0,0
VA,0,240.0,2,3500,0,0,0,0,0,0
VM,0,0,1,100.0,1,4500,0,0,0,0,0,0

APPTR,I28RZ,28R,ISDUR
IF,ISDUR,33.407500,73.159167, ,0.0,0.0,1,6000,0,1,220,0,0,0
FC,ISDUR,33.407500,73.159167,0,BTR,0.0,0.0,315.0,4.7,0,0,0,0,0,0,0,0
CF,RENUX,33.514000,73.042278,0,IBIP,99.1,12.2,315.0,4.0,2,3700,0,0,0,0,1,0

APPTR,I28RZ,28R,KALMI
IF,KALMI,33.548333,72.025556, ,0.0,0.0,1,17000,0,0,0,0,0,0
TF,KIMUL,33.547222,72.417500,0, ,0.0,0.0,0.0,0.0,2,13000,0,0,0,0,0,0
TF,SUMEB,33.491111,72.574583,0, ,0.0,0.0,0.0,0.0,2,11000,0,0,0,0,0,0
TF,IS414,33.458972,72.801500,0, ,0.0,0.0,0.0,0.0,2,8000,0,0,0,0,0,0
TF,ISBAX,33.427222,73.022917,0, ,0.0,0.0,0.0,0.0,2,5000,0,1,220,0,0,0
CF,RENUX,33.514000,73.042278,0,IBIP,99.1,12.2,9.0,5.3,2,3700,0,0,0,0,1,0

FINAL,I28RZ,28R,I,3
IF,RENUX,33.514000,73.042278,IBIP,99.1,12.2,2,3700,0,0,0,0,0,0
CF,IS410,33.528556,72.962194,0,IBIP,98.6,8.1,279.0,4.1,1,3700,0,0,0,0,2,0
CF,RW28R,33.546978,72.845242,0,IBIP,98.6,2.1,279.0,6.0,1,1805,0,0,0,0,3,1
DF,IS409,33.555639,72.777444,0, ,0.0,0.0,0,0,0,0,0,0,0,1
VA,0,240.0,2,3500,0,0,0,0,0,0
VM,0,0,1,100.0,1,4500,0,0,0,0,0,0

APPTR,R10L,10L,BOBAM
IF,BOBAM,34.583056,73.082778, ,0.0,0.0,2,24000,0,0,0,0,1,0
TF,IS412,33.555833,73.128056,0, ,0.0,0.0,0.0,0.0,2,12000,0,1,220,0,0,0
TF,IS414,33.458972,72.801500,0, ,0.0,0.0,0.0,0.0,2,8000,0,0,0,0,0,0
TF,SUMEB,33.491111,72.574583,0, ,0.0,0.0,0.0,0.0,2,5000,0,0,0,0,0,0
TF,IS416,33.582056,72.607778,0, ,0.0,0.0,0.0,0.0,2,3700,0,0,0,0,1,0

APPTR,R10L,10L,ISDUR
IF,ISDUR,33.407500,73.159167, ,0.0,0.0,1,12000,0,1,220,0,1,0
TF,IS414,33.458972,72.801500,0, ,0.0,0.0,0.0,0.0,2,8000,0,0,0,0,0,0
TF,SUMEB,33.491111,72.574583,0, ,0.0,0.0,0.0,0.0,2,5000,0,0,0,0,0,0
TF,IS416,33.582056,72.607778,0, ,0.0,0.0,0.0,0.0,2,3700,0,0,0,0,1,0

APPTR,R10L,10L,KALMI
IF,KALMI,33.548333,72.025556, ,0.0,0.0,1,17000,0,0,0,0,1,0
TF,KIMUL,33.547222,72.417500,0, ,0.0,0.0,0.0,0.0,2,10000,0,0,0,0,0,0
TF,IS415,33.549083,72.825653,0, ,0.0,0.0,0.0,0.0,2,9000,0,1,220,0,0,0
TF,IS414,33.458972,72.801500,0, ,0.0,0.0,0.0,0.0,2,8000,0,0,0,0,0,0
TF,SUMEB,33.491111,72.574583,0, ,0.0,0.0,0.0,0.0,2,5000,0,0,0,0,0,0
TF,IS416,33.582056,72.607778,0, ,0.0,0.0,0.0,0.0,2,3700,0,0,0,0,1,0

APPTR,R10L,10L,SUMEB
IF,SUMEB,33.491111,72.574583, ,0.0,0.0,1,5000,0,1,220,0,1,0
TF,IS416,33.582056,72.607778,0, ,0.0,0.0,0.0,0.0,2,3700,0,0,0,0,1,0

FINAL,R10L,10L,R,3
IF,IS416,33.582056,72.607778, ,0.0,0.0,2,3700,0,0,0,0,0,0
TF,IS418,33.571444,72.688583,0, ,0.0,0.0,97.0,4.1,1,3700,0,0,0,0,2,0
TF,RW10L,33.553050,72.806472,0, ,0.0,0.0,99.0,6.0,1,1786,0,0,0,0,3,1
TF,IS400,33.534722,72.883889,0, ,0.0,0.0,0.0,0.0,0,0,0,0,0,0,0,1
VA,2,175.0,2,4500,0,0,0,0,0,0

APPTR,R10R,10R,BOBAM
IF,BOBAM,34.583056,73.082778, ,0.0,0.0,2,24000,0,0,0,0,1,0
TF,IS412,33.555833,73.128056,0, ,0.0,0.0,0.0,0.0,2,12000,0,1,220,0,0,0
TF,IS414,33.458972,72.801500,0, ,0.0,0.0,0.0,0.0,2,8000,0,0,0,0,0,0
TF,SUMEB,33.491111,72.574583,0, ,0.0,0.0,0.0,0.0,2,5000,0,0,0,0,0,0
TF,IS416,33.582056,72.607778,0, ,0.0,0.0,0.0,0.0,2,3700,0,0,0,0,1,0

APPTR,R10R,10R,ISDUR
IF,ISDUR,33.407500,73.159167, ,0.0,0.0,2,12000,0,1,220,0,1,0
TF,IS414,33.458972,72.801500,0, ,0.0,0.0,0.0,0.0,2,8000,0,0,0,0,0,0
TF,SUMEB,33.491111,72.574583,0, ,0.0,0.0,0.0,0.0,2,5000,0,0,0,0,0,0
TF,IS416,33.582056,72.607778,0, ,0.0,0.0,0.0,0.0,2,3700,0,0,0,0,1,0

APPTR,R10R,10R,KALMI
IF,KALMI,33.548333,72.025556, ,0.0,0.0,1,17000,0,0,0,0,1,0
TF,KIMUL,33.547222,72.417500,0, ,0.0,0.0,0.0,0.0,2,10000,0,0,0,0,0,0
TF,IS415,33.549083,72.825653,0, ,0.0,0.0,0.0,0.0,2,9000,0,1,220,0,0,0
TF,IS414,33.458972,72.801500,0, ,0.0,0.0,0.0,0.0,2,8000,0,0,0,0,0,0
TF,SUMEB,33.491111,72.574583,0, ,0.0,0.0,0.0,0.0,2,5000,0,0,0,0,0,0
TF,IS416,33.582056,72.607778,0, ,0.0,0.0,0.0,0.0,2,3700,0,0,0,0,1,0

APPTR,R10R,10R,SUMEB
IF,SUMEB,33.491111,72.574583, ,0.0,0.0,1,5000,0,1,220,0,1,0
TF,IS416,33.582056,72.607778,0, ,0.0,0.0,0.0,0.0,2,3700,0,0,0,0,1,0

FINAL,R10R,10R,R,3
IF,IS416,33.582056,72.607778, ,0.0,0.0,2,3700,0,0,0,0,0,0
TF,IS417,33.569611,72.687972,0, ,0.0,0.0,99.0,4.1,1,3700,0,0,0,0,2,0
TF,RW10R,33.551189,72.806058,0, ,0.0,0.0,99.0,6.0,1,1788,0,0,0,0,3,1
TF,IS400,33.534722,72.883889,0, ,0.0,0.0,0.0,0.0,0,0,0,0,0,0,0,1
VA,2,175.0,2,4500,0,0,0,0,0,0

APPTR,R28L,28L,ISDUR
IF,ISDUR,33.407500,73.159167, ,0.0,0.0,1,6000,0,1,220,0,1,0
TF,RENUX,33.514000,73.042278,0, ,0.0,0.0,0.0,0.0,2,3700,0,0,0,0,1,0

APPTR,R28L,28L,KALMI
IF,KALMI,33.548333,72.025556, ,0.0,0.0,1,17000,0,0,0,0,0,0
TF,KIMUL,33.547222,72.417500,0, ,0.0,0.0,0.0,0.0,2,13000,0,0,0,0,0,0
TF,SUMEB,33.491111,72.574583,0, ,0.0,0.0,0.0,0.0,2,11000,0,0,0,0,0,0
TF,IS414,33.458972,72.801500,0, ,0.0,0.0,0.0,0.0,2,8000,0,0,0,0,0,0
TF,ISBAX,33.427222,73.022917,0, ,0.0,0.0,0.0,0.0,2,5000,0,1,220,0,0,0
TF,RENUX,33.514000,73.042278,0, ,0.0,0.0,0.0,0.0,2,3700,0,0,0,0,1,0

FINAL,R28L,28L,R,3
IF,RENUX,33.514000,73.042278, ,0.0,0.0,2,3700,0,0,0,0,0,0
TF,IS411,33.526694,72.961944,0, ,0.0,0.0,279.0,4.1,1,3700,0,0,0,0,2,0
TF,RW28L,33.545117,72.844825,0, ,0.0,0.0,279.0,6.0,1,1802,0,0,0,0,3,1
TF,IS409,33.555639,72.777444,0, ,0.0,0.0,0.0,0.0,0,0,0,0,0,0,0,1
VA,0,240.0,2,3500,0,0,0,0,0,0
VM,0,0,1,100.0,1,4500,0,0,0,0,0,0

APPTR,R28R,28R,ISDUR
IF,ISDUR,33.407500,73.159167, ,0.0,0.0,1,6000,0,1,220,0,1,0
TF,RENUX,33.514000,73.042278,0, ,0.0,0.0,0.0,0.0,2,3700,0,0,0,0,1,0

APPTR,R28R,28R,KALMI
IF,KALMI,33.548333,72.025556, ,0.0,0.0,1,17000,0,0,0,0,1,0
TF,KIMUL,33.547222,72.417500,0, ,0.0,0.0,0.0,0.0,2,13000,0,0,0,0,0,0
TF,SUMEB,33.491111,72.574583,0, ,0.0,0.0,0.0,0.0,2,11000,0,0,0,0,0,0
TF,IS414,33.458972,72.801500,0, ,0.0,0.0,0.0,0.0,2,8000,0,0,0,0,0,0
TF,ISBAX,33.427222,73.022917,0, ,0.0,0.0,0.0,0.0,2,5000,0,1,220,0,0,0
TF,RENUX,33.514000,73.042278,0, ,0.0,0.0,0.0,0.0,2,3700,0,0,0,0,1,0

FINAL,R28R,28R,R,3
IF,RENUX,33.514000,73.042278, ,0.0,0.0,2,3700,0,0,0,0,0,0
TF,IS410,33.528556,72.962194,0, ,0.0,0.0,279.0,4.1,1,3700,0,0,0,0,2,0
TF,RW28R,33.546978,72.845242,0, ,0.0,0.0,279.0,6.0,1,1805,0,0,0,0,3,1
TF,IS409,33.555639,72.777444,0, ,0.0,0.0,0.0,0.0,0,0,0,0,0,0,0,1
VA,0,240.0,2,3500,0,0,0,0,0,0
VM,0,0,1,100.0,1,4500,0,0,0,0,0,0

APPTR,S10L,10L,BTR
IF,BTR,33.544317,72.856067, ,0.0,0.0,2,6000,0,0,0,0,1,0
FD,BTR,33.544317,72.856067,0,BTR,0.0,12.0,260.0,12.0,0,0,0,0,0,0,0,0
CF,FD10L,33.571286,72.689631,2,BTR,279.0,8.5,99.0,4.0,1,3700,0,0,0,0,0,0

APPTR,S10L,10L,ISDUR
IF,ISDUR,33.407500,73.159167, ,0.0,0.0,1,10000,0,0,0,0,0,0
TF,BTR,33.544317,72.856067,0, ,0.0,0.0,0.0,0.0,2,6000,0,0,0,0,0,0
FD,BTR,33.544317,72.856067,0,BTR,0.0,12.0,260.0,12.0,0,0,0,0,0,0,0,0
CF,FD10L,33.571286,72.689631,2,BTR,279.0,8.5,99.0,4.0,1,3700,0,0,0,0,0,0

FINAL,S10L,10L,D,2
IF,FD10L,33.571286,72.689631,BTR,279.0,8.5,1,3700,0,0,0,0,2,0
CF,MD10L,33.553858,72.797336,0,BTR,279.0,3.0,99.0,5.5,1,1933,0,0,0,0,3,0
CF,BTR,33.544317,72.856067,0,BTR,0.0,0.0,99.0,3.0,0,0,0,0,0,0,0,0
FD,BTR,33.544317,72.856067,0,BTR,0.0,1.5,110.0,1.5,0,0,0,0,0,0,0,0
CI,0, ,0.0,190.0,0,0,0,0,0,0,0,0
FM,BTR,33.544317,72.856067,0,BTR,0.0,0.0,175.0,1,4500,0,0,0,0,0,0

APPTR,S10R,10R,BTR
IF,BTR,33.544317,72.856067, ,0.0,0.0,2,6000,0,0,0,0,1,0
FD,BTR,33.544317,72.856067,0,BTR,0.0,12.0,260.0,12.0,0,0,0,0,0,0,0,0
CF,FD10R,33.568850,72.689094,2,BTR,278.0,8.5,98.0,4.0,1,3700,0,0,0,0,0,0

APPTR,S10R,10R,ISDUR
IF,ISDUR,33.407500,73.159167, ,0.0,0.0,1,10000,0,0,0,0,0,0
TF,BTR,33.544317,72.856067,0, ,0.0,0.0,0.0,0.0,2,6000,0,0,0,0,0,0
FD,BTR,33.544317,72.856067,0,BTR,0.0,12.0,260.0,12.0,0,0,0,0,0,0,0,0
CF,FD10R,33.568850,72.689094,2,BTR,278.0,8.5,98.0,4.0,1,3700,0,0,0,0,0,0

FINAL,S10R,10R,D,2
IF,FD10R,33.568850,72.689094,BTR,278.0,8.5,1,3700,0,0,0,0,2,0
CF,MD10R,33.553000,72.797144,0,BTR,278.0,3.0,98.0,5.5,1,1935,0,0,0,0,3,0
CF,BTR,33.544317,72.856067,0,BTR,0.0,0.0,98.0,3.0,0,0,0,0,0,0,0,0
FD,BTR,33.544317,72.856067,0,BTR,0.0,1.5,110.0,1.5,0,0,0,0,0,0,0,0
CI,0, ,0.0,190.0,0,0,0,0,0,0,0,0
FM,BTR,33.544317,72.856067,0,BTR,0.0,0.0,175.0,1,4500,0,0,0,0,0,0

APPTR,S28L,28L,ISDUR
IF,ISDUR,33.407500,73.159167, ,0.0,0.0,1,6000,0,0,0,0,0,0
CF,D099O,33.497144,73.143656,0,BTR,99.0,14.7,350.0,5.4,2,5000,0,0,0,0,1,0
CF,FD2LR,33.527067,72.961747,0,BTR,99.0,5.4,279.0,9.3,1,3700,0,0,0,0,0,0

APPTR,S28L,28L,KIMUL
IF,KIMUL,33.547222,72.417500, ,0.0,0.0,0,0,0,0,0,0,0,0
TF,BTR,33.544317,72.856067,0, ,0.0,0.0,0.0,0.0,1,6000,0,0,0,0,0,0
FD,BTR,33.544317,72.856067,0,BTR,0.0,10.0,120.0,10.0,0,0,0,0,0,0,0,0
CF,FD2LR,33.527067,72.961747,1,BTR,99.0,5.4,279.0,5.0,1,3700,0,0,0,0,0,0

FINAL,S28L,28L,D,2
IF,FD2LR,33.527067,72.961747,BTR,99.0,5.4,1,3700,0,0,0,0,2,0
CF,BTR,33.544317,72.856067,0,BTR,0.0,0.0,279.0,5.4,1,1984,0,0,0,0,3,0
FD,BTR,33.544317,72.856067,0,BTR,0.0,4.0,279.0,4.0,0,0,0,0,0,0,0,0
VA,0,240.0,2,3500,0,0,0,0,0,0
VM,0,0,1,100.0,1,4500,0,0,0,0,0,0

APPTR,S28R,28R,ISDUR
IF,ISDUR,33.407500,73.159167, ,0.0,0.0,1,6000,0,0,0,0,0,0
CF,D099O,33.497144,73.143656,0,BTR,99.0,14.7,350.0,5.4,2,5000,0,0,0,0,1,0
CF,FD2LR,33.527067,72.961747,0,BTR,99.0,5.4,279.0,9.3,1,3700,0,0,0,0,0,0

APPTR,S28R,28R,KIMUL
IF,KIMUL,33.547222,72.417500, ,0.0,0.0,0,0,0,0,0,0,0,0
TF,BTR,33.544317,72.856067,0, ,0.0,0.0,0.0,0.0,1,6000,0,0,0,0,0,0
FD,BTR,33.544317,72.856067,0,BTR,0.0,10.0,120.0,10.0,0,0,0,0,0,0,0,0
CF,FD2LR,33.527067,72.961747,1,BTR,99.0,5.4,279.0,5.0,1,3700,0,0,0,0,0,0

FINAL,S28R,28R,D,2
IF,FD2LR,33.527067,72.961747,BTR,99.0,5.4,1,3700,0,0,0,0,2,0
CF,BTR,33.544317,72.856067,0,BTR,0.0,0.0,279.0,5.4,1,1981,0,0,0,0,3,0
FD,BTR,33.544317,72.856067,0,BTR,0.0,4.0,279.0,4.0,0,0,0,0,0,0,0,0
VA,0,240.0,2,3500,0,0,0,0,0,0
VM,0,0,1,100.0,1,4500,0,0,0,0,0,0

