SID,BADU1D,25L,5
CA,0,253.0,2,700,0,0,0,0,0,0
DF,KC509,25.104167,67.358333,2, ,0.0,0.0,3,7000,0,1,230,0,0,0
TF,BADUL,25.228889,67.473611,0, ,0.0,0.0,0.0,0.0,0,0,0,0,0,0,0,0

SID,BADU1D,25R,5
CA,0,253.0,2,700,0,0,0,0,0,0
DF,KC509,25.104167,67.358333,2, ,0.0,0.0,3,7000,0,1,230,0,0,0
TF,BADUL,25.228889,67.473611,0, ,0.0,0.0,0.0,0.0,0,0,0,0,0,0,0,0

SID,BADU3A,25L,2
CA,0,254.0,2,1000,0,0,0,0,0,0
DF,KC,24.911961,67.181642,1, ,0.0,0.0,0,0,0,0,0,0,0,0
TF,D040O,25.104144,67.358444,0, ,0.0,0.0,0.0,0.0,3,7000,0,0,0,0,0,0
TF,BADUL,25.228889,67.473611,0, ,0.0,0.0,0.0,0.0,0,0,0,0,0,0,0,0

SID,BADU3A,25R,2
CA,0,254.0,2,1000,0,0,0,0,0,0
DF,KC,24.911961,67.181642,1, ,0.0,0.0,0,0,0,0,0,0,0,0
TF,D040O,25.104144,67.358444,0, ,0.0,0.0,0.0,0.0,3,7000,0,0,0,0,0,0
TF,BADUL,25.228889,67.473611,0, ,0.0,0.0,0.0,0.0,0,0,0,0,0,0,0,0

SID,BADU3B,07L,2
CA,0,74.0,2,700,0,0,0,0,0,0
CF,D040O,25.104144,67.358444,0,KC,39.9,15.0,40.0,14.0,3,7000,0,0,0,0,0,0
TF,BADUL,25.228889,67.473611,0, ,0.0,0.0,0.0,0.0,0,0,0,0,0,0,0,0

SID,BADU3B,07R,2
CA,0,74.0,2,700,0,0,0,0,0,0
CF,D040O,25.104144,67.358444,0,KC,39.9,15.0,40.0,14.0,3,7000,0,0,0,0,0,0
TF,BADUL,25.228889,67.473611,0, ,0.0,0.0,0.0,0.0,0,0,0,0,0,0,0,0

SID,BADU3C,25L,2
CD, ,0,0,0,KC,0,0.0,254.0,4.0,2,700,0,0,0,0,0,0
CD, ,0,0,2,KC,0,0.0,60.0,15.0,3,7000,0,0,0,0,0,0
CF,BADUL,25.228889,67.473611,0,KC,39.9,24.8,40.0,12.0,0,0,0,0,0,0,0,0

SID,BADU3C,25R,2
CD, ,0,0,0,KC,0,0.0,254.0,4.0,2,700,0,0,0,0,0,0
CD, ,0,0,2,KC,0,0.0,60.0,15.0,3,7000,0,0,0,0,0,0
CF,BADUL,25.228889,67.473611,0,KC,39.9,24.8,40.0,12.0,0,0,0,0,0,0,0,0

SID,DANG1C,25L,5
CA,0,253.0,2,1000,0,0,0,0,0,0
DF,DANGI,24.713333,67.581111,1, ,0.0,0.0,3,7000,0,0,0,0,0,0

SID,DANG1C,25R,5
CA,0,253.0,2,1000,0,0,0,0,0,0
DF,DANGI,24.713333,67.581111,1, ,0.0,0.0,3,7000,0,0,0,0,0,0

SID,DANG1D,07R,5
CF,KC507,24.921917,67.226583,0,KC,75.3,2.5,73.0,3.0,0,0,0,0,0,0,0,1
DF,DANGI,24.713333,67.581111,0, ,0.0,0.0,3,7000,0,0,0,0,0,0

SID,DANG1E,07L,5
CF,KC508,24.925583,67.229972,0,KC,71.8,2.8,73.0,3.0,0,0,0,0,0,0,0,1
DF,DANGI,24.713333,67.581111,0, ,0.0,0.0,3,7000,0,0,0,0,0,0

SID,DANG3A,25L,2
CA,0,254.0,2,1000,0,0,0,0,0,0
CI,1, ,0.0,100.0,0,0,0,0,0,0,0,0
CF,DANGI,24.713333,67.581111,0,KC,117.9,24.8,118.0,11.0,3,7000,0,0,0,0,0,0

SID,DANG3A,25R,2
CA,0,254.0,2,1000,0,0,0,0,0,0
CI,1, ,0.0,100.0,0,0,0,0,0,0,0,0
CF,DANGI,24.713333,67.581111,0,KC,117.9,24.8,118.0,11.0,3,7000,0,0,0,0,0,0

SID,DANG3B,07L,2
CA,0,74.0,2,700,0,0,0,0,0,0
CI,0, ,0.0,150.0,0,0,0,0,0,0,0,0
CF,DANGI,24.713333,67.581111,0,KC,117.9,24.8,118.0,24.0,3,7000,0,0,0,0,0,0

SID,DANG3B,07R,2
CA,0,74.0,2,700,0,0,0,0,0,0
CI,0, ,0.0,150.0,0,0,0,0,0,0,0,0
CF,DANGI,24.713333,67.581111,0,KC,117.9,24.8,118.0,24.0,3,7000,0,0,0,0,0,0

SID,MELO1F,25L,5
CA,0,253.0,2,1000,0,0,0,0,0,0
DF,VIRUK,24.779167,66.995833,1, ,0.0,0.0,0,0,0,1,230,0,0,0
TF,LELAP,24.800000,66.800000,0, ,0.0,0.0,0.0,0.0,2,5500,0,0,0,0,0,0
TF,MELOM,25.059444,66.526111,0, ,0.0,0.0,0.0,0.0,0,0,0,0,0,0,0,0

SID,MELO1F,25R,5
CA,0,253.0,2,1000,0,0,0,0,0,0
DF,VIRUK,24.779167,66.995833,1, ,0.0,0.0,0,0,0,1,230,0,0,0
TF,LELAP,24.800000,66.800000,0, ,0.0,0.0,0.0,0.0,2,5500,0,0,0,0,0,0
TF,MELOM,25.059444,66.526111,0, ,0.0,0.0,0.0,0.0,0,0,0,0,0,0,0,0

SID,MELO1G,25L,5
CA,0,253.0,2,1000,0,0,0,0,0,0
DF,VIRUK,24.779167,66.995833,1, ,0.0,0.0,0,0,0,1,230,0,0,0
TF,LELAP,24.800000,66.800000,0, ,0.0,0.0,0.0,0.0,2,5500,0,0,0,0,0,0
TF,MELOM,25.059444,66.526111,0, ,0.0,0.0,0.0,0.0,3,17000,0,0,0,0,0,0

SID,MELO1G,25R,5
CA,0,253.0,2,1000,0,0,0,0,0,0
DF,VIRUK,24.779167,66.995833,1, ,0.0,0.0,0,0,0,1,230,0,0,0
TF,LELAP,24.800000,66.800000,0, ,0.0,0.0,0.0,0.0,2,5500,0,0,0,0,0,0
TF,MELOM,25.059444,66.526111,0, ,0.0,0.0,0.0,0.0,3,17000,0,0,0,0,0,0

SID,MELO1H,07R,5
CF,KC507,24.921917,67.226583,0,KC,75.3,2.5,73.0,3.0,0,0,0,0,0,0,0,1
DF,KC506,24.750000,67.300000,2, ,0.0,0.0,3,5000,0,0,0,0,0,0
TF,KC505,24.688611,67.047972,0, ,0.0,0.0,0.0,0.0,2,7000,0,0,0,0,0,0
TF,LELAP,24.800000,66.800000,0, ,0.0,0.0,0.0,0.0,0,0,0,0,0,0,0,0
TF,MELOM,25.059444,66.526111,0, ,0.0,0.0,0.0,0.0,0,0,0,0,0,0,0,0

SID,MELO1J,07R,5
CF,KC507,24.921917,67.226583,0,KC,75.3,2.5,73.0,3.0,0,0,0,0,0,0,0,1
DF,KC506,24.750000,67.300000,2, ,0.0,0.0,3,5000,0,0,0,0,0,0
TF,KC505,24.688611,67.047972,0, ,0.0,0.0,0.0,0.0,2,7000,0,0,0,0,0,0
TF,LELAP,24.800000,66.800000,0, ,0.0,0.0,0.0,0.0,0,0,0,0,0,0,0,0
TF,MELOM,25.059444,66.526111,0, ,0.0,0.0,0.0,0.0,3,17000,0,0,0,0,0,0

SID,MELO1L,07L,5
CF,KC508,24.925583,67.229972,0,KC,71.8,2.8,73.0,3.0,0,0,0,0,0,0,0,1
DF,KC506,24.750000,67.300000,2, ,0.0,0.0,3,5000,0,0,0,0,0,0
TF,KC505,24.688611,67.047972,0, ,0.0,0.0,0.0,0.0,2,7000,0,0,0,0,0,0
TF,LELAP,24.800000,66.800000,0, ,0.0,0.0,0.0,0.0,0,0,0,0,0,0,0,0
TF,MELOM,25.059444,66.526111,0, ,0.0,0.0,0.0,0.0,0,0,0,0,0,0,0,0

SID,MELO1M,07L,5
CF,KC508,24.925583,67.229972,0,KC,71.8,2.8,73.0,3.0,0,0,0,0,0,0,0,1
DF,KC506,24.750000,67.300000,2, ,0.0,0.0,3,5000,0,0,0,0,0,0
TF,KC505,24.688611,67.047972,0, ,0.0,0.0,0.0,0.0,2,7000,0,0,0,0,0,0
TF,LELAP,24.800000,66.800000,0, ,0.0,0.0,0.0,0.0,0,0,0,0,0,0,0,0
TF,MELOM,25.059444,66.526111,0, ,0.0,0.0,0.0,0.0,3,17000,0,0,0,0,0,0

SID,MELO3A,25L,2
CA,0,254.0,2,1000,0,0,0,0,0,0
CI,0, ,0.0,200.0,0,0,0,0,0,0,0,0
CF,BEGIM,24.717500,67.000278,0,KC,220.4,15.3,220.0,10.0,2,5000,0,0,0,0,0,0
TF,MELOM,25.059444,66.526111,2, ,0.0,0.0,0.0,0.0,0,0,0,0,0,0,0,0

SID,MELO3A,25R,2
CA,0,254.0,2,1000,0,0,0,0,0,0
CI,0, ,0.0,200.0,0,0,0,0,0,0,0,0
CF,BEGIM,24.717500,67.000278,0,KC,220.4,15.3,220.0,10.0,2,5000,0,0,0,0,0,0
TF,MELOM,25.059444,66.526111,2, ,0.0,0.0,0.0,0.0,0,0,0,0,0,0,0,0

SID,MELO3B,25L,2
CA,0,254.0,2,1000,0,0,0,0,0,0
CI,0, ,0.0,200.0,0,0,0,0,0,0,0,0
CF,BEGIM,24.717500,67.000278,0,KC,220.4,15.3,220.0,10.0,2,5000,0,0,0,0,0,0
TF,MELOM,25.059444,66.526111,2, ,0.0,0.0,0.0,0.0,3,17000,0,0,0,0,0,0

SID,MELO3B,25R,2
CA,0,254.0,2,1000,0,0,0,0,0,0
CI,0, ,0.0,200.0,0,0,0,0,0,0,0,0
CF,BEGIM,24.717500,67.000278,0,KC,220.4,15.3,220.0,10.0,2,5000,0,0,0,0,0,0
TF,MELOM,25.059444,66.526111,2, ,0.0,0.0,0.0,0.0,3,17000,0,0,0,0,0,0

SID,MELO3D,07L,2
CA,0,74.0,2,700,0,0,0,0,0,0
CI,2, ,0.0,240.0,0,0,0,0,0,0,0,0
CF,BEGIM,24.717500,67.000278,0,KC,220.4,15.3,220.0,6.0,2,5000,0,0,0,0,0,0
TF,MELOM,25.059444,66.526111,2, ,0.0,0.0,0.0,0.0,0,0,0,0,0,0,0,0

SID,MELO3D,07R,2
CA,0,74.0,2,700,0,0,0,0,0,0
CI,2, ,0.0,240.0,0,0,0,0,0,0,0,0
CF,BEGIM,24.717500,67.000278,0,KC,220.4,15.3,220.0,6.0,2,5000,0,0,0,0,0,0
TF,MELOM,25.059444,66.526111,2, ,0.0,0.0,0.0,0.0,0,0,0,0,0,0,0,0

SID,MELO3E,07L,2
CA,0,74.0,2,700,0,0,0,0,0,0
CI,2, ,0.0,240.0,0,0,0,0,0,0,0,0
CF,BEGIM,24.717500,67.000278,0,KC,220.4,15.3,220.0,6.0,2,5000,0,0,0,0,0,0
TF,MELOM,25.059444,66.526111,2, ,0.0,0.0,0.0,0.0,3,17000,0,0,0,0,0,0

SID,MELO3E,07R,2
CA,0,74.0,2,700,0,0,0,0,0,0
CI,2, ,0.0,240.0,0,0,0,0,0,0,0,0
CF,BEGIM,24.717500,67.000278,0,KC,220.4,15.3,220.0,6.0,2,5000,0,0,0,0,0,0
TF,MELOM,25.059444,66.526111,2, ,0.0,0.0,0.0,0.0,3,17000,0,0,0,0,0,0

SID,NIRO1C,25L,5
CA,0,253.0,2,1000,0,0,0,0,0,0
DF,NIROL,24.583333,67.433333,1, ,0.0,0.0,3,7000,0,0,0,0,0,0

SID,NIRO1C,25R,5
CA,0,253.0,2,1000,0,0,0,0,0,0
DF,NIROL,24.583333,67.433333,1, ,0.0,0.0,3,7000,0,0,0,0,0,0

SID,NIRO1D,07R,5
CF,KC507,24.921917,67.226583,0,KC,75.3,2.5,73.0,3.0,0,0,0,0,0,0,0,1
DF,NIROL,24.583333,67.433333,0, ,0.0,0.0,3,7000,0,0,0,0,0,0

SID,NIRO1E,07L,5
CF,KC508,24.925583,67.229972,0,KC,71.8,2.8,73.0,3.0,0,0,0,0,0,0,0,1
DF,NIROL,24.583333,67.433333,0, ,0.0,0.0,3,7000,0,0,0,0,0,0

SID,NIRO3A,25L,2
CA,0,254.0,2,1000,0,0,0,0,0,0
CI,1, ,0.0,120.0,0,0,0,0,0,0,0,0
CF,NIROL,24.583333,67.433333,0,KC,145.0,24.0,145.0,15.0,3,7000,0,0,0,0,0,0

SID,NIRO3A,25R,2
CA,0,254.0,2,1000,0,0,0,0,0,0
CI,1, ,0.0,120.0,0,0,0,0,0,0,0,0
CF,NIROL,24.583333,67.433333,0,KC,145.0,24.0,145.0,15.0,3,7000,0,0,0,0,0,0

SID,NIRO3B,07L,2
CA,0,74.0,2,700,0,0,0,0,0,0
CI,2, ,0.0,180.0,0,0,0,0,0,0,0,0
CF,NIROL,24.583333,67.433333,0,KC,145.0,24.0,145.0,23.0,3,7000,0,0,0,0,0,0

SID,NIRO3B,07R,2
CA,0,74.0,2,700,0,0,0,0,0,0
CI,2, ,0.0,180.0,0,0,0,0,0,0,0,0
CF,NIROL,24.583333,67.433333,0,KC,145.0,24.0,145.0,23.0,3,7000,0,0,0,0,0,0

SID,PUNA1B,07L,2
CA,0,74.0,2,500,0,0,0,0,0,0
CF,PUNAM,25.017222,67.616944,0,KC,75.1,24.6,75.0,24.0,0,0,0,0,0,0,0,0

SID,PUNA1B,07R,2
CA,0,74.0,2,500,0,0,0,0,0,0
CF,PUNAM,25.017222,67.616944,0,KC,75.1,24.6,75.0,24.0,0,0,0,0,0,0,0,0

SID,PUNA3A,25L,2
CA,0,254.0,2,1000,0,0,0,0,0,0
VI,1, ,0.0,30.0,0,0,0,0,0,0,0,0
CF,PUNAM,25.017222,67.616944,0,KC,75.1,24.6,75.0,24.0,0,0,0,0,0,0,0,0

SID,PUNA3A,25R,2
CA,0,254.0,2,1000,0,0,0,0,0,0
VI,1, ,0.0,30.0,0,0,0,0,0,0,0,0
CF,PUNAM,25.017222,67.616944,0,KC,75.1,24.6,75.0,24.0,0,0,0,0,0,0,0,0

STAR,CHOR1B,25L,5
IF,CHORE,25.520000,69.770833, ,0.0,0.0,0,0,0,0,0,0,0,0
TF,DOVDO,25.242778,68.564167,0, ,0.0,0.0,0.0,0.0,0,0,0,0,0,0,0,0
TF,PUNAM,25.017222,67.616944,0, ,0.0,0.0,0.0,0.0,0,0,0,0,0,0,0,0
TF,MAKLI,24.976389,67.446389,0, ,0.0,0.0,0.0,0.0,0,0,0,0,0,0,0,0
TF,SABEN,24.959444,67.376389,0, ,0.0,0.0,0.0,0.0,1,3000,0,1,230,0,0,0

STAR,CHOR1B,25R,5
IF,CHORE,25.520000,69.770833, ,0.0,0.0,0,0,0,0,0,0,0,0
TF,DOVDO,25.242778,68.564167,0, ,0.0,0.0,0.0,0.0,0,0,0,0,0,0,0,0
TF,PUNAM,25.017222,67.616944,0, ,0.0,0.0,0.0,0.0,0,0,0,0,0,0,0,0
TF,MAKLI,24.976389,67.446389,0, ,0.0,0.0,0.0,0.0,0,0,0,0,0,0,0,0
TF,SABEN,24.959444,67.376389,0, ,0.0,0.0,0.0,0.0,1,3000,0,1,230,0,0,0

STAR,DOST1D,25L,5
IF,DOSTI,25.966944,65.050278, ,0.0,0.0,0,0,0,0,0,0,0,0
TF,KAJAL,25.199444,66.609722,0, ,0.0,0.0,0.0,0.0,0,0,0,0,0,0,0,0
TF,KC,24.911961,67.181642,0, ,0.0,0.0,0.0,0.0,0,0,0,0,0,0,0,0
TF,KC502,24.836389,67.321667,0, ,0.0,0.0,0.0,0.0,0,0,0,0,0,0,0,0
TF,AMJID,24.878889,67.400556,0, ,0.0,0.0,0.0,0.0,0,0,0,0,0,0,0,0
TF,SABEN,24.959444,67.376389,0, ,0.0,0.0,0.0,0.0,1,3000,0,1,230,0,0,0

STAR,DOST1D,25R,5
IF,DOSTI,25.966944,65.050278, ,0.0,0.0,0,0,0,0,0,0,0,0
TF,KAJAL,25.199444,66.609722,0, ,0.0,0.0,0.0,0.0,0,0,0,0,0,0,0,0
TF,KC,24.911961,67.181642,0, ,0.0,0.0,0.0,0.0,0,0,0,0,0,0,0,0
TF,KC502,24.836389,67.321667,0, ,0.0,0.0,0.0,0.0,0,0,0,0,0,0,0,0
TF,AMJID,24.878889,67.400556,0, ,0.0,0.0,0.0,0.0,0,0,0,0,0,0,0,0
TF,SABEN,24.959444,67.376389,0, ,0.0,0.0,0.0,0.0,1,3000,0,1,230,0,0,0

STAR,DOST1E,25L,5
IF,DOSTI,25.966944,65.050278, ,0.0,0.0,0,0,0,0,0,0,0,0
TF,KAJAL,25.199444,66.609722,0, ,0.0,0.0,0.0,0.0,3,17000,0,0,0,0,0,0
TF,KC503,25.073611,66.860556,0, ,0.0,0.0,0.0,0.0,2,14000,0,0,0,0,0,0
TF,KC,24.911961,67.181642,0, ,0.0,0.0,0.0,0.0,0,0,0,0,0,0,0,0
TF,KC502,24.836389,67.321667,0, ,0.0,0.0,0.0,0.0,0,0,0,0,0,0,0,0
TF,AMJID,24.878889,67.400556,0, ,0.0,0.0,0.0,0.0,0,0,0,0,0,0,0,0
TF,SABEN,24.959444,67.376389,0, ,0.0,0.0,0.0,0.0,1,3000,0,1,230,0,0,0

STAR,DOST1E,25R,5
IF,DOSTI,25.966944,65.050278, ,0.0,0.0,0,0,0,0,0,0,0,0
TF,KAJAL,25.199444,66.609722,0, ,0.0,0.0,0.0,0.0,3,17000,0,0,0,0,0,0
TF,KC503,25.073611,66.860556,0, ,0.0,0.0,0.0,0.0,2,14000,0,0,0,0,0,0
TF,KC,24.911961,67.181642,0, ,0.0,0.0,0.0,0.0,0,0,0,0,0,0,0,0
TF,KC502,24.836389,67.321667,0, ,0.0,0.0,0.0,0.0,0,0,0,0,0,0,0,0
TF,AMJID,24.878889,67.400556,0, ,0.0,0.0,0.0,0.0,0,0,0,0,0,0,0,0
TF,SABEN,24.959444,67.376389,0, ,0.0,0.0,0.0,0.0,1,3000,0,1,230,0,0,0

STAR,DOST2A,ALL,2
IF,DOSTI,25.966944,65.050278, ,0.0,0.0,0,0,0,0,0,0,0,0
TF,KAJAL,25.199444,66.609722,0, ,0.0,0.0,0.0,0.0,0,0,0,0,0,0,0,0
TF,D299T,25.073786,66.860572,0, ,0.0,0.0,0.0,0.0,0,0,0,0,0,0,0,0
TF,KC,24.911961,67.181642,0, ,0.0,0.0,0.0,0.0,0,0,0,0,0,0,0,0
FD,KC,24.911961,67.181642,0,KC,0.0,18.0,90.0,18.0,0,0,0,0,0,0,0,0
VI,1, ,0.0,285.0,0,0,0,0,0,0,0,0
CF,MAKLI,24.976389,67.446389,0,KC,75.0,14.9,255.0,3.0,0,0,0,0,0,0,0,0

STAR,DOST2B,ALL,2
IF,DOSTI,25.966944,65.050278, ,0.0,0.0,0,0,0,0,0,0,0,0
TF,KAJAL,25.199444,66.609722,0, ,0.0,0.0,0.0,0.0,3,17000,0,0,0,0,0,0
TF,D299T,25.073786,66.860572,0, ,0.0,0.0,0.0,0.0,2,14000,0,0,0,0,0,0
TF,KC,24.911961,67.181642,0, ,0.0,0.0,0.0,0.0,0,0,0,0,0,0,0,0
FD,KC,24.911961,67.181642,0,KC,0.0,18.0,90.0,18.0,0,0,0,0,0,0,0,0
VI,1, ,0.0,285.0,0,0,0,0,0,0,0,0
CF,MAKLI,24.976389,67.446389,0,KC,75.0,14.9,255.0,3.0,0,0,0,0,0,0,0,0

STAR,DOST2C,ALL,5
IF,DOSTI,25.966944,65.050278, ,0.0,0.0,0,0,0,0,0,0,0,0
TF,ANRIM,24.724722,66.500000,0, ,0.0,0.0,0.0,0.0,0,0,0,1,230,0,0,0

STAR,KE1A,ALL,2
IF,KE,25.520092,69.770906, ,0.0,0.0,0,0,0,0,0,0,0,0
TF,POTUP,25.367222,69.099722,0, ,0.0,0.0,0.0,0.0,0,0,0,0,0,0,0,0
TF,DOVDO,25.242778,68.564167,0, ,0.0,0.0,0.0,0.0,0,0,0,0,0,0,0,0
TF,PUNAM,25.017222,67.616944,0, ,0.0,0.0,0.0,0.0,0,0,0,0,0,0,0,0
TF,MAKLI,24.976389,67.446389,0, ,0.0,0.0,0.0,0.0,0,0,0,0,0,0,0,0

STAR,LAKI1B,25L,5
IF,LAKIV,24.528889,64.828889, ,0.0,0.0,0,0,0,0,0,0,0,0
TF,KC504,24.656667,66.566389,0, ,0.0,0.0,0.0,0.0,0,0,0,0,0,0,0,0
TF,KC505,24.688611,67.047972,0, ,0.0,0.0,0.0,0.0,0,0,0,0,0,0,0,0
TF,AMJID,24.878889,67.400556,0, ,0.0,0.0,0.0,0.0,0,0,0,0,0,0,0,0
TF,SABEN,24.959444,67.376389,0, ,0.0,0.0,0.0,0.0,1,3000,0,1,230,0,0,0

STAR,LAKI1B,25R,5
IF,LAKIV,24.528889,64.828889, ,0.0,0.0,0,0,0,0,0,0,0,0
TF,KC504,24.656667,66.566389,0, ,0.0,0.0,0.0,0.0,0,0,0,0,0,0,0,0
TF,KC505,24.688611,67.047972,0, ,0.0,0.0,0.0,0.0,0,0,0,0,0,0,0,0
TF,AMJID,24.878889,67.400556,0, ,0.0,0.0,0.0,0.0,0,0,0,0,0,0,0,0
TF,SABEN,24.959444,67.376389,0, ,0.0,0.0,0.0,0.0,1,3000,0,1,230,0,0,0

STAR,LAKI1C,25L,5
IF,LAKIV,24.528889,64.828889, ,0.0,0.0,0,0,0,0,0,0,0,0
TF,KC504,24.656667,66.566389,0, ,0.0,0.0,0.0,0.0,3,17000,0,0,0,0,0,0
TF,KC505,24.688611,67.047972,0, ,0.0,0.0,0.0,0.0,0,0,0,0,0,0,0,0
TF,AMJID,24.878889,67.400556,0, ,0.0,0.0,0.0,0.0,0,0,0,0,0,0,0,0
TF,SABEN,24.959444,67.376389,0, ,0.0,0.0,0.0,0.0,1,3000,0,1,230,0,0,0

STAR,LAKI1C,25R,5
IF,LAKIV,24.528889,64.828889, ,0.0,0.0,0,0,0,0,0,0,0,0
TF,KC504,24.656667,66.566389,0, ,0.0,0.0,0.0,0.0,3,17000,0,0,0,0,0,0
TF,KC505,24.688611,67.047972,0, ,0.0,0.0,0.0,0.0,0,0,0,0,0,0,0,0
TF,AMJID,24.878889,67.400556,0, ,0.0,0.0,0.0,0.0,0,0,0,0,0,0,0,0
TF,SABEN,24.959444,67.376389,0, ,0.0,0.0,0.0,0.0,1,3000,0,1,230,0,0,0

STAR,LAKI2A,ALL,5
IF,LAKIV,24.528889,64.828889, ,0.0,0.0,0,0,0,0,0,0,0,0
TF,ANRIM,24.724722,66.500000,0, ,0.0,0.0,0.0,0.0,0,0,0,1,230,0,0,0

STAR,LOTA2A,ALL,2
IF,LOTAT,24.617222,65.350556, ,0.0,0.0,0,0,0,0,0,0,0,0
TF,D260G,24.813664,66.543969,0, ,0.0,0.0,0.0,0.0,0,0,0,0,0,0,0,0
TF,KA,24.827933,66.664425,0, ,0.0,0.0,0.0,0.0,0,0,0,0,0,0,0,0
TF,BEGIM,24.717500,67.000278,0, ,0.0,0.0,0.0,0.0,0,0,0,0,0,0,0,0
TF,KC,24.911961,67.181642,0, ,0.0,0.0,0.0,0.0,0,0,0,0,0,0,0,0
TF,D060R,25.060675,67.462772,0, ,0.0,0.0,0.0,0.0,0,0,0,0,0,0,0,1
CF,MAKLI,24.976389,67.446389,2,KC,75.0,14.9,255.0,4.0,0,0,0,0,0,0,0,0

STAR,LOTA2B,ALL,2
IF,LOTAT,24.617222,65.350556, ,0.0,0.0,0,0,0,0,0,0,0,0
TF,D260G,24.813664,66.543969,0, ,0.0,0.0,0.0,0.0,3,17000,0,0,0,0,0,0
TF,KA,24.827933,66.664425,0, ,0.0,0.0,0.0,0.0,0,0,0,0,0,0,0,0
TF,BEGIM,24.717500,67.000278,0, ,0.0,0.0,0.0,0.0,0,0,0,0,0,0,0,0
TF,KC,24.911961,67.181642,0, ,0.0,0.0,0.0,0.0,0,0,0,0,0,0,0,0
FD,KC,24.911961,67.181642,0,KC,0.0,18.0,60.0,18.0,0,0,0,0,0,0,0,0
CF,MAKLI,24.976389,67.446389,2,KC,75.0,14.9,255.0,4.0,0,0,0,0,0,0,0,0

STAR,MINAR2,ALL,2
IF,MINAR,23.833889,68.000278, ,0.0,0.0,0,0,0,0,0,0,0,0
TF,NIROL,24.583333,67.433333,0, ,0.0,0.0,0.0,0.0,0,0,0,0,0,0,0,0
FD,NIROL,24.583333,67.433333,0,KC,145.0,22.0,325.0,22.0,0,0,0,0,0,0,0,0
VI,0, ,0.0,325.0,0,0,0,0,0,0,0,0
AF,D075T,24.996983,67.536414,1,KC,75.2,20.0,145.0,0,0,0,0,0,0,0,0
CF,MAKLI,24.976389,67.446389,0,KC,75.0,14.9,255.0,5.0,0,0,0,0,0,0,0,0

STAR,NH1C,25L,5
IF,NH,26.217636,68.385789, ,0.0,0.0,0,0,0,0,0,0,0,0
TF,MAKLI,24.976389,67.446389,0, ,0.0,0.0,0.0,0.0,0,0,0,0,0,0,0,0
TF,SABEN,24.959444,67.376389,0, ,0.0,0.0,0.0,0.0,1,3000,0,1,230,0,0,0

STAR,NH1C,25R,5
IF,NH,26.217636,68.385789, ,0.0,0.0,0,0,0,0,0,0,0,0
TF,MAKLI,24.976389,67.446389,0, ,0.0,0.0,0.0,0.0,0,0,0,0,0,0,0,0
TF,SABEN,24.959444,67.376389,0, ,0.0,0.0,0.0,0.0,1,3000,0,1,230,0,0,0

STAR,NH2A,ALL,2
IF,NH,26.217636,68.385789, ,0.0,0.0,0,0,0,0,0,0,0,0
TF,KC35A,25.062778,67.795278,0, ,0.0,0.0,0.0,0.0,0,0,0,0,0,0,0,0
TF,PUNAM,25.017222,67.616944,0, ,0.0,0.0,0.0,0.0,0,0,0,0,0,0,0,0
TF,MAKLI,24.976389,67.446389,0, ,0.0,0.0,0.0,0.0,0,0,0,0,0,0,0,0

STAR,NH2B,ALL,2
IF,NH,26.217636,68.385789, ,0.0,0.0,0,0,0,0,0,0,0,0
TF,BADUL,25.228889,67.473611,0, ,0.0,0.0,0.0,0.0,0,0,0,0,0,0,0,0
CR,0,KC,70.0,170.0,0,0,0,0,0,0,0,0
CF,MAKLI,24.976389,67.446389,0,KC,75.0,14.9,255.0,4.0,0,0,0,0,0,0,0,0

STAR,SAPNA1,25L,5
IF,SAPNA,23.500556,67.833333, ,0.0,0.0,0,0,0,0,0,0,0,0
TF,MINAR,23.833889,68.000278,0, ,0.0,0.0,0.0,0.0,0,0,0,0,0,0,0,0
TF,NIROL,24.583333,67.433333,0, ,0.0,0.0,0.0,0.0,0,0,0,0,0,0,0,0
TF,AMJID,24.878889,67.400556,0, ,0.0,0.0,0.0,0.0,0,0,0,0,0,0,0,0
TF,SABEN,24.959444,67.376389,0, ,0.0,0.0,0.0,0.0,1,3000,0,1,230,0,0,0

STAR,SAPNA1,25R,5
IF,SAPNA,23.500556,67.833333, ,0.0,0.0,0,0,0,0,0,0,0,0
TF,MINAR,23.833889,68.000278,0, ,0.0,0.0,0.0,0.0,0,0,0,0,0,0,0,0
TF,NIROL,24.583333,67.433333,0, ,0.0,0.0,0.0,0.0,0,0,0,0,0,0,0,0
TF,AMJID,24.878889,67.400556,0, ,0.0,0.0,0.0,0.0,0,0,0,0,0,0,0,0
TF,SABEN,24.959444,67.376389,0, ,0.0,0.0,0.0,0.0,1,3000,0,1,230,0,0,0

FINAL,D25LY,25L,D,2
IF,FD25,24.933569,67.270197,KC,74.0,5.0,2,1900,0,0,0,0,2,0
CF,KC,24.911961,67.181642,0,KC,0.0,0.0,254.0,5.0,1,271,0,0,0,0,3,0
FD,KC,24.911961,67.181642,0,KC,0.0,4.0,254.0,4.0,2,1000,0,0,0,0,0,0
VM,0,0,0,200.0,1,2000,0,0,0,0,0,0

FINAL,D25LZ,25L,D,2
IF,FD25,24.933569,67.270197,KC,74.0,5.0,2,1900,0,0,0,0,2,0
CF,KC,24.911961,67.181642,0,KC,0.0,0.0,254.0,5.0,1,271,0,0,0,0,3,0
FD,KC,24.911961,67.181642,0,KC,0.0,4.0,254.0,4.0,2,1000,0,0,0,0,0,0
VM,0,0,0,200.0,1,2000,0,0,0,0,0,0

FINAL,D25RY,25R,D,2
IF,FD25,24.933569,67.270197,KC,74.0,5.0,2,1800,0,0,0,0,2,0
CF,KC,24.911961,67.181642,0,KC,0.0,0.0,254.0,5.0,1,210,0,0,0,0,3,0
FD,KC,24.911961,67.181642,0,KC,0.0,4.0,254.0,4.0,2,1000,0,0,0,0,0,0
VM,0,0,0,200.0,1,2000,0,0,0,0,0,0

FINAL,D25RZ,25R,D,2
IF,FD25,24.933569,67.270197,KC,74.0,5.0,2,1800,0,0,0,0,2,0
CF,KC,24.911961,67.181642,0,KC,0.0,0.0,254.0,5.0,1,210,0,0,0,0,3,0
FD,KC,24.911961,67.181642,0,KC,0.0,4.0,254.0,4.0,2,1000,0,0,0,0,0,0
VM,0,0,0,200.0,1,2000,0,0,0,0,0,0

FINAL,I25LY,25L,I,3
IF,CI25L,24.944942,67.318761,IQA,73.6,10.2,1,2100,0,0,0,0,0,0
CF,FI2LY,24.936069,67.283400,0,IQA,73.6,8.2,254.0,2.0,1,2100,0,0,0,0,2,0
CF,RW25L,24.908831,67.175056,0,IQA,73.6,2.0,254.0,6.1,1,144,0,0,0,0,3,0
FD,RW25L,24.908831,67.175056,0,KC,241.5,4.0,254.0,4.0,2,1000,0,0,0,0,0,0
VM,0,0,0,200.0,1,2000,0,0,0,0,0,0

APPTR,I25LZ,25L,SABEN
IF,SABEN,24.959444,67.376389, ,0.0,0.0,1,3000,0,0,0,0,0,0
HF,SABEN,24.959444,67.376389,1, ,0.0,0.0,254.0,04.3,1,3000,0,1,230,0,0,0,0

FINAL,I25LZ,25L,I,3
IF,SABEN,24.959444,67.376389,IQA,73.5,13.4,1,3000,0,0,0,0,0,0
CF,FI2LZ,24.935183,67.279867,0,IQA,73.6,8.0,254.0,5.5,1,2000,0,0,0,0,2,0
CF,RW25L,24.908831,67.175056,0,IQA,73.6,2.0,254.0,5.9,1,144,0,0,0,0,3,0
FD,RW25L,24.908831,67.175056,0,IQA,0.0,4.0,254.0,4.0,0,0,0,0,0,0,0,0
VM,0,0,0,200.0,1,2000,0,0,0,0,0,0

APPTR,I25RX,25R,KO
IF,KO,24.929864,67.247128, ,0.0,0.0,2,3000,0,0,0,0,0,0
HF,KO,24.929864,67.247128,2, ,0.0,0.0,254.0,04.3,2,2100,0,0,0,0,0,0,0

FINAL,I25RX,25R,I,3
IF,CI25R,24.957117,67.355911,IKC,73.5,12.0,1,2100,0,0,0,0,0,0
CF,OM25R,24.929864,67.247128,0,IKC,73.5,5.9,254.0,6.1,1,1392,0,0,0,0,2,0
CF,RW25R,24.912414,67.178011,0,IKC,73.5,1.9,254.0,3.9,1,150,0,0,0,0,3,0
FD,RW25R,24.912414,67.178011,0,KC,276.8,2.5,254.0,2.5,0,0,0,0,0,0,0,0
VM,0,0,0,200.0,1,2000,0,0,0,0,0,0

FINAL,I25RY,25R,I,3
IF,CI25R,24.957117,67.355911,IKC,73.5,12.0,1,2100,0,0,0,0,0,0
CF,OM25R,24.929864,67.247128,0,IKC,73.5,5.9,254.0,6.2,1,1390,0,0,0,0,2,0
CF,RW25R,24.912414,67.178011,0,IKC,73.5,1.9,254.0,3.9,1,150,0,0,0,0,3,0
FD,RW25R,24.912414,67.178011,0,KC,276.8,4.0,254.0,4.0,2,1000,0,0,0,0,0,0
VM,0,0,0,200.0,1,2000,0,0,0,0,0,0

APPTR,I25RZ,25R,SABEN
IF,SABEN,24.959444,67.376389, ,0.0,0.0,1,3000,0,0,0,0,0,0
HF,SABEN,24.959444,67.376389,1, ,0.0,0.0,254.0,04.3,1,3000,0,1,230,0,0,0,0

FINAL,I25RZ,25R,I,3
IF,SABEN,24.959444,67.376389,IKC,74.3,13.1,1,3000,0,0,0,0,0,0
CF,FI25R,24.937131,67.280533,0,IKC,74.0,7.7,254.0,5.4,1,2000,0,0,0,0,2,0
CF,RW25R,24.912414,67.178011,0,IKC,73.5,1.9,254.0,5.8,1,150,0,0,0,0,3,0
FD,RW25R,24.912414,67.178011,0,KC,276.8,4.0,254.0,4.0,0,0,0,0,0,0,0,0
VM,0,0,0,200.0,1,2000,0,0,0,0,0,0

FINAL,N07LA,07L,N,2
IF,FN280,24.889661,67.349000,KC,0.0,0.0,2,2100,0,0,0,0,2,0
CF,KC,24.923278,67.160078,0,KC,0.0,0.0,280.0,10.5,1,900,0,0,0,0,3,1
VM,0,0,0,220.0,1,2000,0,0,0,0,0,0

FINAL,N07RA,07R,N,2
IF,FN280,24.889661,67.349000,KC,0.0,0.0,2,2100,0,0,0,0,2,0
CF,KC,24.923278,67.160078,0,KC,0.0,0.0,280.0,10.5,1,900,0,0,0,0,3,1
VM,0,0,0,220.0,1,2000,0,0,0,0,0,0

FINAL,N25LA,25L,N,2
IF,FN280,24.889661,67.349000,KC,0.0,0.0,2,2100,0,0,0,0,2,0
CF,KC,24.923278,67.160078,0,KC,0.0,0.0,280.0,10.5,1,900,0,0,0,0,3,1
VM,0,0,0,220.0,1,2000,0,0,0,0,0,0

FINAL,N25RA,25R,N,2
IF,FN280,24.889661,67.349000,KC,0.0,0.0,2,2100,0,0,0,0,2,0
CF,KC,24.923278,67.160078,0,KC,0.0,0.0,280.0,10.5,1,900,0,0,0,0,3,1
VM,0,0,0,220.0,1,2000,0,0,0,0,0,0

APPTR,R07L,07L,ANRIM
IF,ANRIM,24.724722,66.500000, ,0.0,0.0,2,9000,0,1,230,0,1,0
TF,GUMIL,24.759722,66.816667,0, ,0.0,0.0,0.0,0.0,2,6000,0,0,0,0,0,0
TF,VIRUK,24.779167,66.995833,0, ,0.0,0.0,0.0,0.0,2,3000,0,1,210,0,0,0
TF,KC602,24.838056,67.015556,0, ,0.0,0.0,0.0,0.0,2,2200,0,0,0,0,1,0

APPTR,R07L,07L,MAKLI
IF,MAKLI,24.976389,67.446389, ,0.0,0.0,2,8000,0,1,230,0,1,0
TF,NOMUS,24.820833,67.211944,0, ,0.0,0.0,0.0,0.0,2,6000,0,0,0,0,0,0
TF,KETIT,24.777778,67.040556,0, ,0.0,0.0,0.0,0.0,2,3000,0,1,210,0,0,0
TF,KC602,24.838056,67.015556,0, ,0.0,0.0,0.0,0.0,2,2200,0,0,0,0,1,0

FINAL,R07L,07L,R,3
IF,KC602,24.838056,67.015556, ,0.0,0.0,2,2200,0,0,0,0,0,0
TF,KC600,24.884000,67.065806,0, ,0.0,0.0,44.0,3.9,1,1600,0,1,185,0,2,0
TF,RW07L,24.904694,67.147506,0, ,0.0,0.0,74.0,4.6,1,127,0,0,0,0,3,1
TF,MAKLI,24.976389,67.446389,0, ,0.0,0.0,0.0,0.0,1,3000,0,1,230,0,0,0

APPTR,R07R,07R,ANRIM
IF,ANRIM,24.724722,66.500000, ,0.0,0.0,2,9000,0,1,230,0,1,0
TF,GUMIL,24.759722,66.816667,0, ,0.0,0.0,0.0,0.0,2,6000,0,0,0,0,0,0
TF,VIRUK,24.779167,66.995833,0, ,0.0,0.0,0.0,0.0,2,3000,0,1,210,0,0,0
TF,KC602,24.838056,67.015556,0, ,0.0,0.0,0.0,0.0,2,2200,0,0,0,0,1,0

APPTR,R07R,07R,MAKLI
IF,MAKLI,24.976389,67.446389, ,0.0,0.0,2,8000,0,1,230,0,1,0
TF,NOMUS,24.820833,67.211944,0, ,0.0,0.0,0.0,0.0,2,6000,0,0,0,0,0,0
TF,KETIT,24.777778,67.040556,0, ,0.0,0.0,0.0,0.0,2,3000,0,1,210,0,0,0
TF,KC602,24.838056,67.015556,0, ,0.0,0.0,0.0,0.0,2,2200,0,0,0,0,1,0

FINAL,R07R,07R,R,3
IF,KC602,24.838056,67.015556, ,0.0,0.0,2,2200,0,0,0,0,0,0
TF,KC601,24.879800,67.060542,0, ,0.0,0.0,44.0,3.5,1,1600,0,1,185,0,2,0
TF,RW07R,24.900597,67.142656,0, ,0.0,0.0,74.0,4.7,1,121,0,0,0,0,3,1
TF,MAKLI,24.976389,67.446389,0, ,0.0,0.0,0.0,0.0,1,3000,0,1,230,0,0,0

APPTR,R25L,25L,MAKL1
IF,MAKLI,24.976389,67.446389, ,0.0,0.0,1,8000,0,1,230,0,1,0
HF,MAKLI,24.976389,67.446389,1, ,0.0,0.0,255.0,04.3,2,3000,0,1,230,0,0,0,0
TF,SABEN,24.959444,67.376389,0, ,0.0,0.0,0.0,0.0,1,3000,0,0,0,0,1,0

APPTR,R25L,25L,MAKL2
IF,MAKLI,24.976389,67.446389, ,0.0,0.0,1,8000,0,1,230,0,1,0
HF,MAKLI,24.976389,67.446389,1, ,0.0,0.0,255.0,04.3,2,3000,0,1,230,0,0,0,0
TF,SABEN,24.959444,67.376389,0, ,0.0,0.0,0.0,0.0,1,3000,0,0,0,0,1,0

FINAL,R25L,25L,R,3
IF,SABEN,24.959444,67.376389, ,0.0,0.0,1,3000,0,0,0,0,0,0
TF,KC411,24.935000,67.278250,0, ,0.0,0.0,254.0,5.5,1,2000,0,0,0,0,2,0
TF,RW25L,24.908831,67.175056,0, ,0.0,0.0,253.0,5.8,1,144,0,0,0,0,3,1
TF,KC412,24.892722,67.111417,0, ,0.0,0.0,0.0,0.0,0,0,0,1,230,0,0,1
FM,KC412,24.892722,67.111417,1,KC,0.0,0.0,200.0,1,2000,0,0,0,0,0,0

APPTR,R25R,25R,MAKL1
IF,MAKLI,24.976389,67.446389, ,0.0,0.0,1,8000,0,1,230,0,1,0
HF,MAKLI,24.976389,67.446389,1, ,0.0,0.0,255.0,04.3,2,3000,0,0,0,0,0,0,0
TF,SABEN,24.959444,67.376389,0, ,0.0,0.0,0.0,0.0,1,3000,0,0,0,0,1,0

APPTR,R25R,25R,MAKL2
IF,MAKLI,24.976389,67.446389, ,0.0,0.0,1,8000,0,1,230,0,1,0
HF,MAKLI,24.976389,67.446389,1, ,0.0,0.0,255.0,04.3,2,3000,0,0,0,0,0,0,0
TF,SABEN,24.959444,67.376389,0, ,0.0,0.0,0.0,0.0,1,3000,0,0,0,0,1,0

FINAL,R25R,25R,R,3
IF,SABEN,24.959444,67.376389, ,0.0,0.0,1,3000,0,0,0,0,0,0
TF,KC401,24.938333,67.280667,0, ,0.0,0.0,255.0,5.4,1,2000,0,0,0,0,2,0
TF,RW25R,24.912414,67.178011,0, ,0.0,0.0,253.0,5.8,1,150,0,0,0,0,3,1
TF,KC402,24.895361,67.110639,0, ,0.0,0.0,0.0,0.0,0,0,0,1,230,0,0,1
FM,KC402,24.895361,67.110639,1,KC,0.0,0.0,200.0,1,2000,0,0,0,0,0,0

