APPTR,I09L,09L,RIGAK
IF,RIGAK,33.587783,42.422644, ,0.0,0.0,2,2900,0,0,0,0,1,0
AF,D253L,33.745506,42.208903,2,RAA,253.0,12.0,180.0,2,2900,0,0,0,0,0,0
VI,0,IRAA,0.0,54.0,0,0,0,0,0,0,0,0

FINAL,I09L,09L,I,3
IF,ROVUN,33.784153,42.203639,IRAA,263.5,13.8,2,2900,0,0,0,0,0,0
CF,NAGER,33.787289,42.336728,0,IRAA,263.5,7.2,84.0,6.7,1,2200,0,0,0,0,2,0
CF,RW09L,33.789489,42.432975,0,IRAA,263.5,2.3,84.0,4.8,1,648,0,0,0,0,3,0
CA,0,84.0,2,1020,0,0,0,0,0,0
DF,ITRIL,33.792456,42.574575,0, ,0.0,0.0,0,0,0,0,0,0,0,1
DF,RIGAK,33.587783,42.422644,2, ,0.0,0.0,2,2900,0,0,0,0,0,0
HM,RIGAK,33.587783,42.422644,2, ,0.0,0.0,360.0,05,3,7700,0,1,250,0,0,0,0

APPTR,I27R,27R,RIGAK
IF,RIGAK,33.587783,42.422644, ,0.0,0.0,2,2900,0,0,0,0,1,0
AF,D094L,33.755817,42.680433,1,RAA,94.0,12.0,180.0,2,2900,0,0,0,0,0,0
VI,0,ISAD,0.0,294.0,0,0,0,0,0,0,0,0

FINAL,I27R,27R,I,3
IF,RULAN,33.794625,42.683272,ISAD,83.5,12.7,2,2900,0,0,0,0,0,0
CF,ITRIL,33.792456,42.574575,0,ISAD,83.5,7.3,264.0,5.4,1,2200,0,0,0,0,2,0
CF,RW27R,33.790425,42.476153,0,ISAD,83.5,2.3,264.0,4.9,1,609,0,0,0,0,3,0
CA,0,264.0,2,1020,0,0,0,0,0,0
DF,NAGER,33.787289,42.336728,0, ,0.0,0.0,0,0,0,0,0,0,0,1
DF,RIGAK,33.587783,42.422644,1, ,0.0,0.0,2,2900,0,0,0,0,0,0
HM,RIGAK,33.587783,42.422644,2, ,0.0,0.0,360.0,09,3,3700,0,1,250,0,0,0,0

APPTR,R09L,09L,CEPOB
IF,CEPOB,33.656894,42.106447, ,0.0,0.0,2,6200,0,0,0,0,1,0
TF,WILLZ,33.784011,42.193103,0, ,0.0,0.0,0.0,0.0,2,3600,0,0,0,0,1,0

FINAL,R09L,09L,R,3
IF,WILLZ,33.784011,42.193103, ,0.0,0.0,2,3600,0,0,0,0,0,0
TF,ROLEE,33.786808,42.313036,0, ,0.0,0.0,83.0,6.0,2,2800,0,0,0,0,2,0
TF,RW09L,33.789489,42.432975,0, ,0.0,0.0,83.0,6.0,1,645,0,0,0,0,3,1
CA,0,83.0,2,1020,0,0,0,0,0,0
DF,CEPOB,33.656894,42.106447,2, ,0.0,0.0,2,6200,0,0,0,0,0,1
HM,CEPOB,33.656894,42.106447,2, ,0.0,0.0,360.0,07,3,14000,0,1,310,0,0,0,0

APPTR,R09R,09R,CEPOB
IF,CEPOB,33.656894,42.106447, ,0.0,0.0,2,6200,0,0,0,0,1,0
TF,DONAE,33.775011,42.180161,0, ,0.0,0.0,0.0,0.0,2,3500,0,0,0,0,1,0

FINAL,R09R,09R,R,3
IF,DONAE,33.775011,42.180161, ,0.0,0.0,2,3500,0,0,0,0,0,0
TF,GRWLR,33.778067,42.286322,0, ,0.0,0.0,83.0,5.3,2,2300,0,0,0,0,2,0
TF,RW09R,33.780783,42.406247,0, ,0.0,0.0,83.0,6.0,1,668,0,0,0,0,3,1
CA,0,83.0,2,1020,0,0,0,0,0,0
DF,CEPOB,33.656894,42.106447,2, ,0.0,0.0,2,6200,0,0,0,0,0,1
HM,CEPOB,33.656894,42.106447,2, ,0.0,0.0,360.0,07,3,14000,0,1,310,0,0,0,0

APPTR,R27L,27L,BLZRD
IF,BLZRD,33.671444,42.761458, ,0.0,0.0,2,6200,0,0,0,0,1,0
TF,DRAXY,33.786375,42.685778,0, ,0.0,0.0,0.0,0.0,2,3700,0,0,0,0,1,0

FINAL,R27L,27L,R,3
IF,DRAXY,33.786375,42.685778, ,0.0,0.0,2,3700,0,0,0,0,0,0
TF,NOTAE,33.784278,42.569356,0, ,0.0,0.0,264.0,5.8,2,2300,0,0,0,0,2,0
TF,RW27L,33.781731,42.449419,0, ,0.0,0.0,264.0,6.0,1,627,0,0,0,0,3,1
CA,0,264.0,2,1020,0,0,0,0,0,0
DF,BLZRD,33.671444,42.761458,1, ,0.0,0.0,2,6200,0,0,0,0,0,1
HM,BLZRD,33.671444,42.761458,2, ,0.0,0.0,360.0,07,3,14000,0,1,310,0,0,0,0

APPTR,R27R,27R,FLOGR
IF,FLOGR,33.680094,42.788222, ,0.0,0.0,2,6200,0,0,0,0,1,0
TF,MAZAM,33.795567,42.726056,0, ,0.0,0.0,0.0,0.0,2,3900,0,0,0,0,1,0

FINAL,R27R,27R,R,3
IF,MAZAM,33.795567,42.726056, ,0.0,0.0,2,3900,0,0,0,0,0,0
TF,HAMMR,33.792956,42.596103,0, ,0.0,0.0,264.0,6.5,2,2400,0,0,0,0,2,0
TF,RW27R,33.790425,42.476153,0, ,0.0,0.0,264.0,6.0,1,607,0,0,0,0,3,1
CA,0,264.0,2,1020,0,0,0,0,0,0
DF,FLOGR,33.680094,42.788222,1, ,0.0,0.0,2,6200,0,0,0,0,0,1
HM,FLOGR,33.680094,42.788222,2, ,0.0,0.0,360.0,07,3,14000,0,1,310,0,0,0,0

APPTR,T09L,09L,MUSUT
IF,MUSUT,33.504611,42.413981, ,0.0,0.0,2,3000,0,0,0,0,1,0
AF,KUVRA,33.816594,42.105311,2,RAA,271.0,17.0,180.0,0,0,0,0,0,0,0,0
CF,ORMUS,33.808103,42.204806,0,RAA,271.0,12.0,91.0,5.0,2,3000,0,0,0,0,1,0

FINAL,T09L,09L,D,3
IF,ORMUS,33.808103,42.204806,RAA,271.0,12.0,2,3000,0,0,0,0,0,0
CF,IMDUD,33.797803,42.324172,0,RAA,271.0,6.0,91.0,6.0,2,2400,0,0,0,0,2,0
CF,GIPSI,33.789133,42.423622,0,RAA,271.0,0.0,91.0,5.0,1,795,0,0,0,0,3,0
CA,0,91.0,2,1020,0,0,0,0,0,0
CF,KUVRA,33.816594,42.105311,2,RAA,271.0,17.0,271.0,17.0,2,3000,0,0,0,0,0,0

APPTR,T09R,09R,MUSUT
IF,MUSUT,33.504611,42.413981, ,0.0,0.0,2,3000,0,0,0,0,1,0
AF,ORGUV,33.739061,42.108622,2,RAA,255.3,17.0,180.0,0,0,0,0,0,0,0,0
CF,KUMUM,33.750514,42.187386,0,RAA,255.3,13.0,75.0,4.0,2,3000,0,0,0,0,1,0

FINAL,T09R,09R,D,3
IF,KUMUM,33.750514,42.187386,RAA,255.3,13.0,2,3000,0,0,0,0,0,0
CF,MENPI,33.767600,42.305569,0,RAA,255.3,7.0,75.0,6.0,2,2400,0,0,0,0,2,0
CF,TUDIT,33.780339,42.394239,0,RAA,255.3,2.5,75.0,4.5,1,871,0,0,0,0,3,0
CA,0,75.0,2,1020,0,0,0,0,0,0
CF,ORGUV,33.739061,42.108622,2,RAA,255.3,17.0,255.0,17.0,2,3000,0,0,0,0,0,0

APPTR,T27L,27L,MUSUT
IF,MUSUT,33.504611,42.413981, ,0.0,0.0,2,3000,0,0,0,0,1,0
AF,VEGIB,33.708717,42.769992,1,RAA,101.0,17.0,180.0,0,0,0,0,0,0,0,0
CF,MUVNU,33.731017,42.677869,0,RAA,101.0,12.2,281.0,4.8,2,3000,0,0,0,0,1,0

FINAL,T27L,27L,D,3
IF,MUVNU,33.731017,42.677869,RAA,101.0,12.2,2,3000,0,0,0,0,0,0
CF,TUKIG,33.758797,42.562650,0,RAA,101.0,6.2,281.0,6.0,2,2400,0,0,0,0,2,0
CF,ULBIG,33.781864,42.466575,0,RAA,101.0,1.2,281.0,5.0,1,881,0,0,0,0,3,0
CA,0,281.0,2,1020,0,0,0,0,0,0
CF,VEGIB,33.708717,42.769992,1,RAA,101.0,17.0,101.0,17.0,2,3000,0,0,0,0,0,0

APPTR,T27R,27R,MUSUT
IF,MUSUT,33.504611,42.413981, ,0.0,0.0,2,3000,0,0,0,0,1,0
AF,LUDOB,33.811664,42.782261,1,RAA,80.0,17.0,180.0,0,0,0,0,0,0,0,0
CF,MIVUT,33.805469,42.694567,0,RAA,80.0,12.6,260.0,4.4,2,3000,0,0,0,0,1,0

FINAL,T27R,27R,D,3
IF,MIVUT,33.805469,42.694567,RAA,80.0,12.6,2,3000,0,0,0,0,0,0
CF,GIRBO,33.796922,42.575003,0,RAA,80.0,6.6,260.0,6.0,2,2400,0,0,0,0,2,0
CF,PARIG,33.790439,42.485347,0,RAA,80.0,2.1,260.0,4.5,1,773,0,0,0,0,3,0
CA,0,260.0,2,1020,0,0,0,0,0,0
CF,LUDOB,33.811664,42.782261,1,RAA,80.0,17.0,80.0,17.0,2,3000,0,0,0,0,0,0

