SID,ALSE1N,33,5
DF,DER33,25.280206,51.556653,0, ,0.0,0.0,0,0,0,0,0,0,0,1
CA,0,336.0,2,500,0,0,0,0,0,0
CF,GETAM,25.402122,51.498056,0,DIA,334.9,11.0,334.0,8.0,2,2500,0,0,0,0,0,0
TF,ENELI,25.499847,51.417261,0, ,0.0,0.0,0.0,0.0,0,0,0,0,0,0,0,0
TF,KOBEN,25.656106,51.559553,0, ,0.0,0.0,0.0,0.0,1,3000,0,0,0,0,0,0
TF,GIBIN,25.668397,51.738292,0, ,0.0,0.0,0.0,0.0,0,0,0,0,0,0,0,0
TF,TABKI,25.641722,51.843106,0, ,0.0,0.0,0.0,0.0,1,3000,0,0,0,0,0,0
TF,LUBAK,25.618186,51.935450,0, ,0.0,0.0,0.0,0.0,1,4000,0,0,0,0,0,0
TF,ULELO,25.595503,52.024203,0, ,0.0,0.0,0.0,0.0,2,5000,0,0,0,0,0,0
TF,ALSEM,25.450958,52.722789,0, ,0.0,0.0,0.0,0.0,3,6000,0,0,0,0,0,0

SID,ALSE1S,15,5
CF,ITOVI,25.132858,51.621556,0,DIA,156.2,6.5,156.0,7.0,0,0,0,0,0,0,0,0
TF,OBVER,25.004647,51.638397,0, ,0.0,0.0,0.0,0.0,1,4000,0,0,0,0,0,0
TF,NAKAB,24.978481,51.769192,0, ,0.0,0.0,0.0,0.0,0,0,0,0,0,0,0,0
TF,LUDOS,24.988103,52.005392,0, ,0.0,0.0,0.0,0.0,0,0,0,0,0,0,0,0
TF,NOSBI,25.093575,52.062758,0, ,0.0,0.0,0.0,0.0,0,0,0,0,0,0,0,0
TF,NOVLA,25.272769,52.160492,0, ,0.0,0.0,0.0,0.0,1,4000,0,0,0,0,0,0
TF,GOBLU,25.353797,52.204797,0, ,0.0,0.0,0.0,0.0,1,5000,0,0,0,0,0,0
TF,ALSEM,25.450958,52.722789,0, ,0.0,0.0,0.0,0.0,3,6000,0,0,0,0,0,0

SID,ALVE1N,33,5
DF,DER33,25.280206,51.556653,0, ,0.0,0.0,0,0,0,0,0,0,0,1
CA,0,336.0,2,500,0,0,0,0,0,0
CF,GETAM,25.402122,51.498056,0,DIA,334.9,11.0,334.0,8.0,2,2500,0,0,0,0,0,0
TF,ENELI,25.499847,51.417261,0, ,0.0,0.0,0.0,0.0,0,0,0,0,0,0,0,0
TF,KOBEN,25.656106,51.559553,0, ,0.0,0.0,0.0,0.0,1,3000,0,0,0,0,0,0
TF,DEBIL,25.726689,51.623997,0, ,0.0,0.0,0.0,0.0,0,0,0,0,0,0,0,0
TF,VATEK,25.790744,51.718483,0, ,0.0,0.0,0.0,0.0,1,3000,0,0,0,0,0,0
TF,NABKI,25.840811,51.792469,0, ,0.0,0.0,0.0,0.0,1,4000,0,0,0,0,0,0
TF,ALVEN,25.905053,51.887583,0, ,0.0,0.0,0.0,0.0,3,6000,0,0,0,0,0,0

SID,ALVE1S,15,5
CF,ITOVI,25.132858,51.621556,0,DIA,156.2,6.5,156.0,7.0,0,0,0,1,250,0,0,0
TF,OBVER,25.004647,51.638397,0, ,0.0,0.0,0.0,0.0,1,4000,0,1,250,0,0,0
TF,SODER,24.994689,51.547289,0, ,0.0,0.0,0.0,0.0,0,0,0,1,250,0,0,0
TF,MUSAN,25.229267,51.517881,0, ,0.0,0.0,0.0,0.0,0,0,0,0,0,0,0,0
TF,ENELI,25.499847,51.417261,0, ,0.0,0.0,0.0,0.0,0,0,0,0,0,0,0,0
TF,TUKEN,25.614139,51.521289,0, ,0.0,0.0,0.0,0.0,1,4000,0,0,0,0,0,0
TF,ALKAG,25.678586,51.580067,0, ,0.0,0.0,0.0,0.0,2,5000,0,0,0,0,0,0
TF,DEBIL,25.726689,51.623997,0, ,0.0,0.0,0.0,0.0,1,6000,0,0,0,0,0,0
TF,ALVEN,25.905053,51.887583,0, ,0.0,0.0,0.0,0.0,1,6000,0,0,0,0,0,0

SID,BATH1N,33,5
DF,DER33,25.280206,51.556653,0, ,0.0,0.0,0,0,0,0,0,0,0,1
CA,0,336.0,2,500,0,0,0,0,0,0
CF,GETAM,25.402122,51.498056,0,DIA,334.9,11.0,334.0,8.0,2,2500,0,0,0,0,0,0
TF,DASIB,25.387342,51.253500,0, ,0.0,0.0,0.0,0.0,2,4000,0,0,0,0,0,0
TF,LAGNO,25.270278,51.255000,0, ,0.0,0.0,0.0,0.0,2,6000,0,0,0,0,0,0
TF,EMUMO,25.192208,51.287947,0, ,0.0,0.0,0.0,0.0,1,7000,0,0,0,0,0,0
TF,ORBIV,24.928339,51.398989,0, ,0.0,0.0,0.0,0.0,0,0,0,0,0,0,0,0
TF,TONBI,24.684633,51.562450,0, ,0.0,0.0,0.0,0.0,0,0,0,0,0,0,0,0
TF,DENSI,24.421911,51.499808,0, ,0.0,0.0,0.0,0.0,0,0,0,0,0,0,0,0
TF,BAT,24.215833,51.451972,0, ,0.0,0.0,0.0,0.0,0,0,0,0,0,0,0,0

SID,BATH1S,15,5
CF,ITOVI,25.132858,51.621556,0,DIA,156.2,6.5,156.0,7.0,0,0,0,0,0,0,0,0
TF,OBVER,25.004647,51.638397,0, ,0.0,0.0,0.0,0.0,2,4000,0,0,0,0,0,0
TF,LADEM,24.929206,51.620453,0, ,0.0,0.0,0.0,0.0,0,0,0,0,0,0,0,0
TF,EMEXA,24.847686,51.601092,0, ,0.0,0.0,0.0,0.0,2,5000,0,0,0,0,0,0
TF,SOLAL,24.766161,51.581758,0, ,0.0,0.0,0.0,0.0,2,6000,0,0,0,0,0,0
TF,TONBI,24.684633,51.562450,0, ,0.0,0.0,0.0,0.0,1,7000,0,0,0,0,0,0
TF,DENSI,24.421911,51.499808,0, ,0.0,0.0,0.0,0.0,0,0,0,0,0,0,0,0
TF,BAT,24.215833,51.451972,0, ,0.0,0.0,0.0,0.0,0,0,0,0,0,0,0,0

SID,BUND1N,33,5
DF,DER33,25.280206,51.556653,0, ,0.0,0.0,0,0,0,0,0,0,0,1
CA,0,336.0,2,500,0,0,0,0,0,0
CF,GETAM,25.402122,51.498056,0,DIA,334.9,11.0,334.0,8.0,2,2500,0,0,0,0,0,0
TF,ENELI,25.499847,51.417261,0, ,0.0,0.0,0.0,0.0,0,0,0,0,0,0,0,0
TF,KOBEN,25.656106,51.559553,0, ,0.0,0.0,0.0,0.0,1,3000,0,0,0,0,0,0
TF,GIBIN,25.668397,51.738292,0, ,0.0,0.0,0.0,0.0,0,0,0,0,0,0,0,0
TF,IVIBO,25.615200,51.837925,0, ,0.0,0.0,0.0,0.0,1,3000,0,0,0,0,0,0
TF,LABOV,25.569908,51.922583,0, ,0.0,0.0,0.0,0.0,1,4000,0,0,0,0,0,0
TF,GOBLU,25.353797,52.204797,0, ,0.0,0.0,0.0,0.0,2,5000,0,0,0,0,0,0
TF,BUNDU,25.006667,52.490000,0, ,0.0,0.0,0.0,0.0,3,6000,0,0,0,0,0,0

SID,BUND1S,15,5
CF,ITOVI,25.132858,51.621556,0,DIA,156.2,6.5,156.0,7.0,0,0,0,0,0,0,0,0
TF,OBVER,25.004647,51.638397,0, ,0.0,0.0,0.0,0.0,1,4000,0,0,0,0,0,0
TF,NAKAB,24.978481,51.769192,0, ,0.0,0.0,0.0,0.0,0,0,0,0,0,0,0,0
TF,XALTO,24.990217,52.058506,0, ,0.0,0.0,0.0,0.0,1,4000,0,0,0,0,0,0
TF,ASTOP,24.993817,52.150164,0, ,0.0,0.0,0.0,0.0,1,5000,0,0,0,0,0,0
TF,BUNDU,25.006667,52.490000,0, ,0.0,0.0,0.0,0.0,3,6000,0,0,0,0,0,0

SID,DERN1N,33,2
FD,RW33,25.241911,51.573536,0,DIA,336.2,10.0,336.0,10.0,2,2500,0,1,250,0,0,0
VI,0, ,0.0,290.0,0,0,0,0,0,0,0,0
CF,DERNO,25.471442,51.374233,0,DIA,320.3,18.0,320.0,4.0,1,3000,0,0,0,0,0,0

SID,NAML1N,33,5
DF,DER33,25.280206,51.556653,0, ,0.0,0.0,0,0,0,0,0,0,0,1
CA,0,336.0,2,500,0,0,0,0,0,0
CF,GETAM,25.402122,51.498056,0,DIA,334.9,11.0,334.0,8.0,2,2500,0,0,0,0,0,0
TF,ENELI,25.499847,51.417261,0, ,0.0,0.0,0.0,0.0,0,0,0,0,0,0,0,0
TF,KOBEN,25.656106,51.559553,0, ,0.0,0.0,0.0,0.0,1,3000,0,0,0,0,0,0
TF,GIBIN,25.668397,51.738292,0, ,0.0,0.0,0.0,0.0,0,0,0,0,0,0,0,0
TF,IVIBO,25.615200,51.837925,0, ,0.0,0.0,0.0,0.0,1,3000,0,0,0,0,0,0
TF,LABOV,25.569908,51.922583,0, ,0.0,0.0,0.0,0.0,1,4000,0,0,0,0,0,0
TF,GOBLU,25.353797,52.204797,0, ,0.0,0.0,0.0,0.0,2,5000,0,0,0,0,0,0
TF,NAMLA,25.092222,52.555000,0, ,0.0,0.0,0.0,0.0,3,6000,0,0,0,0,0,0

SID,NAML1S,15,5
CF,ITOVI,25.132858,51.621556,0,DIA,156.2,6.5,156.0,7.0,0,0,0,0,0,0,0,0
TF,OBVER,25.004647,51.638397,0, ,0.0,0.0,0.0,0.0,1,4000,0,0,0,0,0,0
TF,NAKAB,24.978481,51.769192,0, ,0.0,0.0,0.0,0.0,0,0,0,0,0,0,0,0
TF,XALTO,24.990217,52.058506,0, ,0.0,0.0,0.0,0.0,1,4000,0,0,0,0,0,0
TF,ASTOP,24.993817,52.150164,0, ,0.0,0.0,0.0,0.0,1,5000,0,0,0,0,0,0
TF,NAMLA,25.092222,52.555000,0, ,0.0,0.0,0.0,0.0,3,6000,0,0,0,0,0,0

SID,NOPL1S,15,2
CA,0,156.0,2,500,0,0,0,0,0,0
CF,NOPLI,25.067614,51.598681,0,DIA,171.3,10.0,171.0,10.0,1,2000,0,0,0,0,0,0

SID,PATO1N,33,5
DF,DER33,25.280206,51.556653,0, ,0.0,0.0,0,0,0,0,0,0,0,1
CA,0,336.0,2,500,0,0,0,0,0,0
CF,GETAM,25.402122,51.498056,0,DIA,334.9,11.0,334.0,8.0,2,2500,0,0,0,0,0,0
TF,ENELI,25.499847,51.417261,0, ,0.0,0.0,0.0,0.0,0,0,0,0,0,0,0,0
TF,KOBEN,25.656106,51.559553,0, ,0.0,0.0,0.0,0.0,2,5000,0,0,0,0,0,0
TF,DEBIL,25.726689,51.623997,0, ,0.0,0.0,0.0,0.0,2,6000,0,0,0,0,0,0
TF,ALNAK,25.848192,51.567192,0, ,0.0,0.0,0.0,0.0,1,7000,0,0,0,0,0,0
TF,PATOM,25.972614,51.310100,0, ,0.0,0.0,0.0,0.0,0,0,0,0,0,0,0,0

SID,PATO1S,15,5
CF,ITOVI,25.132858,51.621556,0,DIA,156.2,6.5,156.0,7.0,0,0,0,1,250,0,0,0
TF,OBVER,25.004647,51.638397,0, ,0.0,0.0,0.0,0.0,1,4000,0,1,250,0,0,0
TF,SODER,24.994689,51.547289,0, ,0.0,0.0,0.0,0.0,0,0,0,1,250,0,0,0
TF,MUSAN,25.229267,51.517881,0, ,0.0,0.0,0.0,0.0,0,0,0,1,290,0,0,0
TF,ENELI,25.499847,51.417261,0, ,0.0,0.0,0.0,0.0,0,0,0,1,290,0,0,0
TF,TUKEN,25.614139,51.521289,0, ,0.0,0.0,0.0,0.0,1,4000,0,1,290,0,0,0
TF,ALKAG,25.678586,51.580067,0, ,0.0,0.0,0.0,0.0,2,5000,0,1,290,0,0,0
TF,DEBIL,25.726689,51.623997,0, ,0.0,0.0,0.0,0.0,2,6000,0,1,290,0,0,0
TF,ALNAK,25.848192,51.567192,0, ,0.0,0.0,0.0,0.0,1,7000,0,0,0,0,0,0
TF,PATOM,25.972614,51.310100,0, ,0.0,0.0,0.0,0.0,0,0,0,0,0,0,0,0

SID,SALW1N,33,5
DF,DER33,25.280206,51.556653,0, ,0.0,0.0,0,0,0,0,0,0,0,1
CA,0,336.0,2,500,0,0,0,0,0,0
CF,GETAM,25.402122,51.498056,0,DIA,334.9,11.0,334.0,8.0,2,2500,0,0,0,0,0,0
TF,DASIB,25.387342,51.253500,0, ,0.0,0.0,0.0,0.0,2,4000,0,0,0,0,0,0
TF,EGSAL,25.386339,51.161450,0, ,0.0,0.0,0.0,0.0,2,5000,0,0,0,0,0,0
TF,ASNOS,25.382944,50.882292,0, ,0.0,0.0,0.0,0.0,1,7000,0,0,0,0,0,0
TF,SALWA,25.260556,50.513333,0, ,0.0,0.0,0.0,0.0,0,0,0,0,0,0,0,0

SID,SALW1S,15,5
CF,ITOVI,25.132858,51.621556,0,DIA,156.2,6.5,156.0,7.0,0,0,0,1,250,0,0,0
TF,OBVER,25.004647,51.638397,0, ,0.0,0.0,0.0,0.0,2,4000,0,1,250,0,0,0
TF,SODER,24.994689,51.547289,0, ,0.0,0.0,0.0,0.0,0,0,0,0,0,0,0,0
TF,BOXED,25.017700,51.459064,0, ,0.0,0.0,0.0,0.0,2,5000,0,0,0,0,0,0
TF,DEBKO,25.040661,51.370806,0, ,0.0,0.0,0.0,0.0,2,6000,0,0,0,0,0,0
TF,DEKTO,25.063567,51.282514,0, ,0.0,0.0,0.0,0.0,1,7000,0,0,0,0,0,0
TF,SALWA,25.260556,50.513333,0, ,0.0,0.0,0.0,0.0,0,0,0,0,0,0,0,0

SID,VAXI1N,33,5
DF,DER33,25.280206,51.556653,0, ,0.0,0.0,0,0,0,0,0,0,0,1
CA,0,336.0,2,500,0,0,0,0,0,0
CF,GETAM,25.402122,51.498056,0,DIA,334.9,11.0,334.0,8.0,2,2500,0,0,0,0,0,0
TF,ENELI,25.499847,51.417261,0, ,0.0,0.0,0.0,0.0,0,0,0,0,0,0,0,0
TF,KOBEN,25.656106,51.559553,0, ,0.0,0.0,0.0,0.0,1,3000,0,0,0,0,0,0
TF,GIBIN,25.668397,51.738292,0, ,0.0,0.0,0.0,0.0,0,0,0,0,0,0,0,0
TF,TANLA,25.671325,51.901611,0, ,0.0,0.0,0.0,0.0,1,3000,0,0,0,0,0,0
TF,KEDEN,25.672897,51.993831,0, ,0.0,0.0,0.0,0.0,3,5000,0,0,0,0,0,0
TF,VAXIN,25.678611,52.363333,0, ,0.0,0.0,0.0,0.0,3,6000,0,0,0,0,0,0

SID,VAXI1S,15,5
CF,ITOVI,25.132858,51.621556,0,DIA,156.2,6.5,156.0,7.0,0,0,0,0,0,0,0,0
TF,OBVER,25.004647,51.638397,0, ,0.0,0.0,0.0,0.0,1,4000,0,0,0,0,0,0
TF,NAKAB,24.978481,51.769192,0, ,0.0,0.0,0.0,0.0,0,0,0,0,0,0,0,0
TF,LUDOS,24.988103,52.005392,0, ,0.0,0.0,0.0,0.0,0,0,0,0,0,0,0,0
TF,NOSBI,25.093575,52.062758,0, ,0.0,0.0,0.0,0.0,0,0,0,0,0,0,0,0
TF,NOVLA,25.272769,52.160492,0, ,0.0,0.0,0.0,0.0,1,4000,0,0,0,0,0,0
TF,GOBLU,25.353797,52.204797,0, ,0.0,0.0,0.0,0.0,1,5000,0,0,0,0,0,0
TF,OTINO,25.461397,52.257211,0, ,0.0,0.0,0.0,0.0,1,5000,0,0,0,0,0,0
TF,VAXIN,25.678611,52.363333,0, ,0.0,0.0,0.0,0.0,3,6000,0,0,0,0,0,0

STAR,AFNA1N,33,5
IF,AFNAN,25.050222,51.999700, ,0.0,0.0,3,12000,0,0,0,0,0,0
TF,MUVEX,25.190736,51.909544,0, ,0.0,0.0,0.0,0.0,0,0,0,0,0,0,0,0
TF,LOVAN,25.142133,51.775558,0, ,0.0,0.0,0.0,0.0,2,8000,0,0,0,0,0,0
TF,PURIN,25.061431,51.554058,0, ,0.0,0.0,0.0,0.0,2,6000,0,1,220,0,0,0
TF,DASIK,24.984319,51.587989,0, ,0.0,0.0,0.0,0.0,2,5000,0,1,220,0,0,0
TF,NAJMA,25.016011,51.672900,1, ,0.0,0.0,0.0,0.0,0,0,0,1,180,0,0,0

STAR,AFNA1S,15,5
IF,AFNAN,25.050222,51.999700, ,0.0,0.0,3,12000,0,0,0,0,0,0
TF,SIDMU,25.192067,51.753653,0, ,0.0,0.0,0.0,0.0,0,0,0,0,0,0,0,0
TF,EGNUG,25.311950,51.700983,0, ,0.0,0.0,0.0,0.0,2,8000,0,0,0,0,0,0
TF,OVENO,25.380342,51.492611,0, ,0.0,0.0,0.0,0.0,0,0,0,0,0,0,0,0
TF,LOSEN,25.376750,51.414839,0, ,0.0,0.0,0.0,0.0,0,0,0,1,220,0,0,0
TF,KATED,25.469278,51.373842,0, ,0.0,0.0,0.0,0.0,2,5000,0,1,220,0,0,0
TF,MAXMO,25.500861,51.459142,0, ,0.0,0.0,0.0,0.0,0,0,0,1,180,0,0,0

STAR,BAYA1N,33,5
IF,BAYAN,25.490556,51.813611, ,0.0,0.0,3,12000,0,0,0,0,0,0
TF,EGNUG,25.311950,51.700983,0, ,0.0,0.0,0.0,0.0,0,0,0,0,0,0,0,0
TF,SOMAP,25.103833,51.535381,0, ,0.0,0.0,0.0,0.0,2,8000,0,0,0,0,0,0
TF,DASIK,24.984319,51.587989,0, ,0.0,0.0,0.0,0.0,2,5000,0,1,220,0,0,0
TF,NAJMA,25.016011,51.672900,1, ,0.0,0.0,0.0,0.0,0,0,0,1,180,0,0,0

STAR,BAYA1S,15,5
IF,BAYAN,25.490556,51.813611, ,0.0,0.0,3,12000,0,0,0,0,0,0
TF,ASTIM,25.366350,51.850967,0, ,0.0,0.0,0.0,0.0,0,0,0,0,0,0,0,0
TF,EGNUG,25.311950,51.700983,0, ,0.0,0.0,0.0,0.0,2,8000,0,0,0,0,0,0
TF,OVENO,25.380342,51.492611,0, ,0.0,0.0,0.0,0.0,0,0,0,0,0,0,0,0
TF,LOSEN,25.376750,51.414839,0, ,0.0,0.0,0.0,0.0,0,0,0,1,220,0,0,0
TF,KATED,25.469278,51.373842,0, ,0.0,0.0,0.0,0.0,2,5000,0,1,220,0,0,0
TF,MAXMO,25.500861,51.459142,0, ,0.0,0.0,0.0,0.0,0,0,0,1,180,0,0,0

STAR,GINT1N,33,5
IF,GINTO,25.268211,51.071078, ,0.0,0.0,3,12000,0,0,0,0,0,0
TF,LAGNO,25.270278,51.255000,0, ,0.0,0.0,0.0,0.0,0,0,0,0,0,0,0,0
TF,NOVDA,25.235642,51.477236,0, ,0.0,0.0,0.0,0.0,0,0,0,0,0,0,0,0
TF,SOMAP,25.103833,51.535381,0, ,0.0,0.0,0.0,0.0,2,8000,0,0,0,0,0,0
TF,DASIK,24.984319,51.587989,0, ,0.0,0.0,0.0,0.0,2,5000,0,1,220,0,0,0
TF,NAJMA,25.016011,51.672900,1, ,0.0,0.0,0.0,0.0,0,0,0,1,180,0,0,0

STAR,GINT1S,15,5
IF,GINTO,25.268211,51.071078, ,0.0,0.0,3,12000,0,0,0,0,0,0
TF,LAGNO,25.270278,51.255000,0, ,0.0,0.0,0.0,0.0,0,0,0,0,0,0,0,0
TF,LOSEN,25.376750,51.414839,0, ,0.0,0.0,0.0,0.0,2,8000,0,0,0,0,0,0
TF,KATED,25.469278,51.373842,0, ,0.0,0.0,0.0,0.0,2,5000,0,1,220,0,0,0
TF,MAXMO,25.500861,51.459142,0, ,0.0,0.0,0.0,0.0,0,0,0,1,180,0,0,0

FINAL,D15,15,D,4
IF,MAXMO,25.500861,51.459142,DIA,336.2,17.2,2,3000,0,0,0,0,0,0
CF,FD15,25.395631,51.505692,0,DIA,336.2,10.4,156.0,6.8,2,3000,0,0,0,0,2,0
CF,53VOR,25.315883,51.540911,0,DIA,336.2,5.3,156.0,5.1,2,1090,0,0,0,0,0,0
CF,MD15,25.289506,51.552550,0,DIA,336.2,3.6,156.0,1.7,1,469,0,0,0,0,3,0
CF,DIA,25.233642,51.577181,0,DIA,0.0,0.0,156.0,3.6,0,0,0,0,0,0,0,0
TF,D186L,25.035117,51.545392,0, ,0.0,0.0,0.0,0.0,0,0,0,1,230,0,0,0
CI,0, ,0.0,186.0,0,0,0,0,0,0,0,0
AF,REVAT,25.172431,51.825583,1,DIA,103.1,14.0,186.0,1,2000,0,0,0,0,0,0
HM,REVAT,25.172431,51.825583,1, ,0.0,0.0,103.0,04.3,1,3000,0,1,230,0,0,0,0

FINAL,D33-Z,33,D,3
IF,NAJMA,25.016011,51.672900,DIA,156.2,14.0,2,3000,0,0,0,0,0,0
CF,FD33Z,25.099461,51.636239,0,DIA,156.2,8.7,336.0,5.4,2,3000,0,0,0,0,2,0
CF,DIA,25.233642,51.577181,0,DIA,0.0,0.0,336.0,8.7,1,249,0,0,0,0,3,0
CF,D336H,25.350017,51.525842,0,DIA,336.2,7.5,336.0,7.5,2,2500,0,1,230,0,0,0
CF,D326L,25.408547,51.458211,0,DIA,326.3,12.3,306.0,5.1,0,0,0,0,0,0,0,1
CI,0, ,0.0,326.0,1,5000,0,0,0,0,0,0
AF,ELILO,25.410978,51.753717,2,DIA,40.1,14.3,326.0,1,5000,0,0,0,0,0,0
HM,ELILO,25.410978,51.753717,2, ,0.0,0.0,40.0,04.3,0,0,0,1,230,0,0,0,0

FINAL,I15,15,I,3
IF,MAXMO,25.500861,51.459142,AMD,336.2,16.9,2,3000,0,0,0,0,0,0
CF,FF15,25.395222,51.505872,0,AMD,336.2,10.1,156.0,6.8,1,3000,0,0,0,0,2,0
CF,RW15,25.273925,51.559422,0,AMD,336.2,2.3,156.0,7.8,1,95,0,0,0,0,3,0
CI,0, ,0.0,156.0,0,0,0,0,0,0,0,0
FD,DOH,25.249906,51.609667,0,DOH,0.0,12.0,194.0,12.0,1,2000,0,0,0,0,0,0
CI,0, ,0.0,194.0,0,0,0,0,0,0,0,0
AF,BD455,25.159258,51.846856,1,DOH,110.7,14.0,194.0,1,2000,0,1,230,0,0,0
HM,BD455,25.159258,51.846856,1, ,0.0,0.0,110.0,04.3,1,3000,0,1,230,0,0,0,0

FINAL,I33,33,I,3
IF,NAJMA,25.016011,51.672900,IBD,156.2,17.2,2,3000,0,0,0,0,0,0
CF,FF33,25.099553,51.636211,0,IBD,156.2,11.8,336.0,5.4,1,3000,0,0,0,0,2,0
CF,RW33,25.241911,51.573536,0,IBD,156.1,2.6,336.0,9.2,1,79,0,0,0,0,3,0
CF,D336H,25.350017,51.525842,0,DOH,320.7,7.5,336.0,7.0,2,2500,0,0,0,0,0,0
CF,D317J,25.381072,51.484100,0,DOH,317.0,10.4,306.0,2.9,0,0,0,0,0,0,0,1
CI,0, ,0.0,317.0,1,5000,0,0,0,0,0,0
AF,BD456,25.410978,51.753717,2,DOH,37.1,12.4,317.0,1,5000,0,1,230,0,0,0
HM,BD456,25.410978,51.753717,2, ,0.0,0.0,37.0,04.3,0,0,0,1,230,0,0,0,0

APPTR,N33,33,WK
IF,WK,25.181403,51.600064, ,0.0,0.0,2,3000,0,0,0,0,0,0
HF,WK,25.181403,51.600064,2, ,0.0,0.0,336.0,04.3,2,1500,0,0,0,0,0,0,0

FINAL,N33,33,N,2
IF,WK,25.181403,51.600064,WK,0.0,0.0,2,1500,0,0,0,0,2,0
CF,MN33,25.234103,51.576653,0,WK,0.0,0.0,336.0,3.4,1,262,0,0,0,0,3,0
CA,0,336.0,2,440,0,0,0,0,0,0
CI,0, ,0.0,257.0,0,0,0,1,230,0,0,0
FA,WK,25.181403,51.600064,0,DIA,0.0,0.0,287.0,2,2500,0,0,0,0,0,0
DF,WK,25.181403,51.600064,1, ,0.0,0.0,1,3000,0,0,0,0,0,0
HM,WK,25.181403,51.600064,2, ,0.0,0.0,336.0,04.3,1,3000,0,1,250,0,0,0,0

FINAL,R15,15,R,3
IF,MAXMO,25.500861,51.459142, ,0.0,0.0,2,3000,0,0,0,0,0,0
TF,BD401,25.395633,51.505692,0, ,0.0,0.0,156.0,6.8,2,3000,0,0,0,0,2,0
TF,RW15,25.273925,51.559422,0, ,0.0,0.0,156.0,7.8,1,85,0,0,0,0,3,1
CI,0, ,0.0,156.0,0,0,0,0,0,0,0,0
CF,DEKMI,25.001850,51.540708,0,DIA,186.2,14.0,186.0,15.0,0,0,0,1,230,0,0,0
TF,BUBOG,25.034661,51.712758,1, ,0.0,0.0,0.0,0.0,0,0,0,1,230,0,0,0
TF,REVAT,25.172431,51.825583,0, ,0.0,0.0,0.0,0.0,1,2000,0,1,230,0,0,0
HM,REVAT,25.172431,51.825583,1, ,0.0,0.0,103.0,04.3,1,3000,0,1,230,0,0,0,0

FINAL,R33,33,R,3
IF,NAJMA,25.016011,51.672900, ,0.0,0.0,2,3000,0,0,0,0,0,0
TF,BD701,25.099456,51.636244,0, ,0.0,0.0,336.0,5.4,2,3000,0,0,0,0,2,0
TF,BD702,25.233631,51.577172,0, ,0.0,0.0,336.0,8.6,1,246,0,0,0,0,3,1
CF,SILDA,25.350061,51.525825,0,DIA,336.2,7.5,336.0,7.5,2,2500,0,1,210,0,0,0
TF,GITNI,25.442678,51.449325,0, ,0.0,0.0,0.0,0.0,1,5000,0,1,210,0,0,0
TF,IVIKA,25.471242,51.607144,2, ,0.0,0.0,0.0,0.0,0,0,0,1,210,0,0,0
TF,ELILO,25.410978,51.753717,0, ,0.0,0.0,0.0,0.0,1,5000,0,1,230,0,0,0
HM,ELILO,25.410978,51.753717,2, ,0.0,0.0,40.0,04.3,1,5000,0,1,230,0,0,0,0

APPTR,S33-Y,33,DIA1
IF,DIA,25.233642,51.577181, ,0.0,0.0,2,3000,0,0,0,0,0,0
FC,DIA,25.233642,51.577181,0,DIA,0.0,0.0,132.0,8.8,2,2000,0,0,0,0,0,1
CF,FS33Y,25.148286,51.615064,2,DIA,156.0,5.5,336.0,4.0,2,2000,0,0,0,0,0,0

APPTR,S33-Y,33,DIA2
IF,DIA,25.233642,51.577181, ,0.0,0.0,2,3000,0,0,0,0,0,0
FC,DIA,25.233642,51.577181,0,DIA,0.0,0.0,144.0,9.0,2,2000,0,0,0,0,0,1
CF,FS33Y,25.148286,51.615064,2,DIA,156.0,5.5,336.0,4.0,2,2000,0,0,0,0,0,0

FINAL,S33-Y,33,D,2
IF,FS33Y,25.148286,51.615064,DIA,156.0,5.5,2,2000,0,0,0,0,2,0
CF,DIA,25.233642,51.577181,0,DIA,0.0,0.0,336.0,5.5,1,248,0,0,0,0,3,0
CA,0,336.0,2,440,0,0,0,0,0,0
CI,1, ,0.0,242.0,0,0,0,1,230,0,0,0
FA,DIA,25.233642,51.577181,0,DIA,0.0,0.0,272.0,2,2500,0,0,0,0,0,0
DF,DIA,25.233642,51.577181,1, ,0.0,0.0,1,3000,0,0,0,0,0,0
HM,DIA,25.233642,51.577181,1, ,0.0,0.0,132.0,04.3,1,3000,0,1,230,0,0,0,0

