SID,SICOV1,21,2
VA,0,210.0,2,1469,0,0,0,0,0,0
DF,AWAMY,67.838911,-163.321011,0, ,0.0,0.0,0,0,0,0,0,0,0,0
TF,SICOV,67.345672,-162.832950,0, ,0.0,0.0,0.0,0.0,0,0,0,0,0,0,0,0

APPTR,R03,03,AWAMY
HF,AWAMY,67.838911,-163.321011,2, ,0.0,0.0,28.0,04,2,3800,0,0,0,0,1,0,0

APPTR,R03,03,SICOV
IF,SICOV,67.345672,-162.832950, ,0.0,0.0,0,0,0,0,0,0,0,0
TF,ZOXOL,67.604703,-163.097631,0, ,0.0,0.0,0.0,0.0,2,3800,0,0,0,0,1,0
TF,AWAMY,67.838911,-163.321011,0, ,0.0,0.0,0.0,0.0,2,3800,0,0,0,0,1,0

FINAL,R03,03,R,3
IF,AWAMY,67.838911,-163.321011, ,0.0,0.0,2,3800,0,0,0,0,0,0
TF,EGGEN,67.949761,-163.080536,0, ,0.0,0.0,28.0,8.6,2,3100,0,0,0,0,2,0
TF,ZIHCE,68.015064,-162.937436,0, ,0.0,0.0,28.0,5.1,1,1319,0,0,0,0,3,1
CA,0,28.0,2,2400,0,0,0,0,0,0
DF,AWAMY,67.838911,-163.321011,1, ,0.0,0.0,2,3800,0,0,0,0,0,1
HM,AWAMY,67.838911,-163.321011,2, ,0.0,0.0,28.0,04,0,0,0,0,0,0,0,0,0

