APPTR,R08,08,JINUV
IF,JINUV,64.732972,-157.492608, ,0.0,0.0,3,6000,0,0,0,0,1,0
HF,JINUV,64.732972,-157.492608,2, ,0.0,0.0,76.0,04,2,3600,0,0,0,0,0,0,0

APPTR,R08,08,MOCJU
IF,MOCJU,64.865844,-157.498008, ,0.0,0.0,0,0,0,0,0,0,1,0
TF,JINUV,64.732972,-157.492608,0, ,0.0,0.0,0.0,0.0,2,3600,0,0,0,0,1,0

APPTR,R08,08,YUWAR
IF,YUWAR,64.600097,-157.487261, ,0.0,0.0,0,0,0,0,0,0,1,0
TF,JINUV,64.732972,-157.492608,0, ,0.0,0.0,0.0,0.0,2,3600,0,0,0,0,1,0

FINAL,R08,08,R,4
IF,JINUV,64.732972,-157.492608, ,0.0,0.0,2,3600,0,0,0,0,0,0
TF,RAMAW,64.734806,-157.207172,0, ,0.0,0.0,76.0,7.3,2,2300,0,0,0,0,2,0
TF,ZEMDO,64.735525,-157.058669,0, ,0.0,0.0,76.0,3.8,2,1080,0,0,0,0,0,0
TF,RW08,64.735958,-156.949828,0, ,0.0,0.0,76.0,2.8,1,192,0,0,0,0,3,1
CA,0,76.0,2,402,0,0,0,0,0,0
DF,MIGKY,64.736917,-156.291658,0, ,0.0,0.0,2,3600,0,0,0,0,0,1
HM,MIGKY,64.736917,-156.291658,1, ,0.0,0.0,257.0,04,0,0,0,0,0,0,0,0,0

APPTR,R26,26,EDWUM
IF,EDWUM,64.869808,-156.291114, ,0.0,0.0,0,0,0,0,0,0,1,0
TF,MIGKY,64.736917,-156.291658,0, ,0.0,0.0,0.0,0.0,2,4000,0,0,0,0,1,0

APPTR,R26,26,MIGKY
IF,MIGKY,64.736917,-156.291658, ,0.0,0.0,3,6000,0,0,0,0,1,0
HF,MIGKY,64.736917,-156.291658,1, ,0.0,0.0,257.0,04,2,4000,0,0,0,0,0,0,0

APPTR,R26,26,ORIZY
IF,ORIZY,64.604022,-156.292197, ,0.0,0.0,0,0,0,0,0,0,1,0
TF,MIGKY,64.736917,-156.291658,0, ,0.0,0.0,0.0,0.0,2,4000,0,0,0,0,1,0

FINAL,R26,26,R,4
IF,MIGKY,64.736917,-156.291658, ,0.0,0.0,2,4000,0,0,0,0,0,0
TF,CIVBA,64.736717,-156.662231,0, ,0.0,0.0,257.0,9.5,2,2300,0,0,0,0,2,0
TF,YAGUL,64.736417,-156.802664,0, ,0.0,0.0,257.0,3.6,2,1140,0,0,0,0,0,0
TF,RW26,64.736067,-156.919117,0, ,0.0,0.0,257.0,3.0,1,195,0,0,0,0,3,1
CA,0,257.0,2,404,0,0,0,0,0,0
DF,JINUV,64.732972,-157.492608,0, ,0.0,0.0,2,3600,0,0,0,0,0,1
HM,JINUV,64.732972,-157.492608,2, ,0.0,0.0,76.0,04,2,3600,0,0,0,0,0,0,0

