SID,UNK1,09,1
CA,0,87.0,2,430,0,0,0,0,0,0
FA,UNK,63.891942,-160.684275,2,UNK,0.0,0.0,210.0,2,1800,0,0,0,0,0,0
CF,UNK,63.891942,-160.684275,2,UNK,0.0,0.0,60.0,7.0,0,0,0,0,0,0,0,0

SID,UNK1,15,1
CA,0,153.0,2,430,0,0,0,0,0,0
FA,UNK,63.891942,-160.684275,2,UNK,0.0,0.0,210.0,2,1600,0,0,0,0,0,0
CF,UNK,63.891942,-160.684275,2,UNK,0.0,0.0,55.0,7.0,0,0,0,0,0,0,0,0

SID,UNK1,27,1
CA,0,267.0,2,430,0,0,0,0,0,0
FA,UNK,63.891942,-160.684275,0,UNK,0.0,0.0,250.0,2,1600,0,0,0,0,0,0
CF,UNK,63.891942,-160.684275,1,UNK,0.0,0.0,49.0,7.0,0,0,0,0,0,0,0,0

SID,UNK1,33,1
CA,0,333.0,2,430,0,0,0,0,0,0
FA,UNK,63.891942,-160.684275,1,UNK,0.0,0.0,265.0,2,1600,0,0,0,0,0,0
CF,UNK,63.891942,-160.684275,1,UNK,0.0,0.0,58.0,7.0,0,0,0,0,0,0,0,0

APPTR,L15,15,EARMI
IF,EARMI,63.975728,-161.257692, ,0.0,0.0,0,0,0,0,0,0,1,0
AF,D308P,64.103772,-161.050139,2,UNK,308.0,16.0,274.0,2,3000,0,0,0,0,0,0
VI,0,IUNK,0.0,120.0,2,3000,0,0,0,0,0,0

APPTR,L15,15,JNR
IF,JNR,63.907711,-160.811908, ,0.0,0.0,0,0,0,0,0,0,0,0
TF,THEPS,64.122872,-160.984372,0, ,0.0,0.0,0.0,0.0,2,3100,0,0,0,0,0,0
HF,THEPS,64.122872,-160.984372,2, ,0.0,0.0,150.0,04.3,2,3000,0,0,0,0,1,0,0

APPTR,L15,15,UNK
IF,UNK,63.891942,-160.684275, ,0.0,0.0,0,0,0,0,0,0,0,0
TF,THEPS,64.122872,-160.984372,0, ,0.0,0.0,0.0,0.0,2,3100,0,0,0,0,0,0
HF,THEPS,64.122872,-160.984372,2, ,0.0,0.0,150.0,04.3,2,3000,0,0,0,0,1,0,0

FINAL,L15,15,D,4
IF,THEPS,64.122872,-160.984372,IUNK,330.1,15.4,2,3000,0,0,0,0,0,0
CF,DRIGE,63.975028,-160.868181,0,IUNK,330.1,6.0,150.0,9.4,2,1700,0,0,0,0,2,0
CF,JALNO,63.948653,-160.847653,0,IUNK,330.1,4.3,150.0,1.7,2,1140,0,0,0,0,0,0
CF,HEGAN,63.897731,-160.808036,0,IUNK,330.1,1.1,150.0,3.2,1,64,0,0,0,0,3,0
CA,0,150.0,2,430,0,0,0,0,0,0
CI,0, ,0.0,180.0,0,0,0,0,0,0,0,0
FA,UNK,63.891942,-160.684275,0,UNK,0.0,0.0,210.0,2,3000,0,0,0,0,0,0
DF,UNK,63.891942,-160.684275,2, ,0.0,0.0,0,0,0,0,0,0,0,0
HM,UNK,63.891942,-160.684275,2, ,0.0,0.0,48.0,04.3,0,0,0,0,0,0,0,0,0

APPTR,R09-A,09,EARMI
HF,EARMI,63.975728,-161.257692,2, ,0.0,0.0,98.0,04,2,3000,0,0,0,0,1,0,0

FINAL,R09-A,09,R,3
IF,EARMI,63.975728,-161.257692, ,0.0,0.0,2,3000,0,0,0,0,0,0
TF,KIBMY,63.930906,-160.966842,0, ,0.0,0.0,98.0,8.2,2,1700,0,0,0,0,2,0
TF,DEYZI,63.891339,-160.815014,0, ,0.0,0.0,110.0,4.7,1,860,0,0,0,0,3,1
CA,0,110.0,2,860,0,0,0,0,0,0
DF,EARMI,63.975728,-161.257692,2, ,0.0,0.0,2,3000,0,0,0,0,0,1
HM,EARMI,63.975728,-161.257692,2, ,0.0,0.0,98.0,04,0,0,0,0,0,0,0,0,0

APPTR,R15-A,15,EARMI
HF,EARMI,63.975728,-161.257692,2, ,0.0,0.0,98.0,04,2,3000,0,0,0,0,1,0,0

FINAL,R15-A,15,R,3
IF,EARMI,63.975728,-161.257692, ,0.0,0.0,2,3000,0,0,0,0,0,0
TF,KIBMY,63.930906,-160.966842,0, ,0.0,0.0,98.0,8.2,2,1700,0,0,0,0,2,0
TF,DEYZI,63.891339,-160.815014,0, ,0.0,0.0,110.0,4.7,1,860,0,0,0,0,3,1
CA,0,110.0,2,860,0,0,0,0,0,0
DF,EARMI,63.975728,-161.257692,2, ,0.0,0.0,2,3000,0,0,0,0,0,1
HM,EARMI,63.975728,-161.257692,2, ,0.0,0.0,98.0,04,0,0,0,0,0,0,0,0,0

APPTR,R27-A,27,EARMI
HF,EARMI,63.975728,-161.257692,2, ,0.0,0.0,98.0,04,2,3000,0,0,0,0,1,0,0

FINAL,R27-A,27,R,3
IF,EARMI,63.975728,-161.257692, ,0.0,0.0,2,3000,0,0,0,0,0,0
TF,KIBMY,63.930906,-160.966842,0, ,0.0,0.0,98.0,8.2,2,1700,0,0,0,0,2,0
TF,DEYZI,63.891339,-160.815014,0, ,0.0,0.0,110.0,4.7,1,860,0,0,0,0,3,1
CA,0,110.0,2,860,0,0,0,0,0,0
DF,EARMI,63.975728,-161.257692,2, ,0.0,0.0,2,3000,0,0,0,0,0,1
HM,EARMI,63.975728,-161.257692,2, ,0.0,0.0,98.0,04,0,0,0,0,0,0,0,0,0

APPTR,R33,33,HERLA
IF,HERLA,63.716561,-161.136244, ,0.0,0.0,0,0,0,0,0,0,1,0
TF,ZOGTA,63.702978,-160.899394,0, ,0.0,0.0,0.0,0.0,2,3700,0,0,0,0,1,0

APPTR,R33,33,UNK
IF,UNK,63.891942,-160.684275, ,0.0,0.0,0,0,0,0,0,0,0,0
TF,ZOGTA,63.702978,-160.899394,0, ,0.0,0.0,0.0,0.0,2,3700,0,0,0,0,0,1
HF,ZOGTA,63.702978,-160.899394,1, ,0.0,0.0,18.0,04,2,3700,0,0,0,0,1,0,0

APPTR,R33,33,VUSUY
IF,VUSUY,63.433972,-160.868108, ,0.0,0.0,0,0,0,0,0,0,1,0
TF,ZOGTA,63.702978,-160.899394,0, ,0.0,0.0,0.0,0.0,2,3700,0,0,0,0,1,0

APPTR,R33,33,YAGUN
IF,YAGUN,63.804883,-160.155239, ,0.0,0.0,0,0,0,0,0,0,0,0
TF,ZOGTA,63.702978,-160.899394,0, ,0.0,0.0,0.0,0.0,2,4000,0,0,0,0,0,1
HF,ZOGTA,63.702978,-160.899394,1, ,0.0,0.0,18.0,04,2,3700,0,0,0,0,1,0,0

FINAL,R33,33,R,4
IF,ZOGTA,63.702978,-160.899394, ,0.0,0.0,2,3700,0,0,0,0,0,0
TF,WIKIP,63.758158,-160.830178,0, ,0.0,0.0,18.0,3.8,2,2500,0,0,0,0,0,0
TF,BEJJI,63.792442,-160.788181,0, ,0.0,0.0,18.0,2.4,2,1800,0,0,0,0,2,0
TF,AGSIH,63.874600,-160.790936,0, ,0.0,0.0,348.0,5.0,1,226,0,0,0,0,3,1
CA,0,348.0,2,427,0,0,0,0,0,0
DF,HERLA,63.716561,-161.136244,1, ,0.0,0.0,2,3700,0,0,0,0,0,1
HM,HERLA,63.716561,-161.136244,2, ,0.0,0.0,38.0,04,2,3700,0,0,0,0,0,0,0

APPTR,R33-A,33,EARMI
HF,EARMI,63.975728,-161.257692,2, ,0.0,0.0,98.0,04,2,3000,0,0,0,0,1,0,0

FINAL,R33-A,33,R,3
IF,EARMI,63.975728,-161.257692, ,0.0,0.0,2,3000,0,0,0,0,0,0
TF,KIBMY,63.930906,-160.966842,0, ,0.0,0.0,98.0,8.2,2,1700,0,0,0,0,2,0
TF,DEYZI,63.891339,-160.815014,0, ,0.0,0.0,110.0,4.7,1,860,0,0,0,0,3,1
CA,0,110.0,2,860,0,0,0,0,0,0
DF,EARMI,63.975728,-161.257692,2, ,0.0,0.0,2,3000,0,0,0,0,0,1
HM,EARMI,63.975728,-161.257692,2, ,0.0,0.0,98.0,04,0,0,0,0,0,0,0,0,0

APPTR,V09-D,09,EARMI
IF,EARMI,63.975728,-161.257692, ,0.0,0.0,0,0,0,0,0,0,1,0
AF,ZEPOK,63.920747,-161.284342,1,UNK,261.5,16.0,274.0,2,3000,0,0,0,0,1,0

APPTR,V09-D,09,HERLA
IF,HERLA,63.716561,-161.136244, ,0.0,0.0,0,0,0,0,0,0,1,0
AF,ZEPOK,63.920747,-161.284342,2,UNK,261.5,16.0,214.0,2,3000,0,0,0,0,1,0

APPTR,V09-D,09,SHMUK
IF,SHMUK,63.626283,-160.667767, ,0.0,0.0,0,0,0,0,0,0,1,0
AF,HERLA,63.716561,-161.136244,2,UNK,213.9,16.0,163.0,2,3700,0,0,0,0,0,0
AF,ZEPOK,63.920747,-161.284342,2,UNK,261.5,16.0,214.0,2,3000,0,0,0,0,1,0

APPTR,V09-D,09,UNK
IF,UNK,63.891942,-160.684275, ,0.0,0.0,0,0,0,0,0,0,0,0
TF,ZEPOK,63.920747,-161.284342,0, ,0.0,0.0,0.0,0.0,2,3200,0,0,0,0,0,0
HF,ZEPOK,63.920747,-161.284342,2, ,0.0,0.0,81.0,04.3,2,3000,0,0,0,0,1,0,0

FINAL,V09-D,09,D,3
IF,ZEPOK,63.920747,-161.284342,UNK,261.5,16.0,2,3000,0,0,0,0,0,0
CF,COPAM,63.910239,-161.059194,0,UNK,261.5,10.0,81.0,6.0,2,1300,0,0,0,0,2,0
CF,MEBSY,63.903036,-160.909192,0,UNK,261.5,6.0,81.0,4.0,1,860,0,0,0,0,3,1
CF,HERLA,63.716561,-161.136244,2,UNK,213.9,16.0,214.0,12.8,2,2000,0,0,0,0,0,0
HM,HERLA,63.716561,-161.136244,2, ,0.0,0.0,214.0,04.3,0,0,0,0,0,0,0,0,0

APPTR,V15-D,15,EARMI
IF,EARMI,63.975728,-161.257692, ,0.0,0.0,0,0,0,0,0,0,1,0
AF,ZEPOK,63.920747,-161.284342,1,UNK,261.5,16.0,274.0,2,3000,0,0,0,0,1,0

APPTR,V15-D,15,HERLA
IF,HERLA,63.716561,-161.136244, ,0.0,0.0,0,0,0,0,0,0,1,0
AF,ZEPOK,63.920747,-161.284342,2,UNK,261.5,16.0,214.0,2,3000,0,0,0,0,1,0

APPTR,V15-D,15,SHMUK
IF,SHMUK,63.626283,-160.667767, ,0.0,0.0,0,0,0,0,0,0,1,0
AF,HERLA,63.716561,-161.136244,2,UNK,213.9,16.0,163.0,2,3700,0,0,0,0,0,0
AF,ZEPOK,63.920747,-161.284342,2,UNK,261.5,16.0,214.0,2,3000,0,0,0,0,1,0

APPTR,V15-D,15,UNK
IF,UNK,63.891942,-160.684275, ,0.0,0.0,0,0,0,0,0,0,0,0
TF,ZEPOK,63.920747,-161.284342,0, ,0.0,0.0,0.0,0.0,2,3200,0,0,0,0,0,0
HF,ZEPOK,63.920747,-161.284342,2, ,0.0,0.0,81.0,04.3,2,3000,0,0,0,0,1,0,0

FINAL,V15-D,15,D,3
IF,ZEPOK,63.920747,-161.284342,UNK,261.5,16.0,2,3000,0,0,0,0,0,0
CF,COPAM,63.910239,-161.059194,0,UNK,261.5,10.0,81.0,6.0,2,1300,0,0,0,0,2,0
CF,MEBSY,63.903036,-160.909192,0,UNK,261.5,6.0,81.0,4.0,1,860,0,0,0,0,3,1
CF,HERLA,63.716561,-161.136244,2,UNK,213.9,16.0,214.0,12.8,2,2000,0,0,0,0,0,0
HM,HERLA,63.716561,-161.136244,2, ,0.0,0.0,214.0,04.3,0,0,0,0,0,0,0,0,0

APPTR,V27-D,27,EARMI
IF,EARMI,63.975728,-161.257692, ,0.0,0.0,0,0,0,0,0,0,1,0
AF,ZEPOK,63.920747,-161.284342,1,UNK,261.5,16.0,274.0,2,3000,0,0,0,0,1,0

APPTR,V27-D,27,HERLA
IF,HERLA,63.716561,-161.136244, ,0.0,0.0,0,0,0,0,0,0,1,0
AF,ZEPOK,63.920747,-161.284342,2,UNK,261.5,16.0,214.0,2,3000,0,0,0,0,1,0

APPTR,V27-D,27,SHMUK
IF,SHMUK,63.626283,-160.667767, ,0.0,0.0,0,0,0,0,0,0,1,0
AF,HERLA,63.716561,-161.136244,2,UNK,213.9,16.0,163.0,2,3700,0,0,0,0,0,0
AF,ZEPOK,63.920747,-161.284342,2,UNK,261.5,16.0,214.0,2,3000,0,0,0,0,1,0

APPTR,V27-D,27,UNK
IF,UNK,63.891942,-160.684275, ,0.0,0.0,0,0,0,0,0,0,0,0
TF,ZEPOK,63.920747,-161.284342,0, ,0.0,0.0,0.0,0.0,2,3200,0,0,0,0,0,0
HF,ZEPOK,63.920747,-161.284342,2, ,0.0,0.0,81.0,04.3,2,3000,0,0,0,0,1,0,0

FINAL,V27-D,27,D,3
IF,ZEPOK,63.920747,-161.284342,UNK,261.5,16.0,2,3000,0,0,0,0,0,0
CF,COPAM,63.910239,-161.059194,0,UNK,261.5,10.0,81.0,6.0,2,1300,0,0,0,0,2,0
CF,MEBSY,63.903036,-160.909192,0,UNK,261.5,6.0,81.0,4.0,1,860,0,0,0,0,3,1
CF,HERLA,63.716561,-161.136244,2,UNK,213.9,16.0,214.0,12.8,2,2000,0,0,0,0,0,0
HM,HERLA,63.716561,-161.136244,2, ,0.0,0.0,214.0,04.3,0,0,0,0,0,0,0,0,0

APPTR,V33-D,33,EARMI
IF,EARMI,63.975728,-161.257692, ,0.0,0.0,0,0,0,0,0,0,1,0
AF,ZEPOK,63.920747,-161.284342,1,UNK,261.5,16.0,274.0,2,3000,0,0,0,0,1,0

APPTR,V33-D,33,HERLA
IF,HERLA,63.716561,-161.136244, ,0.0,0.0,0,0,0,0,0,0,1,0
AF,ZEPOK,63.920747,-161.284342,2,UNK,261.5,16.0,214.0,2,3000,0,0,0,0,1,0

APPTR,V33-D,33,SHMUK
IF,SHMUK,63.626283,-160.667767, ,0.0,0.0,0,0,0,0,0,0,1,0
AF,HERLA,63.716561,-161.136244,2,UNK,213.9,16.0,163.0,2,3700,0,0,0,0,0,0
AF,ZEPOK,63.920747,-161.284342,2,UNK,261.5,16.0,214.0,2,3000,0,0,0,0,1,0

APPTR,V33-D,33,UNK
IF,UNK,63.891942,-160.684275, ,0.0,0.0,0,0,0,0,0,0,0,0
TF,ZEPOK,63.920747,-161.284342,0, ,0.0,0.0,0.0,0.0,2,3200,0,0,0,0,0,0
HF,ZEPOK,63.920747,-161.284342,2, ,0.0,0.0,81.0,04.3,2,3000,0,0,0,0,1,0,0

FINAL,V33-D,33,D,3
IF,ZEPOK,63.920747,-161.284342,UNK,261.5,16.0,2,3000,0,0,0,0,0,0
CF,COPAM,63.910239,-161.059194,0,UNK,261.5,10.0,81.0,6.0,2,1300,0,0,0,0,2,0
CF,MEBSY,63.903036,-160.909192,0,UNK,261.5,6.0,81.0,4.0,1,860,0,0,0,0,3,1
CF,HERLA,63.716561,-161.136244,2,UNK,213.9,16.0,214.0,12.8,2,2000,0,0,0,0,0,0
HM,HERLA,63.716561,-161.136244,2, ,0.0,0.0,214.0,04.3,0,0,0,0,0,0,0,0,0

