SID,ROKKO1,01,4
VA,0,11.0,2,1900,0,0,0,0,0,0
DF,GUNZE,35.273581,135.230125,2, ,0.0,0.0,0,0,0,0,0,0,0,0
TF,ROKKO,35.116822,135.300256,0, ,0.0,0.0,0.0,0.0,0,0,0,0,0,0,0,0

SID,ROKKO1,19,4
VA,0,191.0,2,1900,0,0,0,0,0,0
DF,GUNZE,35.273581,135.230125,0, ,0.0,0.0,0,0,0,0,0,0,0,0
TF,ROKKO,35.116822,135.300256,0, ,0.0,0.0,0.0,0.0,0,0,0,0,0,0,0,0

SID,THE2R,01,1
CA,0,11.0,2,1000,0,0,0,0,0,0
VI,0, ,0.0,60.0,0,0,0,0,0,0,0,0
CF,THE05,35.595517,134.829644,0,THE,30.0,5.0,30.0,4.0,0,0,0,0,0,0,0,1
DF,THE,35.518139,134.791367,1, ,0.0,0.0,2,5000,0,0,0,0,0,0

SID,THE2R,19,1
CA,0,191.0,2,1900,0,0,0,0,0,0
VI,1, ,0.0,345.0,0,0,0,0,0,0,0,0
CF,THE05,35.595517,134.829644,0,THE,30.0,5.0,30.0,2.0,0,0,0,0,0,0,0,1
DF,THE,35.518139,134.791367,1, ,0.0,0.0,2,5000,0,0,0,0,0,0

SID,YME2,01,1
CA,0,11.0,2,1900,0,0,0,0,0,0
VD, ,0,0,2,YME,0.0,0.0,150.0,10.0,2,5000,0,0,0,0,0,0
VI,0, ,0.0,150.0,0,0,0,0,0,0,0,0
CF,YME,35.480692,135.137022,0,YME,0.0,0.0,105.0,11.0,0,0,0,0,0,0,0,0

SID,YME2,19,1
CA,0,191.0,2,1900,0,0,0,0,0,0
VD, ,0,0,1,YME,0.0,0.0,60.0,10.0,2,5000,0,0,0,0,0,0
VI,0, ,0.0,60.0,0,0,0,0,0,0,0,0
CF,YME,35.480692,135.137022,0,YME,0.0,0.0,105.0,10.0,0,0,0,0,0,0,0,0

APPTR,L01-Y,01,THE
IF,THE,35.518139,134.791367, ,0.0,0.0,2,5000,0,0,0,0,0,0
FD,THE,35.518139,134.791367,0,THE,0.0,15.0,180.0,15.0,0,0,0,1,200,0,0,0
CF,D192O,35.269192,134.767744,2,THE,192.5,15.0,12.0,1.0,2,4600,0,0,0,0,0,0
CF,LOC12,35.327494,134.772394,0,THE,192.7,11.5,12.0,3.5,2,4000,0,0,0,0,0,0
CF,CF01,35.352481,134.774392,0,ITH,191.8,10.0,12.0,1.5,2,3400,0,0,0,0,0,0

FINAL,L01-Y,01,D,5
IF,CF01,35.352481,134.774392,ITH,191.8,10.0,2,3400,0,0,0,0,0,0
CF,SHRAK,35.414089,134.779317,0,ITH,191.8,6.3,12.0,3.7,2,2417,0,0,0,0,2,0
CF,50LOC,35.435764,134.781050,0,ITH,191.8,5.0,12.0,1.3,2,2003,0,0,0,0,0,0
CF,37LOC,35.457419,134.782783,0,ITH,191.8,3.7,12.0,1.3,2,1589,0,0,0,0,0,0
CF,MA01,35.494064,134.785719,0,ITH,191.8,1.5,12.0,2.2,1,889,0,0,0,0,3,0
VA,0,12.0,2,3000,0,0,0,0,0,0
DF,THE,35.518139,134.791367,2, ,0.0,0.0,1,5000,0,0,0,0,0,0
HM,THE,35.518139,134.791367,2, ,0.0,0.0,180.0,04.3,2,5000,0,1,230,0,0,0,0

APPTR,L01-Z,01,FOSTA
IF,FOSTA,35.142475,134.759119, ,0.0,0.0,2,7000,0,0,0,0,1,0
TF,D191S,35.201753,134.763050,0, ,0.0,0.0,0.0,0.0,2,4800,0,0,0,0,0,0
CF,TAKDA,35.269108,134.767528,0,ITH,191.8,15.0,11.0,4.0,2,4500,0,0,0,0,1,0

FINAL,L01-Z,01,D,7
IF,TAKDA,35.269108,134.767528,ITH,191.8,15.0,2,4500,0,0,0,0,0,0
CF,LOC12,35.327494,134.772394,0,ITH,191.8,11.5,12.0,3.5,2,4000,0,0,0,0,0,0
CF,LOC10,35.352478,134.774389,0,ITH,191.8,10.0,12.0,1.5,2,3400,0,0,0,0,0,0
CF,SHRAK,35.414089,134.779317,0,ITH,191.8,6.3,12.0,3.7,2,2417,0,0,0,0,2,0
CF,50LOC,35.435764,134.781050,0,ITH,191.8,5.0,12.0,1.3,2,2003,0,0,0,0,0,0
CF,37LOC,35.457419,134.782783,0,ITH,191.8,3.7,12.0,1.3,2,1589,0,0,0,0,0,0
CF,MA01,35.494064,134.785719,0,ITH,191.8,1.5,12.0,2.2,1,889,0,0,0,0,3,0
VA,0,12.0,2,3000,0,0,0,0,0,0
DF,THE,35.518139,134.791367,2, ,0.0,0.0,1,5000,0,0,0,0,0,0
HM,THE,35.518139,134.791367,2, ,0.0,0.0,180.0,04.3,2,5000,0,1,230,0,0,0,0

APPTR,R01,01,FOSTA
IF,FOSTA,35.142475,134.759119, ,0.0,0.0,2,7000,0,0,0,0,1,0
TF,BT150,35.212561,134.765756,0, ,0.0,0.0,0.0,0.0,2,4700,0,0,0,0,0,0
TF,BT151,35.279158,134.772072,0, ,0.0,0.0,0.0,0.0,2,3700,0,0,0,0,1,0

FINAL,R01,01,R,5
IF,BT151,35.279158,134.772072, ,0.0,0.0,2,3700,0,0,0,0,0,0
TF,YABOO,35.362542,134.777386,0, ,0.0,0.0,11.0,5.0,2,3400,0,0,0,0,2,0
TF,BT152,35.434078,134.781956,0, ,0.0,0.0,11.0,4.3,2,2034,0,0,0,0,0,0
TF,BT153,35.459092,134.783556,0, ,0.0,0.0,11.0,1.5,2,1556,0,0,0,0,0,0
TF,BT154,35.494111,134.785797,0, ,0.0,0.0,11.0,2.1,1,889,0,0,0,0,3,1
TF,BT155,35.568053,134.790533,0, ,0.0,0.0,0.0,0.0,0,0,0,0,0,0,0,1
DF,THE,35.518139,134.791367,2, ,0.0,0.0,1,5000,0,0,0,0,0,0
HM,THE,35.518139,134.791367,2, ,0.0,0.0,180.0,04.3,2,5000,0,1,170,0,0,0,0

APPTR,R19,19,FOSTA
IF,FOSTA,35.142475,134.759119, ,0.0,0.0,2,7000,0,0,0,0,1,0
TF,BT950,35.634817,134.858317,0, ,0.0,0.0,0.0,0.0,2,4600,0,0,0,0,0,0
TF,BT951,35.693178,134.862114,0, ,0.0,0.0,0.0,0.0,0,0,0,0,0,0,0,0
TF,BT952,35.695908,134.798744,0, ,0.0,0.0,0.0,0.0,0,0,0,0,0,0,1,0
TF,AMARB,35.637544,134.794994,0, ,0.0,0.0,0.0,0.0,2,2900,0,0,0,0,0,0

APPTR,R19,19,THE
IF,THE,35.518139,134.791367, ,0.0,0.0,2,5000,0,0,0,0,1,0
TF,BT950,35.634817,134.858317,0, ,0.0,0.0,0.0,0.0,2,4600,0,0,0,0,0,0
TF,BT951,35.693178,134.862114,0, ,0.0,0.0,0.0,0.0,0,0,0,0,0,0,0,0
TF,BT952,35.695908,134.798744,0, ,0.0,0.0,0.0,0.0,0,0,0,0,0,0,1,0
TF,AMARB,35.637544,134.794994,0, ,0.0,0.0,0.0,0.0,2,2900,0,0,0,0,0,0

FINAL,R19,19,R,4
IF,AMARB,35.637544,134.794994, ,0.0,0.0,2,2900,0,0,0,0,2,0
TF,BT953,35.606633,134.793008,0, ,0.0,0.0,191.0,1.9,2,2310,0,0,0,0,0,0
TF,BT954,35.559942,134.790014,0, ,0.0,0.0,191.0,2.8,2,1418,0,0,0,0,0,0
TF,BT955,35.534928,134.788411,0, ,0.0,0.0,191.0,1.5,1,942,0,0,0,0,3,1
TF,BT956,35.456550,134.783392,0, ,0.0,0.0,0.0,0.0,0,0,0,0,0,0,0,1
DF,THE,35.518139,134.791367,1, ,0.0,0.0,1,5000,0,0,0,0,0,0
HM,THE,35.518139,134.791367,2, ,0.0,0.0,3.0,04.3,2,5000,0,1,170,0,0,0,0

APPTR,V01-A,01,THE
IF,THE,35.518139,134.791367, ,0.0,0.0,2,5000,0,0,0,0,0,0
FD,THE,35.518139,134.791367,0,THE,0.0,7.0,355.0,7.0,0,0,0,0,0,0,0,0
CF,CF195,35.634111,134.808808,2,THE,15.0,7.0,195.0,1.0,2,3000,0,0,0,0,0,0

FINAL,V01-A,01,D,4
IF,CF195,35.634111,134.808808,THE,15.0,7.0,2,3000,0,0,0,0,0,0
CF,FF195,35.600975,134.803819,0,THE,15.0,5.0,195.0,2.0,2,2360,0,0,0,0,2,0
CF,31VOR,35.569497,134.799083,0,THE,15.0,3.1,195.0,1.9,2,1600,0,0,0,0,0,0
CF,THE,35.518139,134.791367,0,THE,0.0,0.0,195.0,3.1,1,1480,0,0,0,0,3,0
FA,THE,35.518139,134.791367,1,THE,0.0,0.0,15.0,2,4000,0,0,0,0,0,0
DF,THE,35.518139,134.791367,1, ,0.0,0.0,1,5000,0,0,0,0,0,0
HM,THE,35.518139,134.791367,2, ,0.0,0.0,355.0,04.3,0,0,0,0,0,0,0,0,0

APPTR,V19-A,19,THE
IF,THE,35.518139,134.791367, ,0.0,0.0,2,5000,0,0,0,0,0,0
FD,THE,35.518139,134.791367,0,THE,0.0,7.0,355.0,7.0,0,0,0,0,0,0,0,0
CF,CF195,35.634111,134.808808,2,THE,15.0,7.0,195.0,1.0,2,3000,0,0,0,0,0,0

FINAL,V19-A,19,D,4
IF,CF195,35.634111,134.808808,THE,15.0,7.0,2,3000,0,0,0,0,0,0
CF,FF195,35.600975,134.803819,0,THE,15.0,5.0,195.0,2.0,2,2360,0,0,0,0,2,0
CF,31VOR,35.569497,134.799083,0,THE,15.0,3.1,195.0,1.9,2,1600,0,0,0,0,0,0
CF,THE,35.518139,134.791367,0,THE,0.0,0.0,195.0,3.1,1,1480,0,0,0,0,3,0
FA,THE,35.518139,134.791367,1,THE,0.0,0.0,15.0,2,4000,0,0,0,0,0,0
DF,THE,35.518139,134.791367,1, ,0.0,0.0,1,5000,0,0,0,0,0,0
HM,THE,35.518139,134.791367,2, ,0.0,0.0,355.0,04.3,0,0,0,0,0,0,0,0,0

