SID,RISH1R,07,1
CA,0,67.0,2,600,0,0,0,0,0,0
FD,PME,45.248056,141.184828,0,PME,0.0,17.0,35.0,17.0,2,4000,0,0,0,0,0,0
DF,PME,45.248056,141.184828,1, ,0.0,0.0,2,8000,0,0,0,0,0,0

SID,RISH1R,25,1
CA,0,247.0,2,600,0,0,0,0,0,0
VI,2, ,0.0,65.0,0,0,0,0,0,0,0,0
FD,PME,45.248056,141.184828,0,PME,0.0,17.0,35.0,17.0,2,4000,0,0,0,0,0,0
DF,PME,45.248056,141.184828,1, ,0.0,0.0,2,8000,0,0,0,0,0,0

APPTR,D07-A,07,KONBU
IF,KONBU,45.465983,141.064022, ,0.0,0.0,2,3000,0,0,0,0,0,0
CI,0, ,0.0,169.0,0,0,0,0,0,0,0,0
AF,D051L,45.396444,141.372944,2,RSE,51.0,12.0,349.0,2,2000,0,0,0,0,0,0
CF,FUJIN,45.323214,141.282353,0,RSE,51.0,6.2,231.0,5.8,2,2000,0,0,0,0,0,0

APPTR,D07-A,07,RINZO
IF,RINZO,45.117789,141.513689, ,0.0,0.0,2,8000,0,0,0,0,0,0
CI,0, ,0.0,309.0,0,0,0,0,0,0,0,0
AF,D051L,45.396444,141.372944,1,RSE,51.0,12.0,129.0,2,2000,0,0,0,0,0,0
CF,FUJIN,45.323214,141.282353,0,RSE,51.0,6.2,231.0,5.8,2,2000,0,0,0,0,0,0

FINAL,D07-A,07,D,2
IF,FUJIN,45.323214,141.282353,RSE,51.0,6.2,2,2000,0,0,0,0,2,0
CF,MA231,45.258236,141.202242,0,RSE,51.0,0.0,231.0,5.2,1,720,0,0,0,0,3,0
CA,0,231.0,2,720,0,0,0,0,0,0
CF,KONBU,45.465983,141.064022,2,RSE,348.6,14.2,349.0,14.0,0,0,0,0,0,0,0,0
HM,KONBU,45.465983,141.064022,2, ,0.0,0.0,169.0,05,1,3000,0,0,0,0,0,0,0

APPTR,D07-B,07,KONBU
IF,KONBU,45.465983,141.064022, ,0.0,0.0,2,3000,0,0,0,0,0,0
CI,0, ,0.0,169.0,0,0,0,0,0,0,0,0
AF,D290L,45.282439,140.905869,1,PME,290.0,12.0,349.0,2,2700,0,0,0,0,0,0
AF,D272L,45.219881,140.904631,1,PME,272.0,12.0,290.0,0,0,0,0,0,0,0,1
CF,FF082,45.211900,141.027872,0,PME,262.0,7.0,82.0,5.0,2,2000,0,0,0,0,0,0

APPTR,D07-B,07,PME
IF,PME,45.248056,141.184828, ,0.0,0.0,2,8000,0,0,0,0,0,0
TF,D310L,45.347775,140.939233,0, ,0.0,0.0,0.0,0.0,0,0,0,0,0,0,0,0
AF,D290L,45.282439,140.905869,1,PME,290.0,12.0,310.0,2,2700,0,0,0,0,0,0
AF,D272L,45.219881,140.904631,1,PME,272.0,12.0,290.0,0,0,0,0,0,0,0,1
CF,FF082,45.211900,141.027872,0,PME,262.0,7.0,82.0,5.0,2,2000,0,0,0,0,0,0

FINAL,D07-B,07,D,2
IF,FF082,45.211900,141.027872,PME,262.0,7.0,2,2000,0,0,0,0,2,0
CF,PME,45.248056,141.184828,0,PME,0.0,0.0,82.0,7.0,1,840,0,0,0,0,3,0
CA,0,82.0,2,840,0,0,0,0,0,0
VI,1, ,0.0,319.0,0,0,0,0,0,0,0,0
CF,KONBU,45.465983,141.064022,0,PME,348.7,14.0,349.0,6.0,1,3000,0,0,0,0,0,0
HM,KONBU,45.465983,141.064022,2, ,0.0,0.0,169.0,05,2,3000,0,0,0,0,0,0,0

APPTR,D25-A,25,KONBU
IF,KONBU,45.465983,141.064022, ,0.0,0.0,2,3000,0,0,0,0,0,0
CI,0, ,0.0,169.0,0,0,0,0,0,0,0,0
AF,D051L,45.396444,141.372944,2,RSE,51.0,12.0,349.0,2,2000,0,0,0,0,0,0
CF,FUJIN,45.323214,141.282353,0,RSE,51.0,6.2,231.0,5.8,2,2000,0,0,0,0,0,0

APPTR,D25-A,25,RINZO
IF,RINZO,45.117789,141.513689, ,0.0,0.0,2,8000,0,0,0,0,0,0
CI,0, ,0.0,309.0,0,0,0,0,0,0,0,0
AF,D051L,45.396444,141.372944,1,RSE,51.0,12.0,129.0,2,2000,0,0,0,0,0,0
CF,FUJIN,45.323214,141.282353,0,RSE,51.0,6.2,231.0,5.8,2,2000,0,0,0,0,0,0

FINAL,D25-A,25,D,2
IF,FUJIN,45.323214,141.282353,RSE,51.0,6.2,2,2000,0,0,0,0,2,0
CF,MA231,45.258236,141.202242,0,RSE,51.0,0.0,231.0,5.2,1,720,0,0,0,0,3,0
CA,0,231.0,2,720,0,0,0,0,0,0
CF,KONBU,45.465983,141.064022,2,RSE,348.6,14.2,349.0,14.0,0,0,0,0,0,0,0,0
HM,KONBU,45.465983,141.064022,2, ,0.0,0.0,169.0,05,1,3000,0,0,0,0,0,0,0

APPTR,D25-B,25,KONBU
IF,KONBU,45.465983,141.064022, ,0.0,0.0,2,3000,0,0,0,0,0,0
CI,0, ,0.0,169.0,0,0,0,0,0,0,0,0
AF,D290L,45.282439,140.905869,1,PME,290.0,12.0,349.0,2,2700,0,0,0,0,0,0
AF,D272L,45.219881,140.904631,1,PME,272.0,12.0,290.0,0,0,0,0,0,0,0,1
CF,FF082,45.211900,141.027872,0,PME,262.0,7.0,82.0,5.0,2,2000,0,0,0,0,0,0

APPTR,D25-B,25,PME
IF,PME,45.248056,141.184828, ,0.0,0.0,2,8000,0,0,0,0,0,0
TF,D310L,45.347775,140.939233,0, ,0.0,0.0,0.0,0.0,0,0,0,0,0,0,0,0
AF,D290L,45.282439,140.905869,1,PME,290.0,12.0,310.0,2,2700,0,0,0,0,0,0
AF,D272L,45.219881,140.904631,1,PME,272.0,12.0,290.0,0,0,0,0,0,0,0,1
CF,FF082,45.211900,141.027872,0,PME,262.0,7.0,82.0,5.0,2,2000,0,0,0,0,0,0

FINAL,D25-B,25,D,2
IF,FF082,45.211900,141.027872,PME,262.0,7.0,2,2000,0,0,0,0,2,0
CF,PME,45.248056,141.184828,0,PME,0.0,0.0,82.0,7.0,1,840,0,0,0,0,3,0
CA,0,82.0,2,840,0,0,0,0,0,0
VI,1, ,0.0,319.0,0,0,0,0,0,0,0,0
CF,KONBU,45.465983,141.064022,0,PME,348.7,14.0,349.0,6.0,1,3000,0,0,0,0,0,0
HM,KONBU,45.465983,141.064022,2, ,0.0,0.0,169.0,05,2,3000,0,0,0,0,0,0,0

APPTR,L25,25,KONBU
IF,KONBU,45.465983,141.064022, ,0.0,0.0,2,3000,0,0,0,0,0,0
CI,0, ,0.0,169.0,0,0,0,0,0,0,0,0
AF,D067L,45.351489,141.427325,2,PME,68.8,12.0,349.0,0,0,0,0,0,0,0,0
CF,CL25,45.324369,141.368167,0,IRS,67.1,9.7,247.0,3.0,2,2000,0,0,0,0,0,0

APPTR,L25,25,RINZO
IF,RINZO,45.117789,141.513689, ,0.0,0.0,2,8000,0,0,0,0,0,0
TF,D130L,45.150419,141.431672,0, ,0.0,0.0,0.0,0.0,0,0,0,0,0,0,0,0
AF,D067L,45.351489,141.427325,1,PME,68.8,12.0,130.0,0,0,0,0,0,0,0,0
CF,CL25,45.324369,141.368167,0,IRS,67.1,9.7,247.0,3.0,2,2000,0,0,0,0,0,0

FINAL,L25,25,D,3
IF,CL25,45.324369,141.368167,IRS,67.1,9.7,2,2000,0,0,0,0,0,0
CF,NOZKA,45.306294,141.328444,0,IRS,67.1,7.7,247.0,2.0,2,2000,0,0,0,0,2,0
CF,ML25,45.251133,141.207572,0,IRS,67.1,1.6,247.0,6.1,1,329,0,0,0,0,3,0
CA,0,247.0,2,600,0,0,0,0,0,0
CF,KONBU,45.465983,141.064022,2,PME,348.7,14.0,349.0,14.0,1,3000,0,0,0,0,0,0
HM,KONBU,45.465983,141.064022,2, ,0.0,0.0,169.0,05,2,3000,0,0,0,0,0,0,0

