SID,FREDY1,13,4
VA,0,129.0,2,1200,0,0,0,0,0,0
DF,FREDY,30.900464,131.262072,1, ,0.0,0.0,2,7000,0,0,0,0,0,0
TF,QUEEN,31.226283,131.560158,0, ,0.0,0.0,0.0,0.0,0,0,0,0,0,0,0,0

SID,FREDY1,31,4
VA,0,309.0,2,1300,0,0,0,0,0,0
DF,FREDY,30.900464,131.262072,2, ,0.0,0.0,2,7000,0,0,0,0,0,0
TF,QUEEN,31.226283,131.560158,0, ,0.0,0.0,0.0,0.0,0,0,0,0,0,0,0,0

SID,FREDY1,JACKY,6
IF,QUEEN,31.226283,131.560158, ,0.0,0.0,0,0,0,0,0,0,0,0
TF,JACKY,31.554661,131.863114,0, ,0.0,0.0,0.0,0.0,0,0,0,0,0,0,0,0

SID,KAGYA1,13,4
VA,0,129.0,2,1200,0,0,0,0,0,0
DF,KAGYA,30.793103,130.920944,1, ,0.0,0.0,0,0,0,0,0,0,0,0
TF,FG801,30.924944,130.872056,0, ,0.0,0.0,0.0,0.0,2,6000,0,0,0,0,0,0
TF,KINKO,31.332836,130.720008,0, ,0.0,0.0,0.0,0.0,0,0,0,0,0,0,0,0

SID,KAGYA1,31,4
VA,0,309.0,2,1300,0,0,0,0,0,0
DF,KAGYA,30.793103,130.920944,2, ,0.0,0.0,0,0,0,0,0,0,0,0
TF,FG801,30.924944,130.872056,0, ,0.0,0.0,0.0,0.0,2,6000,0,0,0,0,0,0
TF,KINKO,31.332836,130.720008,0, ,0.0,0.0,0.0,0.0,0,0,0,0,0,0,0,0

SID,KINKO2,13,1
CD, ,0,0,0,TGE,0,0.0,129.0,1.5,0,0,0,0,0,0,0,0
VI,1, ,0.0,319.0,0,0,0,0,0,0,0,0
CF,D349S,30.904503,130.879708,0,TGE,348.3,19.0,349.0,11.0,2,6000,0,0,0,0,0,0

SID,KINKO2,31,1
CD, ,0,0,0,TGE,0,0.0,309.0,1.7,0,0,0,0,0,0,0,0
VI,0, ,0.0,19.0,0,0,0,0,0,0,0,0
CF,D349S,30.904503,130.879708,0,TGE,348.3,19.0,349.0,14.0,2,6000,0,0,0,0,0,0

SID,KINKO2,ALL,2
IF,D349S,30.904503,130.879708, ,0.0,0.0,2,6000,0,0,0,0,0,0
TF,KINKO,31.332836,130.720008,0, ,0.0,0.0,0.0,0.0,0,0,0,0,0,0,0,0

SID,QUEEN2,13,1
CD, ,0,0,0,TGE,0,0.0,129.0,1.5,0,0,0,0,0,0,0,0
VI,1, ,0.0,15.0,0,0,0,0,0,0,0,0
CF,TGE27,30.957156,131.313769,0,TGE,44.0,27.0,45.0,19.0,2,7000,0,0,0,0,0,0

SID,QUEEN2,31,1
CD, ,0,0,0,TGE,0,0.0,309.0,1.7,0,0,0,0,0,0,0,0
VI,2, ,0.0,75.0,0,0,0,0,0,0,0,0
CF,TGE27,30.957156,131.313769,0,TGE,44.0,27.0,45.0,19.0,2,7000,0,0,0,0,0,0

SID,QUEEN2,ALL,2
IF,TGE27,30.957156,131.313769, ,0.0,0.0,2,7000,0,0,0,0,0,0
TF,QUEEN,31.226283,131.560158,0, ,0.0,0.0,0.0,0.0,0,0,0,0,0,0,0,0

SID,QUEEN2,JACKY,3
IF,QUEEN,31.226283,131.560158, ,0.0,0.0,0,0,0,0,0,0,0,0
TF,JACKY,31.554661,131.863114,0, ,0.0,0.0,0.0,0.0,0,0,0,0,0,0,0,0

SID,TANE2R,13,1
CD, ,0,0,0,TGE,0,0.0,129.0,1.5,0,0,0,0,0,0,0,0
VI,1, ,0.0,304.0,0,0,0,0,0,0,0,0
FD,TGE,30.602156,130.991533,0,TGE,0.0,7.0,349.0,7.0,0,0,0,0,0,0,0,0
DF,TGE,30.602156,130.991533,1, ,0.0,0.0,0,0,0,0,0,0,0,0

SID,TANE2R,31,1
CD, ,0,0,0,TGE,0,0.0,309.0,1.7,0,0,0,0,0,0,0,0
VI,0, ,0.0,34.0,0,0,0,0,0,0,0,0
FD,TGE,30.602156,130.991533,0,TGE,0.0,7.0,349.0,7.0,0,0,0,0,0,0,0,0
DF,TGE,30.602156,130.991533,1, ,0.0,0.0,0,0,0,0,0,0,0,0

STAR,KAGYA,ALL,2
IF,TEPPO,30.760117,131.134306, ,0.0,0.0,0,0,0,0,0,0,0,0
AF,KAGYA,30.793103,130.920944,1,TGE,348.3,12.0,44.0,2,6000,0,0,0,0,0,0

APPTR,D13,13,TGE
IF,TGE,30.602156,130.991533, ,0.0,0.0,2,3000,0,0,0,0,0,0
FC,TGE,30.602156,130.991533,0,TGE,0.0,0.0,295.0,7.0,0,0,0,0,0,0,0,1
CF,FD13,30.649911,130.920803,2,TGE,315.0,4.7,135.0,3.0,2,2100,0,0,0,0,0,0

FINAL,D13,13,D,2
IF,FD13,30.649911,130.920803,TGE,315.0,4.7,2,2100,0,0,0,0,2,0
CF,RW13,30.610000,130.982778,0,TGE,323.0,0.7,135.0,4.0,1,828,0,0,0,0,3,0
CF,TGE,30.602156,130.991533,0,TGE,0.0,0.0,135.0,0.7,0,0,0,0,0,0,0,1
FA,TGE,30.602156,130.991533,0,TGE,0.0,0.0,135.0,2,3000,0,0,0,0,0,0
DF,TGE,30.602156,130.991533,1, ,0.0,0.0,0,0,0,0,0,0,0,0
HM,TGE,30.602156,130.991533,2, ,0.0,0.0,295.0,04.3,2,3000,0,0,0,0,0,0,0

APPTR,D31,31,TGE
IF,TGE,30.602156,130.991533, ,0.0,0.0,2,3000,0,0,0,0,0,0
FC,TGE,30.602156,130.991533,0,TGE,0.0,0.0,141.0,7.0,0,0,0,0,0,0,0,1
CF,FD31,30.571836,131.070169,1,TGE,121.0,4.5,301.0,3.0,2,2000,0,0,0,0,0,0

FINAL,D31,31,D,2
IF,FD31,30.571836,131.070169,TGE,121.0,4.5,2,2000,0,0,0,0,2,0
CF,RW31,30.600278,131.000278,0,TGE,110.9,0.5,301.0,4.0,1,808,0,0,0,0,3,0
CF,TGE,30.602156,130.991533,0,TGE,0.0,0.0,301.0,0.5,0,0,0,0,0,0,0,1
FA,TGE,30.602156,130.991533,0,TGE,0.0,0.0,301.0,2,3000,0,0,0,0,0,0
DF,TGE,30.602156,130.991533,2, ,0.0,0.0,0,0,0,0,0,0,0,0
HM,TGE,30.602156,130.991533,2, ,0.0,0.0,146.0,04.3,2,3000,0,0,0,0,0,0,0

APPTR,I31,31,TGE
IF,TGE,30.602156,130.991533, ,0.0,0.0,2,3000,0,0,0,0,0,0
FC,TGE,30.602156,130.991533,0,TGE,0.0,0.0,149.0,7.0,0,0,0,0,0,0,0,1
CF,CF31,30.549550,131.091322,1,ITN,129.8,6.8,310.0,1.0,2,2300,0,0,0,0,0,0

FINAL,I31,31,I,3
IF,CF31,30.549550,131.091322,ITN,129.8,6.8,2,2300,0,0,0,0,0,0
CF,FF31,30.567644,131.058867,0,ITN,129.8,4.8,310.0,2.0,1,2300,0,0,0,0,2,0
CF,RW31,30.600278,131.000278,0,ITN,129.7,1.2,310.0,3.6,1,812,0,0,0,0,3,0
CA,0,310.0,2,1270,0,0,0,0,0,0
FA,TGE,30.602156,130.991533,0,TGE,0.0,0.0,310.0,2,3000,0,0,0,0,0,0
DF,TGE,30.602156,130.991533,2, ,0.0,0.0,0,0,0,0,0,0,0,0
HM,TGE,30.602156,130.991533,2, ,0.0,0.0,146.0,04.3,2,3000,0,0,0,0,0,0,0

APPTR,R13,13,KAGYA
IF,KAGYA,30.793103,130.920944, ,0.0,0.0,2,6000,0,0,0,0,1,0
TF,OKINA,30.687664,130.842703,0, ,0.0,0.0,0.0,0.0,0,0,0,0,0,0,1,0
TF,FF13,30.643219,130.922925,0, ,0.0,0.0,0.0,0.0,2,2000,0,0,0,0,0,0

FINAL,R13,13,R,2
IF,FF13,30.643219,130.922925, ,0.0,0.0,2,2000,0,0,0,0,2,0
TF,RW13,30.610000,130.982778,0, ,0.0,0.0,129.0,3.7,1,828,0,0,0,0,3,1
CA,0,129.0,2,1270,0,0,0,0,0,0
DF,KAGYA,30.793103,130.920944,1, ,0.0,0.0,2,6000,0,0,0,0,0,0
HM,KAGYA,30.793103,130.920944,1, ,0.0,0.0,169.0,06,2,6000,0,1,230,0,0,0,0

