SID,ASARI2,18,1
CA,0,177.0,2,500,0,0,0,0,0,0
VI,1, ,0.0,32.0,0,0,0,0,0,0,0,0
CF,D077H,33.883619,131.181242,0,KKE,77.1,8.0,77.0,3.0,2,3000,0,0,0,0,0,0
TF,ASARI,33.894161,131.214533,0, ,0.0,0.0,0.0,0.0,0,0,0,0,0,0,0,0

SID,ASARI2,36,1
CA,0,357.0,2,500,0,0,0,0,0,0
VI,2, ,0.0,122.0,0,0,0,0,0,0,0,0
CF,D077H,33.883619,131.181242,0,KKE,77.1,8.0,77.0,3.0,2,3000,0,0,0,0,0,0
TF,ASARI,33.894161,131.214533,0, ,0.0,0.0,0.0,0.0,0,0,0,0,0,0,0,0

SID,ASARI2,MYE,3
IF,ASARI,33.894161,131.214533, ,0.0,0.0,0,0,0,0,0,0,0,0
CI,0, ,0.0,77.0,0,0,0,0,0,0,0,0
CF,HIMEH,33.737469,131.614233,0,UBE,132.6,20.4,133.0,19.0,0,0,0,0,0,0,0,0
CI,0, ,0.0,133.0,0,0,0,0,0,0,0,0
CF,MYE,33.830103,132.692222,0,MYE,0.0,0.0,77.0,44.0,0,0,0,0,0,0,0,0

SID,ASARI2,TFE,3
IF,ASARI,33.894161,131.214533, ,0.0,0.0,0,0,0,0,0,0,0,0
CI,0, ,0.0,77.0,0,0,0,0,0,0,0,0
CF,HIMEH,33.737469,131.614233,0,UBE,132.6,20.4,133.0,19.0,0,0,0,0,0,0,0,0
TF,TFE,33.489714,131.728756,0, ,0.0,0.0,0.0,0.0,0,0,0,0,0,0,0,0

SID,KOHEI1,18,4
VA,0,178.0,2,500,0,0,0,0,0,0
DF,KOHEI,33.849411,131.427775,1, ,0.0,0.0,0,0,0,0,0,0,0,0

SID,KOHEI1,36,4
VA,0,358.0,2,500,0,0,0,0,0,0
DF,KOHEI,33.849411,131.427775,2, ,0.0,0.0,0,0,0,0,0,0,0,0

SID,KOHEI1,DOUGO,6
IF,KOHEI,33.849411,131.427775, ,0.0,0.0,0,0,0,0,0,0,0,0
TF,HIMEH,33.737469,131.614233,0, ,0.0,0.0,0.0,0.0,0,0,0,0,0,0,0,0
TF,GONBE,33.631183,132.196883,0, ,0.0,0.0,0.0,0.0,0,0,0,0,0,0,0,0
TF,MYE,33.830103,132.692222,0, ,0.0,0.0,0.0,0.0,0,0,0,0,0,0,0,0

SID,KOHEI1,FIATO,6
IF,KOHEI,33.849411,131.427775, ,0.0,0.0,0,0,0,0,0,0,0,0
TF,HIMEH,33.737469,131.614233,0, ,0.0,0.0,0.0,0.0,0,0,0,0,0,0,0,0
TF,ALFET,33.667075,132.002003,0, ,0.0,0.0,0.0,0.0,2,16000,0,0,0,0,0,0
TF,MILAN,33.927111,132.681731,0, ,0.0,0.0,0.0,0.0,0,0,0,0,0,0,0,0
TF,FIATO,34.010397,133.065158,0, ,0.0,0.0,0.0,0.0,0,0,0,0,0,0,0,0

SID,ONGHA1,18,1
CA,0,177.0,2,500,0,0,0,0,0,0
DF,KKE,33.836103,131.031606,1, ,0.0,0.0,2,3000,0,0,0,0,0,0

SID,ONGHA1,36,1
CA,0,357.0,2,500,0,0,0,0,0,0
DF,KKE,33.836103,131.031606,2, ,0.0,0.0,2,3000,0,0,0,0,0,0

SID,ONGHA1,ALL,2
IF,KKE,33.836103,131.031606, ,0.0,0.0,2,3000,0,0,0,0,0,0
TF,ONGHA,33.788706,130.786911,0, ,0.0,0.0,0.0,0.0,0,0,0,0,0,0,0,0

APPTR,D18,18,SWE
IF,SWE,33.856617,131.029400, ,0.0,0.0,2,4500,0,0,0,0,0,0
FD,SWE,33.856617,131.029400,0,SWE,0.0,7.0,35.0,7.0,0,0,0,0,0,0,0,0
CF,D015G,33.972353,131.048922,1,SWE,15.0,7.0,195.0,1.0,2,2000,0,0,0,0,0,0
TF,FD18,33.932672,131.042222,0, ,0.0,0.0,0.0,0.0,2,960,0,0,0,0,0,0

FINAL,D18,18,D,3
IF,FD18,33.932672,131.042222,SWE,15.0,4.6,2,960,0,0,0,0,2,0
CF,33VOR,33.911178,131.038597,0,SWE,15.0,3.3,195.0,1.3,2,840,0,0,0,0,0,0
CF,SWE,33.856617,131.029400,0,SWE,0.0,0.0,195.0,3.3,1,70,0,0,0,0,3,0
CA,0,195.0,2,530,0,0,0,0,0,0
VI,1, ,0.0,38.0,0,0,0,0,0,0,0,0
CF,ASARI,33.894161,131.214533,0,SWE,83.3,9.5,83.0,4.0,2,4000,0,0,0,0,0,0
HM,ASARI,33.894161,131.214533,2, ,0.0,0.0,263.0,06,0,0,0,0,0,0,0,0,0

FINAL,D18-A,18,D,2
IF,ASARI,33.894161,131.214533,KKE,77.1,9.8,2,4000,0,0,0,0,2,0
CF,MA257,33.842050,131.050300,0,KKE,77.1,0.0,257.0,8.8,1,1000,0,0,0,0,3,0
CA,0,257.0,2,1000,0,0,0,0,0,0
VI,1, ,0.0,47.0,0,0,0,0,0,0,0,0
CF,ASARI,33.894161,131.214533,0,KKE,77.1,9.8,77.0,3.0,2,4000,0,0,0,0,0,0
HM,ASARI,33.894161,131.214533,2, ,0.0,0.0,257.0,05.2,2,4000,0,1,230,0,0,0,0

APPTR,D18-B,18,KKE
IF,KKE,33.836103,131.031606, ,0.0,0.0,2,4500,0,0,0,0,0,0
FD,KKE,33.836103,131.031606,0,KKE,0.0,7.0,74.0,7.0,0,0,0,0,0,0,0,0
CF,FF274,33.842042,131.134133,2,KKE,94.0,5.1,274.0,2.0,2,1600,0,0,0,0,0,0

FINAL,D18-B,18,D,2
IF,FF274,33.842042,131.134133,KKE,94.0,5.1,2,1600,0,0,0,0,2,0
CF,MA274,33.837264,131.051564,0,KKE,94.0,0.0,274.0,4.1,1,580,0,0,0,0,3,0
CA,0,274.0,2,580,0,0,0,0,0,0
VI,1, ,0.0,47.0,0,0,0,0,0,0,0,0
CF,ASARI,33.894161,131.214533,0,KKE,77.1,9.8,77.0,3.0,2,4000,0,0,0,0,0,0
HM,ASARI,33.894161,131.214533,2, ,0.0,0.0,257.0,05.2,2,4000,0,1,230,0,0,0,0

FINAL,D36-A,36,D,2
IF,ASARI,33.894161,131.214533,KKE,77.1,9.8,2,4000,0,0,0,0,2,0
CF,MA257,33.842050,131.050300,0,KKE,77.1,0.0,257.0,8.8,1,1000,0,0,0,0,3,0
CA,0,257.0,2,1000,0,0,0,0,0,0
VI,1, ,0.0,47.0,0,0,0,0,0,0,0,0
CF,ASARI,33.894161,131.214533,0,KKE,77.1,9.8,77.0,3.0,2,4000,0,0,0,0,0,0
HM,ASARI,33.894161,131.214533,2, ,0.0,0.0,257.0,05.2,2,4000,0,1,230,0,0,0,0

APPTR,D36-B,36,KKE
IF,KKE,33.836103,131.031606, ,0.0,0.0,2,4500,0,0,0,0,0,0
FD,KKE,33.836103,131.031606,0,KKE,0.0,7.0,74.0,7.0,0,0,0,0,0,0,0,0
CF,FF274,33.842042,131.134133,2,KKE,94.0,5.1,274.0,2.0,2,1600,0,0,0,0,0,0

FINAL,D36-B,36,D,2
IF,FF274,33.842042,131.134133,KKE,94.0,5.1,2,1600,0,0,0,0,2,0
CF,MA274,33.837264,131.051564,0,KKE,94.0,0.0,274.0,4.1,1,580,0,0,0,0,3,0
CA,0,274.0,2,580,0,0,0,0,0,0
VI,1, ,0.0,47.0,0,0,0,0,0,0,0,0
CF,ASARI,33.894161,131.214533,0,KKE,77.1,9.8,77.0,3.0,2,4000,0,0,0,0,0,0
HM,ASARI,33.894161,131.214533,2, ,0.0,0.0,257.0,05.2,2,4000,0,1,230,0,0,0,0

APPTR,I18,18,KKE
IF,KKE,33.836103,131.031606, ,0.0,0.0,2,4500,0,0,0,0,0,0
FC,KKE,33.836103,131.031606,0,KKE,0.0,0.0,14.0,12.0,0,0,0,0,0,0,0,1
CF,CF18,34.038033,130.994975,1,IKQ,357.2,12.5,177.0,1.0,2,3100,0,0,0,0,0,0

FINAL,I18,18,I,3
IF,CF18,34.038033,130.994975,IKQ,357.2,12.5,2,3100,0,0,0,0,0,0
CF,FF18,34.013547,131.000081,0,IKQ,357.2,11.0,177.0,1.5,1,3100,0,0,0,0,2,0
CF,RW18,33.856644,131.032731,0,IKQ,357.2,1.5,177.0,9.5,1,76,0,0,0,0,3,0
CA,0,177.0,2,530,0,0,0,0,0,0
VI,1, ,0.0,47.0,0,0,0,0,0,0,0,0
CF,ASARI,33.894161,131.214533,0,KKE,77.1,9.8,77.0,3.0,2,4000,0,0,0,0,0,0
HM,ASARI,33.894161,131.214533,2, ,0.0,0.0,257.0,05.2,2,4000,0,1,230,0,0,0,0

FINAL,L18,18,D,4
IF,CL18,33.972147,131.008186,IKQ,357.0,8.5,2,2400,0,0,0,0,0,0
CF,FL18,33.929592,131.017203,0,IKQ,357.0,5.9,177.0,2.6,2,960,0,0,0,0,2,0
CF,33LOC,33.908211,131.021731,0,IKQ,357.0,4.6,177.0,1.3,2,840,0,0,0,0,0,0
CF,ML18,33.865408,131.030786,0,IKQ,357.0,2.0,177.0,2.6,1,243,0,0,0,0,3,0
CA,0,177.0,2,521,0,0,0,0,0,0
VI,1, ,0.0,38.0,0,0,0,0,0,0,0,0
CF,ASARI,33.894161,131.214533,0,KKE,77.1,9.8,83.0,4.0,2,4000,0,0,0,0,0,0
HM,ASARI,33.894161,131.214533,2, ,0.0,0.0,263.0,06,0,0,0,0,0,0,0,0,0

FINAL,R18,18,R,5
IF,ASARI,33.894161,131.214533, ,0.0,0.0,2,4000,0,0,0,0,0,0
TF,FR850,33.907633,131.147158,0, ,0.0,0.0,291.0,3.5,1,3000,0,0,0,0,2,0
TF,FR851,33.921456,131.077819,0, ,0.0,0.0,291.0,3.6,1,1864,0,1,165,0,0,0
RF,FR852,33.882156,131.027508,1,FRRF1,177.0,2.1,1,567,0,0,0,0,0,0
TF,RW18,33.856644,131.032731,0, ,0.0,0.0,177.0,1.6,1,76,0,0,0,0,3,1
FA,RW18,33.856644,131.032731,0,KKE,0.0,0.0,177.0,2,500,0,0,0,0,0,0
DF,ASARI,33.894161,131.214533,1, ,0.0,0.0,1,4000,0,0,0,0,0,0
HM,ASARI,33.894161,131.214533,2, ,0.0,0.0,257.0,05.2,2,4000,0,1,230,0,0,0,0

FINAL,R36,36,R,5
IF,ASARI,33.894161,131.214533, ,0.0,0.0,2,4000,0,0,0,0,0,0
TF,FR690,33.829894,131.151744,0, ,0.0,0.0,226.0,5.0,1,3000,0,0,0,0,2,0
TF,FR691,33.792514,131.115283,0, ,0.0,0.0,226.0,2.9,1,2079,0,1,165,0,0,0
RF,FR692,33.808461,131.042589,2,FRRF2,357.0,2.1,1,574,0,0,0,0,0,0
TF,RW36,33.834467,131.037269,0, ,0.0,0.0,357.0,1.6,1,73,0,0,0,0,3,1
FA,RW36,33.834467,131.037269,0,KKE,0.0,0.0,357.0,2,500,0,0,0,0,0,0
DF,ASARI,33.894161,131.214533,2, ,0.0,0.0,1,4000,0,0,0,0,0,0
HM,ASARI,33.894161,131.214533,2, ,0.0,0.0,257.0,05.2,2,4000,0,1,230,0,0,0,0

