SID,CASTL2,18,1
CA,0,176.0,2,500,0,0,0,0,0,0
CF,D181G,34.741783,136.817967,0,CBE,181.0,7.0,181.0,7.0,0,0,0,0,0,0,0,0
CI,0, ,0.0,181.0,0,0,0,0,0,0,0,0
AF,D233I,34.753561,136.672217,2,CBE,233.0,9.0,181.0,0,0,0,0,0,0,0,1
CF,CBE,34.858006,136.803169,0,CBE,0.0,0.0,70.0,9.0,2,7000,0,0,0,0,0,0

SID,CASTL2,36,1
CA,0,356.0,2,500,0,0,0,0,0,0
VI,1, ,0.0,260.0,0,0,0,0,0,0,0,0
CF,D255I,34.801603,136.634281,0,CBE,255.0,9.0,214.0,5.0,0,0,0,0,0,0,0,0
AF,D215I,34.725311,136.717733,1,CBE,215.0,9.0,255.0,0,0,0,0,0,0,0,1
CF,CBE,34.858006,136.803169,0,CBE,0.0,0.0,18.0,9.0,2,7000,0,0,0,0,0,0

SID,CASTL2,ALL,2
IF,CBE,34.858006,136.803169, ,0.0,0.0,2,7000,0,0,0,0,0,0
TF,KCC,35.265267,136.914925,0, ,0.0,0.0,0.0,0.0,0,0,0,0,0,0,0,0

SID,CASTL2,GOHEI,3
IF,KCC,35.265267,136.914925, ,0.0,0.0,0,0,0,0,0,0,0,0
TF,SOBAR,35.856000,137.194203,0, ,0.0,0.0,0.0,0.0,2,20000,0,0,0,0,0,0
TF,GOHEI,36.197658,137.357900,0, ,0.0,0.0,0.0,0.0,0,0,0,0,0,0,0,0

SID,CASTL2,KROBE,3
IF,KCC,35.265267,136.914925, ,0.0,0.0,0,0,0,0,0,0,0,0
TF,STRAW,36.116725,137.428897,0, ,0.0,0.0,0.0,0.0,2,20000,0,0,0,0,0,0
TF,KROBE,36.553639,137.697769,0, ,0.0,0.0,0.0,0.0,0,0,0,0,0,0,0,0

SID,CHITA2,18,4
VA,0,176.0,2,500,0,0,0,0,0,0
DF,FAROL,34.724903,136.812125,0, ,0.0,0.0,0,0,0,0,0,0,0,0
TF,COSTA,34.677050,136.916497,0, ,0.0,0.0,0.0,0.0,0,0,0,0,0,0,0,0
TF,LAURA,34.623956,137.370794,0, ,0.0,0.0,0.0,0.0,2,15000,0,0,0,0,0,0

SID,CHITA2,36,4
VA,0,356.0,2,500,0,0,0,0,0,0
DF,GG600,34.832389,136.710889,1, ,0.0,0.0,0,0,0,0,0,0,0,0
TF,DELFI,34.763600,136.727492,0, ,0.0,0.0,0.0,0.0,0,0,0,0,0,0,0,0
TF,COSTA,34.677050,136.916497,0, ,0.0,0.0,0.0,0.0,0,0,0,0,0,0,0,0
TF,LAURA,34.623956,137.370794,0, ,0.0,0.0,0.0,0.0,2,15000,0,0,0,0,0,0

SID,CHITA2,BOGON,6
IF,LAURA,34.623956,137.370794, ,0.0,0.0,2,15000,0,0,0,0,0,0
TF,BOGON,34.542500,137.595503,0, ,0.0,0.0,0.0,0.0,0,0,0,0,0,0,0,0

SID,ESPAN2,18,1
CA,0,176.0,2,500,0,0,0,0,0,0
CF,FTAMI,34.567753,136.708619,0,CBE,202.1,18.0,202.0,16.3,2,7000,0,0,0,0,0,0
TF,ESPAN,34.187269,136.585781,0, ,0.0,0.0,0.0,0.0,2,12000,0,0,0,0,0,0

SID,ESPAN2,36,1
CA,0,356.0,2,500,0,0,0,0,0,0
VI,1, ,0.0,260.0,0,0,0,0,0,0,0,0
CF,D255I,34.801603,136.634281,0,CBE,255.0,9.0,214.0,5.0,0,0,0,0,0,0,0,0
AF,D202I,34.712864,136.756075,1,CBE,202.0,9.0,255.0,0,0,0,0,0,0,0,0
TF,FTAMI,34.567753,136.708619,0, ,0.0,0.0,0.0,0.0,2,7000,0,0,0,0,0,0
TF,ESPAN,34.187269,136.585781,0, ,0.0,0.0,0.0,0.0,2,12000,0,0,0,0,0,0

SID,ESPAN2,KEC,3
IF,ESPAN,34.187269,136.585781, ,0.0,0.0,2,12000,0,0,0,0,0,0
TF,KEC,33.447742,135.794494,0, ,0.0,0.0,0.0,0.0,0,0,0,0,0,0,0,0

SID,FORES2,18,1
CA,0,176.0,2,500,0,0,0,0,0,0
CF,D181G,34.741783,136.817967,0,CBE,181.0,7.0,181.0,7.0,0,0,0,0,0,0,0,1
CI,0, ,0.0,181.0,0,0,0,0,0,0,0,0
AF,D233I,34.753561,136.672217,2,CBE,233.0,9.0,181.0,0,0,0,0,0,0,0,1
CF,CBE,34.858006,136.803169,0,CBE,0.0,0.0,70.0,9.0,2,7000,0,0,0,0,0,0

SID,FORES2,36,1
CA,0,356.0,2,500,0,0,0,0,0,0
VI,1, ,0.0,260.0,0,0,0,0,0,0,0,0
CF,D255I,34.801603,136.634281,0,CBE,255.0,9.0,214.0,5.0,0,0,0,0,0,0,0,0
AF,D215I,34.725311,136.717733,1,CBE,215.0,9.0,255.0,0,0,0,0,0,0,0,1
CF,CBE,34.858006,136.803169,0,CBE,0.0,0.0,18.0,9.0,2,7000,0,0,0,0,0,0

SID,FORES2,ALL,2
IF,CBE,34.858006,136.803169, ,0.0,0.0,2,7000,0,0,0,0,0,0
TF,MORIZ,35.056753,137.223192,0, ,0.0,0.0,0.0,0.0,0,0,0,0,0,0,0,0

SID,FORES2,CHAUS,3
IF,MORIZ,35.056753,137.223192, ,0.0,0.0,0,0,0,0,0,0,0,0
TF,TSUGU,35.294631,137.730786,0, ,0.0,0.0,0.0,0.0,0,0,0,0,0,0,0,0
TF,CHAUS,35.442569,138.041475,0, ,0.0,0.0,0.0,0.0,2,15000,0,0,0,0,0,0

SID,HIKNE1,18,1
CA,0,176.0,2,500,0,0,0,0,0,0
VI,2, ,0.0,359.0,0,0,0,0,0,0,0,0
CF,HIKNE,35.237625,136.176956,0,CBE,313.6,38.3,314.0,35.0,2,7000,0,0,0,0,0,0

SID,HIKNE1,36,1
CA,0,356.0,2,500,0,0,0,0,0,0
CF,D350F,34.953786,136.767600,0,CBE,350.0,6.0,350.0,6.0,0,0,0,0,0,0,0,0
VI,0, ,0.0,270.0,0,0,0,0,0,0,0,0
CF,HIKNE,35.237625,136.176956,0,CBE,313.6,38.3,314.0,28.0,2,7000,0,0,0,0,0,0

SID,HIKNE1,CUE,3
IF,HIKNE,35.237625,136.176956, ,0.0,0.0,2,7000,0,0,0,0,0,0
TF,CUE,35.017047,135.826003,0, ,0.0,0.0,0.0,0.0,0,0,0,0,0,0,0,0

SID,HIKNE1,YME,3
IF,HIKNE,35.237625,136.176956, ,0.0,0.0,2,7000,0,0,0,0,0,0
TF,KOSEI,35.290361,135.955064,0, ,0.0,0.0,0.0,0.0,0,0,0,0,0,0,0,0
TF,YME,35.480692,135.137022,0, ,0.0,0.0,0.0,0.0,0,0,0,0,0,0,0,0

SID,IKARO2,18,1
CA,0,176.0,2,500,0,0,0,0,0,0
CF,D181G,34.741783,136.817967,0,CBE,181.0,7.0,181.0,7.0,0,0,0,0,0,0,0,0
CI,0, ,0.0,181.0,0,0,0,0,0,0,0,0
AF,D233I,34.753561,136.672217,2,CBE,233.0,9.0,181.0,0,0,0,0,0,0,0,1
CF,CBE,34.858006,136.803169,0,CBE,0.0,0.0,70.0,9.0,2,7000,0,0,0,0,0,0
TF,HIKNE,35.237625,136.176956,1, ,0.0,0.0,0.0,0.0,0,0,0,0,0,0,0,0

SID,IKARO2,36,1
CA,0,356.0,2,500,0,0,0,0,0,0
VI,1, ,0.0,260.0,0,0,0,0,0,0,0,0
CF,D255I,34.801603,136.634281,0,CBE,255.0,9.0,214.0,5.0,0,0,0,0,0,0,0,0
AF,D215I,34.725311,136.717733,1,CBE,215.0,9.0,255.0,0,0,0,0,0,0,0,1
CF,CBE,34.858006,136.803169,0,CBE,0.0,0.0,18.0,9.0,2,7000,0,0,0,0,0,0
TF,HIKNE,35.237625,136.176956,0, ,0.0,0.0,0.0,0.0,0,0,0,0,0,0,0,0

SID,IKARO2,CUE,3
IF,HIKNE,35.237625,136.176956, ,0.0,0.0,2,7000,0,0,0,0,0,0
TF,CUE,35.017047,135.826003,0, ,0.0,0.0,0.0,0.0,0,0,0,0,0,0,0,0

SID,IKARO2,YME,3
IF,HIKNE,35.237625,136.176956, ,0.0,0.0,2,7000,0,0,0,0,0,0
TF,KOSEI,35.290361,135.955064,0, ,0.0,0.0,0.0,0.0,0,0,0,0,0,0,0,0
TF,YME,35.480692,135.137022,0, ,0.0,0.0,0.0,0.0,0,0,0,0,0,0,0,0

SID,ISE2,18,4
VA,0,176.0,2,500,0,0,0,0,0,0
DF,FTAMI,34.567753,136.708619,0, ,0.0,0.0,2,7000,0,0,0,0,0,0
TF,ESPAN,34.187269,136.585781,0, ,0.0,0.0,0.0,0.0,0,0,0,0,0,0,0,0

SID,ISE2,36,4
VA,0,356.0,2,500,0,0,0,0,0,0
DF,GG600,34.832389,136.710889,1, ,0.0,0.0,0,0,0,0,0,0,0,0
TF,DELFI,34.763600,136.727492,0, ,0.0,0.0,0.0,0.0,0,0,0,0,0,0,0,0
TF,MEOTO,34.575122,136.680908,0, ,0.0,0.0,0.0,0.0,2,7000,0,0,0,0,0,0
TF,ESPAN,34.187269,136.585781,0, ,0.0,0.0,0.0,0.0,0,0,0,0,0,0,0,0

SID,ISE2,KOZA,6
IF,ESPAN,34.187269,136.585781, ,0.0,0.0,0,0,0,0,0,0,0,0
TF,KEC,33.447742,135.794494,0, ,0.0,0.0,0.0,0.0,0,0,0,0,0,0,0,0

SID,KCC5,18,1
CA,0,176.0,2,500,0,0,0,0,0,0
CF,D181N,34.632200,136.831881,0,CBE,181.0,13.6,181.0,13.0,2,3500,0,0,0,0,0,1
CI,0, ,0.0,181.0,0,0,0,0,0,0,0,0
AF,D147P,34.653208,137.010944,1,CBE,147.0,16.0,181.0,2,6000,0,0,0,0,0,0
TF,KCC,35.265267,136.914925,0, ,0.0,0.0,0.0,0.0,0,0,0,0,0,0,0,0

SID,KCC5,36,1
CA,0,356.0,2,500,0,0,0,0,0,0
CF,D350L,35.049558,136.731947,0,CBE,350.0,12.0,350.0,11.0,0,0,0,0,0,0,0,1
CF,KCC,35.265267,136.914925,0,KCC,0.0,0.0,46.0,16.0,0,0,0,0,0,0,0,0

SID,KCC5,GOHEI,3
IF,KCC,35.265267,136.914925, ,0.0,0.0,0,0,0,0,0,0,0,0
TF,SOBAR,35.856000,137.194203,0, ,0.0,0.0,0.0,0.0,2,20000,0,0,0,0,0,0
TF,GOHEI,36.197658,137.357900,0, ,0.0,0.0,0.0,0.0,0,0,0,0,0,0,0,0

SID,KCC5,KROBE,3
IF,KCC,35.265267,136.914925, ,0.0,0.0,0,0,0,0,0,0,0,0
TF,STRAW,36.116725,137.428897,0, ,0.0,0.0,0.0,0.0,2,20000,0,0,0,0,0,0
TF,KROBE,36.553639,137.697769,0, ,0.0,0.0,0.0,0.0,0,0,0,0,0,0,0,0

SID,MEIJY2,18,4
VA,0,176.0,2,500,0,0,0,0,0,0
DF,GG800,34.852722,136.706000,2, ,0.0,0.0,0,0,0,0,0,0,0,0
TF,DEGNA,34.947656,136.683022,0, ,0.0,0.0,0.0,0.0,0,0,0,0,0,0,0,0
TF,KCC,35.265267,136.914925,0, ,0.0,0.0,0.0,0.0,0,0,0,0,0,0,0,0

SID,MEIJY2,36,4
VA,0,356.0,2,500,0,0,0,0,0,0
DF,PONTE,35.065933,136.726183,0, ,0.0,0.0,0,0,0,0,0,0,0,0
TF,KCC,35.265267,136.914925,0, ,0.0,0.0,0.0,0.0,0,0,0,0,0,0,0,0

SID,MEIJY2,MOCHI,6
IF,KCC,35.265267,136.914925, ,0.0,0.0,0,0,0,0,0,0,0,0
TF,GOHEI,36.197658,137.357900,0, ,0.0,0.0,0.0,0.0,0,0,0,0,0,0,0,0

SID,MEIJY2,UOZU,6
IF,KCC,35.265267,136.914925, ,0.0,0.0,0,0,0,0,0,0,0,0
TF,KROBE,36.553639,137.697769,0, ,0.0,0.0,0.0,0.0,0,0,0,0,0,0,0,0

SID,MODEL2,18,1
CA,0,176.0,2,500,0,0,0,0,0,0
CF,D181N,34.632200,136.831881,0,CBE,181.0,13.6,181.0,13.0,2,3500,0,0,0,0,0,1
CI,0, ,0.0,181.0,0,0,0,0,0,0,0,0
AF,D147P,34.653208,137.010944,1,CBE,147.0,16.0,181.0,2,7000,0,0,0,0,0,0
AF,D114P,34.780169,137.113003,1,CBE,113.9,16.0,147.0,0,0,0,0,0,0,0,0
TF,MODEL,34.696897,137.440422,2, ,0.0,0.0,0.0,0.0,2,15000,0,0,0,0,0,0

SID,MODEL2,36,1
CA,0,356.0,2,500,0,0,0,0,0,0
VI,1, ,0.0,260.0,0,0,0,0,0,0,0,0
CF,D255I,34.801603,136.634281,0,CBE,255.0,9.0,214.0,5.0,0,0,0,0,0,0,0,0
AF,D174I,34.711600,136.844097,1,CBE,174.0,9.0,255.0,2,7000,0,0,0,0,0,0
AF,D114I,34.814319,136.977522,1,CBE,113.9,9.0,174.0,0,0,0,0,0,0,0,0
TF,MODEL,34.696897,137.440422,2, ,0.0,0.0,0.0,0.0,2,15000,0,0,0,0,0,0

SID,MODEL2,ENSYU,3
IF,MODEL,34.696897,137.440422, ,0.0,0.0,2,15000,0,0,0,0,0,0
TF,ENSYU,34.543294,138.034028,0, ,0.0,0.0,0.0,0.0,0,0,0,0,0,0,0,0

SID,MORIZ1,18,1
CA,0,176.0,2,500,0,0,0,0,0,0
CF,D181N,34.632200,136.831881,0,CBE,181.0,13.6,181.0,13.0,2,3500,0,0,0,0,0,1
CI,0, ,0.0,181.0,0,0,0,0,0,0,0,0
AF,D147P,34.653208,137.010944,1,CBE,147.0,16.0,181.0,2,6000,0,0,0,0,0,0
CF,D180T,34.937531,136.970856,0,KCC,180.0,19.8,360.0,17.0,0,0,0,0,0,0,0,0
TF,ANJYO,34.999672,137.102456,0, ,0.0,0.0,0.0,0.0,0,0,0,0,0,0,0,0
TF,MORIZ,35.056753,137.223192,0, ,0.0,0.0,0.0,0.0,0,0,0,0,0,0,0,0

SID,MORIZ1,36,1
CA,0,356.0,2,500,0,0,0,0,0,0
CF,D350L,35.049558,136.731947,0,CBE,350.0,12.0,350.0,12.0,0,0,0,0,0,0,0,0
CI,0, ,0.0,350.0,0,0,0,0,0,0,0,0
AF,D067N,34.974519,137.049131,2,CBE,67.0,14.0,350.0,0,0,0,0,0,0,0,0
TF,ANJYO,34.999672,137.102456,1, ,0.0,0.0,0.0,0.0,0,0,0,0,0,0,0,0
TF,MORIZ,35.056753,137.223192,0, ,0.0,0.0,0.0,0.0,0,0,0,0,0,0,0,0

SID,MORIZ1,CHAUS,3
IF,MORIZ,35.056753,137.223192, ,0.0,0.0,0,0,0,0,0,0,0,0
TF,TSUGU,35.294631,137.730786,0, ,0.0,0.0,0.0,0.0,0,0,0,0,0,0,0,0
TF,CHAUS,35.442569,138.041475,0, ,0.0,0.0,0.0,0.0,2,15000,0,0,0,0,0,0

SID,OUMI1,18,4
VA,0,176.0,2,500,0,0,0,0,0,0
DF,TITAN,34.903231,136.671197,2, ,0.0,0.0,0,0,0,0,0,0,0,0
TF,HIKNE,35.237625,136.176956,0, ,0.0,0.0,0.0,0.0,0,0,0,0,0,0,0,0

SID,OUMI1,36,4
VA,0,356.0,2,500,0,0,0,0,0,0
DF,VENTO,34.985494,136.756011,0, ,0.0,0.0,0,0,0,0,0,0,0,0
TF,JUNOH,34.967586,136.623533,0, ,0.0,0.0,0.0,0.0,0,0,0,0,0,0,0,0
TF,HIKNE,35.237625,136.176956,0, ,0.0,0.0,0.0,0.0,0,0,0,0,0,0,0,0

SID,OUMI1,PIONE,6
IF,HIKNE,35.237625,136.176956, ,0.0,0.0,0,0,0,0,0,0,0,0
TF,WAKIT,35.032736,134.925553,0, ,0.0,0.0,0.0,0.0,0,0,0,0,0,0,0,0
TF,PIONE,34.671378,134.015131,0, ,0.0,0.0,0.0,0.0,0,0,0,0,0,0,0,0

SID,OUMI1,TANGO,6
IF,HIKNE,35.237625,136.176956, ,0.0,0.0,0,0,0,0,0,0,0,0
TF,YME,35.480692,135.137022,0, ,0.0,0.0,0.0,0.0,0,0,0,0,0,0,0,0

SID,TOYOT2,18,4
VA,0,176.0,2,500,0,0,0,0,0,0
DF,GG800,34.852722,136.706000,2, ,0.0,0.0,0,0,0,0,0,0,0,0
TF,DEGNA,34.947656,136.683022,0, ,0.0,0.0,0.0,0.0,0,0,0,0,0,0,0,0
TF,MORIZ,35.056753,137.223192,0, ,0.0,0.0,0.0,0.0,0,0,0,0,0,0,0,0

SID,TOYOT2,36,4
VA,0,356.0,2,500,0,0,0,0,0,0
DF,PONTE,35.065933,136.726183,0, ,0.0,0.0,0,0,0,0,0,0,0,0
TF,ARESU,35.113383,136.771000,0, ,0.0,0.0,0.0,0.0,0,0,0,0,0,0,0,0
TF,MORIZ,35.056753,137.223192,0, ,0.0,0.0,0.0,0.0,0,0,0,0,0,0,0,0

SID,TOYOT2,IIDA,6
IF,MORIZ,35.056753,137.223192, ,0.0,0.0,0,0,0,0,0,0,0,0
TF,TSUGU,35.294631,137.730786,0, ,0.0,0.0,0.0,0.0,0,0,0,0,0,0,0,0
TF,CHAUS,35.442569,138.041475,0, ,0.0,0.0,0.0,0.0,2,15000,0,0,0,0,0,0

STAR,CARDSM,18,5
IF,CARDS,34.418750,136.400850, ,0.0,0.0,0,0,0,0,0,0,0,0
TF,ATENA,34.841281,136.701039,0, ,0.0,0.0,0.0,0.0,2,5000,0,0,0,0,0,0
TF,SOLON,34.943989,136.676197,0, ,0.0,0.0,0.0,0.0,0,0,0,0,0,0,0,0
TF,MINEL,34.998972,136.680556,0, ,0.0,0.0,0.0,0.0,2,3500,0,0,0,0,0,0

STAR,CARDSN,18,5
IF,CARDS,34.418750,136.400850, ,0.0,0.0,0,0,0,0,0,0,0,0
TF,GG850,34.784639,136.534250,0, ,0.0,0.0,0.0,0.0,2,5000,0,0,0,0,0,0
TF,LICOR,35.112894,136.655039,0, ,0.0,0.0,0.0,0.0,0,0,0,0,0,0,0,0
TF,QUEST,35.126903,136.740675,0, ,0.0,0.0,0.0,0.0,2,4000,0,0,0,0,0,0

STAR,CARDSS,36,5
IF,CARDS,34.418750,136.400850, ,0.0,0.0,0,0,0,0,0,0,0,0
TF,GG650,34.499361,136.621056,0, ,0.0,0.0,0.0,0.0,2,5000,0,0,0,0,0,0
TF,PROBE,34.589722,136.869778,0, ,0.0,0.0,0.0,0.0,2,4000,0,0,0,0,0,0

STAR,CHESSM,18,5
IF,CHESS,35.342447,136.484872, ,0.0,0.0,0,0,0,0,0,0,0,0
TF,KUMOZ,34.778044,136.598761,0, ,0.0,0.0,0.0,0.0,2,6000,0,0,0,0,0,0
TF,ISUZU,34.796658,136.711814,0, ,0.0,0.0,0.0,0.0,0,0,0,0,0,0,0,0
TF,SOLON,34.943989,136.676197,0, ,0.0,0.0,0.0,0.0,0,0,0,0,0,0,0,0
TF,MINEL,34.998972,136.680556,0, ,0.0,0.0,0.0,0.0,2,3500,0,0,0,0,0,0

STAR,CHESSN,18,5
IF,CHESS,35.342447,136.484872, ,0.0,0.0,0,0,0,0,0,0,0,0
TF,GG851,35.215306,136.636000,0, ,0.0,0.0,0.0,0.0,2,5000,0,0,0,0,0,0
TF,QUEST,35.126903,136.740675,0, ,0.0,0.0,0.0,0.0,2,4000,0,0,0,0,0,0

STAR,CHESSS,36,5
IF,CHESS,35.342447,136.484872, ,0.0,0.0,0,0,0,0,0,0,0,0
TF,PASSO,34.958567,136.524033,0, ,0.0,0.0,0.0,0.0,0,0,0,0,0,0,0,0
TF,SANGU,34.721792,136.548039,0, ,0.0,0.0,0.0,0.0,2,6000,0,0,0,0,0,0
TF,DUGON,34.576794,136.790561,0, ,0.0,0.0,0.0,0.0,0,0,0,0,0,0,0,0
TF,PROBE,34.589722,136.869778,0, ,0.0,0.0,0.0,0.0,2,4000,0,0,0,0,0,0

STAR,NOARCI,BIWWA,1
IF,BIWWA,35.115997,136.256003, ,0.0,0.0,0,0,0,0,0,0,0,0
TF,D307U,35.032550,136.433933,0, ,0.0,0.0,0.0,0.0,0,0,0,0,0,0,0,0
AF,D330U,35.137711,136.546342,2,CBE,330.0,21.0,307.0,2,6000,0,0,0,0,0,0
AF,D357U,35.202467,136.723975,2,CBE,356.3,21.0,330.0,0,0,0,0,0,0,0,0

STAR,NOARCI,CARDS,1
IF,CARDS,34.418750,136.400850, ,0.0,0.0,0,0,0,0,0,0,0,0
TF,D224U,34.577747,136.548075,0, ,0.0,0.0,0.0,0.0,0,0,0,0,0,0,0,0
AF,D330U,35.137711,136.546342,2,CBE,330.0,21.0,224.0,2,6000,0,0,0,0,0,0
AF,D357U,35.202467,136.723975,2,CBE,356.3,21.0,330.0,0,0,0,0,0,0,0,0

STAR,NOARCI,CHESS,1
IF,CHESS,35.342447,136.484872, ,0.0,0.0,0,0,0,0,0,0,0,0
TF,D339U,35.167372,136.602747,0, ,0.0,0.0,0.0,0.0,0,0,0,0,0,0,0,0
AF,D357U,35.202467,136.723975,2,CBE,356.3,21.0,339.0,0,0,0,0,0,0,0,0

STAR,NOARCI,SLIDE,1
IF,SLIDE,35.292936,137.393389, ,0.0,0.0,0,0,0,0,0,0,0,0
TF,D055U,35.092169,137.120133,0, ,0.0,0.0,0.0,0.0,0,0,0,0,0,0,0,0
AF,D357U,35.202467,136.723975,1,CBE,356.3,21.0,55.0,0,0,0,0,0,0,0,0

STAR,NOARCI,SWING,1
IF,SWING,35.389428,137.258186, ,0.0,0.0,0,0,0,0,0,0,0,0
TF,D042U,35.144928,137.047967,0, ,0.0,0.0,0.0,0.0,0,0,0,0,0,0,0,0
AF,D357U,35.202467,136.723975,1,CBE,356.3,21.0,42.0,0,0,0,0,0,0,0,0

STAR,NOARCI,TRIKE,1
IF,TRIKE,34.797564,137.284847, ,0.0,0.0,0,0,0,0,0,0,0,0
TF,D105U,34.805369,137.223519,0, ,0.0,0.0,0.0,0.0,0,0,0,0,0,0,0,0
AF,D357U,35.202467,136.723975,1,CBE,356.3,21.0,105.0,0,0,0,0,0,0,0,0

STAR,NOARCI,18,2
IF,D357U,35.202467,136.723975, ,0.0,0.0,0,0,0,0,0,0,0,0
TF,ICY18,35.162783,136.733411,0, ,0.0,0.0,0.0,0.0,2,4100,0,0,0,0,0,0
TF,QUEST,35.126903,136.740675,0, ,0.0,0.0,0.0,0.0,2,4000,0,0,0,0,0,0

STAR,NOARCV,BIWWA,1
IF,BIWWA,35.115997,136.256003, ,0.0,0.0,0,0,0,0,0,0,0,0
TF,D307U,35.032550,136.433933,0, ,0.0,0.0,0.0,0.0,0,0,0,0,0,0,0,0
AF,D330U,35.137711,136.546342,2,CBE,330.0,21.0,307.0,2,6000,0,0,0,0,0,0
AF,CBE21,35.203222,136.729003,2,CBE,357.0,21.0,330.0,0,0,0,0,0,0,0,0

STAR,NOARCV,CARDS,1
IF,CARDS,34.418750,136.400850, ,0.0,0.0,0,0,0,0,0,0,0,0
TF,D224U,34.577747,136.548075,0, ,0.0,0.0,0.0,0.0,0,0,0,0,0,0,0,0
AF,D330U,35.137711,136.546342,2,CBE,330.0,21.0,224.0,2,6000,0,0,0,0,0,0
AF,CBE21,35.203222,136.729003,2,CBE,357.0,21.0,330.0,0,0,0,0,0,0,0,0

STAR,NOARCV,CHESS,1
IF,CHESS,35.342447,136.484872, ,0.0,0.0,0,0,0,0,0,0,0,0
TF,D339U,35.167372,136.602747,0, ,0.0,0.0,0.0,0.0,0,0,0,0,0,0,0,0
AF,CBE21,35.203222,136.729003,2,CBE,357.0,21.0,339.0,0,0,0,0,0,0,0,0

STAR,NOARCV,SLIDE,1
IF,SLIDE,35.292936,137.393389, ,0.0,0.0,0,0,0,0,0,0,0,0
TF,D055U,35.092169,137.120133,0, ,0.0,0.0,0.0,0.0,0,0,0,0,0,0,0,0
AF,CBE21,35.203222,136.729003,1,CBE,357.0,21.0,55.0,0,0,0,0,0,0,0,0

STAR,NOARCV,SWING,1
IF,SWING,35.389428,137.258186, ,0.0,0.0,0,0,0,0,0,0,0,0
TF,D042U,35.144928,137.047967,0, ,0.0,0.0,0.0,0.0,0,0,0,0,0,0,0,0
AF,CBE21,35.203222,136.729003,1,CBE,357.0,21.0,42.0,0,0,0,0,0,0,0,0

STAR,NOARCV,TRIKE,1
IF,TRIKE,34.797564,137.284847, ,0.0,0.0,0,0,0,0,0,0,0,0
TF,D105U,34.805369,137.223519,0, ,0.0,0.0,0.0,0.0,0,0,0,0,0,0,0,0
AF,CBE21,35.203222,136.729003,1,CBE,357.0,21.0,105.0,0,0,0,0,0,0,0,0

STAR,NOARCV,18,2
IF,CBE21,35.203222,136.729003, ,0.0,0.0,0,0,0,0,0,0,0,0
TF,CBE19,35.162131,136.737867,0, ,0.0,0.0,0.0,0.0,2,4100,0,0,0,0,0,0
TF,POKER,35.127664,136.745719,0, ,0.0,0.0,0.0,0.0,2,4000,0,0,0,0,0,0

STAR,OLTOMM,18,5
IF,OLTOM,35.026183,137.461578, ,0.0,0.0,0,0,0,0,0,0,0,0
TF,CBE,34.858006,136.803169,0, ,0.0,0.0,0.0,0.0,2,5000,0,0,0,0,0,0
TF,ATENA,34.841281,136.701039,0, ,0.0,0.0,0.0,0.0,0,0,0,0,0,0,0,0
TF,SOLON,34.943989,136.676197,0, ,0.0,0.0,0.0,0.0,0,0,0,0,0,0,0,0
TF,MINEL,34.998972,136.680556,0, ,0.0,0.0,0.0,0.0,2,3500,0,0,0,0,0,0

STAR,OLTOMN,18,5
IF,OLTOM,35.026183,137.461578, ,0.0,0.0,0,0,0,0,0,0,0,0
TF,MEIJI,35.222494,137.114425,0, ,0.0,0.0,0.0,0.0,2,6000,0,0,0,0,0,0
TF,PIASS,35.171733,136.915275,0, ,0.0,0.0,0.0,0.0,0,0,0,0,0,0,0,0
TF,QUEST,35.126903,136.740675,0, ,0.0,0.0,0.0,0.0,2,4000,0,0,0,0,0,0

STAR,OLTOMS,36,5
IF,OLTOM,35.026183,137.461578, ,0.0,0.0,0,0,0,0,0,0,0,0
TF,LAGNA,34.842678,137.160933,0, ,0.0,0.0,0.0,0.0,2,6000,0,0,0,0,0,0
TF,IRAGO,34.686683,137.081083,0, ,0.0,0.0,0.0,0.0,0,0,0,0,0,0,0,0
TF,POLPO,34.602617,136.949011,0, ,0.0,0.0,0.0,0.0,0,0,0,0,0,0,0,0
TF,PROBE,34.589722,136.869778,0, ,0.0,0.0,0.0,0.0,2,4000,0,0,0,0,0,0

STAR,SLIDEM,18,5
IF,SLIDE,35.292936,137.393389, ,0.0,0.0,0,0,0,0,0,0,0,0
TF,CBE,34.858006,136.803169,0, ,0.0,0.0,0.0,0.0,2,6000,0,0,0,0,0,0
TF,ATENA,34.841281,136.701039,0, ,0.0,0.0,0.0,0.0,0,0,0,0,0,0,0,0
TF,SOLON,34.943989,136.676197,0, ,0.0,0.0,0.0,0.0,0,0,0,0,0,0,0,0
TF,MINEL,34.998972,136.680556,0, ,0.0,0.0,0.0,0.0,2,3500,0,0,0,0,0,0

STAR,SLIDEN,18,5
IF,SLIDE,35.292936,137.393389, ,0.0,0.0,0,0,0,0,0,0,0,0
TF,MEIJI,35.222494,137.114425,0, ,0.0,0.0,0.0,0.0,2,6000,0,0,0,0,0,0
TF,PIASS,35.171733,136.915275,0, ,0.0,0.0,0.0,0.0,0,0,0,0,0,0,0,0
TF,QUEST,35.126903,136.740675,0, ,0.0,0.0,0.0,0.0,2,4000,0,0,0,0,0,0

STAR,SLIDES,36,5
IF,SLIDE,35.292936,137.393389, ,0.0,0.0,0,0,0,0,0,0,0,0
TF,LAGNA,34.842678,137.160933,0, ,0.0,0.0,0.0,0.0,2,6000,0,0,0,0,0,0
TF,IRAGO,34.686683,137.081083,0, ,0.0,0.0,0.0,0.0,0,0,0,0,0,0,0,0
TF,POLPO,34.602617,136.949011,0, ,0.0,0.0,0.0,0.0,0,0,0,0,0,0,0,0
TF,PROBE,34.589722,136.869778,0, ,0.0,0.0,0.0,0.0,2,4000,0,0,0,0,0,0

STAR,SOARCI,BIWWA,1
IF,BIWWA,35.115997,136.256003, ,0.0,0.0,0,0,0,0,0,0,0,0
TF,D307U,35.032550,136.433933,0, ,0.0,0.0,0.0,0.0,0,0,0,0,0,0,0,0
AF,D208U,34.530608,136.651353,1,CBE,208.0,21.0,307.0,2,6000,0,0,0,0,0,0
AF,D195U,34.510814,136.744225,1,CBE,195.0,21.0,208.0,2,5000,0,0,0,0,0,0
AF,D177U,34.514178,136.886125,1,CBE,175.7,21.0,195.0,0,0,0,0,0,0,0,0

STAR,SOARCI,CARDS,1
IF,CARDS,34.418750,136.400850, ,0.0,0.0,0,0,0,0,0,0,0,0
TF,D224U,34.577747,136.548075,0, ,0.0,0.0,0.0,0.0,0,0,0,0,0,0,0,0
AF,D208U,34.530608,136.651353,1,CBE,208.0,21.0,224.0,2,6000,0,0,0,0,0,0
AF,D195U,34.510814,136.744225,1,CBE,195.0,21.0,208.0,2,5000,0,0,0,0,0,0
AF,D177U,34.514178,136.886125,1,CBE,175.7,21.0,195.0,0,0,0,0,0,0,0,0

STAR,SOARCI,CHESS,1
IF,CHESS,35.342447,136.484872, ,0.0,0.0,0,0,0,0,0,0,0,0
TF,D339U,35.167372,136.602747,0, ,0.0,0.0,0.0,0.0,0,0,0,0,0,0,0,0
AF,D208U,34.530608,136.651353,1,CBE,208.0,21.0,339.0,2,6000,0,0,0,0,0,0
AF,D195U,34.510814,136.744225,1,CBE,195.0,21.0,208.0,2,5000,0,0,0,0,0,0
AF,D177U,34.514178,136.886125,1,CBE,175.7,21.0,195.0,0,0,0,0,0,0,0,0

STAR,SOARCI,SLIDE,1
IF,SLIDE,35.292936,137.393389, ,0.0,0.0,0,0,0,0,0,0,0,0
TF,D055U,35.092169,137.120133,0, ,0.0,0.0,0.0,0.0,0,0,0,0,0,0,0,0
AF,D124U,34.698256,137.181389,2,CBE,124.0,21.0,55.0,2,5000,0,0,0,0,0,0
AF,D177U,34.514178,136.886125,2,CBE,175.7,21.0,124.0,0,0,0,0,0,0,0,0

STAR,SOARCI,SWING,1
IF,SWING,35.389428,137.258186, ,0.0,0.0,0,0,0,0,0,0,0,0
TF,D042U,35.144928,137.047967,0, ,0.0,0.0,0.0,0.0,0,0,0,0,0,0,0,0
AF,D124U,34.698256,137.181389,2,CBE,124.0,21.0,42.0,2,5000,0,0,0,0,0,0
AF,D177U,34.514178,136.886125,2,CBE,175.7,21.0,124.0,0,0,0,0,0,0,0,0

STAR,SOARCI,TRIKE,1
IF,TRIKE,34.797564,137.284847, ,0.0,0.0,0,0,0,0,0,0,0,0
TF,D105U,34.805369,137.223519,0, ,0.0,0.0,0.0,0.0,0,0,0,0,0,0,0,0
AF,D124U,34.698256,137.181389,2,CBE,124.0,21.0,105.0,2,5000,0,0,0,0,0,0
AF,D177U,34.514178,136.886125,2,CBE,175.7,21.0,124.0,0,0,0,0,0,0,0,0

STAR,SOARCI,36,2
IF,D177U,34.514178,136.886125, ,0.0,0.0,0,0,0,0,0,0,0,0
TF,PROBE,34.589722,136.869778,0, ,0.0,0.0,0.0,0.0,2,4000,0,0,0,0,0,0

STAR,SOARCV,BIWWA,1
IF,BIWWA,35.115997,136.256003, ,0.0,0.0,0,0,0,0,0,0,0,0
TF,D307U,35.032550,136.433933,0, ,0.0,0.0,0.0,0.0,0,0,0,0,0,0,0,0
AF,D208U,34.530608,136.651353,1,CBE,208.0,21.0,307.0,2,6000,0,0,0,0,0,0
AF,D195U,34.510814,136.744225,1,CBE,195.0,21.0,208.0,2,5000,0,0,0,0,0,0
AF,D174U,34.516364,136.898447,1,CBE,174.0,21.0,195.0,0,0,0,0,0,0,0,0

STAR,SOARCV,CARDS,1
IF,CARDS,34.418750,136.400850, ,0.0,0.0,0,0,0,0,0,0,0,0
TF,D224U,34.577747,136.548075,0, ,0.0,0.0,0.0,0.0,0,0,0,0,0,0,0,0
AF,D208U,34.530608,136.651353,1,CBE,208.0,21.0,224.0,2,6000,0,0,0,0,0,0
AF,D195U,34.510814,136.744225,1,CBE,195.0,21.0,208.0,2,5000,0,0,0,0,0,0
AF,D174U,34.516364,136.898447,1,CBE,174.0,21.0,195.0,0,0,0,0,0,0,0,0

STAR,SOARCV,CHESS,1
IF,CHESS,35.342447,136.484872, ,0.0,0.0,0,0,0,0,0,0,0,0
TF,D339U,35.167372,136.602747,0, ,0.0,0.0,0.0,0.0,0,0,0,0,0,0,0,0
AF,D208U,34.530608,136.651353,1,CBE,208.0,21.0,339.0,2,6000,0,0,0,0,0,0
AF,D195U,34.510814,136.744225,1,CBE,195.0,21.0,208.0,2,5000,0,0,0,0,0,0
AF,D174U,34.516364,136.898447,1,CBE,174.0,21.0,195.0,0,0,0,0,0,0,0,0

STAR,SOARCV,SLIDE,1
IF,SLIDE,35.292936,137.393389, ,0.0,0.0,0,0,0,0,0,0,0,0
TF,D055U,35.092169,137.120133,0, ,0.0,0.0,0.0,0.0,0,0,0,0,0,0,0,0
AF,D124U,34.698256,137.181389,2,CBE,124.0,21.0,55.0,2,5000,0,0,0,0,0,0
AF,D174U,34.516364,136.898447,2,CBE,174.0,21.0,124.0,0,0,0,0,0,0,0,0

STAR,SOARCV,SWING,1
IF,SWING,35.389428,137.258186, ,0.0,0.0,0,0,0,0,0,0,0,0
TF,D042U,35.144928,137.047967,0, ,0.0,0.0,0.0,0.0,0,0,0,0,0,0,0,0
AF,D124U,34.698256,137.181389,2,CBE,124.0,21.0,42.0,2,5000,0,0,0,0,0,0
AF,D174U,34.516364,136.898447,2,CBE,174.0,21.0,124.0,0,0,0,0,0,0,0,0

STAR,SOARCV,TRIKE,1
IF,TRIKE,34.797564,137.284847, ,0.0,0.0,0,0,0,0,0,0,0,0
TF,D105U,34.805369,137.223519,0, ,0.0,0.0,0.0,0.0,0,0,0,0,0,0,0,0
AF,D124U,34.698256,137.181389,2,CBE,124.0,21.0,105.0,2,5000,0,0,0,0,0,0
AF,D174U,34.516364,136.898447,2,CBE,174.0,21.0,124.0,0,0,0,0,0,0,0,0

STAR,SOARCV,36,2
IF,D174U,34.516364,136.898447, ,0.0,0.0,0,0,0,0,0,0,0,0
TF,PIXIE,34.590675,136.875175,0, ,0.0,0.0,0.0,0.0,2,4000,0,0,0,0,0,0

STAR,SWINGM,18,5
IF,SWING,35.389428,137.258186, ,0.0,0.0,0,0,0,0,0,0,0,0
TF,CBE,34.858006,136.803169,0, ,0.0,0.0,0.0,0.0,2,5000,0,0,0,0,0,0
TF,ATENA,34.841281,136.701039,0, ,0.0,0.0,0.0,0.0,0,0,0,0,0,0,0,0
TF,SOLON,34.943989,136.676197,0, ,0.0,0.0,0.0,0.0,0,0,0,0,0,0,0,0
TF,MINEL,34.998972,136.680556,0, ,0.0,0.0,0.0,0.0,2,3500,0,0,0,0,0,0

STAR,SWINGN,18,5
IF,SWING,35.389428,137.258186, ,0.0,0.0,0,0,0,0,0,0,0,0
TF,MEIJI,35.222494,137.114425,0, ,0.0,0.0,0.0,0.0,2,6000,0,0,0,0,0,0
TF,PIASS,35.171733,136.915275,0, ,0.0,0.0,0.0,0.0,0,0,0,0,0,0,0,0
TF,QUEST,35.126903,136.740675,0, ,0.0,0.0,0.0,0.0,2,4000,0,0,0,0,0,0

STAR,SWINGS,36,5
IF,SWING,35.389428,137.258186, ,0.0,0.0,0,0,0,0,0,0,0,0
TF,LAGNA,34.842678,137.160933,0, ,0.0,0.0,0.0,0.0,2,6000,0,0,0,0,0,0
TF,IRAGO,34.686683,137.081083,0, ,0.0,0.0,0.0,0.0,0,0,0,0,0,0,0,0
TF,POLPO,34.602617,136.949011,0, ,0.0,0.0,0.0,0.0,0,0,0,0,0,0,0,0
TF,PROBE,34.589722,136.869778,0, ,0.0,0.0,0.0,0.0,2,4000,0,0,0,0,0,0

APPTR,D18,18,POKER
IF,POKER,35.127664,136.745719, ,0.0,0.0,2,4000,0,0,0,0,1,0
TF,ELSAH,35.055339,136.761161,0, ,0.0,0.0,0.0,0.0,2,3500,0,0,0,0,1,0

FINAL,D18,18,D,4
IF,ELSAH,35.055339,136.761161,CBE,357.1,12.0,2,3500,0,0,0,0,0,0
CF,SUVEN,34.973117,136.778686,0,CBE,357.1,7.0,177.0,5.0,2,1991,0,0,0,0,2,0
CF,40VOR,34.923781,136.789186,0,CBE,357.1,4.0,177.0,3.0,2,1036,0,0,0,0,0,0
CF,RW18,34.873892,136.801675,0,CBE,2.6,0.0,177.0,3.1,1,69,0,0,0,0,3,0
CA,0,177.0,2,600,0,0,0,0,0,0
VI,2, ,0.0,15.0,0,0,0,0,0,0,0,0
CF,D330K,35.004586,136.668858,0,CBE,330.0,11.0,330.0,6.0,1,4000,0,0,0,0,0,0
CI,0, ,0.0,330.0,0,0,0,0,0,0,0,0
AF,POKER,35.127664,136.745719,2,CBE,357.1,16.4,330.0,0,0,0,0,0,0,0,0
HM,POKER,35.127664,136.745719,1, ,0.0,0.0,177.0,05.6,2,4000,0,1,230,0,0,0,0

APPTR,D36,36,PIXIE
IF,PIXIE,34.590675,136.875175, ,0.0,0.0,2,4000,0,0,0,0,1,0
TF,NIMOH,34.662444,136.855886,0, ,0.0,0.0,0.0,0.0,2,3500,0,0,0,0,1,0

FINAL,D36,36,D,4
IF,NIMOH,34.662444,136.855886,CBE,174.4,12.0,2,3500,0,0,0,0,0,0
CF,DOLLY,34.743931,136.833950,0,CBE,174.4,7.0,354.0,5.0,2,1993,0,0,0,0,2,0
CF,50VOR,34.776542,136.825236,0,CBE,174.4,5.0,354.0,2.0,2,1338,0,0,0,0,0,0
CF,RW36,34.842942,136.809114,0,CBE,169.0,0.0,354.0,4.1,1,67,0,0,0,0,3,0
CA,0,354.0,2,600,0,0,0,0,0,0
VI,1, ,0.0,165.0,0,0,0,0,0,0,0,0
CF,D210K,34.688933,136.716300,0,CBE,210.0,11.0,210.0,6.0,1,4000,0,0,0,0,0,0
CI,0, ,0.0,210.0,0,0,0,0,0,0,0,0
AF,PIXIE,34.590675,136.875175,1,CBE,174.4,16.4,210.0,0,0,0,0,0,0,0,0
HM,PIXIE,34.590675,136.875175,2, ,0.0,0.0,354.0,05.6,2,4000,0,1,230,0,0,0,0

APPTR,I18-X,18,MINEL
IF,MINEL,34.998972,136.680556, ,0.0,0.0,2,3500,0,1,220,0,1,0
TF,MALUS,35.013286,136.768111,0,ICY,0.0,0.0,0.0,0.0,2,1800,0,0,0,0,1,0

APPTR,I18-X,18,MOANA
IF,MOANA,35.030703,136.875111, ,0.0,0.0,2,3500,0,0,0,0,1,0
TF,MALUS,35.013286,136.768111,0,ICY,0.0,0.0,0.0,0.0,2,1800,0,0,0,0,1,0

FINAL,I18-X,18,I,3
IF,MALUS,35.013286,136.768111,ICY,356.8,10.6,2,1800,0,0,0,0,0,0
CF,RALPH,34.931422,136.787836,0,ICY,356.8,5.6,177.0,5.0,1,1200,0,0,0,0,2,0
CF,RW18,34.873892,136.801675,0,ICY,356.8,2.1,177.0,3.5,1,69,0,0,0,0,3,0
VA,0,177.0,2,500,0,0,0,0,0,0
CF,PRADA,34.770394,136.826531,0,CBE,174.6,5.4,175.0,5.4,0,0,0,0,0,0,0,1
DF,CBE,34.858006,136.803169,2, ,0.0,0.0,1,3000,0,0,0,0,0,0
HM,CBE,34.858006,136.803169,1, ,0.0,0.0,360.0,04.3,2,3000,0,1,230,0,0,0,0

APPTR,I18-Y,18,CBE
IF,CBE,34.858006,136.803169, ,0.0,0.0,2,3000,0,0,0,0,0,0
FD,CBE,34.858006,136.803169,0,CBE,0.0,8.0,330.0,8.0,0,0,0,1,210,0,0,0
CF,CF18,34.989361,136.773881,2,ICY,356.8,9.1,177.0,1.0,2,1700,0,0,0,0,0,0

FINAL,I18-Y,18,I,3
IF,CF18,34.989361,136.773881,ICY,356.8,9.1,2,1700,0,0,0,0,0,0
CF,FENDI,34.944236,136.784747,0,ICY,356.8,6.4,177.0,2.8,1,1500,0,0,0,0,2,0
CF,RW18,34.873892,136.801675,0,ICY,356.8,2.1,177.0,4.3,1,69,0,0,0,0,3,0
VA,0,177.0,2,500,0,0,0,0,0,0
CF,PRADA,34.770394,136.826531,0,CBE,174.6,5.4,175.0,5.4,0,0,0,0,0,0,0,1
DF,CBE,34.858006,136.803169,2, ,0.0,0.0,1,3000,0,0,0,0,0,0
HM,CBE,34.858006,136.803169,1, ,0.0,0.0,360.0,04.3,2,3000,0,1,230,0,0,0,0

FINAL,I18-Z,18,I,3
IF,QUEST,35.126903,136.740675,ICY,356.8,17.5,2,4000,0,0,0,0,0,0
CF,ORVIL,35.045169,136.761125,0,ICY,357.0,12.5,177.0,5.0,1,3500,0,0,0,0,2,0
CF,RW18,34.873892,136.801675,0,ICY,356.8,2.1,177.0,10.5,1,69,0,0,0,0,3,0
VA,0,177.0,2,500,0,0,0,0,0,0
VI,2, ,0.0,15.0,0,0,0,0,0,0,0,0
CF,D330K,35.004586,136.668858,0,CBE,330.0,11.0,330.0,6.0,1,4000,0,0,0,0,0,0
TF,D330P,35.076489,136.602747,0, ,0.0,0.0,0.0,0.0,0,0,0,0,0,0,0,0
AF,QUEST,35.126903,136.740675,2,CBE,356.2,16.4,330.0,0,0,0,0,0,0,0,0
HM,QUEST,35.126903,136.740675,1, ,0.0,0.0,176.0,05.6,2,4000,0,1,230,0,0,0,0

APPTR,I36-Y,36,CBE
IF,CBE,34.858006,136.803169, ,0.0,0.0,2,3000,0,0,0,0,1,0
TF,D210K,34.688933,136.716300,0, ,0.0,0.0,0.0,0.0,0,0,0,0,0,0,0,0
AF,D186K,34.674394,136.807047,1,CBE,186.0,11.0,210.0,0,0,0,0,0,0,0,0
VI,0,ICX,0.0,27.0,2,1500,0,0,0,0,0,0

FINAL,I36-Y,36,I,3
IF,YUUNO,34.678228,136.848617,ICX,176.8,12.1,2,1500,0,0,0,0,0,0
CF,PRADA,34.770394,136.826531,0,ICX,176.8,6.5,357.0,5.6,1,1500,0,0,0,0,2,0
CF,RW36,34.842942,136.809114,0,ICX,176.8,2.1,357.0,4.4,1,69,0,0,0,0,3,0
VA,0,357.0,2,500,0,0,0,0,0,0
CF,RALPH,34.931422,136.787836,0,CBE,357.2,4.5,357.0,5.0,0,0,0,0,0,0,0,1
DF,CBE,34.858006,136.803169,1, ,0.0,0.0,1,3000,0,0,0,0,0,0
HM,CBE,34.858006,136.803169,2, ,0.0,0.0,180.0,04.3,2,3000,0,1,230,0,0,0,0

FINAL,I36-Z,36,I,3
IF,PROBE,34.589722,136.869778,ICX,176.8,17.5,2,4000,0,0,0,0,0,0
CF,WILBA,34.671442,136.850242,0,ICX,176.8,12.5,357.0,5.0,1,3500,0,0,0,0,2,0
CF,RW36,34.842942,136.809114,0,ICX,176.8,2.1,357.0,10.5,1,69,0,0,0,0,3,0
VA,0,357.0,2,500,0,0,0,0,0,0
VI,1, ,0.0,165.0,0,0,0,0,0,0,0,0
CF,D210K,34.688933,136.716300,0,CBE,210.0,11.0,210.0,6.0,1,4000,0,0,0,0,0,0
TF,D210P,34.605911,136.673783,0, ,0.0,0.0,0.0,0.0,0,0,0,0,0,0,0,0
AF,PROBE,34.589722,136.869778,1,CBE,175.4,16.4,210.0,0,0,0,0,0,0,0,0
HM,PROBE,34.589722,136.869778,2, ,0.0,0.0,355.0,05.6,2,4000,0,1,230,0,0,0,0

APPTR,R18,18,MINEL
IF,MINEL,34.998972,136.680556, ,0.0,0.0,2,3500,0,1,220,0,1,0
TF,MALUS,35.013286,136.768111,0, ,0.0,0.0,0.0,0.0,2,1800,0,0,0,0,1,0

APPTR,R18,18,MOANA
IF,MOANA,35.030703,136.875111, ,0.0,0.0,2,3500,0,0,0,0,1,0
TF,MALUS,35.013286,136.768111,0, ,0.0,0.0,0.0,0.0,2,1800,0,0,0,0,1,0

APPTR,R18,18,QUEST
IF,QUEST,35.126903,136.740675, ,0.0,0.0,2,4000,0,0,0,0,1,0
TF,MALUS,35.013286,136.768111,0, ,0.0,0.0,0.0,0.0,2,1800,0,0,0,0,1,0

FINAL,R18,18,R,3
IF,MALUS,35.013286,136.768111, ,0.0,0.0,2,1800,0,0,0,0,0,0
TF,RALPH,34.931422,136.787836,0, ,0.0,0.0,176.0,5.0,2,1188,0,0,0,0,2,0
TF,RW18,34.873892,136.801675,0, ,0.0,0.0,176.0,3.5,1,69,0,0,0,0,3,1
DF,PRADA,34.770394,136.826531,0, ,0.0,0.0,0,0,0,0,0,0,0,1
DF,CBE,34.858006,136.803169,2, ,0.0,0.0,1,3000,0,0,0,0,0,0
HM,CBE,34.858006,136.803169,1, ,0.0,0.0,360.0,04.3,2,3000,0,1,230,0,0,0,0

APPTR,R36,36,ARIEL
IF,ARIEL,34.660511,136.740486, ,0.0,0.0,2,3500,0,0,0,0,1,0
TF,YUUNO,34.678228,136.848617,0, ,0.0,0.0,0.0,0.0,2,1500,0,0,0,0,1,0

APPTR,R36,36,BUNNY
IF,BUNNY,34.695847,136.956789, ,0.0,0.0,2,3500,0,0,0,0,1,0
TF,YUUNO,34.678228,136.848617,0, ,0.0,0.0,0.0,0.0,2,1500,0,0,0,0,1,0

APPTR,R36,36,PROBE
IF,PROBE,34.589722,136.869778, ,0.0,0.0,2,4000,0,0,0,0,1,0
TF,YUUNO,34.678228,136.848617,0, ,0.0,0.0,0.0,0.0,2,1500,0,0,0,0,1,0

FINAL,R36,36,R,3
IF,YUUNO,34.678228,136.848617, ,0.0,0.0,2,1500,0,0,0,0,0,0
TF,PRADA,34.770394,136.826531,0, ,0.0,0.0,356.0,5.6,2,1478,0,0,0,0,2,0
TF,RW36,34.842942,136.809114,0, ,0.0,0.0,356.0,4.4,1,67,0,0,0,0,3,1
DF,RALPH,34.931422,136.787836,0, ,0.0,0.0,0,0,0,0,0,0,0,1
DF,CBE,34.858006,136.803169,1, ,0.0,0.0,1,3000,0,0,0,0,0,0
HM,CBE,34.858006,136.803169,2, ,0.0,0.0,180.0,04.3,2,3000,0,1,230,0,0,0,0

