SID,SAMBA2,11,1
CA,0,112.0,2,800,0,0,0,0,0,0
VI,1, ,0.0,351.0,0,0,0,0,0,0,0,0
CF,SAMBA,35.090653,132.056569,0,IME,35.7,28.3,36.0,27.0,2,7000,0,0,0,0,0,0

SID,SAMBA2,29,1
CA,0,292.0,2,700,0,0,0,0,0,0
VI,2, ,0.0,81.0,0,0,0,0,0,0,0,0
CF,SAMBA,35.090653,132.056569,0,IME,35.7,28.3,36.0,28.0,2,7000,0,0,0,0,0,0

SID,SAMBA2,VIBEL,3
IF,SAMBA,35.090653,132.056569, ,0.0,0.0,2,7000,0,0,0,0,0,0
TF,OSPEL,35.151003,132.256628,0, ,0.0,0.0,0.0,0.0,3,13000,0,0,0,0,0,0
TF,VIBEL,35.209503,132.451928,0, ,0.0,0.0,0.0,0.0,3,23000,0,0,0,0,0,0

SID,SAMBA2,XZE,3
IF,SAMBA,35.090653,132.056569, ,0.0,0.0,2,7000,0,0,0,0,0,0
TF,CARNY,35.155350,132.220394,0, ,0.0,0.0,0.0,0.0,3,13000,0,0,0,0,0,0
TF,BAARU,35.251417,132.465225,0, ,0.0,0.0,0.0,0.0,3,23000,0,0,0,0,0,0
TF,XZE,35.417239,132.892372,0, ,0.0,0.0,0.0,0.0,0,0,0,0,0,0,0,0

APPTR,D11,11,BLUES
IF,BLUES,34.866394,131.906414, ,0.0,0.0,2,4000,0,0,0,0,1,0
AF,CS11,34.746739,131.531311,1,IME,296.0,13.0,36.0,2,2500,0,0,0,0,1,0

FINAL,D11,11,D,4
IF,CS11,34.746739,131.531311,IME,296.0,13.0,2,2500,0,0,0,0,0,0
CF,FF11,34.703408,131.684364,0,IME,296.0,5.0,116.0,8.0,2,1810,0,0,0,0,2,0
CF,32VOR,34.693644,131.718733,0,IME,296.0,3.2,116.0,1.8,2,1224,0,0,0,0,0,0
CF,RW11,34.678689,131.779753,0,IME,4.5,0.2,116.0,3.2,1,238,0,0,0,0,3,0
CF,IME,34.676244,131.779881,0,IME,0.0,0.0,116.0,0.2,0,0,0,0,0,0,0,1
CF,BLUES,34.866394,131.906414,0,IME,35.7,13.0,36.0,13.0,2,4000,0,0,0,0,0,0
HM,BLUES,34.866394,131.906414,2, ,0.0,0.0,216.0,05,2,4000,0,1,230,0,0,0,0

APPTR,I11,11,BLUES
IF,BLUES,34.866394,131.906414, ,0.0,0.0,2,4000,0,0,0,0,1,0
AF,D301M,34.764281,131.539628,1,IME,301.0,13.0,36.0,2,2500,0,0,0,0,0,0
VI,0,IWA,0.0,142.0,0,0,0,0,0,0,0,0

FINAL,I11,11,I,3
IF,CI11,34.733433,131.526272,IWA,291.7,14.2,2,2500,0,0,0,0,0,0
CF,FI11,34.708242,131.643689,0,IWA,291.8,8.2,112.0,6.0,1,2500,0,0,0,0,2,0
CF,RW11,34.678689,131.779753,0,IWA,291.8,1.2,112.0,7.0,1,238,0,0,0,0,3,0
CA,0,112.0,2,680,0,0,0,0,0,0
CF,BLUES,34.866394,131.906414,0,IME,35.7,13.0,36.0,13.0,2,4000,0,0,0,0,0,0
HM,BLUES,34.866394,131.906414,2, ,0.0,0.0,216.0,05,2,4000,0,1,230,0,0,0,0

FINAL,R11,11,R,5
IF,BLUES,34.866394,131.906414, ,0.0,0.0,2,4000,0,0,0,0,0,0
TF,OW150,34.759419,131.755144,0, ,0.0,0.0,237.0,9.8,1,2600,0,0,0,0,2,0
TF,OW151,34.743661,131.732919,0, ,0.0,0.0,237.0,1.4,1,2139,0,1,165,0,0,0
RF,OW152,34.685350,131.749164,1,OWRF1,111.8,2.0,1,736,0,0,0,0,0,0
TF,RW11,34.678689,131.779753,0, ,0.0,0.0,113.0,1.6,1,238,0,0,0,0,3,1
FA,RW11,34.678689,131.779753,0,IME,0.0,0.0,113.0,2,600,0,0,0,0,0,0
DF,BLUES,34.866394,131.906414,1, ,0.0,0.0,1,4000,0,0,0,0,0,0
HM,BLUES,34.866394,131.906414,2, ,0.0,0.0,216.0,05,2,4000,0,1,230,0,0,0,0

FINAL,R29,29,R,5
IF,BLUES,34.866394,131.906414, ,0.0,0.0,2,4000,0,0,0,0,0,0
TF,OW950,34.768603,131.882258,0, ,0.0,0.0,199.0,6.0,1,3100,0,0,0,0,2,0
TF,OW951,34.682853,131.861133,0, ,0.0,0.0,199.0,5.3,1,1374,0,1,150,0,0,0
RF,OW952,34.667472,131.831169,2,OWRF2,291.8,1.2,1,731,0,0,0,0,0,0
TF,RW29,34.674089,131.800853,0, ,0.0,0.0,293.0,1.5,1,221,0,0,0,0,3,1
FA,RW29,34.674089,131.800853,0,IME,0.0,0.0,293.0,2,600,0,0,0,0,0,0
DF,BLUES,34.866394,131.906414,2, ,0.0,0.0,1,4000,0,0,0,0,0,0
HM,BLUES,34.866394,131.906414,2, ,0.0,0.0,216.0,05,2,4000,0,1,230,0,0,0,0

FINAL,V11-A,11,D,3
IF,BLUES,34.866394,131.906414,IME,35.7,13.0,2,4000,0,0,0,0,0,0
CF,FF216,34.769889,131.842106,0,IME,35.7,6.4,216.0,6.6,2,1600,0,0,0,0,2,0
CF,MA216,34.696736,131.793483,0,IME,35.7,1.4,216.0,5.0,1,1600,0,0,0,0,3,0
CF,BLUES,34.866394,131.906414,2,IME,35.7,13.0,36.0,11.6,2,4000,0,0,0,0,0,0
HM,BLUES,34.866394,131.906414,2, ,0.0,0.0,216.0,05,0,0,0,1,230,0,0,0,0

FINAL,V29-A,29,D,3
IF,BLUES,34.866394,131.906414,IME,35.7,13.0,2,4000,0,0,0,0,0,0
CF,FF216,34.769889,131.842106,0,IME,35.7,6.4,216.0,6.6,2,1600,0,0,0,0,2,0
CF,MA216,34.696736,131.793483,0,IME,35.7,1.4,216.0,5.0,1,1600,0,0,0,0,3,0
CF,BLUES,34.866394,131.906414,2,IME,35.7,13.0,36.0,11.6,2,4000,0,0,0,0,0,0
HM,BLUES,34.866394,131.906414,2, ,0.0,0.0,216.0,05,0,0,0,1,230,0,0,0,0

