SID,BREEE4,18,2
CA,0,177.0,2,4000,0,0,0,0,0,0
CF,BREEE,35.452203,139.407708,0,YOK,178.0,18.0,178.0,12.0,3,11000,0,0,0,0,0,0

SID,BUSYU1,18,1
VA,0,177.0,2,816,0,0,0,0,0,0
VI,2, ,0.0,313.0,0,0,0,0,0,0,0,0
CF,BUSYU,35.794425,138.798733,0,YOK,282.9,27.1,283.0,21.0,2,13400,0,0,0,0,0,0

SID,BUSYU1,36,1
VA,0,357.0,2,862,0,0,0,0,0,0
VI,1, ,0.0,253.0,0,0,0,0,0,0,0,0
CF,BUSYU,35.794425,138.798733,0,YOK,282.9,27.1,283.0,22.0,2,13400,0,0,0,0,0,0

SID,FISAB2,36,5
DF,FISAB,35.799250,139.337825,0, ,0.0,0.0,3,13000,0,0,0,0,0,0
TF,TIMAP,36.048681,139.324458,0, ,0.0,0.0,0.0,0.0,3,13000,0,0,0,0,0,0

SID,GERGE2,18,5
DF,GERGE,35.684242,139.361961,0, ,0.0,0.0,3,11000,0,0,0,0,0,0
TF,BREEE,35.452203,139.407708,0, ,0.0,0.0,0.0,0.0,3,11000,0,0,0,0,0,0

SID,TIMAP4,36,2
CA,0,357.0,2,4000,0,0,0,0,0,0
CF,TIMAP,36.048681,139.324458,0,YOK,3.0,18.0,3.0,12.0,3,13000,0,0,0,0,0,0

APPTR,I18,18,ULENI
HF,ULENI,35.995478,139.296447,1, ,0.0,0.0,177.0,06,2,4200,0,1,230,0,1,0,0
CF,SETEE,35.913225,139.313822,0,IYAS,357.3,11.1,177.0,5.0,2,3200,0,0,0,0,0,0

FINAL,I18,18,I,3
IF,SETEE,35.913225,139.313822,IYAS,357.3,11.1,2,3200,0,0,0,0,0,0
CF,STRAZ,35.845314,139.328133,0,IYAS,357.3,7.0,177.0,4.1,1,2100,0,0,0,0,2,0
CF,RW18,35.763386,139.345364,0,IYAS,357.3,2.0,177.0,5.0,1,514,0,0,0,0,3,0
CA,0,177.0,2,970,0,0,0,0,0,0
CF,BREEE,35.452203,139.407708,0,YOK,178.0,18.0,178.0,18.0,2,4000,0,0,0,0,0,0
HM,BREEE,35.452203,139.407708,2, ,0.0,0.0,358.0,06,3,10000,0,1,230,0,0,0,0

APPTR,I36,36,OKURA
HF,OKURA,35.501917,139.400061,2, ,0.0,0.0,358.0,06,2,4000,0,1,230,0,1,0,0

FINAL,I36,36,I,3
IF,OKURA,35.501917,139.400061,IYOK,177.3,16.1,2,4000,0,0,0,0,0,0
CF,JENEL,35.620019,139.375408,0,IYOK,177.3,8.9,357.0,7.2,1,2300,0,0,0,0,2,0
CF,RW36,35.733600,139.351614,0,IYOK,177.3,2.0,357.0,6.9,1,469,0,0,0,0,3,0
CA,0,357.0,2,970,0,0,0,0,0,0
CF,TIMAP,36.048681,139.324458,0,YOK,3.0,18.0,3.0,19.5,2,4200,0,0,0,0,0,0
HM,TIMAP,36.048681,139.324458,1, ,0.0,0.0,183.0,06,3,10000,0,1,230,0,0,0,0

APPTR,R18,18,BODAI
HF,BODAI,36.010161,139.293436,1, ,0.0,0.0,177.0,04,2,4100,0,1,230,0,1,0,0

FINAL,R18,18,R,4
IF,BODAI,36.010161,139.293436, ,0.0,0.0,2,4100,0,0,0,0,0,0
TF,RISSA,35.862097,139.324628,0, ,0.0,0.0,177.0,9.0,2,2500,0,0,0,0,2,0
TF,HANIV,35.804514,139.336728,0, ,0.0,0.0,177.0,3.5,2,1340,0,0,0,0,0,0
TF,RW18,35.763386,139.345364,0, ,0.0,0.0,177.0,2.5,1,530,0,0,0,0,3,1
CA,0,177.0,2,862,0,0,0,0,0,0
DF,MESTR,35.503242,139.399758,0, ,0.0,0.0,2,4000,0,0,0,0,0,1
HM,MESTR,35.503242,139.399758,2, ,0.0,0.0,357.0,04,3,10000,0,1,230,0,0,0,0

APPTR,R36,36,MESTR
HF,MESTR,35.503242,139.399758,2, ,0.0,0.0,357.0,04,2,4000,0,1,230,0,1,0,0

APPTR,R36,36,WHILY
IF,WHILY,35.518322,139.574250, ,0.0,0.0,2,4000,0,0,0,0,1,0
TF,MESTR,35.503242,139.399758,0, ,0.0,0.0,0.0,0.0,2,4000,0,0,0,0,1,0

FINAL,R36,36,R,4
IF,MESTR,35.503242,139.399758, ,0.0,0.0,2,4000,0,0,0,0,0,0
TF,KARMN,35.634878,139.372278,0, ,0.0,0.0,357.0,8.0,2,2200,0,0,0,0,2,0
TF,FONUD,35.684242,139.361950,0, ,0.0,0.0,357.0,3.0,2,1100,0,0,0,0,0,0
TF,RW36,35.733600,139.351614,0, ,0.0,0.0,357.0,3.0,1,491,0,0,0,0,3,1
CA,0,357.0,2,862,0,0,0,0,0,0
DF,BODAI,36.010161,139.293436,0, ,0.0,0.0,2,5300,0,0,0,0,0,1
HM,BODAI,36.010161,139.293436,1, ,0.0,0.0,177.0,04,3,10000,0,1,230,0,0,0,0

APPTR,T18,18,ULENI
HF,ULENI,35.995478,139.296447,1, ,0.0,0.0,177.0,06,2,4200,0,1,230,0,1,0,0

FINAL,T18,18,D,4
IF,ULENI,35.995478,139.296447,YOK,356.9,15.0,2,4200,0,0,0,0,0,0
CF,KILEE,35.913314,139.314422,0,YOK,356.9,10.0,177.0,5.0,2,3100,0,0,0,0,0,0
CF,COYEE,35.844292,139.329494,0,YOK,356.9,5.8,177.0,4.2,2,2100,0,0,0,0,2,0
CF,WURDI,35.763764,139.347044,0,YOK,356.9,0.9,177.0,4.9,1,526,0,0,0,0,3,0
CF,BREEE,35.452203,139.407708,0,YOK,178.0,18.0,178.0,18.9,2,4000,0,0,0,0,0,0
HM,BREEE,35.452203,139.407708,2, ,0.0,0.0,358.0,06,3,10000,0,1,230,0,0,0,0

APPTR,T36,36,OKURA
HF,OKURA,35.501917,139.400061,2, ,0.0,0.0,358.0,06,2,4000,0,1,230,0,1,0,0

FINAL,T36,36,D,4
IF,OKURA,35.501917,139.400061,YOK,177.6,15.0,2,4000,0,0,0,0,0,0
CF,CORRN,35.628744,139.374536,0,YOK,177.6,7.3,358.0,7.7,2,2300,0,0,0,0,2,0
CF,DEMIE,35.683097,139.363572,0,YOK,177.6,4.0,358.0,3.3,2,1300,0,0,0,0,0,0
CF,CACAY,35.724272,139.355258,0,YOK,177.6,1.5,358.0,2.5,1,642,0,0,0,0,3,0
CF,TIMAP,36.048681,139.324458,0,YOK,3.0,18.0,3.0,19.5,2,4200,0,0,0,0,0,0
HM,TIMAP,36.048681,139.324458,1, ,0.0,0.0,183.0,06,3,10000,0,1,230,0,0,0,0

