SID,ABASA1,08,1
CF,D072B,24.482664,123.042258,0,KOE,71.8,1.8,79.0,3.0,0,0,0,0,0,0,0,1
VI,0, ,0.0,132.0,0,0,0,0,0,0,0,0
CF,ABASA,24.443442,123.252800,0,KOE,102.0,13.3,102.0,9.0,0,0,0,0,0,0,0,0

SID,ABASA1,26,1
DF,DER26,24.465103,122.970239,0, ,0.0,0.0,0,0,0,0,0,0,0,1
CA,0,259.0,2,700,0,0,0,0,0,0
VI,2, ,0.0,132.0,0,0,0,0,0,0,0,0
CF,ABASA,24.443442,123.252800,0,KOE,102.0,13.3,102.0,13.0,0,0,0,0,0,0,0,0

SID,AYAKA1,08,4
VA,0,80.0,2,700,0,0,0,0,0,0
DF,AYAKA,24.404136,123.592050,0, ,0.0,0.0,0,0,0,0,0,0,0,0

SID,AYAKA1,26,4
VA,0,260.0,2,600,0,0,0,0,0,0
DF,YN600,24.573472,122.953389,2, ,0.0,0.0,0,0,0,0,0,0,0,0
TF,AYAKA,24.404136,123.592050,0, ,0.0,0.0,0.0,0.0,0,0,0,0,0,0,0,0

SID,TAKZO1,08,1
CF,D072B,24.482664,123.042258,0,KOE,71.8,1.8,79.0,3.0,0,0,0,0,0,0,0,1
VI,0, ,0.0,350.0,0,0,0,0,0,0,0,0
CF,TAKZO,24.702083,123.084050,0,KOE,20.9,14.4,20.0,7.0,0,0,0,0,0,0,0,0

SID,TAKZO1,26,1
DF,DER26,24.465103,122.970239,0, ,0.0,0.0,0,0,0,0,0,0,0,1
CA,0,259.0,2,700,0,0,0,0,0,0
VI,2, ,0.0,50.0,0,0,0,0,0,0,0,0
CF,TAKZO,24.702083,123.084050,0,KOE,20.9,14.4,20.0,4.0,0,0,0,0,0,0,0,0

STAR,URABU,26,5
IF,AYAKA,24.404136,123.592050, ,0.0,0.0,2,4000,0,0,0,0,0,0
TF,URABU,24.439172,123.252322,0, ,0.0,0.0,0.0,0.0,2,3000,0,0,0,0,0,0

APPTR,D26,26,ABASA
IF,ABASA,24.443442,123.252800, ,0.0,0.0,2,3000,0,0,0,0,1,0
TF,KOE10,24.449406,123.200719,0, ,0.0,0.0,0.0,0.0,0,0,0,0,0,0,0,0
AF,CD26,24.556939,123.177319,1,KOE,65.3,10.4,102.0,2,1789,0,0,0,0,1,0

APPTR,D26,26,ISEKI
IF,ISEKI,24.637886,123.064072, ,0.0,0.0,2,3000,0,0,0,0,1,0
AF,CD26,24.556939,123.177319,2,KOE,65.3,10.4,20.0,2,1789,0,0,0,0,1,0

FINAL,D26,26,D,3
IF,CD26,24.556939,123.177319,KOE,65.3,10.4,2,1789,0,0,0,0,0,0
CF,FD26,24.505122,123.077869,0,KOE,65.3,4.1,245.0,6.3,2,1789,0,0,0,0,2,0
CF,MD26,24.479958,123.029647,0,KOE,65.3,1.1,245.0,3.0,1,815,0,0,0,0,3,0
VI,2, ,0.0,132.0,0,0,0,0,0,0,0,0
CF,ABASA,24.443442,123.252800,0,KOE,102.0,13.3,102.0,8.0,2,3000,0,0,0,0,0,0
HM,ABASA,24.443442,123.252800,2, ,0.0,0.0,282.0,05.7,2,3000,0,1,230,0,0,0,0

APPTR,L26,26,ABASA
IF,ABASA,24.443442,123.252800, ,0.0,0.0,2,3000,0,0,0,0,1,0
TF,D102J,24.449819,123.197094,0, ,0.0,0.0,0.0,0.0,0,0,0,1,230,0,0,0
AF,D090J,24.485594,123.197844,1,KOE,90.0,10.2,102.0,2,1986,0,0,0,0,0,0
VI,0,IYN,0.0,289.0,0,0,0,0,0,0,0,0

FINAL,L26,26,D,3
IF,CF26,24.517667,123.190539,IYN,79.3,12.6,2,1986,0,0,0,0,0,0
CF,FF26,24.495083,123.095656,0,IYN,79.3,7.2,259.0,5.4,2,1986,0,0,0,0,2,0
CF,MA26,24.473869,123.006878,0,IYN,79.3,2.2,259.0,5.0,1,411,0,0,0,0,3,0
CA,0,259.0,2,550,0,0,0,0,0,0
VI,2, ,0.0,75.0,0,0,0,0,0,0,0,0
CF,D045J,24.601442,123.132092,0,KOE,45.0,10.2,45.0,3.0,0,0,0,0,0,0,0,0
AF,D102J,24.449819,123.197094,2,KOE,102.0,10.2,45.0,0,0,0,0,0,0,0,0
TF,ABASA,24.443442,123.252800,0, ,0.0,0.0,0.0,0.0,2,3000,0,0,0,0,0,0
HM,ABASA,24.443442,123.252800,2, ,0.0,0.0,282.0,05.7,2,3000,0,1,230,0,0,0,0

APPTR,R26,26,URABU
IF,URABU,24.439172,123.252322, ,0.0,0.0,2,3000,0,0,0,0,1,0
TF,ANGAI,24.519222,123.195961,0, ,0.0,0.0,0.0,0.0,2,2000,0,0,0,0,1,0

FINAL,R26,26,R,3
IF,ANGAI,24.519222,123.195961, ,0.0,0.0,2,2000,0,0,0,0,0,0
TF,YUUNA,24.495128,123.095269,0, ,0.0,0.0,260.0,5.7,2,2000,0,0,0,0,2,0
TF,YN650,24.473267,123.004192,0, ,0.0,0.0,260.0,5.1,1,360,0,0,0,0,3,1
DF,YN651,24.460514,122.951167,0, ,0.0,0.0,0,0,0,0,0,0,0,1
DF,URABU,24.439172,123.252322,1, ,0.0,0.0,1,3000,0,0,0,0,0,0
HM,URABU,24.439172,123.252322,2, ,0.0,0.0,283.0,05.7,2,3000,0,1,230,0,0,0,0

