SID,MASB3E,06,5
DF,DER06,13.162622,123.742942,0, ,0.0,0.0,0,0,0,0,0,0,0,1
CA,0,59.0,2,1500,0,0,0,0,0,0
DF,MELMA,13.018453,123.755461,2, ,0.0,0.0,0,0,0,1,230,0,0,0
TF,TICAO,12.764031,123.706419,0, ,0.0,0.0,0.0,0.0,0,0,0,0,0,0,0,0
TF,MASBA,12.369167,123.630556,0, ,0.0,0.0,0.0,0.0,2,8000,0,0,0,0,0,0

SID,MASB3W,24,5
CF,CARAM,13.116242,123.669189,0,LP,240.5,4.0,239.0,4.0,0,0,0,0,0,0,0,1
DF,SEELI,12.967608,123.606883,0, ,0.0,0.0,0,0,0,0,0,0,0,0
TF,DOSOL,12.770708,123.614672,0, ,0.0,0.0,0.0,0.0,0,0,0,0,0,0,0,0
TF,MASBA,12.369167,123.630556,0, ,0.0,0.0,0.0,0.0,2,8000,0,0,0,0,0,0

SID,NGA1E,06,5
CF,KAWAT,13.207253,123.813975,0,LP,58.5,6.0,59.0,5.0,0,0,0,0,0,0,0,1
DF,KADTO,13.463528,123.727758,0, ,0.0,0.0,0,0,0,0,0,0,0,0
TF,NGA,13.582219,123.269542,0, ,0.0,0.0,0.0,0.0,2,8000,0,0,0,0,0,0

SID,NGA3E,06,5
DF,DER06,13.162622,123.742942,0, ,0.0,0.0,0,0,0,0,0,0,0,1
CA,0,59.0,2,1500,0,0,0,0,0,0
DF,CARAM,13.116242,123.669189,2, ,0.0,0.0,2,4000,0,1,230,0,0,0
TF,DUNAO,13.235281,123.542806,0, ,0.0,0.0,0.0,0.0,0,0,0,0,0,0,0,0
TF,SASON,13.383214,123.399819,0, ,0.0,0.0,0.0,0.0,0,0,0,0,0,0,0,0
TF,NGA,13.582219,123.269542,0, ,0.0,0.0,0.0,0.0,2,8000,0,0,0,0,0,0

SID,NGA3W,24,5
CF,CARAM,13.116242,123.669189,0,LP,240.5,4.0,239.0,4.0,0,0,0,0,0,0,0,1
DF,DUNAO,13.235281,123.542806,0, ,0.0,0.0,0,0,0,1,240,0,0,0
TF,SASON,13.383214,123.399819,0, ,0.0,0.0,0.0,0.0,0,0,0,0,0,0,0,0
TF,NGA,13.582219,123.269542,0, ,0.0,0.0,0.0,0.0,2,8000,0,0,0,0,0,0

STAR,MASB2E,06,5
IF,MASBA,12.369167,123.630556, ,0.0,0.0,2,10000,0,0,0,0,0,0
TF,DOSOL,12.770708,123.614672,0, ,0.0,0.0,0.0,0.0,0,0,0,0,0,0,0,0
TF,SEELI,12.967608,123.606883,0, ,0.0,0.0,0.0,0.0,2,3000,0,0,0,0,0,0

STAR,MASB4W,24,5
IF,MASBA,12.369167,123.630556, ,0.0,0.0,2,10000,0,0,0,0,0,0
TF,TICAO,12.764031,123.706419,0, ,0.0,0.0,0.0,0.0,0,0,0,0,0,0,0,0
TF,MELMA,13.018453,123.755461,0, ,0.0,0.0,0.0,0.0,0,0,0,0,0,0,0,0
TF,LEGAZ,13.127572,123.880300,0, ,0.0,0.0,0.0,0.0,0,0,0,0,0,0,0,0
TF,ROMEY,13.205519,123.969586,0, ,0.0,0.0,0.0,0.0,2,3000,0,0,0,0,0,0

STAR,NGA2W,24,5
IF,NGA,13.582219,123.269542, ,0.0,0.0,2,10000,0,0,0,0,0,0
TF,TORNE,13.525756,123.623725,0, ,0.0,0.0,0.0,0.0,2,8000,0,0,0,0,0,0
TF,JUBAL,13.501372,123.775661,0, ,0.0,0.0,0.0,0.0,2,6000,0,0,0,0,0,0
TF,MICAR,13.346422,123.877294,0, ,0.0,0.0,0.0,0.0,2,3000,0,0,0,0,0,0

STAR,NGA4E,06,5
IF,NGA,13.582219,123.269542, ,0.0,0.0,2,10000,0,0,0,0,0,0
TF,MALWA,13.347231,123.294617,0, ,0.0,0.0,0.0,0.0,0,0,0,0,0,0,0,0
TF,LIPOT,13.083872,123.469775,0, ,0.0,0.0,0.0,0.0,2,3000,0,0,0,0,0,0

STAR,NGA4W,24,5
IF,NGA,13.582219,123.269542, ,0.0,0.0,2,10000,0,0,0,0,0,0
TF,SASON,13.383214,123.399819,0, ,0.0,0.0,0.0,0.0,0,0,0,0,0,0,0,0
TF,DUNAO,13.235281,123.542806,0, ,0.0,0.0,0.0,0.0,0,0,0,0,0,0,0,0
TF,CARAM,13.116242,123.669189,0, ,0.0,0.0,0.0,0.0,2,8000,0,0,0,0,0,0
TF,LEGAZ,13.127572,123.880300,0, ,0.0,0.0,0.0,0.0,0,0,0,0,0,0,0,0
TF,ROMEY,13.205519,123.969586,0, ,0.0,0.0,0.0,0.0,2,3000,0,0,0,0,0,0

STAR,RAGA2E,06,5
IF,RAGAY,13.729722,122.584167, ,0.0,0.0,0,0,0,0,0,0,0,0
TF,PENIA,13.381422,123.063486,0, ,0.0,0.0,0.0,0.0,2,10000,0,0,0,0,0,0
TF,BIKOL,13.272156,123.212900,0, ,0.0,0.0,0.0,0.0,2,8000,0,0,0,0,0,0
TF,LIPOT,13.083872,123.469775,0, ,0.0,0.0,0.0,0.0,2,3000,0,0,0,0,0,0

STAR,RAGA4W,24,5
IF,RAGAY,13.729722,122.584167, ,0.0,0.0,0,0,0,0,0,0,0,0
TF,PENIA,13.381422,123.063486,0, ,0.0,0.0,0.0,0.0,2,10000,0,0,0,0,0,0
TF,BIKOL,13.272156,123.212900,0, ,0.0,0.0,0.0,0.0,0,0,0,0,0,0,0,0
TF,CARAM,13.116242,123.669189,0, ,0.0,0.0,0.0,0.0,2,8000,0,0,0,0,0,0
TF,LEGAZ,13.127572,123.880300,0, ,0.0,0.0,0.0,0.0,0,0,0,0,0,0,0,0
TF,ROMEY,13.205519,123.969586,0, ,0.0,0.0,0.0,0.0,2,3000,0,0,0,0,0,0

APPTR,R06,06,LIPOT
IF,LIPOT,13.083872,123.469775, ,0.0,0.0,2,3000,0,0,0,0,1,0
TF,LP06A,13.045094,123.556164,0, ,0.0,0.0,0.0,0.0,2,3000,0,1,230,0,1,0

APPTR,R06,06,LP06A
HF,LP06A,13.045094,123.556164,2, ,0.0,0.0,59.0,04.3,2,3000,0,1,230,0,1,0,0

APPTR,R06,06,SEELI
IF,SEELI,12.967608,123.606883, ,0.0,0.0,2,3000,0,0,0,0,1,0
TF,LP06A,13.045094,123.556164,0, ,0.0,0.0,0.0,0.0,2,3000,0,1,230,0,1,0

FINAL,R06,06,R,3
IF,LP06A,13.045094,123.556164, ,0.0,0.0,2,3000,0,1,230,0,0,0
TF,LP06B,13.090328,123.628003,0, ,0.0,0.0,59.0,5.0,1,2700,0,0,0,0,2,0
TF,RW06,13.153383,123.728244,0, ,0.0,0.0,59.0,7.0,1,110,0,0,0,0,3,1
CA,0,59.0,2,1500,0,0,0,0,0,0
DF,ORAGO,13.029953,123.705883,2, ,0.0,0.0,0,0,0,1,220,0,0,0
TF,SEELI,12.967608,123.606883,0, ,0.0,0.0,0.0,0.0,2,3000,0,0,0,0,0,0
TF,LP06A,13.045094,123.556164,0, ,0.0,0.0,0.0,0.0,2,3000,0,1,230,0,0,0
HM,LP06A,13.045094,123.556164,2, ,0.0,0.0,59.0,04.3,2,3000,0,1,230,0,0,0,0

APPTR,R24,24,LP24A
HF,LP24A,13.275967,123.923447,1, ,0.0,0.0,239.0,04.3,2,3000,0,1,220,0,1,0,0

APPTR,R24,24,MICAR
IF,MICAR,13.346422,123.877294, ,0.0,0.0,2,3000,0,0,0,0,1,0
TF,LP24A,13.275967,123.923447,0, ,0.0,0.0,0.0,0.0,2,3000,0,1,220,0,1,0

APPTR,R24,24,ROMEY
IF,ROMEY,13.205519,123.969586, ,0.0,0.0,2,3000,0,0,0,0,1,0
TF,LP24A,13.275967,123.923447,0, ,0.0,0.0,0.0,0.0,2,3000,0,1,220,0,1,0

FINAL,R24,24,R,3
IF,LP24A,13.275967,123.923447, ,0.0,0.0,2,3000,0,1,220,0,0,0
TF,LP24B,13.230817,123.851500,0, ,0.0,0.0,239.0,5.0,1,2500,0,0,0,0,2,0
TF,RW24,13.162072,123.742069,0, ,0.0,0.0,239.0,7.6,1,78,0,0,0,0,3,1
CF,CARAM,13.116242,123.669189,0,LP,240.5,4.0,239.0,5.1,0,0,0,0,0,0,0,1
DF,LEGAZ,13.127572,123.880300,1, ,0.0,0.0,0,0,0,0,0,0,0,0
TF,ROMEY,13.205519,123.969586,0, ,0.0,0.0,0.0,0.0,2,3000,0,0,0,0,0,0
TF,LP24A,13.275967,123.923447,0, ,0.0,0.0,0.0,0.0,2,3000,0,1,220,0,0,0
HM,LP24A,13.275967,123.923447,1, ,0.0,0.0,239.0,04.3,2,3000,0,1,220,0,0,0,0

