SID,BURC1E,09,5
CF,MZ500,6.918056,122.123056,0,ZAM,95.6,4.1,94.0,4.5,0,0,0,0,0,0,0,1
DF,MZ502,7.106944,122.191944,0, ,0.0,0.0,0,0,0,1,250,0,0,0
TF,BURCO,7.340833,122.101389,0, ,0.0,0.0,0.0,0.0,0,0,0,0,0,0,0,0

SID,BURC1W,27,5
CF,MZ522,6.930000,121.946944,0,ZAM,272.8,6.5,274.0,7.5,0,0,0,1,250,0,0,1
DF,MZ524,7.091944,121.863889,0, ,0.0,0.0,0,0,0,1,250,0,0,0
TF,MZ526,7.176667,121.945000,0, ,0.0,0.0,0.0,0.0,0,0,0,0,0,0,0,0
TF,BURCO,7.340833,122.101389,0, ,0.0,0.0,0.0,0.0,0,0,0,0,0,0,0,0

SID,BURC2A,09,2
CA,0,94.0,2,540,0,0,0,0,0,0
FA,ZAM,6.924694,122.055472,0,ZAM,0.0,0.0,180.0,2,3000,0,0,0,0,0,0
VD, ,0,0,0,ZAM,0.0,0.0,135.0,7.0,0,0,0,0,0,0,0,0
CF,ZAM,6.924694,122.055472,2,ZAM,0.0,0.0,360.0,8.0,2,6000,0,0,0,0,0,0
TF,BURCO,7.340833,122.101389,0, ,0.0,0.0,0.0,0.0,2,8000,0,0,0,0,0,0

SID,BURC2B,27,2
CA,0,274.0,2,540,0,0,0,0,0,0
FA,ZAM,6.924694,122.055472,1,ZAM,0.0,0.0,180.0,2,3000,0,0,0,0,0,0
VD, ,0,0,0,ZAM,0.0,0.0,135.0,7.0,0,0,0,0,0,0,0,0
CF,ZAM,6.924694,122.055472,2,ZAM,0.0,0.0,360.0,8.0,2,6000,0,0,0,0,0,0
TF,BURCO,7.340833,122.101389,0, ,0.0,0.0,0.0,0.0,2,8000,0,0,0,0,0,0

SID,BURC2C,09,2
CA,0,94.0,2,3000,0,0,0,0,0,0
VI,1, ,0.0,337.0,2,6000,0,0,0,0,0,0
CF,BURCO,7.340833,122.101389,0,ZAM,6.3,25.0,7.0,10.0,2,8000,0,0,0,0,0,0

SID,BURC2D,27,2
CA,0,274.0,2,3000,0,0,0,0,0,0
VR,2,ZAM,310.0,37.0,2,6000,0,0,0,0,0,0
VI,0, ,0.0,37.0,0,0,0,0,0,0,0,0
CF,BURCO,7.340833,122.101389,0,ZAM,6.3,25.0,7.0,12.0,2,8000,0,0,0,0,0,0

SID,COGE2A,09,2
CA,0,94.0,2,540,0,0,0,0,0,0
CF,COGEL,6.813056,122.459167,0,ZAM,105.4,25.0,105.0,25.0,2,10000,0,0,0,0,0,0

SID,COGE2B,27,2
CA,0,274.0,2,540,0,0,0,0,0,0
VI,1, ,0.0,75.0,0,0,0,0,0,0,0,0
CF,COGEL,6.813056,122.459167,0,ZAM,105.4,25.0,105.0,18.0,2,10000,0,0,0,0,0,0

SID,GOST1E,09,5
CF,MZ500,6.918056,122.123056,0,ZAM,95.6,4.1,94.0,4.5,0,0,0,0,0,0,0,1
DF,GOSTO,6.972500,122.471667,0, ,0.0,0.0,0,0,0,0,0,0,0,0

SID,GOST1W,27,5
CF,MZ520,6.927222,121.988611,0,ZAM,272.2,4.0,274.0,5.0,0,0,0,0,0,0,0,1
DF,MZ528,6.774444,122.255556,1, ,0.0,0.0,0,0,0,0,0,0,0,0
TF,GOSTO,6.972500,122.471667,0, ,0.0,0.0,0.0,0.0,0,0,0,0,0,0,0,0

SID,GOST2A,09,2
CA,0,94.0,2,540,0,0,0,0,0,0
CF,GOSTO,6.972500,122.471667,0,ZAM,83.4,25.0,83.0,25.0,2,10000,0,0,0,0,0,0

SID,GOST2B,27,2
CA,0,274.0,2,540,0,0,0,0,0,0
VI,1, ,0.0,53.0,0,0,0,0,0,0,0,0
CF,GOSTO,6.972500,122.471667,0,ZAM,83.4,25.0,83.0,19.0,2,10000,0,0,0,0,0,0

SID,MASU2A,09,2
CA,0,94.0,2,540,0,0,0,0,0,0
FA,ZAM,6.924694,122.055472,0,ZAM,0.0,0.0,180.0,2,3000,0,0,0,0,0,0
VD, ,0,0,0,ZAM,0.0,0.0,135.0,7.0,0,0,0,0,0,0,0,0
CF,ZAM,6.924694,122.055472,2,ZAM,0.0,0.0,360.0,8.0,2,6000,0,0,0,0,0,0
TF,MASUN,7.300556,121.870556,0, ,0.0,0.0,0.0,0.0,2,7000,0,0,0,0,0,0

SID,MASU2B,27,2
CA,0,274.0,2,540,0,0,0,0,0,0
FA,ZAM,6.924694,122.055472,1,ZAM,0.0,0.0,180.0,2,3000,0,0,0,0,0,0
VD, ,0,0,0,ZAM,0.0,0.0,135.0,7.0,0,0,0,0,0,0,0,0
CF,ZAM,6.924694,122.055472,2,ZAM,0.0,0.0,360.0,8.0,2,6000,0,0,0,0,0,0
TF,MASUN,7.300556,121.870556,0, ,0.0,0.0,0.0,0.0,2,7000,0,0,0,0,0,0

SID,MASU2C,09,2
CA,0,94.0,2,3000,0,0,0,0,0,0
VR,1,ZAM,29.0,304.0,2,6000,0,0,0,0,0,0
VI,0, ,0.0,304.0,0,0,0,0,0,0,0,0
CF,MASUN,7.300556,121.870556,0,ZAM,333.8,25.0,334.0,13.0,2,7000,0,0,0,0,0,0

SID,MASU2D,27,2
CA,0,274.0,2,3000,0,0,0,0,0,0
VR,2,ZAM,310.0,4.0,2,6000,0,0,0,0,0,0
VI,0, ,0.0,4.0,0,0,0,0,0,0,0,0
CF,MASUN,7.300556,121.870556,0,ZAM,333.8,25.0,334.0,11.0,2,7000,0,0,0,0,0,0

SID,PARA1E,09,5
CF,MZ500,6.918056,122.123056,0,ZAM,95.6,4.1,94.0,4.5,0,0,0,0,0,0,0,1
DF,PARAL,7.289167,122.261667,0, ,0.0,0.0,0,0,0,0,0,0,0,0

SID,PARA1W,27,5
CF,MZ522,6.930000,121.946944,0,ZAM,272.8,6.5,274.0,7.5,0,0,0,1,250,0,0,1
DF,MZ524,7.091944,121.863889,0, ,0.0,0.0,0,0,0,1,250,0,0,0
TF,MZ526,7.176667,121.945000,0, ,0.0,0.0,0.0,0.0,0,0,0,0,0,0,0,0
TF,PARAL,7.289167,122.261667,0, ,0.0,0.0,0.0,0.0,0,0,0,0,0,0,0,0

SID,PARA2A,09,2
CA,0,94.0,2,540,0,0,0,0,0,0
FA,ZAM,6.924694,122.055472,0,ZAM,0.0,0.0,180.0,2,3000,0,0,0,0,0,0
VD, ,0,0,0,ZAM,0.0,0.0,135.0,7.0,0,0,0,0,0,0,0,0
CF,ZAM,6.924694,122.055472,2,ZAM,0.0,0.0,360.0,8.0,2,6000,0,0,0,0,0,0
TF,PARAL,7.289167,122.261667,0, ,0.0,0.0,0.0,0.0,2,8000,0,0,0,0,0,0

SID,PARA2B,27,2
CA,0,274.0,2,540,0,0,0,0,0,0
FA,ZAM,6.924694,122.055472,1,ZAM,0.0,0.0,180.0,2,3000,0,0,0,0,0,0
VD, ,0,0,0,ZAM,0.0,0.0,135.0,7.0,0,0,0,0,0,0,0,0
CF,ZAM,6.924694,122.055472,2,ZAM,0.0,0.0,360.0,8.0,2,6000,0,0,0,0,0,0
TF,PARAL,7.289167,122.261667,0, ,0.0,0.0,0.0,0.0,2,8000,0,0,0,0,0,0

SID,PARA2C,09,2
CA,0,94.0,2,3000,0,0,0,0,0,0
VI,1, ,0.0,359.0,2,6000,0,0,0,0,0,0
CF,PARAL,7.289167,122.261667,0,ZAM,29.5,25.0,29.0,11.0,2,8000,0,0,0,0,0,0

SID,PARA2D,27,2
CA,0,274.0,2,3000,0,0,0,0,0,0
VR,2,ZAM,310.0,59.0,2,6000,0,0,0,0,0,0
VI,0, ,0.0,59.0,0,0,0,0,0,0,0,0
CF,PARAL,7.289167,122.261667,0,ZAM,29.5,25.0,29.0,13.0,2,8000,0,0,0,0,0,0

SID,PILA1E,09,5
CF,MZ500,6.918056,122.123056,0,ZAM,95.6,4.1,94.0,4.5,0,0,0,0,0,0,0,1
DF,PILAS,6.822222,121.649167,2, ,0.0,0.0,0,0,0,0,0,0,0,0

SID,PILA1W,27,5
CF,MZ520,6.927222,121.988611,0,ZAM,272.2,4.0,274.0,5.0,0,0,0,0,0,0,0,1
DF,PILAS,6.822222,121.649167,0, ,0.0,0.0,0,0,0,0,0,0,0,0

SID,PILA2A,09,2
CA,0,94.0,2,540,0,0,0,0,0,0
VI,2, ,0.0,286.0,0,0,0,0,0,0,0,0
CF,PILAS,6.822222,121.649167,0,ZAM,255.9,25.0,256.0,18.0,2,8000,0,0,0,0,0,0

SID,PILA2B,27,2
CA,0,274.0,2,540,0,0,0,0,0,0
CF,PILAS,6.822222,121.649167,0,ZAM,255.9,25.0,256.0,25.0,2,8000,0,0,0,0,0,0

SID,TABU1E,09,5
CF,MZ500,6.918056,122.123056,0,ZAM,95.6,4.1,94.0,4.5,0,0,0,0,0,0,0,1
DF,TABUL,6.543611,121.882222,2, ,0.0,0.0,0,0,0,0,0,0,0,0

SID,TABU1W,27,5
CF,MZ520,6.927222,121.988611,0,ZAM,272.2,4.0,274.0,5.0,0,0,0,0,0,0,0,1
DF,TABUL,6.543611,121.882222,0, ,0.0,0.0,0,0,0,0,0,0,0,0

SID,TABU2A,09,2
CA,0,94.0,2,540,0,0,0,0,0,0
VI,2, ,0.0,234.0,0,0,0,0,0,0,0,0
CF,D204J,6.772242,121.986125,0,ZAM,204.4,10.0,204.0,2.0,2,5000,0,0,0,0,0,0
TF,TABUL,6.543611,121.882222,0, ,0.0,0.0,0.0,0.0,2,8000,0,0,0,0,0,0

SID,TABU2B,27,2
CA,0,274.0,2,540,0,0,0,0,0,0
CF,D204J,6.772242,121.986125,0,ZAM,204.4,10.0,204.0,10.0,2,5000,0,0,0,0,0,0
TF,TABUL,6.543611,121.882222,0, ,0.0,0.0,0.0,0.0,2,8000,0,0,0,0,0,0

SID,TANA2A,09,2
CA,0,94.0,2,540,0,0,0,0,0,0
VI,0, ,0.0,180.0,0,0,0,0,0,0,0,0
CF,D150J,6.779308,122.138631,0,ZAM,150.3,10.0,150.0,5.0,2,5000,0,0,0,0,0,0
TF,TANAL,6.561111,122.263333,0, ,0.0,0.0,0.0,0.0,2,7000,0,0,0,0,0,0

SID,TANA2B,27,2
CA,0,274.0,2,540,0,0,0,0,0,0
VI,1, ,0.0,120.0,0,0,0,0,0,0,0,0
CF,D150J,6.779308,122.138631,0,ZAM,150.3,10.0,150.0,3.0,2,5000,0,0,0,0,0,0
TF,TANAL,6.561111,122.263333,0, ,0.0,0.0,0.0,0.0,2,7000,0,0,0,0,0,0

SID,TIND2A,09,2
CA,0,94.0,2,540,0,0,0,0,0,0
FA,ZAM,6.924694,122.055472,0,ZAM,0.0,0.0,180.0,2,3000,0,0,0,0,0,0
VD, ,0,0,0,ZAM,0.0,0.0,135.0,7.0,0,0,0,0,0,0,0,0
CF,ZAM,6.924694,122.055472,2,ZAM,0.0,0.0,360.0,8.0,2,6000,0,0,0,0,0,0
TF,TINDO,7.336389,121.979722,0, ,0.0,0.0,0.0,0.0,2,7000,0,0,0,0,0,0

SID,TIND2B,27,2
CA,0,274.0,2,540,0,0,0,0,0,0
FA,ZAM,6.924694,122.055472,1,ZAM,0.0,0.0,180.0,2,3000,0,0,0,0,0,0
VD, ,0,0,0,ZAM,0.0,0.0,135.0,7.0,0,0,0,0,0,0,0,0
CF,ZAM,6.924694,122.055472,2,ZAM,0.0,0.0,360.0,8.0,2,6000,0,0,0,0,0,0
TF,TINDO,7.336389,121.979722,0, ,0.0,0.0,0.0,0.0,2,7000,0,0,0,0,0,0

SID,TIND2C,09,2
CA,0,94.0,2,3000,0,0,0,0,0,0
VR,1,ZAM,29.0,320.0,2,6000,0,0,0,0,0,0
VI,0, ,0.0,320.0,0,0,0,0,0,0,0,0
CF,TINDO,7.336389,121.979722,0,ZAM,349.6,25.0,350.0,11.0,2,7000,0,0,0,0,0,0

SID,TIND2D,27,2
CA,0,274.0,2,3000,0,0,0,0,0,0
VR,2,ZAM,310.0,20.0,2,6000,0,0,0,0,0,0
VI,0, ,0.0,20.0,0,0,0,0,0,0,0,0
CF,TINDO,7.336389,121.979722,0,ZAM,349.6,25.0,350.0,11.0,2,7000,0,0,0,0,0,0

STAR,BURCO1,ALL,2
IF,BURCO,7.340833,122.101389, ,0.0,0.0,0,0,0,0,0,0,0,0
TF,D007H,7.057861,122.070156,0, ,0.0,0.0,0.0,0.0,2,6000,0,0,0,0,0,0
TF,ZAM,6.924694,122.055472,0, ,0.0,0.0,0.0,0.0,2,4000,0,0,0,0,0,0

STAR,COGEL1,ALL,2
IF,COGEL,6.813056,122.459167, ,0.0,0.0,0,0,0,0,0,0,0,0
TF,ZAM,6.924694,122.055472,0, ,0.0,0.0,0.0,0.0,2,4000,0,0,0,0,0,0

STAR,GOST2E,09,5
IF,GOSTO,6.972500,122.471667, ,0.0,0.0,2,7000,0,0,0,0,0,0
TF,MZ418,6.858056,122.042500,0, ,0.0,0.0,0.0,0.0,0,0,0,0,0,0,0,0
TF,MZ410,6.803056,121.836944,0, ,0.0,0.0,0.0,0.0,0,0,0,1,250,0,0,0
TF,MZ408,6.861111,121.803333,0, ,0.0,0.0,0.0,0.0,2,2500,0,1,250,0,0,0

STAR,GOST2W,27,5
IF,GOSTO,6.972500,122.471667, ,0.0,0.0,2,6000,0,0,0,0,0,0
TF,MZ604,6.907500,122.281944,0, ,0.0,0.0,0.0,0.0,2,2500,0,1,230,0,0,0

STAR,GOSTO1,ALL,2
IF,GOSTO,6.972500,122.471667, ,0.0,0.0,0,0,0,0,0,0,0,0
TF,ZAM,6.924694,122.055472,0, ,0.0,0.0,0.0,0.0,2,4000,0,0,0,0,0,0

STAR,MASUN1,ALL,2
IF,MASUN,7.300556,121.870556, ,0.0,0.0,0,0,0,0,0,0,0,0
TF,D334G,7.029908,122.003742,0, ,0.0,0.0,0.0,0.0,2,6000,0,0,0,0,0,0
TF,ZAM,6.924694,122.055472,0, ,0.0,0.0,0.0,0.0,2,4000,0,0,0,0,0,0

STAR,PARA2E,09,5
IF,PARAL,7.289167,122.261667, ,0.0,0.0,2,8000,0,0,0,0,0,0
TF,MZ416,7.208611,122.077222,0, ,0.0,0.0,0.0,0.0,0,0,0,0,0,0,0,0
TF,MZ414,7.130833,121.900000,0, ,0.0,0.0,0.0,0.0,0,0,0,0,0,0,0,0
TF,MZ412,7.099722,121.829444,0, ,0.0,0.0,0.0,0.0,2,5200,0,1,250,0,0,0

STAR,PARA2W,27,5
IF,PARAL,7.289167,122.261667, ,0.0,0.0,2,8000,0,0,0,0,0,0
TF,MZ612,6.984167,122.315833,0, ,0.0,0.0,0.0,0.0,2,2800,0,1,230,0,0,0

STAR,PARAL1,ALL,2
IF,PARAL,7.289167,122.261667, ,0.0,0.0,0,0,0,0,0,0,0,0
TF,D029J,7.070500,122.137914,0, ,0.0,0.0,0.0,0.0,2,6000,0,0,0,0,0,0
TF,ZAM,6.924694,122.055472,0, ,0.0,0.0,0.0,0.0,2,4000,0,0,0,0,0,0

STAR,PILA2E,09,5
IF,PILAS,6.822222,121.649167, ,0.0,0.0,2,6000,0,0,0,0,0,0
TF,MZ408,6.861111,121.803333,0, ,0.0,0.0,0.0,0.0,2,2500,0,1,250,0,0,0

STAR,PILA2W,27,5
IF,PILAS,6.822222,121.649167, ,0.0,0.0,2,8000,0,0,0,0,0,0
TF,MZ618,6.796389,122.011667,0, ,0.0,0.0,0.0,0.0,0,0,0,0,0,0,0,0
TF,MZ608,6.780556,122.235833,0, ,0.0,0.0,0.0,0.0,0,0,0,0,0,0,0,0
TF,MZ606,6.826944,122.305278,0, ,0.0,0.0,0.0,0.0,2,3200,0,1,230,0,0,0

STAR,PILAS1,ALL,2
IF,PILAS,6.822222,121.649167, ,0.0,0.0,0,0,0,0,0,0,0,0
TF,ZAM,6.924694,122.055472,0, ,0.0,0.0,0.0,0.0,2,4000,0,0,0,0,0,0

STAR,TABU2E,09,5
IF,TABUL,6.543611,121.882222, ,0.0,0.0,2,8000,0,0,0,0,0,0
TF,MZ410,6.803056,121.836944,0, ,0.0,0.0,0.0,0.0,0,0,0,1,250,0,0,0
TF,MZ408,6.861111,121.803333,0, ,0.0,0.0,0.0,0.0,2,2500,0,1,250,0,0,0

STAR,TABU2W,27,5
IF,TABUL,6.543611,121.882222, ,0.0,0.0,2,8000,0,0,0,0,0,0
TF,MZ616,6.660278,122.056111,0, ,0.0,0.0,0.0,0.0,2,3300,0,0,0,0,0,0
TF,MZ608,6.780556,122.235833,0, ,0.0,0.0,0.0,0.0,0,0,0,0,0,0,0,0
TF,MZ606,6.826944,122.305278,0, ,0.0,0.0,0.0,0.0,2,3200,0,1,230,0,0,0

STAR,TABUL1,ALL,2
IF,TABUL,6.543611,121.882222, ,0.0,0.0,0,0,0,0,0,0,0,0
TF,D204J,6.772242,121.986125,0, ,0.0,0.0,0.0,0.0,2,5000,0,0,0,0,0,0
TF,ZAM,6.924694,122.055472,0, ,0.0,0.0,0.0,0.0,2,4000,0,0,0,0,0,0

STAR,TANAL1,ALL,2
IF,TANAL,6.561111,122.263333, ,0.0,0.0,0,0,0,0,0,0,0,0
TF,D150J,6.779308,122.138631,0, ,0.0,0.0,0.0,0.0,2,5000,0,0,0,0,0,0
TF,ZAM,6.924694,122.055472,0, ,0.0,0.0,0.0,0.0,2,4000,0,0,0,0,0,0

STAR,TIND1E,09,5
IF,TINDO,7.336389,121.979722, ,0.0,0.0,2,7000,0,0,0,0,0,0
TF,MZ412,7.099722,121.829444,0, ,0.0,0.0,0.0,0.0,2,5200,0,1,250,0,0,0

STAR,TIND1W,27,5
IF,TINDO,7.336389,121.979722, ,0.0,0.0,2,7000,0,0,0,0,0,0
TF,MZ614,7.127222,122.179444,0, ,0.0,0.0,0.0,0.0,2,3800,0,0,0,0,0,0
TF,MZ612,6.984167,122.315833,0, ,0.0,0.0,0.0,0.0,2,2800,0,1,230,0,0,0

STAR,TINDO1,ALL,2
IF,TINDO,7.336389,121.979722, ,0.0,0.0,0,0,0,0,0,0,0,0
TF,D350H,7.056461,122.031242,0, ,0.0,0.0,0.0,0.0,2,6000,0,0,0,0,0,0
TF,ZAM,6.924694,122.055472,0, ,0.0,0.0,0.0,0.0,2,4000,0,0,0,0,0,0

APPTR,D09-Z,09,BURCO
IF,BURCO,7.340833,122.101389, ,0.0,0.0,0,0,0,0,0,0,0,0
TF,D007L,7.123322,122.079897,0, ,0.0,0.0,0.0,0.0,0,0,0,0,0,0,0,0
AF,D310L,7.053303,121.902028,1,ZAM,310.0,12.0,7.0,2,6000,0,0,0,0,0,0
AF,TORES,6.921692,121.855231,1,ZAM,269.2,12.0,310.0,2,4000,0,0,0,0,1,0
TF,FD09,6.924675,121.929792,0, ,0.0,0.0,0.0,0.0,2,2500,0,0,0,0,0,0

APPTR,D09-Z,09,MASUN
IF,MASUN,7.300556,121.870556, ,0.0,0.0,0,0,0,0,0,0,0,0
TF,D334L,7.104553,121.967658,0, ,0.0,0.0,0.0,0.0,0,0,0,0,0,0,0,0
AF,D310L,7.053303,121.902028,1,ZAM,310.0,12.0,334.0,2,6000,0,0,0,0,0,0
AF,TORES,6.921692,121.855231,1,ZAM,269.2,12.0,310.0,2,4000,0,0,0,0,1,0
TF,FD09,6.924675,121.929792,0, ,0.0,0.0,0.0,0.0,2,2500,0,0,0,0,0,0

APPTR,D09-Z,09,PILAS
IF,PILAS,6.822222,121.649167, ,0.0,0.0,0,0,0,0,0,0,0,0
TF,D256L,6.876239,121.861186,0, ,0.0,0.0,0.0,0.0,0,0,0,0,0,0,0,0
AF,TORES,6.921692,121.855231,2,ZAM,269.2,12.0,256.0,2,4000,0,0,0,0,1,0
TF,FD09,6.924675,121.929792,0, ,0.0,0.0,0.0,0.0,2,2500,0,0,0,0,0,0

APPTR,D09-Z,09,TABUL
IF,TABUL,6.543611,121.882222, ,0.0,0.0,0,0,0,0,0,0,0,0
TF,D204L,6.741864,121.974058,0, ,0.0,0.0,0.0,0.0,0,0,0,0,0,0,0,0
AF,TORES,6.921692,121.855231,2,ZAM,269.2,12.0,204.0,2,4000,0,0,0,0,1,0
TF,FD09,6.924675,121.929792,0, ,0.0,0.0,0.0,0.0,2,2500,0,0,0,0,0,0

APPTR,D09-Z,09,TINDO
IF,TINDO,7.336389,121.979722, ,0.0,0.0,0,0,0,0,0,0,0,0
TF,D350L,7.121772,122.020692,0, ,0.0,0.0,0.0,0.0,0,0,0,0,0,0,0,0
AF,D310L,7.053303,121.902028,1,ZAM,310.0,12.0,350.0,2,6000,0,0,0,0,0,0
AF,TORES,6.921692,121.855231,1,ZAM,269.2,12.0,310.0,2,4000,0,0,0,0,1,0
TF,FD09,6.924675,121.929792,0, ,0.0,0.0,0.0,0.0,2,2500,0,0,0,0,0,0

APPTR,D09-Z,09,TORES
HF,TORES,6.921692,121.855231,2, ,0.0,0.0,90.0,04.3,2,4000,0,0,0,0,1,0,0
TF,FD09,6.924675,121.929792,0, ,0.0,0.0,0.0,0.0,2,2500,0,0,0,0,0,0

APPTR,D09-Z,09,ZAM
IF,ZAM,6.924694,122.055472, ,0.0,0.0,2,4000,0,0,0,0,0,0
TF,FD09,6.924675,121.929792,0, ,0.0,0.0,0.0,0.0,2,2500,0,0,0,0,0,0
FC,FD09,6.924675,121.929792,0,ZAM,0.0,0.0,225.0,4.4,0,0,0,0,0,0,0,1
CF,FD09,6.924675,121.929792,2,ZAM,270.0,7.5,90.0,5.0,0,0,0,0,0,0,0,0

FINAL,D09-Z,09,D,2
IF,FD09,6.924675,121.929792,ZAM,270.0,7.5,2,2500,0,0,0,0,2,0
CF,MD09,6.924692,122.023639,0,ZAM,270.0,1.9,90.0,5.6,1,576,0,0,0,0,3,0
VA,0,90.0,2,4000,0,0,0,0,0,0
DF,ZAM,6.924694,122.055472,0, ,0.0,0.0,0,0,0,0,0,0,0,0
HM,ZAM,6.924694,122.055472,1, ,0.0,0.0,270.0,04.3,0,0,0,0,0,0,0,0,0

APPTR,D27-Z,27,BURCO
IF,BURCO,7.340833,122.101389, ,0.0,0.0,0,0,0,0,0,0,0,0
TF,D007L,7.123322,122.079897,0, ,0.0,0.0,0.0,0.0,0,0,0,0,0,0,0,0
AF,D029L,7.100444,122.153014,2,ZAM,29.0,12.0,6.0,2,6000,0,0,0,0,0,0
AF,FLORA,6.904178,122.256653,2,ZAM,95.8,12.0,29.0,2,3400,0,0,0,0,1,0
TF,FD27,6.911678,122.204058,0, ,0.0,0.0,0.0,0.0,2,2500,0,0,0,0,0,0

APPTR,D27-Z,27,COGEL
IF,COGEL,6.813056,122.459167, ,0.0,0.0,0,0,0,0,0,0,0,0
TF,D105L,6.872639,122.249708,0, ,0.0,0.0,0.0,0.0,0,0,0,0,0,0,0,0
AF,FLORA,6.904178,122.256653,1,ZAM,95.8,12.1,105.0,2,3400,0,0,0,0,1,0
TF,FD27,6.911678,122.204058,0, ,0.0,0.0,0.0,0.0,2,2500,0,0,0,0,0,0

APPTR,D27-Z,27,FLORA
HF,FLORA,6.904178,122.256653,1, ,0.0,0.0,275.0,04.3,2,3400,0,0,0,0,1,0,0
TF,FD27,6.911678,122.204058,0, ,0.0,0.0,0.0,0.0,2,2500,0,0,0,0,0,0

APPTR,D27-Z,27,PARAL
IF,PARAL,7.289167,122.261667, ,0.0,0.0,0,0,0,0,0,0,0,0
TF,D029L,7.100444,122.153014,0, ,0.0,0.0,0.0,0.0,0,0,0,0,0,0,0,0
AF,FLORA,6.904178,122.256653,2,ZAM,95.8,12.1,29.0,2,3400,0,0,0,0,1,0
TF,FD27,6.911678,122.204058,0, ,0.0,0.0,0.0,0.0,2,2500,0,0,0,0,0,0

APPTR,D27-Z,27,TANAL
IF,TANAL,6.561111,122.263333, ,0.0,0.0,0,0,0,0,0,0,0,0
TF,D150L,6.750644,122.155994,0, ,0.0,0.0,0.0,0.0,0,0,0,0,0,0,0,0
AF,FLORA,6.904178,122.256653,1,ZAM,95.8,12.1,150.0,2,3400,0,0,0,0,1,0
TF,FD27,6.911678,122.204058,0, ,0.0,0.0,0.0,0.0,2,2500,0,0,0,0,0,0

APPTR,D27-Z,27,TINDO
IF,TINDO,7.336389,121.979722, ,0.0,0.0,0,0,0,0,0,0,0,0
TF,D350L,7.121772,122.020692,0, ,0.0,0.0,0.0,0.0,0,0,0,0,0,0,0,0
AF,D029L,7.100444,122.153014,2,ZAM,29.0,12.0,350.0,2,6000,0,0,0,0,0,0
AF,FLORA,6.904178,122.256653,2,ZAM,95.8,12.0,29.0,2,3400,0,0,0,0,1,0
TF,FD27,6.911678,122.204058,0, ,0.0,0.0,0.0,0.0,2,2500,0,0,0,0,0,0

APPTR,D27-Z,27,ZAM
IF,ZAM,6.924694,122.055472, ,0.0,0.0,2,4000,0,0,0,0,0,0
TF,FD27,6.911678,122.204058,0, ,0.0,0.0,0.0,0.0,2,2500,0,0,0,0,0,0
FC,FD27,6.911678,122.204058,0,ZAM,0.0,0.0,140.0,4.4,0,0,0,0,0,0,0,1
CF,FD27,6.911678,122.204058,1,ZAM,95.0,8.9,275.0,4.5,0,0,0,0,0,0,0,0

FINAL,D27-Z,27,D,2
IF,FD27,6.911678,122.204058,ZAM,95.0,8.9,2,2500,0,0,0,0,2,0
CF,MD27,6.921625,122.090539,0,ZAM,95.0,2.1,275.0,6.8,1,431,0,0,0,0,3,0
VA,0,275.0,2,4000,0,0,0,0,0,0
DF,ZAM,6.924694,122.055472,0, ,0.0,0.0,0,0,0,0,0,0,0,0
HM,ZAM,6.924694,122.055472,2, ,0.0,0.0,95.0,04.3,0,0,0,0,0,0,0,0,0

APPTR,R09,09,MZ408
IF,MZ408,6.861111,121.803333, ,0.0,0.0,2,2500,0,1,250,0,1,0
TF,MZ404,6.937222,121.836944,0, ,0.0,0.0,0.0,0.0,2,2500,0,0,0,0,1,0

APPTR,R09,09,MZ412
IF,MZ412,7.099722,121.829444, ,0.0,0.0,2,5200,0,1,250,0,1,0
TF,MZ404,6.937222,121.836944,0, ,0.0,0.0,0.0,0.0,2,2500,0,0,0,0,1,0

FINAL,R09,09,R,3
IF,MZ404,6.937222,121.836944, ,0.0,0.0,2,2500,0,0,0,0,0,0
TF,MZ402,6.931667,121.920556,0, ,0.0,0.0,94.0,5.0,1,2500,0,1,185,0,2,0
TF,RW09,6.923208,122.047856,0, ,0.0,0.0,94.0,7.6,1,77,0,0,0,0,3,1
CF,MZ420,6.919722,122.098056,0,ZAM,96.7,2.6,94.0,3.0,0,0,0,0,0,0,0,1
DF,MZ422,6.791944,122.004167,2, ,0.0,0.0,0,0,0,1,240,0,0,0
TF,MZ410,6.803056,121.836944,0, ,0.0,0.0,0.0,0.0,0,0,0,0,0,0,0,0
TF,MZ408,6.861111,121.803333,0, ,0.0,0.0,0.0,0.0,2,2500,0,1,250,0,0,0

APPTR,R27,27,MZ606
IF,MZ606,6.826944,122.305278, ,0.0,0.0,2,3200,0,0,0,0,1,0
TF,MZ604,6.907500,122.281944,0, ,0.0,0.0,0.0,0.0,2,2500,0,1,230,0,1,0

APPTR,R27,27,MZ612
IF,MZ612,6.984167,122.315833, ,0.0,0.0,2,2800,0,0,0,0,1,0
TF,MZ604,6.907500,122.281944,0, ,0.0,0.0,0.0,0.0,2,2500,0,1,230,0,1,0

FINAL,R27,27,R,3
IF,MZ604,6.907500,122.281944, ,0.0,0.0,2,2500,0,1,230,0,1,0
TF,MZ602,6.913056,122.198333,0, ,0.0,0.0,274.0,5.0,1,2500,0,1,185,0,2,0
TF,RW27,6.921633,122.071414,0, ,0.0,0.0,274.0,7.6,1,82,0,0,0,0,3,1
CF,MZ610,6.924444,122.031389,0,ZAM,269.4,1.4,274.0,2.4,0,0,0,0,0,0,0,1
DF,MZ608,6.780556,122.235833,1, ,0.0,0.0,0,0,0,0,0,0,0,0
TF,MZ606,6.826944,122.305278,0, ,0.0,0.0,0.0,0.0,2,3200,0,1,230,0,0,0

APPTR,S09-Y,09,ZAM
IF,ZAM,6.924694,122.055472, ,0.0,0.0,2,4000,0,0,0,0,0,0
TF,FS09,6.922756,121.923842,0, ,0.0,0.0,0.0,0.0,2,2500,0,0,0,0,0,0
FC,FS09,6.922756,121.923842,0,ZAM,0.0,0.0,225.0,4.4,0,0,0,0,0,0,0,1
CF,FS09,6.922756,121.923842,2,ZAM,269.2,7.9,90.0,5.0,0,0,0,0,0,0,0,0

FINAL,S09-Y,09,D,2
IF,FS09,6.922756,121.923842,ZAM,269.2,7.9,2,2500,0,0,0,0,2,0
CF,RW09,6.923208,122.047856,0,ZAM,259.0,0.5,90.0,7.4,1,77,0,0,0,0,3,0
CF,ZAM,6.924694,122.055472,0,ZAM,0.0,0.0,90.0,0.5,2,640,0,0,0,0,0,1
VA,0,90.0,2,4000,0,0,0,0,0,0
DF,ZAM,6.924694,122.055472,0, ,0.0,0.0,0,0,0,0,0,0,0,0

APPTR,S27-Y,27,ZAM
IF,ZAM,6.924694,122.055472, ,0.0,0.0,2,4000,0,0,0,0,0,0
TF,FS27,6.910400,122.205006,0, ,0.0,0.0,0.0,0.0,2,2500,0,0,0,0,0,0
FC,FS27,6.910400,122.205006,0,ZAM,0.0,0.0,140.0,4.4,0,0,0,0,0,0,0,1
CF,FS27,6.910400,122.205006,1,ZAM,95.5,9.0,275.0,4.5,0,0,0,0,0,0,0,0

FINAL,S27-Y,27,D,2
IF,FS27,6.910400,122.205006,ZAM,95.5,9.0,2,2500,0,0,0,0,2,0
CF,RW27,6.921633,122.071414,0,ZAM,100.9,0.0,275.0,8.0,1,82,0,0,0,0,3,0
CF,ZAM,6.924694,122.055472,0,ZAM,0.0,0.0,275.0,1.0,2,520,0,0,0,0,0,1
VA,0,275.0,2,4000,0,0,0,0,0,0
DF,ZAM,6.924694,122.055472,0, ,0.0,0.0,0,0,0,0,0,0,0,0

