SID,MASB1N,22,5
CA,0,226.0,2,1000,0,0,0,0,0,0
DF,SAROG,13.387822,123.190636,0, ,0.0,0.0,0,0,0,0,0,0,0,0
TF,BIKOL,13.272156,123.212900,0, ,0.0,0.0,0.0,0.0,0,0,0,0,0,0,0,0
TF,YAMIC,13.034089,123.258658,0, ,0.0,0.0,0.0,0.0,0,0,0,0,0,0,0,0
TF,JANEL,12.721372,123.433839,0, ,0.0,0.0,0.0,0.0,0,0,0,0,0,0,0,0
TF,MASBA,12.369167,123.630556,0, ,0.0,0.0,0.0,0.0,2,8000,0,0,0,0,0,0

SID,MASB1P,04,5
CA,0,46.0,2,800,0,0,0,0,0,0
DF,CASUR,13.531578,123.216253,1, ,0.0,0.0,0,0,0,0,0,0,0,0
TF,SAROG,13.387822,123.190636,0, ,0.0,0.0,0.0,0.0,0,0,0,0,0,0,0,0
TF,BIKOL,13.272156,123.212900,0, ,0.0,0.0,0.0,0.0,0,0,0,0,0,0,0,0
TF,YAMIC,13.034089,123.258658,0, ,0.0,0.0,0.0,0.0,0,0,0,0,0,0,0,0
TF,JANEL,12.721372,123.433839,0, ,0.0,0.0,0.0,0.0,0,0,0,0,0,0,0,0
TF,MASBA,12.369167,123.630556,0, ,0.0,0.0,0.0,0.0,2,8000,0,0,0,0,0,0

SID,MASB3P,04,5
CA,0,46.0,2,800,0,0,0,0,0,0
DF,LABAC,13.461989,123.267161,2, ,0.0,0.0,0,0,0,1,130,0,0,0
TF,JOMAG,13.368378,123.240461,0, ,0.0,0.0,0.0,0.0,0,0,0,0,0,0,0,0
TF,BIKOL,13.272156,123.212900,0, ,0.0,0.0,0.0,0.0,0,0,0,0,0,0,0,0
TF,YAMIC,13.034089,123.258658,0, ,0.0,0.0,0.0,0.0,0,0,0,0,0,0,0,0
TF,JANEL,12.721372,123.433839,0, ,0.0,0.0,0.0,0.0,0,0,0,0,0,0,0,0
TF,MASBA,12.369167,123.630556,0, ,0.0,0.0,0.0,0.0,2,8000,0,0,0,0,0,0

SID,MECA1N,22,5
CA,0,226.0,2,1200,0,0,0,0,0,0
DF,CEDRI,13.655600,123.115700,2, ,0.0,0.0,0,0,0,0,0,0,0,0
TF,MECAN,13.816667,122.778056,0, ,0.0,0.0,0.0,0.0,2,8000,0,0,0,0,0,0

SID,MECA1P,04,5
CA,0,46.0,2,800,0,0,0,0,0,0
DF,CEDRI,13.655600,123.115700,1, ,0.0,0.0,0,0,0,0,0,0,0,0
TF,MECAN,13.816667,122.778056,0, ,0.0,0.0,0.0,0.0,2,8000,0,0,0,0,0,0

STAR,LP2P,04,5
IF,LP,13.151544,123.727950, ,0.0,0.0,2,10000,0,0,0,0,0,0
TF,DUNAO,13.235281,123.542806,0, ,0.0,0.0,0.0,0.0,2,7000,0,0,0,0,0,0
TF,MALWA,13.347231,123.294617,0, ,0.0,0.0,0.0,0.0,0,0,0,0,0,0,0,0
TF,JOMAG,13.368378,123.240461,0, ,0.0,0.0,0.0,0.0,0,0,0,0,0,0,0,0
TF,SAROG,13.387822,123.190636,0, ,0.0,0.0,0.0,0.0,2,3000,0,0,0,0,0,0

STAR,MASB2P,04,5
IF,MASBA,12.369167,123.630556, ,0.0,0.0,2,10000,0,0,0,0,0,0
TF,JANEL,12.721372,123.433839,0, ,0.0,0.0,0.0,0.0,0,0,0,0,0,0,0,0
TF,YAMIC,13.034089,123.258658,0, ,0.0,0.0,0.0,0.0,0,0,0,0,0,0,0,0
TF,PENIA,13.381422,123.063486,0, ,0.0,0.0,0.0,0.0,2,3000,0,0,0,0,0,0

STAR,RAGA2P,04,5
IF,RAGAY,13.729722,122.584167, ,0.0,0.0,2,10000,0,0,0,0,0,0
TF,PENIA,13.381422,123.063486,0, ,0.0,0.0,0.0,0.0,2,3000,0,0,0,0,0,0

STAR,RAGA4P,04,5
IF,RAGAY,13.729722,122.584167, ,0.0,0.0,2,10000,0,0,0,0,0,0
TF,CEDRI,13.655600,123.115700,0, ,0.0,0.0,0.0,0.0,2,6000,0,0,0,0,0,0
TF,EMBAW,13.517758,123.057331,2, ,0.0,0.0,0.0,0.0,2,3800,0,0,0,0,0,0

APPTR,R04,04,EMBAW
IF,EMBAW,13.517758,123.057331, ,0.0,0.0,2,3800,0,0,0,0,1,0
TF,UN04A,13.446883,123.130053,0, ,0.0,0.0,0.0,0.0,2,2500,0,0,0,0,1,0

APPTR,R04,04,PENIA
IF,PENIA,13.381422,123.063486, ,0.0,0.0,2,3000,0,0,0,0,1,0
TF,UN04A,13.446883,123.130053,0, ,0.0,0.0,0.0,0.0,2,2500,0,0,0,0,1,0

APPTR,R04,04,SAROG
IF,SAROG,13.387822,123.190636, ,0.0,0.0,2,3000,0,0,0,0,1,0
TF,UN04A,13.446883,123.130053,0, ,0.0,0.0,0.0,0.0,2,2500,0,0,0,0,1,0

FINAL,R04,04,R,3
IF,UN04A,13.446883,123.130053, ,0.0,0.0,2,2500,0,0,0,0,0,0
TF,UN04B,13.494331,123.178331,0, ,0.0,0.0,46.0,4.0,1,2500,0,0,0,0,2,0
TF,RW04,13.580847,123.266439,0, ,0.0,0.0,46.0,7.3,1,178,0,0,0,0,3,1
DF,LABAC,13.461989,123.267161,2, ,0.0,0.0,0,0,0,0,0,0,0,0
TF,SAROG,13.387822,123.190636,0, ,0.0,0.0,0.0,0.0,2,3000,0,0,0,0,0,0
HM,SAROG,13.387822,123.190636,1, ,0.0,0.0,316.0,04.3,2,3000,0,1,170,0,0,0,0

