APPTR,D23,23,VANAR
IF,VANAR,-34.324444,-58.762222, ,0.0,0.0,2,4000,0,0,0,0,1,0
CI,0, ,0.0,139.0,0,0,0,0,0,0,0,0
AF,D034J,-34.301325,-58.495889,2,FDO,34.0,10.0,319.0,2,2500,0,0,0,0,0,1
CF,FF23,-34.356839,-58.501253,0,FDO,44.0,7.0,224.0,3.0,2,2300,0,0,0,0,0,0

FINAL,D23,23,D,2
IF,FF23,-34.356839,-58.501253,FDO,44.0,7.0,2,2300,0,0,0,0,2,0
CF,MA23,-34.428453,-58.563950,0,FDO,44.0,1.7,224.0,5.3,1,597,0,0,0,0,3,0
CA,2,4.0,2,1500,0,0,0,0,0,0
FD,FDO,-34.451417,-58.584083,0,FDO,0.0,7.0,4.0,7.0,2,1500,0,0,0,0,0,0
VM,0,0,0,4.0,0,0,0,0,0,0,0,0

APPTR,I05,05,TRINI
IF,TRINI,-34.562778,-58.790556, ,0.0,0.0,2,3000,0,0,0,0,1,0
CF,CI05,-34.566797,-58.722881,0,FD,232.2,9.8,100.0,3.5,2,2000,0,0,0,0,1,0

FINAL,I05,05,I,3
IF,CI05,-34.566797,-58.722881,FD,232.2,10.0,2,2000,0,0,0,0,0,0
CF,FI05,-34.533317,-58.683453,0,FD,232.2,7.2,53.0,2.8,1,2000,0,0,0,0,2,0
CF,RW05,-34.459119,-58.596244,0,FD,232.2,0.0,53.0,6.2,1,62,0,0,0,0,3,0
VD, ,0,0,0,FDO,0.0,0.0,53.0,4.0,0,0,0,0,0,0,0,0
CF,VANAR,-34.324444,-58.762222,1,FDO,318.6,11.7,288.0,11.0,2,1500,0,0,0,0,0,0

