SID,ATOV2A,11,1
CA,0,110.0,2,470,0,0,0,0,0,0
CF,EZE12,-34.857500,-58.465000,0,EZE,127.0,4.0,126.0,4.0,0,0,0,0,0,0,0,0
TF,D126J,-34.904861,-58.358069,0, ,0.0,0.0,0.0,0.0,0,0,0,0,0,0,0,0
AF,D210J,-34.977697,-58.614553,2,EZE,210.0,10.0,126.0,0,0,0,0,0,0,0,0
CF,EZE,-34.824056,-58.535306,0,EZE,0.0,0.0,30.0,10.0,0,0,0,0,0,0,0,0

SID,ATOV2A,17,1
CA,0,172.0,2,470,0,0,0,0,0,0
CF,D183J,-34.990586,-58.521153,0,EZE,183.0,10.0,183.0,10.0,0,0,0,0,0,0,0,0
AF,D210J,-34.977697,-58.614553,2,EZE,210.0,10.0,183.0,0,0,0,0,0,0,0,0
CF,EZE,-34.824056,-58.535306,0,EZE,0.0,0.0,30.0,10.0,0,0,0,0,0,0,0,0

SID,ATOV2A,29,1
VA,0,290.0,2,470,0,0,0,0,0,0
DF,EZE11,-34.811897,-58.594239,0, ,0.0,0.0,0,0,0,0,0,0,0,0
TF,D254J,-34.889300,-58.721761,0, ,0.0,0.0,0.0,0.0,0,0,0,0,0,0,0,0
AF,D210J,-34.977697,-58.614553,1,EZE,210.0,10.0,254.0,0,0,0,0,0,0,0,0
CF,EZE,-34.824056,-58.535306,0,EZE,0.0,0.0,30.0,10.0,0,0,0,0,0,0,0,0

SID,ATOV2A,35,1
VA,0,352.0,2,470,0,0,0,0,0,0
DF,EZE10,-34.774722,-58.545606,0, ,0.0,0.0,0,0,0,0,0,0,0,0
TF,D293J,-34.778567,-58.730069,0, ,0.0,0.0,0.0,0.0,0,0,0,0,0,0,0,0
AF,D210J,-34.977697,-58.614553,1,EZE,210.0,10.0,293.0,0,0,0,0,0,0,0,0
CF,EZE,-34.824056,-58.535306,0,EZE,0.0,0.0,30.0,10.0,0,0,0,0,0,0,0,0

SID,ATOV2A,ATOVO,3
IF,EZE,-34.824056,-58.535306, ,0.0,0.0,0,0,0,0,0,0,0,0
TF,EZE19,-34.123333,-58.564722,0, ,0.0,0.0,0.0,0.0,0,0,0,0,0,0,0,0
TF,EZE20,-34.151389,-58.813611,0, ,0.0,0.0,0.0,0.0,0,0,0,0,0,0,0,0
TF,EZE26,-34.171111,-58.991667,0, ,0.0,0.0,0.0,0.0,0,0,0,0,0,0,0,0
TF,ATOVO,-34.061111,-59.150556,0, ,0.0,0.0,0.0,0.0,0,0,0,0,0,0,0,0

SID,BIVA2A,11,1
CA,0,110.0,2,470,0,0,0,0,0,0
CF,EZE12,-34.857500,-58.465000,0,EZE,127.0,4.0,126.0,4.0,0,0,0,0,0,0,0,0
TF,D126J,-34.904861,-58.358069,0, ,0.0,0.0,0.0,0.0,0,0,0,0,0,0,0,0
AF,D210J,-34.977697,-58.614553,2,EZE,210.0,10.0,126.0,0,0,0,0,0,0,0,0
CF,EZE,-34.824056,-58.535306,0,EZE,0.0,0.0,30.0,10.0,0,0,0,0,0,0,0,0

SID,BIVA2A,17,1
CA,0,172.0,2,470,0,0,0,0,0,0
CF,D183J,-34.990586,-58.521153,0,EZE,183.0,10.0,183.0,10.0,0,0,0,0,0,0,0,0
AF,D210J,-34.977697,-58.614553,2,EZE,210.0,10.0,183.0,0,0,0,0,0,0,0,0
CF,EZE,-34.824056,-58.535306,0,EZE,0.0,0.0,30.0,10.0,0,0,0,0,0,0,0,0

SID,BIVA2A,29,1
VA,0,290.0,2,470,0,0,0,0,0,0
DF,EZE11,-34.811897,-58.594239,0, ,0.0,0.0,0,0,0,0,0,0,0,0
TF,D254J,-34.889300,-58.721761,0, ,0.0,0.0,0.0,0.0,0,0,0,0,0,0,0,0
AF,D210J,-34.977697,-58.614553,1,EZE,210.0,10.0,254.0,0,0,0,0,0,0,0,0
CF,EZE,-34.824056,-58.535306,0,EZE,0.0,0.0,30.0,10.0,0,0,0,0,0,0,0,0

SID,BIVA2A,35,1
VA,0,352.0,2,470,0,0,0,0,0,0
DF,EZE10,-34.774722,-58.545606,0, ,0.0,0.0,0,0,0,0,0,0,0,0
TF,D293J,-34.778567,-58.730069,0, ,0.0,0.0,0.0,0.0,0,0,0,0,0,0,0,0
AF,D210J,-34.977697,-58.614553,1,EZE,210.0,10.0,293.0,0,0,0,0,0,0,0,0
CF,EZE,-34.824056,-58.535306,0,EZE,0.0,0.0,30.0,10.0,0,0,0,0,0,0,0,0

SID,BIVA2A,BIVAM,3
IF,EZE,-34.824056,-58.535306, ,0.0,0.0,0,0,0,0,0,0,0,0
TF,EZE19,-34.123333,-58.564722,0, ,0.0,0.0,0.0,0.0,0,0,0,0,0,0,0,0
TF,EZE20,-34.151389,-58.813611,0, ,0.0,0.0,0.0,0.0,0,0,0,0,0,0,0,0
TF,BIVAM,-33.971111,-58.945556,0, ,0.0,0.0,0.0,0.0,0,0,0,0,0,0,0,0

SID,GBE6,11,1
CA,0,110.0,2,470,0,0,0,0,0,0
CF,D126J,-34.904861,-58.358069,0,EZE,126.0,10.0,126.0,10.0,0,0,0,0,0,0,0,0
AF,D183J,-34.990586,-58.521153,2,EZE,183.0,10.0,126.0,0,0,0,0,0,0,0,0

SID,GBE6,17,1
CA,0,172.0,2,470,0,0,0,0,0,0
CF,D183J,-34.990586,-58.521153,0,EZE,183.0,10.0,183.0,10.0,0,0,0,0,0,0,0,0

SID,GBE6,29,1
VA,0,290.0,2,470,0,0,0,0,0,0
DF,EZE11,-34.811897,-58.594239,0, ,0.0,0.0,0,0,0,0,0,0,0,0
TF,D254J,-34.889300,-58.721761,0, ,0.0,0.0,0.0,0.0,0,0,0,0,0,0,0,0
AF,D183J,-34.990586,-58.521153,1,EZE,183.0,10.0,254.0,0,0,0,0,0,0,0,0

SID,GBE6,35,1
VA,0,352.0,2,470,0,0,0,0,0,0
DF,EZE10,-34.774722,-58.545606,0, ,0.0,0.0,0,0,0,0,0,0,0,0
TF,D293J,-34.778567,-58.730069,0, ,0.0,0.0,0.0,0.0,0,0,0,0,0,0,0,0
AF,D183J,-34.990586,-58.521153,1,EZE,183.0,10.0,293.0,0,0,0,0,0,0,0,0

SID,GBE6,ALL,2
IF,D183J,-34.990586,-58.521153, ,0.0,0.0,0,0,0,0,0,0,0,0
TF,GBE,-35.750833,-58.464722,0, ,0.0,0.0,0.0,0.0,0,0,0,0,0,0,0,0

SID,LAND2A,11,1
CA,0,110.0,2,470,0,0,0,0,0,0
CF,EZE12,-34.857500,-58.465000,0,EZE,127.0,4.0,126.0,4.0,0,0,0,0,0,0,0,0
TF,D126J,-34.904861,-58.358069,0, ,0.0,0.0,0.0,0.0,0,0,0,0,0,0,0,0
AF,D210J,-34.977697,-58.614553,2,EZE,210.0,10.0,126.0,0,0,0,0,0,0,0,0
CF,EZE,-34.824056,-58.535306,0,EZE,0.0,0.0,30.0,10.0,0,0,0,0,0,0,0,0

SID,LAND2A,17,1
CA,0,172.0,2,470,0,0,0,0,0,0
CF,D183J,-34.990586,-58.521153,0,EZE,183.0,10.0,183.0,10.0,0,0,0,0,0,0,0,0
AF,D210J,-34.977697,-58.614553,2,EZE,210.0,10.0,183.0,0,0,0,0,0,0,0,0
CF,EZE,-34.824056,-58.535306,0,EZE,0.0,0.0,30.0,10.0,0,0,0,0,0,0,0,0

SID,LAND2A,29,1
VA,0,290.0,2,470,0,0,0,0,0,0
DF,EZE11,-34.811897,-58.594239,0, ,0.0,0.0,0,0,0,0,0,0,0,0
TF,D254J,-34.889300,-58.721761,0, ,0.0,0.0,0.0,0.0,0,0,0,0,0,0,0,0
AF,D210J,-34.977697,-58.614553,1,EZE,210.0,10.0,254.0,0,0,0,0,0,0,0,0
CF,EZE,-34.824056,-58.535306,0,EZE,0.0,0.0,30.0,10.0,0,0,0,0,0,0,0,0

SID,LAND2A,35,1
VA,0,352.0,2,470,0,0,0,0,0,0
DF,EZE10,-34.774722,-58.545606,0, ,0.0,0.0,0,0,0,0,0,0,0,0
TF,D293J,-34.778567,-58.730069,0, ,0.0,0.0,0.0,0.0,0,0,0,0,0,0,0,0
AF,D210J,-34.977697,-58.614553,1,EZE,210.0,10.0,293.0,0,0,0,0,0,0,0,0
CF,EZE,-34.824056,-58.535306,0,EZE,0.0,0.0,30.0,10.0,0,0,0,0,0,0,0,0

SID,LAND2A,LANDA,3
IF,EZE,-34.824056,-58.535306, ,0.0,0.0,0,0,0,0,0,0,0,0
TF,EZE19,-34.123333,-58.564722,0, ,0.0,0.0,0.0,0.0,0,0,0,0,0,0,0,0
TF,LANDA,-33.908056,-58.575278,0, ,0.0,0.0,0.0,0.0,0,0,0,0,0,0,0,0

SID,PTA6A,17,1
CA,0,172.0,2,470,0,0,0,0,0,0
CF,D183J,-34.990586,-58.521153,0,EZE,183.0,10.0,183.0,10.0,0,0,0,0,0,0,0,0

SID,PTA6A,29,1
VA,0,290.0,2,470,0,0,0,0,0,0
DF,EZE11,-34.811897,-58.594239,0, ,0.0,0.0,0,0,0,0,0,0,0,0
TF,D254J,-34.889300,-58.721761,0, ,0.0,0.0,0.0,0.0,0,0,0,0,0,0,0,0
AF,D183J,-34.990586,-58.521153,1,EZE,183.0,10.0,254.0,0,0,0,0,0,0,0,0

SID,PTA6A,35,1
VA,0,352.0,2,470,0,0,0,0,0,0
DF,EZE10,-34.774722,-58.545606,0, ,0.0,0.0,0,0,0,0,0,0,0,0
TF,D293J,-34.778567,-58.730069,0, ,0.0,0.0,0.0,0.0,0,0,0,0,0,0,0,0
AF,D183J,-34.990586,-58.521153,1,EZE,183.0,10.0,293.0,0,0,0,0,0,0,0,0

SID,PTA6A,ALL,2
IF,D183J,-34.990586,-58.521153, ,0.0,0.0,0,0,0,0,0,0,0,0
TF,PTA,-34.975833,-57.898333,0, ,0.0,0.0,0.0,0.0,0,0,0,0,0,0,0,0

SID,PTA6A,DORVO,3
IF,PTA,-34.975833,-57.898333, ,0.0,0.0,0,0,0,0,0,0,0,0
TF,DORVO,-34.716111,-57.517222,0, ,0.0,0.0,0.0,0.0,0,0,0,0,0,0,0,0

SID,PTA6A,ESLAN,3
IF,PTA,-34.975833,-57.898333, ,0.0,0.0,0,0,0,0,0,0,0,0
TF,ESLAN,-34.981944,-57.084722,0, ,0.0,0.0,0.0,0.0,0,0,0,0,0,0,0,0

SID,PTA6A,KOVUK,3
IF,PTA,-34.975833,-57.898333, ,0.0,0.0,0,0,0,0,0,0,0,0
TF,KOVUK,-35.199444,-57.520556,0, ,0.0,0.0,0.0,0.0,0,0,0,0,0,0,0,0

SID,PTA6A,KUKEN,3
IF,PTA,-34.975833,-57.898333, ,0.0,0.0,0,0,0,0,0,0,0,0
TF,EZE18,-34.488333,-58.094722,0, ,0.0,0.0,0.0,0.0,0,0,0,0,0,0,0,0
TF,KUKEN,-34.182778,-58.217222,0, ,0.0,0.0,0.0,0.0,0,0,0,0,0,0,0,0

SID,PTA6A,PAPIX,3
IF,PTA,-34.975833,-57.898333, ,0.0,0.0,0,0,0,0,0,0,0,0
TF,EZE18,-34.488333,-58.094722,0, ,0.0,0.0,0.0,0.0,0,0,0,0,0,0,0,0
TF,PAPIX,-34.416111,-58.000556,0, ,0.0,0.0,0.0,0.0,0,0,0,0,0,0,0,0

SID,PTA6A,TEDAR,3
IF,PTA,-34.975833,-57.898333, ,0.0,0.0,0,0,0,0,0,0,0,0
TF,TEDAR,-35.449444,-57.717222,0, ,0.0,0.0,0.0,0.0,0,0,0,0,0,0,0,0

SID,PTA6B,11,2
CA,0,110.0,2,470,0,0,0,0,0,0
CF,EZE12,-34.857500,-58.465000,0,EZE,127.0,4.0,126.0,4.0,0,0,0,0,0,0,0,0
TF,PTA,-34.975833,-57.898333,0, ,0.0,0.0,0.0,0.0,0,0,0,0,0,0,0,0

SID,PTA6B,DORVO,3
IF,PTA,-34.975833,-57.898333, ,0.0,0.0,0,0,0,0,0,0,0,0
TF,DORVO,-34.716111,-57.517222,0, ,0.0,0.0,0.0,0.0,0,0,0,0,0,0,0,0

SID,PTA6B,ESLAN,3
IF,PTA,-34.975833,-57.898333, ,0.0,0.0,0,0,0,0,0,0,0,0
TF,ESLAN,-34.981944,-57.084722,0, ,0.0,0.0,0.0,0.0,0,0,0,0,0,0,0,0

SID,PTA6B,KOVUK,3
IF,PTA,-34.975833,-57.898333, ,0.0,0.0,0,0,0,0,0,0,0,0
TF,KOVUK,-35.199444,-57.520556,0, ,0.0,0.0,0.0,0.0,0,0,0,0,0,0,0,0

SID,PTA6B,KUKEN,3
IF,PTA,-34.975833,-57.898333, ,0.0,0.0,0,0,0,0,0,0,0,0
TF,EZE18,-34.488333,-58.094722,0, ,0.0,0.0,0.0,0.0,0,0,0,0,0,0,0,0
TF,KUKEN,-34.182778,-58.217222,0, ,0.0,0.0,0.0,0.0,0,0,0,0,0,0,0,0

SID,PTA6B,PAPIX,3
IF,PTA,-34.975833,-57.898333, ,0.0,0.0,0,0,0,0,0,0,0,0
TF,EZE18,-34.488333,-58.094722,0, ,0.0,0.0,0.0,0.0,0,0,0,0,0,0,0,0
TF,PAPIX,-34.416111,-58.000556,0, ,0.0,0.0,0.0,0.0,0,0,0,0,0,0,0,0

SID,PTA6B,TEDAR,3
IF,PTA,-34.975833,-57.898333, ,0.0,0.0,0,0,0,0,0,0,0,0
TF,TEDAR,-35.449444,-57.717222,0, ,0.0,0.0,0.0,0.0,0,0,0,0,0,0,0,0

SID,TORUL1,11,1
CA,0,110.0,2,470,0,0,0,0,0,0
CF,EZE12,-34.857500,-58.465000,0,EZE,127.0,4.0,126.0,4.0,0,0,0,0,0,0,0,0
TF,D126J,-34.904861,-58.358069,0, ,0.0,0.0,0.0,0.0,0,0,0,0,0,0,0,0
AF,D183J,-34.990586,-58.521153,2,EZE,183.0,10.0,126.0,0,0,0,0,0,0,0,0
CF,EZE24,-35.006111,-58.838889,0,EZE,240.9,18.5,274.0,15.9,0,0,0,0,0,0,0,0

SID,TORUL1,17,1
CA,0,172.0,2,470,0,0,0,0,0,0
CF,D183J,-34.990586,-58.521153,0,EZE,183.0,10.0,183.0,10.0,0,0,0,0,0,0,0,0
TF,EZE24,-35.006111,-58.838889,0, ,0.0,0.0,0.0,0.0,0,0,0,0,0,0,0,0

SID,TORUL1,29,1
VA,0,290.0,2,470,0,0,0,0,0,0
DF,EZE11,-34.811897,-58.594239,0, ,0.0,0.0,0,0,0,0,0,0,0,0
TF,D254J,-34.889300,-58.721761,0, ,0.0,0.0,0.0,0.0,0,0,0,0,0,0,0,0
AF,D241J,-34.922069,-58.699278,1,EZE,241.0,10.0,254.0,0,0,0,0,0,0,0,0
CF,EZE24,-35.006111,-58.838889,0,EZE,240.9,18.5,241.0,8.5,0,0,0,0,0,0,0,0

SID,TORUL1,35,1
VA,0,352.0,2,470,0,0,0,0,0,0
DF,EZE10,-34.774722,-58.545606,0, ,0.0,0.0,0,0,0,0,0,0,0,0
TF,D293J,-34.778567,-58.730069,0, ,0.0,0.0,0.0,0.0,0,0,0,0,0,0,0,0
AF,D241J,-34.922069,-58.699278,1,EZE,241.0,10.0,293.0,0,0,0,0,0,0,0,0
CF,EZE24,-35.006111,-58.838889,0,EZE,240.9,18.5,241.0,8.5,0,0,0,0,0,0,0,0

SID,TORUL1,ASADA,3
IF,EZE24,-35.006111,-58.838889, ,0.0,0.0,0,0,0,0,0,0,0,0
TF,EZE15,-35.018056,-59.289167,0, ,0.0,0.0,0.0,0.0,0,0,0,0,0,0,0,0
TF,ASADA,-35.025833,-59.625833,0, ,0.0,0.0,0.0,0.0,0,0,0,0,0,0,0,0

SID,TORUL1,TORUL,3
IF,EZE24,-35.006111,-58.838889, ,0.0,0.0,0,0,0,0,0,0,0,0
TF,GEBEM,-35.200278,-59.158889,0, ,0.0,0.0,0.0,0.0,0,0,0,0,0,0,0,0
TF,TORUL,-35.361667,-59.440000,0, ,0.0,0.0,0.0,0.0,0,0,0,0,0,0,0,0

SID,TORUL1,URINO,3
IF,EZE24,-35.006111,-58.838889, ,0.0,0.0,0,0,0,0,0,0,0,0
TF,EZE15,-35.018056,-59.289167,0, ,0.0,0.0,0.0,0.0,0,0,0,0,0,0,0,0
TF,URINO,-34.699722,-59.640833,0, ,0.0,0.0,0.0,0.0,0,0,0,0,0,0,0,0

STAR,ASAD6A,11,2
IF,ASADA,-35.025833,-59.625833, ,0.0,0.0,0,0,0,0,0,0,0,0
TF,AER52,-34.907500,-58.977778,0, ,0.0,0.0,0.0,0.0,0,0,0,0,0,0,0,0
TF,ARSOT,-34.760278,-58.897500,0, ,0.0,0.0,0.0,0.0,0,0,0,0,0,0,0,0

STAR,ASAD6B,35,2
IF,ASADA,-35.025833,-59.625833, ,0.0,0.0,0,0,0,0,0,0,0,0
TF,AER60,-35.614167,-58.686389,0, ,0.0,0.0,0.0,0.0,0,0,0,0,0,0,0,0
TF,EZE66,-35.428333,-58.455000,0, ,0.0,0.0,0.0,0.0,0,0,0,0,0,0,0,0
TF,GESTA,-35.081111,-58.445556,0, ,0.0,0.0,0.0,0.0,0,0,0,0,0,0,0,0

STAR,GBE6A,11,2
IF,GBE,-35.750833,-58.464722, ,0.0,0.0,0,0,0,0,0,0,0,0
TF,EZE50,-34.934722,-58.992500,0, ,0.0,0.0,0.0,0.0,0,0,0,0,0,0,0,0
TF,AER52,-34.907500,-58.977778,0, ,0.0,0.0,0.0,0.0,0,0,0,0,0,0,0,0
TF,ARSOT,-34.760278,-58.897500,0, ,0.0,0.0,0.0,0.0,0,0,0,0,0,0,0,0

STAR,GBE6B,35,2
IF,GBE,-35.750833,-58.464722, ,0.0,0.0,0,0,0,0,0,0,0,0
TF,EZE66,-35.428333,-58.455000,0, ,0.0,0.0,0.0,0.0,0,0,0,0,0,0,0,0
TF,GESTA,-35.081111,-58.445556,0, ,0.0,0.0,0.0,0.0,0,0,0,0,0,0,0,0

STAR,KOVU6A,11,2
IF,KOVUK,-35.199444,-57.520556, ,0.0,0.0,0,0,0,0,0,0,0,0
TF,PTA,-34.975833,-57.898333,0, ,0.0,0.0,0.0,0.0,0,0,0,0,0,0,0,0
TF,EZE,-34.824056,-58.535306,0, ,0.0,0.0,0.0,0.0,0,0,0,0,0,0,0,0

STAR,KOVU6B,35,2
IF,KOVUK,-35.199444,-57.520556, ,0.0,0.0,0,0,0,0,0,0,0,0
TF,PTA,-34.975833,-57.898333,0, ,0.0,0.0,0.0,0.0,0,0,0,0,0,0,0,0
TF,GESTA,-35.081111,-58.445556,0, ,0.0,0.0,0.0,0.0,0,0,0,0,0,0,0,0

STAR,KUKE6A,11,2
IF,KUKEN,-34.182778,-58.217222, ,0.0,0.0,0,0,0,0,0,0,0,0
TF,EZE,-34.824056,-58.535306,0, ,0.0,0.0,0.0,0.0,0,0,0,0,0,0,0,0

STAR,KUKE6B,35,2
IF,KUKEN,-34.182778,-58.217222, ,0.0,0.0,0,0,0,0,0,0,0,0
TF,EZE,-34.824056,-58.535306,0, ,0.0,0.0,0.0,0.0,0,0,0,0,0,0,0,0

STAR,PAGO6A,11,2
IF,PAGON,-33.921111,-58.720556, ,0.0,0.0,0,0,0,0,0,0,0,0
TF,VANAR,-34.324444,-58.762222,0, ,0.0,0.0,0.0,0.0,0,0,0,0,0,0,0,0
TF,ENO,-34.562778,-58.790556,0, ,0.0,0.0,0.0,0.0,0,0,0,0,0,0,0,0
TF,ARSOT,-34.760278,-58.897500,0, ,0.0,0.0,0.0,0.0,0,0,0,0,0,0,0,0

STAR,PAGO6B,35,2
IF,PAGON,-33.921111,-58.720556, ,0.0,0.0,0,0,0,0,0,0,0,0
TF,VANAR,-34.324444,-58.762222,0, ,0.0,0.0,0.0,0.0,0,0,0,0,0,0,0,0
TF,EZE,-34.824056,-58.535306,0, ,0.0,0.0,0.0,0.0,0,0,0,0,0,0,0,0

STAR,PAPI6A,11,2
IF,PAPIX,-34.416111,-58.000556, ,0.0,0.0,0,0,0,0,0,0,0,0
TF,EZE,-34.824056,-58.535306,0, ,0.0,0.0,0.0,0.0,0,0,0,0,0,0,0,0

STAR,PAPI6B,35,2
IF,PAPIX,-34.416111,-58.000556, ,0.0,0.0,0,0,0,0,0,0,0,0
TF,EZE,-34.824056,-58.535306,0, ,0.0,0.0,0.0,0.0,0,0,0,0,0,0,0,0

STAR,SNT6A,11,2
IF,SNT,-34.222222,-59.441389, ,0.0,0.0,0,0,0,0,0,0,0,0
TF,ARSOT,-34.760278,-58.897500,0, ,0.0,0.0,0.0,0.0,0,0,0,0,0,0,0,0

STAR,SNT6B,35,2
IF,SNT,-34.222222,-59.441389, ,0.0,0.0,0,0,0,0,0,0,0,0
TF,VANAR,-34.324444,-58.762222,0, ,0.0,0.0,0.0,0.0,0,0,0,0,0,0,0,0
TF,EZE,-34.824056,-58.535306,0, ,0.0,0.0,0.0,0.0,0,0,0,0,0,0,0,0

STAR,TENI6A,11,2
IF,TENIL,-35.541111,-57.833889, ,0.0,0.0,0,0,0,0,0,0,0,0
TF,PTA,-34.975833,-57.898333,0, ,0.0,0.0,0.0,0.0,0,0,0,0,0,0,0,0
TF,EZE,-34.824056,-58.535306,0, ,0.0,0.0,0.0,0.0,0,0,0,0,0,0,0,0

STAR,TENI6B,35,2
IF,TENIL,-35.541111,-57.833889, ,0.0,0.0,0,0,0,0,0,0,0,0
TF,PTA,-34.975833,-57.898333,0, ,0.0,0.0,0.0,0.0,0,0,0,0,0,0,0,0
TF,GESTA,-35.081111,-58.445556,0, ,0.0,0.0,0.0,0.0,0,0,0,0,0,0,0,0

STAR,UGIM6A,GATOS,1
IF,GATOS,-35.666389,-56.583889, ,0.0,0.0,0,0,0,0,0,0,0,0
TF,ESLAN,-34.981944,-57.084722,0, ,0.0,0.0,0.0,0.0,0,0,0,0,0,0,0,0

STAR,UGIM6A,UGIMI,1
IF,UGIMI,-34.982778,-56.883889, ,0.0,0.0,0,0,0,0,0,0,0,0
TF,ESLAN,-34.981944,-57.084722,0, ,0.0,0.0,0.0,0.0,0,0,0,0,0,0,0,0

STAR,UGIM6A,11,2
IF,ESLAN,-34.981944,-57.084722, ,0.0,0.0,0,0,0,0,0,0,0,0
TF,PTA,-34.975833,-57.898333,0, ,0.0,0.0,0.0,0.0,0,0,0,0,0,0,0,0
TF,EZE,-34.824056,-58.535306,0, ,0.0,0.0,0.0,0.0,0,0,0,0,0,0,0,0

STAR,UGIM6B,GATOS,1
IF,GATOS,-35.666389,-56.583889, ,0.0,0.0,0,0,0,0,0,0,0,0
TF,ESLAN,-34.981944,-57.084722,0, ,0.0,0.0,0.0,0.0,0,0,0,0,0,0,0,0

STAR,UGIM6B,UGIMI,1
IF,UGIMI,-34.982778,-56.883889, ,0.0,0.0,0,0,0,0,0,0,0,0
TF,ESLAN,-34.981944,-57.084722,0, ,0.0,0.0,0.0,0.0,0,0,0,0,0,0,0,0

STAR,UGIM6B,35,2
IF,ESLAN,-34.981944,-57.084722, ,0.0,0.0,0,0,0,0,0,0,0,0
TF,PTA,-34.975833,-57.898333,0, ,0.0,0.0,0.0,0.0,0,0,0,0,0,0,0,0
TF,GESTA,-35.081111,-58.445556,0, ,0.0,0.0,0.0,0.0,0,0,0,0,0,0,0,0

STAR,VALO6B,35,2
IF,VALOS,-35.457778,-59.350556, ,0.0,0.0,0,0,0,0,0,0,0,0
TF,AER61,-35.659722,-58.743333,0, ,0.0,0.0,0.0,0.0,0,0,0,0,0,0,0,0
TF,AER60,-35.614167,-58.686389,0, ,0.0,0.0,0.0,0.0,0,0,0,0,0,0,0,0
TF,EZE66,-35.428333,-58.455000,0, ,0.0,0.0,0.0,0.0,0,0,0,0,0,0,0,0
TF,GESTA,-35.081111,-58.445556,0, ,0.0,0.0,0.0,0.0,0,0,0,0,0,0,0,0

STAR,VALO7A,11,2
IF,VALOS,-35.457778,-59.350556, ,0.0,0.0,0,0,0,0,0,0,0,0
TF,GEBEM,-35.200278,-59.158889,0, ,0.0,0.0,0.0,0.0,0,0,0,0,0,0,0,0
TF,EZE50,-34.934722,-58.992500,0, ,0.0,0.0,0.0,0.0,0,0,0,0,0,0,0,0
TF,AER52,-34.907500,-58.977778,0, ,0.0,0.0,0.0,0.0,0,0,0,0,0,0,0,0
TF,ARSOT,-34.760278,-58.897500,0, ,0.0,0.0,0.0,0.0,0,0,0,0,0,0,0,0

APPTR,D29-Y,29,UPOMA
IF,UPOMA,-34.860833,-58.214444, ,0.0,0.0,2,3000,0,0,0,0,1,0
TF,CF29,-34.847142,-58.334778,0, ,0.0,0.0,0.0,0.0,2,2400,0,0,0,0,1,0

FINAL,D29-Y,29,D,4
IF,CF29,-34.847142,-58.334778,EZE,106.0,10.0,2,2400,0,0,0,0,0,0
CF,FF29,-34.842536,-58.374889,0,EZE,106.0,8.0,286.0,2.0,2,2400,0,0,0,0,2,0
CF,38VOR,-34.832858,-58.459117,0,EZE,106.0,3.8,286.0,4.2,2,1064,0,0,0,0,0,0
CF,RW29,-34.825361,-58.518253,0,EZE,103.3,0.9,286.0,3.0,1,116,0,0,0,0,3,0
CF,EZE,-34.824056,-58.535306,0,EZE,0.0,0.0,286.0,0.9,0,0,0,0,0,0,0,0
CF,ARSOT,-34.760278,-58.897500,0,EZE,290.0,18.3,290.0,18.3,2,3000,0,0,0,0,0,0
HM,ARSOT,-34.760278,-58.897500,2, ,0.0,0.0,110.0,04.3,2,3000,0,1,210,0,0,0,0

APPTR,D29-Z,29,EZE
IF,EZE,-34.824056,-58.535306, ,0.0,0.0,0,0,0,0,0,0,1,0
TF,FF29,-34.842536,-58.374889,0, ,0.0,0.0,0.0,0.0,2,2400,0,0,0,0,0,0
FC,FF29,-34.842536,-58.374889,0,EZE,0.0,0.0,151.0,3.5,2,2400,0,0,0,0,0,1
CF,CF29,-34.847142,-58.334778,1,EZE,106.0,10.0,286.0,2.0,2,2400,0,0,0,0,1,0

FINAL,D29-Z,29,D,4
IF,CF29,-34.847142,-58.334778,EZE,106.0,10.0,2,2400,0,0,0,0,0,0
CF,FF29,-34.842536,-58.374889,0,EZE,106.0,8.0,286.0,2.0,2,2400,0,0,0,0,2,0
CF,38VOR,-34.832858,-58.459117,0,EZE,106.0,3.8,286.0,4.2,2,1064,0,0,0,0,0,0
CF,RW29,-34.825361,-58.518253,0,EZE,103.3,0.9,286.0,3.0,1,116,0,0,0,0,3,0
CF,EZE,-34.824056,-58.535306,0,EZE,0.0,0.0,286.0,0.9,0,0,0,0,0,0,0,0
CF,ARSOT,-34.760278,-58.897500,0,EZE,290.0,18.3,290.0,18.3,2,3000,0,0,0,0,0,0
HM,ARSOT,-34.760278,-58.897500,2, ,0.0,0.0,110.0,04.3,2,3000,0,1,210,0,0,0,0

APPTR,I11-W,11,EZE1
IF,EZE,-34.824056,-58.535306, ,0.0,0.0,0,0,0,0,0,0,1,0
FD,EZE,-34.824056,-58.535306,0,EZE,0.0,10.0,274.0,10.0,2,2200,0,0,0,0,0,0
CF,CF11,-34.786900,-58.731986,2,PC,290.2,10.9,110.0,1.0,2,2200,0,0,0,0,1,0

APPTR,I11-W,11,EZE2
IF,EZE,-34.824056,-58.535306, ,0.0,0.0,0,0,0,0,0,0,1,0
FD,EZE,-34.824056,-58.535306,0,EZE,0.0,10.0,277.0,10.0,2,2200,0,0,0,0,0,0
CF,CF11,-34.786900,-58.731986,2,PC,290.2,10.9,110.0,1.0,2,2200,0,0,0,0,1,0

FINAL,I11-W,11,I,3
IF,CF11,-34.786900,-58.731986,PC,290.2,10.9,2,2200,0,0,0,0,0,0
CF,FF11,-34.795828,-58.682567,0,PC,290.2,8.4,110.0,2.5,1,2200,0,0,0,0,2,0
CF,RW11,-34.819050,-58.553453,0,PC,290.2,1.9,110.0,6.5,1,118,0,0,0,0,3,0
CA,0,110.0,2,500,0,0,0,0,0,0
VM,0,0,0,125.0,2,3000,0,0,0,0,0,0

APPTR,I11-X,11,ARSOT
IF,ARSOT,-34.760278,-58.897500, ,0.0,0.0,2,5000,0,0,0,0,1,0
FC,ARSOT,-34.760278,-58.897500,0,EZE,0.0,0.0,110.0,3.3,0,0,0,0,0,0,0,0
CF,CF11,-34.786900,-58.731986,0,PC,290.2,10.9,110.0,5.0,2,2200,0,0,0,0,1,0

FINAL,I11-X,11,I,3
IF,CF11,-34.786900,-58.731986,PC,290.2,10.9,2,2200,0,0,0,0,0,0
CF,FF11,-34.795828,-58.682567,0,PC,290.2,8.4,110.0,2.5,1,2200,0,0,0,0,2,0
CF,RW11,-34.819050,-58.553453,0,PC,290.2,1.9,110.0,6.5,1,118,0,0,0,0,3,0
CA,0,110.0,2,500,0,0,0,0,0,0
VM,0,0,0,125.0,2,3000,0,0,0,0,0,0

APPTR,I11-Y,11,EZE1
IF,EZE,-34.824056,-58.535306, ,0.0,0.0,0,0,0,0,0,0,1,0
FD,EZE,-34.824056,-58.535306,0,EZE,0.0,10.0,274.0,10.0,2,2200,0,0,0,0,0,0
CF,CF11,-34.786900,-58.731986,2,PC,290.2,10.9,110.0,1.0,2,2200,0,0,0,0,1,0

APPTR,I11-Y,11,EZE2
IF,EZE,-34.824056,-58.535306, ,0.0,0.0,0,0,0,0,0,0,1,0
FD,EZE,-34.824056,-58.535306,0,EZE,0.0,10.0,277.0,10.0,2,2200,0,0,0,0,0,0
CF,CF11,-34.786900,-58.731986,2,PC,290.2,10.9,110.0,1.0,2,2200,0,0,0,0,1,0

FINAL,I11-Y,11,I,3
IF,CF11,-34.786900,-58.731986,PC,290.2,10.9,2,2200,0,0,0,0,0,0
CF,FF11,-34.795828,-58.682567,0,PC,290.2,8.4,110.0,2.5,1,2200,0,0,0,0,2,0
CF,RW11,-34.819050,-58.553453,0,PC,290.2,1.9,110.0,6.5,1,118,0,0,0,0,3,0
CA,0,110.0,2,500,0,0,0,0,0,0
VM,0,0,0,125.0,2,3000,0,0,0,0,0,0

APPTR,I11-Z,11,ARSOT
IF,ARSOT,-34.760278,-58.897500, ,0.0,0.0,2,5000,0,0,0,0,1,0
FC,ARSOT,-34.760278,-58.897500,0,EZE,0.0,0.0,110.0,3.3,0,0,0,0,0,0,0,0
CF,CF11,-34.786900,-58.731986,0,PC,290.2,10.9,110.0,5.0,2,2200,0,0,0,0,1,0

FINAL,I11-Z,11,I,3
IF,CF11,-34.786900,-58.731986,PC,290.2,10.9,2,2200,0,0,0,0,0,0
CF,FF11,-34.795828,-58.682567,0,PC,290.2,8.4,110.0,2.5,1,2200,0,0,0,0,2,0
CF,RW11,-34.819050,-58.553453,0,PC,290.2,1.9,110.0,6.5,1,118,0,0,0,0,3,0
CA,0,110.0,2,500,0,0,0,0,0,0
VM,0,0,0,125.0,2,3000,0,0,0,0,0,0

APPTR,I35-Y,35,EZE1
IF,EZE,-34.824056,-58.535306, ,0.0,0.0,0,0,0,0,0,0,1,0
FD,EZE,-34.824056,-58.535306,0,EZE,0.0,10.0,187.0,10.0,2,2200,0,0,0,0,0,0
CF,CF35,-34.985358,-58.472236,1,EZ,171.0,11.3,351.0,1.0,2,2200,0,0,0,0,1,0

APPTR,I35-Y,35,EZE2
IF,EZE,-34.824056,-58.535306, ,0.0,0.0,0,0,0,0,0,0,1,0
FD,EZE,-34.824056,-58.535306,0,EZE,0.0,10.0,184.0,10.0,2,2200,0,0,0,0,0,0
CF,CF35,-34.985358,-58.472236,1,EZ,171.0,11.3,351.0,1.0,2,2200,0,0,0,0,1,0

FINAL,I35-Y,35,I,3
IF,CF35,-34.985358,-58.472236,EZ,171.0,11.3,2,2200,0,0,0,0,0,0
CF,FF35,-34.934014,-58.490156,0,EZ,171.0,8.1,351.0,3.2,1,2200,0,0,0,0,2,0
CF,RW35,-34.832589,-58.525497,0,EZ,171.0,1.8,351.0,6.3,1,120,0,0,0,0,3,0
VA,0,351.0,2,600,0,0,0,0,0,0
CI,1, ,0.0,245.0,0,0,0,1,160,0,0,0
CF,ARSOT,-34.760278,-58.897500,0,EZE,290.0,18.3,290.0,15.0,2,3000,0,0,0,0,0,0
HM,ARSOT,-34.760278,-58.897500,2, ,0.0,0.0,110.0,04.3,2,3000,0,1,210,0,0,0,0

APPTR,I35-Z,35,GESTA
IF,GESTA,-35.081111,-58.445556, ,0.0,0.0,2,5000,0,0,0,0,1,0
CF,CF35,-34.985358,-58.472236,0,EZ,171.0,11.3,351.0,5.9,2,2200,0,0,0,0,1,0

FINAL,I35-Z,35,I,3
IF,CF35,-34.985358,-58.472236,EZ,171.0,11.3,2,2200,0,0,0,0,0,0
CF,FF35,-34.934014,-58.490156,0,EZ,171.0,8.1,351.0,3.2,1,2200,0,0,0,0,2,0
CF,RW35,-34.832589,-58.525497,0,EZ,171.0,1.8,351.0,6.3,1,120,0,0,0,0,3,0
VA,0,351.0,2,600,0,0,0,0,0,0
CI,1, ,0.0,245.0,0,0,0,0,0,0,0,0
CF,ARSOT,-34.760278,-58.897500,0,EZE,290.0,18.3,290.0,15.0,2,3000,0,0,0,0,0,0
HM,ARSOT,-34.760278,-58.897500,2, ,0.0,0.0,110.0,04.3,2,3000,0,1,210,0,0,0,0

APPTR,Q11-Y,11,EZE1
IF,EZE,-34.824056,-58.535306, ,0.0,0.0,0,0,0,0,0,0,1,0
FD,EZE,-34.824056,-58.535306,0,EZE,0.0,10.0,274.0,10.0,2,2200,0,0,0,0,0,0
CF,CN11,-34.787467,-58.732781,2,EZE,290.6,10.0,110.0,1.0,2,2200,0,0,0,0,1,0

APPTR,Q11-Y,11,EZE2
IF,EZE,-34.824056,-58.535306, ,0.0,0.0,0,0,0,0,0,0,1,0
FD,EZE,-34.824056,-58.535306,0,EZE,0.0,10.0,277.0,10.0,2,2200,0,0,0,0,0,0
CF,CN11,-34.787467,-58.732781,2,EZE,290.6,10.0,110.0,1.0,2,2200,0,0,0,0,1,0

FINAL,Q11-Y,11,N,4
IF,CN11,-34.787467,-58.732781,C,0.0,0.0,2,2200,0,0,0,0,0,0
CF,FN11,-34.796203,-58.683308,0,C,0.0,0.0,110.0,2.5,2,2200,0,0,0,0,2,0
CF,OC,-34.804833,-58.633444,0,C,0.0,0.0,110.0,2.5,2,1350,0,0,0,0,0,0
CF,C,-34.817056,-58.564722,0,EZE,0.0,1.5,110.0,3.4,1,299,0,0,0,0,3,0
CA,0,110.0,2,470,0,0,0,0,0,0
VM,0,0,0,125.0,2,3000,0,0,0,0,0,0

APPTR,Q11-Z,11,ARSOT
IF,ARSOT,-34.760278,-58.897500, ,0.0,0.0,2,5000,0,0,0,0,1,0
TF,CN11,-34.787467,-58.732781,0, ,0.0,0.0,0.0,0.0,2,2200,0,0,0,0,1,0

FINAL,Q11-Z,11,N,4
IF,CN11,-34.787467,-58.732781,C,0.0,0.0,2,2200,0,0,0,0,0,0
CF,FN11,-34.796203,-58.683308,0,C,0.0,0.0,110.0,2.5,2,2200,0,0,0,0,2,0
CF,OC,-34.804833,-58.633444,0,C,0.0,0.0,110.0,2.5,2,1350,0,0,0,0,0,0
CF,C,-34.817056,-58.564722,0,EZE,0.0,1.5,110.0,3.4,1,299,0,0,0,0,3,0
CA,0,110.0,2,470,0,0,0,0,0,0
VM,0,0,0,125.0,2,3000,0,0,0,0,0,0

APPTR,Q35,35,EZE1
IF,EZE,-34.824056,-58.535306, ,0.0,0.0,0,0,0,0,0,0,1,0
FD,EZE,-34.824056,-58.535306,0,EZE,0.0,10.0,186.0,10.0,2,2200,0,0,0,0,0,0
CF,FN35,-34.982564,-58.471717,1,EZE,169.7,10.0,351.0,1.0,2,2200,0,0,0,0,0,0

APPTR,Q35,35,EZE2
IF,EZE,-34.824056,-58.535306, ,0.0,0.0,0,0,0,0,0,0,1,0
FD,EZE,-34.824056,-58.535306,0,EZE,0.0,10.0,182.0,10.0,2,2200,0,0,0,0,0,0
CF,FN35,-34.982564,-58.471717,1,EZE,169.7,10.0,351.0,1.0,2,2200,0,0,0,0,0,0

FINAL,Q35,35,N,3
IF,FN35,-34.982564,-58.471717,OA,0.0,0.0,2,2200,0,0,0,0,2,0
CF,OA,-34.890278,-58.506000,0,OA,0.0,0.0,351.0,5.9,2,1250,0,0,0,0,0,0
CF,MN35,-34.840153,-58.524586,0,EZE,0.0,1.1,351.0,3.2,1,263,0,0,0,0,3,0
CA,0,351.0,2,600,0,0,0,0,0,0
VI,1, ,0.0,245.0,0,0,0,0,0,0,0,0
CF,ARSOT,-34.760278,-58.897500,0,EZE,290.0,18.3,290.0,17.0,2,3000,0,0,0,0,0,0
HM,ARSOT,-34.760278,-58.897500,2, ,0.0,0.0,110.0,04.3,2,3000,0,1,210,0,0,0,0

APPTR,R11,11,ARSOT
IF,ARSOT,-34.760278,-58.897500, ,0.0,0.0,2,5000,0,1,220,0,1,0
TF,IMBOD,-34.783497,-58.750531,0, ,0.0,0.0,0.0,0.0,2,2500,0,1,180,0,1,0

FINAL,R11,11,R,3
IF,IMBOD,-34.783497,-58.750531, ,0.0,0.0,2,2500,0,1,180,0,0,0
TF,VUPAN,-34.801372,-58.651694,0, ,0.0,0.0,110.0,5.0,2,1700,0,0,0,0,2,0
TF,RW11,-34.819050,-58.553453,0, ,0.0,0.0,110.0,5.0,1,118,0,0,0,0,3,1
CA,0,110.0,2,1000,0,0,0,0,0,0
DF,NEVLO,-34.966922,-58.336358,0, ,0.0,0.0,2,3000,0,0,0,0,0,1
HM,NEVLO,-34.966922,-58.336358,2, ,0.0,0.0,16.0,04,2,3000,0,1,210,0,0,0,0

APPTR,R17,17,ARSOT
IF,ARSOT,-34.760278,-58.897500, ,0.0,0.0,2,5000,0,1,220,0,1,0
TF,EZ179,-34.753389,-58.696822,0, ,0.0,0.0,0.0,0.0,1,2800,0,0,0,0,0,0
TF,KOPRO,-34.742031,-58.639364,0, ,0.0,0.0,0.0,0.0,2,2000,0,1,180,0,0,0
TF,EZ177,-34.728828,-58.572772,0, ,0.0,0.0,0.0,0.0,2,1400,0,1,180,0,1,0

FINAL,R17,17,R,4
IF,EZ177,-34.728828,-58.572772, ,0.0,0.0,2,1400,0,1,180,0,0,0
TF,SURLI,-34.758503,-58.551214,0, ,0.0,0.0,157.0,2.1,2,1100,0,0,0,0,2,0
TF,EZ176,-34.777150,-58.544747,0, ,0.0,0.0,172.0,1.2,2,730,0,0,0,0,0,0
TF,RW17,-34.808264,-58.533947,0, ,0.0,0.0,172.0,1.9,1,113,0,0,0,0,3,1
CF,EZ175,-34.859283,-58.516219,0,EZE,163.9,2.3,172.0,3.2,0,0,0,1,210,0,0,0
TF,GESTA,-35.081111,-58.445556,0, ,0.0,0.0,0.0,0.0,0,0,0,1,210,0,0,0
TF,ARSOT,-34.760278,-58.897500,2, ,0.0,0.0,0.0,0.0,1,3000,0,1,210,0,0,1
HM,ARSOT,-34.760278,-58.897500,2, ,0.0,0.0,110.0,04,2,3000,0,1,210,0,0,0,0

APPTR,R29,29,NEVLO
IF,NEVLO,-34.966922,-58.336358, ,0.0,0.0,2,3000,0,1,220,0,1,0
TF,PAPAP,-34.860856,-58.319181,0, ,0.0,0.0,0.0,0.0,2,2500,0,1,180,0,1,0

APPTR,R29,29,UPOMA
IF,UPOMA,-34.860833,-58.214444, ,0.0,0.0,2,3000,0,1,220,0,1,0
TF,PAPAP,-34.860856,-58.319181,0, ,0.0,0.0,0.0,0.0,2,2500,0,1,180,0,1,0

FINAL,R29,29,R,3
IF,PAPAP,-34.860856,-58.319181, ,0.0,0.0,2,2500,0,1,180,0,0,0
TF,OPLOM,-34.843253,-58.418158,0, ,0.0,0.0,291.0,5.0,2,1700,0,0,0,0,2,0
TF,RW29,-34.825361,-58.518253,0, ,0.0,0.0,291.0,5.1,1,116,0,0,0,0,3,1
CF,ARSOT,-34.760278,-58.897500,0,EZE,290.0,18.3,290.0,19.1,2,3000,0,0,0,0,0,1
HM,ARSOT,-34.760278,-58.897500,2, ,0.0,0.0,110.0,04,2,3000,0,1,210,0,0,0,0

APPTR,R35,35,GESTA
IF,GESTA,-35.081111,-58.445556, ,0.0,0.0,2,5000,0,1,220,0,1,0
TF,MOSGI,-34.995061,-58.468925,0, ,0.0,0.0,0.0,0.0,2,2500,0,1,180,0,1,0

FINAL,R35,35,R,3
IF,MOSGI,-34.995061,-58.468925, ,0.0,0.0,2,2500,0,1,180,0,0,0
TF,POSRA,-34.914831,-58.496889,0, ,0.0,0.0,352.0,5.0,2,1750,0,0,0,0,2,0
TF,RW35,-34.832589,-58.525497,0, ,0.0,0.0,352.0,5.1,1,117,0,0,0,0,3,1
CF,EZ684,-34.800492,-58.536647,0,EZE,5.3,1.4,352.0,2.0,0,0,0,0,0,0,0,1
TF,ARSOT,-34.760278,-58.897500,0, ,0.0,0.0,0.0,0.0,2,3000,0,0,0,0,0,1
HM,ARSOT,-34.760278,-58.897500,2, ,0.0,0.0,110.0,04,2,3000,0,1,210,0,0,0,0

