SID,BUVE1B,17,1
CA,0,173.0,2,2370,0,0,0,0,0,0
DF,ARE,-22.168889,-49.069722,1, ,0.0,0.0,0,0,0,0,0,0,0,0
TF,BUVER,-21.824500,-49.900000,2, ,0.0,0.0,0.0,0.0,0,0,0,0,0,0,0,0

SID,BUVE1B,35,1
CA,0,353.0,2,2370,0,0,0,0,0,0
VI,0, ,0.0,283.0,0,0,0,0,0,0,0,0
CF,BUVER,-21.824500,-49.900000,0,PRR,95.5,87.6,313.0,47.0,0,0,0,0,0,0,0,0

SID,EDMO1A,17,5
CF,AE022,-22.214000,-49.042333,0,PIR,281.4,95.6,174.0,3.0,0,0,0,0,0,0,0,1
TF,EDMOX,-22.255314,-48.593547,0, ,0.0,0.0,0.0,0.0,0,0,0,0,0,0,0,0

SID,FRAU1B,17,1
CA,0,173.0,2,2370,0,0,0,0,0,0
VI,1, ,0.0,67.0,0,0,0,0,0,0,0,0
CF,FRAUD,-22.083000,-48.658667,0,PIR,285.2,73.5,97.0,19.0,0,0,0,0,0,0,0,0

SID,FRAU1B,35,1
CA,0,353.0,2,2370,0,0,0,0,0,0
VI,2, ,0.0,127.0,0,0,0,0,0,0,0,0
CF,FRAUD,-22.083000,-48.658667,0,PIR,285.2,73.5,97.0,17.0,0,0,0,0,0,0,0,0

SID,HARD1A,35,5
CF,AE016,-22.107500,-49.098333,0,PIR,285.4,98.0,354.0,3.0,0,0,0,0,0,0,0,0
TF,ENACT,-21.935000,-49.040667,0, ,0.0,0.0,0.0,0.0,0,0,0,0,0,0,0,0
TF,ENPEG,-21.760956,-49.005031,0, ,0.0,0.0,0.0,0.0,0,0,0,0,0,0,0,0
TF,HARDY,-21.655667,-48.979167,0, ,0.0,0.0,0.0,0.0,0,0,0,0,0,0,0,0

SID,LUTV1A,35,5
CF,AE016,-22.107500,-49.098333,0,PIR,285.4,98.0,354.0,3.0,0,0,0,0,0,0,0,1
TF,LUTVI,-22.299400,-50.171197,0, ,0.0,0.0,0.0,0.0,0,0,0,0,0,0,0,0

SID,MECH1A,35,5
CF,AE016,-22.107500,-49.098333,0,PIR,285.4,98.0,354.0,3.0,0,0,0,0,0,0,0,0
TF,MECHI,-22.044508,-48.992453,0, ,0.0,0.0,0.0,0.0,0,0,0,1,230,0,0,0

SID,MECH1A,EDMOX,6
IF,MECHI,-22.044508,-48.992453, ,0.0,0.0,0,0,0,1,230,0,0,0
TF,EDMOX,-22.255314,-48.593547,0, ,0.0,0.0,0.0,0.0,0,0,0,0,0,0,0,0

SID,MECH1A,FOSSE,6
IF,MECHI,-22.044508,-48.992453, ,0.0,0.0,0,0,0,1,230,0,0,0
TF,PERAU,-21.989500,-48.900167,0, ,0.0,0.0,0.0,0.0,0,0,0,0,0,0,0,0
TF,NENON,-21.834450,-48.803606,0, ,0.0,0.0,0.0,0.0,0,0,0,0,0,0,0,0
TF,FOSSE,-21.702000,-48.719667,0, ,0.0,0.0,0.0,0.0,0,0,0,0,0,0,0,0

SID,MECH1A,OBLUG,6
IF,MECHI,-22.044508,-48.992453, ,0.0,0.0,0,0,0,1,230,0,0,0
TF,AE027,-22.478753,-48.641567,0, ,0.0,0.0,0.0,0.0,0,0,0,0,0,0,0,0
TF,OBLUG,-22.609711,-48.459561,0, ,0.0,0.0,0.0,0.0,0,0,0,0,0,0,0,0

SID,MECH1A,PUMUS,6
IF,MECHI,-22.044508,-48.992453, ,0.0,0.0,0,0,0,1,230,0,0,0
TF,RIOJA,-22.100836,-48.643394,0, ,0.0,0.0,0.0,0.0,0,0,0,0,0,0,0,0
TF,PUMUS,-21.973539,-48.419939,0, ,0.0,0.0,0.0,0.0,0,0,0,0,0,0,0,0

SID,NEVK1A,35,5
CF,AE016,-22.107500,-49.098333,0,PIR,285.4,98.0,354.0,3.0,0,0,0,0,0,0,0,1
TF,NEVKU,-22.099272,-50.077653,0, ,0.0,0.0,0.0,0.0,0,0,0,0,0,0,0,0

SID,OBLU1A,17,5
CF,AE022,-22.214000,-49.042333,0,PIR,281.4,95.6,174.0,3.0,0,0,0,0,0,0,0,1
TF,AE027,-22.478753,-48.641567,0, ,0.0,0.0,0.0,0.0,0,0,0,0,0,0,0,0
TF,OBLUG,-22.609711,-48.459561,0, ,0.0,0.0,0.0,0.0,0,0,0,0,0,0,0,0

SID,OPRA1A,35,5
CF,AE016,-22.107500,-49.098333,0,PIR,285.4,98.0,354.0,3.0,0,0,0,0,0,0,0,1
TF,OPRAK,-22.314436,-49.343650,1, ,0.0,0.0,0.0,0.0,0,0,0,0,0,0,0,0

SID,OPRA1A,DEXOV,6
IF,OPRAK,-22.314436,-49.343650, ,0.0,0.0,0,0,0,0,0,0,0,0
TF,DEXOV,-22.723639,-49.832225,0, ,0.0,0.0,0.0,0.0,0,0,0,0,0,0,0,0

SID,OPRA1A,ESAVA,6
IF,OPRAK,-22.314436,-49.343650, ,0.0,0.0,0,0,0,0,0,0,0,0
TF,ESAVA,-22.948397,-49.162425,0, ,0.0,0.0,0.0,0.0,0,0,0,0,0,0,0,0

SID,ORIG1B,17,1
CA,0,173.0,2,2370,0,0,0,0,0,0
DF,ARE,-22.168889,-49.069722,1, ,0.0,0.0,0,0,0,0,0,0,0,0
TF,ORIGO,-22.030667,-50.009000,2, ,0.0,0.0,0.0,0.0,0,0,0,0,0,0,0,0

SID,ORIG1B,35,1
CA,0,353.0,2,2370,0,0,0,0,0,0
VI,0, ,0.0,268.0,0,0,0,0,0,0,0,0
CF,ORIGO,-22.030667,-50.009000,0,LON,55.3,99.4,298.0,49.0,0,0,0,0,0,0,0,0

SID,PERA1B,17,5
CF,AE022,-22.214000,-49.042333,0,PIR,281.4,95.6,174.0,3.0,0,0,0,0,0,0,0,1
TF,PERAU,-21.989500,-48.900167,1, ,0.0,0.0,0.0,0.0,0,0,0,1,260,0,0,0

SID,PERA1B,FOSSE,6
IF,PERAU,-21.989500,-48.900167, ,0.0,0.0,0,0,0,1,260,0,0,0
TF,NENON,-21.834450,-48.803606,0, ,0.0,0.0,0.0,0.0,0,0,0,0,0,0,0,0
TF,FOSSE,-21.702000,-48.719667,0, ,0.0,0.0,0.0,0.0,0,0,0,0,0,0,0,0

SID,PERA1B,HARDY,6
IF,PERAU,-21.989500,-48.900167, ,0.0,0.0,0,0,0,1,260,0,0,0
TF,ENPEG,-21.760956,-49.005031,0, ,0.0,0.0,0.0,0.0,0,0,0,0,0,0,0,0
TF,HARDY,-21.655667,-48.979167,0, ,0.0,0.0,0.0,0.0,0,0,0,0,0,0,0,0

SID,PUMU1A,17,5
CF,AE022,-22.214000,-49.042333,0,PIR,281.4,95.6,174.0,3.0,0,0,0,0,0,0,0,1
TF,RIOJA,-22.100836,-48.643394,0, ,0.0,0.0,0.0,0.0,0,0,0,0,0,0,0,0
TF,PUMUS,-21.973539,-48.419939,0, ,0.0,0.0,0.0,0.0,0,0,0,0,0,0,0,0

SID,RENA1B,17,1
CA,0,173.0,2,2370,0,0,0,0,0,0
DF,ARE,-22.168889,-49.069722,1, ,0.0,0.0,0,0,0,0,0,0,0,0
TF,RENAN,-22.261167,-50.058000,0, ,0.0,0.0,0.0,0.0,0,0,0,0,0,0,0,0

SID,RENA1B,35,1
CA,0,353.0,2,2370,0,0,0,0,0,0
VI,1, ,0.0,253.0,0,0,0,0,0,0,0,0
CF,RENAN,-22.261167,-50.058000,0,LON,59.4,87.0,283.0,50.0,0,0,0,0,0,0,0,0

SID,SERA1B,17,1
CA,0,173.0,2,2370,0,0,0,0,0,0
DF,ARE,-22.168889,-49.069722,1, ,0.0,0.0,0,0,0,0,0,0,0,0
TF,SERRA,-22.620500,-49.698333,0, ,0.0,0.0,0.0,0.0,0,0,0,0,0,0,0,0

SID,SERA1B,35,1
CA,0,353.0,2,2370,0,0,0,0,0,0
VI,1, ,0.0,222.0,0,0,0,0,0,0,0,0
CF,SERRA,-22.620500,-49.698333,0,LON,78.5,89.3,252.0,36.0,0,0,0,0,0,0,0,0

SID,SIGA1B,35,2
CA,0,353.0,2,2370,0,0,0,0,0,0
CF,SIGAK,-21.875167,-49.194833,0,PIR,293.3,103.4,358.0,18.0,0,0,0,0,0,0,0,0

SID,SIGAK1,17,2
CA,0,173.0,2,2370,0,0,0,0,0,0
CI,1, ,0.0,328.0,0,0,0,0,0,0,0,0
CF,SIGAK,-21.875167,-49.194833,0,SCB,332.1,140.3,358.0,11.0,0,0,0,0,0,0,0,0

SID,SOFI1A,17,5
CF,AE022,-22.214000,-49.042333,0,PIR,281.4,95.6,174.0,3.0,0,0,0,0,0,0,0,1
TF,SOFIA,-22.454833,-49.291833,0, ,0.0,0.0,0.0,0.0,0,0,0,0,0,0,0,0

SID,SOFI1A,DEXOV,6
IF,SOFIA,-22.454833,-49.291833, ,0.0,0.0,0,0,0,0,0,0,0,0
TF,DEXOV,-22.723639,-49.832225,0, ,0.0,0.0,0.0,0.0,0,0,0,0,0,0,0,0

SID,SOFI1A,ESAVA,6
IF,SOFIA,-22.454833,-49.291833, ,0.0,0.0,0,0,0,0,0,0,0,0
TF,ESAVA,-22.948397,-49.162425,0, ,0.0,0.0,0.0,0.0,0,0,0,0,0,0,0,0

SID,SOFI1A,LUTVI,6
IF,SOFIA,-22.454833,-49.291833, ,0.0,0.0,0,0,0,0,0,0,0,0
TF,LUTVI,-22.299400,-50.171197,0, ,0.0,0.0,0.0,0.0,0,0,0,0,0,0,0,0

SID,SOFI1A,NEVKU,6
IF,SOFIA,-22.454833,-49.291833, ,0.0,0.0,0,0,0,0,0,0,0,0
TF,NEVKU,-22.099272,-50.077653,0, ,0.0,0.0,0.0,0.0,0,0,0,0,0,0,0,0

FINAL,N17,17,N,2
IF,FF17,-22.090225,-49.100442,ARE,0.0,0.0,2,3200,0,0,0,0,2,0
CF,RW17,-22.152667,-49.074667,0,ARE,0.0,0.0,179.0,4.0,1,1977,0,0,0,0,3,0
TF,ARE,-22.168889,-49.069722,0, ,0.0,0.0,0.0,0.0,0,0,0,0,0,0,0,1
CA,0,179.0,2,3000,0,0,0,0,0,0
DF,ARE,-22.168889,-49.069722,1, ,0.0,0.0,2,4000,0,0,0,0,0,0

FINAL,N35,35,N,3
IF,FF35,-22.223247,-49.024100,ARE,0.0,0.0,2,3200,0,0,0,0,2,0
CF,EP35,-22.170536,-49.068339,0,ARE,0.0,0.0,341.0,4.0,1,2011,0,0,0,0,0,1
CF,ARE,-22.168889,-49.069722,0,ARE,0.0,0.0,341.0,0.1,2,2370,0,0,0,0,3,1
CA,0,349.0,2,3000,0,0,0,0,0,0
DF,ARE,-22.168889,-49.069722,2, ,0.0,0.0,2,4000,0,0,0,0,0,0
HM,ARE,-22.168889,-49.069722,1, ,0.0,0.0,131.0,04.3,0,0,0,0,0,0,0,0,0

APPTR,R17,17,AE001
IF,AE001,-21.912333,-49.200833, ,0.0,0.0,2,5000,0,0,0,0,1,0
TF,AE004,-22.002333,-49.153667,0, ,0.0,0.0,0.0,0.0,2,5000,0,0,0,0,1,0

APPTR,R17,17,AE003
IF,AE003,-22.013000,-49.260667, ,0.0,0.0,2,5000,0,0,0,0,1,0
TF,AE004,-22.002333,-49.153667,0, ,0.0,0.0,0.0,0.0,2,5000,0,0,0,0,1,0

APPTR,R17,17,AE014
IF,AE014,-21.930000,-49.079000, ,0.0,0.0,2,5000,0,0,0,0,1,0
TF,AE004,-22.002333,-49.153667,0, ,0.0,0.0,0.0,0.0,2,5000,0,0,0,0,1,0

FINAL,R17,17,R,3
IF,AE004,-22.002333,-49.153667, ,0.0,0.0,2,5000,0,0,0,0,0,0
TF,AE006,-22.077500,-49.114167,0, ,0.0,0.0,173.0,5.0,2,3570,0,0,0,0,2,0
TF,RW17,-22.152667,-49.074667,0, ,0.0,0.0,173.0,5.0,1,1977,0,0,0,0,3,1
VA,0,173.0,2,3000,0,0,0,0,0,0
DF,AE024,-22.344667,-48.861000,0, ,0.0,0.0,2,5000,0,0,0,0,0,1
HM,AE024,-22.344667,-48.861000,2, ,0.0,0.0,323.0,04.3,0,0,0,0,0,0,0,0,0

APPTR,R35,35,AE024
IF,AE024,-22.344667,-48.861000, ,0.0,0.0,2,5000,0,0,0,0,1,0
TF,AE023,-22.289833,-48.951333,0, ,0.0,0.0,0.0,0.0,2,5000,0,0,0,0,1,0

APPTR,R35,35,AE026
IF,AE026,-22.229667,-48.865000, ,0.0,0.0,2,5000,0,0,0,0,1,0
TF,AE023,-22.289833,-48.951333,0, ,0.0,0.0,0.0,0.0,2,5000,0,0,0,0,1,0

FINAL,R35,35,R,3
IF,AE023,-22.289833,-48.951333, ,0.0,0.0,2,5000,0,0,0,0,0,0
TF,AE012,-22.244000,-49.026500,0, ,0.0,0.0,323.0,5.0,2,3600,0,0,0,0,2,0
TF,RW35,-22.168833,-49.066000,0, ,0.0,0.0,353.0,5.0,1,2011,0,0,0,0,3,1
CA,0,353.0,2,5000,0,0,0,0,0,0
DF,AE003,-22.013000,-49.260667,0, ,0.0,0.0,2,5000,0,0,0,0,0,1
HM,AE003,-22.013000,-49.260667,2, ,0.0,0.0,103.0,04.3,0,0,0,0,0,0,0,0,0

