SID,DODM2A,24R,5
CF,DODMA,-16.277333,-49.006000,0,APO,240.1,2.5,240.0,3.0,0,0,0,0,0,0,0,0

SID,DODM2A,EGBOP,6
IF,DODMA,-16.277333,-49.006000, ,0.0,0.0,0,0,0,0,0,0,0,0
TF,ESLOS,-16.277742,-49.141483,0, ,0.0,0.0,0.0,0.0,0,0,0,1,250,0,0,0
TF,EGBOP,-15.795556,-48.925833,2, ,0.0,0.0,0.0,0.0,0,0,0,0,0,0,0,0

SID,DODM2A,GAVUV,6
IF,DODMA,-16.277333,-49.006000, ,0.0,0.0,0,0,0,0,0,0,0,0
TF,GAVUV,-16.524333,-49.670333,0, ,0.0,0.0,0.0,0.0,0,0,0,0,0,0,0,0

SID,DODM2A,GNV,6
IF,DODMA,-16.277333,-49.006000, ,0.0,0.0,0,0,0,0,0,0,0,0
TF,GNV,-16.640833,-49.211111,0, ,0.0,0.0,0.0,0.0,0,0,0,0,0,0,0,0

SID,DODM2A,ILTAS,6
IF,DODMA,-16.277333,-49.006000, ,0.0,0.0,0,0,0,0,0,0,0,0
TF,ILTAS,-16.574833,-49.680167,0, ,0.0,0.0,0.0,0.0,0,0,0,0,0,0,0,0

SID,DODM2A,KOPKO,6
IF,DODMA,-16.277333,-49.006000, ,0.0,0.0,0,0,0,0,0,0,0,0
TF,ESLOS,-16.277742,-49.141483,0, ,0.0,0.0,0.0,0.0,0,0,0,1,250,0,0,0
TF,KOPKO,-16.191289,-49.452139,0, ,0.0,0.0,0.0,0.0,0,0,0,0,0,0,0,0

SID,DODM2A,KOXUM,6
IF,DODMA,-16.277333,-49.006000, ,0.0,0.0,0,0,0,0,0,0,0,0
TF,ESLOS,-16.277742,-49.141483,0, ,0.0,0.0,0.0,0.0,0,0,0,1,250,0,0,0
TF,KOXUM,-16.341389,-49.581667,0, ,0.0,0.0,0.0,0.0,0,0,0,0,0,0,0,0

SID,DODM2A,XIXIT,6
IF,DODMA,-16.277333,-49.006000, ,0.0,0.0,0,0,0,0,0,0,0,0
TF,ESLOS,-16.277742,-49.141483,0, ,0.0,0.0,0.0,0.0,0,0,0,1,250,0,0,0
TF,XIXIT,-15.868758,-49.146783,0, ,0.0,0.0,0.0,0.0,0,0,0,0,0,0,0,0

SID,DOGP2A,06L,5
CF,DOGPI,-16.176342,-48.921033,0,APO,60.1,5.3,60.0,3.0,0,0,0,0,0,0,0,1

SID,DOGP2A,EGBOP,6
IF,DOGPI,-16.176342,-48.921033, ,0.0,0.0,0,0,0,0,0,0,0,0
TF,EGBOP,-15.795556,-48.925833,0, ,0.0,0.0,0.0,0.0,0,0,0,0,0,0,0,0

SID,DOGP2A,GAVUV,6
IF,DOGPI,-16.176342,-48.921033, ,0.0,0.0,0,0,0,0,0,0,0,0
DF,AN017,-16.194864,-49.144233,1, ,0.0,0.0,0,0,0,1,250,0,0,0
TF,GAVUV,-16.524333,-49.670333,0, ,0.0,0.0,0.0,0.0,0,0,0,0,0,0,0,0

SID,DOGP2A,GNV,6
IF,DOGPI,-16.176342,-48.921033, ,0.0,0.0,0,0,0,0,0,0,0,0
DF,AN017,-16.194864,-49.144233,1, ,0.0,0.0,0,0,0,1,250,0,0,0
TF,GNV,-16.640833,-49.211111,0, ,0.0,0.0,0.0,0.0,0,0,0,0,0,0,0,0

SID,DOGP2A,ILTAS,6
IF,DOGPI,-16.176342,-48.921033, ,0.0,0.0,0,0,0,0,0,0,0,0
DF,AN017,-16.194864,-49.144233,1, ,0.0,0.0,0,0,0,1,250,0,0,0
TF,ILTAS,-16.574833,-49.680167,0, ,0.0,0.0,0.0,0.0,0,0,0,0,0,0,0,0

SID,DOGP2A,KOPKO,6
IF,DOGPI,-16.176342,-48.921033, ,0.0,0.0,0,0,0,0,0,0,0,0
DF,AN017,-16.194864,-49.144233,1, ,0.0,0.0,0,0,0,1,250,0,0,0
TF,KOPKO,-16.191289,-49.452139,0, ,0.0,0.0,0.0,0.0,0,0,0,0,0,0,0,0

SID,DOGP2A,KOXUM,6
IF,DOGPI,-16.176342,-48.921033, ,0.0,0.0,0,0,0,0,0,0,0,0
DF,AN017,-16.194864,-49.144233,1, ,0.0,0.0,0,0,0,1,250,0,0,0
TF,KOXUM,-16.341389,-49.581667,0, ,0.0,0.0,0.0,0.0,0,0,0,0,0,0,0,0

SID,DOGP2A,TIPTU,6
IF,DOGPI,-16.176342,-48.921033, ,0.0,0.0,0,0,0,0,0,0,0,0
TF,TIPTU,-16.128833,-48.660500,0, ,0.0,0.0,0.0,0.0,0,0,0,0,0,0,0,0

SID,DOGP2A,XIXIT,6
IF,DOGPI,-16.176342,-48.921033, ,0.0,0.0,0,0,0,0,0,0,0,0
TF,XIXIT,-15.868758,-49.146783,0, ,0.0,0.0,0.0,0.0,0,0,0,0,0,0,0,0

SID,GAVU1A,06L,1
CA,0,59.0,2,4140,0,0,0,0,0,0
DF,APO,-16.245367,-48.979089,1, ,0.0,0.0,0,0,0,0,0,0,0,0
TF,GAVUV,-16.524333,-49.670333,0, ,0.0,0.0,0.0,0.0,0,0,0,0,0,0,0,0

SID,GAVU1A,24R,1
DF,APO,-16.245367,-48.979089,0, ,0.0,0.0,0,0,0,0,0,0,0,0
TF,GAVUV,-16.524333,-49.670333,0, ,0.0,0.0,0.0,0.0,0,0,0,0,0,0,0,0

SID,ILTA1A,06L,1
CA,0,59.0,2,4140,0,0,0,0,0,0
DF,APO,-16.245367,-48.979089,1, ,0.0,0.0,0,0,0,0,0,0,0,0
TF,ILTAS,-16.574833,-49.680167,0, ,0.0,0.0,0.0,0.0,0,0,0,0,0,0,0,0

SID,ILTA1A,24R,1
DF,APO,-16.245367,-48.979089,0, ,0.0,0.0,0,0,0,0,0,0,0,0
TF,ILTAS,-16.574833,-49.680167,0, ,0.0,0.0,0.0,0.0,0,0,0,0,0,0,0,0

SID,KETUL1,06L,1
CA,0,59.0,2,4140,0,0,0,0,0,0
DF,APO,-16.245367,-48.979089,1, ,0.0,0.0,0,0,0,0,0,0,0,0
TF,GOI,-16.632433,-49.215417,0, ,0.0,0.0,0.0,0.0,0,0,0,0,0,0,0,0
TF,KETUL,-17.067500,-49.132000,0, ,0.0,0.0,0.0,0.0,0,0,0,0,0,0,0,0

SID,KETUL1,24R,1
DF,APO,-16.245367,-48.979089,0, ,0.0,0.0,0,0,0,0,0,0,0,0
TF,GOI,-16.632433,-49.215417,0, ,0.0,0.0,0.0,0.0,0,0,0,0,0,0,0,0
TF,KETUL,-17.067500,-49.132000,0, ,0.0,0.0,0.0,0.0,0,0,0,0,0,0,0,0

SID,KILI1A,06L,2
CF,KILIT,-16.154453,-48.902622,0,APO,60.1,7.0,60.0,5.0,0,0,0,0,0,0,0,0

SID,KILI1A,EDNIK,3
IF,KILIT,-16.154453,-48.902622, ,0.0,0.0,0,0,0,0,0,0,0,0
AF,APO06,-16.174014,-48.882925,2,APO,73.5,7.0,60.0,0,0,0,1,250,0,0,0
CF,EDNIK,-16.033167,-48.693500,0,APO,73.5,20.8,74.0,13.8,0,0,0,0,0,0,0,0

SID,KILI1A,EGBOP,3
IF,KILIT,-16.154453,-48.902622, ,0.0,0.0,0,0,0,0,0,0,0,0
AF,APO04,-16.128978,-48.965278,1,APO,27.5,7.0,60.0,0,0,0,1,250,0,0,0
CF,EGBOP,-15.795556,-48.925833,0,APO,27.5,27.1,28.0,20.1,0,0,0,0,0,0,0,0

SID,KILI1A,KOPKO,3
IF,KILIT,-16.154453,-48.902622, ,0.0,0.0,0,0,0,0,0,0,0,0
AF,APO02,-16.231703,-49.099525,1,APO,297.7,7.0,60.0,0,0,0,1,250,0,0,0
CF,KOPKO,-16.191289,-49.452139,0,APO,297.7,27.5,298.0,20.5,0,0,0,0,0,0,0,0

SID,KILI1A,KOXUM,3
IF,KILIT,-16.154453,-48.902622, ,0.0,0.0,0,0,0,0,0,0,0,0
AF,APO01,-16.264581,-49.098722,1,APO,281.5,7.0,60.0,0,0,0,1,250,0,0,0
CF,KOXUM,-16.341389,-49.581667,0,APO,281.6,35.2,282.0,28.2,0,0,0,0,0,0,0,0

SID,KILI1A,PAJEM,3
IF,KILIT,-16.154453,-48.902622, ,0.0,0.0,0,0,0,0,0,0,0,0
AF,APO08,-16.244314,-48.857825,2,APO,110.5,7.0,60.0,0,0,0,1,250,0,0,0
CF,PAJEM,-16.241833,-48.598833,0,APO,110.5,22.0,111.0,15.0,0,0,0,0,0,0,0,0

SID,KILI1A,TIPTU,3
IF,KILIT,-16.154453,-48.902622, ,0.0,0.0,0,0,0,0,0,0,0,0
AF,APO07,-16.203961,-48.865658,2,APO,90.3,7.0,60.0,0,0,0,1,250,0,0,0
CF,TIPTU,-16.128833,-48.660500,0,APO,90.3,19.7,91.0,12.7,0,0,0,0,0,0,0,0

SID,KILI1A,XIXIT,3
IF,KILIT,-16.154453,-48.902622, ,0.0,0.0,0,0,0,0,0,0,0,0
AF,APO03,-16.137781,-49.027067,1,APO,357.7,7.0,60.0,0,0,0,1,250,0,0,0
CF,XIXIT,-15.868758,-49.146783,0,APO,357.7,24.5,358.0,17.5,0,0,0,0,0,0,0,0

SID,NEBO1A,24R,2
CF,NEBOG,-16.336239,-49.055642,0,APO,240.1,7.0,240.0,7.0,0,0,0,0,0,0,0,0

SID,NEBO1A,EDNIK,3
IF,NEBOG,-16.336239,-49.055642, ,0.0,0.0,0,0,0,0,0,0,0,0
AF,APO06,-16.174014,-48.882925,2,APO,73.5,7.0,240.0,0,0,0,1,250,0,0,0
CF,EDNIK,-16.033167,-48.693500,0,APO,73.5,20.8,74.0,13.8,0,0,0,0,0,0,0,0

SID,NEBO1A,EGBOP,3
IF,NEBOG,-16.336239,-49.055642, ,0.0,0.0,0,0,0,0,0,0,0,0
AF,APO04,-16.128978,-48.965278,2,APO,27.5,7.0,240.0,0,0,0,1,250,0,0,0
CF,EGBOP,-15.795556,-48.925833,0,APO,27.5,27.1,28.0,20.1,0,0,0,0,0,0,0,0

SID,NEBO1A,KOPKO,3
IF,NEBOG,-16.336239,-49.055642, ,0.0,0.0,0,0,0,0,0,0,0,0
AF,APO02,-16.231703,-49.099525,2,APO,297.7,7.0,240.0,0,0,0,1,250,0,0,0
CF,KOPKO,-16.191289,-49.452139,0,APO,297.7,27.5,298.0,20.5,0,0,0,0,0,0,0,0

SID,NEBO1A,KOXUM,3
IF,NEBOG,-16.336239,-49.055642, ,0.0,0.0,0,0,0,0,0,0,0,0
AF,APO01,-16.264581,-49.098722,2,APO,281.5,7.0,240.0,0,0,0,1,250,0,0,0
CF,KOXUM,-16.341389,-49.581667,0,APO,281.6,35.2,282.0,28.2,0,0,0,0,0,0,0,0

SID,NEBO1A,PAJEM,3
IF,NEBOG,-16.336239,-49.055642, ,0.0,0.0,0,0,0,0,0,0,0,0
AF,APO08,-16.244314,-48.857825,2,APO,110.5,7.0,240.0,0,0,0,1,250,0,0,0
CF,PAJEM,-16.241833,-48.598833,0,APO,110.5,22.0,111.0,15.0,0,0,0,0,0,0,0,0

SID,NEBO1A,TIPTU,3
IF,NEBOG,-16.336239,-49.055642, ,0.0,0.0,0,0,0,0,0,0,0,0
AF,APO07,-16.203961,-48.865658,2,APO,90.3,7.0,240.0,0,0,0,1,250,0,0,0
CF,TIPTU,-16.128833,-48.660500,0,APO,90.3,19.7,91.0,12.7,0,0,0,0,0,0,0,0

SID,NEBO1A,XIXIT,3
IF,NEBOG,-16.336239,-49.055642, ,0.0,0.0,0,0,0,0,0,0,0,0
AF,APO03,-16.137781,-49.027067,2,APO,357.7,7.0,240.0,0,0,0,1,250,0,0,0
CF,XIXIT,-15.868758,-49.146783,0,APO,357.7,24.5,358.0,17.5,0,0,0,0,0,0,0,0

SID,PAJE1A,24R,4
CA,0,240.0,2,4200,0,0,0,0,0,0
DF,PAJEM,-16.241833,-48.598833,2, ,0.0,0.0,0,0,0,0,0,0,0,0

SID,POVOX1,06L,1
CA,0,59.0,2,4140,0,0,0,0,0,0
DF,APO,-16.245367,-48.979089,1, ,0.0,0.0,0,0,0,0,0,0,0,0
TF,POVOX,-16.905500,-49.588333,0, ,0.0,0.0,0.0,0.0,0,0,0,0,0,0,0,0

SID,POVOX1,24R,1
DF,APO,-16.245367,-48.979089,0, ,0.0,0.0,0,0,0,0,0,0,0,0
TF,POVOX,-16.905500,-49.588333,0, ,0.0,0.0,0.0,0.0,0,0,0,0,0,0,0,0

APPTR,D06LZ,06L,APO
IF,APO,-16.245367,-48.979089, ,0.0,0.0,2,7000,0,1,240,0,1,0
FD,APO,-16.245367,-48.979089,0,APO,0.0,7.6,275.0,7.6,0,0,0,0,0,0,0,0
CF,CF06L,-16.344119,-49.062089,1,APO,240.1,7.6,60.0,1.0,2,6200,0,0,0,0,0,0

FINAL,D06LZ,06L,D,3
IF,CF06L,-16.344119,-49.062089,APO,240.1,7.6,2,6200,0,0,0,0,0,0
CF,UMROX,-16.317772,-49.039933,0,APO,240.1,5.6,60.0,2.0,2,5730,0,0,0,0,2,0
CF,RW06L,-16.238444,-48.973272,0,APO,60.1,0.5,60.0,6.1,1,3781,0,0,0,0,3,0
CA,0,60.0,2,6000,0,0,0,0,0,0
DF,APO,-16.245367,-48.979089,1, ,0.0,0.0,2,7000,0,0,0,0,0,0
HM,APO,-16.245367,-48.979089,2, ,0.0,0.0,275.0,04.3,2,7000,0,0,0,0,0,0,0

APPTR,D24RX,24R,APO
IF,APO,-16.245367,-48.979089, ,0.0,0.0,2,7000,0,1,240,0,1,0
FD,APO,-16.245367,-48.979089,0,APO,0.0,10.5,35.0,10.5,0,0,0,0,0,0,0,0
CF,CF24R,-16.108964,-48.864439,2,APO,60.1,10.5,240.0,1.0,2,6200,0,0,0,0,0,0

FINAL,D24RX,24R,D,3
IF,CF24R,-16.108964,-48.864439,APO,60.1,10.5,2,6200,0,0,0,0,0,0
CF,GUXIT,-16.143858,-48.893747,0,APO,60.1,7.8,240.0,2.7,2,5460,0,0,0,0,2,0
CF,RW24R,-16.215306,-48.953803,0,APO,60.1,2.3,240.0,5.5,1,3706,0,0,0,0,3,0
CA,0,240.0,2,6000,0,0,0,0,0,0
DF,APO,-16.245367,-48.979089,2, ,0.0,0.0,2,7000,0,0,0,0,0,0
HM,APO,-16.245367,-48.979089,1, ,0.0,0.0,35.0,04.3,2,7000,0,0,0,0,0,0,0

APPTR,I24RX,24R,APO1
IF,APO,-16.245367,-48.979089, ,0.0,0.0,2,19000,0,1,300,0,1,0
FD,APO,-16.245367,-48.979089,0,APO,0.0,22.2,33.0,22.2,2,8000,0,0,0,0,0,0
CF,D060V,-15.956903,-48.736869,2,APO,60.1,22.2,240.0,1.0,2,8000,0,0,0,0,0,0
CF,CI24R,-16.102467,-48.858986,0,IAN,60.1,10.7,240.0,11.2,2,6200,0,0,0,0,0,0

APPTR,I24RX,24R,APO2
IF,APO,-16.245367,-48.979089, ,0.0,0.0,2,7000,0,1,255,0,1,0
FD,APO,-16.245367,-48.979089,0,APO,0.0,11.0,33.0,11.0,2,6200,0,0,0,0,0,0
CF,CI24R,-16.102467,-48.858986,2,IAN,60.1,10.7,240.0,1.0,2,6200,0,0,0,0,0,0

FINAL,I24RX,24R,I,3
IF,CI24R,-16.102467,-48.858986,IAN,60.1,10.7,2,6200,0,0,0,0,0,0
CF,GUXIT,-16.143858,-48.893747,0,IAN,60.1,7.5,240.0,3.2,1,5230,0,0,0,0,2,0
CF,RW24R,-16.215306,-48.953803,0,IAN,60.1,2.0,240.0,5.5,1,3706,0,0,0,0,3,0
CA,0,240.0,2,6000,0,0,0,0,0,0
DF,APO,-16.245367,-48.979089,2, ,0.0,0.0,2,7000,0,0,0,0,0,0
HM,APO,-16.245367,-48.979089,1, ,0.0,0.0,33.0,04.3,2,7000,0,0,0,0,0,0,0

APPTR,I24RZ,24R,AN007
IF,AN007,-16.118278,-48.746444, ,0.0,0.0,2,7000,0,0,0,0,1,0
TF,AN011,-16.085417,-48.844611,0,IAN,0.0,0.0,0.0,0.0,2,5300,0,0,0,0,1,0

APPTR,I24RZ,24R,AN008
IF,AN008,-16.020444,-48.790056, ,0.0,0.0,2,7000,0,0,0,0,1,0
TF,AN011,-16.085417,-48.844611,0,IAN,0.0,0.0,0.0,0.0,2,5300,0,0,0,0,1,0

APPTR,I24RZ,24R,AN009
IF,AN009,-15.999250,-48.897889, ,0.0,0.0,2,7000,0,0,0,0,1,0
TF,AN011,-16.085417,-48.844611,0,IAN,0.0,0.0,0.0,0.0,2,5300,0,0,0,0,1,0

FINAL,I24RZ,24R,I,3
IF,AN011,-16.085417,-48.844611,IAN,60.1,12.0,2,5300,0,0,0,0,0,0
CF,GUXIT,-16.143858,-48.893747,0,IAN,60.1,7.5,240.0,4.5,1,5230,0,0,0,0,2,0
CF,RW24R,-16.215306,-48.953803,0,IAN,60.1,2.0,240.0,5.5,1,3706,0,0,0,0,3,1
TF,AN002,-16.433194,-49.137333,0, ,0.0,0.0,0.0,0.0,2,7000,0,0,0,0,0,1
HM,AN002,-16.433194,-49.137333,2, ,0.0,0.0,60.0,04.3,2,7000,0,0,0,0,0,0,0

APPTR,R06LZ,06L,AN001
IF,AN001,-16.335333,-49.180833, ,0.0,0.0,2,7000,0,0,0,0,1,0
TF,AN004,-16.368333,-49.082667,0, ,0.0,0.0,0.0,0.0,2,5400,0,0,0,0,1,0

APPTR,R06LZ,06L,AN002
IF,AN002,-16.433194,-49.137333, ,0.0,0.0,2,7000,0,0,0,0,1,0
TF,AN004,-16.368333,-49.082667,0, ,0.0,0.0,0.0,0.0,2,5400,0,0,0,0,1,0

APPTR,R06LZ,06L,AN003
IF,AN003,-16.454500,-49.029167, ,0.0,0.0,2,7000,0,0,0,0,1,0
TF,AN004,-16.368333,-49.082667,0, ,0.0,0.0,0.0,0.0,2,5400,0,0,0,0,1,0

FINAL,R06LZ,06L,R,3
IF,AN004,-16.368333,-49.082667, ,0.0,0.0,2,5400,0,0,0,0,0,0
TF,AN006,-16.303333,-49.028000,0, ,0.0,0.0,60.0,5.0,1,5380,0,0,0,0,2,0
TF,RW06L,-16.238444,-48.973272,0, ,0.0,0.0,60.0,5.0,1,3781,0,0,0,0,3,1
TF,AN008,-16.020444,-48.790056,0, ,0.0,0.0,0.0,0.0,2,7000,0,0,0,0,0,1
HM,AN008,-16.020444,-48.790056,2, ,0.0,0.0,60.0,04.3,2,7000,0,0,0,0,0,0,0

APPTR,R24RY,24R,AN007
IF,AN007,-16.118278,-48.746444, ,0.0,0.0,2,7000,0,0,0,0,1,0
TF,AN011,-16.085417,-48.844611,0, ,0.0,0.0,0.0,0.0,2,5400,0,0,0,0,1,0

APPTR,R24RY,24R,AN008
IF,AN008,-16.020444,-48.790056, ,0.0,0.0,2,7000,0,0,0,0,1,0
TF,AN011,-16.085417,-48.844611,0, ,0.0,0.0,0.0,0.0,2,5400,0,0,0,0,1,0

APPTR,R24RY,24R,AN009
IF,AN009,-15.999250,-48.897889, ,0.0,0.0,2,7000,0,0,0,0,1,0
TF,AN011,-16.085417,-48.844611,0, ,0.0,0.0,0.0,0.0,2,5400,0,0,0,0,1,0

FINAL,R24RY,24R,R,3
IF,AN011,-16.085417,-48.844611, ,0.0,0.0,2,5400,0,0,0,0,0,0
TF,AN016,-16.150364,-48.899194,0, ,0.0,0.0,240.0,5.0,1,5300,0,0,0,0,2,0
TF,RW24R,-16.215306,-48.953803,0, ,0.0,0.0,240.0,5.0,1,3706,0,0,0,0,3,1
TF,AN002,-16.433194,-49.137333,0, ,0.0,0.0,0.0,0.0,2,7000,0,0,0,0,0,1
HM,AN002,-16.433194,-49.137333,2, ,0.0,0.0,60.0,04.3,2,7000,0,0,0,0,0,0,0

