SID,OMNI,04,1
VA,0,36.0,2,2800,0,0,0,0,0,0
VM,0,0,0,36.0,0,0,0,0,0,0,0,0

SID,OMNI,22,1
VA,0,216.0,2,2800,0,0,0,0,0,0
VM,0,0,0,216.0,0,0,0,0,0,0,0,0

APPTR,N04-Z,04,ATF
IF,ATF,-9.870500,-56.101500, ,0.0,0.0,2,3000,0,0,0,0,0,0
FC,ATF,-9.870500,-56.101500,0,ATF,0.0,0.0,251.0,7.0,0,0,0,0,0,0,0,1
CF,FN04,-9.938272,-56.140964,1,ATF,225.1,4.7,48.0,2.3,2,2300,0,0,0,0,0,0

FINAL,N04-Z,04,N,3
IF,FN04,-9.938272,-56.140964,ATF,0.0,0.0,2,2300,0,0,0,0,2,0
CF,EP04,-9.878983,-56.106439,0,ATF,0.0,0.0,48.0,4.1,1,998,0,0,0,0,0,1
CF,ATF,-9.870500,-56.101500,0,ATF,0.0,0.0,48.0,0.6,2,1350,0,0,0,0,3,1
CA,0,49.0,2,3000,0,0,0,0,0,0

APPTR,N22-Z,22,ATF
IF,ATF,-9.870500,-56.101500, ,0.0,0.0,2,3000,0,0,0,0,0,0
FC,ATF,-9.870500,-56.101500,0,ATF,0.0,0.0,40.0,8.8,0,0,0,0,0,0,0,1
CF,FN22,-9.787458,-56.095644,1,ATF,24.5,4.9,202.0,3.8,2,2300,0,0,0,0,0,0

FINAL,N22-Z,22,N,2
IF,FN22,-9.787458,-56.095644,ATF,0.0,0.0,2,2300,0,0,0,0,2,0
CF,RW22,-9.855556,-56.102778,0,ATF,0.0,0.0,202.0,4.1,1,998,0,0,0,0,3,0
CF,ATF,-9.870500,-56.101500,0,ATF,140.0,0.2,202.0,1.0,0,0,0,0,0,0,0,1
CA,0,202.0,2,3000,0,0,0,0,0,0

APPTR,S04-Z,04,ATF
IF,ATF,-9.868361,-56.104950, ,0.0,0.0,2,3000,0,0,0,0,0,0
FC,ATF,-9.868361,-56.104950,0,ATF,0.0,0.0,241.0,7.0,0,0,0,0,0,0,0,1
CF,FF04,-9.941450,-56.133247,1,ATF,219.0,4.7,39.0,2.3,2,2300,0,0,0,0,0,0

FINAL,S04-Z,04,D,2
IF,FF04,-9.941450,-56.133247,ATF,219.0,4.7,2,2300,0,0,0,0,2,0
CF,RW04,-9.877050,-56.109819,0,ATF,227.1,0.6,39.0,4.1,1,998,0,0,0,0,3,0
CF,ATF,-9.868361,-56.104950,0,ATF,0.0,0.0,39.0,0.6,0,0,0,0,0,0,0,1
CA,0,39.0,2,3000,0,0,0,0,0,0

APPTR,S22-Z,22,ATF
IF,ATF,-9.868361,-56.104950, ,0.0,0.0,2,3000,0,0,0,0,0,0
FC,ATF,-9.868361,-56.104950,0,ATF,0.0,0.0,48.0,8.8,0,0,0,0,0,0,0,1
CF,FF22,-9.788706,-56.087881,1,ATF,30.0,4.9,210.0,3.9,2,2300,0,0,0,0,0,0

FINAL,S22-Z,22,D,2
IF,FF22,-9.788706,-56.087881,ATF,30.0,4.9,2,2300,0,0,0,0,2,0
CF,RW22,-9.855556,-56.102778,0,ATF,27.6,0.8,210.0,4.1,1,998,0,0,0,0,3,0
CF,ATF,-9.868361,-56.104950,0,ATF,0.0,0.0,210.0,0.8,0,0,0,0,0,0,0,1
CA,0,210.0,2,3000,0,0,0,0,0,0

