SID,AKPI1A,24,2
CA,0,240.0,2,1500,0,1,210,0,0,0
DF,BGE,-31.390714,-54.109717,2, ,0.0,0.0,0,0,0,1,210,0,0,0
TF,AKPIG,-31.194231,-53.680900,1, ,0.0,0.0,0.0,0.0,0,0,0,0,0,0,0,0

SID,AKPI1B,06,2
CA,0,60.0,2,1500,0,0,0,0,0,0
VI,0, ,0.0,106.0,0,0,0,0,0,0,0,0
IF,BGE,-31.390714,-54.109717, ,0.0,0.0,0,0,0,0,0,0,0,0
TF,AKPIG,-31.194231,-53.680900,0, ,0.0,0.0,0.0,0.0,0,0,0,0,0,0,0,0

SID,ISAL1A,24,2
CA,0,240.0,2,1500,0,0,0,0,0,0
CF,ISALA,-31.676167,-54.446333,0,PTS,284.8,108.5,239.0,23.0,0,0,0,0,0,0,0,0

SID,ISAL1B,06,2
CA,0,60.0,2,1500,0,0,0,0,0,0
DF,BGE,-31.390714,-54.109717,1, ,0.0,0.0,0,0,0,1,210,0,0,0
TF,ISALA,-31.676167,-54.446333,0, ,0.0,0.0,0.0,0.0,0,0,0,0,0,0,0,0

SID,TULI1A,24,2
CA,0,240.0,2,1500,0,0,0,0,0,0
CF,TULIO,-31.539833,-54.500167,0,PTS,288.9,111.8,260.0,21.0,0,0,0,0,0,0,0,0

SID,TULI1B,06,2
CA,0,60.0,2,1500,0,0,0,0,0,0
DF,BGE,-31.390714,-54.109717,1, ,0.0,0.0,0,0,0,1,210,0,0,0
TF,TULIO,-31.539833,-54.500167,0, ,0.0,0.0,0.0,0.0,0,0,0,0,0,0,0,0

SID,URG1A,24,2
CA,0,240.0,2,1500,0,0,0,0,0,0
VI,2, ,0.0,360.0,0,0,0,0,0,0,0,0
IF,BGE,-31.390714,-54.109717, ,0.0,0.0,0,0,0,0,0,0,0,0
TF,URG,-29.786014,-57.036586,0, ,0.0,0.0,0.0,0.0,0,0,0,0,0,0,0,0

SID,URG1B,06,2
CA,0,60.0,2,1500,0,0,0,0,0,0
VI,1, ,0.0,260.0,0,0,0,0,0,0,0,0
IF,BGE,-31.390714,-54.109717, ,0.0,0.0,0,0,0,0,0,0,0,0
TF,URG,-29.786014,-57.036586,0, ,0.0,0.0,0.0,0.0,0,0,0,0,0,0,0,0

SID,UTBO1A,24,2
CA,0,240.0,2,1500,0,1,210,0,0,0
DF,BGE,-31.390714,-54.109717,2, ,0.0,0.0,0,0,0,1,210,0,0,0
TF,UTBOP,-31.480931,-53.634194,0, ,0.0,0.0,0.0,0.0,0,0,0,0,0,0,0,0
TF,PTS,-31.718883,-52.327447,0, ,0.0,0.0,0.0,0.0,0,0,0,0,0,0,0,0

SID,UTBO1B,06,2
CA,0,60.0,2,1500,0,0,0,0,0,0
VI,0, ,0.0,150.0,0,0,0,0,0,0,0,0
IF,BGE,-31.390714,-54.109717, ,0.0,0.0,0,0,0,0,0,0,0,0
TF,UTBOP,-31.480931,-53.634194,0, ,0.0,0.0,0.0,0.0,0,0,0,1,210,0,0,0
TF,PTS,-31.718883,-52.327447,0, ,0.0,0.0,0.0,0.0,0,0,0,0,0,0,0,0

SID,YOTA1A,24,2
CA,0,240.0,2,1500,0,1,210,0,0,0
DF,BGE,-31.390714,-54.109717,2, ,0.0,0.0,0,0,0,1,210,0,0,0
CF,YOTAL,-30.981689,-54.011814,1,SMA,206.5,77.7,26.0,25.0,0,0,0,0,0,0,0,0
TF,SMA,-29.709761,-53.712744,0, ,0.0,0.0,0.0,0.0,0,0,0,0,0,0,0,0

SID,YOTA1B,06,2
CA,0,60.0,2,1500,0,0,0,0,0,0
VI,0, ,0.0,356.0,0,0,0,0,0,0,0,0
IF,BGE,-31.390714,-54.109717, ,0.0,0.0,0,0,0,0,0,0,0,0
TF,YOTAL,-30.981689,-54.011814,0, ,0.0,0.0,0.0,0.0,0,0,0,0,0,0,0,0
TF,SMA,-29.709761,-53.712744,0, ,0.0,0.0,0.0,0.0,0,0,0,0,0,0,0,0

APPTR,R06,06,BG008
IF,BG008,-31.570986,-54.191111, ,0.0,0.0,2,4000,0,0,0,0,1,0
TF,BG007,-31.510656,-54.258542,0, ,0.0,0.0,0.0,0.0,2,2700,0,0,0,0,1,0

APPTR,R06,06,BG011
IF,BG011,-31.568367,-54.329025, ,0.0,0.0,2,4000,0,0,0,0,1,0
TF,BG007,-31.510656,-54.258542,0, ,0.0,0.0,0.0,0.0,2,2700,0,0,0,0,1,0

APPTR,R06,06,BG012
IF,BG012,-31.450289,-54.325883, ,0.0,0.0,2,4000,0,0,0,0,1,0
TF,BG007,-31.510656,-54.258542,0, ,0.0,0.0,0.0,0.0,2,2700,0,0,0,0,1,0

FINAL,R06,06,R,3
IF,BG007,-31.510656,-54.258542, ,0.0,0.0,2,2700,0,0,0,0,0,0
TF,BG009,-31.452944,-54.188100,0, ,0.0,0.0,60.0,5.0,2,2200,0,0,0,0,2,0
TF,RW06,-31.395194,-54.117744,0, ,0.0,0.0,60.0,5.0,1,638,0,0,0,0,3,1
CA,0,60.0,2,1400,0,0,0,0,0,0
DF,BG008,-31.570986,-54.191111,2, ,0.0,0.0,2,4000,0,0,0,0,0,1
HM,BG008,-31.570986,-54.191111,1, ,0.0,0.0,330.0,04.3,2,4000,0,0,0,0,0,0,0

APPTR,R24,24,BG001
IF,BG001,-31.330414,-53.898525, ,0.0,0.0,2,4000,0,0,0,0,1,0
TF,BG003,-31.270203,-53.965928,0, ,0.0,0.0,0.0,0.0,2,2700,0,0,0,0,1,0

APPTR,R24,24,BG004
IF,BG004,-31.212328,-53.895844, ,0.0,0.0,2,4000,0,0,0,0,1,0
TF,BG003,-31.270203,-53.965928,0, ,0.0,0.0,0.0,0.0,2,2700,0,0,0,0,1,0

APPTR,R24,24,BG006
IF,BG006,-31.209956,-54.033247, ,0.0,0.0,2,4000,0,0,0,0,1,0
TF,BG003,-31.270203,-53.965928,0, ,0.0,0.0,0.0,0.0,2,2700,0,0,0,0,1,0

FINAL,R24,24,R,3
IF,BG003,-31.270203,-53.965928, ,0.0,0.0,2,2700,0,0,0,0,0,0
TF,BG002,-31.328036,-54.036097,0, ,0.0,0.0,240.0,5.0,2,2200,0,0,0,0,2,0
TF,RW24,-31.385833,-54.106353,0, ,0.0,0.0,240.0,5.0,1,644,0,0,0,0,3,1
CA,0,240.0,2,1600,0,0,0,0,0,0
DF,BG006,-31.209956,-54.033247,2, ,0.0,0.0,2,4000,0,0,0,0,0,1
HM,BG006,-31.209956,-54.033247,1, ,0.0,0.0,151.0,04.3,2,4000,0,0,0,0,0,0,0

FINAL,V06-Z,06,D,2
IF,FF06,-31.444944,-54.177658,BGE,239.0,4.8,2,2000,0,0,0,0,2,0
CF,RW06,-31.395194,-54.117744,0,BGE,248.3,0.5,59.0,4.3,1,638,0,0,0,0,3,0
TF,BGE,-31.390714,-54.109717,0, ,0.0,0.0,59.0,0.0,0,0,0,0,0,0,0,0
CA,0,59.0,2,3000,0,0,0,0,0,0

FINAL,V24,24,D,2
IF,FF24,-31.318894,-54.042069,BGE,51.0,5.5,2,2300,0,0,0,0,2,0
CF,RW24,-31.385833,-54.106353,0,BGE,43.7,0.3,231.0,5.2,1,644,0,0,0,0,3,0
TF,BGE,-31.390714,-54.109717,0, ,0.0,0.0,231.0,0.0,0,0,0,0,0,0,0,0
CA,0,231.0,2,3000,0,0,0,0,0,0

