SID,ANPA1A,29L,2
VA,0,288.0,2,4200,0,0,0,0,0,0
CF,SAVGO,-15.886922,-48.037853,0,VJK,282.6,8.1,282.0,6.0,0,0,0,0,0,0,0,0
AF,VJK07,-15.732386,-47.926367,2,VJK,11.2,8.1,282.0,0,0,0,0,0,0,0,0
AF,VJK06,-15.750678,-47.825997,2,VJK,54.2,8.1,11.0,0,0,0,0,0,0,0,0
TF,UKENA,-15.676228,-47.777742,0, ,0.0,0.0,0.0,0.0,3,7000,0,0,0,0,0,0
TF,ANPAX,-15.584269,-47.718194,0, ,0.0,0.0,0.0,0.0,0,0,0,0,0,0,0,0

SID,ANPA1A,FSA,3
IF,ANPAX,-15.584269,-47.718194, ,0.0,0.0,0,0,0,0,0,0,0,0
TF,FSA,-15.555700,-47.346767,0, ,0.0,0.0,0.0,0.0,0,0,0,0,0,0,0,0

SID,ANPA1A,KOLDA,3
IF,ANPAX,-15.584269,-47.718194, ,0.0,0.0,0,0,0,0,0,0,0,0
TF,FSA,-15.555700,-47.346767,0, ,0.0,0.0,0.0,0.0,0,0,0,0,0,0,0,0
TF,KOLDA,-15.436500,-47.140167,0, ,0.0,0.0,0.0,0.0,0,0,0,0,0,0,0,0

SID,ANPA1A,ORATE,3
IF,ANPAX,-15.584269,-47.718194, ,0.0,0.0,0,0,0,0,0,0,0,0
TF,FSA,-15.555700,-47.346767,0, ,0.0,0.0,0.0,0.0,0,0,0,0,0,0,0,0
TF,ORATE,-15.110833,-46.643833,0, ,0.0,0.0,0.0,0.0,0,0,0,0,0,0,0,0

SID,ANPA1A,PANOK,3
IF,ANPAX,-15.584269,-47.718194, ,0.0,0.0,0,0,0,0,0,0,0,0
TF,PANOK,-15.162667,-47.446000,0, ,0.0,0.0,0.0,0.0,0,0,0,0,0,0,0,0

SID,ESBU3A,11L,5
CF,KOTVU,-15.850472,-47.725222,0,FSA,253.2,28.1,108.0,10.1,3,9000,0,0,0,0,0,0
TF,ESBUX,-15.676500,-47.809833,1, ,0.0,0.0,0.0,0.0,3,10000,0,0,0,0,0,0

SID,ESBU3A,DOLVI,6
IF,ESBUX,-15.676500,-47.809833, ,0.0,0.0,3,10000,0,0,0,0,0,0
TF,DOLVI,-13.664000,-49.035333,0, ,0.0,0.0,0.0,0.0,0,0,0,0,0,0,0,0

SID,ESBU3A,DOMLI,6
IF,ESBUX,-15.676500,-47.809833, ,0.0,0.0,3,10000,0,0,0,0,0,0
TF,DOMLI,-15.015167,-47.764833,0, ,0.0,0.0,0.0,0.0,0,0,0,0,0,0,0,0

SID,ESBU3A,DOTKA,6
IF,ESBUX,-15.676500,-47.809833, ,0.0,0.0,3,10000,0,0,0,0,0,0
TF,DOTKA,-14.764333,-47.957833,0, ,0.0,0.0,0.0,0.0,0,0,0,0,0,0,0,0

SID,ESBU3A,FLINT,6
IF,ESBUX,-15.676500,-47.809833, ,0.0,0.0,3,10000,0,0,0,0,0,0
TF,ILSUL,-15.153167,-47.658833,0, ,0.0,0.0,0.0,0.0,0,0,0,0,0,0,0,0
TF,FLINT,-14.670333,-47.416500,0, ,0.0,0.0,0.0,0.0,0,0,0,0,0,0,0,0

SID,ESBU3A,GIGTI,6
IF,ESBUX,-15.676500,-47.809833, ,0.0,0.0,3,10000,0,0,0,0,0,0
TF,GIGTI,-14.698375,-48.561672,0, ,0.0,0.0,0.0,0.0,0,0,0,0,0,0,0,0

SID,ESBU3A,ILSUL,6
IF,ESBUX,-15.676500,-47.809833, ,0.0,0.0,3,10000,0,0,0,0,0,0
TF,ILSUL,-15.153167,-47.658833,0, ,0.0,0.0,0.0,0.0,0,0,0,0,0,0,0,0

SID,ESBU3A,KOGDI,6
IF,ESBUX,-15.676500,-47.809833, ,0.0,0.0,3,10000,0,0,0,0,0,0
TF,KOGDI,-15.671333,-48.946667,0, ,0.0,0.0,0.0,0.0,0,0,0,0,0,0,0,0

SID,ESBU3A,KOGLI,6
IF,ESBUX,-15.676500,-47.809833, ,0.0,0.0,3,10000,0,0,0,0,0,0
TF,KOGLI,-14.965000,-48.077167,0, ,0.0,0.0,0.0,0.0,0,0,0,0,0,0,0,0

SID,ESBU3A,PAPES,6
IF,ESBUX,-15.676500,-47.809833, ,0.0,0.0,3,10000,0,0,0,0,0,0
TF,KOGDI,-15.671333,-48.946667,0, ,0.0,0.0,0.0,0.0,0,0,0,0,0,0,0,0
TF,PAPES,-14.491339,-49.948900,0, ,0.0,0.0,0.0,0.0,0,0,0,0,0,0,0,0

SID,FSA2A,11L,2
CA,0,108.0,2,4100,0,0,0,0,0,0
CF,KOTVU,-15.850472,-47.725222,0,VJK,107.1,10.2,107.0,10.0,3,9000,0,0,0,0,0,0
TF,FSA,-15.555700,-47.346767,0, ,0.0,0.0,0.0,0.0,0,0,0,0,0,0,0,0

SID,FSA2A,KOLDA,3
IF,FSA,-15.555700,-47.346767, ,0.0,0.0,0,0,0,0,0,0,0,0
TF,KOLDA,-15.436500,-47.140167,0, ,0.0,0.0,0.0,0.0,0,0,0,0,0,0,0,0

SID,FSA2A,ORATE,3
IF,FSA,-15.555700,-47.346767, ,0.0,0.0,0,0,0,0,0,0,0,0
TF,ORATE,-15.110833,-46.643833,0, ,0.0,0.0,0.0,0.0,0,0,0,0,0,0,0,0

SID,FSA2B,11R,2
VA,0,108.0,2,4100,0,0,0,0,0,0
CF,KOTVU,-15.850472,-47.725222,0,VJK,107.1,10.2,107.0,10.0,3,9000,0,0,0,0,0,0
TF,FSA,-15.555700,-47.346767,0, ,0.0,0.0,0.0,0.0,0,0,0,0,0,0,0,0

SID,FSA2B,KOLDA,3
IF,FSA,-15.555700,-47.346767, ,0.0,0.0,0,0,0,0,0,0,0,0
TF,KOLDA,-15.436500,-47.140167,0, ,0.0,0.0,0.0,0.0,0,0,0,0,0,0,0,0

SID,FSA2B,ORATE,3
IF,FSA,-15.555700,-47.346767, ,0.0,0.0,0,0,0,0,0,0,0,0
TF,ORATE,-15.110833,-46.643833,0, ,0.0,0.0,0.0,0.0,0,0,0,0,0,0,0,0

SID,GAXO1A,29L,5
CA,0,287.0,2,4200,0,0,0,0,0,0
DF,GAXON,-16.077500,-47.964833,1, ,0.0,0.0,3,10000,0,0,0,0,0,0

SID,GAXO1A,EDMIN,6
IF,GAXON,-16.077500,-47.964833, ,0.0,0.0,3,10000,0,0,0,0,0,0
TF,IRULA,-16.775500,-48.084167,0, ,0.0,0.0,0.0,0.0,0,0,0,0,0,0,0,0
TF,EDMIN,-18.674956,-48.620697,0, ,0.0,0.0,0.0,0.0,0,0,0,0,0,0,0,0

SID,GAXO1A,MAVNI,6
IF,GAXON,-16.077500,-47.964833, ,0.0,0.0,3,10000,0,0,0,0,0,0
TF,BODIT,-16.760444,-47.851100,0, ,0.0,0.0,0.0,0.0,0,0,0,0,0,0,0,0
TF,MAVNI,-17.489667,-47.414833,0, ,0.0,0.0,0.0,0.0,0,0,0,0,0,0,0,0

SID,GAXO1A,MUGIS,6
IF,GAXON,-16.077500,-47.964833, ,0.0,0.0,3,10000,0,0,0,0,0,0
TF,KODNA,-16.593667,-47.442167,0, ,0.0,0.0,0.0,0.0,0,0,0,0,0,0,0,0
TF,MUGIS,-17.020167,-47.148000,0, ,0.0,0.0,0.0,0.0,0,0,0,0,0,0,0,0

SID,GAXO1A,NIMKI,6
IF,GAXON,-16.077500,-47.964833, ,0.0,0.0,3,10000,0,0,0,0,0,0
TF,ISOPI,-16.659500,-47.542167,0, ,0.0,0.0,0.0,0.0,0,0,0,0,0,0,0,0
TF,NIMKI,-17.388167,-47.094000,0, ,0.0,0.0,0.0,0.0,0,0,0,0,0,0,0,0

SID,GAXO1A,ROMIK,6
IF,GAXON,-16.077500,-47.964833, ,0.0,0.0,3,10000,0,0,0,0,0,0
TF,BR022,-16.384378,-48.284000,0, ,0.0,0.0,0.0,0.0,0,0,0,0,0,0,0,0
TF,PUPNO,-16.434639,-48.393631,0, ,0.0,0.0,0.0,0.0,3,18000,0,0,0,0,0,0
TF,SIREM,-16.550167,-48.646333,0, ,0.0,0.0,0.0,0.0,0,0,0,0,0,0,0,0
TF,ROMIK,-17.220333,-48.718833,0, ,0.0,0.0,0.0,0.0,0,0,0,0,0,0,0,0

SID,GAXO1A,SIREM,6
IF,GAXON,-16.077500,-47.964833, ,0.0,0.0,3,10000,0,0,0,0,0,0
TF,BR022,-16.384378,-48.284000,0, ,0.0,0.0,0.0,0.0,0,0,0,0,0,0,0,0
TF,PUPNO,-16.434639,-48.393631,0, ,0.0,0.0,0.0,0.0,3,18000,0,0,0,0,0,0
TF,SIREM,-16.550167,-48.646333,0, ,0.0,0.0,0.0,0.0,0,0,0,0,0,0,0,0

SID,IRIT1A,11L,2
VA,0,108.0,2,4100,0,0,0,0,0,0
VI,0, ,0.0,195.0,0,0,0,0,0,0,0,0
CF,IRITU,-16.080731,-47.889031,0,LUZ,42.8,11.8,225.0,5.0,3,9000,0,0,0,0,0,0
TF,LUZ,-16.260833,-47.971000,0, ,0.0,0.0,0.0,0.0,0,0,0,0,0,0,0,0

SID,IRIT1A,ISOPI,3
IF,LUZ,-16.260833,-47.971000, ,0.0,0.0,0,0,0,0,0,0,0,0
TF,ISOPI,-16.659500,-47.542167,0, ,0.0,0.0,0.0,0.0,0,0,0,0,0,0,0,0

SID,IRIT1A,OPRAX,3
IF,LUZ,-16.260833,-47.971000, ,0.0,0.0,0,0,0,0,0,0,0,0
TF,OPRAX,-16.742167,-48.299000,0, ,0.0,0.0,0.0,0.0,0,0,0,0,0,0,0,0

SID,KIAC1A,29R,5
CA,0,288.0,2,4200,0,0,0,0,0,0
DF,GAXON,-16.077500,-47.964833,0, ,0.0,0.0,3,10000,0,0,0,0,0,0
TF,KIACA,-16.067569,-47.809392,1, ,0.0,0.0,0.0,0.0,0,0,0,0,0,0,0,0
TF,BR052,-16.058167,-47.663806,0, ,0.0,0.0,0.0,0.0,2,11000,0,0,0,0,0,0
TF,OPROK,-16.049097,-47.525911,0, ,0.0,0.0,0.0,0.0,0,0,0,0,0,0,0,0

SID,KIAC1A,FSA,6
IF,OPROK,-16.049097,-47.525911, ,0.0,0.0,0,0,0,0,0,0,0,0
TF,FSA,-15.555700,-47.346767,0, ,0.0,0.0,0.0,0.0,0,0,0,0,0,0,0,0

SID,KIAC1A,KOLDA,6
IF,OPROK,-16.049097,-47.525911, ,0.0,0.0,0,0,0,0,0,0,0,0
TF,FSA,-15.555700,-47.346767,0, ,0.0,0.0,0.0,0.0,0,0,0,0,0,0,0,0
TF,KOLDA,-15.436500,-47.140167,0, ,0.0,0.0,0.0,0.0,0,0,0,0,0,0,0,0

SID,KIAC1A,SELDI,6
IF,OPROK,-16.049097,-47.525911, ,0.0,0.0,0,0,0,0,0,0,0,0
TF,SIGER,-16.209833,-46.949333,0, ,0.0,0.0,0.0,0.0,0,0,0,0,0,0,0,0
TF,SELDI,-15.603833,-46.364833,0, ,0.0,0.0,0.0,0.0,0,0,0,0,0,0,0,0

SID,KIAC1A,SIGER,6
IF,OPROK,-16.049097,-47.525911, ,0.0,0.0,0,0,0,0,0,0,0,0
TF,SIGER,-16.209833,-46.949333,0, ,0.0,0.0,0.0,0.0,0,0,0,0,0,0,0,0

SID,KOGL1A,29L,2
CA,0,287.0,2,3900,0,0,0,0,0,0
DF,BSI,-15.871903,-48.021922,0, ,0.0,0.0,0,0,0,0,0,0,0,1
TF,BSI05,-15.673519,-48.033922,2, ,0.0,0.0,0.0,0.0,3,9000,0,1,210,0,0,0
TF,KOGLI,-14.965000,-48.077167,0, ,0.0,0.0,0.0,0.0,0,0,0,0,0,0,0,0

SID,KOGL1A,29R,2
CA,0,287.0,2,3900,0,0,0,0,0,0
DF,BSI,-15.871903,-48.021922,0, ,0.0,0.0,0,0,0,0,0,0,0,1
TF,BSI05,-15.673519,-48.033922,2, ,0.0,0.0,0.0,0.0,3,9000,0,1,210,0,0,0
TF,KOGLI,-14.965000,-48.077167,0, ,0.0,0.0,0.0,0.0,0,0,0,0,0,0,0,0

SID,KOGL1B,29R,2
VA,0,288.0,2,4200,0,0,0,0,0,0
CF,URERA,-15.869581,-48.021136,0,VJK,289.8,7.0,289.0,5.4,0,0,0,0,0,0,0,0
AF,VJK09,-15.749942,-47.922906,2,VJK,11.2,7.0,289.0,0,0,0,0,0,0,0,0
TF,LIXEM,-15.674967,-47.937692,0, ,0.0,0.0,0.0,0.0,3,9000,0,0,0,0,0,0
TF,KOGLI,-14.965000,-48.077167,0, ,0.0,0.0,0.0,0.0,0,0,0,0,0,0,0,0

SID,KOGL2A,29L,2
VA,0,288.0,2,4200,0,0,0,0,0,0
CF,SAVGO,-15.886922,-48.037853,0,VJK,282.6,8.1,282.0,6.0,0,0,0,0,0,0,0,0
AF,VJK07,-15.732386,-47.926367,2,VJK,11.2,8.1,282.0,0,0,0,0,0,0,0,0
TF,LIXEM,-15.674967,-47.937692,0, ,0.0,0.0,0.0,0.0,3,9000,0,0,0,0,0,0
TF,KOGLI,-14.965000,-48.077167,0, ,0.0,0.0,0.0,0.0,0,0,0,0,0,0,0,0

SID,KOMG1A,11L,5
CF,VUTMI,-15.852147,-47.554367,0,FSA,236.1,21.4,110.0,19.9,3,9000,0,0,0,0,0,0
TF,BR039,-16.015436,-47.427933,0, ,0.0,0.0,0.0,0.0,3,9000,0,0,0,0,0,0
TF,SIGER,-16.209833,-46.949333,0, ,0.0,0.0,0.0,0.0,0,0,0,0,0,0,0,0
TF,KOMGI,-16.578833,-46.384667,0, ,0.0,0.0,0.0,0.0,0,0,0,0,0,0,0,0

SID,KOTV1D,11R,5
CA,0,108.0,2,3900,0,0,0,0,0,0
CF,KOTVU,-15.850472,-47.725222,0,BHZ,339.6,319.5,103.0,10.8,3,9000,0,0,0,0,0,0

SID,KOTV1D,ORATE,6
IF,KOTVU,-15.850472,-47.725222, ,0.0,0.0,3,9000,0,0,0,0,0,0
TF,VUTMI,-15.852147,-47.554367,0, ,0.0,0.0,0.0,0.0,0,0,0,0,0,0,0,0
TF,MATNI,-15.811833,-47.089833,0, ,0.0,0.0,0.0,0.0,0,0,0,0,0,0,0,0
TF,ORATE,-15.110833,-46.643833,0, ,0.0,0.0,0.0,0.0,0,0,0,0,0,0,0,0

SID,KOTV1E,11R,5
CA,0,108.0,2,3900,0,0,0,0,0,0
CF,KOTVU,-15.850472,-47.725222,0,BHZ,339.6,319.5,103.0,10.8,3,9000,0,0,0,0,0,0

SID,KOTV1E,FSA,6
IF,KOTVU,-15.850472,-47.725222, ,0.0,0.0,3,9000,0,0,0,0,0,0
TF,VUTMI,-15.852147,-47.554367,0, ,0.0,0.0,0.0,0.0,0,0,0,0,0,0,0,0
TF,FSA,-15.555700,-47.346767,0, ,0.0,0.0,0.0,0.0,0,0,0,0,0,0,0,0

SID,KOTV1E,ORATE,6
IF,KOTVU,-15.850472,-47.725222, ,0.0,0.0,3,9000,0,0,0,0,0,0
TF,VUTMI,-15.852147,-47.554367,0, ,0.0,0.0,0.0,0.0,0,0,0,0,0,0,0,0
TF,FSA,-15.555700,-47.346767,0, ,0.0,0.0,0.0,0.0,0,0,0,0,0,0,0,0
TF,ORATE,-15.110833,-46.643833,0, ,0.0,0.0,0.0,0.0,0,0,0,0,0,0,0,0

SID,KOTV2B,11R,5
VA,0,108.0,2,4100,0,0,0,0,0,0
CF,KOTVU,-15.850472,-47.725222,0,FSA,253.2,28.1,101.0,11.0,3,9000,0,0,0,0,0,0
TF,ESBUX,-15.676500,-47.809833,1, ,0.0,0.0,0.0,0.0,3,10000,0,0,0,0,0,0

SID,KOTV2B,DOLVI,6
IF,ESBUX,-15.676500,-47.809833, ,0.0,0.0,3,10000,0,0,0,0,0,0
TF,DOLVI,-13.664000,-49.035333,0, ,0.0,0.0,0.0,0.0,0,0,0,0,0,0,0,0

SID,KOTV2B,DOMLI,6
IF,ESBUX,-15.676500,-47.809833, ,0.0,0.0,3,10000,0,0,0,0,0,0
TF,DOMLI,-15.015167,-47.764833,0, ,0.0,0.0,0.0,0.0,0,0,0,0,0,0,0,0

SID,KOTV2B,DOTKA,6
IF,ESBUX,-15.676500,-47.809833, ,0.0,0.0,3,10000,0,0,0,0,0,0
TF,DOTKA,-14.764333,-47.957833,0, ,0.0,0.0,0.0,0.0,0,0,0,0,0,0,0,0

SID,KOTV2B,FLINT,6
IF,ESBUX,-15.676500,-47.809833, ,0.0,0.0,3,10000,0,0,0,0,0,0
TF,ILSUL,-15.153167,-47.658833,0, ,0.0,0.0,0.0,0.0,0,0,0,0,0,0,0,0
TF,FLINT,-14.670333,-47.416500,0, ,0.0,0.0,0.0,0.0,0,0,0,0,0,0,0,0

SID,KOTV2B,GIGTI,6
IF,ESBUX,-15.676500,-47.809833, ,0.0,0.0,3,10000,0,0,0,0,0,0
TF,GIGTI,-14.698375,-48.561672,0, ,0.0,0.0,0.0,0.0,0,0,0,0,0,0,0,0

SID,KOTV2B,ILSUL,6
IF,ESBUX,-15.676500,-47.809833, ,0.0,0.0,3,10000,0,0,0,0,0,0
TF,ILSUL,-15.153167,-47.658833,0, ,0.0,0.0,0.0,0.0,0,0,0,0,0,0,0,0

SID,KOTV2B,KOGDI,6
IF,ESBUX,-15.676500,-47.809833, ,0.0,0.0,3,10000,0,0,0,0,0,0
TF,KOGDI,-15.671333,-48.946667,0, ,0.0,0.0,0.0,0.0,0,0,0,0,0,0,0,0

SID,KOTV2B,KOGLI,6
IF,ESBUX,-15.676500,-47.809833, ,0.0,0.0,3,10000,0,0,0,0,0,0
TF,KOGLI,-14.965000,-48.077167,0, ,0.0,0.0,0.0,0.0,0,0,0,0,0,0,0,0

SID,KOTV2B,PAPES,6
IF,ESBUX,-15.676500,-47.809833, ,0.0,0.0,3,10000,0,0,0,0,0,0
TF,KOGDI,-15.671333,-48.946667,0, ,0.0,0.0,0.0,0.0,0,0,0,0,0,0,0,0
TF,PAPES,-14.491339,-49.948900,0, ,0.0,0.0,0.0,0.0,0,0,0,0,0,0,0,0

SID,KOTV2C,11R,5
VA,0,108.0,2,4100,0,0,0,0,0,0
CF,KOTVU,-15.850472,-47.725222,0,FSA,253.2,28.1,101.0,11.0,3,9000,0,0,0,0,0,0
TF,ESBUX,-15.676500,-47.809833,1, ,0.0,0.0,0.0,0.0,3,10000,0,0,0,0,0,0
TF,PANOK,-15.162667,-47.446000,0, ,0.0,0.0,0.0,0.0,2,21000,0,0,0,0,0,0

SID,KOTV2C,FLASH,6
IF,PANOK,-15.162667,-47.446000, ,0.0,0.0,2,21000,0,0,0,0,0,0
TF,FLASH,-14.996000,-46.709000,0, ,0.0,0.0,0.0,0.0,0,0,0,0,0,0,0,0

SID,KOTV2C,ORATE,6
IF,PANOK,-15.162667,-47.446000, ,0.0,0.0,2,21000,0,0,0,0,0,0
TF,ORATE,-15.110833,-46.643833,0, ,0.0,0.0,0.0,0.0,0,0,0,0,0,0,0,0

SID,KOTV2C,PEDAL,6
IF,PANOK,-15.162667,-47.446000, ,0.0,0.0,2,21000,0,0,0,0,0,0
TF,PEDAL,-14.850000,-46.791833,0, ,0.0,0.0,0.0,0.0,0,0,0,0,0,0,0,0

SID,LIVE1B,11R,5
CA,0,107.0,2,4100,0,0,0,0,0,0
DF,LIVEV,-16.069833,-47.844167,2, ,0.0,0.0,3,9000,0,0,0,0,0,0

SID,LIVE1B,EDMIN,6
IF,LIVEV,-16.069833,-47.844167, ,0.0,0.0,3,9000,0,0,0,0,0,0
TF,IRULA,-16.775500,-48.084167,0, ,0.0,0.0,0.0,0.0,0,0,0,0,0,0,0,0
TF,EDMIN,-18.674956,-48.620697,0, ,0.0,0.0,0.0,0.0,0,0,0,0,0,0,0,0

SID,LIVE1B,MAVNI,6
IF,LIVEV,-16.069833,-47.844167, ,0.0,0.0,3,9000,0,0,0,0,0,0
TF,BODIT,-16.760444,-47.851100,0, ,0.0,0.0,0.0,0.0,0,0,0,0,0,0,0,0
TF,MAVNI,-17.489667,-47.414833,0, ,0.0,0.0,0.0,0.0,0,0,0,0,0,0,0,0

SID,LIVE1B,MUGIS,6
IF,LIVEV,-16.069833,-47.844167, ,0.0,0.0,3,9000,0,0,0,0,0,0
TF,KODNA,-16.593667,-47.442167,0, ,0.0,0.0,0.0,0.0,0,0,0,0,0,0,0,0
TF,MUGIS,-17.020167,-47.148000,0, ,0.0,0.0,0.0,0.0,0,0,0,0,0,0,0,0

SID,LIVE1B,NIMKI,6
IF,LIVEV,-16.069833,-47.844167, ,0.0,0.0,3,9000,0,0,0,0,0,0
TF,ISOPI,-16.659500,-47.542167,0, ,0.0,0.0,0.0,0.0,0,0,0,0,0,0,0,0
TF,NIMKI,-17.388167,-47.094000,0, ,0.0,0.0,0.0,0.0,0,0,0,0,0,0,0,0

SID,LUZ1A,29L,2
CA,0,287.0,2,4200,0,0,0,0,0,0
CI,1, ,0.0,148.0,0,0,0,0,0,0,0,0
CF,LUZ01,-16.077553,-47.958622,0,BSI,184.4,12.8,205.0,10.0,3,10000,0,0,0,0,0,0
TF,LUZ,-16.260833,-47.971000,0, ,0.0,0.0,0.0,0.0,0,0,0,0,0,0,0,0

SID,LUZ1A,ISOPI,3
IF,LUZ,-16.260833,-47.971000, ,0.0,0.0,0,0,0,0,0,0,0,0
TF,ISOPI,-16.659500,-47.542167,0, ,0.0,0.0,0.0,0.0,0,0,0,0,0,0,0,0

SID,LUZ1A,OPRAX,3
IF,LUZ,-16.260833,-47.971000, ,0.0,0.0,0,0,0,0,0,0,0,0
TF,OPRAX,-16.742167,-48.299000,0, ,0.0,0.0,0.0,0.0,0,0,0,0,0,0,0,0

SID,LUZ1D,11R,2
VA,0,107.0,2,4100,0,0,0,0,0,0
VI,0, ,0.0,195.0,0,0,0,0,0,0,0,0
CF,LUZ02,-16.080731,-47.889031,0,LUZ,42.8,11.8,225.0,5.0,3,9000,0,0,0,0,0,0
TF,LUZ,-16.260833,-47.971000,0, ,0.0,0.0,0.0,0.0,0,0,0,0,0,0,0,0

SID,LUZ1D,ISOPI,3
IF,LUZ,-16.260833,-47.971000, ,0.0,0.0,0,0,0,0,0,0,0,0
TF,ISOPI,-16.659500,-47.542167,0, ,0.0,0.0,0.0,0.0,0,0,0,0,0,0,0,0

SID,LUZ1D,OPRAX,3
IF,LUZ,-16.260833,-47.971000, ,0.0,0.0,0,0,0,0,0,0,0,0
TF,OPRAX,-16.742167,-48.299000,0, ,0.0,0.0,0.0,0.0,0,0,0,0,0,0,0,0

SID,MIBI1A,11R,2
VA,0,108.0,2,4100,0,0,0,0,0,0
CF,MIBIS,-15.865150,-47.700292,0,VJK,112.1,11.6,112.0,9.0,0,0,0,0,0,0,0,0

SID,MIBI1A,KOGLI,3
IF,MIBIS,-15.865150,-47.700292, ,0.0,0.0,0,0,0,0,0,0,0,0
AF,TONUN,-15.701172,-47.793906,1,VJK,54.2,11.6,112.0,3,10000,0,0,0,0,0,0
AF,LIXEM,-15.674967,-47.937692,1,VJK,11.2,11.6,54.0,0,0,0,0,0,0,0,0
TF,KOGLI,-14.965000,-48.077167,0, ,0.0,0.0,0.0,0.0,0,0,0,0,0,0,0,0

SID,MIBI1A,PANOK,3
IF,MIBIS,-15.865150,-47.700292, ,0.0,0.0,0,0,0,0,0,0,0,0
AF,TONUN,-15.701172,-47.793906,1,VJK,54.2,11.6,112.0,3,10000,0,0,0,0,0,0
TF,PANOK,-15.162667,-47.446000,0, ,0.0,0.0,0.0,0.0,0,0,0,0,0,0,0,0

SID,MOXO2B,11R,5
VA,0,107.0,2,4100,0,0,0,0,0,0
DF,LIVEV,-16.069833,-47.844167,0, ,0.0,0.0,3,9000,0,0,0,0,0,0
TF,BR051,-16.085667,-48.097167,2, ,0.0,0.0,0.0,0.0,2,11000,0,0,0,0,0,0
TF,MOXOB,-16.091167,-48.172333,0, ,0.0,0.0,0.0,0.0,2,13000,0,0,0,0,0,0

SID,MOXO2B,GNV,6
IF,MOXOB,-16.091167,-48.172333, ,0.0,0.0,2,13000,0,0,0,0,0,0
TF,SIREM,-16.550167,-48.646333,0, ,0.0,0.0,0.0,0.0,0,0,0,0,0,0,0,0
TF,GNV,-16.640833,-49.211111,0, ,0.0,0.0,0.0,0.0,0,0,0,0,0,0,0,0

SID,MOXO2B,ROMIK,6
IF,MOXOB,-16.091167,-48.172333, ,0.0,0.0,2,13000,0,0,0,0,0,0
TF,SIREM,-16.550167,-48.646333,0, ,0.0,0.0,0.0,0.0,0,0,0,0,0,0,0,0
TF,ROMIK,-17.220333,-48.718833,0, ,0.0,0.0,0.0,0.0,0,0,0,0,0,0,0,0

SID,MOXO2B,SIREM,6
IF,MOXOB,-16.091167,-48.172333, ,0.0,0.0,2,13000,0,0,0,0,0,0
TF,SIREM,-16.550167,-48.646333,0, ,0.0,0.0,0.0,0.0,0,0,0,0,0,0,0,0

SID,MOXO2B,TIPTU,6
IF,MOXOB,-16.091167,-48.172333, ,0.0,0.0,2,13000,0,0,0,0,0,0
TF,TIPTU,-16.128833,-48.660500,0, ,0.0,0.0,0.0,0.0,0,0,0,0,0,0,0,0

SID,NIRD1A,11L,2
VA,0,108.0,2,4100,0,0,0,0,0,0
CF,NIRDI,-15.847494,-47.701119,0,VJK,106.8,11.6,107.0,12.0,0,0,0,0,0,0,0,0
AF,TONUN,-15.701172,-47.793906,1,VJK,54.2,11.6,107.0,3,10000,0,0,0,0,0,0

SID,NIRD1A,KOGLI,3
IF,TONUN,-15.701172,-47.793906, ,0.0,0.0,3,10000,0,0,0,0,0,0
AF,LIXEM,-15.674967,-47.937692,1,VJK,11.2,11.6,54.0,0,0,0,0,0,0,0,0
TF,KOGLI,-14.965000,-48.077167,0, ,0.0,0.0,0.0,0.0,0,0,0,0,0,0,0,0

SID,NIRD1A,PANOK,3
IF,TONUN,-15.701172,-47.793906, ,0.0,0.0,3,10000,0,0,0,0,0,0
TF,PANOK,-15.162667,-47.446000,0, ,0.0,0.0,0.0,0.0,0,0,0,0,0,0,0,0

SID,OPNO1A,29R,5
CA,0,288.0,2,4200,0,0,0,0,0,0
DF,GAXON,-16.077500,-47.964833,1, ,0.0,0.0,3,10000,0,0,0,0,0,0
TF,OPNOK,-16.160122,-47.951117,0, ,0.0,0.0,0.0,0.0,0,0,0,0,0,0,0,1

SID,OPNO1A,EDMIN,6
IF,OPNOK,-16.160122,-47.951117, ,0.0,0.0,0,0,0,0,0,0,0,0
TF,IRULA,-16.775500,-48.084167,0, ,0.0,0.0,0.0,0.0,0,0,0,0,0,0,0,0
TF,EDMIN,-18.674956,-48.620697,0, ,0.0,0.0,0.0,0.0,0,0,0,0,0,0,0,0

SID,OPNO1A,MAVNI,6
IF,OPNOK,-16.160122,-47.951117, ,0.0,0.0,0,0,0,0,0,0,0,0
TF,BODIT,-16.760444,-47.851100,0, ,0.0,0.0,0.0,0.0,0,0,0,0,0,0,0,0
TF,MAVNI,-17.489667,-47.414833,0, ,0.0,0.0,0.0,0.0,0,0,0,0,0,0,0,0

SID,OPNO1A,MUGIS,6
IF,OPNOK,-16.160122,-47.951117, ,0.0,0.0,0,0,0,0,0,0,0,0
TF,KODNA,-16.593667,-47.442167,0, ,0.0,0.0,0.0,0.0,0,0,0,0,0,0,0,0
TF,MUGIS,-17.020167,-47.148000,0, ,0.0,0.0,0.0,0.0,0,0,0,0,0,0,0,0

SID,OPNO1A,NIMKI,6
IF,OPNOK,-16.160122,-47.951117, ,0.0,0.0,0,0,0,0,0,0,0,0
TF,ISOPI,-16.659500,-47.542167,0, ,0.0,0.0,0.0,0.0,0,0,0,0,0,0,0,0
TF,NIMKI,-17.388167,-47.094000,0, ,0.0,0.0,0.0,0.0,0,0,0,0,0,0,0,0

SID,OPNO1A,ROMIK,6
IF,OPNOK,-16.160122,-47.951117, ,0.0,0.0,0,0,0,0,0,0,0,0
TF,BR022,-16.384378,-48.284000,0, ,0.0,0.0,0.0,0.0,0,0,0,0,0,0,0,0
TF,PUPNO,-16.434639,-48.393631,0, ,0.0,0.0,0.0,0.0,3,18000,0,0,0,0,0,0
TF,SIREM,-16.550167,-48.646333,0, ,0.0,0.0,0.0,0.0,0,0,0,0,0,0,0,0
TF,ROMIK,-17.220333,-48.718833,0, ,0.0,0.0,0.0,0.0,0,0,0,0,0,0,0,0

SID,OPNO1A,SIREM,6
IF,OPNOK,-16.160122,-47.951117, ,0.0,0.0,0,0,0,0,0,0,0,0
TF,BR022,-16.384378,-48.284000,0, ,0.0,0.0,0.0,0.0,0,0,0,0,0,0,0,0
TF,PUPNO,-16.434639,-48.393631,0, ,0.0,0.0,0.0,0.0,3,18000,0,0,0,0,0,0
TF,SIREM,-16.550167,-48.646333,0, ,0.0,0.0,0.0,0.0,0,0,0,0,0,0,0,0

SID,OPRO1A,29L,5
VA,0,287.0,2,4200,0,0,0,0,0,0
DF,GAXON,-16.077500,-47.964833,0, ,0.0,0.0,3,10000,0,0,0,0,0,0
TF,BR052,-16.058167,-47.663806,1, ,0.0,0.0,0.0,0.0,2,11000,0,0,0,0,0,0
TF,OPROK,-16.049097,-47.525911,0, ,0.0,0.0,0.0,0.0,0,0,0,0,0,0,0,0

SID,OPRO1A,FSA,6
IF,OPROK,-16.049097,-47.525911, ,0.0,0.0,0,0,0,0,0,0,0,0
TF,FSA,-15.555700,-47.346767,0, ,0.0,0.0,0.0,0.0,0,0,0,0,0,0,0,0

SID,OPRO1A,KOLDA,6
IF,OPROK,-16.049097,-47.525911, ,0.0,0.0,0,0,0,0,0,0,0,0
TF,FSA,-15.555700,-47.346767,0, ,0.0,0.0,0.0,0.0,0,0,0,0,0,0,0,0
TF,KOLDA,-15.436500,-47.140167,0, ,0.0,0.0,0.0,0.0,0,0,0,0,0,0,0,0

SID,OPRO1A,SELDI,6
IF,OPROK,-16.049097,-47.525911, ,0.0,0.0,0,0,0,0,0,0,0,0
TF,SIGER,-16.209833,-46.949333,0, ,0.0,0.0,0.0,0.0,0,0,0,0,0,0,0,0
TF,SELDI,-15.603833,-46.364833,0, ,0.0,0.0,0.0,0.0,0,0,0,0,0,0,0,0

SID,OPRO1A,SIGER,6
IF,OPROK,-16.049097,-47.525911, ,0.0,0.0,0,0,0,0,0,0,0,0
TF,SIGER,-16.209833,-46.949333,0, ,0.0,0.0,0.0,0.0,0,0,0,0,0,0,0,0

SID,ORAT1A,11L,5
CF,VUTMI,-15.852147,-47.554367,0,FSA,236.1,21.4,110.0,19.9,3,9000,0,0,0,0,0,0
TF,FSA,-15.555700,-47.346767,0, ,0.0,0.0,0.0,0.0,0,0,0,0,0,0,0,0
TF,ORATE,-15.110833,-46.643833,0, ,0.0,0.0,0.0,0.0,0,0,0,0,0,0,0,0

SID,ORAT1B,11L,5
CF,VUTMI,-15.852147,-47.554367,0,FSA,236.1,21.4,110.0,19.9,3,9000,0,0,0,0,0,0
TF,MATNI,-15.811833,-47.089833,0, ,0.0,0.0,0.0,0.0,0,0,0,0,0,0,0,0
TF,ORATE,-15.110833,-46.643833,0, ,0.0,0.0,0.0,0.0,0,0,0,0,0,0,0,0

SID,OTAF1A,11L,2
CA,0,108.0,2,4100,0,0,0,0,0,0
CF,KOTVU,-15.850472,-47.725222,0,VJK,107.1,10.2,107.0,10.0,3,9000,0,0,0,0,0,0
TF,OTAFO,-15.825592,-47.377258,0, ,0.0,0.0,0.0,0.0,0,0,0,0,0,0,0,0

SID,OTAF1B,11R,2
VA,0,108.0,2,4100,0,0,0,0,0,0
CF,KOTVU,-15.850472,-47.725222,0,VJK,107.1,10.2,107.0,10.0,3,9000,0,0,0,0,0,0
TF,OTAFO,-15.825592,-47.377258,0, ,0.0,0.0,0.0,0.0,0,0,0,0,0,0,0,0

SID,PANO1B,29R,5
CA,0,287.0,2,7000,0,0,0,0,0,0
DF,UTPAS,-15.672667,-47.992667,2, ,0.0,0.0,3,9000,0,0,0,0,0,0
TF,PANOK,-15.162667,-47.446000,0, ,0.0,0.0,0.0,0.0,2,21000,0,0,0,0,0,0

SID,PANO1B,FLASH,6
IF,PANOK,-15.162667,-47.446000, ,0.0,0.0,2,21000,0,0,0,0,0,0
TF,FLASH,-14.996000,-46.709000,0, ,0.0,0.0,0.0,0.0,0,0,0,0,0,0,0,0

SID,PANO1B,ORATE,6
IF,PANOK,-15.162667,-47.446000, ,0.0,0.0,2,21000,0,0,0,0,0,0
TF,ORATE,-15.110833,-46.643833,0, ,0.0,0.0,0.0,0.0,0,0,0,0,0,0,0,0

SID,PANO1B,PEDAL,6
IF,PANOK,-15.162667,-47.446000, ,0.0,0.0,2,21000,0,0,0,0,0,0
TF,PEDAL,-14.850000,-46.791833,0, ,0.0,0.0,0.0,0.0,0,0,0,0,0,0,0,0

SID,PANO2C,11L,5
CF,KOTVU,-15.850472,-47.725222,0,FSA,253.2,28.1,108.0,10.1,3,9000,0,0,0,0,0,0
TF,ESBUX,-15.676500,-47.809833,1, ,0.0,0.0,0.0,0.0,3,10000,0,0,0,0,0,0
TF,PANOK,-15.162667,-47.446000,0, ,0.0,0.0,0.0,0.0,2,21000,0,0,0,0,0,0

SID,PANO2C,FLASH,6
IF,PANOK,-15.162667,-47.446000, ,0.0,0.0,2,21000,0,0,0,0,0,0
TF,FLASH,-14.996000,-46.709000,0, ,0.0,0.0,0.0,0.0,0,0,0,0,0,0,0,0

SID,PANO2C,ORATE,6
IF,PANOK,-15.162667,-47.446000, ,0.0,0.0,2,21000,0,0,0,0,0,0
TF,ORATE,-15.110833,-46.643833,0, ,0.0,0.0,0.0,0.0,0,0,0,0,0,0,0,0

SID,PANO2C,PEDAL,6
IF,PANOK,-15.162667,-47.446000, ,0.0,0.0,2,21000,0,0,0,0,0,0
TF,PEDAL,-14.850000,-46.791833,0, ,0.0,0.0,0.0,0.0,0,0,0,0,0,0,0,0

SID,PAPI1A,11L,5
CA,0,108.0,2,4100,0,0,0,0,0,0
DF,LIVEV,-16.069833,-47.844167,0, ,0.0,0.0,3,9000,0,0,0,0,0,0
TF,PAPID,-16.078519,-47.982350,2, ,0.0,0.0,0.0,0.0,0,0,0,0,0,0,0,0
TF,BR051,-16.085667,-48.097167,0, ,0.0,0.0,0.0,0.0,2,11000,0,0,0,0,0,0
TF,MOXOB,-16.091167,-48.172333,0, ,0.0,0.0,0.0,0.0,2,13000,0,0,0,0,0,0

SID,PAPI1A,GNV,6
IF,MOXOB,-16.091167,-48.172333, ,0.0,0.0,2,13000,0,0,0,0,0,0
TF,SIREM,-16.550167,-48.646333,0, ,0.0,0.0,0.0,0.0,0,0,0,0,0,0,0,0
TF,GNV,-16.640833,-49.211111,0, ,0.0,0.0,0.0,0.0,0,0,0,0,0,0,0,0

SID,PAPI1A,ROMIK,6
IF,MOXOB,-16.091167,-48.172333, ,0.0,0.0,2,13000,0,0,0,0,0,0
TF,SIREM,-16.550167,-48.646333,0, ,0.0,0.0,0.0,0.0,0,0,0,0,0,0,0,0
TF,ROMIK,-17.220333,-48.718833,0, ,0.0,0.0,0.0,0.0,0,0,0,0,0,0,0,0

SID,PAPI1A,SIREM,6
IF,MOXOB,-16.091167,-48.172333, ,0.0,0.0,2,13000,0,0,0,0,0,0
TF,SIREM,-16.550167,-48.646333,0, ,0.0,0.0,0.0,0.0,0,0,0,0,0,0,0,0

SID,PAPI1A,TIPTU,6
IF,MOXOB,-16.091167,-48.172333, ,0.0,0.0,2,13000,0,0,0,0,0,0
TF,TIPTU,-16.128833,-48.660500,0, ,0.0,0.0,0.0,0.0,0,0,0,0,0,0,0,0

SID,SELD1A,11L,5
CF,VUTMI,-15.852147,-47.554367,0,FSA,236.1,21.4,110.0,19.9,3,9000,0,0,0,0,0,0
TF,BR039,-16.015436,-47.427933,0, ,0.0,0.0,0.0,0.0,3,9000,0,0,0,0,0,0
TF,SIGER,-16.209833,-46.949333,0, ,0.0,0.0,0.0,0.0,0,0,0,0,0,0,0,0
TF,SELDI,-15.603833,-46.364833,0, ,0.0,0.0,0.0,0.0,0,0,0,0,0,0,0,0

SID,SEMD1A,11L,5
CA,0,108.0,2,4100,0,0,0,0,0,0
DF,LIVEV,-16.069833,-47.844167,2, ,0.0,0.0,3,9000,0,0,0,0,0,0
TF,SEMDU,-16.153508,-47.845003,0, ,0.0,0.0,0.0,0.0,0,0,0,0,0,0,0,1

SID,SEMD1A,EDMIN,6
IF,SEMDU,-16.153508,-47.845003, ,0.0,0.0,0,0,0,0,0,0,0,0
TF,IRULA,-16.775500,-48.084167,0, ,0.0,0.0,0.0,0.0,0,0,0,0,0,0,0,0
TF,EDMIN,-18.674956,-48.620697,0, ,0.0,0.0,0.0,0.0,0,0,0,0,0,0,0,0

SID,SEMD1A,MAVNI,6
IF,SEMDU,-16.153508,-47.845003, ,0.0,0.0,0,0,0,0,0,0,0,0
TF,BODIT,-16.760444,-47.851100,0, ,0.0,0.0,0.0,0.0,0,0,0,0,0,0,0,0
TF,MAVNI,-17.489667,-47.414833,0, ,0.0,0.0,0.0,0.0,0,0,0,0,0,0,0,0

SID,SEMD1A,MUGIS,6
IF,SEMDU,-16.153508,-47.845003, ,0.0,0.0,0,0,0,0,0,0,0,0
TF,KODNA,-16.593667,-47.442167,0, ,0.0,0.0,0.0,0.0,0,0,0,0,0,0,0,0
TF,MUGIS,-17.020167,-47.148000,0, ,0.0,0.0,0.0,0.0,0,0,0,0,0,0,0,0

SID,SEMD1A,NIMKI,6
IF,SEMDU,-16.153508,-47.845003, ,0.0,0.0,0,0,0,0,0,0,0,0
TF,ISOPI,-16.659500,-47.542167,0, ,0.0,0.0,0.0,0.0,0,0,0,0,0,0,0,0
TF,NIMKI,-17.388167,-47.094000,0, ,0.0,0.0,0.0,0.0,0,0,0,0,0,0,0,0

SID,SIGE1A,11R,5
CA,0,108.0,2,3900,0,0,0,0,0,0
CF,KOTVU,-15.850472,-47.725222,0,BHZ,339.6,319.5,103.0,10.8,3,9000,0,0,0,0,0,0

SID,SIGE1A,KOMGI,6
IF,KOTVU,-15.850472,-47.725222, ,0.0,0.0,3,9000,0,0,0,0,0,0
TF,BR039,-16.015436,-47.427933,0, ,0.0,0.0,0.0,0.0,3,9000,0,0,0,0,0,0
TF,SIGER,-16.209833,-46.949333,0, ,0.0,0.0,0.0,0.0,0,0,0,0,0,0,0,0
TF,KOMGI,-16.578833,-46.384667,0, ,0.0,0.0,0.0,0.0,0,0,0,0,0,0,0,0

SID,SIGE1A,SELDI,6
IF,KOTVU,-15.850472,-47.725222, ,0.0,0.0,3,9000,0,0,0,0,0,0
TF,BR039,-16.015436,-47.427933,0, ,0.0,0.0,0.0,0.0,3,9000,0,0,0,0,0,0
TF,SIGER,-16.209833,-46.949333,0, ,0.0,0.0,0.0,0.0,0,0,0,0,0,0,0,0
TF,SELDI,-15.603833,-46.364833,0, ,0.0,0.0,0.0,0.0,0,0,0,0,0,0,0,0

SID,TINS1A,29L,5
CA,0,288.0,2,7000,0,0,0,0,0,0
DF,UTPAS,-15.672667,-47.992667,2, ,0.0,0.0,3,9000,0,0,0,0,0,0
TF,TINSI,-15.589014,-47.995003,0, ,0.0,0.0,0.0,0.0,0,0,0,0,0,0,0,1

SID,TINS1A,DOLVI,6
IF,TINSI,-15.589014,-47.995003, ,0.0,0.0,0,0,0,0,0,0,0,0
TF,DOLVI,-13.664000,-49.035333,0, ,0.0,0.0,0.0,0.0,0,0,0,0,0,0,0,0

SID,TINS1A,DOMLI,6
IF,TINSI,-15.589014,-47.995003, ,0.0,0.0,0,0,0,0,0,0,0,0
TF,DOMLI,-15.015167,-47.764833,0, ,0.0,0.0,0.0,0.0,0,0,0,0,0,0,0,0

SID,TINS1A,DOTKA,6
IF,TINSI,-15.589014,-47.995003, ,0.0,0.0,0,0,0,0,0,0,0,0
TF,DOTKA,-14.764333,-47.957833,0, ,0.0,0.0,0.0,0.0,0,0,0,0,0,0,0,0

SID,TINS1A,FLINT,6
IF,TINSI,-15.589014,-47.995003, ,0.0,0.0,0,0,0,0,0,0,0,0
TF,ILSUL,-15.153167,-47.658833,0, ,0.0,0.0,0.0,0.0,0,0,0,0,0,0,0,0
TF,FLINT,-14.670333,-47.416500,0, ,0.0,0.0,0.0,0.0,0,0,0,0,0,0,0,0

SID,TINS1A,GIGTI,6
IF,TINSI,-15.589014,-47.995003, ,0.0,0.0,0,0,0,0,0,0,0,0
TF,GIGTI,-14.698375,-48.561672,0, ,0.0,0.0,0.0,0.0,0,0,0,0,0,0,0,0

SID,TINS1A,ILSUL,6
IF,TINSI,-15.589014,-47.995003, ,0.0,0.0,0,0,0,0,0,0,0,0
TF,ILSUL,-15.153167,-47.658833,0, ,0.0,0.0,0.0,0.0,0,0,0,0,0,0,0,0

SID,TINS1A,KOGLI,6
IF,TINSI,-15.589014,-47.995003, ,0.0,0.0,0,0,0,0,0,0,0,0
TF,KOGLI,-14.965000,-48.077167,0, ,0.0,0.0,0.0,0.0,0,0,0,0,0,0,0,0

SID,UBRU1A,29L,5
CA,0,288.0,2,7000,0,0,0,0,0,0
DF,UTPAS,-15.672667,-47.992667,2, ,0.0,0.0,3,9000,0,0,0,0,0,0
TF,UBRUR,-15.417839,-47.719000,0, ,0.0,0.0,0.0,0.0,0,0,0,0,0,0,0,0
TF,PANOK,-15.162667,-47.446000,0, ,0.0,0.0,0.0,0.0,2,21000,0,0,0,0,0,0

SID,UBRU1A,FLASH,6
IF,PANOK,-15.162667,-47.446000, ,0.0,0.0,2,21000,0,0,0,0,0,0
TF,FLASH,-14.996000,-46.709000,0, ,0.0,0.0,0.0,0.0,0,0,0,0,0,0,0,0

SID,UBRU1A,ORATE,6
IF,PANOK,-15.162667,-47.446000, ,0.0,0.0,2,21000,0,0,0,0,0,0
TF,ORATE,-15.110833,-46.643833,0, ,0.0,0.0,0.0,0.0,0,0,0,0,0,0,0,0

SID,UBRU1A,PEDAL,6
IF,PANOK,-15.162667,-47.446000, ,0.0,0.0,2,21000,0,0,0,0,0,0
TF,PEDAL,-14.850000,-46.791833,0, ,0.0,0.0,0.0,0.0,0,0,0,0,0,0,0,0

SID,UKEN1A,29R,2
VA,0,288.0,2,4200,0,0,0,0,0,0
CF,URERA,-15.869581,-48.021136,0,VJK,289.8,7.0,289.0,5.4,0,0,0,0,0,0,0,0
AF,VJK08,-15.765811,-47.835811,2,VJK,54.2,7.0,289.0,0,0,0,0,0,0,0,0
TF,UKENA,-15.676228,-47.777742,0, ,0.0,0.0,0.0,0.0,3,7000,0,0,0,0,0,0

SID,UKEN1A,FSA,3
IF,UKENA,-15.676228,-47.777742, ,0.0,0.0,3,7000,0,0,0,0,0,0
TF,ANPAX,-15.584269,-47.718194,0, ,0.0,0.0,0.0,0.0,0,0,0,0,0,0,0,0
TF,FSA,-15.555700,-47.346767,0, ,0.0,0.0,0.0,0.0,0,0,0,0,0,0,0,0

SID,UKEN1A,KOLDA,3
IF,UKENA,-15.676228,-47.777742, ,0.0,0.0,3,7000,0,0,0,0,0,0
TF,ANPAX,-15.584269,-47.718194,0, ,0.0,0.0,0.0,0.0,0,0,0,0,0,0,0,0
TF,FSA,-15.555700,-47.346767,0, ,0.0,0.0,0.0,0.0,0,0,0,0,0,0,0,0
TF,KOLDA,-15.436500,-47.140167,0, ,0.0,0.0,0.0,0.0,0,0,0,0,0,0,0,0

SID,UKEN1A,ORATE,3
IF,UKENA,-15.676228,-47.777742, ,0.0,0.0,3,7000,0,0,0,0,0,0
TF,ANPAX,-15.584269,-47.718194,0, ,0.0,0.0,0.0,0.0,0,0,0,0,0,0,0,0
TF,FSA,-15.555700,-47.346767,0, ,0.0,0.0,0.0,0.0,0,0,0,0,0,0,0,0
TF,ORATE,-15.110833,-46.643833,0, ,0.0,0.0,0.0,0.0,0,0,0,0,0,0,0,0

SID,UKEN1A,PANOK,3
IF,UKENA,-15.676228,-47.777742, ,0.0,0.0,3,7000,0,0,0,0,0,0
TF,ANPAX,-15.584269,-47.718194,0, ,0.0,0.0,0.0,0.0,0,0,0,0,0,0,0,0
TF,PANOK,-15.162667,-47.446000,0, ,0.0,0.0,0.0,0.0,0,0,0,0,0,0,0,0

SID,UTGE1A,29R,2
VA,0,288.0,2,4200,0,0,0,0,0,0
VI,1, ,0.0,152.0,0,0,0,0,0,0,0,0
CF,UTGEN,-16.077553,-47.958622,0,LUZ,22.7,11.0,205.0,10.0,3,10000,0,0,0,0,0,0
TF,LUZ,-16.260833,-47.971000,0, ,0.0,0.0,0.0,0.0,0,0,0,0,0,0,0,0

SID,UTGE1A,ISOPI,3
IF,LUZ,-16.260833,-47.971000, ,0.0,0.0,0,0,0,0,0,0,0,0
TF,ISOPI,-16.659500,-47.542167,0, ,0.0,0.0,0.0,0.0,0,0,0,0,0,0,0,0

SID,UTGE1A,OPRAX,3
IF,LUZ,-16.260833,-47.971000, ,0.0,0.0,0,0,0,0,0,0,0,0
TF,OPRAX,-16.742167,-48.299000,0, ,0.0,0.0,0.0,0.0,0,0,0,0,0,0,0,0

SID,UTPA1B,29R,5
CA,0,287.0,2,7000,0,0,0,0,0,0
DF,UTPAS,-15.672667,-47.992667,2, ,0.0,0.0,3,9000,0,0,0,0,0,0

SID,UTPA1B,DOLVI,6
IF,UTPAS,-15.672667,-47.992667, ,0.0,0.0,3,9000,0,0,0,0,0,0
TF,DOLVI,-13.664000,-49.035333,0, ,0.0,0.0,0.0,0.0,0,0,0,0,0,0,0,0

SID,UTPA1B,DOMLI,6
IF,UTPAS,-15.672667,-47.992667, ,0.0,0.0,3,9000,0,0,0,0,0,0
TF,DOMLI,-15.015167,-47.764833,0, ,0.0,0.0,0.0,0.0,0,0,0,0,0,0,0,0

SID,UTPA1B,DOTKA,6
IF,UTPAS,-15.672667,-47.992667, ,0.0,0.0,3,9000,0,0,0,0,0,0
TF,DOTKA,-14.764333,-47.957833,0, ,0.0,0.0,0.0,0.0,0,0,0,0,0,0,0,0

SID,UTPA1B,FLINT,6
IF,UTPAS,-15.672667,-47.992667, ,0.0,0.0,3,9000,0,0,0,0,0,0
TF,ILSUL,-15.153167,-47.658833,0, ,0.0,0.0,0.0,0.0,0,0,0,0,0,0,0,0
TF,FLINT,-14.670333,-47.416500,0, ,0.0,0.0,0.0,0.0,0,0,0,0,0,0,0,0

SID,UTPA1B,GIGTI,6
IF,UTPAS,-15.672667,-47.992667, ,0.0,0.0,3,9000,0,0,0,0,0,0
TF,GIGTI,-14.698375,-48.561672,0, ,0.0,0.0,0.0,0.0,0,0,0,0,0,0,0,0

SID,UTPA1B,ILSUL,6
IF,UTPAS,-15.672667,-47.992667, ,0.0,0.0,3,9000,0,0,0,0,0,0
TF,ILSUL,-15.153167,-47.658833,0, ,0.0,0.0,0.0,0.0,0,0,0,0,0,0,0,0

SID,UTPA1B,KOGLI,6
IF,UTPAS,-15.672667,-47.992667, ,0.0,0.0,3,9000,0,0,0,0,0,0
TF,KOGLI,-14.965000,-48.077167,0, ,0.0,0.0,0.0,0.0,0,0,0,0,0,0,0,0

STAR,EDVI1B,ILPAV,4
IF,ILPAV,-17.731667,-48.995167, ,0.0,0.0,0,0,0,0,0,0,0,0
TF,WELIN,-16.925667,-48.423667,0, ,0.0,0.0,0.0,0.0,3,30000,0,0,0,0,0,0

STAR,EDVI1B,PABIN,4
IF,PABIN,-17.793333,-48.195667, ,0.0,0.0,0,0,0,0,0,0,0,0
TF,WELIN,-16.925667,-48.423667,0, ,0.0,0.0,0.0,0.0,3,30000,0,0,0,0,0,0

STAR,EDVI1B,SIRUL,4
IF,SIRUL,-17.711958,-48.534031, ,0.0,0.0,0,0,0,0,0,0,0,0
TF,WELIN,-16.925667,-48.423667,0, ,0.0,0.0,0.0,0.0,3,30000,0,0,0,0,0,0

STAR,EDVI1B,VUKEP,4
IF,VUKEP,-18.304167,-47.715833, ,0.0,0.0,0,0,0,0,0,0,0,0
TF,WELIN,-16.925667,-48.423667,0, ,0.0,0.0,0.0,0.0,3,30000,0,0,0,0,0,0

STAR,EDVI1B,29L,5
IF,WELIN,-16.925667,-48.423667, ,0.0,0.0,3,30000,0,0,0,0,0,0
TF,BR022,-16.384378,-48.284000,0, ,0.0,0.0,0.0,0.0,2,20000,0,0,0,0,0,0
TF,BR033,-16.153200,-48.224594,0, ,0.0,0.0,0.0,0.0,0,0,0,0,0,0,0,0
TF,LUVLA,-15.990758,-48.182939,0, ,0.0,0.0,0.0,0.0,3,15000,0,0,0,0,0,0
TF,BR042,-15.765028,-47.865028,0, ,0.0,0.0,0.0,0.0,2,10000,0,1,230,0,0,0
TF,EDVIV,-15.750381,-47.641378,0, ,0.0,0.0,0.0,0.0,2,6000,0,1,190,0,0,0

STAR,EDVI1B,29R,5
IF,WELIN,-16.925667,-48.423667, ,0.0,0.0,3,30000,0,0,0,0,0,0
TF,BR022,-16.384378,-48.284000,0, ,0.0,0.0,0.0,0.0,2,20000,0,0,0,0,0,0
TF,BR033,-16.153200,-48.224594,0, ,0.0,0.0,0.0,0.0,0,0,0,0,0,0,0,0
TF,LUVLA,-15.990758,-48.182939,0, ,0.0,0.0,0.0,0.0,3,15000,0,0,0,0,0,0
TF,BR042,-15.765028,-47.865028,0, ,0.0,0.0,0.0,0.0,2,10000,0,1,230,0,0,0
TF,EDVIV,-15.750381,-47.641378,0, ,0.0,0.0,0.0,0.0,2,6000,0,1,190,0,0,0

STAR,KOGN1A,DOKBA,4
IF,DOKBA,-18.144833,-45.421333, ,0.0,0.0,0,0,0,0,0,0,0,0
TF,PROVE,-16.827833,-46.568333,0, ,0.0,0.0,0.0,0.0,0,0,0,0,0,0,0,0

STAR,KOGN1A,PUGNU,4
IF,PUGNU,-17.189667,-45.972667, ,0.0,0.0,0,0,0,0,0,0,0,0
TF,PROVE,-16.827833,-46.568333,0, ,0.0,0.0,0.0,0.0,0,0,0,0,0,0,0,0

STAR,KOGN1A,REINA,4
IF,REINA,-18.438000,-45.571333, ,0.0,0.0,0,0,0,0,0,0,0,0
TF,PROVE,-16.827833,-46.568333,0, ,0.0,0.0,0.0,0.0,0,0,0,0,0,0,0,0

STAR,KOGN1A,ALL,5
IF,PROVE,-16.827833,-46.568333, ,0.0,0.0,0,0,0,0,0,0,0,0
TF,MOLTI,-16.388000,-47.242833,0, ,0.0,0.0,0.0,0.0,3,20000,0,0,0,0,0,0
TF,OPROK,-16.049097,-47.525911,0, ,0.0,0.0,0.0,0.0,0,0,0,0,0,0,0,0
TF,MOPDA,-15.953894,-47.605200,0, ,0.0,0.0,0.0,0.0,0,0,0,0,0,0,0,0

STAR,KOGN1A,11L,6
IF,MOPDA,-15.953894,-47.605200, ,0.0,0.0,0,0,0,0,0,0,0,0
TF,BR056,-15.772778,-47.985806,0, ,0.0,0.0,0.0,0.0,2,11000,0,1,220,0,0,0
TF,KOGNO,-15.788278,-48.228239,0, ,0.0,0.0,0.0,0.0,2,7000,0,1,190,0,0,0

STAR,KOGN1A,11R,6
IF,MOPDA,-15.953894,-47.605200, ,0.0,0.0,0,0,0,0,0,0,0,0
TF,BR056,-15.772778,-47.985806,0, ,0.0,0.0,0.0,0.0,2,11000,0,1,220,0,0,0
TF,KOGNO,-15.788278,-48.228239,0, ,0.0,0.0,0.0,0.0,2,7000,0,1,190,0,0,0

STAR,LUVL1A,DOKBA,4
IF,DOKBA,-18.144833,-45.421333, ,0.0,0.0,0,0,0,0,0,0,0,0
TF,PROVE,-16.827833,-46.568333,0, ,0.0,0.0,0.0,0.0,0,0,0,0,0,0,0,0

STAR,LUVL1A,PUGNU,4
IF,PUGNU,-17.189667,-45.972667, ,0.0,0.0,0,0,0,0,0,0,0,0
TF,PROVE,-16.827833,-46.568333,0, ,0.0,0.0,0.0,0.0,0,0,0,0,0,0,0,0

STAR,LUVL1A,REINA,4
IF,REINA,-18.438000,-45.571333, ,0.0,0.0,0,0,0,0,0,0,0,0
TF,PROVE,-16.827833,-46.568333,0, ,0.0,0.0,0.0,0.0,0,0,0,0,0,0,0,0

STAR,LUVL1A,ALL,5
IF,PROVE,-16.827833,-46.568333, ,0.0,0.0,0,0,0,0,0,0,0,0
TF,MOLTI,-16.388000,-47.242833,0, ,0.0,0.0,0.0,0.0,3,20000,0,0,0,0,0,0
TF,OPROK,-16.049097,-47.525911,0, ,0.0,0.0,0.0,0.0,0,0,0,0,0,0,0,0
TF,MOPDA,-15.953894,-47.605200,0, ,0.0,0.0,0.0,0.0,0,0,0,0,0,0,0,0

STAR,LUVL1A,11L,6
IF,MOPDA,-15.953894,-47.605200, ,0.0,0.0,0,0,0,0,0,0,0,0
TF,BR046,-15.977333,-47.971694,0, ,0.0,0.0,0.0,0.0,2,10000,0,1,220,0,0,0
TF,LUVLA,-15.990758,-48.182939,0, ,0.0,0.0,0.0,0.0,2,6000,0,1,190,0,0,0

STAR,LUVL1A,11R,6
IF,MOPDA,-15.953894,-47.605200, ,0.0,0.0,0,0,0,0,0,0,0,0
TF,BR046,-15.977333,-47.971694,0, ,0.0,0.0,0.0,0.0,2,10000,0,1,220,0,0,0
TF,LUVLA,-15.990758,-48.182939,0, ,0.0,0.0,0.0,0.0,2,6000,0,1,190,0,0,0

STAR,MOLM1B,ISONU,4
IF,ISONU,-12.951833,-47.160333, ,0.0,0.0,0,0,0,0,0,0,0,0
TF,PANDI,-13.771167,-47.399500,0, ,0.0,0.0,0.0,0.0,0,0,0,0,0,0,0,0
TF,NIMTI,-14.222861,-47.531664,0, ,0.0,0.0,0.0,0.0,0,0,0,0,0,0,0,0
TF,MOLMO,-14.753814,-47.458314,0, ,0.0,0.0,0.0,0.0,0,0,0,0,0,0,0,0

STAR,MOLM1B,ISUSI,4
IF,ISUSI,-13.572167,-46.877167, ,0.0,0.0,0,0,0,0,0,0,0,0
TF,PAROL,-14.173500,-47.173500,0, ,0.0,0.0,0.0,0.0,0,0,0,0,0,0,0,0
TF,MOLMO,-14.753814,-47.458314,0, ,0.0,0.0,0.0,0.0,0,0,0,0,0,0,0,0

STAR,MOLM1B,NIBMO,4
IF,NIBMO,-13.357000,-47.631667, ,0.0,0.0,0,0,0,0,0,0,0,0
TF,NIMTI,-14.222861,-47.531664,0, ,0.0,0.0,0.0,0.0,0,0,0,0,0,0,0,0
TF,MOLMO,-14.753814,-47.458314,0, ,0.0,0.0,0.0,0.0,0,0,0,0,0,0,0,0

STAR,MOLM1B,29L,5
IF,MOLMO,-14.753814,-47.458314, ,0.0,0.0,0,0,0,0,0,0,0,0
TF,BR034,-15.027781,-47.350894,0, ,0.0,0.0,0.0,0.0,3,20000,0,0,0,0,0,0
TF,BR073,-15.273500,-47.305667,0, ,0.0,0.0,0.0,0.0,0,0,0,0,0,0,0,0
TF,BR099,-15.527222,-47.485000,0, ,0.0,0.0,0.0,0.0,2,11000,0,0,0,0,0,0
TF,BR032,-15.612197,-47.543903,0, ,0.0,0.0,0.0,0.0,0,0,0,1,220,0,0,0
TF,EDVIV,-15.750381,-47.641378,0, ,0.0,0.0,0.0,0.0,2,6000,0,1,190,0,0,0

STAR,MOLM1B,29R,5
IF,MOLMO,-14.753814,-47.458314, ,0.0,0.0,0,0,0,0,0,0,0,0
TF,BR034,-15.027781,-47.350894,0, ,0.0,0.0,0.0,0.0,3,20000,0,0,0,0,0,0
TF,BR073,-15.273500,-47.305667,0, ,0.0,0.0,0.0,0.0,0,0,0,0,0,0,0,0
TF,BR099,-15.527222,-47.485000,0, ,0.0,0.0,0.0,0.0,2,11000,0,0,0,0,0,0
TF,BR032,-15.612197,-47.543903,0, ,0.0,0.0,0.0,0.0,0,0,0,1,220,0,0,0
TF,EDVIV,-15.750381,-47.641378,0, ,0.0,0.0,0.0,0.0,2,6000,0,1,190,0,0,0

STAR,MOLM3A,ISONU,4
IF,ISONU,-12.951833,-47.160333, ,0.0,0.0,0,0,0,0,0,0,0,0
TF,PANDI,-13.771167,-47.399500,0, ,0.0,0.0,0.0,0.0,0,0,0,0,0,0,0,0
TF,NIMTI,-14.222861,-47.531664,0, ,0.0,0.0,0.0,0.0,0,0,0,0,0,0,0,0
TF,MOLMO,-14.753814,-47.458314,0, ,0.0,0.0,0.0,0.0,0,0,0,0,0,0,0,0

STAR,MOLM3A,ISUSI,4
IF,ISUSI,-13.572167,-46.877167, ,0.0,0.0,0,0,0,0,0,0,0,0
TF,PAROL,-14.173500,-47.173500,0, ,0.0,0.0,0.0,0.0,0,0,0,0,0,0,0,0
TF,MOLMO,-14.753814,-47.458314,0, ,0.0,0.0,0.0,0.0,0,0,0,0,0,0,0,0

STAR,MOLM3A,NIBMO,4
IF,NIBMO,-13.357000,-47.631667, ,0.0,0.0,0,0,0,0,0,0,0,0
TF,NIMTI,-14.222861,-47.531664,0, ,0.0,0.0,0.0,0.0,0,0,0,0,0,0,0,0
TF,MOLMO,-14.753814,-47.458314,0, ,0.0,0.0,0.0,0.0,0,0,0,0,0,0,0,0

STAR,MOLM3A,11L,5
IF,MOLMO,-14.753814,-47.458314, ,0.0,0.0,0,0,0,0,0,0,0,0
TF,BR034,-15.027781,-47.350894,0, ,0.0,0.0,0.0,0.0,3,20000,0,0,0,0,0,0
TF,BR073,-15.273500,-47.305667,0, ,0.0,0.0,0.0,0.0,0,0,0,0,0,0,0,0
TF,BR099,-15.527222,-47.485000,0, ,0.0,0.0,0.0,0.0,2,11000,0,0,0,0,0,0
TF,BR032,-15.612197,-47.543903,0, ,0.0,0.0,0.0,0.0,0,0,0,0,0,0,0,0
TF,EDVIV,-15.750381,-47.641378,0, ,0.0,0.0,0.0,0.0,0,0,0,0,0,0,0,0
TF,BR056,-15.772778,-47.985806,0, ,0.0,0.0,0.0,0.0,2,11000,0,1,220,0,0,0
TF,KOGNO,-15.788278,-48.228239,0, ,0.0,0.0,0.0,0.0,2,7000,0,1,190,0,0,0

STAR,MOLM3A,11R,5
IF,MOLMO,-14.753814,-47.458314, ,0.0,0.0,0,0,0,0,0,0,0,0
TF,BR034,-15.027781,-47.350894,0, ,0.0,0.0,0.0,0.0,3,20000,0,0,0,0,0,0
TF,BR073,-15.273500,-47.305667,0, ,0.0,0.0,0.0,0.0,0,0,0,0,0,0,0,0
TF,BR099,-15.527222,-47.485000,0, ,0.0,0.0,0.0,0.0,2,11000,0,0,0,0,0,0
TF,BR032,-15.612197,-47.543903,0, ,0.0,0.0,0.0,0.0,0,0,0,0,0,0,0,0
TF,EDVIV,-15.750381,-47.641378,0, ,0.0,0.0,0.0,0.0,0,0,0,0,0,0,0,0
TF,BR056,-15.772778,-47.985806,0, ,0.0,0.0,0.0,0.0,2,11000,0,1,220,0,0,0
TF,KOGNO,-15.788278,-48.228239,0, ,0.0,0.0,0.0,0.0,2,7000,0,1,190,0,0,0

STAR,MOPD1B,ILPAV,4
IF,ILPAV,-17.731667,-48.995167, ,0.0,0.0,0,0,0,0,0,0,0,0
TF,WELIN,-16.925667,-48.423667,0, ,0.0,0.0,0.0,0.0,3,30000,0,0,0,0,0,0

STAR,MOPD1B,PABIN,4
IF,PABIN,-17.793333,-48.195667, ,0.0,0.0,0,0,0,0,0,0,0,0
TF,WELIN,-16.925667,-48.423667,0, ,0.0,0.0,0.0,0.0,3,30000,0,0,0,0,0,0

STAR,MOPD1B,SIRUL,4
IF,SIRUL,-17.711958,-48.534031, ,0.0,0.0,0,0,0,0,0,0,0,0
TF,WELIN,-16.925667,-48.423667,0, ,0.0,0.0,0.0,0.0,3,30000,0,0,0,0,0,0

STAR,MOPD1B,VUKEP,4
IF,VUKEP,-18.304167,-47.715833, ,0.0,0.0,0,0,0,0,0,0,0,0
TF,WELIN,-16.925667,-48.423667,0, ,0.0,0.0,0.0,0.0,3,30000,0,0,0,0,0,0

STAR,MOPD1B,29L,5
IF,WELIN,-16.925667,-48.423667, ,0.0,0.0,3,30000,0,0,0,0,0,0
TF,BR022,-16.384378,-48.284000,0, ,0.0,0.0,0.0,0.0,2,20000,0,0,0,0,0,0
TF,BR033,-16.153200,-48.224594,0, ,0.0,0.0,0.0,0.0,0,0,0,0,0,0,0,0
TF,LUVLA,-15.990758,-48.182939,0, ,0.0,0.0,0.0,0.0,3,15000,0,0,0,0,0,0
TF,BR047,-15.969500,-47.851000,0, ,0.0,0.0,0.0,0.0,2,11000,0,1,230,0,0,0
TF,MOPDA,-15.953894,-47.605200,0, ,0.0,0.0,0.0,0.0,2,7000,0,1,190,0,0,0

STAR,MOPD1B,29R,5
IF,WELIN,-16.925667,-48.423667, ,0.0,0.0,3,30000,0,0,0,0,0,0
TF,BR022,-16.384378,-48.284000,0, ,0.0,0.0,0.0,0.0,2,20000,0,0,0,0,0,0
TF,BR033,-16.153200,-48.224594,0, ,0.0,0.0,0.0,0.0,0,0,0,0,0,0,0,0
TF,LUVLA,-15.990758,-48.182939,0, ,0.0,0.0,0.0,0.0,3,15000,0,0,0,0,0,0
TF,BR047,-15.969500,-47.851000,0, ,0.0,0.0,0.0,0.0,2,11000,0,1,230,0,0,0
TF,MOPDA,-15.953894,-47.605200,0, ,0.0,0.0,0.0,0.0,2,7000,0,1,190,0,0,0

STAR,OBDO1B,CHORD,4
IF,CHORD,-12.863667,-49.399500, ,0.0,0.0,0,0,0,0,0,0,0,0
TF,EGBAV,-13.360333,-49.344000,0, ,0.0,0.0,0.0,0.0,0,0,0,0,0,0,0,0
TF,NIDRU,-13.526833,-49.275333,0, ,0.0,0.0,0.0,0.0,0,0,0,0,0,0,0,0
TF,MUDPA,-14.876667,-48.714833,0, ,0.0,0.0,0.0,0.0,0,0,0,0,0,0,0,0
TF,OBDOG,-15.215000,-48.944667,0, ,0.0,0.0,0.0,0.0,3,26000,0,0,0,0,0,0

STAR,OBDO1B,IRULI,4
IF,IRULI,-14.653333,-49.240167, ,0.0,0.0,0,0,0,0,0,0,0,0
TF,OBDOG,-15.215000,-48.944667,0, ,0.0,0.0,0.0,0.0,3,26000,0,0,0,0,0,0

STAR,OBDO1B,MOSNA,4
IF,MOSNA,-15.077667,-51.573500, ,0.0,0.0,0,0,0,0,0,0,0,0
TF,OBDOG,-15.215000,-48.944667,0, ,0.0,0.0,0.0,0.0,3,26000,0,0,0,0,0,0

STAR,OBDO1B,PAPES,4
IF,PAPES,-14.491339,-49.948900, ,0.0,0.0,0,0,0,0,0,0,0,0
TF,OBDOG,-15.215000,-48.944667,0, ,0.0,0.0,0.0,0.0,3,26000,0,0,0,0,0,0

STAR,OBDO1B,RUSTE,4
IF,RUSTE,-12.257667,-48.241333, ,0.0,0.0,0,0,0,0,0,0,0,0
TF,MUDPA,-14.876667,-48.714833,0, ,0.0,0.0,0.0,0.0,0,0,0,0,0,0,0,0
TF,OBDOG,-15.215000,-48.944667,0, ,0.0,0.0,0.0,0.0,3,26000,0,0,0,0,0,0

STAR,OBDO1B,29L,5
IF,OBDOG,-15.215000,-48.944667, ,0.0,0.0,3,26000,0,0,0,0,0,0
TF,MILIX,-15.333333,-48.777500,0, ,0.0,0.0,0.0,0.0,0,0,0,0,0,0,0,0
TF,KOGNO,-15.788278,-48.228239,0, ,0.0,0.0,0.0,0.0,0,0,0,0,0,0,0,0
TF,BR042,-15.765028,-47.865028,0, ,0.0,0.0,0.0,0.0,2,10000,0,1,230,0,0,0
TF,BR057,-15.756108,-47.728425,0, ,0.0,0.0,0.0,0.0,2,8000,0,0,0,0,0,0
TF,EDVIV,-15.750381,-47.641378,0, ,0.0,0.0,0.0,0.0,2,6000,0,1,190,0,0,0

STAR,OBDO1B,29R,5
IF,OBDOG,-15.215000,-48.944667, ,0.0,0.0,3,26000,0,0,0,0,0,0
TF,MILIX,-15.333333,-48.777500,0, ,0.0,0.0,0.0,0.0,0,0,0,0,0,0,0,0
TF,KOGNO,-15.788278,-48.228239,0, ,0.0,0.0,0.0,0.0,0,0,0,0,0,0,0,0
TF,BR042,-15.765028,-47.865028,0, ,0.0,0.0,0.0,0.0,2,10000,0,1,230,0,0,0
TF,BR057,-15.756108,-47.728425,0, ,0.0,0.0,0.0,0.0,2,8000,0,0,0,0,0,0
TF,EDVIV,-15.750381,-47.641378,0, ,0.0,0.0,0.0,0.0,2,6000,0,1,190,0,0,0

STAR,OBDO2A,CHORD,4
IF,CHORD,-12.863667,-49.399500, ,0.0,0.0,0,0,0,0,0,0,0,0
TF,EGBAV,-13.360333,-49.344000,0, ,0.0,0.0,0.0,0.0,0,0,0,0,0,0,0,0
TF,NIDRU,-13.526833,-49.275333,0, ,0.0,0.0,0.0,0.0,0,0,0,0,0,0,0,0
TF,MUDPA,-14.876667,-48.714833,0, ,0.0,0.0,0.0,0.0,0,0,0,0,0,0,0,0
TF,OBDOG,-15.215000,-48.944667,0, ,0.0,0.0,0.0,0.0,3,26000,0,0,0,0,0,0

STAR,OBDO2A,IRULI,4
IF,IRULI,-14.653333,-49.240167, ,0.0,0.0,0,0,0,0,0,0,0,0
TF,OBDOG,-15.215000,-48.944667,0, ,0.0,0.0,0.0,0.0,3,26000,0,0,0,0,0,0

STAR,OBDO2A,MOSNA,4
IF,MOSNA,-15.077667,-51.573500, ,0.0,0.0,0,0,0,0,0,0,0,0
TF,OBDOG,-15.215000,-48.944667,0, ,0.0,0.0,0.0,0.0,3,26000,0,0,0,0,0,0

STAR,OBDO2A,PAPES,4
IF,PAPES,-14.491339,-49.948900, ,0.0,0.0,0,0,0,0,0,0,0,0
TF,OBDOG,-15.215000,-48.944667,0, ,0.0,0.0,0.0,0.0,3,26000,0,0,0,0,0,0

STAR,OBDO2A,RUSTE,4
IF,RUSTE,-12.257667,-48.241333, ,0.0,0.0,0,0,0,0,0,0,0,0
TF,MUDPA,-14.876667,-48.714833,0, ,0.0,0.0,0.0,0.0,0,0,0,0,0,0,0,0
TF,OBDOG,-15.215000,-48.944667,0, ,0.0,0.0,0.0,0.0,3,26000,0,0,0,0,0,0

STAR,OBDO2A,11L,5
IF,OBDOG,-15.215000,-48.944667, ,0.0,0.0,3,26000,0,0,0,0,0,0
TF,MILIX,-15.333333,-48.777500,0, ,0.0,0.0,0.0,0.0,0,0,0,0,0,0,0,0
TF,KOGNO,-15.788278,-48.228239,0, ,0.0,0.0,0.0,0.0,2,7000,0,1,190,0,0,0

STAR,OBDO2A,11R,5
IF,OBDOG,-15.215000,-48.944667, ,0.0,0.0,3,26000,0,0,0,0,0,0
TF,MILIX,-15.333333,-48.777500,0, ,0.0,0.0,0.0,0.0,0,0,0,0,0,0,0,0
TF,KOGNO,-15.788278,-48.228239,0, ,0.0,0.0,0.0,0.0,2,7000,0,1,190,0,0,0

STAR,OCEL1B,APINO,4
IF,APINO,-14.961833,-45.207833, ,0.0,0.0,0,0,0,0,0,0,0,0
TF,OCELO,-15.218167,-46.118000,0, ,0.0,0.0,0.0,0.0,0,0,0,0,0,0,0,0

STAR,OCEL1B,CARVA,4
IF,CARVA,-14.381167,-45.350333, ,0.0,0.0,0,0,0,0,0,0,0,0
TF,OCELO,-15.218167,-46.118000,0, ,0.0,0.0,0.0,0.0,0,0,0,0,0,0,0,0

STAR,OCEL1B,29L,5
IF,OCELO,-15.218167,-46.118000, ,0.0,0.0,0,0,0,0,0,0,0,0
TF,BR073,-15.273500,-47.305667,0, ,0.0,0.0,0.0,0.0,3,18000,0,0,0,0,0,0
TF,BR099,-15.527222,-47.485000,0, ,0.0,0.0,0.0,0.0,2,11000,0,0,0,0,0,0
TF,BR032,-15.612197,-47.543903,0, ,0.0,0.0,0.0,0.0,0,0,0,1,220,0,0,0
TF,EDVIV,-15.750381,-47.641378,0, ,0.0,0.0,0.0,0.0,2,6000,0,1,190,0,0,0

STAR,OCEL1B,29R,5
IF,OCELO,-15.218167,-46.118000, ,0.0,0.0,0,0,0,0,0,0,0,0
TF,BR073,-15.273500,-47.305667,0, ,0.0,0.0,0.0,0.0,3,18000,0,0,0,0,0,0
TF,BR099,-15.527222,-47.485000,0, ,0.0,0.0,0.0,0.0,2,11000,0,0,0,0,0,0
TF,BR032,-15.612197,-47.543903,0, ,0.0,0.0,0.0,0.0,0,0,0,1,220,0,0,0
TF,EDVIV,-15.750381,-47.641378,0, ,0.0,0.0,0.0,0.0,2,6000,0,1,190,0,0,0

STAR,OCEL3A,APINO,4
IF,APINO,-14.961833,-45.207833, ,0.0,0.0,0,0,0,0,0,0,0,0
TF,OCELO,-15.218167,-46.118000,0, ,0.0,0.0,0.0,0.0,0,0,0,0,0,0,0,0

STAR,OCEL3A,CARVA,4
IF,CARVA,-14.381167,-45.350333, ,0.0,0.0,0,0,0,0,0,0,0,0
TF,OCELO,-15.218167,-46.118000,0, ,0.0,0.0,0.0,0.0,0,0,0,0,0,0,0,0

STAR,OCEL3A,11L,5
IF,OCELO,-15.218167,-46.118000, ,0.0,0.0,0,0,0,0,0,0,0,0
TF,BR073,-15.273500,-47.305667,0, ,0.0,0.0,0.0,0.0,3,18000,0,0,0,0,0,0
TF,BR032,-15.612197,-47.543903,0, ,0.0,0.0,0.0,0.0,2,11000,0,0,0,0,0,0
TF,EDVIV,-15.750381,-47.641378,0, ,0.0,0.0,0.0,0.0,0,0,0,0,0,0,0,0
TF,BR056,-15.772778,-47.985806,0, ,0.0,0.0,0.0,0.0,2,11000,0,1,220,0,0,0
TF,KOGNO,-15.788278,-48.228239,0, ,0.0,0.0,0.0,0.0,2,7000,0,1,190,0,0,0

STAR,OCEL3A,11R,5
IF,OCELO,-15.218167,-46.118000, ,0.0,0.0,0,0,0,0,0,0,0,0
TF,BR073,-15.273500,-47.305667,0, ,0.0,0.0,0.0,0.0,3,18000,0,0,0,0,0,0
TF,BR032,-15.612197,-47.543903,0, ,0.0,0.0,0.0,0.0,2,11000,0,0,0,0,0,0
TF,EDVIV,-15.750381,-47.641378,0, ,0.0,0.0,0.0,0.0,0,0,0,0,0,0,0,0
TF,BR056,-15.772778,-47.985806,0, ,0.0,0.0,0.0,0.0,2,11000,0,1,220,0,0,0
TF,KOGNO,-15.788278,-48.228239,0, ,0.0,0.0,0.0,0.0,2,7000,0,1,190,0,0,0

STAR,PAJE1B,APO,4
IF,APO,-16.245367,-48.979089, ,0.0,0.0,0,0,0,0,0,0,0,0
TF,PAJEM,-16.241833,-48.598833,0, ,0.0,0.0,0.0,0.0,2,21000,0,0,0,0,0,0

STAR,PAJE1B,EGONI,4
IF,EGONI,-18.000833,-50.029667, ,0.0,0.0,0,0,0,0,0,0,0,0
TF,GNV,-16.640833,-49.211111,0, ,0.0,0.0,0.0,0.0,0,0,0,0,0,0,0,0
TF,PAJEM,-16.241833,-48.598833,0, ,0.0,0.0,0.0,0.0,2,21000,0,0,0,0,0,0

STAR,PAJE1B,NAXIV,4
IF,NAXIV,-16.426833,-50.866167, ,0.0,0.0,0,0,0,0,0,0,0,0
TF,GNV,-16.640833,-49.211111,0, ,0.0,0.0,0.0,0.0,0,0,0,0,0,0,0,0
TF,PAJEM,-16.241833,-48.598833,0, ,0.0,0.0,0.0,0.0,2,21000,0,0,0,0,0,0

STAR,PAJE1B,NIMVA,4
IF,NIMVA,-16.468428,-49.891794, ,0.0,0.0,0,0,0,0,0,0,0,0
TF,GNV,-16.640833,-49.211111,0, ,0.0,0.0,0.0,0.0,0,0,0,0,0,0,0,0
TF,PAJEM,-16.241833,-48.598833,0, ,0.0,0.0,0.0,0.0,2,21000,0,0,0,0,0,0

STAR,PAJE1B,UBSUS,4
IF,UBSUS,-17.038333,-49.769000, ,0.0,0.0,0,0,0,0,0,0,0,0
TF,GNV,-16.640833,-49.211111,0, ,0.0,0.0,0.0,0.0,0,0,0,0,0,0,0,0
TF,PAJEM,-16.241833,-48.598833,0, ,0.0,0.0,0.0,0.0,2,21000,0,0,0,0,0,0

STAR,PAJE1B,29L,5
IF,PAJEM,-16.241833,-48.598833, ,0.0,0.0,2,21000,0,0,0,0,0,0
TF,BR033,-16.153200,-48.224594,0, ,0.0,0.0,0.0,0.0,0,0,0,0,0,0,0,0
TF,LUVLA,-15.990758,-48.182939,0, ,0.0,0.0,0.0,0.0,3,15000,0,0,0,0,0,0
TF,BR047,-15.969500,-47.851000,0, ,0.0,0.0,0.0,0.0,2,11000,0,1,230,0,0,0
TF,MOPDA,-15.953894,-47.605200,0, ,0.0,0.0,0.0,0.0,2,7000,0,1,190,0,0,0

STAR,PAJE1B,29R,5
IF,PAJEM,-16.241833,-48.598833, ,0.0,0.0,2,21000,0,0,0,0,0,0
TF,BR033,-16.153200,-48.224594,0, ,0.0,0.0,0.0,0.0,0,0,0,0,0,0,0,0
TF,LUVLA,-15.990758,-48.182939,0, ,0.0,0.0,0.0,0.0,3,15000,0,0,0,0,0,0
TF,BR047,-15.969500,-47.851000,0, ,0.0,0.0,0.0,0.0,2,11000,0,1,230,0,0,0
TF,MOPDA,-15.953894,-47.605200,0, ,0.0,0.0,0.0,0.0,2,7000,0,1,190,0,0,0

STAR,PAJE2A,APO,4
IF,APO,-16.245367,-48.979089, ,0.0,0.0,0,0,0,0,0,0,0,0
TF,PAJEM,-16.241833,-48.598833,0, ,0.0,0.0,0.0,0.0,2,15000,0,0,0,0,0,0

STAR,PAJE2A,EGONI,4
IF,EGONI,-18.000833,-50.029667, ,0.0,0.0,0,0,0,0,0,0,0,0
TF,GNV,-16.640833,-49.211111,0, ,0.0,0.0,0.0,0.0,0,0,0,0,0,0,0,0
TF,PAJEM,-16.241833,-48.598833,0, ,0.0,0.0,0.0,0.0,2,15000,0,0,0,0,0,0

STAR,PAJE2A,NAXIV,4
IF,NAXIV,-16.426833,-50.866167, ,0.0,0.0,0,0,0,0,0,0,0,0
TF,GNV,-16.640833,-49.211111,0, ,0.0,0.0,0.0,0.0,0,0,0,0,0,0,0,0
TF,PAJEM,-16.241833,-48.598833,0, ,0.0,0.0,0.0,0.0,2,15000,0,0,0,0,0,0

STAR,PAJE2A,UBSUS,4
IF,UBSUS,-17.038333,-49.769000, ,0.0,0.0,0,0,0,0,0,0,0,0
TF,GNV,-16.640833,-49.211111,0, ,0.0,0.0,0.0,0.0,0,0,0,0,0,0,0,0
TF,PAJEM,-16.241833,-48.598833,0, ,0.0,0.0,0.0,0.0,2,15000,0,0,0,0,0,0

STAR,PAJE2A,11L,5
IF,PAJEM,-16.241833,-48.598833, ,0.0,0.0,2,15000,0,0,0,0,0,0
TF,BR033,-16.153200,-48.224594,0, ,0.0,0.0,0.0,0.0,3,10000,0,1,220,0,0,0
TF,LUVLA,-15.990758,-48.182939,0, ,0.0,0.0,0.0,0.0,2,6000,0,1,190,0,0,0

STAR,PAJE2A,11R,5
IF,PAJEM,-16.241833,-48.598833, ,0.0,0.0,2,15000,0,0,0,0,0,0
TF,BR033,-16.153200,-48.224594,0, ,0.0,0.0,0.0,0.0,3,10000,0,1,220,0,0,0
TF,LUVLA,-15.990758,-48.182939,0, ,0.0,0.0,0.0,0.0,2,6000,0,1,190,0,0,0

STAR,PEDA1B,CARVA,4
IF,CARVA,-14.381167,-45.350333, ,0.0,0.0,0,0,0,0,0,0,0,0
TF,PEDAL,-14.850000,-46.791833,0, ,0.0,0.0,0.0,0.0,0,0,0,0,0,0,0,0
TF,BR073,-15.273500,-47.305667,0, ,0.0,0.0,0.0,0.0,3,18000,0,0,0,0,0,0

STAR,PEDA1B,KORAN,4
IF,KORAN,-13.923833,-46.072167, ,0.0,0.0,0,0,0,0,0,0,0,0
TF,KOGPU,-14.444667,-46.476000,0, ,0.0,0.0,0.0,0.0,0,0,0,0,0,0,0,0
TF,PEDAL,-14.850000,-46.791833,0, ,0.0,0.0,0.0,0.0,0,0,0,0,0,0,0,0
TF,BR073,-15.273500,-47.305667,0, ,0.0,0.0,0.0,0.0,3,18000,0,0,0,0,0,0

STAR,PEDA1B,PALMO,4
IF,PALMO,-14.289167,-45.913333, ,0.0,0.0,0,0,0,0,0,0,0,0
TF,PEDAL,-14.850000,-46.791833,0, ,0.0,0.0,0.0,0.0,0,0,0,0,0,0,0,0
TF,BR073,-15.273500,-47.305667,0, ,0.0,0.0,0.0,0.0,3,18000,0,0,0,0,0,0

STAR,PEDA1B,29L,5
IF,BR073,-15.273500,-47.305667, ,0.0,0.0,3,18000,0,0,0,0,0,0
TF,BR099,-15.527222,-47.485000,0, ,0.0,0.0,0.0,0.0,2,11000,0,0,0,0,0,0
TF,BR032,-15.612197,-47.543903,0, ,0.0,0.0,0.0,0.0,0,0,0,1,220,0,0,0
TF,EDVIV,-15.750381,-47.641378,0, ,0.0,0.0,0.0,0.0,2,6000,0,1,190,0,0,0

STAR,PEDA1B,29R,5
IF,BR073,-15.273500,-47.305667, ,0.0,0.0,3,18000,0,0,0,0,0,0
TF,BR099,-15.527222,-47.485000,0, ,0.0,0.0,0.0,0.0,2,11000,0,0,0,0,0,0
TF,BR032,-15.612197,-47.543903,0, ,0.0,0.0,0.0,0.0,0,0,0,1,220,0,0,0
TF,EDVIV,-15.750381,-47.641378,0, ,0.0,0.0,0.0,0.0,2,6000,0,1,190,0,0,0

STAR,PEDA3A,CARVA,4
IF,CARVA,-14.381167,-45.350333, ,0.0,0.0,0,0,0,0,0,0,0,0
TF,PEDAL,-14.850000,-46.791833,0, ,0.0,0.0,0.0,0.0,0,0,0,0,0,0,0,0

STAR,PEDA3A,KORAN,4
IF,KORAN,-13.923833,-46.072167, ,0.0,0.0,0,0,0,0,0,0,0,0
TF,KOGPU,-14.444667,-46.476000,0, ,0.0,0.0,0.0,0.0,0,0,0,0,0,0,0,0
TF,PEDAL,-14.850000,-46.791833,0, ,0.0,0.0,0.0,0.0,0,0,0,0,0,0,0,0

STAR,PEDA3A,PALMO,4
IF,PALMO,-14.289167,-45.913333, ,0.0,0.0,0,0,0,0,0,0,0,0
TF,PEDAL,-14.850000,-46.791833,0, ,0.0,0.0,0.0,0.0,0,0,0,0,0,0,0,0

STAR,PEDA3A,11L,5
IF,PEDAL,-14.850000,-46.791833, ,0.0,0.0,0,0,0,0,0,0,0,0
TF,BR073,-15.273500,-47.305667,0, ,0.0,0.0,0.0,0.0,3,18000,0,0,0,0,0,0
TF,BR032,-15.612197,-47.543903,0, ,0.0,0.0,0.0,0.0,2,11000,0,0,0,0,0,0
TF,EDVIV,-15.750381,-47.641378,0, ,0.0,0.0,0.0,0.0,0,0,0,0,0,0,0,0
TF,BR056,-15.772778,-47.985806,0, ,0.0,0.0,0.0,0.0,2,11000,0,1,220,0,0,0
TF,KOGNO,-15.788278,-48.228239,0, ,0.0,0.0,0.0,0.0,2,7000,0,1,190,0,0,0

STAR,PEDA3A,11R,5
IF,PEDAL,-14.850000,-46.791833, ,0.0,0.0,0,0,0,0,0,0,0,0
TF,BR073,-15.273500,-47.305667,0, ,0.0,0.0,0.0,0.0,3,18000,0,0,0,0,0,0
TF,BR032,-15.612197,-47.543903,0, ,0.0,0.0,0.0,0.0,2,11000,0,0,0,0,0,0
TF,EDVIV,-15.750381,-47.641378,0, ,0.0,0.0,0.0,0.0,0,0,0,0,0,0,0,0
TF,BR056,-15.772778,-47.985806,0, ,0.0,0.0,0.0,0.0,2,11000,0,1,220,0,0,0
TF,KOGNO,-15.788278,-48.228239,0, ,0.0,0.0,0.0,0.0,2,7000,0,1,190,0,0,0

STAR,PROV1B,DOKBA,4
IF,DOKBA,-18.144833,-45.421333, ,0.0,0.0,0,0,0,0,0,0,0,0
TF,PROVE,-16.827833,-46.568333,0, ,0.0,0.0,0.0,0.0,0,0,0,0,0,0,0,0

STAR,PROV1B,PUGNU,4
IF,PUGNU,-17.189667,-45.972667, ,0.0,0.0,0,0,0,0,0,0,0,0
TF,PROVE,-16.827833,-46.568333,0, ,0.0,0.0,0.0,0.0,0,0,0,0,0,0,0,0

STAR,PROV1B,REINA,4
IF,REINA,-18.438000,-45.571333, ,0.0,0.0,0,0,0,0,0,0,0,0
TF,PROVE,-16.827833,-46.568333,0, ,0.0,0.0,0.0,0.0,0,0,0,0,0,0,0,0

STAR,PROV1B,29L,6
IF,PROVE,-16.827833,-46.568333, ,0.0,0.0,0,0,0,0,0,0,0,0
TF,MOLTI,-16.388000,-47.242833,0, ,0.0,0.0,0.0,0.0,3,18000,0,0,0,0,0,0
TF,OPROK,-16.049097,-47.525911,0, ,0.0,0.0,0.0,0.0,3,11000,0,1,220,0,0,0
TF,MOPDA,-15.953894,-47.605200,0, ,0.0,0.0,0.0,0.0,2,7000,0,1,190,0,0,0

STAR,PROV1B,29R,6
IF,PROVE,-16.827833,-46.568333, ,0.0,0.0,0,0,0,0,0,0,0,0
TF,MOLTI,-16.388000,-47.242833,0, ,0.0,0.0,0.0,0.0,3,18000,0,0,0,0,0,0
TF,OPROK,-16.049097,-47.525911,0, ,0.0,0.0,0.0,0.0,3,11000,0,1,220,0,0,0
TF,MOPDA,-15.953894,-47.605200,0, ,0.0,0.0,0.0,0.0,2,7000,0,1,190,0,0,0

STAR,WELI2A,ILPAV,4
IF,ILPAV,-17.731667,-48.995167, ,0.0,0.0,0,0,0,0,0,0,0,0
TF,WELIN,-16.925667,-48.423667,0, ,0.0,0.0,0.0,0.0,3,24000,0,0,0,0,0,0

STAR,WELI2A,PABIN,4
IF,PABIN,-17.793333,-48.195667, ,0.0,0.0,0,0,0,0,0,0,0,0
TF,WELIN,-16.925667,-48.423667,0, ,0.0,0.0,0.0,0.0,3,24000,0,0,0,0,0,0

STAR,WELI2A,SIRUL,4
IF,SIRUL,-17.711958,-48.534031, ,0.0,0.0,0,0,0,0,0,0,0,0
TF,WELIN,-16.925667,-48.423667,0, ,0.0,0.0,0.0,0.0,3,24000,0,0,0,0,0,0

STAR,WELI2A,VUKEP,4
IF,VUKEP,-18.304167,-47.715833, ,0.0,0.0,0,0,0,0,0,0,0,0
TF,WELIN,-16.925667,-48.423667,0, ,0.0,0.0,0.0,0.0,3,24000,0,0,0,0,0,0

STAR,WELI2A,11L,6
IF,WELIN,-16.925667,-48.423667, ,0.0,0.0,3,24000,0,0,0,0,0,0
TF,BR022,-16.384378,-48.284000,0, ,0.0,0.0,0.0,0.0,2,13000,0,0,0,0,0,0
TF,BR033,-16.153200,-48.224594,0, ,0.0,0.0,0.0,0.0,3,10000,0,1,220,0,0,0
TF,LUVLA,-15.990758,-48.182939,0, ,0.0,0.0,0.0,0.0,2,6000,0,1,190,0,0,0

STAR,WELI2A,11R,6
IF,WELIN,-16.925667,-48.423667, ,0.0,0.0,3,24000,0,0,0,0,0,0
TF,BR022,-16.384378,-48.284000,0, ,0.0,0.0,0.0,0.0,2,13000,0,0,0,0,0,0
TF,BR033,-16.153200,-48.224594,0, ,0.0,0.0,0.0,0.0,3,10000,0,1,220,0,0,0
TF,LUVLA,-15.990758,-48.182939,0, ,0.0,0.0,0.0,0.0,2,6000,0,1,190,0,0,0

APPTR,D11LY,11L,KOGNO
IF,KOGNO,-15.788278,-48.228239, ,0.0,0.0,2,7000,0,0,0,0,1,0
AF,VJK18,-15.871067,-48.237692,1,VJK,290.9,19.5,305.0,0,0,0,0,0,0,0,0
TF,BUVAV,-15.869433,-48.143647,0, ,0.0,0.0,0.0,0.0,2,5500,0,0,0,0,1,0

APPTR,D11LY,11L,LUVLA
IF,LUVLA,-15.990758,-48.182939, ,0.0,0.0,2,6000,0,0,0,0,1,0
AF,VJK19,-15.870611,-48.211228,2,VJK,290.9,18.0,267.0,0,0,0,0,0,0,0,0
TF,BUVAV,-15.869433,-48.143647,0, ,0.0,0.0,0.0,0.0,2,5500,0,0,0,0,1,0

FINAL,D11LY,11L,D,4
IF,BUVAV,-15.869433,-48.143647,VJK,290.9,14.1,2,5500,0,0,0,0,0,0
CF,MUKEL,-15.867269,-48.022628,0,VJK,290.9,7.1,111.0,7.0,2,5240,0,0,0,0,2,0
CF,VJK25,-15.866417,-47.975881,0,VJK,290.9,4.4,111.0,2.7,2,4389,0,0,0,0,0,0
CF,VJK26,-15.865522,-47.927475,0,VJK,290.9,1.6,111.0,2.8,1,3498,0,0,0,0,3,0
CA,0,111.0,2,3900,0,0,0,0,0,0
CF,EDVIV,-15.750381,-47.641378,0,VJK,87.5,16.5,87.0,17.1,2,6000,0,0,0,0,0,0
HM,EDVIV,-15.750381,-47.641378,2, ,0.0,0.0,267.0,04.3,2,6000,0,0,0,0,0,0,0

APPTR,D11RZ,11R,KOGNO
IF,KOGNO,-15.788278,-48.228239, ,0.0,0.0,2,7000,0,0,0,0,1,0
AF,VJK14,-15.959058,-48.223533,1,VJK,275.2,19.5,305.0,0,0,0,0,0,0,0,0
TF,OGPOR,-15.934556,-48.139483,0, ,0.0,0.0,0.0,0.0,2,5500,0,0,0,0,1,0

APPTR,D11RZ,11R,LUVLA
IF,LUVLA,-15.990758,-48.182939, ,0.0,0.0,2,6000,0,0,0,0,1,0
AF,VJK13,-15.951700,-48.198169,2,VJK,275.2,18.0,267.0,0,0,0,0,0,0,0,0
TF,OGPOR,-15.934556,-48.139483,0, ,0.0,0.0,0.0,0.0,2,5500,0,0,0,0,1,0

FINAL,D11RZ,11R,D,4
IF,OGPOR,-15.934556,-48.139483,VJK,275.3,14.5,2,5500,0,0,0,0,0,0
CF,AMVIN,-15.900894,-48.023519,0,VJK,275.3,7.5,95.0,7.0,2,5140,0,0,0,0,2,0
CF,VJK15,-15.892225,-47.993700,0,VJK,275.3,5.7,95.0,1.8,2,4567,0,0,0,0,0,0
CF,VJK23,-15.876811,-47.940711,0,VJK,275.3,2.5,95.0,3.2,1,3548,0,0,0,0,3,1
CA,0,95.0,2,3900,0,0,0,0,0,0
CF,MOPDA,-15.953894,-47.605200,0,VJK,129.3,17.9,129.0,19.2,2,6000,0,0,0,0,0,0
HM,MOPDA,-15.953894,-47.605200,1, ,0.0,0.0,309.0,04.3,2,6000,0,0,0,0,0,0,0

APPTR,D29RY,29R,EDVIV
IF,EDVIV,-15.750381,-47.641378, ,0.0,0.0,2,6000,0,0,0,0,1,0
AF,VJK10,-15.808808,-47.621522,2,VJK,100.3,16.5,87.0,0,0,0,0,0,0,0,0
TF,ERURI,-15.830575,-47.729467,0, ,0.0,0.0,0.0,0.0,2,5500,0,0,0,0,1,0

APPTR,D29RY,29R,MOPDA
IF,MOPDA,-15.953894,-47.605200, ,0.0,0.0,2,7000,0,0,0,0,1,0
AF,VJK11,-15.804011,-47.597842,1,VJK,100.3,17.9,129.0,0,0,0,0,0,0,0,0
TF,ERURI,-15.830575,-47.729467,0, ,0.0,0.0,0.0,0.0,2,5500,0,0,0,0,1,0

FINAL,D29RY,29R,D,4
IF,ERURI,-15.830575,-47.729467,VJK,100.3,10.1,2,5500,0,0,0,0,0,0
CF,ASDIL,-15.847664,-47.814092,0,VJK,100.3,5.1,280.0,5.0,2,5120,0,0,0,0,2,0
CF,VJK12,-15.853053,-47.840811,0,VJK,100.3,3.5,280.0,1.6,2,4620,0,0,0,0,0,0
CF,VJK24,-15.864719,-47.898728,0,VJK,100.2,0.1,280.0,3.4,1,3530,0,0,0,0,3,0
CA,0,280.0,2,3900,0,0,0,0,0,0
CF,KOGNO,-15.788278,-48.228239,0,VJK,305.5,19.5,305.0,19.5,2,6000,0,0,0,0,0,0
HM,KOGNO,-15.788278,-48.228239,2, ,0.0,0.0,125.0,04.3,2,6000,0,0,0,0,0,0,0

APPTR,I11LW,11L,KOGNO
IF,KOGNO,-15.788278,-48.228239, ,0.0,0.0,2,7000,0,0,0,0,1,0
AF,VJK16,-15.882236,-48.237289,1,VJK,288.9,19.5,305.0,0,0,0,0,0,0,0,0
CF,MOVDO,-15.878242,-48.157931,0,IBR,288.2,15.2,109.0,4.6,2,6500,0,0,0,0,1,0

APPTR,I11LW,11L,LUVLA
IF,LUVLA,-15.990758,-48.182939, ,0.0,0.0,2,7000,0,0,0,0,1,0
AF,VJK17,-15.880906,-48.210856,2,VJK,288.9,18.0,267.0,0,0,0,0,0,0,0,0
CF,MOVDO,-15.878242,-48.157931,0,IBR,288.2,15.2,109.0,3.1,2,6500,0,0,0,0,1,0

FINAL,I11LW,11L,I,3
IF,MOVDO,-15.878242,-48.157931,IBR,288.2,15.2,2,6500,0,0,0,0,0,0
CF,DIBUB,-15.872778,-48.071656,0,IBR,288.2,10.2,108.0,5.0,1,6200,0,0,0,0,2,0
CF,RW11L,-15.863572,-47.927561,0,IBR,287.9,1.9,108.0,8.4,1,3506,0,0,0,0,3,0
VA,0,108.0,2,4000,0,0,0,0,0,0
CF,EDVIV,-15.750381,-47.641378,0,VJK,87.5,16.5,87.0,16.0,2,6000,0,0,0,0,0,0
HM,EDVIV,-15.750381,-47.641378,2, ,0.0,0.0,267.0,04.3,2,6000,0,0,0,0,0,0,0

APPTR,I11LY,11L,KOGNO
IF,KOGNO,-15.788278,-48.228239, ,0.0,0.0,2,7000,0,0,0,0,1,0
TF,BR038,-15.850086,-48.219950,0, ,0.0,0.0,0.0,0.0,2,6500,0,0,0,0,0,0
CF,MOVDO,-15.878242,-48.157931,0,IBR,288.2,15.2,137.0,4.0,2,6500,0,0,0,0,1,0

APPTR,I11LY,11L,LUVLA
IF,LUVLA,-15.990758,-48.182939, ,0.0,0.0,2,7000,0,0,0,0,1,0
CF,MOVDO,-15.878242,-48.157931,0,IBR,288.2,15.2,34.0,6.9,2,6500,0,0,0,0,1,0

FINAL,I11LY,11L,I,3
IF,MOVDO,-15.878242,-48.157931,IBR,288.2,15.2,2,6500,0,0,0,0,0,0
CF,DIBUB,-15.872778,-48.071656,0,IBR,288.2,10.2,108.0,5.0,1,6200,0,0,0,0,2,0
CF,RW11L,-15.863572,-47.927561,0,IBR,287.9,1.9,108.0,8.3,1,3506,0,0,0,0,3,0
CA,0,108.0,2,5000,0,0,0,0,0,0
DF,BR042,-15.765028,-47.865028,1, ,0.0,0.0,2,6000,0,0,0,0,0,1
HM,BR042,-15.765028,-47.865028,2, ,0.0,0.0,258.0,04.3,2,6000,0,0,0,0,0,0,0

APPTR,I11RV,11R,KOGNO
IF,KOGNO,-15.788278,-48.228239, ,0.0,0.0,2,7000,0,0,0,0,1,0
AF,BSI28,-15.918256,-48.240697,1,BSI,278.6,13.0,314.0,0,0,0,0,0,0,0,0
CF,NIMTO,-15.891694,-48.112528,0,IDF,288.2,11.9,99.0,7.6,1,5500,0,0,0,0,1,0

APPTR,I11RV,11R,LUVLA
IF,LUVLA,-15.990758,-48.182939, ,0.0,0.0,2,6000,0,0,0,0,1,0
AF,BSI30,-15.913842,-48.219561,2,BSI,278.6,11.7,254.0,0,0,0,0,0,0,0,0
CF,NIMTO,-15.891694,-48.112528,0,IDF,288.2,11.9,99.0,6.3,1,5500,0,0,0,0,1,0

FINAL,I11RV,11R,I,3
IF,NIMTO,-15.891694,-48.112528,IDF,288.2,11.9,1,5500,0,0,0,0,0,0
CF,TOSEG,-15.886194,-48.026250,0,IDF,288.2,6.9,108.0,5.0,1,5165,0,0,0,0,2,0
CF,RW11R,-15.880669,-47.939989,0,IDF,288.1,1.9,108.0,5.0,1,3552,0,0,0,0,3,0
CA,0,108.0,2,3900,0,0,0,0,0,0
CF,MOPDA,-15.953894,-47.605200,0,BSI,122.6,24.6,123.0,19.0,2,6000,0,0,0,0,0,1
HM,MOPDA,-15.953894,-47.605200,2, ,0.0,0.0,303.0,04.3,2,6000,0,0,0,0,0,0,0

APPTR,I11RX,11R,KOGNO
IF,KOGNO,-15.788278,-48.228239, ,0.0,0.0,2,7000,0,0,0,0,1,0
AF,VJK04,-15.906983,-48.234981,1,VJK,284.6,19.5,305.0,0,0,0,0,0,0,0,0
CF,NIMTO,-15.891694,-48.112528,0,IDF,288.2,11.9,104.0,7.1,1,5500,0,0,0,0,1,0

APPTR,I11RX,11R,LUVLA
IF,LUVLA,-15.990758,-48.182939, ,0.0,0.0,2,6000,0,0,0,0,1,0
AF,VJK05,-15.903711,-48.208725,2,VJK,284.6,18.0,267.0,0,0,0,0,0,0,0,0
CF,NIMTO,-15.891694,-48.112528,0,IDF,288.2,11.9,104.0,5.6,1,5500,0,0,0,0,1,0

FINAL,I11RX,11R,I,3
IF,NIMTO,-15.891694,-48.112528,IDF,288.2,11.9,1,5500,0,0,0,0,0,0
CF,TOSEG,-15.886194,-48.026250,0,IDF,288.2,6.9,108.0,5.0,1,5140,0,0,0,0,2,0
CF,RW11R,-15.880669,-47.939989,0,IDF,288.1,1.9,108.0,5.0,1,3552,0,0,0,0,3,0
VA,0,108.0,2,4500,0,0,0,0,0,0
CF,MOPDA,-15.953894,-47.605200,0,VJK,129.3,17.9,129.0,18.0,2,6000,0,0,0,0,0,0
HM,MOPDA,-15.953894,-47.605200,1, ,0.0,0.0,309.0,04.3,2,6000,0,0,0,0,0,0,0

APPTR,I11RZ,11R,KOGNO
IF,KOGNO,-15.788278,-48.228239, ,0.0,0.0,2,7000,0,0,0,0,1,0
TF,NIMTO,-15.891694,-48.112528,0,IDF,0.0,0.0,0.0,0.0,1,5500,0,0,0,0,1,0

APPTR,I11RZ,11R,LUVLA
IF,LUVLA,-15.990758,-48.182939, ,0.0,0.0,2,6000,0,0,0,0,1,0
TF,BR077,-15.934364,-48.186800,0, ,0.0,0.0,0.0,0.0,1,5500,0,0,0,0,0,0
TF,NIMTO,-15.891694,-48.112528,0,IDF,0.0,0.0,0.0,0.0,1,5500,0,0,0,0,1,0

FINAL,I11RZ,11R,I,3
IF,NIMTO,-15.891694,-48.112528,IDF,288.2,11.9,1,5500,0,0,0,0,0,0
CF,TOSEG,-15.886194,-48.026250,0,IDF,288.2,6.9,108.0,5.0,1,5140,0,0,0,0,2,0
CF,RW11R,-15.880669,-47.939989,0,IDF,288.1,1.9,108.0,5.0,1,3552,0,0,0,0,3,0
VA,0,108.0,2,4500,0,0,0,0,0,0
DF,MOPDA,-15.953894,-47.605200,0, ,0.0,0.0,2,6000,0,0,0,0,0,1
HM,MOPDA,-15.953894,-47.605200,1, ,0.0,0.0,313.0,04.3,2,6000,0,0,0,0,0,0,0

APPTR,I29LX,29L,EDVIV
IF,EDVIV,-15.750381,-47.641378, ,0.0,0.0,2,7000,0,0,0,0,1,0
AF,VJK21,-15.863081,-47.615508,2,VJK,111.6,16.5,87.0,0,0,0,0,0,0,0,0
CF,TOGIG,-15.863517,-47.675228,0,IJK,108.2,15.6,291.0,3.5,2,6500,0,0,0,0,1,0

APPTR,I29LX,29L,MOPDA
IF,MOPDA,-15.953894,-47.605200, ,0.0,0.0,2,7000,0,0,0,0,1,0
AF,VJK22,-15.862900,-47.591308,1,VJK,111.6,17.9,129.0,0,0,0,0,0,0,0,0
CF,TOGIG,-15.863517,-47.675228,0,IJK,108.2,15.6,291.0,4.9,2,6500,0,0,0,0,1,0

FINAL,I29LX,29L,I,3
IF,TOGIG,-15.863517,-47.675228,IJK,108.2,15.6,2,6500,0,0,0,0,0,0
CF,SIPAT,-15.869142,-47.761489,0,IJK,108.2,10.6,288.0,5.0,1,6220,0,0,0,0,2,0
CF,RW29L,-15.878783,-47.910647,0,IJK,108.3,1.9,288.0,8.6,1,3475,0,0,0,0,3,0
VA,0,288.0,2,4500,0,0,0,0,0,0
CF,LUVLA,-15.990758,-48.182939,0,VJK,267.3,18.0,267.0,15.0,2,7000,0,0,0,0,0,0
HM,LUVLA,-15.990758,-48.182939,2, ,0.0,0.0,87.0,04.3,2,7000,0,0,0,0,0,0,0

APPTR,I29LZ,29L,EDVIV
IF,EDVIV,-15.750381,-47.641378, ,0.0,0.0,2,7000,0,0,0,0,1,0
CF,TOGIG,-15.863517,-47.675228,0,IJK,108.2,15.6,218.0,7.0,2,6500,0,0,0,0,1,0

APPTR,I29LZ,29L,MOPDA
IF,MOPDA,-15.953894,-47.605200, ,0.0,0.0,2,7000,0,0,0,0,1,0
TF,BR026,-15.894814,-47.609286,0, ,0.0,0.0,0.0,0.0,2,6500,0,0,0,0,0,0
CF,TOGIG,-15.863517,-47.675228,0,IJK,108.2,15.6,318.0,4.2,2,6500,0,0,0,0,1,0

FINAL,I29LZ,29L,I,3
IF,TOGIG,-15.863517,-47.675228,IJK,108.2,15.6,2,6500,0,0,0,0,0,0
CF,SIPAT,-15.869142,-47.761489,0,IJK,108.2,10.6,288.0,5.0,1,6220,0,0,0,0,2,0
CF,RW29L,-15.878783,-47.910647,0,IJK,108.3,1.9,288.0,8.6,1,3475,0,0,0,0,3,0
VA,0,288.0,2,4500,0,0,0,0,0,0
DF,LUVLA,-15.990758,-48.182939,0, ,0.0,0.0,2,7000,0,0,0,0,0,1
HM,LUVLA,-15.990758,-48.182939,2, ,0.0,0.0,70.0,04.3,2,7000,0,0,0,0,0,0,0

APPTR,L11LY,11L,KOGNO
IF,KOGNO,-15.788278,-48.228239, ,0.0,0.0,2,7000,0,0,0,0,1,0
FC,KOGNO,-15.788278,-48.228239,0,BSI,0.0,0.0,148.0,4.7,0,0,0,0,0,0,0,0
CF,BR003,-15.875083,-48.107000,0,IBR,287.1,12.3,148.0,4.0,2,5500,0,0,0,0,1,0

APPTR,L11LY,11L,LUVLA
IF,LUVLA,-15.990758,-48.182939, ,0.0,0.0,2,7000,0,0,0,0,1,0
FC,LUVLA,-15.990758,-48.182939,0,BSI,0.0,0.0,54.0,4.2,0,0,0,0,0,0,0,0
CF,BR003,-15.875083,-48.107000,0,IBR,287.1,12.3,54.0,4.0,2,5500,0,0,0,0,1,0

FINAL,L11LY,11L,D,4
IF,BR003,-15.875083,-48.107000,IBR,287.1,12.3,2,5500,0,0,0,0,0,0
CF,BR009,-15.869111,-48.013833,0,IBR,287.1,6.9,107.0,5.4,2,5090,0,0,0,0,2,0
CF,BR078,-15.866706,-47.975872,0,IBR,287.1,4.7,107.0,2.2,2,4389,0,0,0,0,0,0
CF,RW11L,-15.863572,-47.927561,0,IBR,286.9,1.9,107.0,2.8,1,3498,0,0,0,0,3,1
CA,0,107.0,2,5000,0,0,0,0,0,0
DF,BR042,-15.765028,-47.865028,1, ,0.0,0.0,2,6000,0,0,0,0,0,1
HM,BR042,-15.765028,-47.865028,2, ,0.0,0.0,258.0,04.3,2,6000,0,0,0,0,0,0,0

APPTR,L11RZ,11R,KOGNO
IF,KOGNO,-15.788278,-48.228239, ,0.0,0.0,2,7000,0,0,0,0,1,0
FC,KOGNO,-15.788278,-48.228239,0,BSI,0.0,0.0,154.0,5.1,0,0,0,0,0,0,0,0
CF,NIMTO,-15.891694,-48.112528,0,IDF,288.2,11.9,154.0,4.0,2,5500,0,0,0,0,1,0

APPTR,L11RZ,11R,LUVLA
IF,LUVLA,-15.990758,-48.182939, ,0.0,0.0,2,7000,0,0,0,0,1,0
CF,NIMTO,-15.891694,-48.112528,0,IDF,288.2,11.9,56.0,7.2,2,5500,0,0,0,0,1,0

FINAL,L11RZ,11R,D,4
IF,NIMTO,-15.891694,-48.112528,IDF,288.2,11.9,2,5500,0,0,0,0,0,0
CF,TOSEG,-15.886194,-48.026250,0,IDF,288.2,6.9,107.0,5.0,2,5140,0,0,0,0,2,0
CF,IDF02,-15.883417,-47.983114,0,IDF,288.2,4.4,107.0,2.5,2,4360,0,0,0,0,0,0
CF,RW11R,-15.880669,-47.939989,0,IDF,288.1,1.9,107.0,2.5,1,3552,0,0,0,0,3,0
CA,0,107.0,2,3900,0,0,0,0,0,0
DF,BR047,-15.969500,-47.851000,0, ,0.0,0.0,2,6000,0,0,0,0,0,1
HM,BR047,-15.969500,-47.851000,2, ,0.0,0.0,317.0,04.3,2,6000,0,0,0,0,0,0,0

APPTR,R11LY,11L,KOGNO
IF,KOGNO,-15.788278,-48.228239, ,0.0,0.0,2,7000,0,0,0,0,1,0
TF,BR003,-15.875083,-48.107000,0, ,0.0,0.0,0.0,0.0,2,5500,0,0,0,0,1,0

APPTR,R11LY,11L,LUVLA
IF,LUVLA,-15.990758,-48.182939, ,0.0,0.0,2,7000,0,0,0,0,1,0
TF,BR003,-15.875083,-48.107000,0, ,0.0,0.0,0.0,0.0,2,5500,0,0,0,0,1,0

FINAL,R11LY,11L,R,4
IF,BR003,-15.875083,-48.107000, ,0.0,0.0,2,5500,0,0,0,0,0,0
TF,BR009,-15.869111,-48.013833,0, ,0.0,0.0,107.0,5.4,2,5090,0,0,0,0,2,0
TF,25THR,-15.866347,-47.970697,0, ,0.0,0.0,107.0,2.5,2,4230,0,0,0,0,0,0
TF,RW11L,-15.863572,-47.927561,0, ,0.0,0.0,107.0,2.5,1,3498,0,0,0,0,3,1
CA,0,107.0,2,5000,0,0,0,0,0,0
DF,BR042,-15.765028,-47.865028,1, ,0.0,0.0,2,6000,0,0,0,0,0,1
HM,BR042,-15.765028,-47.865028,2, ,0.0,0.0,258.0,04.3,0,0,0,0,0,0,0,0,0

APPTR,R11LZ,11L,BR001
IF,BR001,-15.988139,-48.141500, ,0.0,0.0,2,7000,0,0,0,0,1,0
TF,BR003,-15.875083,-48.107000,0, ,0.0,0.0,0.0,0.0,3,5300,0,0,0,0,1,0

APPTR,R11LZ,11L,BR004
IF,BR004,-15.782778,-48.141972, ,0.0,0.0,2,7000,0,0,0,0,1,0
TF,BR003,-15.875083,-48.107000,0, ,0.0,0.0,0.0,0.0,3,5300,0,0,0,0,1,0

FINAL,R11LZ,11L,R,3
IF,BR003,-15.875083,-48.107000, ,0.0,0.0,3,5300,0,0,0,0,0,0
TF,BR009,-15.869111,-48.013833,0, ,0.0,0.0,107.0,5.4,2,5090,0,0,0,0,2,0
TF,RW11L,-15.863572,-47.927561,0, ,0.0,0.0,107.0,5.0,1,3498,0,0,0,0,3,1
VA,0,107.0,2,5000,0,0,0,0,0,0
DF,BR042,-15.765028,-47.865028,1, ,0.0,0.0,1,6000,0,0,0,0,0,0
HM,BR042,-15.765028,-47.865028,2, ,0.0,0.0,257.0,04.3,0,0,0,0,0,0,0,0,0

APPTR,R11RZ,11R,KOGNO
IF,KOGNO,-15.788278,-48.228239, ,0.0,0.0,2,7000,0,0,0,0,1,0
TF,NIMTO,-15.891694,-48.112528,0, ,0.0,0.0,0.0,0.0,2,5500,0,0,0,0,1,0

APPTR,R11RZ,11R,LUVLA
IF,LUVLA,-15.990758,-48.182939, ,0.0,0.0,2,7000,0,0,0,0,1,0
TF,NIMTO,-15.891694,-48.112528,0, ,0.0,0.0,0.0,0.0,2,5500,0,0,0,0,1,0

FINAL,R11RZ,11R,R,4
IF,NIMTO,-15.891694,-48.112528, ,0.0,0.0,2,5500,0,0,0,0,0,0
TF,TOSEG,-15.886194,-48.026250,0, ,0.0,0.0,107.0,5.0,2,5140,0,0,0,0,2,0
TF,25TH2,-15.883436,-47.983108,0, ,0.0,0.0,107.0,2.5,2,4350,0,0,0,0,0,0
TF,RW11R,-15.880669,-47.939989,0, ,0.0,0.0,107.0,2.5,1,3548,0,0,0,0,3,1
DF,BR047,-15.969500,-47.851000,0, ,0.0,0.0,2,6000,0,1,230,0,0,1
HM,BR047,-15.969500,-47.851000,2, ,0.0,0.0,317.0,04.3,2,6000,0,0,0,0,0,0,0

APPTR,R29LX,29L,EDVIV
IF,EDVIV,-15.750381,-47.641378, ,0.0,0.0,2,7000,0,0,0,0,1,0
TF,TOGIG,-15.863517,-47.675228,0, ,0.0,0.0,0.0,0.0,2,6000,0,0,0,0,1,0

APPTR,R29LX,29L,MOPDA
IF,MOPDA,-15.953894,-47.605200, ,0.0,0.0,2,7000,0,0,0,0,1,0
TF,BR026,-15.894814,-47.609286,0, ,0.0,0.0,0.0,0.0,2,6500,0,0,0,0,0,0
TF,TOGIG,-15.863517,-47.675228,0, ,0.0,0.0,0.0,0.0,2,6000,0,0,0,0,1,0

FINAL,R29LX,29L,R,4
IF,TOGIG,-15.863517,-47.675228, ,0.0,0.0,2,6000,0,0,0,0,0,0
TF,BR002,-15.869908,-47.773708,0, ,0.0,0.0,288.0,5.7,2,6000,0,0,0,0,2,0
TF,BR007,-15.876108,-47.869236,0, ,0.0,0.0,288.0,5.5,2,4237,0,0,0,0,0,0
TF,RW29L,-15.878783,-47.910647,0, ,0.0,0.0,288.0,2.4,1,3472,0,0,0,0,3,1
CA,0,288.0,2,5000,0,0,0,0,0,0
DF,BR046,-15.977333,-47.971694,1, ,0.0,0.0,2,6000,0,0,0,0,0,1
HM,BR046,-15.977333,-47.971694,2, ,0.0,0.0,87.0,04.3,2,6000,0,0,0,0,0,0,0

APPTR,R29RY,29R,EDVIV
IF,EDVIV,-15.750381,-47.641378, ,0.0,0.0,2,6000,0,0,0,0,1,0
TF,BR076,-15.802658,-47.651567,0, ,0.0,0.0,0.0,0.0,1,5500,0,0,0,0,0,0
TF,KOTVU,-15.850472,-47.725222,0, ,0.0,0.0,0.0,0.0,2,5000,0,0,0,0,1,0

APPTR,R29RY,29R,MOPDA
IF,MOPDA,-15.953894,-47.605200, ,0.0,0.0,2,7000,0,0,0,0,1,0
TF,KOTVU,-15.850472,-47.725222,0, ,0.0,0.0,0.0,0.0,2,5000,0,0,0,0,1,0

FINAL,R29RY,29R,R,4
IF,KOTVU,-15.850472,-47.725222, ,0.0,0.0,2,5000,0,0,0,0,0,0
TF,BR079,-15.856575,-47.819525,0, ,0.0,0.0,288.0,5.5,2,5000,0,0,0,0,2,0
TF,BR081,-15.858386,-47.847392,0, ,0.0,0.0,288.0,1.6,2,4486,0,0,0,0,0,0
TF,RW29R,-15.861739,-47.899150,0, ,0.0,0.0,288.0,3.0,1,3530,0,0,0,0,3,1
CA,0,288.0,2,5000,0,0,0,0,0,0
DF,BR056,-15.772778,-47.985806,2, ,0.0,0.0,2,6000,0,0,0,0,0,1
HM,BR056,-15.772778,-47.985806,2, ,0.0,0.0,137.0,04.3,2,6000,0,0,0,0,0,0,0

