SID,BUVE1A,14,1
CA,0,142.0,2,2600,0,0,0,0,0,0
CI,1, ,0.0,293.0,0,0,0,0,0,0,0,0
CF,BUVER,-21.824500,-49.900000,0,PRR,95.5,87.6,323.0,48.0,0,0,0,0,0,0,0,0

SID,BUVE1A,32,1
CF,BRU,-22.314000,-49.107167,0,PIR,278.3,100.1,322.0,3.1,0,0,0,0,0,0,0,0
TF,BUVER,-21.824500,-49.900000,0, ,0.0,0.0,0.0,0.0,0,0,0,0,0,0,0,0

SID,CAYA1A,14,5
CF,CAYAM,-22.375897,-49.002319,0,PIR,275.5,95.2,143.0,3.0,2,2700,0,1,230,0,0,1

SID,CAYA1A,DEXOV,6
IF,CAYAM,-22.375897,-49.002319, ,0.0,0.0,2,2700,0,1,230,0,0,0
TF,BU002,-22.521633,-48.948783,0, ,0.0,0.0,0.0,0.0,0,0,0,1,230,0,0,1
TF,DEXOV,-22.723639,-49.832225,2, ,0.0,0.0,0.0,0.0,0,0,0,0,0,0,0,0

SID,CAYA1A,EDMOX,6
IF,CAYAM,-22.375897,-49.002319, ,0.0,0.0,2,2700,0,1,230,0,0,0
TF,EDMOX,-22.255314,-48.593547,0, ,0.0,0.0,0.0,0.0,0,0,0,0,0,0,0,0

SID,CAYA1A,ENPEG,6
IF,CAYAM,-22.375897,-49.002319, ,0.0,0.0,2,2700,0,1,230,0,0,0
TF,EDVUL,-22.129444,-48.991828,0, ,0.0,0.0,0.0,0.0,0,0,0,0,0,0,0,0
TF,ENPEG,-21.760956,-49.005031,0, ,0.0,0.0,0.0,0.0,0,0,0,0,0,0,0,0

SID,CAYA1A,ESAVA,6
IF,CAYAM,-22.375897,-49.002319, ,0.0,0.0,2,2700,0,1,230,0,0,0
TF,BU002,-22.521633,-48.948783,0, ,0.0,0.0,0.0,0.0,0,0,0,1,230,0,0,1
TF,ESAVA,-22.948397,-49.162425,0, ,0.0,0.0,0.0,0.0,0,0,0,0,0,0,0,0

SID,CAYA1A,LUTVI,6
IF,CAYAM,-22.375897,-49.002319, ,0.0,0.0,2,2700,0,1,230,0,0,0
TF,BU002,-22.521633,-48.948783,0, ,0.0,0.0,0.0,0.0,0,0,0,1,230,0,0,1
TF,SOFIA,-22.454833,-49.291833,2, ,0.0,0.0,0.0,0.0,0,0,0,0,0,0,0,0
TF,LUTVI,-22.299400,-50.171197,0, ,0.0,0.0,0.0,0.0,0,0,0,0,0,0,0,0

SID,CAYA1A,NENON,6
IF,CAYAM,-22.375897,-49.002319, ,0.0,0.0,2,2700,0,1,230,0,0,0
TF,EDVUL,-22.129444,-48.991828,0, ,0.0,0.0,0.0,0.0,0,0,0,0,0,0,0,0
TF,NENON,-21.834450,-48.803606,0, ,0.0,0.0,0.0,0.0,0,0,0,0,0,0,0,0

SID,CAYA1A,NEVKU,6
IF,CAYAM,-22.375897,-49.002319, ,0.0,0.0,2,2700,0,1,230,0,0,0
TF,BU002,-22.521633,-48.948783,0, ,0.0,0.0,0.0,0.0,0,0,0,1,230,0,0,1
TF,SOFIA,-22.454833,-49.291833,2, ,0.0,0.0,0.0,0.0,0,0,0,0,0,0,0,0
TF,NEVKU,-22.099272,-50.077653,0, ,0.0,0.0,0.0,0.0,0,0,0,0,0,0,0,0

SID,CAYA1A,OBLUG,6
IF,CAYAM,-22.375897,-49.002319, ,0.0,0.0,2,2700,0,1,230,0,0,0
TF,OBLUG,-22.609711,-48.459561,0, ,0.0,0.0,0.0,0.0,0,0,0,0,0,0,0,0

SID,CAYA1A,PUMUS,6
IF,CAYAM,-22.375897,-49.002319, ,0.0,0.0,2,2700,0,1,230,0,0,0
TF,EDMOX,-22.255314,-48.593547,0, ,0.0,0.0,0.0,0.0,0,0,0,0,0,0,0,0
TF,PUMUS,-21.973539,-48.419939,0, ,0.0,0.0,0.0,0.0,0,0,0,0,0,0,0,0

SID,ENAC1A,14,1
CA,0,142.0,2,2600,0,0,0,0,0,0
VI,1, ,0.0,344.0,0,0,0,0,0,0,0,0
CF,ENACT,-21.935000,-49.040667,0,PIR,291.5,94.6,29.0,16.0,0,0,0,0,0,0,0,0

SID,ENAC1A,32,1
CF,BRU,-22.314000,-49.107167,0,PIR,278.3,100.1,322.0,3.1,0,0,0,0,0,0,0,0
TF,ENACT,-21.935000,-49.040667,0, ,0.0,0.0,0.0,0.0,0,0,0,0,0,0,0,0

SID,EPLA1A,32,5
CF,EPLAB,-22.313764,-49.105639,0,PIR,278.3,100.1,323.0,3.1,2,2800,0,1,210,0,0,0

SID,EPLA1A,DEXOV,6
IF,EPLAB,-22.313764,-49.105639, ,0.0,0.0,2,2800,0,1,210,0,0,0
TF,SOFIA,-22.454833,-49.291833,0, ,0.0,0.0,0.0,0.0,0,0,0,0,0,0,0,0
TF,DEXOV,-22.723639,-49.832225,0, ,0.0,0.0,0.0,0.0,0,0,0,0,0,0,0,0

SID,EPLA1A,EDMOX,6
IF,EPLAB,-22.313764,-49.105639, ,0.0,0.0,2,2800,0,1,210,0,0,0
TF,AE022,-22.214000,-49.042333,0, ,0.0,0.0,0.0,0.0,0,0,0,1,210,0,0,0
TF,EDMOX,-22.255314,-48.593547,0, ,0.0,0.0,0.0,0.0,0,0,0,0,0,0,0,0

SID,EPLA1A,ENPEG,6
IF,EPLAB,-22.313764,-49.105639, ,0.0,0.0,2,2800,0,1,210,0,0,0
TF,PALCA,-22.098783,-49.088278,0, ,0.0,0.0,0.0,0.0,0,0,0,0,0,0,0,0
TF,ENPEG,-21.760956,-49.005031,0, ,0.0,0.0,0.0,0.0,0,0,0,0,0,0,0,0

SID,EPLA1A,ESAVA,6
IF,EPLAB,-22.313764,-49.105639, ,0.0,0.0,2,2800,0,1,210,0,0,0
TF,SOFIA,-22.454833,-49.291833,0, ,0.0,0.0,0.0,0.0,0,0,0,0,0,0,0,0
TF,ESAVA,-22.948397,-49.162425,0, ,0.0,0.0,0.0,0.0,0,0,0,0,0,0,0,0

SID,EPLA1A,LUTVI,6
IF,EPLAB,-22.313764,-49.105639, ,0.0,0.0,2,2800,0,1,210,0,0,0
TF,LUTVI,-22.299400,-50.171197,0, ,0.0,0.0,0.0,0.0,0,0,0,0,0,0,0,0

SID,EPLA1A,NENON,6
IF,EPLAB,-22.313764,-49.105639, ,0.0,0.0,2,2800,0,1,210,0,0,0
TF,AE022,-22.214000,-49.042333,0, ,0.0,0.0,0.0,0.0,0,0,0,1,210,0,0,0
TF,EDVUL,-22.129444,-48.991828,0, ,0.0,0.0,0.0,0.0,0,0,0,0,0,0,0,0
TF,NENON,-21.834450,-48.803606,0, ,0.0,0.0,0.0,0.0,0,0,0,0,0,0,0,0

SID,EPLA1A,NEVKU,6
IF,EPLAB,-22.313764,-49.105639, ,0.0,0.0,2,2800,0,1,210,0,0,0
TF,NEVKU,-22.099272,-50.077653,0, ,0.0,0.0,0.0,0.0,0,0,0,0,0,0,0,0

SID,EPLA1A,OBLUG,6
IF,EPLAB,-22.313764,-49.105639, ,0.0,0.0,2,2800,0,1,210,0,0,0
TF,AE022,-22.214000,-49.042333,0, ,0.0,0.0,0.0,0.0,0,0,0,1,210,0,0,0
TF,OBLUG,-22.609711,-48.459561,2, ,0.0,0.0,0.0,0.0,0,0,0,0,0,0,0,0

SID,EPLA1A,PUMUS,6
IF,EPLAB,-22.313764,-49.105639, ,0.0,0.0,2,2800,0,1,210,0,0,0
TF,AE022,-22.214000,-49.042333,0, ,0.0,0.0,0.0,0.0,0,0,0,1,210,0,0,0
TF,EDMOX,-22.255314,-48.593547,0, ,0.0,0.0,0.0,0.0,0,0,0,0,0,0,0,0
TF,PUMUS,-21.973539,-48.419939,0, ,0.0,0.0,0.0,0.0,0,0,0,0,0,0,0,0

SID,FRAU1A,14,1
CA,0,142.0,2,2600,0,0,0,0,0,0
VI,1, ,0.0,51.0,0,0,0,0,0,0,0,0
CF,FRAUD,-22.083000,-48.658667,0,PIR,285.2,73.5,81.0,18.0,0,0,0,0,0,0,0,0

SID,FRAU1A,32,1
CF,BRU,-22.314000,-49.107167,0,PIR,278.3,100.1,322.0,3.1,0,0,0,0,0,0,0,0
TF,FRAUD,-22.083000,-48.658667,2, ,0.0,0.0,0.0,0.0,0,0,0,0,0,0,0,0

SID,MOMV1A,14,1
CA,0,142.0,2,2600,0,0,0,0,0,0
VI,0, ,0.0,101.0,0,0,0,0,0,0,0,0
CF,MOMVA,-22.480000,-48.642000,0,PIR,267.5,78.1,131.0,21.0,0,0,0,0,0,0,0,0

SID,MOMV1A,32,1
CF,BRU,-22.314000,-49.107167,0,PIR,278.3,100.1,322.0,3.1,0,0,0,0,0,0,0,0
TF,MOMVA,-22.480000,-48.642000,2, ,0.0,0.0,0.0,0.0,0,0,0,0,0,0,0,0

SID,MOXA1A,14,1
CA,0,142.0,2,2600,0,0,0,0,0,0
VI,0, ,0.0,69.0,0,0,0,0,0,0,0,0
CF,MOXAV,-22.211333,-48.548667,0,PIR,278.4,68.5,99.0,20.0,0,0,0,0,0,0,0,0

SID,MOXA1A,32,1
CF,BRU,-22.314000,-49.107167,0,PIR,278.3,100.1,322.0,3.1,0,0,0,0,0,0,0,0
TF,MOXAV,-22.211333,-48.548667,2, ,0.0,0.0,0.0,0.0,0,0,0,0,0,0,0,0

SID,NERV1A,14,1
CA,0,142.0,2,8000,0,0,0,0,0,0
DF,DEXOV,-22.723639,-49.832225,2, ,0.0,0.0,0,0,0,0,0,0,0,0

SID,NERV1A,32,1
CA,0,322.0,2,8000,0,0,0,0,0,0
DF,DEXOV,-22.723639,-49.832225,0, ,0.0,0.0,0,0,0,0,0,0,0,0

SID,OMNI,14,1
VA,0,144.0,2,3000,0,0,0,0,0,0
VM,0,0,0,144.0,0,0,0,0,0,0,0,0

SID,OMNI,32,1
VA,0,324.0,2,3000,0,0,0,0,0,0
VM,0,0,0,324.0,0,0,0,0,0,0,0,0

SID,ORDE1A,14,1
CA,0,142.0,2,8000,0,0,0,0,0,0
DF,ESAVA,-22.948397,-49.162425,0, ,0.0,0.0,0,0,0,0,0,0,0,0

SID,ORDE1A,32,1
CA,0,322.0,2,8000,0,0,0,0,0,0
DF,ESAVA,-22.948397,-49.162425,1, ,0.0,0.0,0,0,0,0,0,0,0,0

SID,ORIG1A,14,1
CA,0,142.0,2,8000,0,0,0,0,0,0
DF,NEVKU,-22.099272,-50.077653,2, ,0.0,0.0,0,0,0,0,0,0,0,0

SID,ORIG1A,32,1
CA,0,322.0,2,8000,0,0,0,0,0,0
DF,NEVKU,-22.099272,-50.077653,0, ,0.0,0.0,0,0,0,0,0,0,0,0

SID,PERA1A,14,1
CA,0,142.0,2,2600,0,0,0,0,0,0
VI,1, ,0.0,21.0,0,0,0,0,0,0,0,0
CF,PERAU,-21.989500,-48.900167,0,PIR,289.5,86.8,51.0,10.0,0,0,0,0,0,0,0,0

SID,PERA1A,32,1
CF,BRU,-22.314000,-49.107167,0,PIR,278.3,100.1,322.0,3.1,0,0,0,0,0,0,0,0
TF,PERAU,-21.989500,-48.900167,0, ,0.0,0.0,0.0,0.0,0,0,0,0,0,0,0,0

SID,RENA1A,14,1
CA,0,142.0,2,2600,0,0,0,0,0,0
CI,2, ,0.0,323.0,0,0,0,0,0,0,0,0
CF,RENAN,-22.261167,-50.058000,0,PRR,113.2,76.3,293.0,48.0,0,0,0,0,0,0,0,0

SID,RENA1A,32,1
CF,BRU,-22.314000,-49.107167,0,PIR,278.3,100.1,322.0,3.1,0,0,0,0,0,0,0,0
TF,RENAN,-22.261167,-50.058000,0, ,0.0,0.0,0.0,0.0,0,0,0,0,0,0,0,0

SID,SIGA1A,14,1
CA,0,142.0,2,2600,0,0,0,0,0,0
VI,1, ,0.0,339.0,0,0,0,0,0,0,0,0
CF,SIGAK,-21.875167,-49.194833,0,PIR,293.3,103.4,9.0,18.0,0,0,0,0,0,0,0,0

SID,SIGA1A,32,1
CF,BRU,-22.314000,-49.107167,0,PIR,278.3,100.1,322.0,3.1,0,0,0,0,0,0,0,0
TF,SIGAK,-21.875167,-49.194833,0, ,0.0,0.0,0.0,0.0,0,0,0,0,0,0,0,0

APPTR,N14,14,BRU
IF,BRU,-22.314000,-49.107167, ,0.0,0.0,2,4000,0,0,0,0,0,0
HF,BRU,-22.314000,-49.107167,2, ,0.0,0.0,139.0,04.3,2,3400,0,0,0,0,0,0,0

FINAL,N14,14,N,2
IF,BRU,-22.314000,-49.107167,BRU,0.0,0.0,2,2900,0,0,0,0,2,0
CF,RW14,-22.342269,-49.058267,0,BRU,0.0,0.0,139.0,3.1,1,2060,0,0,0,0,3,0
CA,0,139.0,2,4000,0,0,0,0,0,0

APPTR,R14-Z,14,BU013
IF,BU013,-22.245361,-49.304700, ,0.0,0.0,2,5000,0,0,0,0,1,0
TF,BU012,-22.271133,-49.219236,0, ,0.0,0.0,0.0,0.0,2,4000,0,0,0,0,1,0

APPTR,R14-Z,14,BU014
IF,BU014,-22.366603,-49.252458, ,0.0,0.0,2,5000,0,0,0,0,1,0
TF,BU012,-22.271133,-49.219236,0, ,0.0,0.0,0.0,0.0,2,4000,0,0,0,0,1,0

FINAL,R14-Z,14,R,4
IF,BU012,-22.271133,-49.219236, ,0.0,0.0,2,4000,0,0,0,0,0,0
TF,BU011,-22.296861,-49.133739,0, ,0.0,0.0,128.0,5.0,2,3660,0,0,0,0,2,0
TF,BU015,-22.322611,-49.090953,0, ,0.0,0.0,143.0,2.8,2,2750,0,0,0,0,0,0
TF,RW14,-22.342269,-49.058267,0, ,0.0,0.0,143.0,2.2,1,2060,0,0,0,0,3,1
TF,BU016,-22.394033,-48.972097,0, ,0.0,0.0,0.0,0.0,0,0,0,0,0,0,0,0
TF,BU018,-22.517964,-48.851275,0, ,0.0,0.0,0.0,0.0,2,5000,0,0,0,0,0,1
HM,BU018,-22.517964,-48.851275,1, ,0.0,0.0,338.0,04.3,2,5000,0,0,0,0,0,0,0

APPTR,R32-Z,32,BU018
IF,BU018,-22.517964,-48.851275, ,0.0,0.0,2,5000,0,0,0,0,1,0
TF,BU017,-22.456011,-48.911711,0, ,0.0,0.0,0.0,0.0,2,4000,0,0,0,0,1,0

APPTR,R32-Z,32,BU019
IF,BU019,-22.523372,-48.991750, ,0.0,0.0,2,5000,0,0,0,0,1,0
TF,BU017,-22.456011,-48.911711,0, ,0.0,0.0,0.0,0.0,2,4000,0,0,0,0,1,0

FINAL,R32-Z,32,R,4
IF,BU017,-22.456011,-48.911711, ,0.0,0.0,2,4000,0,0,0,0,0,0
TF,BU016,-22.394033,-48.972097,0, ,0.0,0.0,338.0,5.0,2,3670,0,0,0,0,2,0
TF,BU001,-22.368233,-49.015064,0, ,0.0,0.0,323.0,2.8,2,2760,0,0,0,0,0,0
TF,RW32,-22.348611,-49.047500,0, ,0.0,0.0,323.0,2.2,1,2072,0,0,0,0,3,1
TF,BU011,-22.296861,-49.133739,0, ,0.0,0.0,0.0,0.0,0,0,0,0,0,0,0,0
TF,BU013,-22.245361,-49.304700,0, ,0.0,0.0,0.0,0.0,2,5000,0,0,0,0,0,0
HM,BU013,-22.245361,-49.304700,2, ,0.0,0.0,128.0,04.3,2,5000,0,0,0,0,0,0,0

