SID,BINO,07,1
CA,0,66.0,2,2700,0,0,0,0,0,0
DF,BAG,-15.853528,-52.395600,1, ,0.0,0.0,0,0,0,0,0,0,0,0
TF,BINO,-15.974833,-51.938833,0, ,0.0,0.0,0.0,0.0,0,0,0,0,0,0,0,0

SID,BINO,25,1
CA,0,246.0,2,1550,0,0,0,0,0,0
VI,1, ,0.0,93.0,0,0,0,0,0,0,0,0
CF,BINO,-15.974833,-51.938833,0,BAG,122.4,27.4,123.0,20.0,0,0,0,0,0,0,0,0

SID,BINO,ALL,2
IF,BINO,-15.974833,-51.938833, ,0.0,0.0,0,0,0,0,0,0,0,0
TF,GAVUV,-16.524333,-49.670333,0, ,0.0,0.0,0.0,0.0,0,0,0,0,0,0,0,0

SID,BOLOP,07,1
CA,0,66.0,2,2700,0,0,0,0,0,0
VI,1, ,0.0,316.0,0,0,0,0,0,0,0,0
CF,BOLOP,-15.469000,-52.640667,0,BAG,345.3,27.0,346.0,19.0,0,0,0,0,0,0,0,0

SID,BOLOP,25,1
CA,0,246.0,2,1550,0,0,0,0,0,0
VI,2, ,0.0,16.0,0,0,0,0,0,0,0,0
CF,BOLOP,-15.469000,-52.640667,0,BAG,345.3,27.0,346.0,19.0,0,0,0,0,0,0,0,0

SID,BOLOP,ALL,2
IF,BOLOP,-15.469000,-52.640667, ,0.0,0.0,0,0,0,0,0,0,0,0
TF,SAMAR,-14.713000,-53.119500,0, ,0.0,0.0,0.0,0.0,0,0,0,0,0,0,0,0

SID,COPO,07,1
CA,0,66.0,2,2700,0,0,0,0,0,0
VI,1, ,0.0,259.0,0,0,0,0,0,0,0,0
CF,COPO,-15.837167,-52.855833,0,BAG,289.0,26.6,289.0,21.0,0,0,0,0,0,0,0,0

SID,COPO,25,1
CA,0,246.0,2,1550,0,0,0,0,0,0
VI,0, ,0.0,319.0,0,0,0,0,0,0,0,0
CF,COPO,-15.837167,-52.855833,0,BAG,289.0,26.6,289.0,21.0,0,0,0,0,0,0,0,0

SID,COPO,MAGDA,3
IF,COPO,-15.837167,-52.855833, ,0.0,0.0,0,0,0,0,0,0,0,0
TF,MAGDA,-15.697500,-55.422333,0, ,0.0,0.0,0.0,0.0,0,0,0,0,0,0,0,0

SID,COPO,MOLPA,3
IF,COPO,-15.837167,-52.855833, ,0.0,0.0,0,0,0,0,0,0,0,0
TF,MOLPA,-16.097000,-53.254500,0, ,0.0,0.0,0.0,0.0,0,0,0,0,0,0,0,0

SID,ELIS,07,1
CA,0,66.0,2,2700,0,0,0,0,0,0
VI,0, ,0.0,349.0,0,0,0,0,0,0,0,0
CF,ELIS,-15.404167,-52.378667,0,BAG,19.1,26.9,19.0,21.0,0,0,0,0,0,0,0,0

SID,ELIS,25,1
CA,0,246.0,2,1550,0,0,0,0,0,0
VI,2, ,0.0,49.0,0,0,0,0,0,0,0,0
CF,ELIS,-15.404167,-52.378667,0,BAG,19.1,26.9,19.0,18.0,0,0,0,0,0,0,0,0

SID,ELIS,ALL,2
IF,ELIS,-15.404167,-52.378667, ,0.0,0.0,0,0,0,0,0,0,0,0
TF,EGOLA,-13.104333,-51.839167,0, ,0.0,0.0,0.0,0.0,0,0,0,0,0,0,0,0

SID,LOKUM,07,1
CA,0,66.0,2,2700,0,0,0,0,0,0
VI,1, ,0.0,278.0,0,0,0,0,0,0,0,0
CF,LOKUM,-15.695333,-52.832667,0,BAG,307.4,27.0,308.0,20.0,0,0,0,0,0,0,0,0

SID,LOKUM,25,1
CA,0,246.0,2,1550,0,0,0,0,0,0
VI,2, ,0.0,338.0,0,0,0,0,0,0,0,0
CF,LOKUM,-15.695333,-52.832667,0,BAG,307.4,27.0,308.0,20.0,0,0,0,0,0,0,0,0

SID,LOKUM,ALL,2
IF,LOKUM,-15.695333,-52.832667, ,0.0,0.0,0,0,0,0,0,0,0,0
TF,DOMIC,-15.390500,-53.666000,0, ,0.0,0.0,0.0,0.0,0,0,0,0,0,0,0,0

SID,NILON,07,1
CA,0,66.0,2,2700,0,0,0,0,0,0
DF,BAG,-15.853528,-52.395600,1, ,0.0,0.0,0,0,0,0,0,0,0,0
TF,NILON,-16.261667,-52.073333,0, ,0.0,0.0,0.0,0.0,0,0,0,0,0,0,0,0

SID,NILON,25,1
CA,0,246.0,2,1550,0,0,0,0,0,0
VI,1, ,0.0,130.0,0,0,0,0,0,0,0,0
CF,NILON,-16.261667,-52.073333,0,BAG,159.7,30.7,160.0,26.0,0,0,0,0,0,0,0,0

SID,NILON,ABUSE,3
IF,NILON,-16.261667,-52.073333, ,0.0,0.0,0,0,0,0,0,0,0,0
TF,ABUSE,-18.257667,-51.469333,0, ,0.0,0.0,0.0,0.0,0,0,0,0,0,0,0,0

SID,NILON,NEFAR,3
IF,NILON,-16.261667,-52.073333, ,0.0,0.0,0,0,0,0,0,0,0,0
TF,NEFAR,-17.807167,-50.837167,0, ,0.0,0.0,0.0,0.0,0,0,0,0,0,0,0,0

APPTR,D07,07,BAG
IF,BAG,-15.853528,-52.395600, ,0.0,0.0,2,4000,0,0,0,0,0,0
FC,BAG,-15.853528,-52.395600,0,BAG,0.0,0.0,238.0,10.5,2,3000,0,0,0,0,0,1
CF,CD07,-15.943750,-52.441164,1,BAG,223.0,6.0,43.0,5.0,2,3000,0,0,0,0,0,0

FINAL,D07,07,D,3
IF,CD07,-15.943750,-52.441164,BAG,223.0,6.0,2,3000,0,0,0,0,0,0
CF,FD07,-15.898625,-52.418408,0,BAG,223.0,3.0,43.0,3.0,2,2150,0,0,0,0,2,0
CF,BAG,-15.853528,-52.395600,0,BAG,0.0,0.0,43.0,3.0,1,1700,0,0,0,0,3,0
CA,0,65.0,2,4000,0,0,0,0,0,0

APPTR,S07,07,BAG
IF,BAG,-15.853528,-52.395600, ,0.0,0.0,2,4000,0,0,0,0,0,0
FC,BAG,-15.853528,-52.395600,0,BAG,0.0,0.0,238.0,10.5,2,3000,0,0,0,0,0,1
CF,CD07,-15.943750,-52.441164,1,BAG,223.0,6.0,43.0,5.0,2,3000,0,0,0,0,0,0

FINAL,S07,07,D,2
IF,CD07,-15.943750,-52.441164,BAG,223.0,6.0,2,3000,0,0,0,0,2,0
CF,BAG,-15.853528,-52.395600,0,BAG,0.0,0.0,43.0,6.0,1,2150,0,0,0,0,3,0
CA,0,65.0,2,4000,0,0,0,0,0,0

