SID,AURI1A,15,2
CA,0,152.0,2,3500,0,1,200,0,0,0
VI,2, ,0.0,250.0,0,0,0,1,200,0,0,0
IF,CAV,-25.003000,-53.503167, ,0.0,0.0,0,0,0,0,0,0,0,0
TF,AURIS,-26.438850,-53.465908,0, ,0.0,0.0,0.0,0.0,0,0,0,0,0,0,0,0

SID,AURI1B,15,5
CA,0,152.0,2,3000,0,0,0,0,0,0
DF,AURIS,-26.438850,-53.465908,0, ,0.0,0.0,0,0,0,0,0,0,0,0

SID,AURI1C,33,2
CA,0,332.0,2,4000,0,1,210,0,0,0
DF,CAV,-25.003000,-53.503167,2, ,0.0,0.0,0,0,0,1,210,0,0,0
TF,AURIS,-26.438850,-53.465908,0, ,0.0,0.0,0.0,0.0,0,0,0,0,0,0,0,0

SID,COAN1A,33,5
CA,0,332.0,2,4000,0,0,0,0,0,0
DF,COANI,-25.235167,-53.607333,1, ,0.0,0.0,0,0,0,0,0,0,0,1

SID,COAN1A,AURIS,6
IF,COANI,-25.235167,-53.607333, ,0.0,0.0,0,0,0,0,0,0,0,0
TF,AURIS,-26.438850,-53.465908,0, ,0.0,0.0,0.0,0.0,0,0,0,0,0,0,0,0

SID,COAN1A,VUGLA,6
IF,COANI,-25.235167,-53.607333, ,0.0,0.0,0,0,0,0,0,0,0,0
TF,VUGLA,-25.590617,-53.048000,0, ,0.0,0.0,0.0,0.0,0,0,0,0,0,0,0,0

SID,FOZ1A,33,5
CA,0,332.0,2,4000,0,0,0,0,0,0
DF,MATEL,-25.224333,-53.882333,0, ,0.0,0.0,0,0,0,0,0,0,0,0
TF,FOZ,-25.583203,-54.503514,0, ,0.0,0.0,0.0,0.0,0,0,0,0,0,0,0,0

SID,FOZ1B,15,2
CA,0,152.0,2,3500,0,1,200,0,0,0
DF,CAV,-25.003000,-53.503167,1, ,0.0,0.0,0,0,0,1,200,0,0,0
TF,MATEL,-25.224333,-53.882333,0, ,0.0,0.0,0.0,0.0,0,0,0,0,0,0,0,0
TF,FOZ,-25.583203,-54.503514,0, ,0.0,0.0,0.0,0.0,0,0,0,0,0,0,0,0

SID,FOZ1C,15,5
CA,0,152.0,2,3000,0,0,0,0,0,0
DF,MATEL,-25.224333,-53.882333,2, ,0.0,0.0,0,0,0,0,0,0,0,0
TF,FOZ,-25.583203,-54.503514,0, ,0.0,0.0,0.0,0.0,0,0,0,0,0,0,0,0

SID,FOZ1D,33,2
CA,0,332.0,2,4000,0,1,210,0,0,0
DF,CAV,-25.003000,-53.503167,2, ,0.0,0.0,0,0,0,1,210,0,0,0
TF,MATEL,-25.224333,-53.882333,0, ,0.0,0.0,0.0,0.0,0,0,0,0,0,0,0,0
TF,FOZ,-25.583203,-54.503514,0, ,0.0,0.0,0.0,0.0,0,0,0,0,0,0,0,0

SID,MATE1A,33,5
CA,0,332.0,2,4000,0,0,0,0,0,0
DF,MATEL,-25.224333,-53.882333,0, ,0.0,0.0,0,0,0,0,0,0,0,0

SID,MATE1B,15,2
CA,0,152.0,2,3500,0,1,200,0,0,0
DF,CAV,-25.003000,-53.503167,1, ,0.0,0.0,0,0,0,1,200,0,0,0
TF,MATEL,-25.224333,-53.882333,0, ,0.0,0.0,0.0,0.0,0,0,0,0,0,0,0,0

SID,MATE1C,15,5
CA,0,152.0,2,3000,0,0,0,0,0,0
DF,MATEL,-25.224333,-53.882333,2, ,0.0,0.0,0,0,0,0,0,0,0,0

SID,MATE1D,33,2
CA,0,332.0,2,4000,0,1,210,0,0,0
DF,CAV,-25.003000,-53.503167,2, ,0.0,0.0,0,0,0,1,210,0,0,0
TF,MATEL,-25.224333,-53.882333,0, ,0.0,0.0,0.0,0.0,0,0,0,0,0,0,0,0

SID,TEME1A,33,5
CA,0,332.0,2,4000,0,0,0,0,0,0
DF,TEMED,-24.235053,-52.393442,2, ,0.0,0.0,0,0,0,0,0,0,0,0

SID,TEME1B,15,2
CA,0,152.0,2,3500,0,1,200,0,0,0
VI,1, ,0.0,330.0,0,0,0,1,200,0,0,0
IF,CAV,-25.003000,-53.503167, ,0.0,0.0,0,0,0,0,0,0,0,0
TF,TEMED,-24.235053,-52.393442,2, ,0.0,0.0,0.0,0.0,0,0,0,0,0,0,0,0

SID,TEME1C,15,5
CA,0,152.0,2,3000,0,0,0,0,0,0
DF,TEMED,-24.235053,-52.393442,0, ,0.0,0.0,0,0,0,0,0,0,0,0

SID,TEME1D,33,2
CA,0,332.0,2,4000,0,1,210,0,0,0
DF,CAV,-25.003000,-53.503167,1, ,0.0,0.0,0,0,0,1,210,0,0,0
TF,TEMED,-24.235053,-52.393442,0, ,0.0,0.0,0.0,0.0,0,0,0,0,0,0,0,0

SID,VUGL1A,15,2
CA,0,152.0,2,3500,0,0,0,0,0,0
CF,VUGLA,-25.590617,-53.048000,0,FOZ,106.6,79.0,162.0,41.0,0,0,0,0,0,0,0,0

SID,VUGL1B,15,5
CA,0,152.0,2,3000,0,0,0,0,0,0
DF,VUGLA,-25.590617,-53.048000,0, ,0.0,0.0,0,0,0,0,0,0,0,0

SID,VUGL1C,33,2
CA,0,332.0,2,4000,0,1,210,0,0,0
DF,CAV,-25.003000,-53.503167,1, ,0.0,0.0,0,0,0,1,210,0,0,0
TF,VUGLA,-25.590617,-53.048000,0, ,0.0,0.0,0.0,0.0,0,0,0,0,0,0,0,0

APPTR,N15,15,CAV
IF,CAV,-25.003000,-53.503167, ,0.0,0.0,2,4000,0,0,0,0,0,0
FC,CAV,-25.003000,-53.503167,0,CAV,0.0,0.0,359.0,8.8,2,4000,0,0,0,0,0,1
CF,FN15,-24.936025,-53.562633,1,CAV,336.0,5.2,156.0,3.7,2,4000,0,0,0,0,0,0

FINAL,N15,15,N,2
IF,FN15,-24.936025,-53.562633,CAV,0.0,0.0,2,4000,0,0,0,0,2,0
CF,RW15,-24.994531,-53.507500,0,CAV,0.0,0.0,156.0,4.6,1,2531,0,0,0,0,3,0
CF,CAV,-25.003000,-53.503167,0,CAV,0.0,0.0,156.0,0.6,0,0,0,0,0,0,0,1
CA,0,156.0,2,4000,0,0,0,0,0,0
DF,CAV,-25.003000,-53.503167,2, ,0.0,0.0,0,0,0,0,0,0,0,0
HM,CAV,-25.003000,-53.503167,2, ,0.0,0.0,359.0,04.3,0,0,0,0,0,0,0,0,0

APPTR,N33,33,CAV
IF,CAV,-25.003000,-53.503167, ,0.0,0.0,2,4000,0,0,0,0,0,0
FC,CAV,-25.003000,-53.503167,0,CAV,0.0,0.0,163.0,7.0,0,0,0,0,0,0,0,1
CF,FN33,-25.046319,-53.435228,1,CAV,140.0,4.5,320.0,2.5,2,3800,0,0,0,0,0,0

FINAL,N33,33,N,2
IF,FN33,-25.046319,-53.435228,CAV,0.0,0.0,2,3800,0,0,0,0,2,0
CF,RW33,-25.005833,-53.495111,0,CAV,0.0,0.0,320.0,4.1,1,2506,0,0,0,0,3,0
CF,CAV,-25.003000,-53.503167,0,CAV,0.0,0.0,320.0,0.5,0,0,0,0,0,0,0,1
CA,0,320.0,2,4000,0,0,0,0,0,0

APPTR,R15,15,CA003
IF,CA003,-24.805344,-53.559175, ,0.0,0.0,2,6000,0,0,0,0,1,0
TF,CA002,-24.876183,-53.637017,0, ,0.0,0.0,0.0,0.0,2,4500,0,0,0,0,1,0

APPTR,R15,15,CA004
IF,CA004,-24.946978,-53.714944, ,0.0,0.0,2,6000,0,0,0,0,1,0
TF,CA002,-24.876183,-53.637017,0, ,0.0,0.0,0.0,0.0,2,4500,0,0,0,0,1,0

APPTR,R15,15,CA006
IF,CA006,-24.805119,-53.714608, ,0.0,0.0,2,6000,0,0,0,0,1,0
TF,CA002,-24.876183,-53.637017,0, ,0.0,0.0,0.0,0.0,2,4500,0,0,0,0,1,0

FINAL,R15,15,R,4
IF,CA002,-24.876183,-53.637017, ,0.0,0.0,2,4500,0,0,0,0,0,0
TF,CA001,-24.935369,-53.572289,0, ,0.0,0.0,152.0,5.0,2,4120,0,0,0,0,2,0
TF,CA014,-24.959358,-53.546028,0, ,0.0,0.0,152.0,2.0,2,3477,0,0,0,0,0,0
TF,RW15,-24.994531,-53.507500,0, ,0.0,0.0,152.0,3.0,1,2531,0,0,0,0,3,1
CA,0,152.0,2,3300,0,0,0,0,0,0
DF,CA004,-24.946978,-53.714944,2, ,0.0,0.0,2,6000,0,0,0,0,0,0
HM,CA004,-24.946978,-53.714944,1, ,0.0,0.0,62.0,04.3,2,6000,0,0,0,0,0,0,0

APPTR,R33,33,CA007
IF,CA007,-25.194933,-53.287331, ,0.0,0.0,2,6000,0,0,0,0,1,0
TF,CA009,-25.124056,-53.365322,0, ,0.0,0.0,0.0,0.0,2,4500,0,0,0,0,1,0

APPTR,R33,33,CA011
IF,CA011,-25.053067,-53.287497, ,0.0,0.0,2,6000,0,0,0,0,1,0
TF,CA009,-25.124056,-53.365322,0, ,0.0,0.0,0.0,0.0,2,4500,0,0,0,0,1,0

APPTR,R33,33,CA012
IF,CA012,-25.195003,-53.443239, ,0.0,0.0,2,6000,0,0,0,0,1,0
TF,CA009,-25.124056,-53.365322,0, ,0.0,0.0,0.0,0.0,2,4500,0,0,0,0,1,0

FINAL,R33,33,R,4
IF,CA009,-25.124056,-53.365322, ,0.0,0.0,2,4500,0,0,0,0,0,0
TF,CA008,-25.064958,-53.430247,0, ,0.0,0.0,332.0,5.0,2,4100,0,0,0,0,2,0
TF,CA013,-25.040764,-53.456303,0, ,0.0,0.0,332.0,2.0,2,3460,0,0,0,0,0,0
TF,RW33,-25.005833,-53.495111,0, ,0.0,0.0,332.0,3.0,1,2506,0,0,0,0,3,1
CA,0,332.0,2,3300,0,0,0,0,0,0
DF,CA012,-25.195003,-53.443239,1, ,0.0,0.0,2,6000,0,0,0,0,0,0
HM,CA012,-25.195003,-53.443239,2, ,0.0,0.0,62.0,04.3,2,6000,0,0,0,0,0,0,0

