SID,ATAR2A,29,5
CF,CH003,-27.124500,-52.724333,0,CXS,343.4,148.4,296.0,3.0,2,2700,0,0,0,0,0,1
DF,ATARI,-26.727500,-52.228667,2, ,0.0,0.0,0,0,0,0,0,0,0,0

SID,AVAN,29,2
CA,0,294.0,2,2546,0,0,0,0,0,0
CF,AVAN,-27.056333,-52.759000,0,XPC,327.7,7.0,327.0,7.0,0,0,0,0,0,0,0,0
TF,FOZ,-25.583203,-54.503514,0, ,0.0,0.0,0.0,0.0,0,0,0,0,0,0,0,0

SID,BRIS,29,2
CA,0,294.0,2,2546,0,0,0,0,0,0
VI,2, ,0.0,80.0,0,0,0,0,0,0,0,0
CF,BRIS,-27.025833,-52.616833,0,XPC,35.6,7.0,35.0,2.0,0,0,0,0,0,0,0,0
TF,LON,-23.339517,-51.112525,0, ,0.0,0.0,0.0,0.0,0,0,0,0,0,0,0,0

SID,CRET,29,2
CA,0,294.0,2,2546,0,0,0,0,0,0
VI,2, ,0.0,123.0,0,0,0,0,0,0,0,0
CF,CRET,-27.084000,-52.545667,0,XPC,78.8,7.0,78.0,2.0,0,0,0,0,0,0,0,0
TF,CTB,-25.532031,-49.167664,0, ,0.0,0.0,0.0,0.0,0,0,0,0,0,0,0,0

SID,DRAW,29,2
CA,0,294.0,2,2546,0,0,0,0,0,0
VI,1, ,0.0,125.0,0,0,0,0,0,0,0,0
CF,DRAW,-27.242167,-52.608833,0,XPC,170.6,7.0,170.0,2.0,0,0,0,0,0,0,0,0
TF,POR,-29.995925,-51.165164,0, ,0.0,0.0,0.0,0.0,0,0,0,0,0,0,0,0

SID,EJET,29,2
CA,0,294.0,2,2546,0,0,0,0,0,0
VI,1, ,0.0,135.0,0,0,0,0,0,0,0,0
CF,EJET,-27.248833,-52.629667,0,XPC,180.3,7.0,180.0,2.0,0,0,0,0,0,0,0,0
TF,PFD,-28.244925,-52.333714,0, ,0.0,0.0,0.0,0.0,0,0,0,0,0,0,0,0

SID,FLAU,29,2
CA,0,294.0,2,2546,0,0,0,0,0,0
VI,1, ,0.0,169.0,0,0,0,0,0,0,0,0
CF,FLAU,-27.245833,-52.706833,0,XPC,214.6,7.0,214.0,3.0,0,0,0,0,0,0,0,0
TF,SMA,-29.709761,-53.712744,0, ,0.0,0.0,0.0,0.0,0,0,0,0,0,0,0,0

SID,GOSM,29,2
CA,0,294.0,2,2546,0,0,0,0,0,0
CF,GOSM,-27.212000,-52.762000,0,XPC,244.2,7.0,244.0,7.0,0,0,0,0,0,0,0,0
TF,SAN,-28.277833,-54.171667,0, ,0.0,0.0,0.0,0.0,0,0,0,0,0,0,0,0

SID,IMBI1A,29,5
CF,CH003,-27.124500,-52.724333,0,CXS,343.4,148.4,296.0,3.0,2,2700,0,0,0,0,0,1
DF,IMBIM,-27.224719,-52.038881,2, ,0.0,0.0,0,0,0,0,0,0,0,0

SID,NIRD1A,29,5
CF,CH003,-27.124500,-52.724333,0,CXS,343.4,148.4,296.0,3.0,2,2700,0,0,0,0,0,1
DF,NIRDA,-26.949856,-52.243058,2, ,0.0,0.0,0,0,0,0,0,0,0,0

SID,TEGE1A,29,5
CF,CH003,-27.124500,-52.724333,0,CXS,343.4,148.4,296.0,3.0,2,2700,0,0,0,0,0,1
TF,TEGET,-27.523856,-52.820594,0, ,0.0,0.0,0.0,0.0,0,0,0,0,0,0,0,0

SID,TEGE1A,MAGNA,6
IF,TEGET,-27.523856,-52.820594, ,0.0,0.0,0,0,0,0,0,0,0,0
TF,MAGNA,-27.926167,-52.772667,0, ,0.0,0.0,0.0,0.0,0,0,0,0,0,0,0,0

SID,USEX1A,29,5
CF,CH003,-27.124500,-52.724333,0,CXS,343.4,148.4,296.0,3.0,2,2700,0,0,0,0,0,1
TF,USEXA,-26.774717,-53.633242,0, ,0.0,0.0,0.0,0.0,0,0,0,0,0,0,0,0

APPTR,D11,11,CTB
IF,CTB,-25.532031,-49.167664, ,0.0,0.0,0,0,0,0,0,0,0,0
TF,D079G,-27.083956,-52.545719,0, ,0.0,0.0,0.0,0.0,0,0,0,0,0,0,0,0
AF,D050G,-27.039806,-52.588056,1,XPC,50.0,7.0,79.0,2,6000,0,0,0,0,0,0
AF,D360G,-27.022647,-52.696811,1,XPC,0.0,7.0,50.0,2,5000,0,0,0,0,0,0
AF,CD11,-27.109286,-52.790389,1,XPC,298.0,7.0,360.0,2,4000,0,0,0,0,0,0

APPTR,D11,11,FLN
IF,FLN,-27.669917,-48.540453, ,0.0,0.0,0,0,0,0,0,0,0,0
TF,D115G,-27.154306,-52.533886,0, ,0.0,0.0,0.0,0.0,0,0,0,0,0,0,0,0
AF,D180G,-27.248672,-52.629119,2,XPC,180.0,7.0,115.0,2,6000,0,0,0,0,0,0
AF,D244G,-27.211981,-52.762153,2,XPC,244.3,7.0,180.0,2,5000,0,0,0,0,0,0
AF,CD11,-27.109286,-52.790389,2,XPC,298.0,7.0,244.0,2,4000,0,0,0,0,0,0

APPTR,D11,11,FOZ
IF,FOZ,-25.583203,-54.503514, ,0.0,0.0,0,0,0,0,0,0,0,0
TF,D326G,-27.056289,-52.759036,0, ,0.0,0.0,0.0,0.0,0,0,0,0,0,0,0,0
AF,CD11,-27.109286,-52.790389,1,XPC,298.0,7.0,326.0,2,4000,0,0,0,0,0,0

APPTR,D11,11,LON
IF,LON,-23.339517,-51.112525, ,0.0,0.0,0,0,0,0,0,0,0,0
TF,D036G,-27.026222,-52.616789,0, ,0.0,0.0,0.0,0.0,0,0,0,0,0,0,0,0
AF,D360G,-27.022647,-52.696811,1,XPC,0.0,7.0,36.0,2,5000,0,0,0,0,0,0
AF,CD11,-27.109286,-52.790389,1,XPC,298.0,7.0,360.0,2,4000,0,0,0,0,0,0

APPTR,D11,11,POR
IF,POR,-29.995925,-51.165164, ,0.0,0.0,0,0,0,0,0,0,0,0
TF,D171G,-27.242156,-52.608808,0, ,0.0,0.0,0.0,0.0,0,0,0,0,0,0,0,0
AF,D180G,-27.248672,-52.629119,2,XPC,180.0,7.0,171.0,2,6000,0,0,0,0,0,0
AF,D244G,-27.211981,-52.762153,2,XPC,244.3,7.0,180.0,2,5000,0,0,0,0,0,0
AF,CD11,-27.109286,-52.790389,2,XPC,298.0,7.0,244.0,2,4000,0,0,0,0,0,0

APPTR,D11,11,SAN
IF,SAN,-28.277833,-54.171667, ,0.0,0.0,0,0,0,0,0,0,0,0
TF,D244G,-27.211981,-52.762153,0, ,0.0,0.0,0.0,0.0,0,0,0,0,0,0,0,0
AF,CD11,-27.109286,-52.790389,2,XPC,298.0,7.0,244.0,2,4000,0,0,0,0,0,0

APPTR,D11,11,SMA
IF,SMA,-29.709761,-53.712744, ,0.0,0.0,0,0,0,0,0,0,0,0
TF,D214G,-27.245897,-52.706847,0, ,0.0,0.0,0.0,0.0,0,0,0,0,0,0,0,0
AF,D244G,-27.211981,-52.762153,2,XPC,244.3,7.0,214.0,2,5000,0,0,0,0,0,0
AF,CD11,-27.109286,-52.790389,2,XPC,298.0,7.0,244.0,2,4000,0,0,0,0,0,0

FINAL,D11,11,D,3
IF,CD11,-27.109286,-52.790389,XPC,298.0,7.0,2,4000,0,0,0,0,0,0
CF,PORA,-27.116836,-52.753997,0,XPC,298.0,5.0,118.0,2.0,2,3500,0,0,0,0,2,0
CF,RW11,-27.132392,-52.669072,0,XPC,316.7,0.4,118.0,4.7,1,2150,0,0,0,0,3,0
CF,XPC,-27.135692,-52.662967,0,XPC,0.0,0.0,118.0,0.4,2,2546,0,0,0,0,0,0
CF,D200G,-27.252217,-52.674408,0,XPC,200.0,7.0,200.0,7.0,2,5000,0,0,0,0,0,0

APPTR,R11,11,CH028
IF,CH028,-27.088831,-52.973381, ,0.0,0.0,2,5000,0,0,0,0,1,0
TF,CH027,-27.104747,-52.862750,0, ,0.0,0.0,0.0,0.0,2,4500,0,0,0,0,1,0

APPTR,R11,11,CH029
IF,CH029,-27.006269,-52.883911, ,0.0,0.0,2,5000,0,0,0,0,1,0
TF,CH027,-27.104747,-52.862750,0, ,0.0,0.0,0.0,0.0,2,4500,0,0,0,0,1,0

APPTR,R11,11,CH032
IF,CH032,-27.192347,-52.917322, ,0.0,0.0,2,5000,0,0,0,0,1,0
TF,CH027,-27.104747,-52.862750,0, ,0.0,0.0,0.0,0.0,2,4500,0,0,0,0,1,0

FINAL,R11,11,R,4
IF,CH027,-27.104747,-52.862750, ,0.0,0.0,2,4500,0,0,0,0,0,0
TF,CH026,-27.119261,-52.761311,0, ,0.0,0.0,116.0,5.5,2,3740,0,0,0,0,2,0
TF,CH031,-27.126714,-52.709011,0, ,0.0,0.0,116.0,2.8,2,2700,0,0,0,0,0,0
TF,RW11,-27.132392,-52.669072,0, ,0.0,0.0,116.0,2.2,1,2150,0,0,0,0,3,1
CA,0,116.0,2,3100,0,0,0,0,0,0
DF,CH032,-27.192347,-52.917322,2, ,0.0,0.0,2,5000,0,0,0,0,0,1
HM,CH032,-27.192347,-52.917322,1, ,0.0,0.0,46.0,04.3,2,5000,0,0,0,0,0,0,0

APPTR,R11-Y,11,CH037
IF,CH037,-27.031489,-52.575719, ,0.0,0.0,2,5000,0,0,0,0,1,0
TF,CH038,-27.013400,-52.664383,0, ,0.0,0.0,0.0,0.0,2,4000,0,1,230,0,1,0
RF,CH023,-27.096597,-52.747022,1,CH039,375.4,3.8,2,3750,0,0,0,0,0,0

FINAL,R11-Y,11,R,3
IF,CH023,-27.096597,-52.747022, ,0.0,0.0,2,3750,0,0,0,0,2,0
RF,CH024,-27.127144,-52.705969,1,CH020,114.5,2.8,2,2786,0,0,0,0,0,0
TF,RW11,-27.132392,-52.669072,0, ,0.0,0.0,116.0,2.0,1,2150,0,0,0,0,3,1
TF,CH041,-27.174275,-52.371919,0, ,0.0,0.0,0.0,0.0,2,4800,0,0,0,0,0,0
HM,CH041,-27.174275,-52.371919,2, ,0.0,0.0,116.0,04.3,2,4800,0,0,0,0,0,0,0

