SID,DOGP1A,09,5
CF,CM002,-28.703667,-49.325667,0,CRY,93.9,4.6,94.0,5.0,0,0,0,0,0,0,0,1
TF,DOGPO,-26.798917,-50.148844,1, ,0.0,0.0,0.0,0.0,0,0,0,0,0,0,0,0

SID,DOGP1B,27,5
CA,0,274.0,2,1000,0,1,180,0,0,0
DF,DOGPO,-26.798917,-50.148844,0, ,0.0,0.0,0,0,0,0,0,0,0,0

SID,DONR1A,09,5
CF,CM002,-28.703667,-49.325667,0,CRY,93.9,4.6,94.0,5.0,0,0,0,0,0,0,0,1
TF,DONRO,-28.087322,-49.348256,0, ,0.0,0.0,0.0,0.0,0,0,0,0,0,0,0,0

SID,DONR1A,GESDA,6
IF,DONRO,-28.087322,-49.348256, ,0.0,0.0,0,0,0,0,0,0,0,0
TF,GESDA,-26.842333,-48.786167,0, ,0.0,0.0,0.0,0.0,0,0,0,0,0,0,0,0

SID,DONR1B,27,5
CA,0,274.0,2,1000,0,1,180,0,0,0
DF,DONRO,-28.087322,-49.348256,2, ,0.0,0.0,0,0,0,0,0,0,0,0

SID,DONR1B,GESDA,6
IF,DONRO,-28.087322,-49.348256, ,0.0,0.0,0,0,0,0,0,0,0,0
TF,GESDA,-26.842333,-48.786167,0, ,0.0,0.0,0.0,0.0,0,0,0,0,0,0,0,0

SID,EGBI1A,09,5
CF,CM002,-28.703667,-49.325667,0,CRY,93.9,4.6,94.0,5.0,0,0,0,0,0,0,0,1
TF,EGBIP,-28.278000,-49.035000,0, ,0.0,0.0,0.0,0.0,0,0,0,0,0,0,0,0

SID,EGBI1B,27,5
CA,0,274.0,2,1000,0,1,180,0,0,0
DF,EGBIP,-28.278000,-49.035000,2, ,0.0,0.0,0,0,0,0,0,0,0,0

SID,ITBE1A,09,5
CF,CM002,-28.703667,-49.325667,0,CRY,93.9,4.6,94.0,5.0,0,0,0,0,0,0,0,1
DF,CM001,-28.748167,-49.524167,1, ,0.0,0.0,0,0,0,0,0,0,0,0
TF,ITBEB,-29.525500,-50.565667,0, ,0.0,0.0,0.0,0.0,0,0,0,0,0,0,0,0

SID,ITBE1B,27,5
CA,0,274.0,2,1000,0,1,180,0,0,0
DF,ITBEB,-29.525500,-50.565667,0, ,0.0,0.0,0,0,0,0,0,0,0,0

SID,JUIC2A,09,5
CF,CM002,-28.703667,-49.325667,0,CRY,93.9,4.6,94.0,5.0,0,0,0,0,0,0,0,1
DF,CM001,-28.748167,-49.524167,1, ,0.0,0.0,0,0,0,0,0,0,0,0
TF,JUICE,-29.481167,-50.553333,0, ,0.0,0.0,0.0,0.0,0,0,0,0,0,0,0,0

SID,JUIC2B,27,5
CA,0,274.0,2,1000,0,1,180,0,0,0
DF,JUICE,-29.481167,-50.553333,0, ,0.0,0.0,0,0,0,0,0,0,0,0

APPTR,R09,09,CM021
IF,CM021,-28.849283,-49.591681, ,0.0,0.0,2,3000,0,0,0,0,1,0
TF,CM020,-28.768317,-49.615078,0, ,0.0,0.0,0.0,0.0,2,2500,0,0,0,0,1,0

FINAL,R09,09,R,3
IF,CM020,-28.768317,-49.615078, ,0.0,0.0,2,2500,0,0,0,0,0,0
TF,CM012,-28.747819,-49.523161,0, ,0.0,0.0,94.0,5.0,2,1700,0,0,0,0,2,0
TF,RW09,-28.727258,-49.431281,0, ,0.0,0.0,94.0,5.0,1,137,0,0,0,0,3,1
VA,0,94.0,2,600,0,0,0,0,0,0
DF,CM021,-28.849283,-49.591681,2, ,0.0,0.0,2,3000,0,1,180,0,0,1
HM,CM021,-28.849283,-49.591681,1, ,0.0,0.0,4.0,04.3,0,0,0,0,0,0,0,0,0

APPTR,R27,27,CM009
IF,CM009,-28.593128,-49.190144, ,0.0,0.0,2,3000,0,0,0,0,1,0
TF,CM005,-28.662550,-49.242839,0, ,0.0,0.0,0.0,0.0,2,2500,0,0,0,0,1,0

FINAL,R27,27,R,4
IF,CM005,-28.662550,-49.242839, ,0.0,0.0,2,2500,0,0,0,0,0,0
TF,CM002,-28.703667,-49.325667,0, ,0.0,0.0,259.0,5.0,2,1700,0,0,0,0,2,0
TF,CM023,-28.714231,-49.373214,0, ,0.0,0.0,274.0,2.6,2,650,0,0,0,0,0,0
TF,RW27,-28.724119,-49.417272,0, ,0.0,0.0,274.0,2.4,1,133,0,0,0,0,3,1
VA,0,274.0,2,600,0,0,0,0,0,0
DF,CM009,-28.593128,-49.190144,2, ,0.0,0.0,2,3000,0,0,0,0,0,1
HM,CM009,-28.593128,-49.190144,2, ,0.0,0.0,232.0,04.3,0,0,0,0,0,0,0,0,0

