SID,GIDV1A,27,2
VA,0,268.0,2,2800,0,0,0,0,0,0
CF,GIDVO,-18.440333,-49.218833,0,ULD,315.5,62.5,240.0,54.0,0,0,0,0,0,0,0,0

SID,GIDV1B,09,2
VA,0,88.0,2,2800,0,1,210,0,0,0
CF,GIDVO,-18.440333,-49.218833,2,ULD,315.5,62.5,240.0,53.0,0,0,0,0,0,0,0,0

SID,GUAR2A,27,2
VA,0,268.0,2,2800,0,0,0,0,0,0
VI,1, ,0.0,130.0,0,0,0,0,0,0,0,0
CF,GUARI,-18.578833,-48.366333,0,ULD,356.1,19.6,186.0,50.0,0,0,0,0,0,0,0,0

SID,GUAR2B,09,2
VA,2,88.0,2,2800,0,1,210,0,0,0
CF,GUARI,-18.578833,-48.366333,2,ULD,356.1,19.6,186.0,52.0,0,0,0,0,0,0,0,0

SID,OPRA2A,27,2
VA,0,268.0,2,2800,0,0,0,0,0,0
VI,2, ,0.0,90.0,0,0,0,0,0,0,0,0
CF,OPRAX,-16.742167,-48.299000,0,ULD,19.0,127.6,38.0,58.0,0,0,0,0,0,0,0,0

SID,OPRA2B,09,2
VA,0,88.0,2,2800,0,1,210,0,0,0
CF,OPRAX,-16.742167,-48.299000,0,BSI,218.1,54.4,38.0,61.5,0,0,0,0,0,0,0,0

SID,ROMI2A,27,2
VA,0,268.0,2,2800,0,0,0,0,0,0
VI,2, ,0.0,80.0,0,0,0,0,0,0,0,0
CF,ROMIK,-17.220333,-48.718833,0,ULD,4.9,103.0,10.0,28.0,0,0,0,0,0,0,0,0

SID,ROMI2B,09,2
VA,0,88.0,2,2800,0,1,210,0,0,0
CF,ROMIK,-17.220333,-48.718833,0,BSI,227.4,90.0,10.0,30.8,0,0,0,0,0,0,0,0

SID,SATN2A,27,2
VA,0,268.0,2,2800,0,0,0,0,0,0
VI,2, ,0.0,80.0,0,0,0,0,0,0,0,0
CF,SATNA,-16.987667,-48.911667,0,ULD,1.6,119.6,360.0,45.0,0,0,0,0,0,0,0,0

SID,SATN2B,09,2
VA,0,88.0,2,2800,0,1,210,0,0,0
CF,SATNA,-16.987667,-48.911667,0,GNV,160.3,27.0,360.0,47.4,0,0,0,0,0,0,0,0

APPTR,N27,27,CAL
IF,CAL,-17.725333,-48.610500, ,0.0,0.0,2,5000,0,0,0,0,0,0
FC,CAL,-17.725333,-48.610500,0,CAL,0.0,0.0,108.0,8.8,0,0,0,0,0,0,0,1
CF,FF27,-17.686389,-48.498969,1,CAL,90.0,6.8,270.0,2.0,2,4200,0,0,0,0,0,0

FINAL,N27,27,N,2
IF,FF27,-17.686389,-48.498969,CAL,0.0,0.0,2,4200,0,0,0,0,2,0
CF,RW27,-17.721111,-48.597222,0,CAL,0.0,0.0,270.0,6.0,1,2290,0,0,0,0,3,0
CF,CAL,-17.725333,-48.610500,0,GNV,172.1,73.4,270.0,0.8,0,0,0,0,0,0,0,1
FA,CAL,-17.725333,-48.610500,2,GNV,0.0,0.0,5.0,2,5000,0,0,0,0,0,0
DF,CAL,-17.725333,-48.610500,0, ,0.0,0.0,0,0,0,0,0,0,0,0
HM,CAL,-17.725333,-48.610500,2, ,0.0,0.0,108.0,04.3,0,0,0,0,0,0,0,0,0

APPTR,R09,09,CN904
IF,CN904,-17.896500,-48.770833, ,0.0,0.0,2,6000,0,0,0,0,1,0
TF,CN903,-17.796167,-48.777333,0, ,0.0,0.0,0.0,0.0,2,5000,0,0,0,0,1,0

APPTR,R09,09,CN906
IF,CN906,-17.829500,-48.857333, ,0.0,0.0,2,6000,0,0,0,0,1,0
TF,CN903,-17.796167,-48.777333,0, ,0.0,0.0,0.0,0.0,2,5000,0,0,0,0,1,0

APPTR,R09,09,CN907
IF,CN907,-17.723333,-48.849333, ,0.0,0.0,2,6000,0,0,0,0,1,0
TF,CN903,-17.796167,-48.777333,0, ,0.0,0.0,0.0,0.0,2,5000,0,0,0,0,1,0

FINAL,R09,09,R,4
IF,CN903,-17.796167,-48.777333, ,0.0,0.0,2,5000,0,0,0,0,0,0
TF,CN902,-17.763000,-48.697167,0, ,0.0,0.0,86.0,5.0,2,4200,0,0,0,0,2,0
TF,41THR,-17.755747,-48.679797,0, ,0.0,0.0,86.0,1.1,2,3800,0,0,0,0,0,0
TF,RW09,-17.728333,-48.614167,0, ,0.0,0.0,86.0,4.1,1,2349,0,0,0,0,3,1
TF,CN426,-17.621167,-48.357333,0, ,0.0,0.0,0.0,0.0,2,6000,0,0,0,0,0,0
HM,CN426,-17.621167,-48.357333,2, ,0.0,0.0,266.0,04.3,0,0,0,0,0,0,0,0,0

APPTR,R27,27,CN424
IF,CN424,-17.554333,-48.443667, ,0.0,0.0,2,6000,0,0,0,0,1,0
TF,CN423,-17.654500,-48.437333,0, ,0.0,0.0,0.0,0.0,2,5000,0,0,0,0,1,0

APPTR,R27,27,CN426
IF,CN426,-17.621167,-48.357333, ,0.0,0.0,2,6000,0,0,0,0,1,0
TF,CN423,-17.654500,-48.437333,0, ,0.0,0.0,0.0,0.0,2,5000,0,0,0,0,1,0

APPTR,R27,27,CN427
IF,CN427,-17.727333,-48.365167, ,0.0,0.0,2,6000,0,0,0,0,1,0
TF,CN423,-17.654500,-48.437333,0, ,0.0,0.0,0.0,0.0,2,5000,0,0,0,0,1,0

FINAL,R27,27,R,4
IF,CN423,-17.654500,-48.437333, ,0.0,0.0,2,5000,0,0,0,0,0,0
TF,CN422,-17.684667,-48.509333,0, ,0.0,0.0,266.0,4.5,2,4000,0,0,0,0,2,0
TF,40TH2,-17.694536,-48.533125,0, ,0.0,0.0,266.0,1.5,2,3400,0,0,0,0,0,0
TF,RW27,-17.721111,-48.597222,0, ,0.0,0.0,266.0,4.0,1,2290,0,0,0,0,3,1
TF,CN428,-17.646000,-48.690833,0, ,0.0,0.0,0.0,0.0,2,6000,0,0,0,0,0,0
HM,CN428,-17.646000,-48.690833,2, ,0.0,0.0,330.0,04.3,0,0,0,0,0,0,0,0,0

