SID,DOPG2A,13,5
CF,CO004,-29.966775,-51.076644,0,FIG,306.6,5.6,126.0,3.0,0,0,0,0,0,0,0,1
TF,ESNUX,-30.197500,-51.103167,0, ,0.0,0.0,0.0,0.0,2,5000,0,0,0,0,0,0
TF,UDOGO,-30.207253,-51.522050,0, ,0.0,0.0,0.0,0.0,2,10000,0,0,0,0,0,0
TF,DOPGA,-29.882661,-52.230233,0, ,0.0,0.0,0.0,0.0,0,0,0,0,0,0,0,0

SID,EGBI2A,13,5
CF,CO008,-30.038833,-50.841244,0,FIG,126.2,7.4,127.0,16.0,0,0,0,0,0,0,0,0
TF,OPKIT,-29.152833,-49.783833,0, ,0.0,0.0,0.0,0.0,0,0,0,0,0,0,0,0
TF,EGBIP,-28.278000,-49.035000,0, ,0.0,0.0,0.0,0.0,0,0,0,0,0,0,0,0

SID,ESNU2A,13,4
CF,CO004,-29.966775,-51.076644,0,FIG,306.6,5.6,126.0,3.0,0,0,0,1,230,0,0,1
TF,ESNUX,-30.197500,-51.103167,0, ,0.0,0.0,0.0,0.0,2,5000,0,1,230,0,0,0

SID,ESNU2A,DEVOT,6
IF,ESNUX,-30.197500,-51.103167, ,0.0,0.0,2,5000,0,1,230,0,0,0
TF,DOVNA,-30.669444,-51.885333,0, ,0.0,0.0,0.0,0.0,0,0,0,0,0,0,0,0
TF,DEVOT,-31.229028,-52.740439,0, ,0.0,0.0,0.0,0.0,0,0,0,0,0,0,0,0

SID,ESNU2A,ISOBU,6
IF,ESNUX,-30.197500,-51.103167, ,0.0,0.0,2,5000,0,1,230,0,0,0
TF,DOVNA,-30.669444,-51.885333,0, ,0.0,0.0,0.0,0.0,0,0,0,0,0,0,0,0
TF,ISOBU,-30.756167,-53.463167,0, ,0.0,0.0,0.0,0.0,0,0,0,0,0,0,0,0

SID,ESNU2A,MUMIL,6
IF,ESNUX,-30.197500,-51.103167, ,0.0,0.0,2,5000,0,1,230,0,0,0
TF,UDOGO,-30.207253,-51.522050,0, ,0.0,0.0,0.0,0.0,2,10000,0,0,0,0,0,0
TF,MUMIL,-30.194500,-52.538000,0, ,0.0,0.0,0.0,0.0,0,0,0,0,0,0,0,0

SID,ESNU2A,POXEV,6
IF,ESNUX,-30.197500,-51.103167, ,0.0,0.0,2,5000,0,1,230,0,0,0
TF,DOVNA,-30.669444,-51.885333,0, ,0.0,0.0,0.0,0.0,0,0,0,0,0,0,0,0
TF,POXEV,-30.322417,-53.453547,0, ,0.0,0.0,0.0,0.0,0,0,0,0,0,0,0,0

SID,FIG2C,13,2
CF,FIG,-29.998178,-50.975544,0,FIG,0.0,0.0,126.0,8.6,0,0,0,1,250,0,0,0

SID,FIG2C,DAISE,3
IF,FIG,-29.998178,-50.975544, ,0.0,0.0,0,0,0,1,250,0,0,0
TF,NISTO,-29.800881,-50.934697,0, ,0.0,0.0,0.0,0.0,3,6000,0,0,0,0,0,0
TF,OGPET,-29.669258,-50.907542,0, ,0.0,0.0,0.0,0.0,2,6000,0,0,0,0,0,0
TF,DAISE,-29.051333,-50.781000,0, ,0.0,0.0,0.0,0.0,0,0,0,0,0,0,0,0

SID,FIG2C,JUICE,3
IF,FIG,-29.998178,-50.975544, ,0.0,0.0,0,0,0,1,250,0,0,0
TF,SISAT,-29.794258,-50.808364,0, ,0.0,0.0,0.0,0.0,3,6000,0,0,0,0,0,0
TF,JUICE,-29.481167,-50.553333,0, ,0.0,0.0,0.0,0.0,0,0,0,0,0,0,0,0

SID,FIG2C,PUPOG,3
IF,FIG,-29.998178,-50.975544, ,0.0,0.0,0,0,0,1,250,0,0,0
TF,NISTO,-29.800881,-50.934697,0, ,0.0,0.0,0.0,0.0,3,6000,0,0,0,0,0,0
TF,OGPET,-29.669258,-50.907542,0, ,0.0,0.0,0.0,0.0,2,6000,0,0,0,0,0,0
VI,0, ,0.0,350.0,0,0,0,0,0,0,0,0
CF,ASBOV,-28.833303,-50.913336,0,FIG,19.7,69.8,20.0,45.0,0,0,0,0,0,0,0,0
TF,PUPOG,-28.585308,-50.900275,0, ,0.0,0.0,0.0,0.0,3,21000,0,0,0,0,0,0

SID,ILPI2A,13,2
VA,0,126.0,2,600,0,1,250,0,0,0
VI,1, ,0.0,272.0,0,0,0,0,0,0,0,0
CF,ILPIV,-29.789667,-51.830833,0,FIG,302.4,46.3,302.0,30.0,0,0,0,0,0,0,0,0

SID,ILPI2B,31,2
VA,0,306.0,2,500,0,0,0,0,0,0
CF,ILPIV,-29.789667,-51.830833,0,FIG,302.4,46.3,302.0,36.0,0,0,0,0,0,0,0,0

SID,KUKO2A,13,5
CF,CO004,-29.966775,-51.076644,0,FIG,306.6,5.6,126.0,3.0,0,0,0,0,0,0,0,1
TF,SILID,-29.754833,-51.022000,1, ,0.0,0.0,0.0,0.0,4,6000,5000,1,230,0,0,1
TF,KOVGI,-29.722722,-51.323022,1, ,0.0,0.0,0.0,0.0,2,9000,0,0,0,0,0,0
TF,KUKOX,-29.686800,-51.645328,0, ,0.0,0.0,0.0,0.0,0,0,0,0,0,0,0,0

SID,KUKO2A,DOPGA,6
IF,KUKOX,-29.686800,-51.645328, ,0.0,0.0,0,0,0,0,0,0,0,0
TF,DOPGA,-29.882661,-52.230233,0, ,0.0,0.0,0.0,0.0,0,0,0,0,0,0,0,0

SID,KUKO2A,SUSKI,6
IF,KUKOX,-29.686800,-51.645328, ,0.0,0.0,0,0,0,0,0,0,0,0
TF,SUSKI,-29.777172,-52.194964,0, ,0.0,0.0,0.0,0.0,0,0,0,0,0,0,0,0

SID,MIKO2A,31,5
CF,DEVAV,-29.906672,-51.271689,0,FIG,306.5,16.4,306.0,6.3,0,0,0,1,230,0,0,1
TF,MIKOG,-30.136944,-51.286833,1, ,0.0,0.0,0.0,0.0,4,6000,5000,1,230,0,0,0
TF,DOVNA,-30.669444,-51.885333,0, ,0.0,0.0,0.0,0.0,0,0,0,0,0,0,0,0

SID,MIKO2A,DEVOT,6
IF,DOVNA,-30.669444,-51.885333, ,0.0,0.0,0,0,0,0,0,0,0,0
TF,DEVOT,-31.229028,-52.740439,0, ,0.0,0.0,0.0,0.0,0,0,0,0,0,0,0,0

SID,MIKO2A,ISOBU,6
IF,DOVNA,-30.669444,-51.885333, ,0.0,0.0,0,0,0,0,0,0,0,0
TF,ISOBU,-30.756167,-53.463167,0, ,0.0,0.0,0.0,0.0,0,0,0,0,0,0,0,0

SID,MIKO2A,POXEV,6
IF,DOVNA,-30.669444,-51.885333, ,0.0,0.0,0,0,0,0,0,0,0,0
TF,POXEV,-30.322417,-53.453547,0, ,0.0,0.0,0.0,0.0,0,0,0,0,0,0,0,0

SID,ORAK2A,31,5
CF,DEVAV,-29.906672,-51.271689,0,FIG,306.5,16.4,306.0,6.3,3,6000,0,0,0,0,0,0
TF,CO002,-29.857981,-51.428842,0, ,0.0,0.0,0.0,0.0,2,4000,0,0,0,0,0,0
TF,CO013,-29.830097,-51.518808,0, ,0.0,0.0,0.0,0.0,3,9000,0,0,0,0,0,0
TF,ORAKI,-29.742758,-51.799100,0, ,0.0,0.0,0.0,0.0,0,0,0,0,0,0,0,0

SID,ORAK2A,DOPGA,6
IF,ORAKI,-29.742758,-51.799100, ,0.0,0.0,0,0,0,0,0,0,0,0
TF,DOPGA,-29.882661,-52.230233,0, ,0.0,0.0,0.0,0.0,0,0,0,0,0,0,0,0

SID,ORAK2A,SUSKI,6
IF,ORAKI,-29.742758,-51.799100, ,0.0,0.0,0,0,0,0,0,0,0,0
TF,SUSKI,-29.777172,-52.194964,0, ,0.0,0.0,0.0,0.0,0,0,0,0,0,0,0,0

SID,ORAK2B,31,2
CA,0,306.0,2,430,0,0,0,0,0,0
CF,ORAKI,-29.742758,-51.799100,0,FIG,306.4,45.6,306.0,35.5,3,7000,0,1,250,0,0,0
AF,DETOD,-29.844219,-51.832089,1,FIG,298.4,45.6,306.0,0,0,0,1,250,0,0,0

SID,ORAK2B,DOPGA,3
IF,DETOD,-29.844219,-51.832089, ,0.0,0.0,0,0,0,0,0,0,0,0
AF,LOBUD,-29.919356,-51.845767,1,FIG,292.7,45.6,298.0,0,0,0,1,250,0,0,0
TF,DOPGA,-29.882661,-52.230233,0, ,0.0,0.0,0.0,0.0,0,0,0,1,250,0,0,0

SID,ORAK2B,SUSKI,3
IF,DETOD,-29.844219,-51.832089, ,0.0,0.0,0,0,0,0,0,0,0,0
TF,SUSKI,-29.777172,-52.194964,0, ,0.0,0.0,0.0,0.0,0,0,0,1,250,0,0,0

SID,PENS2A,13,5
CF,CO004,-29.966775,-51.076644,0,FIG,306.6,5.6,126.0,3.0,0,0,0,1,230,0,0,1
TF,SILID,-29.754833,-51.022000,1, ,0.0,0.0,0.0,0.0,4,6000,5000,1,230,0,0,1
TF,OBLOS,-28.969881,-50.929297,0, ,0.0,0.0,0.0,0.0,0,0,0,0,0,0,0,0
TF,ASBOV,-28.833303,-50.913336,0, ,0.0,0.0,0.0,0.0,0,0,0,0,0,0,0,0
TF,ANROB,-28.726064,-50.900650,0, ,0.0,0.0,0.0,0.0,3,21000,0,0,0,0,0,0
TF,PENSO,-28.046333,-50.822000,0, ,0.0,0.0,0.0,0.0,0,0,0,0,0,0,0,0

SID,SILI2A,13,5
CF,CO004,-29.966775,-51.076644,0,FIG,306.6,5.6,126.0,3.0,0,0,0,1,230,0,0,1
TF,SILID,-29.754833,-51.022000,1, ,0.0,0.0,0.0,0.0,4,6000,5000,1,230,0,0,1

SID,SILI2A,ANLER,6
IF,SILID,-29.754833,-51.022000, ,0.0,0.0,4,6000,5000,1,230,0,0,0
TF,ANLER,-28.694281,-49.856950,0, ,0.0,0.0,0.0,0.0,0,0,0,0,0,0,0,0

SID,SILI2A,NOBEL,6
IF,SILID,-29.754833,-51.022000, ,0.0,0.0,4,6000,5000,1,230,0,0,0
TF,EGUPO,-29.428000,-51.051833,0, ,0.0,0.0,0.0,0.0,0,0,0,0,0,0,0,0
TF,ESDIS,-29.376631,-51.140728,0, ,0.0,0.0,0.0,0.0,2,18000,0,0,0,0,0,0
TF,NOBEL,-28.824167,-52.084833,0, ,0.0,0.0,0.0,0.0,0,0,0,0,0,0,0,0

SID,SILI2A,OGLOL,6
IF,SILID,-29.754833,-51.022000, ,0.0,0.0,4,6000,5000,1,230,0,0,0
TF,OGLOL,-28.431097,-50.104064,0, ,0.0,0.0,0.0,0.0,0,0,0,0,0,0,0,0

SID,SILI2A,PENSO,6
IF,SILID,-29.754833,-51.022000, ,0.0,0.0,4,6000,5000,1,230,0,0,0
TF,OBLOS,-28.969881,-50.929297,0, ,0.0,0.0,0.0,0.0,2,29000,0,0,0,0,0,0
TF,ASBOV,-28.833303,-50.913336,0, ,0.0,0.0,0.0,0.0,0,0,0,0,0,0,0,0
TF,ANROB,-28.726064,-50.900650,0, ,0.0,0.0,0.0,0.0,0,0,0,0,0,0,0,0
TF,PENSO,-28.046333,-50.822000,0, ,0.0,0.0,0.0,0.0,0,0,0,0,0,0,0,0

SID,SILI2B,13,5
CF,CO004,-29.966775,-51.076644,0,FIG,306.6,5.6,126.0,3.0,0,0,0,1,230,0,0,1
TF,SILID,-29.754833,-51.022000,1, ,0.0,0.0,0.0,0.0,4,6000,5000,1,230,0,0,1

SID,SILI2B,DOMPA,6
IF,SILID,-29.754833,-51.022000, ,0.0,0.0,4,6000,5000,1,230,0,0,0
TF,DOMPA,-29.413500,-51.097833,0, ,0.0,0.0,0.0,0.0,0,0,0,0,0,0,0,0

SID,SILI2B,IRILU,6
IF,SILID,-29.754833,-51.022000, ,0.0,0.0,4,6000,5000,1,230,0,0,0
TF,DOMPA,-29.413500,-51.097833,0, ,0.0,0.0,0.0,0.0,0,0,0,0,0,0,0,0
TF,IRILU,-29.113667,-51.429333,0, ,0.0,0.0,0.0,0.0,0,0,0,0,0,0,0,0

SID,TROZ1A,31,2
CF,DEVAV,-29.906672,-51.271689,0,FIG,306.5,16.4,306.0,6.3,0,0,0,0,0,0,0,0
TF,TROZO,-29.731294,-51.251022,0, ,0.0,0.0,0.0,0.0,3,6000,0,0,0,0,0,0

SID,TROZ1A,CXS,3
IF,TROZO,-29.731294,-51.251022, ,0.0,0.0,3,6000,0,0,0,0,0,0
TF,UDITU,-29.565089,-51.231506,0, ,0.0,0.0,0.0,0.0,2,6000,0,0,0,0,0,0
TF,CXS,-29.198058,-51.188633,0, ,0.0,0.0,0.0,0.0,0,0,0,0,0,0,0,0

SID,TROZ1A,DAISE,3
IF,TROZO,-29.731294,-51.251022, ,0.0,0.0,3,6000,0,0,0,0,0,0
TF,UDITU,-29.565089,-51.231506,0, ,0.0,0.0,0.0,0.0,2,6000,0,0,0,0,0,0
TF,CXS,-29.198058,-51.188633,0, ,0.0,0.0,0.0,0.0,0,0,0,0,0,0,0,0
TF,DAISE,-29.051333,-50.781000,0, ,0.0,0.0,0.0,0.0,0,0,0,0,0,0,0,0

SID,TROZ1A,EAGLE,3
IF,TROZO,-29.731294,-51.251022, ,0.0,0.0,3,6000,0,0,0,0,0,0
TF,EAGLE,-29.202833,-51.790500,0, ,0.0,0.0,0.0,0.0,3,11000,0,0,0,0,0,0

SID,TROZ1A,JUICE,3
IF,TROZO,-29.731294,-51.251022, ,0.0,0.0,3,6000,0,0,0,0,0,0
TF,UDITU,-29.565089,-51.231506,0, ,0.0,0.0,0.0,0.0,2,6000,0,0,0,0,0,0
AF,UKALS,-29.601497,-50.651114,2,FIG,52.6,29.2,350.0,3,7000,0,0,0,0,0,0
TF,JUICE,-29.481167,-50.553333,0, ,0.0,0.0,0.0,0.0,0,0,0,0,0,0,0,0

SID,VASE2A,31,5
CF,DEVAV,-29.906672,-51.271689,0,FIG,306.5,16.4,306.0,6.3,0,0,0,1,230,0,0,0
TF,AKSIP,-29.847572,-51.275008,0, ,0.0,0.0,0.0,0.0,3,6000,0,1,230,0,0,0
TF,VASED,-29.692622,-51.270753,0, ,0.0,0.0,0.0,0.0,2,6000,0,0,0,0,0,0

SID,VASE2A,ANLER,6
IF,VASED,-29.692622,-51.270753, ,0.0,0.0,2,6000,0,0,0,0,0,0
TF,PUNPI,-29.468111,-50.994981,0, ,0.0,0.0,0.0,0.0,0,0,0,0,0,0,0,0
TF,ESKIX,-29.322431,-50.741192,0, ,0.0,0.0,0.0,0.0,2,21000,0,0,0,0,0,0
TF,EKIVU,-29.221711,-50.565892,0, ,0.0,0.0,0.0,0.0,0,0,0,0,0,0,0,0
TF,ANLER,-28.694281,-49.856950,0, ,0.0,0.0,0.0,0.0,0,0,0,0,0,0,0,0

SID,VASE2A,NOBEL,6
IF,VASED,-29.692622,-51.270753, ,0.0,0.0,2,6000,0,0,0,0,0,0
TF,EDPEK,-29.083661,-51.644169,0, ,0.0,0.0,0.0,0.0,0,0,0,0,0,0,0,0
TF,NOBEL,-28.824167,-52.084833,0, ,0.0,0.0,0.0,0.0,0,0,0,0,0,0,0,0

SID,VASE2A,OGLOL,6
IF,VASED,-29.692622,-51.270753, ,0.0,0.0,2,6000,0,0,0,0,0,0
TF,PUNPI,-29.468111,-50.994981,0, ,0.0,0.0,0.0,0.0,0,0,0,0,0,0,0,0
TF,ESKIX,-29.322431,-50.741192,0, ,0.0,0.0,0.0,0.0,2,21000,0,0,0,0,0,0
TF,EKIVU,-29.221711,-50.565892,0, ,0.0,0.0,0.0,0.0,0,0,0,0,0,0,0,0
TF,OGLOL,-28.431097,-50.104064,0, ,0.0,0.0,0.0,0.0,0,0,0,0,0,0,0,0

SID,VASE2A,PENSO,6
IF,VASED,-29.692622,-51.270753, ,0.0,0.0,2,6000,0,0,0,0,0,0
TF,PENSO,-28.046333,-50.822000,0, ,0.0,0.0,0.0,0.0,0,0,0,0,0,0,0,0

SID,VASE2A,TIMVI,6
IF,VASED,-29.692622,-51.270753, ,0.0,0.0,2,6000,0,0,0,0,0,0
TF,PUNPI,-29.468111,-50.994981,0, ,0.0,0.0,0.0,0.0,0,0,0,0,0,0,0,0
TF,ESKIX,-29.322431,-50.741192,0, ,0.0,0.0,0.0,0.0,2,21000,0,0,0,0,0,0
TF,EKIVU,-29.221711,-50.565892,0, ,0.0,0.0,0.0,0.0,0,0,0,0,0,0,0,0
TF,TIMVI,-28.901189,-49.814344,0, ,0.0,0.0,0.0,0.0,0,0,0,0,0,0,0,0

SID,VASE2B,31,5
CF,DEVAV,-29.906672,-51.271689,0,FIG,306.5,16.4,306.0,6.3,0,0,0,1,230,0,0,0
TF,AKSIP,-29.847572,-51.275008,0, ,0.0,0.0,0.0,0.0,3,6000,0,1,230,0,0,0
TF,VASED,-29.692622,-51.270753,0, ,0.0,0.0,0.0,0.0,2,6000,0,0,0,0,0,0

SID,VASE2B,DOMPA,6
IF,VASED,-29.692622,-51.270753, ,0.0,0.0,2,6000,0,0,0,0,0,0
TF,DOMPA,-29.413500,-51.097833,0, ,0.0,0.0,0.0,0.0,0,0,0,0,0,0,0,0

SID,VASE2B,IRILU,6
IF,VASED,-29.692622,-51.270753, ,0.0,0.0,2,6000,0,0,0,0,0,0
TF,DOMPA,-29.413500,-51.097833,0, ,0.0,0.0,0.0,0.0,0,0,0,0,0,0,0,0
TF,IRILU,-29.113667,-51.429333,0, ,0.0,0.0,0.0,0.0,0,0,0,0,0,0,0,0

STAR,BUXE3A,EAGLE,4
IF,EAGLE,-29.202833,-51.790500, ,0.0,0.0,0,0,0,0,0,0,0,0
TF,BUXEV,-29.624903,-51.346119,0, ,0.0,0.0,0.0,0.0,4,8000,7000,0,0,0,0,0

STAR,BUXE3A,EKUTI,4
IF,EKUTI,-28.466917,-50.560211, ,0.0,0.0,0,0,0,0,0,0,0,0
TF,DABUL,-28.753308,-50.804428,0, ,0.0,0.0,0.0,0.0,3,28000,0,0,0,0,0,0
TF,SUPNI,-28.851478,-50.889044,0, ,0.0,0.0,0.0,0.0,0,0,0,0,0,0,0,0
TF,PUDAK,-29.001319,-51.018317,0, ,0.0,0.0,0.0,0.0,2,22000,0,0,0,0,0,0
TF,CXS,-29.198058,-51.188633,0, ,0.0,0.0,0.0,0.0,3,17000,0,0,0,0,0,0
TF,BUXEV,-29.624903,-51.346119,0, ,0.0,0.0,0.0,0.0,4,8000,7000,0,0,0,0,0

STAR,BUXE3A,13,5
IF,BUXEV,-29.624903,-51.346119, ,0.0,0.0,4,8000,7000,0,0,0,0,0
TF,ANBIV,-29.716375,-51.379983,0, ,0.0,0.0,0.0,0.0,4,7000,6000,0,0,0,0,0
TF,CO001,-29.785383,-51.340344,0, ,0.0,0.0,0.0,0.0,2,4000,0,0,0,0,0,0

STAR,EKUT2C,13,2
IF,EKUTI,-28.466917,-50.560211, ,0.0,0.0,0,0,0,0,0,0,0,0
TF,CXS,-29.198058,-51.188633,0, ,0.0,0.0,0.0,0.0,3,17000,0,0,0,0,0,0
TF,GLUE,-29.474833,-51.262333,0, ,0.0,0.0,0.0,0.0,4,8000,5000,0,0,0,0,0
TF,TINA,-29.766667,-51.340667,0, ,0.0,0.0,0.0,0.0,2,5000,0,0,0,0,0,0

STAR,KIBA2A,DOPGA,4
IF,DOPGA,-29.882661,-52.230233, ,0.0,0.0,0,0,0,0,0,0,0,0
TF,TIRNO,-29.890744,-51.818881,0, ,0.0,0.0,0.0,0.0,0,0,0,0,0,0,0,0
TF,KIBAP,-29.895464,-51.507706,0, ,0.0,0.0,0.0,0.0,2,6000,0,0,0,0,0,0

STAR,KIBA2A,ILTOG,4
IF,ILTOG,-31.555444,-52.586456, ,0.0,0.0,0,0,0,0,0,0,0,0
TF,VASOG,-30.483333,-51.956500,0, ,0.0,0.0,0.0,0.0,0,0,0,0,0,0,0,0
TF,MIDIV,-30.374253,-51.810147,0, ,0.0,0.0,0.0,0.0,0,0,0,0,0,0,0,0
TF,SELRI,-30.245386,-51.637900,0, ,0.0,0.0,0.0,0.0,3,9000,0,0,0,0,0,0
TF,KIBAP,-29.895464,-51.507706,0, ,0.0,0.0,0.0,0.0,2,6000,0,0,0,0,0,0

STAR,KIBA2A,POXEV,4
IF,POXEV,-30.322417,-53.453547, ,0.0,0.0,0,0,0,0,0,0,0,0
TF,VASOG,-30.483333,-51.956500,0, ,0.0,0.0,0.0,0.0,0,0,0,0,0,0,0,0
TF,MIDIV,-30.374253,-51.810147,0, ,0.0,0.0,0.0,0.0,0,0,0,0,0,0,0,0
TF,SELRI,-30.245386,-51.637900,0, ,0.0,0.0,0.0,0.0,3,9000,0,0,0,0,0,0
TF,KIBAP,-29.895464,-51.507706,0, ,0.0,0.0,0.0,0.0,2,6000,0,0,0,0,0,0

STAR,KIBA2A,SUSKI,4
IF,SUSKI,-29.777172,-52.194964, ,0.0,0.0,0,0,0,0,0,0,0,0
TF,KOLSU,-29.835089,-51.815494,0, ,0.0,0.0,0.0,0.0,0,0,0,0,0,0,0,0
TF,KIBAP,-29.895464,-51.507706,0, ,0.0,0.0,0.0,0.0,2,6000,0,0,0,0,0,0

STAR,KIBA2A,13,5
IF,KIBAP,-29.895464,-51.507706, ,0.0,0.0,2,6000,0,0,0,0,0,0
TF,CO002,-29.857981,-51.428842,0, ,0.0,0.0,0.0,0.0,2,4000,0,0,0,0,0,0

STAR,OGVU2A,DOPGA,4
IF,DOPGA,-29.882661,-52.230233, ,0.0,0.0,0,0,0,0,0,0,0,0
TF,TIRNO,-29.890744,-51.818881,0, ,0.0,0.0,0.0,0.0,0,0,0,0,0,0,0,0
TF,OGVUV,-29.895500,-51.411833,0, ,0.0,0.0,0.0,0.0,2,12000,0,0,0,0,0,0

STAR,OGVU2A,EAGLE,4
IF,EAGLE,-29.202833,-51.790500, ,0.0,0.0,0,0,0,0,0,0,0,0
TF,OGVUV,-29.895500,-51.411833,0, ,0.0,0.0,0.0,0.0,2,12000,0,0,0,0,0,0

STAR,OGVU2A,SUSKI,4
IF,SUSKI,-29.777172,-52.194964, ,0.0,0.0,0,0,0,0,0,0,0,0
TF,KOLSU,-29.835089,-51.815494,0, ,0.0,0.0,0.0,0.0,0,0,0,0,0,0,0,0
TF,OGVUV,-29.895500,-51.411833,0, ,0.0,0.0,0.0,0.0,2,12000,0,0,0,0,0,0

STAR,OGVU2A,31,5
IF,OGVUV,-29.895500,-51.411833, ,0.0,0.0,2,12000,0,0,0,0,0,0
TF,VULOG,-29.900172,-51.187289,0, ,0.0,0.0,0.0,0.0,2,8000,0,0,0,0,0,0
TF,CO007,-29.905697,-50.909603,0, ,0.0,0.0,0.0,0.0,2,4000,0,0,0,0,0,0
FM,CO007,-29.905697,-50.909603,0,FIG,0.0,0.0,108.0,2,4000,0,0,0,0,0,0

STAR,TIMV3A,13,5
IF,TIMVI,-28.901189,-49.814344, ,0.0,0.0,0,0,0,0,0,0,0,0
TF,GIGNO,-29.498931,-50.470178,0, ,0.0,0.0,0.0,0.0,2,15000,0,0,0,0,0,0
TF,CO016,-29.907194,-50.785539,0, ,0.0,0.0,0.0,0.0,2,10000,0,0,0,0,0,0
VM,-29.945556,-51.143611,0,306.0,2,10000,0,0,0,0,0,0

STAR,UBRE2A,EKUTI,4
IF,EKUTI,-28.466917,-50.560211, ,0.0,0.0,0,0,0,0,0,0,0,0
TF,TONIR,-29.078569,-50.639867,0, ,0.0,0.0,0.0,0.0,0,0,0,0,0,0,0,0
TF,VUPLU,-29.185028,-50.653522,0, ,0.0,0.0,0.0,0.0,3,20000,0,0,0,0,0,0
TF,UBREG,-29.727061,-50.723486,0, ,0.0,0.0,0.0,0.0,2,8000,0,0,0,0,0,0

STAR,UBRE2A,TIMVI,4
IF,TIMVI,-28.901189,-49.814344, ,0.0,0.0,0,0,0,0,0,0,0,0
TF,GIGNO,-29.498931,-50.470178,0, ,0.0,0.0,0.0,0.0,0,0,0,0,0,0,0,0
TF,UBREG,-29.727061,-50.723486,0, ,0.0,0.0,0.0,0.0,2,8000,0,0,0,0,0,0

STAR,UBRE2A,31,5
IF,UBREG,-29.727061,-50.723486, ,0.0,0.0,2,8000,0,0,0,0,0,0
TF,IVTUB,-29.845533,-50.843106,0, ,0.0,0.0,0.0,0.0,2,5000,0,0,0,0,0,0
TF,CO007,-29.905697,-50.909603,0, ,0.0,0.0,0.0,0.0,2,4000,0,0,0,0,0,0
FM,CO007,-29.905697,-50.909603,1,FIG,0.0,0.0,108.0,2,4000,0,0,0,0,0,0

STAR,VASO2A,ILTOG,4
IF,ILTOG,-31.555444,-52.586456, ,0.0,0.0,0,0,0,0,0,0,0,0
TF,VASOG,-30.483333,-51.956500,0, ,0.0,0.0,0.0,0.0,0,0,0,0,0,0,0,0

STAR,VASO2A,POXEV,4
IF,POXEV,-30.322417,-53.453547, ,0.0,0.0,0,0,0,0,0,0,0,0
TF,VASOG,-30.483333,-51.956500,0, ,0.0,0.0,0.0,0.0,0,0,0,0,0,0,0,0

STAR,VASO2A,31,5
IF,VASOG,-30.483333,-51.956500, ,0.0,0.0,0,0,0,0,0,0,0,0
TF,MIDIV,-30.374253,-51.810147,0, ,0.0,0.0,0.0,0.0,0,0,0,0,0,0,0,0
TF,SELRI,-30.245386,-51.637900,0, ,0.0,0.0,0.0,0.0,0,0,0,0,0,0,0,0
TF,DAKAT,-30.083833,-51.416833,0, ,0.0,0.0,0.0,0.0,0,0,0,0,0,0,0,0
TF,LOGUV,-30.088717,-51.188883,0, ,0.0,0.0,0.0,0.0,2,7000,0,0,0,0,0,0
TF,CO009,-30.105856,-50.948150,0, ,0.0,0.0,0.0,0.0,2,4000,0,0,0,0,0,0

APPTR,D13-Y,13,SINOS
IF,SINOS,-29.913672,-51.248133, ,0.0,0.0,2,3000,0,0,0,0,0,0
HF,SINOS,-29.913672,-51.248133,1, ,0.0,0.0,126.0,05,2,2000,0,0,0,0,1,0,0

APPTR,D13-Y,13,TENOL
IF,TENOL,-29.716447,-51.184547, ,0.0,0.0,2,5000,0,0,0,0,0,0
AF,UGTOM,-29.885614,-51.338442,1,FIG,305.5,20.1,344.0,2,2000,0,0,0,0,1,0

APPTR,D13-Y,13,TOMOX
IF,TOMOX,-30.132558,-51.328956, ,0.0,0.0,2,5000,0,0,0,0,0,0
AF,D289T,-29.980056,-51.360367,2,FIG,289.0,20.1,263.0,2,3000,0,0,0,0,0,0
AF,UGTOM,-29.885614,-51.338442,2,FIG,305.5,20.1,289.0,2,2000,0,0,0,0,1,0

FINAL,D13-Y,13,D,3
IF,UGTOM,-29.885614,-51.338442,FIG,305.5,20.1,2,2000,0,0,0,0,0,0
CF,SINOS,-29.913672,-51.248133,0,FIG,305.5,15.1,126.0,5.0,2,1620,0,0,0,0,2,0
CF,RW13,-29.941814,-51.157789,0,FIG,305.6,10.1,126.0,5.0,1,68,0,0,0,0,3,0
CA,0,100.0,2,1000,0,1,230,0,0,0
VI,1, ,0.0,290.0,0,0,0,0,0,0,0,0
CF,D320T,-29.810192,-51.294472,0,FIG,320.0,20.1,320.0,10.0,2,3000,0,1,230,0,0,0
AF,UGTOM,-29.885614,-51.338442,1,FIG,305.5,20.1,320.0,2,3000,0,0,0,0,0,0
TF,SINOS,-29.913672,-51.248133,0, ,0.0,0.0,0.0,0.0,2,3000,0,0,0,0,0,0
HM,SINOS,-29.913672,-51.248133,1, ,0.0,0.0,126.0,05,2,3000,0,0,0,0,0,0,0

APPTR,D13-Z,13,COA
IF,COA,-29.950139,-51.145958, ,0.0,0.0,2,4000,0,1,210,0,0,0
FD,COA,-29.950139,-51.145958,0,COA,0.0,7.0,338.0,7.0,0,0,0,0,0,0,0,0
CF,CD13,-29.895056,-51.264417,1,COA,314.0,7.0,134.0,1.0,2,2000,0,0,0,0,0,0

FINAL,D13-Z,13,D,4
IF,CD13,-29.895056,-51.264417,COA,314.0,7.0,2,2000,0,0,0,0,0,0
CF,FD13,-29.910769,-51.230569,0,COA,314.0,5.0,134.0,2.0,2,1360,0,0,0,0,2,0
CF,40DME,-29.918622,-51.213642,0,COA,314.0,4.0,134.0,1.0,2,1030,0,0,0,0,0,0
CF,RW13,-29.941814,-51.157789,0,COA,324.9,0.8,134.0,3.2,1,68,0,0,0,0,3,0
CF,COA,-29.950139,-51.145958,0,COA,0.0,0.0,134.0,0.8,2,426,0,0,0,0,0,1
VA,0,125.0,2,1000,0,0,0,0,0,0
FA,COA,-29.950139,-51.145958,1,COA,0.0,0.0,360.0,2,4000,0,0,0,0,0,0
DF,COA,-29.950139,-51.145958,0, ,0.0,0.0,0,0,0,0,0,0,0,0
HM,COA,-29.950139,-51.145958,2, ,0.0,0.0,338.0,04.3,0,0,0,0,0,0,0,0,0

APPTR,D31-Z,31,COA
IF,COA,-29.950139,-51.145958, ,0.0,0.0,2,3000,0,0,0,0,0,0
FD,COA,-29.950139,-51.145958,0,COA,0.0,7.0,96.0,7.0,0,0,0,0,0,0,0,0
CF,CD31,-29.968244,-51.013242,2,COA,115.0,7.0,295.0,1.0,2,2000,0,0,0,0,0,0

FINAL,D31-Z,31,D,4
IF,CD31,-29.968244,-51.013242,COA,115.0,7.0,2,2000,0,0,0,0,0,0
CF,FD31,-29.963050,-51.051150,0,COA,115.0,5.0,295.0,2.0,2,1360,0,0,0,0,2,0
CF,EP31,-29.952000,-51.131506,0,COA,115.0,0.8,295.0,4.2,1,73,0,0,0,0,0,1
CF,COA,-29.950139,-51.145958,0,COA,0.0,0.0,295.0,0.8,2,430,0,0,0,0,3,0
VA,0,305.0,2,1000,0,0,0,0,0,0
FA,COA,-29.950139,-51.145958,0,COA,0.0,0.0,360.0,2,4000,0,0,0,0,0,0
DF,COA,-29.950139,-51.145958,0, ,0.0,0.0,0,0,0,0,0,0,0,0
HM,COA,-29.950139,-51.145958,1, ,0.0,0.0,96.0,04.3,0,0,0,0,0,0,0,0,0

APPTR,R13,13,CO001
IF,CO001,-29.785383,-51.340344, ,0.0,0.0,2,4000,0,0,0,0,1,0
TF,UGTOM,-29.885614,-51.338442,0, ,0.0,0.0,0.0,0.0,2,2500,0,0,0,0,1,0

APPTR,R13,13,CO002
IF,CO002,-29.857981,-51.428842, ,0.0,0.0,2,4000,0,0,0,0,1,0
TF,UGTOM,-29.885614,-51.338442,0, ,0.0,0.0,0.0,0.0,2,2500,0,0,0,0,1,0

APPTR,R13,13,MOPTO
IF,MOPTO,-29.967092,-51.444883, ,0.0,0.0,2,3000,0,0,0,0,1,0
TF,UGTOM,-29.885614,-51.338442,0, ,0.0,0.0,0.0,0.0,2,2500,0,0,0,0,1,0

FINAL,R13,13,R,3
IF,UGTOM,-29.885614,-51.338442, ,0.0,0.0,2,2500,0,0,0,0,0,0
TF,SINOS,-29.913672,-51.248133,0, ,0.0,0.0,127.0,5.0,2,1660,0,0,0,0,2,0
TF,RW13,-29.941814,-51.157789,0, ,0.0,0.0,127.0,5.0,1,68,0,0,0,0,3,1
VA,0,127.0,2,1500,0,0,0,0,0,0
DF,CO003,-29.799911,-50.773742,0, ,0.0,0.0,2,4000,0,0,0,0,0,1
HM,CO003,-29.799911,-50.773742,2, ,0.0,0.0,46.0,04.3,2,4000,0,0,0,0,0,0,0

APPTR,R31-Y,31,CO007
IF,CO007,-29.905697,-50.909603, ,0.0,0.0,2,4000,0,0,0,0,1,0
TF,CO011,-30.005628,-50.949933,0, ,0.0,0.0,0.0,0.0,2,2500,0,0,0,0,1,0

APPTR,R31-Y,31,CO008
IF,CO008,-30.038833,-50.841244, ,0.0,0.0,2,4000,0,0,0,0,1,0
TF,CO011,-30.005628,-50.949933,0, ,0.0,0.0,0.0,0.0,2,2500,0,0,0,0,1,0

APPTR,R31-Y,31,CO009
IF,CO009,-30.105856,-50.948150, ,0.0,0.0,2,4000,0,0,0,0,1,0
TF,CO011,-30.005628,-50.949933,0, ,0.0,0.0,0.0,0.0,2,2500,0,0,0,0,1,0

FINAL,R31-Y,31,R,3
IF,CO011,-30.005628,-50.949933, ,0.0,0.0,2,2500,0,0,0,0,0,0
TF,CO012,-29.977889,-51.040450,0, ,0.0,0.0,306.0,5.0,2,1670,0,0,0,0,2,0
TF,RW31,-29.950000,-51.130833,0, ,0.0,0.0,306.0,5.0,1,73,0,0,0,0,3,1
TF,UGTOM,-29.885614,-51.338442,0, ,0.0,0.0,0.0,0.0,0,0,0,0,0,0,0,0
TF,ANBIV,-29.716375,-51.379983,0, ,0.0,0.0,0.0,0.0,2,4000,0,0,0,0,0,1
HM,ANBIV,-29.716375,-51.379983,1, ,0.0,0.0,5.0,04.3,2,4000,0,0,0,0,0,0,0

APPTR,R31-Z,31,CO007
IF,CO007,-29.905697,-50.909603, ,0.0,0.0,2,4000,0,0,0,0,1,0
TF,CO011,-30.005628,-50.949933,0, ,0.0,0.0,0.0,0.0,2,2500,0,0,0,0,1,0

APPTR,R31-Z,31,CO008
IF,CO008,-30.038833,-50.841244, ,0.0,0.0,2,4000,0,0,0,0,1,0
TF,CO011,-30.005628,-50.949933,0, ,0.0,0.0,0.0,0.0,2,2500,0,0,0,0,1,0

APPTR,R31-Z,31,CO009
IF,CO009,-30.105856,-50.948150, ,0.0,0.0,2,4000,0,0,0,0,1,0
TF,CO011,-30.005628,-50.949933,0, ,0.0,0.0,0.0,0.0,2,2500,0,0,0,0,1,0

FINAL,R31-Z,31,R,3
IF,CO011,-30.005628,-50.949933, ,0.0,0.0,2,2500,0,0,0,0,0,0
TF,CO012,-29.977889,-51.040450,0, ,0.0,0.0,306.0,5.0,2,1670,0,0,0,0,2,0
TF,RW31,-29.950000,-51.130833,0, ,0.0,0.0,306.0,5.0,1,73,0,0,0,0,3,1
TF,UGTOM,-29.885614,-51.338442,0, ,0.0,0.0,0.0,0.0,0,0,0,0,0,0,0,0
TF,ANBIV,-29.716375,-51.379983,0, ,0.0,0.0,0.0,0.0,2,4000,0,0,0,0,0,1
HM,ANBIV,-29.716375,-51.379983,1, ,0.0,0.0,5.0,04.3,2,4000,0,0,0,0,0,0,0

APPTR,S31,31,FIG
IF,FIG,-29.998178,-50.975544, ,0.0,0.0,2,3000,0,0,0,0,0,0
HF,FIG,-29.998178,-50.975544,2, ,0.0,0.0,306.0,04.3,2,2900,0,0,0,0,1,0,0

FINAL,S31,31,D,2
IF,FIG,-29.998178,-50.975544,FIG,0.0,0.0,2,2810,0,0,0,0,2,0
CF,RW31,-29.950000,-51.130833,0,FIG,305.6,8.6,306.0,8.6,1,73,0,0,0,0,3,0
CA,0,306.0,2,2000,0,0,0,0,0,0
DF,FIG,-29.998178,-50.975544,2, ,0.0,0.0,2,3000,0,0,0,0,0,0
HM,FIG,-29.998178,-50.975544,2, ,0.0,0.0,306.0,04.3,0,0,0,0,0,0,0,0,0

APPTR,S31-Y,31,COA
IF,COA,-29.950139,-51.145958,COA,0.0,0.0,2,3000,0,0,0,0,0,0
FC,COA,-29.950139,-51.145958,0,COA,0.0,0.0,100.0,8.2,0,0,0,0,0,0,0,1
CF,FF31,-29.964506,-51.040536,2,COA,115.0,5.6,295.0,2.6,2,1600,0,0,0,0,0,0

FINAL,S31-Y,31,D,3
IF,FF31,-29.964506,-51.040536,COA,115.0,5.6,2,1600,0,0,0,0,2,0
CF,EP31,-29.952000,-51.131506,0,COA,115.0,0.8,295.0,4.8,1,73,0,0,0,0,0,1
CF,COA,-29.950139,-51.145958,0,COA,0.0,0.0,295.0,0.8,2,430,0,0,0,0,3,0
VA,0,305.0,2,1000,0,0,0,0,0,0
FA,COA,-29.950139,-51.145958,0,COA,0.0,0.0,360.0,2,4000,0,0,0,0,0,0
DF,COA,-29.950139,-51.145958,0, ,0.0,0.0,0,0,0,0,0,0,0,0
HM,COA,-29.950139,-51.145958,1, ,0.0,0.0,100.0,04.3,0,0,0,0,0,0,0,0,0

