SID,BODO2A,32,5
CF,VUPAK,-27.639711,-48.599475,0,FLN,318.9,3.6,321.0,3.0,0,0,0,0,0,0,0,1
TF,BODOP,-27.481489,-48.494142,0, ,0.0,0.0,0.0,0.0,3,5000,0,0,0,0,0,0

SID,BODO2A,CTB,6
IF,BODOP,-27.481489,-48.494142, ,0.0,0.0,3,5000,0,0,0,0,0,0
TF,FL979,-27.203933,-48.517275,0, ,0.0,0.0,0.0,0.0,2,9000,0,0,0,0,0,0
TF,FL901,-26.909167,-48.541714,0, ,0.0,0.0,0.0,0.0,3,13000,0,0,0,0,0,0
TF,ILVOR,-26.411544,-48.582681,0, ,0.0,0.0,0.0,0.0,2,10000,0,0,0,0,0,0
TF,GEPVO,-26.028000,-48.804333,0, ,0.0,0.0,0.0,0.0,2,19000,0,0,0,0,0,0
TF,OGLUT,-25.768136,-48.831467,0, ,0.0,0.0,0.0,0.0,0,0,0,0,0,0,0,0
TF,CTB,-25.532031,-49.167664,0, ,0.0,0.0,0.0,0.0,0,0,0,0,0,0,0,0

SID,BODO2A,DAGPI,6
IF,BODOP,-27.481489,-48.494142, ,0.0,0.0,3,5000,0,0,0,0,0,0
TF,FL979,-27.203933,-48.517275,0, ,0.0,0.0,0.0,0.0,2,9000,0,0,0,0,0,0
TF,FL901,-26.909167,-48.541714,0, ,0.0,0.0,0.0,0.0,3,13000,0,0,0,0,0,0
TF,ILVOR,-26.411544,-48.582681,0, ,0.0,0.0,0.0,0.0,2,10000,0,0,0,0,0,0
TF,GEPVO,-26.028000,-48.804333,0, ,0.0,0.0,0.0,0.0,2,19000,0,0,0,0,0,0
TF,OGLUT,-25.768136,-48.831467,0, ,0.0,0.0,0.0,0.0,0,0,0,0,0,0,0,0
TF,DAGPI,-24.766386,-48.945664,0, ,0.0,0.0,0.0,0.0,0,0,0,0,0,0,0,0

SID,BODO2A,EGDED,6
IF,BODOP,-27.481489,-48.494142, ,0.0,0.0,3,5000,0,0,0,0,0,0
TF,FL978,-27.107092,-47.753772,0, ,0.0,0.0,0.0,0.0,0,0,0,0,0,0,0,0
TF,EGDED,-26.886564,-47.326533,0, ,0.0,0.0,0.0,0.0,0,0,0,0,0,0,0,0

SID,BODO2A,NUXUS,6
IF,BODOP,-27.481489,-48.494142, ,0.0,0.0,3,5000,0,0,0,0,0,0
TF,FL972,-27.213069,-48.316136,0, ,0.0,0.0,0.0,0.0,0,0,0,0,0,0,0,0
TF,FL973,-27.051203,-48.286883,0, ,0.0,0.0,0.0,0.0,2,10000,0,0,0,0,0,0
TF,FL968,-26.788644,-48.239619,0, ,0.0,0.0,0.0,0.0,2,15000,0,0,0,0,0,0
TF,VUBUV,-26.717736,-48.226872,0, ,0.0,0.0,0.0,0.0,0,0,0,0,0,0,0,0
TF,UBMAL,-26.540747,-48.194850,0, ,0.0,0.0,0.0,0.0,2,19000,0,0,0,0,0,0
TF,NUXUS,-25.982461,-48.092311,0, ,0.0,0.0,0.0,0.0,0,0,0,0,0,0,0,0

SID,BODO2A,VUBUV,6
IF,BODOP,-27.481489,-48.494142, ,0.0,0.0,3,5000,0,0,0,0,0,0
TF,FL972,-27.213069,-48.316136,0, ,0.0,0.0,0.0,0.0,0,0,0,0,0,0,0,0
TF,FL973,-27.051203,-48.286883,0, ,0.0,0.0,0.0,0.0,2,10000,0,0,0,0,0,0
TF,FL968,-26.788644,-48.239619,0, ,0.0,0.0,0.0,0.0,2,15000,0,0,0,0,0,0
TF,VUBUV,-26.717736,-48.226872,0, ,0.0,0.0,0.0,0.0,0,0,0,0,0,0,0,0

SID,EDMA1A,14,2
CF,EDMAL,-27.756389,-48.379758,0,FLN,140.2,10.0,141.0,9.4,0,0,0,0,0,0,0,0

SID,EDMA1A,ANKAG,3
IF,EDMAL,-27.756389,-48.379758, ,0.0,0.0,0,0,0,0,0,0,0,0
AF,UTPUS,-27.584086,-48.701458,2,FLN,319.9,10.0,141.0,0,0,0,0,0,0,0,0
TF,MUKAL,-27.527050,-48.808128,0, ,0.0,0.0,0.0,0.0,0,0,0,0,0,0,0,0
TF,UBTAR,-27.203314,-49.409428,0, ,0.0,0.0,0.0,0.0,0,0,0,0,0,0,0,0
TF,ANKAG,-26.955364,-49.864253,0, ,0.0,0.0,0.0,0.0,0,0,0,0,0,0,0,0

SID,EDMA1A,DARNU,3
IF,EDMAL,-27.756389,-48.379758, ,0.0,0.0,0,0,0,0,0,0,0,0
AF,FLN01,-27.524931,-48.447147,1,FLN,48.9,10.0,141.0,0,0,0,0,0,0,0,0
TF,ASBUS,-27.510333,-48.437667,0, ,0.0,0.0,0.0,0.0,3,5000,0,0,0,0,0,0
TF,DARNU,-26.668167,-47.901667,0, ,0.0,0.0,0.0,0.0,0,0,0,0,0,0,0,0

SID,EDMA1A,DOGPO,3
IF,EDMAL,-27.756389,-48.379758, ,0.0,0.0,0,0,0,0,0,0,0,0
AF,UTPUS,-27.584086,-48.701458,2,FLN,319.9,10.0,141.0,0,0,0,0,0,0,0,0
TF,MUKAL,-27.527050,-48.808128,0, ,0.0,0.0,0.0,0.0,0,0,0,0,0,0,0,0
TF,UBTAR,-27.203314,-49.409428,0, ,0.0,0.0,0.0,0.0,0,0,0,0,0,0,0,0
TF,ANKAG,-26.955364,-49.864253,0, ,0.0,0.0,0.0,0.0,0,0,0,0,0,0,0,0
TF,DOGPO,-26.798917,-50.148844,0, ,0.0,0.0,0.0,0.0,0,0,0,0,0,0,0,0

SID,EDMA1A,UKBOV,3
IF,EDMAL,-27.756389,-48.379758, ,0.0,0.0,0,0,0,0,0,0,0,0
AF,FLN02,-27.796492,-48.663094,2,FLN,239.7,10.0,141.0,0,0,0,0,0,0,0,0
TF,SULPI,-27.842242,-48.707519,0, ,0.0,0.0,0.0,0.0,0,0,0,0,0,0,0,0
TF,UKBOV,-28.210397,-49.082839,0, ,0.0,0.0,0.0,0.0,0,0,0,0,0,0,0,0

SID,EDMA1A,UMKOT,3
IF,EDMAL,-27.756389,-48.379758, ,0.0,0.0,0,0,0,0,0,0,0,0
AF,UTPUS,-27.584086,-48.701458,2,FLN,319.9,10.0,141.0,0,0,0,0,0,0,0,0
TF,MUKAL,-27.527050,-48.808128,0, ,0.0,0.0,0.0,0.0,0,0,0,0,0,0,0,0
VI,0, ,0.0,280.0,0,0,0,0,0,0,0,0
CF,EPKUV,-27.537678,-49.052864,0,FLN,305.0,28.4,306.0,2.0,2,12000,0,0,0,0,0,0
TF,UMKOT,-27.415372,-49.518892,0, ,0.0,0.0,0.0,0.0,0,0,0,0,0,0,0,0

SID,MUKA1A,32,5
CF,MUKAL,-27.527050,-48.808128,0,FLN,319.9,16.6,320.0,16.0,0,0,0,0,0,0,0,0

SID,MUKA1A,KETUD,6
IF,MUKAL,-27.527050,-48.808128, ,0.0,0.0,0,0,0,0,0,0,0,0
TF,FL983,-27.472294,-49.159747,0, ,0.0,0.0,0.0,0.0,2,12000,0,0,0,0,0,0
TF,UMKOT,-27.415372,-49.518892,0, ,0.0,0.0,0.0,0.0,0,0,0,0,0,0,0,0
TF,KETUD,-27.479667,-50.124567,0, ,0.0,0.0,0.0,0.0,0,0,0,0,0,0,0,0

SID,MUKA1A,PAJAM,6
IF,MUKAL,-27.527050,-48.808128, ,0.0,0.0,0,0,0,0,0,0,0,0
TF,FL981,-27.754067,-48.869042,0, ,0.0,0.0,0.0,0.0,1,6000,0,0,0,0,0,0
TF,PAJAM,-28.105167,-48.963833,0, ,0.0,0.0,0.0,0.0,0,0,0,0,0,0,0,0

SID,MUKA1A,UGREV,6
IF,MUKAL,-27.527050,-48.808128, ,0.0,0.0,0,0,0,0,0,0,0,0
TF,FL981,-27.754067,-48.869042,0, ,0.0,0.0,0.0,0.0,1,6000,0,0,0,0,0,0
TF,UGREV,-28.221833,-48.964500,0, ,0.0,0.0,0.0,0.0,0,0,0,0,0,0,0,0

SID,OGPI1A,14,5
CF,FL951,-27.727500,-48.436500,0,FLN,140.9,6.5,141.0,5.8,0,0,0,0,0,0,0,0
TF,OGPIR,-27.864233,-48.590897,2, ,0.0,0.0,0.0,0.0,0,0,0,0,0,0,0,0

SID,OGPI1A,KETUD,6
IF,OGPIR,-27.864233,-48.590897, ,0.0,0.0,0,0,0,0,0,0,0,0
TF,FL969,-27.822517,-48.796853,0, ,0.0,0.0,0.0,0.0,0,0,0,0,0,0,0,0
TF,FL971,-27.786500,-48.973567,0, ,0.0,0.0,0.0,0.0,2,10000,0,0,0,0,0,0
TF,FL974,-27.669039,-49.543028,0, ,0.0,0.0,0.0,0.0,0,0,0,0,0,0,0,0
TF,KETUD,-27.479667,-50.124567,0, ,0.0,0.0,0.0,0.0,0,0,0,0,0,0,0,0

SID,OGPI1A,PAJAM,6
IF,OGPIR,-27.864233,-48.590897, ,0.0,0.0,0,0,0,0,0,0,0,0
TF,PAJAM,-28.105167,-48.963833,0, ,0.0,0.0,0.0,0.0,0,0,0,0,0,0,0,0

SID,OGPI1A,UGREV,6
IF,OGPIR,-27.864233,-48.590897, ,0.0,0.0,0,0,0,0,0,0,0,0
TF,UGREV,-28.221833,-48.964500,0, ,0.0,0.0,0.0,0.0,0,0,0,0,0,0,0,0

SID,PUNO2A,14,5
CF,AKRAT,-27.702503,-48.483011,0,FLN,141.5,3.6,141.0,3.0,0,0,0,1,240,0,0,1
TF,PUNOD,-27.544200,-48.377778,1, ,0.0,0.0,0.0,0.0,3,5000,0,1,240,0,0,0

SID,PUNO2A,CTB,6
IF,PUNOD,-27.544200,-48.377778, ,0.0,0.0,3,5000,0,1,240,0,0,0
TF,GIDVA,-27.397889,-48.438631,0, ,0.0,0.0,0.0,0.0,0,0,0,0,0,0,0,0
TF,FL979,-27.203933,-48.517275,0, ,0.0,0.0,0.0,0.0,2,9000,0,0,0,0,0,0
TF,FL901,-26.909167,-48.541714,0, ,0.0,0.0,0.0,0.0,3,13000,0,0,0,0,0,0
TF,ILVOR,-26.411544,-48.582681,0, ,0.0,0.0,0.0,0.0,2,10000,0,0,0,0,0,0
TF,GEPVO,-26.028000,-48.804333,0, ,0.0,0.0,0.0,0.0,2,19000,0,0,0,0,0,0
TF,OGLUT,-25.768136,-48.831467,0, ,0.0,0.0,0.0,0.0,0,0,0,0,0,0,0,0
TF,CTB,-25.532031,-49.167664,0, ,0.0,0.0,0.0,0.0,0,0,0,0,0,0,0,0

SID,PUNO2A,DAGPI,6
IF,PUNOD,-27.544200,-48.377778, ,0.0,0.0,3,5000,0,1,240,0,0,0
TF,GIDVA,-27.397889,-48.438631,0, ,0.0,0.0,0.0,0.0,0,0,0,0,0,0,0,0
TF,FL979,-27.203933,-48.517275,0, ,0.0,0.0,0.0,0.0,2,9000,0,0,0,0,0,0
TF,FL901,-26.909167,-48.541714,0, ,0.0,0.0,0.0,0.0,3,13000,0,0,0,0,0,0
TF,ILVOR,-26.411544,-48.582681,0, ,0.0,0.0,0.0,0.0,2,10000,0,0,0,0,0,0
TF,GEPVO,-26.028000,-48.804333,0, ,0.0,0.0,0.0,0.0,2,19000,0,0,0,0,0,0
TF,OGLUT,-25.768136,-48.831467,0, ,0.0,0.0,0.0,0.0,0,0,0,0,0,0,0,0
TF,DAGPI,-24.766386,-48.945664,0, ,0.0,0.0,0.0,0.0,0,0,0,0,0,0,0,0

SID,PUNO2A,EGDED,6
IF,PUNOD,-27.544200,-48.377778, ,0.0,0.0,3,5000,0,1,240,0,0,0
TF,FL976,-27.136756,-47.713586,0, ,0.0,0.0,0.0,0.0,0,0,0,0,0,0,0,0
TF,EGDED,-26.886564,-47.326533,0, ,0.0,0.0,0.0,0.0,0,0,0,0,0,0,0,0

SID,PUNO2A,NUXUS,6
IF,PUNOD,-27.544200,-48.377778, ,0.0,0.0,3,5000,0,1,240,0,0,0
TF,FL972,-27.213069,-48.316136,0, ,0.0,0.0,0.0,0.0,0,0,0,0,0,0,0,0
TF,FL973,-27.051203,-48.286883,0, ,0.0,0.0,0.0,0.0,2,10000,0,0,0,0,0,0
TF,FL968,-26.788644,-48.239619,0, ,0.0,0.0,0.0,0.0,2,15000,0,0,0,0,0,0
TF,VUBUV,-26.717736,-48.226872,0, ,0.0,0.0,0.0,0.0,0,0,0,0,0,0,0,0
TF,UBMAL,-26.540747,-48.194850,0, ,0.0,0.0,0.0,0.0,2,19000,0,0,0,0,0,0
TF,NUXUS,-25.982461,-48.092311,0, ,0.0,0.0,0.0,0.0,0,0,0,0,0,0,0,0

SID,PUNO2A,VUBUV,6
IF,PUNOD,-27.544200,-48.377778, ,0.0,0.0,3,5000,0,1,240,0,0,0
TF,FL972,-27.213069,-48.316136,0, ,0.0,0.0,0.0,0.0,0,0,0,0,0,0,0,0
TF,FL973,-27.051203,-48.286883,0, ,0.0,0.0,0.0,0.0,2,10000,0,0,0,0,0,0
TF,FL968,-26.788644,-48.239619,0, ,0.0,0.0,0.0,0.0,2,15000,0,0,0,0,0,0
TF,VUBUV,-26.717736,-48.226872,0, ,0.0,0.0,0.0,0.0,0,0,0,0,0,0,0,0

SID,UTPU1B,32,2
CF,UTPUS,-27.584086,-48.701458,0,FLN,319.9,10.0,320.0,9.3,0,0,0,0,0,0,0,0

SID,UTPU1B,ANKAG,3
IF,UTPUS,-27.584086,-48.701458, ,0.0,0.0,0,0,0,0,0,0,0,0
TF,MUKAL,-27.527050,-48.808128,0, ,0.0,0.0,0.0,0.0,0,0,0,0,0,0,0,0
TF,UBTAR,-27.203314,-49.409428,0, ,0.0,0.0,0.0,0.0,0,0,0,0,0,0,0,0
TF,ANKAG,-26.955364,-49.864253,0, ,0.0,0.0,0.0,0.0,0,0,0,0,0,0,0,0

SID,UTPU1B,DARNU,3
IF,UTPUS,-27.584086,-48.701458, ,0.0,0.0,0,0,0,0,0,0,0,0
AF,FLN01,-27.524931,-48.447147,2,FLN,48.9,10.0,320.0,0,0,0,0,0,0,0,0
TF,ASBUS,-27.510333,-48.437667,0, ,0.0,0.0,0.0,0.0,3,5000,0,0,0,0,0,0
TF,DARNU,-26.668167,-47.901667,0, ,0.0,0.0,0.0,0.0,0,0,0,0,0,0,0,0

SID,UTPU1B,DOGPO,3
IF,UTPUS,-27.584086,-48.701458, ,0.0,0.0,0,0,0,0,0,0,0,0
TF,MUKAL,-27.527050,-48.808128,0, ,0.0,0.0,0.0,0.0,0,0,0,0,0,0,0,0
TF,UBTAR,-27.203314,-49.409428,0, ,0.0,0.0,0.0,0.0,0,0,0,0,0,0,0,0
TF,ANKAG,-26.955364,-49.864253,0, ,0.0,0.0,0.0,0.0,0,0,0,0,0,0,0,0
TF,DOGPO,-26.798917,-50.148844,0, ,0.0,0.0,0.0,0.0,0,0,0,0,0,0,0,0

SID,UTPU1B,UKBOV,3
IF,UTPUS,-27.584086,-48.701458, ,0.0,0.0,0,0,0,0,0,0,0,0
AF,FLN02,-27.796492,-48.663094,1,FLN,239.7,10.0,320.0,1,5000,0,0,0,0,0,0
TF,SULPI,-27.842242,-48.707519,0, ,0.0,0.0,0.0,0.0,1,5000,0,0,0,0,0,0
TF,UKBOV,-28.210397,-49.082839,0, ,0.0,0.0,0.0,0.0,0,0,0,0,0,0,0,0

SID,UTPU1B,UMKOT,3
IF,UTPUS,-27.584086,-48.701458, ,0.0,0.0,0,0,0,0,0,0,0,0
TF,MUKAL,-27.527050,-48.808128,0, ,0.0,0.0,0.0,0.0,0,0,0,0,0,0,0,0
VI,0, ,0.0,280.0,0,0,0,0,0,0,0,0
CF,EPKUV,-27.537678,-49.052864,0,FLN,305.0,28.4,305.0,3.0,2,12000,0,0,0,0,0,0
TF,UMKOT,-27.415372,-49.518892,0, ,0.0,0.0,0.0,0.0,0,0,0,0,0,0,0,0

STAR,DIMO2A,EDREX,4
IF,EDREX,-25.694697,-49.279644, ,0.0,0.0,2,19000,0,0,0,0,0,0
TF,UMPOV,-26.071153,-49.198267,0, ,0.0,0.0,0.0,0.0,0,0,0,0,0,0,0,0
TF,PONLU,-26.527178,-49.045525,0, ,0.0,0.0,0.0,0.0,0,0,0,0,0,0,0,0
TF,PUDNI,-26.753619,-48.981622,0, ,0.0,0.0,0.0,0.0,0,0,0,0,0,0,0,0
TF,FL999,-26.958867,-48.884339,0, ,0.0,0.0,0.0,0.0,2,14000,0,0,0,0,0,0
TF,BUVRO,-27.007336,-48.861306,0, ,0.0,0.0,0.0,0.0,0,0,0,0,0,0,0,0
TF,FL998,-27.177817,-48.780122,0, ,0.0,0.0,0.0,0.0,2,10000,0,0,0,0,0,0
TF,ILNUL,-27.291497,-48.725833,0, ,0.0,0.0,0.0,0.0,2,7000,0,0,0,0,0,0
TF,DIMOG,-27.493342,-48.653439,0, ,0.0,0.0,0.0,0.0,2,5000,0,0,0,0,0,0

STAR,DIMO2A,EGDED,4
IF,EGDED,-26.886564,-47.326533, ,0.0,0.0,0,0,0,0,0,0,0,0
TF,FL953,-27.175028,-47.561031,0, ,0.0,0.0,0.0,0.0,0,0,0,0,0,0,0,0
TF,FL997,-27.361356,-47.830978,0, ,0.0,0.0,0.0,0.0,0,0,0,0,0,0,0,0
TF,EPKON,-27.677150,-48.312039,0, ,0.0,0.0,0.0,0.0,0,0,0,0,0,0,0,0
TF,MUGAB,-27.572939,-48.506103,0, ,0.0,0.0,0.0,0.0,2,6000,0,0,0,0,0,0
TF,DIMOG,-27.493342,-48.653439,0, ,0.0,0.0,0.0,0.0,2,5000,0,0,0,0,0,0

STAR,DIMO2A,EVPUK,4
IF,EVPUK,-25.178167,-48.442000, ,0.0,0.0,0,0,0,0,0,0,0,0
TF,FL903,-25.509675,-48.433161,0, ,0.0,0.0,0.0,0.0,2,25000,0,0,0,0,0,0
TF,FL904,-26.579819,-48.404042,0, ,0.0,0.0,0.0,0.0,2,19000,0,0,0,0,0,0
TF,FL902,-26.914014,-48.394836,0, ,0.0,0.0,0.0,0.0,0,0,0,0,0,0,0,0
TF,FL906,-27.066436,-48.617039,0, ,0.0,0.0,0.0,0.0,2,14000,0,0,0,0,0,0
TF,FL998,-27.177817,-48.780122,0, ,0.0,0.0,0.0,0.0,2,10000,0,0,0,0,0,0
TF,ILNUL,-27.291497,-48.725833,0, ,0.0,0.0,0.0,0.0,2,7000,0,0,0,0,0,0
TF,DIMOG,-27.493342,-48.653439,0, ,0.0,0.0,0.0,0.0,2,5000,0,0,0,0,0,0

STAR,DIMO2A,14,5
IF,DIMOG,-27.493342,-48.653439, ,0.0,0.0,2,5000,0,0,0,0,0,0

STAR,EPKO2A,EDREX,4
IF,EDREX,-25.694697,-49.279644, ,0.0,0.0,2,19000,0,0,0,0,0,0
TF,UMPOV,-26.071153,-49.198267,0, ,0.0,0.0,0.0,0.0,0,0,0,0,0,0,0,0
TF,PONLU,-26.527178,-49.045525,0, ,0.0,0.0,0.0,0.0,0,0,0,0,0,0,0,0
TF,PUDNI,-26.753619,-48.981622,0, ,0.0,0.0,0.0,0.0,0,0,0,0,0,0,0,0
TF,FL999,-26.958867,-48.884339,0, ,0.0,0.0,0.0,0.0,2,14000,0,0,0,0,0,0
TF,BUVRO,-27.007336,-48.861306,0, ,0.0,0.0,0.0,0.0,0,0,0,0,0,0,0,0
TF,FL998,-27.177817,-48.780122,0, ,0.0,0.0,0.0,0.0,2,10000,0,0,0,0,0,0
TF,ILNUL,-27.291497,-48.725833,0, ,0.0,0.0,0.0,0.0,2,7000,0,0,0,0,0,0
TF,DIMOG,-27.493342,-48.653439,0, ,0.0,0.0,0.0,0.0,0,0,0,0,0,0,0,0
TF,SEBTI,-27.596908,-48.461639,0, ,0.0,0.0,0.0,0.0,2,6000,0,0,0,0,0,0
TF,EPKON,-27.677150,-48.312039,0, ,0.0,0.0,0.0,0.0,2,4000,0,0,0,0,0,0

STAR,EPKO2A,EGDED,4
IF,EGDED,-26.886564,-47.326533, ,0.0,0.0,0,0,0,0,0,0,0,0
TF,FL953,-27.175028,-47.561031,0, ,0.0,0.0,0.0,0.0,0,0,0,0,0,0,0,0
TF,FL997,-27.361356,-47.830978,0, ,0.0,0.0,0.0,0.0,0,0,0,0,0,0,0,0
TF,EPKON,-27.677150,-48.312039,0, ,0.0,0.0,0.0,0.0,2,4000,0,0,0,0,0,0

STAR,EPKO2A,EVPUK,4
IF,EVPUK,-25.178167,-48.442000, ,0.0,0.0,0,0,0,0,0,0,0,0
TF,FL903,-25.509675,-48.433161,0, ,0.0,0.0,0.0,0.0,2,25000,0,0,0,0,0,0
TF,FL904,-26.579819,-48.404042,0, ,0.0,0.0,0.0,0.0,2,19000,0,0,0,0,0,0
TF,FL902,-26.914014,-48.394836,0, ,0.0,0.0,0.0,0.0,0,0,0,0,0,0,0,0
TF,FL906,-27.066436,-48.617039,0, ,0.0,0.0,0.0,0.0,2,14000,0,0,0,0,0,0
TF,FL998,-27.177817,-48.780122,0, ,0.0,0.0,0.0,0.0,2,10000,0,0,0,0,0,0
TF,ILNUL,-27.291497,-48.725833,0, ,0.0,0.0,0.0,0.0,2,7000,0,0,0,0,0,0
TF,DIMOG,-27.493342,-48.653439,0, ,0.0,0.0,0.0,0.0,0,0,0,0,0,0,0,0
TF,SEBTI,-27.596908,-48.461639,0, ,0.0,0.0,0.0,0.0,2,6000,0,0,0,0,0,0
TF,EPKON,-27.677150,-48.312039,0, ,0.0,0.0,0.0,0.0,2,4000,0,0,0,0,0,0

STAR,EPKO2A,32,5
IF,EPKON,-27.677150,-48.312039, ,0.0,0.0,2,4000,0,0,0,0,0,0

STAR,UTBE1A,DADMO,4
IF,DADMO,-28.474008,-49.671414, ,0.0,0.0,0,0,0,0,0,0,0,0
TF,BUTEP,-28.222672,-49.461025,0, ,0.0,0.0,0.0,0.0,0,0,0,0,0,0,0,0
TF,DONRO,-28.087322,-49.348256,0, ,0.0,0.0,0.0,0.0,2,7000,0,0,0,0,0,0
TF,FL996,-27.838983,-49.145003,0, ,0.0,0.0,0.0,0.0,3,9000,0,0,0,0,0,0
TF,UTBES,-27.637458,-48.960772,0, ,0.0,0.0,0.0,0.0,2,6000,0,0,0,0,0,0

STAR,UTBE1A,EDIVI,4
IF,EGIVI,-27.551778,-49.544553, ,0.0,0.0,0,0,0,0,0,0,0,0
TF,UTBES,-27.637458,-48.960772,0, ,0.0,0.0,0.0,0.0,2,6000,0,0,0,0,0,0

STAR,UTBE1A,EDLUK,4
IF,EDLUK,-28.875075,-49.842825, ,0.0,0.0,0,0,0,0,0,0,0,0
TF,BUTEP,-28.222672,-49.461025,0, ,0.0,0.0,0.0,0.0,0,0,0,0,0,0,0,0
TF,DONRO,-28.087322,-49.348256,0, ,0.0,0.0,0.0,0.0,2,7000,0,0,0,0,0,0
TF,FL996,-27.838983,-49.145003,0, ,0.0,0.0,0.0,0.0,3,9000,0,0,0,0,0,0
TF,UTBES,-27.637458,-48.960772,0, ,0.0,0.0,0.0,0.0,2,6000,0,0,0,0,0,0

STAR,UTBE1A,14,5
IF,UTBES,-27.637458,-48.960772, ,0.0,0.0,2,6000,0,0,0,0,0,0
TF,MUKAL,-27.527050,-48.808128,0, ,0.0,0.0,0.0,0.0,2,5000,0,0,0,0,0,0

STAR,UTBE1B,DADMO,4
IF,DADMO,-28.474008,-49.671414, ,0.0,0.0,0,0,0,0,0,0,0,0
TF,BUTEP,-28.222672,-49.461025,0, ,0.0,0.0,0.0,0.0,0,0,0,0,0,0,0,0
TF,DONRO,-28.087322,-49.348256,0, ,0.0,0.0,0.0,0.0,2,7000,0,0,0,0,0,0
TF,FL996,-27.838983,-49.145003,0, ,0.0,0.0,0.0,0.0,0,0,0,0,0,0,0,0
TF,UTBES,-27.637458,-48.960772,0, ,0.0,0.0,0.0,0.0,0,0,0,0,0,0,0,0

STAR,UTBE1B,EDLUK,4
IF,EDLUK,-28.875075,-49.842825, ,0.0,0.0,0,0,0,0,0,0,0,0
TF,BUTEP,-28.222672,-49.461025,0, ,0.0,0.0,0.0,0.0,0,0,0,0,0,0,0,0
TF,DONRO,-28.087322,-49.348256,0, ,0.0,0.0,0.0,0.0,2,7000,0,0,0,0,0,0
TF,FL996,-27.838983,-49.145003,0, ,0.0,0.0,0.0,0.0,0,0,0,0,0,0,0,0
TF,UTBES,-27.637458,-48.960772,0, ,0.0,0.0,0.0,0.0,0,0,0,0,0,0,0,0

STAR,UTBE1B,EGIVI,4
IF,EGIVI,-27.551778,-49.544553, ,0.0,0.0,0,0,0,0,0,0,0,0
TF,UTBES,-27.637458,-48.960772,0, ,0.0,0.0,0.0,0.0,0,0,0,0,0,0,0,0

STAR,UTBE1B,32,5
IF,UTBES,-27.637458,-48.960772, ,0.0,0.0,0,0,0,0,0,0,0,0
TF,ILRUK,-27.664908,-48.769992,0, ,0.0,0.0,0.0,0.0,2,7000,0,0,0,0,0,0
TF,FL994,-27.715883,-48.675753,0, ,0.0,0.0,0.0,0.0,2,6000,0,0,0,0,0,0
TF,ANDUT,-27.848794,-48.429039,0, ,0.0,0.0,0.0,0.0,2,4000,0,0,0,0,0,0

APPTR,D32-Y,32,ANDUT
IF,ANDUT,-27.848794,-48.429039, ,0.0,0.0,2,4000,0,0,0,0,1,0
AF,FL967,-27.776536,-48.344350,1,FLN,140.5,12.2,171.0,2,2500,0,0,0,0,0,0
CF,ATEVU,-27.762458,-48.370294,0,FLN,140.5,10.6,321.0,1.6,2,2500,0,0,0,0,1,0

APPTR,D32-Y,32,EPKON
IF,EPKON,-27.677150,-48.312039, ,0.0,0.0,2,4000,0,0,0,0,1,0
AF,FL966,-27.776006,-48.345328,2,FLN,140.5,12.2,112.0,2,2500,0,0,0,0,0,0
CF,ATEVU,-27.762458,-48.370294,0,FLN,140.5,10.6,321.0,1.6,2,2500,0,0,0,0,1,0

APPTR,D32-Y,32,MATSA
IF,MATSA,-27.814667,-48.274000, ,0.0,0.0,2,4000,0,0,0,0,1,0
TF,ATEVU,-27.762458,-48.370294,0, ,0.0,0.0,0.0,0.0,2,2500,0,0,0,0,1,0

FINAL,D32-Y,32,D,4
IF,ATEVU,-27.762458,-48.370294,FLN,140.5,10.6,2,2500,0,0,0,0,0,0
CF,DAKRU,-27.718900,-48.450469,0,FLN,140.5,5.6,321.0,5.0,2,1640,0,0,0,0,2,0
CF,FL002,-27.675814,-48.529631,0,FLN,140.5,0.7,321.0,4.9,1,66,0,0,0,0,0,1
CF,FLN,-27.669917,-48.540453,0,FLN,0.0,0.0,321.0,0.6,2,420,0,0,0,0,3,1
TF,SUDBA,-27.423200,-48.996144,0, ,0.0,0.0,0.0,0.0,2,5000,0,0,0,0,0,0
HM,SUDBA,-27.423200,-48.996144,1, ,0.0,0.0,141.0,04.3,2,5000,0,0,0,0,0,0,0

APPTR,I14-K,14,DIMOG
IF,DIMOG,-27.493342,-48.653439, ,0.0,0.0,2,5000,0,0,0,0,1,0
AF,FLN03,-27.566225,-48.736717,1,FLN,319.6,12.2,350.0,2,3100,0,0,0,0,0,0
CF,GUXUL,-27.566417,-48.736147,0,FLN,319.7,12.1,141.0,0.1,2,3100,0,0,0,0,0,0
CF,ISASI,-27.579539,-48.711942,0,FLN,319.6,10.6,141.0,1.5,2,2800,0,0,0,0,1,0
CF,IBDOD,-27.601103,-48.671778,0,IFL,320.0,9.0,141.0,2.5,2,2200,0,0,0,0,0,0

APPTR,I14-K,14,ILRUK
IF,ILRUK,-27.664908,-48.769992, ,0.0,0.0,2,5000,0,0,0,0,1,0
AF,FLN04,-27.565622,-48.737842,2,FLN,319.6,12.2,291.0,2,3100,0,0,0,0,0,0
CF,GUXUL,-27.566417,-48.736147,0,FLN,319.7,12.1,141.0,0.1,2,3100,0,0,0,0,0,0
CF,ISASI,-27.579539,-48.711942,0,FLN,319.6,10.6,141.0,1.5,2,2800,0,0,0,0,1,0
CF,IBDOD,-27.601103,-48.671778,0,IFL,320.0,9.0,141.0,2.5,2,2200,0,0,0,0,0,0

APPTR,I14-K,14,MUKAL
IF,MUKAL,-27.527050,-48.808128, ,0.0,0.0,2,5000,0,0,0,0,1,0
CF,GUXUL,-27.566417,-48.736147,0,FLN,319.7,12.1,141.0,4.5,2,3100,0,0,0,0,0,0
CF,ISASI,-27.579539,-48.711942,0,FLN,319.6,10.6,141.0,1.5,2,2800,0,0,0,0,1,0
CF,IBDOD,-27.601103,-48.671778,0,IFL,320.0,9.0,141.0,2.5,2,2200,0,0,0,0,0,0

FINAL,I14-K,14,I,3
IF,IBDOD,-27.601103,-48.671778,IFL,320.0,9.0,2,2200,0,0,0,0,0,0
CF,ESKEG,-27.614036,-48.647669,0,IFL,320.0,7.5,141.0,1.5,1,2000,0,0,0,0,2,0
CF,RW14,-27.665728,-48.551194,0,IFL,320.0,1.5,141.0,6.0,1,77,0,0,0,0,3,1
CF,ESMUB,-27.813878,-48.273467,0,FLN,140.3,16.6,141.0,17.2,2,4000,0,0,0,0,0,0
HM,ESMUB,-27.813878,-48.273467,2, ,0.0,0.0,321.0,04.3,2,4000,0,0,0,0,0,0,0

APPTR,I14-Y,14,DIMOG
IF,DIMOG,-27.493342,-48.653439, ,0.0,0.0,2,5000,0,0,0,0,1,0
TF,ISASI,-27.579539,-48.711942,0, ,0.0,0.0,0.0,0.0,2,2800,0,0,0,0,1,0
TF,IBDOD,-27.601103,-48.671778,0,IFL,0.0,0.0,0.0,0.0,2,2200,0,0,0,0,0,0

APPTR,I14-Y,14,ILRUK
IF,ILRUK,-27.664908,-48.769992, ,0.0,0.0,2,5000,0,0,0,0,1,0
TF,ISASI,-27.579539,-48.711942,0, ,0.0,0.0,0.0,0.0,2,2800,0,0,0,0,1,0
TF,IBDOD,-27.601103,-48.671778,0,IFL,0.0,0.0,0.0,0.0,2,2200,0,0,0,0,0,0

APPTR,I14-Y,14,MUKAL
IF,MUKAL,-27.527050,-48.808128, ,0.0,0.0,2,5000,0,0,0,0,1,0
TF,ISASI,-27.579539,-48.711942,0, ,0.0,0.0,0.0,0.0,2,2800,0,0,0,0,1,0
TF,IBDOD,-27.601103,-48.671778,0,IFL,0.0,0.0,0.0,0.0,2,2200,0,0,0,0,0,0

FINAL,I14-Y,14,I,3
IF,IBDOD,-27.601103,-48.671778,IFL,320.0,9.0,2,2200,0,0,0,0,0,0
CF,ESKEG,-27.614036,-48.647669,0,IFL,320.0,7.5,141.0,1.5,1,2000,0,0,0,0,2,0
CF,RW14,-27.665728,-48.551194,0,IFL,320.0,1.5,141.0,6.0,1,77,0,0,0,0,3,1
TF,ESMUB,-27.813878,-48.273467,0, ,0.0,0.0,0.0,0.0,2,4000,0,0,0,0,0,1
HM,ESMUB,-27.813878,-48.273467,2, ,0.0,0.0,321.0,04.3,2,4000,0,0,0,0,0,0,0

APPTR,R14-Y,14,DIMOG
IF,DIMOG,-27.493342,-48.653439, ,0.0,0.0,2,5000,0,0,0,0,1,0
TF,ISASI,-27.579539,-48.711942,0, ,0.0,0.0,0.0,0.0,2,2800,0,0,0,0,1,0

APPTR,R14-Y,14,ILRUK
IF,ILRUK,-27.664908,-48.769992, ,0.0,0.0,2,5000,0,0,0,0,1,0
TF,ISASI,-27.579539,-48.711942,0, ,0.0,0.0,0.0,0.0,2,2800,0,0,0,0,1,0

APPTR,R14-Y,14,MUKAL
IF,MUKAL,-27.527050,-48.808128, ,0.0,0.0,2,5000,0,0,0,0,1,0
TF,ISASI,-27.579539,-48.711942,0, ,0.0,0.0,0.0,0.0,2,2800,0,0,0,0,1,0

FINAL,R14-Y,14,R,5
IF,ISASI,-27.579539,-48.711942, ,0.0,0.0,2,2800,0,0,0,0,0,0
TF,IBDOD,-27.601103,-48.671778,0, ,0.0,0.0,140.0,2.5,2,2200,0,0,0,0,0,0
TF,ESKEG,-27.614036,-48.647669,0, ,0.0,0.0,140.0,1.5,2,2000,0,0,0,0,2,0
TF,FL952,-27.629044,-48.619681,0, ,0.0,0.0,140.0,1.7,2,1440,0,0,0,0,0,0
TF,RW14,-27.665728,-48.551194,0, ,0.0,0.0,140.0,4.3,1,68,0,0,0,0,3,1
TF,FL957,-27.713461,-48.420197,0, ,0.0,0.0,0.0,0.0,0,0,0,0,0,0,0,0
TF,MATSA,-27.814667,-48.274000,0, ,0.0,0.0,0.0,0.0,2,4000,0,0,0,0,0,1
HM,MATSA,-27.814667,-48.274000,2, ,0.0,0.0,325.0,04.3,2,4000,0,0,0,0,0,0,0

APPTR,R32-Z,32,ANDUT
IF,ANDUT,-27.848794,-48.429039, ,0.0,0.0,2,4000,0,0,0,0,1,0
TF,FL989,-27.763000,-48.370667,0, ,0.0,0.0,0.0,0.0,2,2500,0,0,0,0,1,0

APPTR,R32-Z,32,EPKON
IF,EPKON,-27.677150,-48.312039, ,0.0,0.0,2,4000,0,0,0,0,1,0
TF,FL989,-27.763000,-48.370667,0, ,0.0,0.0,0.0,0.0,2,2500,0,0,0,0,1,0

APPTR,R32-Z,32,MATSA
IF,MATSA,-27.814667,-48.274000, ,0.0,0.0,2,4000,0,0,0,0,1,0
TF,FL989,-27.763000,-48.370667,0, ,0.0,0.0,0.0,0.0,2,2500,0,0,0,0,1,0

FINAL,R32-Z,32,R,4
IF,FL989,-27.763000,-48.370667, ,0.0,0.0,2,2500,0,0,0,0,0,0
TF,FL988,-27.719667,-48.451000,0, ,0.0,0.0,321.0,5.0,2,1640,0,0,0,0,2,0
TF,FL907,-27.695103,-48.496664,0, ,0.0,0.0,321.0,2.8,2,733,0,0,0,0,0,0
TF,RW32,-27.676947,-48.530389,0, ,0.0,0.0,321.0,2.1,1,66,0,0,0,0,3,1
TF,SUDBA,-27.423200,-48.996144,0, ,0.0,0.0,0.0,0.0,2,5000,0,0,0,0,0,1
HM,SUDBA,-27.423200,-48.996144,1, ,0.0,0.0,141.0,04.3,2,5000,0,0,0,0,0,0,0

APPTR,S14-Z,14,DIMOG
IF,DIMOG,-27.493342,-48.653439, ,0.0,0.0,2,5000,0,0,0,0,1,0
AF,FL959,-27.565508,-48.736236,1,FLN,319.9,12.2,350.0,2,3100,0,0,0,0,0,0
CF,ILTUM,-27.578767,-48.711422,0,FLN,319.9,10.6,140.0,1.5,2,3100,0,0,0,0,1,0

APPTR,S14-Z,14,ILRUK
IF,ILRUK,-27.664908,-48.769992, ,0.0,0.0,2,5000,0,0,0,0,1,0
AF,FL958,-27.564906,-48.737364,2,FLN,319.9,12.2,291.0,2,3100,0,0,0,0,0,0
CF,ILTUM,-27.578767,-48.711422,0,FLN,319.9,10.6,140.0,1.6,2,3100,0,0,0,0,1,0

APPTR,S14-Z,14,MUKAL
IF,MUKAL,-27.527050,-48.808128, ,0.0,0.0,2,5000,0,0,0,0,1,0
TF,ILTUM,-27.578767,-48.711422,0, ,0.0,0.0,0.0,0.0,2,3100,0,0,0,0,1,0

FINAL,S14-Z,14,D,5
IF,ILTUM,-27.578767,-48.711422,FLN,319.9,10.6,2,3100,0,0,0,0,0,0
CF,KUDIL,-27.598125,-48.675169,0,FLN,319.9,8.4,140.0,2.2,2,2200,0,0,0,0,0,0
CF,KOSDA,-27.618442,-48.637089,0,FLN,319.9,6.0,140.0,2.4,2,2000,0,0,0,0,2,0
CF,FL964,-27.631639,-48.612333,0,FLN,319.9,4.5,140.0,1.6,2,1450,0,0,0,0,0,0
CF,RW14,-27.665728,-48.551194,0,FLN,312.7,0.6,140.0,3.8,1,77,0,0,0,0,3,0
CF,FLN,-27.669917,-48.540453,0,FLN,0.0,0.0,140.0,0.6,0,0,0,0,0,0,0,1
TF,MATSA,-27.814667,-48.274000,0, ,0.0,0.0,0.0,0.0,2,4000,0,0,0,0,0,0
HM,MATSA,-27.814667,-48.274000,2, ,0.0,0.0,321.0,04.3,2,4000,0,0,0,0,0,0,0

