SID,ALMO1A,28,5
CA,0,277.0,2,430,0,0,0,0,0,0
CF,ALMOS,-22.718583,-43.480533,0,PCX,292.6,34.6,316.0,13.0,3,7000,0,0,0,0,0,0

SID,ALMO1A,EDNAM,6
IF,ALMOS,-22.718583,-43.480533, ,0.0,0.0,3,7000,0,0,0,0,0,0
TF,GL047,-22.666706,-43.455442,0, ,0.0,0.0,0.0,0.0,3,7000,0,0,0,0,0,0
TF,GL048,-22.534894,-43.391783,0, ,0.0,0.0,0.0,0.0,3,9000,0,0,0,0,0,0
TF,NIBGU,-22.402106,-43.327789,0, ,0.0,0.0,0.0,0.0,0,0,0,0,0,0,0,0
TF,EDNAM,-21.816417,-43.422756,0, ,0.0,0.0,0.0,0.0,0,0,0,0,0,0,0,0

SID,ALMO1A,EPKAX,6
IF,ALMOS,-22.718583,-43.480533, ,0.0,0.0,3,7000,0,0,0,0,0,0
TF,GL047,-22.666706,-43.455442,0, ,0.0,0.0,0.0,0.0,3,7000,0,0,0,0,0,0
TF,GL048,-22.534894,-43.391783,0, ,0.0,0.0,0.0,0.0,3,9000,0,0,0,0,0,0
TF,NIBGU,-22.402106,-43.327789,0, ,0.0,0.0,0.0,0.0,0,0,0,0,0,0,0,0
TF,EPKAX,-21.752333,-43.016500,0, ,0.0,0.0,0.0,0.0,0,0,0,0,0,0,0,0

SID,ALMO1A,IMBAP,6
IF,ALMOS,-22.718583,-43.480533, ,0.0,0.0,3,7000,0,0,0,0,0,0
TF,GL047,-22.666706,-43.455442,0, ,0.0,0.0,0.0,0.0,3,7000,0,0,0,0,0,0
TF,GL048,-22.534894,-43.391783,0, ,0.0,0.0,0.0,0.0,3,9000,0,0,0,0,0,0
TF,NIBGU,-22.402106,-43.327789,0, ,0.0,0.0,0.0,0.0,0,0,0,0,0,0,0,0
TF,IMBAP,-21.632836,-42.586458,0, ,0.0,0.0,0.0,0.0,0,0,0,0,0,0,0,0

SID,ALMO1A,SIDUR,6
IF,ALMOS,-22.718583,-43.480533, ,0.0,0.0,3,7000,0,0,0,0,0,0
TF,LIXEP,-22.629928,-43.678164,0, ,0.0,0.0,0.0,0.0,2,11000,0,0,0,0,0,0
TF,SIDUR,-22.754467,-44.218056,0, ,0.0,0.0,0.0,0.0,0,0,0,0,0,0,0,0

SID,ALMO1A,UKENU,6
IF,ALMOS,-22.718583,-43.480533, ,0.0,0.0,3,7000,0,0,0,0,0,0
TF,GL047,-22.666706,-43.455442,0, ,0.0,0.0,0.0,0.0,3,7000,0,0,0,0,0,0
TF,GL048,-22.534894,-43.391783,0, ,0.0,0.0,0.0,0.0,3,9000,0,0,0,0,0,0
TF,NIBGU,-22.402106,-43.327789,0, ,0.0,0.0,0.0,0.0,0,0,0,0,0,0,0,0
TF,UKENU,-21.201000,-41.823844,0, ,0.0,0.0,0.0,0.0,0,0,0,0,0,0,0,0

SID,ALMO1B,33,5
CA,0,328.0,2,430,0,0,0,0,0,0
CF,ALMOS,-22.718583,-43.480533,0,PCX,292.6,34.6,316.0,13.0,3,7000,0,0,0,0,0,0

SID,ALMO1B,EDNAM,6
IF,ALMOS,-22.718583,-43.480533, ,0.0,0.0,3,7000,0,0,0,0,0,0
TF,GL047,-22.666706,-43.455442,0, ,0.0,0.0,0.0,0.0,3,7000,0,0,0,0,0,0
TF,GL048,-22.534894,-43.391783,0, ,0.0,0.0,0.0,0.0,3,9000,0,0,0,0,0,0
TF,NIBGU,-22.402106,-43.327789,0, ,0.0,0.0,0.0,0.0,0,0,0,0,0,0,0,0
TF,EDNAM,-21.816417,-43.422756,0, ,0.0,0.0,0.0,0.0,0,0,0,0,0,0,0,0

SID,ALMO1B,EPKAX,6
IF,ALMOS,-22.718583,-43.480533, ,0.0,0.0,3,7000,0,0,0,0,0,0
TF,GL047,-22.666706,-43.455442,0, ,0.0,0.0,0.0,0.0,3,7000,0,0,0,0,0,0
TF,GL048,-22.534894,-43.391783,0, ,0.0,0.0,0.0,0.0,3,9000,0,0,0,0,0,0
TF,NIBGU,-22.402106,-43.327789,0, ,0.0,0.0,0.0,0.0,0,0,0,0,0,0,0,0
TF,EPKAX,-21.752333,-43.016500,0, ,0.0,0.0,0.0,0.0,0,0,0,0,0,0,0,0

SID,ALMO1B,IMBAP,6
IF,ALMOS,-22.718583,-43.480533, ,0.0,0.0,3,7000,0,0,0,0,0,0
TF,GL047,-22.666706,-43.455442,0, ,0.0,0.0,0.0,0.0,3,7000,0,0,0,0,0,0
TF,GL048,-22.534894,-43.391783,0, ,0.0,0.0,0.0,0.0,3,9000,0,0,0,0,0,0
TF,NIBGU,-22.402106,-43.327789,0, ,0.0,0.0,0.0,0.0,0,0,0,0,0,0,0,0
TF,IMBAP,-21.632836,-42.586458,0, ,0.0,0.0,0.0,0.0,0,0,0,0,0,0,0,0

SID,ALMO1B,SIDUR,6
IF,ALMOS,-22.718583,-43.480533, ,0.0,0.0,3,7000,0,0,0,0,0,0
TF,LIXEP,-22.629928,-43.678164,0, ,0.0,0.0,0.0,0.0,2,11000,0,0,0,0,0,0
TF,SIDUR,-22.754467,-44.218056,0, ,0.0,0.0,0.0,0.0,0,0,0,0,0,0,0,0

SID,ALMO1B,UKENU,6
IF,ALMOS,-22.718583,-43.480533, ,0.0,0.0,3,7000,0,0,0,0,0,0
TF,GL047,-22.666706,-43.455442,0, ,0.0,0.0,0.0,0.0,3,7000,0,0,0,0,0,0
TF,GL048,-22.534894,-43.391783,0, ,0.0,0.0,0.0,0.0,3,9000,0,0,0,0,0,0
TF,NIBGU,-22.402106,-43.327789,0, ,0.0,0.0,0.0,0.0,0,0,0,0,0,0,0,0
TF,UKENU,-21.201000,-41.823844,0, ,0.0,0.0,0.0,0.0,0,0,0,0,0,0,0,0

SID,EVKO1A,15,5
CA,0,148.0,2,2500,0,0,0,0,0,0
DF,EVKOX,-23.066300,-43.150208,0, ,0.0,0.0,0,0,0,0,0,0,0,0

SID,EVKO1A,BITAK,6
IF,EVKOX,-23.066300,-43.150208, ,0.0,0.0,0,0,0,0,0,0,0,0
TF,TIVRO,-23.335758,-43.385244,0, ,0.0,0.0,0.0,0.0,0,0,0,0,0,0,0,0
TF,BITAK,-23.630167,-43.638000,0, ,0.0,0.0,0.0,0.0,0,0,0,0,0,0,0,0

SID,EVKO1A,NAXOP,6
IF,EVKOX,-23.066300,-43.150208, ,0.0,0.0,0,0,0,0,0,0,0,0
TF,TIVRO,-23.335758,-43.385244,0, ,0.0,0.0,0.0,0.0,0,0,0,0,0,0,0,0
TF,ARSOV,-23.462839,-43.929767,0, ,0.0,0.0,0.0,0.0,2,24000,0,0,0,0,0,0
TF,NAXOP,-23.515167,-44.156833,0, ,0.0,0.0,0.0,0.0,0,0,0,0,0,0,0,0

SID,EVKO1A,UMBAD,6
IF,EVKOX,-23.066300,-43.150208, ,0.0,0.0,0,0,0,0,0,0,0,0
TF,RJ306,-23.233011,-43.914811,0, ,0.0,0.0,0.0,0.0,2,22000,0,0,0,0,0,0
TF,UMBAD,-23.282092,-44.141483,0, ,0.0,0.0,0.0,0.0,0,0,0,0,0,0,0,0

SID,EVRA1A,10,4
CA,0,97.0,2,430,0,0,0,0,0,0
CF,VURUK,-22.760825,-43.069839,0,ADA,295.1,54.1,99.0,8.4,0,0,0,0,0,0,0,0

SID,EVRA1A,15,4
CA,0,148.0,2,500,0,0,0,0,0,0
DF,VURUK,-22.760825,-43.069839,0, ,0.0,0.0,0,0,0,0,0,0,0,0

SID,EVRA1A,ALL,5
IF,VURUK,-22.760825,-43.069839, ,0.0,0.0,0,0,0,0,0,0,0,0
TF,NUXIS,-22.741689,-42.980056,0, ,0.0,0.0,0.0,0.0,0,0,0,0,0,0,0,0
TF,EVRAD,-22.609753,-43.032050,1, ,0.0,0.0,0.0,0.0,0,0,0,0,0,0,0,0

SID,EVRA1A,ENSOD,6
IF,EVRAD,-22.609753,-43.032050, ,0.0,0.0,0,0,0,0,0,0,0,0
TF,ISIXI,-22.364681,-43.128347,0, ,0.0,0.0,0.0,0.0,2,21000,0,0,0,0,0,0
TF,ENSOD,-22.156600,-43.209825,0, ,0.0,0.0,0.0,0.0,0,0,0,0,0,0,0,0

SID,EVRA1A,EPKAX,6
IF,EVRAD,-22.609753,-43.032050, ,0.0,0.0,0,0,0,0,0,0,0,0
TF,ISIXI,-22.364681,-43.128347,0, ,0.0,0.0,0.0,0.0,2,21000,0,0,0,0,0,0
TF,ENSOD,-22.156600,-43.209825,0, ,0.0,0.0,0.0,0.0,0,0,0,0,0,0,0,0
TF,EPKAX,-21.752333,-43.016500,0, ,0.0,0.0,0.0,0.0,0,0,0,0,0,0,0,0

SID,EVRA1A,SIDUR,6
IF,EVRAD,-22.609753,-43.032050, ,0.0,0.0,0,0,0,0,0,0,0,0
TF,UGROK,-22.533497,-43.266094,0, ,0.0,0.0,0.0,0.0,0,0,0,0,0,0,0,0
TF,ILNIB,-22.581444,-43.470344,0, ,0.0,0.0,0.0,0.0,2,13000,0,0,0,0,0,0
TF,LOBEM,-22.609597,-43.590864,0, ,0.0,0.0,0.0,0.0,3,19000,0,0,0,0,0,0
TF,LIXEP,-22.629928,-43.678164,0, ,0.0,0.0,0.0,0.0,0,0,0,0,0,0,0,0
TF,SIDUR,-22.754467,-44.218056,0, ,0.0,0.0,0.0,0.0,0,0,0,0,0,0,0,0

SID,EVRA2B,10,2
CA,0,97.0,2,430,0,0,0,0,0,0
CF,VURUK,-22.760825,-43.069839,0,CXI,94.3,11.1,100.0,8.4,0,0,0,0,0,0,0,0
TF,NUXIS,-22.741689,-42.980056,0, ,0.0,0.0,0.0,0.0,0,0,0,0,0,0,0,0
TF,EVRAD,-22.609753,-43.032050,1, ,0.0,0.0,0.0,0.0,0,0,0,0,0,0,0,0

SID,EVRA2B,EPKAX,3
IF,EVRAD,-22.609753,-43.032050, ,0.0,0.0,0,0,0,0,0,0,0,0
TF,ISIXI,-22.364681,-43.128347,0, ,0.0,0.0,0.0,0.0,2,21000,0,0,0,0,0,0
TF,BIXAP,-22.317544,-43.146828,0, ,0.0,0.0,0.0,0.0,0,0,0,0,0,0,0,0
TF,EPKAX,-21.752333,-43.016500,0, ,0.0,0.0,0.0,0.0,0,0,0,0,0,0,0,0

SID,EVRA2B,SIDUR,3
IF,EVRAD,-22.609753,-43.032050, ,0.0,0.0,0,0,0,0,0,0,0,0
TF,UGROK,-22.533497,-43.266094,0, ,0.0,0.0,0.0,0.0,0,0,0,0,0,0,0,0
TF,ILNIB,-22.581444,-43.470344,0, ,0.0,0.0,0.0,0.0,2,13000,0,0,0,0,0,0
TF,LOBEM,-22.609597,-43.590864,0, ,0.0,0.0,0.0,0.0,3,19000,0,0,0,0,0,0
TF,LIXEP,-22.629928,-43.678164,0, ,0.0,0.0,0.0,0.0,0,0,0,0,0,0,0,0
TF,SIDUR,-22.754467,-44.218056,0, ,0.0,0.0,0.0,0.0,0,0,0,0,0,0,0,0

SID,EVRA2C,15,2
VA,0,148.0,2,500,0,0,0,0,0,0
CI,0, ,0.0,70.0,0,0,0,0,0,0,0,0
CF,VURUK,-22.760825,-43.069839,0,CXI,94.3,11.1,100.0,5.0,0,0,0,0,0,0,0,0
TF,NUXIS,-22.741689,-42.980056,0, ,0.0,0.0,0.0,0.0,0,0,0,0,0,0,0,0
TF,EVRAD,-22.609753,-43.032050,1, ,0.0,0.0,0.0,0.0,0,0,0,0,0,0,0,0

SID,EVRA2C,EPKAX,3
IF,EVRAD,-22.609753,-43.032050, ,0.0,0.0,0,0,0,0,0,0,0,0
TF,ISIXI,-22.364681,-43.128347,0, ,0.0,0.0,0.0,0.0,2,21000,0,0,0,0,0,0
TF,BIXAP,-22.317544,-43.146828,0, ,0.0,0.0,0.0,0.0,0,0,0,0,0,0,0,0
TF,EPKAX,-21.752333,-43.016500,0, ,0.0,0.0,0.0,0.0,0,0,0,0,0,0,0,0

SID,EVRA2C,SIDUR,3
IF,EVRAD,-22.609753,-43.032050, ,0.0,0.0,0,0,0,0,0,0,0,0
TF,UGROK,-22.533497,-43.266094,0, ,0.0,0.0,0.0,0.0,0,0,0,0,0,0,0,0
TF,ILNIB,-22.581444,-43.470344,0, ,0.0,0.0,0.0,0.0,2,13000,0,0,0,0,0,0
TF,LOBEM,-22.609597,-43.590864,0, ,0.0,0.0,0.0,0.0,3,19000,0,0,0,0,0,0
TF,LIXEP,-22.629928,-43.678164,0, ,0.0,0.0,0.0,0.0,0,0,0,0,0,0,0,0
TF,SIDUR,-22.754467,-44.218056,0, ,0.0,0.0,0.0,0.0,0,0,0,0,0,0,0,0

SID,IH1A,10,4
CA,0,97.0,2,430,0,0,0,0,0,0
CF,UTMIP,-22.752019,-43.028556,0,CXI,95.2,13.4,99.0,10.8,0,0,0,1,230,0,0,1

SID,IH1A,15,4
VA,0,148.0,2,500,0,1,230,0,0,0
DF,UTMIP,-22.752019,-43.028556,0, ,0.0,0.0,0,0,0,1,230,0,0,1

SID,IH1A,ALL,5
IF,UTMIP,-22.752019,-43.028556, ,0.0,0.0,0,0,0,1,230,0,0,0
TF,MIA10,-22.828281,-42.979839,0, ,0.0,0.0,0.0,0.0,2,6000,0,1,230,0,0,0
TF,ISVUL,-22.852864,-42.964122,0, ,0.0,0.0,0.0,0.0,0,0,0,1,230,0,0,0
TF,PCX23,-23.017556,-43.106039,0, ,0.0,0.0,0.0,0.0,2,9000,0,0,0,0,0,0
TF,IH,-23.063833,-43.146000,0, ,0.0,0.0,0.0,0.0,0,0,0,0,0,0,0,0

SID,IH1A,BITAK,6
IF,IH,-23.063833,-43.146000, ,0.0,0.0,0,0,0,0,0,0,0,0
TF,TIVRO,-23.335758,-43.385244,0, ,0.0,0.0,0.0,0.0,0,0,0,0,0,0,0,0
TF,BITAK,-23.630167,-43.638000,0, ,0.0,0.0,0.0,0.0,0,0,0,0,0,0,0,0

SID,IH1A,NAXOP,6
IF,IH,-23.063833,-43.146000, ,0.0,0.0,0,0,0,0,0,0,0,0
TF,TIVRO,-23.335758,-43.385244,0, ,0.0,0.0,0.0,0.0,0,0,0,0,0,0,0,0
TF,MIA65,-23.461003,-43.930261,0, ,0.0,0.0,0.0,0.0,2,24000,0,0,0,0,0,0
TF,NAXOP,-23.515167,-44.156833,0, ,0.0,0.0,0.0,0.0,0,0,0,0,0,0,0,0

SID,IH1A,UMBAD,6
IF,IH,-23.063833,-43.146000, ,0.0,0.0,0,0,0,0,0,0,0,0
TF,NM436,-23.233011,-43.914811,0, ,0.0,0.0,0.0,0.0,2,22000,0,0,0,0,0,0
TF,UMBAD,-23.282092,-44.141483,0, ,0.0,0.0,0.0,0.0,0,0,0,0,0,0,0,0

SID,IH1B,10,1
CF,UTMIP,-22.752019,-43.028556,0,PCX,280.0,9.7,99.0,10.8,0,0,0,1,230,0,0,1

SID,IH1B,15,1
VA,0,148.0,2,500,0,1,230,0,0,0
CI,0, ,0.0,69.0,0,0,0,0,0,0,0,0
CF,UTMIP,-22.752019,-43.028556,0,PCX,280.0,9.7,99.0,8.0,0,0,0,1,230,0,0,1

SID,IH1B,ALL,2
IF,UTMIP,-22.752019,-43.028556, ,0.0,0.0,0,0,0,1,230,0,0,0
TF,MIA10,-22.828281,-42.979839,0, ,0.0,0.0,0.0,0.0,2,6000,0,1,230,0,0,1
TF,ISVUL,-22.852864,-42.964122,0, ,0.0,0.0,0.0,0.0,0,0,0,1,230,0,0,1
TF,PCX23,-23.017556,-43.106039,0, ,0.0,0.0,0.0,0.0,2,9000,0,0,0,0,0,1
TF,IH,-23.063833,-43.146000,0, ,0.0,0.0,0.0,0.0,0,0,0,0,0,0,0,1
TF,TIVRO,-23.335758,-43.385244,0, ,0.0,0.0,0.0,0.0,0,0,0,0,0,0,0,1
TF,MIA65,-23.461003,-43.930261,0, ,0.0,0.0,0.0,0.0,2,24000,0,0,0,0,0,1
TF,NAXOP,-23.515167,-44.156833,0, ,0.0,0.0,0.0,0.0,0,0,0,0,0,0,0,1

SID,IH2B,15,2
CA,0,148.0,2,2600,0,0,0,0,0,0
CI,0, ,0.0,148.0,0,0,0,0,0,0,0,0
CF,TIVRO,-23.335758,-43.385244,2,PCX,241.1,47.2,241.0,30.0,0,0,0,0,0,0,0,0

SID,IH2B,BITAK,3
IF,TIVRO,-23.335758,-43.385244, ,0.0,0.0,0,0,0,0,0,0,0,0
TF,BITAK,-23.630167,-43.638000,0, ,0.0,0.0,0.0,0.0,0,0,0,0,0,0,0,0

SID,IH2B,NAXOP,3
IF,TIVRO,-23.335758,-43.385244, ,0.0,0.0,0,0,0,0,0,0,0,0
TF,MIA65,-23.461003,-43.930261,0, ,0.0,0.0,0.0,0.0,2,24000,0,0,0,0,0,0
TF,NAXOP,-23.515167,-44.156833,0, ,0.0,0.0,0.0,0.0,0,0,0,0,0,0,0,0

SID,KOTL2A,33,2
CA,0,328.0,2,450,0,0,0,0,0,0
CF,KOTLI,-22.680197,-43.566203,0,CXI,318.7,18.9,319.0,18.0,3,7000,0,0,0,0,0,0

SID,KOTL2A,EDNAM,3
IF,KOTLI,-22.680197,-43.566203, ,0.0,0.0,3,7000,0,0,0,0,0,0
TF,MIBEP,-22.607044,-43.522561,0, ,0.0,0.0,0.0,0.0,3,7000,0,0,0,0,0,0
TF,LOLON,-22.498617,-43.457972,0, ,0.0,0.0,0.0,0.0,3,9000,0,0,0,0,0,0
TF,KUBNI,-22.305869,-43.343447,0, ,0.0,0.0,0.0,0.0,0,0,0,0,0,0,0,0
TF,EDNAM,-21.816417,-43.422756,0, ,0.0,0.0,0.0,0.0,2,15000,0,0,0,0,0,0

SID,KOTL2A,EPKAX,3
IF,KOTLI,-22.680197,-43.566203, ,0.0,0.0,3,7000,0,0,0,0,0,0
TF,MIBEP,-22.607044,-43.522561,0, ,0.0,0.0,0.0,0.0,3,7000,0,0,0,0,0,0
TF,LOLON,-22.498617,-43.457972,0, ,0.0,0.0,0.0,0.0,3,9000,0,0,0,0,0,0
TF,KUBNI,-22.305869,-43.343447,0, ,0.0,0.0,0.0,0.0,0,0,0,0,0,0,0,0
TF,EPKAX,-21.752333,-43.016500,0, ,0.0,0.0,0.0,0.0,2,15000,0,0,0,0,0,0

SID,KOTL2A,SIDUR,3
IF,KOTLI,-22.680197,-43.566203, ,0.0,0.0,3,7000,0,0,0,0,0,0
TF,LIXEP,-22.629928,-43.678164,0, ,0.0,0.0,0.0,0.0,0,0,0,0,0,0,0,0
TF,SIDUR,-22.754467,-44.218056,0, ,0.0,0.0,0.0,0.0,0,0,0,0,0,0,0,0

SID,KOTL2B,28,2
CA,0,277.0,2,450,0,0,0,0,0,0
CF,KOTLI,-22.680197,-43.566203,0,CXI,318.7,18.9,319.0,18.0,3,7000,0,0,0,0,0,0

SID,KOTL2B,EDNAM,3
IF,KOTLI,-22.680197,-43.566203, ,0.0,0.0,3,7000,0,0,0,0,0,0
TF,MIBEP,-22.607044,-43.522561,0, ,0.0,0.0,0.0,0.0,3,7000,0,0,0,0,0,0
TF,LOLON,-22.498617,-43.457972,0, ,0.0,0.0,0.0,0.0,3,9000,0,0,0,0,0,0
TF,KUBNI,-22.305869,-43.343447,0, ,0.0,0.0,0.0,0.0,0,0,0,0,0,0,0,0
TF,EDNAM,-21.816417,-43.422756,0, ,0.0,0.0,0.0,0.0,2,15000,0,0,0,0,0,0

SID,KOTL2B,EPKAX,3
IF,KOTLI,-22.680197,-43.566203, ,0.0,0.0,3,7000,0,0,0,0,0,0
TF,MIBEP,-22.607044,-43.522561,0, ,0.0,0.0,0.0,0.0,3,7000,0,0,0,0,0,0
TF,LOLON,-22.498617,-43.457972,0, ,0.0,0.0,0.0,0.0,3,9000,0,0,0,0,0,0
TF,KUBNI,-22.305869,-43.343447,0, ,0.0,0.0,0.0,0.0,0,0,0,0,0,0,0,0
TF,EPKAX,-21.752333,-43.016500,0, ,0.0,0.0,0.0,0.0,2,15000,0,0,0,0,0,0

SID,KOTL2B,SIDUR,3
IF,KOTLI,-22.680197,-43.566203, ,0.0,0.0,3,7000,0,0,0,0,0,0
TF,LIXEP,-22.629928,-43.678164,0, ,0.0,0.0,0.0,0.0,0,0,0,0,0,0,0,0
TF,SIDUR,-22.754467,-44.218056,0, ,0.0,0.0,0.0,0.0,0,0,0,0,0,0,0,0

SID,PCX1A,10,4
CA,0,97.0,2,430,0,0,0,0,0,0
CF,UTMIP,-22.752019,-43.028556,0,ADA,295.8,51.9,99.0,10.7,0,0,0,0,0,0,0,1

SID,PCX1A,15,4
VA,0,148.0,2,500,0,0,0,0,0,0
DF,UTMIP,-22.752019,-43.028556,0, ,0.0,0.0,0,0,0,0,0,0,0,1

SID,PCX1A,ALL,5
IF,UTMIP,-22.752019,-43.028556, ,0.0,0.0,0,0,0,0,0,0,0,0
TF,PCX,-22.715394,-42.857422,0, ,0.0,0.0,0.0,0.0,0,0,0,0,0,0,0,0

SID,PCX1A,ADA,6
IF,PCX,-22.715394,-42.857422, ,0.0,0.0,0,0,0,0,0,0,0,0
TF,ADA,-22.812775,-42.095339,0, ,0.0,0.0,0.0,0.0,0,0,0,0,0,0,0,0

SID,PCX1A,IMBAP,6
IF,PCX,-22.715394,-42.857422, ,0.0,0.0,0,0,0,0,0,0,0,0
TF,MOTNO,-22.323658,-42.922425,0, ,0.0,0.0,0.0,0.0,2,23000,0,0,0,0,0,0
TF,ISRIN,-22.158833,-42.949667,0, ,0.0,0.0,0.0,0.0,0,0,0,0,0,0,0,0
TF,IMBAP,-21.632836,-42.586458,0, ,0.0,0.0,0.0,0.0,0,0,0,0,0,0,0,0

SID,PCX1A,ISRIN,6
IF,PCX,-22.715394,-42.857422, ,0.0,0.0,0,0,0,0,0,0,0,0
TF,MOTNO,-22.323658,-42.922425,0, ,0.0,0.0,0.0,0.0,2,23000,0,0,0,0,0,0
TF,ISRIN,-22.158833,-42.949667,0, ,0.0,0.0,0.0,0.0,0,0,0,0,0,0,0,0

SID,PCX1A,TISVA,6
IF,PCX,-22.715394,-42.857422, ,0.0,0.0,0,0,0,0,0,0,0,0
TF,TISVA,-22.583744,-42.250539,0, ,0.0,0.0,0.0,0.0,0,0,0,0,0,0,0,0

SID,PCX1A,UKENU,6
IF,PCX,-22.715394,-42.857422, ,0.0,0.0,0,0,0,0,0,0,0,0
TF,MOTNO,-22.323658,-42.922425,0, ,0.0,0.0,0.0,0.0,2,23000,0,0,0,0,0,0
TF,ISRIN,-22.158833,-42.949667,0, ,0.0,0.0,0.0,0.0,0,0,0,0,0,0,0,0
TF,UKENU,-21.201000,-41.823844,0, ,0.0,0.0,0.0,0.0,0,0,0,0,0,0,0,0

SID,PCX1B,10,1
CA,0,97.0,2,430,0,0,0,0,0,0
CF,UTMIP,-22.752019,-43.028556,0,PCX,280.0,9.7,99.0,10.8,0,0,0,0,0,0,0,1

SID,PCX1B,15,1
VA,0,148.0,2,500,0,0,0,0,0,0
CI,0, ,0.0,69.0,0,0,0,0,0,0,0,0
CF,UTMIP,-22.752019,-43.028556,0,PCX,280.0,9.7,99.0,6.0,0,0,0,0,0,0,0,1

SID,PCX1B,ALL,2
IF,UTMIP,-22.752019,-43.028556, ,0.0,0.0,0,0,0,0,0,0,0,0
TF,PCX,-22.715394,-42.857422,0, ,0.0,0.0,0.0,0.0,0,0,0,0,0,0,0,1

SID,PCX1B,ADA,3
IF,PCX,-22.715394,-42.857422, ,0.0,0.0,0,0,0,0,0,0,0,0
TF,ADA,-22.812775,-42.095339,0, ,0.0,0.0,0.0,0.0,0,0,0,0,0,0,0,1

SID,PCX1B,ISRIN,3
IF,PCX,-22.715394,-42.857422, ,0.0,0.0,0,0,0,0,0,0,0,0
TF,MOTNO,-22.323658,-42.922425,0, ,0.0,0.0,0.0,0.0,2,23000,0,0,0,0,0,0
TF,ISRIN,-22.158833,-42.949667,0, ,0.0,0.0,0.0,0.0,0,0,0,0,0,0,0,1

SID,PCX2A,10,4
CA,0,97.0,2,430,0,0,0,0,0,0
CF,UTMIP,-22.752019,-43.028556,0,ADA,295.8,51.9,99.0,10.7,0,0,0,0,0,0,0,1

SID,PCX2A,15,4
VA,0,148.0,2,500,0,0,0,0,0,0
DF,UTMIP,-22.752019,-43.028556,0, ,0.0,0.0,0,0,0,0,0,0,0,1

SID,PCX2A,ALL,5
IF,UTMIP,-22.752019,-43.028556, ,0.0,0.0,0,0,0,0,0,0,0,0
TF,PCX,-22.715394,-42.857422,0, ,0.0,0.0,0.0,0.0,2,4200,0,0,0,0,0,0

SID,PCX2A,IMBAP,6
IF,PCX,-22.715394,-42.857422, ,0.0,0.0,2,4200,0,0,0,0,0,0
TF,ISRIN,-22.158833,-42.949667,0, ,0.0,0.0,0.0,0.0,4,18000,10000,0,0,0,0,0
TF,IMBAP,-21.632836,-42.586458,0, ,0.0,0.0,0.0,0.0,0,0,0,0,0,0,0,0

SID,PCX2A,ISRIN,6
IF,PCX,-22.715394,-42.857422, ,0.0,0.0,2,4200,0,0,0,0,0,0
TF,ISRIN,-22.158833,-42.949667,0, ,0.0,0.0,0.0,0.0,4,18000,10000,0,0,0,0,0

SID,PCX2A,UKENU,6
IF,PCX,-22.715394,-42.857422, ,0.0,0.0,2,4200,0,0,0,0,0,0
TF,ISRIN,-22.158833,-42.949667,0, ,0.0,0.0,0.0,0.0,4,18000,10000,0,0,0,0,0
TF,UKENU,-21.201000,-41.823844,0, ,0.0,0.0,0.0,0.0,0,0,0,0,0,0,0,0

SID,PUMS1A,28,4
CA,0,277.0,2,430,0,0,0,0,0,0
CF,EDMAD,-22.732000,-43.385167,0,CXI,328.2,8.6,329.0,9.0,0,0,0,1,250,0,0,1
DF,AFS,-22.867000,-43.366833,1, ,0.0,0.0,2,6000,0,1,250,0,0,0
TF,UTNOP,-22.898658,-43.220978,0, ,0.0,0.0,0.0,0.0,3,7000,0,0,0,0,0,0
TF,PUMSO,-22.869933,-42.832536,0, ,0.0,0.0,0.0,0.0,0,0,0,0,0,0,0,0

SID,PUMS1A,33,4
CF,EDMAD,-22.732000,-43.385167,0,CXI,328.2,8.6,328.0,8.3,0,0,0,1,250,0,0,1
DF,AFS,-22.867000,-43.366833,1, ,0.0,0.0,2,6000,0,1,250,0,0,0
TF,UTNOP,-22.898658,-43.220978,0, ,0.0,0.0,0.0,0.0,3,7000,0,0,0,0,0,0
TF,PUMSO,-22.869933,-42.832536,0, ,0.0,0.0,0.0,0.0,0,0,0,0,0,0,0,0

SID,PUMS1A,ADA,6
IF,PUMSO,-22.869933,-42.832536, ,0.0,0.0,0,0,0,0,0,0,0,0
TF,ADA,-22.812775,-42.095339,0, ,0.0,0.0,0.0,0.0,0,0,0,0,0,0,0,0

SID,PUMS1A,TISVA,6
IF,PUMSO,-22.869933,-42.832536, ,0.0,0.0,0,0,0,0,0,0,0,0
TF,TISVA,-22.583744,-42.250539,0, ,0.0,0.0,0.0,0.0,0,0,0,0,0,0,0,0

SID,PUMS1B,28,1
CA,0,276.0,2,430,0,0,0,0,0,0
CF,EDMAD,-22.732000,-43.385167,0,CXI,328.2,8.6,329.0,9.0,0,0,0,0,0,0,0,1
DF,AFS,-22.867000,-43.366833,1, ,0.0,0.0,2,6000,0,1,250,0,0,0

SID,PUMS1B,33,1
CF,EDMAD,-22.732000,-43.385167,0,CXI,328.2,8.6,329.0,8.3,0,0,0,0,0,0,0,1
DF,AFS,-22.867000,-43.366833,1, ,0.0,0.0,2,6000,0,1,250,0,0,0

SID,PUMS1B,ALL,2
IF,AFS,-22.867000,-43.366833, ,0.0,0.0,2,6000,0,1,250,0,0,0
TF,UTNOP,-22.898658,-43.220978,0, ,0.0,0.0,0.0,0.0,3,7000,0,0,0,0,0,1
TF,PUMSO,-22.869933,-42.832536,0, ,0.0,0.0,0.0,0.0,0,0,0,0,0,0,0,1
TF,ADA,-22.812775,-42.095339,0, ,0.0,0.0,0.0,0.0,0,0,0,0,0,0,0,1

SID,PUMS2A,15,5
CA,0,149.0,2,430,0,0,0,0,0,0
CF,WJ003,-22.870108,-43.165119,0,MIA,313.9,16.3,144.0,4.7,0,0,0,0,0,0,0,0
TF,WJ004,-22.965056,-42.896892,0, ,0.0,0.0,0.0,0.0,2,7000,0,0,0,0,0,0
TF,PUMSO,-22.869933,-42.832536,0, ,0.0,0.0,0.0,0.0,0,0,0,0,0,0,0,0

SID,PUMS2A,ADA,6
IF,PUMSO,-22.869933,-42.832536, ,0.0,0.0,0,0,0,0,0,0,0,0
TF,ADA,-22.812775,-42.095339,0, ,0.0,0.0,0.0,0.0,0,0,0,0,0,0,0,0

SID,PUMS2A,IMBAP,6
IF,PUMSO,-22.869933,-42.832536, ,0.0,0.0,0,0,0,0,0,0,0,0
TF,MOMVO,-22.782322,-42.847033,0, ,0.0,0.0,0.0,0.0,2,8000,0,0,0,0,0,0
TF,MOTNO,-22.323658,-42.922425,0, ,0.0,0.0,0.0,0.0,2,23000,0,0,0,0,0,0
TF,ISRIN,-22.158833,-42.949667,0, ,0.0,0.0,0.0,0.0,0,0,0,0,0,0,0,0
TF,IMBAP,-21.632836,-42.586458,0, ,0.0,0.0,0.0,0.0,0,0,0,0,0,0,0,0

SID,PUMS2A,TISVA,6
IF,PUMSO,-22.869933,-42.832536, ,0.0,0.0,0,0,0,0,0,0,0,0
TF,TISVA,-22.583744,-42.250539,0, ,0.0,0.0,0.0,0.0,0,0,0,0,0,0,0,0

SID,PUMS2A,UKENU,6
IF,PUMSO,-22.869933,-42.832536, ,0.0,0.0,0,0,0,0,0,0,0,0
TF,MOMVO,-22.782322,-42.847033,0, ,0.0,0.0,0.0,0.0,2,8000,0,0,0,0,0,0
TF,MOTNO,-22.323658,-42.922425,0, ,0.0,0.0,0.0,0.0,2,23000,0,0,0,0,0,0
TF,ISRIN,-22.158833,-42.949667,0, ,0.0,0.0,0.0,0.0,0,0,0,0,0,0,0,0
TF,UKENU,-21.201000,-41.823844,0, ,0.0,0.0,0.0,0.0,0,0,0,0,0,0,0,0

SID,SURK1A,28,4
CA,0,276.0,2,430,0,0,0,0,0,0
CF,EDMAD,-22.732000,-43.385167,0,CXI,328.2,8.6,329.0,8.0,0,0,0,1,250,0,0,1
DF,AFS,-22.867000,-43.366833,1, ,0.0,0.0,2,6000,0,1,250,0,0,0

SID,SURK1A,33,4
CF,EDMAD,-22.732000,-43.385167,0,CXI,328.2,8.6,329.0,8.3,0,0,0,1,250,0,0,1
DF,AFS,-22.867000,-43.366833,1, ,0.0,0.0,2,6000,0,1,250,0,0,0

SID,SURK1A,ALL,5
IF,AFS,-22.867000,-43.366833, ,0.0,0.0,2,6000,0,1,250,0,0,0
TF,AFS04,-22.930572,-43.389297,0, ,0.0,0.0,0.0,0.0,3,7000,0,0,0,0,0,0
TF,SURKU,-23.133706,-43.461228,0, ,0.0,0.0,0.0,0.0,0,0,0,0,0,0,0,0

SID,SURK1A,BITAK,6
IF,SURKU,-23.133706,-43.461228, ,0.0,0.0,0,0,0,0,0,0,0,0
TF,KUGOV,-23.373608,-43.546472,0, ,0.0,0.0,0.0,0.0,0,0,0,0,0,0,0,0
TF,BITAK,-23.630167,-43.638000,0, ,0.0,0.0,0.0,0.0,0,0,0,0,0,0,0,0

SID,SURK1A,NAXOP,6
IF,SURKU,-23.133706,-43.461228, ,0.0,0.0,0,0,0,0,0,0,0,0
TF,KUGOV,-23.373608,-43.546472,0, ,0.0,0.0,0.0,0.0,0,0,0,0,0,0,0,0
TF,NM218,-23.462778,-43.929503,0, ,0.0,0.0,0.0,0.0,2,24000,0,0,0,0,0,0
TF,NAXOP,-23.515167,-44.156833,0, ,0.0,0.0,0.0,0.0,0,0,0,0,0,0,0,0

SID,SURK1A,UMBAD,6
IF,SURKU,-23.133706,-43.461228, ,0.0,0.0,0,0,0,0,0,0,0,0
TF,NM257,-23.232747,-43.913597,0, ,0.0,0.0,0.0,0.0,2,22000,0,0,0,0,0,0
TF,UMBAD,-23.282092,-44.141483,0, ,0.0,0.0,0.0,0.0,0,0,0,0,0,0,0,0

SID,SURK1B,28,1
CA,0,276.0,2,430,0,0,0,0,0,0
CF,EDMAD,-22.732000,-43.385167,0,CXI,328.2,8.6,329.0,8.0,0,0,0,0,0,0,0,1
DF,AFS,-22.867000,-43.366833,1, ,0.0,0.0,2,6000,0,1,250,0,0,0

SID,SURK1B,33,1
CF,EDMAD,-22.732000,-43.385167,0,CXI,328.2,8.6,329.0,8.3,0,0,0,0,0,0,0,1
DF,AFS,-22.867000,-43.366833,1, ,0.0,0.0,2,6000,0,1,250,0,0,0

SID,SURK1B,ALL,2
IF,AFS,-22.867000,-43.366833, ,0.0,0.0,2,6000,0,1,250,0,0,0
TF,AFS01,-22.930572,-43.389297,0, ,0.0,0.0,0.0,0.0,3,7000,0,0,0,0,0,1
TF,SURKU,-23.133706,-43.461228,0, ,0.0,0.0,0.0,0.0,0,0,0,0,0,0,0,1
TF,KUGOV,-23.373608,-43.546472,0, ,0.0,0.0,0.0,0.0,0,0,0,0,0,0,0,1
TF,SAT01,-23.462778,-43.929503,0, ,0.0,0.0,0.0,0.0,2,24000,0,0,0,0,0,1
TF,NAXOP,-23.515167,-44.156833,0, ,0.0,0.0,0.0,0.0,0,0,0,0,0,0,0,1

SID,UGRO1A,10,4
CA,0,97.0,2,430,0,0,0,0,0,0
CF,VURUK,-22.760825,-43.069839,0,CXI,94.3,11.1,99.0,8.4,0,0,0,0,0,0,0,0

SID,UGRO1A,15,4
CA,0,148.0,2,500,0,0,0,0,0,0
DF,VURUK,-22.760825,-43.069839,0, ,0.0,0.0,0,0,0,0,0,0,0,0

SID,UGRO1A,ALL,5
IF,VURUK,-22.760825,-43.069839, ,0.0,0.0,0,0,0,0,0,0,0,0
TF,UGROK,-22.533497,-43.266094,1, ,0.0,0.0,0.0,0.0,0,0,0,0,0,0,0,0
TF,PAI22,-22.581444,-43.470344,0, ,0.0,0.0,0.0,0.0,2,13000,0,0,0,0,0,0
TF,PAI17,-22.609583,-43.590800,0, ,0.0,0.0,0.0,0.0,3,19000,0,0,0,0,0,0
TF,LIXEP,-22.629928,-43.678164,0, ,0.0,0.0,0.0,0.0,0,0,0,0,0,0,0,0
TF,SIDUR,-22.754467,-44.218056,0, ,0.0,0.0,0.0,0.0,0,0,0,0,0,0,0,0

SID,UGRO1B,10,1
CA,0,97.0,2,430,0,0,0,0,0,0
CF,VURUK,-22.760825,-43.069839,0,PCX,280.0,12.1,99.0,8.4,0,0,0,0,0,0,0,1

SID,UGRO1B,15,1
VA,0,148.0,2,500,0,0,0,0,0,0
CI,0, ,0.0,69.0,0,0,0,0,0,0,0,0
CF,VURUK,-22.760825,-43.069839,0,PCX,280.0,12.1,99.0,5.0,0,0,0,0,0,0,0,1

SID,UGRO1B,ALL,2
IF,VURUK,-22.760825,-43.069839, ,0.0,0.0,0,0,0,0,0,0,0,0
TF,UGROK,-22.533497,-43.266094,1, ,0.0,0.0,0.0,0.0,0,0,0,0,0,0,0,1
TF,PAI22,-22.581444,-43.470344,0, ,0.0,0.0,0.0,0.0,2,13000,0,0,0,0,0,1
TF,PAI17,-22.609583,-43.590800,0, ,0.0,0.0,0.0,0.0,3,19000,0,0,0,0,0,1
TF,LIXEP,-22.629928,-43.678164,0, ,0.0,0.0,0.0,0.0,0,0,0,0,0,0,0,1
TF,SIDUR,-22.754467,-44.218056,0, ,0.0,0.0,0.0,0.0,0,0,0,0,0,0,0,1

STAR,DIVR1A,ADA,4
IF,ADA,-22.812775,-42.095339, ,0.0,0.0,0,0,0,0,0,0,0,0
TF,DIVRO,-22.659561,-42.702439,0, ,0.0,0.0,0.0,0.0,0,0,0,0,0,0,0,0

STAR,DIVR1A,MOLSU,4
IF,MOLSU,-21.839833,-42.204833, ,0.0,0.0,0,0,0,0,0,0,0,0
TF,NM473,-22.528622,-42.622497,0, ,0.0,0.0,0.0,0.0,2,8000,0,0,0,0,0,0
TF,DIVRO,-22.659561,-42.702439,0, ,0.0,0.0,0.0,0.0,0,0,0,0,0,0,0,0

STAR,DIVR1A,ALL,5
IF,DIVRO,-22.659561,-42.702439, ,0.0,0.0,0,0,0,0,0,0,0,0
TF,44NM,-22.679169,-42.778864,0, ,0.0,0.0,0.0,0.0,3,7000,0,0,0,0,0,0

STAR,DIVR1A,28,6
IF,44NM,-22.679169,-42.778864, ,0.0,0.0,3,7000,0,0,0,0,0,0
TF,KETUX,-22.722333,-42.947667,0, ,0.0,0.0,0.0,0.0,2,5000,0,0,0,0,0,0

STAR,DIVR1A,33,6
IF,44NM,-22.679169,-42.778864, ,0.0,0.0,3,7000,0,0,0,0,0,0
TF,KETUX,-22.722333,-42.947667,0, ,0.0,0.0,0.0,0.0,2,5000,0,0,0,0,0,0
TF,OPSID,-22.864500,-43.040167,0, ,0.0,0.0,0.0,0.0,2,5000,0,0,0,0,0,0
VM,-22.810000,-43.250556,0,150.0,2,5000,0,0,0,0,0,0

STAR,DIVR1B,ADA,4
IF,ADA,-22.812775,-42.095339, ,0.0,0.0,0,0,0,0,0,0,0,0
TF,DIVRO,-22.659561,-42.702439,0, ,0.0,0.0,0.0,0.0,2,8000,0,0,0,0,0,0

STAR,DIVR1B,MOLSU,4
IF,MOLSU,-21.839833,-42.204833, ,0.0,0.0,0,0,0,0,0,0,0,0
TF,GL034,-22.528622,-42.622497,0, ,0.0,0.0,0.0,0.0,2,9000,0,0,0,0,0,0
TF,DIVRO,-22.659561,-42.702439,0, ,0.0,0.0,0.0,0.0,2,8000,0,0,0,0,0,0

STAR,DIVR1B,ALL,5
IF,DIVRO,-22.659561,-42.702439, ,0.0,0.0,2,8000,0,0,0,0,0,0
TF,GL036,-22.679169,-42.778864,0, ,0.0,0.0,0.0,0.0,3,7000,0,0,0,0,0,0
TF,KETUX,-22.722333,-42.947667,0, ,0.0,0.0,0.0,0.0,2,5000,0,0,0,0,0,0

STAR,DIVR1B,33,6
IF,KETUX,-22.722333,-42.947667, ,0.0,0.0,2,5000,0,0,0,0,0,0
TF,VURUK,-22.760825,-43.069839,0, ,0.0,0.0,0.0,0.0,2,4000,0,0,0,0,0,0
FM,VURUK,-22.760825,-43.069839,1,CXI,0.0,0.0,150.0,2,4000,0,0,0,0,0,0

STAR,EPGI1B,ALL,2
IF,ESORU,-23.030825,-44.676514, ,0.0,0.0,0,0,0,0,0,0,0,0
TF,EPGIP,-22.871172,-43.977011,0, ,0.0,0.0,0.0,0.0,0,0,0,0,0,0,0,1

STAR,EPGI1B,15,3
IF,EPGIP,-22.871172,-43.977011, ,0.0,0.0,0,0,0,0,0,0,0,0
TF,CXI25,-22.811125,-43.717947,0, ,0.0,0.0,0.0,0.0,2,9000,0,0,0,0,0,1
TF,EGDUT,-22.774167,-43.559500,0, ,0.0,0.0,0.0,0.0,2,6300,0,0,0,0,0,1
VM,-22.810000,-43.250556,1,330.0,2,6300,0,0,0,0,0,0

STAR,EPGI1B,28,3
IF,EPGIP,-22.871172,-43.977011, ,0.0,0.0,0,0,0,0,0,0,0,0
TF,D298S,-22.785211,-43.606825,0, ,0.0,0.0,0.0,0.0,4,13000,9000,0,0,0,0,1
TF,IVTAL,-22.706128,-43.269439,0, ,0.0,0.0,0.0,0.0,2,8000,0,0,0,0,0,1
TF,SEDBU,-22.659003,-43.070142,0, ,0.0,0.0,0.0,0.0,2,5000,0,0,0,0,0,1
VM,-22.810000,-43.250556,0,100.0,2,5000,0,0,0,0,0,0

STAR,EPGI1B,33,3
IF,EPGIP,-22.871172,-43.977011, ,0.0,0.0,0,0,0,0,0,0,0,0
TF,D298S,-22.785211,-43.606825,0, ,0.0,0.0,0.0,0.0,4,13000,9000,0,0,0,0,1
TF,IVTAL,-22.706128,-43.269439,0, ,0.0,0.0,0.0,0.0,2,8000,0,0,0,0,0,1
TF,OPSID,-22.864500,-43.040167,0, ,0.0,0.0,0.0,0.0,2,5000,0,0,0,0,0,1
VM,-22.810000,-43.250556,0,150.0,2,5000,0,0,0,0,0,0

STAR,EPGI2A,AKNUB,4
IF,AKNUB,-24.494167,-44.573000, ,0.0,0.0,0,0,0,0,0,0,0,0
TF,ROPAS,-23.899167,-44.241000,0, ,0.0,0.0,0.0,0.0,3,28000,0,0,0,0,0,0
TF,ILTIT,-23.808464,-44.036778,0, ,0.0,0.0,0.0,0.0,0,0,0,0,0,0,0,0
TF,KABUK,-23.566333,-44.021333,0, ,0.0,0.0,0.0,0.0,3,23000,0,0,0,0,0,0
TF,WJ001,-23.482869,-44.015986,0, ,0.0,0.0,0.0,0.0,2,21000,0,0,0,0,0,0
TF,WJ002,-23.334297,-44.006486,0, ,0.0,0.0,0.0,0.0,3,21000,0,0,0,0,0,0
TF,GL037,-22.967031,-43.983094,0, ,0.0,0.0,0.0,0.0,2,12000,0,0,0,0,0,0
TF,EPGIP,-22.871172,-43.977011,0, ,0.0,0.0,0.0,0.0,0,0,0,0,0,0,0,0

STAR,EPGI2A,ESORU,4
IF,ESORU,-23.030825,-44.676514, ,0.0,0.0,0,0,0,0,0,0,0,0
TF,EPGIP,-22.871172,-43.977011,0, ,0.0,0.0,0.0,0.0,0,0,0,0,0,0,0,0

STAR,EPGI2A,KOLBI,4
IF,KOLBI,-24.110333,-44.705667, ,0.0,0.0,0,0,0,0,0,0,0,0
TF,ROPAS,-23.899167,-44.241000,0, ,0.0,0.0,0.0,0.0,3,28000,0,0,0,0,0,0
TF,ILTIT,-23.808464,-44.036778,0, ,0.0,0.0,0.0,0.0,0,0,0,0,0,0,0,0
TF,KABUK,-23.566333,-44.021333,0, ,0.0,0.0,0.0,0.0,3,23000,0,0,0,0,0,0
TF,WJ001,-23.482869,-44.015986,0, ,0.0,0.0,0.0,0.0,2,21000,0,0,0,0,0,0
TF,WJ002,-23.334297,-44.006486,0, ,0.0,0.0,0.0,0.0,3,21000,0,0,0,0,0,0
TF,GL037,-22.967031,-43.983094,0, ,0.0,0.0,0.0,0.0,2,12000,0,0,0,0,0,0
TF,EPGIP,-22.871172,-43.977011,0, ,0.0,0.0,0.0,0.0,0,0,0,0,0,0,0,0

STAR,EPGI2A,15,5
IF,EPGIP,-22.871172,-43.977011, ,0.0,0.0,0,0,0,0,0,0,0,0
TF,GL039,-22.811125,-43.717947,0, ,0.0,0.0,0.0,0.0,2,9000,0,0,0,0,0,0
TF,GL071,-22.789853,-43.626658,0, ,0.0,0.0,0.0,0.0,0,0,0,0,0,0,0,0
TF,EGDUT,-22.774167,-43.559500,0, ,0.0,0.0,0.0,0.0,2,6300,0,0,0,0,0,0
FM,EGDUT,-22.774167,-43.559500,1,CXI,0.0,0.0,330.0,2,6300,0,0,0,0,0,0

STAR,EPGI3A,AKNUB,4
IF,AKNUB,-24.494167,-44.573000, ,0.0,0.0,0,0,0,0,0,0,0,0
TF,ROPAS,-23.899167,-44.241000,0, ,0.0,0.0,0.0,0.0,3,28000,0,0,0,0,0,0
TF,ILTIT,-23.808464,-44.036778,0, ,0.0,0.0,0.0,0.0,0,0,0,0,0,0,0,0
TF,KABUK,-23.566333,-44.021333,0, ,0.0,0.0,0.0,0.0,3,23000,0,0,0,0,0,0
TF,WJ001,-23.482869,-44.015986,0, ,0.0,0.0,0.0,0.0,2,21000,0,0,0,0,0,0
TF,WJ002,-23.334297,-44.006486,0, ,0.0,0.0,0.0,0.0,3,21000,0,0,0,0,0,0
TF,GL037,-22.967031,-43.983094,0, ,0.0,0.0,0.0,0.0,2,12000,0,0,0,0,0,0
TF,EPGIP,-22.871172,-43.977011,0, ,0.0,0.0,0.0,0.0,0,0,0,0,0,0,0,0

STAR,EPGI3A,ESORU,4
IF,ESORU,-23.030825,-44.676514, ,0.0,0.0,0,0,0,0,0,0,0,0
TF,EPGIP,-22.871172,-43.977011,0, ,0.0,0.0,0.0,0.0,0,0,0,0,0,0,0,0

STAR,EPGI3A,KOLBI,4
IF,KOLBI,-24.110333,-44.705667, ,0.0,0.0,0,0,0,0,0,0,0,0
TF,ROPAS,-23.899167,-44.241000,0, ,0.0,0.0,0.0,0.0,3,28000,0,0,0,0,0,0
TF,ILTIT,-23.808464,-44.036778,0, ,0.0,0.0,0.0,0.0,0,0,0,0,0,0,0,0
TF,KABUK,-23.566333,-44.021333,0, ,0.0,0.0,0.0,0.0,3,23000,0,0,0,0,0,0
TF,WJ001,-23.482869,-44.015986,0, ,0.0,0.0,0.0,0.0,2,21000,0,0,0,0,0,0
TF,WJ002,-23.334297,-44.006486,0, ,0.0,0.0,0.0,0.0,3,21000,0,0,0,0,0,0
TF,GL037,-22.967031,-43.983094,0, ,0.0,0.0,0.0,0.0,2,12000,0,0,0,0,0,0
TF,EPGIP,-22.871172,-43.977011,0, ,0.0,0.0,0.0,0.0,0,0,0,0,0,0,0,0

STAR,EPGI3A,28,6
IF,EPGIP,-22.871172,-43.977011, ,0.0,0.0,0,0,0,0,0,0,0,0
TF,GL038,-22.785028,-43.605992,0, ,0.0,0.0,0.0,0.0,3,13000,0,0,0,0,0,0
TF,TEPOL,-22.718464,-43.321858,0, ,0.0,0.0,0.0,0.0,2,9000,0,0,0,0,0,0
TF,IVTAL,-22.706128,-43.269439,0, ,0.0,0.0,0.0,0.0,2,8000,0,0,0,0,0,0
TF,SEDBU,-22.659003,-43.070142,0, ,0.0,0.0,0.0,0.0,2,5000,0,0,0,0,0,0
FM,SEDBU,-22.659003,-43.070142,0,CXI,0.0,0.0,100.0,2,5000,0,0,0,0,0,0

STAR,EPGI3A,33,6
IF,EPGIP,-22.871172,-43.977011, ,0.0,0.0,0,0,0,0,0,0,0,0
TF,GL038,-22.785028,-43.605992,0, ,0.0,0.0,0.0,0.0,3,13000,0,0,0,0,0,0
TF,TEPOL,-22.718464,-43.321858,0, ,0.0,0.0,0.0,0.0,2,9000,0,0,0,0,0,0
TF,IVTAL,-22.706128,-43.269439,0, ,0.0,0.0,0.0,0.0,2,8000,0,0,0,0,0,0
TF,OPSID,-22.864500,-43.040167,0, ,0.0,0.0,0.0,0.0,2,5000,0,0,0,0,0,0
FM,OPSID,-22.864500,-43.040167,0,CXI,0.0,0.0,150.0,2,5000,0,0,0,0,0,0

STAR,IVTA2A,MAVGU,4
IF,MAVGU,-21.455567,-44.149744, ,0.0,0.0,0,0,0,0,0,0,0,0
TF,OGMUK,-21.573242,-44.073614,0, ,0.0,0.0,0.0,0.0,0,0,0,0,0,0,0,0
TF,IVREV,-21.844600,-43.934069,0, ,0.0,0.0,0.0,0.0,3,25000,0,0,0,0,0,0
TF,VAKUB,-22.469203,-43.610592,0, ,0.0,0.0,0.0,0.0,0,0,0,0,0,0,0,0

STAR,IVTA2A,MEBGA,4
IF,MEBGA,-22.419333,-44.115667, ,0.0,0.0,0,0,0,0,0,0,0,0
TF,KOSRU,-22.439025,-43.960083,0, ,0.0,0.0,0.0,0.0,0,0,0,0,0,0,0,0
TF,PAI,-22.454053,-43.840508,0, ,0.0,0.0,0.0,0.0,2,11000,0,0,0,0,0,0
TF,VAKUB,-22.469203,-43.610592,0, ,0.0,0.0,0.0,0.0,0,0,0,0,0,0,0,0

STAR,IVTA2A,33,5
IF,VAKUB,-22.469203,-43.610592, ,0.0,0.0,0,0,0,0,0,0,0,0
TF,GL033,-22.646100,-43.356086,0, ,0.0,0.0,0.0,0.0,2,10000,0,0,0,0,0,0
TF,IVTAL,-22.706128,-43.269439,0, ,0.0,0.0,0.0,0.0,2,8000,0,0,0,0,0,0
TF,VURUK,-22.760825,-43.069839,0, ,0.0,0.0,0.0,0.0,2,4000,0,0,0,0,0,0
FM,VURUK,-22.760825,-43.069839,0,CXI,0.0,0.0,150.0,2,4000,0,0,0,0,0,0

STAR,IVTA2B,AKNUB,4
IF,AKNUB,-24.494167,-44.573000, ,0.0,0.0,0,0,0,0,0,0,0,0
TF,ROPAS,-23.899167,-44.241000,0, ,0.0,0.0,0.0,0.0,3,28000,0,0,0,0,0,0
TF,ILTIT,-23.808464,-44.036778,0, ,0.0,0.0,0.0,0.0,0,0,0,0,0,0,0,0
TF,KABUK,-23.566333,-44.021333,0, ,0.0,0.0,0.0,0.0,3,23000,0,0,0,0,0,0
TF,WJ001,-23.482869,-44.015986,0, ,0.0,0.0,0.0,0.0,2,21000,0,0,0,0,0,0
TF,WJ002,-23.334297,-44.006486,0, ,0.0,0.0,0.0,0.0,3,21000,0,0,0,0,0,0
TF,GL037,-22.967031,-43.983094,0, ,0.0,0.0,0.0,0.0,2,12000,0,0,0,0,0,0
TF,EPGIP,-22.871172,-43.977011,0, ,0.0,0.0,0.0,0.0,0,0,0,0,0,0,0,0

STAR,IVTA2B,ESORU,4
IF,ESORU,-23.030825,-44.676514, ,0.0,0.0,0,0,0,0,0,0,0,0
TF,EPGIP,-22.871172,-43.977011,0, ,0.0,0.0,0.0,0.0,0,0,0,0,0,0,0,0

STAR,IVTA2B,KOLBI,4
IF,KOLBI,-24.110333,-44.705667, ,0.0,0.0,0,0,0,0,0,0,0,0
TF,ROPAS,-23.899167,-44.241000,0, ,0.0,0.0,0.0,0.0,3,28000,0,0,0,0,0,0
TF,ILTIT,-23.808464,-44.036778,0, ,0.0,0.0,0.0,0.0,0,0,0,0,0,0,0,0
TF,KABUK,-23.566333,-44.021333,0, ,0.0,0.0,0.0,0.0,3,23000,0,0,0,0,0,0
TF,WJ001,-23.482869,-44.015986,0, ,0.0,0.0,0.0,0.0,2,21000,0,0,0,0,0,0
TF,WJ002,-23.334297,-44.006486,0, ,0.0,0.0,0.0,0.0,3,21000,0,0,0,0,0,0
TF,GL037,-22.967031,-43.983094,0, ,0.0,0.0,0.0,0.0,2,12000,0,0,0,0,0,0
TF,EPGIP,-22.871172,-43.977011,0, ,0.0,0.0,0.0,0.0,0,0,0,0,0,0,0,0

STAR,IVTA2B,ALL,5
IF,EPGIP,-22.871172,-43.977011, ,0.0,0.0,0,0,0,0,0,0,0,0
TF,GL038,-22.785028,-43.605992,0, ,0.0,0.0,0.0,0.0,3,13000,0,0,0,0,0,0
TF,TEPOL,-22.718464,-43.321858,0, ,0.0,0.0,0.0,0.0,2,9000,0,0,0,0,0,0
TF,IVTAL,-22.706128,-43.269439,0, ,0.0,0.0,0.0,0.0,2,8000,0,0,0,0,0,0

STAR,IVTA2B,33,6
IF,IVTAL,-22.706128,-43.269439, ,0.0,0.0,2,8000,0,0,0,0,0,0
TF,VURUK,-22.760825,-43.069839,0, ,0.0,0.0,0.0,0.0,2,4000,0,0,0,0,0,0
FM,VURUK,-22.760825,-43.069839,0,CXI,0.0,0.0,150.0,2,4000,0,0,0,0,0,0

STAR,MEBG1A,ALL,5
IF,MEBGA,-22.419333,-44.115667, ,0.0,0.0,0,0,0,0,0,0,0,0
TF,KOSRU,-22.439025,-43.960083,0, ,0.0,0.0,0.0,0.0,0,0,0,0,0,0,0,0
TF,PAI,-22.454053,-43.840508,0, ,0.0,0.0,0.0,0.0,2,11000,0,0,0,0,0,0
TF,GL021,-22.460128,-43.750578,0, ,0.0,0.0,0.0,0.0,0,0,0,0,0,0,0,0

STAR,MEBG1A,10,6
IF,GL021,-22.460128,-43.750578, ,0.0,0.0,0,0,0,0,0,0,0,0
TF,UTBOM,-22.642167,-43.520333,0, ,0.0,0.0,0.0,0.0,2,6300,0,0,0,0,0,0
TF,ALMOS,-22.718583,-43.480533,0, ,0.0,0.0,0.0,0.0,2,6300,0,0,0,0,0,0
FM,ALMOS,-22.718583,-43.480533,2,CXI,0.0,0.0,275.0,2,6300,0,0,0,0,0,0

STAR,MEBG1A,15,6
IF,GL021,-22.460128,-43.750578, ,0.0,0.0,0,0,0,0,0,0,0,0
TF,UTBOM,-22.642167,-43.520333,0, ,0.0,0.0,0.0,0.0,2,6300,0,0,0,0,0,0

STAR,UDOGA1,ALL,2
IF,ADA,-22.812775,-42.095339, ,0.0,0.0,0,0,0,0,0,0,0,0
TF,UDOGA,-22.654000,-42.724167,0, ,0.0,0.0,0.0,0.0,2,7000,0,0,0,0,0,1
TF,CXI28,-22.671575,-42.781400,0, ,0.0,0.0,0.0,0.0,3,7000,0,0,0,0,0,1

STAR,UDOGA1,28,3
IF,CXI28,-22.671575,-42.781400, ,0.0,0.0,3,7000,0,0,0,0,0,0
TF,KETUX,-22.722333,-42.947667,0, ,0.0,0.0,0.0,0.0,2,5000,0,0,0,0,0,1

STAR,UDOGA1,33,3
IF,CXI28,-22.671575,-42.781400, ,0.0,0.0,3,7000,0,0,0,0,0,0
TF,KETUX,-22.722333,-42.947667,0, ,0.0,0.0,0.0,0.0,2,5000,0,0,0,0,0,1
TF,OPSID,-22.864500,-43.040167,0, ,0.0,0.0,0.0,0.0,2,5000,0,0,0,0,0,1
VM,-22.810000,-43.250556,0,150.0,2,5000,0,0,0,0,0,0

STAR,UTBO2A,MAVGU,4
IF,MAVGU,-21.455567,-44.149744, ,0.0,0.0,0,0,0,0,0,0,0,0
TF,OGMUK,-21.573242,-44.073614,0, ,0.0,0.0,0.0,0.0,0,0,0,0,0,0,0,0
TF,IVREV,-21.844600,-43.934069,0, ,0.0,0.0,0.0,0.0,3,25000,0,0,0,0,0,0
TF,UTNUG,-22.309594,-43.693561,0, ,0.0,0.0,0.0,0.0,0,0,0,0,0,0,0,0
TF,VAKUB,-22.469203,-43.610592,0, ,0.0,0.0,0.0,0.0,3,12000,0,0,0,0,0,0
TF,GIGSO,-22.559528,-43.563547,0, ,0.0,0.0,0.0,0.0,2,7000,0,0,0,0,0,0

STAR,UTBO2A,MOLSU,4
IF,MOLSU,-21.839833,-42.204833, ,0.0,0.0,0,0,0,0,0,0,0,0
TF,DOKTO,-22.104267,-42.364617,0, ,0.0,0.0,0.0,0.0,3,28000,0,0,0,0,0,0
TF,GL006,-22.220897,-42.849675,0, ,0.0,0.0,0.0,0.0,4,22000,19000,0,0,0,0,0
TF,GL014,-22.262350,-43.023725,0, ,0.0,0.0,0.0,0.0,4,20000,19000,0,0,0,0,0
TF,GL016,-22.314311,-43.243172,0, ,0.0,0.0,0.0,0.0,4,19000,15000,0,0,0,0,0
TF,SURNA,-22.371131,-43.484769,0, ,0.0,0.0,0.0,0.0,2,13000,0,0,0,0,0,0
TF,GL017,-22.448856,-43.517242,0, ,0.0,0.0,0.0,0.0,3,12000,0,0,0,0,0,0
TF,GIGSO,-22.559528,-43.563547,0, ,0.0,0.0,0.0,0.0,2,7000,0,0,0,0,0,0

STAR,UTBO2A,ALL,5
IF,GIGSO,-22.559528,-43.563547, ,0.0,0.0,2,7000,0,0,0,0,0,0

STAR,UTBO2A,10,6
IF,GIGSO,-22.559528,-43.563547, ,0.0,0.0,2,7000,0,0,0,0,0,0
TF,UTBOM,-22.642167,-43.520333,0, ,0.0,0.0,0.0,0.0,2,6300,0,0,0,0,0,0
TF,ALMOS,-22.718583,-43.480533,0, ,0.0,0.0,0.0,0.0,2,6300,0,0,0,0,0,0
FM,ALMOS,-22.718583,-43.480533,2,CXI,0.0,0.0,275.0,2,6300,0,0,0,0,0,0

STAR,UTBO2A,15,6
IF,GIGSO,-22.559528,-43.563547, ,0.0,0.0,2,7000,0,0,0,0,0,0
TF,UTBOM,-22.642167,-43.520333,0, ,0.0,0.0,0.0,0.0,2,6300,0,0,0,0,0,0

STAR,VAKU2A,MAVGU,4
IF,MAVGU,-21.455567,-44.149744, ,0.0,0.0,0,0,0,0,0,0,0,0
TF,OGMUK,-21.573242,-44.073614,0, ,0.0,0.0,0.0,0.0,0,0,0,0,0,0,0,0
TF,IVREV,-21.844600,-43.934069,0, ,0.0,0.0,0.0,0.0,3,25000,0,0,0,0,0,0
TF,VAKUB,-22.469203,-43.610592,0, ,0.0,0.0,0.0,0.0,0,0,0,0,0,0,0,0
TF,GL033,-22.646100,-43.356086,0, ,0.0,0.0,0.0,0.0,2,10000,0,0,0,0,0,0
TF,IVTAL,-22.706128,-43.269439,0, ,0.0,0.0,0.0,0.0,2,8000,0,0,0,0,0,0

STAR,VAKU2A,MEBGA,4
IF,MEBGA,-22.419333,-44.115667, ,0.0,0.0,0,0,0,0,0,0,0,0
TF,KOSRU,-22.439025,-43.960083,0, ,0.0,0.0,0.0,0.0,0,0,0,0,0,0,0,0
TF,PAI,-22.454053,-43.840508,0, ,0.0,0.0,0.0,0.0,2,11000,0,0,0,0,0,0
TF,VAKUB,-22.469203,-43.610592,0, ,0.0,0.0,0.0,0.0,0,0,0,0,0,0,0,0
TF,GL033,-22.646100,-43.356086,0, ,0.0,0.0,0.0,0.0,2,10000,0,0,0,0,0,0
TF,IVTAL,-22.706128,-43.269439,0, ,0.0,0.0,0.0,0.0,2,8000,0,0,0,0,0,0

STAR,VAKU2A,28,6
IF,IVTAL,-22.706128,-43.269439, ,0.0,0.0,2,8000,0,0,0,0,0,0
TF,SEDBU,-22.659003,-43.070142,0, ,0.0,0.0,0.0,0.0,2,5000,0,0,0,0,0,0
FM,SEDBU,-22.659003,-43.070142,0,CXI,0.0,0.0,100.0,2,5000,0,0,0,0,0,0

STAR,VAKU2A,33,6
IF,IVTAL,-22.706128,-43.269439, ,0.0,0.0,2,8000,0,0,0,0,0,0
TF,OPSID,-22.864500,-43.040167,0, ,0.0,0.0,0.0,0.0,2,5000,0,0,0,0,0,0
FM,OPSID,-22.864500,-43.040167,0,CXI,0.0,0.0,150.0,2,5000,0,0,0,0,0,0

STAR,VUSR1A,AKNUB,4
IF,AKNUB,-24.494167,-44.573000, ,0.0,0.0,0,0,0,0,0,0,0,0
TF,ROPAS,-23.899167,-44.241000,0, ,0.0,0.0,0.0,0.0,3,28000,0,0,0,0,0,0
TF,ILTIT,-23.808464,-44.036778,0, ,0.0,0.0,0.0,0.0,0,0,0,0,0,0,0,0
TF,KABUK,-23.566333,-44.021333,0, ,0.0,0.0,0.0,0.0,3,23000,0,0,0,0,0,0
TF,WJ001,-23.482869,-44.015986,0, ,0.0,0.0,0.0,0.0,2,21000,0,0,0,0,0,0
TF,WJ002,-23.334297,-44.006486,0, ,0.0,0.0,0.0,0.0,3,21000,0,0,0,0,0,0
TF,KUDSI,-22.986178,-43.984339,0, ,0.0,0.0,0.0,0.0,2,12000,0,0,0,0,0,0
TF,VUSRA,-22.934122,-43.776861,0, ,0.0,0.0,0.0,0.0,0,0,0,0,0,0,0,0

STAR,VUSR1A,ESORU,4
IF,ESORU,-23.030825,-44.676514, ,0.0,0.0,0,0,0,0,0,0,0,0
TF,EPGIP,-22.871172,-43.977011,0, ,0.0,0.0,0.0,0.0,0,0,0,0,0,0,0,0
TF,VUSRA,-22.934122,-43.776861,0, ,0.0,0.0,0.0,0.0,0,0,0,0,0,0,0,0

STAR,VUSR1A,KOLBI,4
IF,KOLBI,-24.110333,-44.705667, ,0.0,0.0,0,0,0,0,0,0,0,0
TF,ROPAS,-23.899167,-44.241000,0, ,0.0,0.0,0.0,0.0,3,28000,0,0,0,0,0,0
TF,ILTIT,-23.808464,-44.036778,0, ,0.0,0.0,0.0,0.0,0,0,0,0,0,0,0,0
TF,KABUK,-23.566333,-44.021333,0, ,0.0,0.0,0.0,0.0,3,23000,0,0,0,0,0,0
TF,WJ001,-23.482869,-44.015986,0, ,0.0,0.0,0.0,0.0,2,21000,0,0,0,0,0,0
TF,WJ002,-23.334297,-44.006486,0, ,0.0,0.0,0.0,0.0,3,21000,0,0,0,0,0,0
TF,KUDSI,-22.986178,-43.984339,0, ,0.0,0.0,0.0,0.0,2,12000,0,0,0,0,0,0
TF,VUSRA,-22.934122,-43.776861,0, ,0.0,0.0,0.0,0.0,0,0,0,0,0,0,0,0

STAR,VUSR1A,10,5
IF,VUSRA,-22.934122,-43.776861, ,0.0,0.0,0,0,0,0,0,0,0,0
TF,GL041,-22.912208,-43.689744,0, ,0.0,0.0,0.0,0.0,2,8000,0,0,0,0,0,0
TF,DONGI,-22.886000,-43.585833,0, ,0.0,0.0,0.0,0.0,2,6300,0,0,0,0,0,0

STAR,VUSR1B,10,2
IF,ESORU,-23.030825,-44.676514, ,0.0,0.0,0,0,0,0,0,0,0,0
TF,EPGIP,-22.871172,-43.977011,0, ,0.0,0.0,0.0,0.0,0,0,0,0,0,0,0,1
TF,VUSRA,-22.934122,-43.776861,0, ,0.0,0.0,0.0,0.0,0,0,0,0,0,0,0,1
TF,097AT,-22.912208,-43.689744,0, ,0.0,0.0,0.0,0.0,2,8000,0,0,0,0,0,0
TF,DONGI,-22.886000,-43.585833,0, ,0.0,0.0,0.0,0.0,2,6300,0,0,0,0,0,1

APPTR,D15-Y,15,EGDUT
IF,EGDUT,-22.774167,-43.559500, ,0.0,0.0,2,6300,0,0,0,0,1,0
AF,CXI16,-22.652192,-43.505239,2,CXI,328.9,16.8,302.0,2,5800,0,0,0,0,0,0
CF,EVSEX,-22.715831,-43.410853,0,CXI,328.9,10.3,149.0,6.5,2,3300,0,0,0,0,1,0

APPTR,D15-Y,15,UTBOM
IF,UTBOM,-22.642167,-43.520333, ,0.0,0.0,2,6300,0,0,0,0,1,0
CF,CXI16,-22.652192,-43.505239,0,CXI,328.9,16.8,149.0,1.0,2,5800,0,0,0,0,0,0
CF,EVSEX,-22.715831,-43.410853,0,CXI,328.9,10.3,149.0,6.5,2,3300,0,0,0,0,1,0

FINAL,D15-Y,15,D,5
IF,EVSEX,-22.715831,-43.410853,CXI,328.9,10.3,2,3300,0,0,0,0,0,0
CF,CXI17,-22.735453,-43.381656,0,CXI,328.9,8.3,149.0,2.0,2,2500,0,0,0,0,0,0
CF,GAXUR,-22.764483,-43.338425,0,CXI,328.9,5.4,149.0,3.0,2,1700,0,0,0,0,2,0
CF,CXI18,-22.785144,-43.307636,0,CXI,328.9,3.3,149.0,2.1,2,1022,0,0,0,0,0,0
CF,CXI19,-22.804739,-43.278417,0,CXI,328.9,1.3,149.0,2.0,1,388,0,0,0,0,3,0
CF,CXI,-22.817086,-43.260000,0,CXI,0.0,0.0,149.0,1.3,0,0,0,0,0,0,0,0
CF,UTKUP,-22.821333,-43.115667,0,CXI,114.9,8.0,115.0,8.0,2,3000,0,0,0,0,0,0
CF,GL079,-22.825389,-42.971403,0,CXI,114.8,16.0,115.0,8.0,1,4000,0,0,0,0,0,0
CF,SISER,-22.828833,-42.845167,0,CXI,114.8,23.0,115.0,7.0,1,5000,0,0,0,0,0,0
HM,SISER,-22.828833,-42.845167,1, ,0.0,0.0,295.0,04.3,1,5000,0,0,0,0,0,0,0

APPTR,D28,28,KETUX
IF,KETUX,-22.722333,-42.947667, ,0.0,0.0,2,5000,0,0,0,0,1,0
AF,D084R,-22.671583,-42.971306,1,CXI,83.5,18.2,95.0,2,3700,0,0,0,0,0,0
CF,EPKOG,-22.704114,-43.035781,0,CXI,83.5,14.2,264.0,4.1,2,3700,0,0,0,0,1,0

APPTR,D28,28,SEDBU
IF,SEDBU,-22.659003,-43.070142, ,0.0,0.0,2,5000,0,0,0,0,1,0
AF,EPKOG,-22.704114,-43.035781,2,CXI,83.5,14.2,71.0,2,3700,0,0,0,0,1,0

FINAL,D28,28,D,5
IF,EPKOG,-22.704114,-43.035781,CXI,83.5,14.2,2,3700,0,0,0,0,0,0
CF,CXI01,-22.739072,-43.105028,0,CXI,83.5,9.8,264.0,4.4,2,2319,0,0,0,0,0,0
CF,DETOM,-22.752064,-43.130833,0,CXI,83.5,8.2,264.0,1.6,2,1800,0,0,0,0,2,0
CF,CXI02,-22.775831,-43.177986,0,CXI,83.5,5.2,264.0,3.0,2,852,0,0,0,0,0,0
CF,MA28,-22.795233,-43.216575,0,CXI,83.5,2.7,264.0,2.4,1,78,0,0,0,0,3,1
CF,CXI,-22.817086,-43.260000,0,CXI,0.0,0.0,264.0,2.7,2,570,0,0,0,0,0,1
CF,ENSAR,-22.859500,-43.481333,0,CXI,280.3,12.5,281.0,12.6,2,4100,0,0,0,0,0,0
VI,2, ,0.0,90.0,2,5000,0,0,0,0,0,0
CF,IVTAL,-22.706128,-43.269439,0,PCX,294.3,22.9,114.0,7.0,2,6000,0,0,0,0,0,1
HM,IVTAL,-22.706128,-43.269439,2, ,0.0,0.0,114.0,04.3,2,6000,0,0,0,0,0,0,0

APPTR,D33,33,OPSID
IF,OPSID,-22.864500,-43.040167, ,0.0,0.0,2,5000,0,0,0,0,1,0
AF,VULOV,-22.930428,-43.070236,2,CXI,144.8,12.5,125.0,2,3600,0,0,0,0,1,0

FINAL,D33,33,D,4
IF,VULOV,-22.930428,-43.070236,CXI,144.8,12.5,2,3600,0,0,0,0,0,0
CF,FS33,-22.875025,-43.163092,0,CXI,144.8,6.4,325.0,6.1,2,1660,0,0,0,0,2,0
CF,34VOR,-22.847839,-43.208592,0,CXI,144.8,3.4,325.0,3.0,2,540,0,0,0,0,0,0
CF,RW33,-22.829114,-43.238492,0,CXI,143.1,1.4,325.0,2.0,1,61,0,0,0,0,3,1
CA,0,325.0,2,1000,0,0,0,0,0,0
CF,ENSAR,-22.859500,-43.481333,0,CXI,280.3,12.5,281.0,12.0,2,4100,0,0,0,0,0,1
CF,IVTAL,-22.706128,-43.269439,2,CXI,17.5,6.7,114.0,12.0,2,6000,0,0,0,0,0,1
HM,IVTAL,-22.706128,-43.269439,2, ,0.0,0.0,114.0,04.3,0,0,0,0,0,0,0,0,0

APPTR,I10-T,10,DONGI
IF,DONGI,-22.886000,-43.585833, ,0.0,0.0,2,6300,0,0,0,0,1,0
TF,SUNSI,-22.856111,-43.468067,0, ,0.0,0.0,0.0,0.0,2,3900,0,0,0,0,0,0
TF,GAVUG,-22.849439,-43.441975,0, ,0.0,0.0,0.0,0.0,2,3500,0,0,0,0,1,0
CF,GL008,-22.840578,-43.407178,0,ITB,277.5,11.1,97.0,2.0,2,2800,0,0,0,0,0,0

FINAL,I10-T,10,I,3
IF,GL008,-22.840578,-43.407178,ITB,277.5,11.1,2,2800,0,0,0,0,0,0
CF,GL167,-22.824000,-43.342167,0,ITB,277.5,7.3,97.0,3.7,1,1670,0,0,0,0,2,0
CF,RW10,-22.801850,-43.255172,0,ITB,277.4,2.3,97.0,5.0,1,77,0,0,0,0,3,1
CA,0,97.0,2,2000,0,0,0,0,0,0
DF,PCX,-22.715394,-42.857422,0, ,0.0,0.0,2,7000,0,0,0,0,0,1
HM,PCX,-22.715394,-42.857422,2, ,0.0,0.0,292.0,04.3,2,7000,0,0,0,0,0,0,0

APPTR,I10-U,10,DONGI
IF,DONGI,-22.886000,-43.585833, ,0.0,0.0,2,6300,0,0,0,0,1,0
TF,SUNSI,-22.856111,-43.468067,0, ,0.0,0.0,0.0,0.0,2,3900,0,0,0,0,0,0
TF,GAVUG,-22.849439,-43.441975,0, ,0.0,0.0,0.0,0.0,2,3500,0,0,0,0,1,0
CF,GL008,-22.840578,-43.407178,0,ITB,277.5,11.1,97.0,2.0,2,2800,0,0,0,0,0,0

FINAL,I10-U,10,I,3
IF,GL008,-22.840578,-43.407178,ITB,277.5,11.1,2,2800,0,0,0,0,0,0
CF,GL167,-22.824000,-43.342167,0,ITB,277.5,7.3,97.0,3.7,1,1670,0,0,0,0,2,0
CF,RW10,-22.801850,-43.255172,0,ITB,277.4,2.3,97.0,5.0,1,76,0,0,0,0,3,1
CA,0,97.0,2,2000,0,0,0,0,0,0
DF,PCX,-22.715394,-42.857422,0, ,0.0,0.0,2,7000,0,0,0,0,0,1
HM,PCX,-22.715394,-42.857422,2, ,0.0,0.0,292.0,04.3,2,7000,0,0,0,0,0,0,0

APPTR,I10-X,10,ALMOS
IF,ALMOS,-22.718583,-43.480533, ,0.0,0.0,2,6300,0,0,0,0,1,0
TF,GL084,-22.801056,-43.456292,0, ,0.0,0.0,0.0,0.0,2,3900,0,0,0,0,0,0
TF,GAVUG,-22.849439,-43.441975,0, ,0.0,0.0,0.0,0.0,2,3500,0,0,0,0,1,0
CF,GL008,-22.840578,-43.407178,0,ITB,277.5,11.1,97.0,2.0,2,2800,0,0,0,0,0,0

APPTR,I10-X,10,DONGI
IF,DONGI,-22.886000,-43.585833, ,0.0,0.0,2,6300,0,0,0,0,1,0
TF,GAVUG,-22.849439,-43.441975,0, ,0.0,0.0,0.0,0.0,2,3500,0,0,0,0,1,0
CF,GL008,-22.840578,-43.407178,0,ITB,277.5,11.1,97.0,2.0,2,2800,0,0,0,0,0,0

FINAL,I10-X,10,I,3
IF,GL008,-22.840578,-43.407178,ITB,277.5,11.1,2,2800,0,0,0,0,0,0
CF,GL167,-22.824000,-43.342167,0,ITB,277.5,7.3,97.0,3.7,1,1670,0,0,0,0,2,0
CF,RW10,-22.801850,-43.255172,0,ITB,277.4,2.3,97.0,5.0,1,76,0,0,0,0,3,1
CA,0,97.0,2,2000,0,0,0,0,0,0
DF,PCX,-22.715394,-42.857422,0, ,0.0,0.0,2,7000,0,0,0,0,0,1
HM,PCX,-22.715394,-42.857422,2, ,0.0,0.0,292.0,04.3,2,7000,0,0,0,0,0,0,0

APPTR,I15-R,15,EGDUT
IF,EGDUT,-22.774167,-43.559500, ,0.0,0.0,2,6300,0,0,0,0,1,0
AF,CXI16,-22.652192,-43.505239,2,CXI,328.9,16.8,302.0,2,5900,0,0,0,0,0,0
TF,CXI05,-22.671358,-43.476369,0, ,0.0,0.0,0.0,0.0,2,5400,0,0,0,0,0,0
CF,EGBAT,-22.715167,-43.410333,0,IJB,328.6,11.8,149.0,4.5,2,3300,0,0,0,0,1,0

APPTR,I15-R,15,UTBOM
IF,UTBOM,-22.642167,-43.520333, ,0.0,0.0,2,6300,0,0,0,0,1,0
TF,CXI16,-22.652192,-43.505239,0, ,0.0,0.0,0.0,0.0,2,5900,0,0,0,0,0,0
TF,CXI05,-22.671358,-43.476369,0, ,0.0,0.0,0.0,0.0,2,5400,0,0,0,0,0,0
CF,EGBAT,-22.715167,-43.410333,0,IJB,328.6,11.8,149.0,4.5,2,3300,0,0,0,0,1,0

FINAL,I15-R,15,I,3
IF,EGBAT,-22.715167,-43.410333,IJB,328.6,11.8,2,3300,0,0,0,0,0,0
CF,ROBOL,-22.763386,-43.337581,0,IJB,328.6,6.9,149.0,5.0,1,1710,0,0,0,0,2,0
CF,RW15,-22.813094,-43.262658,0,IJB,328.7,1.8,149.0,5.1,1,68,0,0,0,0,3,0
CA,0,149.0,2,500,0,0,0,0,0,0
CF,UTKUP,-22.821333,-43.115667,0,CXI,114.9,8.0,115.0,8.0,2,1300,0,0,0,0,0,0
TF,GL079,-22.825389,-42.971403,0, ,0.0,0.0,0.0,0.0,1,4000,0,0,0,0,0,0
TF,SISER,-22.828833,-42.845167,0, ,0.0,0.0,0.0,0.0,1,5000,0,0,0,0,0,0
HM,SISER,-22.828833,-42.845167,1, ,0.0,0.0,295.0,04.3,2,5000,0,0,0,0,0,0,0

APPTR,I28-U,28,KETUX
IF,KETUX,-22.722333,-42.947667, ,0.0,0.0,2,5000,0,0,0,0,1,0
TF,LIXUG,-22.747667,-43.043667,0, ,0.0,0.0,0.0,0.0,2,3200,0,0,0,0,1,0
CF,GL081,-22.761500,-43.097550,0,ILM,97.6,9.3,277.0,3.1,2,2000,0,0,0,0,0,0

APPTR,I28-U,28,SEDBU
IF,SEDBU,-22.659003,-43.070142, ,0.0,0.0,2,5000,0,0,0,0,1,0
TF,LIXUG,-22.747667,-43.043667,0, ,0.0,0.0,0.0,0.0,2,3200,0,0,0,0,1,0
CF,GL081,-22.761500,-43.097550,0,ILM,97.6,9.3,277.0,3.1,2,2000,0,0,0,0,0,0

FINAL,I28-U,28,I,3
IF,GL081,-22.761500,-43.097550,ILM,97.6,9.3,2,2000,0,0,0,0,0,0
CF,GL142,-22.769967,-43.130575,0,ILM,97.6,7.4,277.0,1.9,1,1630,0,0,0,0,2,0
CF,RW28,-22.792178,-43.217639,0,ILM,97.5,2.4,277.0,5.0,1,78,0,0,0,0,3,1
CA,0,277.0,2,4100,0,0,0,0,0,0
DF,IVTAL,-22.706128,-43.269439,2, ,0.0,0.0,2,6000,0,1,220,0,0,1
HM,IVTAL,-22.706128,-43.269439,2, ,0.0,0.0,98.0,04.3,2,6000,0,1,220,0,0,0,0

APPTR,I28-V,28,KETUX
IF,KETUX,-22.722333,-42.947667, ,0.0,0.0,2,5000,0,0,0,0,1,0
TF,LIXUG,-22.747667,-43.043667,0, ,0.0,0.0,0.0,0.0,2,3200,0,0,0,0,0,0
CF,GL081,-22.761500,-43.097550,0,ILM,97.6,9.3,277.0,3.1,2,2000,0,0,0,0,0,0

APPTR,I28-V,28,SEDBU
IF,SEDBU,-22.659003,-43.070142, ,0.0,0.0,2,5000,0,0,0,0,1,0
AF,D097N,-22.741269,-43.018167,2,CXI,93.4,14.2,71.0,2,3200,0,0,0,0,0,0
TF,LIXUG,-22.747667,-43.043667,0, ,0.0,0.0,0.0,0.0,2,3200,0,0,0,0,0,0
CF,GL081,-22.761500,-43.097550,0,ILM,97.6,9.3,277.0,3.1,2,2000,0,0,0,0,0,0

FINAL,I28-V,28,I,3
IF,GL081,-22.761500,-43.097550,ILM,97.6,9.3,2,2000,0,0,0,0,0,0
CF,GL142,-22.769967,-43.130575,0,ILM,97.6,7.4,277.0,1.9,1,1630,0,0,0,0,2,0
CF,RW28,-22.792178,-43.217639,0,ILM,97.5,2.4,277.0,5.0,1,78,0,0,0,0,3,1
CA,0,277.0,2,1200,0,0,0,0,0,0
CF,ENSAR,-22.859500,-43.481333,0,CXI,280.3,12.5,281.0,12.6,2,4100,0,0,0,0,0,1
CF,IVTAL,-22.706128,-43.269439,2,PCX,294.3,22.9,114.0,13.0,2,6000,0,1,220,0,0,0
HM,IVTAL,-22.706128,-43.269439,2, ,0.0,0.0,114.0,04.3,2,6000,0,1,220,0,0,0,0

APPTR,I28-W,28,KETUX
IF,KETUX,-22.722333,-42.947667, ,0.0,0.0,2,5000,0,0,0,0,1,0
TF,LIXUG,-22.747667,-43.043667,0, ,0.0,0.0,0.0,0.0,2,3200,0,0,0,0,1,0
CF,GL081,-22.761500,-43.097550,0,ILM,97.6,9.3,277.0,3.1,2,2000,0,0,0,0,0,0

APPTR,I28-W,28,SEDBU
IF,SEDBU,-22.659003,-43.070142, ,0.0,0.0,2,5000,0,0,0,0,1,0
TF,LIXUG,-22.747667,-43.043667,0, ,0.0,0.0,0.0,0.0,2,3200,0,0,0,0,1,0
CF,GL081,-22.761500,-43.097550,0,ILM,97.6,9.3,277.0,3.1,2,2000,0,0,0,0,0,0

FINAL,I28-W,28,I,3
IF,GL081,-22.761500,-43.097550,ILM,97.6,9.3,2,2000,0,0,0,0,0,0
CF,GL142,-22.769967,-43.130575,0,ILM,97.6,7.4,277.0,1.9,1,1630,0,0,0,0,2,0
CF,RW28,-22.792178,-43.217639,0,ILM,97.5,2.4,277.0,5.0,1,78,0,0,0,0,3,1
TF,ENSAR,-22.859500,-43.481333,0, ,0.0,0.0,0.0,0.0,2,4100,0,0,0,0,0,1
DF,IVTAL,-22.706128,-43.269439,2, ,0.0,0.0,2,6000,0,1,220,0,0,1
HM,IVTAL,-22.706128,-43.269439,2, ,0.0,0.0,98.0,04.3,2,6000,0,1,220,0,0,0,0

APPTR,Q10,10,DONGI
IF,DONGI,-22.886000,-43.585833, ,0.0,0.0,2,6300,0,0,0,0,1,0
TF,VUNAN,-22.846053,-43.486136,0, ,0.0,0.0,0.0,0.0,2,4200,0,0,0,0,1,0

FINAL,Q10,10,N,7
IF,VUNAN,-22.846053,-43.486136,YLA,0.0,0.0,2,4200,0,0,0,0,0,0
CF,YLA03,-22.838819,-43.447217,0,YLA,0.0,0.0,101.0,2.2,2,3700,0,0,0,0,0,0
CF,YLA02,-22.835600,-43.429511,0,YLA,0.0,0.0,101.0,1.0,2,2800,0,0,0,0,0,0
CF,YLA01,-22.826108,-43.378200,0,YLA,0.0,0.0,101.0,2.9,2,2000,0,0,0,0,0,0
CF,FN10,-22.819881,-43.344589,0,YLA,0.0,0.0,101.0,1.9,2,1690,0,0,0,0,2,0
CF,YLA04,-22.813386,-43.309569,0,YLA,0.0,0.0,101.0,2.0,2,900,0,0,0,0,0,0
CF,RW10,-22.801850,-43.255172,0,PCX,0.0,22.7,101.0,3.1,1,66,0,0,0,0,3,1
CF,YLA,-22.786992,-43.167728,0,CXI,92.6,5.4,101.0,4.9,2,1740,0,0,0,0,0,1
CF,PCX,-22.715394,-42.857422,0,PCX,0.0,0.0,98.0,17.7,2,7000,0,0,0,0,0,1
HM,PCX,-22.715394,-42.857422,2, ,0.0,0.0,98.0,04.3,2,7000,0,0,0,0,0,0,0

APPTR,R10-Y,10,ALMOS
IF,ALMOS,-22.718583,-43.480533, ,0.0,0.0,2,6300,0,1,190,0,1,0
TF,GL009,-22.815561,-43.451964,0, ,0.0,0.0,0.0,0.0,2,3700,0,1,190,0,0,0
TF,GAVUG,-22.849439,-43.441975,0, ,0.0,0.0,0.0,0.0,2,3500,0,1,190,0,1,0

APPTR,R10-Y,10,DONGI
IF,DONGI,-22.886000,-43.585833, ,0.0,0.0,2,6300,0,0,0,0,1,0
TF,GAVUG,-22.849439,-43.441975,0, ,0.0,0.0,0.0,0.0,2,3500,0,1,190,0,1,0

FINAL,R10-Y,10,R,5
IF,GAVUG,-22.849439,-43.441975, ,0.0,0.0,2,3500,0,1,190,0,0,0
TF,GL008,-22.840578,-43.407178,0, ,0.0,0.0,97.0,2.0,2,2860,0,0,0,0,0,0
TF,GL167,-22.824000,-43.342167,0, ,0.0,0.0,97.0,3.7,2,1660,0,0,0,0,2,0
TF,GL011,-22.810714,-43.289958,0, ,0.0,0.0,97.0,3.0,2,560,0,0,0,0,0,0
TF,RW10,-22.801850,-43.255172,0, ,0.0,0.0,97.0,2.0,1,66,0,0,0,0,3,1
VA,0,97.0,2,2000,0,0,0,0,0,0
DF,PCX,-22.715394,-42.857422,0, ,0.0,0.0,2,7000,0,0,0,0,0,0
HM,PCX,-22.715394,-42.857422,2, ,0.0,0.0,292.0,04.3,2,7000,0,0,0,0,0,0,0

APPTR,R15-Z,15,EGDUT
IF,EGDUT,-22.774167,-43.559500, ,0.0,0.0,2,6300,0,0,0,0,1,0
TF,RJ001,-22.742694,-43.479822,0, ,0.0,0.0,0.0,0.0,2,4700,0,0,0,0,0,0
TF,EGBAT,-22.715167,-43.410333,0, ,0.0,0.0,0.0,0.0,2,3000,0,0,0,0,1,0

APPTR,R15-Z,15,UTBOM
IF,UTBOM,-22.642167,-43.520333, ,0.0,0.0,2,6300,0,0,0,0,1,0
TF,DOOPK,-22.668406,-43.480711,0, ,0.0,0.0,0.0,0.0,2,5000,0,0,0,0,0,0
TF,EGBAT,-22.715167,-43.410333,0, ,0.0,0.0,0.0,0.0,2,3000,0,0,0,0,1,0

FINAL,R15-Z,15,R,4
IF,EGBAT,-22.715167,-43.410333, ,0.0,0.0,2,3000,0,0,0,0,0,0
TF,GL022,-22.754092,-43.351764,0, ,0.0,0.0,149.0,4.0,2,2000,0,0,0,0,2,0
TF,GL023,-22.792703,-43.293497,0, ,0.0,0.0,149.0,4.0,2,730,0,0,0,0,0,0
TF,GL028,-22.803394,-43.277350,0, ,0.0,0.0,149.0,1.1,1,388,0,0,0,0,3,1
CF,UTKUP,-22.821333,-43.115667,0,CXI,114.9,8.0,120.0,9.0,0,0,0,1,185,0,0,0
TF,GL079,-22.825389,-42.971403,0, ,0.0,0.0,0.0,0.0,0,0,0,1,185,0,0,0
TF,SISER,-22.828833,-42.845167,0, ,0.0,0.0,0.0,0.0,2,4000,0,0,0,0,0,1
HM,SISER,-22.828833,-42.845167,1, ,0.0,0.0,295.0,04.3,2,4000,0,0,0,0,0,0,0

APPTR,R28-Y,28,KETUX
IF,KETUX,-22.722333,-42.947667, ,0.0,0.0,2,5000,0,0,0,0,1,0
TF,LIXUG,-22.747667,-43.043667,0, ,0.0,0.0,0.0,0.0,2,3200,0,0,0,0,1,0

APPTR,R28-Y,28,SEDBU
IF,SEDBU,-22.659003,-43.070142, ,0.0,0.0,2,5000,0,0,0,0,1,0
TF,LIXUG,-22.747667,-43.043667,0, ,0.0,0.0,0.0,0.0,2,3200,0,0,0,0,1,0

FINAL,R28-Y,28,R,5
IF,LIXUG,-22.747667,-43.043667, ,0.0,0.0,2,3200,0,0,0,0,0,0
TF,GL081,-22.761500,-43.097550,0, ,0.0,0.0,277.0,3.1,2,2000,0,0,0,0,0,0
TF,GL142,-22.769967,-43.130575,0, ,0.0,0.0,277.0,1.9,2,1670,0,0,0,0,2,0
TF,GL083,-22.783328,-43.182728,0, ,0.0,0.0,277.0,3.0,2,715,0,0,0,0,0,0
TF,RW28,-22.792178,-43.217639,0, ,0.0,0.0,277.0,2.0,1,78,0,0,0,0,3,1
CF,ENSAR,-22.859500,-43.481333,0,CXI,281.3,12.5,277.0,15.2,2,4100,0,1,220,0,0,1
DF,IVTAL,-22.706128,-43.269439,2, ,0.0,0.0,2,6000,0,1,220,0,0,1
HM,IVTAL,-22.706128,-43.269439,2, ,0.0,0.0,98.0,04.3,2,6000,0,0,0,0,0,0,0

APPTR,R33-W,33,VURUK
IF,VURUK,-22.760825,-43.069839, ,0.0,0.0,2,4200,0,0,0,0,1,0
TF,GL018,-22.871106,-43.097256,0, ,0.0,0.0,0.0,0.0,2,2000,0,0,0,0,1,0

FINAL,R33-W,33,R,5
IF,GL018,-22.871106,-43.097256, ,0.0,0.0,2,2000,0,0,0,0,0,0
TF,GL020,-22.866317,-43.151150,0, ,0.0,0.0,298.0,3.0,2,1300,0,0,0,0,0,0
TF,GL019,-22.863117,-43.187078,0, ,0.0,0.0,298.0,2.0,2,1180,0,0,0,0,2,0
TF,GL025,-22.848547,-43.209111,0, ,0.0,0.0,328.0,1.5,2,700,0,0,0,0,0,0
TF,RW33,-22.829114,-43.238492,0, ,0.0,0.0,328.0,2.0,1,62,0,0,0,0,3,1
CA,0,328.0,2,1000,0,0,0,0,0,0
CF,MOTPU,-22.808167,-43.476333,0,CXI,295.5,12.0,295.0,12.0,0,0,0,0,0,0,0,1
DF,IVTAL,-22.706128,-43.269439,2, ,0.0,0.0,2,6000,0,0,0,0,0,0
HM,IVTAL,-22.706128,-43.269439,2, ,0.0,0.0,98.0,04.3,2,6000,0,0,0,0,0,0,0

APPTR,R33-X,33,VURUK
IF,VURUK,-22.760825,-43.069839, ,0.0,0.0,2,4000,0,0,0,0,1,0
TF,GL018,-22.871106,-43.097256,0, ,0.0,0.0,0.0,0.0,2,2000,0,0,0,0,1,0

FINAL,R33-X,33,R,5
IF,GL018,-22.871106,-43.097256, ,0.0,0.0,2,2000,0,0,0,0,0,0
TF,GL020,-22.866317,-43.151150,0, ,0.0,0.0,298.0,3.0,1,1480,0,0,0,0,0,0
TF,GL019,-22.863117,-43.187078,0, ,0.0,0.0,298.0,2.0,1,1180,0,0,0,0,2,0
TF,GL025,-22.848547,-43.209111,0, ,0.0,0.0,328.0,1.5,1,698,0,0,0,0,0,0
TF,RW33,-22.829114,-43.238492,0, ,0.0,0.0,328.0,2.0,1,61,0,0,0,0,3,1
CA,0,328.0,2,1000,0,1,200,0,0,0
CF,MOTPU,-22.808167,-43.476333,0,CXI,294.5,12.0,295.0,12.0,0,0,0,1,200,0,0,1
DF,IVTAL,-22.706128,-43.269439,2, ,0.0,0.0,2,6000,0,1,200,0,0,1
HM,IVTAL,-22.706128,-43.269439,2, ,0.0,0.0,98.0,04.3,2,6000,0,1,200,0,0,0,0

APPTR,R33-Y,33,OPSID
IF,OPSID,-22.864500,-43.040167, ,0.0,0.0,2,5000,0,0,0,0,1,0
TF,VULRI,-22.926167,-43.091500,0, ,0.0,0.0,0.0,0.0,2,3200,0,0,0,0,1,0

FINAL,R33-Y,33,R,4
IF,VULRI,-22.926167,-43.091500, ,0.0,0.0,2,3200,0,0,0,0,0,0
TF,GL153,-22.877681,-43.165036,0, ,0.0,0.0,328.0,5.0,2,1660,0,0,0,0,2,0
TF,GL025,-22.848547,-43.209111,0, ,0.0,0.0,328.0,3.0,2,698,0,0,0,0,0,0
TF,RW33,-22.829114,-43.238492,0, ,0.0,0.0,328.0,2.0,1,62,0,0,0,0,3,1
VA,0,328.0,2,1000,0,0,0,0,0,0
DF,ENSAR,-22.859500,-43.481333,0, ,0.0,0.0,2,4100,0,0,0,0,0,1
DF,IVTAL,-22.706128,-43.269439,2, ,0.0,0.0,2,6000,0,0,0,0,0,1
HM,IVTAL,-22.706128,-43.269439,2, ,0.0,0.0,98.0,04.3,2,6000,0,0,0,0,0,0,0

