SID,ASTO1A,02,5
CF,GP367,-21.500444,-48.409889,0,RPR,260.1,41.7,20.0,15.0,0,0,0,0,0,0,0,0
TF,ASTOB,-20.680000,-48.823167,0, ,0.0,0.0,0.0,0.0,0,0,0,0,0,0,0,0

SID,ENTE1A,02,5
CF,GP367,-21.500444,-48.409889,0,RPR,260.1,41.7,20.0,15.0,0,0,0,0,0,0,0,0
TF,ENTEV,-21.473178,-48.574475,0, ,0.0,0.0,0.0,0.0,0,0,0,0,0,0,0,0

SID,ENTE1A,ANSOK,6
IF,ENTEV,-21.473178,-48.574475, ,0.0,0.0,0,0,0,0,0,0,0,0
TF,FOSSE,-21.702000,-48.719667,0, ,0.0,0.0,0.0,0.0,0,0,0,0,0,0,0,0
TF,NENON,-21.834450,-48.803606,0, ,0.0,0.0,0.0,0.0,0,0,0,0,0,0,0,0
TF,EDVUL,-22.129444,-48.991828,0, ,0.0,0.0,0.0,0.0,0,0,0,0,0,0,0,0
TF,ANSOK,-22.393853,-49.161328,0, ,0.0,0.0,0.0,0.0,0,0,0,0,0,0,0,0

SID,ENTE1A,EDVUL,6
IF,ENTEV,-21.473178,-48.574475, ,0.0,0.0,0,0,0,0,0,0,0,0
TF,FOSSE,-21.702000,-48.719667,0, ,0.0,0.0,0.0,0.0,0,0,0,0,0,0,0,0
TF,NENON,-21.834450,-48.803606,0, ,0.0,0.0,0.0,0.0,0,0,0,0,0,0,0,0
TF,EDVUL,-22.129444,-48.991828,0, ,0.0,0.0,0.0,0.0,0,0,0,0,0,0,0,0

SID,ENTE1A,JRP,6
IF,ENTEV,-21.473178,-48.574475, ,0.0,0.0,0,0,0,0,0,0,0,0
TF,JRP,-20.813167,-49.406167,0, ,0.0,0.0,0.0,0.0,0,0,0,0,0,0,0,0

SID,ENTE1A,PIR,6
IF,ENTEV,-21.473178,-48.574475, ,0.0,0.0,0,0,0,0,0,0,0,0
TF,FOSSE,-21.702000,-48.719667,0, ,0.0,0.0,0.0,0.0,0,0,0,0,0,0,0,0
TF,PIR,-21.984561,-47.344503,1, ,0.0,0.0,0.0,0.0,0,0,0,0,0,0,0,0

SID,NENO1A,20,5
CF,GP361,-22.029250,-48.400417,0,RPR,234.5,63.6,200.0,15.0,0,0,0,0,0,0,0,0
TF,NENON,-21.834450,-48.803606,2, ,0.0,0.0,0.0,0.0,0,0,0,0,0,0,0,0

SID,NENO1A,ANSOK,6
IF,NENON,-21.834450,-48.803606, ,0.0,0.0,0,0,0,0,0,0,0,0
TF,EDVUL,-22.129444,-48.991828,0, ,0.0,0.0,0.0,0.0,0,0,0,0,0,0,0,0
TF,ANSOK,-22.393853,-49.161328,0, ,0.0,0.0,0.0,0.0,0,0,0,0,0,0,0,0

SID,NENO1A,ASTOB,6
IF,NENON,-21.834450,-48.803606, ,0.0,0.0,0,0,0,0,0,0,0,0
TF,ASTOB,-20.680000,-48.823167,0, ,0.0,0.0,0.0,0.0,0,0,0,0,0,0,0,0

SID,NENO1A,EDVUL,6
IF,NENON,-21.834450,-48.803606, ,0.0,0.0,0,0,0,0,0,0,0,0
TF,EDVUL,-22.129444,-48.991828,0, ,0.0,0.0,0.0,0.0,0,0,0,0,0,0,0,0

SID,NENO1A,JRP,6
IF,NENON,-21.834450,-48.803606, ,0.0,0.0,0,0,0,0,0,0,0,0
TF,JRP,-20.813167,-49.406167,0, ,0.0,0.0,0.0,0.0,0,0,0,0,0,0,0,0

SID,NENO1A,PIR,6
IF,NENON,-21.834450,-48.803606, ,0.0,0.0,0,0,0,0,0,0,0,0
TF,FOSSE,-21.702000,-48.719667,0, ,0.0,0.0,0.0,0.0,0,0,0,0,0,0,0,0
TF,PIR,-21.984561,-47.344503,0, ,0.0,0.0,0.0,0.0,0,0,0,0,0,0,0,0

SID,NENO1A,RPR,6
IF,NENON,-21.834450,-48.803606, ,0.0,0.0,0,0,0,0,0,0,0,0
TF,FOSSE,-21.702000,-48.719667,0, ,0.0,0.0,0.0,0.0,0,0,0,0,0,0,0,0
TF,RPR,-21.142778,-47.770278,0, ,0.0,0.0,0.0,0.0,0,0,0,0,0,0,0,0

SID,RPR1A,02,5
CF,GP367,-21.500444,-48.409889,0,RPR,260.1,41.7,20.0,15.0,0,0,0,0,0,0,0,0
TF,RPR,-21.142778,-47.770278,0, ,0.0,0.0,0.0,0.0,0,0,0,0,0,0,0,0

APPTR,I20-Y,20,GP367
IF,GP367,-21.500444,-48.409889, ,0.0,0.0,2,6000,0,0,0,0,1,0
TF,GP369,-21.584083,-48.408389,0,GPX,0.0,0.0,0.0,0.0,2,5000,0,0,0,0,1,0

APPTR,I20-Y,20,GP368
IF,GP368,-21.556778,-48.492889, ,0.0,0.0,2,6000,0,0,0,0,1,0
TF,GP369,-21.584083,-48.408389,0,GPX,0.0,0.0,0.0,0.0,2,5000,0,0,0,0,1,0

FINAL,I20-Y,20,I,3
IF,GP369,-21.584083,-48.408389,GPX,20.0,13.1,2,5000,0,0,0,0,0,0
CF,GP046,-21.673722,-48.406786,0,GPX,20.0,7.7,200.0,5.4,1,5000,0,0,0,0,2,0
CF,RW20,-21.751311,-48.405397,0,GPX,20.1,3.1,200.0,4.6,1,2285,0,0,0,0,3,1
CF,GP361,-22.029250,-48.400417,0,RPR,234.5,63.6,200.0,16.6,2,4000,0,0,0,0,0,1
HM,GP361,-22.029250,-48.400417,2, ,0.0,0.0,200.0,04.3,2,4000,0,0,0,0,0,0,0

APPTR,R02,02,GP361
IF,GP361,-22.029250,-48.400417, ,0.0,0.0,2,4500,0,0,0,0,1,0
TF,GP363,-21.945639,-48.401917,0, ,0.0,0.0,0.0,0.0,2,3700,0,0,0,0,0,0

APPTR,R02,02,GP362
IF,GP362,-21.972889,-48.317167, ,0.0,0.0,2,4500,0,0,0,0,1,0
TF,GP363,-21.945639,-48.401917,0, ,0.0,0.0,0.0,0.0,2,3700,0,0,0,0,0,0

APPTR,R02,02,GP364
IF,GP364,-21.975528,-48.485639, ,0.0,0.0,2,4500,0,0,0,0,1,0
TF,GP363,-21.945639,-48.401917,0, ,0.0,0.0,0.0,0.0,2,3700,0,0,0,0,0,0

FINAL,R02,02,R,3
IF,GP363,-21.945639,-48.401917, ,0.0,0.0,2,3700,0,0,0,0,0,0
TF,GP366,-21.862028,-48.403417,0, ,0.0,0.0,20.0,5.0,2,3620,0,0,0,0,2,0
TF,RW02,-21.778400,-48.404911,0, ,0.0,0.0,20.0,5.0,1,2026,0,0,0,0,3,1
DF,GP367,-21.500444,-48.409889,0, ,0.0,0.0,2,4000,0,0,0,0,0,1
HM,GP367,-21.500444,-48.409889,2, ,0.0,0.0,20.0,04.3,0,0,0,0,0,0,0,0,0

APPTR,R20,20,GP367
IF,GP367,-21.500444,-48.409889, ,0.0,0.0,2,4000,0,0,0,0,1,0
TF,GP369,-21.584083,-48.408389,0, ,0.0,0.0,0.0,0.0,2,3700,0,0,0,0,1,0

APPTR,R20,20,GP368
IF,GP368,-21.556778,-48.492889, ,0.0,0.0,2,4000,0,0,0,0,1,0
TF,GP369,-21.584083,-48.408389,0, ,0.0,0.0,0.0,0.0,2,3700,0,0,0,0,1,0

APPTR,R20,20,GP369
HF,GP369,-21.584083,-48.408389,2, ,0.0,0.0,200.0,04.3,2,3700,0,0,0,0,1,0,0

FINAL,R20,20,R,3
IF,GP369,-21.584083,-48.408389, ,0.0,0.0,2,3700,0,0,0,0,0,0
TF,GP372,-21.667694,-48.406889,0, ,0.0,0.0,200.0,5.0,2,3640,0,0,0,0,2,0
TF,RW20,-21.751311,-48.405397,0, ,0.0,0.0,200.0,5.0,1,2047,0,0,0,0,3,1
TF,GP361,-22.029250,-48.400417,0, ,0.0,0.0,0.0,0.0,2,4000,0,0,0,0,0,1
HM,GP361,-22.029250,-48.400417,2, ,0.0,0.0,200.0,04.3,2,4000,0,0,0,0,0,0,0

APPTR,R20-X,20,GP014
IF,GP014,-21.957128,-48.316961, ,0.0,0.0,2,10000,0,0,0,0,1,0
TF,GP016,-21.873506,-48.316106,0, ,0.0,0.0,0.0,0.0,0,0,0,0,0,0,0,0
RF,GP018,-21.746650,-48.449272,1,GP017,320.2,7.5,0,0,0,0,0,0,0,0
RF,GP021,-21.682886,-48.564831,2,GP019,24.9,7.5,0,0,0,0,0,0,0,0
RF,GP023,-21.586328,-48.555056,2,GP022,84.1,5.1,0,0,0,0,0,0,0,0
RF,GP026,-21.558189,-48.491475,2,GP024,379.6,4.8,2,5000,0,0,0,0,0,0

FINAL,R20-X,20,R,4
IF,GP026,-21.558189,-48.491475, ,0.0,0.0,2,5000,0,0,0,0,0,0
RF,GP028,-21.634247,-48.407494,2,GP027,198.6,4.6,2,4000,0,0,0,0,0,0
TF,GP007,-21.667694,-48.406897,0, ,0.0,0.0,200.0,2.0,2,3640,0,1,165,0,2,0
TF,RW20,-21.751311,-48.405397,0, ,0.0,0.0,200.0,5.0,1,2047,0,0,0,0,3,1
TF,GP029,-21.871217,-48.403244,0, ,0.0,0.0,0.0,0.0,2,3000,0,0,0,0,0,0
HM,GP029,-21.871217,-48.403244,2, ,0.0,0.0,200.0,04.3,2,3000,0,0,0,0,0,0,0

APPTR,R20-Y,20,GP001
IF,GP001,-21.996375,-48.289114, ,0.0,0.0,2,10000,0,0,0,0,1,0
TF,GP002,-21.912747,-48.288961,0, ,0.0,0.0,0.0,0.0,0,0,0,0,0,0,0,0
RF,GP004,-21.823878,-48.332467,1,GP003,330.6,7.0,0,0,0,1,180,0,0,0
TF,GP012,-21.701256,-48.483917,0, ,0.0,0.0,0.0,0.0,2,5000,0,1,180,0,1,0

FINAL,R20-Y,20,R,3
IF,GP012,-21.701256,-48.483917, ,0.0,0.0,2,5000,0,1,180,0,0,0
RF,GP007,-21.667694,-48.406897,2,GP006,198.6,2.6,2,3640,0,1,165,0,2,0
TF,RW20,-21.751311,-48.405397,0, ,0.0,0.0,200.0,5.0,1,2047,0,0,0,0,3,1
TF,GP008,-21.865694,-48.403344,0, ,0.0,0.0,0.0,0.0,0,0,0,0,0,0,0,0
RF,GP013,-21.933608,-48.478842,2,GP009,292.6,4.0,0,0,0,0,0,0,0,0
TF,GP011,-21.930014,-48.550444,0, ,0.0,0.0,0.0,0.0,2,4700,0,0,0,0,0,0
HM,GP011,-21.930014,-48.550444,2, ,0.0,0.0,294.0,04.3,2,4700,0,0,0,0,0,0,0

APPTR,R20-Z,20,GP031
IF,GP031,-21.295472,-48.524108, ,0.0,0.0,2,11000,0,0,0,0,1,0
TF,GP032,-21.404856,-48.599031,0, ,0.0,0.0,0.0,0.0,0,0,0,1,250,0,1,0

FINAL,R20-Z,20,R,6
IF,GP032,-21.404856,-48.599031, ,0.0,0.0,0,0,0,1,250,0,0,0
RF,GP034,-21.496819,-48.600628,1,GP033,168.9,5.2,0,0,0,0,0,0,0,0
TF,GP036,-21.554261,-48.563964,0, ,0.0,0.0,170.0,4.0,0,0,0,0,0,0,0,0
RF,GP038,-21.593333,-48.489022,1,GP037,153.8,4.8,2,5000,0,0,0,0,0,0
RF,GP007,-21.667694,-48.406897,2,GP039,198.6,4.5,2,3640,0,1,165,0,2,0
TF,RW20,-21.751311,-48.405397,0, ,0.0,0.0,200.0,5.0,1,2047,0,0,0,0,3,1
TF,GP042,-21.796461,-48.404586,0, ,0.0,0.0,0.0,0.0,0,0,0,0,0,0,0,0
RF,GP043,-21.798833,-48.560819,2,GP041,378.7,4.4,0,0,0,0,0,0,0,0
TF,GP044,-21.715214,-48.562231,0, ,0.0,0.0,0.0,0.0,2,4700,0,0,0,0,0,0
HM,GP044,-21.715214,-48.562231,1, ,0.0,0.0,20.0,04.3,2,4700,0,0,0,0,0,0,0

