SID,ESOR1A,02,5
CA,0,21.0,2,2500,0,1,180,0,0,0
DF,GW002,-22.888417,-45.071053,2, ,0.0,0.0,3,6000,0,0,0,0,0,0
TF,VUDPI,-23.062997,-44.819400,0, ,0.0,0.0,0.0,0.0,0,0,0,0,0,0,0,0
TF,ESORU,-23.030825,-44.676514,0, ,0.0,0.0,0.0,0.0,0,0,0,0,0,0,0,0

SID,GGT2B,02,2
CA,0,21.0,2,2500,0,1,180,0,0,0
DF,GGT,-22.787975,-45.215286,2, ,0.0,0.0,0,0,0,1,180,0,0,1

SID,GGT2B,ESORU,3
IF,GGT,-22.787975,-45.215286, ,0.0,0.0,0,0,0,1,180,0,0,0
TF,VUDPI,-23.062997,-44.819400,0, ,0.0,0.0,0.0,0.0,0,0,0,0,0,0,0,0
TF,ESORU,-23.030825,-44.676514,0, ,0.0,0.0,0.0,0.0,0,0,0,0,0,0,0,0

SID,GGT2B,IMDAB,3
IF,GGT,-22.787975,-45.215286, ,0.0,0.0,0,0,0,1,180,0,0,0
TF,VUDPI,-23.062997,-44.819400,0, ,0.0,0.0,0.0,0.0,0,0,0,0,0,0,0,0
TF,IMDAB,-23.197333,-44.624833,0, ,0.0,0.0,0.0,0.0,0,0,0,0,0,0,0,0

SID,GGT2B,SCP,3
IF,GGT,-22.787975,-45.215286, ,0.0,0.0,0,0,0,1,180,0,0,0
TF,GW001,-22.888031,-45.359953,0, ,0.0,0.0,0.0,0.0,3,6000,0,0,0,0,0,0
TF,SCP,-23.233167,-45.860000,0, ,0.0,0.0,0.0,0.0,0,0,0,0,0,0,0,0

SID,IMDA1A,02,5
CA,0,21.0,2,2500,0,1,180,0,0,0
DF,GW002,-22.888417,-45.071053,2, ,0.0,0.0,3,6000,0,0,0,0,0,0
TF,VUDPI,-23.062997,-44.819400,0, ,0.0,0.0,0.0,0.0,0,0,0,0,0,0,0,0
TF,IMDAB,-23.197333,-44.624833,0, ,0.0,0.0,0.0,0.0,0,0,0,0,0,0,0,0

SID,SCP1A,20,5
CA,0,201.0,2,2170,0,0,0,0,0,0
CA,0,186.0,2,3500,0,1,200,0,0,0
DF,GW023,-22.787975,-45.215286,1, ,0.0,0.0,0,0,0,0,0,0,0,1
TF,GW001,-22.888031,-45.359953,0, ,0.0,0.0,0.0,0.0,3,6000,0,0,0,0,0,0
TF,SCP,-23.233167,-45.860000,0, ,0.0,0.0,0.0,0.0,0,0,0,0,0,0,0,0

SID,SCP1B,02,5
CA,0,21.0,2,2500,0,1,180,0,0,0
DF,GW001,-22.888031,-45.359953,1, ,0.0,0.0,3,6000,0,0,0,0,0,0
TF,SCP,-23.233167,-45.860000,0, ,0.0,0.0,0.0,0.0,0,0,0,0,0,0,0,0

SID,SCP1C,20,2
CA,0,201.0,2,2170,0,1,190,0,0,0
CA,0,186.0,2,3500,0,1,190,0,0,0
DF,GGT,-22.787975,-45.215286,1, ,0.0,0.0,0,0,0,0,0,0,0,1
TF,GW001,-22.888031,-45.359953,0, ,0.0,0.0,0.0,0.0,3,6000,0,0,0,0,0,0
TF,SCP,-23.233167,-45.860000,0, ,0.0,0.0,0.0,0.0,0,0,0,0,0,0,0,0

SID,VUDP1A,20,4
CA,0,201.0,2,2170,0,0,0,0,0,0
CA,0,186.0,2,3500,0,1,200,0,0,0
DF,GW002,-22.888417,-45.071053,0, ,0.0,0.0,3,6000,0,0,0,0,0,0
TF,VUDPI,-23.062997,-44.819400,0, ,0.0,0.0,0.0,0.0,0,0,0,0,0,0,0,0

SID,VUDP1A,ESORU,6
IF,VUDPI,-23.062997,-44.819400, ,0.0,0.0,0,0,0,0,0,0,0,0
TF,ESORU,-23.030825,-44.676514,0, ,0.0,0.0,0.0,0.0,0,0,0,0,0,0,0,0

SID,VUDP1A,IMDAB,6
IF,VUDPI,-23.062997,-44.819400, ,0.0,0.0,0,0,0,0,0,0,0,0
TF,IMDAB,-23.197333,-44.624833,0, ,0.0,0.0,0.0,0.0,0,0,0,0,0,0,0,0

SID,VUDP1B,20,2
CA,0,201.0,2,2170,0,0,0,0,0,0
CA,0,186.0,2,3500,0,1,190,0,0,0
VI,0, ,0.0,115.0,0,0,0,0,0,0,0,0
CF,GW002,-22.888417,-45.071053,0,SCP,85.9,48.3,149.0,2.0,0,0,0,0,0,0,0,0
TF,VUDPI,-23.062997,-44.819400,0, ,0.0,0.0,0.0,0.0,0,0,0,0,0,0,0,0

SID,VUDP1B,ESORU,3
IF,VUDPI,-23.062997,-44.819400, ,0.0,0.0,0,0,0,0,0,0,0,0
TF,ESORU,-23.030825,-44.676514,0, ,0.0,0.0,0.0,0.0,0,0,0,0,0,0,0,0

APPTR,N02-A,02,GGT
IF,GGT,-22.787975,-45.215286,GGT,0.0,0.0,2,7000,0,1,170,0,1,0
FC,GGT,-22.787975,-45.215286,0,GGT,0.0,0.0,241.0,8.5,2,4600,0,1,170,0,0,1
CF,FF077,-22.869458,-45.340944,2,GGT,257.0,8.5,77.0,1.0,2,4600,0,1,170,0,0,0

FINAL,N02-A,02,N,2
IF,FF077,-22.869458,-45.340944,GGT,0.0,0.0,2,4600,0,1,170,0,2,0
CF,GGT,-22.787975,-45.215286,0,GGT,0.0,0.0,77.0,8.5,1,3100,0,1,170,0,3,1
CA,0,77.0,2,4000,0,1,170,0,0,0
DF,GGT,-22.787975,-45.215286,1, ,0.0,0.0,2,7000,0,1,170,0,0,1
HM,GGT,-22.787975,-45.215286,1, ,0.0,0.0,257.0,04.3,0,0,0,1,170,0,0,0,0

APPTR,N02-B,02,GGT
IF,GGT,-22.787975,-45.215286,GGT,0.0,0.0,2,7000,0,1,170,0,1,0
FC,GGT,-22.787975,-45.215286,0,GGT,0.0,0.0,241.0,8.5,2,4600,0,1,170,0,0,1
CF,FF077,-22.869458,-45.340944,2,GGT,257.0,8.5,77.0,1.0,2,4600,0,1,170,0,0,0

FINAL,N02-B,02,N,2
IF,FF077,-22.869458,-45.340944,GGT,0.0,0.0,2,4600,0,1,170,0,2,0
CF,GGT,-22.787975,-45.215286,0,GGT,0.0,0.0,77.0,8.5,1,3020,0,1,170,0,3,1
CA,0,77.0,2,4000,0,1,170,0,0,0
DF,GGT,-22.787975,-45.215286,1, ,0.0,0.0,2,7000,0,1,170,0,0,1
HM,GGT,-22.787975,-45.215286,1, ,0.0,0.0,257.0,04.3,0,0,0,1,170,0,0,0,0

APPTR,N20-A,20,GGT
IF,GGT,-22.787975,-45.215286,GGT,0.0,0.0,2,7000,0,1,170,0,1,0
FC,GGT,-22.787975,-45.215286,0,GGT,0.0,0.0,241.0,8.5,2,4600,0,1,170,0,0,1
CF,FF077,-22.869458,-45.340944,2,GGT,257.0,8.5,77.0,1.0,2,4600,0,1,170,0,0,0

FINAL,N20-A,20,N,2
IF,FF077,-22.869458,-45.340944,GGT,0.0,0.0,2,4600,0,1,170,0,2,0
CF,GGT,-22.787975,-45.215286,0,GGT,0.0,0.0,77.0,8.5,1,3100,0,1,170,0,3,1
CA,0,77.0,2,4000,0,1,170,0,0,0
DF,GGT,-22.787975,-45.215286,1, ,0.0,0.0,2,7000,0,1,170,0,0,1
HM,GGT,-22.787975,-45.215286,1, ,0.0,0.0,257.0,04.3,0,0,0,1,170,0,0,0,0

APPTR,N20-B,20,GGT
IF,GGT,-22.787975,-45.215286,GGT,0.0,0.0,2,7000,0,1,170,0,1,0
FC,GGT,-22.787975,-45.215286,0,GGT,0.0,0.0,241.0,8.5,2,4600,0,1,170,0,0,1
CF,FF077,-22.869458,-45.340944,2,GGT,257.0,8.5,77.0,1.0,2,4600,0,1,170,0,0,0

FINAL,N20-B,20,N,2
IF,FF077,-22.869458,-45.340944,GGT,0.0,0.0,2,4600,0,1,170,0,2,0
CF,GGT,-22.787975,-45.215286,0,GGT,0.0,0.0,77.0,8.5,1,3020,0,1,170,0,3,1
CA,0,77.0,2,4000,0,1,170,0,0,0
DF,GGT,-22.787975,-45.215286,1, ,0.0,0.0,2,7000,0,1,170,0,0,1
HM,GGT,-22.787975,-45.215286,1, ,0.0,0.0,257.0,04.3,0,0,0,1,170,0,0,0,0

APPTR,R02-A,02,GW017
IF,GW017,-22.693447,-44.993750, ,0.0,0.0,2,7000,0,1,200,0,1,0
TF,GW018,-22.646481,-45.068486,0, ,0.0,0.0,0.0,0.0,2,4700,0,1,200,0,1,0

FINAL,R02-A,02,R,3
IF,GW018,-22.646481,-45.068486, ,0.0,0.0,2,4700,0,1,200,0,0,0
TF,GW019,-22.688328,-45.146494,0, ,0.0,0.0,262.0,5.0,2,3260,0,1,140,0,2,0
TF,GW021,-22.726147,-45.182028,0, ,0.0,0.0,243.0,3.0,1,2400,0,1,140,0,3,1
VA,0,243.0,2,3400,0,1,180,0,0,0
DF,GW017,-22.693447,-44.993750,1, ,0.0,0.0,2,7000,0,0,0,0,0,0
HM,GW017,-22.693447,-44.993750,1, ,0.0,0.0,71.0,04.3,2,7000,0,0,0,0,0,0,0

APPTR,R02-B,02,GW017
IF,GW017,-22.693447,-44.993750, ,0.0,0.0,2,7000,0,1,200,0,1,0
TF,GW018,-22.646481,-45.068486,0, ,0.0,0.0,0.0,0.0,2,4700,0,0,0,0,1,0

FINAL,R02-B,02,R,4
IF,GW018,-22.646481,-45.068486, ,0.0,0.0,2,4700,0,0,0,0,0,0
TF,GW019,-22.688328,-45.146494,0, ,0.0,0.0,262.0,5.0,2,3890,0,1,140,0,2,0
TF,GW021,-22.726147,-45.182028,0, ,0.0,0.0,243.0,3.0,2,2940,0,1,140,0,0,0
TF,GW022,-22.751136,-45.205522,0, ,0.0,0.0,243.0,2.0,1,2400,0,1,140,0,3,1
VA,0,247.0,2,3400,0,1,200,0,0,0
DF,GW017,-22.693447,-44.993750,1, ,0.0,0.0,2,7000,0,1,200,0,0,0
HM,GW017,-22.693447,-44.993750,1, ,0.0,0.0,71.0,04.3,2,7000,0,1,200,0,0,0,0

APPTR,R20-A,20,GW017
IF,GW017,-22.693447,-44.993750, ,0.0,0.0,2,7000,0,1,200,0,1,0
TF,GW018,-22.646481,-45.068486,0, ,0.0,0.0,0.0,0.0,2,4700,0,1,200,0,1,0

FINAL,R20-A,20,R,3
IF,GW018,-22.646481,-45.068486, ,0.0,0.0,2,4700,0,1,200,0,0,0
TF,GW019,-22.688328,-45.146494,0, ,0.0,0.0,262.0,5.0,2,3260,0,1,140,0,2,0
TF,GW021,-22.726147,-45.182028,0, ,0.0,0.0,243.0,3.0,1,2400,0,1,140,0,3,1
VA,0,243.0,2,3400,0,1,180,0,0,0
DF,GW017,-22.693447,-44.993750,1, ,0.0,0.0,2,7000,0,0,0,0,0,0
HM,GW017,-22.693447,-44.993750,1, ,0.0,0.0,71.0,04.3,2,7000,0,0,0,0,0,0,0

APPTR,R20-B,20,GW017
IF,GW017,-22.693447,-44.993750, ,0.0,0.0,2,7000,0,1,200,0,1,0
TF,GW018,-22.646481,-45.068486,0, ,0.0,0.0,0.0,0.0,2,4700,0,0,0,0,1,0

FINAL,R20-B,20,R,4
IF,GW018,-22.646481,-45.068486, ,0.0,0.0,2,4700,0,0,0,0,0,0
TF,GW019,-22.688328,-45.146494,0, ,0.0,0.0,262.0,5.0,2,3890,0,1,140,0,2,0
TF,GW021,-22.726147,-45.182028,0, ,0.0,0.0,243.0,3.0,2,2940,0,1,140,0,0,0
TF,GW022,-22.751136,-45.205522,0, ,0.0,0.0,243.0,2.0,1,2400,0,1,140,0,3,1
VA,0,247.0,2,3400,0,1,200,0,0,0
DF,GW017,-22.693447,-44.993750,1, ,0.0,0.0,2,7000,0,1,200,0,0,0
HM,GW017,-22.693447,-44.993750,1, ,0.0,0.0,71.0,04.3,2,7000,0,1,200,0,0,0,0

