SID,ADIX,14,1
VA,0,140.0,2,542,0,0,0,0,0,0
VI,0, ,0.0,70.0,0,0,0,0,0,0,0,0
IF,YTC,-3.119667,-58.481500, ,0.0,0.0,0,0,0,0,0,0,0,0
TF,ADIX,-3.037333,-58.032333,0, ,0.0,0.0,0.0,0.0,0,0,0,0,0,0,0,0

SID,ADIX,32,1
VA,0,320.0,2,542,0,0,0,0,0,0
VI,2, ,0.0,130.0,0,0,0,0,0,0,0,0
IF,YTC,-3.119667,-58.481500, ,0.0,0.0,0,0,0,0,0,0,0,0
TF,ADIX,-3.037333,-58.032333,0, ,0.0,0.0,0.0,0.0,0,0,0,0,0,0,0,0

SID,ADIX,REKER,3
IF,ADIX,-3.037333,-58.032333, ,0.0,0.0,0,0,0,0,0,0,0,0
TF,REKER,-2.828083,-56.932167,0, ,0.0,0.0,0.0,0.0,0,0,0,0,0,0,0,0

SID,ADIX,TEPIM,3
IF,ADIX,-3.037333,-58.032333, ,0.0,0.0,0,0,0,0,0,0,0,0
TF,39MAN,-2.774744,-57.819411,0, ,0.0,0.0,0.0,0.0,0,0,0,0,0,0,0,0
TF,TEPIM,-2.684519,-57.034164,0, ,0.0,0.0,0.0,0.0,0,0,0,0,0,0,0,0

SID,BITU,14,2
VA,0,140.0,2,542,0,0,0,0,0,0
VI,0, ,0.0,90.0,0,0,0,0,0,0,0,0
IF,YTC,-3.119667,-58.481500, ,0.0,0.0,0,0,0,0,0,0,0,0
TF,BITU,-3.231833,-58.157500,0, ,0.0,0.0,0.0,0.0,0,0,0,0,0,0,0,0
TF,ADIX,-3.037333,-58.032333,0, ,0.0,0.0,0.0,0.0,0,0,0,0,0,0,0,0

SID,BITU,REKER,3
IF,ADIX,-3.037333,-58.032333, ,0.0,0.0,0,0,0,0,0,0,0,0
TF,REKER,-2.828083,-56.932167,0, ,0.0,0.0,0.0,0.0,0,0,0,0,0,0,0,0

SID,BITU,TEPIM,3
IF,ADIX,-3.037333,-58.032333, ,0.0,0.0,0,0,0,0,0,0,0,0
TF,39MAN,-2.774744,-57.819411,0, ,0.0,0.0,0.0,0.0,0,0,0,0,0,0,0,0
TF,TEPIM,-2.684519,-57.034164,0, ,0.0,0.0,0.0,0.0,0,0,0,0,0,0,0,0

APPTR,N14,14,YTC
IF,YTC,-3.119667,-58.481500, ,0.0,0.0,2,2000,0,0,0,0,0,0
FC,YTC,-3.119667,-58.481500,0,YTC,0.0,0.0,326.0,7.0,0,0,0,0,0,0,0,1
CF,FF14,-3.096594,-58.550478,1,YTC,303.4,4.4,123.0,2.6,2,1500,0,0,0,0,0,0

FINAL,N14,14,N,2
IF,FF14,-3.096594,-58.550478,YTC,0.0,0.0,2,1500,0,0,0,0,2,0
CF,YTC,-3.119667,-58.481500,0,YTC,0.0,0.0,123.0,4.4,1,720,0,0,0,0,3,0
CA,0,123.0,2,2000,0,0,0,0,0,0

APPTR,N32,32,YTC
IF,YTC,-3.119667,-58.481500, ,0.0,0.0,2,2000,0,0,0,0,0,0
FC,YTC,-3.119667,-58.481500,0,YTC,0.0,0.0,173.0,8.2,0,0,0,0,0,0,0,1
CF,FF32,-3.178892,-58.427536,1,YTC,152.5,4.8,333.0,3.4,2,1500,0,0,0,0,0,0

FINAL,N32,32,N,2
IF,FF32,-3.178892,-58.427536,YTC,0.0,0.0,2,1500,0,0,0,0,2,0
CF,YTC,-3.119667,-58.481500,0,YTC,0.0,0.0,333.0,4.8,1,720,0,0,0,0,3,0
CA,0,333.0,2,2000,0,0,0,0,0,0

