SID,JARI,08,1
CA,0,80.0,2,1200,0,0,0,0,0,0
IF,MDD,-0.883333,-52.603000, ,0.0,0.0,0,0,0,0,0,0,0,0
TF,JARI,-0.648667,-52.219167,0, ,0.0,0.0,0.0,0.0,0,0,0,0,0,0,0,0

SID,JARI,26,1
CA,0,260.0,2,1200,0,0,0,0,0,0
VI,2, ,0.0,106.0,0,0,0,0,0,0,0,0
IF,MDD,-0.883333,-52.603000, ,0.0,0.0,0,0,0,0,0,0,0,0
TF,JARI,-0.648667,-52.219167,0, ,0.0,0.0,0.0,0.0,0,0,0,0,0,0,0,0

SID,NAMA,08,1
CA,0,80.0,2,1200,0,0,0,0,0,0
IF,MDD,-0.883333,-52.603000, ,0.0,0.0,0,0,0,0,0,0,0,0
TF,NAMA,-0.937833,-52.157167,0, ,0.0,0.0,0.0,0.0,0,0,0,0,0,0,0,0

SID,NAMA,26,1
CA,0,260.0,2,1200,0,0,0,0,0,0
VI,1, ,0.0,84.0,0,0,0,0,0,0,0,0
IF,MDD,-0.883333,-52.603000, ,0.0,0.0,0,0,0,0,0,0,0,0
TF,NAMA,-0.937833,-52.157167,0, ,0.0,0.0,0.0,0.0,0,0,0,0,0,0,0,0

SID,RARU,26,2
CA,0,260.0,2,1200,0,0,0,0,0,0
IF,MDD,-0.883333,-52.603000, ,0.0,0.0,0,0,0,0,0,0,0,0
TF,RARU,-1.141000,-52.972333,0, ,0.0,0.0,0.0,0.0,0,0,0,0,0,0,0,0

