SID,ANZO,12,1
CA,0,116.0,2,1460,0,0,0,0,0,0
VI,0, ,0.0,33.0,0,0,0,0,0,0,0,0
IF,SAN,-28.277833,-54.171667, ,0.0,0.0,0,0,0,0,0,0,0,0
TF,ANZO,-28.063167,-53.882500,0, ,0.0,0.0,0.0,0.0,0,0,0,0,0,0,0,0

SID,ANZO,30,1
CA,0,296.0,2,1460,0,0,0,0,0,0
VI,2, ,0.0,93.0,0,0,0,0,0,0,0,0
IF,SAN,-28.277833,-54.171667, ,0.0,0.0,0,0,0,0,0,0,0,0
TF,ANZO,-28.063167,-53.882500,0, ,0.0,0.0,0.0,0.0,0,0,0,0,0,0,0,0

SID,ANZO,PFD,3
IF,ANZO,-28.063167,-53.882500, ,0.0,0.0,0,0,0,0,0,0,0,0
TF,PFD,-28.244925,-52.333714,0, ,0.0,0.0,0.0,0.0,0,0,0,0,0,0,0,0

SID,ANZO,XPC,3
IF,ANZO,-28.063167,-53.882500, ,0.0,0.0,0,0,0,0,0,0,0,0
TF,XPC,-27.135692,-52.662967,0, ,0.0,0.0,0.0,0.0,0,0,0,0,0,0,0,0

SID,ENLO1A,12,5
CA,0,116.0,2,2000,0,0,0,0,0,0
DF,ENLOR,-29.153403,-53.836786,0, ,0.0,0.0,0,0,0,0,0,0,0,0

SID,ENLO1B,30,5
CA,0,296.0,2,2000,0,0,0,0,0,0
DF,ENLOR,-29.153403,-53.836786,1, ,0.0,0.0,0,0,0,0,0,0,0,0

SID,JOIA,12,1
CA,0,116.0,2,1460,0,0,0,0,0,0
VI,2, ,0.0,211.0,0,0,0,0,0,0,0,0
IF,SAN,-28.277833,-54.171667, ,0.0,0.0,0,0,0,0,0,0,0,0
TF,JOIA,-28.672167,-54.073833,0, ,0.0,0.0,0.0,0.0,0,0,0,0,0,0,0,0

SID,JOIA,30,1
CA,0,296.0,2,1460,0,0,0,0,0,0
VI,1, ,0.0,151.0,0,0,0,0,0,0,0,0
IF,SAN,-28.277833,-54.171667, ,0.0,0.0,0,0,0,0,0,0,0,0
TF,JOIA,-28.672167,-54.073833,0, ,0.0,0.0,0.0,0.0,0,0,0,0,0,0,0,0

SID,JOIA,SMA,3
IF,JOIA,-28.672167,-54.073833, ,0.0,0.0,0,0,0,0,0,0,0,0
TF,SMA,-29.709761,-53.712744,0, ,0.0,0.0,0.0,0.0,0,0,0,0,0,0,0,0

SID,JOIA,URG,3
IF,JOIA,-28.672167,-54.073833, ,0.0,0.0,0,0,0,0,0,0,0,0
TF,URG,-29.786014,-57.036586,0, ,0.0,0.0,0.0,0.0,0,0,0,0,0,0,0,0

SID,KEXI1A,12,5
CA,0,116.0,2,2000,0,0,0,0,0,0
DF,KEXIB,-28.873711,-54.965797,2, ,0.0,0.0,0,0,0,0,0,0,0,0

SID,KEXI1B,30,5
CA,0,296.0,2,2000,0,0,0,0,0,0
DF,KEXIB,-28.873711,-54.965797,0, ,0.0,0.0,0,0,0,0,0,0,0,0

SID,KEXU1A,12,5
CA,0,116.0,2,2000,0,0,0,0,0,0
DF,KEXUP,-27.723228,-53.346819,0, ,0.0,0.0,0,0,0,0,0,0,0,0

SID,KEXU1B,30,5
CA,0,296.0,2,2000,0,0,0,0,0,0
DF,KEXUP,-27.723228,-53.346819,2, ,0.0,0.0,0,0,0,0,0,0,0,0

SID,MADK1A,12,5
CA,0,116.0,2,2000,0,0,0,0,0,0
DF,MADKI,-28.273000,-53.130700,0, ,0.0,0.0,0,0,0,0,0,0,0,0

SID,MADK1B,30,5
CA,0,296.0,2,2000,0,0,0,0,0,0
DF,MADKI,-28.273000,-53.130700,2, ,0.0,0.0,0,0,0,0,0,0,0,0

SID,MOXA1A,12,5
CA,0,116.0,2,2000,0,0,0,0,0,0
DF,NM009,-28.491450,-53.841736,0, ,0.0,0.0,0,0,0,0,0,0,0,0
TF,MOXAP,-28.702989,-53.243975,0, ,0.0,0.0,0.0,0.0,0,0,0,0,0,0,0,0

SID,MOXA1B,30,5
CA,0,296.0,2,2000,0,0,0,0,0,0
DF,NM009,-28.491450,-53.841736,1, ,0.0,0.0,0,0,0,1,250,0,0,0
TF,MOXAP,-28.702989,-53.243975,0, ,0.0,0.0,0.0,0.0,0,0,0,0,0,0,0,0

SID,NATO,12,1
CA,0,116.0,2,1460,0,0,0,0,0,0
VI,2, ,0.0,282.0,0,0,0,0,0,0,0,0
IF,SAN,-28.277833,-54.171667, ,0.0,0.0,0,0,0,0,0,0,0,0
TF,NATO,-28.452667,-54.493667,0, ,0.0,0.0,0.0,0.0,0,0,0,0,0,0,0,0

SID,NATO,30,1
CA,0,296.0,2,1460,0,0,0,0,0,0
CF,NATO,-28.452667,-54.493667,0,SMA,346.2,85.7,252.0,20.0,0,0,0,0,0,0,0,0

SID,NATO,ALL,2
IF,NATO,-28.452667,-54.493667, ,0.0,0.0,0,0,0,0,0,0,0,0
TF,URG,-29.786014,-57.036586,0, ,0.0,0.0,0.0,0.0,0,0,0,0,0,0,0,0

SID,TONA,12,1
CA,0,116.0,2,1460,0,0,0,0,0,0
CF,TONA,-28.272333,-53.794167,0,SMA,12.1,86.1,102.0,20.0,0,0,0,0,0,0,0,0

SID,TONA,30,1
CA,0,296.0,2,1460,0,0,0,0,0,0
VI,2, ,0.0,132.0,0,0,0,0,0,0,0,0
IF,SAN,-28.277833,-54.171667, ,0.0,0.0,0,0,0,0,0,0,0,0
TF,TONA,-28.272333,-53.794167,0, ,0.0,0.0,0.0,0.0,0,0,0,0,0,0,0,0

SID,TONA,PFD,3
IF,TONA,-28.272333,-53.794167, ,0.0,0.0,0,0,0,0,0,0,0,0
TF,PFD,-28.244925,-52.333714,0, ,0.0,0.0,0.0,0.0,0,0,0,0,0,0,0,0

SID,TONA,XPC,3
IF,TONA,-28.272333,-53.794167, ,0.0,0.0,0,0,0,0,0,0,0,0
TF,XPC,-27.135692,-52.662967,0, ,0.0,0.0,0.0,0.0,0,0,0,0,0,0,0,0

FINAL,N12,12,N,2
IF,FN12,-28.274242,-54.250200,SAN,0.0,0.0,2,2300,0,0,0,0,2,0
CF,SAN,-28.277833,-54.171667,0,SAN,0.0,0.0,106.0,4.2,1,1600,0,0,0,0,3,0
CA,0,106.0,2,3000,0,0,0,0,0,0

FINAL,N30,30,N,3
IF,FN30,-28.300450,-54.088222,SAN,0.0,0.0,2,2300,0,0,0,0,2,0
CF,EP30,-28.280933,-54.160450,0,SAN,0.0,0.0,300.0,4.0,1,1092,0,0,0,0,0,1
CF,SAN,-28.277833,-54.171667,0,SAN,0.0,0.0,300.0,0.6,2,1456,0,0,0,0,3,0
CA,0,300.0,2,3000,0,0,0,0,0,0

APPTR,R12,12,NM001
IF,NM001,-28.167494,-54.345317, ,0.0,0.0,2,4000,0,0,0,0,1,0
TF,NM003,-28.249547,-54.363131,0, ,0.0,0.0,0.0,0.0,2,2700,0,0,0,0,1,0

APPTR,R12,12,NM004
IF,NM004,-28.233731,-54.455778, ,0.0,0.0,2,4000,0,0,0,0,1,0
TF,NM003,-28.249547,-54.363131,0, ,0.0,0.0,0.0,0.0,2,2700,0,0,0,0,1,0

APPTR,R12,12,NM006
IF,NM006,-28.331597,-54.380969, ,0.0,0.0,2,4000,0,0,0,0,1,0
TF,NM003,-28.249547,-54.363131,0, ,0.0,0.0,0.0,0.0,2,2700,0,0,0,0,1,0

FINAL,R12,12,R,4
IF,NM003,-28.249547,-54.363131, ,0.0,0.0,2,2700,0,0,0,0,0,0
TF,NM002,-28.265361,-54.270467,0, ,0.0,0.0,116.0,5.0,2,2660,0,0,0,0,2,0
TF,NM005,-28.274556,-54.216411,0, ,0.0,0.0,116.0,2.9,2,1735,0,0,0,0,0,0
TF,RW12,-28.281111,-54.177778,0, ,0.0,0.0,116.0,2.1,1,1071,0,0,0,0,3,1
CA,0,116.0,2,2000,0,0,0,0,0,0
DF,NM001,-28.167494,-54.345317,1, ,0.0,0.0,2,4000,0,0,0,0,0,1
HM,NM001,-28.167494,-54.345317,2, ,0.0,0.0,206.0,04.3,2,4000,0,0,0,0,0,0,0

APPTR,R30,30,NM007
IF,NM007,-28.397736,-53.960892, ,0.0,0.0,2,4000,0,0,0,0,1,0
TF,NM012,-28.315247,-53.975933,0, ,0.0,0.0,0.0,0.0,2,2700,0,0,0,0,1,0

APPTR,R30,30,NM008
IF,NM008,-28.243497,-53.927564, ,0.0,0.0,2,4000,0,0,0,0,1,0
TF,NM012,-28.315247,-53.975933,0, ,0.0,0.0,0.0,0.0,2,2700,0,0,0,0,1,0

FINAL,R30,30,R,3
IF,NM012,-28.315247,-53.975933, ,0.0,0.0,2,2700,0,0,0,0,0,0
TF,NM011,-28.299564,-54.068667,0, ,0.0,0.0,296.0,5.0,2,2680,0,0,0,0,2,0
TF,RW30,-28.283889,-54.161389,0, ,0.0,0.0,296.0,5.0,1,1092,0,0,0,0,3,1
CA,0,296.0,2,2100,0,0,0,0,0,0
DF,NM008,-28.243497,-53.927564,2, ,0.0,0.0,2,4000,0,0,0,0,0,1
HM,NM008,-28.243497,-53.927564,2, ,0.0,0.0,227.0,04.3,0,0,0,0,0,0,0,0,0

