SID,OMNI,26,2
VA,0,259.0,2,5300,0,0,0,0,0,0
VM,0,0,0,259.0,0,0,0,0,0,0,0,0

APPTR,R08,08,PG004
IF,PG004,-25.316203,-50.384956, ,0.0,0.0,2,6000,0,0,0,0,1,0
TF,PG003,-25.273197,-50.306111,0, ,0.0,0.0,0.0,0.0,2,4300,0,0,0,0,1,0

APPTR,R08,08,PG006
IF,PG006,-25.220550,-50.377506, ,0.0,0.0,2,6000,0,0,0,0,1,0
TF,PG003,-25.273197,-50.306111,0, ,0.0,0.0,0.0,0.0,2,4300,0,0,0,0,1,0

APPTR,R08,08,PG007
IF,PG007,-25.355256,-50.288589, ,0.0,0.0,2,6000,0,0,0,0,1,0
TF,PG003,-25.273197,-50.306111,0, ,0.0,0.0,0.0,0.0,2,4300,0,0,0,0,1,0

FINAL,R08,08,R,5
IF,PG003,-25.273197,-50.306111, ,0.0,0.0,2,4300,0,0,0,0,0,0
TF,PG002,-25.230147,-50.227319,0, ,0.0,0.0,78.0,5.0,2,4230,0,0,0,0,2,0
TF,PG008,-25.217394,-50.204008,0, ,0.0,0.0,78.0,1.5,2,3765,0,0,0,0,0,0
TF,PG009,-25.206606,-50.184289,0, ,0.0,0.0,78.0,1.3,2,3366,0,0,0,0,0,0
TF,RW08,-25.187056,-50.148586,0, ,0.0,0.0,78.0,2.3,1,2644,0,0,0,0,3,1
VA,0,78.0,2,3500,0,0,0,0,0,0
DF,PG006,-25.220550,-50.377506,1, ,0.0,0.0,2,6000,0,0,0,0,0,0
HM,PG006,-25.220550,-50.377506,2, ,0.0,0.0,148.0,04.3,2,6000,0,0,0,0,0,0,0

