SID,ALBA1B,11,5
CA,0,108.0,2,690,0,0,0,0,0,0
CA,0,120.0,2,2000,0,0,0,0,0,0
DF,ALBAG,-29.082167,-52.980014,0, ,0.0,0.0,0,0,0,0,0,0,0,0

SID,ALBA1B,EPGEP,6
IF,ALBAG,-29.082167,-52.980014, ,0.0,0.0,0,0,0,0,0,0,0,0
TF,EPGEP,-28.388344,-52.420431,0, ,0.0,0.0,0.0,0.0,0,0,0,0,0,0,0,0

SID,ALBA2A,29,5
CA,0,289.0,2,2000,0,0,0,0,0,0
DF,ALBAG,-29.082167,-52.980014,2, ,0.0,0.0,0,0,0,0,0,0,0,0

SID,ALBA2A,EPGEP,6
IF,ALBAG,-29.082167,-52.980014, ,0.0,0.0,0,0,0,0,0,0,0,0
TF,EPGEP,-28.388344,-52.420431,0, ,0.0,0.0,0.0,0.0,0,0,0,0,0,0,0,0

SID,BGE1A,29,2
CA,0,289.0,2,1500,0,1,250,0,0,0
VI,1, ,0.0,140.0,0,0,0,1,250,0,0,0
IF,SMA,-29.709761,-53.712744, ,0.0,0.0,0,0,0,0,0,0,0,0
TF,BGE,-31.390714,-54.109717,0, ,0.0,0.0,0.0,0.0,0,0,0,0,0,0,0,0

SID,BGE1B,11,1
VA,0,109.0,2,800,0,1,250,0,0,0
VI,2, ,0.0,295.0,0,0,0,0,0,0,0,0
CF,BEFET,-29.988397,-53.777583,0,SMA,206.5,17.0,207.0,14.0,0,0,0,0,0,0,0,0
TF,BGE,-31.390714,-54.109717,0, ,0.0,0.0,0.0,0.0,0,0,0,0,0,0,0,0

SID,BGE1B,20,1
VA,0,198.0,2,1000,0,0,0,0,0,0
CF,BEFET,-29.988397,-53.777583,0,SMA,206.5,17.0,207.0,16.0,0,0,0,0,0,0,0,0
TF,BGE,-31.390714,-54.109717,0, ,0.0,0.0,0.0,0.0,0,0,0,0,0,0,0,0

SID,BGE1B,29,1
VA,0,289.0,2,800,0,1,250,0,0,0
CF,GIKDA,-29.663350,-53.896392,0,SMA,301.1,10.0,301.0,10.0,0,0,0,0,0,0,0,0
VI,0, ,0.0,270.0,0,0,0,0,0,0,0,0
CF,GIBKU,-29.649000,-54.030886,0,SMA,297.3,17.0,297.0,6.0,0,0,0,0,0,0,0,0
AF,DIBIG,-29.904378,-53.950389,1,SMA,241.7,17.0,297.0,0,0,0,0,0,0,0,0
AF,BEFET,-29.988397,-53.777583,1,SMA,206.5,17.0,242.0,0,0,0,0,0,0,0,0
TF,BGE,-31.390714,-54.109717,0, ,0.0,0.0,0.0,0.0,0,0,0,0,0,0,0,0

SID,BGE1C,29,5
CA,0,289.0,2,2000,0,0,0,0,0,0
DF,BGE,-31.390714,-54.109717,1, ,0.0,0.0,0,0,0,0,0,0,0,0

SID,GUXA1B,11,1
VA,0,109.0,2,800,0,1,250,0,0,0
VI,2, ,0.0,295.0,0,0,0,0,0,0,0,0
CF,BEFET,-29.988397,-53.777583,0,SMA,206.5,17.0,207.0,14.0,0,0,0,0,0,0,0,0
AF,DIBIG,-29.904378,-53.950389,2,SMA,241.7,17.0,207.0,0,0,0,0,0,0,0,0
TF,GUXAT,-30.029833,-54.104333,0, ,0.0,0.0,0.0,0.0,0,0,0,0,0,0,0,0

SID,GUXA1B,20,1
VA,0,198.0,2,1000,0,0,0,0,0,0
CF,BEFET,-29.988397,-53.777583,0,SMA,206.5,17.0,207.0,16.0,0,0,0,0,0,0,0,0
AF,DIBIG,-29.904378,-53.950389,2,SMA,241.7,17.0,207.0,0,0,0,0,0,0,0,0
TF,GUXAT,-30.029833,-54.104333,0, ,0.0,0.0,0.0,0.0,0,0,0,0,0,0,0,0

SID,GUXA1B,29,1
VA,0,289.0,2,800,0,1,250,0,0,0
CF,GIKDA,-29.663350,-53.896392,0,SMA,301.1,10.0,301.0,10.0,0,0,0,0,0,0,0,0
VI,0, ,0.0,270.0,0,0,0,0,0,0,0,0
CF,GIBKU,-29.649000,-54.030886,0,SMA,297.3,17.0,297.0,6.0,0,0,0,0,0,0,0,0
AF,DIBIG,-29.904378,-53.950389,1,SMA,241.7,17.0,297.0,0,0,0,0,0,0,0,0
TF,GUXAT,-30.029833,-54.104333,0, ,0.0,0.0,0.0,0.0,0,0,0,0,0,0,0,0

SID,GUXA2A,29,2
CA,0,289.0,2,1500,0,1,250,0,0,0
VI,0, ,0.0,200.0,0,0,0,1,250,0,0,0
CF,GUXAT,-30.029833,-54.104333,0,SMA,241.7,28.0,242.0,25.0,0,0,0,0,0,0,0,0

SID,IBDO1A,11,5
CA,0,108.0,2,690,0,0,0,0,0,0
CA,0,120.0,2,2000,0,0,0,0,0,0
DF,IBDOS,-29.979000,-53.817500,2, ,0.0,0.0,0,0,0,0,0,0,0,0

SID,IBDO1A,RAXEN,6
IF,IBDOS,-29.979000,-53.817500, ,0.0,0.0,0,0,0,0,0,0,0,0
TF,RAXEN,-29.565833,-54.460167,0, ,0.0,0.0,0.0,0.0,0,0,0,0,0,0,0,0

SID,IMPE1C,11,5
CA,0,108.0,2,690,0,0,0,0,0,0
CA,0,120.0,2,2000,0,0,0,0,0,0
DF,IMPEL,-29.800667,-52.953667,0, ,0.0,0.0,0,0,0,0,0,0,0,0

SID,IMPE1D,11,2
CA,0,108.0,2,690,0,1,250,0,0,0
VA,0,140.0,2,2000,0,1,250,0,0,0
VR,0,SMA,113.0,65.0,0,0,0,0,0,0,0,0
CF,IMPEL,-29.800667,-52.953667,0,SMA,113.0,40.0,113.0,34.0,0,0,0,0,0,0,0,0

SID,IMPE2A,29,5
CA,0,289.0,2,2000,0,0,0,0,0,0
DF,IMPEL,-29.800667,-52.953667,2, ,0.0,0.0,0,0,0,0,0,0,0,0

SID,IMPE2B,29,2
CA,0,289.0,2,1500,0,1,250,0,0,0
VI,1, ,0.0,50.0,0,0,0,1,250,0,0,0
CF,IMPEL,-29.800667,-52.953667,0,SMA,113.0,40.0,113.0,40.0,0,0,0,0,0,0,0,0

SID,ISLI1B,11,5
CA,0,108.0,2,690,0,0,0,0,0,0
CA,0,120.0,2,2000,0,0,0,0,0,0
DF,ISLIT,-28.838425,-53.865675,1, ,0.0,0.0,0,0,0,0,0,0,0,0

SID,ISLI2A,29,5
CA,0,289.0,2,2000,0,0,0,0,0,0
DF,ISLIT,-28.838425,-53.865675,0, ,0.0,0.0,0,0,0,0,0,0,0,0

SID,KEKA1C,11,5
CA,0,108.0,2,690,0,0,0,0,0,0
CA,0,120.0,2,2000,0,0,0,0,0,0
DF,KEKAR,-29.745667,-52.947833,0, ,0.0,0.0,0,0,0,0,0,0,0,0

SID,KEKA1D,11,2
CA,0,108.0,2,690,0,1,250,0,0,0
VA,0,140.0,2,2000,0,1,250,0,0,0
VR,0,SMA,109.0,65.0,0,0,0,0,0,0,0,0
CF,KEKAR,-29.745667,-52.947833,0,SMA,108.3,40.0,109.0,34.0,0,0,0,0,0,0,0,0

SID,KEKA2A,29,5
CA,0,289.0,2,2000,0,0,0,0,0,0
DF,KEKAR,-29.745667,-52.947833,2, ,0.0,0.0,0,0,0,0,0,0,0,0

SID,KEKA2B,29,2
CA,0,289.0,2,1500,0,1,250,0,0,0
VI,1, ,0.0,50.0,0,0,0,1,250,0,0,0
CF,KEKAR,-29.745667,-52.947833,0,SMA,108.3,40.0,109.0,40.0,0,0,0,0,0,0,0,0

SID,POXE1A,11,5
CA,0,108.0,2,690,0,0,0,0,0,0
CA,0,120.0,2,2000,0,0,0,0,0,0
DF,POXEV,-30.322417,-53.453547,0, ,0.0,0.0,0,0,0,0,0,0,0,0

SID,POXE1B,29,5
CA,0,289.0,2,2000,0,0,0,0,0,0
DF,POXEV,-30.322417,-53.453547,1, ,0.0,0.0,0,0,0,0,0,0,0,0

SID,RAXE1C,11,5
CA,0,108.0,2,690,0,0,0,0,0,0
CA,0,120.0,2,2000,0,0,0,0,0,0
DF,RAXEN,-29.565833,-54.460167,2, ,0.0,0.0,0,0,0,0,0,0,0,0

SID,RAXE1D,11,1
VA,0,109.0,2,800,0,1,250,0,0,0
VI,2, ,0.0,295.0,0,0,0,0,0,0,0,0
CF,BEFET,-29.988397,-53.777583,0,SMA,206.5,17.0,207.0,14.0,0,0,0,0,0,0,0,0
AF,DIBIG,-29.904378,-53.950389,2,SMA,241.7,17.0,207.0,0,0,0,0,0,0,0,0
AF,GIBKU,-29.649000,-54.030886,2,SMA,297.3,17.0,242.0,0,0,0,0,0,0,0,0
TF,RAXEN,-29.565833,-54.460167,0, ,0.0,0.0,0.0,0.0,2,11000,0,0,0,0,0,0

SID,RAXE1D,20,1
VA,0,198.0,2,1000,0,0,0,0,0,0
CF,BEFET,-29.988397,-53.777583,0,SMA,206.5,17.0,207.0,16.0,0,0,0,0,0,0,0,0
AF,DIBIG,-29.904378,-53.950389,2,SMA,241.7,17.0,207.0,0,0,0,0,0,0,0,0
AF,GIBKU,-29.649000,-54.030886,2,SMA,297.3,17.0,242.0,0,0,0,0,0,0,0,0
TF,RAXEN,-29.565833,-54.460167,0, ,0.0,0.0,0.0,0.0,2,11000,0,0,0,0,0,0

SID,RAXE1D,29,1
VA,0,289.0,2,800,0,1,250,0,0,0
CF,GIKDA,-29.663350,-53.896392,0,SMA,301.1,10.0,301.0,10.0,0,0,0,0,0,0,0,0
VI,0, ,0.0,270.0,0,0,0,0,0,0,0,0
CF,GIBKU,-29.649000,-54.030886,0,SMA,297.3,17.0,297.0,6.0,0,0,0,0,0,0,0,0
TF,RAXEN,-29.565833,-54.460167,0, ,0.0,0.0,0.0,0.0,2,11000,0,0,0,0,0,0

SID,RAXE2A,29,5
CA,0,289.0,2,2000,0,0,0,0,0,0
DF,RAXEN,-29.565833,-54.460167,0, ,0.0,0.0,0,0,0,0,0,0,0,0

SID,RAXE2B,29,2
CA,0,289.0,2,1500,0,1,250,0,0,0
CF,RAXEN,-29.565833,-54.460167,0,SMA,297.3,40.0,297.0,40.0,2,11000,0,1,250,0,0,0

SID,SMA1B,11,2
CA,0,108.0,2,690,0,1,250,0,0,0
VA,0,140.0,2,1500,0,1,250,0,0,0
DF,SMA,-29.709761,-53.712744,2, ,0.0,0.0,0,0,0,1,250,0,0,0

SID,SMA1B,EPGEP,3
IF,SMA,-29.709761,-53.712744, ,0.0,0.0,0,0,0,1,250,0,0,0
TF,EPGEP,-28.388344,-52.420431,0, ,0.0,0.0,0.0,0.0,0,0,0,0,0,0,0,0

SID,SMA1B,OPTAK,3
IF,SMA,-29.709761,-53.712744, ,0.0,0.0,0,0,0,1,250,0,0,0
TF,OPTAK,-29.459667,-53.701500,0, ,0.0,0.0,0.0,0.0,0,0,0,0,0,0,0,0

SID,SMA1B,SINEX,3
IF,SMA,-29.709761,-53.712744, ,0.0,0.0,0,0,0,1,250,0,0,0
TF,SINEX,-29.612500,-53.448833,0, ,0.0,0.0,0.0,0.0,0,0,0,0,0,0,0,0

SID,SMA1B,URIKI,3
IF,SMA,-29.709761,-53.712744, ,0.0,0.0,0,0,0,1,250,0,0,0
TF,URIKI,-29.533167,-53.509833,0, ,0.0,0.0,0.0,0.0,0,0,0,0,0,0,0,0

SID,SMA2A,29,2
DF,SMA,-29.709761,-53.712744,0, ,0.0,0.0,0,0,0,1,250,0,0,0
FA,SMA,-29.709761,-53.712744,0,SMA,0.0,0.0,289.0,2,1500,0,1,250,0,0,0
CF,SMA,-29.709761,-53.712744,1,SMA,0.0,0.0,36.0,4.0,0,0,0,1,250,0,0,0

SID,SMA2A,EPGEP,3
IF,SMA,-29.709761,-53.712744, ,0.0,0.0,0,0,0,1,250,0,0,0
TF,EPGEP,-28.388344,-52.420431,0, ,0.0,0.0,0.0,0.0,0,0,0,0,0,0,0,0

SID,SMA2A,OPTAK,3
IF,SMA,-29.709761,-53.712744, ,0.0,0.0,0,0,0,1,250,0,0,0
TF,OPTAK,-29.459667,-53.701500,0, ,0.0,0.0,0.0,0.0,0,0,0,0,0,0,0,0

SID,SMA2A,SINEX,3
IF,SMA,-29.709761,-53.712744, ,0.0,0.0,0,0,0,1,250,0,0,0
TF,SINEX,-29.612500,-53.448833,0, ,0.0,0.0,0.0,0.0,0,0,0,0,0,0,0,0

SID,SMA2A,URIKI,3
IF,SMA,-29.709761,-53.712744, ,0.0,0.0,0,0,0,1,250,0,0,0
TF,URIKI,-29.533167,-53.509833,0, ,0.0,0.0,0.0,0.0,0,0,0,0,0,0,0,0

SID,TOPI1B,11,5
CA,0,108.0,2,690,0,0,0,0,0,0
CA,0,120.0,2,2000,0,0,0,0,0,0
DF,TOPIL,-29.361719,-52.761603,0, ,0.0,0.0,0,0,0,0,0,0,0,0

SID,TOPI2A,29,5
CA,0,289.0,2,2000,0,0,0,0,0,0
DF,TOPIL,-29.361719,-52.761603,2, ,0.0,0.0,0,0,0,0,0,0,0,0

STAR,GEGA1A,MIGIX,4
IF,MIGIX,-29.008333,-51.646500, ,0.0,0.0,0,0,0,0,0,0,0,0
TF,GEGAN,-29.408322,-52.697817,0, ,0.0,0.0,0.0,0.0,0,0,0,0,0,0,0,0

STAR,GEGA1A,NOBEL,4
IF,NOBEL,-28.824167,-52.084833, ,0.0,0.0,0,0,0,0,0,0,0,0
TF,GEGAN,-29.408322,-52.697817,0, ,0.0,0.0,0.0,0.0,0,0,0,0,0,0,0,0

STAR,GEGA1A,11,5
IF,GEGAN,-29.408322,-52.697817, ,0.0,0.0,0,0,0,0,0,0,0,0
TF,PAKAX,-29.497867,-52.998528,0, ,0.0,0.0,0.0,0.0,2,15000,0,0,0,0,0,0
TF,SM012,-29.623194,-53.438039,0, ,0.0,0.0,0.0,0.0,0,0,0,0,0,0,0,0
TF,SM016,-29.615789,-53.634158,0, ,0.0,0.0,0.0,0.0,2,8000,0,0,0,0,0,0
TF,SM002,-29.604167,-53.927500,0, ,0.0,0.0,0.0,0.0,2,5000,0,0,0,0,0,0

STAR,GEGA1B,MIGIX,4
IF,MIGIX,-29.008333,-51.646500, ,0.0,0.0,0,0,0,0,0,0,0,0
TF,GEGAN,-29.408322,-52.697817,0, ,0.0,0.0,0.0,0.0,0,0,0,0,0,0,0,0

STAR,GEGA1B,NOBEL,4
IF,NOBEL,-28.824167,-52.084833, ,0.0,0.0,0,0,0,0,0,0,0,0
TF,GEGAN,-29.408322,-52.697817,0, ,0.0,0.0,0.0,0.0,0,0,0,0,0,0,0,0

STAR,GEGA1B,29,5
IF,GEGAN,-29.408322,-52.697817, ,0.0,0.0,0,0,0,0,0,0,0,0
TF,PAKAX,-29.497867,-52.998528,0, ,0.0,0.0,0.0,0.0,2,15000,0,0,0,0,0,0
TF,SM012,-29.623194,-53.438039,0, ,0.0,0.0,0.0,0.0,2,5000,0,0,0,0,0,0

STAR,IMPE1A,11,5
IF,IMPEL,-29.800667,-52.953667, ,0.0,0.0,0,0,0,0,0,0,0,0
TF,SM014,-29.799036,-53.822856,0, ,0.0,0.0,0.0,0.0,2,7000,0,0,0,0,0,0
TF,SM003,-29.792167,-53.940667,0, ,0.0,0.0,0.0,0.0,2,5000,0,0,0,0,0,0

STAR,KEKA1A,11,5
IF,KEKAR,-29.745667,-52.947833, ,0.0,0.0,0,0,0,0,0,0,0,0
TF,SM012,-29.623194,-53.438039,0, ,0.0,0.0,0.0,0.0,0,0,0,0,0,0,0,0
TF,SM016,-29.615789,-53.634158,0, ,0.0,0.0,0.0,0.0,2,8000,0,0,0,0,0,0
TF,SM002,-29.604167,-53.927500,0, ,0.0,0.0,0.0,0.0,2,5000,0,0,0,0,0,0

STAR,KEKA1B,29,5
IF,KEKAR,-29.745667,-52.947833, ,0.0,0.0,0,0,0,0,0,0,0,0
TF,SM008,-29.729939,-53.330175,0, ,0.0,0.0,0.0,0.0,2,5000,0,0,0,0,0,0

STAR,RAXE1A,11,5
IF,RAXEN,-29.565833,-54.460167, ,0.0,0.0,0,0,0,0,0,0,0,0
TF,SM001,-29.694000,-54.009500,0, ,0.0,0.0,0.0,0.0,2,5000,0,0,0,0,0,0

STAR,RAXE1B,29,5
IF,RAXEN,-29.565833,-54.460167, ,0.0,0.0,0,0,0,0,0,0,0,0
TF,SM002,-29.604167,-53.927500,0, ,0.0,0.0,0.0,0.0,0,0,0,0,0,0,0,0
TF,SM012,-29.623194,-53.438039,0, ,0.0,0.0,0.0,0.0,2,5000,0,0,0,0,0,0

APPTR,D11-Y,11,SMA
IF,SMA,-29.709761,-53.712744, ,0.0,0.0,2,14000,0,1,220,0,1,0
FD,SMA,-29.709761,-53.712744,0,SMA,0.0,16.0,274.0,16.0,2,9000,0,0,0,0,0,0
CF,CS11Y,-29.679811,-54.016994,2,SMA,291.4,16.0,111.0,1.0,2,5000,0,0,0,0,0,0

FINAL,D11-Y,11,D,4
IF,CS11Y,-29.679811,-54.016994,SMA,291.4,16.0,2,5000,0,0,0,0,0,0
CF,SMA01,-29.698556,-53.827433,0,SMA,291.4,6.0,111.0,10.0,2,2410,0,0,0,0,2,0
CF,SMA15,-29.704186,-53.769803,0,SMA,291.4,3.0,111.0,3.0,2,1200,0,0,0,0,0,0
CF,SMA,-29.709761,-53.712744,0,SMA,0.0,0.0,111.0,3.0,1,488,0,0,0,0,3,1
CA,0,111.0,2,690,0,0,0,0,0,0
FA,SMA,-29.709761,-53.712744,0,SMA,0.0,0.0,135.0,2,4000,0,0,0,0,0,0
DF,SMA,-29.709761,-53.712744,2, ,0.0,0.0,2,14000,0,0,0,0,0,1

APPTR,D11-Z,11,SMA
IF,SMA,-29.709761,-53.712744, ,0.0,0.0,2,4000,0,0,0,0,0,0
FC,SMA,-29.709761,-53.712744,0,SMA,0.0,0.0,268.0,10.5,0,0,0,0,0,0,0,1
CF,CF11,-29.706544,-53.913667,2,SMA,286.0,10.5,106.0,1.0,2,2700,0,0,0,0,0,0

FINAL,D11-Z,11,D,3
IF,CF11,-29.706544,-53.913667,SMA,286.0,10.5,2,2700,0,0,0,0,0,0
CF,FD11,-29.708933,-53.766322,0,SMA,286.0,2.8,106.0,7.7,2,1500,0,0,0,0,2,0
CF,SMA,-29.709761,-53.712744,0,SMA,0.0,0.0,106.0,2.8,1,504,0,0,0,0,3,0
CA,0,106.0,2,690,0,0,0,0,0,0
FM,SMA,-29.709761,-53.712744,0,SMA,0.0,0.0,135.0,2,4000,0,0,0,0,0,0

APPTR,D29,29,SMA33
IF,SMA33,-29.484972,-53.785672, ,0.0,0.0,2,6000,0,0,0,0,1,0
AF,D010N,-29.477039,-53.736414,2,SMA,9.9,14.0,359.0,2,6000,0,0,0,0,0,0
AF,MINAB,-29.732425,-53.446325,2,SMA,110.6,14.0,10.0,2,3500,0,0,0,0,1,0

APPTR,D29,29,SMA34
IF,SMA34,-29.659944,-53.974175, ,0.0,0.0,2,3500,0,0,0,0,1,0
AF,MINAB,-29.732425,-53.446325,1,SMA,110.6,14.0,297.0,2,3500,0,0,0,0,1,0

FINAL,D29,29,D,5
IF,MINAB,-29.732425,-53.446325,SMA,110.6,14.0,2,3500,0,0,0,0,0,0
CF,SMA35,-29.722767,-53.560644,0,SMA,110.6,8.0,290.0,6.0,2,2500,0,0,0,0,2,0
CF,SMA36,-29.719136,-53.603333,0,SMA,110.6,5.7,290.0,2.2,2,1680,0,0,0,0,0,0
CF,SMA37,-29.716189,-53.638006,0,SMA,110.7,3.9,290.0,1.8,2,980,0,0,0,0,0,0
CF,SMA29,-29.712942,-53.676103,0,SMA,110.7,1.9,290.0,2.0,1,309,0,0,0,0,3,1
CA,0,290.0,2,800,0,0,0,0,0,0
CF,KUBSU,-29.935200,-53.783133,0,SMA,210.2,14.0,210.0,14.0,0,0,0,0,0,0,0,0
AF,MINAB,-29.732425,-53.446325,1,SMA,110.6,14.0,210.0,2,3000,0,0,0,0,0,0
HM,MINAB,-29.732425,-53.446325,1, ,0.0,0.0,290.0,04.3,2,3000,0,0,0,0,0,0,0

APPTR,I11-X,11,SM001
IF,SM001,-29.694000,-54.009500, ,0.0,0.0,2,5000,0,0,0,0,1,0
TF,SM004,-29.700333,-53.894833,0,ISM,0.0,0.0,0.0,0.0,2,3000,0,0,0,0,1,0

APPTR,I11-X,11,SM002
IF,SM002,-29.604167,-53.927500, ,0.0,0.0,2,5000,0,0,0,0,1,0
TF,SM004,-29.700333,-53.894833,0,ISM,0.0,0.0,0.0,0.0,2,3000,0,0,0,0,1,0

APPTR,I11-X,11,SM003
IF,SM003,-29.792167,-53.940667, ,0.0,0.0,2,5000,0,0,0,0,1,0
TF,SM004,-29.700333,-53.894833,0,ISM,0.0,0.0,0.0,0.0,2,3000,0,0,0,0,1,0

FINAL,I11-X,11,I,3
IF,SM004,-29.700333,-53.894833,ISM,289.5,11.7,2,3000,0,0,0,0,0,0
CF,ULVUD,-29.705500,-53.799333,0,ISM,289.4,6.7,109.0,5.0,1,1930,0,0,0,0,2,0
CF,RW11,-29.710556,-53.703889,0,ISM,289.5,1.7,109.0,5.0,1,339,0,0,0,0,3,1
CA,0,109.0,2,800,0,0,0,0,0,0
DF,SM017,-29.886708,-53.499531,0, ,0.0,0.0,2,5000,0,0,0,0,0,1
HM,SM017,-29.886708,-53.499531,2, ,0.0,0.0,164.0,04.3,2,5000,0,0,0,0,0,0,0

APPTR,I11-Z,11,IRENI
IF,IRENI,-29.581533,-53.589919, ,0.0,0.0,2,6000,0,0,0,0,1,0
AF,MOPNA,-29.548781,-53.764247,1,SMA,0.4,10.0,56.0,2,6000,0,0,0,0,0,0
AF,SMA39,-29.581986,-53.836031,1,SMA,335.8,10.0,360.0,2,6000,0,0,0,0,0,0
AF,SMA38,-29.699864,-53.903717,1,SMA,289.4,10.0,335.0,0,0,0,0,0,0,0,0
CF,AKTAD,-29.701833,-53.866000,0,ISM,289.5,10.2,109.0,2.0,2,3000,0,0,0,0,1,0

APPTR,I11-Z,11,MOPNA
IF,MOPNA,-29.548781,-53.764247, ,0.0,0.0,2,6000,0,0,0,0,1,0
AF,SMA39,-29.581986,-53.836031,1,SMA,335.8,10.0,360.0,2,6000,0,0,0,0,0,0
AF,SMA38,-29.699864,-53.903717,1,SMA,289.4,10.0,335.0,0,0,0,0,0,0,0,0
CF,AKTAD,-29.701833,-53.866000,0,ISM,289.5,10.2,109.0,2.0,2,3000,0,0,0,0,1,0

APPTR,I11-Z,11,PUNUV
IF,PUNUV,-29.876100,-53.729442, ,0.0,0.0,2,5000,0,0,0,0,1,0
AF,SMA38,-29.699864,-53.903717,2,SMA,289.4,10.0,201.0,0,0,0,0,0,0,0,0
CF,AKTAD,-29.701833,-53.866000,0,ISM,289.5,10.2,109.0,2.0,2,3000,0,0,0,0,1,0

APPTR,I11-Z,11,UTNON
IF,UTNON,-29.731817,-53.522944, ,0.0,0.0,2,5000,0,0,0,0,1,0
AF,NEDEV,-29.791678,-53.545869,2,SMA,135.4,10.0,113.0,0,0,0,0,0,0,0,0
AF,PUNUV,-29.876100,-53.729442,2,SMA,201.0,10.0,135.0,2,5000,0,0,0,0,0,0
AF,SMA38,-29.699864,-53.903717,2,SMA,289.4,10.0,201.0,0,0,0,0,0,0,0,0
CF,AKTAD,-29.701833,-53.866000,0,ISM,289.5,10.2,109.0,2.0,2,3000,0,0,0,0,1,0

FINAL,I11-Z,11,I,3
IF,AKTAD,-29.701833,-53.866000,ISM,289.5,10.2,2,3000,0,0,0,0,0,0
CF,ULVUD,-29.705500,-53.799333,0,ISM,289.4,6.7,109.0,3.5,1,1930,0,0,0,0,2,0
CF,RW11,-29.710556,-53.703889,0,ISM,289.5,1.7,109.0,5.0,1,339,0,0,0,0,3,0
CA,0,109.0,2,800,0,0,0,0,0,0
CF,NEDEV,-29.791678,-53.545869,0,SMA,135.4,10.0,135.0,10.0,2,3000,0,0,0,0,0,0
HM,NEDEV,-29.791678,-53.545869,1, ,0.0,0.0,315.0,04.3,2,3000,0,0,0,0,0,0,0

APPTR,R11,11,SM001
IF,SM001,-29.694000,-54.009500, ,0.0,0.0,2,5000,0,0,0,0,1,0
TF,SM004,-29.700333,-53.894833,0, ,0.0,0.0,0.0,0.0,2,3000,0,0,0,0,1,0

APPTR,R11,11,SM002
IF,SM002,-29.604167,-53.927500, ,0.0,0.0,2,5000,0,0,0,0,1,0
TF,SM004,-29.700333,-53.894833,0, ,0.0,0.0,0.0,0.0,2,3000,0,0,0,0,1,0

APPTR,R11,11,SM003
IF,SM003,-29.792167,-53.940667, ,0.0,0.0,2,5000,0,0,0,0,1,0
TF,SM004,-29.700333,-53.894833,0, ,0.0,0.0,0.0,0.0,2,3000,0,0,0,0,1,0

FINAL,R11,11,R,5
IF,SM004,-29.700333,-53.894833, ,0.0,0.0,2,3000,0,0,0,0,0,0
TF,ULVUD,-29.705500,-53.799333,0, ,0.0,0.0,109.0,5.0,2,1930,0,0,0,0,2,0
TF,SM021,-29.707525,-53.761214,0, ,0.0,0.0,109.0,2.0,2,1293,0,0,0,0,0,0
TF,SM022,-29.708433,-53.744022,0, ,0.0,0.0,109.0,0.9,2,1006,0,0,0,0,0,0
TF,RW11,-29.710556,-53.703889,0, ,0.0,0.0,109.0,2.1,1,338,0,0,0,0,3,1
CA,0,114.0,2,800,0,0,0,0,0,0
DF,SM017,-29.886708,-53.499531,0, ,0.0,0.0,2,5000,0,0,0,0,0,1
HM,SM017,-29.886708,-53.499531,2, ,0.0,0.0,164.0,04.3,2,5000,0,0,0,0,0,0,0

APPTR,R29,29,SM008
IF,SM008,-29.729939,-53.330175, ,0.0,0.0,2,5000,0,0,0,0,1,0
TF,SM011,-29.724103,-53.444833,0, ,0.0,0.0,0.0,0.0,2,3500,0,0,0,0,1,0

APPTR,R29,29,SM009
IF,SM009,-29.825008,-53.451644, ,0.0,0.0,2,5000,0,0,0,0,1,0
TF,SM011,-29.724103,-53.444833,0, ,0.0,0.0,0.0,0.0,2,3500,0,0,0,0,1,0

APPTR,R29,29,SM012
IF,SM012,-29.623194,-53.438039, ,0.0,0.0,2,5000,0,0,0,0,1,0
TF,SM011,-29.724103,-53.444833,0, ,0.0,0.0,0.0,0.0,2,3500,0,0,0,0,1,0

FINAL,R29,29,R,5
IF,SM011,-29.724103,-53.444833, ,0.0,0.0,2,3500,0,0,0,0,0,0
TF,SM013,-29.718167,-53.559481,0, ,0.0,0.0,289.0,6.0,2,2510,0,0,0,0,2,0
TF,SM018,-29.715864,-53.603425,0, ,0.0,0.0,289.0,2.3,2,1677,0,0,0,0,0,0
TF,SM019,-29.714053,-53.637814,0, ,0.0,0.0,289.0,1.8,2,1027,0,0,0,0,0,0
TF,RW29,-29.711944,-53.676111,0, ,0.0,0.0,289.0,2.0,1,306,0,0,0,0,3,1
CA,0,289.0,2,800,0,0,0,0,0,0
DF,SM009,-29.825008,-53.451644,1, ,0.0,0.0,2,5000,0,0,0,0,0,1
HM,SM009,-29.825008,-53.451644,2, ,0.0,0.0,19.0,04.3,2,5000,0,0,0,0,0,0,0

APPTR,S11-Z,11,SMA
IF,SMA,-29.709761,-53.712744, ,0.0,0.0,2,4000,0,0,0,0,0,0
FC,SMA,-29.709761,-53.712744,0,SMA,0.0,0.0,268.0,10.5,0,0,0,0,0,0,0,1
CF,CF11,-29.706544,-53.913667,2,SMA,286.0,10.5,106.0,1.0,2,2700,0,0,0,0,0,0

FINAL,S11-Z,11,D,3
IF,CF11,-29.706544,-53.913667,SMA,286.0,10.5,2,2700,0,0,0,0,0,0
CF,FD11,-29.708933,-53.766322,0,SMA,286.0,2.8,106.0,7.7,2,1500,0,0,0,0,2,0
CF,SMA,-29.709761,-53.712744,0,SMA,0.0,0.0,106.0,2.8,1,504,0,0,0,0,3,0
CA,0,106.0,2,690,0,0,0,0,0,0
FM,SMA,-29.709761,-53.712744,0,SMA,0.0,0.0,135.0,2,4000,0,0,0,0,0,0

