SID,BUVG1A,17L,1
CA,0,169.0,2,3600,0,1,210,0,0,0
VI,2, ,0.0,296.0,0,0,0,0,0,0,0,0
CF,BUVGU,-23.758333,-46.823500,0,CGO,250.9,12.2,251.0,7.0,3,6000,0,1,210,0,0,0

SID,BUVG1A,17R,1
CA,0,169.0,2,3600,0,1,210,0,0,0
VI,2, ,0.0,296.0,0,0,0,0,0,0,0,0
CF,BUVGU,-23.758333,-46.823500,0,CGO,250.9,12.2,251.0,7.0,3,6000,0,1,210,0,0,0

SID,BUVG1A,NIBGA,3
IF,BUVGU,-23.758333,-46.823500, ,0.0,0.0,3,6000,0,1,210,0,0,0
TF,NIBGA,-24.078833,-47.239667,0, ,0.0,0.0,0.0,0.0,0,0,0,0,0,0,0,0

SID,BUVG1A,SCB,3
IF,BUVGU,-23.758333,-46.823500, ,0.0,0.0,3,6000,0,1,210,0,0,0
TF,TIPDO,-23.541922,-47.299144,0, ,0.0,0.0,0.0,0.0,2,18000,0,0,0,0,0,0
TF,SCB,-23.507056,-47.378219,0, ,0.0,0.0,0.0,0.0,0,0,0,0,0,0,0,0

SID,IMBI2A,17L,5
DF,SP021,-23.677000,-46.621667,0, ,0.0,0.0,2,3600,0,0,0,0,0,1
DF,MOSRA,-23.665494,-46.455264,0, ,0.0,0.0,3,6000,0,0,0,0,0,0
TF,OGVEN,-23.626661,-46.314406,0, ,0.0,0.0,0.0,0.0,3,10000,0,0,0,0,0,0
TF,IMBID,-23.583500,-46.158500,0, ,0.0,0.0,0.0,0.0,0,0,0,0,0,0,0,0

SID,IMBI2A,17R,5
DF,SP021,-23.677000,-46.621667,0, ,0.0,0.0,2,3600,0,0,0,0,0,1
DF,MOSRA,-23.665494,-46.455264,0, ,0.0,0.0,3,6000,0,0,0,0,0,0
TF,OGVEN,-23.626661,-46.314406,0, ,0.0,0.0,0.0,0.0,3,10000,0,0,0,0,0,0
TF,IMBID,-23.583500,-46.158500,0, ,0.0,0.0,0.0,0.0,0,0,0,0,0,0,0,0

SID,IMBI2A,UBRIR,6
IF,IMBID,-23.583500,-46.158500, ,0.0,0.0,0,0,0,0,0,0,0,0
TF,VUMEV,-22.886833,-45.977333,0, ,0.0,0.0,0.0,0.0,0,0,0,0,0,0,0,0
TF,UBRIR,-22.203656,-45.801578,0, ,0.0,0.0,0.0,0.0,0,0,0,0,0,0,0,0

SID,IMBI2A,VUMEV,6
IF,IMBID,-23.583500,-46.158500, ,0.0,0.0,0,0,0,0,0,0,0,0
TF,VUMEV,-22.886833,-45.977333,0, ,0.0,0.0,0.0,0.0,0,0,0,0,0,0,0,0

SID,IMBI3E,35L,4
CA,0,349.0,2,3600,0,0,0,0,0,0
DF,SP001,-23.622072,-46.570667,2, ,0.0,0.0,0,0,0,1,220,0,0,0
TF,MOSRA,-23.665494,-46.455264,0, ,0.0,0.0,0.0,0.0,3,6000,0,0,0,0,0,0
TF,OGVEN,-23.626661,-46.314406,0, ,0.0,0.0,0.0,0.0,3,10000,0,0,0,0,0,0
TF,IMBID,-23.583500,-46.158500,0, ,0.0,0.0,0.0,0.0,0,0,0,0,0,0,0,0

SID,IMBI3E,35R,4
CA,0,349.0,2,3600,0,0,0,0,0,0
DF,SP001,-23.622072,-46.570667,2, ,0.0,0.0,0,0,0,1,220,0,0,0
TF,MOSRA,-23.665494,-46.455264,0, ,0.0,0.0,0.0,0.0,3,6000,0,0,0,0,0,0
TF,OGVEN,-23.626661,-46.314406,0, ,0.0,0.0,0.0,0.0,3,10000,0,0,0,0,0,0
TF,IMBID,-23.583500,-46.158500,0, ,0.0,0.0,0.0,0.0,0,0,0,0,0,0,0,0

SID,IMBI3E,UBRIR,6
IF,IMBID,-23.583500,-46.158500, ,0.0,0.0,0,0,0,0,0,0,0,0
TF,VUMEV,-22.886833,-45.977333,0, ,0.0,0.0,0.0,0.0,0,0,0,0,0,0,0,0
TF,UBRIR,-22.203656,-45.801578,0, ,0.0,0.0,0.0,0.0,0,0,0,0,0,0,0,0

SID,IMBI3E,VUMEV,6
IF,IMBID,-23.583500,-46.158500, ,0.0,0.0,0,0,0,0,0,0,0,0
TF,VUMEV,-22.886833,-45.977333,0, ,0.0,0.0,0.0,0.0,0,0,0,0,0,0,0,0

SID,NINV2B,35L,2
CA,0,349.0,2,3800,0,1,250,0,0,0
CI,1, ,0.0,228.0,0,0,0,0,0,0,0,0
CF,NINVU,-23.709861,-46.919853,0,BCO,259.3,34.6,273.0,9.0,3,7000,0,1,250,0,0,0

SID,NINV2B,35R,2
CA,0,349.0,2,3800,0,1,250,0,0,0
CI,1, ,0.0,228.0,0,0,0,0,0,0,0,0
CF,NINVU,-23.709861,-46.919853,0,BCO,259.3,34.6,273.0,9.0,3,7000,0,1,250,0,0,0

SID,NINV2B,SCB,3
IF,NINVU,-23.709861,-46.919853, ,0.0,0.0,3,7000,0,1,250,0,0,0
TF,TIPDO,-23.541922,-47.299144,0, ,0.0,0.0,0.0,0.0,2,18000,0,0,0,0,0,0
TF,SCB,-23.507056,-47.378219,0, ,0.0,0.0,0.0,0.0,0,0,0,0,0,0,0,0

SID,NINV3A,35L,5
CA,0,349.0,2,3800,0,0,0,0,0,0
CF,MANVA,-23.685508,-46.876753,0,CGO,275.1,12.7,260.0,12.0,3,6000,0,1,250,0,0,1
TF,NINVU,-23.709861,-46.919853,0, ,0.0,0.0,0.0,0.0,0,0,0,0,0,0,0,0

SID,NINV3A,35R,5
CA,0,349.0,2,3800,0,0,0,0,0,0
CF,MANVA,-23.685508,-46.876753,0,CGO,275.1,12.7,260.0,12.0,3,6000,0,1,250,0,0,1
TF,NINVU,-23.709861,-46.919853,0, ,0.0,0.0,0.0,0.0,0,0,0,0,0,0,0,0

SID,NINV3A,DIONI,6
IF,NINVU,-23.709861,-46.919853, ,0.0,0.0,0,0,0,0,0,0,0,0
TF,SEGVO,-23.767786,-47.411333,0, ,0.0,0.0,0.0,0.0,0,0,0,0,0,0,0,0
TF,DIONI,-23.808000,-47.639333,0, ,0.0,0.0,0.0,0.0,0,0,0,0,0,0,0,0

SID,NINV3A,EGITO,6
IF,NINVU,-23.709861,-46.919853, ,0.0,0.0,0,0,0,0,0,0,0,0
TF,TIPDO,-23.541922,-47.299144,0, ,0.0,0.0,0.0,0.0,2,18000,0,0,0,0,0,0
TF,SCB,-23.507056,-47.378219,0, ,0.0,0.0,0.0,0.0,0,0,0,0,0,0,0,0
TF,VUTVA,-23.447206,-47.573461,0, ,0.0,0.0,0.0,0.0,0,0,0,0,0,0,0,0
TF,EGITO,-23.285667,-48.095667,0, ,0.0,0.0,0.0,0.0,0,0,0,0,0,0,0,0

SID,NINV3A,EKABI,6
IF,NINVU,-23.709861,-46.919853, ,0.0,0.0,0,0,0,0,0,0,0,0
TF,TIPDO,-23.541922,-47.299144,0, ,0.0,0.0,0.0,0.0,2,18000,0,0,0,0,0,0
TF,SCB,-23.507056,-47.378219,0, ,0.0,0.0,0.0,0.0,0,0,0,0,0,0,0,0
TF,OBMAV,-23.501522,-47.607189,0, ,0.0,0.0,0.0,0.0,0,0,0,0,0,0,0,0
TF,IVPIT,-23.478508,-48.227308,0, ,0.0,0.0,0.0,0.0,0,0,0,0,0,0,0,0
TF,EKABI,-23.440725,-49.128833,0, ,0.0,0.0,0.0,0.0,0,0,0,0,0,0,0,0

SID,NINV3A,GERTU,6
IF,NINVU,-23.709861,-46.919853, ,0.0,0.0,0,0,0,0,0,0,0,0
TF,TIPDO,-23.541922,-47.299144,0, ,0.0,0.0,0.0,0.0,2,18000,0,0,0,0,0,0
TF,SCB,-23.507056,-47.378219,0, ,0.0,0.0,0.0,0.0,0,0,0,0,0,0,0,0
TF,IVPEK,-23.024036,-47.462525,0, ,0.0,0.0,0.0,0.0,2,21000,0,0,0,0,0,0
TF,ASEDU,-22.682722,-47.520072,0, ,0.0,0.0,0.0,0.0,2,28000,0,0,0,0,0,0
TF,GERTU,-22.430183,-47.562453,0, ,0.0,0.0,0.0,0.0,0,0,0,0,0,0,0,0

SID,NINV3A,NIBGA,6
IF,NINVU,-23.709861,-46.919853, ,0.0,0.0,0,0,0,0,0,0,0,0
TF,NIBGA,-24.078833,-47.239667,0, ,0.0,0.0,0.0,0.0,0,0,0,0,0,0,0,0

SID,NINV3A,SCB,6
IF,NINVU,-23.709861,-46.919853, ,0.0,0.0,0,0,0,0,0,0,0,0
TF,TIPDO,-23.541922,-47.299144,0, ,0.0,0.0,0.0,0.0,2,18000,0,0,0,0,0,0
TF,SCB,-23.507056,-47.378219,0, ,0.0,0.0,0.0,0.0,0,0,0,0,0,0,0,0

SID,NINV3A,SOVSI,6
IF,NINVU,-23.709861,-46.919853, ,0.0,0.0,0,0,0,0,0,0,0,0
TF,LUVLO,-23.982075,-47.259947,0, ,0.0,0.0,0.0,0.0,0,0,0,0,0,0,0,0
TF,SOVSI,-24.105492,-47.472189,0, ,0.0,0.0,0.0,0.0,0,0,0,0,0,0,0,0

SID,NINV3A,TEMAM,6
IF,NINVU,-23.709861,-46.919853, ,0.0,0.0,0,0,0,0,0,0,0,0
TF,OGNEP,-23.825383,-47.370697,0, ,0.0,0.0,0.0,0.0,0,0,0,0,0,0,0,0
TF,TEMAM,-23.926778,-47.742919,0, ,0.0,0.0,0.0,0.0,0,0,0,0,0,0,0,0

SID,NINV3A,UBSOD,6
IF,NINVU,-23.709861,-46.919853, ,0.0,0.0,0,0,0,0,0,0,0,0
TF,UBSOD,-24.261736,-47.144189,0, ,0.0,0.0,0.0,0.0,0,0,0,0,0,0,0,0

SID,PORB2A,17L,5
CA,0,169.0,2,3600,0,0,0,0,0,0
CF,KEVEX,-23.779553,-46.787214,0,CGO,239.7,11.7,259.0,12.0,3,6000,0,0,0,0,0,0
TF,PORBI,-23.821494,-46.859106,0, ,0.0,0.0,0.0,0.0,0,0,0,0,0,0,0,0

SID,PORB2A,17R,5
CA,0,169.0,2,3600,0,0,0,0,0,0
CF,KEVEX,-23.779553,-46.787214,0,CGO,239.7,11.7,259.0,12.0,3,6000,0,0,0,0,0,0
TF,PORBI,-23.821494,-46.859106,0, ,0.0,0.0,0.0,0.0,0,0,0,0,0,0,0,0

SID,PORB2A,DIONI,6
IF,PORBI,-23.821494,-46.859106, ,0.0,0.0,0,0,0,0,0,0,0,0
TF,SEGVO,-23.767786,-47.411333,0, ,0.0,0.0,0.0,0.0,0,0,0,0,0,0,0,0
TF,DIONI,-23.808000,-47.639333,0, ,0.0,0.0,0.0,0.0,0,0,0,0,0,0,0,0

SID,PORB2A,EGITO,6
IF,PORBI,-23.821494,-46.859106, ,0.0,0.0,0,0,0,0,0,0,0,0
TF,ILMUD,-23.551656,-47.305100,0, ,0.0,0.0,0.0,0.0,2,18000,0,0,0,0,0,0
TF,SCB,-23.507056,-47.378219,0, ,0.0,0.0,0.0,0.0,0,0,0,0,0,0,0,0
TF,VUTVA,-23.447206,-47.573461,0, ,0.0,0.0,0.0,0.0,0,0,0,0,0,0,0,0
TF,EGITO,-23.285667,-48.095667,0, ,0.0,0.0,0.0,0.0,0,0,0,0,0,0,0,0

SID,PORB2A,EKABI,6
IF,PORBI,-23.821494,-46.859106, ,0.0,0.0,0,0,0,0,0,0,0,0
TF,ILMUD,-23.551656,-47.305100,0, ,0.0,0.0,0.0,0.0,2,18000,0,0,0,0,0,0
TF,SCB,-23.507056,-47.378219,0, ,0.0,0.0,0.0,0.0,0,0,0,0,0,0,0,0
TF,OBMAV,-23.501522,-47.607189,0, ,0.0,0.0,0.0,0.0,0,0,0,0,0,0,0,0
TF,IVPIT,-23.478508,-48.227308,0, ,0.0,0.0,0.0,0.0,0,0,0,0,0,0,0,0
TF,EKABI,-23.440725,-49.128833,0, ,0.0,0.0,0.0,0.0,0,0,0,0,0,0,0,0

SID,PORB2A,GERTU,6
IF,PORBI,-23.821494,-46.859106, ,0.0,0.0,0,0,0,0,0,0,0,0
TF,ILMUD,-23.551656,-47.305100,0, ,0.0,0.0,0.0,0.0,2,18000,0,0,0,0,0,0
TF,SCB,-23.507056,-47.378219,0, ,0.0,0.0,0.0,0.0,0,0,0,0,0,0,0,0
TF,IVPEK,-23.024036,-47.462525,0, ,0.0,0.0,0.0,0.0,2,21000,0,0,0,0,0,0
TF,ASEDU,-22.682722,-47.520072,0, ,0.0,0.0,0.0,0.0,2,28000,0,0,0,0,0,0
TF,GERTU,-22.430183,-47.562453,0, ,0.0,0.0,0.0,0.0,0,0,0,0,0,0,0,0

SID,PORB2A,IVPIT,6
IF,PORBI,-23.821494,-46.859106, ,0.0,0.0,0,0,0,0,0,0,0,0
TF,ILMUD,-23.551656,-47.305100,0, ,0.0,0.0,0.0,0.0,2,18000,0,0,0,0,0,0
TF,SCB,-23.507056,-47.378219,0, ,0.0,0.0,0.0,0.0,0,0,0,0,0,0,0,0
TF,OBMAV,-23.501522,-47.607189,0, ,0.0,0.0,0.0,0.0,0,0,0,0,0,0,0,0
TF,IVPIT,-23.478508,-48.227308,0, ,0.0,0.0,0.0,0.0,0,0,0,0,0,0,0,0

SID,PORB2A,LUVLO,6
IF,PORBI,-23.821494,-46.859106, ,0.0,0.0,0,0,0,0,0,0,0,0
TF,LUVLO,-23.982075,-47.259947,0, ,0.0,0.0,0.0,0.0,0,0,0,0,0,0,0,0

SID,PORB2A,NIBGA,6
IF,PORBI,-23.821494,-46.859106, ,0.0,0.0,0,0,0,0,0,0,0,0
TF,NIBGA,-24.078833,-47.239667,0, ,0.0,0.0,0.0,0.0,0,0,0,0,0,0,0,0

SID,PORB2A,OBMAV,6
IF,PORBI,-23.821494,-46.859106, ,0.0,0.0,0,0,0,0,0,0,0,0
TF,ILMUD,-23.551656,-47.305100,0, ,0.0,0.0,0.0,0.0,2,18000,0,0,0,0,0,0
TF,SCB,-23.507056,-47.378219,0, ,0.0,0.0,0.0,0.0,0,0,0,0,0,0,0,0
TF,OBMAV,-23.501522,-47.607189,0, ,0.0,0.0,0.0,0.0,0,0,0,0,0,0,0,0

SID,PORB2A,OGNEP,6
IF,PORBI,-23.821494,-46.859106, ,0.0,0.0,0,0,0,0,0,0,0,0
TF,OGNEP,-23.825383,-47.370697,0, ,0.0,0.0,0.0,0.0,0,0,0,0,0,0,0,0

SID,PORB2A,SCB,6
IF,PORBI,-23.821494,-46.859106, ,0.0,0.0,0,0,0,0,0,0,0,0
TF,ILMUD,-23.551656,-47.305100,0, ,0.0,0.0,0.0,0.0,2,18000,0,0,0,0,0,0
TF,SCB,-23.507056,-47.378219,0, ,0.0,0.0,0.0,0.0,0,0,0,0,0,0,0,0

SID,PORB2A,SEGVO,6
IF,PORBI,-23.821494,-46.859106, ,0.0,0.0,0,0,0,0,0,0,0,0
TF,SEGVO,-23.767786,-47.411333,0, ,0.0,0.0,0.0,0.0,0,0,0,0,0,0,0,0

SID,PORB2A,SOVSI,6
IF,PORBI,-23.821494,-46.859106, ,0.0,0.0,0,0,0,0,0,0,0,0
TF,LUVLO,-23.982075,-47.259947,0, ,0.0,0.0,0.0,0.0,0,0,0,0,0,0,0,0
TF,SOVSI,-24.105492,-47.472189,0, ,0.0,0.0,0.0,0.0,0,0,0,0,0,0,0,0

SID,PORB2A,TEMAM,6
IF,PORBI,-23.821494,-46.859106, ,0.0,0.0,0,0,0,0,0,0,0,0
TF,OGNEP,-23.825383,-47.370697,0, ,0.0,0.0,0.0,0.0,0,0,0,0,0,0,0,0
TF,TEMAM,-23.926778,-47.742919,0, ,0.0,0.0,0.0,0.0,0,0,0,0,0,0,0,0

SID,PORB2A,UBSOD,6
IF,PORBI,-23.821494,-46.859106, ,0.0,0.0,0,0,0,0,0,0,0,0
TF,UBSOD,-24.261736,-47.144189,0, ,0.0,0.0,0.0,0.0,0,0,0,0,0,0,0,0

SID,PORB2A,VUTVA,6
IF,PORBI,-23.821494,-46.859106, ,0.0,0.0,0,0,0,0,0,0,0,0
TF,ILMUD,-23.551656,-47.305100,0, ,0.0,0.0,0.0,0.0,2,18000,0,0,0,0,0,0
TF,SCB,-23.507056,-47.378219,0, ,0.0,0.0,0.0,0.0,0,0,0,0,0,0,0,0
TF,VUTVA,-23.447206,-47.573461,0, ,0.0,0.0,0.0,0.0,0,0,0,0,0,0,0,0

SID,PUKR2A,17L,4
DF,SP021,-23.677000,-46.621667,0, ,0.0,0.0,2,3600,0,0,0,0,0,1
DF,MOSRA,-23.665494,-46.455264,0, ,0.0,0.0,3,6000,0,0,0,0,0,0
TF,OGVEN,-23.626661,-46.314406,0, ,0.0,0.0,0.0,0.0,3,10000,0,0,0,0,0,0
TF,IMBID,-23.583500,-46.158500,0, ,0.0,0.0,0.0,0.0,0,0,0,0,0,0,0,0

SID,PUKR2A,17R,4
DF,SP021,-23.677000,-46.621667,0, ,0.0,0.0,2,3600,0,0,0,0,0,1
DF,MOSRA,-23.665494,-46.455264,0, ,0.0,0.0,3,6000,0,0,0,0,0,0
TF,OGVEN,-23.626661,-46.314406,0, ,0.0,0.0,0.0,0.0,3,10000,0,0,0,0,0,0
TF,IMBID,-23.583500,-46.158500,0, ,0.0,0.0,0.0,0.0,0,0,0,0,0,0,0,0

SID,PUKR2A,ALL,5
IF,IMBID,-23.583500,-46.158500, ,0.0,0.0,0,0,0,0,0,0,0,0
TF,PUKRA,-23.557119,-46.063428,0, ,0.0,0.0,0.0,0.0,0,0,0,0,0,0,0,0

SID,PUKR2A,DAGUB,6
IF,PUKRA,-23.557119,-46.063428, ,0.0,0.0,0,0,0,0,0,0,0,0
TF,SCP,-23.233167,-45.860000,0, ,0.0,0.0,0.0,0.0,2,19000,0,0,0,0,0,0
TF,DAGUB,-22.971292,-45.636844,0, ,0.0,0.0,0.0,0.0,3,23000,0,0,0,0,0,0

SID,PUKR2A,DORLU,6
IF,PUKRA,-23.557119,-46.063428, ,0.0,0.0,0,0,0,0,0,0,0,0
TF,DORLU,-23.347000,-45.315667,0, ,0.0,0.0,0.0,0.0,0,0,0,0,0,0,0,0

SID,PUKR2A,UBRIR,6
IF,PUKRA,-23.557119,-46.063428, ,0.0,0.0,0,0,0,0,0,0,0,0
TF,SCP,-23.233167,-45.860000,0, ,0.0,0.0,0.0,0.0,2,19000,0,0,0,0,0,0
TF,TOPEP,-23.044833,-45.849247,0, ,0.0,0.0,0.0,0.0,3,23000,0,0,0,0,0,0
TF,USAMO,-22.692636,-45.825822,0, ,0.0,0.0,0.0,0.0,0,0,0,0,0,0,0,0
TF,UBRIR,-22.203656,-45.801578,0, ,0.0,0.0,0.0,0.0,0,0,0,0,0,0,0,0

SID,PUKR2A,UGPOP,6
IF,PUKRA,-23.557119,-46.063428, ,0.0,0.0,0,0,0,0,0,0,0,0
TF,DORLU,-23.347000,-45.315667,0, ,0.0,0.0,0.0,0.0,0,0,0,0,0,0,0,0
TF,UGPOP,-23.089333,-44.936833,0, ,0.0,0.0,0.0,0.0,0,0,0,0,0,0,0,0

SID,PUKR2A,USAMO,6
IF,PUKRA,-23.557119,-46.063428, ,0.0,0.0,0,0,0,0,0,0,0,0
TF,SCP,-23.233167,-45.860000,0, ,0.0,0.0,0.0,0.0,2,19000,0,0,0,0,0,0
TF,TOPEP,-23.044833,-45.849247,0, ,0.0,0.0,0.0,0.0,3,23000,0,0,0,0,0,0
TF,USAMO,-22.692636,-45.825822,0, ,0.0,0.0,0.0,0.0,0,0,0,0,0,0,0,0

SID,PUKR2B,17L,2
CA,0,169.0,2,3600,0,0,0,0,0,0
CI,1, ,0.0,74.0,0,0,0,0,0,0,0,0
CF,PUKRA,-23.557119,-46.063428,0,CGO,103.8,32.9,104.0,26.0,3,6000,0,0,0,0,0,0
TF,SCP,-23.233167,-45.860000,0, ,0.0,0.0,0.0,0.0,2,19000,0,0,0,0,0,0
TF,TOPEP,-23.044833,-45.849247,0, ,0.0,0.0,0.0,0.0,3,23000,0,0,0,0,0,0
TF,UBRIR,-22.203656,-45.801578,0, ,0.0,0.0,0.0,0.0,0,0,0,0,0,0,0,0

SID,PUKR2B,17R,2
CA,0,169.0,2,3600,0,0,0,0,0,0
CI,1, ,0.0,74.0,0,0,0,0,0,0,0,0
CF,PUKRA,-23.557119,-46.063428,0,CGO,103.8,32.9,104.0,26.0,3,6000,0,0,0,0,0,0
TF,SCP,-23.233167,-45.860000,0, ,0.0,0.0,0.0,0.0,2,19000,0,0,0,0,0,0
TF,TOPEP,-23.044833,-45.849247,0, ,0.0,0.0,0.0,0.0,3,23000,0,0,0,0,0,0
TF,UBRIR,-22.203656,-45.801578,0, ,0.0,0.0,0.0,0.0,0,0,0,0,0,0,0,0

SID,PUKR2F,35L,2
CA,0,349.0,2,3600,0,0,0,0,0,0
VI,2, ,0.0,155.0,0,0,0,0,0,0,0,0
FD,CGO,-23.627464,-46.654636,0,CGO,0.0,8.0,104.0,8.0,0,0,0,1,190,0,0,0
CF,PUKRA,-23.557119,-46.063428,0,CGO,103.8,32.9,104.0,25.0,3,6000,0,0,0,0,0,0

SID,PUKR2F,35R,2
CA,0,349.0,2,3600,0,0,0,0,0,0
VI,2, ,0.0,155.0,0,0,0,0,0,0,0,0
FD,CGO,-23.627464,-46.654636,0,CGO,0.0,8.0,104.0,8.0,0,0,0,1,190,0,0,0
CF,PUKRA,-23.557119,-46.063428,0,CGO,103.8,32.9,104.0,25.0,3,6000,0,0,0,0,0,0

SID,PUKR2F,UBRIR,3
IF,PUKRA,-23.557119,-46.063428, ,0.0,0.0,3,6000,0,0,0,0,0,0
TF,SCP,-23.233167,-45.860000,0, ,0.0,0.0,0.0,0.0,2,19000,0,0,0,0,0,0
TF,TOPEP,-23.044833,-45.849247,0, ,0.0,0.0,0.0,0.0,3,23000,0,0,0,0,0,0
TF,UBRIR,-22.203656,-45.801578,0, ,0.0,0.0,0.0,0.0,0,0,0,0,0,0,0,0

SID,PUKR3E,35L,4
CA,0,349.0,2,3600,0,0,0,0,0,0
DF,SP001,-23.622072,-46.570667,2, ,0.0,0.0,0,0,0,1,220,0,0,0
TF,MOSRA,-23.665494,-46.455264,0, ,0.0,0.0,0.0,0.0,3,6000,0,0,0,0,0,0
TF,OGVEN,-23.626661,-46.314406,0, ,0.0,0.0,0.0,0.0,3,10000,0,0,0,0,0,0
TF,IMBID,-23.583500,-46.158500,0, ,0.0,0.0,0.0,0.0,0,0,0,0,0,0,0,0
TF,PUKRA,-23.557119,-46.063428,0, ,0.0,0.0,0.0,0.0,0,0,0,0,0,0,0,0

SID,PUKR3E,35R,4
CA,0,349.0,2,3600,0,0,0,0,0,0
DF,SP001,-23.622072,-46.570667,2, ,0.0,0.0,0,0,0,1,220,0,0,0
TF,MOSRA,-23.665494,-46.455264,0, ,0.0,0.0,0.0,0.0,3,6000,0,0,0,0,0,0
TF,OGVEN,-23.626661,-46.314406,0, ,0.0,0.0,0.0,0.0,3,10000,0,0,0,0,0,0
TF,IMBID,-23.583500,-46.158500,0, ,0.0,0.0,0.0,0.0,0,0,0,0,0,0,0,0
TF,PUKRA,-23.557119,-46.063428,0, ,0.0,0.0,0.0,0.0,0,0,0,0,0,0,0,0

SID,PUKR3E,DAGUB,6
IF,PUKRA,-23.557119,-46.063428, ,0.0,0.0,0,0,0,0,0,0,0,0
TF,SCP,-23.233167,-45.860000,0, ,0.0,0.0,0.0,0.0,2,19000,0,0,0,0,0,0
TF,DAGUB,-22.971292,-45.636844,0, ,0.0,0.0,0.0,0.0,3,23000,0,0,0,0,0,0

SID,PUKR3E,DORLU,6
IF,PUKRA,-23.557119,-46.063428, ,0.0,0.0,0,0,0,0,0,0,0,0
TF,DORLU,-23.347000,-45.315667,0, ,0.0,0.0,0.0,0.0,0,0,0,0,0,0,0,0

SID,PUKR3E,UBRIR,6
IF,PUKRA,-23.557119,-46.063428, ,0.0,0.0,0,0,0,0,0,0,0,0
TF,SCP,-23.233167,-45.860000,0, ,0.0,0.0,0.0,0.0,2,19000,0,0,0,0,0,0
TF,TOPEP,-23.044833,-45.849247,0, ,0.0,0.0,0.0,0.0,3,23000,0,0,0,0,0,0
TF,USAMO,-22.692636,-45.825822,0, ,0.0,0.0,0.0,0.0,0,0,0,0,0,0,0,0
TF,UBRIR,-22.203656,-45.801578,0, ,0.0,0.0,0.0,0.0,0,0,0,0,0,0,0,0

SID,PUKR3E,UGPOP,6
IF,PUKRA,-23.557119,-46.063428, ,0.0,0.0,0,0,0,0,0,0,0,0
TF,DORLU,-23.347000,-45.315667,0, ,0.0,0.0,0.0,0.0,0,0,0,0,0,0,0,0
TF,UGPOP,-23.089333,-44.936833,0, ,0.0,0.0,0.0,0.0,0,0,0,0,0,0,0,0

SID,PUKR3E,USAMO,6
IF,PUKRA,-23.557119,-46.063428, ,0.0,0.0,0,0,0,0,0,0,0,0
TF,SCP,-23.233167,-45.860000,0, ,0.0,0.0,0.0,0.0,2,19000,0,0,0,0,0,0
TF,TOPEP,-23.044833,-45.849247,0, ,0.0,0.0,0.0,0.0,3,23000,0,0,0,0,0,0
TF,USAMO,-22.692636,-45.825822,0, ,0.0,0.0,0.0,0.0,0,0,0,0,0,0,0,0

STAR,CPN1B,AAQ,1
IF,AAQ,-21.813011,-48.139478, ,0.0,0.0,0,0,0,0,0,0,0,0
TF,PUPSI,-22.474000,-47.892333,0, ,0.0,0.0,0.0,0.0,0,0,0,0,0,0,0,0
TF,UGOTA,-22.648775,-47.644078,0, ,0.0,0.0,0.0,0.0,3,20000,0,0,0,0,0,0
TF,ATILI,-22.699356,-47.572008,0, ,0.0,0.0,0.0,0.0,0,0,0,0,0,0,0,0
TF,CPN,-23.008717,-47.129044,0, ,0.0,0.0,0.0,0.0,2,16000,0,0,0,0,0,0

STAR,CPN1B,ENTIT,1
IF,ENTIT,-22.417511,-46.657975, ,0.0,0.0,0,0,0,0,0,0,0,0
TF,OSAGI,-22.742614,-46.916375,0, ,0.0,0.0,0.0,0.0,2,21000,0,0,0,0,0,0
TF,CPN,-23.008717,-47.129044,0, ,0.0,0.0,0.0,0.0,2,16000,0,0,0,0,0,0

STAR,CPN1B,ISIBI,1
IF,ISIBI,-22.546833,-48.453667, ,0.0,0.0,0,0,0,0,0,0,0,0
TF,PUPSI,-22.474000,-47.892333,0, ,0.0,0.0,0.0,0.0,0,0,0,0,0,0,0,0
TF,UGOTA,-22.648775,-47.644078,0, ,0.0,0.0,0.0,0.0,3,20000,0,0,0,0,0,0
TF,ATILI,-22.699356,-47.572008,0, ,0.0,0.0,0.0,0.0,0,0,0,0,0,0,0,0
TF,CPN,-23.008717,-47.129044,0, ,0.0,0.0,0.0,0.0,2,16000,0,0,0,0,0,0

STAR,CPN1B,17L,3
IF,CPN,-23.008717,-47.129044, ,0.0,0.0,2,16000,0,0,0,0,0,0
TF,UDUKA,-23.259436,-47.092200,0, ,0.0,0.0,0.0,0.0,4,11000,10000,0,0,0,0,0
TF,IROPU,-23.425292,-47.067753,0, ,0.0,0.0,0.0,0.0,3,8000,0,1,210,0,0,0
FM,IROPU,-23.425292,-47.067753,0,CPN,0.0,0.0,125.0,0,0,0,0,0,0,0,0

STAR,CPN1B,17R,3
IF,CPN,-23.008717,-47.129044, ,0.0,0.0,2,16000,0,0,0,0,0,0
TF,UDUKA,-23.259436,-47.092200,0, ,0.0,0.0,0.0,0.0,4,11000,10000,0,0,0,0,0
TF,IROPU,-23.425292,-47.067753,0, ,0.0,0.0,0.0,0.0,3,8000,0,1,210,0,0,0
FM,IROPU,-23.425292,-47.067753,0,CPN,0.0,0.0,125.0,0,0,0,0,0,0,0,0

STAR,CPN1B,35L,3
IF,CPN,-23.008717,-47.129044, ,0.0,0.0,2,16000,0,0,0,0,0,0
TF,UDUKA,-23.259436,-47.092200,0, ,0.0,0.0,0.0,0.0,4,11000,10000,0,0,0,0,0
TF,PANUG,-23.409844,-47.070031,0, ,0.0,0.0,0.0,0.0,0,0,0,0,0,0,0,0
TF,STN,-23.487542,-46.923308,0, ,0.0,0.0,0.0,0.0,3,9000,0,0,0,0,0,0
TF,PUBAG,-23.708908,-46.745328,0, ,0.0,0.0,0.0,0.0,2,8000,0,0,0,0,0,0
TF,OGTAL,-23.856469,-46.625964,0, ,0.0,0.0,0.0,0.0,2,7000,0,0,0,0,0,0
FM,OGTAL,-23.856469,-46.625964,0,STN,0.0,0.0,165.0,0,0,0,0,0,0,0,0

STAR,CPN1B,35R,3
IF,CPN,-23.008717,-47.129044, ,0.0,0.0,2,16000,0,0,0,0,0,0
TF,UDUKA,-23.259436,-47.092200,0, ,0.0,0.0,0.0,0.0,4,11000,10000,0,0,0,0,0
TF,PANUG,-23.409844,-47.070031,0, ,0.0,0.0,0.0,0.0,0,0,0,0,0,0,0,0
TF,STN,-23.487542,-46.923308,0, ,0.0,0.0,0.0,0.0,3,9000,0,0,0,0,0,0
TF,PUBAG,-23.708908,-46.745328,0, ,0.0,0.0,0.0,0.0,2,8000,0,0,0,0,0,0
TF,OGTAL,-23.856469,-46.625964,0, ,0.0,0.0,0.0,0.0,2,7000,0,0,0,0,0,0
FM,OGTAL,-23.856469,-46.625964,0,STN,0.0,0.0,165.0,0,0,0,0,0,0,0,0

STAR,CPN2A,ENTIT,4
IF,ENTIT,-22.417511,-46.657975, ,0.0,0.0,3,27000,0,0,0,0,0,0
TF,OSAGI,-22.742614,-46.916375,0, ,0.0,0.0,0.0,0.0,4,24000,21000,0,0,0,0,0
TF,CPN,-23.008717,-47.129044,0, ,0.0,0.0,0.0,0.0,2,16000,0,0,0,0,0,0

STAR,CPN2A,UGOVU,4
IF,UGOVU,-22.880500,-47.571167, ,0.0,0.0,4,20000,19000,0,0,0,0,0
TF,SP011,-22.915400,-47.451472,0, ,0.0,0.0,0.0,0.0,3,19000,0,0,0,0,0,0
TF,CPN,-23.008717,-47.129044,0, ,0.0,0.0,0.0,0.0,2,16000,0,0,0,0,0,0

STAR,CPN2A,17L,5
IF,CPN,-23.008717,-47.129044, ,0.0,0.0,2,16000,0,0,0,0,0,0
TF,UDUKA,-23.259436,-47.092200,0, ,0.0,0.0,0.0,0.0,4,13000,10000,0,0,0,0,0
TF,IROPU,-23.425292,-47.067753,0, ,0.0,0.0,0.0,0.0,2,7000,0,0,0,0,0,0
TF,LUVDI,-23.493306,-46.806047,0, ,0.0,0.0,0.0,0.0,2,5700,0,0,0,0,0,0

STAR,CPN2A,17R,5
IF,CPN,-23.008717,-47.129044, ,0.0,0.0,2,16000,0,0,0,0,0,0
TF,UDUKA,-23.259436,-47.092200,0, ,0.0,0.0,0.0,0.0,4,13000,10000,0,0,0,0,0
TF,IROPU,-23.425292,-47.067753,0, ,0.0,0.0,0.0,0.0,2,7000,0,0,0,0,0,0
TF,LUVDI,-23.493306,-46.806047,0, ,0.0,0.0,0.0,0.0,2,5700,0,0,0,0,0,0

STAR,CPN2B,ENTIT,4
IF,ENTIT,-22.417511,-46.657975, ,0.0,0.0,3,27000,0,0,0,0,0,0
TF,OSAGI,-22.742614,-46.916375,0, ,0.0,0.0,0.0,0.0,4,24000,21000,0,0,0,0,0
TF,CPN,-23.008717,-47.129044,0, ,0.0,0.0,0.0,0.0,2,16000,0,0,0,0,0,0

STAR,CPN2B,UGOVU,4
IF,UGOVU,-22.880500,-47.571167, ,0.0,0.0,4,20000,19000,0,0,0,0,0
TF,SP011,-22.915400,-47.451472,0, ,0.0,0.0,0.0,0.0,3,19000,0,0,0,0,0,0
TF,CPN,-23.008717,-47.129044,0, ,0.0,0.0,0.0,0.0,2,16000,0,0,0,0,0,0

STAR,CPN2B,35L,5
IF,CPN,-23.008717,-47.129044, ,0.0,0.0,2,16000,0,0,0,0,0,0
TF,UDUKA,-23.259436,-47.092200,0, ,0.0,0.0,0.0,0.0,4,13000,10000,0,0,0,0,0
TF,PANUG,-23.409844,-47.070031,0, ,0.0,0.0,0.0,0.0,0,0,0,0,0,0,0,0
TF,KOMGU,-23.565247,-46.827956,0, ,0.0,0.0,0.0,0.0,3,9000,0,0,0,0,0,0
TF,SP019,-23.702300,-46.733031,0, ,0.0,0.0,0.0,0.0,2,8000,0,0,0,0,0,0
TF,OGTAL,-23.856469,-46.625964,0, ,0.0,0.0,0.0,0.0,2,7000,0,0,0,0,0,0
FM,OGTAL,-23.856469,-46.625964,0,STN,0.0,0.0,170.0,2,7000,0,0,0,0,0,0

STAR,CPN2B,35R,5
IF,CPN,-23.008717,-47.129044, ,0.0,0.0,2,16000,0,0,0,0,0,0
TF,UDUKA,-23.259436,-47.092200,0, ,0.0,0.0,0.0,0.0,4,13000,10000,0,0,0,0,0
TF,PANUG,-23.409844,-47.070031,0, ,0.0,0.0,0.0,0.0,0,0,0,0,0,0,0,0
TF,KOMGU,-23.565247,-46.827956,0, ,0.0,0.0,0.0,0.0,3,9000,0,0,0,0,0,0
TF,SP019,-23.702300,-46.733031,0, ,0.0,0.0,0.0,0.0,2,8000,0,0,0,0,0,0
TF,OGTAL,-23.856469,-46.625964,0, ,0.0,0.0,0.0,0.0,2,7000,0,0,0,0,0,0
FM,OGTAL,-23.856469,-46.625964,0,STN,0.0,0.0,170.0,2,7000,0,0,0,0,0,0

STAR,KOMG3A,ERODU,4
IF,ERODU,-25.239447,-47.503094, ,0.0,0.0,0,0,0,0,0,0,0,0
TF,MADNI,-24.607483,-47.009044,0, ,0.0,0.0,0.0,0.0,3,26000,0,0,0,0,0,0
TF,VUDBU,-24.188281,-46.804483,0, ,0.0,0.0,0.0,0.0,0,0,0,0,0,0,0,0
TF,SP006,-24.092444,-46.752819,0, ,0.0,0.0,0.0,0.0,2,8000,0,0,0,0,0,0
TF,OGTAL,-23.856469,-46.625964,0, ,0.0,0.0,0.0,0.0,0,0,0,0,0,0,0,0
TF,SP002,-23.817922,-46.652764,0, ,0.0,0.0,0.0,0.0,3,9000,0,0,0,0,0,0

STAR,KOMG3A,KOVMU,4
IF,KOVMU,-24.947469,-47.680414, ,0.0,0.0,0,0,0,0,0,0,0,0
TF,MADNI,-24.607483,-47.009044,0, ,0.0,0.0,0.0,0.0,3,26000,0,0,0,0,0,0
TF,VUDBU,-24.188281,-46.804483,0, ,0.0,0.0,0.0,0.0,0,0,0,0,0,0,0,0
TF,SP006,-24.092444,-46.752819,0, ,0.0,0.0,0.0,0.0,2,8000,0,0,0,0,0,0
TF,OGTAL,-23.856469,-46.625964,0, ,0.0,0.0,0.0,0.0,0,0,0,0,0,0,0,0
TF,SP002,-23.817922,-46.652764,0, ,0.0,0.0,0.0,0.0,3,9000,0,0,0,0,0,0

STAR,KOMG3A,KOXAG,4
IF,KOXAG,-25.143117,-46.978917, ,0.0,0.0,0,0,0,0,0,0,0,0
TF,MADNI,-24.607483,-47.009044,0, ,0.0,0.0,0.0,0.0,3,26000,0,0,0,0,0,0
TF,VUDBU,-24.188281,-46.804483,0, ,0.0,0.0,0.0,0.0,0,0,0,0,0,0,0,0
TF,SP006,-24.092444,-46.752819,0, ,0.0,0.0,0.0,0.0,2,8000,0,0,0,0,0,0
TF,OGTAL,-23.856469,-46.625964,0, ,0.0,0.0,0.0,0.0,0,0,0,0,0,0,0,0
TF,SP002,-23.817922,-46.652764,0, ,0.0,0.0,0.0,0.0,3,9000,0,0,0,0,0,0

STAR,KOMG3A,PAGOG,4
IF,PAGOG,-23.619544,-45.690019, ,0.0,0.0,3,24000,0,0,0,0,0,0
TF,SP007,-23.737483,-46.258511,0, ,0.0,0.0,0.0,0.0,4,13000,8000,0,0,0,0,0
TF,ILSOR,-23.755667,-46.347167,0, ,0.0,0.0,0.0,0.0,0,0,0,0,0,0,0,0
TF,SP002,-23.817922,-46.652764,0, ,0.0,0.0,0.0,0.0,3,9000,0,0,0,0,0,0

STAR,KOMG3A,VUKIK,4
IF,VUKIK,-23.849058,-45.644797, ,0.0,0.0,3,24000,0,0,0,0,0,0
TF,ETETO,-23.897931,-45.868500,0, ,0.0,0.0,0.0,0.0,3,20000,0,0,0,0,0,0
TF,TOGES,-23.917167,-45.957000,0, ,0.0,0.0,0.0,0.0,0,0,0,0,0,0,0,0
TF,OGDUP,-23.936281,-46.045422,0, ,0.0,0.0,0.0,0.0,4,17000,14000,0,0,0,0,0
TF,SAT,-23.983150,-46.263339,0, ,0.0,0.0,0.0,0.0,0,0,0,0,0,0,0,0
TF,OGTAL,-23.856469,-46.625964,0, ,0.0,0.0,0.0,0.0,0,0,0,0,0,0,0,0
TF,SP002,-23.817922,-46.652764,0, ,0.0,0.0,0.0,0.0,3,9000,0,0,0,0,0,0

STAR,KOMG3A,17L,5
IF,SP002,-23.817922,-46.652764, ,0.0,0.0,3,9000,0,0,0,0,0,0
TF,SP003,-23.664275,-46.759392,0, ,0.0,0.0,0.0,0.0,2,7000,0,0,0,0,0,0
TF,KOMGU,-23.565247,-46.827956,0, ,0.0,0.0,0.0,0.0,2,6000,0,0,0,0,0,0
FM,KOMGU,-23.565247,-46.827956,0,STN,0.0,0.0,285.0,2,6000,0,0,0,0,0,0

STAR,KOMG3A,17R,5
IF,SP002,-23.817922,-46.652764, ,0.0,0.0,3,9000,0,0,0,0,0,0
TF,SP003,-23.664275,-46.759392,0, ,0.0,0.0,0.0,0.0,2,7000,0,0,0,0,0,0
TF,KOMGU,-23.565247,-46.827956,0, ,0.0,0.0,0.0,0.0,2,6000,0,0,0,0,0,0
FM,KOMGU,-23.565247,-46.827956,0,STN,0.0,0.0,285.0,2,6000,0,0,0,0,0,0

STAR,PAGO2A,35L,5
IF,PAGOG,-23.619544,-45.690019, ,0.0,0.0,3,17000,0,0,0,0,0,0
TF,SP007,-23.737483,-46.258511,0, ,0.0,0.0,0.0,0.0,4,10000,8000,0,0,0,0,0
TF,ISOVU,-23.772500,-46.433864,0, ,0.0,0.0,0.0,0.0,2,7000,0,0,0,0,0,0

STAR,PAGO2A,35R,5
IF,PAGOG,-23.619544,-45.690019, ,0.0,0.0,3,17000,0,0,0,0,0,0
TF,SP007,-23.737483,-46.258511,0, ,0.0,0.0,0.0,0.0,4,10000,8000,0,0,0,0,0
TF,ISOVU,-23.772500,-46.433864,0, ,0.0,0.0,0.0,0.0,2,7000,0,0,0,0,0,0

STAR,SALT1B,IMBEK,1
IF,IMBEK,-25.061667,-46.902000, ,0.0,0.0,0,0,0,0,0,0,0,0
TF,NEGUS,-24.505917,-46.968500,0, ,0.0,0.0,0.0,0.0,0,0,0,0,0,0,0,0
TF,VUDBU,-24.188281,-46.804483,0, ,0.0,0.0,0.0,0.0,0,0,0,0,0,0,0,0
TF,SALTU,-23.814439,-46.603422,0, ,0.0,0.0,0.0,0.0,3,9000,0,0,0,0,0,0

STAR,SALT1B,NEGUS,1
IF,NEGUS,-24.505917,-46.968500, ,0.0,0.0,0,0,0,0,0,0,0,0
TF,VUDBU,-24.188281,-46.804483,0, ,0.0,0.0,0.0,0.0,0,0,0,0,0,0,0,0
TF,SALTU,-23.814439,-46.603422,0, ,0.0,0.0,0.0,0.0,3,9000,0,0,0,0,0,0

STAR,SALT1B,RONUT,1
IF,RONUT,-25.209500,-47.251000, ,0.0,0.0,0,0,0,0,0,0,0,0
TF,NEGUS,-24.505917,-46.968500,0, ,0.0,0.0,0.0,0.0,0,0,0,0,0,0,0,0
TF,VUDBU,-24.188281,-46.804483,0, ,0.0,0.0,0.0,0.0,0,0,0,0,0,0,0,0
TF,SALTU,-23.814439,-46.603422,0, ,0.0,0.0,0.0,0.0,3,9000,0,0,0,0,0,0

STAR,SALT1B,VUKIK,1
IF,VUKIK,-23.849058,-45.644797, ,0.0,0.0,0,0,0,0,0,0,0,0
TF,ETETO,-23.897931,-45.868500,0, ,0.0,0.0,0.0,0.0,3,20000,0,0,0,0,0,0
TF,TOGES,-23.917167,-45.957000,0, ,0.0,0.0,0.0,0.0,0,0,0,0,0,0,0,0
TF,OGDUP,-23.936281,-46.045422,0, ,0.0,0.0,0.0,0.0,4,19000,15000,0,0,0,0,0
TF,SAT,-23.983150,-46.263339,0, ,0.0,0.0,0.0,0.0,0,0,0,0,0,0,0,0
TF,SALTU,-23.814439,-46.603422,0, ,0.0,0.0,0.0,0.0,3,9000,0,0,0,0,0,0

STAR,SALT1B,17L,2
IF,SALTU,-23.814439,-46.603422, ,0.0,0.0,3,9000,0,0,0,0,0,0
TF,UDUXI,-23.661911,-46.752958,0, ,0.0,0.0,0.0,0.0,2,8000,0,0,0,0,0,0
TF,OPRON,-23.575181,-46.837392,0, ,0.0,0.0,0.0,0.0,2,6000,0,0,0,0,0,0
FM,OPRON,-23.575181,-46.837392,0,STN,0.0,0.0,310.0,0,0,0,0,0,0,0,0

STAR,SALT1B,17R,2
IF,SALTU,-23.814439,-46.603422, ,0.0,0.0,3,9000,0,0,0,0,0,0
TF,UDUXI,-23.661911,-46.752958,0, ,0.0,0.0,0.0,0.0,2,8000,0,0,0,0,0,0
TF,OPRON,-23.575181,-46.837392,0, ,0.0,0.0,0.0,0.0,2,6000,0,0,0,0,0,0
FM,OPRON,-23.575181,-46.837392,0,STN,0.0,0.0,310.0,0,0,0,0,0,0,0,0

STAR,SAT1B,35L,2
IF,VUKIK,-23.849058,-45.644797, ,0.0,0.0,0,0,0,0,0,0,0,0
TF,ETETO,-23.897931,-45.868500,0, ,0.0,0.0,0.0,0.0,3,19000,0,0,0,0,0,0
TF,TOGES,-23.917167,-45.957000,0, ,0.0,0.0,0.0,0.0,0,0,0,0,0,0,0,0
TF,OGDUP,-23.936281,-46.045422,0, ,0.0,0.0,0.0,0.0,4,19000,15000,0,0,0,0,0
TF,SAT,-23.983150,-46.263339,0, ,0.0,0.0,0.0,0.0,0,0,0,1,210,0,0,0
TF,NAXUP,-23.854167,-46.452833,0, ,0.0,0.0,0.0,0.0,2,7000,0,0,0,0,0,0

STAR,SAT1B,35R,2
IF,VUKIK,-23.849058,-45.644797, ,0.0,0.0,0,0,0,0,0,0,0,0
TF,ETETO,-23.897931,-45.868500,0, ,0.0,0.0,0.0,0.0,3,19000,0,0,0,0,0,0
TF,TOGES,-23.917167,-45.957000,0, ,0.0,0.0,0.0,0.0,0,0,0,0,0,0,0,0
TF,OGDUP,-23.936281,-46.045422,0, ,0.0,0.0,0.0,0.0,4,19000,15000,0,0,0,0,0
TF,SAT,-23.983150,-46.263339,0, ,0.0,0.0,0.0,0.0,0,0,0,1,210,0,0,0
TF,NAXUP,-23.854167,-46.452833,0, ,0.0,0.0,0.0,0.0,2,7000,0,0,0,0,0,0

STAR,SAT2A,35L,5
IF,VUKIK,-23.849058,-45.644797, ,0.0,0.0,3,18000,0,0,0,0,0,0
TF,ETETO,-23.897931,-45.868500,0, ,0.0,0.0,0.0,0.0,0,0,0,0,0,0,0,0
TF,TOGES,-23.917167,-45.957000,0, ,0.0,0.0,0.0,0.0,0,0,0,0,0,0,0,0
TF,OGDUP,-23.936281,-46.045422,0, ,0.0,0.0,0.0,0.0,4,17000,14000,0,0,0,0,0
TF,SAT,-23.983150,-46.263339,0, ,0.0,0.0,0.0,0.0,0,0,0,0,0,0,0,0
TF,NAXUP,-23.854167,-46.452833,0, ,0.0,0.0,0.0,0.0,2,7000,0,0,0,0,0,0

STAR,SAT2A,35R,5
IF,VUKIK,-23.849058,-45.644797, ,0.0,0.0,3,18000,0,0,0,0,0,0
TF,ETETO,-23.897931,-45.868500,0, ,0.0,0.0,0.0,0.0,0,0,0,0,0,0,0,0
TF,TOGES,-23.917167,-45.957000,0, ,0.0,0.0,0.0,0.0,0,0,0,0,0,0,0,0
TF,OGDUP,-23.936281,-46.045422,0, ,0.0,0.0,0.0,0.0,4,17000,14000,0,0,0,0,0
TF,SAT,-23.983150,-46.263339,0, ,0.0,0.0,0.0,0.0,0,0,0,0,0,0,0,0
TF,NAXUP,-23.854167,-46.452833,0, ,0.0,0.0,0.0,0.0,2,7000,0,0,0,0,0,0

STAR,VUDB1B,IMBEK,1
IF,IMBEK,-25.061667,-46.902000, ,0.0,0.0,0,0,0,0,0,0,0,0
TF,NEGUS,-24.505917,-46.968500,0, ,0.0,0.0,0.0,0.0,0,0,0,0,0,0,0,0
TF,VUDBU,-24.188281,-46.804483,0, ,0.0,0.0,0.0,0.0,0,0,0,0,0,0,0,0

STAR,VUDB1B,NEGUS,1
IF,NEGUS,-24.505917,-46.968500, ,0.0,0.0,0,0,0,0,0,0,0,0
TF,VUDBU,-24.188281,-46.804483,0, ,0.0,0.0,0.0,0.0,0,0,0,0,0,0,0,0

STAR,VUDB1B,RONUT,1
IF,RONUT,-25.209500,-47.251000, ,0.0,0.0,0,0,0,0,0,0,0,0
TF,NEGUS,-24.505917,-46.968500,0, ,0.0,0.0,0.0,0.0,0,0,0,0,0,0,0,0
TF,VUDBU,-24.188281,-46.804483,0, ,0.0,0.0,0.0,0.0,0,0,0,0,0,0,0,0

STAR,VUDB1B,35L,2
IF,VUDBU,-24.188281,-46.804483, ,0.0,0.0,0,0,0,0,0,0,0,0
TF,OGTAL,-23.856469,-46.625964,0, ,0.0,0.0,0.0,0.0,2,7000,0,0,0,0,0,0
FM,OGTAL,-23.856469,-46.625964,2,RDE,0.0,0.0,165.0,0,0,0,0,0,0,0,0

STAR,VUDB1B,35R,2
IF,VUDBU,-24.188281,-46.804483, ,0.0,0.0,0,0,0,0,0,0,0,0
TF,OGTAL,-23.856469,-46.625964,0, ,0.0,0.0,0.0,0.0,2,7000,0,0,0,0,0,0
FM,OGTAL,-23.856469,-46.625964,2,RDE,0.0,0.0,165.0,0,0,0,0,0,0,0,0

STAR,VUDB2A,ERODU,4
IF,ERODU,-25.239447,-47.503094, ,0.0,0.0,0,0,0,0,0,0,0,0
TF,MADNI,-24.607483,-47.009044,0, ,0.0,0.0,0.0,0.0,3,26000,0,0,0,0,0,0

STAR,VUDB2A,KOVMU,4
IF,KOVMU,-24.947469,-47.680414, ,0.0,0.0,0,0,0,0,0,0,0,0
TF,MADNI,-24.607483,-47.009044,0, ,0.0,0.0,0.0,0.0,3,26000,0,0,0,0,0,0

STAR,VUDB2A,KOXAG,4
IF,KOXAG,-25.143117,-46.978917, ,0.0,0.0,0,0,0,0,0,0,0,0
TF,MADNI,-24.607483,-47.009044,0, ,0.0,0.0,0.0,0.0,3,26000,0,0,0,0,0,0

STAR,VUDB2A,35L,5
IF,MADNI,-24.607483,-47.009044, ,0.0,0.0,3,26000,0,0,0,0,0,0
TF,VUDBU,-24.188281,-46.804483,0, ,0.0,0.0,0.0,0.0,0,0,0,0,0,0,0,0
TF,SP006,-24.092444,-46.752819,0, ,0.0,0.0,0.0,0.0,2,8000,0,0,0,0,0,0
TF,OGTAL,-23.856469,-46.625964,0, ,0.0,0.0,0.0,0.0,2,7000,0,0,0,0,0,0
FM,OGTAL,-23.856469,-46.625964,2,STN,0.0,0.0,170.0,2,7000,0,0,0,0,0,0

STAR,VUDB2A,35R,5
IF,MADNI,-24.607483,-47.009044, ,0.0,0.0,3,26000,0,0,0,0,0,0
TF,VUDBU,-24.188281,-46.804483,0, ,0.0,0.0,0.0,0.0,0,0,0,0,0,0,0,0
TF,SP006,-24.092444,-46.752819,0, ,0.0,0.0,0.0,0.0,2,8000,0,0,0,0,0,0
TF,OGTAL,-23.856469,-46.625964,0, ,0.0,0.0,0.0,0.0,2,7000,0,0,0,0,0,0
FM,OGTAL,-23.856469,-46.625964,2,STN,0.0,0.0,170.0,2,7000,0,0,0,0,0,0

APPTR,D17LZ,17L,OPRON
IF,OPRON,-23.575181,-46.837392, ,0.0,0.0,2,6000,0,0,0,0,1,0
AF,GERSU,-23.511389,-46.736139,2,RDE,354.2,25.4,339.0,2,4800,0,0,0,0,1,0

APPTR,D17LZ,17L,STN
IF,STN,-23.487542,-46.923308, ,0.0,0.0,1,6000,0,0,0,0,1,0
TF,STN01,-23.499975,-46.825953,0, ,0.0,0.0,0.0,0.0,2,5700,0,0,0,0,0,0
TF,STN02,-23.507969,-46.763086,0, ,0.0,0.0,0.0,0.0,2,5000,0,0,0,0,0,0
TF,GERSU,-23.511389,-46.736139,0, ,0.0,0.0,0.0,0.0,2,4800,0,0,0,0,1,0

FINAL,D17LZ,17L,D,4
IF,GERSU,-23.511389,-46.736139,CGO,348.1,8.3,2,4800,0,0,0,0,0,0
CF,RENIT,-23.549467,-46.709839,0,CGO,347.9,5.6,168.0,2.7,2,4240,0,0,0,0,2,0
CF,SP008,-23.575689,-46.690939,0,CGO,348.1,3.7,168.0,1.8,2,3500,0,0,0,0,0,0
CF,RW17L,-23.620792,-46.657994,0,CGO,356.1,0.4,168.0,3.2,1,2639,0,0,0,0,3,0
CF,CGO,-23.627464,-46.654636,0,CGO,0.0,0.0,168.0,0.5,0,0,0,0,0,0,0,0
FA,CGO,-23.627464,-46.654636,0,CGO,0.0,0.0,168.0,2,4000,0,0,0,0,0,0
CF,OPRON,-23.575181,-46.837392,2,RDE,338.9,25.4,339.0,11.0,2,6000,0,1,180,0,0,0
HM,OPRON,-23.575181,-46.837392,1, ,0.0,0.0,339.0,04.3,2,6000,0,1,180,0,0,0,0

APPTR,D17RZ,17R,OPRON
IF,OPRON,-23.575181,-46.837392, ,0.0,0.0,2,6000,0,0,0,0,1,0
AF,GERSU,-23.511389,-46.736139,2,RDE,354.2,25.4,339.0,2,4800,0,0,0,0,1,0

APPTR,D17RZ,17R,STN
IF,STN,-23.487542,-46.923308, ,0.0,0.0,1,6000,0,0,0,0,1,0
TF,STN01,-23.499975,-46.825953,0, ,0.0,0.0,0.0,0.0,2,5700,0,0,0,0,0,0
TF,STN02,-23.507969,-46.763086,0, ,0.0,0.0,0.0,0.0,2,5000,0,0,0,0,0,0
TF,GERSU,-23.511389,-46.736139,0, ,0.0,0.0,0.0,0.0,2,4800,0,0,0,0,1,0

FINAL,D17RZ,17R,D,4
IF,GERSU,-23.511389,-46.736139,CGO,348.1,8.3,2,4800,0,0,0,0,0,0
CF,RENIT,-23.549467,-46.709839,0,CGO,347.9,5.6,168.0,2.7,2,4240,0,0,0,0,2,0
CF,SP008,-23.575689,-46.690939,0,CGO,348.1,3.7,168.0,1.8,2,3500,0,0,0,0,0,0
CF,RW17R,-23.620950,-46.660425,0,CGO,341.7,0.5,168.0,3.2,1,2645,0,0,0,0,3,0
CF,CGO,-23.627464,-46.654636,0,CGO,0.0,0.0,168.0,0.5,0,0,0,0,0,0,0,0
FA,CGO,-23.627464,-46.654636,0,CGO,0.0,0.0,168.0,2,4000,0,0,0,0,0,0
CF,OPRON,-23.575181,-46.837392,2,RDE,338.9,25.4,339.0,11.0,2,6000,0,1,180,0,0,0
HM,OPRON,-23.575181,-46.837392,1, ,0.0,0.0,339.0,04.3,2,6000,0,1,180,0,0,0,0

APPTR,D35LZ,35L,NAXUP
IF,NAXUP,-23.854167,-46.452833, ,0.0,0.0,2,7000,0,0,0,0,1,0
TF,USITO,-23.794333,-46.540333,0, ,0.0,0.0,0.0,0.0,2,6300,0,0,0,0,1,0

APPTR,D35LZ,35L,OGTAL
IF,OGTAL,-23.856469,-46.625964, ,0.0,0.0,2,7000,0,0,0,0,1,0
AF,D168N,-23.822364,-46.520886,1,CGO,168.7,13.8,194.0,0,0,0,0,0,0,0,0
TF,USITO,-23.794333,-46.540333,0, ,0.0,0.0,0.0,0.0,2,6300,0,0,0,0,1,0

FINAL,D35LZ,35L,D,3
IF,USITO,-23.794333,-46.540333,CGO,168.8,11.8,2,6300,0,0,0,0,0,0
CF,DAD,-23.705586,-46.601314,0,CGO,168.9,5.5,348.0,6.3,2,4280,0,0,0,0,2,0
CF,RW35L,-23.634303,-46.651186,0,CGO,176.1,0.5,348.0,5.0,1,2684,0,0,0,0,3,0
CF,CGO,-23.627464,-46.654636,0,CGO,0.0,0.0,348.0,0.5,0,0,0,0,0,0,0,1
CA,0,348.0,2,3500,0,0,0,0,0,0
CF,OGTAL,-23.856469,-46.625964,1,CGO,194.4,13.8,194.0,13.8,2,7000,0,1,230,0,0,1
HM,OGTAL,-23.856469,-46.625964,1, ,0.0,0.0,14.0,04.3,2,7000,0,1,230,0,0,0,0

APPTR,D35RZ,35R,NAXUP
IF,NAXUP,-23.854167,-46.452833, ,0.0,0.0,2,7000,0,0,0,0,1,0
TF,USITO,-23.794333,-46.540333,0, ,0.0,0.0,0.0,0.0,2,6300,0,0,0,0,1,0

APPTR,D35RZ,35R,OGTAL
IF,OGTAL,-23.856469,-46.625964, ,0.0,0.0,2,7000,0,0,0,0,1,0
AF,D168N,-23.822364,-46.520886,1,CGO,168.7,13.8,194.0,0,0,0,0,0,0,0,0
TF,USITO,-23.794333,-46.540333,0, ,0.0,0.0,0.0,0.0,2,6300,0,0,0,0,1,0

FINAL,D35RZ,35R,D,3
IF,USITO,-23.794333,-46.540333,CGO,168.8,11.8,2,6300,0,0,0,0,0,0
CF,DAD,-23.705586,-46.601314,0,CGO,168.9,5.5,348.0,6.3,2,4280,0,0,0,0,2,0
CF,RW35R,-23.631728,-46.650431,0,CGO,158.8,0.3,348.0,5.2,1,2679,0,0,0,0,3,0
CF,CGO,-23.627464,-46.654636,0,CGO,0.0,0.0,348.0,0.3,0,0,0,0,0,0,0,1
CA,0,348.0,2,3500,0,0,0,0,0,0
CF,OGTAL,-23.856469,-46.625964,1,CGO,194.4,13.8,194.0,13.8,2,7000,0,1,230,0,0,1
HM,OGTAL,-23.856469,-46.625964,1, ,0.0,0.0,14.0,04.3,2,7000,0,1,230,0,0,0,0

APPTR,I17RY,17R,OPRON
IF,OPRON,-23.575181,-46.837392, ,0.0,0.0,2,6000,0,0,0,0,1,0
AF,D349Y,-23.530183,-46.772564,2,RDE,349.0,25.4,339.0,2,4800,0,0,0,0,0,0
VI,0,ISP,0.0,124.0,0,0,0,0,0,0,0,0

APPTR,I17RY,17R,STN
IF,STN,-23.487542,-46.923308, ,0.0,0.0,1,6000,0,0,0,0,1,0
TF,STN01,-23.499975,-46.825953,0, ,0.0,0.0,0.0,0.0,2,5700,0,0,0,0,0,0
TF,STN02,-23.507969,-46.763086,0, ,0.0,0.0,0.0,0.0,2,5000,0,0,0,0,0,0
CF,GERSU,-23.511389,-46.736139,0,ISP,348.5,9.0,119.0,1.5,2,4800,0,1,160,0,1,0

FINAL,I17RY,17R,I,3
IF,GERSU,-23.511389,-46.736139,ISP,348.5,9.0,2,4800,0,1,160,0,0,0
CF,RENIT,-23.549467,-46.709839,0,ISP,348.5,6.3,169.0,2.7,1,4210,0,0,0,0,2,0
CF,RW17R,-23.620950,-46.660425,0,ISP,348.4,1.2,169.0,5.0,1,2644,0,0,0,0,3,0
CA,0,169.0,2,4000,0,0,0,0,0,0
CF,OPRON,-23.575181,-46.837392,2,RDE,338.9,25.4,339.0,12.0,2,6000,0,1,180,0,0,0
HM,OPRON,-23.575181,-46.837392,1, ,0.0,0.0,339.0,04.3,2,6000,0,1,180,0,0,0,0

APPTR,I17RZ,17R,KOMGU
IF,KOMGU,-23.565247,-46.827956, ,0.0,0.0,2,6000,0,1,210,0,1,0
TF,GERSU,-23.511389,-46.736139,0,ISP,0.0,0.0,0.0,0.0,2,4800,0,1,160,0,1,0

APPTR,I17RZ,17R,LUVDI
IF,LUVDI,-23.493306,-46.806047, ,0.0,0.0,2,5700,0,0,0,0,1,0
TF,GERSU,-23.511389,-46.736139,0,ISP,0.0,0.0,0.0,0.0,2,4800,0,1,160,0,1,0

FINAL,I17RZ,17R,I,3
IF,GERSU,-23.511389,-46.736139,ISP,348.5,9.0,2,4800,0,1,160,0,0,0
CF,RENIT,-23.549467,-46.709839,0,ISP,348.5,6.3,169.0,2.7,1,4210,0,0,0,0,2,0
CF,RW17R,-23.620950,-46.660425,0,ISP,348.4,1.2,169.0,5.1,1,2644,0,0,0,0,3,1
CA,0,169.0,2,4000,0,0,0,0,0,0
CF,KOMGU,-23.565247,-46.827956,2,CGO,312.3,10.3,349.0,12.0,2,6000,0,1,210,0,0,1
HM,KOMGU,-23.565247,-46.827956,1, ,0.0,0.0,349.0,04.3,2,6000,0,0,0,0,0,0,0

APPTR,I35LY,35L,NAXUP
IF,NAXUP,-23.854167,-46.452833, ,0.0,0.0,2,7000,0,0,0,0,1,0
CF,SP340,-23.776797,-46.552492,0,ISO,168.5,11.2,332.0,7.2,2,5000,0,0,0,0,1,0

APPTR,I35LY,35L,OGTAL
IF,OGTAL,-23.856469,-46.625964, ,0.0,0.0,2,7000,0,0,0,0,1,0
AF,SP014,-23.822361,-46.520914,1,CGO,168.8,13.8,195.0,2,5000,0,0,0,0,0,0
CF,SP340,-23.776797,-46.552492,0,ISO,168.5,11.2,349.0,3.2,2,5000,0,0,0,0,1,0

FINAL,I35LY,35L,I,3
IF,SP340,-23.776797,-46.552492,ISO,168.5,11.2,2,5000,0,0,0,0,0,0
CF,SURBU,-23.705247,-46.602061,0,ISO,168.5,6.1,349.0,5.1,1,4290,0,0,0,0,2,0
CF,RW35L,-23.634303,-46.651186,0,ISO,168.6,1.1,349.0,5.0,1,2689,0,0,0,0,3,0
VA,0,349.0,2,3500,0,1,220,0,0,0
VI,1, ,0.0,160.0,0,0,0,1,220,0,0,0
CF,OGTAL,-23.856469,-46.625964,0,CGO,194.4,13.8,195.0,8.0,2,7000,0,0,0,0,0,0
HM,OGTAL,-23.856469,-46.625964,1, ,0.0,0.0,15.0,04.3,2,7000,0,0,0,0,0,0,0

APPTR,I35LZ,35L,ISOVU
IF,ISOVU,-23.772500,-46.433864, ,0.0,0.0,2,7000,0,0,0,0,1,0
TF,USITO,-23.794333,-46.540333,0,ISO,0.0,0.0,0.0,0.0,2,6000,0,0,0,0,1,0

APPTR,I35LZ,35L,NAXUP
IF,NAXUP,-23.854167,-46.452833, ,0.0,0.0,2,7000,0,0,0,0,1,0
TF,USITO,-23.794333,-46.540333,0,ISO,0.0,0.0,0.0,0.0,2,6000,0,0,0,0,1,0

APPTR,I35LZ,35L,OGTAL
IF,OGTAL,-23.856469,-46.625964, ,0.0,0.0,2,7000,0,0,0,0,1,0
TF,USITO,-23.794333,-46.540333,0,ISO,0.0,0.0,0.0,0.0,2,6000,0,0,0,0,1,0

FINAL,I35LZ,35L,I,3
IF,USITO,-23.794333,-46.540333,ISO,169.5,12.4,2,6000,0,0,0,0,0,0
CF,SURBU,-23.705247,-46.602061,0,ISO,169.5,6.1,349.0,6.3,1,4290,0,0,0,0,2,0
CF,RW35L,-23.634303,-46.651186,0,ISO,169.6,1.1,349.0,5.0,1,2689,0,0,0,0,3,0
CA,0,349.0,2,3500,0,0,0,0,0,0
DF,OGTAL,-23.856469,-46.625964,1, ,0.0,0.0,2,7000,0,0,0,0,0,1
HM,OGTAL,-23.856469,-46.625964,2, ,0.0,0.0,73.0,04.3,2,7000,0,0,0,0,0,0,0

APPTR,R17LS,17L,KOMGU
IF,KOMGU,-23.565247,-46.827956, ,0.0,0.0,2,6000,0,0,0,0,1,0
TF,SP048,-23.512194,-46.733022,0, ,0.0,0.0,0.0,0.0,2,4800,0,0,0,0,1,0

APPTR,R17LS,17L,LUVDI
IF,LUVDI,-23.493306,-46.806047, ,0.0,0.0,2,5700,0,0,0,0,1,0
TF,SP048,-23.512194,-46.733022,0, ,0.0,0.0,0.0,0.0,2,4800,0,0,0,0,1,0

FINAL,R17LS,17L,R,5
IF,SP048,-23.512194,-46.733022, ,0.0,0.0,2,4800,0,0,0,0,0,0
TF,SP049,-23.558744,-46.700881,0, ,0.0,0.0,169.0,3.3,2,4040,0,0,0,0,2,0
TF,SP117,-23.577711,-46.687772,0, ,0.0,0.0,169.0,1.3,2,3630,0,0,0,0,0,0
TF,SP116,-23.590547,-46.678903,0, ,0.0,0.0,169.0,0.9,2,3340,0,0,0,0,0,0
TF,RW17L,-23.620792,-46.657994,0, ,0.0,0.0,169.0,2.1,1,2639,0,0,0,0,3,1
CA,0,169.0,2,4000,0,0,0,0,0,0
DF,KOMGU,-23.565247,-46.827956,2, ,0.0,0.0,2,6000,0,0,0,0,0,1
HM,KOMGU,-23.565247,-46.827956,1, ,0.0,0.0,349.0,04.3,2,6000,0,0,0,0,0,0,0

APPTR,R17RX,17R,SP059
IF,SP059,-23.698000,-46.773069, ,0.0,0.0,2,8000,0,0,0,0,1,0
TF,SP061,-23.660833,-46.799644,0, ,0.0,0.0,0.0,0.0,2,6700,0,0,0,0,1,0

FINAL,R17RX,17R,R,5
IF,SP061,-23.660833,-46.799644, ,0.0,0.0,2,6700,0,0,0,0,0,0
RF,SP062,-23.593353,-46.802161,2,SP065,87.0,3.9,2,4500,0,0,0,0,0,0
RF,SP063,-23.562411,-46.723403,2,SP065,146.3,3.9,2,4203,0,0,0,0,2,0
RF,SP064,-23.590367,-46.681575,2,SP065,167.8,3.9,2,3306,0,0,0,0,0,0
TF,RW17R,-23.620950,-46.660425,0, ,0.0,0.0,168.0,2.2,1,2639,0,0,0,0,3,0
VA,0,168.0,2,4000,0,0,0,0,0,0
DF,MOTBA,-23.544467,-46.882733,2, ,0.0,0.0,2,7000,0,0,0,0,0,1
HM,MOTBA,-23.544467,-46.882733,2, ,0.0,0.0,81.0,04.3,2,7000,0,0,0,0,0,0,0

APPTR,R17RZ,17R,KOMGU
IF,KOMGU,-23.565247,-46.827956, ,0.0,0.0,2,6000,0,1,210,0,1,0
TF,GERSU,-23.511389,-46.736139,0, ,0.0,0.0,0.0,0.0,2,4800,0,1,160,0,1,0

APPTR,R17RZ,17R,LUVDI
IF,LUVDI,-23.493306,-46.806047, ,0.0,0.0,2,5700,0,0,0,0,1,0
TF,GERSU,-23.511389,-46.736139,0, ,0.0,0.0,0.0,0.0,2,4800,0,1,160,0,1,0

FINAL,R17RZ,17R,R,3
IF,GERSU,-23.511389,-46.736139, ,0.0,0.0,2,4800,0,1,160,0,0,0
TF,RENIT,-23.549467,-46.709839,0, ,0.0,0.0,169.0,2.7,2,4253,0,0,0,0,2,0
TF,RW17R,-23.620950,-46.660425,0, ,0.0,0.0,169.0,5.1,1,2640,0,0,0,0,3,1
CA,0,169.0,2,4000,0,0,0,0,0,0
CF,KOMGU,-23.565247,-46.827956,2,RDE,340.7,25.5,349.0,12.0,2,6000,0,0,0,0,0,1
HM,KOMGU,-23.565247,-46.827956,1, ,0.0,0.0,349.0,04.3,2,6000,0,0,0,0,0,0,0

APPTR,R35LY,35L,ISOVU
IF,ISOVU,-23.772500,-46.433864, ,0.0,0.0,2,7000,0,0,0,0,1,0
TF,USITO,-23.794333,-46.540333,0, ,0.0,0.0,0.0,0.0,2,6300,0,0,0,0,1,0

APPTR,R35LY,35L,NAXUP
IF,NAXUP,-23.854167,-46.452833, ,0.0,0.0,2,7000,0,0,0,0,1,0
TF,USITO,-23.794333,-46.540333,0, ,0.0,0.0,0.0,0.0,2,6300,0,0,0,0,1,0

APPTR,R35LY,35L,OGTAL
IF,OGTAL,-23.856469,-46.625964, ,0.0,0.0,2,7000,0,0,0,0,1,0
TF,USITO,-23.794333,-46.540333,0, ,0.0,0.0,0.0,0.0,2,6300,0,0,0,0,1,0

FINAL,R35LY,35L,R,3
IF,USITO,-23.794333,-46.540333, ,0.0,0.0,2,6300,0,0,0,0,0,0
TF,SP043,-23.705247,-46.602061,0, ,0.0,0.0,348.0,6.3,2,4280,0,0,0,0,2,0
TF,RW35L,-23.634303,-46.651186,0, ,0.0,0.0,348.0,5.0,1,2680,0,0,0,0,3,1
CA,0,348.0,2,3500,0,0,0,0,0,0
DF,OGTAL,-23.856469,-46.625964,1, ,0.0,0.0,2,7000,0,0,0,0,0,1
HM,OGTAL,-23.856469,-46.625964,2, ,0.0,0.0,73.0,04.3,2,7000,0,0,0,0,0,0,0

APPTR,R35RT,35R,ISOVU
IF,ISOVU,-23.772500,-46.433864, ,0.0,0.0,2,7000,0,0,0,0,1,0
TF,SP044,-23.788803,-46.541622,0, ,0.0,0.0,0.0,0.0,2,5500,0,0,0,0,1,0

APPTR,R35RT,35R,NAXUP
IF,NAXUP,-23.854167,-46.452833, ,0.0,0.0,2,7000,0,0,0,0,1,0
TF,SP044,-23.788803,-46.541622,0, ,0.0,0.0,0.0,0.0,2,5500,0,0,0,0,1,0

APPTR,R35RT,35R,OGTAL
IF,OGTAL,-23.856469,-46.625964, ,0.0,0.0,2,7000,0,0,0,0,1,0
TF,SP044,-23.788803,-46.541622,0, ,0.0,0.0,0.0,0.0,2,5500,0,0,0,0,1,0

FINAL,R35RT,35R,R,4
IF,SP044,-23.788803,-46.541622, ,0.0,0.0,2,5500,0,0,0,0,0,0
TF,SP046,-23.702369,-46.601536,0, ,0.0,0.0,349.0,6.1,2,4270,0,0,0,0,2,0
TF,SP047,-23.668425,-46.625039,0, ,0.0,0.0,349.0,2.4,2,3507,0,0,0,0,0,1
TF,RW35R,-23.631728,-46.650431,0, ,0.0,0.0,349.0,2.6,1,2679,0,0,0,0,3,1
CA,0,349.0,2,3500,0,0,0,0,0,0
DF,OGTAL,-23.856469,-46.625964,1, ,0.0,0.0,2,7000,0,0,0,0,0,1
HM,OGTAL,-23.856469,-46.625964,2, ,0.0,0.0,70.0,04.3,2,7000,0,0,0,0,0,0,0

