SID,ASGU1A,23,5
CF,ASGUB,-0.218778,-67.049533,0,PVH,351.6,543.3,234.0,5.0,0,0,0,0,0,0,0,1

SID,ASGU1A,ERVAM,6
IF,ASGUB,-0.218778,-67.049533, ,0.0,0.0,0,0,0,0,0,0,0,0
TF,ERVAM,-0.518114,-66.729228,0, ,0.0,0.0,0.0,0.0,0,0,0,0,0,0,0,0

SID,ASGU1A,ETEPU,6
IF,ASGUB,-0.218778,-67.049533, ,0.0,0.0,0,0,0,0,0,0,0,0
TF,ETEPU,-0.003700,-67.415514,0, ,0.0,0.0,0.0,0.0,0,0,0,0,0,0,0,0

SID,ASGU1A,GAVUS,6
IF,ASGUB,-0.218778,-67.049533, ,0.0,0.0,0,0,0,0,0,0,0,0
DF,GAVUS,0.278253,-67.134133,2, ,0.0,0.0,0,0,0,0,0,0,0,0

SID,ASGU1A,GEVGO,6
IF,ASGUB,-0.218778,-67.049533, ,0.0,0.0,0,0,0,0,0,0,0,0
TF,GEVGO,-0.576928,-66.833942,0, ,0.0,0.0,0.0,0.0,0,0,0,0,0,0,0,0

SID,ASGU1A,ISAXA,6
IF,ASGUB,-0.218778,-67.049533, ,0.0,0.0,0,0,0,0,0,0,0,0
TF,ISAXA,-0.601050,-67.026872,0, ,0.0,0.0,0.0,0.0,0,0,0,0,0,0,0,0

SID,DEXE1A,05,5
CF,DEXEG,-0.077878,-66.921486,0,PVH,352.7,548.7,54.0,5.0,0,0,0,0,0,0,0,1

SID,DEXE1A,EPDOD,6
IF,DEXEG,-0.077878,-66.921486, ,0.0,0.0,0,0,0,0,0,0,0,0
DF,XUXAK,-0.190936,-66.798739,2, ,0.0,0.0,0,0,0,1,250,0,0,1
TF,EPDOD,-0.323500,-66.575633,0, ,0.0,0.0,0.0,0.0,0,0,0,0,0,0,0,0

SID,DEXE1A,ERVAM,6
IF,DEXEG,-0.077878,-66.921486, ,0.0,0.0,0,0,0,0,0,0,0,0
DF,XUXAK,-0.190936,-66.798739,2, ,0.0,0.0,0,0,0,1,250,0,0,1
TF,ERVAM,-0.518114,-66.729228,0, ,0.0,0.0,0.0,0.0,0,0,0,0,0,0,0,0

SID,DEXE1A,ETEPU,6
IF,DEXEG,-0.077878,-66.921486, ,0.0,0.0,0,0,0,0,0,0,0,0
DF,ETEPU,-0.003700,-67.415514,1, ,0.0,0.0,0,0,0,0,0,0,0,0

SID,DEXE1A,GAVUS,6
IF,DEXEG,-0.077878,-66.921486, ,0.0,0.0,0,0,0,0,0,0,0,0
TF,GAVUS,0.278253,-67.134133,0, ,0.0,0.0,0.0,0.0,0,0,0,0,0,0,0,0

SID,DEXE1A,GEVGO,6
IF,DEXEG,-0.077878,-66.921486, ,0.0,0.0,0,0,0,0,0,0,0,0
DF,XUXAK,-0.190936,-66.798739,2, ,0.0,0.0,0,0,0,1,250,0,0,1
TF,GEVGO,-0.576928,-66.833942,0, ,0.0,0.0,0.0,0.0,0,0,0,0,0,0,0,0

SID,DEXE1A,ISAXA,6
IF,DEXEG,-0.077878,-66.921486, ,0.0,0.0,0,0,0,0,0,0,0,0
DF,XUXAK,-0.190936,-66.798739,2, ,0.0,0.0,0,0,0,1,250,0,0,1
TF,ISAXA,-0.601050,-67.026872,0, ,0.0,0.0,0.0,0.0,0,0,0,0,0,0,0,0

SID,EDPI1A,05,2
CF,EDPIR,0.033425,-66.820336,0,GBR,55.0,15.0,55.0,14.0,0,0,0,0,0,0,0,0

SID,EDPI1A,EPDOD,3
IF,EDPIR,0.033425,-66.820336, ,0.0,0.0,0,0,0,0,0,0,0,0
AF,GBR03,-0.246522,-66.760053,2,GBR,124.5,15.0,55.0,0,0,0,0,0,0,0,0
CF,EPDOD,-0.323500,-66.575633,0,GBR,124.5,27.0,124.0,12.0,0,0,0,0,0,0,0,0

SID,EDPI1A,ERVAM,3
IF,EDPIR,0.033425,-66.820336, ,0.0,0.0,0,0,0,0,0,0,0,0
AF,GBR04,-0.354622,-66.845389,2,GBR,156.4,15.0,55.0,0,0,0,0,0,0,0,0
CF,ERVAM,-0.518114,-66.729228,0,GBR,156.4,27.0,156.0,12.0,0,0,0,0,0,0,0,0

SID,EDPI1A,ETEPU,3
IF,EDPIR,0.033425,-66.820336, ,0.0,0.0,0,0,0,0,0,0,0,0
AF,GBR01,-0.068847,-67.226647,1,GBR,300.9,15.0,55.0,0,0,0,0,0,0,0,0
CF,ETEPU,-0.003700,-67.415514,0,GBR,300.9,27.0,300.0,12.0,0,0,0,0,0,0,0,0

SID,EDPI1A,GAVUS,3
IF,EDPIR,0.033425,-66.820336, ,0.0,0.0,0,0,0,0,0,0,0,0
AF,GBR02,0.087781,-67.070322,1,GBR,353.4,15.0,55.0,0,0,0,0,0,0,0,0
CF,GAVUS,0.278253,-67.134133,0,GBR,353.4,27.0,353.0,12.0,0,0,0,0,0,0,0,0

SID,EDPI1A,GEVGO,3
IF,EDPIR,0.033425,-66.820336, ,0.0,0.0,0,0,0,0,0,0,0,0
AF,GBR05,-0.385933,-66.904058,2,GBR,171.7,15.0,55.0,0,0,0,0,0,0,0,0
CF,GEVGO,-0.576928,-66.833942,0,GBR,171.7,27.2,171.0,12.2,0,0,0,0,0,0,0,0

SID,EDPI1A,ISAXA,3
IF,EDPIR,0.033425,-66.820336, ,0.0,0.0,0,0,0,0,0,0,0,0
AF,GBR06,-0.400692,-67.010736,2,GBR,196.6,15.0,55.0,0,0,0,0,0,0,0,0
CF,ISAXA,-0.601050,-67.026872,0,GBR,196.6,27.0,196.0,12.0,0,0,0,0,0,0,0,0

SID,EPDO1A,23,5
CF,ASGUB,-0.218778,-67.049533,0,PVH,351.6,543.3,234.0,5.0,0,0,0,1,280,0,0,1
TF,UA014,-0.292519,-66.794014,1, ,0.0,0.0,0.0,0.0,0,0,0,1,280,0,0,0
TF,EPDOD,-0.323500,-66.575633,0, ,0.0,0.0,0.0,0.0,0,0,0,0,0,0,0,0

SID,KUBK1A,23,2
CF,KUBKA,-0.337278,-67.157228,0,GBR,233.9,15.0,233.0,14.6,0,0,0,0,0,0,0,0

SID,KUBK1A,EPDOD,3
IF,KUBKA,-0.337278,-67.157228, ,0.0,0.0,0,0,0,0,0,0,0,0
AF,GBR03,-0.246522,-66.760053,1,GBR,124.5,15.0,233.0,0,0,0,0,0,0,0,0
CF,EPDOD,-0.323500,-66.575633,0,GBR,124.5,27.0,124.0,12.0,0,0,0,0,0,0,0,0

SID,KUBK1A,ERVAM,3
IF,KUBKA,-0.337278,-67.157228, ,0.0,0.0,0,0,0,0,0,0,0,0
AF,GBR04,-0.354622,-66.845389,1,GBR,156.4,15.0,233.0,0,0,0,0,0,0,0,0
CF,ERVAM,-0.518114,-66.729228,0,GBR,156.4,27.0,156.0,12.0,0,0,0,0,0,0,0,0

SID,KUBK1A,ETEPU,3
IF,KUBKA,-0.337278,-67.157228, ,0.0,0.0,0,0,0,0,0,0,0,0
AF,GBR01,-0.068847,-67.226647,2,GBR,300.9,15.0,233.0,0,0,0,0,0,0,0,0
CF,ETEPU,-0.003700,-67.415514,0,GBR,300.9,27.0,300.0,12.0,0,0,0,0,0,0,0,0

SID,KUBK1A,GAVUS,3
IF,KUBKA,-0.337278,-67.157228, ,0.0,0.0,0,0,0,0,0,0,0,0
AF,GBR02,0.087781,-67.070322,2,GBR,353.4,15.0,233.0,0,0,0,0,0,0,0,0
CF,GAVUS,0.278253,-67.134133,0,GBR,353.4,27.0,353.0,12.0,0,0,0,0,0,0,0,0

SID,KUBK1A,GEVGO,3
IF,KUBKA,-0.337278,-67.157228, ,0.0,0.0,0,0,0,0,0,0,0,0
AF,GBR05,-0.385933,-66.904058,1,GBR,171.7,15.0,233.0,0,0,0,0,0,0,0,0
CF,GEVGO,-0.576928,-66.833942,0,GBR,171.7,27.2,171.0,12.2,0,0,0,0,0,0,0,0

SID,KUBK1A,ISAXA,3
IF,KUBKA,-0.337278,-67.157228, ,0.0,0.0,0,0,0,0,0,0,0,0
AF,GBR06,-0.400692,-67.010736,1,GBR,196.6,15.0,233.0,0,0,0,0,0,0,0,0
CF,ISAXA,-0.601050,-67.026872,0,GBR,196.6,27.0,196.0,12.0,0,0,0,0,0,0,0,0

APPTR,D05-Z,05,GBR
IF,GBR,-0.150278,-66.990569, ,0.0,0.0,2,3000,0,0,0,0,1,0
FD,GBR,-0.150278,-66.990569,0,GBR,0.0,7.0,266.0,7.0,2,1800,0,0,0,0,0,0
CF,CF05,-0.241031,-67.064297,1,GBR,231.3,7.0,51.0,1.0,2,1800,0,0,0,0,0,0

FINAL,D05-Z,05,D,4
IF,CF05,-0.241031,-67.064297,GBR,231.3,7.0,2,1800,0,0,0,0,0,0
CF,ARNIG,-0.215103,-67.043233,0,GBR,231.3,5.0,51.0,2.0,2,1760,0,0,0,0,2,0
CF,22THR,-0.183575,-67.017753,0,GBR,231.4,2.6,51.0,2.4,2,1000,0,0,0,0,0,0
CF,RW05,-0.156992,-66.993383,0,GBR,214.9,0.4,51.0,2.2,1,298,0,0,0,0,3,0
CF,GBR,-0.150278,-66.990569,0,GBR,0.0,0.0,51.0,0.4,0,0,0,0,0,0,0,1
CA,0,51.0,2,2000,0,0,0,0,0,0
DF,GBR,-0.150278,-66.990569,2, ,0.0,0.0,2,3000,0,0,0,0,0,0
HM,GBR,-0.150278,-66.990569,2, ,0.0,0.0,266.0,04.3,2,3000,0,0,0,0,0,0,0

APPTR,D23-Y,23,GBR
IF,GBR,-0.150278,-66.990569, ,0.0,0.0,2,4000,0,0,0,0,1,0
FD,GBR,-0.150278,-66.990569,0,GBR,0.0,8.0,91.0,8.0,2,1900,0,0,0,0,0,0
CF,CF23,-0.059269,-66.892881,1,GBR,59.2,8.0,239.0,1.0,2,1900,0,0,0,0,0,0

FINAL,D23-Y,23,D,4
IF,CF23,-0.059269,-66.892881,GBR,59.2,8.0,2,1900,0,0,0,0,0,0
CF,KOXAD,-0.082017,-66.917297,0,GBR,59.2,6.0,239.0,2.0,2,1900,0,0,0,0,2,0
CF,UA017,-0.114333,-66.951983,0,GBR,59.2,3.2,239.0,2.8,2,1000,0,0,0,0,0,0
CF,FTP23,-0.138922,-66.978378,0,GBR,59.2,0.0,239.0,2.2,1,295,0,0,0,0,3,1
CA,0,239.0,2,2000,0,0,0,0,0,0
DF,GBR,-0.150278,-66.990569,2, ,0.0,0.0,2,4000,0,1,250,0,0,1
HM,GBR,-0.150278,-66.990569,1, ,0.0,0.0,91.0,04.3,2,4000,0,1,250,0,0,0,0

APPTR,R05,05,UA003
IF,UA003,-0.285647,-67.216256, ,0.0,0.0,2,4000,0,0,0,0,1,0
TF,UA002,-0.317636,-67.139378,0, ,0.0,0.0,0.0,0.0,2,2500,0,0,0,0,1,0

APPTR,R05,05,UA004
IF,UA004,-0.379422,-67.195531, ,0.0,0.0,2,4000,0,0,0,0,1,0
TF,UA002,-0.317636,-67.139378,0, ,0.0,0.0,0.0,0.0,2,2500,0,0,0,0,1,0

APPTR,R05,05,UA006
IF,UA006,-0.391889,-67.100911, ,0.0,0.0,2,4000,0,0,0,0,1,0
TF,UA002,-0.317636,-67.139378,0, ,0.0,0.0,0.0,0.0,2,2500,0,0,0,0,1,0

FINAL,R05,05,R,4
IF,UA002,-0.317636,-67.139378, ,0.0,0.0,2,2500,0,0,0,0,0,0
TF,UA001,-0.218778,-67.049533,0, ,0.0,0.0,54.0,8.0,2,1890,0,0,0,0,2,0
TF,SD05,-0.183681,-67.017639,0, ,0.0,0.0,54.0,2.8,2,980,0,0,0,0,0,0
TF,RW05,-0.156992,-66.993383,0, ,0.0,0.0,54.0,2.2,1,298,0,0,0,0,3,1
CA,0,54.0,2,2000,0,0,0,0,0,0
DF,UA003,-0.285647,-67.216256,1, ,0.0,0.0,2,4000,0,0,0,0,0,0
HM,UA003,-0.285647,-67.216256,1, ,0.0,0.0,124.0,04.3,2,4000,0,0,0,0,0,0,0

APPTR,R23,23,UA009
IF,UA009,-0.048078,-66.788458, ,0.0,0.0,2,4000,0,0,0,0,1,0
TF,UA008,-0.016089,-66.865336,0, ,0.0,0.0,0.0,0.0,2,2500,0,0,0,0,1,0

APPTR,R23,23,UA011
IF,UA011,0.058161,-66.903803, ,0.0,0.0,2,4000,0,0,0,0,1,0
TF,UA008,-0.016089,-66.865336,0, ,0.0,0.0,0.0,0.0,2,2500,0,0,0,0,1,0

APPTR,R23,23,UA012
IF,UA012,0.045697,-66.809183, ,0.0,0.0,2,4000,0,0,0,0,1,0
TF,UA008,-0.016089,-66.865336,0, ,0.0,0.0,0.0,0.0,2,2500,0,0,0,0,1,0

FINAL,R23,23,R,4
IF,UA008,-0.016089,-66.865336, ,0.0,0.0,2,2500,0,0,0,0,0,0
TF,DEXEG,-0.077878,-66.921486,0, ,0.0,0.0,234.0,5.0,2,1890,0,0,0,0,2,0
TF,UA018,-0.112975,-66.953381,0, ,0.0,0.0,234.0,2.8,2,986,0,0,0,0,0,0
TF,RW23,-0.139664,-66.977636,0, ,0.0,0.0,234.0,2.2,1,295,0,0,0,0,3,1
CA,0,234.0,2,2000,0,0,0,0,0,0
DF,UA011,0.058161,-66.903803,2, ,0.0,0.0,2,4000,0,0,0,0,0,1
HM,UA011,0.058161,-66.903803,2, ,0.0,0.0,164.0,04.3,2,4000,0,0,0,0,0,0,0

