SID,AJIB,03,1
CA,0,29.0,2,2420,0,0,0,0,0,0
VI,1, ,0.0,299.0,0,0,0,0,0,0,0,0
CF,AJIB,-12.374500,-60.410500,0,VLH,328.8,26.6,329.0,23.0,0,0,0,0,0,0,0,0

SID,AJIB,21,1
CA,0,209.0,2,2420,0,0,0,0,0,0
VI,2, ,0.0,359.0,0,0,0,0,0,0,0,0
CF,AJIB,-12.374500,-60.410500,0,VLH,327.0,26.6,329.0,20.0,0,0,0,0,0,0,0,0

SID,AJIB,KODPI,3
IF,AJIB,-12.374500,-60.410500, ,0.0,0.0,0,0,0,0,0,0,0,0
TF,KODPI,-12.306000,-60.473667,0, ,0.0,0.0,0.0,0.0,0,0,0,0,0,0,0,0

SID,AJIB,KOGLA,3
IF,AJIB,-12.374500,-60.410500, ,0.0,0.0,0,0,0,0,0,0,0,0
TF,KOGLA,-11.922167,-61.581833,0, ,0.0,0.0,0.0,0.0,0,0,0,0,0,0,0,0

SID,AJIB,RON,3
IF,AJIB,-12.374500,-60.410500, ,0.0,0.0,0,0,0,0,0,0,0,0
TF,RON,-10.885167,-61.947500,0, ,0.0,0.0,0.0,0.0,0,0,0,0,0,0,0,0

SID,BITO,03,1
CA,0,29.0,2,2420,0,0,0,0,0,0
CF,BITO,-12.378167,-60.184833,0,VLH,357.4,19.6,358.0,20.0,0,0,0,0,0,0,0,0
TF,AJIB,-12.374500,-60.410500,0, ,0.0,0.0,0.0,0.0,0,0,0,0,0,0,0,0

SID,BITO,21,1
CA,0,209.0,2,2420,0,0,0,0,0,0
VI,2, ,0.0,28.0,0,0,0,0,0,0,0,0
CF,BITO,-12.378167,-60.184833,0,VLH,357.4,19.6,358.0,12.0,0,0,0,0,0,0,0,0
TF,AJIB,-12.374500,-60.410500,0, ,0.0,0.0,0.0,0.0,0,0,0,0,0,0,0,0

SID,BITO,KODPI,3
IF,AJIB,-12.374500,-60.410500, ,0.0,0.0,0,0,0,0,0,0,0,0
TF,KODPI,-12.306000,-60.473667,0, ,0.0,0.0,0.0,0.0,0,0,0,0,0,0,0,0

SID,BITO,KOGLA,3
IF,AJIB,-12.374500,-60.410500, ,0.0,0.0,0,0,0,0,0,0,0,0
TF,KOGLA,-11.922167,-61.581833,0, ,0.0,0.0,0.0,0.0,0,0,0,0,0,0,0,0

SID,BITO,RON,3
IF,AJIB,-12.374500,-60.410500, ,0.0,0.0,0,0,0,0,0,0,0,0
TF,RON,-10.885167,-61.947500,0, ,0.0,0.0,0.0,0.0,0,0,0,0,0,0,0,0

SID,ECON,03,1
CA,0,29.0,2,2420,0,0,0,0,0,0
CF,ECON,-12.972833,-59.723500,2,VLH,140.5,27.4,140.0,27.0,0,0,0,0,0,0,0,0

SID,ECON,21,1
CA,0,209.0,2,2420,0,0,0,0,0,0
CF,ECON,-12.972833,-59.723500,0,VLH,140.5,27.4,140.0,27.0,0,0,0,0,0,0,0,0

SID,ECON,ISUGO,3
IF,ECON,-12.972833,-59.723500, ,0.0,0.0,0,0,0,0,0,0,0,0
TF,ISUGO,-12.799000,-59.023333,0, ,0.0,0.0,0.0,0.0,0,0,0,0,0,0,0,0

SID,ECON,ITAMA,3
IF,ECON,-12.972833,-59.723500, ,0.0,0.0,0,0,0,0,0,0,0,0
TF,ITAMA,-14.224269,-58.063969,0, ,0.0,0.0,0.0,0.0,0,0,0,0,0,0,0,0

SID,ECON,MARIN,3
IF,ECON,-12.972833,-59.723500, ,0.0,0.0,0,0,0,0,0,0,0,0
TF,MARIN,-13.162000,-59.477833,0, ,0.0,0.0,0.0,0.0,0,0,0,0,0,0,0,0

SID,GESI,03,1
CA,0,29.0,2,2420,0,0,0,0,0,0
VI,2, ,0.0,200.0,0,0,0,0,0,0,0,0
CF,GESI,-13.008833,-59.958333,0,VLH,169.9,20.5,170.0,14.0,0,0,0,0,0,0,0,0
TF,ECON,-12.972833,-59.723500,0, ,0.0,0.0,0.0,0.0,0,0,0,0,0,0,0,0

SID,GESI,21,1
CA,0,209.0,2,2420,0,0,0,0,0,0
CF,GESI,-13.008833,-59.958333,0,VLH,169.9,20.5,170.0,20.0,0,0,0,0,0,0,0,0
TF,ECON,-12.972833,-59.723500,0, ,0.0,0.0,0.0,0.0,0,0,0,0,0,0,0,0

SID,GESI,ISUGO,3
IF,ECON,-12.972833,-59.723500, ,0.0,0.0,0,0,0,0,0,0,0,0
TF,ISUGO,-12.799000,-59.023333,0, ,0.0,0.0,0.0,0.0,0,0,0,0,0,0,0,0

SID,GESI,ITAMA,3
IF,ECON,-12.972833,-59.723500, ,0.0,0.0,0,0,0,0,0,0,0,0
TF,ITAMA,-14.224269,-58.063969,0, ,0.0,0.0,0.0,0.0,0,0,0,0,0,0,0,0

SID,GESI,MARIN,3
IF,ECON,-12.972833,-59.723500, ,0.0,0.0,0,0,0,0,0,0,0,0
TF,MARIN,-13.162000,-59.477833,0, ,0.0,0.0,0.0,0.0,0,0,0,0,0,0,0,0

APPTR,N03,03,VLH
IF,VLH,-12.689342,-60.103228, ,0.0,0.0,2,4000,0,0,0,0,0,0
FC,VLH,-12.689342,-60.103228,0,VLH,0.0,0.0,213.0,8.7,0,0,0,0,0,0,0,1
CF,FN03,-12.772778,-60.100258,1,VLH,196.6,4.7,13.0,3.7,2,3200,0,0,0,0,0,0

FINAL,N03,03,N,2
IF,FN03,-12.772778,-60.100258,VLH,0.0,0.0,2,3200,0,0,0,0,2,0
CF,RW03,-12.705825,-60.101456,0,VLH,0.0,0.0,13.0,4.0,1,2058,0,0,0,0,3,1
CF,VLH,-12.689342,-60.103228,0,VLH,311.3,0.5,13.0,1.0,2,2418,0,0,0,0,0,0
CA,0,13.0,2,4000,0,0,0,0,0,0

APPTR,N21,21,VLH
IF,VLH,-12.689342,-60.103228, ,0.0,0.0,2,4000,0,0,0,0,0,0
FC,VLH,-12.689342,-60.103228,0,VLH,0.0,0.0,60.0,7.6,2,3200,0,0,0,0,0,1
CF,FN21,-12.621025,-60.069344,1,VLH,32.3,4.6,219.0,3.0,2,3200,0,0,0,0,0,0

FINAL,N21,21,N,2
IF,FN21,-12.621025,-60.069344,VLH,0.0,0.0,2,3200,0,0,0,0,2,0
CF,VLH,-12.689342,-60.103228,0,VLH,0.0,0.0,219.0,4.6,1,2560,0,0,0,0,3,0
CA,0,219.0,2,4000,0,0,0,0,0,0

APPTR,R03-Z,03,VH001
IF,VH001,-12.964433,-60.172164, ,0.0,0.0,2,6000,0,0,0,0,1,0
TF,VH003,-12.867425,-60.145617,0, ,0.0,0.0,0.0,0.0,2,4000,0,0,0,0,1,0

APPTR,R03-Z,03,VH004
IF,VH004,-12.841375,-60.244483, ,0.0,0.0,2,6000,0,0,0,0,1,0
TF,VH003,-12.867425,-60.145617,0, ,0.0,0.0,0.0,0.0,2,4000,0,0,0,0,1,0

APPTR,R03-Z,03,VH006
IF,VH006,-12.893439,-60.046731, ,0.0,0.0,2,6000,0,0,0,0,1,0
TF,VH003,-12.867425,-60.145617,0, ,0.0,0.0,0.0,0.0,2,4000,0,0,0,0,1,0

FINAL,R03-Z,03,R,3
IF,VH003,-12.867425,-60.145617, ,0.0,0.0,2,4000,0,0,0,0,0,0
TF,VH002,-12.786581,-60.123511,0, ,0.0,0.0,30.0,5.0,2,3650,0,0,0,0,2,0
TF,RW03,-12.705825,-60.101456,0, ,0.0,0.0,30.0,5.0,1,2058,0,0,0,0,3,1
TF,VH008,-12.424317,-60.024625,0, ,0.0,0.0,0.0,0.0,2,6000,0,0,0,0,0,1
HM,VH008,-12.424317,-60.024625,2, ,0.0,0.0,210.0,04.3,2,6000,0,0,0,0,0,0,0

APPTR,R21-Y,21,VH008
IF,VH008,-12.424317,-60.024625, ,0.0,0.0,2,6000,0,0,0,0,1,0
TF,VH012,-12.521339,-60.051081,0, ,0.0,0.0,0.0,0.0,2,4000,0,0,0,0,1,0

APPTR,R21-Y,21,VH009
IF,VH009,-12.495317,-60.149822, ,0.0,0.0,2,6000,0,0,0,0,1,0
TF,VH012,-12.521339,-60.051081,0, ,0.0,0.0,0.0,0.0,2,4000,0,0,0,0,1,0

APPTR,R21-Y,21,VH011
IF,VH011,-12.547328,-59.952319, ,0.0,0.0,2,6000,0,0,0,0,1,0
TF,VH012,-12.521339,-60.051081,0, ,0.0,0.0,0.0,0.0,2,4000,0,0,0,0,1,0

FINAL,R21-Y,21,R,3
IF,VH012,-12.521339,-60.051081, ,0.0,0.0,2,4000,0,0,0,0,0,0
TF,VH013,-12.602192,-60.073142,0, ,0.0,0.0,210.0,5.0,2,3920,0,0,0,0,2,0
TF,RW21,-12.683128,-60.095253,0, ,0.0,0.0,210.0,5.0,1,2068,0,0,0,0,3,1
TF,VH001,-12.964433,-60.172164,0, ,0.0,0.0,0.0,0.0,2,6000,0,0,0,0,0,1
HM,VH001,-12.964433,-60.172164,2, ,0.0,0.0,30.0,04.3,2,6000,0,0,0,0,0,0,0

APPTR,S03,03,VLH
IF,VLH,-12.693556,-60.095242, ,0.0,0.0,2,4000,0,0,0,0,0,0
FC,VLH,-12.693556,-60.095242,0,VLH,0.0,0.0,186.0,7.0,0,0,0,0,0,0,0,1
CF,FS03,-12.770878,-60.117828,2,VLH,209.0,4.8,29.0,2.2,2,3200,0,0,0,0,0,0

FINAL,S03,03,D,3
IF,FS03,-12.770878,-60.117828,VLH,209.0,4.8,2,3200,0,0,0,0,2,0
CF,EP03,-12.706508,-60.099025,0,VLH,209.0,0.8,29.0,4.0,1,2058,0,0,0,0,0,1
CF,VLH,-12.693556,-60.095242,0,VLH,0.0,0.0,29.0,0.8,2,2418,0,0,0,0,3,0
CA,0,29.0,2,4000,0,0,0,0,0,0

APPTR,S21,21,VLH
IF,VLH,-12.693556,-60.095242, ,0.0,0.0,2,4000,0,0,0,0,0,0
FC,VLH,-12.693556,-60.095242,0,VLH,0.0,0.0,42.0,7.9,0,0,0,0,0,0,0,1
CF,FS21,-12.627031,-60.088192,1,VLH,19.0,4.0,199.0,4.0,2,3200,0,0,0,0,0,0

FINAL,S21,21,D,2
IF,FS21,-12.627031,-60.088192,VLH,19.0,4.0,2,3200,0,0,0,0,2,0
CF,RW21,-12.683128,-60.095253,0,VLH,13.4,0.6,199.0,3.4,1,2068,0,0,0,0,3,0
CF,VLH,-12.693556,-60.095242,0,VLH,0.0,0.0,199.0,0.6,2,2418,0,0,0,0,0,0
CA,0,199.0,2,4000,0,0,0,0,0,0

