APPTR,D09,09,CF09
HF,CF09,-53.085447,-70.679364,1, ,0.0,0.0,115.0,03,2,3000,0,0,0,0,0,0,0

APPTR,D09,09,NAS
IF,NAS,-53.003611,-70.853611, ,0.0,0.0,2,3000,0,0,0,0,0,0
TF,D115E,-53.054789,-70.744783,0, ,0.0,0.0,0.0,0.0,2,3000,0,0,0,0,0,0
TF,CF09,-53.085447,-70.679364,0, ,0.0,0.0,0.0,0.0,2,3000,0,0,0,0,0,0

FINAL,D09,09,D,3
IF,CF09,-53.085447,-70.679364,NAS,115.0,8.0,2,3000,0,0,0,0,0,0
CF,FF09,-53.177208,-70.482547,0,NAS,115.0,17.0,115.0,9.0,2,1300,0,0,0,0,2,0
CF,MA09,-53.222967,-70.383822,0,NAS,115.0,21.5,115.0,4.5,1,853,0,0,0,0,3,0
CA,0,115.0,2,860,0,0,0,0,0,0
DF,NAS,-53.003611,-70.853611,1, ,0.0,0.0,0,0,0,0,0,0,0,0

