SID,ANRO1P,15,2
VA,0,147.0,2,700,0,0,0,0,0,0
VI,1, ,0.0,30.0,0,0,0,0,0,0,0,0
CF,ANROS,-40.339167,-72.891389,0,OSO,16.0,18.3,360.0,15.0,2,5000,0,0,0,0,0,0

SID,ANRO1Q,33,2
VA,0,327.0,2,700,0,0,0,0,0,0
VI,0, ,0.0,30.0,0,0,0,0,0,0,0,0
CF,ANROS,-40.339167,-72.891389,0,OSO,16.0,18.3,360.0,5.0,2,5000,0,0,0,0,0,0

SID,ISUD1D,33,5
CA,0,327.0,2,700,0,0,0,0,0,0
DF,ISUDO,-40.261781,-73.087689,0, ,0.0,0.0,2,5000,0,0,0,0,0,0

SID,ISUD1P,15,2
VA,0,147.0,2,700,0,0,0,0,0,0
VI,1, ,0.0,322.0,0,0,0,0,0,0,0,0
CF,ISUDO,-40.261781,-73.087689,0,VLD,172.2,35.4,352.0,12.0,2,5000,0,0,0,0,0,0

SID,ISUD1Q,33,2
VA,0,327.0,2,700,0,0,0,0,0,0
VI,0, ,0.0,322.0,0,0,0,0,0,0,0,0
CF,ISUDO,-40.261781,-73.087689,0,VLD,172.2,35.4,352.0,19.0,2,5000,0,0,0,0,0,0

SID,ISUD1R,15,5
CA,0,147.0,2,700,0,0,0,0,0,0
DF,ISUDO,-40.261781,-73.087689,1, ,0.0,0.0,2,5000,0,0,0,0,0,0

SID,KIKO1M,15,2
VA,0,147.0,2,700,0,0,0,0,0,0
VI,0, ,0.0,202.0,0,0,0,0,0,0,0,0
CF,KIKOP,-40.928889,-73.091944,0,MON,351.0,30.0,172.0,14.0,2,4000,0,0,0,0,0,0

SID,KIKO1N,33,2
VA,0,327.0,2,700,0,0,0,0,0,0
VI,1, ,0.0,142.0,0,0,0,0,0,0,0,0
CF,KIKOP,-40.928889,-73.091944,0,MON,351.0,30.0,172.0,14.0,2,4000,0,0,0,0,0,0

SID,PUKA1C,15,5
CA,0,147.0,2,700,0,0,0,0,0,0
DF,JO230,-40.252192,-72.891264,1, ,0.0,0.0,2,6000,0,0,0,0,0,0
TF,PUKAN,-39.713611,-72.789722,0, ,0.0,0.0,0.0,0.0,2,6000,0,0,0,0,0,0

SID,PUKA1D,33,5
VA,0,327.0,2,700,0,0,0,0,0,0
DF,JO216,-40.256086,-72.970875,0, ,0.0,0.0,2,6000,0,0,0,0,0,0
TF,PUKAN,-39.713611,-72.789722,0, ,0.0,0.0,0.0,0.0,2,6000,0,0,0,0,0,0

SID,TOMU1B,33,2
VA,0,327.0,2,700,0,0,0,0,0,0
VI,1, ,0.0,213.0,0,0,0,0,0,0,0,0
CF,TOMUS,-41.013056,-73.394444,0,VLD,181.9,81.7,183.0,16.0,2,5000,0,0,0,0,0,0

SID,TOMU1C,15,5
CA,0,147.0,2,700,0,0,0,0,0,0
DF,TOMUS,-41.013056,-73.394444,0, ,0.0,0.0,2,5000,0,0,0,0,0,0

SID,TOMU1D,33,5
CA,0,327.0,2,700,0,0,0,0,0,0
DF,TOMUS,-41.013056,-73.394444,1, ,0.0,0.0,2,5000,0,0,0,0,0,0

SID,TOMU1J,15,2
VA,0,147.0,2,700,0,0,0,0,0,0
VI,0, ,0.0,213.0,0,0,0,0,0,0,0,0
CF,TOMUS,-41.013056,-73.394444,0,VLD,181.9,81.7,183.0,6.0,2,5000,0,0,0,0,0,0

STAR,ANRO1N,15,2
IF,ANROS,-40.339167,-72.891389, ,0.0,0.0,2,6000,0,0,0,0,0,0
VI,0, ,0.0,200.0,0,0,0,0,0,0,0,0
CF,OSO,-40.618611,-73.053889,0,OSO,0.0,0.0,170.0,3.0,2,3000,0,0,0,0,0,0

STAR,ANRO1R,15,2
IF,ANROS,-40.339167,-72.891389, ,0.0,0.0,2,6000,0,0,0,0,0,0
CI,0, ,0.0,178.0,0,0,0,0,0,0,0,0
AF,D325O,-40.395019,-73.200911,1,OSO,325.3,15.0,20.0,2,3000,0,0,0,0,0,0
TF,CS15Z,-40.455094,-73.162922,0, ,0.0,0.0,0.0,0.0,0,0,0,0,0,0,0,0

STAR,ERUK1C,15,5
IF,ERUKA,-39.751111,-72.524167, ,0.0,0.0,2,6000,0,0,0,0,0,0
TF,JO330,-40.139844,-72.885217,0, ,0.0,0.0,0.0,0.0,2,6000,0,0,0,0,0,0
TF,TEDEN,-40.437600,-73.165225,0, ,0.0,0.0,0.0,0.0,2,3000,0,0,0,0,0,0

STAR,ERUK1D,33,5
IF,ERUKA,-39.751111,-72.524167, ,0.0,0.0,2,6000,0,0,0,0,0,0
TF,JO500,-40.207928,-72.666669,0, ,0.0,0.0,0.0,0.0,2,6000,0,0,0,0,0,0
TF,LODAD,-40.742883,-72.836078,0, ,0.0,0.0,0.0,0.0,2,3000,0,0,0,0,0,0

STAR,ISUD1A,15,2
IF,ISUDO,-40.261781,-73.087689, ,0.0,0.0,2,5000,0,0,0,0,0,0
DF,D325O,-40.395019,-73.200911,0, ,0.0,0.0,2,3000,0,0,0,0,0,0
TF,CS15Z,-40.455094,-73.162922,0, ,0.0,0.0,0.0,0.0,0,0,0,0,0,0,0,0

STAR,ISUD1B,15,2
IF,ISUDO,-40.261781,-73.087689, ,0.0,0.0,2,5000,0,0,0,0,0,0
VI,0, ,0.0,140.0,0,0,0,0,0,0,0,0
CF,OSO,-40.618611,-73.053889,0,OSO,0.0,0.0,170.0,20.0,2,3000,0,0,0,0,0,0

STAR,ISUD1C,15,5
IF,ISUDO,-40.261781,-73.087689, ,0.0,0.0,2,5000,0,0,0,0,0,0
TF,TEDEN,-40.437600,-73.165225,0, ,0.0,0.0,0.0,0.0,2,3000,0,0,0,0,0,0

STAR,ISUD1E,33,5
IF,ISUDO,-40.261781,-73.087689, ,0.0,0.0,2,5000,0,0,0,0,0,0
TF,LODAD,-40.742883,-72.836078,0, ,0.0,0.0,0.0,0.0,2,3000,0,0,0,0,0,0

STAR,TOMU1A,15,5
IF,TOMUS,-41.013056,-73.394444, ,0.0,0.0,2,5000,0,0,0,0,0,0
TF,SIBOR,-40.479322,-73.284303,0, ,0.0,0.0,0.0,0.0,2,3000,0,0,0,0,0,0

STAR,VOVK1J,33,2
IF,VOVKI,-41.098953,-73.029897, ,0.0,0.0,2,6000,0,0,0,0,0,0
TF,MO30B,-40.933414,-73.002986,0, ,0.0,0.0,0.0,0.0,2,4000,0,0,0,0,0,1
VI,0, ,0.0,32.0,0,0,0,0,0,0,0,0
CF,D152O,-40.854078,-72.942828,0,OSO,152.3,15.0,332.0,1.0,2,3000,0,0,0,0,0,0
TF,CS33Z,-40.790969,-72.971333,0, ,0.0,0.0,0.0,0.0,0,0,0,0,0,0,0,0

STAR,VOVK1K,ALL,2
IF,VOVKI,-41.098953,-73.029897, ,0.0,0.0,2,6000,0,0,0,0,0,0
TF,MO30B,-40.933414,-73.002986,0, ,0.0,0.0,0.0,0.0,2,4000,0,0,0,0,0,1
CF,OSO,-40.618611,-73.053889,0,OSO,0.0,0.0,346.0,19.0,2,3000,0,0,0,0,0,0

STAR,VOVK1L,15,5
IF,VOVKI,-41.098953,-73.029897, ,0.0,0.0,2,4000,0,0,0,0,0,0
TF,SIBOR,-40.479322,-73.284303,0, ,0.0,0.0,0.0,0.0,2,3000,0,0,0,0,0,0

STAR,VOVK1M,33,5
IF,VOVKI,-41.098953,-73.029897, ,0.0,0.0,2,4000,0,0,0,0,0,0
TF,ANSID,-40.784775,-72.955594,0, ,0.0,0.0,0.0,0.0,2,3000,0,0,0,0,0,0

APPTR,D15-Y,15,OSO
IF,OSO,-40.618611,-73.053889, ,0.0,0.0,2,3000,0,0,0,0,0,0
FC,OSO,-40.618611,-73.053889,0,OSO,0.0,0.0,343.0,7.0,0,0,0,0,0,0,0,1
CF,FS15,-40.533289,-73.110858,1,OSO,325.0,5.7,145.0,1.3,2,1700,0,0,0,0,0,0

FINAL,D15-Y,15,D,3
IF,FS15,-40.533289,-73.110858,OSO,325.0,5.7,2,1700,0,0,0,0,2,0
CF,40VOR,-40.559161,-73.093597,0,OSO,325.0,4.0,145.0,1.7,2,920,0,0,0,0,0,0
CF,MA15,-40.596319,-73.068786,0,OSO,325.0,1.5,145.0,2.5,1,351,0,0,0,0,3,0
VA,0,145.0,2,3000,0,0,0,0,0,0
DF,OSO,-40.618611,-73.053889,2, ,0.0,0.0,2,3000,0,0,0,0,0,0
HM,OSO,-40.618611,-73.053889,1, ,0.0,0.0,343.0,04.3,0,0,0,0,0,0,0,0,0

APPTR,D15-Z,15,CS15Z
HF,CS15Z,-40.455094,-73.162922,1, ,0.0,0.0,145.0,04,2,3000,0,0,0,0,0,0,0

FINAL,D15-Z,15,D,3
IF,CS15Z,-40.455094,-73.162922,OSO,325.0,11.0,2,3000,0,0,0,0,0,0
CF,FS15Z,-40.544297,-73.103514,0,OSO,325.0,5.0,145.0,6.0,2,1600,0,0,0,0,2,0
CF,MA15,-40.596319,-73.068786,0,OSO,325.0,1.5,145.0,3.5,1,365,0,0,0,0,3,0
VA,0,145.0,2,3000,0,0,0,0,0,0

APPTR,D33-Z,33,CS33Z
HF,CS33Z,-40.790969,-72.971333,1, ,0.0,0.0,332.0,04,2,3000,0,0,0,0,0,0,0

FINAL,D33-Z,33,D,3
IF,CS33Z,-40.790969,-72.971333,OSO,152.0,11.0,2,3000,0,0,0,0,0,0
CF,FS33Z,-40.696964,-73.016414,0,OSO,152.0,5.0,332.0,6.0,2,1900,0,0,0,0,2,0
CF,MS33Z,-40.626444,-73.050144,0,OSO,152.0,0.5,332.0,4.5,1,416,0,0,0,0,3,0
VA,0,332.0,2,3000,0,0,0,0,0,0

APPTR,R15-Y,15,SIBOR
IF,SIBOR,-40.479322,-73.284303, ,0.0,0.0,2,3000,0,0,0,0,1,0
TF,TEDEN,-40.437600,-73.165225,0, ,0.0,0.0,0.0,0.0,2,3000,0,0,0,0,1,0

APPTR,R15-Y,15,TEDEN
HF,TEDEN,-40.437600,-73.165225,1, ,0.0,0.0,147.0,04,2,3000,0,0,0,0,1,0,0

FINAL,R15-Y,15,R,5
IF,TEDEN,-40.437600,-73.165225, ,0.0,0.0,2,3000,0,0,0,0,0,0
TF,KOTEP,-40.529906,-73.109719,0, ,0.0,0.0,147.0,6.1,2,1900,0,0,0,0,2,0
TF,JO026,-40.564706,-73.088747,0, ,0.0,0.0,147.0,2.3,2,1100,0,0,0,0,0,0
TF,JO016,-40.579858,-73.079608,0, ,0.0,0.0,147.0,1.0,2,740,0,0,0,0,0,0
TF,RW15,-40.602289,-73.066072,0, ,0.0,0.0,147.0,1.5,1,230,0,0,0,0,3,1
CA,0,147.0,2,3000,0,0,0,0,0,0
DF,ANSID,-40.784775,-72.955594,0, ,0.0,0.0,0,0,0,0,0,0,0,1
HM,ANSID,-40.784775,-72.955594,1, ,0.0,0.0,327.0,04,2,3000,0,0,0,0,0,0,0

APPTR,R15-Z,15,ERUKA
IF,ERUKA,-39.751111,-72.524167, ,0.0,0.0,2,15000,0,0,0,0,1,0
TF,ANROS,-40.339167,-72.891389,0, ,0.0,0.0,0.0,0.0,2,5000,0,0,0,0,0,0
TF,TOSAK,-40.437603,-73.046975,0, ,0.0,0.0,0.0,0.0,2,3000,0,0,0,0,1,0

APPTR,R15-Z,15,PUKAN
IF,PUKAN,-39.713611,-72.789722, ,0.0,0.0,2,9000,0,0,0,0,1,0
TF,ANROS,-40.339167,-72.891389,0, ,0.0,0.0,0.0,0.0,2,5000,0,0,0,0,0,0
TF,TOSAK,-40.437603,-73.046975,0, ,0.0,0.0,0.0,0.0,2,3000,0,0,0,0,1,0

FINAL,R15-Z,15,R,4
IF,TOSAK,-40.437603,-73.046975, ,0.0,0.0,2,3000,0,0,0,0,0,0
TF,JO091,-40.465706,-73.090817,0, ,0.0,0.0,221.0,2.6,0,0,0,1,180,0,0,0
RF,KOTEP,-40.529906,-73.109719,1,JO999,146.0,3.3,2,1900,0,0,0,0,2,0
TF,RW15,-40.602289,-73.066072,0, ,0.0,0.0,147.0,4.8,1,229,0,0,0,0,3,1
TF,JO043,-40.669031,-73.025733,0, ,0.0,0.0,0.0,0.0,0,0,0,0,0,0,0,0
TF,GEMAK,-40.787450,-72.970933,0, ,0.0,0.0,0.0,0.0,2,3000,0,0,0,0,0,1
HM,GEMAK,-40.787450,-72.970933,1, ,0.0,0.0,330.0,04,2,3000,0,0,0,0,0,0,0

APPTR,R33-Y,33,ANSID
HF,ANSID,-40.784775,-72.955594,1, ,0.0,0.0,327.0,04,2,3000,0,0,0,0,1,0,0

APPTR,R33-Y,33,LODAD
IF,LODAD,-40.742883,-72.836078, ,0.0,0.0,2,3000,0,0,0,0,1,0
TF,ANSID,-40.784775,-72.955594,0, ,0.0,0.0,0.0,0.0,2,3000,0,0,0,0,1,0

FINAL,R33-Y,33,R,4
IF,ANSID,-40.784775,-72.955594, ,0.0,0.0,2,3000,0,0,0,0,0,0
TF,ASASU,-40.692697,-73.011422,0, ,0.0,0.0,327.0,6.1,2,1900,0,0,0,0,2,0
TF,JO030,-40.663911,-73.028817,0, ,0.0,0.0,327.0,1.9,2,1250,0,0,0,0,0,0
TF,RW33,-40.618239,-73.056442,0, ,0.0,0.0,327.0,3.0,1,231,0,0,0,0,3,1
CA,0,327.0,2,3000,0,0,0,0,0,0
DF,TEDEN,-40.437600,-73.165225,0, ,0.0,0.0,2,3000,0,0,0,0,0,1
HM,TEDEN,-40.437600,-73.165225,1, ,0.0,0.0,147.0,04,2,3000,0,0,0,0,0,0,0

APPTR,R33-Z,33,ERUKA
IF,ERUKA,-39.751111,-72.524167, ,0.0,0.0,2,15000,0,0,0,0,1,0
TF,ANROS,-40.339167,-72.891389,0, ,0.0,0.0,0.0,0.0,2,6000,0,0,0,0,0,0
TF,JO225,-40.502042,-72.895128,0, ,0.0,0.0,0.0,0.0,2,4500,0,0,0,0,0,0
TF,ENTOR,-40.674708,-72.899036,0, ,0.0,0.0,0.0,0.0,2,3000,0,1,180,0,1,0

APPTR,R33-Z,33,PUKAN
IF,PUKAN,-39.713611,-72.789722, ,0.0,0.0,2,9000,0,0,0,0,1,0
TF,ANROS,-40.339167,-72.891389,0, ,0.0,0.0,0.0,0.0,2,6000,0,0,0,0,0,0
TF,JO225,-40.502042,-72.895128,0, ,0.0,0.0,0.0,0.0,2,4500,0,0,0,0,0,0
TF,ENTOR,-40.674708,-72.899036,0, ,0.0,0.0,0.0,0.0,2,3000,0,1,180,0,1,0

FINAL,R33-Z,33,R,3
IF,ENTOR,-40.674708,-72.899036, ,0.0,0.0,2,3000,0,1,180,0,0,0
RF,ASASU,-40.692697,-73.011422,2,ARC02,326.0,2.7,2,1900,0,0,0,0,2,0
TF,RW33,-40.618239,-73.056442,0, ,0.0,0.0,326.0,4.9,1,230,0,0,0,0,3,1
TF,JO060,-40.527322,-73.111261,0, ,0.0,0.0,0.0,0.0,0,0,0,0,0,0,0,0
TF,VURAS,-40.453292,-73.167614,0, ,0.0,0.0,0.0,0.0,2,3000,0,0,0,0,0,1
HM,VURAS,-40.453292,-73.167614,1, ,0.0,0.0,143.0,04,2,3000,0,0,0,0,0,0,0

APPTR,S15-X,15,OSO
IF,OSO,-40.618611,-73.053889, ,0.0,0.0,2,3000,0,0,0,0,0,0
FC,OSO,-40.618611,-73.053889,0,OSO,0.0,0.0,343.0,7.0,0,0,0,0,0,0,0,1
CF,FS15,-40.533289,-73.110858,1,OSO,325.0,5.7,145.0,1.3,2,1700,0,0,0,0,0,0

FINAL,S15-X,15,D,2
IF,FS15,-40.533289,-73.110858,OSO,325.0,5.7,2,1700,0,0,0,0,2,0
CF,RW15,-40.602289,-73.066072,0,OSO,322.4,1.1,145.0,4.6,1,230,0,0,0,0,3,0
CF,OSO,-40.618611,-73.053889,0,OSO,0.0,0.0,145.0,1.1,0,0,0,0,0,0,0,1
VA,0,145.0,2,3000,0,0,0,0,0,0
DF,OSO,-40.618611,-73.053889,2, ,0.0,0.0,2,3000,0,0,0,0,0,0
HM,OSO,-40.618611,-73.053889,1, ,0.0,0.0,343.0,04.3,0,0,0,0,0,0,0,0,0

APPTR,S33-Y,33,OSO
IF,OSO,-40.618611,-73.053889, ,0.0,0.0,2,3000,0,0,0,0,0,0
FC,OSO,-40.618611,-73.053889,0,OSO,0.0,0.0,170.0,7.0,0,0,0,0,0,0,0,1
CF,FS33Y,-40.681294,-73.023917,1,OSO,152.0,4.0,332.0,3.0,2,1500,0,0,0,0,0,0

FINAL,S33-Y,33,D,2
IF,FS33Y,-40.681294,-73.023917,OSO,152.0,4.0,2,1500,0,0,0,0,2,0
CF,OSO,-40.618611,-73.053889,0,OSO,0.0,0.0,332.0,4.0,1,269,0,0,0,0,3,0
VA,0,332.0,2,3000,0,0,0,0,0,0
DF,OSO,-40.618611,-73.053889,2, ,0.0,0.0,2,3000,0,0,0,0,0,0
HM,OSO,-40.618611,-73.053889,2, ,0.0,0.0,170.0,04.3,0,0,0,0,0,0,0,0,0

