SID,ANPI1J,35,2
VA,0,355.0,2,1000,0,0,0,0,0,0
CF,ANPIP,-42.089947,-73.539783,0,MPI,18.2,17.0,18.0,16.0,2,4000,0,0,0,0,0,0

SID,ANPI1K,17,2
VA,0,175.0,2,1000,0,0,0,0,0,0
CI,1, ,0.0,348.0,0,0,0,0,0,0,0,0
CF,ANPIP,-42.089947,-73.539783,0,MPI,18.2,17.0,18.0,10.0,2,4000,0,0,0,0,0,0

SID,ANPI1L,35,5
CA,0,355.0,2,1000,0,0,0,0,0,0
DF,ANPIP,-42.089947,-73.539783,0, ,0.0,0.0,2,4000,0,0,0,0,0,0

SID,ANPI1M,17,5
CA,0,175.0,2,1000,0,0,0,0,0,0
DF,ANPIP,-42.089947,-73.539783,1, ,0.0,0.0,2,4000,0,0,0,0,0,0

SID,KEVE1J,35,2
VA,0,355.0,2,1000,0,0,0,0,0,0
CF,KEVET,-41.997778,-73.629444,0,MPI,1.3,21.0,1.0,20.0,2,4000,0,0,0,0,0,0

SID,KEVE1K,17,2
VA,0,175.0,2,1000,0,0,0,0,0,0
CI,1, ,0.0,331.0,0,0,0,0,0,0,0,0
CF,KEVET,-41.997778,-73.629444,0,MPI,1.3,21.0,1.0,15.0,2,4000,0,0,0,0,0,0

SID,KEVE1L,35,5
CA,0,355.0,2,1000,0,0,0,0,0,0
DF,KEVET,-41.997778,-73.629444,0, ,0.0,0.0,2,4000,0,0,0,0,0,0

SID,KEVE1M,17,5
CA,0,175.0,2,1000,0,0,0,0,0,0
DF,KEVET,-41.997778,-73.629444,1, ,0.0,0.0,2,4000,0,0,0,0,0,0

SID,MIKA1L,35,5
CA,0,355.0,2,1000,0,0,0,0,0,0
DF,MIKAS,-42.808508,-73.683131,2, ,0.0,0.0,2,5000,0,0,0,0,0,0

SID,MIKA1M,17,5
CA,0,175.0,2,1000,0,0,0,0,0,0
DF,MIKAS,-42.808508,-73.683131,0, ,0.0,0.0,2,5000,0,0,0,0,0,0

STAR,ANPI1A,ALL,2
IF,ANPIP,-42.089947,-73.539783, ,0.0,0.0,2,4000,0,0,0,0,0,0
CI,0, ,0.0,198.0,0,0,0,0,0,0,0,0
AF,D350O,-42.092122,-73.713611,1,MPI,350.0,15.0,18.0,0,0,0,0,0,0,0,0
TF,CS17,-42.158817,-73.713611,0, ,0.0,0.0,0.0,0.0,2,3000,0,0,0,0,0,0

STAR,ANPI1B,35,5
IF,ANPIP,-42.089947,-73.539783, ,0.0,0.0,2,4000,0,0,0,0,0,0
TF,PQ060,-42.350314,-73.581094,0, ,0.0,0.0,0.0,0.0,2,3000,0,0,0,0,0,0
TF,SIKOS,-42.540308,-73.602008,0, ,0.0,0.0,0.0,0.0,2,3000,0,0,0,0,0,0

STAR,KEVE1B,ALL,2
IF,KEVET,-41.997778,-73.629444, ,0.0,0.0,2,4000,0,0,0,0,0,0
CI,0, ,0.0,215.0,0,0,0,0,0,0,0,0
CF,D350O,-42.092122,-73.713611,0,MPI,350.0,15.0,170.0,2.0,0,0,0,0,0,0,0,0
TF,CS17,-42.158817,-73.713611,0, ,0.0,0.0,0.0,0.0,2,3000,0,0,0,0,0,0

STAR,KEVE1C,35,5
IF,KEVET,-41.997778,-73.629444, ,0.0,0.0,2,4000,0,0,0,0,0,0
TF,PQ060,-42.350314,-73.581094,0, ,0.0,0.0,0.0,0.0,2,3000,0,0,0,0,0,0
TF,SIKOS,-42.540308,-73.602008,0, ,0.0,0.0,0.0,0.0,2,3000,0,0,0,0,0,0

STAR,KEVE2A,35,2
IF,KEVET,-41.997778,-73.629444, ,0.0,0.0,2,4000,0,0,0,0,0,0
TF,MPI,-42.342222,-73.713611,0, ,0.0,0.0,0.0,0.0,0,0,0,0,0,0,0,0
TF,NILGO,-42.532244,-73.736831,0, ,0.0,0.0,0.0,0.0,2,3000,0,0,0,0,0,0

STAR,MIKA1C,35,5
IF,MIKAS,-42.808508,-73.683131, ,0.0,0.0,2,5000,0,0,0,0,0,0
TF,OPRAN,-42.691944,-73.690778,0, ,0.0,0.0,0.0,0.0,2,3000,0,0,0,0,0,0
TF,VASAD,-42.631869,-73.747897,0, ,0.0,0.0,0.0,0.0,2,3000,0,0,0,0,0,0

STAR,MIKA1D,17,5
IF,MIKAS,-42.808508,-73.683131, ,0.0,0.0,2,5000,0,0,0,0,0,0
TF,PQ061,-42.350200,-73.581814,0, ,0.0,0.0,0.0,0.0,2,3000,0,0,0,0,0,0
TF,KALOS,-42.156708,-73.560597,0, ,0.0,0.0,0.0,0.0,2,3000,0,0,0,0,0,0

APPTR,D17,17,CS17
HF,CS17,-42.158817,-73.713611,1, ,0.0,0.0,170.0,04,2,3000,0,0,0,0,0,0,0

FINAL,D17,17,D,3
IF,CS17,-42.158817,-73.713611,MPI,350.0,11.0,2,3000,0,0,0,0,0,0
CF,FS17,-42.258856,-73.713611,0,MPI,350.0,5.0,170.0,6.0,2,1900,0,0,0,0,2,0
CF,MS17,-42.325547,-73.713611,0,MPI,350.0,0.0,170.0,4.0,1,654,0,0,0,0,3,0
CF,CS35,-42.523831,-73.748117,0,MPI,178.0,11.0,178.0,12.0,2,3000,0,0,0,0,0,0
HM,CS35,-42.523831,-73.748117,2, ,0.0,0.0,358.0,04,0,0,0,0,0,0,0,0,0

APPTR,D35,35,CS35
HF,CS35,-42.523831,-73.748117,2, ,0.0,0.0,358.0,04,2,3000,0,0,0,0,0,0,0

FINAL,D35,35,D,3
IF,CS35,-42.523831,-73.748117,MPI,178.0,11.0,2,3000,0,0,0,0,0,0
CF,FS35,-42.424772,-73.729269,0,MPI,178.0,5.0,358.0,6.0,2,2000,0,0,0,0,2,0
CF,MS35,-42.358731,-73.716739,0,MPI,178.0,0.0,358.0,4.0,1,757,0,0,0,0,3,0
CF,CS17,-42.158817,-73.713611,0,MPI,350.0,11.0,350.0,12.0,2,3000,0,0,0,0,0,0
HM,CS17,-42.158817,-73.713611,1, ,0.0,0.0,170.0,04,0,0,0,0,0,0,0,0,0

APPTR,I35,35,NILGO
HF,NILGO,-42.532244,-73.736831,2, ,0.0,0.0,355.0,04,2,3000,0,0,0,0,1,0,0

APPTR,I35,35,SIKOS
IF,SIKOS,-42.540308,-73.602008, ,0.0,0.0,2,3000,0,0,0,0,1,0
TF,NILGO,-42.532244,-73.736831,0,IMCI,0.0,0.0,0.0,0.0,2,3000,0,0,0,0,1,0

APPTR,I35,35,VASAD
IF,VASAD,-42.631869,-73.747897, ,0.0,0.0,2,3000,0,0,0,0,1,0
TF,NILGO,-42.532244,-73.736831,0,IMCI,0.0,0.0,0.0,0.0,2,3000,0,0,0,0,1,0

FINAL,I35,35,I,3
IF,NILGO,-42.532244,-73.736831,IMCI,174.7,12.2,2,3000,0,0,0,0,0,0
CF,FI35,-42.429656,-73.725358,0,IMCI,174.6,6.1,355.0,6.2,1,2107,0,0,0,0,2,0
CF,RW35,-42.349386,-73.716647,0,IMCI,174.6,1.2,355.0,4.8,1,578,0,0,0,0,3,0
CA,0,355.0,2,930,0,0,0,0,0,0
CF,CS17,-42.158817,-73.713611,0,MPI,350.0,11.0,350.0,11.0,2,3000,0,0,0,0,0,0
HM,CS17,-42.158817,-73.713611,1, ,0.0,0.0,170.0,04,0,0,0,0,0,0,0,0,0

APPTR,R17,17,ANPIP
IF,ANPIP,-42.089947,-73.539783, ,0.0,0.0,2,4000,0,0,0,0,1,0
TF,ISAKI,-42.148642,-73.694603,0, ,0.0,0.0,0.0,0.0,2,3000,0,0,0,0,1,0

APPTR,R17,17,ISAKI
HF,ISAKI,-42.148642,-73.694603,1, ,0.0,0.0,175.0,04,2,3000,0,0,0,0,1,0,0

APPTR,R17,17,KALOS
IF,KALOS,-42.156708,-73.560597, ,0.0,0.0,2,3000,0,0,0,0,1,0
TF,ISAKI,-42.148642,-73.694603,0, ,0.0,0.0,0.0,0.0,2,3000,0,0,0,0,1,0

APPTR,R17,17,KEVET
IF,KEVET,-41.997778,-73.629444, ,0.0,0.0,2,4000,0,0,0,0,1,0
TF,ISAKI,-42.148642,-73.694603,0, ,0.0,0.0,0.0,0.0,2,3000,0,0,0,0,1,0

FINAL,R17,17,R,4
IF,ISAKI,-42.148642,-73.694603, ,0.0,0.0,2,3000,0,0,0,0,0,0
TF,MANSU,-42.250175,-73.705736,0, ,0.0,0.0,175.0,6.1,2,2100,0,0,0,0,2,0
TF,PQ030,-42.281583,-73.709186,0, ,0.0,0.0,175.0,1.9,2,1440,0,0,0,0,0,0
TF,RW17,-42.331436,-73.714669,0, ,0.0,0.0,175.0,3.0,1,542,0,0,0,0,3,1
CA,0,175.0,2,3000,0,0,0,0,0,0
DF,NILGO,-42.532244,-73.736831,0, ,0.0,0.0,2,3000,0,0,0,0,0,1
HM,NILGO,-42.532244,-73.736831,2, ,0.0,0.0,355.0,04,2,3000,0,0,0,0,0,0,0

APPTR,R35,35,NILGO
HF,NILGO,-42.532244,-73.736831,2, ,0.0,0.0,355.0,04,2,3000,0,0,0,0,1,0,0

APPTR,R35,35,SIKOS
IF,SIKOS,-42.540308,-73.602008, ,0.0,0.0,2,3000,0,0,0,0,1,0
TF,NILGO,-42.532244,-73.736831,0, ,0.0,0.0,0.0,0.0,2,3000,0,0,0,0,1,0

APPTR,R35,35,VASAD
IF,VASAD,-42.631869,-73.747897, ,0.0,0.0,2,3000,0,0,0,0,1,0
TF,NILGO,-42.532244,-73.736831,0, ,0.0,0.0,0.0,0.0,2,3000,0,0,0,0,1,0

FINAL,R35,35,R,3
IF,NILGO,-42.532244,-73.736831, ,0.0,0.0,2,3000,0,0,0,0,0,0
TF,ATAMI,-42.428817,-73.725406,0, ,0.0,0.0,355.0,6.2,2,2100,0,0,0,0,2,0
TF,RW35,-42.349386,-73.716647,0, ,0.0,0.0,355.0,4.8,1,578,0,0,0,0,3,1
CA,0,355.0,2,3000,0,0,0,0,0,0
DF,ISAKI,-42.148642,-73.694603,0, ,0.0,0.0,2,3000,0,0,0,0,0,1
HM,ISAKI,-42.148642,-73.694603,1, ,0.0,0.0,175.0,04,2,3000,0,0,0,0,0,0,0

