SID,ANRO1B,17,5
CA,0,173.0,2,800,0,0,0,0,0,0
DF,ESLEG,-41.256825,-73.220147,2, ,0.0,0.0,2,3000,0,0,0,0,0,0
TF,ANROS,-40.339167,-72.891389,0, ,0.0,0.0,0.0,0.0,2,6000,0,0,0,0,0,0

SID,ANRO4A,35,5
CF,AURES,-41.259572,-73.087606,0,OSO,174.3,38.5,353.0,10.4,2,2300,0,0,0,0,0,0
TF,ANROS,-40.339167,-72.891389,0, ,0.0,0.0,0.0,0.0,2,6000,0,0,0,0,0,0

SID,CALB1B,17,2
VA,0,173.0,2,2000,0,0,0,0,0,0
DF,MON,-41.429167,-73.091944,2, ,0.0,0.0,2,4000,0,0,0,0,0,0
FD,MON,-41.429167,-73.091944,0,MON,0.0,20.0,70.0,20.0,2,9000,0,0,0,0,0,0
CF,CALBU,-41.351389,-72.546111,0,MON,70.8,25.1,70.0,5.0,2,10000,0,0,0,0,0,0

SID,CALB3A,35,2
VA,0,353.0,2,2000,0,0,0,0,0,0
DF,MON,-41.429167,-73.091944,1, ,0.0,0.0,2,4000,0,0,0,0,0,0
FD,MON,-41.429167,-73.091944,0,MON,0.0,20.0,70.0,20.0,2,9000,0,0,0,0,0,0
CF,CALBU,-41.351389,-72.546111,0,MON,70.8,25.1,70.0,5.0,2,10000,0,0,0,0,0,0

SID,GUTI1A,35,5
CA,0,353.0,2,800,0,0,0,0,0,0
DF,SELKO,-41.619292,-72.967003,2, ,0.0,0.0,2,3000,0,0,0,0,0,0
TF,TE447,-42.081514,-72.906419,0, ,0.0,0.0,0.0,0.0,2,7000,0,0,0,0,0,0
TF,GUTIN,-42.406667,-72.812500,0, ,0.0,0.0,0.0,0.0,2,11000,0,0,0,0,0,0

SID,GUTI1D,35,2
VA,0,353.0,2,2000,0,0,0,0,0,0
VR,2,MON,90.0,189.0,2,4000,0,0,0,0,0,0
VI,0, ,0.0,189.0,0,0,0,0,0,0,0,0
CF,GUTIN,-42.406667,-72.812500,0,MON,159.3,60.0,159.0,53.0,0,0,0,0,0,0,0,0

SID,GUTI3B,17,2
VA,0,173.0,2,700,0,0,0,0,0,0
CF,D159T,-41.755392,-72.999656,0,MON,159.3,20.0,159.0,19.0,2,4000,0,0,0,0,0,0
TF,GUTIN,-42.406667,-72.812500,0, ,0.0,0.0,0.0,0.0,0,0,0,0,0,0,0,0

SID,GUTI3C,17,5
CA,0,173.0,2,800,0,0,0,0,0,0
DF,TE188,-41.755386,-72.999653,0, ,0.0,0.0,2,4000,0,0,0,0,0,0
TF,GUTIN,-42.406667,-72.812500,0, ,0.0,0.0,0.0,0.0,2,11000,0,0,0,0,0,0

SID,KIKO1B,17,5
CA,0,173.0,2,800,0,0,0,0,0,0
DF,ESLEG,-41.256825,-73.220147,2, ,0.0,0.0,2,3000,0,0,0,0,0,0
TF,KIKOP,-40.928889,-73.091944,0, ,0.0,0.0,0.0,0.0,2,6000,0,0,0,0,0,0

SID,KIKO1D,17,2
VA,0,173.0,2,2000,0,0,0,0,0,0
VR,2,MON,270.0,21.0,2,4000,0,0,0,0,0,0
VI,0, ,0.0,21.0,0,0,0,0,0,0,0,0
CF,KIKOP,-40.928889,-73.091944,0,MON,351.3,30.0,351.0,26.0,0,0,0,0,0,0,0,0

SID,KIKO3A,35,2
VA,0,353.0,2,700,0,0,0,0,0,0
CF,SOSRI,-41.095650,-73.091944,0,MON,351.3,20.0,351.0,20.0,2,4000,0,0,0,0,0,0
TF,KIKOP,-40.928889,-73.091944,0, ,0.0,0.0,0.0,0.0,0,0,0,0,0,0,0,0

SID,KIKO4C,35,5
CF,AURES,-41.259572,-73.087606,0,OSO,174.3,38.5,353.0,10.4,2,2300,0,0,0,0,0,0
TF,KIKOP,-40.928889,-73.091944,0, ,0.0,0.0,0.0,0.0,2,6000,0,0,0,0,0,0

SID,OSAR1E,35,5
CA,0,353.0,2,800,0,0,0,0,0,0
DF,SELKO,-41.619292,-72.967003,2, ,0.0,0.0,2,3000,0,0,0,0,0,0
TF,OSARA,-42.443611,-72.903056,0, ,0.0,0.0,0.0,0.0,2,5000,0,0,0,0,0,0

SID,OSAR1K,35,2
VA,0,353.0,2,2000,0,0,0,0,0,0
VR,2,MON,90.0,193.0,2,4000,0,0,0,0,0,0
VI,0, ,0.0,193.0,0,0,0,0,0,0,0,0
CF,OSARA,-42.443611,-72.903056,0,MON,163.5,61.4,163.0,55.0,0,0,0,0,0,0,0,0

SID,OSAR2D,17,5
CA,0,173.0,2,800,0,0,0,0,0,0
DF,TE189,-41.759522,-73.031114,0, ,0.0,0.0,2,4000,0,0,0,0,0,0
TF,OSARA,-42.443611,-72.903056,0, ,0.0,0.0,0.0,0.0,2,5000,0,0,0,0,0,0

SID,OSAR2J,17,2
VA,0,173.0,2,700,0,0,0,0,0,0
CF,D163T,-41.759522,-73.031094,0,MON,163.5,20.0,163.0,19.0,2,4000,0,0,0,0,0,0
TF,OSARA,-42.443611,-72.903056,0, ,0.0,0.0,0.0,0.0,0,0,0,0,0,0,0,0

SID,VOVK1B,17,2
VA,0,173.0,2,2000,0,0,0,0,0,0
VR,2,MON,270.0,28.0,2,4000,0,0,0,0,0,0
VI,0, ,0.0,28.0,0,0,0,0,0,0,0,0
CF,VOVKI,-41.098953,-73.029897,0,MON,359.4,20.0,358.0,16.0,0,0,0,0,0,0,0,0

SID,VOVK3A,35,2
VA,0,353.0,2,700,0,0,0,0,0,0
CF,VOVKI,-41.098953,-73.029897,0,MON,359.4,20.0,358.0,20.0,2,4000,0,0,0,0,0,0

STAR,CAUK1A,35,5
IF,CAUKE,-42.425278,-73.201944, ,0.0,0.0,2,5000,0,0,0,0,0,0
TF,TE261,-41.782722,-73.120939,0, ,0.0,0.0,0.0,0.0,2,4000,0,0,0,0,0,0
TF,SILAS,-41.616697,-73.100283,0, ,0.0,0.0,0.0,0.0,2,3000,0,0,0,0,0,0

STAR,CAUK3B,17,5
IF,CAUKE,-42.425278,-73.201944, ,0.0,0.0,2,5000,0,0,0,0,0,0
TF,GEBAP,-41.613950,-73.233553,0, ,0.0,0.0,0.0,0.0,2,4000,0,0,0,0,0,0

STAR,ERUK1A,35,5
IF,ERUKA,-39.751111,-72.524167, ,0.0,0.0,2,6000,0,0,0,0,0,0
TF,SARSU,-41.262167,-72.955053,0, ,0.0,0.0,0.0,0.0,2,6000,0,0,0,0,0,0

STAR,ERUK1B,17,5
IF,ERUKA,-39.751111,-72.524167, ,0.0,0.0,2,6000,0,0,0,0,0,0
TF,TE400,-40.777875,-72.909178,0, ,0.0,0.0,0.0,0.0,2,6000,0,0,0,0,0,0
TF,AURES,-41.259572,-73.087606,0, ,0.0,0.0,0.0,0.0,2,3000,0,0,0,0,0,0

STAR,GENE1A,35,5
IF,GENEK,-42.360000,-72.973889, ,0.0,0.0,2,6000,0,0,0,0,0,0
TF,TE020,-41.782136,-73.072378,0, ,0.0,0.0,0.0,0.0,2,5000,0,0,0,0,0,0
TF,SILAS,-41.616697,-73.100283,0, ,0.0,0.0,0.0,0.0,2,3000,0,0,0,0,0,0

STAR,GENE3B,17,5
IF,GENEK,-42.360000,-72.973889, ,0.0,0.0,2,6000,0,0,0,0,0,0
TF,TE350,-41.576594,-72.916411,0, ,0.0,0.0,0.0,0.0,2,5000,0,0,0,0,0,0

STAR,GENE3C,17,5
IF,GENEK,-42.360000,-72.973889, ,0.0,0.0,2,6000,0,0,0,0,0,0
TF,GEBAP,-41.613950,-73.233553,0, ,0.0,0.0,0.0,0.0,2,4000,0,0,0,0,0,0

STAR,MIDOR4,ALL,2
IF,TONAR,-41.241667,-71.850000, ,0.0,0.0,0,0,0,0,0,0,0,0
TF,MON40,-41.299567,-72.223422,0, ,0.0,0.0,0.0,0.0,2,15000,0,0,0,0,0,0
TF,MON20,-41.365186,-72.657250,0, ,0.0,0.0,0.0,0.0,2,9000,0,0,0,0,0,0
TF,MON,-41.429167,-73.091944,0, ,0.0,0.0,0.0,0.0,2,3000,0,0,0,0,0,0

STAR,OSAR1A,35,5
IF,OSARA,-42.443611,-72.903056, ,0.0,0.0,2,5000,0,0,0,0,0,0
TF,TE200,-41.780892,-73.061522,0, ,0.0,0.0,0.0,0.0,2,5000,0,0,0,0,0,0
TF,SILAS,-41.616697,-73.100283,0, ,0.0,0.0,0.0,0.0,2,3000,0,0,0,0,0,0

STAR,OSAR2B,17,5
IF,OSARA,-42.443611,-72.903056, ,0.0,0.0,2,5000,0,0,0,0,0,0
TF,TE350,-41.576594,-72.916411,0, ,0.0,0.0,0.0,0.0,2,5000,0,0,0,0,0,0

APPTR,D17-Z,17,CF17
HF,CF17,-41.262636,-73.103508,2, ,0.0,0.0,168.0,03,2,3000,0,0,0,0,0,0,0

APPTR,D17-Z,17,D078J
IF,D078J,-41.420225,-72.870708, ,0.0,0.0,0,0,0,0,0,0,0,0
AF,CF17,-41.262636,-73.103508,1,MON,348.3,10.0,78.0,2,2500,0,0,0,0,0,0

APPTR,D17-Z,17,D258J
IF,D258J,-41.437681,-73.313236, ,0.0,0.0,0,0,0,0,0,0,0,0
AF,CF17,-41.262636,-73.103508,2,MON,348.3,10.0,258.0,2,2500,0,0,0,0,0,0

FINAL,D17-Z,17,D,3
IF,CF17,-41.262636,-73.103508,MON,348.3,10.0,2,2500,0,0,0,0,0,0
CF,FF17,-41.345900,-73.097733,0,MON,348.3,5.0,168.0,5.0,2,1800,0,0,0,0,2,0
CF,MA17,-41.412514,-73.093103,0,MON,348.3,0.0,168.0,4.0,1,579,0,0,0,0,3,0
VA,0,168.0,2,3000,0,0,0,0,0,0

APPTR,D35-Z,35,CS35Z
HF,CS35Z,-41.612342,-73.104733,1, ,0.0,0.0,354.0,03,2,3000,0,0,0,0,0,0,0

APPTR,D35-Z,35,D084K
IF,D084K,-41.438508,-72.848517, ,0.0,0.0,0,0,0,0,0,0,0,0
AF,CS35Z,-41.612342,-73.104733,2,MON,174.3,11.0,84.0,2,2500,0,0,0,0,0,0

APPTR,D35-Z,35,D264K
IF,D264K,-41.419308,-73.335297, ,0.0,0.0,0,0,0,0,0,0,0,0
AF,CS35Z,-41.612342,-73.104733,1,MON,174.3,11.0,264.0,2,2500,0,0,0,0,0,0

FINAL,D35-Z,35,D,3
IF,CS35Z,-41.612342,-73.104733,MON,174.3,11.0,2,2500,0,0,0,0,0,0
CF,FS35Z,-41.529081,-73.098911,0,MON,174.3,6.0,354.0,5.0,2,1800,0,0,0,0,2,0
CF,MA35,-41.462469,-73.094264,0,MON,174.3,2.0,354.0,4.0,1,560,0,0,0,0,3,0
VA,0,354.0,2,3000,0,0,0,0,0,0

APPTR,I35-Y,35,MON
IF,MON,-41.429167,-73.091944, ,0.0,0.0,2,5000,0,0,0,0,0,0
FD,MON,-41.429167,-73.091944,0,MON,0.0,12.0,187.0,12.0,0,0,0,0,0,0,0,0
CF,CI35Y,-41.629181,-73.099883,1,IMON,172.6,12.2,353.0,1.0,2,3000,0,0,0,0,0,0

FINAL,I35-Y,35,I,3
IF,CI35Y,-41.629181,-73.099883,IMON,172.6,12.2,2,3000,0,0,0,0,0,0
CF,FI35,-41.530858,-73.096844,0,IMON,172.6,6.3,353.0,5.9,1,1871,0,0,0,0,2,0
CF,RW35,-41.450839,-73.094381,0,IMON,173.3,1.5,353.0,4.8,1,343,0,0,0,0,3,0
VA,0,353.0,2,3000,0,0,0,0,0,0

APPTR,I35-Z,35,SARSU
IF,SARSU,-41.262167,-72.955053, ,0.0,0.0,2,6000,0,0,0,0,1,0
TF,SELKO,-41.619292,-72.967003,0, ,0.0,0.0,0.0,0.0,2,4000,0,0,0,0,0,0
TF,SILAS,-41.616697,-73.100283,0,IMON,0.0,0.0,0.0,0.0,2,3000,0,0,0,0,1,0

APPTR,I35-Z,35,SILAS
HF,SILAS,-41.616697,-73.100283,1, ,0.0,0.0,353.0,04,2,3000,0,0,0,0,1,0,0

FINAL,I35-Z,35,I,3
IF,SILAS,-41.616697,-73.100283,IMON,172.8,11.5,2,3000,0,0,0,0,0,0
CF,FI35,-41.530858,-73.096844,0,IMON,172.6,6.3,353.0,5.2,1,1871,0,0,0,0,2,0
CF,RW35,-41.450839,-73.094381,0,IMON,173.3,1.5,353.0,4.8,1,343,0,0,0,0,3,0
VA,0,353.0,2,3000,0,0,0,0,0,0

APPTR,R17-Y,17,AURES
HF,AURES,-41.259572,-73.087606,2, ,0.0,0.0,173.0,04,2,3000,0,0,0,0,1,0,0

APPTR,R17-Y,17,GEBAP
IF,GEBAP,-41.613950,-73.233553, ,0.0,0.0,2,4000,0,0,0,0,1,0
TF,TE270,-41.440131,-73.225533,0, ,0.0,0.0,0.0,0.0,2,4000,0,0,0,0,0,0
TF,ESLEG,-41.256825,-73.220147,0, ,0.0,0.0,0.0,0.0,2,4000,0,0,0,0,0,0
TF,AURES,-41.259572,-73.087606,0, ,0.0,0.0,0.0,0.0,2,3000,0,0,0,0,1,0

APPTR,R17-Y,17,TE350
IF,TE350,-41.576594,-72.916411, ,0.0,0.0,2,5000,0,0,0,0,1,0
TF,TE269,-41.443764,-72.932789,0, ,0.0,0.0,0.0,0.0,2,4000,0,0,0,0,0,0
TF,SARSU,-41.262167,-72.955053,0, ,0.0,0.0,0.0,0.0,2,4000,0,0,0,0,0,0
TF,AURES,-41.259572,-73.087606,0, ,0.0,0.0,0.0,0.0,2,3000,0,0,0,0,1,0

FINAL,R17-Y,17,R,3
IF,AURES,-41.259572,-73.087606, ,0.0,0.0,2,3000,0,0,0,0,0,0
TF,BRAUN,-41.359592,-73.091144,0, ,0.0,0.0,173.0,6.0,2,1600,0,0,0,0,2,0
TF,RW17,-41.426936,-73.093531,0, ,0.0,0.0,173.0,4.0,1,314,0,0,0,0,3,1
CA,0,173.0,2,3000,0,0,0,0,0,0
DF,SILAS,-41.616697,-73.100283,0, ,0.0,0.0,2,3000,0,0,0,0,0,1
HM,SILAS,-41.616697,-73.100283,1, ,0.0,0.0,353.0,04,2,3000,0,0,0,0,0,0,0

APPTR,R35,35,SARSU
IF,SARSU,-41.262167,-72.955053, ,0.0,0.0,2,6000,0,0,0,0,1,0
TF,SELKO,-41.619292,-72.967003,0, ,0.0,0.0,0.0,0.0,2,4000,0,0,0,0,0,0
TF,SILAS,-41.616697,-73.100283,0, ,0.0,0.0,0.0,0.0,2,3000,0,0,0,0,1,0

APPTR,R35,35,SILAS
HF,SILAS,-41.616697,-73.100283,1, ,0.0,0.0,353.0,04,2,3000,0,0,0,0,1,0,0

FINAL,R35,35,R,3
IF,SILAS,-41.616697,-73.100283, ,0.0,0.0,2,3000,0,0,0,0,0,0
TF,OGLEN,-41.516683,-73.096719,0, ,0.0,0.0,353.0,6.0,2,1600,0,0,0,0,2,0
TF,RW35,-41.450839,-73.094381,0, ,0.0,0.0,353.0,4.0,1,344,0,0,0,0,3,1
CA,0,353.0,2,3000,0,0,0,0,0,0
DF,AURES,-41.259572,-73.087606,0, ,0.0,0.0,2,3000,0,0,0,0,0,1
HM,AURES,-41.259572,-73.087606,2, ,0.0,0.0,173.0,04,2,3000,0,0,0,0,0,0,0

APPTR,S17-Y,17,MON
IF,MON,-41.429167,-73.091944, ,0.0,0.0,2,3000,0,0,0,0,0,0
FC,MON,-41.429167,-73.091944,0,MON,0.0,0.0,6.0,7.0,0,0,0,0,0,0,0,1
CF,FS17,-41.360219,-73.096739,1,MON,348.3,4.1,168.0,3.0,2,1500,0,0,0,0,0,0

FINAL,S17-Y,17,D,2
IF,FS17,-41.360219,-73.096739,MON,348.3,4.1,2,1500,0,0,0,0,2,0
CF,RW17,-41.426936,-73.093531,0,MON,323.1,0.2,168.0,4.0,1,314,0,0,0,0,3,0
CF,MON,-41.429167,-73.091944,0,MON,0.0,0.0,168.0,0.2,0,0,0,0,0,0,0,0
VA,0,168.0,2,3000,0,0,0,0,0,0
DF,MON,-41.429167,-73.091944,2, ,0.0,0.0,0,0,0,0,0,0,0,0
HM,MON,-41.429167,-73.091944,1, ,0.0,0.0,6.0,04.3,0,0,0,0,0,0,0,0,0

APPTR,S35-Y,35,MON
IF,MON,-41.429167,-73.091944, ,0.0,0.0,2,3000,0,0,0,0,0,0
FC,MON,-41.429167,-73.091944,0,MON,0.0,0.0,198.0,7.0,0,0,0,0,0,0,0,1
CF,FS35Y,-41.517492,-73.098103,1,MON,174.3,5.3,354.0,2.0,2,1500,0,0,0,0,0,0

FINAL,S35-Y,35,D,2
IF,FS35Y,-41.517492,-73.098103,MON,174.3,5.3,2,1500,0,0,0,0,2,0
CF,RW35,-41.450839,-73.094381,0,MON,176.1,1.3,354.0,4.0,1,343,0,0,0,0,3,0
CF,MON,-41.429167,-73.091944,0,MON,0.0,0.0,354.0,1.3,0,0,0,0,0,0,0,0
VA,0,354.0,2,3000,0,0,0,0,0,0
DF,MON,-41.429167,-73.091944,2, ,0.0,0.0,0,0,0,0,0,0,0,0
HM,MON,-41.429167,-73.091944,2, ,0.0,0.0,198.0,04.3,0,0,0,0,0,0,0,0,0

