SID,BUXI1A,05,5
CF,VM080,-32.863072,-71.345900,0,VDM,50.8,8.1,50.0,8.0,2,3800,0,0,0,0,0,0
TF,BISUX,-32.491064,-71.493817,0, ,0.0,0.0,0.0,0.0,2,8000,0,0,0,0,0,0
TF,BUXIS,-32.259167,-71.491667,0, ,0.0,0.0,0.0,0.0,2,8000,0,0,0,0,0,0

SID,BUXI1B,23,5
CF,LIXOK,-32.987350,-71.536592,0,VDM,229.5,4.1,230.0,3.2,2,1400,0,0,0,0,0,1
DF,MILIK,-32.738614,-71.496114,2, ,0.0,0.0,2,5000,0,0,0,0,0,0
TF,BISUX,-32.491064,-71.493817,0, ,0.0,0.0,0.0,0.0,2,8000,0,0,0,0,0,0
TF,BUXIS,-32.259167,-71.491667,0, ,0.0,0.0,0.0,0.0,2,8000,0,0,0,0,0,0

SID,DILO2C,05,4
CF,VM040,-32.903433,-71.408989,0,VDM,50.6,4.1,50.0,4.0,2,2100,0,0,0,0,0,0
TF,VM200,-33.096414,-71.184103,0, ,0.0,0.0,0.0,0.0,1,10000,0,0,0,0,0,0
TF,EL476,-33.085936,-70.977875,0, ,0.0,0.0,0.0,0.0,1,10000,0,0,0,0,0,0
TF,TEMUS,-33.047733,-70.821606,0, ,0.0,0.0,0.0,0.0,2,13500,0,0,0,0,0,0
TF,TINGO,-32.908167,-70.697806,0, ,0.0,0.0,0.0,0.0,2,18000,0,0,0,0,0,0
TF,EL680,-32.608047,-70.677794,0, ,0.0,0.0,0.0,0.0,2,21000,0,0,0,0,0,0
TF,DILOK,-31.933333,-70.633333,0, ,0.0,0.0,0.0,0.0,2,21000,0,0,0,0,0,0

SID,DILO2C,23,4
CF,LIXOK,-32.987350,-71.536592,0,VDM,229.5,4.1,230.0,3.2,2,1800,0,0,0,0,0,1
DF,VM200,-33.096414,-71.184103,1, ,0.0,0.0,1,10000,0,0,0,0,0,0
TF,EL476,-33.085936,-70.977875,0, ,0.0,0.0,0.0,0.0,1,10000,0,0,0,0,0,0
TF,TEMUS,-33.047733,-70.821606,0, ,0.0,0.0,0.0,0.0,2,13500,0,0,0,0,0,0
TF,TINGO,-32.908167,-70.697806,0, ,0.0,0.0,0.0,0.0,2,18000,0,0,0,0,0,0
TF,EL680,-32.608047,-70.677794,0, ,0.0,0.0,0.0,0.0,2,21000,0,0,0,0,0,0
TF,DILOK,-31.933333,-70.633333,0, ,0.0,0.0,0.0,0.0,2,21000,0,0,0,0,0,0

SID,GUVO2D,05,4
CF,VM040,-32.903433,-71.408989,0,VDM,50.6,4.1,50.0,4.0,2,2100,0,0,0,0,0,0
TF,VM200,-33.096414,-71.184103,0, ,0.0,0.0,0.0,0.0,1,10000,0,0,0,0,0,0
TF,EL476,-33.085936,-70.977875,0, ,0.0,0.0,0.0,0.0,1,10000,0,0,0,0,0,0
TF,TEMUS,-33.047733,-70.821606,0, ,0.0,0.0,0.0,0.0,2,13500,0,0,0,0,0,0
TF,TINGO,-32.908167,-70.697806,0, ,0.0,0.0,0.0,0.0,2,18000,0,0,0,0,0,0
TF,EL680,-32.608047,-70.677794,0, ,0.0,0.0,0.0,0.0,2,21000,0,0,0,0,0,0
TF,GUVOL,-32.375000,-70.225000,0, ,0.0,0.0,0.0,0.0,2,25000,0,0,0,0,0,0

SID,GUVO2D,23,4
CF,LIXOK,-32.987350,-71.536592,0,VDM,229.5,4.1,230.0,3.2,2,1800,0,0,0,0,0,1
DF,VM200,-33.096414,-71.184103,1, ,0.0,0.0,1,10000,0,0,0,0,0,0
TF,EL476,-33.085936,-70.977875,0, ,0.0,0.0,0.0,0.0,1,10000,0,0,0,0,0,0
TF,TEMUS,-33.047733,-70.821606,0, ,0.0,0.0,0.0,0.0,2,13500,0,0,0,0,0,0
TF,TINGO,-32.908167,-70.697806,0, ,0.0,0.0,0.0,0.0,2,18000,0,0,0,0,0,0
TF,EL680,-32.608047,-70.677794,0, ,0.0,0.0,0.0,0.0,2,21000,0,0,0,0,0,0
TF,GUVOL,-32.375000,-70.225000,0, ,0.0,0.0,0.0,0.0,2,25000,0,0,0,0,0,0

SID,RENAK6,23,2
DF,SAL,-32.986667,-71.535833,0, ,0.0,0.0,2,1500,0,0,0,0,0,0
FA,SAL,-32.986667,-71.535833,0,VTN,0.0,0.0,230.0,2,2500,0,0,0,0,0,0
VI,0, ,0.0,153.0,0,0,0,0,0,0,0,0
CF,DGO,-33.657222,-71.614444,0,DGO,0.0,0.0,183.0,34.0,0,0,0,0,0,0,0,0

SID,SELT1B,23,5
CF,LIXOK,-32.987350,-71.536592,0,VDM,229.5,4.1,230.0,3.2,2,1400,0,0,0,0,0,1
DF,SELTU,-33.320367,-71.562831,0, ,0.0,0.0,2,6000,0,0,0,0,0,0
TF,DGO,-33.657222,-71.614444,0, ,0.0,0.0,0.0,0.0,0,0,0,0,0,0,0,0

SID,SELT2A,05,4
CF,VM020,-32.924375,-71.439839,0,VDM,52.0,2.1,50.0,2.0,2,1300,0,0,0,0,0,1
DF,SELTU,-33.320367,-71.562831,2, ,0.0,0.0,2,6000,0,0,0,0,0,0
TF,DGO,-33.657222,-71.614444,0, ,0.0,0.0,0.0,0.0,0,0,0,0,0,0,0,0

SID,ZAPAL6,23,2
DF,SAL,-32.986667,-71.535833,0, ,0.0,0.0,2,1500,0,0,0,0,0,0
FA,SAL,-32.986667,-71.535833,0,VTN,0.0,0.0,230.0,2,2500,0,0,0,0,0,0
VI,2, ,0.0,34.0,0,0,0,0,0,0,0,0
CF,VTN,-32.738611,-71.496111,0,VTN,0.0,0.0,4.0,6.0,0,0,0,0,0,0,0,0

STAR,ESMAN4,ALL,2
IF,VTN,-32.738611,-71.496111, ,0.0,0.0,2,6000,0,0,0,0,0,0
TF,D184I,-32.888042,-71.515189,0, ,0.0,0.0,0.0,0.0,2,5000,0,0,0,0,0,1
DF,SAL,-32.986667,-71.535833,0, ,0.0,0.0,2,3500,0,0,0,0,0,0

STAR,KALET4,05,2
IF,VTN,-32.738611,-71.496111, ,0.0,0.0,2,6000,0,0,0,0,0,0
FD,VTN,-32.738611,-71.496111,0,VTN,0.0,18.0,203.0,18.0,1,2500,0,0,0,0,0,0
VI,1, ,0.0,90.0,0,0,0,0,0,0,0,0
CF,CL05,-33.026781,-71.597358,0,VTN,192.2,18.0,50.0,3.0,0,0,0,0,0,0,0,0

STAR,LATAB4,ALL,2
IF,DGO,-33.657222,-71.614444, ,0.0,0.0,0,0,0,0,0,0,0,0
TF,VT28B,-33.203486,-71.555681,0, ,0.0,0.0,0.0,0.0,2,6000,0,0,0,0,0,0
TF,D184W,-33.120478,-71.544997,0, ,0.0,0.0,0.0,0.0,2,5000,0,0,0,0,0,0
TF,D184R,-33.037467,-71.534333,0, ,0.0,0.0,0.0,0.0,2,4000,0,0,0,0,0,1
DF,SAL,-32.986667,-71.535833,0, ,0.0,0.0,2,3500,0,0,0,0,0,0

STAR,LAVER4,DGO,1
IF,DGO,-33.657222,-71.614444, ,0.0,0.0,0,0,0,0,0,0,0,0
TF,DGO27,-33.209008,-71.556392,0, ,0.0,0.0,0.0,0.0,2,6000,0,0,0,0,0,0
CI,0, ,0.0,4.0,0,0,0,0,0,0,0,0
AF,D204N,-33.155344,-71.595725,2,VDM,204.0,14.0,194.0,2,6000,0,0,0,0,0,0

STAR,LAVER4,SABLA,1
IF,SABLA,-33.313889,-71.399722, ,0.0,0.0,0,0,0,0,0,0,0,0
TF,VT28A,-33.201608,-71.418633,0, ,0.0,0.0,0.0,0.0,2,8000,0,0,0,0,0,0
CI,0, ,0.0,350.0,0,0,0,0,0,0,0,0
AF,D204N,-33.155344,-71.595725,2,VDM,204.0,14.0,167.0,2,6000,0,0,0,0,0,0

STAR,LAVER4,05,2
IF,D204N,-33.155344,-71.595725, ,0.0,0.0,2,6000,0,0,0,0,0,0
AF,D228N,-33.095372,-71.686653,2,VDM,228.0,14.0,204.0,0,0,0,0,0,0,0,0
TF,CD05,-33.052525,-71.625789,0, ,0.0,0.0,0.0,0.0,2,3500,0,0,0,0,0,0

STAR,MILIK2,05,6
IF,MILIK,-32.738614,-71.496114, ,0.0,0.0,2,8000,0,0,0,0,0,0
TF,ROKUN,-32.878469,-71.692131,0, ,0.0,0.0,0.0,0.0,2,6500,0,0,0,0,0,0
TF,VM170,-33.008025,-71.755153,0, ,0.0,0.0,0.0,0.0,2,4500,0,0,0,0,0,0
TF,POSLA,-33.066572,-71.658672,0, ,0.0,0.0,0.0,0.0,2,3500,0,0,0,0,0,0

STAR,MIROL4,05,2
IF,DGO,-33.657222,-71.614444, ,0.0,0.0,0,0,0,0,0,0,0,0
TF,VM250,-33.293056,-71.771667,0, ,0.0,0.0,0.0,0.0,2,6000,0,0,0,0,0,0
TF,D198Z,-33.140169,-71.691936,0, ,0.0,0.0,0.0,0.0,2,4000,0,0,0,0,0,0
VI,0, ,0.0,18.0,0,0,0,0,0,0,0,0
CF,CD05,-33.052525,-71.625789,0,VTN,196.2,19.9,48.0,3.0,2,3500,0,0,0,0,0,0

STAR,PACIL3,ALL,2
IF,DGO,-33.657222,-71.614444, ,0.0,0.0,0,0,0,0,0,0,0,0
TF,D004Y,-33.242094,-71.561964,0, ,0.0,0.0,0.0,0.0,0,0,0,0,0,0,0,0
CF,D192I,-33.091097,-71.517081,0,VDM,192.0,9.0,12.0,9.0,2,6000,0,0,0,0,0,0
TF,D192E,-33.026289,-71.497867,0, ,0.0,0.0,0.0,0.0,2,5000,0,0,0,0,0,0
TF,VDM,-32.945278,-71.473889,0, ,0.0,0.0,0.0,0.0,2,3500,0,0,0,0,0,0

STAR,POSUL4,ALL,2
IF,SABLA,-33.313889,-71.399722, ,0.0,0.0,0,0,0,0,0,0,0,0
TF,VTN30,-33.234675,-71.413069,0, ,0.0,0.0,0.0,0.0,2,8000,0,0,0,0,0,0
TF,D170V,-33.102400,-71.435306,0, ,0.0,0.0,0.0,0.0,2,6000,0,0,0,0,0,0
TF,D170R,-33.036261,-71.446397,0, ,0.0,0.0,0.0,0.0,2,5000,0,0,0,0,0,0
TF,D170O,-32.986656,-71.454706,0, ,0.0,0.0,0.0,0.0,2,3500,0,0,0,0,0,1
DF,SAL,-32.986667,-71.535833,1, ,0.0,0.0,2,3500,0,0,0,0,0,0

STAR,REVEN3,ALL,2
IF,VTN,-32.738611,-71.496111, ,0.0,0.0,2,6000,0,0,0,0,0,0
TF,D353F,-32.845489,-71.484631,0, ,0.0,0.0,0.0,0.0,2,5000,0,0,0,0,0,0
TF,VDM,-32.945278,-71.473889,0, ,0.0,0.0,0.0,0.0,2,3500,0,0,0,0,0,0

STAR,SABL2B,05,5
IF,SABLA,-33.313889,-71.399722, ,0.0,0.0,2,8000,0,0,0,0,0,0
TF,VM181,-33.180211,-71.616478,0, ,0.0,0.0,0.0,0.0,2,5500,0,0,0,0,0,0
TF,POSLA,-33.066572,-71.658672,0, ,0.0,0.0,0.0,0.0,2,3500,0,1,250,0,0,0

STAR,SATOR4,ALL,2
IF,SABLA,-33.313889,-71.399722, ,0.0,0.0,0,0,0,0,0,0,0,0
TF,VTN30,-33.234675,-71.413069,0, ,0.0,0.0,0.0,0.0,2,8000,0,0,0,0,0,0
TF,D170V,-33.102400,-71.435306,0, ,0.0,0.0,0.0,0.0,2,6000,0,0,0,0,0,0
TF,D170R,-33.036261,-71.446397,0, ,0.0,0.0,0.0,0.0,2,5000,0,0,0,0,0,1
TF,VDM,-32.945278,-71.473889,0, ,0.0,0.0,0.0,0.0,2,3500,0,0,0,0,0,0

STAR,SELT1J,05,6
IF,SELTU,-33.320367,-71.562831, ,0.0,0.0,2,6000,0,0,0,0,0,0
TF,VM181,-33.180211,-71.616478,0, ,0.0,0.0,0.0,0.0,2,5500,0,0,0,0,0,0
TF,POSLA,-33.066572,-71.658672,0, ,0.0,0.0,0.0,0.0,2,3500,0,1,250,0,0,0

APPTR,D05-Y,05,VDM
IF,VDM,-32.945278,-71.473889, ,0.0,0.0,2,3500,0,0,0,0,0,0
FD,VDM,-32.945278,-71.473889,0,VDM,0.0,10.0,246.0,10.0,0,0,0,0,0,0,0,0
CF,CD05,-33.052525,-71.625789,1,VDM,228.0,10.0,48.0,1.0,2,3000,0,0,0,0,0,0

FINAL,D05-Y,05,D,4
IF,CD05,-33.052525,-71.625789,VDM,228.0,10.0,2,3000,0,0,0,0,0,0
CF,FD05,-32.998925,-71.549792,0,VDM,228.0,5.0,48.0,5.0,2,1900,0,0,0,0,2,0
CF,35VOR,-32.982833,-71.527011,0,VDM,228.0,3.5,48.0,1.5,2,1400,0,0,0,0,0,0
CF,MD05,-32.961375,-71.496650,0,VDM,228.0,1.5,48.0,2.0,1,728,0,0,0,0,3,0
CA,0,48.0,2,870,0,0,0,0,0,0
VA,1,250.0,2,3500,0,0,0,0,0,0
DF,VDM,-32.945278,-71.473889,1, ,0.0,0.0,0,0,0,0,0,0,0,0
HM,VDM,-32.945278,-71.473889,1, ,0.0,0.0,246.0,04.3,0,0,0,0,0,0,0,0,0

APPTR,D05-Z,05,CD05
HF,CD05,-33.052525,-71.625789,1, ,0.0,0.0,48.0,04,2,3500,0,0,0,0,0,0,0

FINAL,D05-Z,05,D,4
IF,CD05,-33.052525,-71.625789,VDM,228.0,10.0,2,3000,0,0,0,0,0,0
CF,FD05,-32.998925,-71.549792,0,VDM,228.0,5.0,48.0,5.0,2,1900,0,0,0,0,2,0
CF,35VOR,-32.982833,-71.527011,0,VDM,228.0,3.5,48.0,1.5,2,1400,0,0,0,0,0,0
CF,MD05,-32.961375,-71.496650,0,VDM,228.0,1.5,48.0,2.0,1,728,0,0,0,0,3,0
CA,0,48.0,2,870,0,0,0,0,0,0
DF,CD05,-33.052525,-71.625789,1, ,0.0,0.0,2,3500,0,0,0,0,0,0
HM,CD05,-33.052525,-71.625789,1, ,0.0,0.0,48.0,04,0,0,0,0,0,0,0,0,0

APPTR,L05,05,SAL
IF,SAL,-32.986667,-71.535833, ,0.0,0.0,2,3500,0,0,0,0,0,0
FC,SAL,-32.986667,-71.535833,0,VDM,0.0,0.0,248.0,7.0,0,0,0,0,0,0,0,1
VI,1, ,0.0,80.0,2,3000,0,0,0,0,0,0
CF,CL05,-33.026781,-71.597358,0,IVDM,230.3,8.1,50.0,3.1,2,2500,0,0,0,0,0,0

FINAL,L05,05,D,3
IF,CL05,-33.026781,-71.597358,IVDM,230.3,8.1,2,2500,0,0,0,0,0,0
CF,SAL,-32.986667,-71.535833,0,IVDM,230.4,4.2,50.0,3.9,2,1600,0,0,0,0,2,0
CF,MM05,-32.960278,-71.495000,0,IVDM,230.3,1.6,50.0,2.6,1,698,0,0,0,0,3,0
CA,0,50.0,2,870,0,0,0,0,0,0
VA,1,250.0,2,3500,0,0,0,0,0,0
DF,SAL,-32.986667,-71.535833,1, ,0.0,0.0,0,0,0,0,0,0,0,0
HM,SAL,-32.986667,-71.535833,1, ,0.0,0.0,248.0,04.3,0,0,0,0,0,0,0,0,0

APPTR,L05-W,05,POSLA
HF,POSLA,-33.066572,-71.658672,1, ,0.0,0.0,50.0,04,2,3500,0,0,0,0,1,0,0
TF,VM075,-33.030919,-71.603681,0,IVDM,0.0,0.0,0.0,0.0,2,3000,0,0,0,0,0,0

FINAL,L05-W,05,D,3
IF,VM075,-33.030919,-71.603681,IVDM,230.3,8.5,2,3000,0,0,0,0,0,0
CF,LIXOK,-32.987350,-71.536592,0,IVDM,230.3,4.2,50.0,4.3,2,1600,0,0,0,0,2,0
CF,VM006,-32.960497,-71.495361,0,IVDM,230.3,1.6,50.0,2.6,1,708,0,0,0,0,3,1
CA,0,50.0,2,870,0,0,0,0,0,0
DF,VM170,-33.008025,-71.755153,1, ,0.0,0.0,2,3500,0,1,210,0,0,1
HM,VM170,-33.008025,-71.755153,2, ,0.0,0.0,124.0,04,2,3500,0,0,0,0,0,0,0

APPTR,L05-X,05,VDM
IF,VDM,-32.945278,-71.473889, ,0.0,0.0,2,3500,0,0,0,0,0,0
FD,VDM,-32.945278,-71.473889,0,VDM,0.0,10.0,246.0,10.0,0,0,0,0,0,0,0,0
CF,D230J,-33.046381,-71.626981,1,VDM,229.9,9.8,50.0,1.0,2,3000,0,0,0,0,0,0
CF,CF05,-33.031061,-71.603453,0,IVDM,230.2,8.5,50.0,1.5,2,3000,0,0,0,0,0,0

FINAL,L05-X,05,D,3
IF,CF05,-33.031061,-71.603453,IVDM,230.2,8.5,2,3000,0,0,0,0,0,0
CF,FF05,-32.987119,-71.536050,0,IVDM,230.2,4.2,50.0,4.3,2,1600,0,0,0,0,2,0
CF,MM05,-32.960278,-71.495000,0,IVDM,230.3,1.6,50.0,2.6,1,698,0,0,0,0,3,0
CA,0,50.0,2,870,0,0,0,0,0,0
VA,1,250.0,2,3500,0,0,0,0,0,0
DF,VDM,-32.945278,-71.473889,1, ,0.0,0.0,0,0,0,0,0,0,0,0
HM,VDM,-32.945278,-71.473889,1, ,0.0,0.0,246.0,04.3,0,0,0,0,0,0,0,0,0

APPTR,L05-Y,05,D230J
HF,D230J,-33.046381,-71.626981,1, ,0.0,0.0,50.0,04,2,3500,0,0,0,0,0,0,0
CF,CF05,-33.031061,-71.603453,0,IVDM,230.2,8.5,50.0,1.5,2,3000,0,0,0,0,0,0

FINAL,L05-Y,05,D,3
IF,CF05,-33.031061,-71.603453,IVDM,230.2,8.5,2,3000,0,0,0,0,0,0
CF,SAL,-32.986667,-71.535833,0,IVDM,230.4,4.2,50.0,4.3,2,1600,0,0,0,0,2,0
CF,MM05,-32.960278,-71.495000,0,IVDM,230.3,1.6,50.0,2.6,1,698,0,0,0,0,3,0
CA,0,50.0,2,870,0,0,0,0,0,0
DF,D230J,-33.046381,-71.626981,1, ,0.0,0.0,2,3500,0,0,0,0,0,0
HM,D230J,-33.046381,-71.626981,1, ,0.0,0.0,50.0,04,0,0,0,0,0,0,0,0,0

APPTR,R05,05,POSLA
HF,POSLA,-33.066572,-71.658672,1, ,0.0,0.0,50.0,04,2,3500,0,0,0,0,1,0,0

FINAL,R05,05,R,4
IF,POSLA,-33.066572,-71.658672, ,0.0,0.0,2,3500,0,0,0,0,0,0
TF,VM075,-33.030919,-71.603681,0, ,0.0,0.0,50.0,3.5,2,3000,0,0,0,0,0,0
TF,LIXOK,-32.987350,-71.536592,0, ,0.0,0.0,50.0,4.3,2,1600,0,0,0,0,2,0
TF,RW05,-32.954436,-71.485992,0, ,0.0,0.0,50.0,3.2,1,504,0,0,0,0,3,1
DF,VM170,-33.008025,-71.755153,1, ,0.0,0.0,2,3500,0,1,210,0,0,1
HM,VM170,-33.008025,-71.755153,2, ,0.0,0.0,124.0,04,2,3500,0,0,0,0,0,0,0

APPTR,R23,23,BISUX
IF,BISUX,-32.491064,-71.493817, ,0.0,0.0,2,8000,0,0,0,0,1,0
TF,VM308,-32.591231,-71.344244,0, ,0.0,0.0,0.0,0.0,4,8000,6000,0,0,0,0,0
TF,VM238,-32.663283,-71.235936,0, ,0.0,0.0,0.0,0.0,4,8000,6000,1,210,0,0,0
RF,VM150,-32.791503,-71.236433,2,VM999,280.1,4.9,2,5100,0,0,0,0,1,0

APPTR,R23,23,MILIK
IF,MILIK,-32.738614,-71.496114, ,0.0,0.0,2,6000,0,0,0,0,1,0
TF,VM308,-32.591231,-71.344244,0, ,0.0,0.0,0.0,0.0,4,8000,6000,0,0,0,0,0
TF,VM238,-32.663283,-71.235936,0, ,0.0,0.0,0.0,0.0,4,8000,6000,1,210,0,0,0
RF,VM150,-32.791503,-71.236433,2,VM999,356.5,4.9,2,5100,0,0,0,0,1,0

FINAL,R23,23,R,3
IF,VM150,-32.791503,-71.236433, ,0.0,0.0,2,5100,0,0,0,0,0,0
TF,ETIBO,-32.842617,-71.314622,0, ,0.0,0.0,230.0,5.0,2,4300,0,0,0,0,2,0
TF,RW23,-32.944794,-71.471181,0, ,0.0,0.0,230.0,10.0,1,471,0,0,0,0,3,1
DF,ROKUN,-32.878469,-71.692131,0, ,0.0,0.0,2,4500,0,1,210,0,0,1
HM,ROKUN,-32.878469,-71.692131,1, ,0.0,0.0,48.0,04,2,4500,0,0,0,0,0,0,0

