SID,ANRA1A,12,2
DF,PAV,-1.515972,-78.043361,0, ,0.0,0.0,2,3600,0,0,0,0,0,0
FD,PAV,-1.515972,-78.043361,0,PAV,0.0,6.0,121.0,6.0,2,4800,0,0,0,0,0,0
DF,D077J,-1.468969,-77.883622,1, ,0.0,0.0,0,0,0,0,0,0,0,0
TF,ANRAD,-1.304167,-77.323889,0, ,0.0,0.0,0.0,0.0,0,0,0,0,0,0,0,0

SID,ANRA1B,12,2
DF,PTZ06,-1.551650,-77.980833,0, ,0.0,0.0,2,4800,0,0,0,0,0,1
DF,PT10D,-1.460281,-77.907511,1, ,0.0,0.0,0,0,0,0,0,0,0,0
TF,ANRAD,-1.304167,-77.323889,0, ,0.0,0.0,0.0,0.0,0,0,0,0,0,0,0,0

SID,ASIB1A,12,2
DF,PAV,-1.515972,-78.043361,0, ,0.0,0.0,2,3600,0,0,0,0,0,0
FD,PAV,-1.515972,-78.043361,0,PAV,0.0,6.0,121.0,6.0,2,4800,0,0,0,0,0,0
DF,D107J,-1.553200,-77.881094,0, ,0.0,0.0,0,0,0,0,0,0,0,0
TF,ASIBU,-1.683611,-77.312222,0, ,0.0,0.0,0.0,0.0,0,0,0,0,0,0,0,0

SID,ASIB1B,12,2
DF,PTZ06,-1.551650,-77.980833,0, ,0.0,0.0,2,4800,0,0,0,0,0,1
DF,PT10G,-1.541922,-77.906422,0, ,0.0,0.0,0,0,0,0,0,0,0,0
TF,ASIBU,-1.683611,-77.312222,0, ,0.0,0.0,0.0,0.0,0,0,0,0,0,0,0,0

SID,ATEK1A,12,2
DF,PAV,-1.515972,-78.043361,0, ,0.0,0.0,2,3600,0,0,0,0,0,0
FD,PAV,-1.515972,-78.043361,0,PAV,0.0,6.0,121.0,6.0,2,4800,0,0,0,0,0,0
DF,D094J,-1.517025,-77.876936,0, ,0.0,0.0,0,0,0,0,0,0,0,0
TF,ATEKI,-1.519444,-77.486944,0, ,0.0,0.0,0.0,0.0,0,0,0,0,0,0,0,0
TF,ARSEG,-1.471389,-77.294722,0, ,0.0,0.0,0.0,0.0,0,0,0,0,0,0,0,0

SID,ATEK1B,12,2
DF,PTZ06,-1.551650,-77.980833,0, ,0.0,0.0,2,4800,0,0,0,0,0,1
DF,PT10E,-1.507919,-77.901997,0, ,0.0,0.0,0,0,0,0,0,0,0,0
TF,ATEKI,-1.519444,-77.486944,0, ,0.0,0.0,0.0,0.0,0,0,0,0,0,0,0,0
TF,ARSEG,-1.471389,-77.294722,0, ,0.0,0.0,0.0,0.0,0,0,0,0,0,0,0,0

SID,BOGE1A,12,2
DF,PAV,-1.515972,-78.043361,0, ,0.0,0.0,2,3600,0,0,0,0,0,0
TF,D121F,-1.561808,-77.954494,0, ,0.0,0.0,0.0,0.0,2,4800,0,0,0,0,0,0
TF,BOGEX,-1.859722,-77.376667,0, ,0.0,0.0,0.0,0.0,0,0,0,0,0,0,0,0

SID,BOGE1B,12,2
DF,PTZ06,-1.551650,-77.980833,0, ,0.0,0.0,2,4800,0,0,0,0,0,0
CF,BOGEX,-1.859722,-77.376667,0,PAV,121.1,45.0,121.0,41.0,0,0,0,0,0,0,0,0

SID,DADU1A,12,2
DF,PAV,-1.515972,-78.043361,0, ,0.0,0.0,2,3600,0,0,0,0,0,0
TF,D121F,-1.561808,-77.954494,0, ,0.0,0.0,0.0,0.0,2,4800,0,0,0,0,0,1
DF,D152J,-1.659536,-77.957636,0, ,0.0,0.0,0,0,0,0,0,0,0,0
TF,DADUB,-2.153889,-77.649167,0, ,0.0,0.0,0.0,0.0,0,0,0,0,0,0,0,0

SID,DADU1B,12,2
DF,PTZ06,-1.551650,-77.980833,0, ,0.0,0.0,2,4800,0,0,0,0,0,1
DF,PT10A,-1.643822,-77.977833,0, ,0.0,0.0,0,0,0,0,0,0,0,0
TF,DADUB,-2.153889,-77.649167,0, ,0.0,0.0,0.0,0.0,0,0,0,0,0,0,0,0

SID,JUV1A,12,2
DF,PAV,-1.515972,-78.043361,0, ,0.0,0.0,2,3600,0,0,0,0,0,0
FD,PAV,-1.515972,-78.043361,0,PAV,0.0,6.0,121.0,6.0,2,4800,0,0,0,0,0,0
DF,D050J,-1.400739,-77.922583,1, ,0.0,0.0,0,0,0,0,0,0,0,0
TF,JUV,-1.060194,-77.565750,0, ,0.0,0.0,0.0,0.0,0,0,0,0,0,0,0,0
TF,SINOK,-0.938056,-77.452500,0, ,0.0,0.0,0.0,0.0,0,0,0,0,0,0,0,0

SID,JUV1B,12,2
DF,PTZ06,-1.551650,-77.980833,0, ,0.0,0.0,2,4800,0,0,0,0,0,1
DF,PT10F,-1.392931,-77.943161,1, ,0.0,0.0,0,0,0,0,0,0,0,0
TF,JUV,-1.060194,-77.565750,0, ,0.0,0.0,0.0,0.0,0,0,0,0,0,0,0,0
TF,SINOK,-0.938056,-77.452500,0, ,0.0,0.0,0.0,0.0,0,0,0,0,0,0,0,0

SID,KOKT1A,12,2
DF,PAV,-1.515972,-78.043361,0, ,0.0,0.0,2,3600,0,0,0,0,0,0
TF,D121F,-1.561808,-77.954494,0, ,0.0,0.0,0.0,0.0,2,4800,0,0,0,0,0,1
DF,D177J,-1.682178,-78.022811,2, ,0.0,0.0,2,9000,0,0,0,0,0,0
TF,KOKTI,-2.293333,-77.947222,0, ,0.0,0.0,0.0,0.0,0,0,0,0,0,0,0,0

SID,KOKT1B,12,2
DF,PTZ06,-1.551650,-77.980833,0, ,0.0,0.0,2,4800,0,0,0,0,0,1
DF,PT10B,-1.668808,-78.042989,2, ,0.0,0.0,2,9000,0,0,0,0,0,0
TF,KOKTI,-2.293333,-77.947222,0, ,0.0,0.0,0.0,0.0,0,0,0,0,0,0,0,0

SID,MSV1A,12,2
DF,PAV,-1.515972,-78.043361,0, ,0.0,0.0,2,3600,0,0,0,0,0,0
TF,D121F,-1.561808,-77.954494,0, ,0.0,0.0,0.0,0.0,2,4800,0,0,0,0,0,1
DF,D189J,-1.682778,-78.058372,2, ,0.0,0.0,2,9000,0,0,0,0,0,0
TF,MSV,-2.257444,-78.110111,0, ,0.0,0.0,0.0,0.0,0,0,0,0,0,0,0,0

SID,MSV1B,12,2
DF,PTZ06,-1.551650,-77.980833,0, ,0.0,0.0,2,4800,0,0,0,0,0,1
DF,PT10C,-1.670506,-78.077614,2, ,0.0,0.0,2,9000,0,0,0,0,0,0
TF,MSV,-2.257444,-78.110111,0, ,0.0,0.0,0.0,0.0,0,0,0,0,0,0,0,0

SID,PAV1B,12,2
DF,PAV,-1.515972,-78.043361,0, ,0.0,0.0,2,3600,0,0,0,0,0,0
FD,PAV,-1.515972,-78.043361,0,PAV,0.0,8.0,124.0,8.0,2,5800,0,0,0,0,0,0
CF,D152H,-1.629600,-77.972803,2,PAV,152.0,8.0,332.0,1.0,2,7400,0,0,0,0,0,0
TF,PAV,-1.515972,-78.043361,0, ,0.0,0.0,0.0,0.0,2,9500,0,0,0,0,0,0

SID,PTZ1B,12,2
DF,PT08A,-1.568094,-77.951833,0, ,0.0,0.0,2,5800,0,0,0,0,0,1
DF,PT08B,-1.621583,-78.005850,2, ,0.0,0.0,2,7400,0,0,0,0,0,0
TF,PTZ,-1.503278,-78.068361,0, ,0.0,0.0,0.0,0.0,2,9500,0,0,0,0,0,0

APPTR,D30-Y,30,ANRAD
IF,ANRAD,-1.304167,-77.323889, ,0.0,0.0,0,0,0,0,0,0,0,0
TF,D077J,-1.468969,-77.883622,0, ,0.0,0.0,0.0,0.0,2,7000,0,0,0,0,1,0
CI,0, ,0.0,257.0,0,0,0,0,0,0,0,0
AF,D123H,-1.582964,-77.928053,2,PAV,123.0,8.0,77.0,0,0,0,0,0,0,0,0
CF,FF30,-1.557842,-77.971294,0,PAV,123.0,5.0,303.0,3.0,2,5100,0,0,0,0,0,0

APPTR,D30-Y,30,ASIBU
IF,ASIBU,-1.683611,-77.312222, ,0.0,0.0,0,0,0,0,0,0,0,0
TF,D107J,-1.553200,-77.881094,0, ,0.0,0.0,0.0,0.0,2,6000,0,0,0,0,1,0
CI,0, ,0.0,287.0,0,0,0,0,0,0,0,0
AF,D123H,-1.582964,-77.928053,2,PAV,123.0,8.0,107.0,0,0,0,0,0,0,0,0
CF,FF30,-1.557842,-77.971294,0,PAV,123.0,5.0,303.0,3.0,2,5100,0,0,0,0,0,0

APPTR,D30-Y,30,ATEKI
IF,ATEKI,-1.519444,-77.486944, ,0.0,0.0,0,0,0,0,0,0,0,0
TF,D094J,-1.517025,-77.876936,0, ,0.0,0.0,0.0,0.0,2,6000,0,0,0,0,1,0
CI,0, ,0.0,274.0,0,0,0,0,0,0,0,0
AF,D123H,-1.582964,-77.928053,2,PAV,123.0,8.0,94.0,0,0,0,0,0,0,0,0
CF,FF30,-1.557842,-77.971294,0,PAV,123.0,5.0,303.0,3.0,2,5100,0,0,0,0,0,0

APPTR,D30-Y,30,BOGEX
IF,BOGEX,-1.859722,-77.376667, ,0.0,0.0,0,0,0,0,0,0,0,0
TF,D121J,-1.594597,-77.896408,0, ,0.0,0.0,0.0,0.0,2,6000,0,0,0,0,1,0
TF,D123H,-1.582964,-77.928053,0, ,0.0,0.0,0.0,0.0,0,0,0,0,0,0,0,0
CF,FF30,-1.557842,-77.971294,0,PAV,123.0,5.0,303.0,3.0,2,5100,0,0,0,0,0,0

APPTR,D30-Y,30,DADUB
IF,DADUB,-2.153889,-77.649167, ,0.0,0.0,0,0,0,0,0,0,0,0
TF,D152J,-1.659536,-77.957636,0, ,0.0,0.0,0.0,0.0,2,7000,0,0,0,0,1,0
CI,0, ,0.0,332.0,0,0,0,0,0,0,0,0
AF,D123H,-1.582964,-77.928053,1,PAV,123.0,8.0,152.0,0,0,0,0,0,0,0,0
CF,FF30,-1.557842,-77.971294,0,PAV,123.0,5.0,303.0,3.0,2,5100,0,0,0,0,0,0

APPTR,D30-Y,30,JUV
IF,JUV,-1.060194,-77.565750, ,0.0,0.0,0,0,0,0,0,0,0,0
TF,D050J,-1.400739,-77.922583,0, ,0.0,0.0,0.0,0.0,2,7000,0,0,0,0,1,0
CI,0, ,0.0,230.0,0,0,0,0,0,0,0,0
AF,D123H,-1.582964,-77.928053,2,PAV,123.0,8.0,50.0,0,0,0,0,0,0,0,0
CF,FF30,-1.557842,-77.971294,0,PAV,123.0,5.0,303.0,3.0,2,5100,0,0,0,0,0,0

APPTR,D30-Y,30,KOKTI
IF,KOKTI,-2.293333,-77.947222, ,0.0,0.0,0,0,0,0,0,0,0,0
TF,D176J,-1.682147,-78.023656,0, ,0.0,0.0,0.0,0.0,2,9000,0,0,0,0,1,0
CI,0, ,0.0,356.0,0,0,0,0,0,0,0,0
AF,D123H,-1.582964,-77.928053,1,PAV,123.0,8.0,176.0,0,0,0,0,0,0,0,0
CF,FF30,-1.557842,-77.971294,0,PAV,123.0,5.0,303.0,3.0,2,5100,0,0,0,0,0,0

APPTR,D30-Y,30,MSV
IF,MSV,-2.257444,-78.110111, ,0.0,0.0,0,0,0,0,0,0,0,0
TF,D189J,-1.682778,-78.058372,0, ,0.0,0.0,0.0,0.0,2,9000,0,0,0,0,1,0
CI,0, ,0.0,8.0,0,0,0,0,0,0,0,0
AF,D123H,-1.582964,-77.928053,1,PAV,123.0,8.0,188.0,0,0,0,0,0,0,0,0
CF,FF30,-1.557842,-77.971294,0,PAV,123.0,5.0,303.0,3.0,2,5100,0,0,0,0,0,0

FINAL,D30-Y,30,D,2
IF,FF30,-1.557842,-77.971294,PAV,123.0,5.0,2,5100,0,0,0,0,2,0
CF,MA30,-1.528533,-78.021739,0,PAV,123.0,1.5,303.0,3.5,1,4235,0,0,0,0,3,0
TF,PAV,-1.515972,-78.043361,0, ,0.0,0.0,0.0,0.0,0,0,0,0,0,0,0,1
CF,D154E,-1.583356,-78.006244,1,PAV,154.0,4.6,123.0,4.6,2,5000,0,0,0,0,0,1
DF,PAV,-1.515972,-78.043361,1, ,0.0,0.0,1,6000,0,1,140,0,0,0
HM,PAV,-1.515972,-78.043361,1, ,0.0,0.0,303.0,04.3,2,6000,0,1,175,0,0,0,0

APPTR,D30-Z,30,PAV
IF,PAV,-1.515972,-78.043361, ,0.0,0.0,2,6000,0,1,175,0,1,0
HF,PAV,-1.515972,-78.043361,1, ,0.0,0.0,303.0,04.3,2,5100,0,1,140,0,0,0,0

FINAL,D30-Z,30,D,2
IF,FF30,-1.557842,-77.971294,PAV,123.0,5.0,2,5100,0,0,0,0,2,0
CF,MA30,-1.528533,-78.021739,0,PAV,123.0,1.5,303.0,3.5,1,4235,0,0,0,0,3,0
TF,PAV,-1.515972,-78.043361,0, ,0.0,0.0,0.0,0.0,0,0,0,0,0,0,0,1
CF,D154E,-1.583356,-78.006244,1,PAV,154.0,4.6,123.0,4.6,2,5000,0,0,0,0,0,1
DF,PAV,-1.515972,-78.043361,1, ,0.0,0.0,1,6000,0,1,140,0,0,0
HM,PAV,-1.515972,-78.043361,1, ,0.0,0.0,303.0,04.3,2,6000,0,1,175,0,0,0,0

APPTR,N30,30,PTZ
IF,PTZ,-1.503278,-78.068361, ,0.0,0.0,2,6000,0,1,175,0,1,0
HF,PTZ,-1.503278,-78.068361,1, ,0.0,0.0,300.0,04.3,2,5300,0,1,140,0,0,0,0

FINAL,N30,30,N,2
IF,FN30,-1.541294,-77.994214,PTZ,0.0,0.0,2,5300,0,0,0,0,2,0
CF,RW30,-1.508658,-78.056653,0,PTZ,0.0,0.0,300.0,4.2,1,3467,0,0,0,0,3,0
CF,PTZ,-1.503278,-78.068361,0,PAV,299.8,1.7,300.0,0.8,0,0,0,0,0,0,0,1
VA,1,120.0,2,5000,0,0,0,0,0,0
DF,PTZ,-1.503278,-78.068361,1, ,0.0,0.0,1,6000,0,1,140,0,0,0
HM,PTZ,-1.503278,-78.068361,1, ,0.0,0.0,300.0,04.3,2,6000,0,1,175,0,0,0,0

APPTR,S30-X,30,PAV
IF,PAV,-1.515972,-78.043361, ,0.0,0.0,2,6000,0,1,175,0,1,0
HF,PAV,-1.515972,-78.043361,1, ,0.0,0.0,303.0,04.3,2,5100,0,1,140,0,0,0,0

FINAL,S30-X,30,D,2
IF,FF30,-1.557842,-77.971294,PAV,123.0,5.0,2,5100,0,0,0,0,2,0
CF,PAV,-1.515972,-78.043361,0,PAV,0.0,0.0,303.0,5.0,1,3757,0,0,0,0,3,0
CA,0,303.0,2,3870,0,0,0,0,0,0
CF,D154E,-1.583356,-78.006244,1,PAV,154.0,4.6,123.0,5.0,2,5000,0,0,0,0,0,1
DF,PAV,-1.515972,-78.043361,1, ,0.0,0.0,1,6000,0,1,140,0,0,0
HM,PAV,-1.515972,-78.043361,1, ,0.0,0.0,303.0,04.3,2,6000,0,1,175,0,0,0,0

