APPTR,N03,03,ITU
IF,ITU,-25.408611,-54.621944, ,0.0,0.0,2,3000,0,0,0,0,0,0
FC,ITU,-25.408611,-54.621944,0,FOZ,0.0,0.0,190.0,6.0,2,2200,0,0,0,0,0,1
CF,FN03,-25.484761,-54.646000,2,FOZ,323.3,9.7,32.0,1.5,2,2200,0,0,0,0,0,0

FINAL,N03,03,N,2
IF,FN03,-25.484761,-54.646000,ITU,0.0,0.0,2,2200,0,0,0,0,2,0
CF,RW03,-25.414308,-54.621939,0,ITU,0.0,0.0,32.0,4.4,1,795,0,0,0,0,3,0
CF,ITU,-25.408611,-54.621944,0,FOZ,344.4,12.3,32.0,0.3,0,0,0,0,0,0,0,1
CA,0,32.0,2,3000,0,0,0,0,0,0
DF,ITU,-25.408611,-54.621944,1, ,0.0,0.0,0,0,0,0,0,0,0,0
HM,ITU,-25.408611,-54.621944,2, ,0.0,0.0,190.0,04.3,0,0,0,0,0,0,0,0,0

APPTR,N21,21,ITU
IF,ITU,-25.408611,-54.621944, ,0.0,0.0,2,3000,0,0,0,0,0,0
FC,ITU,-25.408611,-54.621944,0,FOZ,0.0,0.0,16.0,6.5,2,2200,0,0,0,0,0,1
CF,FN21,-25.330264,-54.590569,2,FOZ,358.6,15.9,216.0,1.5,2,2200,0,0,0,0,0,0

FINAL,N21,21,N,2
IF,FN21,-25.330264,-54.590569,ITU,0.0,0.0,2,2200,0,0,0,0,2,0
CF,RW21,-25.401353,-54.616975,0,ITU,0.0,0.0,216.0,4.5,1,771,0,0,0,0,3,0
CF,ITU,-25.408611,-54.621944,0,FOZ,344.4,12.3,216.0,0.5,0,0,0,0,0,0,0,1
CA,0,216.0,2,3000,0,0,0,0,0,0
DF,ITU,-25.408611,-54.621944,1, ,0.0,0.0,0,0,0,0,0,0,0,0
HM,ITU,-25.408611,-54.621944,1, ,0.0,0.0,16.0,04.3,0,0,0,0,0,0,0,0,0

APPTR,R03-Z,03,IB337
IF,IB337,-25.573253,-54.774642, ,0.0,0.0,2,3000,0,0,0,0,1,0
TF,IB336,-25.572136,-54.682514,0, ,0.0,0.0,0.0,0.0,2,2390,0,0,0,0,1,0

FINAL,R03-Z,03,R,3
IF,IB336,-25.572136,-54.682514, ,0.0,0.0,2,2390,0,0,0,0,0,0
TF,IB335,-25.493225,-54.652208,0, ,0.0,0.0,36.0,5.0,2,2390,0,0,0,0,2,0
TF,RW03,-25.414308,-54.621939,0, ,0.0,0.0,36.0,5.0,1,795,0,0,0,0,3,1
CA,0,36.0,2,2000,0,0,0,0,0,0
DF,IB337,-25.573253,-54.774642,1, ,0.0,0.0,1,3000,0,0,0,0,0,0
HM,IB337,-25.573253,-54.774642,1, ,0.0,0.0,106.0,04.3,1,3000,0,0,0,0,0,0,0

APPTR,R21-Z,21,IB227
IF,IB227,-25.190703,-54.627750, ,0.0,0.0,2,3000,0,0,0,0,1,0
TF,IB226,-25.243506,-54.556553,0, ,0.0,0.0,0.0,0.0,2,2500,0,0,0,0,1,0

FINAL,R21-Z,21,R,3
IF,IB226,-25.243506,-54.556553, ,0.0,0.0,2,2500,0,0,0,0,0,0
TF,IB225,-25.322431,-54.586744,0, ,0.0,0.0,216.0,5.0,2,2370,0,0,0,0,2,0
TF,RW21,-25.401353,-54.616975,0, ,0.0,0.0,216.0,5.0,1,771,0,0,0,0,3,1
CA,0,216.0,2,2000,0,0,0,0,0,0
DF,IB227,-25.190703,-54.627750,2, ,0.0,0.0,1,3000,0,0,0,0,0,0
HM,IB227,-25.190703,-54.627750,2, ,0.0,0.0,146.0,04.3,1,3000,0,0,0,0,0,0,0

