SID,BUN1C,02,2
CA,0,16.0,2,3570,0,0,0,0,0,0
DF,PL,3.594722,-76.373056,0, ,0.0,0.0,0,0,0,0,0,0,0,0
TF,D016G,3.710178,-76.352789,0, ,0.0,0.0,0.0,0.0,2,6500,0,1,220,0,0,0
TF,SIGIR,3.745556,-76.603889,1, ,0.0,0.0,0.0,0.0,2,11000,0,0,0,0,0,0
TF,BUN,3.825278,-76.995278,0, ,0.0,0.0,0.0,0.0,0,0,0,0,0,0,0,0

SID,CLO8C,02,2
CA,0,16.0,2,3570,0,0,0,0,0,0
CF,PL,3.594722,-76.373056,0,CLO,15.6,11.7,16.0,3.0,2,4300,0,0,0,0,0,0
TF,CL15A,3.650000,-76.365000,0, ,0.0,0.0,0.0,0.0,2,5500,0,0,0,0,0,1
CF,CLO,3.401944,-76.405556,2,CLO,0.0,0.0,211.0,15.0,2,14000,0,0,0,0,0,0

SID,CLO8D,02,2
CA,0,16.0,2,3570,0,0,0,0,0,0
DF,PL,3.594722,-76.373056,0, ,0.0,0.0,2,4300,0,0,0,0,0,0
TF,D015E,3.683056,-76.359444,0, ,0.0,0.0,0.0,0.0,2,6500,0,0,0,0,0,1
CF,CLO,3.401944,-76.405556,1,CLO,0.0,0.0,182.0,17.0,2,14000,0,0,0,0,0,0

SID,ISOP3B,20,2
DF,AS,3.519900,-76.385731,0, ,0.0,0.0,0,0,0,0,0,0,0,0
TF,CLO,3.401944,-76.405556,0, ,0.0,0.0,0.0,0.0,2,5700,0,0,0,0,0,0
TF,D211K,3.235000,-76.482778,0, ,0.0,0.0,0.0,0.0,2,9000,0,0,0,0,0,0
TF,ISOPA,3.031944,-76.576667,0, ,0.0,0.0,0.0,0.0,2,10000,0,0,0,0,0,0

SID,KIKU3A,02,2
CA,0,15.0,2,3570,0,0,0,0,0,0
DF,PL,3.594722,-76.373056,0, ,0.0,0.0,2,4200,0,0,0,0,0,0
TF,ULQ,4.090000,-76.223611,0, ,0.0,0.0,0.0,0.0,2,17000,0,0,0,0,0,0
TF,KIKUM,4.508056,-76.246944,0, ,0.0,0.0,0.0,0.0,2,21000,0,0,0,0,0,0

SID,KIKU3B,20,2
DF,AS,3.519900,-76.385731,0, ,0.0,0.0,0,0,0,0,0,0,0,1
DF,PL,3.594722,-76.373056,1, ,0.0,0.0,2,4200,0,0,0,0,0,0
TF,ULQ,4.090000,-76.223611,0, ,0.0,0.0,0.0,0.0,2,17000,0,0,0,0,0,0
TF,KIKUM,4.508056,-76.246944,0, ,0.0,0.0,0.0,0.0,2,21000,0,0,0,0,0,0

SID,PPN7B,20,2
DF,AS,3.519900,-76.385731,0, ,0.0,0.0,0,0,0,0,0,0,0,0
TF,CLO,3.401944,-76.405556,0, ,0.0,0.0,0.0,0.0,2,5700,0,0,0,0,0,0
TF,D198K,3.221944,-76.445000,0, ,0.0,0.0,0.0,0.0,2,9000,0,0,0,0,0,0
TF,PPN,2.448889,-76.614167,0, ,0.0,0.0,0.0,0.0,0,0,0,0,0,0,0,0

SID,SIGI4A,02,2
CA,0,16.0,2,3570,0,0,0,0,0,0
DF,PL,3.594722,-76.373056,0, ,0.0,0.0,0,0,0,0,0,0,0,0
TF,D016C,3.649722,-76.360556,0, ,0.0,0.0,0.0,0.0,2,4800,0,0,0,0,0,1
CF,PL,3.594722,-76.373056,2,CLO,15.6,11.7,214.0,5.0,2,6500,0,0,0,0,0,0
TF,D309H,3.664722,-76.480278,0, ,0.0,0.0,0.0,0.0,2,8000,0,0,0,0,0,0
TF,SIGIR,3.745556,-76.603889,0, ,0.0,0.0,0.0,0.0,2,11000,0,0,0,0,0,0

SID,SIGI4B,20,2
DF,AS,3.519900,-76.385731,0, ,0.0,0.0,0,0,0,0,0,0,0,1
DF,PL,3.594722,-76.373056,1, ,0.0,0.0,2,6500,0,0,0,0,0,0
TF,D309H,3.664722,-76.480278,0, ,0.0,0.0,0.0,0.0,2,8000,0,0,0,0,0,0
TF,SIGIR,3.745556,-76.603889,0, ,0.0,0.0,0.0,0.0,2,11000,0,0,0,0,0,0

SID,SIGI4C,02,2
CA,0,16.0,2,3570,0,0,0,0,0,0
DF,PL,3.594722,-76.373056,0, ,0.0,0.0,0,0,0,0,0,0,0,0
TF,D016G,3.710178,-76.352789,0, ,0.0,0.0,0.0,0.0,2,6500,0,1,220,0,0,0
TF,SIGIR,3.745556,-76.603889,1, ,0.0,0.0,0.0,0.0,2,11000,0,0,0,0,0,0

SID,ULQ8B,02,2
CA,0,16.0,2,3570,0,0,0,0,0,0
DF,PL,3.594722,-76.373056,0, ,0.0,0.0,2,3950,0,0,0,0,0,0
TF,ULQ,4.090000,-76.223611,0, ,0.0,0.0,0.0,0.0,2,13000,0,0,0,0,0,0

SID,ULQ8C,20,2
DF,AS,3.519900,-76.385731,0, ,0.0,0.0,0,0,0,0,0,0,0,1
DF,PL,3.594722,-76.373056,1, ,0.0,0.0,2,3950,0,0,0,0,0,0
TF,ULQ,4.090000,-76.223611,0, ,0.0,0.0,0.0,0.0,2,13000,0,0,0,0,0,0

SID,VUSR2A,02,2
CA,0,16.0,2,3570,0,0,0,0,0,0
DF,PL,3.594722,-76.373056,0, ,0.0,0.0,0,0,0,0,0,0,0,0
TF,D016C,3.649722,-76.360556,0, ,0.0,0.0,0.0,0.0,2,4800,0,0,0,0,0,1
CF,PL,3.594722,-76.373056,2,CLO,15.6,11.7,214.0,5.0,2,6500,0,0,0,0,0,0
TF,D265H,3.569167,-76.502222,0, ,0.0,0.0,0.0,0.0,2,8000,0,0,0,0,0,0
TF,CL15B,3.548056,-76.608889,0, ,0.0,0.0,0.0,0.0,2,10000,0,0,0,0,0,0
TF,VUSRU,3.628611,-76.726667,0, ,0.0,0.0,0.0,0.0,2,13000,0,0,0,0,0,0

SID,VUSR2B,20,2
DF,AS,3.519900,-76.385731,0, ,0.0,0.0,0,0,0,0,0,0,0,1
DF,PL,3.594722,-76.373056,1, ,0.0,0.0,2,6500,0,0,0,0,0,0
TF,D265H,3.569167,-76.502222,0, ,0.0,0.0,0.0,0.0,2,8000,0,0,0,0,0,0
TF,CL15B,3.548056,-76.608889,0, ,0.0,0.0,0.0,0.0,2,10000,0,0,0,0,0,0
TF,VUSRU,3.628611,-76.726667,0, ,0.0,0.0,0.0,0.0,2,13000,0,0,0,0,0,0

STAR,ANKA3A,02,5
IF,ANKAS,2.445000,-76.847778, ,0.0,0.0,2,10000,0,0,0,0,0,0
TF,MUNOL,3.061500,-76.517492,0, ,0.0,0.0,0.0,0.0,2,10000,0,0,0,0,0,0
TF,MUKIX,3.204647,-76.440442,0, ,0.0,0.0,0.0,0.0,2,9000,0,1,200,0,0,0
TF,LOMIM,3.365556,-76.412511,0, ,0.0,0.0,0.0,0.0,2,6000,0,1,200,0,0,0

STAR,ASIK1C,02,5
IF,ASIKO,4.241389,-76.889444, ,0.0,0.0,2,11000,0,0,0,0,0,0
TF,USEVU,3.512408,-76.598511,0, ,0.0,0.0,0.0,0.0,2,10000,0,0,0,0,0,0
TF,CL807,3.266556,-76.563006,0, ,0.0,0.0,0.0,0.0,2,9700,0,1,190,0,0,0
TF,CL806,3.266558,-76.496350,0, ,0.0,0.0,0.0,0.0,2,9000,0,0,0,0,0,0
TF,CL805,3.266561,-76.429694,0, ,0.0,0.0,0.0,0.0,2,7800,0,1,190,0,0,0
TF,LOMIM,3.365556,-76.412511,0, ,0.0,0.0,0.0,0.0,1,6000,0,0,0,0,0,0

STAR,ASIK2B,20,5
IF,ASIKO,4.241389,-76.889444, ,0.0,0.0,2,11000,0,0,0,0,0,0
TF,SIGIR,3.745556,-76.603889,0, ,0.0,0.0,0.0,0.0,2,11000,0,0,0,0,0,0
TF,MINIV,3.737825,-76.449397,0, ,0.0,0.0,0.0,0.0,2,7900,0,1,200,0,0,0
TF,SIPOG,3.720725,-76.350872,0, ,0.0,0.0,0.0,0.0,2,5500,0,0,0,0,0,0

STAR,BUN1F,02,5
IF,BUN,3.825278,-76.995278, ,0.0,0.0,2,10000,0,0,0,0,0,0
TF,USEVU,3.512408,-76.598511,0, ,0.0,0.0,0.0,0.0,2,10000,0,0,0,0,0,0
TF,CL807,3.266556,-76.563006,0, ,0.0,0.0,0.0,0.0,2,9700,0,1,190,0,0,0
TF,CL806,3.266558,-76.496350,0, ,0.0,0.0,0.0,0.0,2,9000,0,0,0,0,0,0
TF,CL805,3.266561,-76.429694,0, ,0.0,0.0,0.0,0.0,2,7800,0,1,190,0,0,0
TF,LOMIM,3.365556,-76.412511,0, ,0.0,0.0,0.0,0.0,1,6000,0,0,0,0,0,0

STAR,BUN3E,20,5
IF,BUN,3.825278,-76.995278, ,0.0,0.0,2,10000,0,0,0,0,0,0
TF,SIGIR,3.745556,-76.603889,0, ,0.0,0.0,0.0,0.0,2,9000,0,0,0,0,0,0
TF,MINIV,3.737825,-76.449397,0, ,0.0,0.0,0.0,0.0,2,7900,0,1,200,0,0,0
TF,SIPOG,3.720725,-76.350872,0, ,0.0,0.0,0.0,0.0,2,5500,0,0,0,0,0,0

STAR,BURP2A,20,5
IF,BURPA,3.209722,-77.438056, ,0.0,0.0,2,9000,0,0,0,0,0,0
TF,SIGIR,3.745556,-76.603889,0, ,0.0,0.0,0.0,0.0,2,9000,0,0,0,0,0,0
TF,MINIV,3.737825,-76.449397,0, ,0.0,0.0,0.0,0.0,2,7900,0,1,200,0,0,0
TF,SIPOG,3.720725,-76.350872,0, ,0.0,0.0,0.0,0.0,2,5500,0,0,0,0,0,0

STAR,DAKO2C,20,5
IF,DAKOP,2.812778,-77.276389, ,0.0,0.0,2,14000,0,0,0,0,0,0
TF,NINDU,3.406194,-76.847944,0, ,0.0,0.0,0.0,0.0,2,14000,0,0,0,0,0,0
TF,SIGIR,3.745556,-76.603889,0, ,0.0,0.0,0.0,0.0,2,9000,0,0,0,0,0,0
TF,MINIV,3.737825,-76.449397,0, ,0.0,0.0,0.0,0.0,2,7900,0,1,200,0,0,0
TF,SIPOG,3.720725,-76.350872,0, ,0.0,0.0,0.0,0.0,2,5500,0,0,0,0,0,0

STAR,DAKO3B,02,5
IF,DAKOP,2.812778,-77.276389, ,0.0,0.0,2,14000,0,0,0,0,0,0
TF,PUPRI,3.112856,-76.636253,0, ,0.0,0.0,0.0,0.0,2,13000,0,0,0,0,0,0
TF,MUKIX,3.204647,-76.440442,0, ,0.0,0.0,0.0,0.0,2,9000,0,1,200,0,0,0
TF,LOMIM,3.365556,-76.412511,0, ,0.0,0.0,0.0,0.0,2,6000,0,1,200,0,0,0

STAR,DAKO7A,02,2
IF,DAKOP,2.812778,-77.276389, ,0.0,0.0,0,0,0,0,0,0,0,0
TF,D242O,3.261667,-76.613056,0, ,0.0,0.0,0.0,0.0,2,14000,0,0,0,0,0,0
AF,D196O,3.154167,-76.446389,1,CLO,195.4,15.0,242.0,2,10000,0,0,0,0,0,0
TF,CF02,3.352461,-76.414236,0, ,0.0,0.0,0.0,0.0,2,6000,0,0,0,0,0,0

STAR,ESAR1A,02,5
IF,ESARO,2.865000,-76.128100, ,0.0,0.0,2,20000,0,0,0,0,0,0
TF,CL801,2.911300,-76.336933,0, ,0.0,0.0,0.0,0.0,2,15000,0,0,0,0,0,0
TF,CL802,2.947297,-76.499667,0, ,0.0,0.0,0.0,0.0,2,12000,0,1,240,0,0,0
TF,PORLU,3.061594,-76.473364,2, ,0.0,0.0,0.0,0.0,2,11000,0,0,0,0,0,0
TF,MUKIX,3.204647,-76.440442,0, ,0.0,0.0,0.0,0.0,2,9000,0,1,200,0,0,0

STAR,ETAL2A,20,5
IF,ETALO,4.178611,-76.613056, ,0.0,0.0,2,15000,0,0,0,0,0,0
TF,MASLA,4.042778,-76.508056,0, ,0.0,0.0,0.0,0.0,2,15000,0,0,0,0,0,0
TF,LOKET,3.950556,-76.435833,0, ,0.0,0.0,0.0,0.0,2,12000,0,0,0,0,0,0
TF,MUDRO,3.819253,-76.333769,0, ,0.0,0.0,0.0,0.0,2,7500,0,1,200,0,0,0

STAR,ISAD3A,02,5
IF,ISADI,3.203333,-75.733611, ,0.0,0.0,2,16000,0,0,0,0,0,0
TF,OPLOV,3.204186,-76.191803,0, ,0.0,0.0,0.0,0.0,2,15500,0,0,0,0,0,0
TF,CL803,3.204442,-76.325667,0, ,0.0,0.0,0.0,0.0,2,11500,0,0,0,0,0,0
TF,MUKIX,3.204647,-76.440442,0, ,0.0,0.0,0.0,0.0,2,9000,0,1,200,0,0,0

STAR,ISKU2A,20,5
IF,ISKUN,3.033056,-77.388889, ,0.0,0.0,2,9000,0,0,0,0,0,0
TF,SIGIR,3.745556,-76.603889,0, ,0.0,0.0,0.0,0.0,2,9000,0,0,0,0,0,0
TF,MINIV,3.737825,-76.449397,0, ,0.0,0.0,0.0,0.0,2,7900,0,1,200,0,0,0
TF,SIPOG,3.720725,-76.350872,0, ,0.0,0.0,0.0,0.0,2,5500,0,0,0,0,0,0

STAR,ISOP3A,02,2
IF,ISOPA,3.031944,-76.576667, ,0.0,0.0,2,10000,0,0,0,0,0,0
TF,D211R,3.128611,-76.531944,0, ,0.0,0.0,0.0,0.0,0,0,0,0,0,0,0,0
TF,D196O,3.154167,-76.446389,0, ,0.0,0.0,0.0,0.0,2,9000,0,0,0,0,0,0
TF,CF02,3.352461,-76.414236,0, ,0.0,0.0,0.0,0.0,2,6000,0,0,0,0,0,0
TF,CLO,3.401944,-76.405556,0, ,0.0,0.0,0.0,0.0,1,5700,0,0,0,0,0,0

STAR,KIKU2C,20,5
IF,KIKUM,4.508056,-76.246944, ,0.0,0.0,2,20000,0,0,0,0,0,0
TF,VULSU,4.118889,-76.295833,0, ,0.0,0.0,0.0,0.0,2,10000,0,0,0,0,0,0
TF,MUDRO,3.819253,-76.333769,0, ,0.0,0.0,0.0,0.0,2,7500,0,1,200,0,0,0

STAR,MANGA9,02,2
IF,MANGA,3.561111,-76.096111, ,0.0,0.0,2,17000,0,0,0,0,0,0
TF,D068G,3.455556,-76.301667,0, ,0.0,0.0,0.0,0.0,2,12000,0,0,0,0,0,0
AF,D178G,3.285833,-76.389722,2,CLO,178.2,7.0,68.0,2,7000,0,1,190,0,0,1
AF,D196G,3.286483,-76.426011,2,CLO,196.1,7.0,178.0,0,0,0,0,0,0,0,0
TF,CLO,3.401944,-76.405556,0, ,0.0,0.0,0.0,0.0,1,5700,0,0,0,0,0,0

STAR,OREG1C,02,5
IF,OREGA,3.868611,-75.496667, ,0.0,0.0,2,17000,0,0,0,0,0,0
TF,LIXES,3.605319,-76.054069,0, ,0.0,0.0,0.0,0.0,2,15800,0,0,0,0,0,0
TF,NIGRU,3.495761,-76.285986,0, ,0.0,0.0,0.0,0.0,2,12500,0,0,0,0,0,0
TF,PALOV,3.315808,-76.325775,0, ,0.0,0.0,0.0,0.0,2,9100,0,1,190,0,0,0
TF,CL804,3.247186,-76.341017,0, ,0.0,0.0,0.0,0.0,2,8200,0,0,0,0,0,0
TF,CL805,3.266561,-76.429694,0, ,0.0,0.0,0.0,0.0,2,7800,0,1,190,0,0,0
TF,LOMIM,3.365556,-76.412511,0, ,0.0,0.0,0.0,0.0,1,6000,0,0,0,0,0,0

STAR,OREG5A,02,5
IF,OREGA,3.868611,-75.496667, ,0.0,0.0,2,17000,0,0,0,0,0,0
TF,LIXES,3.605319,-76.054069,0, ,0.0,0.0,0.0,0.0,2,15800,0,0,0,0,0,0
TF,CL808,3.553392,-76.163992,0, ,0.0,0.0,0.0,0.0,2,13100,0,0,0,0,0,0
TF,NIGRU,3.495761,-76.285986,0, ,0.0,0.0,0.0,0.0,2,10000,0,0,0,0,0,0
TF,PALOV,3.315808,-76.325775,0, ,0.0,0.0,0.0,0.0,2,7000,0,1,190,0,0,0
TF,LOMIM,3.365556,-76.412511,2, ,0.0,0.0,0.0,0.0,1,6000,0,0,0,0,0,0

STAR,PPN3C,02,5
IF,PPN,2.448889,-76.614167, ,0.0,0.0,2,11000,0,0,0,0,0,0
TF,PORLU,3.061594,-76.473364,0, ,0.0,0.0,0.0,0.0,2,11000,0,0,0,0,0,0
TF,MUKIX,3.204647,-76.440442,0, ,0.0,0.0,0.0,0.0,2,9000,0,1,200,0,0,0
TF,LOMIM,3.365556,-76.412511,0, ,0.0,0.0,0.0,0.0,2,6000,0,1,200,0,0,0

STAR,SIPA2A,20,5
IF,SIPAR,4.114722,-75.894444, ,0.0,0.0,2,15000,0,0,0,0,0,0
TF,PULMA,4.002778,-76.060797,0, ,0.0,0.0,0.0,0.0,2,15000,0,0,0,0,0,0
TF,BISUL,3.937500,-76.157811,0, ,0.0,0.0,0.0,0.0,2,12000,0,0,0,0,0,0
TF,MUDRO,3.819253,-76.333769,0, ,0.0,0.0,0.0,0.0,2,7500,0,1,200,0,0,0

STAR,ULQ1G,02,5
IF,ULQ,4.090000,-76.223611, ,0.0,0.0,2,16000,0,0,0,0,0,0
TF,KADIT,3.673333,-76.263889,0, ,0.0,0.0,0.0,0.0,2,13000,0,0,0,0,0,0
TF,NIGRU,3.495761,-76.285986,0, ,0.0,0.0,0.0,0.0,2,12500,0,0,0,0,0,0
TF,PALOV,3.315808,-76.325775,0, ,0.0,0.0,0.0,0.0,2,9100,0,1,190,0,0,0
TF,CL804,3.247186,-76.341017,0, ,0.0,0.0,0.0,0.0,2,8200,0,0,0,0,0,0
TF,CL805,3.266561,-76.429694,0, ,0.0,0.0,0.0,0.0,2,7800,0,1,190,0,0,0
TF,LOMIM,3.365556,-76.412511,0, ,0.0,0.0,0.0,0.0,1,6000,0,0,0,0,0,0

STAR,ULQ3F,20,5
IF,ULQ,4.090000,-76.223611, ,0.0,0.0,2,10000,0,0,0,0,0,0
TF,MUDRO,3.819253,-76.333769,0, ,0.0,0.0,0.0,0.0,2,7500,0,1,200,0,0,0

STAR,ULQ4E,02,5
IF,ULQ,4.090000,-76.223611, ,0.0,0.0,2,16000,0,0,0,0,0,0
TF,KADIT,3.673333,-76.263889,0, ,0.0,0.0,0.0,0.0,2,13000,0,0,0,0,0,0
TF,NIGRU,3.495761,-76.285986,0, ,0.0,0.0,0.0,0.0,2,10000,0,0,0,0,0,0
TF,PALOV,3.315808,-76.325775,0, ,0.0,0.0,0.0,0.0,2,7000,0,1,190,0,0,0
TF,LOMIM,3.365556,-76.412511,2, ,0.0,0.0,0.0,0.0,1,6000,0,0,0,0,0,0

STAR,ULQ6D,02,2
IF,ULQ,4.090000,-76.223611, ,0.0,0.0,0,0,0,0,0,0,0,0
TF,ULQ25,3.673333,-76.263889,0, ,0.0,0.0,0.0,0.0,2,13000,0,0,0,0,0,0
TF,D112G,3.370000,-76.293333,0, ,0.0,0.0,0.0,0.0,2,8000,0,0,0,0,0,0
AF,D178G,3.285833,-76.389722,2,CLO,178.2,7.0,112.0,2,7000,0,1,190,0,0,0
AF,D196G,3.286483,-76.426011,2,CLO,196.1,7.0,178.0,0,0,0,0,0,0,0,0
TF,CLO,3.401944,-76.405556,0, ,0.0,0.0,0.0,0.0,2,5700,0,0,0,0,0,0

STAR,ULQ9A,20,2
IF,ULQ,4.090000,-76.223611, ,0.0,0.0,4,16000,14000,0,0,0,0,0
TF,CLO25,3.811667,-76.319722,0, ,0.0,0.0,0.0,0.0,2,8000,0,0,0,0,0,0
TF,CF20,3.731822,-76.347653,0, ,0.0,0.0,0.0,0.0,2,6600,0,0,0,0,0,0

APPTR,D02,02,CLO
HF,CLO,3.401944,-76.405556,2, ,0.0,0.0,16.0,04.3,2,6000,0,0,0,0,1,0,0

FINAL,D02,02,D,3
IF,CF02,3.352461,-76.414236,CLO,196.0,3.0,2,6000,0,0,0,0,0,0
CF,CLO,3.401944,-76.405556,0,CLO,0.0,0.0,16.0,3.0,2,5700,0,0,0,0,2,0
CF,MA02,3.512453,-76.386161,0,CLO,16.0,6.7,16.0,6.7,1,3534,0,0,0,0,3,0
CF,AS,3.519900,-76.385731,0,CLO,15.6,7.1,16.0,0.5,0,0,0,0,0,0,0,0
TF,PL,3.594722,-76.373056,0, ,0.0,0.0,0.0,0.0,2,6000,0,0,0,0,0,0
HM,PL,3.594722,-76.373056,1, ,0.0,0.0,196.0,04.3,2,6000,0,1,200,0,0,0,0

FINAL,D20,20,D,3
IF,CF20,3.731822,-76.347653,CLO,16.0,20.0,2,6600,0,0,0,0,0,0
CF,FF20,3.649353,-76.362133,0,CLO,16.0,15.0,196.0,5.0,2,5000,0,0,0,0,2,0
CF,MA20,3.575131,-76.375161,0,CLO,16.0,10.5,196.0,4.5,1,3575,0,0,0,0,3,0
TF,CLO,3.401944,-76.405556,0, ,0.0,0.0,0.0,0.0,2,6000,0,0,0,0,0,0
HM,CLO,3.401944,-76.405556,2, ,0.0,0.0,16.0,04.3,2,6000,0,0,0,0,0,0,0

APPTR,I02-Y,02,LOMIM
HF,LOMIM,3.365556,-76.412511,2, ,0.0,0.0,16.0,04.3,2,6000,0,1,200,0,0,0,0

APPTR,I02-Y,02,MUKIX
IF,MUKIX,3.204647,-76.440442, ,0.0,0.0,2,9000,0,0,0,0,1,0
TF,LOMIM,3.365556,-76.412511,0,IPAS,0.0,0.0,0.0,0.0,2,6000,0,0,0,0,1,0

FINAL,I02-Y,02,I,3
IF,LOMIM,3.365556,-76.412511,IPAS,195.9,11.7,2,6000,0,0,0,0,0,0
CF,KOGLO,3.447753,-76.398247,0,IPAS,195.9,6.7,16.0,5.0,1,4800,0,0,0,0,2,0
CF,RW02,3.529786,-76.384011,0,IPAS,195.9,1.7,16.0,5.0,1,3202,0,0,0,0,3,1
TF,POTRU,3.638233,-76.363703,0, ,0.0,0.0,0.0,0.0,2,5000,0,0,0,0,0,1
HM,POTRU,3.638233,-76.363703,1, ,0.0,0.0,196.0,04.3,3,6000,0,1,200,0,0,0,0

APPTR,I02-Z,02,CLO
HF,CLO,3.401944,-76.405556,2, ,0.0,0.0,16.0,04.3,2,6000,0,0,0,0,1,0,0

FINAL,I02-Z,02,I,3
IF,CI02,3.352631,-76.415144,IPAS,196.0,12.5,2,6000,0,0,0,0,0,0
CF,CLO,3.401944,-76.405556,0,IPAS,195.7,9.5,16.0,3.0,1,5700,0,0,0,0,2,0
CF,RW02,3.529786,-76.384011,0,IPAS,195.9,1.7,16.0,7.7,1,3202,0,0,0,0,3,0
TF,PL,3.594722,-76.373056,0, ,0.0,0.0,0.0,0.0,0,0,0,0,0,0,0,0
HM,PL,3.594722,-76.373056,1, ,0.0,0.0,196.0,04.3,2,6000,0,1,200,0,0,0,0

APPTR,L02,02,CLO
HF,CLO,3.401944,-76.405556,2, ,0.0,0.0,16.0,04.3,2,6000,0,0,0,0,1,0,0

FINAL,L02,02,D,3
IF,CI02,3.352631,-76.415144,IPAS,196.0,12.5,2,6000,0,0,0,0,0,0
CF,CLO,3.401944,-76.405556,0,IPAS,195.7,9.5,16.0,3.0,2,5700,0,0,0,0,2,0
CF,ML02,3.511342,-76.387300,0,IPAS,196.0,2.9,16.0,6.6,1,3560,0,0,0,0,3,0
TF,PL,3.594722,-76.373056,0, ,0.0,0.0,0.0,0.0,0,0,0,0,0,0,0,0
HM,PL,3.594722,-76.373056,1, ,0.0,0.0,196.0,04.3,2,6000,0,1,200,0,0,0,0

APPTR,R02,02,LOMIM
HF,LOMIM,3.365556,-76.412511,2, ,0.0,0.0,16.0,04.3,2,6000,0,1,200,0,1,0,0

APPTR,R02,02,MUKIX
IF,MUKIX,3.204647,-76.440442, ,0.0,0.0,2,9000,0,0,0,0,1,0
TF,LOMIM,3.365556,-76.412511,0, ,0.0,0.0,0.0,0.0,2,6000,0,0,0,0,0,0

FINAL,R02,02,R,3
IF,LOMIM,3.365556,-76.412511, ,0.0,0.0,2,6000,0,0,0,0,0,0
TF,KOGLO,3.447753,-76.398247,0, ,0.0,0.0,16.0,5.0,2,4800,0,0,0,0,2,0
TF,RW02,3.529786,-76.384011,0, ,0.0,0.0,16.0,5.0,1,3202,0,0,0,0,3,1
TF,SUNSO,3.638619,-76.365122,0, ,0.0,0.0,0.0,0.0,2,5000,0,0,0,0,0,1
HM,SUNSO,3.638619,-76.365122,1, ,0.0,0.0,196.0,04.3,3,6000,0,1,200,0,0,0,0

APPTR,R20-Y,20,CL400
IF,CL400,3.877169,-75.929897, ,0.0,0.0,2,16000,0,0,0,0,1,0
TF,CL401,3.880792,-76.113189,0, ,0.0,0.0,0.0,0.0,2,13000,0,0,0,0,0,0
TF,CL402,3.883278,-76.239058,0, ,0.0,0.0,0.0,0.0,2,10500,0,1,210,0,0,0
RF,CL403,3.802822,-76.336622,1,ARC01,193.9,5.8,2,7500,0,1,210,0,0,0
TF,SIPOG,3.720725,-76.350872,0, ,0.0,0.0,0.0,0.0,2,5500,0,1,210,0,1,0

FINAL,R20-Y,20,R,3
IF,SIPOG,3.720725,-76.350872, ,0.0,0.0,2,5500,0,1,210,0,0,0
TF,SUNSO,3.638619,-76.365122,0, ,0.0,0.0,196.0,5.0,2,4800,0,0,0,0,2,0
TF,RW20,3.556514,-76.379372,0, ,0.0,0.0,196.0,5.0,1,3212,0,1,185,0,3,1
TF,LOMIM,3.365556,-76.412511,0, ,0.0,0.0,0.0,0.0,2,6000,0,1,200,0,0,1
HM,LOMIM,3.365556,-76.412511,2, ,0.0,0.0,16.0,04,2,6000,0,1,200,0,0,0,0

APPTR,R20-Z,20,MUDRO
IF,MUDRO,3.819253,-76.333769, ,0.0,0.0,2,7500,0,0,0,0,1,0
TF,SIPOG,3.720725,-76.350872,0, ,0.0,0.0,0.0,0.0,2,5500,0,0,0,0,0,0

APPTR,R20-Z,20,SIPOG
HF,SIPOG,3.720725,-76.350872,1, ,0.0,0.0,184.0,04.3,2,5500,0,1,200,0,1,0,0

FINAL,R20-Z,20,R,3
IF,SIPOG,3.720725,-76.350872, ,0.0,0.0,2,5500,0,0,0,0,0,0
TF,SUNSO,3.638619,-76.365122,0, ,0.0,0.0,196.0,5.0,2,4800,0,0,0,0,2,0
TF,RW20,3.556514,-76.379372,0, ,0.0,0.0,196.0,5.0,1,3212,0,0,0,0,3,1
TF,LOMIM,3.365556,-76.412511,0, ,0.0,0.0,0.0,0.0,2,6000,0,0,0,0,0,1
HM,LOMIM,3.365556,-76.412511,2, ,0.0,0.0,16.0,04.3,2,6000,0,1,200,0,0,0,0

