SID,GIR1C,20,2
DF,D062D,4.233614,-74.805486,0, ,0.0,0.0,2,1550,0,0,0,0,0,0
TF,GIR,4.191667,-74.865833,0, ,0.0,0.0,0.0,0.0,0,0,0,0,0,0,0,0
TF,D242C,4.167314,-74.901786,0, ,0.0,0.0,0.0,0.0,2,3500,0,0,0,0,0,1
DF,D277C,4.192425,-74.909197,2, ,0.0,0.0,2,4300,0,1,140,0,0,0
TF,GIR,4.191667,-74.865833,0, ,0.0,0.0,0.0,0.0,2,5000,0,0,0,0,0,0

APPTR,V02-A,02,GIR
IF,GIR,4.191667,-74.865833, ,0.0,0.0,2,5000,0,0,0,0,0,0
HF,GIR,4.191667,-74.865833,1, ,0.0,0.0,47.0,05,2,4000,0,0,0,0,0,0,0

FINAL,V02-A,02,D,2
IF,GIR,4.191667,-74.865833,GIR,0.0,0.0,2,3000,0,0,0,0,2,0
CF,MA02,4.244017,-74.811831,0,GIR,52.0,4.5,52.0,4.5,1,1410,0,1,130,0,3,0
CF,D052H,4.284733,-74.769825,0,GIR,52.0,8.0,52.0,3.5,2,2500,0,0,0,0,0,1
DF,GIR,4.191667,-74.865833,1, ,0.0,0.0,2,5000,0,0,0,0,0,0
HM,GIR,4.191667,-74.865833,1, ,0.0,0.0,47.0,04.3,2,5000,0,0,0,0,0,0,0

APPTR,V02-B,02,GIR
IF,GIR,4.191667,-74.865833, ,0.0,0.0,2,5000,0,0,0,0,0,0
HF,GIR,4.191667,-74.865833,1, ,0.0,0.0,47.0,04.3,2,4000,0,0,0,0,0,0,0

FINAL,V02-B,02,D,2
IF,GIR,4.191667,-74.865833,GIR,0.0,0.0,2,3000,0,0,0,0,2,0
CF,MS02,4.238200,-74.817831,0,GIR,52.0,4.0,52.0,4.0,1,1500,0,1,130,0,3,0
CA,0,52.0,2,2500,0,0,0,0,0,0
DF,GIR,4.191667,-74.865833,1, ,0.0,0.0,2,5000,0,0,0,0,0,0
HM,GIR,4.191667,-74.865833,1, ,0.0,0.0,47.0,04.3,2,5000,0,0,0,0,0,0,0

APPTR,V20-A,20,GIR
IF,GIR,4.191667,-74.865833, ,0.0,0.0,2,5000,0,0,0,0,0,0
HF,GIR,4.191667,-74.865833,1, ,0.0,0.0,47.0,05,2,4000,0,0,0,0,0,0,0

FINAL,V20-A,20,D,2
IF,GIR,4.191667,-74.865833,GIR,0.0,0.0,2,3000,0,0,0,0,2,0
CF,MA02,4.244017,-74.811831,0,GIR,52.0,4.5,52.0,4.5,1,1410,0,1,130,0,3,0
CF,D052H,4.284733,-74.769825,0,GIR,52.0,8.0,52.0,3.5,2,2500,0,0,0,0,0,1
DF,GIR,4.191667,-74.865833,1, ,0.0,0.0,2,5000,0,0,0,0,0,0
HM,GIR,4.191667,-74.865833,1, ,0.0,0.0,47.0,04.3,2,5000,0,0,0,0,0,0,0

APPTR,V20-B,20,GIR
IF,GIR,4.191667,-74.865833, ,0.0,0.0,2,5000,0,0,0,0,0,0
HF,GIR,4.191667,-74.865833,1, ,0.0,0.0,47.0,04.3,2,4000,0,0,0,0,0,0,0

FINAL,V20-B,20,D,2
IF,GIR,4.191667,-74.865833,GIR,0.0,0.0,2,3000,0,0,0,0,2,0
CF,MS02,4.238200,-74.817831,0,GIR,52.0,4.0,52.0,4.0,1,1500,0,1,130,0,3,0
CA,0,52.0,2,2500,0,0,0,0,0,0
DF,GIR,4.191667,-74.865833,1, ,0.0,0.0,2,5000,0,0,0,0,0,0
HM,GIR,4.191667,-74.865833,1, ,0.0,0.0,47.0,04.3,2,5000,0,0,0,0,0,0,0

