SID,CJN1E,09,5
CF,PB901,12.234733,-71.877653,0,CJN,40.0,70.1,92.0,6.6,2,1000,0,0,0,0,0,1
DF,PB021,11.999075,-71.974842,2, ,0.0,0.0,2,5000,0,0,0,0,0,0
TF,CJN,11.230556,-72.492500,0, ,0.0,0.0,0.0,0.0,2,5000,0,0,0,0,0,0

SID,NESG1B,09,5
CF,PB901,12.234733,-71.877653,0,CJN,40.0,70.1,92.0,6.6,2,1000,0,0,0,0,0,1
DF,PB902,12.084100,-72.040200,2, ,0.0,0.0,2,5000,0,0,0,0,0,0
TF,NESGU,12.044383,-72.594211,0, ,0.0,0.0,0.0,0.0,2,5000,0,0,0,0,0,0

SID,RHC1C,09,5
CF,PB901,12.234733,-71.877653,0,CJN,40.0,70.1,92.0,6.6,2,1000,0,0,0,0,0,1
DF,PB022,12.049700,-72.023350,2, ,0.0,0.0,2,5000,0,0,0,0,0,0
TF,RHC,11.527500,-72.917500,0, ,0.0,0.0,0.0,0.0,2,5000,0,0,0,0,0,0

STAR,GIKB1A,09,5
IF,GIKBA,11.757100,-72.302500, ,0.0,0.0,2,5000,0,0,0,0,0,0
TF,OPRAM,12.118800,-72.175400,0, ,0.0,0.0,0.0,0.0,2,4000,0,0,0,0,0,0

STAR,NESG1A,09,5
IF,NESGU,12.044383,-72.594211, ,0.0,0.0,2,5000,0,0,0,0,0,0
TF,ANRED,12.189700,-72.239500,0, ,0.0,0.0,0.0,0.0,2,4000,0,0,0,0,0,0

STAR,XUXO1A,09,5
IF,XUXOR,11.896900,-72.488000, ,0.0,0.0,2,5000,0,0,0,0,0,0
TF,OPRAM,12.118800,-72.175400,0, ,0.0,0.0,0.0,0.0,2,4000,0,0,0,0,0,0

APPTR,R09,09,ANRED
IF,ANRED,12.189700,-72.239500, ,0.0,0.0,2,4000,0,0,0,0,1,0
TF,TEKEB,12.200000,-72.156800,0, ,0.0,0.0,0.0,0.0,2,3400,0,0,0,0,1,0

APPTR,R09,09,OPRAM
IF,OPRAM,12.118800,-72.175400, ,0.0,0.0,2,4000,0,0,0,0,1,0
TF,TEKEB,12.200000,-72.156800,0, ,0.0,0.0,0.0,0.0,2,3400,0,0,0,0,1,0

FINAL,R09,09,R,4
IF,TEKEB,12.200000,-72.156800, ,0.0,0.0,2,3400,0,0,0,0,0,0
TF,PB005,12.210300,-72.074100,0, ,0.0,0.0,92.0,5.0,2,1800,0,0,0,0,2,0
TF,PB002,12.217000,-72.020500,0, ,0.0,0.0,92.0,3.2,2,700,0,0,0,0,0,0
TF,PB001,12.219100,-72.004000,0, ,0.0,0.0,92.0,1.0,1,394,0,0,0,0,3,1
TF,MA002,12.226000,-71.948700,0, ,0.0,0.0,0.0,0.0,2,1000,0,0,0,0,0,1
DF,OPRAM,12.118800,-72.175400,2, ,0.0,0.0,2,4000,0,0,0,0,0,0
HM,OPRAM,12.118800,-72.175400,2, ,0.0,0.0,22.0,04.3,2,5000,0,0,0,0,0,0,0

