SID,ANDI2C,28,5
CF,RH901,11.524839,-72.972717,0,CJN,310.9,33.3,277.0,3.0,2,500,0,1,185,0,0,1
DF,IRONU,11.228611,-73.004444,0, ,0.0,0.0,2,4600,0,0,0,0,0,0
TF,RH904,11.042536,-73.058328,0, ,0.0,0.0,0.0,0.0,2,6900,0,0,0,0,0,0
TF,ANDIL,10.511389,-73.212222,0, ,0.0,0.0,0.0,0.0,2,9000,0,0,0,0,0,0

SID,ANDI2D,10,5
CF,RH910,11.528708,-72.837922,0,CJN,320.2,27.1,97.0,5.0,2,1400,0,1,185,0,0,0
TF,RH911,11.445033,-72.835444,2, ,0.0,0.0,0.0,0.0,2,2400,0,0,0,0,0,0
TF,IRONU,11.228611,-73.004444,0, ,0.0,0.0,0.0,0.0,2,5600,0,0,0,0,0,0
TF,RH904,11.042536,-73.058328,0, ,0.0,0.0,0.0,0.0,2,7900,0,0,0,0,0,0
TF,ANDIL,10.511389,-73.212222,0, ,0.0,0.0,0.0,0.0,2,9000,0,0,0,0,0,0

SID,ATED1B,10,2
VA,0,96.0,2,450,0,0,0,0,0,0
CF,D118H,11.482050,-72.789750,0,RHC,117.8,8.0,118.0,8.0,0,0,0,0,0,0,0,0
AF,D278H,11.532056,-73.053239,2,RHC,280.0,8.0,118.0,0,0,0,0,0,0,0,0
TF,ATEDI,11.548333,-73.554444,0, ,0.0,0.0,0.0,0.0,0,0,0,0,0,0,0,0

SID,ATED1D,28,5
CF,RH901,11.524839,-72.972717,0,CJN,310.9,33.3,277.0,3.0,2,500,0,0,0,0,0,1
TF,ATEDI,11.548333,-73.554444,0, ,0.0,0.0,0.0,0.0,2,5000,0,0,0,0,0,0

SID,ATED1E,10,5
CF,RH910,11.528708,-72.837922,0,CJN,320.2,27.1,97.0,5.0,2,1400,0,1,185,0,0,0
TF,RH906,11.612383,-72.840394,0, ,0.0,0.0,0.0,0.0,0,0,0,1,185,0,0,0
TF,SUBGI,11.604428,-73.104375,0, ,0.0,0.0,0.0,0.0,2,4500,0,0,0,0,0,0
TF,ATEDI,11.548333,-73.554444,0, ,0.0,0.0,0.0,0.0,2,5000,0,0,0,0,0,0

SID,CJN1G,28,5
CF,RH901,11.524839,-72.972717,0,CJN,310.9,33.3,277.0,3.0,2,500,0,1,185,0,0,1
DF,EKISI,11.334167,-72.973611,1, ,0.0,0.0,2,3000,0,1,210,0,0,0
TF,CJN,11.230556,-72.492500,0, ,0.0,0.0,0.0,0.0,2,5000,0,0,0,0,0,0

SID,CJN1H,10,5
CF,RH910,11.528708,-72.837922,0,CJN,320.2,27.1,97.0,5.0,2,1400,0,1,185,0,0,0
TF,CJN,11.230556,-72.492500,0, ,0.0,0.0,0.0,0.0,2,5000,0,0,0,0,0,0

SID,CJN3B,10,2
VA,0,96.0,2,450,0,0,0,0,0,0
CF,D118H,11.482050,-72.789750,0,RHC,117.8,8.0,118.0,8.0,0,0,0,0,0,0,0,0
AF,D134H,11.450231,-72.806575,2,RHC,133.2,8.0,118.0,0,0,0,0,0,0,0,0
TF,CJN,11.230556,-72.492500,0, ,0.0,0.0,0.0,0.0,0,0,0,0,0,0,0,0

SID,IRON1E,10,2
VA,0,96.0,2,450,0,0,0,0,0,0
CF,D118H,11.482050,-72.789750,0,RHC,117.8,8.0,118.0,8.0,0,0,0,0,0,0,0,0
AF,D204H,11.398761,-72.954972,2,RHC,204.0,8.0,118.0,0,0,0,0,0,0,0,0
TF,EKISI,11.334167,-72.973611,0, ,0.0,0.0,0.0,0.0,0,0,0,0,0,0,0,0
TF,IRONU,11.228611,-73.004444,0, ,0.0,0.0,0.0,0.0,2,9000,0,0,0,0,0,0

SID,TIPG1D,28,5
CF,RH901,11.524839,-72.972717,0,CJN,310.9,33.3,277.0,3.0,2,500,0,1,185,0,0,1
DF,RH905,11.683361,-73.008581,2, ,0.0,0.0,0,0,0,1,210,0,0,0
TF,TIPGA,11.683611,-72.452222,0, ,0.0,0.0,0.0,0.0,2,5000,0,0,0,0,0,0

SID,TIPG1E,10,5
CF,RH910,11.528708,-72.837922,0,CJN,320.2,27.1,97.0,5.0,2,1400,0,1,185,0,0,0
TF,TIPGA,11.683611,-72.452222,0, ,0.0,0.0,0.0,0.0,2,5000,0,0,0,0,0,0

SID,TIPG3A,10,2
VA,0,96.0,2,450,0,0,0,0,0,0
CF,D118H,11.482050,-72.789750,0,RHC,117.8,8.0,118.0,8.0,0,0,0,0,0,0,0,0
AF,D079H,11.570725,-72.788939,1,RHC,79.2,8.0,118.0,0,0,0,0,0,0,0,0
TF,TIPGA,11.683611,-72.452222,0, ,0.0,0.0,0.0,0.0,0,0,0,0,0,0,0,0

SID,URIB1A,10,2
VA,0,96.0,2,450,0,0,0,0,0,0
CF,D118H,11.482050,-72.789750,0,RHC,117.8,8.0,118.0,8.0,0,0,0,0,0,0,0,0
TF,D118P,11.436547,-72.662042,0, ,0.0,0.0,0.0,0.0,2,5000,0,0,0,0,0,0
TF,URIBI,11.256389,-72.158333,0, ,0.0,0.0,0.0,0.0,0,0,0,0,0,0,0,0

SID,XUXO1B,10,2
VA,0,96.0,2,450,0,0,0,0,0,0
CF,D118H,11.482050,-72.789750,0,RHC,117.8,8.0,118.0,8.0,0,0,0,0,0,0,0,0
AF,D058H,11.615625,-72.815206,1,RHC,56.9,8.0,118.0,0,0,0,0,0,0,0,0
TF,XUXOR,11.896900,-72.488000,0, ,0.0,0.0,0.0,0.0,0,0,0,0,0,0,0,0

SID,XUXO1E,28,5
CF,RH901,11.524839,-72.972717,0,CJN,310.9,33.3,277.0,3.0,2,500,0,1,185,0,0,1
DF,RH905,11.683361,-73.008581,2, ,0.0,0.0,0,0,0,1,210,0,0,0
TF,XUXOR,11.896900,-72.488000,0, ,0.0,0.0,0.0,0.0,2,5000,0,0,0,0,0,0

SID,XUXO1F,10,5
CF,RH910,11.528708,-72.837922,0,CJN,320.2,27.1,97.0,5.0,2,1400,0,1,185,0,0,0
TF,XUXOR,11.896900,-72.488000,0, ,0.0,0.0,0.0,0.0,2,5000,0,0,0,0,0,0

STAR,ANDI1A,10,5
IF,ANDIL,10.511389,-73.212222, ,0.0,0.0,2,9000,0,0,0,0,0,0
TF,RH801,10.911578,-73.096289,0, ,0.0,0.0,0.0,0.0,2,8000,0,0,0,0,0,0
TF,RH802,11.143347,-73.029006,0, ,0.0,0.0,0.0,0.0,2,7000,0,0,0,0,0,0
TF,IMBOP,11.437831,-73.099586,0, ,0.0,0.0,0.0,0.0,2,2700,0,0,0,0,0,0

STAR,ANDI1B,10,2
IF,ANDIL,10.511389,-73.212222, ,0.0,0.0,2,9000,0,0,0,0,0,0
TF,D204X,11.141256,-73.029781,0, ,0.0,0.0,0.0,0.0,2,9000,0,0,0,0,0,0
TF,IRONU,11.228611,-73.004444,0, ,0.0,0.0,0.0,0.0,2,7000,0,0,0,0,0,0
TF,EKISI,11.334167,-72.973611,0, ,0.0,0.0,0.0,0.0,2,5000,0,0,0,0,0,0
TF,D204J,11.366569,-72.964319,0, ,0.0,0.0,0.0,0.0,2,5000,0,0,0,0,0,0
AF,D275J,11.518686,-73.087033,2,RHC,275.0,10.0,204.0,2,2500,0,0,0,0,0,0
TF,FF10,11.522664,-73.010744,0, ,0.0,0.0,0.0,0.0,2,1500,0,0,0,0,0,0

STAR,ANDI1E,28,5
IF,ANDIL,10.511389,-73.212222, ,0.0,0.0,2,9000,0,0,0,0,0,0
TF,RH804,11.076092,-72.928319,0, ,0.0,0.0,0.0,0.0,2,9000,0,0,0,0,0,0
TF,ARNEG,11.430969,-72.740294,0, ,0.0,0.0,0.0,0.0,2,3000,0,0,0,0,0,0

STAR,ATED1A,10,5
IF,ATEDI,11.548333,-73.554444, ,0.0,0.0,2,5000,0,0,0,0,0,0
TF,DABKU,11.521128,-73.101981,0, ,0.0,0.0,0.0,0.0,2,2700,0,0,0,0,0,0

STAR,ATED1C,28,5
IF,ATEDI,11.548333,-73.554444, ,0.0,0.0,2,5000,0,0,0,0,0,0
TF,ITBAK,11.631794,-72.746097,0, ,0.0,0.0,0.0,0.0,2,3000,0,0,0,0,0,0

STAR,CJN1D,10,5
IF,CJN,11.230556,-72.492500, ,0.0,0.0,2,5000,0,0,0,0,0,0
TF,IMBOP,11.437831,-73.099586,0, ,0.0,0.0,0.0,0.0,2,2700,0,0,0,0,0,0

STAR,CJN1F,28,5
IF,CJN,11.230556,-72.492500, ,0.0,0.0,2,5000,0,0,0,0,0,0
TF,PUMOV,11.531653,-72.743769,0, ,0.0,0.0,0.0,0.0,2,3000,0,1,190,0,0,0

STAR,TIPG1B,10,5
IF,TIPGA,11.683611,-72.452222, ,0.0,0.0,2,9000,0,0,0,0,0,0
TF,RH803,11.643492,-72.782597,0, ,0.0,0.0,0.0,0.0,2,6000,0,0,0,0,0,0
TF,SUBGI,11.604428,-73.104375,0, ,0.0,0.0,0.0,0.0,2,2700,0,0,0,0,0,0

STAR,TIPG1C,28,5
IF,TIPGA,11.683611,-72.452222, ,0.0,0.0,2,5000,0,0,0,0,0,0
TF,PUMOV,11.531653,-72.743769,0, ,0.0,0.0,0.0,0.0,2,3000,0,1,190,0,0,0

STAR,XUXO1C,10,5
IF,XUXOR,11.896900,-72.488000, ,0.0,0.0,2,5000,0,0,0,0,0,0
TF,SUBGI,11.604428,-73.104375,0, ,0.0,0.0,0.0,0.0,2,2700,0,0,0,0,0,0

STAR,XUXO1D,28,5
IF,XUXOR,11.896900,-72.488000, ,0.0,0.0,2,5000,0,0,0,0,0,0
TF,ITBAK,11.631794,-72.746097,0, ,0.0,0.0,0.0,0.0,2,3000,0,0,0,0,0,0

APPTR,D10,10,RHC
IF,RHC,11.527500,-72.917500, ,0.0,0.0,2,3000,0,0,0,0,1,0
FC,RHC,11.527500,-72.917500,0,RHC,0.0,0.0,300.0,5.5,2,1500,0,1,185,0,0,1
CF,FF10,11.522664,-73.010744,1,RHC,275.0,5.5,95.0,1.0,2,1500,0,0,0,0,0,0

FINAL,D10,10,D,2
IF,FF10,11.522664,-73.010744,RHC,275.0,5.5,2,1500,0,0,0,0,2,0
CF,RW10,11.525917,-72.935383,0,RHC,272.9,1.1,95.0,4.4,1,88,0,0,0,0,3,0
CF,RHC,11.527500,-72.917500,0,RHC,0.0,0.0,95.0,1.1,0,0,0,0,0,0,0,1
DF,RHC,11.527500,-72.917500,2, ,0.0,0.0,2,3000,0,0,0,0,0,0
HM,RHC,11.527500,-72.917500,1, ,0.0,0.0,275.0,04.3,0,0,0,0,0,0,0,0,0

APPTR,R10,10,DABKU
HF,DABKU,11.521128,-73.101981,2, ,0.0,0.0,97.0,04.3,2,3000,0,1,230,0,1,0,0

APPTR,R10,10,IMBOP
IF,IMBOP,11.437831,-73.099586, ,0.0,0.0,2,2700,0,0,0,0,1,0
TF,DABKU,11.521128,-73.101981,0, ,0.0,0.0,0.0,0.0,2,2700,0,0,0,0,1,0

APPTR,R10,10,SUBGI
IF,SUBGI,11.604428,-73.104375, ,0.0,0.0,2,2700,0,0,0,0,1,0
TF,DABKU,11.521128,-73.101981,0, ,0.0,0.0,0.0,0.0,2,2700,0,0,0,0,1,0

FINAL,R10,10,R,3
IF,DABKU,11.521128,-73.101981, ,0.0,0.0,2,2700,0,0,0,0,0,0
TF,KOTKA,11.523522,-73.018683,0, ,0.0,0.0,97.0,5.0,2,1700,0,0,0,0,2,0
TF,RW10,11.525917,-72.935383,0, ,0.0,0.0,97.0,5.0,1,88,0,0,0,0,3,1
TF,PUMOV,11.531653,-72.743769,0, ,0.0,0.0,0.0,0.0,2,3000,0,0,0,0,0,1
HM,PUMOV,11.531653,-72.743769,2, ,0.0,0.0,277.0,04.3,2,3000,0,1,230,0,0,0,0

APPTR,R28,28,ARNEG
IF,ARNEG,11.430969,-72.740294, ,0.0,0.0,2,3000,0,0,0,0,1,0
TF,PUMOV,11.531653,-72.743769,0, ,0.0,0.0,0.0,0.0,2,3000,0,1,190,0,1,0

APPTR,R28,28,ITBAK
IF,ITBAK,11.631794,-72.746097, ,0.0,0.0,2,3000,0,0,0,0,1,0
TF,PUMOV,11.531653,-72.743769,0, ,0.0,0.0,0.0,0.0,2,3000,0,1,190,0,1,0

APPTR,R28,28,PUMOV
HF,PUMOV,11.531653,-72.743769,2, ,0.0,0.0,277.0,04.3,2,3000,0,1,230,0,1,0,0

FINAL,R28,28,R,3
IF,PUMOV,11.531653,-72.743769, ,0.0,0.0,2,3000,0,1,190,0,0,0
TF,RH403,11.528889,-72.831439,0, ,0.0,0.0,277.0,5.2,2,1700,0,0,0,0,2,0
TF,RW28,11.526378,-72.919267,0, ,0.0,0.0,277.0,5.2,1,88,0,0,0,0,3,1
TF,DABKU,11.521128,-73.101981,0, ,0.0,0.0,0.0,0.0,2,3000,0,1,230,0,0,1
HM,DABKU,11.521128,-73.101981,2, ,0.0,0.0,97.0,04.3,2,3000,0,1,230,0,0,0,0

