APPTR,V13-A,13,TIMLI
IF,TIMLI,-6.309889,-77.500806, ,0.0,0.0,2,15000,0,0,0,0,1,0
TF,MUKIT,-6.268867,-77.635597,0, ,0.0,0.0,0.0,0.0,2,13000,0,0,0,0,1,0

FINAL,V13-A,13,D,3
IF,MUKIT,-6.268867,-77.635597,POY,110.0,14.0,2,13000,0,0,0,0,0,0
CF,MIKEK,-6.234722,-77.747667,0,POY,110.0,7.0,290.0,7.0,2,11400,0,0,0,0,2,0
CF,POY,-6.200278,-77.860000,0,POY,0.0,0.0,290.0,7.0,1,9940,0,0,0,0,3,0
CF,VAMUT,-6.277833,-78.150889,0,POY,258.1,18.0,258.0,18.0,2,14000,0,0,0,0,0,0
HM,VAMUT,-6.277833,-78.150889,1, ,0.0,0.0,78.0,04.3,2,14000,0,0,0,0,0,0,0

APPTR,V13-B,13,IREVA
IF,IREVA,-6.451944,-78.026000, ,0.0,0.0,2,17000,0,0,0,0,1,0
AF,D238R,-6.373122,-78.106822,2,POY,238.0,18.0,217.0,2,15000,0,0,0,0,0,0
AF,VAMUT,-6.277833,-78.150889,2,POY,258.1,18.0,238.0,2,14000,0,0,0,0,0,0
CF,SAMKA,-6.256383,-78.070003,0,POY,258.0,13.0,78.0,5.0,2,13000,0,0,0,0,1,0

APPTR,V13-B,13,VAMUT
IF,VAMUT,-6.277833,-78.150889, ,0.0,0.0,2,14000,0,0,0,0,1,0
TF,SAMKA,-6.256383,-78.070003,0, ,0.0,0.0,0.0,0.0,2,13000,0,0,0,0,1,0

FINAL,V13-B,13,D,3
IF,SAMKA,-6.256383,-78.070003,POY,258.0,13.0,2,13000,0,0,0,0,0,0
CF,YENNY,-6.234917,-77.989111,0,POY,258.0,8.0,78.0,5.0,2,12000,0,0,0,0,2,0
CF,MA13,-6.204614,-77.876161,0,POY,258.0,0.0,78.0,7.0,1,9940,0,0,0,0,3,0
CF,POY,-6.200278,-77.860000,0,POY,0.0,0.0,78.0,1.0,0,0,0,0,0,0,0,0
VD, ,0,0,0,POY,0.0,0.0,78.0,4.0,0,0,0,0,0,0,0,0
DF,POY,-6.200278,-77.860000,1, ,0.0,0.0,0,0,0,0,0,0,0,0
TF,VAMUT,-6.277833,-78.150889,0, ,0.0,0.0,0.0,0.0,2,14000,0,0,0,0,0,0
HM,VAMUT,-6.277833,-78.150889,1, ,0.0,0.0,78.0,04.3,2,14000,0,0,0,0,0,0,0

APPTR,V31-A,31,TIMLI
IF,TIMLI,-6.309889,-77.500806, ,0.0,0.0,2,15000,0,0,0,0,1,0
TF,MUKIT,-6.268867,-77.635597,0, ,0.0,0.0,0.0,0.0,2,13000,0,0,0,0,1,0

FINAL,V31-A,31,D,3
IF,MUKIT,-6.268867,-77.635597,POY,110.0,14.0,2,13000,0,0,0,0,0,0
CF,MIKEK,-6.234722,-77.747667,0,POY,110.0,7.0,290.0,7.0,2,11400,0,0,0,0,2,0
CF,POY,-6.200278,-77.860000,0,POY,0.0,0.0,290.0,7.0,1,9940,0,0,0,0,3,0
CF,VAMUT,-6.277833,-78.150889,0,POY,258.1,18.0,258.0,18.0,2,14000,0,0,0,0,0,0
HM,VAMUT,-6.277833,-78.150889,1, ,0.0,0.0,78.0,04.3,2,14000,0,0,0,0,0,0,0

APPTR,V31-B,31,IREVA
IF,IREVA,-6.451944,-78.026000, ,0.0,0.0,2,17000,0,0,0,0,1,0
AF,D238R,-6.373122,-78.106822,2,POY,238.0,18.0,217.0,2,15000,0,0,0,0,0,0
AF,VAMUT,-6.277833,-78.150889,2,POY,258.1,18.0,238.0,2,14000,0,0,0,0,0,0
CF,SAMKA,-6.256383,-78.070003,0,POY,258.0,13.0,78.0,5.0,2,13000,0,0,0,0,1,0

APPTR,V31-B,31,VAMUT
IF,VAMUT,-6.277833,-78.150889, ,0.0,0.0,2,14000,0,0,0,0,1,0
TF,SAMKA,-6.256383,-78.070003,0, ,0.0,0.0,0.0,0.0,2,13000,0,0,0,0,1,0

FINAL,V31-B,31,D,3
IF,SAMKA,-6.256383,-78.070003,POY,258.0,13.0,2,13000,0,0,0,0,0,0
CF,YENNY,-6.234917,-77.989111,0,POY,258.0,8.0,78.0,5.0,2,12000,0,0,0,0,2,0
CF,MA13,-6.204614,-77.876161,0,POY,258.0,0.0,78.0,7.0,1,9940,0,0,0,0,3,0
CF,POY,-6.200278,-77.860000,0,POY,0.0,0.0,78.0,1.0,0,0,0,0,0,0,0,0
VD, ,0,0,0,POY,0.0,0.0,78.0,4.0,0,0,0,0,0,0,0,0
DF,POY,-6.200278,-77.860000,1, ,0.0,0.0,0,0,0,0,0,0,0,0
TF,VAMUT,-6.277833,-78.150889,0, ,0.0,0.0,0.0,0.0,2,14000,0,0,0,0,0,0
HM,VAMUT,-6.277833,-78.150889,1, ,0.0,0.0,78.0,04.3,2,14000,0,0,0,0,0,0,0

