APPTR,N10,10,TBO1
FC,TBO,-31.751028,-55.928611,0,TBO,0.0,0.0,316.0,8.8,2,2000,0,0,0,0,0,1
CF,FF10,-31.739553,-56.023836,1,TBO,286.0,4.9,106.0,4.1,2,2000,0,0,0,0,0,0

APPTR,N10,10,TBO2
FC,TBO,-31.751028,-55.928611,0,TBO,0.0,0.0,306.0,7.5,2,2000,0,0,0,0,0,1
CF,FF10,-31.739553,-56.023836,1,TBO,286.0,4.9,106.0,2.8,2,2000,0,0,0,0,0,0

FINAL,N10,10,N,2
IF,FF10,-31.739553,-56.023836,TBO,0.0,0.0,2,2000,0,0,0,0,2,0
CF,RW10,-31.749369,-55.931869,0,TBO,0.0,0.0,106.0,4.7,1,490,0,0,0,0,3,0
CA,0,106.0,2,840,0,0,0,0,0,0
VM,0,0,0,106.0,0,0,0,0,0,0,0,0

APPTR,N28,28,TBO1
IF,TBO,-31.751028,-55.928611, ,0.0,0.0,2,2000,0,0,0,0,0,0
FC,TBO,-31.751028,-55.928611,0,TBO,0.0,0.0,64.0,8.8,2,1760,0,0,0,0,0,1
CF,FF28,-31.745769,-55.841153,2,TBO,94.0,4.5,274.0,4.8,2,1760,0,0,0,0,0,0

APPTR,N28,28,TBO2
IF,TBO,-31.751028,-55.928611, ,0.0,0.0,2,2000,0,0,0,0,0,0
FC,TBO,-31.751028,-55.928611,0,TBO,0.0,0.0,74.0,7.5,2,1760,0,0,0,0,0,1
CF,FF28,-31.745769,-55.841153,2,TBO,94.0,4.5,274.0,3.5,2,1760,0,0,0,0,0,0

FINAL,N28,28,N,2
IF,FF28,-31.745769,-55.841153,TBO,0.0,0.0,2,1760,0,0,0,0,2,0
CF,RW28,-31.748689,-55.919647,0,TBO,0.0,0.0,274.0,4.0,1,480,0,0,0,0,3,0
CA,0,274.0,2,840,0,0,0,0,0,0
VM,0,0,0,274.0,0,0,0,0,0,0,0,0

APPTR,V10,10,TMB1
FC,TMB,-31.750278,-55.923861,0,DUR,0.0,0.0,309.0,8.8,2,2000,0,0,0,0,0,1
CF,FV10,-31.747233,-56.024519,1,DUR,24.1,99.3,102.0,3.6,2,2000,0,0,0,0,0,0

APPTR,V10,10,TMB2
FC,TMB,-31.750278,-55.923861,0,DUR,0.0,0.0,300.0,7.5,2,2000,0,0,0,0,0,1
CF,FV10,-31.747233,-56.024519,1,DUR,24.1,99.3,102.0,2.3,2,2000,0,0,0,0,0,0

FINAL,V10,10,D,2
IF,FV10,-31.747233,-56.024519,TMB,282.0,5.2,2,2000,0,0,0,0,2,0
CF,RW10,-31.749369,-55.931869,0,TMB,287.6,0.4,102.0,4.7,1,490,0,0,0,0,3,0
CF,TMB,-31.750278,-55.923861,0,DUR,27.0,100.5,102.0,0.4,0,0,0,0,0,0,0,1
FM,TMB,-31.750278,-55.923861,0,DUR,0.0,0.0,102.0,0,0,0,0,0,0,0,0

APPTR,V28,28,TMB1
IF,TMB,-31.750278,-55.923861, ,0.0,0.0,2,2000,0,0,0,0,0,0
FC,TMB,-31.750278,-55.923861,0,DUR,0.0,0.0,119.0,8.8,2,1500,0,0,0,0,0,1
CF,FV28,-31.740425,-55.842064,1,DUR,29.1,102.3,272.0,4.6,2,1500,0,0,0,0,0,0

APPTR,V28,28,TMB2
IF,TMB,-31.750278,-55.923861, ,0.0,0.0,2,2000,0,0,0,0,0,0
FC,TMB,-31.750278,-55.923861,0,DUR,0.0,0.0,110.0,7.5,2,1500,0,0,0,0,0,1
CF,FV28,-31.740425,-55.842064,1,DUR,29.1,102.3,272.0,3.3,2,1500,0,0,0,0,0,0

FINAL,V28,28,D,2
IF,FV28,-31.740425,-55.842064,TMB,92.0,4.2,2,1500,0,0,0,0,2,0
CF,RW28,-31.748689,-55.919647,0,TMB,76.2,0.2,272.0,4.0,1,480,0,0,0,0,3,0
CF,TMB,-31.750278,-55.923861,0,DUR,27.0,100.5,272.0,0.2,0,0,0,0,0,0,0,1
FM,TMB,-31.750278,-55.923861,0,DUR,0.0,0.0,272.0,0,0,0,0,0,0,0,0

