SID,BUTSA1,10,5
CA,0,100.0,2,640,0,0,0,0,0,0
CF,URASI,10.618022,-66.904836,0,MIQ,96.2,5.0,92.0,4.6,2,1000,0,0,0,0,0,1
TF,MANSO,10.727444,-66.900603,0, ,0.0,0.0,0.0,0.0,4,7000,2000,0,0,0,0,0
TF,VADOR,10.842097,-66.896156,0, ,0.0,0.0,0.0,0.0,4,15000,3000,0,0,0,0,0
TF,BUTSA,10.840894,-67.209681,1, ,0.0,0.0,0.0,0.0,4,20000,11000,0,0,0,0,0

SID,BUTSA1,ALDAK,6
IF,BUTSA,10.840894,-67.209681, ,0.0,0.0,4,20000,11000,0,0,0,0,0
TF,ALDAK,10.581644,-67.666019,0, ,0.0,0.0,0.0,0.0,4,30000,20000,0,0,0,0,0
TF,PBL,10.484194,-68.077806,0, ,0.0,0.0,0.0,0.0,0,0,0,0,0,0,0,0

SID,BUTSA1,ANDAL,6
IF,BUTSA,10.840894,-67.209681, ,0.0,0.0,4,20000,11000,0,0,0,0,0
TF,ANDAL,11.021736,-68.368550,0, ,0.0,0.0,0.0,0.0,0,0,0,0,0,0,0,0

SID,BUTSA1,AVELO,6
IF,BUTSA,10.840894,-67.209681, ,0.0,0.0,4,20000,11000,0,0,0,0,0
TF,AVELO,11.418083,-68.010361,0, ,0.0,0.0,0.0,0.0,0,0,0,0,0,0,0,0

SID,DARPA2,09,1
CA,0,88.0,2,640,0,0,0,0,0,0
VA,0,83.0,2,750,0,0,0,0,0,0
VI,0, ,0.0,3.0,0,0,0,0,0,0,0,0
CF,DARPA,10.888083,-66.922028,0,MIQ,25.5,17.1,26.0,12.0,3,4000,0,0,0,0,0,0

SID,DARPA2,10,1
CA,0,100.0,2,640,0,0,0,0,0,0
VA,0,83.0,2,750,0,0,0,0,0,0
VI,0, ,0.0,3.0,0,0,0,0,0,0,0,0
CF,DARPA,10.888083,-66.922028,0,MIQ,25.5,17.1,26.0,13.0,3,4000,0,0,0,0,0,0

SID,DARPA3,28,2
CA,0,280.0,2,640,0,0,0,0,0,0
VA,0,285.0,2,750,0,0,0,0,0,0
VI,2, ,0.0,53.0,0,0,0,0,0,0,0,0
CF,DARPA,10.888083,-66.922028,0,MIQ,25.5,17.1,26.0,10.0,3,4000,0,0,0,0,0,0

SID,MARES1,09,1
CA,0,88.0,2,640,0,0,0,0,0,0
VA,0,83.0,2,750,0,0,0,0,0,0
VI,1, ,0.0,293.0,0,0,0,0,0,0,0,0
CF,MARES,10.789750,-67.213694,0,MIQ,321.2,17.1,321.0,10.0,3,4000,0,0,0,0,0,0

SID,MARES1,10,1
CA,0,100.0,2,640,0,0,0,0,0,0
VA,0,83.0,2,750,0,0,0,0,0,0
VI,1, ,0.0,293.0,0,0,0,0,0,0,0,0
CF,MARES,10.789750,-67.213694,0,MIQ,321.2,17.1,321.0,10.0,3,4000,0,0,0,0,0,0

SID,MARES1,28,1
CA,0,280.0,2,640,0,0,0,0,0,0
VA,0,285.0,2,750,0,0,0,0,0,0
VI,0, ,0.0,353.0,0,0,0,0,0,0,0,0
CF,MARES,10.789750,-67.213694,0,MIQ,321.2,17.1,321.0,13.0,3,4000,0,0,0,0,0,0

SID,MIQ1,28,2
CA,0,280.0,2,640,0,0,0,0,0,0
VA,0,285.0,2,750,0,0,0,0,0,0
VI,2, ,0.0,33.0,0,0,0,0,0,0,0,0
CF,REKON,10.883111,-67.073694,0,MIQ,355.1,17.1,355.0,12.0,3,4000,0,0,0,0,0,0
FD,REKON,10.883111,-67.073694,0,MIQ,355.1,25.0,355.0,25.0,0,0,0,0,0,0,0,0
VI,2, ,0.0,148.0,0,0,0,0,0,0,0,0
CF,D013T,10.944283,-66.983750,0,MIQ,13.0,20.0,193.0,2.0,2,6000,0,0,0,0,0,0
TF,MIQ,10.609472,-66.989667,0, ,0.0,0.0,0.0,0.0,2,11000,0,0,0,0,0,0

SID,MIQ2,09,1
CA,0,88.0,2,640,0,0,0,0,0,0
VA,0,83.0,2,750,0,0,0,0,0,0
VI,1, ,0.0,318.0,0,0,0,0,0,0,0,0
CF,REKON,10.883111,-67.073694,0,MIQ,355.1,17.1,355.0,12.0,3,4000,0,0,0,0,0,0

SID,MIQ2,10,1
CA,0,100.0,2,640,0,0,0,0,0,0
VA,0,83.0,2,750,0,0,0,0,0,0
VI,1, ,0.0,318.0,0,0,0,0,0,0,0,0
CF,REKON,10.883111,-67.073694,0,MIQ,355.1,17.1,355.0,12.0,3,4000,0,0,0,0,0,0

SID,MIQ2,ALL,2
FD,REKON,10.883111,-67.073694,0,MIQ,355.1,25.0,355.0,25.0,0,0,0,0,0,0,0,0
VI,2, ,0.0,148.0,0,0,0,0,0,0,0,0
CF,D013T,10.944283,-66.983750,0,MIQ,13.0,20.0,193.0,2.0,2,6000,0,0,0,0,0,0
TF,MIQ,10.609472,-66.989667,0, ,0.0,0.0,0.0,0.0,2,11000,0,0,0,0,0,0

SID,OSMAR2,09,1
CA,0,88.0,2,640,0,0,0,0,0,0
VA,0,83.0,2,750,0,0,0,0,0,0
CF,OSMAR,10.731389,-66.560278,0,MIQ,85.9,26.4,86.0,26.0,3,4000,0,0,0,0,0,0

SID,OSMAR2,10,1
CA,0,100.0,2,640,0,0,0,0,0,0
VA,0,83.0,2,750,0,0,0,0,0,0
CF,OSMAR,10.731389,-66.560278,0,MIQ,85.9,26.4,86.0,26.0,3,4000,0,0,0,0,0,0

SID,OSMAR2,28,1
CA,0,280.0,2,640,0,0,0,0,0,0
VA,0,285.0,2,750,0,0,0,0,0,0
VI,2, ,0.0,93.0,0,0,0,0,0,0,0,0
CF,KORLI,10.796500,-66.770475,0,MIQ,61.2,17.1,61.0,10.0,3,4000,0,0,0,0,0,0
TF,OSMAR,10.731389,-66.560278,0, ,0.0,0.0,0.0,0.0,0,0,0,0,0,0,0,0

SID,REKON2,28,2
CA,0,280.0,2,640,0,0,0,0,0,0
VA,0,285.0,2,750,0,0,0,0,0,0
VI,2, ,0.0,33.0,0,0,0,0,0,0,0,0
CF,REKON,10.883111,-67.073694,0,MIQ,355.1,17.1,355.0,12.0,3,4000,0,0,0,0,0,0

SID,REKON3,09,1
CA,0,88.0,2,640,0,0,0,0,0,0
VA,0,83.0,2,750,0,0,0,0,0,0
VI,1, ,0.0,318.0,0,0,0,0,0,0,0,0
CF,REKON,10.883111,-67.073694,0,MIQ,355.1,17.1,355.0,12.0,3,4000,0,0,0,0,0,0

SID,REKON3,10,1
CA,0,100.0,2,640,0,0,0,0,0,0
VA,0,83.0,2,750,0,0,0,0,0,0
VI,1, ,0.0,318.0,0,0,0,0,0,0,0,0
CF,REKON,10.883111,-67.073694,0,MIQ,355.1,17.1,355.0,12.0,3,4000,0,0,0,0,0,0

SID,SOSKA1,10,5
CA,0,100.0,2,640,0,0,0,0,0,0
CF,URASI,10.618022,-66.904836,0,MIQ,96.2,5.0,92.0,4.6,2,1000,0,0,0,0,0,0
TF,SOSKA,10.688561,-66.498150,0, ,0.0,0.0,0.0,0.0,4,11000,6000,0,0,0,0,0

SID,SOSKA1,CBC,6
IF,SOSKA,10.688561,-66.498150, ,0.0,0.0,4,11000,6000,0,0,0,0,0
TF,CBC,10.573556,-66.050056,0, ,0.0,0.0,0.0,0.0,4,21000,11000,0,0,0,0,0

SID,SOSKA1,TENEL,6
IF,SOSKA,10.688561,-66.498150, ,0.0,0.0,4,11000,6000,0,0,0,0,0
TF,TENEL,10.711175,-66.243472,0, ,0.0,0.0,0.0,0.0,4,16000,9000,0,0,0,0,0

SID,VADOR1,10,5
CA,0,100.0,2,640,0,0,0,0,0,0
CF,URASI,10.618022,-66.904836,0,MIQ,96.2,5.0,92.0,4.6,2,1000,0,0,0,0,0,1
TF,MANSO,10.727444,-66.900603,0, ,0.0,0.0,0.0,0.0,4,7000,2000,0,0,0,0,0
TF,VADOR,10.842097,-66.896156,0, ,0.0,0.0,0.0,0.0,4,15000,3000,0,0,0,0,0

SID,VADOR1,MIDUR,6
IF,VADOR,10.842097,-66.896156, ,0.0,0.0,4,15000,3000,0,0,0,0,0
TF,MIDUR,11.782778,-66.893611,0, ,0.0,0.0,0.0,0.0,0,0,0,0,0,0,0,0

SID,VADOR1,PULPO,6
IF,VADOR,10.842097,-66.896156, ,0.0,0.0,4,15000,3000,0,0,0,0,0
TF,PULPO,11.310000,-67.220278,0, ,0.0,0.0,0.0,0.0,0,0,0,0,0,0,0,0

SID,VADOR1,TOROP,6
IF,VADOR,10.842097,-66.896156, ,0.0,0.0,4,15000,3000,0,0,0,0,0
TF,TOROP,11.463056,-66.171944,0, ,0.0,0.0,0.0,0.0,0,0,0,0,0,0,0,0

STAR,ALDAK1,ANDAL,4
IF,ANDAL,11.021736,-68.368550, ,0.0,0.0,0,0,0,0,0,0,0,0
TF,ALDAK,10.581644,-67.666019,0, ,0.0,0.0,0.0,0.0,4,13000,10000,0,0,0,0,0

STAR,ALDAK1,PBL,4
IF,PBL,10.484194,-68.077806, ,0.0,0.0,0,0,0,0,0,0,0,0
TF,ALDAK,10.581644,-67.666019,0, ,0.0,0.0,0.0,0.0,4,13000,10000,0,0,0,0,0

STAR,ALDAK1,10,5
IF,ALDAK,10.581644,-67.666019, ,0.0,0.0,4,13000,10000,0,0,0,0,0
TF,TEGUD,10.594586,-67.288711,0, ,0.0,0.0,0.0,0.0,1,4000,0,0,0,0,0,0

STAR,NETSI1,CBC,4
IF,CBC,10.573556,-66.050056, ,0.0,0.0,0,0,0,0,0,0,0,0
TF,TENEL,10.711175,-66.243472,0, ,0.0,0.0,0.0,0.0,4,27000,17000,0,0,0,0,0
TF,NETSI,10.815750,-66.390472,0, ,0.0,0.0,0.0,0.0,4,23000,16000,0,0,0,0,0

STAR,NETSI1,KOMPU,4
IF,KOMPU,11.375000,-65.836111, ,0.0,0.0,0,0,0,0,0,0,0,0
TF,PALAR,10.933672,-66.275728,0, ,0.0,0.0,0.0,0.0,4,27000,18000,0,0,0,0,0
TF,NETSI,10.815750,-66.390472,0, ,0.0,0.0,0.0,0.0,4,23000,16000,0,0,0,0,0

STAR,NETSI1,TOROP,4
IF,TOROP,11.463056,-66.171944, ,0.0,0.0,0,0,0,0,0,0,0,0
TF,NETSI,10.815750,-66.390472,0, ,0.0,0.0,0.0,0.0,4,23000,16000,0,0,0,0,0

STAR,NETSI1,10,5
IF,NETSI,10.815750,-66.390472, ,0.0,0.0,4,23000,16000,0,0,0,0,0
TF,MANSO,10.727444,-66.900603,0, ,0.0,0.0,0.0,0.0,4,13000,10000,0,0,0,0,0
TF,DONTO,10.726867,-67.207092,0, ,0.0,0.0,0.0,0.0,4,6000,5000,0,0,0,0,0
TF,OPTIG,10.727856,-67.388236,0, ,0.0,0.0,0.0,0.0,1,4000,0,0,0,0,0,0

STAR,PULPO1,10,5
IF,MIDUR,11.782778,-66.893611, ,0.0,0.0,0,0,0,0,0,0,0,0
TF,PULPO,11.310000,-67.220278,0, ,0.0,0.0,0.0,0.0,4,18000,14000,0,0,0,0,0
TF,BUTSA,10.840894,-67.209681,0, ,0.0,0.0,0.0,0.0,4,9000,7000,0,0,0,0,0
TF,OPTIG,10.727856,-67.388236,0, ,0.0,0.0,0.0,0.0,1,4000,0,0,0,0,0,1
DF,TEGUD,10.594586,-67.288711,1, ,0.0,0.0,1,4000,0,0,0,0,0,0

APPTR,D09-B,09,ORITO
IF,ORITO,10.646144,-67.276706, ,0.0,0.0,2,5000,0,0,0,0,0,0
AF,MARES,10.789750,-67.213694,2,MIQ,321.2,17.1,289.0,2,5000,0,0,0,0,0,0
AF,REKON,10.883111,-67.073694,2,MIQ,355.1,17.1,321.0,2,5000,0,0,0,0,0,0
AF,DARPA,10.888083,-66.922028,2,MIQ,25.5,17.1,355.0,2,5000,0,0,0,0,0,0
AF,KORLI,10.796500,-66.770475,2,MIQ,61.2,17.1,26.0,2,5000,0,0,0,0,1,0
AF,D087Q,10.683450,-66.710053,2,MIQ,87.0,17.1,61.0,2,5000,0,0,0,0,0,0
CF,ACUTO,10.631128,-66.907922,0,MIQ,87.0,5.0,267.0,12.0,2,1600,0,0,0,0,0,0

APPTR,D09-B,09,REKON
IF,REKON,10.883111,-67.073694, ,0.0,0.0,2,5000,0,0,0,0,1,0
AF,DARPA,10.888083,-66.922028,2,MIQ,25.5,17.1,355.0,2,5000,0,0,0,0,0,0
AF,KORLI,10.796500,-66.770475,2,MIQ,61.2,17.1,26.0,2,5000,0,0,0,0,0,0
AF,D087Q,10.683450,-66.710053,2,MIQ,87.0,17.1,61.0,2,5000,0,0,0,0,0,0
CF,ACUTO,10.631128,-66.907922,0,MIQ,87.0,5.0,267.0,12.0,2,1600,0,0,0,0,0,0

FINAL,D09-B,09,D,2
IF,ACUTO,10.631128,-66.907922,MIQ,87.0,5.0,2,1600,0,0,0,0,2,0
CF,MA267,10.613803,-66.973317,0,MIQ,87.0,0.0,267.0,4.0,1,800,0,0,0,0,3,0
CF,REKON,10.883111,-67.073694,2,MIQ,355.1,17.1,355.0,17.0,2,4000,0,0,0,0,0,0
HM,REKON,10.883111,-67.073694,2, ,0.0,0.0,175.0,04.3,2,4000,0,0,0,0,0,0,0

APPTR,D10,10,KORLI
IF,KORLI,10.796500,-66.770475, ,0.0,0.0,2,5000,0,0,0,0,0,0
AF,DARPA,10.888083,-66.922028,1,MIQ,25.5,17.1,61.0,2,5000,0,0,0,0,0,0
AF,REKON,10.883111,-67.073694,1,MIQ,355.1,17.1,26.0,2,5000,0,0,0,0,0,0
AF,MARES,10.789750,-67.213694,1,MIQ,321.2,17.1,355.0,2,5000,0,0,0,0,1,0
AF,D287Q,10.634292,-67.277994,1,MIQ,287.0,17.1,321.0,2,4000,0,0,0,0,0,0
VI,0, ,0.0,145.0,2,4000,0,0,0,0,0,0
CF,FD10,10.601797,-67.209544,0,MIQ,280.0,13.0,100.0,3.0,2,4000,0,0,0,0,0,0

APPTR,D10,10,ROMEX
IF,ROMEX,10.661417,-67.397028, ,0.0,0.0,2,5000,0,0,0,0,1,0
TF,D280P,10.600006,-67.260283,0, ,0.0,0.0,0.0,0.0,2,4000,0,0,0,0,0,0
CF,FD10,10.601797,-67.209544,0,MIQ,280.0,13.0,100.0,3.0,2,4000,0,0,0,0,0,0

FINAL,D10,10,D,2
IF,FD10,10.601797,-67.209544,MIQ,280.0,13.0,2,4000,0,0,0,0,2,0
CF,MA10,10.607419,-67.048864,0,MIQ,280.0,3.5,100.0,9.5,1,969,0,0,0,0,3,1
DF,DARPA,10.888083,-66.922028,1, ,0.0,0.0,2,4000,0,0,0,0,0,0
HM,DARPA,10.888083,-66.922028,2, ,0.0,0.0,206.0,04.3,2,4000,0,0,0,0,0,0,0

APPTR,D10-B,10,ORITO
IF,ORITO,10.646144,-67.276706, ,0.0,0.0,2,5000,0,0,0,0,0,0
AF,MARES,10.789750,-67.213694,2,MIQ,321.2,17.1,289.0,2,5000,0,0,0,0,0,0
AF,REKON,10.883111,-67.073694,2,MIQ,355.1,17.1,321.0,2,5000,0,0,0,0,0,0
AF,DARPA,10.888083,-66.922028,2,MIQ,25.5,17.1,355.0,2,5000,0,0,0,0,0,0
AF,KORLI,10.796500,-66.770475,2,MIQ,61.2,17.1,26.0,2,5000,0,0,0,0,1,0
AF,D087Q,10.683450,-66.710053,2,MIQ,87.0,17.1,61.0,2,5000,0,0,0,0,0,0
CF,ACUTO,10.631128,-66.907922,0,MIQ,87.0,5.0,267.0,12.0,2,1600,0,0,0,0,0,0

APPTR,D10-B,10,REKON
IF,REKON,10.883111,-67.073694, ,0.0,0.0,2,5000,0,0,0,0,1,0
AF,DARPA,10.888083,-66.922028,2,MIQ,25.5,17.1,355.0,2,5000,0,0,0,0,0,0
AF,KORLI,10.796500,-66.770475,2,MIQ,61.2,17.1,26.0,2,5000,0,0,0,0,0,0
AF,D087Q,10.683450,-66.710053,2,MIQ,87.0,17.1,61.0,2,5000,0,0,0,0,0,0
CF,ACUTO,10.631128,-66.907922,0,MIQ,87.0,5.0,267.0,12.0,2,1600,0,0,0,0,0,0

FINAL,D10-B,10,D,2
IF,ACUTO,10.631128,-66.907922,MIQ,87.0,5.0,2,1600,0,0,0,0,2,0
CF,MA267,10.613803,-66.973317,0,MIQ,87.0,0.0,267.0,4.0,1,800,0,0,0,0,3,0
CF,REKON,10.883111,-67.073694,2,MIQ,355.1,17.1,355.0,17.0,2,4000,0,0,0,0,0,0
HM,REKON,10.883111,-67.073694,2, ,0.0,0.0,175.0,04.3,2,4000,0,0,0,0,0,0,0

APPTR,D27-B,27,ORITO
IF,ORITO,10.646144,-67.276706, ,0.0,0.0,2,5000,0,0,0,0,0,0
AF,MARES,10.789750,-67.213694,2,MIQ,321.2,17.1,289.0,2,5000,0,0,0,0,0,0
AF,REKON,10.883111,-67.073694,2,MIQ,355.1,17.1,321.0,2,5000,0,0,0,0,0,0
AF,DARPA,10.888083,-66.922028,2,MIQ,25.5,17.1,355.0,2,5000,0,0,0,0,0,0
AF,KORLI,10.796500,-66.770475,2,MIQ,61.2,17.1,26.0,2,5000,0,0,0,0,1,0
AF,D087Q,10.683450,-66.710053,2,MIQ,87.0,17.1,61.0,2,5000,0,0,0,0,0,0
CF,ACUTO,10.631128,-66.907922,0,MIQ,87.0,5.0,267.0,12.0,2,1600,0,0,0,0,0,0

APPTR,D27-B,27,REKON
IF,REKON,10.883111,-67.073694, ,0.0,0.0,2,5000,0,0,0,0,1,0
AF,DARPA,10.888083,-66.922028,2,MIQ,25.5,17.1,355.0,2,5000,0,0,0,0,0,0
AF,KORLI,10.796500,-66.770475,2,MIQ,61.2,17.1,26.0,2,5000,0,0,0,0,0,0
AF,D087Q,10.683450,-66.710053,2,MIQ,87.0,17.1,61.0,2,5000,0,0,0,0,0,0
CF,ACUTO,10.631128,-66.907922,0,MIQ,87.0,5.0,267.0,12.0,2,1600,0,0,0,0,0,0

FINAL,D27-B,27,D,2
IF,ACUTO,10.631128,-66.907922,MIQ,87.0,5.0,2,1600,0,0,0,0,2,0
CF,MA267,10.613803,-66.973317,0,MIQ,87.0,0.0,267.0,4.0,1,800,0,0,0,0,3,0
CF,REKON,10.883111,-67.073694,2,MIQ,355.1,17.1,355.0,17.0,2,4000,0,0,0,0,0,0
HM,REKON,10.883111,-67.073694,2, ,0.0,0.0,175.0,04.3,2,4000,0,0,0,0,0,0,0

APPTR,D28-B,28,ORITO
IF,ORITO,10.646144,-67.276706, ,0.0,0.0,2,5000,0,0,0,0,0,0
AF,MARES,10.789750,-67.213694,2,MIQ,321.2,17.1,289.0,2,5000,0,0,0,0,0,0
AF,REKON,10.883111,-67.073694,2,MIQ,355.1,17.1,321.0,2,5000,0,0,0,0,0,0
AF,DARPA,10.888083,-66.922028,2,MIQ,25.5,17.1,355.0,2,5000,0,0,0,0,0,0
AF,KORLI,10.796500,-66.770475,2,MIQ,61.2,17.1,26.0,2,5000,0,0,0,0,1,0
AF,D087Q,10.683450,-66.710053,2,MIQ,87.0,17.1,61.0,2,5000,0,0,0,0,0,0
CF,ACUTO,10.631128,-66.907922,0,MIQ,87.0,5.0,267.0,12.0,2,1600,0,0,0,0,0,0

APPTR,D28-B,28,REKON
IF,REKON,10.883111,-67.073694, ,0.0,0.0,2,5000,0,0,0,0,1,0
AF,DARPA,10.888083,-66.922028,2,MIQ,25.5,17.1,355.0,2,5000,0,0,0,0,0,0
AF,KORLI,10.796500,-66.770475,2,MIQ,61.2,17.1,26.0,2,5000,0,0,0,0,0,0
AF,D087Q,10.683450,-66.710053,2,MIQ,87.0,17.1,61.0,2,5000,0,0,0,0,0,0
CF,ACUTO,10.631128,-66.907922,0,MIQ,87.0,5.0,267.0,12.0,2,1600,0,0,0,0,0,0

FINAL,D28-B,28,D,2
IF,ACUTO,10.631128,-66.907922,MIQ,87.0,5.0,2,1600,0,0,0,0,2,0
CF,MA267,10.613803,-66.973317,0,MIQ,87.0,0.0,267.0,4.0,1,800,0,0,0,0,3,0
CF,REKON,10.883111,-67.073694,2,MIQ,355.1,17.1,355.0,17.0,2,4000,0,0,0,0,0,0
HM,REKON,10.883111,-67.073694,2, ,0.0,0.0,175.0,04.3,2,4000,0,0,0,0,0,0,0

APPTR,I10,10,KORLI
IF,KORLI,10.796500,-66.770475, ,0.0,0.0,0,0,0,0,0,0,0,0
AF,DARPA,10.888083,-66.922028,1,MIQ,25.5,17.1,61.0,2,5000,0,0,0,0,0,0
AF,REKON,10.883111,-67.073694,1,MIQ,355.1,17.1,26.0,2,5000,0,0,0,0,0,0
AF,MARES,10.789750,-67.213694,1,MIQ,321.2,17.1,355.0,2,5000,0,0,0,0,1,0
AF,D286Q,10.629311,-67.278386,1,MIQ,286.0,17.1,321.0,2,4000,0,0,0,0,0,0
VI,0,IMIQ,0.0,130.0,0,0,0,0,0,0,0,0

APPTR,I10,10,ROMEX
IF,ROMEX,10.661417,-67.397028, ,0.0,0.0,2,5000,0,0,0,0,1,0
FC,ROMEX,10.661417,-67.397028,0,MIQ,0.0,0.0,127.0,5.0,2,4000,0,0,0,0,0,0
CF,CF10,10.595794,-67.258461,0,IMIQ,280.2,16.5,127.0,4.0,2,4000,0,0,0,0,0,0

FINAL,I10,10,I,3
IF,CF10,10.595794,-67.258461,IMIQ,280.2,16.5,2,4000,0,0,0,0,0,0
CF,FI10,10.597400,-67.209408,0,IMIQ,280.2,13.6,100.0,2.9,1,4000,0,0,0,0,2,0
CF,RW10,10.603750,-67.012750,0,IMIQ,280.1,2.0,100.0,11.6,1,283,0,0,0,0,3,0
VA,0,100.0,2,800,0,0,0,0,0,0
DF,DARPA,10.888083,-66.922028,0, ,0.0,0.0,2,4000,0,0,0,0,0,0
HM,DARPA,10.888083,-66.922028,2, ,0.0,0.0,206.0,04.3,2,4000,0,0,0,0,0,0,0

APPTR,R10-Y,10,KORLI
IF,KORLI,10.796500,-66.770475, ,0.0,0.0,2,5000,0,0,0,0,0,0
TF,DARPA,10.888083,-66.922028,0, ,0.0,0.0,0.0,0.0,2,5000,0,0,0,0,0,0
TF,REKON,10.883111,-67.073694,0, ,0.0,0.0,0.0,0.0,2,5000,0,0,0,0,0,0
TF,MARES,10.789750,-67.213694,0, ,0.0,0.0,0.0,0.0,2,5000,0,0,0,0,1,0
TF,ROSEL,10.597425,-67.204147,0, ,0.0,0.0,0.0,0.0,2,4000,0,0,0,0,1,0

APPTR,R10-Y,10,ROMEX
IF,ROMEX,10.661417,-67.397028, ,0.0,0.0,2,5000,0,0,0,0,1,0
TF,ROSEL,10.597425,-67.204147,0, ,0.0,0.0,0.0,0.0,2,4000,0,0,0,0,1,0

FINAL,R10-Y,10,R,3
IF,ROSEL,10.597425,-67.204147, ,0.0,0.0,2,4000,0,0,0,0,0,0
TF,DOLVO,10.601831,-67.071519,0, ,0.0,0.0,100.0,7.8,2,1400,0,0,0,0,2,0
TF,RW10,10.603750,-67.012750,0, ,0.0,0.0,100.0,3.5,1,283,0,0,0,0,3,1
DF,ESSER,10.604311,-66.995842,0, ,0.0,0.0,0,0,0,0,0,0,0,1
DF,DARPA,10.888083,-66.922028,0, ,0.0,0.0,1,4000,0,0,0,0,0,1
HM,DARPA,10.888083,-66.922028,2, ,0.0,0.0,200.0,04,0,0,0,0,0,0,0,0,0

APPTR,R10-Z,10,KORLI
IF,KORLI,10.796500,-66.770475, ,0.0,0.0,2,5000,0,0,0,0,0,0
TF,DARPA,10.888083,-66.922028,0, ,0.0,0.0,0.0,0.0,2,5000,0,0,0,0,0,0
TF,REKON,10.883111,-67.073694,0, ,0.0,0.0,0.0,0.0,2,5000,0,0,0,0,0,0
TF,MARES,10.789750,-67.213694,0, ,0.0,0.0,0.0,0.0,2,5000,0,0,0,0,1,0
TF,ROSEL,10.597425,-67.204147,0, ,0.0,0.0,0.0,0.0,2,4000,0,0,0,0,1,0

APPTR,R10-Z,10,ROMEX
IF,ROMEX,10.661417,-67.397028, ,0.0,0.0,2,5000,0,0,0,0,1,0
TF,ROSEL,10.597425,-67.204147,0, ,0.0,0.0,0.0,0.0,2,4000,0,0,0,0,1,0

FINAL,R10-Z,10,R,3
IF,ROSEL,10.597425,-67.204147, ,0.0,0.0,2,4000,0,0,0,0,0,0
TF,DOLVO,10.601831,-67.071519,0, ,0.0,0.0,100.0,7.8,2,1400,0,0,0,0,2,0
TF,RW10,10.603750,-67.012750,0, ,0.0,0.0,100.0,3.5,1,283,0,0,0,0,3,1
DF,ESSER,10.604311,-66.995842,0, ,0.0,0.0,0,0,0,0,0,0,0,1
DF,DARPA,10.888083,-66.922028,0, ,0.0,0.0,1,4000,0,0,0,0,0,1
HM,DARPA,10.888083,-66.922028,2, ,0.0,0.0,200.0,04,0,0,0,0,0,0,0,0,0

APPTR,R28-Y,28,JUREL
IF,JUREL,10.969750,-66.567028, ,0.0,0.0,2,3200,0,0,0,0,1,0
TF,LOMUN,10.659406,-66.804569,0, ,0.0,0.0,0.0,0.0,2,3200,0,0,0,0,1,0

APPTR,R28-Y,28,TORIM
IF,TORIM,10.681389,-67.573611, ,0.0,0.0,2,5000,0,0,0,0,0,0
TF,MARES,10.789750,-67.213694,0, ,0.0,0.0,0.0,0.0,2,5000,0,0,0,0,0,0
TF,REKON,10.883111,-67.073694,0, ,0.0,0.0,0.0,0.0,2,5000,0,0,0,0,0,0
TF,DARPA,10.888083,-66.922028,0, ,0.0,0.0,0.0,0.0,2,5000,0,0,0,0,0,0
TF,KORLI,10.796500,-66.770475,0, ,0.0,0.0,0.0,0.0,2,3200,0,0,0,0,1,0
TF,LOMUN,10.659406,-66.804569,0, ,0.0,0.0,0.0,0.0,2,3200,0,0,0,0,1,0

FINAL,R28-Y,28,R,3
IF,LOMUN,10.659406,-66.804569, ,0.0,0.0,2,3200,0,0,0,0,0,0
TF,YOFRE,10.618225,-66.908703,0, ,0.0,0.0,260.0,6.6,2,1600,0,0,0,0,2,0
TF,MIDAK,10.605061,-66.972436,0, ,0.0,0.0,270.0,3.9,1,357,0,0,0,0,3,1
CA,0,270.0,2,640,0,0,0,0,0,0
DF,REKON,10.883111,-67.073694,2, ,0.0,0.0,1,4000,0,0,0,0,0,1
HM,REKON,10.883111,-67.073694,2, ,0.0,0.0,174.0,04,0,0,0,0,0,0,0,0,0

APPTR,R28-Z,28,JUREL
IF,JUREL,10.969750,-66.567028, ,0.0,0.0,2,3200,0,0,0,0,1,0
TF,LOMUN,10.659406,-66.804569,0, ,0.0,0.0,0.0,0.0,2,3200,0,0,0,0,1,0

APPTR,R28-Z,28,TORIM
IF,TORIM,10.681389,-67.573611, ,0.0,0.0,2,5000,0,0,0,0,0,0
TF,MARES,10.789750,-67.213694,0, ,0.0,0.0,0.0,0.0,2,5000,0,0,0,0,0,0
TF,REKON,10.883111,-67.073694,0, ,0.0,0.0,0.0,0.0,2,5000,0,0,0,0,0,0
TF,DARPA,10.888083,-66.922028,0, ,0.0,0.0,0.0,0.0,2,5000,0,0,0,0,0,0
TF,KORLI,10.796500,-66.770475,0, ,0.0,0.0,0.0,0.0,2,3200,0,0,0,0,1,0
TF,LOMUN,10.659406,-66.804569,0, ,0.0,0.0,0.0,0.0,2,3200,0,0,0,0,1,0

FINAL,R28-Z,28,R,3
IF,LOMUN,10.659406,-66.804569, ,0.0,0.0,2,3200,0,0,0,0,0,0
TF,YOFRE,10.618225,-66.908703,0, ,0.0,0.0,260.0,6.6,2,1600,0,0,0,0,2,0
TF,MIDAK,10.605061,-66.972436,0, ,0.0,0.0,270.0,3.9,1,357,0,0,0,0,3,1
CA,0,270.0,2,640,0,0,0,0,0,0
DF,REKON,10.883111,-67.073694,2, ,0.0,0.0,1,4000,0,0,0,0,0,1
HM,REKON,10.883111,-67.073694,2, ,0.0,0.0,174.0,04,0,0,0,0,0,0,0,0,0

