SID,AGUN5F,05L,2
CF,ATA,43.376528,77.084111,0,ATA,0.0,0.0,51.0,2.0,0,0,0,0,0,0,0,1
CA,0,51.0,2,3200,0,0,0,0,0,0
CF,USUGA,43.600000,76.326111,1,ATA,287.3,35.7,274.0,35.0,4,10000,8000,0,0,0,0,0
TF,AGUNA,43.985000,75.794167,0, ,0.0,0.0,0.0,0.0,0,0,0,0,0,0,0,0

SID,AGUN5F,05R,2
CF,ATA,43.376528,77.084111,0,ATA,0.0,0.0,51.0,2.0,0,0,0,0,0,0,0,1
CA,0,51.0,2,3200,0,0,0,0,0,0
CF,USUGA,43.600000,76.326111,1,ATA,287.3,35.7,274.0,35.0,4,10000,8000,0,0,0,0,0
TF,AGUNA,43.985000,75.794167,0, ,0.0,0.0,0.0,0.0,0,0,0,0,0,0,0,0

SID,AGUN5G,23L,2
CD, ,0,0,0,ATA,0,0.0,231.0,6.4,0,0,0,0,0,0,0,0
CA,0,231.0,2,3200,0,0,0,0,0,0
CF,USUGA,43.600000,76.326111,0,ATA,287.3,35.7,300.0,32.0,4,10000,8000,0,0,0,0,0
TF,REGMU,43.834722,76.003333,0, ,0.0,0.0,0.0,0.0,0,0,0,0,0,0,0,0
TF,AGUNA,43.985000,75.794167,0, ,0.0,0.0,0.0,0.0,0,0,0,0,0,0,0,0

SID,AGUN5G,23R,2
CD, ,0,0,0,ATA,0,0.0,231.0,6.4,0,0,0,0,0,0,0,0
CA,0,231.0,2,3200,0,0,0,0,0,0
CF,USUGA,43.600000,76.326111,0,ATA,287.3,35.7,300.0,32.0,4,10000,8000,0,0,0,0,0
TF,REGMU,43.834722,76.003333,0, ,0.0,0.0,0.0,0.0,0,0,0,0,0,0,0,0
TF,AGUNA,43.985000,75.794167,0, ,0.0,0.0,0.0,0.0,0,0,0,0,0,0,0,0

SID,ALUG1A,05L,4
DF,DE05L,43.371600,77.074169,0, ,0.0,0.0,0,0,0,0,0,0,0,1
CF,AA008,43.408981,77.149717,0,ATA,50.8,3.5,51.0,4.0,2,3500,0,1,250,0,0,0

SID,ALUG1A,05R,4
DF,DE05R,43.363478,77.062344,0, ,0.0,0.0,0,0,0,0,0,0,0,1
CF,AA008,43.408981,77.149717,0,ATA,50.8,3.5,51.0,4.7,2,3500,0,1,250,0,0,0

SID,ALUG1A,ALL,5
IF,AA008,43.408981,77.149717, ,0.0,0.0,2,3500,0,1,250,0,0,0
TF,LEGLA,43.473750,77.281750,0, ,0.0,0.0,0.0,0.0,3,11000,0,0,0,0,0,0
TF,TIRBA,43.582222,77.508611,0, ,0.0,0.0,0.0,0.0,2,9000,0,0,0,0,0,0
TF,BAGNA,43.798333,77.955278,0, ,0.0,0.0,0.0,0.0,2,14000,0,0,0,0,0,0
TF,ALUGI,43.795833,78.137778,0, ,0.0,0.0,0.0,0.0,2,15000,0,0,0,0,0,0

SID,BEKR5F,05L,2
CF,ATA,43.376528,77.084111,0,ATA,0.0,0.0,51.0,2.0,0,0,0,0,0,0,0,1
CA,0,51.0,2,3200,0,0,0,0,0,0
CF,USUGA,43.600000,76.326111,1,ATA,287.3,35.7,274.0,35.0,4,10000,8000,0,0,0,0,0
TF,BEKRO,43.813889,75.664444,0, ,0.0,0.0,0.0,0.0,0,0,0,0,0,0,0,0

SID,BEKR5F,05R,2
CF,ATA,43.376528,77.084111,0,ATA,0.0,0.0,51.0,2.0,0,0,0,0,0,0,0,1
CA,0,51.0,2,3200,0,0,0,0,0,0
CF,USUGA,43.600000,76.326111,1,ATA,287.3,35.7,274.0,35.0,4,10000,8000,0,0,0,0,0
TF,BEKRO,43.813889,75.664444,0, ,0.0,0.0,0.0,0.0,0,0,0,0,0,0,0,0

SID,BEKR5G,23L,2
CD, ,0,0,0,ATA,0,0.0,231.0,6.4,0,0,0,0,0,0,0,0
CA,0,231.0,2,3200,0,0,0,0,0,0
CF,USUGA,43.600000,76.326111,0,ATA,287.3,35.7,300.0,32.0,4,10000,8000,0,0,0,0,0
TF,BEKRO,43.813889,75.664444,0, ,0.0,0.0,0.0,0.0,0,0,0,0,0,0,0,0

SID,BEKR5G,23R,2
CD, ,0,0,0,ATA,0,0.0,231.0,6.4,0,0,0,0,0,0,0,0
CA,0,231.0,2,3200,0,0,0,0,0,0
CF,USUGA,43.600000,76.326111,0,ATA,287.3,35.7,300.0,32.0,4,10000,8000,0,0,0,0,0
TF,BEKRO,43.813889,75.664444,0, ,0.0,0.0,0.0,0.0,0,0,0,0,0,0,0,0

SID,BIOT5E,05L,2
CF,ATA,43.376528,77.084111,0,ATA,0.0,0.0,51.0,2.0,0,0,0,0,0,0,0,1
CA,0,51.0,2,3200,0,0,0,0,0,0
CF,OGIRU,43.560000,76.855278,1,ATA,312.8,14.9,281.0,14.0,0,0,0,0,0,0,0,0
TF,ADABA,43.972222,76.335833,0, ,0.0,0.0,0.0,0.0,1,7000,0,0,0,0,0,0
TF,BIOTA,44.356667,76.706667,0, ,0.0,0.0,0.0,0.0,0,0,0,0,0,0,0,0

SID,BIOT5E,05R,2
CF,ATA,43.376528,77.084111,0,ATA,0.0,0.0,51.0,2.0,0,0,0,0,0,0,0,1
CA,0,51.0,2,3200,0,0,0,0,0,0
CF,OGIRU,43.560000,76.855278,1,ATA,312.8,14.9,281.0,14.0,0,0,0,0,0,0,0,0
TF,ADABA,43.972222,76.335833,0, ,0.0,0.0,0.0,0.0,1,7000,0,0,0,0,0,0
TF,BIOTA,44.356667,76.706667,0, ,0.0,0.0,0.0,0.0,0,0,0,0,0,0,0,0

SID,BIOT5G,23L,2
CD, ,0,0,0,ATA,0,0.0,231.0,6.4,0,0,0,0,0,0,0,0
CA,0,231.0,2,3200,0,0,0,0,0,0
CF,USUGA,43.600000,76.326111,0,ATA,287.3,35.7,300.0,32.0,4,10000,8000,0,0,0,0,0
TF,REGMU,43.834722,76.003333,0, ,0.0,0.0,0.0,0.0,0,0,0,0,0,0,0,0
TF,BIOTA,44.356667,76.706667,0, ,0.0,0.0,0.0,0.0,0,0,0,0,0,0,0,0

SID,BIOT5G,23R,2
CD, ,0,0,0,ATA,0,0.0,231.0,6.4,0,0,0,0,0,0,0,0
CA,0,231.0,2,3200,0,0,0,0,0,0
CF,USUGA,43.600000,76.326111,0,ATA,287.3,35.7,300.0,32.0,4,10000,8000,0,0,0,0,0
TF,REGMU,43.834722,76.003333,0, ,0.0,0.0,0.0,0.0,0,0,0,0,0,0,0,0
TF,BIOTA,44.356667,76.706667,0, ,0.0,0.0,0.0,0.0,0,0,0,0,0,0,0,0

SID,DESO1B,05L,4
DF,DE05L,43.371600,77.074169,0, ,0.0,0.0,0,0,0,0,0,0,0,1
CF,AA008,43.408981,77.149717,0,ATA,50.8,3.5,51.0,4.0,2,3500,0,1,250,0,0,0

SID,DESO1B,05R,4
DF,DE05R,43.363478,77.062344,0, ,0.0,0.0,0,0,0,0,0,0,0,1
CF,AA008,43.408981,77.149717,0,ATA,50.8,3.5,51.0,4.7,2,3500,0,1,250,0,0,0

SID,DESO1B,ALL,5
IF,AA008,43.408981,77.149717, ,0.0,0.0,2,3500,0,1,250,0,0,0
TF,LEGLA,43.473750,77.281750,0, ,0.0,0.0,0.0,0.0,3,11000,0,0,0,0,0,0
TF,TIRBA,43.582222,77.508611,0, ,0.0,0.0,0.0,0.0,2,9000,0,0,0,0,0,0
TF,BAGNA,43.798333,77.955278,0, ,0.0,0.0,0.0,0.0,2,14000,0,0,0,0,0,0
TF,DESOK,44.274722,77.922500,0, ,0.0,0.0,0.0,0.0,2,20000,0,0,0,0,0,0

SID,DESO1E,23L,4
DF,DE23L,43.341239,77.017458,0, ,0.0,0.0,0,0,0,0,0,0,0,1
CF,AA203,43.313883,76.957747,0,ATA,230.9,6.7,231.0,3.1,2,3000,0,1,240,0,0,1

SID,DESO1E,23R,4
DF,DE23R,43.345828,77.022119,0, ,0.0,0.0,0,0,0,0,0,0,0,1
CF,AA203,43.313883,76.957747,0,ATA,230.9,6.7,231.0,3.4,2,3000,0,1,240,0,0,1

SID,DESO1E,ALL,5
IF,AA203,43.313883,76.957747, ,0.0,0.0,2,3000,0,1,240,0,0,0
DF,AA208,43.458006,76.810672,2, ,0.0,0.0,3,10000,0,0,0,0,0,0
TF,AA210,43.615394,77.134631,0, ,0.0,0.0,0.0,0.0,2,11000,0,0,0,0,0,0
TF,AA212,43.697736,77.305581,0, ,0.0,0.0,0.0,0.0,2,13000,0,0,0,0,0,0
TF,AA214,44.065278,77.372414,0, ,0.0,0.0,0.0,0.0,2,18000,0,0,0,0,0,0
TF,AA216,44.087669,77.636319,0, ,0.0,0.0,0.0,0.0,2,20000,0,0,0,0,0,0
TF,DESOK,44.274722,77.922500,0, ,0.0,0.0,0.0,0.0,2,23000,0,0,0,0,0,0

SID,DESO5F,05L,2
CA,0,51.0,2,3200,0,0,0,0,0,0
CF,TIRBA,43.582222,77.508611,0,ATA,51.2,22.3,51.0,22.0,4,13000,10000,0,0,0,0,0
TF,DESOK,44.274722,77.922500,0, ,0.0,0.0,0.0,0.0,0,0,0,0,0,0,0,0

SID,DESO5F,05R,2
CA,0,51.0,2,3200,0,0,0,0,0,0
CF,TIRBA,43.582222,77.508611,0,ATA,51.2,22.3,51.0,22.0,4,13000,10000,0,0,0,0,0
TF,DESOK,44.274722,77.922500,0, ,0.0,0.0,0.0,0.0,0,0,0,0,0,0,0,0

SID,DESO5G,23L,2
CF,D231I,43.292503,76.913833,0,ATA,231.0,9.0,231.0,6.0,2,4500,0,0,0,0,0,1
DF,D260B,43.374197,77.047686,2, ,0.0,0.0,2,11000,0,0,0,0,0,1
TF,ATA,43.376528,77.084111,0, ,0.0,0.0,0.0,0.0,2,11000,0,0,0,0,0,0
TF,TIRBA,43.582222,77.508611,0, ,0.0,0.0,0.0,0.0,2,15000,0,0,0,0,0,0
TF,DESOK,44.274722,77.922500,0, ,0.0,0.0,0.0,0.0,0,0,0,0,0,0,0,0

SID,DESO5G,23R,2
CF,D231I,43.292503,76.913833,0,ATA,231.0,9.0,231.0,6.0,2,4500,0,0,0,0,0,1
DF,D260B,43.374197,77.047686,2, ,0.0,0.0,2,11000,0,0,0,0,0,1
TF,ATA,43.376528,77.084111,0, ,0.0,0.0,0.0,0.0,2,11000,0,0,0,0,0,0
TF,TIRBA,43.582222,77.508611,0, ,0.0,0.0,0.0,0.0,2,15000,0,0,0,0,0,0
TF,DESOK,44.274722,77.922500,0, ,0.0,0.0,0.0,0.0,0,0,0,0,0,0,0,0

SID,DIPE5E,05L,2
CF,ATA,43.376528,77.084111,0,ATA,0.0,0.0,51.0,2.0,0,0,0,0,0,0,0,1
CA,0,51.0,2,3200,0,0,0,0,0,0
CF,OGIRU,43.560000,76.855278,1,ATA,312.8,14.9,281.0,14.0,0,0,0,0,0,0,0,0
TF,ADABA,43.972222,76.335833,0, ,0.0,0.0,0.0,0.0,1,7000,0,0,0,0,0,0
TF,DIPEN,44.126389,76.029722,0, ,0.0,0.0,0.0,0.0,0,0,0,0,0,0,0,0

SID,DIPE5E,05R,2
CF,ATA,43.376528,77.084111,0,ATA,0.0,0.0,51.0,2.0,0,0,0,0,0,0,0,1
CA,0,51.0,2,3200,0,0,0,0,0,0
CF,OGIRU,43.560000,76.855278,1,ATA,312.8,14.9,281.0,14.0,0,0,0,0,0,0,0,0
TF,ADABA,43.972222,76.335833,0, ,0.0,0.0,0.0,0.0,1,7000,0,0,0,0,0,0
TF,DIPEN,44.126389,76.029722,0, ,0.0,0.0,0.0,0.0,0,0,0,0,0,0,0,0

SID,DIPE5F,05L,2
CF,ATA,43.376528,77.084111,0,ATA,0.0,0.0,51.0,2.0,0,0,0,0,0,0,0,1
CA,0,51.0,2,3200,0,0,0,0,0,0
CF,ADABA,43.972222,76.335833,1,ATA,312.9,48.4,304.0,47.0,1,7000,0,0,0,0,0,0
TF,DIPEN,44.126389,76.029722,0, ,0.0,0.0,0.0,0.0,0,0,0,0,0,0,0,0

SID,DIPE5F,05R,2
CF,ATA,43.376528,77.084111,0,ATA,0.0,0.0,51.0,2.0,0,0,0,0,0,0,0,1
CA,0,51.0,2,3200,0,0,0,0,0,0
CF,ADABA,43.972222,76.335833,1,ATA,312.9,48.4,304.0,47.0,1,7000,0,0,0,0,0,0
TF,DIPEN,44.126389,76.029722,0, ,0.0,0.0,0.0,0.0,0,0,0,0,0,0,0,0

SID,DOTA1A,05L,4
DF,DE05L,43.371600,77.074169,0, ,0.0,0.0,0,0,0,0,0,0,0,1
CF,AA008,43.408981,77.149717,0,ATA,50.8,3.5,51.0,4.0,2,3500,0,1,250,0,0,0

SID,DOTA1A,05R,4
DF,DE05R,43.363478,77.062344,0, ,0.0,0.0,0,0,0,0,0,0,0,1
CF,AA008,43.408981,77.149717,0,ATA,50.8,3.5,51.0,4.7,2,3500,0,1,250,0,0,0

SID,DOTA1A,ALL,5
IF,AA008,43.408981,77.149717, ,0.0,0.0,2,3500,0,1,250,0,0,0
TF,LEGLA,43.473750,77.281750,0, ,0.0,0.0,0.0,0.0,3,11000,0,0,0,0,0,0
TF,TIRBA,43.582222,77.508611,0, ,0.0,0.0,0.0,0.0,2,9000,0,0,0,0,0,0
TF,BAGNA,43.798333,77.955278,0, ,0.0,0.0,0.0,0.0,2,14000,0,0,0,0,0,0
TF,DOTAL,44.129167,78.151111,0, ,0.0,0.0,0.0,0.0,2,18000,0,0,0,0,0,0

SID,DOTA1F,23L,4
DF,DE23L,43.341239,77.017458,0, ,0.0,0.0,0,0,0,0,0,0,0,1
CF,AA203,43.313883,76.957747,0,ATA,230.9,6.7,231.0,3.1,2,3000,0,1,240,0,0,1

SID,DOTA1F,23R,4
DF,DE23R,43.345828,77.022119,0, ,0.0,0.0,0,0,0,0,0,0,0,1
CF,AA203,43.313883,76.957747,0,ATA,230.9,6.7,231.0,3.4,2,3000,0,1,240,0,0,1

SID,DOTA1F,ALL,5
IF,AA203,43.313883,76.957747, ,0.0,0.0,2,3000,0,1,240,0,0,0
DF,AA208,43.458006,76.810672,2, ,0.0,0.0,3,10000,0,0,0,0,0,0
TF,AA210,43.615394,77.134631,0, ,0.0,0.0,0.0,0.0,2,11000,0,0,0,0,0,0
TF,AA212,43.697736,77.305581,0, ,0.0,0.0,0.0,0.0,2,13000,0,0,0,0,0,0
TF,AA214,44.065278,77.372414,0, ,0.0,0.0,0.0,0.0,2,18000,0,0,0,0,0,0
TF,AA216,44.087669,77.636319,0, ,0.0,0.0,0.0,0.0,2,20000,0,0,0,0,0,0
TF,DOTAL,44.129167,78.151111,0, ,0.0,0.0,0.0,0.0,2,25000,0,0,0,0,0,0

SID,DOTA1J,23L,4
DF,DE23L,43.341239,77.017458,0, ,0.0,0.0,0,0,0,0,0,0,0,1
CF,AA203,43.313883,76.957747,0,ATA,230.9,6.7,231.0,3.1,2,3500,0,1,240,0,0,1

SID,DOTA1J,23R,4
DF,DE23R,43.345828,77.022119,0, ,0.0,0.0,0,0,0,0,0,0,0,1
CF,AA203,43.313883,76.957747,0,ATA,230.9,6.7,231.0,3.4,2,3500,0,1,240,0,0,1

SID,DOTA1J,ALL,5
IF,AA203,43.313883,76.957747, ,0.0,0.0,2,3500,0,1,240,0,0,0
DF,AA208,43.458006,76.810672,2, ,0.0,0.0,3,10000,0,0,0,0,0,0
TF,AA209,43.578444,77.058258,0, ,0.0,0.0,0.0,0.0,2,13000,0,0,0,0,0,0
TF,AA039,43.535558,77.231886,0, ,0.0,0.0,0.0,0.0,2,15000,0,0,0,0,0,0
TF,AA281,43.462428,77.525011,0, ,0.0,0.0,0.0,0.0,2,17000,0,0,0,0,0,0
TF,AA080,43.578625,77.789839,0, ,0.0,0.0,0.0,0.0,2,20000,0,0,0,0,0,0
TF,AA280,43.681119,78.026231,0, ,0.0,0.0,0.0,0.0,2,22000,0,0,0,0,0,0
TF,DOTAL,44.129167,78.151111,0, ,0.0,0.0,0.0,0.0,2,25000,0,0,0,0,0,0

SID,DOTA5E,05L,2
CA,0,51.0,2,3200,0,0,0,0,0,0
CF,TIRBA,43.582222,77.508611,0,ATA,51.2,22.3,51.0,22.0,4,13000,10000,0,0,0,0,0
TF,BAGNA,43.798333,77.955278,0, ,0.0,0.0,0.0,0.0,0,0,0,0,0,0,0,0
TF,DOTAL,44.129167,78.151111,0, ,0.0,0.0,0.0,0.0,0,0,0,0,0,0,0,0

SID,DOTA5E,05R,2
CA,0,51.0,2,3200,0,0,0,0,0,0
CF,TIRBA,43.582222,77.508611,0,ATA,51.2,22.3,51.0,22.0,4,13000,10000,0,0,0,0,0
TF,BAGNA,43.798333,77.955278,0, ,0.0,0.0,0.0,0.0,0,0,0,0,0,0,0,0
TF,DOTAL,44.129167,78.151111,0, ,0.0,0.0,0.0,0.0,0,0,0,0,0,0,0,0

SID,DOTA5H,23L,2
CF,D231I,43.292503,76.913833,0,ATA,231.0,9.0,231.0,6.0,2,4500,0,0,0,0,0,1
DF,D260B,43.374197,77.047686,2, ,0.0,0.0,2,11000,0,0,0,0,0,1
TF,ATA,43.376528,77.084111,0, ,0.0,0.0,0.0,0.0,2,11000,0,0,0,0,0,0
TF,TIRBA,43.582222,77.508611,0, ,0.0,0.0,0.0,0.0,2,15000,0,0,0,0,0,0
TF,BAGNA,43.798333,77.955278,0, ,0.0,0.0,0.0,0.0,0,0,0,0,0,0,0,0
TF,DOTAL,44.129167,78.151111,0, ,0.0,0.0,0.0,0.0,0,0,0,0,0,0,0,0

SID,DOTA5H,23R,2
CF,D231I,43.292503,76.913833,0,ATA,231.0,9.0,231.0,6.0,2,4500,0,0,0,0,0,1
DF,D260B,43.374197,77.047686,2, ,0.0,0.0,2,11000,0,0,0,0,0,1
TF,ATA,43.376528,77.084111,0, ,0.0,0.0,0.0,0.0,2,11000,0,0,0,0,0,0
TF,TIRBA,43.582222,77.508611,0, ,0.0,0.0,0.0,0.0,2,15000,0,0,0,0,0,0
TF,BAGNA,43.798333,77.955278,0, ,0.0,0.0,0.0,0.0,0,0,0,0,0,0,0,0
TF,DOTAL,44.129167,78.151111,0, ,0.0,0.0,0.0,0.0,0,0,0,0,0,0,0,0

SID,EKLA1B,05L,4
DF,DE05L,43.371600,77.074169,0, ,0.0,0.0,0,0,0,0,0,0,0,1
CF,AA008,43.408981,77.149717,0,ATA,50.8,3.5,51.0,4.0,2,3300,0,1,240,0,0,1

SID,EKLA1B,05R,4
DF,DE05R,43.363478,77.062344,0, ,0.0,0.0,0,0,0,0,0,0,0,1
CF,AA008,43.408981,77.149717,0,ATA,50.8,3.5,51.0,4.7,2,3300,0,1,240,0,0,1

SID,EKLA1B,ALL,5
IF,AA008,43.408981,77.149717, ,0.0,0.0,2,3300,0,1,240,0,0,0
DF,AA009,43.541147,77.102436,0, ,0.0,0.0,3,9000,0,0,0,0,0,0
TF,AA010,43.546961,76.952419,0, ,0.0,0.0,0.0,0.0,2,7200,0,0,0,0,0,0
TF,AA014,43.378372,76.610819,0, ,0.0,0.0,0.0,0.0,2,12000,0,0,0,0,0,0
TF,AA030,43.275028,76.403392,0, ,0.0,0.0,0.0,0.0,2,14000,0,0,0,0,0,0
TF,AA032,43.274372,76.015594,0, ,0.0,0.0,0.0,0.0,2,17000,0,0,0,0,0,0
TF,EKLAT,43.375000,75.543611,0, ,0.0,0.0,0.0,0.0,2,22000,0,0,0,0,0,0

SID,EKLA5G,23L,2
CD, ,0,0,0,ATA,0,0.0,231.0,6.4,0,0,0,0,0,0,0,0
CA,0,231.0,2,3200,0,0,0,0,0,0
CF,EKLAT,43.375000,75.543611,0,ATA,265.5,67.4,269.0,61.0,0,0,0,0,0,0,0,0

SID,EKLA5G,23R,2
CD, ,0,0,0,ATA,0,0.0,231.0,6.4,0,0,0,0,0,0,0,0
CA,0,231.0,2,3200,0,0,0,0,0,0
CF,EKLAT,43.375000,75.543611,0,ATA,265.5,67.4,269.0,61.0,0,0,0,0,0,0,0,0

SID,ETED1B,05L,4
DF,DE05L,43.371600,77.074169,0, ,0.0,0.0,0,0,0,0,0,0,0,1
CF,AA008,43.408981,77.149717,0,ATA,50.8,3.5,51.0,4.0,2,3300,0,1,240,0,0,1

SID,ETED1B,05R,4
DF,DE05R,43.363478,77.062344,0, ,0.0,0.0,0,0,0,0,0,0,0,1
CF,AA008,43.408981,77.149717,0,ATA,50.8,3.5,51.0,4.7,2,3300,0,1,240,0,0,1

SID,ETED1B,ALL,5
IF,AA008,43.408981,77.149717, ,0.0,0.0,2,3300,0,1,240,0,0,0
DF,AA009,43.541147,77.102436,0, ,0.0,0.0,3,9000,0,0,0,0,0,0
TF,AA010,43.546961,76.952419,0, ,0.0,0.0,0.0,0.0,2,7300,0,0,0,0,0,0
TF,AA027,43.745742,76.667981,0, ,0.0,0.0,0.0,0.0,2,12000,0,0,0,0,0,0
TF,AA028,43.887403,76.451203,0, ,0.0,0.0,0.0,0.0,2,14000,0,0,0,0,0,0
TF,AA025,44.150994,76.598175,0, ,0.0,0.0,0.0,0.0,2,18000,0,0,0,0,0,0
TF,ETEDA,44.340000,76.535000,0, ,0.0,0.0,0.0,0.0,2,20000,0,0,0,0,0,0

SID,ETED1J,23L,4
DF,DE23L,43.341239,77.017458,0, ,0.0,0.0,0,0,0,0,0,0,0,1
CF,AA203,43.313883,76.957747,0,ATA,230.9,6.7,231.0,3.1,2,3000,0,1,240,0,0,1

SID,ETED1J,23R,4
DF,DE23R,43.345828,77.022119,0, ,0.0,0.0,0,0,0,0,0,0,0,1
CF,AA203,43.313883,76.957747,0,ATA,230.9,6.7,231.0,3.4,2,3000,0,1,240,0,0,1

SID,ETED1J,ALL,5
IF,AA203,43.313883,76.957747, ,0.0,0.0,2,3000,0,1,240,0,0,0
DF,AA208,43.458006,76.810672,2, ,0.0,0.0,3,10000,0,0,0,0,0,0
TF,AA024,43.530261,76.565931,0, ,0.0,0.0,0.0,0.0,2,8600,0,0,0,0,0,0
TF,AA029,43.684500,76.516556,0, ,0.0,0.0,0.0,0.0,2,11000,0,0,0,0,0,0
TF,AA028,43.887403,76.451203,0, ,0.0,0.0,0.0,0.0,2,14000,0,0,0,0,0,0
TF,AA034,44.073989,76.390700,0, ,0.0,0.0,0.0,0.0,2,16000,0,0,0,0,0,0
TF,ETEDA,44.340000,76.535000,0, ,0.0,0.0,0.0,0.0,2,20000,0,0,0,0,0,0

SID,ETED5E,05L,2
CF,ATA,43.376528,77.084111,0,ATA,0.0,0.0,51.0,2.0,0,0,0,0,0,0,0,1
CA,0,51.0,2,3200,0,0,0,0,0,0
CF,OGIRU,43.560000,76.855278,1,ATA,312.8,14.9,281.0,14.0,0,0,0,0,0,0,0,0
TF,ADABA,43.972222,76.335833,0, ,0.0,0.0,0.0,0.0,1,7000,0,0,0,0,0,0
TF,ETEDA,44.340000,76.535000,0, ,0.0,0.0,0.0,0.0,0,0,0,0,0,0,0,0

SID,ETED5E,05R,2
CF,ATA,43.376528,77.084111,0,ATA,0.0,0.0,51.0,2.0,0,0,0,0,0,0,0,1
CA,0,51.0,2,3200,0,0,0,0,0,0
CF,OGIRU,43.560000,76.855278,1,ATA,312.8,14.9,281.0,14.0,0,0,0,0,0,0,0,0
TF,ADABA,43.972222,76.335833,0, ,0.0,0.0,0.0,0.0,1,7000,0,0,0,0,0,0
TF,ETEDA,44.340000,76.535000,0, ,0.0,0.0,0.0,0.0,0,0,0,0,0,0,0,0

SID,ETED5F,05L,2
CF,ATA,43.376528,77.084111,0,ATA,0.0,0.0,51.0,2.0,0,0,0,0,0,0,0,1
CA,0,51.0,2,3200,0,0,0,0,0,0
VI,0, ,0.0,357.0,0,0,0,0,0,0,0,0
CF,ETEDA,44.340000,76.535000,0,ATA,332.8,62.5,327.0,57.0,0,0,0,0,0,0,0,0

SID,ETED5F,05R,2
CF,ATA,43.376528,77.084111,0,ATA,0.0,0.0,51.0,2.0,0,0,0,0,0,0,0,1
CA,0,51.0,2,3200,0,0,0,0,0,0
VI,0, ,0.0,357.0,0,0,0,0,0,0,0,0
CF,ETEDA,44.340000,76.535000,0,ATA,332.8,62.5,327.0,57.0,0,0,0,0,0,0,0,0

SID,ETED5G,23L,2
CD, ,0,0,0,ATA,0,0.0,231.0,6.4,0,0,0,0,0,0,0,0
CA,0,231.0,2,3200,0,0,0,0,0,0
CF,USUGA,43.600000,76.326111,0,ATA,287.3,35.7,300.0,32.0,4,10000,8000,0,0,0,0,0
TF,REGMU,43.834722,76.003333,0, ,0.0,0.0,0.0,0.0,0,0,0,0,0,0,0,0
TF,ETEDA,44.340000,76.535000,0, ,0.0,0.0,0.0,0.0,0,0,0,0,0,0,0,0

SID,ETED5G,23R,2
CD, ,0,0,0,ATA,0,0.0,231.0,6.4,0,0,0,0,0,0,0,0
CA,0,231.0,2,3200,0,0,0,0,0,0
CF,USUGA,43.600000,76.326111,0,ATA,287.3,35.7,300.0,32.0,4,10000,8000,0,0,0,0,0
TF,REGMU,43.834722,76.003333,0, ,0.0,0.0,0.0,0.0,0,0,0,0,0,0,0,0
TF,ETEDA,44.340000,76.535000,0, ,0.0,0.0,0.0,0.0,0,0,0,0,0,0,0,0

SID,GOGD1A,23L,4
DF,DE23L,43.341239,77.017458,0, ,0.0,0.0,0,0,0,0,0,0,0,1
CF,AA203,43.313883,76.957747,0,ATA,230.9,6.7,231.0,3.1,2,3000,0,1,240,0,0,1

SID,GOGD1A,23R,4
DF,DE23R,43.345828,77.022119,0, ,0.0,0.0,0,0,0,0,0,0,0,1
CF,AA203,43.313883,76.957747,0,ATA,230.9,6.7,231.0,3.4,2,3000,0,1,240,0,0,1

SID,GOGD1A,ALL,5
IF,AA203,43.313883,76.957747, ,0.0,0.0,2,3000,0,1,240,0,0,0
DF,AA208,43.458006,76.810672,2, ,0.0,0.0,3,10000,0,0,0,0,0,0
TF,AA210,43.615394,77.134631,0, ,0.0,0.0,0.0,0.0,2,11000,0,0,0,0,0,0
TF,AA212,43.697736,77.305581,0, ,0.0,0.0,0.0,0.0,2,13000,0,0,0,0,0,0
TF,AA214,44.065278,77.372414,0, ,0.0,0.0,0.0,0.0,2,18000,0,0,0,0,0,0
TF,GOGDO,44.423333,77.438333,0, ,0.0,0.0,0.0,0.0,2,22000,0,0,0,0,0,0

SID,GOGD1E,23L,4
DF,DE23L,43.341239,77.017458,0, ,0.0,0.0,0,0,0,0,0,0,0,1
CF,AA203,43.313883,76.957747,0,ATA,230.9,6.7,231.0,3.1,2,3000,0,1,240,0,0,1

SID,GOGD1E,23R,4
DF,DE23R,43.345828,77.022119,0, ,0.0,0.0,0,0,0,0,0,0,0,1
CF,AA203,43.313883,76.957747,0,ATA,230.9,6.7,231.0,3.4,2,3000,0,1,240,0,0,1

SID,GOGD1E,ALL,5
IF,AA203,43.313883,76.957747, ,0.0,0.0,2,3000,0,1,240,0,0,0
DF,AA208,43.458006,76.810672,2, ,0.0,0.0,3,10000,0,0,0,0,0,0
TF,AA024,43.530261,76.565931,0, ,0.0,0.0,0.0,0.0,2,9000,0,0,0,0,0,0
TF,AA029,43.684500,76.516556,0, ,0.0,0.0,0.0,0.0,2,11000,0,0,0,0,0,0
TF,AA028,43.887403,76.451203,0, ,0.0,0.0,0.0,0.0,2,14000,0,0,0,0,0,0
TF,AA035,44.139425,76.911150,0, ,0.0,0.0,0.0,0.0,2,20000,0,0,0,0,0,0
TF,GOGDO,44.423333,77.438333,0, ,0.0,0.0,0.0,0.0,2,26000,0,0,0,0,0,0

SID,GOGD5F,05L,2
CF,ATA,43.376528,77.084111,0,ATA,0.0,0.0,51.0,2.0,0,0,0,0,0,0,0,1
CA,0,51.0,2,3200,0,0,0,0,0,0
CF,GOGDO,44.423333,77.438333,0,ATA,8.6,64.7,5.0,64.0,0,0,0,0,0,0,0,0

SID,GOGD5F,05R,2
CF,ATA,43.376528,77.084111,0,ATA,0.0,0.0,51.0,2.0,0,0,0,0,0,0,0,1
CA,0,51.0,2,3200,0,0,0,0,0,0
CF,GOGDO,44.423333,77.438333,0,ATA,8.6,64.7,5.0,64.0,0,0,0,0,0,0,0,0

SID,GOGD5H,23L,2
CF,D231I,43.292503,76.913833,0,ATA,231.0,9.0,231.0,6.0,2,4500,0,0,0,0,0,1
CF,GOGDO,44.423333,77.438333,2,ATA,8.6,64.7,18.0,71.0,0,0,0,0,0,0,0,0

SID,GOGD5H,23R,2
CF,D231I,43.292503,76.913833,0,ATA,231.0,9.0,231.0,6.0,2,4500,0,0,0,0,0,1
CF,GOGDO,44.423333,77.438333,2,ATA,8.6,64.7,18.0,71.0,0,0,0,0,0,0,0,0

SID,LAKE1B,05L,4
DF,DE05L,43.371600,77.074169,0, ,0.0,0.0,0,0,0,0,0,0,0,1
CF,AA008,43.408981,77.149717,0,ATA,50.8,3.5,51.0,4.0,2,3300,0,1,240,0,0,1

SID,LAKE1B,05R,4
DF,DE05R,43.363478,77.062344,0, ,0.0,0.0,0,0,0,0,0,0,0,1
CF,AA008,43.408981,77.149717,0,ATA,50.8,3.5,51.0,4.7,2,3300,0,1,240,0,0,1

SID,LAKE1B,ALL,5
IF,AA008,43.408981,77.149717, ,0.0,0.0,2,3300,0,1,240,0,0,0
DF,AA009,43.541147,77.102436,0, ,0.0,0.0,3,9000,0,0,0,0,0,0
TF,AA010,43.546961,76.952419,0, ,0.0,0.0,0.0,0.0,2,7300,0,0,0,0,0,0
TF,AA011,43.674189,76.770703,0, ,0.0,0.0,0.0,0.0,2,10000,0,0,0,0,0,0
TF,AA027,43.745742,76.667981,0, ,0.0,0.0,0.0,0.0,2,12000,0,0,0,0,0,0
TF,AA029,43.684500,76.516556,0, ,0.0,0.0,0.0,0.0,2,14000,0,0,0,0,0,0
TF,AA024,43.530261,76.565931,0, ,0.0,0.0,0.0,0.0,2,16000,0,0,0,0,0,0
TF,AA021,43.372042,76.734008,0, ,0.0,0.0,0.0,0.0,2,19000,0,0,0,0,0,0
TF,LAKEL,43.204444,76.910833,0, ,0.0,0.0,0.0,0.0,2,22000,0,0,0,0,0,0

SID,LAKE1F,23L,4
DF,DE23L,43.341239,77.017458,0, ,0.0,0.0,0,0,0,0,0,0,0,1
CF,AA203,43.313883,76.957747,0,ATA,230.9,6.7,231.0,3.1,2,3000,0,1,240,0,0,1

SID,LAKE1F,23R,4
DF,DE23R,43.345828,77.022119,0, ,0.0,0.0,0,0,0,0,0,0,0,1
CF,AA203,43.313883,76.957747,0,ATA,230.9,6.7,231.0,3.4,2,3000,0,1,240,0,0,1

SID,LAKE1F,ALL,5
IF,AA203,43.313883,76.957747, ,0.0,0.0,2,3000,0,1,240,0,0,0
DF,AA208,43.458006,76.810672,2, ,0.0,0.0,3,10000,0,0,0,0,0,0
TF,AA024,43.530261,76.565931,0, ,0.0,0.0,0.0,0.0,2,9000,0,0,0,0,0,0
TF,AA029,43.684500,76.516556,0, ,0.0,0.0,0.0,0.0,2,11000,0,0,0,0,0,0
TF,AA027,43.745742,76.667981,0, ,0.0,0.0,0.0,0.0,2,13000,0,0,0,0,0,0
TF,AA010,43.546961,76.952419,0, ,0.0,0.0,0.0,0.0,2,17000,0,0,0,0,0,0
TF,AA022,43.377417,76.931767,0, ,0.0,0.0,0.0,0.0,2,19000,0,0,0,0,0,0
TF,LAKEL,43.204444,76.910833,0, ,0.0,0.0,0.0,0.0,2,21000,0,0,0,0,0,0

SID,LAKE5E,05L,2
CF,D053C,43.406111,77.149722,0,ATA,53.3,3.4,51.0,5.0,2,4200,0,0,0,0,0,1
DF,D015F,43.473056,77.132222,1, ,0.0,0.0,0,0,0,0,0,0,0,0
TF,D309L,43.511944,76.890833,0, ,0.0,0.0,0.0,0.0,2,11000,0,0,0,0,0,1
DF,D267J,43.383056,76.866944,1, ,0.0,0.0,0,0,0,0,0,0,0,0
TF,D267D,43.378333,76.990278,0, ,0.0,0.0,0.0,0.0,2,19000,0,0,0,0,0,1
DF,LAKEL,43.204444,76.910833,2, ,0.0,0.0,0,0,0,0,0,0,0,0

SID,LAKE5E,05R,2
CF,D053C,43.406111,77.149722,0,ATA,53.3,3.4,51.0,5.0,2,4200,0,0,0,0,0,1
DF,D015F,43.473056,77.132222,1, ,0.0,0.0,0,0,0,0,0,0,0,0
TF,D309L,43.511944,76.890833,0, ,0.0,0.0,0.0,0.0,2,11000,0,0,0,0,0,1
DF,D267J,43.383056,76.866944,1, ,0.0,0.0,0,0,0,0,0,0,0,0
TF,D267D,43.378333,76.990278,0, ,0.0,0.0,0.0,0.0,2,19000,0,0,0,0,0,1
DF,LAKEL,43.204444,76.910833,2, ,0.0,0.0,0,0,0,0,0,0,0,0

SID,LAKE5G,23L,2
CF,D231I,43.292503,76.913833,0,ATA,231.0,9.0,231.0,6.0,2,4500,0,0,0,0,0,1
CF,D257S,43.330917,76.647669,0,ATA,257.0,19.3,280.0,11.0,2,10000,0,0,0,0,0,1
DF,D272R,43.413144,76.666500,2, ,0.0,0.0,0,0,0,0,0,0,0,0
TF,D272D,43.385219,76.986561,0, ,0.0,0.0,0.0,0.0,2,19000,0,0,0,0,0,1
DF,LAKEL,43.204444,76.910833,2, ,0.0,0.0,0,0,0,0,0,0,0,0

SID,LAKE5G,23R,2
CF,D231I,43.292503,76.913833,0,ATA,231.0,9.0,231.0,6.0,2,4500,0,0,0,0,0,1
CF,D257S,43.330917,76.647669,0,ATA,257.0,19.3,280.0,11.0,2,10000,0,0,0,0,0,1
DF,D272R,43.413144,76.666500,2, ,0.0,0.0,0,0,0,0,0,0,0,0
TF,D272D,43.385219,76.986561,0, ,0.0,0.0,0.0,0.0,2,19000,0,0,0,0,0,1
DF,LAKEL,43.204444,76.910833,2, ,0.0,0.0,0,0,0,0,0,0,0,0

SID,PIGA1A,23L,4
DF,DE23L,43.341239,77.017458,0, ,0.0,0.0,0,0,0,0,0,0,0,1
CF,AA203,43.313883,76.957747,0,ATA,230.9,6.7,231.0,3.1,2,3500,0,1,240,0,0,1

SID,PIGA1A,23R,4
DF,DE23R,43.345828,77.022119,0, ,0.0,0.0,0,0,0,0,0,0,0,1
CF,AA203,43.313883,76.957747,0,ATA,230.9,6.7,231.0,3.4,2,3500,0,1,240,0,0,1

SID,PIGA1A,ALL,5
IF,AA203,43.313883,76.957747, ,0.0,0.0,2,3500,0,1,240,0,0,0
DF,AA208,43.458006,76.810672,2, ,0.0,0.0,3,10000,0,0,0,0,0,0
TF,AA209,43.578444,77.058258,0, ,0.0,0.0,0.0,0.0,2,13000,0,0,0,0,0,0
TF,AA039,43.535558,77.231886,0, ,0.0,0.0,0.0,0.0,2,15000,0,0,0,0,0,0
TF,AA281,43.462428,77.525011,0, ,0.0,0.0,0.0,0.0,2,17000,0,0,0,0,0,0
TF,AA080,43.578625,77.789839,0, ,0.0,0.0,0.0,0.0,2,20000,0,0,0,0,0,0
TF,PIGAL,43.574444,78.065556,0, ,0.0,0.0,0.0,0.0,2,22000,0,0,0,0,0,0

SID,PIGA6E,05L,2
CA,0,51.0,2,3200,0,0,0,0,0,0
CF,TIRBA,43.582222,77.508611,0,ATA,51.2,22.3,51.0,22.0,4,13000,10000,0,0,0,0,0
TF,PIGAL,43.574444,78.065556,0, ,0.0,0.0,0.0,0.0,0,0,0,0,0,0,0,0

SID,PIGA6E,05R,2
CA,0,51.0,2,3200,0,0,0,0,0,0
CF,TIRBA,43.582222,77.508611,0,ATA,51.2,22.3,51.0,22.0,4,13000,10000,0,0,0,0,0
TF,PIGAL,43.574444,78.065556,0, ,0.0,0.0,0.0,0.0,0,0,0,0,0,0,0,0

SID,PIGA6H,23L,2
CF,D231I,43.292503,76.913833,0,ATA,231.0,9.0,231.0,6.0,2,4500,0,0,0,0,0,1
DF,D260B,43.374197,77.047686,2, ,0.0,0.0,2,11000,0,0,0,0,0,1
TF,ATA,43.376528,77.084111,0, ,0.0,0.0,0.0,0.0,2,11000,0,0,0,0,0,0
TF,TIRBA,43.582222,77.508611,0, ,0.0,0.0,0.0,0.0,2,15000,0,0,0,0,0,0
TF,PIGAL,43.574444,78.065556,0, ,0.0,0.0,0.0,0.0,0,0,0,0,0,0,0,0

SID,PIGA6H,23R,2
CF,D231I,43.292503,76.913833,0,ATA,231.0,9.0,231.0,6.0,2,4500,0,0,0,0,0,1
DF,D260B,43.374197,77.047686,2, ,0.0,0.0,2,11000,0,0,0,0,0,1
TF,ATA,43.376528,77.084111,0, ,0.0,0.0,0.0,0.0,2,11000,0,0,0,0,0,0
TF,TIRBA,43.582222,77.508611,0, ,0.0,0.0,0.0,0.0,2,15000,0,0,0,0,0,0
TF,PIGAL,43.574444,78.065556,0, ,0.0,0.0,0.0,0.0,0,0,0,0,0,0,0,0

SID,RISA5E,05L,2
CF,ATA,43.376528,77.084111,0,ATA,0.0,0.0,51.0,2.0,0,0,0,0,0,0,0,1
CA,0,51.0,2,3200,0,0,0,0,0,0
CF,OGIRU,43.560000,76.855278,1,ATA,312.8,14.9,281.0,14.0,0,0,0,0,0,0,0,0
TF,ADABA,43.972222,76.335833,0, ,0.0,0.0,0.0,0.0,1,7000,0,0,0,0,0,0
TF,RISAD,44.223333,76.220000,0, ,0.0,0.0,0.0,0.0,0,0,0,0,0,0,0,0

SID,RISA5E,05R,2
CF,ATA,43.376528,77.084111,0,ATA,0.0,0.0,51.0,2.0,0,0,0,0,0,0,0,1
CA,0,51.0,2,3200,0,0,0,0,0,0
CF,OGIRU,43.560000,76.855278,1,ATA,312.8,14.9,281.0,14.0,0,0,0,0,0,0,0,0
TF,ADABA,43.972222,76.335833,0, ,0.0,0.0,0.0,0.0,1,7000,0,0,0,0,0,0
TF,RISAD,44.223333,76.220000,0, ,0.0,0.0,0.0,0.0,0,0,0,0,0,0,0,0

SID,RISA5F,05L,2
CF,ATA,43.376528,77.084111,0,ATA,0.0,0.0,51.0,2.0,0,0,0,0,0,0,0,1
CA,0,51.0,2,3200,0,0,0,0,0,0
CF,ADABA,43.972222,76.335833,1,ATA,312.9,48.4,304.0,47.0,1,7000,0,0,0,0,0,0
TF,RISAD,44.223333,76.220000,0, ,0.0,0.0,0.0,0.0,0,0,0,0,0,0,0,0

SID,RISA5F,05R,2
CF,ATA,43.376528,77.084111,0,ATA,0.0,0.0,51.0,2.0,0,0,0,0,0,0,0,1
CA,0,51.0,2,3200,0,0,0,0,0,0
CF,ADABA,43.972222,76.335833,1,ATA,312.9,48.4,304.0,47.0,1,7000,0,0,0,0,0,0
TF,RISAD,44.223333,76.220000,0, ,0.0,0.0,0.0,0.0,0,0,0,0,0,0,0,0

SID,TIPS1A,23L,4
DF,DE23L,43.341239,77.017458,0, ,0.0,0.0,0,0,0,0,0,0,0,1
CF,AA203,43.313883,76.957747,0,ATA,230.9,6.7,231.0,3.1,2,3000,0,1,240,0,0,1

SID,TIPS1A,23R,4
DF,DE23R,43.345828,77.022119,0, ,0.0,0.0,0,0,0,0,0,0,0,1
CF,AA203,43.313883,76.957747,0,ATA,230.9,6.7,231.0,3.4,2,3000,0,1,240,0,0,1

SID,TIPS1A,ALL,5
IF,AA203,43.313883,76.957747, ,0.0,0.0,2,3000,0,1,240,0,0,0
DF,AA208,43.458006,76.810672,2, ,0.0,0.0,3,10000,0,0,0,0,0,0
TF,AA024,43.530261,76.565931,0, ,0.0,0.0,0.0,0.0,2,7800,0,0,0,0,0,0
TF,USUGA,43.600000,76.326111,0, ,0.0,0.0,0.0,0.0,2,10000,0,0,0,0,0,0
TF,TIPSA,43.635833,75.530278,0, ,0.0,0.0,0.0,0.0,2,17000,0,0,0,0,0,0

SID,TIPS5E,05L,2
CF,ATA,43.376528,77.084111,0,ATA,0.0,0.0,51.0,2.0,0,0,0,0,0,0,0,1
CA,0,51.0,2,3200,0,0,0,0,0,0
CF,USUGA,43.600000,76.326111,1,ATA,287.3,35.7,274.0,35.0,4,10000,8000,0,0,0,0,0
TF,TIPSA,43.635833,75.530278,0, ,0.0,0.0,0.0,0.0,0,0,0,0,0,0,0,0

SID,TIPS5E,05R,2
CF,ATA,43.376528,77.084111,0,ATA,0.0,0.0,51.0,2.0,0,0,0,0,0,0,0,1
CA,0,51.0,2,3200,0,0,0,0,0,0
CF,USUGA,43.600000,76.326111,1,ATA,287.3,35.7,274.0,35.0,4,10000,8000,0,0,0,0,0
TF,TIPSA,43.635833,75.530278,0, ,0.0,0.0,0.0,0.0,0,0,0,0,0,0,0,0

SID,TUKT1A,23L,4
DF,DE23L,43.341239,77.017458,0, ,0.0,0.0,0,0,0,0,0,0,0,1
CF,AA203,43.313883,76.957747,0,ATA,230.9,6.7,231.0,3.1,2,3000,0,1,240,0,0,1

SID,TUKT1A,23R,4
DF,DE23R,43.345828,77.022119,0, ,0.0,0.0,0,0,0,0,0,0,0,1
CF,AA203,43.313883,76.957747,0,ATA,230.9,6.7,231.0,3.4,2,3000,0,1,240,0,0,1

SID,TUKT1A,ALL,5
IF,AA203,43.313883,76.957747, ,0.0,0.0,2,3000,0,1,240,0,0,0
DF,AA208,43.458006,76.810672,2, ,0.0,0.0,3,10000,0,0,0,0,0,0
TF,AA024,43.530261,76.565931,0, ,0.0,0.0,0.0,0.0,2,7800,0,0,0,0,0,0
TF,AA029,43.684500,76.516556,0, ,0.0,0.0,0.0,0.0,2,9700,0,0,0,0,0,0
TF,AA028,43.887403,76.451203,0, ,0.0,0.0,0.0,0.0,2,12000,0,0,0,0,0,0
TF,AA034,44.073989,76.390700,0, ,0.0,0.0,0.0,0.0,2,15000,0,0,0,0,0,0
TF,TUKTO,44.193333,76.141667,0, ,0.0,0.0,0.0,0.0,2,17000,0,0,0,0,0,0

SID,TUKT5E,05L,2
CF,ATA,43.376528,77.084111,0,ATA,0.0,0.0,51.0,2.0,0,0,0,0,0,0,0,1
CA,0,51.0,2,3200,0,0,0,0,0,0
CF,OGIRU,43.560000,76.855278,1,ATA,312.8,14.9,281.0,14.0,0,0,0,0,0,0,0,0
TF,ADABA,43.972222,76.335833,0, ,0.0,0.0,0.0,0.0,1,7000,0,0,0,0,0,0
TF,TUKTO,44.193333,76.141667,0, ,0.0,0.0,0.0,0.0,0,0,0,0,0,0,0,0

SID,TUKT5E,05R,2
CF,ATA,43.376528,77.084111,0,ATA,0.0,0.0,51.0,2.0,0,0,0,0,0,0,0,1
CA,0,51.0,2,3200,0,0,0,0,0,0
CF,OGIRU,43.560000,76.855278,1,ATA,312.8,14.9,281.0,14.0,0,0,0,0,0,0,0,0
TF,ADABA,43.972222,76.335833,0, ,0.0,0.0,0.0,0.0,1,7000,0,0,0,0,0,0
TF,TUKTO,44.193333,76.141667,0, ,0.0,0.0,0.0,0.0,0,0,0,0,0,0,0,0

SID,TUKT5F,05L,2
CF,ATA,43.376528,77.084111,0,ATA,0.0,0.0,51.0,2.0,0,0,0,0,0,0,0,1
CA,0,51.0,2,3200,0,0,0,0,0,0
CF,ADABA,43.972222,76.335833,1,ATA,312.9,48.4,304.0,47.0,1,7000,0,0,0,0,0,0
TF,TUKTO,44.193333,76.141667,0, ,0.0,0.0,0.0,0.0,0,0,0,0,0,0,0,0

SID,TUKT5F,05R,2
CF,ATA,43.376528,77.084111,0,ATA,0.0,0.0,51.0,2.0,0,0,0,0,0,0,0,1
CA,0,51.0,2,3200,0,0,0,0,0,0
CF,ADABA,43.972222,76.335833,1,ATA,312.9,48.4,304.0,47.0,1,7000,0,0,0,0,0,0
TF,TUKTO,44.193333,76.141667,0, ,0.0,0.0,0.0,0.0,0,0,0,0,0,0,0,0

STAR,AGUN5A,05L,2
IF,AGUNA,43.985000,75.794167, ,0.0,0.0,0,0,0,0,0,0,0,0
TF,REGMU,43.834722,76.003333,0, ,0.0,0.0,0.0,0.0,0,0,0,0,0,0,0,0
TF,USUGA,43.600000,76.326111,0, ,0.0,0.0,0.0,0.0,2,12000,0,0,0,0,0,0
TF,LURIT,43.491944,76.328611,0, ,0.0,0.0,0.0,0.0,2,12000,0,0,0,0,0,0
TF,AMIKA,43.377222,76.331111,0, ,0.0,0.0,0.0,0.0,0,0,0,0,0,0,0,0
TF,D266Q,43.378778,76.687583,0, ,0.0,0.0,0.0,0.0,1,7000,0,0,0,0,0,0

STAR,AGUN5A,05R,2
IF,AGUNA,43.985000,75.794167, ,0.0,0.0,0,0,0,0,0,0,0,0
TF,REGMU,43.834722,76.003333,0, ,0.0,0.0,0.0,0.0,0,0,0,0,0,0,0,0
TF,USUGA,43.600000,76.326111,0, ,0.0,0.0,0.0,0.0,2,12000,0,0,0,0,0,0
TF,LURIT,43.491944,76.328611,0, ,0.0,0.0,0.0,0.0,2,12000,0,0,0,0,0,0
TF,AMIKA,43.377222,76.331111,0, ,0.0,0.0,0.0,0.0,0,0,0,0,0,0,0,0
TF,D266Q,43.378778,76.687583,0, ,0.0,0.0,0.0,0.0,1,7000,0,0,0,0,0,0

STAR,AGUN5K,05L,2
IF,AGUNA,43.985000,75.794167, ,0.0,0.0,0,0,0,0,0,0,0,0
TF,REGMU,43.834722,76.003333,0, ,0.0,0.0,0.0,0.0,0,0,0,0,0,0,0,0
TF,USUGA,43.600000,76.326111,0, ,0.0,0.0,0.0,0.0,0,0,0,0,0,0,0,0
TF,ATA,43.376528,77.084111,0, ,0.0,0.0,0.0,0.0,1,20000,0,0,0,0,0,0

STAR,AGUN5K,05R,2
IF,AGUNA,43.985000,75.794167, ,0.0,0.0,0,0,0,0,0,0,0,0
TF,REGMU,43.834722,76.003333,0, ,0.0,0.0,0.0,0.0,0,0,0,0,0,0,0,0
TF,USUGA,43.600000,76.326111,0, ,0.0,0.0,0.0,0.0,0,0,0,0,0,0,0,0
TF,ATA,43.376528,77.084111,0, ,0.0,0.0,0.0,0.0,1,20000,0,0,0,0,0,0

STAR,ALUG1E,23L,5
IF,ALUGI,43.795833,78.137778, ,0.0,0.0,2,17000,0,1,280,0,0,0
TF,BAGNA,43.798333,77.955278,0, ,0.0,0.0,0.0,0.0,2,16000,0,1,280,0,0,0
TF,AA231,43.721131,77.794928,0, ,0.0,0.0,0.0,0.0,1,14000,0,1,260,0,0,0
TF,AA233,43.786806,77.706683,0, ,0.0,0.0,0.0,0.0,1,14000,0,1,260,0,0,0
TF,AA235,43.824906,77.591547,0, ,0.0,0.0,0.0,0.0,1,14000,0,1,260,0,0,0
TF,TIRBA,43.582222,77.508611,1, ,0.0,0.0,0.0,0.0,2,9000,0,1,250,0,0,0
TF,AA226,43.519908,77.378058,0, ,0.0,0.0,0.0,0.0,2,6900,0,1,230,0,0,0
TF,LEGLA,43.473750,77.281750,0, ,0.0,0.0,0.0,0.0,2,5200,0,1,230,0,0,0

STAR,ALUG1E,23R,5
IF,ALUGI,43.795833,78.137778, ,0.0,0.0,2,17000,0,1,280,0,0,0
TF,BAGNA,43.798333,77.955278,0, ,0.0,0.0,0.0,0.0,2,16000,0,1,280,0,0,0
TF,AA231,43.721131,77.794928,0, ,0.0,0.0,0.0,0.0,1,14000,0,1,260,0,0,0
TF,AA233,43.786806,77.706683,0, ,0.0,0.0,0.0,0.0,1,14000,0,1,260,0,0,0
TF,AA235,43.824906,77.591547,0, ,0.0,0.0,0.0,0.0,1,14000,0,1,260,0,0,0
TF,TIRBA,43.582222,77.508611,1, ,0.0,0.0,0.0,0.0,2,9000,0,1,250,0,0,0
TF,AA226,43.519908,77.378058,0, ,0.0,0.0,0.0,0.0,2,6900,0,1,230,0,0,0
TF,LEGLA,43.473750,77.281750,0, ,0.0,0.0,0.0,0.0,2,5200,0,1,230,0,0,0

STAR,ALUG3B,05L,2
IF,ALUGI,43.795833,78.137778, ,0.0,0.0,0,0,0,0,0,0,0,0
TF,BAGNA,43.798333,77.955278,0, ,0.0,0.0,0.0,0.0,0,0,0,0,0,0,0,0
TF,SOPRA,43.748611,77.851667,0, ,0.0,0.0,0.0,0.0,0,0,0,0,0,0,0,0
TF,TIRBA,43.582222,77.508611,0, ,0.0,0.0,0.0,0.0,2,15000,0,0,0,0,0,0
TF,ATA,43.376528,77.084111,0, ,0.0,0.0,0.0,0.0,2,10000,0,0,0,0,0,0

STAR,ALUG3B,05R,2
IF,ALUGI,43.795833,78.137778, ,0.0,0.0,0,0,0,0,0,0,0,0
TF,BAGNA,43.798333,77.955278,0, ,0.0,0.0,0.0,0.0,0,0,0,0,0,0,0,0
TF,SOPRA,43.748611,77.851667,0, ,0.0,0.0,0.0,0.0,0,0,0,0,0,0,0,0
TF,TIRBA,43.582222,77.508611,0, ,0.0,0.0,0.0,0.0,2,15000,0,0,0,0,0,0
TF,ATA,43.376528,77.084111,0, ,0.0,0.0,0.0,0.0,2,10000,0,0,0,0,0,0

STAR,ALUG3C,23L,2
IF,ALUGI,43.795833,78.137778, ,0.0,0.0,0,0,0,0,0,0,0,0
TF,BAGNA,43.798333,77.955278,0, ,0.0,0.0,0.0,0.0,0,0,0,0,0,0,0,0
TF,SOPRA,43.748611,77.851667,0, ,0.0,0.0,0.0,0.0,0,0,0,0,0,0,0,0
TF,TIRBA,43.582222,77.508611,0, ,0.0,0.0,0.0,0.0,4,11000,10000,0,0,0,0,0
TF,LEGLA,43.473750,77.281750,0, ,0.0,0.0,0.0,0.0,1,5200,0,0,0,0,0,0

STAR,ALUG3C,23R,2
IF,ALUGI,43.795833,78.137778, ,0.0,0.0,0,0,0,0,0,0,0,0
TF,BAGNA,43.798333,77.955278,0, ,0.0,0.0,0.0,0.0,0,0,0,0,0,0,0,0
TF,SOPRA,43.748611,77.851667,0, ,0.0,0.0,0.0,0.0,0,0,0,0,0,0,0,0
TF,TIRBA,43.582222,77.508611,0, ,0.0,0.0,0.0,0.0,4,11000,10000,0,0,0,0,0
TF,LEGLA,43.473750,77.281750,0, ,0.0,0.0,0.0,0.0,1,5200,0,0,0,0,0,0

STAR,ALUG3K,05L,2
IF,ALUGI,43.795833,78.137778, ,0.0,0.0,0,0,0,0,0,0,0,0
TF,BAGNA,43.798333,77.955278,0, ,0.0,0.0,0.0,0.0,0,0,0,0,0,0,0,0
TF,TIRBA,43.582222,77.508611,0, ,0.0,0.0,0.0,0.0,0,0,0,0,0,0,0,0
TF,ATA,43.376528,77.084111,0, ,0.0,0.0,0.0,0.0,1,20000,0,0,0,0,0,0

STAR,ALUG3K,05R,2
IF,ALUGI,43.795833,78.137778, ,0.0,0.0,0,0,0,0,0,0,0,0
TF,BAGNA,43.798333,77.955278,0, ,0.0,0.0,0.0,0.0,0,0,0,0,0,0,0,0
TF,TIRBA,43.582222,77.508611,0, ,0.0,0.0,0.0,0.0,0,0,0,0,0,0,0,0
TF,ATA,43.376528,77.084111,0, ,0.0,0.0,0.0,0.0,1,20000,0,0,0,0,0,0

STAR,ALUG3L,23L,2
IF,ALUGI,43.795833,78.137778, ,0.0,0.0,0,0,0,0,0,0,0,0
TF,BAGNA,43.798333,77.955278,0, ,0.0,0.0,0.0,0.0,0,0,0,0,0,0,0,0
TF,TIRBA,43.582222,77.508611,0, ,0.0,0.0,0.0,0.0,0,0,0,0,0,0,0,0
TF,ATA,43.376528,77.084111,0, ,0.0,0.0,0.0,0.0,2,20000,0,0,0,0,0,0

STAR,ALUG3L,23R,2
IF,ALUGI,43.795833,78.137778, ,0.0,0.0,0,0,0,0,0,0,0,0
TF,BAGNA,43.798333,77.955278,0, ,0.0,0.0,0.0,0.0,0,0,0,0,0,0,0,0
TF,TIRBA,43.582222,77.508611,0, ,0.0,0.0,0.0,0.0,0,0,0,0,0,0,0,0
TF,ATA,43.376528,77.084111,0, ,0.0,0.0,0.0,0.0,2,20000,0,0,0,0,0,0

STAR,BEKR1D,23L,5
IF,BEKRO,43.813889,75.664444, ,0.0,0.0,2,26000,0,1,315,0,0,0
TF,AA227,43.783442,76.269472,0, ,0.0,0.0,0.0,0.0,2,23000,0,1,280,0,0,0
TF,USUGA,43.600000,76.326111,0, ,0.0,0.0,0.0,0.0,2,21000,0,1,280,0,0,0
TF,AA215,43.287453,76.421808,0, ,0.0,0.0,0.0,0.0,2,18000,0,1,280,0,0,0
TF,AA065,43.264075,76.645097,0, ,0.0,0.0,0.0,0.0,2,16000,0,1,280,0,0,0
TF,ATA,43.376528,77.084111,0, ,0.0,0.0,0.0,0.0,2,12000,0,1,250,0,0,0
TF,AA224,43.496444,77.108308,0, ,0.0,0.0,0.0,0.0,2,9500,0,1,250,0,0,0
TF,GEKTI,43.548167,77.212333,0, ,0.0,0.0,0.0,0.0,2,7800,0,1,250,0,0,0
TF,AA223,43.595342,77.306833,0, ,0.0,0.0,0.0,0.0,2,6600,0,1,230,0,0,0
TF,AA226,43.519908,77.378058,0, ,0.0,0.0,0.0,0.0,2,6600,0,1,230,0,0,0
TF,LEGLA,43.473750,77.281750,2, ,0.0,0.0,0.0,0.0,2,5200,0,1,230,0,0,0

STAR,BEKR1D,23R,5
IF,BEKRO,43.813889,75.664444, ,0.0,0.0,2,26000,0,1,315,0,0,0
TF,AA227,43.783442,76.269472,0, ,0.0,0.0,0.0,0.0,2,23000,0,1,280,0,0,0
TF,USUGA,43.600000,76.326111,0, ,0.0,0.0,0.0,0.0,2,21000,0,1,280,0,0,0
TF,AA215,43.287453,76.421808,0, ,0.0,0.0,0.0,0.0,2,18000,0,1,280,0,0,0
TF,AA065,43.264075,76.645097,0, ,0.0,0.0,0.0,0.0,2,16000,0,1,280,0,0,0
TF,ATA,43.376528,77.084111,0, ,0.0,0.0,0.0,0.0,2,12000,0,1,250,0,0,0
TF,AA224,43.496444,77.108308,0, ,0.0,0.0,0.0,0.0,2,9500,0,1,250,0,0,0
TF,GEKTI,43.548167,77.212333,0, ,0.0,0.0,0.0,0.0,2,7800,0,1,250,0,0,0
TF,AA223,43.595342,77.306833,0, ,0.0,0.0,0.0,0.0,2,6600,0,1,230,0,0,0
TF,AA226,43.519908,77.378058,0, ,0.0,0.0,0.0,0.0,2,6600,0,1,230,0,0,0
TF,LEGLA,43.473750,77.281750,2, ,0.0,0.0,0.0,0.0,2,5200,0,1,230,0,0,0

STAR,BEKR5A,05L,2
IF,BEKRO,43.813889,75.664444, ,0.0,0.0,0,0,0,0,0,0,0,0
TF,USUGA,43.600000,76.326111,0, ,0.0,0.0,0.0,0.0,2,12000,0,0,0,0,0,0
TF,LURIT,43.491944,76.328611,0, ,0.0,0.0,0.0,0.0,2,12000,0,0,0,0,0,0
TF,AMIKA,43.377222,76.331111,0, ,0.0,0.0,0.0,0.0,0,0,0,0,0,0,0,0
TF,D266Q,43.378778,76.687583,0, ,0.0,0.0,0.0,0.0,1,7000,0,0,0,0,0,0

STAR,BEKR5A,05R,2
IF,BEKRO,43.813889,75.664444, ,0.0,0.0,0,0,0,0,0,0,0,0
TF,USUGA,43.600000,76.326111,0, ,0.0,0.0,0.0,0.0,2,12000,0,0,0,0,0,0
TF,LURIT,43.491944,76.328611,0, ,0.0,0.0,0.0,0.0,2,12000,0,0,0,0,0,0
TF,AMIKA,43.377222,76.331111,0, ,0.0,0.0,0.0,0.0,0,0,0,0,0,0,0,0
TF,D266Q,43.378778,76.687583,0, ,0.0,0.0,0.0,0.0,1,7000,0,0,0,0,0,0

STAR,BEKR5C,23L,2
IF,BEKRO,43.813889,75.664444, ,0.0,0.0,0,0,0,0,0,0,0,0
TF,USUGA,43.600000,76.326111,0, ,0.0,0.0,0.0,0.0,2,12000,0,0,0,0,0,0
TF,OKRAT,43.509444,76.918333,0, ,0.0,0.0,0.0,0.0,1,7000,0,0,0,0,0,0
TF,D016J,43.532083,77.163611,0, ,0.0,0.0,0.0,0.0,1,5200,0,0,0,0,0,0

STAR,BEKR5C,23R,2
IF,BEKRO,43.813889,75.664444, ,0.0,0.0,0,0,0,0,0,0,0,0
TF,USUGA,43.600000,76.326111,0, ,0.0,0.0,0.0,0.0,2,12000,0,0,0,0,0,0
TF,OKRAT,43.509444,76.918333,0, ,0.0,0.0,0.0,0.0,1,7000,0,0,0,0,0,0
TF,D016J,43.532083,77.163611,0, ,0.0,0.0,0.0,0.0,1,5200,0,0,0,0,0,0

STAR,BEKR5K,05L,2
IF,BEKRO,43.813889,75.664444, ,0.0,0.0,0,0,0,0,0,0,0,0
TF,USUGA,43.600000,76.326111,0, ,0.0,0.0,0.0,0.0,0,0,0,0,0,0,0,0
TF,ATA,43.376528,77.084111,0, ,0.0,0.0,0.0,0.0,1,20000,0,0,0,0,0,0

STAR,BEKR5K,05R,2
IF,BEKRO,43.813889,75.664444, ,0.0,0.0,0,0,0,0,0,0,0,0
TF,USUGA,43.600000,76.326111,0, ,0.0,0.0,0.0,0.0,0,0,0,0,0,0,0,0
TF,ATA,43.376528,77.084111,0, ,0.0,0.0,0.0,0.0,1,20000,0,0,0,0,0,0

STAR,BEKR5L,23L,2
IF,BEKRO,43.813889,75.664444, ,0.0,0.0,0,0,0,0,0,0,0,0
TF,USUGA,43.600000,76.326111,0, ,0.0,0.0,0.0,0.0,0,0,0,0,0,0,0,0
TF,ATA,43.376528,77.084111,0, ,0.0,0.0,0.0,0.0,1,20000,0,0,0,0,0,0

STAR,BEKR5L,23R,2
IF,BEKRO,43.813889,75.664444, ,0.0,0.0,0,0,0,0,0,0,0,0
TF,USUGA,43.600000,76.326111,0, ,0.0,0.0,0.0,0.0,0,0,0,0,0,0,0,0
TF,ATA,43.376528,77.084111,0, ,0.0,0.0,0.0,0.0,1,20000,0,0,0,0,0,0

STAR,BIOT5A,05L,2
IF,BIOTA,44.356667,76.706667, ,0.0,0.0,0,0,0,0,0,0,0,0
TF,REGMU,43.834722,76.003333,0, ,0.0,0.0,0.0,0.0,0,0,0,0,0,0,0,0
TF,USUGA,43.600000,76.326111,0, ,0.0,0.0,0.0,0.0,2,12000,0,0,0,0,0,0
TF,LURIT,43.491944,76.328611,0, ,0.0,0.0,0.0,0.0,2,12000,0,0,0,0,0,0
TF,AMIKA,43.377222,76.331111,0, ,0.0,0.0,0.0,0.0,0,0,0,0,0,0,0,0
TF,D266Q,43.378778,76.687583,0, ,0.0,0.0,0.0,0.0,1,7000,0,0,0,0,0,0

STAR,BIOT5A,05R,2
IF,BIOTA,44.356667,76.706667, ,0.0,0.0,0,0,0,0,0,0,0,0
TF,REGMU,43.834722,76.003333,0, ,0.0,0.0,0.0,0.0,0,0,0,0,0,0,0,0
TF,USUGA,43.600000,76.326111,0, ,0.0,0.0,0.0,0.0,2,12000,0,0,0,0,0,0
TF,LURIT,43.491944,76.328611,0, ,0.0,0.0,0.0,0.0,2,12000,0,0,0,0,0,0
TF,AMIKA,43.377222,76.331111,0, ,0.0,0.0,0.0,0.0,0,0,0,0,0,0,0,0
TF,D266Q,43.378778,76.687583,0, ,0.0,0.0,0.0,0.0,1,7000,0,0,0,0,0,0

STAR,BIOT5C,23L,2
IF,BIOTA,44.356667,76.706667, ,0.0,0.0,0,0,0,0,0,0,0,0
TF,ADABA,43.972222,76.335833,0, ,0.0,0.0,0.0,0.0,2,8000,0,0,0,0,0,0
TF,OGIRU,43.560000,76.855278,0, ,0.0,0.0,0.0,0.0,0,0,0,0,0,0,0,0
TF,OKRAT,43.509444,76.918333,0, ,0.0,0.0,0.0,0.0,1,7000,0,0,0,0,0,0
TF,D016J,43.532083,77.163611,0, ,0.0,0.0,0.0,0.0,1,5200,0,0,0,0,0,0

STAR,BIOT5C,23R,2
IF,BIOTA,44.356667,76.706667, ,0.0,0.0,0,0,0,0,0,0,0,0
TF,ADABA,43.972222,76.335833,0, ,0.0,0.0,0.0,0.0,2,8000,0,0,0,0,0,0
TF,OGIRU,43.560000,76.855278,0, ,0.0,0.0,0.0,0.0,0,0,0,0,0,0,0,0
TF,OKRAT,43.509444,76.918333,0, ,0.0,0.0,0.0,0.0,1,7000,0,0,0,0,0,0
TF,D016J,43.532083,77.163611,0, ,0.0,0.0,0.0,0.0,1,5200,0,0,0,0,0,0

STAR,BIOT5K,05L,2
IF,BIOTA,44.356667,76.706667, ,0.0,0.0,0,0,0,0,0,0,0,0
TF,REGMU,43.834722,76.003333,0, ,0.0,0.0,0.0,0.0,0,0,0,0,0,0,0,0
TF,USUGA,43.600000,76.326111,0, ,0.0,0.0,0.0,0.0,0,0,0,0,0,0,0,0
TF,ATA,43.376528,77.084111,0, ,0.0,0.0,0.0,0.0,1,20000,0,0,0,0,0,0

STAR,BIOT5K,05R,2
IF,BIOTA,44.356667,76.706667, ,0.0,0.0,0,0,0,0,0,0,0,0
TF,REGMU,43.834722,76.003333,0, ,0.0,0.0,0.0,0.0,0,0,0,0,0,0,0,0
TF,USUGA,43.600000,76.326111,0, ,0.0,0.0,0.0,0.0,0,0,0,0,0,0,0,0
TF,ATA,43.376528,77.084111,0, ,0.0,0.0,0.0,0.0,1,20000,0,0,0,0,0,0

STAR,BIOT5L,23L,2
IF,BIOTA,44.356667,76.706667, ,0.0,0.0,0,0,0,0,0,0,0,0
TF,ADABA,43.972222,76.335833,0, ,0.0,0.0,0.0,0.0,0,0,0,0,0,0,0,0
TF,OGIRU,43.560000,76.855278,0, ,0.0,0.0,0.0,0.0,0,0,0,0,0,0,0,0
TF,ATA,43.376528,77.084111,0, ,0.0,0.0,0.0,0.0,1,20000,0,0,0,0,0,0

STAR,BIOT5L,23R,2
IF,BIOTA,44.356667,76.706667, ,0.0,0.0,0,0,0,0,0,0,0,0
TF,ADABA,43.972222,76.335833,0, ,0.0,0.0,0.0,0.0,0,0,0,0,0,0,0,0
TF,OGIRU,43.560000,76.855278,0, ,0.0,0.0,0.0,0.0,0,0,0,0,0,0,0,0
TF,ATA,43.376528,77.084111,0, ,0.0,0.0,0.0,0.0,1,20000,0,0,0,0,0,0

STAR,DESO1J,05L,5
IF,DESOK,44.274722,77.922500, ,0.0,0.0,2,23000,0,1,280,0,0,0
TF,GAKMA,44.102778,77.818611,0, ,0.0,0.0,0.0,0.0,2,22000,0,1,280,0,0,0
TF,AA050,43.968486,77.539861,0, ,0.0,0.0,0.0,0.0,1,20000,0,1,280,0,0,0
TF,AA052,44.053053,77.412300,0, ,0.0,0.0,0.0,0.0,1,20000,0,1,280,0,0,0
TF,AA054,44.086158,77.245111,0, ,0.0,0.0,0.0,0.0,1,20000,0,1,280,0,0,0
TF,AA049,43.819594,77.233897,1, ,0.0,0.0,0.0,0.0,2,16000,0,1,280,0,0,0
TF,NIGET,43.690000,77.190556,0, ,0.0,0.0,0.0,0.0,2,14000,0,1,280,0,0,0
TF,AA060,43.506672,77.129539,0, ,0.0,0.0,0.0,0.0,2,12000,0,1,250,0,0,0
TF,AA062,43.460383,77.037147,0, ,0.0,0.0,0.0,0.0,2,10000,0,1,250,0,0,0
TF,AA064,43.366258,76.848511,0, ,0.0,0.0,0.0,0.0,2,8300,0,1,210,0,0,0
TF,ALOLI,43.311361,76.739056,0, ,0.0,0.0,0.0,0.0,2,6900,0,1,210,0,0,0
TF,GOSLU,43.236972,76.808278,0, ,0.0,0.0,0.0,0.0,2,5200,0,1,210,0,0,0

STAR,DESO1J,05R,5
IF,DESOK,44.274722,77.922500, ,0.0,0.0,2,23000,0,1,280,0,0,0
TF,GAKMA,44.102778,77.818611,0, ,0.0,0.0,0.0,0.0,2,22000,0,1,280,0,0,0
TF,AA050,43.968486,77.539861,0, ,0.0,0.0,0.0,0.0,1,20000,0,1,280,0,0,0
TF,AA052,44.053053,77.412300,0, ,0.0,0.0,0.0,0.0,1,20000,0,1,280,0,0,0
TF,AA054,44.086158,77.245111,0, ,0.0,0.0,0.0,0.0,1,20000,0,1,280,0,0,0
TF,AA049,43.819594,77.233897,1, ,0.0,0.0,0.0,0.0,2,16000,0,1,280,0,0,0
TF,NIGET,43.690000,77.190556,0, ,0.0,0.0,0.0,0.0,2,14000,0,1,280,0,0,0
TF,AA060,43.506672,77.129539,0, ,0.0,0.0,0.0,0.0,2,12000,0,1,250,0,0,0
TF,AA062,43.460383,77.037147,0, ,0.0,0.0,0.0,0.0,2,10000,0,1,250,0,0,0
TF,AA064,43.366258,76.848511,0, ,0.0,0.0,0.0,0.0,2,8300,0,1,210,0,0,0
TF,ALOLI,43.311361,76.739056,0, ,0.0,0.0,0.0,0.0,2,6900,0,1,210,0,0,0
TF,GOSLU,43.236972,76.808278,0, ,0.0,0.0,0.0,0.0,2,5200,0,1,210,0,0,0

STAR,DESO1M,23L,5
IF,DESOK,44.274722,77.922500, ,0.0,0.0,2,19000,0,1,280,0,0,0
TF,GAKMA,44.102778,77.818611,0, ,0.0,0.0,0.0,0.0,2,17000,0,1,280,0,0,0
TF,AA232,43.842536,77.662958,0, ,0.0,0.0,0.0,0.0,1,13000,0,1,260,0,0,0
TF,AA234,43.793047,77.769536,0, ,0.0,0.0,0.0,0.0,1,13000,0,1,260,0,0,0
TF,AA236,43.721444,77.848525,0, ,0.0,0.0,0.0,0.0,1,13000,0,1,260,0,0,0
TF,TIRBA,43.582222,77.508611,2, ,0.0,0.0,0.0,0.0,2,9000,0,1,250,0,0,0
TF,AA226,43.519908,77.378058,0, ,0.0,0.0,0.0,0.0,2,6900,0,1,230,0,0,0
TF,LEGLA,43.473750,77.281750,0, ,0.0,0.0,0.0,0.0,2,5200,0,1,230,0,0,0

STAR,DESO1M,23R,5
IF,DESOK,44.274722,77.922500, ,0.0,0.0,2,19000,0,1,280,0,0,0
TF,GAKMA,44.102778,77.818611,0, ,0.0,0.0,0.0,0.0,2,17000,0,1,280,0,0,0
TF,AA232,43.842536,77.662958,0, ,0.0,0.0,0.0,0.0,1,13000,0,1,260,0,0,0
TF,AA234,43.793047,77.769536,0, ,0.0,0.0,0.0,0.0,1,13000,0,1,260,0,0,0
TF,AA236,43.721444,77.848525,0, ,0.0,0.0,0.0,0.0,1,13000,0,1,260,0,0,0
TF,TIRBA,43.582222,77.508611,2, ,0.0,0.0,0.0,0.0,2,9000,0,1,250,0,0,0
TF,AA226,43.519908,77.378058,0, ,0.0,0.0,0.0,0.0,2,6900,0,1,230,0,0,0
TF,LEGLA,43.473750,77.281750,0, ,0.0,0.0,0.0,0.0,2,5200,0,1,230,0,0,0

STAR,DESO5A,05L,2
IF,DESOK,44.274722,77.922500, ,0.0,0.0,0,0,0,0,0,0,0,0
TF,TIRBA,43.582222,77.508611,0, ,0.0,0.0,0.0,0.0,2,15000,0,0,0,0,0,0
TF,ATA,43.376528,77.084111,0, ,0.0,0.0,0.0,0.0,2,10000,0,0,0,0,0,0

STAR,DESO5A,05R,2
IF,DESOK,44.274722,77.922500, ,0.0,0.0,0,0,0,0,0,0,0,0
TF,TIRBA,43.582222,77.508611,0, ,0.0,0.0,0.0,0.0,2,15000,0,0,0,0,0,0
TF,ATA,43.376528,77.084111,0, ,0.0,0.0,0.0,0.0,2,10000,0,0,0,0,0,0

STAR,DESO5D,23L,2
IF,DESOK,44.274722,77.922500, ,0.0,0.0,0,0,0,0,0,0,0,0
TF,TIRBA,43.582222,77.508611,0, ,0.0,0.0,0.0,0.0,4,11000,10000,0,0,0,0,0
TF,LEGLA,43.473750,77.281750,0, ,0.0,0.0,0.0,0.0,1,5200,0,0,0,0,0,0

STAR,DESO5D,23R,2
IF,DESOK,44.274722,77.922500, ,0.0,0.0,0,0,0,0,0,0,0,0
TF,TIRBA,43.582222,77.508611,0, ,0.0,0.0,0.0,0.0,4,11000,10000,0,0,0,0,0
TF,LEGLA,43.473750,77.281750,0, ,0.0,0.0,0.0,0.0,1,5200,0,0,0,0,0,0

STAR,DESO5K,05L,2
IF,DESOK,44.274722,77.922500, ,0.0,0.0,0,0,0,0,0,0,0,0
TF,TIRBA,43.582222,77.508611,0, ,0.0,0.0,0.0,0.0,0,0,0,0,0,0,0,0
TF,ATA,43.376528,77.084111,0, ,0.0,0.0,0.0,0.0,1,20000,0,0,0,0,0,0

STAR,DESO5K,05R,2
IF,DESOK,44.274722,77.922500, ,0.0,0.0,0,0,0,0,0,0,0,0
TF,TIRBA,43.582222,77.508611,0, ,0.0,0.0,0.0,0.0,0,0,0,0,0,0,0,0
TF,ATA,43.376528,77.084111,0, ,0.0,0.0,0.0,0.0,1,20000,0,0,0,0,0,0

STAR,DESO5L,23L,2
IF,DESOK,44.274722,77.922500, ,0.0,0.0,0,0,0,0,0,0,0,0
TF,TIRBA,43.582222,77.508611,0, ,0.0,0.0,0.0,0.0,0,0,0,0,0,0,0,0
TF,ATA,43.376528,77.084111,0, ,0.0,0.0,0.0,0.0,2,20000,0,0,0,0,0,0

STAR,DESO5L,23R,2
IF,DESOK,44.274722,77.922500, ,0.0,0.0,0,0,0,0,0,0,0,0
TF,TIRBA,43.582222,77.508611,0, ,0.0,0.0,0.0,0.0,0,0,0,0,0,0,0,0
TF,ATA,43.376528,77.084111,0, ,0.0,0.0,0.0,0.0,2,20000,0,0,0,0,0,0

STAR,DIPE5C,23L,2
IF,DIPEN,44.126389,76.029722, ,0.0,0.0,0,0,0,0,0,0,0,0
TF,ADABA,43.972222,76.335833,0, ,0.0,0.0,0.0,0.0,2,8000,0,0,0,0,0,0
TF,OGIRU,43.560000,76.855278,0, ,0.0,0.0,0.0,0.0,0,0,0,0,0,0,0,0
TF,OKRAT,43.509444,76.918333,0, ,0.0,0.0,0.0,0.0,1,7000,0,0,0,0,0,0
TF,D016J,43.532083,77.163611,0, ,0.0,0.0,0.0,0.0,1,5200,0,0,0,0,0,0

STAR,DIPE5C,23R,2
IF,DIPEN,44.126389,76.029722, ,0.0,0.0,0,0,0,0,0,0,0,0
TF,ADABA,43.972222,76.335833,0, ,0.0,0.0,0.0,0.0,2,8000,0,0,0,0,0,0
TF,OGIRU,43.560000,76.855278,0, ,0.0,0.0,0.0,0.0,0,0,0,0,0,0,0,0
TF,OKRAT,43.509444,76.918333,0, ,0.0,0.0,0.0,0.0,1,7000,0,0,0,0,0,0
TF,D016J,43.532083,77.163611,0, ,0.0,0.0,0.0,0.0,1,5200,0,0,0,0,0,0

STAR,DIPE5L,23L,2
IF,DIPEN,44.126389,76.029722, ,0.0,0.0,0,0,0,0,0,0,0,0
TF,ADABA,43.972222,76.335833,0, ,0.0,0.0,0.0,0.0,0,0,0,0,0,0,0,0
TF,OGIRU,43.560000,76.855278,0, ,0.0,0.0,0.0,0.0,0,0,0,0,0,0,0,0
TF,ATA,43.376528,77.084111,0, ,0.0,0.0,0.0,0.0,1,20000,0,0,0,0,0,0

STAR,DIPE5L,23R,2
IF,DIPEN,44.126389,76.029722, ,0.0,0.0,0,0,0,0,0,0,0,0
TF,ADABA,43.972222,76.335833,0, ,0.0,0.0,0.0,0.0,0,0,0,0,0,0,0,0
TF,OGIRU,43.560000,76.855278,0, ,0.0,0.0,0.0,0.0,0,0,0,0,0,0,0,0
TF,ATA,43.376528,77.084111,0, ,0.0,0.0,0.0,0.0,1,20000,0,0,0,0,0,0

STAR,DOTA1N,05L,5
IF,DOTAL,44.129167,78.151111, ,0.0,0.0,2,23000,0,1,280,0,0,0
TF,GAKMA,44.102778,77.818611,0, ,0.0,0.0,0.0,0.0,2,22000,0,1,280,0,0,0
TF,AA050,43.968486,77.539861,0, ,0.0,0.0,0.0,0.0,1,20000,0,1,280,0,0,0
TF,AA052,44.053053,77.412300,0, ,0.0,0.0,0.0,0.0,1,20000,0,1,280,0,0,0
TF,AA054,44.086158,77.245111,0, ,0.0,0.0,0.0,0.0,1,20000,0,1,280,0,0,0
TF,AA049,43.819594,77.233897,1, ,0.0,0.0,0.0,0.0,2,16000,0,1,280,0,0,0
TF,NIGET,43.690000,77.190556,0, ,0.0,0.0,0.0,0.0,2,14000,0,1,280,0,0,0
TF,AA060,43.506672,77.129539,0, ,0.0,0.0,0.0,0.0,2,12000,0,1,250,0,0,0
TF,AA062,43.460383,77.037147,0, ,0.0,0.0,0.0,0.0,2,10000,0,1,250,0,0,0
TF,AA064,43.366258,76.848511,0, ,0.0,0.0,0.0,0.0,2,8300,0,1,210,0,0,0
TF,ALOLI,43.311361,76.739056,0, ,0.0,0.0,0.0,0.0,2,6900,0,1,210,0,0,0
TF,GOSLU,43.236972,76.808278,0, ,0.0,0.0,0.0,0.0,2,5200,0,1,210,0,0,0

STAR,DOTA1N,05R,5
IF,DOTAL,44.129167,78.151111, ,0.0,0.0,2,23000,0,1,280,0,0,0
TF,GAKMA,44.102778,77.818611,0, ,0.0,0.0,0.0,0.0,2,22000,0,1,280,0,0,0
TF,AA050,43.968486,77.539861,0, ,0.0,0.0,0.0,0.0,1,20000,0,1,280,0,0,0
TF,AA052,44.053053,77.412300,0, ,0.0,0.0,0.0,0.0,1,20000,0,1,280,0,0,0
TF,AA054,44.086158,77.245111,0, ,0.0,0.0,0.0,0.0,1,20000,0,1,280,0,0,0
TF,AA049,43.819594,77.233897,1, ,0.0,0.0,0.0,0.0,2,16000,0,1,280,0,0,0
TF,NIGET,43.690000,77.190556,0, ,0.0,0.0,0.0,0.0,2,14000,0,1,280,0,0,0
TF,AA060,43.506672,77.129539,0, ,0.0,0.0,0.0,0.0,2,12000,0,1,250,0,0,0
TF,AA062,43.460383,77.037147,0, ,0.0,0.0,0.0,0.0,2,10000,0,1,250,0,0,0
TF,AA064,43.366258,76.848511,0, ,0.0,0.0,0.0,0.0,2,8300,0,1,210,0,0,0
TF,ALOLI,43.311361,76.739056,0, ,0.0,0.0,0.0,0.0,2,6900,0,1,210,0,0,0
TF,GOSLU,43.236972,76.808278,0, ,0.0,0.0,0.0,0.0,2,5200,0,1,210,0,0,0

STAR,DOTA1P,05L,5
IF,DOTAL,44.129167,78.151111, ,0.0,0.0,2,25000,0,1,315,0,0,0
TF,AA059,43.999147,77.655294,0, ,0.0,0.0,0.0,0.0,2,22000,0,1,280,0,0,0
TF,AA080,43.578625,77.789839,0, ,0.0,0.0,0.0,0.0,2,20000,0,1,280,0,0,0
TF,AA281,43.462428,77.525011,0, ,0.0,0.0,0.0,0.0,2,17000,0,1,280,0,0,0
TF,ATA,43.376528,77.084111,0, ,0.0,0.0,0.0,0.0,2,12000,0,1,280,0,0,0
TF,AA064,43.366258,76.848511,0, ,0.0,0.0,0.0,0.0,2,8700,0,1,210,0,0,0
TF,ALOLI,43.311361,76.739056,0, ,0.0,0.0,0.0,0.0,2,6900,0,1,210,0,0,0
TF,GOSLU,43.236972,76.808278,0, ,0.0,0.0,0.0,0.0,2,5200,0,1,210,0,0,0

STAR,DOTA1P,05R,5
IF,DOTAL,44.129167,78.151111, ,0.0,0.0,2,25000,0,1,315,0,0,0
TF,AA059,43.999147,77.655294,0, ,0.0,0.0,0.0,0.0,2,22000,0,1,280,0,0,0
TF,AA080,43.578625,77.789839,0, ,0.0,0.0,0.0,0.0,2,20000,0,1,280,0,0,0
TF,AA281,43.462428,77.525011,0, ,0.0,0.0,0.0,0.0,2,17000,0,1,280,0,0,0
TF,ATA,43.376528,77.084111,0, ,0.0,0.0,0.0,0.0,2,12000,0,1,280,0,0,0
TF,AA064,43.366258,76.848511,0, ,0.0,0.0,0.0,0.0,2,8700,0,1,210,0,0,0
TF,ALOLI,43.311361,76.739056,0, ,0.0,0.0,0.0,0.0,2,6900,0,1,210,0,0,0
TF,GOSLU,43.236972,76.808278,0, ,0.0,0.0,0.0,0.0,2,5200,0,1,210,0,0,0

STAR,DOTA1Q,23L,5
IF,DOTAL,44.129167,78.151111, ,0.0,0.0,2,19000,0,1,280,0,0,0
TF,BAGNA,43.798333,77.955278,0, ,0.0,0.0,0.0,0.0,2,16000,0,1,280,0,0,0
TF,AA231,43.721131,77.794928,0, ,0.0,0.0,0.0,0.0,1,14000,0,1,260,0,0,0
TF,AA233,43.786806,77.706683,0, ,0.0,0.0,0.0,0.0,1,14000,0,1,260,0,0,0
TF,AA235,43.824906,77.591547,0, ,0.0,0.0,0.0,0.0,1,14000,0,1,260,0,0,0
TF,TIRBA,43.582222,77.508611,0, ,0.0,0.0,0.0,0.0,2,9000,0,1,250,0,0,0
TF,AA226,43.519908,77.378058,0, ,0.0,0.0,0.0,0.0,2,6900,0,1,230,0,0,0
TF,LEGLA,43.473750,77.281750,0, ,0.0,0.0,0.0,0.0,2,5200,0,1,230,0,0,0

STAR,DOTA1Q,23R,5
IF,DOTAL,44.129167,78.151111, ,0.0,0.0,2,19000,0,1,280,0,0,0
TF,BAGNA,43.798333,77.955278,0, ,0.0,0.0,0.0,0.0,2,16000,0,1,280,0,0,0
TF,AA231,43.721131,77.794928,0, ,0.0,0.0,0.0,0.0,1,14000,0,1,260,0,0,0
TF,AA233,43.786806,77.706683,0, ,0.0,0.0,0.0,0.0,1,14000,0,1,260,0,0,0
TF,AA235,43.824906,77.591547,0, ,0.0,0.0,0.0,0.0,1,14000,0,1,260,0,0,0
TF,TIRBA,43.582222,77.508611,0, ,0.0,0.0,0.0,0.0,2,9000,0,1,250,0,0,0
TF,AA226,43.519908,77.378058,0, ,0.0,0.0,0.0,0.0,2,6900,0,1,230,0,0,0
TF,LEGLA,43.473750,77.281750,0, ,0.0,0.0,0.0,0.0,2,5200,0,1,230,0,0,0

STAR,DOTA5B,05L,2
IF,DOTAL,44.129167,78.151111, ,0.0,0.0,0,0,0,0,0,0,0,0
TF,BAGNA,43.798333,77.955278,0, ,0.0,0.0,0.0,0.0,0,0,0,0,0,0,0,0
TF,SOPRA,43.748611,77.851667,0, ,0.0,0.0,0.0,0.0,0,0,0,0,0,0,0,0
TF,TIRBA,43.582222,77.508611,0, ,0.0,0.0,0.0,0.0,2,15000,0,0,0,0,0,0
TF,ATA,43.376528,77.084111,0, ,0.0,0.0,0.0,0.0,2,10000,0,0,0,0,0,0

STAR,DOTA5B,05R,2
IF,DOTAL,44.129167,78.151111, ,0.0,0.0,0,0,0,0,0,0,0,0
TF,BAGNA,43.798333,77.955278,0, ,0.0,0.0,0.0,0.0,0,0,0,0,0,0,0,0
TF,SOPRA,43.748611,77.851667,0, ,0.0,0.0,0.0,0.0,0,0,0,0,0,0,0,0
TF,TIRBA,43.582222,77.508611,0, ,0.0,0.0,0.0,0.0,2,15000,0,0,0,0,0,0
TF,ATA,43.376528,77.084111,0, ,0.0,0.0,0.0,0.0,2,10000,0,0,0,0,0,0

STAR,DOTA5C,23L,2
IF,DOTAL,44.129167,78.151111, ,0.0,0.0,0,0,0,0,0,0,0,0
TF,BAGNA,43.798333,77.955278,0, ,0.0,0.0,0.0,0.0,0,0,0,0,0,0,0,0
TF,SOPRA,43.748611,77.851667,0, ,0.0,0.0,0.0,0.0,0,0,0,0,0,0,0,0
TF,TIRBA,43.582222,77.508611,0, ,0.0,0.0,0.0,0.0,4,11000,10000,0,0,0,0,0
TF,LEGLA,43.473750,77.281750,0, ,0.0,0.0,0.0,0.0,1,5200,0,0,0,0,0,0

STAR,DOTA5C,23R,2
IF,DOTAL,44.129167,78.151111, ,0.0,0.0,0,0,0,0,0,0,0,0
TF,BAGNA,43.798333,77.955278,0, ,0.0,0.0,0.0,0.0,0,0,0,0,0,0,0,0
TF,SOPRA,43.748611,77.851667,0, ,0.0,0.0,0.0,0.0,0,0,0,0,0,0,0,0
TF,TIRBA,43.582222,77.508611,0, ,0.0,0.0,0.0,0.0,4,11000,10000,0,0,0,0,0
TF,LEGLA,43.473750,77.281750,0, ,0.0,0.0,0.0,0.0,1,5200,0,0,0,0,0,0

STAR,DOTA5K,05L,2
IF,DOTAL,44.129167,78.151111, ,0.0,0.0,0,0,0,0,0,0,0,0
TF,BAGNA,43.798333,77.955278,0, ,0.0,0.0,0.0,0.0,0,0,0,0,0,0,0,0
TF,TIRBA,43.582222,77.508611,0, ,0.0,0.0,0.0,0.0,0,0,0,0,0,0,0,0
TF,ATA,43.376528,77.084111,0, ,0.0,0.0,0.0,0.0,1,20000,0,0,0,0,0,0

STAR,DOTA5K,05R,2
IF,DOTAL,44.129167,78.151111, ,0.0,0.0,0,0,0,0,0,0,0,0
TF,BAGNA,43.798333,77.955278,0, ,0.0,0.0,0.0,0.0,0,0,0,0,0,0,0,0
TF,TIRBA,43.582222,77.508611,0, ,0.0,0.0,0.0,0.0,0,0,0,0,0,0,0,0
TF,ATA,43.376528,77.084111,0, ,0.0,0.0,0.0,0.0,1,20000,0,0,0,0,0,0

STAR,DOTA5L,23L,2
IF,DOTAL,44.129167,78.151111, ,0.0,0.0,0,0,0,0,0,0,0,0
TF,BAGNA,43.798333,77.955278,0, ,0.0,0.0,0.0,0.0,0,0,0,0,0,0,0,0
TF,TIRBA,43.582222,77.508611,0, ,0.0,0.0,0.0,0.0,0,0,0,0,0,0,0,0
TF,ATA,43.376528,77.084111,0, ,0.0,0.0,0.0,0.0,2,20000,0,0,0,0,0,0

STAR,DOTA5L,23R,2
IF,DOTAL,44.129167,78.151111, ,0.0,0.0,0,0,0,0,0,0,0,0
TF,BAGNA,43.798333,77.955278,0, ,0.0,0.0,0.0,0.0,0,0,0,0,0,0,0,0
TF,TIRBA,43.582222,77.508611,0, ,0.0,0.0,0.0,0.0,0,0,0,0,0,0,0,0
TF,ATA,43.376528,77.084111,0, ,0.0,0.0,0.0,0.0,2,20000,0,0,0,0,0,0

STAR,EKLA1D,23L,5
IF,EKLAT,43.375000,75.543611, ,0.0,0.0,2,22000,0,1,315,0,0,0
TF,AA215,43.287453,76.421808,0, ,0.0,0.0,0.0,0.0,2,18000,0,1,280,0,0,0
TF,AA065,43.264075,76.645097,0, ,0.0,0.0,0.0,0.0,2,16000,0,1,280,0,0,0
TF,ATA,43.376528,77.084111,0, ,0.0,0.0,0.0,0.0,2,12000,0,1,250,0,0,0
TF,AA224,43.496444,77.108308,0, ,0.0,0.0,0.0,0.0,2,9500,0,1,250,0,0,0
TF,GEKTI,43.548167,77.212333,0, ,0.0,0.0,0.0,0.0,2,7800,0,1,250,0,0,0
TF,AA223,43.595342,77.306833,0, ,0.0,0.0,0.0,0.0,2,6600,0,1,230,0,0,0
TF,AA226,43.519908,77.378058,0, ,0.0,0.0,0.0,0.0,2,6600,0,1,230,0,0,0
TF,LEGLA,43.473750,77.281750,2, ,0.0,0.0,0.0,0.0,2,5200,0,1,230,0,0,0

STAR,EKLA1D,23R,5
IF,EKLAT,43.375000,75.543611, ,0.0,0.0,2,22000,0,1,315,0,0,0
TF,AA215,43.287453,76.421808,0, ,0.0,0.0,0.0,0.0,2,18000,0,1,280,0,0,0
TF,AA065,43.264075,76.645097,0, ,0.0,0.0,0.0,0.0,2,16000,0,1,280,0,0,0
TF,ATA,43.376528,77.084111,0, ,0.0,0.0,0.0,0.0,2,12000,0,1,250,0,0,0
TF,AA224,43.496444,77.108308,0, ,0.0,0.0,0.0,0.0,2,9500,0,1,250,0,0,0
TF,GEKTI,43.548167,77.212333,0, ,0.0,0.0,0.0,0.0,2,7800,0,1,250,0,0,0
TF,AA223,43.595342,77.306833,0, ,0.0,0.0,0.0,0.0,2,6600,0,1,230,0,0,0
TF,AA226,43.519908,77.378058,0, ,0.0,0.0,0.0,0.0,2,6600,0,1,230,0,0,0
TF,LEGLA,43.473750,77.281750,2, ,0.0,0.0,0.0,0.0,2,5200,0,1,230,0,0,0

STAR,EKLA5A,05L,2
IF,EKLAT,43.375000,75.543611, ,0.0,0.0,0,0,0,0,0,0,0,0
TF,ASTAS,43.377222,76.022778,0, ,0.0,0.0,0.0,0.0,0,0,0,0,0,0,0,0
TF,AMIKA,43.377222,76.331111,0, ,0.0,0.0,0.0,0.0,0,0,0,0,0,0,0,0
TF,D266Q,43.378778,76.687583,0, ,0.0,0.0,0.0,0.0,1,7000,0,0,0,0,0,0

STAR,EKLA5A,05R,2
IF,EKLAT,43.375000,75.543611, ,0.0,0.0,0,0,0,0,0,0,0,0
TF,ASTAS,43.377222,76.022778,0, ,0.0,0.0,0.0,0.0,0,0,0,0,0,0,0,0
TF,AMIKA,43.377222,76.331111,0, ,0.0,0.0,0.0,0.0,0,0,0,0,0,0,0,0
TF,D266Q,43.378778,76.687583,0, ,0.0,0.0,0.0,0.0,1,7000,0,0,0,0,0,0

STAR,EKLA5K,05L,2
IF,EKLAT,43.375000,75.543611, ,0.0,0.0,0,0,0,0,0,0,0,0
TF,AMIKA,43.377222,76.331111,0, ,0.0,0.0,0.0,0.0,0,0,0,0,0,0,0,0
TF,ATA,43.376528,77.084111,0, ,0.0,0.0,0.0,0.0,1,20000,0,0,0,0,0,0

STAR,EKLA5K,05R,2
IF,EKLAT,43.375000,75.543611, ,0.0,0.0,0,0,0,0,0,0,0,0
TF,AMIKA,43.377222,76.331111,0, ,0.0,0.0,0.0,0.0,0,0,0,0,0,0,0,0
TF,ATA,43.376528,77.084111,0, ,0.0,0.0,0.0,0.0,1,20000,0,0,0,0,0,0

STAR,ETED1P,05L,5
IF,ETEDA,44.340000,76.535000, ,0.0,0.0,2,23000,0,1,315,0,0,0
TF,AA071,44.014503,76.197653,0, ,0.0,0.0,0.0,0.0,2,20000,0,1,280,0,0,0
TF,AA073,43.882822,76.238664,0, ,0.0,0.0,0.0,0.0,1,19000,0,1,280,0,0,0
TF,AA075,43.833389,76.089150,0, ,0.0,0.0,0.0,0.0,1,19000,0,1,280,0,0,0
TF,AA077,43.744539,75.979986,0, ,0.0,0.0,0.0,0.0,1,19000,0,1,280,0,0,0
TF,AA087,43.631408,75.929517,0, ,0.0,0.0,0.0,0.0,1,19000,0,1,280,0,0,0
TF,USUGA,43.600000,76.326111,0, ,0.0,0.0,0.0,0.0,2,14000,0,1,280,0,0,0
TF,AA074,43.478181,76.364736,0, ,0.0,0.0,0.0,0.0,2,12000,0,1,280,0,0,0
TF,AA016,43.405936,76.459661,0, ,0.0,0.0,0.0,0.0,3,10000,0,1,250,0,0,0
TF,AA065,43.264075,76.645097,0, ,0.0,0.0,0.0,0.0,2,7500,0,1,230,0,0,0
TF,GOSLU,43.236972,76.808278,0, ,0.0,0.0,0.0,0.0,2,5200,0,1,210,0,0,0

STAR,ETED1P,05R,5
IF,ETEDA,44.340000,76.535000, ,0.0,0.0,2,23000,0,1,315,0,0,0
TF,AA071,44.014503,76.197653,0, ,0.0,0.0,0.0,0.0,2,20000,0,1,280,0,0,0
TF,AA073,43.882822,76.238664,0, ,0.0,0.0,0.0,0.0,1,19000,0,1,280,0,0,0
TF,AA075,43.833389,76.089150,0, ,0.0,0.0,0.0,0.0,1,19000,0,1,280,0,0,0
TF,AA077,43.744539,75.979986,0, ,0.0,0.0,0.0,0.0,1,19000,0,1,280,0,0,0
TF,AA087,43.631408,75.929517,0, ,0.0,0.0,0.0,0.0,1,19000,0,1,280,0,0,0
TF,USUGA,43.600000,76.326111,0, ,0.0,0.0,0.0,0.0,2,14000,0,1,280,0,0,0
TF,AA074,43.478181,76.364736,0, ,0.0,0.0,0.0,0.0,2,12000,0,1,280,0,0,0
TF,AA016,43.405936,76.459661,0, ,0.0,0.0,0.0,0.0,3,10000,0,1,250,0,0,0
TF,AA065,43.264075,76.645097,0, ,0.0,0.0,0.0,0.0,2,7500,0,1,230,0,0,0
TF,GOSLU,43.236972,76.808278,0, ,0.0,0.0,0.0,0.0,2,5200,0,1,210,0,0,0

STAR,ETED1Q,23L,5
IF,ETEDA,44.340000,76.535000, ,0.0,0.0,2,23000,0,1,315,0,0,0
TF,AA217,44.140589,76.744131,0, ,0.0,0.0,0.0,0.0,2,17000,0,1,280,0,0,0
TF,AA219,43.914158,76.979411,0, ,0.0,0.0,0.0,0.0,2,13000,0,1,280,0,0,0
TF,AA222,43.740531,77.158278,0, ,0.0,0.0,0.0,0.0,3,10000,0,1,280,0,0,0
TF,AA223,43.595342,77.306833,0, ,0.0,0.0,0.0,0.0,2,7800,0,1,250,0,0,0
TF,AA226,43.519908,77.378058,0, ,0.0,0.0,0.0,0.0,2,6400,0,1,230,0,0,0
TF,LEGLA,43.473750,77.281750,2, ,0.0,0.0,0.0,0.0,2,5200,0,1,230,0,0,0

STAR,ETED1Q,23R,5
IF,ETEDA,44.340000,76.535000, ,0.0,0.0,2,23000,0,1,315,0,0,0
TF,AA217,44.140589,76.744131,0, ,0.0,0.0,0.0,0.0,2,17000,0,1,280,0,0,0
TF,AA219,43.914158,76.979411,0, ,0.0,0.0,0.0,0.0,2,13000,0,1,280,0,0,0
TF,AA222,43.740531,77.158278,0, ,0.0,0.0,0.0,0.0,3,10000,0,1,280,0,0,0
TF,AA223,43.595342,77.306833,0, ,0.0,0.0,0.0,0.0,2,7800,0,1,250,0,0,0
TF,AA226,43.519908,77.378058,0, ,0.0,0.0,0.0,0.0,2,6400,0,1,230,0,0,0
TF,LEGLA,43.473750,77.281750,2, ,0.0,0.0,0.0,0.0,2,5200,0,1,230,0,0,0

STAR,ETED1R,23L,5
IF,ETEDA,44.340000,76.535000, ,0.0,0.0,2,23000,0,1,320,0,0,0
TF,AA218,44.160417,76.437414,0, ,0.0,0.0,0.0,0.0,2,20000,0,1,280,0,0,0
TF,AA219,43.914158,76.979411,0, ,0.0,0.0,0.0,0.0,2,13000,0,1,280,0,0,0
TF,AA222,43.740531,77.158278,0, ,0.0,0.0,0.0,0.0,3,10000,0,1,280,0,0,0
TF,AA223,43.595342,77.306833,0, ,0.0,0.0,0.0,0.0,2,7800,0,1,250,0,0,0
TF,AA226,43.519908,77.378058,0, ,0.0,0.0,0.0,0.0,2,6400,0,1,230,0,0,0
TF,LEGLA,43.473750,77.281750,2, ,0.0,0.0,0.0,0.0,2,5200,0,1,230,0,0,0

STAR,ETED1R,23R,5
IF,ETEDA,44.340000,76.535000, ,0.0,0.0,2,23000,0,1,320,0,0,0
TF,AA218,44.160417,76.437414,0, ,0.0,0.0,0.0,0.0,2,20000,0,1,280,0,0,0
TF,AA219,43.914158,76.979411,0, ,0.0,0.0,0.0,0.0,2,13000,0,1,280,0,0,0
TF,AA222,43.740531,77.158278,0, ,0.0,0.0,0.0,0.0,3,10000,0,1,280,0,0,0
TF,AA223,43.595342,77.306833,0, ,0.0,0.0,0.0,0.0,2,7800,0,1,250,0,0,0
TF,AA226,43.519908,77.378058,0, ,0.0,0.0,0.0,0.0,2,6400,0,1,230,0,0,0
TF,LEGLA,43.473750,77.281750,2, ,0.0,0.0,0.0,0.0,2,5200,0,1,230,0,0,0

STAR,ETED5A,05L,2
IF,ETEDA,44.340000,76.535000, ,0.0,0.0,0,0,0,0,0,0,0,0
TF,REGMU,43.834722,76.003333,0, ,0.0,0.0,0.0,0.0,0,0,0,0,0,0,0,0
TF,USUGA,43.600000,76.326111,0, ,0.0,0.0,0.0,0.0,2,12000,0,0,0,0,0,0
TF,LURIT,43.491944,76.328611,0, ,0.0,0.0,0.0,0.0,2,12000,0,0,0,0,0,0
TF,AMIKA,43.377222,76.331111,0, ,0.0,0.0,0.0,0.0,0,0,0,0,0,0,0,0
TF,D266Q,43.378778,76.687583,0, ,0.0,0.0,0.0,0.0,1,7000,0,0,0,0,0,0

STAR,ETED5A,05R,2
IF,ETEDA,44.340000,76.535000, ,0.0,0.0,0,0,0,0,0,0,0,0
TF,REGMU,43.834722,76.003333,0, ,0.0,0.0,0.0,0.0,0,0,0,0,0,0,0,0
TF,USUGA,43.600000,76.326111,0, ,0.0,0.0,0.0,0.0,2,12000,0,0,0,0,0,0
TF,LURIT,43.491944,76.328611,0, ,0.0,0.0,0.0,0.0,2,12000,0,0,0,0,0,0
TF,AMIKA,43.377222,76.331111,0, ,0.0,0.0,0.0,0.0,0,0,0,0,0,0,0,0
TF,D266Q,43.378778,76.687583,0, ,0.0,0.0,0.0,0.0,1,7000,0,0,0,0,0,0

STAR,ETED5C,23L,2
IF,ETEDA,44.340000,76.535000, ,0.0,0.0,0,0,0,0,0,0,0,0
TF,ADABA,43.972222,76.335833,0, ,0.0,0.0,0.0,0.0,2,8000,0,0,0,0,0,0
TF,OGIRU,43.560000,76.855278,0, ,0.0,0.0,0.0,0.0,0,0,0,0,0,0,0,0
TF,OKRAT,43.509444,76.918333,0, ,0.0,0.0,0.0,0.0,1,7000,0,0,0,0,0,0
TF,D016J,43.532083,77.163611,0, ,0.0,0.0,0.0,0.0,1,5200,0,0,0,0,0,0

STAR,ETED5C,23R,2
IF,ETEDA,44.340000,76.535000, ,0.0,0.0,0,0,0,0,0,0,0,0
TF,ADABA,43.972222,76.335833,0, ,0.0,0.0,0.0,0.0,2,8000,0,0,0,0,0,0
TF,OGIRU,43.560000,76.855278,0, ,0.0,0.0,0.0,0.0,0,0,0,0,0,0,0,0
TF,OKRAT,43.509444,76.918333,0, ,0.0,0.0,0.0,0.0,1,7000,0,0,0,0,0,0
TF,D016J,43.532083,77.163611,0, ,0.0,0.0,0.0,0.0,1,5200,0,0,0,0,0,0

STAR,ETED5D,23L,2
IF,ETEDA,44.340000,76.535000, ,0.0,0.0,0,0,0,0,0,0,0,0
TF,ROPSA,43.873889,76.802778,0, ,0.0,0.0,0.0,0.0,0,0,0,0,0,0,0,0
TF,D333M,43.584861,76.968028,0, ,0.0,0.0,0.0,0.0,1,7000,0,0,0,0,0,0

STAR,ETED5D,23R,2
IF,ETEDA,44.340000,76.535000, ,0.0,0.0,0,0,0,0,0,0,0,0
TF,ROPSA,43.873889,76.802778,0, ,0.0,0.0,0.0,0.0,0,0,0,0,0,0,0,0
TF,D333M,43.584861,76.968028,0, ,0.0,0.0,0.0,0.0,1,7000,0,0,0,0,0,0

STAR,ETED5K,05L,2
IF,ETEDA,44.340000,76.535000, ,0.0,0.0,0,0,0,0,0,0,0,0
TF,REGMU,43.834722,76.003333,0, ,0.0,0.0,0.0,0.0,0,0,0,0,0,0,0,0
TF,USUGA,43.600000,76.326111,0, ,0.0,0.0,0.0,0.0,0,0,0,0,0,0,0,0
TF,ATA,43.376528,77.084111,0, ,0.0,0.0,0.0,0.0,1,20000,0,0,0,0,0,0

STAR,ETED5K,05R,2
IF,ETEDA,44.340000,76.535000, ,0.0,0.0,0,0,0,0,0,0,0,0
TF,REGMU,43.834722,76.003333,0, ,0.0,0.0,0.0,0.0,0,0,0,0,0,0,0,0
TF,USUGA,43.600000,76.326111,0, ,0.0,0.0,0.0,0.0,0,0,0,0,0,0,0,0
TF,ATA,43.376528,77.084111,0, ,0.0,0.0,0.0,0.0,1,20000,0,0,0,0,0,0

STAR,ETED5L,23L,2
IF,ETEDA,44.340000,76.535000, ,0.0,0.0,0,0,0,0,0,0,0,0
TF,ADABA,43.972222,76.335833,0, ,0.0,0.0,0.0,0.0,0,0,0,0,0,0,0,0
TF,OGIRU,43.560000,76.855278,0, ,0.0,0.0,0.0,0.0,0,0,0,0,0,0,0,0
TF,ATA,43.376528,77.084111,0, ,0.0,0.0,0.0,0.0,1,20000,0,0,0,0,0,0

STAR,ETED5L,23R,2
IF,ETEDA,44.340000,76.535000, ,0.0,0.0,0,0,0,0,0,0,0,0
TF,ADABA,43.972222,76.335833,0, ,0.0,0.0,0.0,0.0,0,0,0,0,0,0,0,0
TF,OGIRU,43.560000,76.855278,0, ,0.0,0.0,0.0,0.0,0,0,0,0,0,0,0,0
TF,ATA,43.376528,77.084111,0, ,0.0,0.0,0.0,0.0,1,20000,0,0,0,0,0,0

STAR,ETED5M,23L,2
IF,ETEDA,44.340000,76.535000, ,0.0,0.0,0,0,0,0,0,0,0,0
TF,ROPSA,43.873889,76.802778,0, ,0.0,0.0,0.0,0.0,0,0,0,0,0,0,0,0
TF,ATA,43.376528,77.084111,0, ,0.0,0.0,0.0,0.0,1,20000,0,0,0,0,0,0

STAR,ETED5M,23R,2
IF,ETEDA,44.340000,76.535000, ,0.0,0.0,0,0,0,0,0,0,0,0
TF,ROPSA,43.873889,76.802778,0, ,0.0,0.0,0.0,0.0,0,0,0,0,0,0,0,0
TF,ATA,43.376528,77.084111,0, ,0.0,0.0,0.0,0.0,1,20000,0,0,0,0,0,0

STAR,GOGD1J,05L,5
IF,GOGDO,44.423333,77.438333, ,0.0,0.0,2,22000,0,1,280,0,0,0
TF,AA051,44.248742,77.378789,0, ,0.0,0.0,0.0,0.0,1,19000,0,1,280,0,0,0
TF,AA053,44.119208,77.334844,0, ,0.0,0.0,0.0,0.0,1,19000,0,1,280,0,0,0
TF,AA055,44.065469,77.491447,0, ,0.0,0.0,0.0,0.0,1,19000,0,1,280,0,0,0
TF,AA057,43.971203,77.605222,0, ,0.0,0.0,0.0,0.0,1,19000,0,1,280,0,0,0
TF,AA049,43.819594,77.233897,2, ,0.0,0.0,0.0,0.0,2,16000,0,1,280,0,0,0
TF,NIGET,43.690000,77.190556,0, ,0.0,0.0,0.0,0.0,2,14000,0,1,280,0,0,0
TF,AA060,43.506672,77.129539,0, ,0.0,0.0,0.0,0.0,2,12000,0,1,250,0,0,0
TF,AA062,43.460383,77.037147,0, ,0.0,0.0,0.0,0.0,2,10000,0,1,250,0,0,0
TF,AA064,43.366258,76.848511,0, ,0.0,0.0,0.0,0.0,2,8300,0,1,210,0,0,0
TF,ALOLI,43.311361,76.739056,0, ,0.0,0.0,0.0,0.0,2,6900,0,1,210,0,0,0
TF,GOSLU,43.236972,76.808278,0, ,0.0,0.0,0.0,0.0,2,5200,0,1,210,0,0,0

STAR,GOGD1J,05R,5
IF,GOGDO,44.423333,77.438333, ,0.0,0.0,2,22000,0,1,280,0,0,0
TF,AA051,44.248742,77.378789,0, ,0.0,0.0,0.0,0.0,1,19000,0,1,280,0,0,0
TF,AA053,44.119208,77.334844,0, ,0.0,0.0,0.0,0.0,1,19000,0,1,280,0,0,0
TF,AA055,44.065469,77.491447,0, ,0.0,0.0,0.0,0.0,1,19000,0,1,280,0,0,0
TF,AA057,43.971203,77.605222,0, ,0.0,0.0,0.0,0.0,1,19000,0,1,280,0,0,0
TF,AA049,43.819594,77.233897,2, ,0.0,0.0,0.0,0.0,2,16000,0,1,280,0,0,0
TF,NIGET,43.690000,77.190556,0, ,0.0,0.0,0.0,0.0,2,14000,0,1,280,0,0,0
TF,AA060,43.506672,77.129539,0, ,0.0,0.0,0.0,0.0,2,12000,0,1,250,0,0,0
TF,AA062,43.460383,77.037147,0, ,0.0,0.0,0.0,0.0,2,10000,0,1,250,0,0,0
TF,AA064,43.366258,76.848511,0, ,0.0,0.0,0.0,0.0,2,8300,0,1,210,0,0,0
TF,ALOLI,43.311361,76.739056,0, ,0.0,0.0,0.0,0.0,2,6900,0,1,210,0,0,0
TF,GOSLU,43.236972,76.808278,0, ,0.0,0.0,0.0,0.0,2,5200,0,1,210,0,0,0

STAR,GOGD1M,05L,5
IF,GOGDO,44.423333,77.438333, ,0.0,0.0,2,25000,0,1,315,0,0,0
TF,AA059,43.999147,77.655294,0, ,0.0,0.0,0.0,0.0,2,22000,0,1,280,0,0,0
TF,AA080,43.578625,77.789839,0, ,0.0,0.0,0.0,0.0,2,20000,0,1,280,0,0,0
TF,AA281,43.462428,77.525011,0, ,0.0,0.0,0.0,0.0,2,17000,0,1,280,0,0,0
TF,ATA,43.376528,77.084111,0, ,0.0,0.0,0.0,0.0,2,12000,0,1,280,0,0,0
TF,AA064,43.366258,76.848511,0, ,0.0,0.0,0.0,0.0,2,8700,0,1,210,0,0,0
TF,ALOLI,43.311361,76.739056,0, ,0.0,0.0,0.0,0.0,2,6900,0,1,210,0,0,0
TF,GOSLU,43.236972,76.808278,0, ,0.0,0.0,0.0,0.0,2,5200,0,1,210,0,0,0

STAR,GOGD1M,05R,5
IF,GOGDO,44.423333,77.438333, ,0.0,0.0,2,25000,0,1,315,0,0,0
TF,AA059,43.999147,77.655294,0, ,0.0,0.0,0.0,0.0,2,22000,0,1,280,0,0,0
TF,AA080,43.578625,77.789839,0, ,0.0,0.0,0.0,0.0,2,20000,0,1,280,0,0,0
TF,AA281,43.462428,77.525011,0, ,0.0,0.0,0.0,0.0,2,17000,0,1,280,0,0,0
TF,ATA,43.376528,77.084111,0, ,0.0,0.0,0.0,0.0,2,12000,0,1,280,0,0,0
TF,AA064,43.366258,76.848511,0, ,0.0,0.0,0.0,0.0,2,8700,0,1,210,0,0,0
TF,ALOLI,43.311361,76.739056,0, ,0.0,0.0,0.0,0.0,2,6900,0,1,210,0,0,0
TF,GOSLU,43.236972,76.808278,0, ,0.0,0.0,0.0,0.0,2,5200,0,1,210,0,0,0

STAR,GOGD1N,23L,5
IF,GOGDO,44.423333,77.438333, ,0.0,0.0,2,20000,0,1,280,0,0,0
TF,GAKMA,44.102778,77.818611,0, ,0.0,0.0,0.0,0.0,2,17000,0,1,280,0,0,0
TF,AA232,43.842536,77.662958,0, ,0.0,0.0,0.0,0.0,1,13000,0,1,260,0,0,0
TF,AA234,43.793047,77.769536,0, ,0.0,0.0,0.0,0.0,1,13000,0,1,260,0,0,0
TF,AA236,43.721444,77.848525,0, ,0.0,0.0,0.0,0.0,1,13000,0,1,260,0,0,0
TF,TIRBA,43.582222,77.508611,0, ,0.0,0.0,0.0,0.0,2,9000,0,1,250,0,0,0
TF,AA226,43.519908,77.378058,0, ,0.0,0.0,0.0,0.0,2,6900,0,1,230,0,0,0
TF,LEGLA,43.473750,77.281750,0, ,0.0,0.0,0.0,0.0,2,5200,0,1,230,0,0,0

STAR,GOGD1N,23R,5
IF,GOGDO,44.423333,77.438333, ,0.0,0.0,2,20000,0,1,280,0,0,0
TF,GAKMA,44.102778,77.818611,0, ,0.0,0.0,0.0,0.0,2,17000,0,1,280,0,0,0
TF,AA232,43.842536,77.662958,0, ,0.0,0.0,0.0,0.0,1,13000,0,1,260,0,0,0
TF,AA234,43.793047,77.769536,0, ,0.0,0.0,0.0,0.0,1,13000,0,1,260,0,0,0
TF,AA236,43.721444,77.848525,0, ,0.0,0.0,0.0,0.0,1,13000,0,1,260,0,0,0
TF,TIRBA,43.582222,77.508611,0, ,0.0,0.0,0.0,0.0,2,9000,0,1,250,0,0,0
TF,AA226,43.519908,77.378058,0, ,0.0,0.0,0.0,0.0,2,6900,0,1,230,0,0,0
TF,LEGLA,43.473750,77.281750,0, ,0.0,0.0,0.0,0.0,2,5200,0,1,230,0,0,0

STAR,GOGD5B,05L,2
IF,GOGDO,44.423333,77.438333, ,0.0,0.0,0,0,0,0,0,0,0,0
TF,ATA,43.376528,77.084111,0, ,0.0,0.0,0.0,0.0,2,20000,0,0,0,0,0,0

STAR,GOGD5B,05R,2
IF,GOGDO,44.423333,77.438333, ,0.0,0.0,0,0,0,0,0,0,0,0
TF,ATA,43.376528,77.084111,0, ,0.0,0.0,0.0,0.0,2,20000,0,0,0,0,0,0

STAR,GOGD5D,23L,2
IF,GOGDO,44.423333,77.438333, ,0.0,0.0,0,0,0,0,0,0,0,0
TF,D009M,43.594833,77.160306,0, ,0.0,0.0,0.0,0.0,1,5200,0,0,0,0,0,0

STAR,GOGD5D,23R,2
IF,GOGDO,44.423333,77.438333, ,0.0,0.0,0,0,0,0,0,0,0,0
TF,D009M,43.594833,77.160306,0, ,0.0,0.0,0.0,0.0,1,5200,0,0,0,0,0,0

STAR,GOGD5K,05L,2
IF,GOGDO,44.423333,77.438333, ,0.0,0.0,0,0,0,0,0,0,0,0
TF,ATA,43.376528,77.084111,0, ,0.0,0.0,0.0,0.0,1,20000,0,0,0,0,0,0

STAR,GOGD5K,05R,2
IF,GOGDO,44.423333,77.438333, ,0.0,0.0,0,0,0,0,0,0,0,0
TF,ATA,43.376528,77.084111,0, ,0.0,0.0,0.0,0.0,1,20000,0,0,0,0,0,0

STAR,GOGD5L,23L,2
IF,GOGDO,44.423333,77.438333, ,0.0,0.0,0,0,0,0,0,0,0,0
TF,ATA,43.376528,77.084111,0, ,0.0,0.0,0.0,0.0,2,20000,0,0,0,0,0,0

STAR,GOGD5L,23R,2
IF,GOGDO,44.423333,77.438333, ,0.0,0.0,0,0,0,0,0,0,0,0
TF,ATA,43.376528,77.084111,0, ,0.0,0.0,0.0,0.0,2,20000,0,0,0,0,0,0

STAR,LAKE1J,05L,5
IF,LAKEL,43.204444,76.910833, ,0.0,0.0,2,19000,0,1,315,0,0,0
TF,ATA,43.376528,77.084111,0, ,0.0,0.0,0.0,0.0,2,19000,0,1,280,0,0,0
HM,ATA,43.376528,77.084111,2, ,0.0,0.0,231.0,04.3,2,12000,0,1,250,0,0,0,0
TF,AA064,43.366258,76.848511,0, ,0.0,0.0,0.0,0.0,2,8700,0,1,210,0,0,0
TF,ALOLI,43.311361,76.739056,0, ,0.0,0.0,0.0,0.0,2,6900,0,1,210,0,0,0
TF,GOSLU,43.236972,76.808278,0, ,0.0,0.0,0.0,0.0,2,5200,0,1,210,0,0,0

STAR,LAKE1J,05R,5
IF,LAKEL,43.204444,76.910833, ,0.0,0.0,2,19000,0,1,315,0,0,0
TF,ATA,43.376528,77.084111,0, ,0.0,0.0,0.0,0.0,2,19000,0,1,280,0,0,0
HM,ATA,43.376528,77.084111,2, ,0.0,0.0,231.0,04.3,2,12000,0,1,250,0,0,0,0
TF,AA064,43.366258,76.848511,0, ,0.0,0.0,0.0,0.0,2,8700,0,1,210,0,0,0
TF,ALOLI,43.311361,76.739056,0, ,0.0,0.0,0.0,0.0,2,6900,0,1,210,0,0,0
TF,GOSLU,43.236972,76.808278,0, ,0.0,0.0,0.0,0.0,2,5200,0,1,210,0,0,0

STAR,LAKE1M,23L,5
IF,LAKEL,43.204444,76.910833, ,0.0,0.0,2,19000,0,1,315,0,0,0
TF,ATA,43.376528,77.084111,0, ,0.0,0.0,0.0,0.0,2,19000,0,1,250,0,0,0
HM,ATA,43.376528,77.084111,1, ,0.0,0.0,51.0,04.3,2,12000,0,1,250,0,0,0,0
TF,AA224,43.496444,77.108308,0, ,0.0,0.0,0.0,0.0,2,9500,0,1,250,0,0,0
TF,GEKTI,43.548167,77.212333,0, ,0.0,0.0,0.0,0.0,2,7800,0,1,250,0,0,0
TF,AA223,43.595342,77.306833,0, ,0.0,0.0,0.0,0.0,2,6600,0,1,230,0,0,0
TF,AA226,43.519908,77.378058,0, ,0.0,0.0,0.0,0.0,2,6600,0,1,230,0,0,0
TF,LEGLA,43.473750,77.281750,2, ,0.0,0.0,0.0,0.0,2,5200,0,1,230,0,0,0

STAR,LAKE1M,23R,5
IF,LAKEL,43.204444,76.910833, ,0.0,0.0,2,19000,0,1,315,0,0,0
TF,ATA,43.376528,77.084111,0, ,0.0,0.0,0.0,0.0,2,19000,0,1,250,0,0,0
HM,ATA,43.376528,77.084111,1, ,0.0,0.0,51.0,04.3,2,12000,0,1,250,0,0,0,0
TF,AA224,43.496444,77.108308,0, ,0.0,0.0,0.0,0.0,2,9500,0,1,250,0,0,0
TF,GEKTI,43.548167,77.212333,0, ,0.0,0.0,0.0,0.0,2,7800,0,1,250,0,0,0
TF,AA223,43.595342,77.306833,0, ,0.0,0.0,0.0,0.0,2,6600,0,1,230,0,0,0
TF,AA226,43.519908,77.378058,0, ,0.0,0.0,0.0,0.0,2,6600,0,1,230,0,0,0
TF,LEGLA,43.473750,77.281750,2, ,0.0,0.0,0.0,0.0,2,5200,0,1,230,0,0,0

STAR,LAKE5A,05L,2
IF,LAKEL,43.204444,76.910833, ,0.0,0.0,1,20000,0,0,0,0,0,0
TF,ATA,43.376528,77.084111,0, ,0.0,0.0,0.0,0.0,2,20000,0,0,0,0,0,0

STAR,LAKE5A,05R,2
IF,LAKEL,43.204444,76.910833, ,0.0,0.0,1,20000,0,0,0,0,0,0
TF,ATA,43.376528,77.084111,0, ,0.0,0.0,0.0,0.0,2,20000,0,0,0,0,0,0

STAR,LAKE5C,23L,2
IF,LAKEL,43.204444,76.910833, ,0.0,0.0,1,20000,0,0,0,0,0,0
TF,ATA,43.376528,77.084111,0, ,0.0,0.0,0.0,0.0,2,20000,0,0,0,0,0,0

STAR,LAKE5C,23R,2
IF,LAKEL,43.204444,76.910833, ,0.0,0.0,1,20000,0,0,0,0,0,0
TF,ATA,43.376528,77.084111,0, ,0.0,0.0,0.0,0.0,2,20000,0,0,0,0,0,0

STAR,LAKE5K,05L,2
IF,LAKEL,43.204444,76.910833, ,0.0,0.0,1,20000,0,0,0,0,0,0
TF,ATA,43.376528,77.084111,0, ,0.0,0.0,0.0,0.0,1,20000,0,0,0,0,0,0

STAR,LAKE5K,05R,2
IF,LAKEL,43.204444,76.910833, ,0.0,0.0,1,20000,0,0,0,0,0,0
TF,ATA,43.376528,77.084111,0, ,0.0,0.0,0.0,0.0,1,20000,0,0,0,0,0,0

STAR,LAKE5L,23L,2
IF,LAKEL,43.204444,76.910833, ,0.0,0.0,1,20000,0,0,0,0,0,0
TF,ATA,43.376528,77.084111,0, ,0.0,0.0,0.0,0.0,2,20000,0,0,0,0,0,0

STAR,LAKE5L,23R,2
IF,LAKEL,43.204444,76.910833, ,0.0,0.0,1,20000,0,0,0,0,0,0
TF,ATA,43.376528,77.084111,0, ,0.0,0.0,0.0,0.0,2,20000,0,0,0,0,0,0

STAR,PIGA1F,05L,5
IF,PIGAL,43.574444,78.065556, ,0.0,0.0,2,22000,0,1,315,0,0,0
TF,AA080,43.578625,77.789839,0, ,0.0,0.0,0.0,0.0,2,20000,0,1,280,0,0,0
TF,AA281,43.462428,77.525011,0, ,0.0,0.0,0.0,0.0,2,17000,0,1,280,0,0,0
TF,ATA,43.376528,77.084111,0, ,0.0,0.0,0.0,0.0,2,12000,0,1,250,0,0,0
TF,AA064,43.366258,76.848511,0, ,0.0,0.0,0.0,0.0,2,8700,0,1,210,0,0,0
TF,ALOLI,43.311361,76.739056,0, ,0.0,0.0,0.0,0.0,2,6900,0,1,210,0,0,0
TF,GOSLU,43.236972,76.808278,0, ,0.0,0.0,0.0,0.0,2,5200,0,1,210,0,0,0

STAR,PIGA1F,05R,5
IF,PIGAL,43.574444,78.065556, ,0.0,0.0,2,22000,0,1,315,0,0,0
TF,AA080,43.578625,77.789839,0, ,0.0,0.0,0.0,0.0,2,20000,0,1,280,0,0,0
TF,AA281,43.462428,77.525011,0, ,0.0,0.0,0.0,0.0,2,17000,0,1,280,0,0,0
TF,ATA,43.376528,77.084111,0, ,0.0,0.0,0.0,0.0,2,12000,0,1,250,0,0,0
TF,AA064,43.366258,76.848511,0, ,0.0,0.0,0.0,0.0,2,8700,0,1,210,0,0,0
TF,ALOLI,43.311361,76.739056,0, ,0.0,0.0,0.0,0.0,2,6900,0,1,210,0,0,0
TF,GOSLU,43.236972,76.808278,0, ,0.0,0.0,0.0,0.0,2,5200,0,1,210,0,0,0

STAR,PIGA3B,05L,2
IF,PIGAL,43.574444,78.065556, ,0.0,0.0,0,0,0,0,0,0,0,0
TF,TIRBA,43.582222,77.508611,0, ,0.0,0.0,0.0,0.0,2,15000,0,0,0,0,0,0
TF,ATA,43.376528,77.084111,0, ,0.0,0.0,0.0,0.0,2,10000,0,0,0,0,0,0

STAR,PIGA3B,05R,2
IF,PIGAL,43.574444,78.065556, ,0.0,0.0,0,0,0,0,0,0,0,0
TF,TIRBA,43.582222,77.508611,0, ,0.0,0.0,0.0,0.0,2,15000,0,0,0,0,0,0
TF,ATA,43.376528,77.084111,0, ,0.0,0.0,0.0,0.0,2,10000,0,0,0,0,0,0

STAR,PIGA3C,23L,2
IF,PIGAL,43.574444,78.065556, ,0.0,0.0,0,0,0,0,0,0,0,0
TF,TIRBA,43.582222,77.508611,0, ,0.0,0.0,0.0,0.0,4,11000,10000,0,0,0,0,0
TF,LEGLA,43.473750,77.281750,0, ,0.0,0.0,0.0,0.0,1,5200,0,0,0,0,0,0

STAR,PIGA3C,23R,2
IF,PIGAL,43.574444,78.065556, ,0.0,0.0,0,0,0,0,0,0,0,0
TF,TIRBA,43.582222,77.508611,0, ,0.0,0.0,0.0,0.0,4,11000,10000,0,0,0,0,0
TF,LEGLA,43.473750,77.281750,0, ,0.0,0.0,0.0,0.0,1,5200,0,0,0,0,0,0

STAR,RISA5C,23L,2
IF,RISAD,44.223333,76.220000, ,0.0,0.0,0,0,0,0,0,0,0,0
TF,ADABA,43.972222,76.335833,0, ,0.0,0.0,0.0,0.0,2,8000,0,0,0,0,0,0
TF,OGIRU,43.560000,76.855278,0, ,0.0,0.0,0.0,0.0,0,0,0,0,0,0,0,0
TF,OKRAT,43.509444,76.918333,0, ,0.0,0.0,0.0,0.0,1,7000,0,0,0,0,0,0
TF,D016J,43.532083,77.163611,0, ,0.0,0.0,0.0,0.0,1,5200,0,0,0,0,0,0

STAR,RISA5C,23R,2
IF,RISAD,44.223333,76.220000, ,0.0,0.0,0,0,0,0,0,0,0,0
TF,ADABA,43.972222,76.335833,0, ,0.0,0.0,0.0,0.0,2,8000,0,0,0,0,0,0
TF,OGIRU,43.560000,76.855278,0, ,0.0,0.0,0.0,0.0,0,0,0,0,0,0,0,0
TF,OKRAT,43.509444,76.918333,0, ,0.0,0.0,0.0,0.0,1,7000,0,0,0,0,0,0
TF,D016J,43.532083,77.163611,0, ,0.0,0.0,0.0,0.0,1,5200,0,0,0,0,0,0

STAR,RISA5L,23L,2
IF,RISAD,44.223333,76.220000, ,0.0,0.0,0,0,0,0,0,0,0,0
TF,ADABA,43.972222,76.335833,0, ,0.0,0.0,0.0,0.0,0,0,0,0,0,0,0,0
TF,OGIRU,43.560000,76.855278,0, ,0.0,0.0,0.0,0.0,0,0,0,0,0,0,0,0
TF,ATA,43.376528,77.084111,0, ,0.0,0.0,0.0,0.0,1,20000,0,0,0,0,0,0

STAR,RISA5L,23R,2
IF,RISAD,44.223333,76.220000, ,0.0,0.0,0,0,0,0,0,0,0,0
TF,ADABA,43.972222,76.335833,0, ,0.0,0.0,0.0,0.0,0,0,0,0,0,0,0,0
TF,OGIRU,43.560000,76.855278,0, ,0.0,0.0,0.0,0.0,0,0,0,0,0,0,0,0
TF,ATA,43.376528,77.084111,0, ,0.0,0.0,0.0,0.0,1,20000,0,0,0,0,0,0

STAR,TIPS1D,05L,5
IF,TIPSA,43.635833,75.530278, ,0.0,0.0,2,20000,0,1,315,0,0,0
TF,AA070,43.621186,75.870781,0, ,0.0,0.0,0.0,0.0,1,18000,0,1,280,0,0,0
TF,AA072,43.736742,75.910069,0, ,0.0,0.0,0.0,0.0,1,18000,0,1,280,0,0,0
TF,REGMU,43.834722,76.003333,0, ,0.0,0.0,0.0,0.0,1,18000,0,1,280,0,0,0
TF,AA084,43.902372,76.138617,0, ,0.0,0.0,0.0,0.0,1,18000,0,1,280,0,0,0
TF,USUGA,43.600000,76.326111,0, ,0.0,0.0,0.0,0.0,2,14000,0,1,280,0,0,0
TF,AA074,43.478181,76.364736,0, ,0.0,0.0,0.0,0.0,2,12000,0,1,280,0,0,0
TF,AA016,43.405936,76.459661,0, ,0.0,0.0,0.0,0.0,3,10000,0,1,250,0,0,0
TF,AA065,43.264075,76.645097,0, ,0.0,0.0,0.0,0.0,2,7500,0,1,230,0,0,0
TF,GOSLU,43.236972,76.808278,0, ,0.0,0.0,0.0,0.0,2,5200,0,1,210,0,0,0

STAR,TIPS1D,05R,5
IF,TIPSA,43.635833,75.530278, ,0.0,0.0,2,20000,0,1,315,0,0,0
TF,AA070,43.621186,75.870781,0, ,0.0,0.0,0.0,0.0,1,18000,0,1,280,0,0,0
TF,AA072,43.736742,75.910069,0, ,0.0,0.0,0.0,0.0,1,18000,0,1,280,0,0,0
TF,REGMU,43.834722,76.003333,0, ,0.0,0.0,0.0,0.0,1,18000,0,1,280,0,0,0
TF,AA084,43.902372,76.138617,0, ,0.0,0.0,0.0,0.0,1,18000,0,1,280,0,0,0
TF,USUGA,43.600000,76.326111,0, ,0.0,0.0,0.0,0.0,2,14000,0,1,280,0,0,0
TF,AA074,43.478181,76.364736,0, ,0.0,0.0,0.0,0.0,2,12000,0,1,280,0,0,0
TF,AA016,43.405936,76.459661,0, ,0.0,0.0,0.0,0.0,3,10000,0,1,250,0,0,0
TF,AA065,43.264075,76.645097,0, ,0.0,0.0,0.0,0.0,2,7500,0,1,230,0,0,0
TF,GOSLU,43.236972,76.808278,0, ,0.0,0.0,0.0,0.0,2,5200,0,1,210,0,0,0

STAR,TIPS5C,23L,2
IF,TIPSA,43.635833,75.530278, ,0.0,0.0,0,0,0,0,0,0,0,0
TF,USUGA,43.600000,76.326111,0, ,0.0,0.0,0.0,0.0,2,12000,0,0,0,0,0,0
TF,OKRAT,43.509444,76.918333,0, ,0.0,0.0,0.0,0.0,1,7000,0,0,0,0,0,0
TF,D016J,43.532083,77.163611,0, ,0.0,0.0,0.0,0.0,1,5200,0,0,0,0,0,0

STAR,TIPS5C,23R,2
IF,TIPSA,43.635833,75.530278, ,0.0,0.0,0,0,0,0,0,0,0,0
TF,USUGA,43.600000,76.326111,0, ,0.0,0.0,0.0,0.0,2,12000,0,0,0,0,0,0
TF,OKRAT,43.509444,76.918333,0, ,0.0,0.0,0.0,0.0,1,7000,0,0,0,0,0,0
TF,D016J,43.532083,77.163611,0, ,0.0,0.0,0.0,0.0,1,5200,0,0,0,0,0,0

STAR,TIPS5L,23L,2
IF,TIPSA,43.635833,75.530278, ,0.0,0.0,0,0,0,0,0,0,0,0
TF,USUGA,43.600000,76.326111,0, ,0.0,0.0,0.0,0.0,0,0,0,0,0,0,0,0
TF,ATA,43.376528,77.084111,0, ,0.0,0.0,0.0,0.0,1,20000,0,0,0,0,0,0

STAR,TIPS5L,23R,2
IF,TIPSA,43.635833,75.530278, ,0.0,0.0,0,0,0,0,0,0,0,0
TF,USUGA,43.600000,76.326111,0, ,0.0,0.0,0.0,0.0,0,0,0,0,0,0,0,0
TF,ATA,43.376528,77.084111,0, ,0.0,0.0,0.0,0.0,1,20000,0,0,0,0,0,0

STAR,TUKT1D,05L,5
IF,TUKTO,44.193333,76.141667, ,0.0,0.0,2,22000,0,1,315,0,0,0
TF,AA071,44.014503,76.197653,0, ,0.0,0.0,0.0,0.0,2,20000,0,1,280,0,0,0
TF,AA073,43.882822,76.238664,0, ,0.0,0.0,0.0,0.0,1,19000,0,1,280,0,0,0
TF,AA075,43.833389,76.089150,0, ,0.0,0.0,0.0,0.0,1,19000,0,1,280,0,0,0
TF,AA077,43.744539,75.979986,0, ,0.0,0.0,0.0,0.0,1,19000,0,1,280,0,0,0
TF,AA087,43.631408,75.929517,0, ,0.0,0.0,0.0,0.0,1,19000,0,1,280,0,0,0
TF,USUGA,43.600000,76.326111,0, ,0.0,0.0,0.0,0.0,2,14000,0,1,280,0,0,0
TF,AA074,43.478181,76.364736,0, ,0.0,0.0,0.0,0.0,2,12000,0,1,280,0,0,0
TF,AA016,43.405936,76.459661,0, ,0.0,0.0,0.0,0.0,3,10000,0,1,250,0,0,0
TF,AA065,43.264075,76.645097,0, ,0.0,0.0,0.0,0.0,2,7500,0,1,230,0,0,0
TF,GOSLU,43.236972,76.808278,0, ,0.0,0.0,0.0,0.0,2,5200,0,1,210,0,0,0

STAR,TUKT1D,05R,5
IF,TUKTO,44.193333,76.141667, ,0.0,0.0,2,22000,0,1,315,0,0,0
TF,AA071,44.014503,76.197653,0, ,0.0,0.0,0.0,0.0,2,20000,0,1,280,0,0,0
TF,AA073,43.882822,76.238664,0, ,0.0,0.0,0.0,0.0,1,19000,0,1,280,0,0,0
TF,AA075,43.833389,76.089150,0, ,0.0,0.0,0.0,0.0,1,19000,0,1,280,0,0,0
TF,AA077,43.744539,75.979986,0, ,0.0,0.0,0.0,0.0,1,19000,0,1,280,0,0,0
TF,AA087,43.631408,75.929517,0, ,0.0,0.0,0.0,0.0,1,19000,0,1,280,0,0,0
TF,USUGA,43.600000,76.326111,0, ,0.0,0.0,0.0,0.0,2,14000,0,1,280,0,0,0
TF,AA074,43.478181,76.364736,0, ,0.0,0.0,0.0,0.0,2,12000,0,1,280,0,0,0
TF,AA016,43.405936,76.459661,0, ,0.0,0.0,0.0,0.0,3,10000,0,1,250,0,0,0
TF,AA065,43.264075,76.645097,0, ,0.0,0.0,0.0,0.0,2,7500,0,1,230,0,0,0
TF,GOSLU,43.236972,76.808278,0, ,0.0,0.0,0.0,0.0,2,5200,0,1,210,0,0,0

STAR,TUKT1G,23L,5
IF,TUKTO,44.193333,76.141667, ,0.0,0.0,2,26000,0,1,315,0,0,0
TF,AA227,43.783442,76.269472,0, ,0.0,0.0,0.0,0.0,2,23000,0,1,280,0,0,0
TF,USUGA,43.600000,76.326111,0, ,0.0,0.0,0.0,0.0,2,21000,0,1,280,0,0,0
TF,AA215,43.287453,76.421808,0, ,0.0,0.0,0.0,0.0,2,18000,0,1,280,0,0,0
TF,AA065,43.264075,76.645097,0, ,0.0,0.0,0.0,0.0,2,16000,0,1,280,0,0,0
TF,ATA,43.376528,77.084111,0, ,0.0,0.0,0.0,0.0,2,12000,0,1,250,0,0,0
TF,AA224,43.496444,77.108308,0, ,0.0,0.0,0.0,0.0,2,9500,0,1,250,0,0,0
TF,GEKTI,43.548167,77.212333,0, ,0.0,0.0,0.0,0.0,2,7800,0,1,250,0,0,0
TF,AA223,43.595342,77.306833,0, ,0.0,0.0,0.0,0.0,2,6600,0,1,230,0,0,0
TF,AA226,43.519908,77.378058,0, ,0.0,0.0,0.0,0.0,2,6600,0,1,230,0,0,0
TF,LEGLA,43.473750,77.281750,2, ,0.0,0.0,0.0,0.0,2,5200,0,1,230,0,0,0

STAR,TUKT1G,23R,5
IF,TUKTO,44.193333,76.141667, ,0.0,0.0,2,26000,0,1,315,0,0,0
TF,AA227,43.783442,76.269472,0, ,0.0,0.0,0.0,0.0,2,23000,0,1,280,0,0,0
TF,USUGA,43.600000,76.326111,0, ,0.0,0.0,0.0,0.0,2,21000,0,1,280,0,0,0
TF,AA215,43.287453,76.421808,0, ,0.0,0.0,0.0,0.0,2,18000,0,1,280,0,0,0
TF,AA065,43.264075,76.645097,0, ,0.0,0.0,0.0,0.0,2,16000,0,1,280,0,0,0
TF,ATA,43.376528,77.084111,0, ,0.0,0.0,0.0,0.0,2,12000,0,1,250,0,0,0
TF,AA224,43.496444,77.108308,0, ,0.0,0.0,0.0,0.0,2,9500,0,1,250,0,0,0
TF,GEKTI,43.548167,77.212333,0, ,0.0,0.0,0.0,0.0,2,7800,0,1,250,0,0,0
TF,AA223,43.595342,77.306833,0, ,0.0,0.0,0.0,0.0,2,6600,0,1,230,0,0,0
TF,AA226,43.519908,77.378058,0, ,0.0,0.0,0.0,0.0,2,6600,0,1,230,0,0,0
TF,LEGLA,43.473750,77.281750,2, ,0.0,0.0,0.0,0.0,2,5200,0,1,230,0,0,0

STAR,TUKT5C,23L,2
IF,TUKTO,44.193333,76.141667, ,0.0,0.0,0,0,0,0,0,0,0,0
TF,ADABA,43.972222,76.335833,0, ,0.0,0.0,0.0,0.0,2,8000,0,0,0,0,0,0
TF,OGIRU,43.560000,76.855278,0, ,0.0,0.0,0.0,0.0,0,0,0,0,0,0,0,0
TF,OKRAT,43.509444,76.918333,0, ,0.0,0.0,0.0,0.0,1,7000,0,0,0,0,0,0
TF,D016J,43.532083,77.163611,0, ,0.0,0.0,0.0,0.0,1,5200,0,0,0,0,0,0

STAR,TUKT5C,23R,2
IF,TUKTO,44.193333,76.141667, ,0.0,0.0,0,0,0,0,0,0,0,0
TF,ADABA,43.972222,76.335833,0, ,0.0,0.0,0.0,0.0,2,8000,0,0,0,0,0,0
TF,OGIRU,43.560000,76.855278,0, ,0.0,0.0,0.0,0.0,0,0,0,0,0,0,0,0
TF,OKRAT,43.509444,76.918333,0, ,0.0,0.0,0.0,0.0,1,7000,0,0,0,0,0,0
TF,D016J,43.532083,77.163611,0, ,0.0,0.0,0.0,0.0,1,5200,0,0,0,0,0,0

STAR,TUKT5L,23L,2
IF,TUKTO,44.193333,76.141667, ,0.0,0.0,0,0,0,0,0,0,0,0
TF,ADABA,43.972222,76.335833,0, ,0.0,0.0,0.0,0.0,0,0,0,0,0,0,0,0
TF,OGIRU,43.560000,76.855278,0, ,0.0,0.0,0.0,0.0,0,0,0,0,0,0,0,0
TF,ATA,43.376528,77.084111,0, ,0.0,0.0,0.0,0.0,1,20000,0,0,0,0,0,0

STAR,TUKT5L,23R,2
IF,TUKTO,44.193333,76.141667, ,0.0,0.0,0,0,0,0,0,0,0,0
TF,ADABA,43.972222,76.335833,0, ,0.0,0.0,0.0,0.0,0,0,0,0,0,0,0,0
TF,OGIRU,43.560000,76.855278,0, ,0.0,0.0,0.0,0.0,0,0,0,0,0,0,0,0
TF,ATA,43.376528,77.084111,0, ,0.0,0.0,0.0,0.0,1,20000,0,0,0,0,0,0

APPTR,D05L,05L,ATA
IF,ATA,43.376528,77.084111, ,0.0,0.0,2,10000,0,0,0,0,1,0
CF,D253M,43.331111,76.796111,0,ATA,252.9,12.9,253.0,12.9,2,5200,0,0,0,0,0,0
CI,0, ,0.0,253.0,0,0,0,0,0,0,0,0
AF,GOSLU,43.236972,76.808278,1,ATA,230.4,14.7,253.0,2,5200,0,0,0,0,1,0

APPTR,D05L,05L,D266Q
IF,D266Q,43.378778,76.687583, ,0.0,0.0,2,7000,0,0,0,0,1,0
CI,0, ,0.0,84.0,0,0,0,0,0,0,0,0
AF,GOSLU,43.236972,76.808278,1,ATA,230.4,14.7,266.0,2,5200,0,0,0,0,1,0

FINAL,D05L,05L,D,3
IF,GOSLU,43.236972,76.808278,ATA,230.4,14.7,2,5200,0,0,0,0,0,0
CF,LIKRU,43.291603,76.912953,0,ATA,230.9,9.1,51.0,5.6,2,4200,0,0,0,0,2,0
CF,MD05L,43.338142,77.006611,0,ATA,230.9,4.1,51.0,5.0,1,2589,0,0,0,0,3,0
CF,ATA,43.376528,77.084111,0,ATA,0.0,0.0,51.0,4.1,0,0,0,0,0,0,0,0
CA,0,51.0,2,3200,0,0,0,0,0,0
VM,0,0,1,249.0,1,5200,0,1,240,0,0,0

APPTR,D05R,05R,ATA
IF,ATA,43.376528,77.084111, ,0.0,0.0,2,10000,0,0,0,0,1,0
CF,D253M,43.331111,76.796111,0,ATA,252.9,12.9,253.0,12.9,2,5200,0,0,0,0,0,0
CI,0, ,0.0,253.0,0,0,0,0,0,0,0,0
AF,CF05R,43.235722,76.809722,1,ATA,230.0,14.7,253.0,2,5200,0,0,0,0,1,0

APPTR,D05R,05R,D266Q
IF,D266Q,43.378778,76.687583, ,0.0,0.0,2,7000,0,0,0,0,1,0
CI,0, ,0.0,84.0,0,0,0,0,0,0,0,0
AF,CF05R,43.235722,76.809722,1,ATA,230.0,14.7,266.0,2,5200,0,0,0,0,1,0

FINAL,D05R,05R,D,3
IF,CF05R,43.235722,76.809722,ATA,230.0,14.7,2,5200,0,0,0,0,0,0
CF,FD05R,43.283722,76.902972,0,ATA,230.0,9.7,50.0,5.0,2,4200,0,0,0,0,2,0
CF,MD05R,43.332511,76.998061,0,ATA,230.0,4.6,50.0,5.1,1,2597,0,0,0,0,3,0
CF,ATA,43.376528,77.084111,0,ATA,0.0,0.0,50.0,4.6,0,0,0,0,0,0,0,0
CA,0,50.0,2,3900,0,0,0,0,0,0
VM,0,0,1,249.0,1,5200,0,1,240,0,0,0

APPTR,D23R,23R,ATA
IF,ATA,43.376528,77.084111, ,0.0,0.0,2,10000,0,0,0,0,1,0
CF,D017J,43.518333,77.162778,0,ATA,17.0,9.2,40.0,9.0,2,5200,0,0,0,0,0,0
CI,0, ,0.0,40.0,0,0,0,0,0,0,0,0
AF,LEGLA,43.473750,77.281750,2,ATA,50.9,10.4,20.0,2,5200,0,0,0,0,1,0

APPTR,D23R,23R,D009M
IF,D009M,43.594833,77.160306, ,0.0,0.0,2,5200,0,0,0,0,1,0
CI,0, ,0.0,189.0,0,0,0,0,0,0,0,0
AF,LEGLA,43.473750,77.281750,2,ATA,50.9,10.4,9.0,2,5200,0,0,0,0,1,0

APPTR,D23R,23R,D016J
IF,D016J,43.532083,77.163611, ,0.0,0.0,2,5200,0,0,0,0,1,0
CI,0, ,0.0,78.0,0,0,0,0,0,0,0,0
AF,LEGLA,43.473750,77.281750,2,ATA,50.9,10.4,20.0,2,5200,0,0,0,0,1,0

APPTR,D23R,23R,D333M
IF,D333M,43.584861,76.968028, ,0.0,0.0,2,7000,0,0,0,0,1,0
CI,0, ,0.0,152.0,0,0,0,0,0,0,0,0
AF,LEGLA,43.473750,77.281750,2,ATA,50.9,10.4,333.0,2,5200,0,0,0,0,1,0

FINAL,D23R,23R,D,3
IF,LEGLA,43.473750,77.281750,ATA,50.9,10.4,2,5200,0,0,0,0,0,0
CF,ODLUR,43.425658,77.183597,0,ATA,50.9,5.3,231.0,5.2,2,4200,0,0,0,0,2,0
CF,ATA,43.376528,77.084111,0,ATA,0.0,0.0,231.0,5.3,1,2495,0,0,0,0,3,0
FA,ATA,43.376528,77.084111,0,ATA,0.0,0.0,231.0,2,3200,0,0,0,0,0,0
VM,0,0,2,40.0,1,5200,0,1,240,0,0,0

APPTR,I05LY,05L,ALOLI
FC,ALOLI,43.311361,76.739056,0,ATA,0.0,0.0,141.0,3.2,2,5200,0,0,0,0,1,1
CI,0,IMA,0.0,81.0,0,0,0,0,0,0,0,0

FINAL,I05LY,05L,I,3
IF,GOSLU,43.236972,76.808278,IMA,230.4,14.4,2,5200,0,0,0,0,0,0
CF,LIKRU,43.291603,76.912953,0,IMA,230.9,8.7,51.0,5.6,1,4200,0,0,0,0,2,0
CF,RW05L,43.347344,77.025186,0,IMA,230.9,2.8,51.0,6.0,1,2275,0,0,0,0,3,0
CF,ATA,43.376528,77.084111,0,ATA,0.0,0.0,51.0,3.1,0,0,0,0,0,0,0,0
CA,0,51.0,2,3200,0,0,0,0,0,0
VM,0,0,1,249.0,1,5200,0,1,240,0,0,0

APPTR,I05LZ,05L,ATA
IF,ATA,43.376528,77.084111, ,0.0,0.0,2,10000,0,0,0,0,1,0
CF,D253M,43.331111,76.796111,0,ATA,252.9,12.9,253.0,12.9,2,5200,0,0,0,0,0,0
CI,0, ,0.0,253.0,0,0,0,0,0,0,0,0
AF,D239N,43.268706,76.782706,1,ATA,239.0,14.7,253.0,0,0,0,0,0,0,0,0
CI,0,IMA,0.0,81.0,0,0,0,0,0,0,0,0

APPTR,I05LZ,05L,D266Q
IF,D266Q,43.378778,76.687583, ,0.0,0.0,2,7000,0,0,0,0,1,0
CI,0, ,0.0,84.0,0,0,0,0,0,0,0,0
AF,D239N,43.268706,76.782706,1,ATA,239.0,14.7,265.0,0,0,0,0,0,0,0,0
CI,0,IMA,0.0,81.0,0,0,0,0,0,0,0,0

FINAL,I05LZ,05L,I,3
IF,GOSLU,43.236972,76.808278,IMA,230.4,14.4,2,5200,0,0,0,0,0,0
CF,LIKRU,43.291603,76.912953,0,IMA,230.9,8.7,51.0,5.6,1,4200,0,0,0,0,2,0
CF,RW05L,43.347344,77.025186,0,IMA,230.9,2.8,51.0,6.0,1,2275,0,0,0,0,3,0
CF,ATA,43.376528,77.084111,0,ATA,0.0,0.0,51.0,3.1,0,0,0,0,0,0,0,0
CA,0,51.0,2,3200,0,0,0,0,0,0
VM,0,0,1,249.0,1,5200,0,1,240,0,0,0

APPTR,I05R,05R,ALOLI
FC,ALOLI,43.311361,76.739056,0,ATA,0.0,0.0,141.0,3.2,2,5200,0,0,0,0,1,1
VI,0,ILM,0.0,81.0,0,0,0,0,0,0,0,0

FINAL,I05R,05R,I,3
IF,GOSLU,43.236972,76.808278,ILM,230.8,14.0,2,5200,0,0,0,0,0,0
CF,DITLO,43.285586,76.905431,0,ILM,230.8,8.9,51.0,5.2,1,4200,0,0,0,0,2,0
CF,RW05R,43.341239,77.017458,0,ILM,230.8,2.9,51.0,5.9,1,2279,0,0,0,0,3,0
CF,ATA,43.376528,77.084111,0,ATA,0.0,0.0,51.0,3.6,0,0,0,0,0,0,0,0
CA,0,51.0,2,3200,0,0,0,0,0,0
VM,0,0,1,249.0,1,5200,0,1,240,0,0,0

APPTR,I23LY,23L,GEKTI
FC,GEKTI,43.548167,77.212333,0,ATA,0.0,0.0,141.0,3.2,2,5200,0,0,0,0,1,1
CI,0,IAL,0.0,201.0,0,0,0,0,0,0,0,0

FINAL,I23LY,23L,I,3
IF,LEGLA,43.473750,77.281750,IAL,50.4,14.3,2,5200,0,0,0,0,0,0
CF,SUGUM,43.418697,77.174094,0,IAL,50.8,8.6,231.0,5.8,1,4200,0,0,0,0,2,0
CF,RW23L,43.363478,77.062344,0,IAL,50.8,2.7,231.0,5.9,1,2289,0,0,0,0,3,0
CA,0,231.0,2,4200,0,0,0,0,0,0
VM,0,0,2,40.0,1,5200,0,1,240,0,0,0

APPTR,I23RY,23R,GEKTI
FC,GEKTI,43.548167,77.212333,0,ATA,0.0,0.0,141.0,3.2,2,5200,0,0,0,0,0,1
CI,2,IAA,0.0,201.0,0,0,0,0,0,0,0,0

FINAL,I23RY,23R,I,3
IF,LEGLA,43.473750,77.281750,IAA,50.9,13.9,1,5200,0,0,0,0,0,0
CF,ODLUR,43.425658,77.183597,0,IAA,50.8,8.8,231.0,5.2,1,4200,0,0,0,0,2,0
CF,RW23R,43.370092,77.071111,0,IAA,50.8,2.8,231.0,5.9,1,2276,0,0,0,0,3,0
CA,0,231.0,2,3200,0,0,0,0,0,0
VM,0,0,2,40.0,1,5200,0,1,240,0,0,0

APPTR,I23RZ,23R,ATA
IF,ATA,43.376528,77.084111, ,0.0,0.0,2,10000,0,0,0,0,1,0
CF,D017J,43.518333,77.162778,0,ATA,17.0,9.2,40.0,9.0,2,5200,0,0,0,0,0,0
CI,0, ,0.0,40.0,0,0,0,0,0,0,0,0
AF,D039K,43.501114,77.249547,2,ATA,39.0,10.4,20.0,2,5200,0,0,0,0,0,0
CI,0,IAA,0.0,201.0,0,0,0,0,0,0,0,0

APPTR,I23RZ,23R,D009M
IF,D009M,43.594833,77.160306, ,0.0,0.0,2,5200,0,0,0,0,1,0
CI,0, ,0.0,189.0,0,0,0,0,0,0,0,0
AF,D039K,43.501114,77.249547,2,ATA,39.0,10.4,9.0,2,5200,0,0,0,0,0,0
CI,0,IAA,0.0,201.0,0,0,0,0,0,0,0,0

APPTR,I23RZ,23R,D016J
IF,D016J,43.532083,77.163611, ,0.0,0.0,2,5200,0,0,0,0,1,0
CI,0, ,0.0,78.0,0,0,0,0,0,0,0,0
AF,D039K,43.501114,77.249547,2,ATA,39.0,10.4,19.0,2,5200,0,0,0,0,0,0
CI,0,IAA,0.0,201.0,0,0,0,0,0,0,0,0

APPTR,I23RZ,23R,D333M
IF,D333M,43.584861,76.968028, ,0.0,0.0,2,7000,0,0,0,0,1,0
CI,0, ,0.0,152.0,0,0,0,0,0,0,0,0
AF,D039K,43.501114,77.249547,2,ATA,39.0,10.4,333.0,2,5200,0,0,0,0,0,0
CI,0,IAA,0.0,201.0,0,0,0,0,0,0,0,0

FINAL,I23RZ,23R,I,3
IF,LEGLA,43.473750,77.281750,IAA,50.9,13.9,2,5200,0,0,0,0,0,0
CF,ODLUR,43.425658,77.183597,0,IAA,50.8,8.8,231.0,5.2,1,4200,0,0,0,0,2,0
CF,RW23R,43.370092,77.071111,0,IAA,50.8,2.8,231.0,5.9,1,2276,0,0,0,0,3,0
CA,0,231.0,2,3200,0,0,0,0,0,0
VM,0,0,2,40.0,1,5200,0,1,240,0,0,0

FINAL,R05L,05L,R,4
IF,GOSLU,43.236972,76.808278, ,0.0,0.0,2,5200,0,1,210,0,0,0
TF,LIKRU,43.291603,76.912953,0, ,0.0,0.0,49.0,5.6,1,4200,0,1,180,0,2,0
TF,AA001,43.317353,76.964733,0, ,0.0,0.0,51.0,2.7,1,3300,0,1,180,0,0,0
TF,AA002,43.342661,77.015739,0, ,0.0,0.0,51.0,2.7,1,2435,0,1,180,0,3,1
TF,AA008,43.408981,77.149717,0, ,0.0,0.0,0.0,0.0,2,3300,0,1,210,0,0,0
TF,AA058,43.482636,77.081531,0, ,0.0,0.0,0.0,0.0,2,4200,0,1,210,0,0,0
TF,ALOLI,43.311361,76.739056,1, ,0.0,0.0,0.0,0.0,2,6300,0,1,210,0,0,0

FINAL,R05R,05R,R,4
IF,GOSLU,43.236972,76.808278, ,0.0,0.0,2,5200,0,1,210,0,0,0
TF,DITLO,43.285586,76.905431,0, ,0.0,0.0,51.0,5.2,1,4200,0,1,180,0,2,0
TF,AA003,43.316875,76.968361,0, ,0.0,0.0,51.0,3.3,1,3100,0,1,180,0,0,0
TF,AA004,43.341239,77.017458,0, ,0.0,0.0,51.0,2.6,1,2279,0,1,180,0,3,1
TF,AA088,43.407436,77.151267,0, ,0.0,0.0,0.0,0.0,2,3300,0,1,210,0,0,0
TF,AA058,43.482636,77.081531,0, ,0.0,0.0,0.0,0.0,2,4200,0,1,210,0,0,0
TF,ALOLI,43.311361,76.739056,1, ,0.0,0.0,0.0,0.0,2,6300,0,1,210,0,0,0

FINAL,R23L,23L,R,3
IF,LEGLA,43.473750,77.281750, ,0.0,0.0,2,5200,0,1,230,0,0,0
TF,SUGUM,43.418697,77.174094,0, ,0.0,0.0,230.0,5.8,1,4200,0,1,180,0,2,0
TF,AA200,43.368914,77.073325,0, ,0.0,0.0,231.0,5.3,1,2475,0,1,180,0,3,1
TF,AA202,43.312311,76.959183,0, ,0.0,0.0,0.0,0.0,2,3100,0,1,210,0,0,0
TF,AA204,43.387267,76.889919,0, ,0.0,0.0,0.0,0.0,2,4100,0,1,210,0,0,0
TF,GEKTI,43.548167,77.212333,0, ,0.0,0.0,0.0,0.0,2,6400,0,1,210,0,0,0

FINAL,R23R,23R,R,3
IF,LEGLA,43.473750,77.281750, ,0.0,0.0,2,5200,0,1,230,0,0,0
TF,ODLUR,43.425658,77.183597,0, ,0.0,0.0,231.0,5.2,1,4200,0,1,180,0,2,0
TF,AA201,43.379447,77.090025,0, ,0.0,0.0,231.0,4.9,1,2595,0,1,180,0,3,1
TF,AA203,43.313883,76.957747,0, ,0.0,0.0,0.0,0.0,2,3300,0,1,210,0,0,0
TF,AA204,43.387267,76.889919,0, ,0.0,0.0,0.0,0.0,2,4100,0,1,210,0,0,0
TF,GEKTI,43.548167,77.212333,0, ,0.0,0.0,0.0,0.0,2,6400,0,1,210,0,0,0

