APPTR,I22,22,DIPSU
IF,DIPSU,47.894472,67.872278, ,0.0,0.0,2,2900,0,0,0,0,1,0
CR,0,DZG,32.0,134.0,0,0,0,0,0,0,0,0
VI,0,IGN,0.0,194.0,0,0,0,0,0,0,0,0

APPTR,I22,22,LUSUT
IF,LUSUT,47.752833,68.037056, ,0.0,0.0,2,2900,0,0,0,0,1,0
CR,0,DZG,56.0,314.0,0,0,0,0,0,0,0,0
VI,0,IGN,0.0,254.0,0,0,0,0,0,0,0,0

FINAL,I22,22,I,3
IF,NEBSO,47.823694,67.954778,IGN,43.8,12.3,2,2900,0,0,0,0,0,0
CF,FF22,47.773167,67.859167,0,IGN,43.8,7.4,224.0,4.9,1,2900,0,0,0,0,2,0
CF,RW22,47.716300,67.751983,0,IGN,43.8,1.8,224.0,5.5,1,1286,0,0,0,0,3,0
CA,0,224.0,2,1900,0,0,0,0,0,0
VM,0,0,1,44.0,1,2900,0,0,0,0,0,0

APPTR,N04,04,AGEBO
IF,AGEBO,47.669389,67.447750, ,0.0,0.0,2,2900,0,0,0,0,1,0
CF,D056J,47.624947,67.497942,0,DZG,233.7,12.2,134.0,3.4,0,0,0,0,0,0,0,0
VI,0, ,0.0,74.0,0,0,0,0,0,0,0,0
CF,FF04,47.649778,67.626444,0,DZG,223.9,7.0,44.0,4.0,2,2900,0,0,0,0,0,0

APPTR,N04,04,NIKVI
IF,NIKVI,47.598667,67.529972, ,0.0,0.0,2,2900,0,0,0,0,1,0
CF,FF04,47.649778,67.626444,0,DZG,223.9,7.0,44.0,5.0,2,2900,0,0,0,0,0,0

APPTR,N04,04,OSMOG
IF,OSMOG,47.527861,67.612000, ,0.0,0.0,2,2900,0,0,0,0,1,0
CF,D031J,47.570139,67.564103,0,DZG,213.5,12.1,314.0,3.2,0,0,0,0,0,0,0,0
VI,0, ,0.0,14.0,0,0,0,0,0,0,0,0
CF,FF04,47.649778,67.626444,0,DZG,223.9,7.0,44.0,4.0,2,2900,0,0,0,0,0,0

FINAL,N04,04,N,2
IF,FF04,47.649778,67.626444,Z,0.0,0.0,2,2900,0,0,0,0,2,0
CF,Z,47.696972,67.715750,0,Z,0.0,0.0,44.0,4.6,1,1450,0,0,0,0,3,0
CA,0,44.0,2,1900,0,0,0,0,0,0
VM,0,0,2,224.0,1,2900,0,0,0,0,0,0

APPTR,N22,22,Z1
IF,Z,47.696972,67.715750, ,0.0,0.0,2,5000,0,1,200,0,1,0
FC,Z,47.696972,67.715750,0,DZG,0.0,0.0,63.0,8.3,2,2900,0,0,0,0,0,1
CF,FN22,47.768061,67.850864,1,DZG,44.2,4.6,224.0,2.0,2,2900,0,0,0,0,0,0

APPTR,N22,22,Z2
IF,Z,47.696972,67.715750, ,0.0,0.0,2,5000,0,1,140,0,1,0
FC,Z,47.696972,67.715750,0,DZG,0.0,0.0,54.0,8.2,2,2900,0,0,0,0,0,1
CF,FN22,47.768061,67.850864,1,DZG,44.2,4.6,224.0,2.0,2,2900,0,0,0,0,0,0

FINAL,N22,22,N,2
IF,FN22,47.768061,67.850864,Z,0.0,0.0,2,2900,0,0,0,0,2,0
CF,RW22,47.716300,67.751983,0,Z,0.0,0.0,224.0,5.1,1,1286,0,0,0,0,3,0
CF,Z,47.696972,67.715750,0,DZG,223.7,2.4,224.0,1.9,0,0,0,0,0,0,0,1
FC,Z,47.696972,67.715750,0,DZG,0.0,0.0,224.0,5.6,2,2200,0,0,0,0,0,1
DF,Z,47.696972,67.715750,1, ,0.0,0.0,1,2900,0,1,250,0,0,0

