SID,AGMU5C,05,2
CA,0,54.0,2,1100,0,0,0,0,0,0
CD, ,0,0,0,KZO,0,0.0,54.0,5.8,0,0,0,0,0,0,0,0
CI,1, ,0.0,250.0,0,0,0,0,0,0,0,0
CF,AGMUR,45.015556,64.685000,0,KZO,290.4,42.1,290.0,35.0,4,14000,4000,0,0,0,0,0

SID,AGMU5D,23,2
CA,0,234.0,2,1100,0,0,0,0,0,0
CD, ,0,0,0,KZO,0,0.0,234.0,3.3,0,0,0,0,0,0,0,0
CI,2, ,0.0,330.0,0,0,0,0,0,0,0,0
CF,AGMUR,45.015556,64.685000,0,KZO,290.4,42.1,290.0,35.0,4,14000,4000,0,0,0,0,0

SID,AMRE5C,05,2
CA,0,54.0,2,1100,0,0,0,0,0,0
CD, ,0,0,0,KZO,0,0.0,54.0,5.8,0,0,0,0,0,0,0,0
CI,0, ,0.0,350.0,0,0,0,0,0,0,0,0
CF,AMREK,45.352500,66.040556,0,KZO,20.1,44.3,20.0,34.0,4,14000,4000,0,0,0,0,0

SID,AMRE5D,23,2
CA,0,234.0,2,1100,0,0,0,0,0,0
CD, ,0,0,0,KZO,0,0.0,234.0,3.3,0,0,0,0,0,0,0,0
CI,2, ,0.0,60.0,0,0,0,0,0,0,0,0
CF,AMREK,45.352500,66.040556,0,KZO,20.1,44.3,20.0,39.0,4,14000,4000,0,0,0,0,0

SID,BADA5C,05,2
CA,0,54.0,2,1100,0,0,0,0,0,0
CD, ,0,0,0,KZO,0,0.0,54.0,5.8,0,0,0,0,0,0,0,0
CI,2, ,0.0,278.0,0,0,0,0,0,0,0,0
CF,BADAS,44.372500,64.615556,0,KZO,237.8,45.1,238.0,48.0,4,14000,4000,0,0,0,0,0

SID,BADA5D,23,2
CA,0,234.0,2,1100,0,0,0,0,0,0
CD, ,0,0,0,KZO,0,0.0,234.0,3.3,0,0,0,0,0,0,0,0
CF,BADAS,44.372500,64.615556,0,KZO,237.8,45.1,238.0,42.0,4,14000,4000,0,0,0,0,0

SID,DIKA5C,05,2
CA,0,54.0,2,1100,0,0,0,0,0,0
CD, ,0,0,0,KZO,0,0.0,54.0,5.8,0,0,0,0,0,0,0,0
CI,0, ,0.0,119.0,0,0,0,0,0,0,0,0
CF,DIKAM,44.613889,66.598611,0,KZO,89.0,44.6,89.0,33.0,4,14000,4000,0,0,0,0,0

SID,DIKA5D,23,2
CA,0,234.0,2,1100,0,0,0,0,0,0
CD, ,0,0,0,KZO,0,0.0,234.0,3.3,0,0,0,0,0,0,0,0
CI,1, ,0.0,49.0,0,0,0,0,0,0,0,0
CF,DIKAM,44.613889,66.598611,0,KZO,89.0,44.6,89.0,40.0,4,14000,4000,0,0,0,0,0

SID,DILN5C,05,2
CA,0,54.0,2,1100,0,0,0,0,0,0
CD, ,0,0,0,KZO,0,0.0,54.0,5.8,0,0,0,0,0,0,0,0
CI,2, ,0.0,263.0,0,0,0,0,0,0,0,0
CF,DILNA,44.247222,64.819722,0,KZO,223.2,41.8,223.0,42.0,4,14000,4000,0,0,0,0,0

SID,DILN5D,23,2
CA,0,234.0,2,1100,0,0,0,0,0,0
CD, ,0,0,0,KZO,0,0.0,234.0,3.3,0,0,0,0,0,0,0,0
VI,0, ,0.0,193.0,0,0,0,0,0,0,0,0
CF,DILNA,44.247222,64.819722,0,KZO,223.2,41.8,223.0,37.0,4,14000,4000,0,0,0,0,0

SID,ERME5C,05,2
CA,0,54.0,2,1100,0,0,0,0,0,0
CD, ,0,0,0,KZO,0,0.0,54.0,5.8,0,0,0,0,0,0,0,0
CI,2, ,0.0,164.0,0,0,0,0,0,0,0,0
CF,ERMEK,44.212500,66.331667,0,KZO,124.0,43.9,124.0,32.0,4,14000,4000,0,0,0,0,0

SID,ERME5D,23,2
CA,0,234.0,2,1100,0,0,0,0,0,0
CD, ,0,0,0,KZO,0,0.0,234.0,3.3,0,0,0,0,0,0,0,0
CI,1, ,0.0,84.0,0,0,0,0,0,0,0,0
CF,ERMEK,44.212500,66.331667,0,KZO,124.0,43.9,124.0,37.0,4,14000,4000,0,0,0,0,0

SID,GITI5C,05,2
CA,0,54.0,2,1100,0,0,0,0,0,0
CD, ,0,0,0,KZO,0,0.0,54.0,5.8,0,0,0,0,0,0,0,0
CI,2, ,0.0,146.0,0,0,0,0,0,0,0,0
CF,GITIM,44.297778,66.427778,0,KZO,115.5,44.1,116.0,30.0,4,14000,4000,0,0,0,0,0

SID,GITI5D,23,2
CA,0,234.0,2,1100,0,0,0,0,0,0
CD, ,0,0,0,KZO,0,0.0,234.0,3.3,0,0,0,0,0,0,0,0
CI,1, ,0.0,76.0,0,0,0,0,0,0,0,0
CF,GITIM,44.297778,66.427778,0,KZO,115.5,44.1,116.0,37.0,4,14000,4000,0,0,0,0,0

SID,NATU5C,05,2
CA,0,54.0,2,1100,0,0,0,0,0,0
CD, ,0,0,0,KZO,0,0.0,54.0,5.8,0,0,0,0,0,0,0,0
CI,1, ,0.0,238.0,0,0,0,0,0,0,0,0
CF,NATUS,44.868889,64.613889,0,KZO,277.7,41.9,278.0,36.0,4,14000,4000,0,0,0,0,0

SID,NATU5D,23,2
CA,0,234.0,2,1100,0,0,0,0,0,0
CD, ,0,0,0,KZO,0,0.0,234.0,3.3,0,0,0,0,0,0,0,0
CI,0, ,0.0,308.0,0,0,0,0,0,0,0,0
CF,NATUS,44.868889,64.613889,0,KZO,277.7,41.9,278.0,35.0,4,14000,4000,0,0,0,0,0

SID,RINE5C,05,2
CA,0,54.0,2,1100,0,0,0,0,0,0
CD, ,0,0,0,KZO,0,0.0,54.0,5.8,0,0,0,0,0,0,0,0
CI,0, ,0.0,127.0,0,0,0,0,0,0,0,0
CF,RINET,44.507222,66.567222,0,KZO,97.4,44.5,97.0,31.0,4,14000,4000,0,0,0,0,0

SID,RINE5D,23,2
CA,0,234.0,2,1100,0,0,0,0,0,0
CD, ,0,0,0,KZO,0,0.0,234.0,3.3,0,0,0,0,0,0,0,0
CI,1, ,0.0,57.0,0,0,0,0,0,0,0,0
CF,RINET,44.507222,66.567222,0,KZO,97.4,44.5,97.0,39.0,4,14000,4000,0,0,0,0,0

STAR,AGMU4F,05,2
IF,AGMUR,45.015556,64.685000, ,0.0,0.0,4,15000,4000,0,0,0,0,0
TF,O,44.716583,65.616972,0, ,0.0,0.0,0.0,0.0,1,4000,0,0,0,0,0,0

STAR,AGMU4L,23,2
IF,AGMUR,45.015556,64.685000, ,0.0,0.0,4,15000,4000,0,0,0,0,0
TF,O,44.716583,65.616972,0, ,0.0,0.0,0.0,0.0,1,4000,0,0,0,0,0,0

STAR,AGMU5A,05,2
IF,AGMUR,45.015556,64.685000, ,0.0,0.0,4,15000,4000,0,0,0,0,0
TF,KZO,44.695806,65.563639,0, ,0.0,0.0,0.0,0.0,1,4000,0,0,0,0,0,0

STAR,AGMU5B,23,2
IF,AGMUR,45.015556,64.685000, ,0.0,0.0,4,15000,4000,0,0,0,0,0
TF,KZO,44.695806,65.563639,0, ,0.0,0.0,0.0,0.0,1,4000,0,0,0,0,0,0

STAR,AMRE4F,05,2
IF,AMREK,45.352500,66.040556, ,0.0,0.0,4,15000,4000,0,0,0,0,0
TF,O,44.716583,65.616972,0, ,0.0,0.0,0.0,0.0,1,4000,0,0,0,0,0,0

STAR,AMRE4L,23,2
IF,AMREK,45.352500,66.040556, ,0.0,0.0,4,15000,4000,0,0,0,0,0
TF,O,44.716583,65.616972,0, ,0.0,0.0,0.0,0.0,1,4000,0,0,0,0,0,0

STAR,AMRE5A,05,2
IF,AMREK,45.352500,66.040556, ,0.0,0.0,4,15000,4000,0,0,0,0,0
TF,KZO,44.695806,65.563639,0, ,0.0,0.0,0.0,0.0,1,4000,0,0,0,0,0,0

STAR,AMRE5B,23,2
IF,AMREK,45.352500,66.040556, ,0.0,0.0,4,15000,4000,0,0,0,0,0
TF,KZO,44.695806,65.563639,0, ,0.0,0.0,0.0,0.0,1,4000,0,0,0,0,0,0

STAR,BADA4F,05,2
IF,BADAS,44.372500,64.615556, ,0.0,0.0,4,15000,4000,0,0,0,0,0
TF,O,44.716583,65.616972,0, ,0.0,0.0,0.0,0.0,1,4000,0,0,0,0,0,0

STAR,BADA4L,23,2
IF,BADAS,44.372500,64.615556, ,0.0,0.0,4,15000,4000,0,0,0,0,0
TF,O,44.716583,65.616972,0, ,0.0,0.0,0.0,0.0,1,4000,0,0,0,0,0,0

STAR,BADA5A,05,2
IF,BADAS,44.372500,64.615556, ,0.0,0.0,4,15000,4000,0,0,0,0,0
TF,KZO,44.695806,65.563639,0, ,0.0,0.0,0.0,0.0,1,4000,0,0,0,0,0,0

STAR,BADA5B,23,2
IF,BADAS,44.372500,64.615556, ,0.0,0.0,4,15000,4000,0,0,0,0,0
TF,KZO,44.695806,65.563639,0, ,0.0,0.0,0.0,0.0,1,4000,0,0,0,0,0,0

STAR,DIKA4F,05,2
IF,DIKAM,44.613889,66.598611, ,0.0,0.0,4,15000,4000,0,0,0,0,0
TF,O,44.716583,65.616972,0, ,0.0,0.0,0.0,0.0,1,4000,0,0,0,0,0,0

STAR,DIKA4L,23,2
IF,DIKAM,44.613889,66.598611, ,0.0,0.0,4,15000,4000,0,0,0,0,0
TF,O,44.716583,65.616972,0, ,0.0,0.0,0.0,0.0,1,4000,0,0,0,0,0,0

STAR,DIKA5A,05,2
IF,DIKAM,44.613889,66.598611, ,0.0,0.0,4,15000,4000,0,0,0,0,0
TF,KZO,44.695806,65.563639,0, ,0.0,0.0,0.0,0.0,1,4000,0,0,0,0,0,0

STAR,DIKA5B,23,2
IF,DIKAM,44.613889,66.598611, ,0.0,0.0,4,15000,4000,0,0,0,0,0
TF,KZO,44.695806,65.563639,0, ,0.0,0.0,0.0,0.0,1,4000,0,0,0,0,0,0

STAR,DILN4F,05,2
IF,DILNA,44.247222,64.819722, ,0.0,0.0,4,15000,4000,0,0,0,0,0
TF,O,44.716583,65.616972,0, ,0.0,0.0,0.0,0.0,1,4000,0,0,0,0,0,0

STAR,DILN4L,23,2
IF,DILNA,44.247222,64.819722, ,0.0,0.0,4,15000,4000,0,0,0,0,0
TF,O,44.716583,65.616972,0, ,0.0,0.0,0.0,0.0,1,4000,0,0,0,0,0,0

STAR,DILN5A,05,2
IF,DILNA,44.247222,64.819722, ,0.0,0.0,4,15000,4000,0,0,0,0,0
TF,KZO,44.695806,65.563639,0, ,0.0,0.0,0.0,0.0,1,4000,0,0,0,0,0,0

STAR,DILN5B,23,2
IF,DILNA,44.247222,64.819722, ,0.0,0.0,4,15000,4000,0,0,0,0,0
TF,KZO,44.695806,65.563639,0, ,0.0,0.0,0.0,0.0,1,4000,0,0,0,0,0,0

STAR,ERME4F,05,2
IF,ERMEK,44.212500,66.331667, ,0.0,0.0,4,15000,4000,0,0,0,0,0
TF,O,44.716583,65.616972,0, ,0.0,0.0,0.0,0.0,1,4000,0,0,0,0,0,0

STAR,ERME4L,23,2
IF,ERMEK,44.212500,66.331667, ,0.0,0.0,4,15000,4000,0,0,0,0,0
TF,O,44.716583,65.616972,0, ,0.0,0.0,0.0,0.0,1,4000,0,0,0,0,0,0

STAR,ERME5A,05,2
IF,ERMEK,44.212500,66.331667, ,0.0,0.0,4,15000,4000,0,0,0,0,0
TF,KZO,44.695806,65.563639,0, ,0.0,0.0,0.0,0.0,1,4000,0,0,0,0,0,0

STAR,ERME5B,23,2
IF,ERMEK,44.212500,66.331667, ,0.0,0.0,4,15000,4000,0,0,0,0,0
TF,KZO,44.695806,65.563639,0, ,0.0,0.0,0.0,0.0,1,4000,0,0,0,0,0,0

STAR,GITI4F,05,2
IF,GITIM,44.297778,66.427778, ,0.0,0.0,4,15000,4000,0,0,0,0,0
TF,O,44.716583,65.616972,0, ,0.0,0.0,0.0,0.0,1,4000,0,0,0,0,0,0

STAR,GITI4L,23,2
IF,GITIM,44.297778,66.427778, ,0.0,0.0,4,15000,4000,0,0,0,0,0
TF,O,44.716583,65.616972,0, ,0.0,0.0,0.0,0.0,1,4000,0,0,0,0,0,0

STAR,GITI5A,05,2
IF,GITIM,44.297778,66.427778, ,0.0,0.0,4,15000,4000,0,0,0,0,0
TF,KZO,44.695806,65.563639,0, ,0.0,0.0,0.0,0.0,1,4000,0,0,0,0,0,0

STAR,GITI5B,23,2
IF,GITIM,44.297778,66.427778, ,0.0,0.0,4,15000,4000,0,0,0,0,0
TF,KZO,44.695806,65.563639,0, ,0.0,0.0,0.0,0.0,1,4000,0,0,0,0,0,0

STAR,NATU4F,05,2
IF,NATUS,44.868889,64.613889, ,0.0,0.0,4,15000,4000,0,0,0,0,0
TF,O,44.716583,65.616972,0, ,0.0,0.0,0.0,0.0,1,4000,0,0,0,0,0,0

STAR,NATU4L,23,2
IF,NATUS,44.868889,64.613889, ,0.0,0.0,4,15000,4000,0,0,0,0,0
TF,O,44.716583,65.616972,0, ,0.0,0.0,0.0,0.0,1,4000,0,0,0,0,0,0

STAR,NATU5A,05,2
IF,NATUS,44.868889,64.613889, ,0.0,0.0,4,15000,4000,0,0,0,0,0
TF,KZO,44.695806,65.563639,0, ,0.0,0.0,0.0,0.0,1,4000,0,0,0,0,0,0

STAR,NATU5B,23,2
IF,NATUS,44.868889,64.613889, ,0.0,0.0,4,15000,4000,0,0,0,0,0
TF,KZO,44.695806,65.563639,0, ,0.0,0.0,0.0,0.0,1,4000,0,0,0,0,0,0

STAR,RINE4F,05,2
IF,RINET,44.507222,66.567222, ,0.0,0.0,4,15000,4000,0,0,0,0,0
TF,O,44.716583,65.616972,0, ,0.0,0.0,0.0,0.0,1,4000,0,0,0,0,0,0

STAR,RINE4L,23,2
IF,RINET,44.507222,66.567222, ,0.0,0.0,4,15000,4000,0,0,0,0,0
TF,O,44.716583,65.616972,0, ,0.0,0.0,0.0,0.0,1,4000,0,0,0,0,0,0

STAR,RINE5A,05,2
IF,RINET,44.507222,66.567222, ,0.0,0.0,4,15000,4000,0,0,0,0,0
TF,KZO,44.695806,65.563639,0, ,0.0,0.0,0.0,0.0,1,4000,0,0,0,0,0,0

STAR,RINE5B,23,2
IF,RINET,44.507222,66.567222, ,0.0,0.0,4,15000,4000,0,0,0,0,0
TF,KZO,44.695806,65.563639,0, ,0.0,0.0,0.0,0.0,1,4000,0,0,0,0,0,0

APPTR,D05,05,KZO1
IF,KZO,44.695806,65.563639, ,0.0,0.0,2,4000,0,1,200,0,1,0
FD,KZO,44.695806,65.563639,0,KZO,0.0,7.8,212.0,7.8,2,2000,0,0,0,0,0,0
CF,FD05,44.661500,65.477000,2,KZO,234.0,4.2,54.0,4.0,2,2000,0,0,0,0,0,0

APPTR,D05,05,KZO2
IF,KZO,44.695806,65.563639, ,0.0,0.0,2,4000,0,1,140,0,1,0
FD,KZO,44.695806,65.563639,0,KZO,0.0,7.8,222.0,7.8,2,2000,0,0,0,0,0,0
CF,FD05,44.661500,65.477000,2,KZO,234.0,4.2,54.0,4.0,2,2000,0,0,0,0,0,0

FINAL,D05,05,D,2
IF,FD05,44.661500,65.477000,KZO,234.0,4.2,2,2000,0,0,0,0,2,0
CF,KZO,44.695806,65.563639,0,KZO,0.0,0.0,54.0,4.2,1,662,0,0,0,0,3,0
FD,KZO,44.695806,65.563639,0,KZO,0.0,5.8,54.0,5.8,2,1400,0,0,0,0,0,0
DF,KZO,44.695806,65.563639,2, ,0.0,0.0,1,2000,0,1,240,0,0,0

APPTR,D23,23,KZO1
IF,KZO,44.695806,65.563639, ,0.0,0.0,2,4000,0,1,200,0,1,0
FD,KZO,44.695806,65.563639,0,KZO,0.0,10.2,71.0,10.2,2,2000,0,0,0,0,0,0
CF,FD23,44.751108,65.703864,1,KZO,54.0,6.9,234.0,4.0,2,2000,0,0,0,0,0,0

APPTR,D23,23,KZO2
IF,KZO,44.695806,65.563639, ,0.0,0.0,2,4000,0,1,140,0,1,0
FD,KZO,44.695806,65.563639,0,KZO,0.0,10.2,63.0,10.2,2,2000,0,0,0,0,0,0
CF,FD23,44.751108,65.703864,1,KZO,54.0,6.9,234.0,4.0,2,2000,0,0,0,0,0,0

FINAL,D23,23,D,2
IF,FD23,44.751108,65.703864,KZO,54.0,6.9,2,2000,0,0,0,0,2,0
CF,RW23,44.712181,65.605667,0,KZO,54.3,2.1,234.0,4.8,1,483,0,0,0,0,3,0
CF,KZO,44.695806,65.563639,0,KZO,0.0,0.0,234.0,2.1,0,0,0,0,0,0,0,0
FD,KZO,44.695806,65.563639,0,KZO,0.0,5.2,234.0,5.2,2,1600,0,0,0,0,0,0
DF,KZO,44.695806,65.563639,1, ,0.0,0.0,1,2000,0,1,240,0,0,0

APPTR,I05,05,BUSAB
IF,BUSAB,44.699833,65.312167, ,0.0,0.0,2,2000,0,0,0,0,1,0
FC,BUSAB,44.699833,65.312167,0,KZO,0.0,0.0,144.0,3.1,0,0,0,0,0,0,0,1
CI,0,IKZ,0.0,84.0,0,0,0,0,0,0,0,0

APPTR,I05,05,GISEK
IF,GISEK,44.541944,65.433111, ,0.0,0.0,2,2000,0,0,0,0,1,0
FC,GISEK,44.541944,65.433111,0,KZO,0.0,0.0,324.0,3.3,0,0,0,0,0,0,0,1
CI,0,IKZ,0.0,24.0,0,0,0,0,0,0,0,0

FINAL,I05,05,I,3
IF,ADLIM,44.620889,65.372722,IKZ,234.3,11.9,2,2000,0,0,0,0,0,0
CF,FI05,44.662806,65.479417,0,IKZ,234.3,6.7,54.0,5.2,1,2000,0,0,0,0,2,0
CF,RW05,44.700525,65.575775,0,IKZ,234.4,2.0,54.0,4.7,1,473,0,0,0,0,3,0
FA,RW05,44.700525,65.575775,0,KZO,0.0,0.0,54.0,2,1100,0,0,0,0,0,0
VM,0,0,2,234.0,1,2000,0,1,240,0,0,0

APPTR,N05,05,O1
IF,O,44.716583,65.616972, ,0.0,0.0,2,4000,0,1,200,0,1,0
FC,O,44.716583,65.616972,0,KZO,0.0,0.0,215.0,8.3,2,2000,0,0,0,0,0,1
CF,FN05,44.661522,65.478006,2,KZO,233.7,4.2,54.0,2.0,2,2000,0,0,0,0,0,0

APPTR,N05,05,O2
IF,O,44.716583,65.616972, ,0.0,0.0,2,4000,0,1,140,0,1,0
FC,O,44.716583,65.616972,0,KZO,0.0,0.0,222.0,7.0,2,2000,0,0,0,0,0,1
CF,FN05,44.661522,65.478006,2,KZO,233.7,4.2,54.0,1.0,2,2000,0,0,0,0,0,0

FINAL,N05,05,N,2
IF,FN05,44.661522,65.478006,O,0.0,0.0,2,2000,0,0,0,0,2,0
CF,RW05,44.700525,65.575775,0,O,0.0,0.0,54.0,4.8,1,473,0,0,0,0,3,0
CF,O,44.716583,65.616972,0,KZO,54.3,2.6,54.0,2.0,0,0,0,0,0,0,0,0
FC,O,44.716583,65.616972,0,KZO,0.0,0.0,54.0,4.0,2,1500,0,0,0,0,0,1
DF,O,44.716583,65.616972,2, ,0.0,0.0,1,2000,0,1,240,0,0,0

APPTR,N23,23,O1
IF,O,44.716583,65.616972, ,0.0,0.0,2,4000,0,1,200,0,1,0
FC,O,44.716583,65.616972,0,KZO,0.0,0.0,77.0,6.7,2,2000,0,0,0,0,0,1
CF,FN23,44.750586,65.703144,1,KZO,54.1,6.8,234.0,3.0,2,2000,0,0,0,0,0,0

APPTR,N23,23,O2
IF,O,44.716583,65.616972, ,0.0,0.0,2,4000,0,1,140,0,1,0
FC,O,44.716583,65.616972,0,KZO,0.0,0.0,68.0,5.8,2,2000,0,0,0,0,0,1
CF,FN23,44.750586,65.703144,1,KZO,54.1,6.8,234.0,2.0,2,2000,0,0,0,0,0,0

FINAL,N23,23,N,2
IF,FN23,44.750586,65.703144,O,0.0,0.0,2,2000,0,0,0,0,2,0
CF,O,44.716583,65.616972,0,O,0.0,0.0,234.0,4.2,1,659,0,0,0,0,3,0
FC,O,44.716583,65.616972,0,KZO,0.0,0.0,234.0,5.6,2,1500,0,0,0,0,0,1
DF,O,44.716583,65.616972,1, ,0.0,0.0,1,2000,0,1,240,0,0,0

