SID,ABOT3J,30,2
CA,0,304.0,2,2300,0,0,0,0,0,0
DF,UKM,50.032944,82.508556,2, ,0.0,0.0,0,0,0,0,0,0,0,0
TF,ABOTO,49.428889,83.089167,0, ,0.0,0.0,0.0,0.0,0,0,0,0,0,0,0,0

SID,ABOT3K,12,2
CA,0,124.0,2,2900,0,0,0,0,0,0
CI,0, ,0.0,162.0,0,0,0,0,0,0,0,0
CF,ABOTO,49.428889,83.089167,0,UKM,141.9,42.7,142.0,37.0,0,0,0,0,0,0,0,0

SID,ABOT3L,30,2
CA,0,304.0,2,2300,0,0,0,0,0,0
CI,1, ,0.0,102.0,0,0,0,0,0,0,0,0
CF,ABOTO,49.428889,83.089167,0,UKM,141.9,42.7,142.0,39.0,0,0,0,0,0,0,0,0

SID,ADAR3J,30,2
CA,0,304.0,2,2300,0,0,0,0,0,0
CI,0, ,0.0,356.0,0,0,0,0,0,0,0,0
CF,ADARO,50.785000,81.878333,0,UKM,326.1,51.2,326.0,46.0,0,0,0,0,0,0,0,0

SID,ADAR3K,12,2
CA,0,124.0,2,2900,0,0,0,0,0,0
CI,1, ,0.0,286.0,0,0,0,0,0,0,0,0
CF,ADARO,50.785000,81.878333,0,UKM,326.1,51.2,326.0,47.0,0,0,0,0,0,0,0,0

SID,BANO3J,30,2
CA,0,304.0,2,2300,0,0,0,0,0,0
CI,2, ,0.0,69.0,0,0,0,0,0,0,0,0
CF,BANOV,50.617778,83.155000,0,UKM,29.0,43.0,29.0,35.0,0,0,0,0,0,0,0,0

SID,BANO3K,12,2
CA,0,124.0,2,2900,0,0,0,0,0,0
CI,1, ,0.0,339.0,0,0,0,0,0,0,0,0
CF,BANOV,50.617778,83.155000,0,UKM,29.0,43.0,29.0,37.0,0,0,0,0,0,0,0,0

SID,DEVN3J,30,2
CA,0,304.0,2,2300,0,0,0,0,0,0
CI,2, ,0.0,117.0,0,0,0,0,0,0,0,0
CF,DEVNA,50.113056,83.605278,0,UKM,77.1,42.7,77.0,36.0,0,0,0,0,0,0,0,0

SID,DEVN3K,12,2
CA,0,124.0,2,2900,0,0,0,0,0,0
CI,1, ,0.0,32.0,0,0,0,0,0,0,0,0
CF,DEVNA,50.113056,83.605278,0,UKM,77.1,42.7,77.0,37.0,0,0,0,0,0,0,0,0

SID,LASN3L,30,2
CA,0,304.0,2,2300,0,0,0,0,0,0
CI,1, ,0.0,168.0,0,0,0,0,0,0,0,0
CF,LASNA,49.433889,81.887500,0,UKM,208.1,43.3,208.0,35.0,0,0,0,0,0,0,0,0

SID,LASN3M,12,2
CA,0,124.0,2,2300,0,0,0,0,0,0
CI,2, ,0.0,248.0,0,0,0,0,0,0,0,0
CF,LASNA,49.433889,81.887500,0,UKM,208.1,43.3,208.0,37.0,0,0,0,0,0,0,0,0

SID,LIRN3J,30,2
CA,0,304.0,2,2300,0,0,0,0,0,0
CI,0, ,0.0,247.0,0,0,0,0,0,0,0,0
CF,LIRNA,50.199722,81.367500,0,UKM,277.2,45.2,277.0,39.0,0,0,0,0,0,0,0,0

SID,LIRN3K,12,2
CA,0,124.0,2,2900,0,0,0,0,0,0
DF,UKM,50.032944,82.508556,1, ,0.0,0.0,0,0,0,0,0,0,0,0
TF,LIRNA,50.199722,81.367500,0, ,0.0,0.0,0.0,0.0,0,0,0,0,0,0,0,0

SID,LIRN3M,12,2
CA,0,124.0,2,2300,0,0,0,0,0,0
CI,2, ,0.0,317.0,0,0,0,0,0,0,0,0
CF,LIRNA,50.199722,81.367500,0,UKM,277.2,45.2,277.0,40.0,0,0,0,0,0,0,0,0

SID,NOKN3J,30,2
CA,0,304.0,2,2300,0,0,0,0,0,0
CI,1, ,0.0,213.0,0,0,0,0,0,0,0,0
CF,NOKNA,49.865000,81.194167,0,UKM,253.3,51.9,253.0,45.0,0,0,0,0,0,0,0,0

SID,NOKN3K,12,2
CA,0,124.0,2,2900,0,0,0,0,0,0
DF,UKM,50.032944,82.508556,1, ,0.0,0.0,0,0,0,0,0,0,0,0
TF,NOKNA,49.865000,81.194167,0, ,0.0,0.0,0.0,0.0,0,0,0,0,0,0,0,0

SID,NOKN3M,12,2
CA,0,124.0,2,2300,0,0,0,0,0,0
CI,2, ,0.0,303.0,0,0,0,0,0,0,0,0
CF,NOKNA,49.865000,81.194167,0,UKM,253.3,51.9,253.0,47.0,0,0,0,0,0,0,0,0

STAR,ABOT3F,12,2
IF,ABOTO,49.428889,83.089167, ,0.0,0.0,0,0,0,0,0,0,0,0
TF,UKM,50.032944,82.508556,0, ,0.0,0.0,0.0,0.0,1,6000,0,0,0,0,0,0

STAR,ABOT3G,30,2
IF,ABOTO,49.428889,83.089167, ,0.0,0.0,0,0,0,0,0,0,0,0
TF,UKM,50.032944,82.508556,0, ,0.0,0.0,0.0,0.0,1,6000,0,0,0,0,0,0

STAR,ABOT4B,30,2
IF,ABOTO,49.428889,83.089167, ,0.0,0.0,0,0,0,0,0,0,0,0
TF,S,50.022444,82.519250,0, ,0.0,0.0,0.0,0.0,1,6000,0,0,0,0,0,0

STAR,ADAR3F,12,2
IF,ADARO,50.785000,81.878333, ,0.0,0.0,0,0,0,0,0,0,0,0
TF,UKM,50.032944,82.508556,0, ,0.0,0.0,0.0,0.0,1,6000,0,0,0,0,0,0

STAR,ADAR3G,30,2
IF,ADARO,50.785000,81.878333, ,0.0,0.0,0,0,0,0,0,0,0,0
TF,UKM,50.032944,82.508556,0, ,0.0,0.0,0.0,0.0,1,6000,0,0,0,0,0,0

STAR,ADAR4B,30,2
IF,ADARO,50.785000,81.878333, ,0.0,0.0,0,0,0,0,0,0,0,0
TF,S,50.022444,82.519250,0, ,0.0,0.0,0.0,0.0,1,6000,0,0,0,0,0,0

STAR,BANO3F,12,2
IF,BANOV,50.617778,83.155000, ,0.0,0.0,0,0,0,0,0,0,0,0
TF,UKM,50.032944,82.508556,0, ,0.0,0.0,0.0,0.0,1,6000,0,0,0,0,0,0

STAR,BANO3G,30,2
IF,BANOV,50.617778,83.155000, ,0.0,0.0,0,0,0,0,0,0,0,0
TF,UKM,50.032944,82.508556,0, ,0.0,0.0,0.0,0.0,1,6000,0,0,0,0,0,0

STAR,BANO4B,30,2
IF,BANOV,50.617778,83.155000, ,0.0,0.0,0,0,0,0,0,0,0,0
TF,S,50.022444,82.519250,0, ,0.0,0.0,0.0,0.0,1,6000,0,0,0,0,0,0

STAR,DEVN3F,12,2
IF,DEVNA,50.113056,83.605278, ,0.0,0.0,0,0,0,0,0,0,0,0
TF,UKM,50.032944,82.508556,0, ,0.0,0.0,0.0,0.0,1,6000,0,0,0,0,0,0

STAR,DEVN3G,30,2
IF,DEVNA,50.113056,83.605278, ,0.0,0.0,0,0,0,0,0,0,0,0
TF,UKM,50.032944,82.508556,0, ,0.0,0.0,0.0,0.0,1,6000,0,0,0,0,0,0

STAR,DEVN4B,30,2
IF,DEVNA,50.113056,83.605278, ,0.0,0.0,0,0,0,0,0,0,0,0
TF,S,50.022444,82.519250,0, ,0.0,0.0,0.0,0.0,1,6000,0,0,0,0,0,0

STAR,LASN3F,12,2
IF,LASNA,49.433889,81.887500, ,0.0,0.0,0,0,0,0,0,0,0,0
TF,UKM,50.032944,82.508556,0, ,0.0,0.0,0.0,0.0,1,6000,0,0,0,0,0,0

STAR,LASN3G,30,2
IF,LASNA,49.433889,81.887500, ,0.0,0.0,0,0,0,0,0,0,0,0
TF,UKM,50.032944,82.508556,0, ,0.0,0.0,0.0,0.0,1,6000,0,0,0,0,0,0

STAR,LASN4B,30,2
IF,LASNA,49.433889,81.887500, ,0.0,0.0,0,0,0,0,0,0,0,0
TF,S,50.022444,82.519250,0, ,0.0,0.0,0.0,0.0,1,6000,0,0,0,0,0,0

STAR,LIRN3F,12,2
IF,LIRNA,50.199722,81.367500, ,0.0,0.0,0,0,0,0,0,0,0,0
TF,UKM,50.032944,82.508556,0, ,0.0,0.0,0.0,0.0,1,6000,0,0,0,0,0,0

STAR,LIRN3G,30,2
IF,LIRNA,50.199722,81.367500, ,0.0,0.0,0,0,0,0,0,0,0,0
TF,UKM,50.032944,82.508556,0, ,0.0,0.0,0.0,0.0,1,6000,0,0,0,0,0,0

STAR,LIRN4B,30,2
IF,LIRNA,50.199722,81.367500, ,0.0,0.0,0,0,0,0,0,0,0,0
TF,S,50.022444,82.519250,0, ,0.0,0.0,0.0,0.0,1,6000,0,0,0,0,0,0

STAR,NOKN3F,12,2
IF,NOKNA,49.865000,81.194167, ,0.0,0.0,0,0,0,0,0,0,0,0
TF,UKM,50.032944,82.508556,0, ,0.0,0.0,0.0,0.0,1,6000,0,0,0,0,0,0

STAR,NOKN3G,30,2
IF,NOKNA,49.865000,81.194167, ,0.0,0.0,0,0,0,0,0,0,0,0
TF,UKM,50.032944,82.508556,0, ,0.0,0.0,0.0,0.0,1,6000,0,0,0,0,0,0

STAR,NOKN4B,30,2
IF,NOKNA,49.865000,81.194167, ,0.0,0.0,0,0,0,0,0,0,0,0
TF,S,50.022444,82.519250,0, ,0.0,0.0,0.0,0.0,1,6000,0,0,0,0,0,0

APPTR,D12,12,UKM
IF,UKM,50.032944,82.508556, ,0.0,0.0,2,6000,0,0,0,0,1,0
FD,UKM,50.032944,82.508556,0,UKM,0.0,11.6,278.0,11.6,2,4200,0,0,0,0,0,0
CI,0, ,0.0,278.0,0,0,0,0,0,0,0,0
AF,D291M,50.130825,82.208528,2,UKM,291.0,13.0,278.0,2,4200,0,0,0,0,0,0
CF,CD12,50.140369,82.278003,0,UKM,300.0,11.0,120.0,3.0,2,3600,0,0,0,0,0,0

FINAL,D12,12,D,3
IF,CD12,50.140369,82.278003,UKM,300.0,11.0,2,3600,0,0,0,0,0,0
CF,FD12,50.083000,82.401361,0,UKM,300.0,5.1,120.0,5.9,2,2200,0,0,0,0,2,0
CF,MD12,50.046642,82.479269,0,UKM,300.0,1.4,120.0,3.7,1,1031,0,0,0,0,3,0
CF,UKM,50.032944,82.508556,0,UKM,0.0,0.0,120.0,1.4,0,0,0,0,0,0,0,0
FD,UKM,50.032944,82.508556,0,UKM,0.0,6.0,120.0,6.0,2,2400,0,0,0,0,0,0
DF,UKM,50.032944,82.508556,1, ,0.0,0.0,1,4200,0,1,240,0,0,0

APPTR,D30,30,UKM
IF,UKM,50.032944,82.508556, ,0.0,0.0,2,6000,0,0,0,0,1,0
FD,UKM,50.032944,82.508556,0,UKM,0.0,10.1,160.0,10.1,2,4000,0,0,0,0,0,0
CI,0, ,0.0,160.0,0,0,0,0,0,0,0,0
AF,D142L,49.870450,82.665553,1,UKM,142.0,11.5,160.0,2,4000,0,0,0,0,0,0
CF,CD30,49.919578,82.672122,0,UKM,131.0,9.3,311.0,3.0,2,3300,0,0,0,0,0,0

FINAL,D30,30,D,4
IF,CD30,49.919578,82.672122,UKM,131.0,9.3,2,3300,0,0,0,0,0,0
CF,FD30,49.954000,82.622556,0,UKM,131.0,6.5,311.0,2.8,2,3000,0,0,0,0,2,0
CF,ED30,50.031456,82.510706,0,UKM,131.1,0.1,311.0,6.4,1,992,0,0,0,0,0,1
CF,UKM,50.032944,82.508556,0,UKM,0.0,0.0,311.0,0.1,2,1350,0,0,0,0,3,1
FD,UKM,50.032944,82.508556,0,UKM,0.0,6.2,311.0,6.2,2,2500,0,0,0,0,0,0
DF,UKM,50.032944,82.508556,2, ,0.0,0.0,1,4000,0,1,240,0,0,0

APPTR,I12,12,BEDIT
IF,BEDIT,50.093528,82.174694, ,0.0,0.0,2,4000,0,0,0,0,1,0
CR,0,UKM,293.0,34.0,0,0,0,0,0,0,0,0
CI,0,IUS,0.0,94.0,0,0,0,0,0,0,0,0

APPTR,I12,12,DIRIN
IF,DIRIN,50.231000,82.355250, ,0.0,0.0,2,4000,0,0,0,0,1,0
CR,0,UKM,313.0,214.0,0,0,0,0,0,0,0,0
CI,0,IUS,0.0,154.0,0,0,0,0,0,0,0,0

FINAL,I12,12,I,3
IF,RONRO,50.162139,82.265139,IUS,304.6,12.9,2,4000,0,0,0,0,0,0
CF,FI12,50.111167,82.358167,0,IUS,304.6,8.2,124.0,4.7,1,3000,0,0,0,0,2,0
CF,RW12,50.043950,82.480361,0,IUS,304.7,1.9,124.0,6.2,1,988,0,0,0,0,3,0
CA,0,124.0,2,2000,0,0,0,0,0,0
VM,0,0,1,304.0,1,4000,0,0,0,0,0,0

APPTR,I30,30,BAGOB
IF,BAGOB,49.841250,82.631917, ,0.0,0.0,2,4000,0,0,0,0,1,0
CR,0,UKM,135.0,34.0,2,4000,0,0,0,0,0,0
CF,CI30,49.938050,82.671633,0,ISI,124.6,10.1,334.0,3.5,2,3300,0,0,0,0,0,0

APPTR,I30,30,NIMAD
IF,NIMAD,49.978389,82.812083, ,0.0,0.0,2,4300,0,0,0,0,1,0
CR,0,UKM,113.0,214.0,2,4000,0,0,0,0,0,0
CF,CI30,49.938050,82.671633,0,ISI,124.6,10.1,274.0,3.5,2,3300,0,0,0,0,0,0

APPTR,I30,30,OKSOL
IF,OKSOL,49.909861,82.721861, ,0.0,0.0,2,4000,0,0,0,0,1,0
CF,CI30,49.938050,82.671633,0,ISI,124.6,10.1,304.0,2.6,2,3300,0,0,0,0,0,0

FINAL,I30,30,I,3
IF,CI30,49.938050,82.671633,ISI,124.6,10.1,2,3300,0,0,0,0,0,0
CF,FI30,49.961889,82.628417,0,ISI,124.6,7.9,304.0,2.2,1,3000,0,0,0,0,2,0
CF,RW30,50.029233,82.507003,0,ISI,124.6,1.7,304.0,6.2,1,992,0,0,0,0,3,0
CA,0,304.0,2,2300,0,0,0,0,0,0
VM,0,0,2,124.0,1,4000,0,0,0,0,0,0

APPTR,N30,30,S1
IF,S,50.022444,82.519250, ,0.0,0.0,2,6000,0,1,200,0,1,0
FC,S,50.022444,82.519250,0,UKM,0.0,0.0,141.0,10.0,2,4000,0,0,0,0,0,1
CF,FN30,49.927900,82.693542,1,UKM,125.3,9.6,304.0,1.0,2,4000,0,0,0,0,0,0

APPTR,N30,30,S2
IF,S,50.022444,82.519250, ,0.0,0.0,2,6000,0,1,140,0,1,0
FC,S,50.022444,82.519250,0,UKM,0.0,0.0,134.0,9.3,2,4000,0,0,0,0,0,1
CF,FN30,49.927900,82.693542,1,UKM,125.3,9.6,304.0,1.0,2,4000,0,0,0,0,0,0

FINAL,N30,30,N,2
IF,FN30,49.927900,82.693542,S,0.0,0.0,2,4000,0,0,0,0,2,0
CF,S,50.022444,82.519250,0,S,0.0,0.0,304.0,8.8,1,1192,0,0,0,0,3,0
FC,S,50.022444,82.519250,0,UKM,0.0,0.0,304.0,6.0,2,4000,0,0,0,0,0,1
DF,S,50.022444,82.519250,2, ,0.0,0.0,0,0,0,1,240,0,0,0

