SID,ADAR4C,08,2
CA,0,76.0,2,1400,0,0,0,0,0,0
CF,ADARO,50.785000,81.878333,0,UKM,326.1,51.2,58.0,67.0,0,0,0,0,0,0,0,0

SID,ADAR4D,26,2
CA,0,256.0,2,1400,0,0,0,0,0,0
CI,2, ,0.0,99.0,0,0,0,0,0,0,0,0
CF,ADARO,50.785000,81.878333,0,UKM,326.1,51.2,59.0,61.0,0,0,0,0,0,0,0,0

SID,ADLA4C,08,2
CA,0,76.0,2,1400,0,0,0,0,0,0
CI,2, ,0.0,261.0,0,0,0,0,0,0,0,0
CF,ADLAN,49.858889,79.419444,0,UKM,260.2,120.2,221.0,39.0,0,0,0,0,0,0,0,0

SID,ADLA4D,26,2
CA,0,256.0,2,1400,0,0,0,0,0,0
CI,0, ,0.0,181.0,0,0,0,0,0,0,0,0
CF,ADLAN,49.858889,79.419444,0,UKM,260.2,120.2,221.0,39.0,0,0,0,0,0,0,0,0

SID,ELSU4C,08,2
CA,0,76.0,2,1400,0,0,0,0,0,0
CI,1, ,0.0,347.0,0,0,0,0,0,0,0,0
CF,ELSUT,51.228333,80.918333,0,UKM,314.4,94.1,17.0,56.0,0,0,0,0,0,0,0,0

SID,ELSU4D,26,2
CA,0,256.0,2,1400,0,0,0,0,0,0
CI,2, ,0.0,57.0,0,0,0,0,0,0,0,0
CF,ELSUT,51.228333,80.918333,0,UKM,314.4,94.1,17.0,50.0,0,0,0,0,0,0,0,0

SID,ETOR4C,08,2
CA,0,76.0,2,1400,0,0,0,0,0,0
CI,1, ,0.0,237.0,0,0,0,0,0,0,0,0
CF,ETORI,50.535556,79.145833,0,UKM,278.4,132.9,277.0,39.0,0,0,0,0,0,0,0,0

SID,ETOR4D,26,2
CA,0,256.0,2,1400,0,0,0,0,0,0
CI,0, ,0.0,307.0,0,0,0,0,0,0,0,0
CF,ETORI,50.535556,79.145833,0,UKM,278.4,132.9,277.0,40.0,0,0,0,0,0,0,0,0

SID,LIRN4C,08,2
CA,0,76.0,2,1400,0,0,0,0,0,0
CF,LIRNA,50.199722,81.367500,0,UKM,277.2,45.2,96.0,43.0,0,0,0,0,0,0,0,0

SID,LIRN4D,26,2
CA,0,256.0,2,1400,0,0,0,0,0,0
CI,1, ,0.0,55.0,0,0,0,0,0,0,0,0
CF,LIRNA,50.199722,81.367500,0,UKM,277.2,45.2,95.0,39.0,0,0,0,0,0,0,0,0

SID,LUNO4C,08,2
CA,0,76.0,2,1400,0,0,0,0,0,0
CI,2, ,0.0,211.0,0,0,0,0,0,0,0,0
CF,LUNOV,49.633333,80.300278,0,UKM,249.2,89.1,171.0,39.0,0,0,0,0,0,0,0,0

SID,LUNO4D,26,2
CA,0,256.0,2,1400,0,0,0,0,0,0
CI,1, ,0.0,131.0,0,0,0,0,0,0,0,0
CF,LUNOV,49.633333,80.300278,0,UKM,249.2,89.1,171.0,37.0,0,0,0,0,0,0,0,0

SID,OBUN4C,08,2
CA,0,76.0,2,1400,0,0,0,0,0,0
CI,1, ,0.0,265.0,0,0,0,0,0,0,0,0
CF,OBUNA,50.920278,79.300833,0,UKM,288.7,134.0,305.0,45.0,0,0,0,0,0,0,0,0

SID,OBUN4D,26,2
CA,0,256.0,2,1400,0,0,0,0,0,0
CI,0, ,0.0,345.0,0,0,0,0,0,0,0,0
CF,OBUNA,50.920278,79.300833,0,UKM,288.7,134.0,305.0,44.0,0,0,0,0,0,0,0,0

SID,RASU4C,08,2
CA,0,76.0,2,1400,0,0,0,0,0,0
CI,2, ,0.0,292.0,0,0,0,0,0,0,0,0
CF,RASUD,50.216389,79.131944,0,UKM,270.1,130.8,252.0,38.0,0,0,0,0,0,0,0,0

SID,RASU4D,26,2
CA,0,256.0,2,1400,0,0,0,0,0,0
CF,RASUD,50.216389,79.131944,0,UKM,270.1,130.8,252.0,42.0,0,0,0,0,0,0,0,0

SID,UVTO4C,08,2
CA,0,76.0,2,1400,0,0,0,0,0,0
CI,2, ,0.0,238.0,0,0,0,0,0,0,0,0
CF,UVTOK,49.656667,79.756667,0,UKM,253.1,109.2,198.0,41.0,0,0,0,0,0,0,0,0

SID,UVTO4D,26,2
CA,0,256.0,2,1400,0,0,0,0,0,0
CI,1, ,0.0,158.0,0,0,0,0,0,0,0,0
CF,UVTOK,49.656667,79.756667,0,UKM,253.1,109.2,198.0,40.0,0,0,0,0,0,0,0,0

STAR,ADAR4A,08,2
IF,ADARO,50.785000,81.878333, ,0.0,0.0,0,0,0,0,0,0,0,0
TF,S,50.354528,80.273139,0, ,0.0,0.0,0.0,0.0,1,5000,0,0,0,0,0,0

STAR,ADAR5B,26,2
IF,ADARO,50.785000,81.878333, ,0.0,0.0,0,0,0,0,0,0,0,0
TF,S,50.354528,80.273139,0, ,0.0,0.0,0.0,0.0,1,5000,0,0,0,0,0,0

STAR,ADLA3A,08,2
IF,ADLAN,49.858889,79.419444, ,0.0,0.0,0,0,0,0,0,0,0,0
TF,S,50.354528,80.273139,0, ,0.0,0.0,0.0,0.0,1,5000,0,0,0,0,0,0

STAR,ADLA5B,26,2
IF,ADLAN,49.858889,79.419444, ,0.0,0.0,0,0,0,0,0,0,0,0
TF,S,50.354528,80.273139,0, ,0.0,0.0,0.0,0.0,1,5000,0,0,0,0,0,0

STAR,ELSU4A,08,2
IF,ELSUT,51.228333,80.918333, ,0.0,0.0,0,0,0,0,0,0,0,0
TF,S,50.354528,80.273139,0, ,0.0,0.0,0.0,0.0,1,5000,0,0,0,0,0,0

STAR,ELSU5B,26,2
IF,ELSUT,51.228333,80.918333, ,0.0,0.0,0,0,0,0,0,0,0,0
TF,S,50.354528,80.273139,0, ,0.0,0.0,0.0,0.0,1,5000,0,0,0,0,0,0

STAR,ETOR3A,08,2
IF,ETORI,50.535556,79.145833, ,0.0,0.0,0,0,0,0,0,0,0,0
TF,S,50.354528,80.273139,0, ,0.0,0.0,0.0,0.0,1,5000,0,0,0,0,0,0

STAR,ETOR5B,26,2
IF,ETORI,50.535556,79.145833, ,0.0,0.0,0,0,0,0,0,0,0,0
TF,S,50.354528,80.273139,0, ,0.0,0.0,0.0,0.0,1,5000,0,0,0,0,0,0

STAR,LIRN4A,08,2
IF,LIRNA,50.199722,81.367500, ,0.0,0.0,0,0,0,0,0,0,0,0
TF,S,50.354528,80.273139,0, ,0.0,0.0,0.0,0.0,1,5000,0,0,0,0,0,0

STAR,LIRN5B,26,2
IF,LIRNA,50.199722,81.367500, ,0.0,0.0,0,0,0,0,0,0,0,0
TF,S,50.354528,80.273139,0, ,0.0,0.0,0.0,0.0,1,5000,0,0,0,0,0,0

STAR,LUNO4A,08,2
IF,LUNOV,49.633333,80.300278, ,0.0,0.0,0,0,0,0,0,0,0,0
TF,S,50.354528,80.273139,0, ,0.0,0.0,0.0,0.0,1,5000,0,0,0,0,0,0

STAR,LUNO5B,26,2
IF,LUNOV,49.633333,80.300278, ,0.0,0.0,0,0,0,0,0,0,0,0
TF,S,50.354528,80.273139,0, ,0.0,0.0,0.0,0.0,1,5000,0,0,0,0,0,0

STAR,OBUN4A,08,2
IF,OBUNA,50.920278,79.300833, ,0.0,0.0,0,0,0,0,0,0,0,0
TF,S,50.354528,80.273139,0, ,0.0,0.0,0.0,0.0,1,5000,0,0,0,0,0,0

STAR,OBUN5B,26,2
IF,OBUNA,50.920278,79.300833, ,0.0,0.0,0,0,0,0,0,0,0,0
TF,S,50.354528,80.273139,0, ,0.0,0.0,0.0,0.0,1,5000,0,0,0,0,0,0

STAR,RASU4A,08,2
IF,RASUD,50.216389,79.131944, ,0.0,0.0,0,0,0,0,0,0,0,0
TF,S,50.354528,80.273139,0, ,0.0,0.0,0.0,0.0,1,5000,0,0,0,0,0,0

STAR,RASU5B,26,2
IF,RASUD,50.216389,79.131944, ,0.0,0.0,0,0,0,0,0,0,0,0
TF,S,50.354528,80.273139,0, ,0.0,0.0,0.0,0.0,1,5000,0,0,0,0,0,0

STAR,UVTO4A,08,2
IF,UVTOK,49.656667,79.756667, ,0.0,0.0,0,0,0,0,0,0,0,0
TF,S,50.354528,80.273139,0, ,0.0,0.0,0.0,0.0,1,5000,0,0,0,0,0,0

STAR,UVTO5B,26,2
IF,UVTOK,49.656667,79.756667, ,0.0,0.0,0,0,0,0,0,0,0,0
TF,S,50.354528,80.273139,0, ,0.0,0.0,0.0,0.0,1,5000,0,0,0,0,0,0

APPTR,I26,26,BAGUT
FC,BAGUT,50.462417,80.527417,0,S,0.0,0.0,166.0,3.1,2,3000,0,0,0,0,1,1
CI,0,ISP,0.0,226.0,2,2700,0,0,0,0,0,0

APPTR,I26,26,ROGIR
FC,ROGIR,50.283639,80.558194,0,S,0.0,0.0,346.0,3.3,2,2800,0,0,0,0,1,1
CI,0,ISP,0.0,286.0,2,2700,0,0,0,0,0,0

FINAL,I26,26,I,3
IF,OSTAG,50.373028,80.542833,ISP,76.7,13.1,2,2700,0,0,0,0,0,0
CF,FI26,50.363861,80.407639,0,ISP,76.7,7.9,256.0,5.2,1,2700,0,0,0,0,2,0
CF,RW26,50.352922,80.250219,0,ISP,76.7,1.8,256.0,6.1,1,731,0,0,0,0,3,0
CA,0,256.0,2,1400,0,0,0,0,0,0
VM,0,0,1,76.0,1,2700,0,0,0,0,0,0

APPTR,N08,08,S1
IF,S,50.354528,80.273139, ,0.0,0.0,2,5000,0,1,200,0,1,0
FC,S,50.354528,80.273139,0,S,0.0,0.0,238.0,8.3,2,2700,0,0,0,0,0,1
CF,FN08,50.337694,80.061411,2,S,256.0,8.2,76.0,1.0,2,2700,0,0,0,0,0,0

APPTR,N08,08,S2
IF,S,50.354528,80.273139, ,0.0,0.0,2,5000,0,1,140,0,1,0
FC,S,50.354528,80.273139,0,S,0.0,0.0,247.0,8.2,2,2700,0,0,0,0,0,1
CF,FN08,50.337694,80.061411,2,S,256.0,8.2,76.0,1.0,2,2700,0,0,0,0,0,0

FINAL,N08,08,N,2
IF,FN08,50.337694,80.061411,S,0.0,0.0,2,2700,0,0,0,0,2,0
CF,RW08,50.350228,80.212119,0,S,0.0,0.0,76.0,5.8,1,809,0,0,0,0,3,0
CF,S,50.354528,80.273139,0,S,0.0,0.0,76.0,2.4,0,0,0,0,0,0,0,1
FC,S,50.354528,80.273139,0,S,0.0,0.0,76.0,4.7,2,2000,0,0,0,0,0,1
DF,S,50.354528,80.273139,2, ,0.0,0.0,1,2700,0,1,240,0,0,0

APPTR,N26,26,S1
IF,S,50.354528,80.273139, ,0.0,0.0,2,5000,0,1,200,0,1,0
FC,S,50.354528,80.273139,0,S,0.0,0.0,96.0,8.3,2,2700,0,0,0,0,0,1
CF,FN26,50.365194,80.410000,1,S,76.0,5.3,256.0,3.0,2,2700,0,0,0,0,0,0

APPTR,N26,26,S2
IF,S,50.354528,80.273139, ,0.0,0.0,2,5000,0,1,140,0,1,0
FC,S,50.354528,80.273139,0,S,0.0,0.0,89.0,7.0,2,2700,0,0,0,0,0,1
CF,FN26,50.365194,80.410000,1,S,76.0,5.3,256.0,2.0,2,2700,0,0,0,0,0,0

FINAL,N26,26,N,2
IF,FN26,50.365194,80.410000,S,0.0,0.0,2,2700,0,0,0,0,2,0
CF,S,50.354528,80.273139,0,S,0.0,0.0,256.0,5.3,1,1014,0,0,0,0,3,0
FC,S,50.354528,80.273139,0,S,0.0,0.0,256.0,5.3,2,2000,0,0,0,0,0,1
DF,S,50.354528,80.273139,1, ,0.0,0.0,2,2700,0,1,240,0,0,0

