SID,GOPS2A,09,2
CA,0,85.0,2,2500,0,0,0,0,0,0
CI,1, ,0.0,284.0,0,0,0,0,0,0,0,0
CF,GOPSO,48.098889,84.335556,0,UKM,141.5,136.7,324.0,38.0,0,0,0,0,0,0,0,0

SID,GOPS2B,27,2
CA,0,265.0,2,2500,0,0,0,0,0,0
CI,2, ,0.0,4.0,0,0,0,0,0,0,0,0
CF,GOPSO,48.098889,84.335556,0,UKM,141.5,136.7,324.0,39.0,0,0,0,0,0,0,0,0

STAR,GOPS2C,09,2
IF,GOPSO,48.098889,84.335556, ,0.0,0.0,0,0,0,0,0,0,0,0
TF,Z,47.485000,84.885556,0, ,0.0,0.0,0.0,0.0,1,6000,0,0,0,0,0,0

APPTR,N09,09,Z
IF,Z,47.485000,84.885556, ,0.0,0.0,2,6000,0,1,140,0,1,0
FC,Z,47.485000,84.885556,0,Z,0.0,0.0,279.0,8.6,2,4500,0,0,0,0,0,1
CF,FF09,47.494558,84.679919,1,Z,269.0,8.4,89.0,1.0,2,4500,0,0,0,0,0,0

FINAL,N09,09,N,2
IF,FF09,47.494558,84.679919,Z,0.0,0.0,2,4500,0,0,0,0,2,0
CF,RW09,47.487489,84.877767,0,Z,0.0,0.0,89.0,8.1,1,1933,0,0,0,0,3,0
CF,Z,47.485000,84.885556,0,Z,0.0,0.0,89.0,0.4,0,0,0,0,0,0,0,1
FC,Z,47.485000,84.885556,0,Z,0.0,0.0,89.0,5.5,2,3500,0,0,0,0,0,1
DF,Z,47.485000,84.885556,1, ,0.0,0.0,1,4500,0,0,0,0,0,0

