SID,AGIL6A,12,2
CA,0,115.0,2,800,0,0,0,0,0,0
CI,1, ,0.0,345.0,0,0,0,0,0,0,0,0
CF,AGILA,44.816944,51.906111,0,AKT,25.3,67.3,25.0,63.0,4,20000,4000,0,0,0,0,0

SID,AGIL6B,30,2
CA,0,296.0,2,800,0,0,0,0,0,0
CI,2, ,0.0,65.0,0,0,0,0,0,0,0,0
CF,AGILA,44.816944,51.906111,0,AKT,25.3,67.3,25.0,63.0,4,20000,4000,0,0,0,0,0

SID,AKUK5A,12,2
CA,0,115.0,2,800,0,0,0,0,0,0
DF,AKT,43.872306,51.064417,1, ,0.0,0.0,2,7000,0,0,0,0,0,0
TF,AKUKU,42.843333,51.085833,0, ,0.0,0.0,0.0,0.0,4,20000,4000,0,0,0,0,0

SID,AKUK5B,30,2
CA,0,296.0,2,800,0,0,0,0,0,0
CI,1, ,0.0,132.0,0,0,0,0,0,0,0,0
CF,AKUKU,42.843333,51.085833,0,AKT,172.1,61.7,172.0,57.0,4,20000,4000,0,0,0,0,0

SID,ATNU5A,12,2
CA,0,115.0,2,800,0,0,0,0,0,0
CI,1, ,0.0,277.0,0,0,0,0,0,0,0,0
CF,ATNUR,44.766389,50.163333,0,AKT,317.4,66.2,317.0,63.0,4,20000,4000,0,0,0,0,0

SID,ATNU5B,30,2
CA,0,296.0,2,800,0,0,0,0,0,0
CI,0, ,0.0,347.0,0,0,0,0,0,0,0,0
CF,ATNUR,44.766389,50.163333,0,AKT,317.4,66.2,317.0,66.0,4,20000,4000,0,0,0,0,0

SID,AZAB5A,12,2
CA,0,115.0,2,800,0,0,0,0,0,0
CI,1, ,0.0,261.0,0,0,0,0,0,0,0,0
CF,AZABI,44.740000,49.500000,0,AKT,301.2,85.2,301.0,82.0,4,20000,4000,0,0,0,0,0

SID,AZAB5B,30,2
CA,0,296.0,2,800,0,0,0,0,0,0
CF,AZABI,44.740000,49.500000,0,AKT,301.2,85.2,301.0,85.0,4,20000,4000,0,0,0,0,0

SID,BALI5A,12,2
CA,0,115.0,2,800,0,0,0,0,0,0
CF,BALIG,43.328889,51.838333,0,AKT,126.8,46.9,128.0,44.0,4,20000,4000,0,0,0,0,0

SID,BALI5B,30,2
CA,0,296.0,2,800,0,0,0,0,0,0
CI,2, ,0.0,164.0,0,0,0,0,0,0,0,0
CF,DILOL,43.660000,51.394167,0,AKT,124.5,19.2,124.0,14.0,0,0,0,0,0,0,0,0
TF,BALIG,43.328889,51.838333,0, ,0.0,0.0,0.0,0.0,4,20000,4000,0,0,0,0,0

SID,GASB5A,12,2
CA,0,115.0,2,800,0,0,0,0,0,0
DF,AKT,43.872306,51.064417,1, ,0.0,0.0,2,7000,0,0,0,0,0,0
TF,GASBI,42.436389,50.469722,0, ,0.0,0.0,0.0,0.0,4,20000,4000,0,0,0,0,0

SID,GASB5B,30,2
CA,0,296.0,2,800,0,0,0,0,0,0
CI,1, ,0.0,150.0,0,0,0,0,0,0,0,0
CF,GASBI,42.436389,50.469722,0,AKT,190.1,90.0,190.0,85.0,4,20000,4000,0,0,0,0,0

SID,GIGR5A,12,2
CA,0,115.0,2,800,0,0,0,0,0,0
CI,0, ,0.0,30.0,0,0,0,0,0,0,0,0
CF,GIGRI,44.213333,52.215556,0,AKT,60.3,53.9,60.0,49.0,4,20000,4000,0,0,0,0,0

SID,GIGR5B,30,2
CA,0,296.0,2,800,0,0,0,0,0,0
CI,2, ,0.0,100.0,0,0,0,0,0,0,0,0
CF,GIGRI,44.213333,52.215556,0,AKT,60.3,53.9,60.0,48.0,4,20000,4000,0,0,0,0,0

SID,IPLE5A,12,2
CA,0,115.0,2,800,0,0,0,0,0,0
DF,AKT,43.872306,51.064417,1, ,0.0,0.0,0,0,0,0,0,0,0,0
TF,IPLED,43.396667,49.500000,0, ,0.0,0.0,0.0,0.0,4,20000,4000,0,0,0,0,0

SID,IPLE5B,30,2
CA,0,296.0,2,800,0,0,0,0,0,0
CI,1, ,0.0,201.0,0,0,0,0,0,0,0,0
CF,IPLED,43.396667,49.500000,0,AKT,240.8,73.9,241.0,71.0,4,20000,4000,0,0,0,0,0

SID,ITAK5A,12,2
CA,0,115.0,2,800,0,0,0,0,0,0
CI,1, ,0.0,223.0,0,0,0,0,0,0,0,0
CF,ITAKA,43.873333,49.500000,0,AKT,263.6,67.9,263.0,68.0,4,20000,4000,0,0,0,0,0

SID,ITAK5B,30,2
CA,0,296.0,2,800,0,0,0,0,0,0
CI,0, ,0.0,233.0,0,0,0,0,0,0,0,0
CF,ITAKA,43.873333,49.500000,0,AKT,263.6,67.9,263.0,65.0,4,20000,4000,0,0,0,0,0

SID,LUMU5A,12,2
CA,0,115.0,2,800,0,0,0,0,0,0
CF,D115O,43.742986,51.349086,0,AKT,115.0,14.6,115.0,12.0,0,0,0,0,0,0,0,1
CI,0, ,0.0,180.0,0,0,0,0,0,0,0,0
CF,LUMUR,43.110833,51.498056,0,AKT,150.3,49.5,150.0,21.0,4,20000,4000,0,0,0,0,0

SID,LUMU5B,30,2
CA,0,296.0,2,800,0,0,0,0,0,0
CI,2, ,0.0,164.0,0,0,0,0,0,0,0,0
CF,DILOL,43.660000,51.394167,0,AKT,124.5,19.2,124.0,14.0,0,0,0,0,0,0,0,0
TF,LUMUR,43.110833,51.498056,0, ,0.0,0.0,0.0,0.0,4,20000,4000,0,0,0,0,0

SID,NEPI5A,12,2
CA,0,115.0,2,800,0,0,0,0,0,0
CI,0, ,0.0,63.0,0,0,0,0,0,0,0,0
CF,NEPIL,43.692500,52.415278,0,AKT,92.9,59.7,93.0,57.0,4,20000,4000,0,0,0,0,0

SID,NEPI5B,30,2
CA,0,296.0,2,800,0,0,0,0,0,0
CI,2, ,0.0,133.0,0,0,0,0,0,0,0,0
CF,NEPIL,43.692500,52.415278,0,AKT,92.9,59.7,93.0,53.0,4,20000,4000,0,0,0,0,0

SID,PIKA5A,12,2
CA,0,115.0,2,800,0,0,0,0,0,0
DF,AKT,43.872306,51.064417,1, ,0.0,0.0,0,0,0,0,0,0,0,0
TF,PIKAN,42.883333,49.500000,0, ,0.0,0.0,0.0,0.0,4,20000,4000,0,0,0,0,0

SID,PIKA5B,30,2
CA,0,296.0,2,800,0,0,0,0,0,0
CI,1, ,0.0,182.0,0,0,0,0,0,0,0,0
CF,PIKAN,42.883333,49.500000,0,AKT,222.6,90.6,222.0,87.0,4,20000,4000,0,0,0,0,0

SID,PIRI5A,12,2
CA,0,115.0,2,800,0,0,0,0,0,0
CI,1, ,0.0,323.0,0,0,0,0,0,0,0,0
CF,PIRIM,44.802222,51.294722,0,AKT,3.0,56.7,3.0,53.0,4,20000,4000,0,0,0,0,0

SID,PIRI5B,30,2
CA,0,296.0,2,800,0,0,0,0,0,0
CI,2, ,0.0,43.0,0,0,0,0,0,0,0,0
CF,PIRIM,44.802222,51.294722,0,AKT,3.0,56.7,3.0,54.0,4,20000,4000,0,0,0,0,0

SID,RALA6A,12,2
CA,0,115.0,2,800,0,0,0,0,0,0
CI,1, ,0.0,237.0,0,0,0,0,0,0,0,0
CF,RALAN,44.136667,49.500000,0,AKT,276.7,69.6,277.0,67.0,4,20000,4000,0,0,0,0,0

SID,RALA6B,30,2
CA,0,296.0,2,800,0,0,0,0,0,0
CI,0, ,0.0,257.0,0,0,0,0,0,0,0,0
CF,RALAN,44.136667,49.500000,0,AKT,276.7,69.6,277.0,68.0,4,20000,4000,0,0,0,0,0

SID,RIBM5A,12,2
CA,0,115.0,2,800,0,0,0,0,0,0
CI,1, ,0.0,20.0,0,0,0,0,0,0,0,0
CF,RIBMO,44.377222,52.152222,0,AKT,49.8,55.9,50.0,49.0,4,20000,4000,0,0,0,0,0

SID,RIBM5B,30,2
CA,0,296.0,2,800,0,0,0,0,0,0
CI,2, ,0.0,90.0,0,0,0,0,0,0,0,0
CF,RIBMO,44.377222,52.152222,0,AKT,49.8,55.9,50.0,49.0,4,20000,4000,0,0,0,0,0

SID,ULSO5A,12,2
CA,0,115.0,2,800,0,0,0,0,0,0
CI,0, ,0.0,52.0,0,0,0,0,0,0,0,0
CF,ULSON,43.878889,52.344167,0,AKT,82.2,55.5,82.0,52.0,4,20000,4000,0,0,0,0,0

SID,ULSO5B,30,2
CA,0,296.0,2,800,0,0,0,0,0,0
CI,2, ,0.0,122.0,0,0,0,0,0,0,0,0
CF,ULSON,43.878889,52.344167,0,AKT,82.2,55.5,82.0,51.0,4,20000,4000,0,0,0,0,0

STAR,AGIL2G,12,2
IF,AGILA,44.816944,51.906111, ,0.0,0.0,4,21000,4000,0,0,0,0,0
TF,T,43.847944,51.117167,0, ,0.0,0.0,0.0,0.0,1,4000,0,0,0,0,0,0

STAR,AGIL5F,30,2
IF,AGILA,44.816944,51.906111, ,0.0,0.0,4,21000,4000,0,0,0,0,0
TF,T,43.847944,51.117167,0, ,0.0,0.0,0.0,0.0,1,4000,0,0,0,0,0,0

STAR,AGIL6C,12,2
IF,AGILA,44.816944,51.906111, ,0.0,0.0,4,21000,4000,0,0,0,0,0
TF,AKT,43.872306,51.064417,0, ,0.0,0.0,0.0,0.0,1,4000,0,0,0,0,0,0

STAR,AGIL6D,30,2
IF,AGILA,44.816944,51.906111, ,0.0,0.0,4,21000,4000,0,0,0,0,0
TF,AKT,43.872306,51.064417,0, ,0.0,0.0,0.0,0.0,1,4000,0,0,0,0,0,0

STAR,AKUK2G,12,2
IF,AKUKU,42.843333,51.085833, ,0.0,0.0,4,21000,4000,0,0,0,0,0
TF,VAKES,43.541667,51.000000,0, ,0.0,0.0,0.0,0.0,0,0,0,0,0,0,0,0
TF,T,43.847944,51.117167,0, ,0.0,0.0,0.0,0.0,1,4000,0,0,0,0,0,0

STAR,AKUK4F,30,2
IF,AKUKU,42.843333,51.085833, ,0.0,0.0,4,21000,4000,0,0,0,0,0
TF,VAKES,43.541667,51.000000,0, ,0.0,0.0,0.0,0.0,0,0,0,0,0,0,0,0
TF,T,43.847944,51.117167,0, ,0.0,0.0,0.0,0.0,1,4000,0,0,0,0,0,0

STAR,AKUK5C,12,2
IF,AKUKU,42.843333,51.085833, ,0.0,0.0,4,21000,4000,0,0,0,0,0
TF,VAKES,43.541667,51.000000,0, ,0.0,0.0,0.0,0.0,0,0,0,0,0,0,0,0
TF,AKT,43.872306,51.064417,0, ,0.0,0.0,0.0,0.0,1,4000,0,0,0,0,0,0

STAR,AKUK5D,30,2
IF,AKUKU,42.843333,51.085833, ,0.0,0.0,4,21000,4000,0,0,0,0,0
TF,VAKES,43.541667,51.000000,0, ,0.0,0.0,0.0,0.0,0,0,0,0,0,0,0,0
TF,AKT,43.872306,51.064417,0, ,0.0,0.0,0.0,0.0,1,4000,0,0,0,0,0,0

STAR,ATNU2G,12,2
IF,ATNUR,44.766389,50.163333, ,0.0,0.0,4,21000,4000,0,0,0,0,0
TF,T,43.847944,51.117167,0, ,0.0,0.0,0.0,0.0,1,4000,0,0,0,0,0,0

STAR,ATNU4F,30,2
IF,ATNUR,44.766389,50.163333, ,0.0,0.0,4,21000,4000,0,0,0,0,0
TF,T,43.847944,51.117167,0, ,0.0,0.0,0.0,0.0,1,4000,0,0,0,0,0,0

STAR,ATNU5C,12,2
IF,ATNUR,44.766389,50.163333, ,0.0,0.0,4,21000,4000,0,0,0,0,0
TF,AKT,43.872306,51.064417,0, ,0.0,0.0,0.0,0.0,1,4000,0,0,0,0,0,0

STAR,ATNU5D,30,2
IF,ATNUR,44.766389,50.163333, ,0.0,0.0,4,21000,4000,0,0,0,0,0
TF,AKT,43.872306,51.064417,0, ,0.0,0.0,0.0,0.0,1,4000,0,0,0,0,0,0

STAR,AZAB2G,12,2
IF,AZABI,44.740000,49.500000, ,0.0,0.0,4,21000,4000,0,0,0,0,0
TF,T,43.847944,51.117167,0, ,0.0,0.0,0.0,0.0,1,4000,0,0,0,0,0,0

STAR,AZAB4F,30,2
IF,AZABI,44.740000,49.500000, ,0.0,0.0,4,21000,4000,0,0,0,0,0
TF,T,43.847944,51.117167,0, ,0.0,0.0,0.0,0.0,1,4000,0,0,0,0,0,0

STAR,AZAB5C,12,2
IF,AZABI,44.740000,49.500000, ,0.0,0.0,4,21000,4000,0,0,0,0,0
TF,AKT,43.872306,51.064417,0, ,0.0,0.0,0.0,0.0,1,4000,0,0,0,0,0,0

STAR,AZAB5D,30,2
IF,AZABI,44.740000,49.500000, ,0.0,0.0,4,21000,4000,0,0,0,0,0
TF,AKT,43.872306,51.064417,0, ,0.0,0.0,0.0,0.0,1,4000,0,0,0,0,0,0

STAR,BALI2G,12,2
IF,BALIG,43.328889,51.838333, ,0.0,0.0,4,21000,4000,0,0,0,0,0
TF,T,43.847944,51.117167,0, ,0.0,0.0,0.0,0.0,1,4000,0,0,0,0,0,0

STAR,BALI4F,30,2
IF,BALIG,43.328889,51.838333, ,0.0,0.0,4,21000,4000,0,0,0,0,0
TF,T,43.847944,51.117167,0, ,0.0,0.0,0.0,0.0,1,4000,0,0,0,0,0,0

STAR,BALI5C,12,2
IF,BALIG,43.328889,51.838333, ,0.0,0.0,4,21000,4000,0,0,0,0,0
TF,AKT,43.872306,51.064417,0, ,0.0,0.0,0.0,0.0,1,4000,0,0,0,0,0,0

STAR,BALI5D,30,2
IF,BALIG,43.328889,51.838333, ,0.0,0.0,4,21000,4000,0,0,0,0,0
TF,AKT,43.872306,51.064417,0, ,0.0,0.0,0.0,0.0,1,4000,0,0,0,0,0,0

STAR,GASB2G,12,2
IF,GASBI,42.436389,50.469722, ,0.0,0.0,4,21000,4000,0,0,0,0,0
TF,VAKES,43.541667,51.000000,0, ,0.0,0.0,0.0,0.0,0,0,0,0,0,0,0,0
TF,T,43.847944,51.117167,0, ,0.0,0.0,0.0,0.0,1,4000,0,0,0,0,0,0

STAR,GASB4F,30,2
IF,GASBI,42.436389,50.469722, ,0.0,0.0,4,21000,4000,0,0,0,0,0
TF,VAKES,43.541667,51.000000,0, ,0.0,0.0,0.0,0.0,0,0,0,0,0,0,0,0
TF,T,43.847944,51.117167,0, ,0.0,0.0,0.0,0.0,1,4000,0,0,0,0,0,0

STAR,GASB5C,12,2
IF,GASBI,42.436389,50.469722, ,0.0,0.0,4,21000,4000,0,0,0,0,0
TF,AKT,43.872306,51.064417,0, ,0.0,0.0,0.0,0.0,1,4000,0,0,0,0,0,0

STAR,GASB5D,30,2
IF,GASBI,42.436389,50.469722, ,0.0,0.0,4,21000,4000,0,0,0,0,0
TF,AKT,43.872306,51.064417,0, ,0.0,0.0,0.0,0.0,1,4000,0,0,0,0,0,0

STAR,GIGR2G,12,2
IF,GIGRI,44.213333,52.215556, ,0.0,0.0,4,21000,4000,0,0,0,0,0
TF,T,43.847944,51.117167,0, ,0.0,0.0,0.0,0.0,1,4000,0,0,0,0,0,0

STAR,GIGR4F,30,2
IF,GIGRI,44.213333,52.215556, ,0.0,0.0,4,21000,4000,0,0,0,0,0
TF,T,43.847944,51.117167,0, ,0.0,0.0,0.0,0.0,1,4000,0,0,0,0,0,0

STAR,GIGR5C,12,2
IF,GIGRI,44.213333,52.215556, ,0.0,0.0,4,21000,4000,0,0,0,0,0
TF,AKT,43.872306,51.064417,0, ,0.0,0.0,0.0,0.0,1,4000,0,0,0,0,0,0

STAR,GIGR5D,30,2
IF,GIGRI,44.213333,52.215556, ,0.0,0.0,4,21000,4000,0,0,0,0,0
TF,AKT,43.872306,51.064417,0, ,0.0,0.0,0.0,0.0,1,4000,0,0,0,0,0,0

STAR,IPLE2G,12,2
IF,IPLED,43.396667,49.500000, ,0.0,0.0,4,21000,4000,0,0,0,0,0
TF,T,43.847944,51.117167,0, ,0.0,0.0,0.0,0.0,1,4000,0,0,0,0,0,0

STAR,IPLE4F,30,2
IF,IPLED,43.396667,49.500000, ,0.0,0.0,4,21000,4000,0,0,0,0,0
TF,T,43.847944,51.117167,0, ,0.0,0.0,0.0,0.0,1,4000,0,0,0,0,0,0

STAR,IPLE5C,12,2
IF,IPLED,43.396667,49.500000, ,0.0,0.0,4,21000,4000,0,0,0,0,0
TF,AKT,43.872306,51.064417,0, ,0.0,0.0,0.0,0.0,1,4000,0,0,0,0,0,0

STAR,IPLE5D,30,2
IF,IPLED,43.396667,49.500000, ,0.0,0.0,4,21000,4000,0,0,0,0,0
TF,AKT,43.872306,51.064417,0, ,0.0,0.0,0.0,0.0,1,4000,0,0,0,0,0,0

STAR,ITAK2G,12,2
IF,ITAKA,43.873333,49.500000, ,0.0,0.0,4,21000,4000,0,0,0,0,0
TF,T,43.847944,51.117167,0, ,0.0,0.0,0.0,0.0,1,4000,0,0,0,0,0,0

STAR,ITAK4F,30,2
IF,ITAKA,43.873333,49.500000, ,0.0,0.0,4,21000,4000,0,0,0,0,0
TF,T,43.847944,51.117167,0, ,0.0,0.0,0.0,0.0,1,4000,0,0,0,0,0,0

STAR,ITAK5C,12,2
IF,ITAKA,43.873333,49.500000, ,0.0,0.0,4,21000,4000,0,0,0,0,0
TF,AKT,43.872306,51.064417,0, ,0.0,0.0,0.0,0.0,1,4000,0,0,0,0,0,0

STAR,ITAK5D,30,2
IF,ITAKA,43.873333,49.500000, ,0.0,0.0,4,21000,4000,0,0,0,0,0
TF,AKT,43.872306,51.064417,0, ,0.0,0.0,0.0,0.0,1,4000,0,0,0,0,0,0

STAR,LUMU2G,12,2
IF,LUMUR,43.110833,51.498056, ,0.0,0.0,4,21000,4000,0,0,0,0,0
TF,VAKES,43.541667,51.000000,0, ,0.0,0.0,0.0,0.0,0,0,0,0,0,0,0,0
TF,T,43.847944,51.117167,0, ,0.0,0.0,0.0,0.0,1,4000,0,0,0,0,0,0

STAR,LUMU4F,30,2
IF,LUMUR,43.110833,51.498056, ,0.0,0.0,4,21000,4000,0,0,0,0,0
TF,VAKES,43.541667,51.000000,0, ,0.0,0.0,0.0,0.0,0,0,0,0,0,0,0,0
TF,T,43.847944,51.117167,0, ,0.0,0.0,0.0,0.0,1,4000,0,0,0,0,0,0

STAR,LUMU5C,12,2
IF,LUMUR,43.110833,51.498056, ,0.0,0.0,4,21000,4000,0,0,0,0,0
TF,VAKES,43.541667,51.000000,0, ,0.0,0.0,0.0,0.0,0,0,0,0,0,0,0,0
TF,AKT,43.872306,51.064417,0, ,0.0,0.0,0.0,0.0,1,4000,0,0,0,0,0,0

STAR,LUMU5D,30,2
IF,LUMUR,43.110833,51.498056, ,0.0,0.0,4,21000,4000,0,0,0,0,0
TF,VAKES,43.541667,51.000000,0, ,0.0,0.0,0.0,0.0,0,0,0,0,0,0,0,0
TF,AKT,43.872306,51.064417,0, ,0.0,0.0,0.0,0.0,1,4000,0,0,0,0,0,0

STAR,NEPI2G,12,2
IF,NEPIL,43.692500,52.415278, ,0.0,0.0,4,21000,4000,0,0,0,0,0
TF,T,43.847944,51.117167,0, ,0.0,0.0,0.0,0.0,1,4000,0,0,0,0,0,0

STAR,NEPI4F,30,2
IF,NEPIL,43.692500,52.415278, ,0.0,0.0,4,21000,4000,0,0,0,0,0
TF,T,43.847944,51.117167,0, ,0.0,0.0,0.0,0.0,1,4000,0,0,0,0,0,0

STAR,NEPI5C,12,2
IF,NEPIL,43.692500,52.415278, ,0.0,0.0,4,21000,4000,0,0,0,0,0
TF,AKT,43.872306,51.064417,0, ,0.0,0.0,0.0,0.0,1,4000,0,0,0,0,0,0

STAR,NEPI5D,30,2
IF,NEPIL,43.692500,52.415278, ,0.0,0.0,4,21000,4000,0,0,0,0,0
TF,AKT,43.872306,51.064417,0, ,0.0,0.0,0.0,0.0,1,4000,0,0,0,0,0,0

STAR,PIKA2G,12,2
IF,PIKAN,42.883333,49.500000, ,0.0,0.0,4,21000,4000,0,0,0,0,0
TF,T,43.847944,51.117167,0, ,0.0,0.0,0.0,0.0,1,4000,0,0,0,0,0,0

STAR,PIKA4F,30,2
IF,PIKAN,42.883333,49.500000, ,0.0,0.0,4,21000,4000,0,0,0,0,0
TF,T,43.847944,51.117167,0, ,0.0,0.0,0.0,0.0,1,4000,0,0,0,0,0,0

STAR,PIKA5C,12,2
IF,PIKAN,42.883333,49.500000, ,0.0,0.0,4,21000,4000,0,0,0,0,0
TF,AKT,43.872306,51.064417,0, ,0.0,0.0,0.0,0.0,1,4000,0,0,0,0,0,0

STAR,PIKA5D,30,2
IF,PIKAN,42.883333,49.500000, ,0.0,0.0,4,21000,4000,0,0,0,0,0
TF,AKT,43.872306,51.064417,0, ,0.0,0.0,0.0,0.0,1,4000,0,0,0,0,0,0

STAR,PIRI2G,12,2
IF,PIRIM,44.802222,51.294722, ,0.0,0.0,4,21000,4000,0,0,0,0,0
TF,T,43.847944,51.117167,0, ,0.0,0.0,0.0,0.0,1,4000,0,0,0,0,0,0

STAR,PIRI4F,30,2
IF,PIRIM,44.802222,51.294722, ,0.0,0.0,4,21000,4000,0,0,0,0,0
TF,T,43.847944,51.117167,0, ,0.0,0.0,0.0,0.0,1,4000,0,0,0,0,0,0

STAR,PIRI5C,12,2
IF,PIRIM,44.802222,51.294722, ,0.0,0.0,4,21000,4000,0,0,0,0,0
TF,AKT,43.872306,51.064417,0, ,0.0,0.0,0.0,0.0,1,4000,0,0,0,0,0,0

STAR,PIRI5D,30,2
IF,PIRIM,44.802222,51.294722, ,0.0,0.0,4,21000,4000,0,0,0,0,0
TF,AKT,43.872306,51.064417,0, ,0.0,0.0,0.0,0.0,1,4000,0,0,0,0,0,0

STAR,RALA3G,12,2
IF,RALAN,44.136667,49.500000, ,0.0,0.0,4,21000,4000,0,0,0,0,0
TF,T,43.847944,51.117167,0, ,0.0,0.0,0.0,0.0,1,4000,0,0,0,0,0,0

STAR,RALA5F,30,2
IF,RALAN,44.136667,49.500000, ,0.0,0.0,4,21000,4000,0,0,0,0,0
TF,T,43.847944,51.117167,0, ,0.0,0.0,0.0,0.0,1,4000,0,0,0,0,0,0

STAR,RALA6C,12,2
IF,RALAN,44.136667,49.500000, ,0.0,0.0,4,21000,4000,0,0,0,0,0
TF,AKT,43.872306,51.064417,0, ,0.0,0.0,0.0,0.0,1,4000,0,0,0,0,0,0

STAR,RALA6D,30,2
IF,RALAN,44.136667,49.500000, ,0.0,0.0,4,21000,4000,0,0,0,0,0
TF,AKT,43.872306,51.064417,0, ,0.0,0.0,0.0,0.0,1,4000,0,0,0,0,0,0

STAR,RIBM2G,12,2
IF,RIBMO,44.377222,52.152222, ,0.0,0.0,4,21000,4000,0,0,0,0,0
TF,T,43.847944,51.117167,0, ,0.0,0.0,0.0,0.0,1,4000,0,0,0,0,0,0

STAR,RIBM4F,30,2
IF,RIBMO,44.377222,52.152222, ,0.0,0.0,4,21000,4000,0,0,0,0,0
TF,T,43.847944,51.117167,0, ,0.0,0.0,0.0,0.0,1,4000,0,0,0,0,0,0

STAR,RIBM5C,12,2
IF,RIBMO,44.377222,52.152222, ,0.0,0.0,4,21000,4000,0,0,0,0,0
TF,AKT,43.872306,51.064417,0, ,0.0,0.0,0.0,0.0,1,4000,0,0,0,0,0,0

STAR,RIBM5D,30,2
IF,RIBMO,44.377222,52.152222, ,0.0,0.0,4,21000,4000,0,0,0,0,0
TF,AKT,43.872306,51.064417,0, ,0.0,0.0,0.0,0.0,1,4000,0,0,0,0,0,0

STAR,ULSO2G,12,2
IF,ULSON,43.878889,52.344167, ,0.0,0.0,4,21000,4000,0,0,0,0,0
TF,T,43.847944,51.117167,0, ,0.0,0.0,0.0,0.0,1,4000,0,0,0,0,0,0

STAR,ULSO4F,30,2
IF,ULSON,43.878889,52.344167, ,0.0,0.0,4,21000,4000,0,0,0,0,0
TF,T,43.847944,51.117167,0, ,0.0,0.0,0.0,0.0,1,4000,0,0,0,0,0,0

STAR,ULSO5C,12,2
IF,ULSON,43.878889,52.344167, ,0.0,0.0,4,21000,4000,0,0,0,0,0
TF,AKT,43.872306,51.064417,0, ,0.0,0.0,0.0,0.0,1,4000,0,0,0,0,0,0

STAR,ULSO5D,30,2
IF,ULSON,43.878889,52.344167, ,0.0,0.0,4,21000,4000,0,0,0,0,0
TF,AKT,43.872306,51.064417,0, ,0.0,0.0,0.0,0.0,1,4000,0,0,0,0,0,0

APPTR,D12,12,AKT1
IF,AKT,43.872306,51.064417, ,0.0,0.0,2,4000,0,1,200,0,1,0
FD,AKT,43.872306,51.064417,0,AKT,0.0,7.6,318.0,7.6,2,1700,0,0,0,0,0,0
CF,FD12,43.912806,50.978056,1,AKT,296.0,4.5,116.0,3.0,2,1700,0,0,0,0,0,0

APPTR,D12,12,AKT2
IF,AKT,43.872306,51.064417, ,0.0,0.0,2,4000,0,1,140,0,1,0
FD,AKT,43.872306,51.064417,0,AKT,0.0,7.6,308.0,7.6,2,1700,0,0,0,0,0,0
CF,FD12,43.912806,50.978056,1,AKT,296.0,4.5,116.0,3.0,2,1700,0,0,0,0,0,0

FINAL,D12,12,D,2
IF,FD12,43.912806,50.978056,AKT,296.0,4.5,2,1700,0,0,0,0,2,0
CF,AKT,43.872306,51.064417,0,AKT,0.0,0.0,116.0,4.5,1,294,0,0,0,0,3,0
FD,AKT,43.872306,51.064417,0,AKT,0.0,5.4,116.0,5.4,2,1000,0,0,0,0,0,0
DF,AKT,43.872306,51.064417,1, ,0.0,0.0,1,1700,0,1,250,0,0,0

APPTR,D30,30,AKT1
IF,AKT,43.872306,51.064417, ,0.0,0.0,2,4000,0,1,200,0,1,0
FD,AKT,43.872306,51.064417,0,AKT,0.0,10.3,99.0,10.3,2,1700,0,0,0,0,0,0
CF,FD30,43.806683,51.204400,2,AKT,115.9,7.2,296.0,4.0,2,1700,0,0,0,0,0,0

APPTR,D30,30,AKT2
IF,AKT,43.872306,51.064417, ,0.0,0.0,2,4000,0,1,140,0,1,0
FD,AKT,43.872306,51.064417,0,AKT,0.0,10.3,107.0,10.3,2,1700,0,0,0,0,0,0
CF,FD30,43.806683,51.204400,2,AKT,115.9,7.2,296.0,4.0,2,1700,0,0,0,0,0,0

FINAL,D30,30,D,2
IF,FD30,43.806683,51.204400,AKT,115.9,7.2,2,1700,0,0,0,0,2,0
CF,MD30,43.847781,51.116569,0,AKT,116.0,2.7,296.0,4.5,1,270,0,0,0,0,3,0
CF,AKT,43.872306,51.064417,0,AKT,0.0,0.0,296.0,2.7,0,0,0,0,0,0,0,0
FD,AKT,43.872306,51.064417,0,AKT,0.0,5.0,296.0,5.0,2,1300,0,0,0,0,0,0
DF,AKT,43.872306,51.064417,2, ,0.0,0.0,1,1700,0,1,250,0,0,0

APPTR,I12,12,BASUN
IF,BASUN,44.037778,50.937194, ,0.0,0.0,2,1800,0,0,0,0,1,0
CR,0,AKT,308.0,206.0,0,0,0,0,0,0,0,0
CI,0,IAU,0.0,146.0,0,0,0,0,0,0,0,0

APPTR,I12,12,NASAB
IF,NASAB,43.886167,50.802806, ,0.0,0.0,2,1800,0,0,0,0,1,0
CR,0,AKT,284.0,25.0,0,0,0,0,0,0,0,0
CI,0,IAU,0.0,86.0,0,0,0,0,0,0,0,0

FINAL,I12,12,I,3
IF,ABDIB,43.962000,50.869833,IAU,295.6,12.7,2,1800,0,0,0,0,0,0
CF,FI12,43.912028,50.978389,0,IAU,295.6,7.1,116.0,5.6,1,1700,0,0,0,0,2,0
CF,RW12,43.867503,51.074864,0,IAU,295.7,2.2,116.0,5.0,1,122,0,0,0,0,3,0
FA,RW12,43.867503,51.074864,0,AKT,0.0,0.0,116.0,2,800,0,0,0,0,0,0
VM,0,0,1,296.0,1,1800,0,0,0,0,0,0

APPTR,I30,30,KESOS
FC,KESOS,43.620278,51.453611,0,AKT,0.0,0.0,316.0,6.4,2,3400,0,0,0,0,1,1
CF,DISAD,43.758028,51.309833,0,ITA,115.7,12.6,316.0,4.0,2,1800,0,0,0,0,1,0

APPTR,I30,30,MISPU
IF,MISPU,43.833861,51.376944, ,0.0,0.0,2,1800,0,0,0,0,1,0
CR,0,AKT,107.0,206.0,0,0,0,0,0,0,0,0
CI,0,ITA,0.0,266.0,0,0,0,0,0,0,0,0

FINAL,I30,30,I,3
IF,DISAD,43.758028,51.309833,ITA,115.7,12.6,2,1800,0,0,0,0,0,0
CF,FI30,43.808083,51.202639,0,ITA,115.7,7.1,296.0,5.5,1,1700,0,0,0,0,2,0
CF,RW30,43.852700,51.106803,0,ITA,115.6,2.1,296.0,5.0,1,105,0,0,0,0,3,0
FA,RW30,43.852700,51.106803,0,AKT,0.0,0.0,296.0,2,800,0,0,0,0,0,0
VM,0,0,2,116.0,1,1800,0,0,0,0,0,0

APPTR,N12,12,T1
IF,T,43.847944,51.117167, ,0.0,0.0,2,4000,0,0,0,0,1,0
FC,T,43.847944,51.117167,0,AKT,0.0,0.0,315.0,8.3,2,1700,0,1,200,0,0,1
CF,FN12,43.912631,50.979203,1,AKT,296.2,4.4,116.0,1.0,2,1700,0,0,0,0,0,0

APPTR,N12,12,T2
IF,T,43.847944,51.117167, ,0.0,0.0,2,4000,0,0,0,0,1,0
FC,T,43.847944,51.117167,0,AKT,0.0,0.0,306.0,8.2,2,1700,0,1,140,0,0,1
CF,FN12,43.912631,50.979203,1,AKT,296.2,4.4,116.0,1.0,2,1700,0,0,0,0,0,0

FINAL,N12,12,N,2
IF,FN12,43.912631,50.979203,T,0.0,0.0,2,1700,0,0,0,0,2,0
CF,RW12,43.867503,51.074864,0,T,0.0,0.0,116.0,5.0,1,122,0,0,0,0,3,0
CF,T,43.847944,51.117167,0,AKT,115.5,2.7,116.0,2.2,0,0,0,0,0,0,0,1
FC,T,43.847944,51.117167,0,AKT,0.0,0.0,116.0,5.6,2,1000,0,0,0,0,0,1
DF,T,43.847944,51.117167,1, ,0.0,0.0,1,1700,0,1,250,0,0,0

APPTR,N30,30,T1
IF,T,43.847944,51.117167, ,0.0,0.0,2,4000,0,1,200,0,1,0
FC,T,43.847944,51.117167,0,AKT,0.0,0.0,97.0,8.3,2,1700,0,0,0,0,0,1
CF,FN30,43.807275,51.203569,2,AKT,115.8,7.2,296.0,4.0,2,1700,0,0,0,0,0,0

APPTR,N30,30,T2
IF,T,43.847944,51.117167, ,0.0,0.0,2,4000,0,1,140,0,1,0
FC,T,43.847944,51.117167,0,AKT,0.0,0.0,106.0,8.2,2,1700,0,0,0,0,0,1
CF,FN30,43.807275,51.203569,2,AKT,115.8,7.2,296.0,4.0,2,1700,0,0,0,0,0,0

FINAL,N30,30,N,2
IF,FN30,43.807275,51.203569,T,0.0,0.0,2,1700,0,0,0,0,2,0
CF,T,43.847944,51.117167,0,T,0.0,0.0,296.0,4.5,1,275,0,0,0,0,3,0
FC,T,43.847944,51.117167,0,AKT,0.0,0.0,296.0,6.3,2,1000,0,0,0,0,0,1
DF,T,43.847944,51.117167,2, ,0.0,0.0,1,1700,0,1,250,0,0,0

