SID,ADRA4C,13,2
CA,0,125.0,2,2000,0,0,0,0,0,0
CI,0, ,0.0,66.0,0,0,0,0,0,0,0,0
CF,ADRAT,50.059444,58.257778,0,AKB,96.0,43.3,96.0,37.0,0,0,0,0,0,0,0,0

SID,ADRA4D,31,2
CA,0,305.0,2,2800,0,0,0,0,0,0
CI,2, ,0.0,136.0,0,0,0,0,0,0,0,0
CF,ADRAT,50.059444,58.257778,0,AKB,96.0,43.3,96.0,39.0,0,0,0,0,0,0,0,0

SID,ALGA4C,13,2
CA,0,125.0,2,2000,0,0,0,0,0,0
CI,1, ,0.0,1.0,0,0,0,0,0,0,0,0
CF,ALGAS,50.770278,58.200833,0,AKB,41.6,49.5,41.0,43.0,0,0,0,0,0,0,0,0

SID,ALGA4D,31,2
CA,0,305.0,2,2800,0,0,0,0,0,0
CI,2, ,0.0,81.0,0,0,0,0,0,0,0,0
CF,ALGAS,50.770278,58.200833,0,AKB,41.6,49.5,41.0,43.0,0,0,0,0,0,0,0,0

SID,BOLG5C,13,2
CA,0,125.0,2,2000,0,0,0,0,0,0
CI,2, ,0.0,245.0,0,0,0,0,0,0,0,0
CF,BOLGO,49.716667,56.590278,0,AKB,205.1,40.0,205.0,33.0,0,0,0,0,0,0,0,0

SID,BOLG5D,31,2
CA,0,305.0,2,2000,0,0,0,0,0,0
CI,1, ,0.0,165.0,0,0,0,0,0,0,0,0
CF,BOLGO,49.716667,56.590278,0,AKB,205.1,40.0,205.0,35.0,0,0,0,0,0,0,0,0

SID,GULD3C,13,2
CA,0,125.0,2,2000,0,0,0,0,0,0
CI,2, ,0.0,261.0,0,0,0,0,0,0,0,0
CF,GULDO,49.873056,56.447500,0,AKB,220.7,36.8,221.0,30.0,0,0,0,0,0,0,0,0

SID,GULD3D,31,2
CA,0,305.0,2,2000,0,0,0,0,0,0
CI,1, ,0.0,181.0,0,0,0,0,0,0,0,0
CF,GULDO,49.873056,56.447500,0,AKB,220.7,36.8,221.0,32.0,0,0,0,0,0,0,0,0

SID,LARP4C,13,2
CA,0,125.0,2,2000,0,0,0,0,0,0
CI,2, ,0.0,302.0,0,0,0,0,0,0,0,0
CF,LARPI,50.289167,56.062500,0,AKB,262.5,43.1,262.0,38.0,0,0,0,0,0,0,0,0

SID,LARP4D,31,2
CA,0,305.0,2,2000,0,0,0,0,0,0
CI,0, ,0.0,232.0,0,0,0,0,0,0,0,0
CF,LARPI,50.289167,56.062500,0,AKB,262.5,43.1,262.0,40.0,0,0,0,0,0,0,0,0

SID,LITB4C,13,2
CA,0,125.0,2,2000,0,0,0,0,0,0
CI,0, ,0.0,36.0,0,0,0,0,0,0,0,0
CF,LITBA,50.313611,58.392222,0,AKB,75.8,46.7,76.0,40.0,0,0,0,0,0,0,0,0

SID,LITB4D,31,2
CA,0,305.0,2,2800,0,0,0,0,0,0
CI,2, ,0.0,116.0,0,0,0,0,0,0,0,0
CF,LITBA,50.313611,58.392222,0,AKB,75.8,46.7,76.0,41.0,0,0,0,0,0,0,0,0

SID,LURU3C,13,2
CA,0,125.0,2,2000,0,0,0,0,0,0
CI,2, ,0.0,237.0,0,0,0,0,0,0,0,0
CF,LURUM,49.690833,56.722778,0,AKB,197.5,38.7,197.0,31.0,0,0,0,0,0,0,0,0

SID,LURU3D,31,2
CA,0,305.0,2,2000,0,0,0,0,0,0
CI,1, ,0.0,157.0,0,0,0,0,0,0,0,0
CF,LURUM,49.690833,56.722778,0,AKB,197.5,38.7,197.0,34.0,0,0,0,0,0,0,0,0

SID,MULT4C,13,2
CA,0,125.0,2,2000,0,0,0,0,0,0
CI,1, ,0.0,295.0,0,0,0,0,0,0,0,0
CF,MULTA,51.078333,56.845000,0,AKB,335.4,50.6,335.0,48.0,0,0,0,0,0,0,0,0

SID,MULT4D,31,2
CA,0,305.0,2,2800,0,0,0,0,0,0
CI,0, ,0.0,5.0,0,0,0,0,0,0,0,0
CF,MULTA,51.078333,56.845000,0,AKB,335.4,50.6,335.0,47.0,0,0,0,0,0,0,0,0

SID,ODIL5C,13,2
CA,0,125.0,2,2000,0,0,0,0,0,0
CF,ODILA,49.716389,57.856111,0,AKB,131.3,42.0,133.0,39.0,0,0,0,0,0,0,0,0

SID,ODIL5D,31,2
CA,0,305.0,2,2000,0,0,0,0,0,0
CI,1, ,0.0,91.0,0,0,0,0,0,0,0,0
CF,ODILA,49.716389,57.856111,0,AKB,131.3,42.0,131.0,39.0,0,0,0,0,0,0,0,0

SID,OMIT4C,13,2
CA,0,125.0,2,2000,0,0,0,0,0,0
CI,0, ,0.0,56.0,0,0,0,0,0,0,0,0
CF,OMITO,50.175833,58.319167,0,AKB,86.4,44.1,86.0,39.0,0,0,0,0,0,0,0,0

SID,OMIT4D,31,2
CA,0,305.0,2,2800,0,0,0,0,0,0
CI,2, ,0.0,126.0,0,0,0,0,0,0,0,0
CF,OMITO,50.175833,58.319167,0,AKB,86.4,44.1,86.0,39.0,0,0,0,0,0,0,0,0

SID,RIGD4C,13,2
CA,0,125.0,2,2000,0,0,0,0,0,0
CI,0, ,0.0,72.0,0,0,0,0,0,0,0,0
CF,RIGDO,49.993611,58.180278,0,AKB,102.4,41.8,102.0,37.0,0,0,0,0,0,0,0,0

SID,RIGD4D,31,2
CA,0,305.0,2,2800,0,0,0,0,0,0
CI,2, ,0.0,142.0,0,0,0,0,0,0,0,0
CF,RIGDO,49.993611,58.180278,0,AKB,102.4,41.8,102.0,37.0,0,0,0,0,0,0,0,0

SID,SANI4C,13,2
CA,0,125.0,2,2000,0,0,0,0,0,0
CI,1, ,0.0,328.0,0,0,0,0,0,0,0,0
CF,SANIR,50.875000,57.495000,0,AKB,7.9,38.6,8.0,33.0,0,0,0,0,0,0,0,0

SID,SANI4D,31,2
CA,0,305.0,2,2800,0,0,0,0,0,0
CI,2, ,0.0,48.0,0,0,0,0,0,0,0,0
CF,SANIR,50.875000,57.495000,0,AKB,7.9,38.6,8.0,34.0,0,0,0,0,0,0,0,0

SID,TIKT4C,13,2
CA,0,125.0,2,2000,0,0,0,0,0,0
CI,2, ,0.0,230.0,0,0,0,0,0,0,0,0
CF,TIKTO,49.668333,56.837222,0,AKB,190.6,38.2,190.0,31.0,0,0,0,0,0,0,0,0

SID,TIKT4D,31,2
CA,0,305.0,2,2000,0,0,0,0,0,0
CI,1, ,0.0,150.0,0,0,0,0,0,0,0,0
CF,TIKTO,49.668333,56.837222,0,AKB,190.6,38.2,190.0,34.0,0,0,0,0,0,0,0,0

STAR,ADRA3F,13,2
IF,ADRAT,50.059444,58.257778, ,0.0,0.0,0,0,0,0,0,0,0,0
TF,A,50.262639,57.179889,0, ,0.0,0.0,0.0,0.0,1,4000,0,0,0,0,0,0

STAR,ADRA3G,31,2
IF,ADRAT,50.059444,58.257778, ,0.0,0.0,0,0,0,0,0,0,0,0
TF,A,50.262639,57.179889,0, ,0.0,0.0,0.0,0.0,1,4000,0,0,0,0,0,0

STAR,ADRA3K,13,2
IF,ADRAT,50.059444,58.257778, ,0.0,0.0,0,0,0,0,0,0,0,0
TF,AKB,50.263417,57.181889,0, ,0.0,0.0,0.0,0.0,1,4000,0,0,0,0,0,0

STAR,ADRA3L,31,2
IF,ADRAT,50.059444,58.257778, ,0.0,0.0,0,0,0,0,0,0,0,0
TF,AKB,50.263417,57.181889,0, ,0.0,0.0,0.0,0.0,1,4000,0,0,0,0,0,0

STAR,ALGA3F,13,2
IF,ALGAS,50.770278,58.200833, ,0.0,0.0,0,0,0,0,0,0,0,0
TF,A,50.262639,57.179889,0, ,0.0,0.0,0.0,0.0,1,4000,0,0,0,0,0,0

STAR,ALGA3G,31,2
IF,ALGAS,50.770278,58.200833, ,0.0,0.0,0,0,0,0,0,0,0,0
TF,A,50.262639,57.179889,0, ,0.0,0.0,0.0,0.0,1,4000,0,0,0,0,0,0

STAR,ALGA3K,13,2
IF,ALGAS,50.770278,58.200833, ,0.0,0.0,0,0,0,0,0,0,0,0
TF,AKB,50.263417,57.181889,0, ,0.0,0.0,0.0,0.0,1,4000,0,0,0,0,0,0

STAR,ALGA3L,31,2
IF,ALGAS,50.770278,58.200833, ,0.0,0.0,0,0,0,0,0,0,0,0
TF,AKB,50.263417,57.181889,0, ,0.0,0.0,0.0,0.0,1,4000,0,0,0,0,0,0

STAR,BOLG3F,13,2
IF,BOLGO,49.716667,56.590278, ,0.0,0.0,0,0,0,0,0,0,0,0
TF,A,50.262639,57.179889,0, ,0.0,0.0,0.0,0.0,1,4000,0,0,0,0,0,0

STAR,BOLG3G,31,2
IF,BOLGO,49.716667,56.590278, ,0.0,0.0,0,0,0,0,0,0,0,0
TF,A,50.262639,57.179889,0, ,0.0,0.0,0.0,0.0,1,4000,0,0,0,0,0,0

STAR,BOLG3L,31,2
IF,BOLGO,49.716667,56.590278, ,0.0,0.0,0,0,0,0,0,0,0,0
TF,AKB,50.263417,57.181889,0, ,0.0,0.0,0.0,0.0,1,4000,0,0,0,0,0,0

STAR,BOLG4K,13,2
IF,BOLGO,49.716667,56.590278, ,0.0,0.0,0,0,0,0,0,0,0,0
TF,AKB,50.263417,57.181889,0, ,0.0,0.0,0.0,0.0,1,4000,0,0,0,0,0,0

STAR,GULD3F,13,2
IF,GULDO,49.873056,56.447500, ,0.0,0.0,0,0,0,0,0,0,0,0
TF,A,50.262639,57.179889,0, ,0.0,0.0,0.0,0.0,1,4000,0,0,0,0,0,0

STAR,GULD3G,31,2
IF,GULDO,49.873056,56.447500, ,0.0,0.0,0,0,0,0,0,0,0,0
TF,A,50.262639,57.179889,0, ,0.0,0.0,0.0,0.0,1,4000,0,0,0,0,0,0

STAR,GULD3K,13,2
IF,GULDO,49.873056,56.447500, ,0.0,0.0,0,0,0,0,0,0,0,0
TF,AKB,50.263417,57.181889,0, ,0.0,0.0,0.0,0.0,1,4000,0,0,0,0,0,0

STAR,GULD3L,31,2
IF,GULDO,49.873056,56.447500, ,0.0,0.0,0,0,0,0,0,0,0,0
TF,AKB,50.263417,57.181889,0, ,0.0,0.0,0.0,0.0,1,4000,0,0,0,0,0,0

STAR,LARP3F,13,2
IF,LARPI,50.289167,56.062500, ,0.0,0.0,0,0,0,0,0,0,0,0
TF,A,50.262639,57.179889,0, ,0.0,0.0,0.0,0.0,1,4000,0,0,0,0,0,0

STAR,LARP3G,31,2
IF,LARPI,50.289167,56.062500, ,0.0,0.0,0,0,0,0,0,0,0,0
TF,A,50.262639,57.179889,0, ,0.0,0.0,0.0,0.0,1,4000,0,0,0,0,0,0

STAR,LARP3K,13,2
IF,LARPI,50.289167,56.062500, ,0.0,0.0,0,0,0,0,0,0,0,0
TF,AKB,50.263417,57.181889,0, ,0.0,0.0,0.0,0.0,1,4000,0,0,0,0,0,0

STAR,LARP3L,31,2
IF,LARPI,50.289167,56.062500, ,0.0,0.0,0,0,0,0,0,0,0,0
TF,AKB,50.263417,57.181889,0, ,0.0,0.0,0.0,0.0,1,4000,0,0,0,0,0,0

STAR,LITB3F,13,2
IF,LITBA,50.313611,58.392222, ,0.0,0.0,0,0,0,0,0,0,0,0
TF,A,50.262639,57.179889,0, ,0.0,0.0,0.0,0.0,1,4000,0,0,0,0,0,0

STAR,LITB3G,31,2
IF,LITBA,50.313611,58.392222, ,0.0,0.0,0,0,0,0,0,0,0,0
TF,A,50.262639,57.179889,0, ,0.0,0.0,0.0,0.0,1,4000,0,0,0,0,0,0

STAR,LITB3K,13,2
IF,LITBA,50.313611,58.392222, ,0.0,0.0,0,0,0,0,0,0,0,0
TF,AKB,50.263417,57.181889,0, ,0.0,0.0,0.0,0.0,1,4000,0,0,0,0,0,0

STAR,LITB3L,31,2
IF,LITBA,50.313611,58.392222, ,0.0,0.0,0,0,0,0,0,0,0,0
TF,AKB,50.263417,57.181889,0, ,0.0,0.0,0.0,0.0,1,4000,0,0,0,0,0,0

STAR,LURU3F,13,2
IF,LURUM,49.690833,56.722778, ,0.0,0.0,0,0,0,0,0,0,0,0
TF,A,50.262639,57.179889,0, ,0.0,0.0,0.0,0.0,1,4000,0,0,0,0,0,0

STAR,LURU3G,31,2
IF,LURUM,49.690833,56.722778, ,0.0,0.0,0,0,0,0,0,0,0,0
TF,A,50.262639,57.179889,0, ,0.0,0.0,0.0,0.0,1,4000,0,0,0,0,0,0

STAR,LURU3K,13,2
IF,LURUM,49.690833,56.722778, ,0.0,0.0,0,0,0,0,0,0,0,0
TF,AKB,50.263417,57.181889,0, ,0.0,0.0,0.0,0.0,1,4000,0,0,0,0,0,0

STAR,LURU3L,31,2
IF,LURUM,49.690833,56.722778, ,0.0,0.0,0,0,0,0,0,0,0,0
TF,AKB,50.263417,57.181889,0, ,0.0,0.0,0.0,0.0,1,4000,0,0,0,0,0,0

STAR,MULT3F,13,2
IF,MULTA,51.078333,56.845000, ,0.0,0.0,0,0,0,0,0,0,0,0
TF,A,50.262639,57.179889,0, ,0.0,0.0,0.0,0.0,1,4000,0,0,0,0,0,0

STAR,MULT3G,31,2
IF,MULTA,51.078333,56.845000, ,0.0,0.0,0,0,0,0,0,0,0,0
TF,A,50.262639,57.179889,0, ,0.0,0.0,0.0,0.0,1,4000,0,0,0,0,0,0

STAR,MULT3K,13,2
IF,MULTA,51.078333,56.845000, ,0.0,0.0,0,0,0,0,0,0,0,0
TF,AKB,50.263417,57.181889,0, ,0.0,0.0,0.0,0.0,1,4000,0,0,0,0,0,0

STAR,MULT3L,31,2
IF,MULTA,51.078333,56.845000, ,0.0,0.0,0,0,0,0,0,0,0,0
TF,AKB,50.263417,57.181889,0, ,0.0,0.0,0.0,0.0,1,4000,0,0,0,0,0,0

STAR,ODIL3F,13,2
IF,ODILA,49.716389,57.856111, ,0.0,0.0,0,0,0,0,0,0,0,0
TF,A,50.262639,57.179889,0, ,0.0,0.0,0.0,0.0,1,4000,0,0,0,0,0,0

STAR,ODIL3G,31,2
IF,ODILA,49.716389,57.856111, ,0.0,0.0,0,0,0,0,0,0,0,0
TF,A,50.262639,57.179889,0, ,0.0,0.0,0.0,0.0,1,4000,0,0,0,0,0,0

STAR,ODIL3L,31,2
IF,ODILA,49.716389,57.856111, ,0.0,0.0,0,0,0,0,0,0,0,0
TF,AKB,50.263417,57.181889,0, ,0.0,0.0,0.0,0.0,1,4000,0,0,0,0,0,0

STAR,ODIL4K,13,2
IF,ODILA,49.716389,57.856111, ,0.0,0.0,0,0,0,0,0,0,0,0
TF,AKB,50.263417,57.181889,0, ,0.0,0.0,0.0,0.0,1,4000,0,0,0,0,0,0

STAR,OMIT3F,13,2
IF,OMITO,50.175833,58.319167, ,0.0,0.0,0,0,0,0,0,0,0,0
TF,A,50.262639,57.179889,0, ,0.0,0.0,0.0,0.0,1,4000,0,0,0,0,0,0

STAR,OMIT3G,31,2
IF,OMITO,50.175833,58.319167, ,0.0,0.0,0,0,0,0,0,0,0,0
TF,A,50.262639,57.179889,0, ,0.0,0.0,0.0,0.0,1,4000,0,0,0,0,0,0

STAR,OMIT3K,13,2
IF,OMITO,50.175833,58.319167, ,0.0,0.0,0,0,0,0,0,0,0,0
TF,AKB,50.263417,57.181889,0, ,0.0,0.0,0.0,0.0,1,4000,0,0,0,0,0,0

STAR,OMIT3L,31,2
IF,OMITO,50.175833,58.319167, ,0.0,0.0,0,0,0,0,0,0,0,0
TF,AKB,50.263417,57.181889,0, ,0.0,0.0,0.0,0.0,1,4000,0,0,0,0,0,0

STAR,RIGD3F,13,2
IF,RIGDO,49.993611,58.180278, ,0.0,0.0,0,0,0,0,0,0,0,0
TF,A,50.262639,57.179889,0, ,0.0,0.0,0.0,0.0,1,4000,0,0,0,0,0,0

STAR,RIGD3G,31,2
IF,RIGDO,49.993611,58.180278, ,0.0,0.0,0,0,0,0,0,0,0,0
TF,A,50.262639,57.179889,0, ,0.0,0.0,0.0,0.0,1,4000,0,0,0,0,0,0

STAR,RIGD3K,13,2
IF,RIGDO,49.993611,58.180278, ,0.0,0.0,0,0,0,0,0,0,0,0
TF,AKB,50.263417,57.181889,0, ,0.0,0.0,0.0,0.0,1,4000,0,0,0,0,0,0

STAR,RIGD3L,31,2
IF,RIGDO,49.993611,58.180278, ,0.0,0.0,0,0,0,0,0,0,0,0
TF,AKB,50.263417,57.181889,0, ,0.0,0.0,0.0,0.0,1,4000,0,0,0,0,0,0

STAR,SANI3F,13,2
IF,SANIR,50.875000,57.495000, ,0.0,0.0,0,0,0,0,0,0,0,0
TF,A,50.262639,57.179889,0, ,0.0,0.0,0.0,0.0,1,4000,0,0,0,0,0,0

STAR,SANI3G,31,2
IF,SANIR,50.875000,57.495000, ,0.0,0.0,0,0,0,0,0,0,0,0
TF,A,50.262639,57.179889,0, ,0.0,0.0,0.0,0.0,1,4000,0,0,0,0,0,0

STAR,SANI3K,13,2
IF,SANIR,50.875000,57.495000, ,0.0,0.0,0,0,0,0,0,0,0,0
TF,AKB,50.263417,57.181889,0, ,0.0,0.0,0.0,0.0,1,4000,0,0,0,0,0,0

STAR,SANI3L,31,2
IF,SANIR,50.875000,57.495000, ,0.0,0.0,0,0,0,0,0,0,0,0
TF,AKB,50.263417,57.181889,0, ,0.0,0.0,0.0,0.0,1,4000,0,0,0,0,0,0

STAR,TIKT3F,13,2
IF,TIKTO,49.668333,56.837222, ,0.0,0.0,0,0,0,0,0,0,0,0
TF,A,50.262639,57.179889,0, ,0.0,0.0,0.0,0.0,1,4000,0,0,0,0,0,0

STAR,TIKT3G,31,2
IF,TIKTO,49.668333,56.837222, ,0.0,0.0,0,0,0,0,0,0,0,0
TF,A,50.262639,57.179889,0, ,0.0,0.0,0.0,0.0,1,4000,0,0,0,0,0,0

STAR,TIKT3K,13,2
IF,TIKTO,49.668333,56.837222, ,0.0,0.0,0,0,0,0,0,0,0,0
TF,AKB,50.263417,57.181889,0, ,0.0,0.0,0.0,0.0,1,4000,0,0,0,0,0,0

STAR,TIKT3L,31,2
IF,TIKTO,49.668333,56.837222, ,0.0,0.0,0,0,0,0,0,0,0,0
TF,AKB,50.263417,57.181889,0, ,0.0,0.0,0.0,0.0,1,4000,0,0,0,0,0,0

APPTR,D13,13,AKB1
IF,AKB,50.263417,57.181889, ,0.0,0.0,2,4000,0,1,200,0,1,0
FD,AKB,50.263417,57.181889,0,AKB,0.0,9.0,284.0,9.0,2,2700,0,0,0,0,0,0
CF,FD13,50.327111,57.075111,2,AKB,303.0,5.6,123.0,4.0,2,2700,0,0,0,0,0,0

APPTR,D13,13,AKB2
IF,AKB,50.263417,57.181889, ,0.0,0.0,2,4000,0,1,140,0,1,0
FD,AKB,50.263417,57.181889,0,AKB,0.0,9.0,292.0,9.0,2,2700,0,0,0,0,0,0
CF,FD13,50.327111,57.075111,2,AKB,303.0,5.6,123.0,4.0,2,2700,0,0,0,0,0,0

FINAL,D13,13,D,2
IF,FD13,50.327111,57.075111,AKB,303.0,5.6,2,2700,0,0,0,0,2,0
CF,AKB,50.263417,57.181889,0,AKB,0.0,0.0,123.0,5.6,1,932,0,0,0,0,3,0
FD,AKB,50.263417,57.181889,0,AKB,0.0,6.6,123.0,6.6,2,2000,0,0,0,0,0,0
DF,AKB,50.263417,57.181889,2, ,0.0,0.0,1,2700,0,1,240,0,0,0

APPTR,D31,31,AKB1
IF,AKB,50.263417,57.181889, ,0.0,0.0,2,4000,0,1,200,0,1,0
FD,AKB,50.263417,57.181889,0,AKB,0.0,11.6,140.0,11.6,2,2700,0,0,0,0,0,0
CF,FD31,50.164056,57.331139,1,AKB,126.0,8.3,306.0,4.0,2,2700,0,0,0,0,0,0

APPTR,D31,31,AKB2
IF,AKB,50.263417,57.181889, ,0.0,0.0,2,4000,0,1,140,0,1,0
FD,AKB,50.263417,57.181889,0,AKB,0.0,11.6,134.0,11.6,2,2700,0,0,0,0,0,0
CF,FD31,50.164056,57.331139,1,AKB,126.0,8.3,306.0,4.0,2,2700,0,0,0,0,0,0

FINAL,D31,31,D,2
IF,FD31,50.164056,57.331139,AKB,126.0,8.3,2,2700,0,0,0,0,2,0
CF,MD31,50.237058,57.221561,0,AKB,126.0,2.2,306.0,6.1,1,783,0,0,0,0,3,0
CF,AKB,50.263417,57.181889,0,AKB,0.0,0.0,306.0,2.2,0,0,0,0,0,0,0,0
FD,AKB,50.263417,57.181889,0,AKB,0.0,5.2,306.0,5.2,2,2000,0,0,0,0,0,0
DF,AKB,50.263417,57.181889,1, ,0.0,0.0,1,2700,0,1,240,0,0,0

APPTR,I13,13,LOLBI
IF,LOLBI,50.320306,56.891250, ,0.0,0.0,2,2700,0,0,0,0,1,0
CR,0,AKB,293.0,35.0,0,0,0,0,0,0,0,0
CI,0,IAT,0.0,95.0,2,2700,0,0,0,0,0,0

APPTR,I13,13,RIMUN
IF,RIMUN,50.447583,57.090028, ,0.0,0.0,2,2700,0,0,0,0,1,0
CR,0,AKB,316.0,215.0,0,0,0,0,0,0,0,0
CI,0,IAT,0.0,155.0,2,2700,0,0,0,0,0,0

FINAL,I13,13,I,3
IF,ASNAP,50.383972,56.990500,IAT,305.1,13.0,2,2700,0,0,0,0,0,0
CF,FF13,50.325444,57.082028,0,IAT,305.1,8.1,125.0,5.0,1,2700,0,0,0,0,2,0
CF,RW13,50.256411,57.189581,0,IAT,305.2,2.2,125.0,5.9,1,771,0,0,0,0,3,0
CA,0,125.0,2,2000,0,0,0,0,0,0
VM,0,0,2,305.0,1,2700,0,0,0,0,0,0

APPTR,I31,31,DIPUD
IF,DIPUD,50.043944,57.320556, ,0.0,0.0,2,2700,0,0,0,0,1,0
CR,0,AKB,135.0,35.0,0,0,0,0,0,0,0,0
CI,0,ITU,0.0,335.0,2,2700,0,0,0,0,0,0

APPTR,I31,31,PIMIB
IF,PIMIB,50.170389,57.519472, ,0.0,0.0,2,2700,0,0,0,0,1,0
CR,0,AKB,116.0,215.0,0,0,0,0,0,0,0,0
CI,0,ITU,0.0,275.0,2,2700,0,0,0,0,0,0

FINAL,I31,31,I,3
IF,LALRI,50.107222,57.419889,ITU,125.2,13.1,2,2700,0,0,0,0,0,0
CF,FF31,50.165639,57.329972,0,ITU,125.2,8.2,305.0,4.9,1,2700,0,0,0,0,2,0
CF,RW31,50.235997,57.221253,0,ITU,125.1,2.2,305.0,6.0,1,794,0,0,0,0,3,0
CF,AKB,50.263417,57.181889,0,AKB,0.0,0.0,305.0,2.2,2,2000,0,0,0,0,0,1
VM,0,0,1,125.0,1,2700,0,0,0,0,0,0

APPTR,N13,13,A1
IF,A,50.262639,57.179889, ,0.0,0.0,2,4000,0,1,200,0,1,0
FC,A,50.262639,57.179889,0,AKB,0.0,0.0,286.0,8.3,2,2700,0,0,0,0,0,1
CF,FN13,50.327692,57.078194,2,AKB,304.1,5.6,125.0,3.0,2,2700,0,0,0,0,0,0

APPTR,N13,13,A2
IF,A,50.262639,57.179889, ,0.0,0.0,2,4000,0,1,140,0,1,0
FC,A,50.262639,57.179889,0,AKB,0.0,0.0,293.0,7.0,2,2700,0,0,0,0,0,1
CF,FN13,50.327692,57.078194,2,AKB,304.1,5.6,125.0,3.0,2,2700,0,0,0,0,0,0

FINAL,N13,13,N,2
IF,FN13,50.327692,57.078194,A,0.0,0.0,2,2700,0,0,0,0,2,0
CF,A,50.262639,57.179889,0,A,0.0,0.0,125.0,5.5,1,940,0,0,0,0,3,0
FC,A,50.262639,57.179889,0,AKB,0.0,0.0,125.0,6.7,2,2000,0,0,0,0,0,1
DF,A,50.262639,57.179889,2, ,0.0,0.0,1,2700,0,1,240,0,0,0

APPTR,N31,31,A
IF,A,50.262639,57.179889, ,0.0,0.0,2,4000,0,1,140,0,1,0
FC,A,50.262639,57.179889,0,AKB,0.0,0.0,133.0,9.3,2,2700,0,0,0,0,0,1
CF,FN31,50.167200,57.333586,1,AKB,124.6,8.2,304.0,1.0,2,2700,0,0,0,0,0,0

FINAL,N31,31,N,2
IF,FN31,50.167200,57.333586,A,0.0,0.0,2,2700,0,0,0,0,2,0
CF,RW31,50.235997,57.221253,0,A,0.0,0.0,304.0,6.0,1,794,0,0,0,0,3,0
CF,A,50.262639,57.179889,0,AKB,228.8,0.1,304.0,2.3,0,0,0,0,0,0,0,0
FC,A,50.262639,57.179889,0,AKB,0.0,0.0,304.0,5.0,2,2100,0,0,0,0,0,1
DF,A,50.262639,57.179889,1, ,0.0,0.0,1,2700,0,0,0,0,0,0

