SID,ABGU5E,05R,5
CA,0,52.0,2,720,0,0,0,0,0,0
DF,EE030,62.195444,129.939194,0, ,0.0,0.0,0,0,0,1,215,0,0,1
TF,EE031,62.264222,129.456389,1, ,0.0,0.0,0.0,0.0,0,0,0,1,265,0,0,0
TF,EE034,62.302444,129.182083,0, ,0.0,0.0,0.0,0.0,4,11000,10000,0,0,0,0,0
TF,ABGUR,62.171667,128.828333,0, ,0.0,0.0,0.0,0.0,2,10000,0,0,0,0,0,0

SID,ABGU5F,23L,5
CA,0,232.0,2,710,0,0,0,0,0,0
DF,EE054,61.992417,129.614028,0, ,0.0,0.0,0,0,0,1,220,0,0,1
TF,EE062,62.082806,129.221417,0, ,0.0,0.0,0.0,0.0,3,10000,0,0,0,0,0,0
TF,EE061,62.129917,129.013917,0, ,0.0,0.0,0.0,0.0,2,12000,0,0,0,0,0,0
TF,ABGUR,62.171667,128.828333,0, ,0.0,0.0,0.0,0.0,2,12000,0,0,0,0,0,0

SID,ABGUR1,05R,2
CA,0,52.0,2,980,0,0,0,0,0,0
CF,ABGUR,62.171667,128.828333,1,UTS,295.5,27.4,285.0,26.0,0,0,0,0,0,0,0,0

SID,ABGUR3,23L,2
CF,D232E,62.016761,129.652267,0,UTS,234.4,5.9,232.0,6.0,2,2290,0,0,0,0,0,1
TF,ABGUR,62.171667,128.828333,0, ,0.0,0.0,0.0,0.0,0,0,0,0,0,0,0,0

SID,AGMA5E,05R,5
CA,0,52.0,2,720,0,0,0,0,0,0
DF,EE030,62.195444,129.939194,0, ,0.0,0.0,0,0,0,0,0,0,0,1
TF,AGMAT,62.206667,130.700000,0, ,0.0,0.0,0.0,0.0,4,11000,5000,0,0,0,0,0

SID,AGMA5F,23L,5
CA,0,232.0,2,710,0,0,0,0,0,0
DF,EE054,61.992417,129.614028,0, ,0.0,0.0,0,0,0,1,230,0,0,1
TF,EE055,61.838444,130.048306,0, ,0.0,0.0,0.0,0.0,3,10000,0,1,245,0,0,0
TF,EE057,61.939944,130.204417,0, ,0.0,0.0,0.0,0.0,2,10000,0,1,245,0,0,0
TF,EE058,62.005972,130.306722,0, ,0.0,0.0,0.0,0.0,2,11000,0,0,0,0,0,0
TF,AGMAT,62.206667,130.700000,0, ,0.0,0.0,0.0,0.0,2,11000,0,0,0,0,0,0

SID,AGMAT1,05R,2
CA,0,52.0,2,980,0,0,0,0,0,0
CF,AGMAT,62.206667,130.700000,0,UTS,89.7,26.7,93.0,25.0,0,0,0,0,0,0,0,0

SID,AGMAT3,23L,2
CF,D232E,62.016761,129.652267,0,UTS,234.4,5.9,232.0,6.0,2,2290,0,0,0,0,0,1
CF,AGMAT,62.206667,130.700000,1,UTS,89.7,26.7,77.0,31.0,0,0,0,0,0,0,0,0

SID,BAGU5E,05R,5
CA,0,52.0,2,720,0,0,0,0,0,0
DF,EE030,62.195444,129.939194,0, ,0.0,0.0,0,0,0,1,215,0,0,1
TF,EE031,62.264222,129.456389,1, ,0.0,0.0,0.0,0.0,0,0,0,1,265,0,0,0
TF,EE034,62.302444,129.182083,0, ,0.0,0.0,0.0,0.0,4,11000,10000,0,0,0,0,0
TF,BAGUS,62.228333,128.856667,0, ,0.0,0.0,0.0,0.0,2,10000,0,0,0,0,0,0

SID,BAGU5F,23L,5
CA,0,232.0,2,710,0,0,0,0,0,0
DF,EE054,61.992417,129.614028,0, ,0.0,0.0,0,0,0,1,220,0,0,1
TF,EE062,62.082806,129.221417,0, ,0.0,0.0,0.0,0.0,3,10000,0,0,0,0,0,0
TF,EE061,62.129917,129.013917,0, ,0.0,0.0,0.0,0.0,2,12000,0,0,0,0,0,0
TF,BAGUS,62.228333,128.856667,0, ,0.0,0.0,0.0,0.0,2,12000,0,0,0,0,0,0

SID,BAGUS1,05R,2
CA,0,52.0,2,980,0,0,0,0,0,0
CF,BAGUS,62.228333,128.856667,1,UTS,302.8,27.4,293.0,26.0,0,0,0,0,0,0,0,0

SID,BAGUS3,23L,2
CF,D232E,62.016761,129.652267,0,UTS,234.4,5.9,232.0,6.0,2,2290,0,0,0,0,0,1
CF,BAGUS,62.228333,128.856667,0,UTS,302.8,27.4,316.0,25.0,0,0,0,0,0,0,0,0

SID,BESI5E,05R,5
CA,0,52.0,2,720,0,0,0,0,0,0
DF,EE030,62.195444,129.939194,0, ,0.0,0.0,0,0,0,1,230,0,0,1
TF,EE037,62.061778,130.370722,0, ,0.0,0.0,0.0,0.0,3,11000,0,0,0,0,0,0
TF,BESIB,61.963333,130.683333,0, ,0.0,0.0,0.0,0.0,4,11000,7000,0,0,0,0,0

SID,BESI5F,23L,5
CA,0,232.0,2,710,0,0,0,0,0,0
DF,EE054,61.992417,129.614028,0, ,0.0,0.0,0,0,0,1,230,0,0,1
TF,EE055,61.838444,130.048306,0, ,0.0,0.0,0.0,0.0,3,10000,0,0,0,0,0,0
TF,EE059,61.900722,130.249278,0, ,0.0,0.0,0.0,0.0,2,11000,0,0,0,0,0,0
TF,BESIB,61.963333,130.683333,0, ,0.0,0.0,0.0,0.0,2,11000,0,0,0,0,0,0

SID,BESIB1,05R,2
CA,0,52.0,2,980,0,0,0,0,0,0
CF,BESIB,61.963333,130.683333,0,UTS,121.6,26.6,126.0,26.0,0,0,0,0,0,0,0,0

SID,BESIB3,23L,2
CF,D232E,62.016761,129.652267,0,UTS,234.4,5.9,232.0,6.0,2,2290,0,0,0,0,0,1
CF,BESIB,61.963333,130.683333,1,UTS,121.6,26.6,106.0,28.0,0,0,0,0,0,0,0,0

SID,DENI5E,05R,5
CA,0,52.0,2,720,0,0,0,0,0,0
DF,EE030,62.195444,129.939194,0, ,0.0,0.0,0,0,0,1,215,0,0,1
TF,EE037,62.061778,130.370722,0, ,0.0,0.0,0.0,0.0,3,11000,0,1,260,0,0,0
TF,EE039,61.862667,129.943278,2, ,0.0,0.0,0.0,0.0,4,11000,10000,0,0,0,0,0
TF,DENIB,61.662222,129.521389,0, ,0.0,0.0,0.0,0.0,2,10000,0,0,0,0,0,0

SID,DENI5F,23L,5
CA,0,232.0,2,710,0,0,0,0,0,0
DF,EE054,61.992417,129.614028,0, ,0.0,0.0,0,0,0,0,0,0,0,1
TF,DENIB,61.662222,129.521389,0, ,0.0,0.0,0.0,0.0,4,10000,8000,0,0,0,0,0

SID,DENIB1,05R,2
CA,0,52.0,2,980,0,0,0,0,0,0
CF,DENIB,61.662222,129.521389,2,UTS,211.2,27.0,220.0,28.0,0,0,0,0,0,0,0,0

SID,DENIB3,23L,2
CF,D232E,62.016761,129.652267,0,UTS,234.4,5.9,232.0,6.0,2,2290,0,0,0,0,0,1
CF,DENIB,61.662222,129.521389,0,UTS,211.2,27.0,206.0,21.0,0,0,0,0,0,0,0,0

SID,DIRO5E,05R,5
CA,0,52.0,2,720,0,0,0,0,0,0
DF,EE030,62.195444,129.939194,0, ,0.0,0.0,0,0,0,1,205,0,0,1
TF,EE031,62.264222,129.456389,1, ,0.0,0.0,0.0,0.0,0,0,0,1,265,0,0,0
TF,EE032,62.120222,129.279750,0, ,0.0,0.0,0.0,0.0,4,11000,10000,0,0,0,0,0
TF,DIROM,61.720000,129.246667,0, ,0.0,0.0,0.0,0.0,2,10000,0,0,0,0,0,0

SID,DIRO5F,23L,5
CA,0,232.0,2,710,0,0,0,0,0,0
DF,EE054,61.992417,129.614028,0, ,0.0,0.0,0,0,0,0,0,0,0,1
TF,DIROM,61.720000,129.246667,0, ,0.0,0.0,0.0,0.0,4,10000,8000,0,0,0,0,0

SID,DIROM1,05R,2
CA,0,52.0,2,980,0,0,0,0,0,0
CF,DIROM,61.720000,129.246667,2,UTS,229.5,27.1,239.0,29.0,0,0,0,0,0,0,0,0

SID,DIROM3,23L,2
CF,D232E,62.016761,129.652267,0,UTS,234.4,5.9,232.0,6.0,2,2290,0,0,0,0,0,1
TF,DIROM,61.720000,129.246667,0, ,0.0,0.0,0.0,0.0,0,0,0,0,0,0,0,0

SID,DOBU5E,05R,5
CA,0,52.0,2,720,0,0,0,0,0,0
DF,EE030,62.195444,129.939194,0, ,0.0,0.0,0,0,0,0,0,0,0,1
TF,DOBUS,62.301667,130.621667,0, ,0.0,0.0,0.0,0.0,4,11000,7000,0,0,0,0,0

SID,DOBU5F,23L,5
CA,0,232.0,2,710,0,0,0,0,0,0
DF,EE054,61.992417,129.614028,0, ,0.0,0.0,0,0,0,1,230,0,0,1
TF,EE055,61.838444,130.048306,0, ,0.0,0.0,0.0,0.0,3,10000,0,1,245,0,0,0
TF,EE057,61.939944,130.204417,0, ,0.0,0.0,0.0,0.0,2,10000,0,1,245,0,0,0
TF,EE058,62.005972,130.306722,0, ,0.0,0.0,0.0,0.0,2,11000,0,0,0,0,0,0
TF,DOBUS,62.301667,130.621667,0, ,0.0,0.0,0.0,0.0,2,11000,0,0,0,0,0,0

SID,DOBUS1,05R,2
CA,0,52.0,2,980,0,0,0,0,0,0
CF,DOBUS,62.301667,130.621667,0,UTS,76.5,26.7,79.0,25.0,0,0,0,0,0,0,0,0

SID,DOBUS3,23L,2
CF,D232E,62.016761,129.652267,0,UTS,234.4,5.9,232.0,6.0,2,2290,0,0,0,0,0,1
CF,DOBUS,62.301667,130.621667,1,UTS,76.5,26.7,65.0,32.0,0,0,0,0,0,0,0,0

SID,GIME5E,05R,5
CA,0,52.0,2,720,0,0,0,0,0,0
DF,EE030,62.195444,129.939194,0, ,0.0,0.0,0,0,0,0,0,0,0,1
TF,EE036,62.393333,130.023083,0, ,0.0,0.0,0.0,0.0,0,0,0,0,0,0,0,0
TF,GIMEK,62.518333,130.076667,0, ,0.0,0.0,0.0,0.0,4,11000,7000,0,0,0,0,0

SID,GIME5F,23L,5
CA,0,232.0,2,710,0,0,0,0,0,0
DF,EE054,61.992417,129.614028,0, ,0.0,0.0,0,0,0,1,220,0,0,1
TF,EE062,62.082806,129.221417,0, ,0.0,0.0,0.0,0.0,3,10000,0,0,0,0,0,0
TF,EE060,62.185056,129.140806,0, ,0.0,0.0,0.0,0.0,2,12000,0,0,0,0,0,0
TF,EE074,62.449611,129.587556,0, ,0.0,0.0,0.0,0.0,0,0,0,0,0,0,0,0
TF,GIMEK,62.518333,130.076667,0, ,0.0,0.0,0.0,0.0,2,13000,0,0,0,0,0,0

SID,GIMEK1,05R,2
CA,0,52.0,2,980,0,0,0,0,0,0
CF,GIMEK,62.518333,130.076667,0,UTS,32.6,26.9,32.0,25.0,0,0,0,0,0,0,0,0

SID,GIMEK3,23L,2
CF,D232E,62.016761,129.652267,0,UTS,234.4,5.9,232.0,6.0,2,2290,0,0,0,0,0,1
CF,GIMEK,62.518333,130.076667,2,UTS,32.6,26.9,44.0,32.0,0,0,0,0,0,0,0,0

SID,GOBO5E,05R,5
CA,0,52.0,2,720,0,0,0,0,0,0
DF,EE030,62.195444,129.939194,0, ,0.0,0.0,0,0,0,0,0,0,0,1
TF,GOBON,62.542222,129.746389,0, ,0.0,0.0,0.0,0.0,4,12000,8000,0,0,0,0,0

SID,GOBO5F,23L,5
CA,0,232.0,2,710,0,0,0,0,0,0
DF,EE054,61.992417,129.614028,0, ,0.0,0.0,0,0,0,1,220,0,0,1
TF,EE062,62.082806,129.221417,0, ,0.0,0.0,0.0,0.0,3,10000,0,0,0,0,0,0
TF,EE060,62.185056,129.140806,0, ,0.0,0.0,0.0,0.0,2,12000,0,0,0,0,0,0
TF,EE074,62.449611,129.587556,0, ,0.0,0.0,0.0,0.0,0,0,0,0,0,0,0,0
TF,GOBON,62.542222,129.746389,0, ,0.0,0.0,0.0,0.0,2,12000,0,0,0,0,0,0

SID,GOBON1,05R,2
CA,0,52.0,2,980,0,0,0,0,0,0
CF,GOBON,62.542222,129.746389,0,UTS,12.8,27.1,10.0,25.0,0,0,0,0,0,0,0,0

SID,GOBON3,23L,2
CF,D232E,62.016761,129.652267,0,UTS,234.4,5.9,232.0,6.0,2,2290,0,0,0,0,0,1
CF,GOBON,62.542222,129.746389,2,UTS,12.7,27.1,26.0,31.0,0,0,0,0,0,0,0,0

SID,IDES5E,05R,5
CA,0,52.0,2,720,0,0,0,0,0,0
DF,EE030,62.195444,129.939194,0, ,0.0,0.0,0,0,0,0,0,0,0,1
TF,IDESA,62.471667,130.290000,0, ,0.0,0.0,0.0,0.0,4,11000,7000,0,0,0,0,0

SID,IDES5F,23L,5
CA,0,232.0,2,710,0,0,0,0,0,0
DF,EE054,61.992417,129.614028,0, ,0.0,0.0,0,0,0,1,230,0,0,1
TF,EE055,61.838444,130.048306,0, ,0.0,0.0,0.0,0.0,3,10000,0,1,245,0,0,0
TF,EE057,61.939944,130.204417,0, ,0.0,0.0,0.0,0.0,2,10000,0,1,245,0,0,0
TF,EE058,62.005972,130.306722,0, ,0.0,0.0,0.0,0.0,2,11000,0,0,0,0,0,0
TF,EE065,62.133389,130.376806,0, ,0.0,0.0,0.0,0.0,0,0,0,0,0,0,0,0
TF,IDESA,62.471667,130.290000,0, ,0.0,0.0,0.0,0.0,2,13000,0,0,0,0,0,0

SID,IDESA1,05R,2
CA,0,52.0,2,980,0,0,0,0,0,0
CF,IDESA,62.471667,130.290000,0,UTS,46.6,26.9,47.0,25.0,0,0,0,0,0,0,0,0

SID,IDESA3,23L,2
CF,D232E,62.016761,129.652267,0,UTS,234.4,5.9,232.0,6.0,2,2290,0,0,0,0,0,1
CF,IDESA,62.471667,130.290000,2,UTS,46.6,26.9,56.0,33.0,0,0,0,0,0,0,0,0

SID,KUTE5E,05R,5
CA,0,52.0,2,720,0,0,0,0,0,0
DF,EE030,62.195444,129.939194,0, ,0.0,0.0,0,0,0,0,0,0,0,1
TF,KUTEG,62.045000,130.721667,0, ,0.0,0.0,0.0,0.0,4,11000,7000,0,0,0,0,0

SID,KUTE5F,23L,5
CA,0,232.0,2,710,0,0,0,0,0,0
DF,EE054,61.992417,129.614028,0, ,0.0,0.0,0,0,0,1,230,0,0,1
TF,EE055,61.838444,130.048306,0, ,0.0,0.0,0.0,0.0,3,10000,0,0,0,0,0,0
TF,EE059,61.900722,130.249278,0, ,0.0,0.0,0.0,0.0,2,11000,0,0,0,0,0,0
TF,KUTEG,62.045000,130.721667,0, ,0.0,0.0,0.0,0.0,2,11000,0,0,0,0,0,0

SID,KUTEG1,05R,2
CA,0,52.0,2,980,0,0,0,0,0,0
CF,KUTEG,62.045000,130.721667,0,UTS,110.8,26.6,116.0,25.0,0,0,0,0,0,0,0,0

SID,KUTEG3,23L,2
CF,D232E,62.016761,129.652267,0,UTS,234.4,5.9,232.0,6.0,2,2290,0,0,0,0,0,1
CF,KUTEG,62.045000,130.721667,1,UTS,110.8,26.6,96.0,29.0,0,0,0,0,0,0,0,0

SID,LEPR5E,05R,5
CA,0,52.0,2,720,0,0,0,0,0,0
DF,EE030,62.195444,129.939194,0, ,0.0,0.0,0,0,0,1,205,0,0,1
TF,EE031,62.264222,129.456389,1, ,0.0,0.0,0.0,0.0,0,0,0,1,265,0,0,0
TF,EE032,62.120222,129.279750,0, ,0.0,0.0,0.0,0.0,4,11000,10000,0,0,0,0,0
TF,EE033,62.062583,129.126306,0, ,0.0,0.0,0.0,0.0,0,0,0,0,0,0,0,0
TF,LEPRI,61.961667,128.860000,0, ,0.0,0.0,0.0,0.0,2,10000,0,0,0,0,0,0

SID,LEPR5F,23L,5
CA,0,232.0,2,710,0,0,0,0,0,0
DF,EE054,61.992417,129.614028,0, ,0.0,0.0,0,0,0,0,0,0,0,1
TF,LEPRI,61.961667,128.860000,0, ,0.0,0.0,0.0,0.0,4,10000,6000,0,0,0,0,0

SID,LEPRI1,05R,2
CA,0,52.0,2,980,0,0,0,0,0,0
CF,LEPRI,61.961667,128.860000,1,UTS,268.7,27.3,258.0,28.0,0,0,0,0,0,0,0,0

SID,LEPRI3,23L,2
CF,D232E,62.016761,129.652267,0,UTS,234.4,5.9,232.0,6.0,2,2290,0,0,0,0,0,1
CF,LEPRI,61.961667,128.860000,0,UTS,268.7,27.3,275.0,21.0,0,0,0,0,0,0,0,0

SID,NENA5E,05R,5
CA,0,52.0,2,720,0,0,0,0,0,0
DF,EE030,62.195444,129.939194,0, ,0.0,0.0,0,0,0,0,0,0,0,1
TF,NENAL,62.378333,130.513333,0, ,0.0,0.0,0.0,0.0,4,11000,7000,0,0,0,0,0

SID,NENA5F,23L,5
CA,0,232.0,2,710,0,0,0,0,0,0
DF,EE054,61.992417,129.614028,0, ,0.0,0.0,0,0,0,1,230,0,0,1
TF,EE055,61.838444,130.048306,0, ,0.0,0.0,0.0,0.0,3,10000,0,1,245,0,0,0
TF,EE057,61.939944,130.204417,0, ,0.0,0.0,0.0,0.0,2,10000,0,1,245,0,0,0
TF,EE058,62.005972,130.306722,0, ,0.0,0.0,0.0,0.0,2,11000,0,0,0,0,0,0
TF,EE065,62.133389,130.376806,0, ,0.0,0.0,0.0,0.0,0,0,0,0,0,0,0,0
TF,NENAL,62.378333,130.513333,0, ,0.0,0.0,0.0,0.0,2,11000,0,0,0,0,0,0

SID,NENAL1,05R,2
CA,0,52.0,2,980,0,0,0,0,0,0
CF,NENAL,62.378333,130.513333,0,UTS,64.6,26.7,67.0,25.0,0,0,0,0,0,0,0,0

SID,NENAL3,23L,2
CF,D232E,62.016761,129.652267,0,UTS,234.4,5.9,232.0,6.0,2,2290,0,0,0,0,0,1
CF,NENAL,62.378333,130.513333,1,UTS,64.6,26.7,55.0,32.0,0,0,0,0,0,0,0,0

SID,NIBE5E,05R,5
CA,0,52.0,2,720,0,0,0,0,0,0
DF,EE030,62.195444,129.939194,0, ,0.0,0.0,0,0,0,1,215,0,0,1
TF,EE031,62.264222,129.456389,1, ,0.0,0.0,0.0,0.0,0,0,0,1,265,0,0,0
TF,EE034,62.302444,129.182083,0, ,0.0,0.0,0.0,0.0,4,11000,10000,0,0,0,0,0
TF,NIBES,62.360556,129.001111,0, ,0.0,0.0,0.0,0.0,2,10000,0,0,0,0,0,0

SID,NIBE5F,23L,5
CA,0,232.0,2,710,0,0,0,0,0,0
DF,EE054,61.992417,129.614028,0, ,0.0,0.0,0,0,0,1,220,0,0,1
TF,EE062,62.082806,129.221417,0, ,0.0,0.0,0.0,0.0,3,10000,0,0,0,0,0,0
TF,EE060,62.185056,129.140806,0, ,0.0,0.0,0.0,0.0,2,12000,0,0,0,0,0,0
TF,NIBES,62.360556,129.001111,0, ,0.0,0.0,0.0,0.0,2,12000,0,0,0,0,0,0

SID,OGLI5E,05R,5
CA,0,52.0,2,720,0,0,0,0,0,0
DF,EE030,62.195444,129.939194,0, ,0.0,0.0,0,0,0,1,215,0,0,1
TF,EE037,62.061778,130.370722,0, ,0.0,0.0,0.0,0.0,3,11000,0,0,0,0,0,0
TF,EE038,61.886722,130.169611,0, ,0.0,0.0,0.0,0.0,4,11000,10000,0,0,0,0,0
TF,OGLIS,61.648333,129.900000,0, ,0.0,0.0,0.0,0.0,2,11000,0,0,0,0,0,0

SID,OGLI5F,23L,5
CA,0,232.0,2,710,0,0,0,0,0,0
DF,EE054,61.992417,129.614028,0, ,0.0,0.0,0,0,0,0,0,0,0,1
TF,OGLIS,61.648333,129.900000,0, ,0.0,0.0,0.0,0.0,4,9000,7000,0,0,0,0,0

SID,OGLIS1,05R,2
CA,0,52.0,2,980,0,0,0,0,0,0
CF,OGLIS,61.648333,129.900000,2,UTS,188.0,26.9,198.0,27.0,0,0,0,0,0,0,0,0

SID,OGLIS3,23L,2
CF,D232E,62.016761,129.652267,0,UTS,234.4,5.9,232.0,6.0,2,2290,0,0,0,0,0,1
TF,OGLIS,61.648333,129.900000,0, ,0.0,0.0,0.0,0.0,0,0,0,0,0,0,0,0

SID,OKSI5E,05R,5
CA,0,52.0,2,720,0,0,0,0,0,0
DF,EE030,62.195444,129.939194,0, ,0.0,0.0,0,0,0,1,205,0,0,1
TF,EE031,62.264222,129.456389,1, ,0.0,0.0,0.0,0.0,0,0,0,1,265,0,0,0
TF,EE032,62.120222,129.279750,0, ,0.0,0.0,0.0,0.0,4,11000,10000,0,0,0,0,0
TF,EE033,62.062583,129.126306,0, ,0.0,0.0,0.0,0.0,0,0,0,0,0,0,0,0
TF,OKSIN,61.895000,128.916667,0, ,0.0,0.0,0.0,0.0,2,10000,0,0,0,0,0,0

SID,OKSI5F,23L,5
CA,0,232.0,2,710,0,0,0,0,0,0
DF,EE054,61.992417,129.614028,0, ,0.0,0.0,0,0,0,0,0,0,0,1
TF,OKSIN,61.895000,128.916667,0, ,0.0,0.0,0.0,0.0,4,10000,6000,0,0,0,0,0

SID,OKSIN1,05R,2
CA,0,52.0,2,980,0,0,0,0,0,0
CF,OKSIN,61.895000,128.916667,1,UTS,259.6,27.3,249.0,28.0,0,0,0,0,0,0,0,0

SID,OKSIN3,23L,2
CF,D232E,62.016761,129.652267,0,UTS,234.4,5.9,232.0,6.0,2,2290,0,0,0,0,0,1
CF,OKSIN,61.895000,128.916667,0,UTS,259.6,27.3,264.0,21.0,0,0,0,0,0,0,0,0

SID,OKTU5E,05R,5
CA,0,52.0,2,720,0,0,0,0,0,0
DF,EE030,62.195444,129.939194,0, ,0.0,0.0,0,0,0,1,230,0,0,1
TF,EE037,62.061778,130.370722,0, ,0.0,0.0,0.0,0.0,3,11000,0,0,0,0,0,0
TF,OKTUR,61.831667,130.543333,0, ,0.0,0.0,0.0,0.0,4,11000,7000,0,0,0,0,0

SID,OKTU5F,23L,5
CA,0,232.0,2,710,0,0,0,0,0,0
DF,EE054,61.992417,129.614028,0, ,0.0,0.0,0,0,0,1,240,0,0,1
TF,EE055,61.838444,130.048306,0, ,0.0,0.0,0.0,0.0,3,10000,0,0,0,0,0,0
TF,EE056,61.834889,130.324333,0, ,0.0,0.0,0.0,0.0,1,11000,0,0,0,0,0,0
TF,OKTUR,61.831667,130.543333,0, ,0.0,0.0,0.0,0.0,2,11000,0,0,0,0,0,0

SID,OKTUR1,05R,2
CA,0,52.0,2,980,0,0,0,0,0,0
CF,OKTUR,61.831667,130.543333,2,UTS,140.8,26.6,149.0,25.0,0,0,0,0,0,0,0,0

SID,OKTUR3,23L,2
CF,D232E,62.016761,129.652267,0,UTS,234.4,5.9,232.0,6.0,2,2290,0,0,0,0,0,1
CF,OKTUR,61.831667,130.543333,1,UTS,140.8,26.6,126.0,26.0,0,0,0,0,0,0,0,0

SID,REDK5E,05R,5
CA,0,52.0,2,720,0,0,0,0,0,0
DF,EE030,62.195444,129.939194,0, ,0.0,0.0,0,0,0,1,215,0,0,1
TF,EE031,62.264222,129.456389,1, ,0.0,0.0,0.0,0.0,0,0,0,1,265,0,0,0
TF,EE034,62.302444,129.182083,0, ,0.0,0.0,0.0,0.0,4,11000,10000,0,0,0,0,0
TF,REDKA,62.301667,128.920000,0, ,0.0,0.0,0.0,0.0,2,10000,0,0,0,0,0,0

SID,REDK5F,23L,5
CA,0,232.0,2,710,0,0,0,0,0,0
DF,EE054,61.992417,129.614028,0, ,0.0,0.0,0,0,0,1,220,0,0,1
TF,EE062,62.082806,129.221417,0, ,0.0,0.0,0.0,0.0,3,10000,0,0,0,0,0,0
TF,EE060,62.185056,129.140806,0, ,0.0,0.0,0.0,0.0,2,12000,0,0,0,0,0,0
TF,REDKA,62.301667,128.920000,0, ,0.0,0.0,0.0,0.0,2,12000,0,0,0,0,0,0

SID,REDKA1,05R,2
CA,0,52.0,2,980,0,0,0,0,0,0
CF,REDKA,62.301667,128.920000,1,UTS,312.8,27.4,304.0,26.0,0,0,0,0,0,0,0,0

SID,REDKA3,23L,2
CF,D232E,62.016761,129.652267,0,UTS,234.4,5.9,232.0,6.0,2,2290,0,0,0,0,0,1
CF,REDKA,62.301667,128.920000,2,UTS,312.8,27.4,327.0,25.0,0,0,0,0,0,0,0,0

SID,RUTI5E,05R,5
CA,0,52.0,2,720,0,0,0,0,0,0
DF,EE030,62.195444,129.939194,0, ,0.0,0.0,0,0,0,1,205,0,0,1
TF,EE031,62.264222,129.456389,1, ,0.0,0.0,0.0,0.0,0,0,0,1,265,0,0,0
TF,EE032,62.120222,129.279750,0, ,0.0,0.0,0.0,0.0,4,11000,10000,0,0,0,0,0
TF,RUTIK,62.056667,128.820000,0, ,0.0,0.0,0.0,0.0,2,10000,0,0,0,0,0,0

SID,RUTI5F,23L,5
CA,0,232.0,2,710,0,0,0,0,0,0
DF,EE054,61.992417,129.614028,0, ,0.0,0.0,0,0,0,0,0,0,0,1
TF,RUTIK,62.056667,128.820000,0, ,0.0,0.0,0.0,0.0,4,10000,8000,0,0,0,0,0

SID,RUTIK1,05R,2
CA,0,52.0,2,980,0,0,0,0,0,0
CF,RUTIK,62.056667,128.820000,1,UTS,280.9,27.3,270.0,27.0,0,0,0,0,0,0,0,0

SID,RUTIK3,23L,2
CF,D232E,62.016761,129.652267,0,UTS,234.4,5.9,232.0,6.0,2,2290,0,0,0,0,0,1
CF,RUTIK,62.056667,128.820000,0,UTS,280.9,27.3,290.0,23.0,0,0,0,0,0,0,0,0

SID,SORI5E,05R,5
CA,0,52.0,2,720,0,0,0,0,0,0
DF,EE030,62.195444,129.939194,0, ,0.0,0.0,0,0,0,1,265,0,0,1
TF,EE036,62.393333,130.023083,0, ,0.0,0.0,0.0,0.0,0,0,0,0,0,0,0,0
TF,SORIP,62.526667,130.008333,0, ,0.0,0.0,0.0,0.0,4,11000,7000,0,0,0,0,0

SID,SORI5F,23L,5
CA,0,232.0,2,710,0,0,0,0,0,0
DF,EE054,61.992417,129.614028,0, ,0.0,0.0,0,0,0,1,220,0,0,1
TF,EE062,62.082806,129.221417,0, ,0.0,0.0,0.0,0.0,3,10000,0,0,0,0,0,0
TF,EE060,62.185056,129.140806,0, ,0.0,0.0,0.0,0.0,2,12000,0,0,0,0,0,0
TF,EE074,62.449611,129.587556,0, ,0.0,0.0,0.0,0.0,0,0,0,0,0,0,0,0
TF,SORIP,62.526667,130.008333,0, ,0.0,0.0,0.0,0.0,2,13000,0,0,0,0,0,0

SID,SORIP1,05R,2
CA,0,52.0,2,980,0,0,0,0,0,0
CF,SORIP,62.526667,130.008333,0,UTS,28.4,26.9,27.0,25.0,0,0,0,0,0,0,0,0

SID,SORIP3,23L,2
CF,D232E,62.016761,129.652267,0,UTS,234.4,5.9,232.0,6.0,2,2290,0,0,0,0,0,1
CF,SORIP,62.526667,130.008333,2,UTS,28.4,26.9,41.0,32.0,0,0,0,0,0,0,0,0

SID,TEGM5E,05R,5
CA,0,52.0,2,720,0,0,0,0,0,0
DF,EE030,62.195444,129.939194,0, ,0.0,0.0,0,0,0,1,260,0,0,1
TF,EE035,62.393778,129.538056,0, ,0.0,0.0,0.0,0.0,3,11000,0,0,0,0,0,0
TF,TEGMA,62.486667,129.308333,0, ,0.0,0.0,0.0,0.0,4,12000,6000,0,0,0,0,0

SID,TEGM5F,23L,5
CA,0,232.0,2,710,0,0,0,0,0,0
DF,EE054,61.992417,129.614028,0, ,0.0,0.0,0,0,0,1,220,0,0,1
TF,EE062,62.082806,129.221417,0, ,0.0,0.0,0.0,0.0,3,10000,0,0,0,0,0,0
TF,EE060,62.185056,129.140806,0, ,0.0,0.0,0.0,0.0,2,12000,0,0,0,0,0,0
TF,TEGMA,62.486667,129.308333,0, ,0.0,0.0,0.0,0.0,2,12000,0,0,0,0,0,0

SID,TEGMA1,05R,2
CA,0,52.0,2,980,0,0,0,0,0,0
CF,TEGMA,62.486667,129.308333,0,UTS,345.8,27.2,340.0,26.0,0,0,0,0,0,0,0,0

SID,TEGMA3,23L,2
CF,D232E,62.016761,129.652267,0,UTS,234.4,5.9,232.0,6.0,2,2290,0,0,0,0,0,1
CF,TEGMA,62.486667,129.308333,2,UTS,345.8,27.2,360.0,29.0,0,0,0,0,0,0,0,0

SID,TEKD5E,05R,5
CA,0,52.0,2,720,0,0,0,0,0,0
DF,EE030,62.195444,129.939194,0, ,0.0,0.0,0,0,0,0,0,0,0,1
TF,TEKDI,62.495000,130.180000,0, ,0.0,0.0,0.0,0.0,4,11000,7000,0,0,0,0,0

SID,TEKD5F,23L,5
CA,0,232.0,2,710,0,0,0,0,0,0
DF,EE054,61.992417,129.614028,0, ,0.0,0.0,0,0,0,1,220,0,0,1
TF,EE062,62.082806,129.221417,0, ,0.0,0.0,0.0,0.0,3,10000,0,0,0,0,0,0
TF,EE060,62.185056,129.140806,0, ,0.0,0.0,0.0,0.0,2,12000,0,0,0,0,0,0
TF,EE074,62.449611,129.587556,0, ,0.0,0.0,0.0,0.0,0,0,0,0,0,0,0,0
TF,TEKDI,62.495000,130.180000,0, ,0.0,0.0,0.0,0.0,2,13000,0,0,0,0,0,0

SID,TEKDI1,05R,2
CA,0,52.0,2,980,0,0,0,0,0,0
CF,TEKDI,62.495000,130.180000,0,UTS,39.4,26.6,39.0,25.0,0,0,0,0,0,0,0,0

SID,TEKDI3,23L,2
CF,D232E,62.016761,129.652267,0,UTS,234.4,5.9,232.0,6.0,2,2290,0,0,0,0,0,1
CF,TEKDI,62.495000,130.180000,2,UTS,39.4,26.6,50.0,32.0,0,0,0,0,0,0,0,0

SID,TURO5E,05R,5
CA,0,52.0,2,720,0,0,0,0,0,0
DF,EE030,62.195444,129.939194,0, ,0.0,0.0,0,0,0,0,0,0,0,1
TF,TUROP,62.541667,129.811667,0, ,0.0,0.0,0.0,0.0,4,11000,7000,0,0,0,0,0

SID,TURO5F,23L,5
CA,0,232.0,2,710,0,0,0,0,0,0
DF,EE054,61.992417,129.614028,0, ,0.0,0.0,0,0,0,1,220,0,0,1
TF,EE062,62.082806,129.221417,0, ,0.0,0.0,0.0,0.0,3,10000,0,0,0,0,0,0
TF,EE060,62.185056,129.140806,0, ,0.0,0.0,0.0,0.0,2,12000,0,0,0,0,0,0
TF,EE074,62.449611,129.587556,0, ,0.0,0.0,0.0,0.0,0,0,0,0,0,0,0,0
TF,TUROP,62.541667,129.811667,0, ,0.0,0.0,0.0,0.0,2,13000,0,0,0,0,0,0

SID,TUROP1,05R,2
CA,0,52.0,2,980,0,0,0,0,0,0
CF,TUROP,62.541667,129.811667,0,UTS,16.6,27.0,14.0,25.0,0,0,0,0,0,0,0,0

SID,TUROP3,23L,2
CF,D232E,62.016761,129.652267,0,UTS,234.4,5.9,232.0,6.0,2,2290,0,0,0,0,0,1
CF,TUROP,62.541667,129.811667,2,UTS,16.6,27.0,30.0,31.0,0,0,0,0,0,0,0,0

STAR,ABGU2A,05R,2
IF,ABGUR,62.171667,128.828333, ,0.0,0.0,2,7000,0,0,0,0,0,0
TF,D242L,61.958333,129.480000,0, ,0.0,0.0,0.0,0.0,1,2620,0,0,0,0,0,1
CF,FN05R,61.990000,129.610000,0,UTS,233.8,7.9,52.0,3.0,1,2620,0,0,0,0,0,0

STAR,ABGU4A,23L,2
IF,ABGUR,62.171667,128.828333, ,0.0,0.0,2,7000,0,0,0,0,0,0
TF,D031K,62.270000,129.893333,0, ,0.0,0.0,0.0,0.0,1,2620,0,0,0,0,0,1
CF,D047J,62.235000,129.971667,2,UTS,46.5,10.1,187.0,1.0,1,2620,0,0,0,0,0,1
CF,CF23L,62.174456,129.904911,0,UTS,49.4,6.0,232.0,3.0,1,1630,0,0,0,0,0,0

STAR,ABGU4B,23L,2
IF,ABGUR,62.171667,128.828333, ,0.0,0.0,2,7000,0,0,0,0,0,0
TF,BS,62.235278,129.816667,0, ,0.0,0.0,0.0,0.0,0,0,0,0,0,0,0,0
TF,D027E,62.208333,129.873333,0, ,0.0,0.0,0.0,0.0,1,1630,0,0,0,0,0,1
CF,CF23L,62.174456,129.904911,0,UTS,49.4,6.0,232.0,1.0,1,1630,0,0,0,0,0,0

STAR,ABGU5C,05R,5
IF,ABGUR,62.171667,128.828333, ,0.0,0.0,4,9000,7000,0,0,0,0,0
TF,EE026,62.097389,129.031667,0, ,0.0,0.0,0.0,0.0,0,0,0,0,0,0,0,0
TF,EE003,61.985139,129.335556,0, ,0.0,0.0,0.0,0.0,4,6000,3610,0,0,0,0,0

STAR,ABGU5D,23L,5
IF,ABGUR,62.171667,128.828333, ,0.0,0.0,4,11000,7000,0,0,0,0,0
TF,EE050,62.262972,129.037972,0, ,0.0,0.0,0.0,0.0,0,0,0,0,0,0,0,0
TF,EE049,62.297389,129.219722,0, ,0.0,0.0,0.0,0.0,0,0,0,0,0,0,0,0
TF,EE011,62.286972,129.816833,0, ,0.0,0.0,0.0,0.0,4,5000,2620,0,0,0,0,0

STAR,AGMA2A,05R,2
IF,AGMAT,62.206667,130.700000, ,0.0,0.0,2,7000,0,0,0,0,0,0
TF,D216L,61.905000,129.631667,0, ,0.0,0.0,0.0,0.0,1,2620,0,0,0,0,0,0
TF,D226L,61.925000,129.571667,0, ,0.0,0.0,0.0,0.0,1,2620,0,0,0,0,0,1
CF,FN05R,61.990000,129.610000,2,UTS,233.8,7.9,52.0,2.0,1,2620,0,0,0,0,0,0

STAR,AGMA4A,23L,2
IF,AGMAT,62.206667,130.700000, ,0.0,0.0,2,7000,0,0,0,0,0,0
TF,D066K,62.208333,130.093333,0, ,0.0,0.0,0.0,0.0,1,1630,0,0,0,0,0,0
CF,D053I,62.206667,129.976667,0,UTS,53.1,8.7,277.0,3.0,1,1630,0,0,0,0,0,1
CF,CF23L,62.174456,129.904911,0,UTS,49.4,6.0,232.0,2.0,1,1630,0,0,0,0,0,0

STAR,AGMA5C,05R,5
IF,AGMAT,62.206667,130.700000, ,0.0,0.0,2,12000,0,0,0,0,0,0
TF,EE022,62.048111,130.068528,0, ,0.0,0.0,0.0,0.0,2,12000,0,0,0,0,0,0
TF,EE001,61.864472,129.676556,0, ,0.0,0.0,0.0,0.0,4,6000,3610,0,0,0,0,0

STAR,AGMA5D,23L,5
IF,AGMAT,62.206667,130.700000, ,0.0,0.0,4,10000,6000,0,0,0,0,0
TF,EE043,62.234167,130.390944,0, ,0.0,0.0,0.0,0.0,0,0,0,0,0,0,0,0
TF,EE013,62.166278,130.161250,0, ,0.0,0.0,0.0,0.0,4,5000,2620,0,0,0,0,0

STAR,BAGU2A,05R,2
IF,BAGUS,62.228333,128.856667, ,0.0,0.0,2,7000,0,0,0,0,0,0
TF,D242L,61.958333,129.480000,0, ,0.0,0.0,0.0,0.0,1,2620,0,0,0,0,0,1
CF,FN05R,61.990000,129.610000,1,UTS,233.8,7.9,52.0,2.0,1,2620,0,0,0,0,0,0

STAR,BAGU4A,23L,2
IF,BAGUS,62.228333,128.856667, ,0.0,0.0,2,7000,0,0,0,0,0,0
TF,D033L,62.273333,129.911667,0, ,0.0,0.0,0.0,0.0,1,2620,0,0,0,0,0,1
CF,D047J,62.235000,129.971667,0,UTS,46.5,10.1,187.0,2.0,1,2620,0,0,0,0,0,1
CF,CF23L,62.174456,129.904911,0,UTS,49.4,6.0,232.0,3.0,1,1630,0,0,0,0,0,0

STAR,BAGU4B,23L,2
IF,BAGUS,62.228333,128.856667, ,0.0,0.0,2,7000,0,0,0,0,0,0
TF,BS,62.235278,129.816667,0, ,0.0,0.0,0.0,0.0,0,0,0,0,0,0,0,0
TF,D027E,62.208333,129.873333,0, ,0.0,0.0,0.0,0.0,1,1630,0,0,0,0,0,1
CF,CF23L,62.174456,129.904911,0,UTS,49.4,6.0,232.0,1.0,1,1630,0,0,0,0,0,0

STAR,BAGU5C,05R,5
IF,BAGUS,62.228333,128.856667, ,0.0,0.0,4,9000,7000,0,0,0,0,0
TF,EE026,62.097389,129.031667,0, ,0.0,0.0,0.0,0.0,0,0,0,0,0,0,0,0
TF,EE003,61.985139,129.335556,0, ,0.0,0.0,0.0,0.0,4,6000,3610,0,0,0,0,0

STAR,BAGU5D,23L,5
IF,BAGUS,62.228333,128.856667, ,0.0,0.0,4,11000,7000,0,0,0,0,0
TF,EE050,62.262972,129.037972,0, ,0.0,0.0,0.0,0.0,0,0,0,0,0,0,0,0
TF,EE049,62.297389,129.219722,0, ,0.0,0.0,0.0,0.0,0,0,0,0,0,0,0,0
TF,EE011,62.286972,129.816833,0, ,0.0,0.0,0.0,0.0,4,5000,2620,0,0,0,0,0

STAR,BESI2A,05R,2
IF,BESIB,61.963333,130.683333, ,0.0,0.0,2,7000,0,0,0,0,0,0
TF,D216L,61.905000,129.631667,0, ,0.0,0.0,0.0,0.0,1,2620,0,0,0,0,0,0
TF,D226L,61.925000,129.571667,0, ,0.0,0.0,0.0,0.0,1,2620,0,0,0,0,0,1
CF,FN05R,61.990000,129.610000,2,UTS,233.8,7.9,52.0,2.0,1,2620,0,0,0,0,0,0

STAR,BESI4A,23L,2
IF,BESIB,61.963333,130.683333, ,0.0,0.0,2,7000,0,0,0,0,0,0
TF,D066K,62.208333,130.093333,0, ,0.0,0.0,0.0,0.0,1,1630,0,0,0,0,0,1
CF,D053I,62.206667,129.976667,0,UTS,53.1,8.7,277.0,3.0,1,1630,0,0,0,0,0,1
CF,CF23L,62.174456,129.904911,0,UTS,49.4,6.0,232.0,2.0,1,1630,0,0,0,0,0,0

STAR,BESI5C,05R,5
IF,BESIB,61.963333,130.683333, ,0.0,0.0,2,12000,0,0,0,0,0,0
TF,EE021,62.046556,130.470639,0, ,0.0,0.0,0.0,0.0,0,0,0,0,0,0,0,0
TF,EE022,62.048111,130.068528,0, ,0.0,0.0,0.0,0.0,2,12000,0,0,0,0,0,0
TF,EE001,61.864472,129.676556,0, ,0.0,0.0,0.0,0.0,4,6000,3610,0,0,0,0,0

STAR,BESI5D,23L,5
IF,BESIB,61.963333,130.683333, ,0.0,0.0,4,10000,8000,0,0,0,0,0
TF,EE044,62.098000,130.478667,0, ,0.0,0.0,0.0,0.0,0,0,0,0,0,0,0,0
TF,EE013,62.166278,130.161250,0, ,0.0,0.0,0.0,0.0,4,5000,2620,0,0,0,0,0

STAR,DENI2A,05R,2
IF,DENIB,61.662222,129.521389, ,0.0,0.0,2,7000,0,0,0,0,0,0
TF,D232K,61.946667,129.550000,0, ,0.0,0.0,0.0,0.0,1,2620,0,0,0,0,0,1
CF,FN05R,61.990000,129.610000,0,UTS,233.8,7.9,52.0,3.0,1,2620,0,0,0,0,0,0

STAR,DENI4A,23L,2
IF,DENIB,61.662222,129.521389, ,0.0,0.0,2,7000,0,0,0,0,0,0
TF,D076J,62.176667,130.103333,0, ,0.0,0.0,0.0,0.0,1,1630,0,0,0,0,0,1
CF,D053I,62.206667,129.976667,1,UTS,53.1,8.7,277.0,2.0,1,1630,0,0,0,0,0,1
CF,CF23L,62.174456,129.904911,0,UTS,49.4,6.0,232.0,2.0,1,1630,0,0,0,0,0,0

STAR,DENI5C,05R,5
IF,DENIB,61.662222,129.521389, ,0.0,0.0,4,9000,7000,0,0,0,0,0
TF,EE002,61.844472,129.378694,0, ,0.0,0.0,0.0,0.0,4,6000,3610,0,0,0,0,0

STAR,DENI5D,23L,5
IF,DENIB,61.662222,129.521389, ,0.0,0.0,2,13000,0,0,0,0,0,0
TF,EE075,61.972972,129.849639,0, ,0.0,0.0,0.0,0.0,1,12000,0,0,0,0,0,0
TF,EE013,62.166278,130.161250,0, ,0.0,0.0,0.0,0.0,4,5000,2620,0,0,0,0,0

STAR,DIRO2A,05R,2
IF,DIROM,61.720000,129.246667, ,0.0,0.0,2,7000,0,0,0,0,0,0
TF,D233J,61.958333,129.558333,0, ,0.0,0.0,0.0,0.0,1,2620,0,0,0,0,0,0
TF,FN05R,61.990000,129.610000,0, ,0.0,0.0,0.0,0.0,1,2620,0,0,0,0,0,0

STAR,DIRO4A,23L,2
IF,DIROM,61.720000,129.246667, ,0.0,0.0,2,7000,0,0,0,0,0,0
TF,D105E,62.091667,129.958333,0, ,0.0,0.0,0.0,0.0,1,2620,0,0,0,0,0,0
TF,D076J,62.176667,130.103333,0, ,0.0,0.0,0.0,0.0,1,1630,0,0,0,0,0,1
CF,D053I,62.206667,129.976667,1,UTS,53.1,8.7,277.0,2.0,1,1630,0,0,0,0,0,1
CF,CF23L,62.174456,129.904911,0,UTS,49.4,6.0,232.0,2.0,1,1630,0,0,0,0,0,0

STAR,DIRO5C,05R,5
IF,DIROM,61.720000,129.246667, ,0.0,0.0,4,9000,7000,0,0,0,0,0
TF,EE002,61.844472,129.378694,0, ,0.0,0.0,0.0,0.0,4,6000,3610,0,0,0,0,0

STAR,DIRO5D,23L,5
IF,DIROM,61.720000,129.246667, ,0.0,0.0,2,13000,0,0,0,0,0,0
TF,EE075,61.972972,129.849639,0, ,0.0,0.0,0.0,0.0,1,12000,0,0,0,0,0,0
TF,EE013,62.166278,130.161250,0, ,0.0,0.0,0.0,0.0,4,5000,2620,0,0,0,0,0

STAR,DOBU2A,05R,2
IF,DOBUS,62.301667,130.621667, ,0.0,0.0,2,7000,0,0,0,0,0,0
TF,D216L,61.905000,129.631667,0, ,0.0,0.0,0.0,0.0,1,2620,0,0,0,0,0,0
TF,D226L,61.925000,129.571667,0, ,0.0,0.0,0.0,0.0,1,2620,0,0,0,0,0,1
CF,FN05R,61.990000,129.610000,2,UTS,233.8,7.9,52.0,2.0,1,2620,0,0,0,0,0,0

STAR,DOBU4A,23L,2
IF,DOBUS,62.301667,130.621667, ,0.0,0.0,2,7000,0,0,0,0,0,0
TF,D053I,62.206667,129.976667,0, ,0.0,0.0,0.0,0.0,1,1630,0,0,0,0,0,1
CF,CF23L,62.174456,129.904911,0,UTS,49.4,6.0,232.0,2.0,1,1630,0,0,0,0,0,0

STAR,DOBU5C,05R,5
IF,DOBUS,62.301667,130.621667, ,0.0,0.0,2,12000,0,0,0,0,0,0
TF,EE020,62.169583,130.331750,0, ,0.0,0.0,0.0,0.0,0,0,0,0,0,0,0,0
TF,EE022,62.048111,130.068528,0, ,0.0,0.0,0.0,0.0,2,12000,0,0,0,0,0,0
TF,EE001,61.864472,129.676556,0, ,0.0,0.0,0.0,0.0,4,6000,3610,0,0,0,0,0

STAR,DOBU5D,23L,5
IF,DOBUS,62.301667,130.621667, ,0.0,0.0,4,10000,8000,0,0,0,0,0
TF,EE043,62.234167,130.390944,0, ,0.0,0.0,0.0,0.0,0,0,0,0,0,0,0,0
TF,EE013,62.166278,130.161250,0, ,0.0,0.0,0.0,0.0,4,5000,2620,0,0,0,0,0

STAR,GIME2A,05R,2
IF,GIMEK,62.518333,130.076667, ,0.0,0.0,2,7000,0,0,0,0,0,0
TF,V,62.073667,129.743528,0, ,0.0,0.0,0.0,0.0,1,2620,0,0,0,0,0,0
TF,D212K,61.918333,129.671667,0, ,0.0,0.0,0.0,0.0,1,2620,0,0,0,0,0,1
CF,D226L,61.925000,129.571667,2,UTS,226.0,11.7,322.0,2.0,1,2620,0,0,0,0,0,1
CF,FN05R,61.990000,129.610000,0,UTS,233.8,7.9,52.0,3.0,1,2620,0,0,0,0,0,0

STAR,GIME4A,23L,2
IF,GIMEK,62.518333,130.076667, ,0.0,0.0,2,7000,0,0,0,0,0,0
TF,D047J,62.235000,129.971667,0, ,0.0,0.0,0.0,0.0,1,2620,0,0,0,0,0,1
CF,CF23L,62.174456,129.904911,0,UTS,49.4,6.0,232.0,3.0,1,1630,0,0,0,0,0,0

STAR,GIME5C,05R,5
IF,GIMEK,62.518333,130.076667, ,0.0,0.0,2,12000,0,0,0,0,0,0
TF,EE018,62.402056,129.851000,0, ,0.0,0.0,0.0,0.0,0,0,0,0,0,0,0,0
TF,EE017,62.299250,129.722333,0, ,0.0,0.0,0.0,0.0,0,0,0,0,0,0,0,0
TF,EE016,62.182194,129.577083,0, ,0.0,0.0,0.0,0.0,2,12000,0,0,0,0,0,0
TF,EE003,61.985139,129.335556,0, ,0.0,0.0,0.0,0.0,4,6000,3610,0,0,0,0,0

STAR,GIME5D,23L,5
IF,GIMEK,62.518333,130.076667, ,0.0,0.0,4,10000,8000,0,0,0,0,0
TF,EE041,62.401917,130.071417,0, ,0.0,0.0,0.0,0.0,0,0,0,0,0,0,0,0
TF,EE012,62.307028,130.119028,0, ,0.0,0.0,0.0,0.0,4,5000,2620,0,0,0,0,0

STAR,GOBO2A,05R,2
IF,GOBON,62.542222,129.746389, ,0.0,0.0,2,7000,0,0,0,0,0,0
TF,V,62.073667,129.743528,0, ,0.0,0.0,0.0,0.0,1,2620,0,0,0,0,0,0
TF,D212K,61.918333,129.671667,0, ,0.0,0.0,0.0,0.0,1,2620,0,0,0,0,0,1
CF,D226L,61.925000,129.571667,2,UTS,226.0,11.7,322.0,2.0,1,2620,0,0,0,0,0,1
CF,FN05R,61.990000,129.610000,0,UTS,233.8,7.9,52.0,3.0,1,2620,0,0,0,0,0,0

STAR,GOBO4A,23L,2
IF,GOBON,62.542222,129.746389, ,0.0,0.0,2,7000,0,0,0,0,0,0
TF,D043K,62.258333,129.965000,0, ,0.0,0.0,0.0,0.0,1,2620,0,0,0,0,0,0
TF,D047J,62.235000,129.971667,0, ,0.0,0.0,0.0,0.0,1,2620,0,0,0,0,0,1
CF,CF23L,62.174456,129.904911,0,UTS,49.4,6.0,232.0,3.0,1,1630,0,0,0,0,0,0

STAR,GOBO5C,05R,5
IF,GOBON,62.542222,129.746389, ,0.0,0.0,2,13000,0,0,0,0,0,0
TF,EE017,62.299250,129.722333,0, ,0.0,0.0,0.0,0.0,0,0,0,0,0,0,0,0
TF,EE016,62.182194,129.577083,0, ,0.0,0.0,0.0,0.0,2,12000,0,0,0,0,0,0
TF,EE003,61.985139,129.335556,0, ,0.0,0.0,0.0,0.0,4,6000,3610,0,0,0,0,0

STAR,GOBO5D,23L,5
IF,GOBON,62.542222,129.746389, ,0.0,0.0,4,11000,7000,0,0,0,0,0
TF,EE040,62.452083,129.771417,0, ,0.0,0.0,0.0,0.0,0,0,0,0,0,0,0,0
TF,EE011,62.286972,129.816833,0, ,0.0,0.0,0.0,0.0,4,5000,2620,0,0,0,0,0

STAR,IDES2A,05R,2
IF,IDESA,62.471667,130.290000, ,0.0,0.0,2,7000,0,0,0,0,0,0
TF,V,62.073667,129.743528,0, ,0.0,0.0,0.0,0.0,1,2620,0,0,0,0,0,0
TF,D212K,61.918333,129.671667,0, ,0.0,0.0,0.0,0.0,1,2620,0,0,0,0,0,1
CF,D226L,61.925000,129.571667,2,UTS,226.0,11.7,322.0,2.0,1,2620,0,0,0,0,0,1
CF,FN05R,61.990000,129.610000,0,UTS,233.8,7.9,52.0,3.0,1,2620,0,0,0,0,0,0

STAR,IDES4A,23L,2
IF,IDESA,62.471667,130.290000, ,0.0,0.0,2,7000,0,0,0,0,0,0
TF,D050I,62.211667,129.963333,0, ,0.0,0.0,0.0,0.0,1,2620,0,0,0,0,0,0
TF,CF23L,62.174456,129.904911,0, ,0.0,0.0,0.0,0.0,1,1630,0,0,0,0,0,0

STAR,IDES5C,05R,5
IF,IDESA,62.471667,130.290000, ,0.0,0.0,2,12000,0,0,0,0,0,0
TF,EE019,62.389222,130.016778,0, ,0.0,0.0,0.0,0.0,0,0,0,0,0,0,0,0
TF,EE017,62.299250,129.722333,0, ,0.0,0.0,0.0,0.0,0,0,0,0,0,0,0,0
TF,EE016,62.182194,129.577083,0, ,0.0,0.0,0.0,0.0,2,12000,0,0,0,0,0,0
TF,EE003,61.985139,129.335556,0, ,0.0,0.0,0.0,0.0,4,6000,3610,0,0,0,0,0

STAR,IDES5D,23L,5
IF,IDESA,62.471667,130.290000, ,0.0,0.0,4,10000,8000,0,0,0,0,0
TF,EE042,62.396278,130.147889,0, ,0.0,0.0,0.0,0.0,0,0,0,0,0,0,0,0
TF,EE012,62.307028,130.119028,0, ,0.0,0.0,0.0,0.0,4,5000,2620,0,0,0,0,0

STAR,KUTE2A,05R,2
IF,KUTEG,62.045000,130.721667, ,0.0,0.0,2,7000,0,0,0,0,0,0
TF,D216L,61.905000,129.631667,0, ,0.0,0.0,0.0,0.0,1,2620,0,0,0,0,0,0
TF,D226L,61.925000,129.571667,0, ,0.0,0.0,0.0,0.0,1,2620,0,0,0,0,0,1
CF,FN05R,61.990000,129.610000,2,UTS,233.8,7.9,52.0,2.0,1,2620,0,0,0,0,0,0

STAR,KUTE4A,23L,2
IF,KUTEG,62.045000,130.721667, ,0.0,0.0,2,7000,0,0,0,0,0,0
TF,D066K,62.208333,130.093333,0, ,0.0,0.0,0.0,0.0,1,1630,0,0,0,0,0,1
CF,D053I,62.206667,129.976667,0,UTS,53.1,8.7,277.0,3.0,1,1630,0,0,0,0,0,1
CF,CF23L,62.174456,129.904911,0,UTS,49.4,6.0,232.0,2.0,1,1630,0,0,0,0,0,0

STAR,KUTE5C,05R,5
IF,KUTEG,62.045000,130.721667, ,0.0,0.0,2,12000,0,0,0,0,0,0
TF,EE021,62.046556,130.470639,0, ,0.0,0.0,0.0,0.0,0,0,0,0,0,0,0,0
TF,EE022,62.048111,130.068528,0, ,0.0,0.0,0.0,0.0,2,12000,0,0,0,0,0,0
TF,EE001,61.864472,129.676556,0, ,0.0,0.0,0.0,0.0,4,6000,3610,0,0,0,0,0

STAR,KUTE5D,23L,5
IF,KUTEG,62.045000,130.721667, ,0.0,0.0,4,10000,8000,0,0,0,0,0
TF,EE044,62.098000,130.478667,0, ,0.0,0.0,0.0,0.0,0,0,0,0,0,0,0,0
TF,EE013,62.166278,130.161250,0, ,0.0,0.0,0.0,0.0,4,5000,2620,0,0,0,0,0

STAR,LEPR2A,05R,2
IF,LEPRI,61.961667,128.860000, ,0.0,0.0,2,7000,0,0,0,0,0,0
TF,D238K,61.955000,129.508333,0, ,0.0,0.0,0.0,0.0,1,2620,0,0,0,0,0,0
CF,FN05R,61.990000,129.610000,0,UTS,233.8,7.9,52.0,2.0,1,2620,0,0,0,0,0,0

STAR,LEPR4A,23L,2
IF,LEPRI,61.961667,128.860000, ,0.0,0.0,2,7000,0,0,0,0,0,0
TF,D031K,62.270000,129.893333,0, ,0.0,0.0,0.0,0.0,1,2620,0,0,0,0,0,1
CF,D047J,62.235000,129.971667,2,UTS,46.5,10.1,187.0,2.0,1,2620,0,0,0,0,0,1
CF,CF23L,62.174456,129.904911,0,UTS,49.4,6.0,232.0,3.0,1,1630,0,0,0,0,0,0

STAR,LEPR4B,23L,2
IF,LEPRI,61.961667,128.860000, ,0.0,0.0,2,7000,0,0,0,0,0,0
TF,BS,62.235278,129.816667,0, ,0.0,0.0,0.0,0.0,0,0,0,0,0,0,0,0
TF,D027E,62.208333,129.873333,0, ,0.0,0.0,0.0,0.0,1,1630,0,0,0,0,0,1
CF,CF23L,62.174456,129.904911,0,UTS,49.4,6.0,232.0,1.0,1,1630,0,0,0,0,0,0

STAR,LEPR5C,05R,5
IF,LEPRI,61.961667,128.860000, ,0.0,0.0,4,9000,5000,0,0,0,0,0
TF,EE025,61.973750,129.100694,0, ,0.0,0.0,0.0,0.0,0,0,0,0,0,0,0,0
TF,EE003,61.985139,129.335556,0, ,0.0,0.0,0.0,0.0,4,6000,3610,0,0,0,0,0

STAR,LEPR5D,23L,5
IF,LEPRI,61.961667,128.860000, ,0.0,0.0,2,11000,0,0,0,0,0,0
TF,EE048,61.982722,129.112083,0, ,0.0,0.0,0.0,0.0,0,0,0,0,0,0,0,0
TF,EE047,62.003306,129.364500,0, ,0.0,0.0,0.0,0.0,0,0,0,0,0,0,0,0
TF,EE046,62.110861,129.534722,0, ,0.0,0.0,0.0,0.0,1,11000,0,0,0,0,0,0
TF,EE011,62.286972,129.816833,0, ,0.0,0.0,0.0,0.0,4,5000,2620,0,0,0,0,0

STAR,NENA2A,05R,2
IF,NENAL,62.378333,130.513333, ,0.0,0.0,2,7000,0,0,0,0,0,0
TF,V,62.073667,129.743528,0, ,0.0,0.0,0.0,0.0,1,2620,0,0,0,0,0,0
TF,D212K,61.918333,129.671667,0, ,0.0,0.0,0.0,0.0,1,2620,0,0,0,0,0,1
CF,D226L,61.925000,129.571667,2,UTS,226.0,11.7,322.0,2.0,1,2620,0,0,0,0,0,1
CF,FN05R,61.990000,129.610000,0,UTS,233.8,7.9,52.0,3.0,1,2620,0,0,0,0,0,0

STAR,NENA4A,23L,2
IF,NENAL,62.378333,130.513333, ,0.0,0.0,2,7000,0,0,0,0,0,0
TF,D050I,62.211667,129.963333,0, ,0.0,0.0,0.0,0.0,1,1630,0,0,0,0,0,0
TF,CF23L,62.174456,129.904911,0, ,0.0,0.0,0.0,0.0,1,1630,0,0,0,0,0,0

STAR,NENA5C,05R,5
IF,NENAL,62.378333,130.513333, ,0.0,0.0,2,12000,0,0,0,0,0,0
TF,EE020,62.169583,130.331750,0, ,0.0,0.0,0.0,0.0,0,0,0,0,0,0,0,0
TF,EE022,62.048111,130.068528,0, ,0.0,0.0,0.0,0.0,2,12000,0,0,0,0,0,0
TF,EE001,61.864472,129.676556,0, ,0.0,0.0,0.0,0.0,4,6000,3610,0,0,0,0,0

STAR,NENA5D,23L,5
IF,NENAL,62.378333,130.513333, ,0.0,0.0,4,10000,8000,0,0,0,0,0
TF,EE012,62.307028,130.119028,0, ,0.0,0.0,0.0,0.0,4,5000,2620,0,0,0,0,0

STAR,NIBE5C,05R,5
IF,NIBES,62.360556,129.001111, ,0.0,0.0,4,9000,7000,0,0,0,0,0
TF,EE027,62.213361,128.968444,0, ,0.0,0.0,0.0,0.0,0,0,0,0,0,0,0,0
TF,EE026,62.097389,129.031667,0, ,0.0,0.0,0.0,0.0,0,0,0,0,0,0,0,0
TF,EE003,61.985139,129.335556,0, ,0.0,0.0,0.0,0.0,4,6000,3610,0,0,0,0,0

STAR,NIBE5D,23L,5
IF,NIBES,62.360556,129.001111, ,0.0,0.0,4,11000,7000,0,0,0,0,0
TF,EE049,62.297389,129.219722,0, ,0.0,0.0,0.0,0.0,0,0,0,0,0,0,0,0
TF,EE011,62.286972,129.816833,0, ,0.0,0.0,0.0,0.0,4,5000,2620,0,0,0,0,0

STAR,OGLI2A,05R,2
IF,OGLIS,61.648333,129.900000, ,0.0,0.0,2,7000,0,0,0,0,0,0
TF,D229L,61.931667,129.556667,0, ,0.0,0.0,0.0,0.0,1,2620,0,0,0,0,0,1
CF,FN05R,61.990000,129.610000,0,UTS,233.8,7.9,52.0,3.0,1,2620,0,0,0,0,0,0

STAR,OGLI4A,23L,2
IF,OGLIS,61.648333,129.900000, ,0.0,0.0,2,7000,0,0,0,0,0,0
TF,D073K,62.186667,130.111667,0, ,0.0,0.0,0.0,0.0,1,1630,0,0,0,0,0,1
CF,D053I,62.206667,129.976667,1,UTS,53.1,8.7,277.0,2.0,1,1630,0,0,0,0,0,1
CF,CF23L,62.174456,129.904911,0,UTS,49.4,6.0,232.0,2.0,1,1630,0,0,0,0,0,0

STAR,OGLI5C,05R,5
IF,OGLIS,61.648333,129.900000, ,0.0,0.0,4,10000,8000,0,0,0,0,0
TF,EE024,61.756444,129.788667,0, ,0.0,0.0,0.0,0.0,0,0,0,0,0,0,0,0
TF,EE001,61.864472,129.676556,0, ,0.0,0.0,0.0,0.0,4,6000,3610,0,0,0,0,0

STAR,OGLI5D,23L,5
IF,OGLIS,61.648333,129.900000, ,0.0,0.0,2,12000,0,0,0,0,0,0
TF,EE075,61.972972,129.849639,0, ,0.0,0.0,0.0,0.0,1,12000,0,0,0,0,0,0
TF,EE013,62.166278,130.161250,0, ,0.0,0.0,0.0,0.0,4,5000,2620,0,0,0,0,0

STAR,OKSI2A,05R,2
IF,OKSIN,61.895000,128.916667, ,0.0,0.0,2,7000,0,0,0,0,0,0
TF,D238K,61.955000,129.508333,0, ,0.0,0.0,0.0,0.0,1,2620,0,0,0,0,0,1
CF,FN05R,61.990000,129.610000,0,UTS,233.8,7.9,52.0,2.0,1,2620,0,0,0,0,0,0

STAR,OKSI4A,23L,2
IF,OKSIN,61.895000,128.916667, ,0.0,0.0,2,7000,0,0,0,0,0,0
TF,D031K,62.270000,129.893333,0, ,0.0,0.0,0.0,0.0,1,2620,0,0,0,0,0,1
CF,D047J,62.235000,129.971667,2,UTS,46.5,10.1,187.0,2.0,1,2620,0,0,0,0,0,1
CF,CF23L,62.174456,129.904911,0,UTS,49.4,6.0,232.0,3.0,1,1630,0,0,0,0,0,0

STAR,OKSI4B,23L,2
IF,OKSIN,61.895000,128.916667, ,0.0,0.0,2,7000,0,0,0,0,0,0
TF,BS,62.235278,129.816667,0, ,0.0,0.0,0.0,0.0,0,0,0,0,0,0,0,0
TF,D027E,62.208333,129.873333,0, ,0.0,0.0,0.0,0.0,1,1630,0,0,0,0,0,1
CF,CF23L,62.174456,129.904911,0,UTS,49.4,6.0,232.0,1.0,1,1630,0,0,0,0,0,0

STAR,OKSI5C,05R,5
IF,OKSIN,61.895000,128.916667, ,0.0,0.0,4,9000,7000,0,0,0,0,0
TF,EE003,61.985139,129.335556,0, ,0.0,0.0,0.0,0.0,4,6000,3610,0,0,0,0,0

STAR,OKSI5D,23L,5
IF,OKSIN,61.895000,128.916667, ,0.0,0.0,2,11000,0,0,0,0,0,0
TF,EE047,62.003306,129.364500,0, ,0.0,0.0,0.0,0.0,0,0,0,0,0,0,0,0
TF,EE046,62.110861,129.534722,0, ,0.0,0.0,0.0,0.0,1,11000,0,0,0,0,0,0
TF,EE011,62.286972,129.816833,0, ,0.0,0.0,0.0,0.0,4,5000,2620,0,0,0,0,0

STAR,OKTU2A,05R,2
IF,OKTUR,61.831667,130.543333, ,0.0,0.0,2,7000,0,0,0,0,0,0
TF,D216L,61.905000,129.631667,0, ,0.0,0.0,0.0,0.0,1,2620,0,0,0,0,0,0
TF,D226L,61.925000,129.571667,0, ,0.0,0.0,0.0,0.0,1,2620,0,0,0,0,0,1
CF,FN05R,61.990000,129.610000,2,UTS,233.8,7.9,52.0,2.0,1,2620,0,0,0,0,0,0

STAR,OKTU4A,23L,2
IF,OKTUR,61.831667,130.543333, ,0.0,0.0,2,7000,0,0,0,0,0,0
TF,D073K,62.186667,130.111667,0, ,0.0,0.0,0.0,0.0,1,1630,0,0,0,0,0,1
CF,D053I,62.206667,129.976667,0,UTS,53.1,8.7,277.0,3.0,1,1630,0,0,0,0,0,1
CF,CF23L,62.174456,129.904911,0,UTS,49.4,6.0,232.0,2.0,1,1630,0,0,0,0,0,0

STAR,OKTU5C,05R,5
IF,OKTUR,61.831667,130.543333, ,0.0,0.0,2,12000,0,0,0,0,0,0
TF,EE023,61.807389,130.294889,0, ,0.0,0.0,0.0,0.0,3,9000,0,0,0,0,0,0
TF,EE024,61.756444,129.788667,0, ,0.0,0.0,0.0,0.0,0,0,0,0,0,0,0,0
TF,EE001,61.864472,129.676556,0, ,0.0,0.0,0.0,0.0,4,6000,3610,0,0,0,0,0

STAR,OKTU5D,23L,5
IF,OKTUR,61.831667,130.543333, ,0.0,0.0,4,10000,8000,0,0,0,0,0
TF,EE045,61.910833,130.453778,0, ,0.0,0.0,0.0,0.0,3,9000,0,0,0,0,0,0
TF,EE013,62.166278,130.161250,0, ,0.0,0.0,0.0,0.0,4,5000,2620,0,0,0,0,0

STAR,REDK2A,05R,2
IF,REDKA,62.301667,128.920000, ,0.0,0.0,2,7000,0,0,0,0,0,0
TF,D242L,61.958333,129.480000,0, ,0.0,0.0,0.0,0.0,1,2620,0,0,0,0,0,1
CF,FN05R,61.990000,129.610000,1,UTS,233.8,7.9,52.0,2.0,1,2620,0,0,0,0,0,0

STAR,REDK4A,23L,2
IF,REDKA,62.301667,128.920000, ,0.0,0.0,2,7000,0,0,0,0,0,0
TF,D033L,62.273333,129.911667,0, ,0.0,0.0,0.0,0.0,1,2620,0,0,0,0,0,1
CF,D047J,62.235000,129.971667,0,UTS,46.5,10.1,187.0,2.0,1,2620,0,0,0,0,0,1
CF,CF23L,62.174456,129.904911,0,UTS,49.4,6.0,232.0,3.0,1,1630,0,0,0,0,0,0

STAR,REDK4B,23L,2
IF,REDKA,62.301667,128.920000, ,0.0,0.0,2,7000,0,0,0,0,0,0
TF,BS,62.235278,129.816667,0, ,0.0,0.0,0.0,0.0,0,0,0,0,0,0,0,0
TF,D027E,62.208333,129.873333,0, ,0.0,0.0,0.0,0.0,1,1630,0,0,0,0,0,1
CF,CF23L,62.174456,129.904911,0,UTS,49.4,6.0,232.0,1.0,1,1630,0,0,0,0,0,0

STAR,REDK5C,05R,5
IF,REDKA,62.301667,128.920000, ,0.0,0.0,4,9000,7000,0,0,0,0,0
TF,EE027,62.213361,128.968444,0, ,0.0,0.0,0.0,0.0,0,0,0,0,0,0,0,0
TF,EE026,62.097389,129.031667,0, ,0.0,0.0,0.0,0.0,0,0,0,0,0,0,0,0
TF,EE003,61.985139,129.335556,0, ,0.0,0.0,0.0,0.0,4,6000,3610,0,0,0,0,0

STAR,REDK5D,23L,5
IF,REDKA,62.301667,128.920000, ,0.0,0.0,4,11000,7000,0,0,0,0,0
TF,EE049,62.297389,129.219722,0, ,0.0,0.0,0.0,0.0,0,0,0,0,0,0,0,0
TF,EE011,62.286972,129.816833,0, ,0.0,0.0,0.0,0.0,4,5000,2620,0,0,0,0,0

STAR,RUTI2A,05R,2
IF,RUTIK,62.056667,128.820000, ,0.0,0.0,2,7000,0,0,0,0,0,0
TF,D242L,61.958333,129.480000,0, ,0.0,0.0,0.0,0.0,1,2620,0,0,0,0,0,1
CF,FN05R,61.990000,129.610000,0,UTS,233.8,7.9,52.0,3.0,1,2620,0,0,0,0,0,0

STAR,RUTI4A,23L,2
IF,RUTIK,62.056667,128.820000, ,0.0,0.0,2,7000,0,0,0,0,0,0
TF,D031K,62.270000,129.893333,0, ,0.0,0.0,0.0,0.0,1,2620,0,0,0,0,0,1
CF,D047J,62.235000,129.971667,2,UTS,46.5,10.1,187.0,1.0,1,2620,0,0,0,0,0,1
CF,CF23L,62.174456,129.904911,0,UTS,49.4,6.0,232.0,3.0,1,1630,0,0,0,0,0,0

STAR,RUTI4B,23L,2
IF,RUTIK,62.056667,128.820000, ,0.0,0.0,2,7000,0,0,0,0,0,0
TF,BS,62.235278,129.816667,0, ,0.0,0.0,0.0,0.0,0,0,0,0,0,0,0,0
TF,D027E,62.208333,129.873333,0, ,0.0,0.0,0.0,0.0,1,1630,0,0,0,0,0,1
CF,CF23L,62.174456,129.904911,0,UTS,49.4,6.0,232.0,1.0,1,1630,0,0,0,0,0,0

STAR,RUTI5C,05R,5
IF,RUTIK,62.056667,128.820000, ,0.0,0.0,4,9000,7000,0,0,0,0,0
TF,EE025,61.973750,129.100694,0, ,0.0,0.0,0.0,0.0,0,0,0,0,0,0,0,0
TF,EE003,61.985139,129.335556,0, ,0.0,0.0,0.0,0.0,4,6000,3610,0,0,0,0,0

STAR,RUTI5D,23L,5
IF,RUTIK,62.056667,128.820000, ,0.0,0.0,2,11000,0,0,0,0,0,0
TF,EE048,61.982722,129.112083,0, ,0.0,0.0,0.0,0.0,0,0,0,0,0,0,0,0
TF,EE047,62.003306,129.364500,0, ,0.0,0.0,0.0,0.0,0,0,0,0,0,0,0,0
TF,EE046,62.110861,129.534722,0, ,0.0,0.0,0.0,0.0,1,11000,0,0,0,0,0,0
TF,EE011,62.286972,129.816833,0, ,0.0,0.0,0.0,0.0,4,5000,2620,0,0,0,0,0

STAR,SORI2A,05R,2
IF,SORIP,62.526667,130.008333, ,0.0,0.0,2,7000,0,0,0,0,0,0
TF,V,62.073667,129.743528,0, ,0.0,0.0,0.0,0.0,1,2620,0,0,0,0,0,0
TF,D212K,61.918333,129.671667,0, ,0.0,0.0,0.0,0.0,1,2620,0,0,0,0,0,1
CF,D226L,61.925000,129.571667,2,UTS,226.0,11.7,322.0,2.0,1,2620,0,0,0,0,0,1
CF,FN05R,61.990000,129.610000,0,UTS,233.8,7.9,52.0,3.0,1,2620,0,0,0,0,0,0

STAR,SORI4A,23L,2
IF,SORIP,62.526667,130.008333, ,0.0,0.0,2,7000,0,0,0,0,0,0
TF,D047J,62.235000,129.971667,0, ,0.0,0.0,0.0,0.0,1,2620,0,0,0,0,0,1
CF,CF23L,62.174456,129.904911,0,UTS,49.4,6.0,232.0,3.0,1,1630,0,0,0,0,0,0

STAR,SORI5C,05R,5
IF,SORIP,62.526667,130.008333, ,0.0,0.0,2,12000,0,0,0,0,0,0
TF,EE018,62.402056,129.851000,0, ,0.0,0.0,0.0,0.0,0,0,0,0,0,0,0,0
TF,EE017,62.299250,129.722333,0, ,0.0,0.0,0.0,0.0,0,0,0,0,0,0,0,0
TF,EE016,62.182194,129.577083,0, ,0.0,0.0,0.0,0.0,2,12000,0,0,0,0,0,0
TF,EE003,61.985139,129.335556,0, ,0.0,0.0,0.0,0.0,4,6000,3610,0,0,0,0,0

STAR,SORI5D,23L,5
IF,SORIP,62.526667,130.008333, ,0.0,0.0,4,10000,8000,0,0,0,0,0
TF,EE041,62.401917,130.071417,0, ,0.0,0.0,0.0,0.0,0,0,0,0,0,0,0,0
TF,EE012,62.307028,130.119028,0, ,0.0,0.0,0.0,0.0,4,5000,2620,0,0,0,0,0

STAR,TEGM2A,05R,2
IF,TEGMA,62.486667,129.308333, ,0.0,0.0,2,7000,0,0,0,0,0,0
TF,V,62.073667,129.743528,0, ,0.0,0.0,0.0,0.0,1,2620,0,0,0,0,0,0
TF,D212K,61.918333,129.671667,0, ,0.0,0.0,0.0,0.0,1,2620,0,0,0,0,0,1
CF,D226L,61.925000,129.571667,2,UTS,226.0,11.7,322.0,2.0,1,2620,0,0,0,0,0,1
CF,FN05R,61.990000,129.610000,0,UTS,233.8,7.9,52.0,3.0,1,2620,0,0,0,0,0,0

STAR,TEGM4A,23L,2
IF,TEGMA,62.486667,129.308333, ,0.0,0.0,2,7000,0,0,0,0,0,0
TF,D039L,62.268333,129.950000,0, ,0.0,0.0,0.0,0.0,1,2620,0,0,0,0,0,1
CF,D047J,62.235000,129.971667,0,UTS,46.5,10.1,187.0,2.0,1,2620,0,0,0,0,0,1
CF,CF23L,62.174456,129.904911,0,UTS,49.4,6.0,232.0,3.0,1,1630,0,0,0,0,0,0

STAR,TEGM4B,23L,2
IF,TEGMA,62.486667,129.308333, ,0.0,0.0,2,7000,0,0,0,0,0,0
TF,BS,62.235278,129.816667,0, ,0.0,0.0,0.0,0.0,0,0,0,0,0,0,0,0
TF,D027E,62.208333,129.873333,0, ,0.0,0.0,0.0,0.0,1,1630,0,0,0,0,0,1
CF,CF23L,62.174456,129.904911,0,UTS,49.4,6.0,232.0,1.0,1,1630,0,0,0,0,0,0

STAR,TEGM5C,05R,5
IF,TEGMA,62.486667,129.308333, ,0.0,0.0,2,13000,0,0,0,0,0,0
TF,EE015,62.301028,129.472889,0, ,0.0,0.0,0.0,0.0,2,13000,0,0,0,0,0,0
TF,EE016,62.182194,129.577083,0, ,0.0,0.0,0.0,0.0,2,12000,0,0,0,0,0,0
TF,EE003,61.985139,129.335556,0, ,0.0,0.0,0.0,0.0,4,6000,3610,0,0,0,0,0

STAR,TEGM5D,23L,5
IF,TEGMA,62.486667,129.308333, ,0.0,0.0,4,11000,7000,0,0,0,0,0
TF,EE011,62.286972,129.816833,0, ,0.0,0.0,0.0,0.0,4,5000,2620,0,0,0,0,0

STAR,TEKD2A,05R,2
IF,TEKDI,62.495000,130.180000, ,0.0,0.0,2,7000,0,0,0,0,0,0
TF,V,62.073667,129.743528,0, ,0.0,0.0,0.0,0.0,1,2620,0,0,0,0,0,0
TF,D212K,61.918333,129.671667,0, ,0.0,0.0,0.0,0.0,1,2620,0,0,0,0,0,1
CF,D226L,61.925000,129.571667,2,UTS,226.0,11.7,322.0,2.0,1,2620,0,0,0,0,0,1
CF,FN05R,61.990000,129.610000,0,UTS,233.8,7.9,52.0,3.0,1,2620,0,0,0,0,0,0

STAR,TEKD4A,23L,2
IF,TEKDI,62.495000,130.180000, ,0.0,0.0,2,7000,0,0,0,0,0,0
TF,D050I,62.211667,129.963333,0, ,0.0,0.0,0.0,0.0,1,2620,0,0,0,0,0,0
TF,CF23L,62.174456,129.904911,0, ,0.0,0.0,0.0,0.0,1,1630,0,0,0,0,0,0

STAR,TEKD5C,05R,5
IF,TEKDI,62.495000,130.180000, ,0.0,0.0,2,12000,0,0,0,0,0,0
TF,EE019,62.389222,130.016778,0, ,0.0,0.0,0.0,0.0,0,0,0,0,0,0,0,0
TF,EE017,62.299250,129.722333,0, ,0.0,0.0,0.0,0.0,0,0,0,0,0,0,0,0
TF,EE016,62.182194,129.577083,0, ,0.0,0.0,0.0,0.0,2,12000,0,0,0,0,0,0
TF,EE003,61.985139,129.335556,0, ,0.0,0.0,0.0,0.0,4,6000,3610,0,0,0,0,0

STAR,TEKD5D,23L,5
IF,TEKDI,62.495000,130.180000, ,0.0,0.0,4,10000,8000,0,0,0,0,0
TF,EE042,62.396278,130.147889,0, ,0.0,0.0,0.0,0.0,0,0,0,0,0,0,0,0
TF,EE012,62.307028,130.119028,0, ,0.0,0.0,0.0,0.0,4,5000,2620,0,0,0,0,0

STAR,TURO2A,05R,2
IF,TUROP,62.541667,129.811667, ,0.0,0.0,2,7000,0,0,0,0,0,0
TF,V,62.073667,129.743528,0, ,0.0,0.0,0.0,0.0,1,2620,0,0,0,0,0,0
TF,D212K,61.918333,129.671667,0, ,0.0,0.0,0.0,0.0,1,2620,0,0,0,0,0,1
CF,D226L,61.925000,129.571667,2,UTS,226.0,11.7,322.0,2.0,1,2620,0,0,0,0,0,1
CF,FN05R,61.990000,129.610000,0,UTS,233.8,7.9,52.0,3.0,1,2620,0,0,0,0,0,0

STAR,TURO4A,23L,2
IF,TUROP,62.541667,129.811667, ,0.0,0.0,2,7000,0,0,0,0,0,0
TF,D043K,62.258333,129.965000,0, ,0.0,0.0,0.0,0.0,1,2620,0,0,0,0,0,0
TF,D047J,62.235000,129.971667,0, ,0.0,0.0,0.0,0.0,1,2620,0,0,0,0,0,1
CF,CF23L,62.174456,129.904911,0,UTS,49.4,6.0,232.0,3.0,1,1630,0,0,0,0,0,0

STAR,TURO5C,05R,5
IF,TUROP,62.541667,129.811667, ,0.0,0.0,2,12000,0,0,0,0,0,0
TF,EE018,62.402056,129.851000,0, ,0.0,0.0,0.0,0.0,0,0,0,0,0,0,0,0
TF,EE017,62.299250,129.722333,0, ,0.0,0.0,0.0,0.0,0,0,0,0,0,0,0,0
TF,EE016,62.182194,129.577083,0, ,0.0,0.0,0.0,0.0,2,12000,0,0,0,0,0,0
TF,EE003,61.985139,129.335556,0, ,0.0,0.0,0.0,0.0,4,6000,3610,0,0,0,0,0

STAR,TURO5D,23L,5
IF,TUROP,62.541667,129.811667, ,0.0,0.0,4,10000,8000,0,0,0,0,0
TF,EE040,62.452083,129.771417,0, ,0.0,0.0,0.0,0.0,0,0,0,0,0,0,0,0
TF,EE011,62.286972,129.816833,0, ,0.0,0.0,0.0,0.0,4,5000,2620,0,0,0,0,0

FINAL,I23L,23L,I,3
IF,CF23L,62.174456,129.904911,IMF,51.8,7.6,1,1630,0,0,0,0,0,0
CF,FI23L,62.160119,129.882189,0,IMF,51.9,6.5,232.0,1.1,1,1630,0,0,0,0,2,0
CF,RW23L,62.106222,129.795611,0,IMF,51.9,2.4,232.0,4.1,1,368,0,0,0,0,3,0
CA,0,232.0,2,2290,0,0,0,0,0,0
VM,0,0,1,52.0,1,2620,0,0,0,0,0,0

APPTR,J05R,05R,EE001
IF,EE001,61.864472,129.676556, ,0.0,0.0,4,6000,3610,0,0,0,1,0
TF,EE004,61.924917,129.506389,0,G05A,0.0,0.0,0.0,0.0,2,3610,0,0,0,0,1,0

APPTR,J05R,05R,EE002
IF,EE002,61.844472,129.378694, ,0.0,0.0,4,6000,3610,0,0,0,1,0
TF,EE004,61.924917,129.506389,0,G05A,0.0,0.0,0.0,0.0,2,3610,0,0,0,0,1,0

APPTR,J05R,05R,EE003
IF,EE003,61.985139,129.335556, ,0.0,0.0,4,6000,3610,0,0,0,1,0
TF,EE004,61.924917,129.506389,0,G05A,0.0,0.0,0.0,0.0,2,3610,0,0,0,0,1,0

FINAL,J05R,05R,G,3
IF,EE004,61.924917,129.506389,G05A,0.0,0.0,2,3610,0,0,0,0,0,0
TF,EE070,61.993917,129.616444,0,G05A,0.0,0.0,52.0,5.2,1,2620,0,0,0,0,2,0
TF,RW05R,62.081833,129.756556,0,G05A,0.0,0.0,52.0,6.6,1,375,0,0,0,0,3,1
CA,0,52.0,2,1640,0,0,0,0,0,0
DF,EE008,61.931778,129.784444,2, ,0.0,0.0,0,0,0,0,0,0,0,0
TF,EE001,61.864472,129.676556,0, ,0.0,0.0,0.0,0.0,2,3610,0,0,0,0,0,0

APPTR,J23L,23L,EE011
IF,EE011,62.286972,129.816833, ,0.0,0.0,4,5000,2620,0,0,0,1,0
TF,EE014,62.226722,129.989389,0,G23A,0.0,0.0,0.0,0.0,2,2620,0,0,0,0,1,0

APPTR,J23L,23L,EE012
IF,EE012,62.307028,130.119028, ,0.0,0.0,4,5000,2620,0,0,0,1,0
TF,EE014,62.226722,129.989389,0,G23A,0.0,0.0,0.0,0.0,2,2620,0,0,0,0,1,0

APPTR,J23L,23L,EE013
IF,EE013,62.166278,130.161250, ,0.0,0.0,4,5000,2620,0,0,0,1,0
TF,EE014,62.226722,129.989389,0,G23A,0.0,0.0,0.0,0.0,2,2620,0,0,0,0,1,0

FINAL,J23L,23L,G,3
IF,EE014,62.226722,129.989389,G23A,0.0,0.0,2,2620,0,0,0,0,0,0
TF,EE071,62.158722,129.879944,0,G23A,0.0,0.0,232.0,5.1,1,1630,0,0,0,0,2,0
TF,RW23L,62.106222,129.795611,0,G23A,0.0,0.0,232.0,4.0,1,368,0,0,0,0,3,1
CA,0,232.0,2,1630,0,0,0,0,0,0
DF,EE072,62.104917,130.061750,1, ,0.0,0.0,0,0,0,1,225,0,0,0
TF,EE013,62.166278,130.161250,0, ,0.0,0.0,0.0,0.0,2,2620,0,0,0,0,0,0

FINAL,N05R,05R,N,3
IF,FN05R,61.990000,129.610000,VD,0.0,0.0,1,2630,0,0,0,0,2,0
CF,VD,62.053333,129.710917,0,VD,0.0,0.0,52.0,4.8,2,1100,0,0,0,0,0,0
CF,MN05R,62.066336,129.731722,0,VD,0.0,0.0,52.0,1.0,1,769,0,0,0,0,3,0
CA,0,52.0,2,990,0,0,0,0,0,0
VM,0,0,2,232.0,1,2630,0,0,0,0,0,0

FINAL,N23L,23L,N,4
IF,CF23L,62.174456,129.904911,MF,0.0,0.0,1,1630,0,0,0,0,0,0
CF,FN23L,62.160000,129.881667,0,MF,0.0,0.0,232.0,1.1,1,1630,0,0,0,0,2,0
CF,MF,62.134056,129.840778,0,MF,0.0,0.0,232.0,1.9,2,1040,0,0,0,0,0,0
CF,MN23L,62.118636,129.815292,0,MF,0.0,0.0,232.0,1.2,1,665,0,0,0,0,3,0
CA,0,232.0,2,2290,0,0,0,0,0,0
VM,0,0,1,52.0,1,2620,0,0,0,0,0,0

APPTR,R05R,05R,EE001
IF,EE001,61.864472,129.676556, ,0.0,0.0,4,6000,3610,0,0,0,1,0
TF,EE004,61.924917,129.506389,0, ,0.0,0.0,0.0,0.0,2,3610,0,0,0,0,1,0

APPTR,R05R,05R,EE002
IF,EE002,61.844472,129.378694, ,0.0,0.0,4,6000,3610,0,0,0,1,0
TF,EE004,61.924917,129.506389,0, ,0.0,0.0,0.0,0.0,2,3610,0,0,0,0,1,0

APPTR,R05R,05R,EE003
IF,EE003,61.985139,129.335556, ,0.0,0.0,4,6000,3610,0,0,0,1,0
TF,EE004,61.924917,129.506389,0, ,0.0,0.0,0.0,0.0,2,3610,0,0,0,0,1,0

FINAL,R05R,05R,R,4
IF,EE004,61.924917,129.506389, ,0.0,0.0,2,3610,0,0,0,0,0,0
TF,EE005,61.992417,129.613833,0, ,0.0,0.0,52.0,5.1,1,2620,0,0,0,0,2,0
TF,EE006,62.051167,129.707472,0, ,0.0,0.0,52.0,4.4,2,1150,0,0,0,0,0,0
TF,RW05R,62.081833,129.756556,0, ,0.0,0.0,52.0,2.3,1,372,0,0,0,0,3,1
CA,0,52.0,2,1640,0,0,0,0,0,0
DF,EE008,61.931778,129.784444,2, ,0.0,0.0,0,0,0,0,0,0,0,0
TF,EE001,61.864472,129.676556,0, ,0.0,0.0,0.0,0.0,2,3610,0,0,0,0,0,0

APPTR,R23L,23L,EE011
IF,EE011,62.286972,129.816833, ,0.0,0.0,4,5000,2620,0,0,0,1,0
TF,EE014,62.226722,129.989389,0, ,0.0,0.0,0.0,0.0,2,2620,0,0,0,0,1,0

APPTR,R23L,23L,EE012
IF,EE012,62.307028,130.119028, ,0.0,0.0,4,5000,2620,0,0,0,1,0
TF,EE014,62.226722,129.989389,0, ,0.0,0.0,0.0,0.0,2,2620,0,0,0,0,1,0

APPTR,R23L,23L,EE013
IF,EE013,62.166278,130.161250, ,0.0,0.0,4,5000,2620,0,0,0,1,0
TF,EE014,62.226722,129.989389,0, ,0.0,0.0,0.0,0.0,2,2620,0,0,0,0,1,0

FINAL,R23L,23L,R,4
IF,EE014,62.226722,129.989389, ,0.0,0.0,2,2620,0,0,0,0,0,0
TF,EE063,62.159333,129.880861,0, ,0.0,0.0,232.0,5.1,1,1630,0,0,0,0,2,0
TF,EE076,62.139028,129.848250,0, ,0.0,0.0,232.0,1.5,2,1160,0,0,0,0,0,0
TF,EE064,62.118639,129.815528,0, ,0.0,0.0,232.0,1.5,1,666,0,0,0,0,3,1
CA,0,232.0,2,1630,0,0,0,0,0,0
DF,EE073,62.114806,130.077778,1, ,0.0,0.0,0,0,0,1,225,0,0,0
TF,EE013,62.166278,130.161250,0, ,0.0,0.0,0.0,0.0,2,2620,0,0,0,0,0,0

