SID,ABRER1,07,2
CA,0,67.0,2,1780,0,0,0,0,0,0
CF,D308P,62.657778,113.519444,1,DEM,308.0,15.6,287.0,15.0,2,5000,0,0,0,0,0,0
TF,ABRER,62.820000,112.821667,0, ,0.0,0.0,0.0,0.0,0,0,0,0,0,0,0,0

SID,ABRER3,25,2
CA,0,247.0,2,1820,0,0,0,0,0,0
CF,D308P,62.657778,113.519444,0,DEM,308.0,15.6,322.0,14.0,2,5000,0,0,0,0,0,0
TF,ABRER,62.820000,112.821667,0, ,0.0,0.0,0.0,0.0,0,0,0,0,0,0,0,0

SID,BANED1,07,2
CA,0,67.0,2,1780,0,0,0,0,0,0
CF,D079Q,62.642222,114.573889,0,DEM,79.1,16.5,79.0,15.0,2,5000,0,0,0,0,0,0
TF,BANED,62.782500,115.293611,0, ,0.0,0.0,0.0,0.0,0,0,0,0,0,0,0,0

SID,BANED3,25,2
CA,0,247.0,2,1820,0,0,0,0,0,0
CF,D079Q,62.642222,114.573889,1,DEM,79.1,16.5,63.0,18.0,2,5000,0,0,0,0,0,0
TF,BANED,62.782500,115.293611,0, ,0.0,0.0,0.0,0.0,0,0,0,0,0,0,0,0

SID,BELUB1,07,2
CA,0,67.0,2,1780,0,0,0,0,0,0
CF,D203P,62.274167,113.895278,2,DEM,203.4,16.4,221.0,17.0,2,5000,0,0,0,0,0,0
TF,BELUB,61.925833,113.708056,0, ,0.0,0.0,0.0,0.0,0,0,0,0,0,0,0,0

SID,BELUB3,25,2
CA,0,247.0,2,1820,0,0,0,0,0,0
VI,0, ,0.0,220.0,0,0,0,0,0,0,0,0
CF,D203P,62.274167,113.895278,0,DEM,203.4,16.4,190.0,12.0,2,5000,0,0,0,0,0,0
TF,BELUB,61.925833,113.708056,0, ,0.0,0.0,0.0,0.0,0,0,0,0,0,0,0,0

SID,GIPOT1,07,2
CA,0,67.0,2,1780,0,0,0,0,0,0
CF,D224P,62.315556,113.702222,2,DEM,224.4,16.2,238.0,18.0,2,5000,0,0,0,0,0,0
TF,GIPOT,62.020556,113.258889,0, ,0.0,0.0,0.0,0.0,0,0,0,0,0,0,0,0

SID,GIPOT3,25,2
CA,0,247.0,2,1820,0,0,0,0,0,0
CF,D224P,62.315556,113.702222,0,DEM,224.4,16.2,218.0,13.0,2,5000,0,0,0,0,0,0
TF,GIPOT,62.020556,113.258889,0, ,0.0,0.0,0.0,0.0,0,0,0,0,0,0,0,0

SID,GODUN1,07,2
CA,0,67.0,2,1780,0,0,0,0,0,0
CF,D112Q,62.487222,114.612222,0,DEM,111.9,16.8,119.0,14.0,2,5000,0,0,0,0,0,0
TF,GODUN,62.420000,115.373333,0, ,0.0,0.0,0.0,0.0,0,0,0,0,0,0,0,0

SID,GODUN3,25,2
CA,0,247.0,2,1820,0,0,0,0,0,0
CF,D112Q,62.487222,114.612222,1,DEM,111.9,16.8,90.0,16.0,2,5000,0,0,0,0,0,0
TF,GODUN,62.420000,115.373333,0, ,0.0,0.0,0.0,0.0,0,0,0,0,0,0,0,0

SID,NANAT1,07,2
CA,0,67.0,2,1780,0,0,0,0,0,0
CF,D133Q,62.391389,114.530833,0,DEM,133.2,16.8,148.0,14.0,2,5000,0,0,0,0,0,0
TF,NANAT,62.196944,115.178889,0, ,0.0,0.0,0.0,0.0,0,0,0,0,0,0,0,0

SID,NANAT3,25,2
CA,0,247.0,2,1820,0,0,0,0,0,0
CF,D133Q,62.391389,114.530833,1,DEM,133.2,16.8,112.0,15.0,2,5000,0,0,0,0,0,0
TF,NANAT,62.196944,115.178889,0, ,0.0,0.0,0.0,0.0,0,0,0,0,0,0,0,0

SID,NUSPO1,07,2
CA,0,67.0,2,1780,0,0,0,0,0,0
CF,D258P,62.435556,113.498333,2,DEM,257.6,15.9,267.0,19.0,2,5000,0,0,0,0,0,0
TF,NUSPO,62.306111,112.777222,0, ,0.0,0.0,0.0,0.0,0,0,0,0,0,0,0,0

SID,NUSPO3,25,2
CA,0,247.0,2,1820,0,0,0,0,0,0
CF,D258P,62.435556,113.498333,0,DEM,257.6,15.9,261.0,14.0,2,5000,0,0,0,0,0,0
TF,NUSPO,62.306111,112.777222,0, ,0.0,0.0,0.0,0.0,0,0,0,0,0,0,0,0

SID,OTSEK1,07,2
CA,0,67.0,2,1780,0,0,0,0,0,0
VI,0, ,0.0,25.0,0,0,0,0,0,0,0,0
CF,D001P,62.797778,113.915833,0,DEM,0.4,15.7,340.0,14.0,2,5000,0,0,0,0,0,0
TF,OTSEK,63.148333,113.746944,0, ,0.0,0.0,0.0,0.0,0,0,0,0,0,0,0,0

SID,OTSEK3,25,2
CA,0,247.0,2,1820,0,0,0,0,0,0
CF,D001P,62.797778,113.915833,2,DEM,0.4,15.7,17.0,15.0,2,5000,0,0,0,0,0,0
TF,OTSEK,63.148333,113.746944,0, ,0.0,0.0,0.0,0.0,0,0,0,0,0,0,0,0

SID,PIMIR1,07,2
CA,0,67.0,2,1780,0,0,0,0,0,0
VI,0, ,0.0,27.0,0,0,0,0,0,0,0,0
CF,D007P,62.802222,113.975556,0,DEM,6.5,15.8,342.0,12.0,2,5000,0,0,0,0,0,0
TF,PIMIR,63.159167,113.889722,0, ,0.0,0.0,0.0,0.0,0,0,0,0,0,0,0,0

SID,PIMIR3,25,2
CA,0,247.0,2,1820,0,0,0,0,0,0
CF,D007P,62.802222,113.975556,2,DEM,6.5,15.8,23.0,15.0,2,5000,0,0,0,0,0,0
TF,PIMIR,63.159167,113.889722,0, ,0.0,0.0,0.0,0.0,0,0,0,0,0,0,0,0

SID,REPKI1,07,2
CA,0,67.0,2,1780,0,0,0,0,0,0
CF,D178Q,62.270833,114.153056,2,DEM,178.2,16.7,197.0,15.0,2,5000,0,0,0,0,0,0
TF,REPKI,61.918889,114.302778,0, ,0.0,0.0,0.0,0.0,0,0,0,0,0,0,0,0

SID,REPKI3,25,2
CA,0,247.0,2,1820,0,0,0,0,0,0
VI,0, ,0.0,205.0,0,0,0,0,0,0,0,0
CF,D178Q,62.270833,114.153056,0,DEM,178.2,16.7,160.0,14.0,2,5000,0,0,0,0,0,0
TF,REPKI,61.918889,114.302778,0, ,0.0,0.0,0.0,0.0,0,0,0,0,0,0,0,0

SID,RISIL1,07,2
CA,0,67.0,2,1780,0,0,0,0,0,0
CF,D099Q,62.549444,114.621111,0,DEM,99.0,16.7,104.0,13.0,2,5000,0,0,0,0,0,0
TF,RISIL,62.569167,115.397500,0, ,0.0,0.0,0.0,0.0,0,0,0,0,0,0,0,0

SID,RISIL3,25,2
CA,0,247.0,2,1820,0,0,0,0,0,0
CF,D099Q,62.549444,114.621111,1,DEM,99.0,16.7,80.0,17.0,2,5000,0,0,0,0,0,0
TF,RISIL,62.569167,115.397500,0, ,0.0,0.0,0.0,0.0,0,0,0,0,0,0,0,0

SID,SUKUK1,07,2
CA,0,67.0,2,1780,0,0,0,0,0,0
CF,D241P,62.368056,113.583056,2,DEM,240.7,16.0,252.0,18.0,2,5000,0,0,0,0,0,0
TF,SUKUK,62.146389,112.976944,0, ,0.0,0.0,0.0,0.0,0,0,0,0,0,0,0,0

SID,SUKUK3,25,2
CA,0,247.0,2,1820,0,0,0,0,0,0
CF,D241P,62.368056,113.583056,0,DEM,240.7,16.0,239.0,14.0,2,5000,0,0,0,0,0,0
TF,SUKUK,62.146389,112.976944,0, ,0.0,0.0,0.0,0.0,0,0,0,0,0,0,0,0

SID,UNLIP1,07,2
CA,0,67.0,2,1780,0,0,0,0,0,0
CF,D290P,62.579722,113.463889,1,DEM,289.8,15.6,273.0,17.0,2,5000,0,0,0,0,0,0
TF,UNLIP,62.640278,112.696111,0, ,0.0,0.0,0.0,0.0,0,0,0,0,0,0,0,0

SID,UNLIP3,25,2
CA,0,247.0,2,1820,0,0,0,0,0,0
CF,D290P,62.579722,113.463889,0,DEM,289.8,15.6,301.0,14.0,2,5000,0,0,0,0,0,0
TF,UNLIP,62.640278,112.696111,0, ,0.0,0.0,0.0,0.0,0,0,0,0,0,0,0,0

STAR,ABRER2,07,2
IF,ABRER,62.820000,112.821667, ,0.0,0.0,0,0,0,0,0,0,0,0
TF,D308P,62.657778,113.519444,0, ,0.0,0.0,0.0,0.0,2,5000,0,0,0,0,0,0
TF,D262J,62.485000,113.680000,0, ,0.0,0.0,0.0,0.0,1,2770,0,0,0,0,0,1
CF,D246H,62.466667,113.791667,0,DEM,246.0,7.8,112.0,2.0,1,2770,0,0,0,0,0,1
CF,FQ07,62.484444,113.878611,0,DEM,240.3,5.2,67.0,2.0,1,2440,0,0,0,0,0,0

STAR,ABRER4,25,2
IF,ABRER,62.820000,112.821667, ,0.0,0.0,0,0,0,0,0,0,0,0
TF,D308P,62.657778,113.519444,0, ,0.0,0.0,0.0,0.0,2,5000,0,0,0,0,0,0
TF,D046J,62.671667,114.218333,0, ,0.0,0.0,0.0,0.0,1,2800,0,0,0,0,0,1
CF,D065H,62.620000,114.253333,2,DEM,64.6,8.0,202.0,2.0,0,0,0,0,0,0,0,1
CF,CF25,62.589631,114.215736,0,DEM,72.6,6.2,247.0,1.0,1,2470,0,0,0,0,0,0

STAR,ABRER6,07,2
IF,ABRER,62.820000,112.821667, ,0.0,0.0,2,6000,0,0,0,0,0,0
TF,D308P,62.657778,113.519444,0, ,0.0,0.0,0.0,0.0,0,0,0,0,0,0,0,0
TF,NZ,62.509972,113.959278,0, ,0.0,0.0,0.0,0.0,0,0,0,0,0,0,0,1
CI,0, ,0.0,157.0,0,0,0,0,0,0,0,0
CF,D221J,62.400000,113.846667,0,DEM,220.8,9.8,247.0,8.0,1,2770,0,0,0,0,0,1
CF,D239H,62.453333,113.813611,2,DEM,238.6,7.8,22.0,3.0,1,2440,0,0,0,0,0,1
CF,FQ07,62.484444,113.878611,0,DEM,240.3,5.2,67.0,2.0,1,2440,0,0,0,0,0,0

STAR,ABRER8,25,2
IF,ABRER,62.820000,112.821667, ,0.0,0.0,2,6000,0,0,0,0,0,0
TF,D308P,62.657778,113.519444,0, ,0.0,0.0,0.0,0.0,0,0,0,0,0,0,0,0
TF,SG,62.562111,114.127917,0, ,0.0,0.0,0.0,0.0,0,0,0,0,0,0,0,0
TF,D095I,62.557222,114.340833,0, ,0.0,0.0,0.0,0.0,1,2800,0,0,0,0,0,1
CF,D076H,62.595000,114.271667,1,DEM,75.9,7.7,292.0,3.0,1,2470,0,0,0,0,0,1
CF,CF25,62.589631,114.215736,0,DEM,72.6,6.2,247.0,1.0,1,2470,0,0,0,0,0,0

STAR,BANED2,07,2
IF,BANED,62.782500,115.293611, ,0.0,0.0,0,0,0,0,0,0,0,0
TF,D079Q,62.642222,114.573889,0, ,0.0,0.0,0.0,0.0,2,5000,0,0,0,0,0,0
TF,D186E,62.458056,114.036111,0, ,0.0,0.0,0.0,0.0,1,2770,0,0,0,0,0,0
TF,D221J,62.400000,113.846667,0, ,0.0,0.0,0.0,0.0,1,2770,0,0,0,0,0,1
CF,D239H,62.453333,113.813611,2,DEM,238.6,7.8,22.0,3.0,1,2440,0,0,0,0,0,1
CF,FQ07,62.484444,113.878611,0,DEM,240.3,5.2,67.0,2.0,1,2440,0,0,0,0,0,0

STAR,BANED4,25,2
IF,BANED,62.782500,115.293611, ,0.0,0.0,0,0,0,0,0,0,0,0
TF,D079Q,62.642222,114.573889,0, ,0.0,0.0,0.0,0.0,2,5000,0,0,0,0,0,0
TF,D073G,62.593333,114.231667,0, ,0.0,0.0,0.0,0.0,1,2470,0,0,0,0,0,0
CF,CF25,62.589631,114.215736,0,DEM,72.6,6.2,247.0,1.0,1,2470,0,0,0,0,0,0

STAR,BANED6,07,2
IF,BANED,62.782500,115.293611, ,0.0,0.0,2,6000,0,0,0,0,0,0
TF,D079Q,62.642222,114.573889,0, ,0.0,0.0,0.0,0.0,0,0,0,0,0,0,0,0
TF,NZ,62.509972,113.959278,0, ,0.0,0.0,0.0,0.0,0,0,0,0,0,0,0,0
TF,D219I,62.407500,113.866389,0, ,0.0,0.0,0.0,0.0,1,2770,0,0,0,0,0,1
CF,D239H,62.453333,113.813611,2,DEM,238.6,7.8,22.0,3.0,1,2440,0,0,0,0,0,1
CF,FQ07,62.484444,113.878611,0,DEM,240.3,5.2,67.0,2.0,1,2440,0,0,0,0,0,0

STAR,BANED8,25,2
IF,BANED,62.782500,115.293611, ,0.0,0.0,2,6000,0,0,0,0,0,0
TF,D079Q,62.642222,114.573889,0, ,0.0,0.0,0.0,0.0,0,0,0,0,0,0,0,0
TF,SG,62.562111,114.127917,0, ,0.0,0.0,0.0,0.0,0,0,0,0,0,0,0,0
TF,DER25,62.527664,114.016367,0, ,0.0,0.0,0.0,0.0,0,0,0,0,0,0,0,1
CF,D095J,62.558333,114.360000,1,DEM,94.6,9.5,67.0,9.0,1,2800,0,0,0,0,0,1
CF,D076H,62.595000,114.271667,1,DEM,75.9,7.7,292.0,3.0,1,2470,0,0,0,0,0,1
CF,CF25,62.589631,114.215736,0,DEM,72.6,6.2,247.0,1.0,1,2470,0,0,0,0,0,0

STAR,BELUB2,07,2
IF,BELUB,61.925833,113.708056, ,0.0,0.0,0,0,0,0,0,0,0,0
TF,D203P,62.274167,113.895278,0, ,0.0,0.0,0.0,0.0,2,5000,0,0,0,0,0,0
TF,D229J,62.408333,113.796667,0, ,0.0,0.0,0.0,0.0,1,2770,0,0,0,0,0,0
TF,D239H,62.453333,113.813611,0, ,0.0,0.0,0.0,0.0,1,2440,0,0,0,0,0,1
CF,FQ07,62.484444,113.878611,0,DEM,240.3,5.2,67.0,2.0,1,2440,0,0,0,0,0,0

STAR,BELUB4,25,2
IF,BELUB,61.925833,113.708056, ,0.0,0.0,0,0,0,0,0,0,0,0
TF,D203P,62.274167,113.895278,0, ,0.0,0.0,0.0,0.0,2,5000,0,0,0,0,0,0
TF,D095J,62.558333,114.360000,0, ,0.0,0.0,0.0,0.0,1,2800,0,0,0,0,0,1
CF,D076H,62.595000,114.271667,1,DEM,75.9,7.7,292.0,2.0,1,2470,0,0,0,0,0,1
CF,CF25,62.589631,114.215736,0,DEM,72.6,6.2,247.0,1.0,1,2470,0,0,0,0,0,0

STAR,BELUB6,07,2
IF,BELUB,61.925833,113.708056, ,0.0,0.0,2,6000,0,0,0,0,0,0
TF,D203P,62.274167,113.895278,0, ,0.0,0.0,0.0,0.0,0,0,0,0,0,0,0,0
TF,NZ,62.509972,113.959278,0, ,0.0,0.0,0.0,0.0,0,0,0,0,0,0,0,1
CI,2, ,0.0,157.0,0,0,0,0,0,0,0,0
CF,D221J,62.400000,113.846667,0,DEM,220.8,9.8,247.0,10.0,1,2770,0,0,0,0,0,1
CF,D239H,62.453333,113.813611,2,DEM,238.6,7.8,22.0,3.0,1,2440,0,0,0,0,0,1
CF,FQ07,62.484444,113.878611,0,DEM,240.3,5.2,67.0,2.0,1,2440,0,0,0,0,0,0

STAR,BELUB8,25,2
IF,BELUB,61.925833,113.708056, ,0.0,0.0,2,6000,0,0,0,0,0,0
TF,D203P,62.274167,113.895278,0, ,0.0,0.0,0.0,0.0,0,0,0,0,0,0,0,0
TF,SG,62.562111,114.127917,0, ,0.0,0.0,0.0,0.0,0,0,0,0,0,0,0,1
CI,1, ,0.0,157.0,0,0,0,0,0,0,0,0
CF,D095J,62.558333,114.360000,0,DEM,94.6,9.5,67.0,10.0,1,2800,0,0,0,0,0,1
CF,D076H,62.595000,114.271667,1,DEM,75.9,7.7,292.0,3.0,1,2470,0,0,0,0,0,1
CF,CF25,62.589631,114.215736,0,DEM,72.6,6.2,247.0,1.0,1,2470,0,0,0,0,0,0

STAR,GIPOT2,07,2
IF,GIPOT,62.020556,113.258889, ,0.0,0.0,0,0,0,0,0,0,0,0
TF,D224P,62.315556,113.702222,0, ,0.0,0.0,0.0,0.0,2,5000,0,0,0,0,0,0
TF,D239H,62.453333,113.813611,0, ,0.0,0.0,0.0,0.0,1,2440,0,0,0,0,0,1
CF,FQ07,62.484444,113.878611,0,DEM,240.3,5.2,67.0,2.0,1,2440,0,0,0,0,0,0

STAR,GIPOT4,25,2
IF,GIPOT,62.020556,113.258889, ,0.0,0.0,0,0,0,0,0,0,0,0
TF,D224P,62.315556,113.702222,0, ,0.0,0.0,0.0,0.0,2,5000,0,0,0,0,0,0
TF,D121E,62.510278,114.206111,0, ,0.0,0.0,0.0,0.0,1,2800,0,0,0,0,0,0
TF,D095J,62.558333,114.360000,0, ,0.0,0.0,0.0,0.0,1,2800,0,0,0,0,0,1
CF,D076H,62.595000,114.271667,1,DEM,75.9,7.7,292.0,3.0,1,2470,0,0,0,0,0,1
CF,CF25,62.589631,114.215736,0,DEM,72.6,6.2,247.0,1.0,1,2470,0,0,0,0,0,0

STAR,GIPOT6,07,2
IF,GIPOT,62.020556,113.258889, ,0.0,0.0,2,6000,0,0,0,0,0,0
TF,D224P,62.315556,113.702222,0, ,0.0,0.0,0.0,0.0,0,0,0,0,0,0,0,0
TF,NZ,62.509972,113.959278,0, ,0.0,0.0,0.0,0.0,0,0,0,0,0,0,0,1
TF,DER07,62.541664,114.061544,0, ,0.0,0.0,0.0,0.0,0,0,0,0,0,0,0,1
CF,D221J,62.400000,113.846667,2,DEM,220.8,9.8,247.0,10.0,1,2770,0,0,0,0,0,1
CF,D239H,62.453333,113.813611,2,DEM,238.6,7.8,22.0,3.0,1,2440,0,0,0,0,0,1
CF,FQ07,62.484444,113.878611,0,DEM,240.3,5.2,67.0,2.0,1,2440,0,0,0,0,0,0

STAR,GIPOT8,25,2
IF,GIPOT,62.020556,113.258889, ,0.0,0.0,2,6000,0,0,0,0,0,0
TF,D224P,62.315556,113.702222,0, ,0.0,0.0,0.0,0.0,0,0,0,0,0,0,0,0
TF,SG,62.562111,114.127917,0, ,0.0,0.0,0.0,0.0,0,0,0,0,0,0,0,0
TF,D095I,62.557222,114.340833,0, ,0.0,0.0,0.0,0.0,1,2800,0,0,0,0,0,1
CF,D076H,62.595000,114.271667,1,DEM,75.9,7.7,292.0,3.0,1,2470,0,0,0,0,0,1
CF,CF25,62.589631,114.215736,0,DEM,72.6,6.2,247.0,1.0,1,2470,0,0,0,0,0,0

STAR,GODUN2,07,2
IF,GODUN,62.420000,115.373333, ,0.0,0.0,0,0,0,0,0,0,0,0
TF,D112Q,62.487222,114.612222,0, ,0.0,0.0,0.0,0.0,2,5000,0,0,0,0,0,0
TF,D223J,62.398333,113.826667,0, ,0.0,0.0,0.0,0.0,1,2770,0,0,0,0,0,1
CF,D239H,62.453333,113.813611,2,DEM,238.6,7.8,22.0,3.0,1,2440,0,0,0,0,0,1
CF,FQ07,62.484444,113.878611,0,DEM,240.3,5.2,67.0,2.0,1,2440,0,0,0,0,0,0

STAR,GODUN4,25,2
IF,GODUN,62.420000,115.373333, ,0.0,0.0,0,0,0,0,0,0,0,0
TF,D112Q,62.487222,114.612222,0, ,0.0,0.0,0.0,0.0,2,5000,0,0,0,0,0,0
TF,D087J,62.581667,114.370000,0, ,0.0,0.0,0.0,0.0,1,2800,0,0,0,0,0,1
CF,D076H,62.595000,114.271667,0,DEM,75.9,7.7,292.0,2.0,1,2470,0,0,0,0,0,1
CF,CF25,62.589631,114.215736,0,DEM,72.6,6.2,247.0,1.0,1,2470,0,0,0,0,0,0

STAR,GODUN6,07,2
IF,GODUN,62.420000,115.373333, ,0.0,0.0,2,6000,0,0,0,0,0,0
TF,D112Q,62.487222,114.612222,0, ,0.0,0.0,0.0,0.0,0,0,0,0,0,0,0,0
TF,NZ,62.509972,113.959278,0, ,0.0,0.0,0.0,0.0,0,0,0,0,0,0,0,0
TF,D219I,62.407500,113.866389,0, ,0.0,0.0,0.0,0.0,1,2770,0,0,0,0,0,1
CF,D239H,62.453333,113.813611,2,DEM,238.6,7.8,22.0,3.0,1,2440,0,0,0,0,0,1
CF,FQ07,62.484444,113.878611,0,DEM,240.3,5.2,67.0,2.0,1,2440,0,0,0,0,0,0

STAR,GODUN8,25,2
IF,GODUN,62.420000,115.373333, ,0.0,0.0,2,6000,0,0,0,0,0,0
TF,D112Q,62.487222,114.612222,0, ,0.0,0.0,0.0,0.0,0,0,0,0,0,0,0,0
TF,SG,62.562111,114.127917,0, ,0.0,0.0,0.0,0.0,0,0,0,0,0,0,0,0
TF,DER25,62.527664,114.016367,0, ,0.0,0.0,0.0,0.0,0,0,0,0,0,0,0,1
CF,D095J,62.558333,114.360000,1,DEM,94.6,9.5,67.0,9.0,1,2800,0,0,0,0,0,1
CF,D076H,62.595000,114.271667,1,DEM,75.9,7.7,292.0,3.0,1,2470,0,0,0,0,0,1
CF,CF25,62.589631,114.215736,0,DEM,72.6,6.2,247.0,1.0,1,2470,0,0,0,0,0,0

STAR,NANAT2,07,2
IF,NANAT,62.196944,115.178889, ,0.0,0.0,0,0,0,0,0,0,0,0
TF,D133Q,62.391389,114.530833,0, ,0.0,0.0,0.0,0.0,2,5000,0,0,0,0,0,0
TF,D223J,62.398333,113.826667,0, ,0.0,0.0,0.0,0.0,1,2770,0,0,0,0,0,1
CF,D239H,62.453333,113.813611,2,DEM,238.6,7.8,22.0,2.0,1,2440,0,0,0,0,0,1
CF,FQ07,62.484444,113.878611,0,DEM,240.3,5.2,67.0,2.0,1,2440,0,0,0,0,0,0

STAR,NANAT4,25,2
IF,NANAT,62.196944,115.178889, ,0.0,0.0,0,0,0,0,0,0,0,0
TF,D133Q,62.391389,114.530833,0, ,0.0,0.0,0.0,0.0,2,5000,0,0,0,0,0,0
TF,D089J,62.576667,114.375000,0, ,0.0,0.0,0.0,0.0,1,2800,0,0,0,0,0,1
CF,D076H,62.595000,114.271667,0,DEM,75.9,7.7,292.0,2.0,1,2470,0,0,0,0,0,1
CF,CF25,62.589631,114.215736,0,DEM,72.6,6.2,247.0,1.0,1,2470,0,0,0,0,0,0

STAR,NANAT6,07,2
IF,NANAT,62.196944,115.178889, ,0.0,0.0,2,6000,0,0,0,0,0,0
TF,D133Q,62.391389,114.530833,0, ,0.0,0.0,0.0,0.0,1,6000,0,0,0,0,0,0
TF,NZ,62.509972,113.959278,0, ,0.0,0.0,0.0,0.0,0,0,0,0,0,0,0,0
TF,D219I,62.407500,113.866389,0, ,0.0,0.0,0.0,0.0,1,2770,0,0,0,0,0,1
CF,D239H,62.453333,113.813611,2,DEM,238.6,7.8,22.0,3.0,1,2440,0,0,0,0,0,1
CF,FQ07,62.484444,113.878611,0,DEM,240.3,5.2,67.0,2.0,1,2440,0,0,0,0,0,0

STAR,NANAT8,25,2
IF,NANAT,62.196944,115.178889, ,0.0,0.0,2,6000,0,0,0,0,0,0
TF,D133Q,62.391389,114.530833,0, ,0.0,0.0,0.0,0.0,0,0,0,0,0,0,0,0
TF,SG,62.562111,114.127917,0, ,0.0,0.0,0.0,0.0,0,0,0,0,0,0,0,0
TF,DER25,62.527664,114.016367,0, ,0.0,0.0,0.0,0.0,0,0,0,0,0,0,0,1
CF,D095J,62.558333,114.360000,1,DEM,94.6,9.5,67.0,9.0,1,2800,0,0,0,0,0,1
CF,D076H,62.595000,114.271667,1,DEM,75.9,7.7,292.0,3.0,1,2470,0,0,0,0,0,1
CF,CF25,62.589631,114.215736,0,DEM,72.6,6.2,247.0,1.0,1,2470,0,0,0,0,0,0

STAR,NUSPO2,07,2
IF,NUSPO,62.306111,112.777222, ,0.0,0.0,0,0,0,0,0,0,0,0
TF,D258P,62.435556,113.498333,0, ,0.0,0.0,0.0,0.0,2,5000,0,0,0,0,0,0
TF,D243G,62.468333,113.818333,0, ,0.0,0.0,0.0,0.0,1,2440,0,0,0,0,0,1
CF,FQ07,62.484444,113.878611,0,DEM,240.3,5.2,67.0,1.0,1,2440,0,0,0,0,0,0

STAR,NUSPO4,25,2
IF,NUSPO,62.306111,112.777222, ,0.0,0.0,0,0,0,0,0,0,0,0
TF,D258P,62.435556,113.498333,0, ,0.0,0.0,0.0,0.0,2,5000,0,0,0,0,0,0
TF,D121E,62.510278,114.206111,0, ,0.0,0.0,0.0,0.0,1,2800,0,0,0,0,0,0
TF,D095J,62.558333,114.360000,0, ,0.0,0.0,0.0,0.0,1,2800,0,0,0,0,0,1
CF,D076H,62.595000,114.271667,1,DEM,75.9,7.7,292.0,3.0,1,2470,0,0,0,0,0,1
CF,CF25,62.589631,114.215736,0,DEM,72.6,6.2,247.0,1.0,1,2470,0,0,0,0,0,0

STAR,NUSPO6,07,2
IF,NUSPO,62.306111,112.777222, ,0.0,0.0,2,6000,0,0,0,0,0,0
TF,D258P,62.435556,113.498333,0, ,0.0,0.0,0.0,0.0,0,0,0,0,0,0,0,0
TF,NZ,62.509972,113.959278,0, ,0.0,0.0,0.0,0.0,0,0,0,0,0,0,0,0
TF,DER07,62.541664,114.061544,0, ,0.0,0.0,0.0,0.0,0,0,0,0,0,0,0,1
CF,D221J,62.400000,113.846667,2,DEM,220.8,9.8,247.0,10.0,1,2770,0,0,0,0,0,1
CF,D239H,62.453333,113.813611,2,DEM,238.6,7.8,22.0,3.0,1,2440,0,0,0,0,0,1
CF,FQ07,62.484444,113.878611,0,DEM,240.3,5.2,67.0,2.0,1,2440,0,0,0,0,0,0

STAR,NUSPO8,25,2
IF,NUSPO,62.306111,112.777222, ,0.0,0.0,2,6000,0,0,0,0,0,0
TF,D258P,62.435556,113.498333,0, ,0.0,0.0,0.0,0.0,0,0,0,0,0,0,0,0
TF,SG,62.562111,114.127917,0, ,0.0,0.0,0.0,0.0,0,0,0,0,0,0,0,0
TF,D095I,62.557222,114.340833,0, ,0.0,0.0,0.0,0.0,1,2800,0,0,0,0,0,1
CF,D076H,62.595000,114.271667,1,DEM,75.9,7.7,292.0,3.0,1,2470,0,0,0,0,0,1
CF,CF25,62.589631,114.215736,0,DEM,72.6,6.2,247.0,1.0,1,2470,0,0,0,0,0,0

STAR,OTSEK2,07,2
IF,OTSEK,63.148333,113.746944, ,0.0,0.0,0,0,0,0,0,0,0,0
TF,D001P,62.797778,113.915833,0, ,0.0,0.0,0.0,0.0,2,5000,0,0,0,0,0,0
TF,D265J,62.495000,113.681667,0, ,0.0,0.0,0.0,0.0,1,2770,0,0,0,0,0,1
CF,D246H,62.466667,113.791667,1,DEM,246.0,7.8,112.0,2.0,1,2770,0,0,0,0,0,1
CF,FQ07,62.484444,113.878611,0,DEM,240.3,5.2,67.0,2.0,1,2440,0,0,0,0,0,0

STAR,OTSEK4,25,2
IF,OTSEK,63.148333,113.746944, ,0.0,0.0,0,0,0,0,0,0,0,0
TF,D001P,62.797778,113.915833,0, ,0.0,0.0,0.0,0.0,2,5000,0,0,0,0,0,0
TF,D050J,62.670000,114.251667,0, ,0.0,0.0,0.0,0.0,1,2800,0,0,0,0,0,1
CF,D065H,62.620000,114.253333,0,DEM,64.6,8.0,202.0,2.0,0,0,0,0,0,0,0,1
CF,CF25,62.589631,114.215736,0,DEM,72.6,6.2,247.0,1.0,1,2470,0,0,0,0,0,0

STAR,OTSEK6,07,2
IF,OTSEK,63.148333,113.746944, ,0.0,0.0,2,6000,0,0,0,0,0,0
TF,D001P,62.797778,113.915833,0, ,0.0,0.0,0.0,0.0,0,0,0,0,0,0,0,0
TF,NZ,62.509972,113.959278,0, ,0.0,0.0,0.0,0.0,0,0,0,0,0,0,0,0
TF,D219I,62.407500,113.866389,0, ,0.0,0.0,0.0,0.0,1,2770,0,0,0,0,0,1
CF,D239H,62.453333,113.813611,2,DEM,238.6,7.8,22.0,3.0,1,2440,0,0,0,0,0,1
CF,FQ07,62.484444,113.878611,0,DEM,240.3,5.2,67.0,2.0,1,2440,0,0,0,0,0,0

STAR,OTSEK8,25,2
IF,OTSEK,63.148333,113.746944, ,0.0,0.0,2,6000,0,0,0,0,0,0
TF,D001P,62.797778,113.915833,0, ,0.0,0.0,0.0,0.0,0,0,0,0,0,0,0,0
TF,SG,62.562111,114.127917,0, ,0.0,0.0,0.0,0.0,0,0,0,0,0,0,0,1
CI,0, ,0.0,157.0,0,0,0,0,0,0,0,0
CF,D095J,62.558333,114.360000,0,DEM,94.6,9.5,67.0,6.0,1,2800,0,0,0,0,0,1
CF,D076H,62.595000,114.271667,1,DEM,75.9,7.7,292.0,3.0,1,2470,0,0,0,0,0,1
CF,CF25,62.589631,114.215736,0,DEM,72.6,6.2,247.0,1.0,1,2470,0,0,0,0,0,0

STAR,PIMIR2,07,2
IF,PIMIR,63.159167,113.889722, ,0.0,0.0,0,0,0,0,0,0,0,0
TF,D007P,62.802222,113.975556,0, ,0.0,0.0,0.0,0.0,2,5000,0,0,0,0,0,0
TF,D265J,62.495000,113.681667,0, ,0.0,0.0,0.0,0.0,1,2770,0,0,0,0,0,1
CF,D246H,62.466667,113.791667,1,DEM,246.0,7.8,112.0,2.0,1,2770,0,0,0,0,0,1
CF,FQ07,62.484444,113.878611,0,DEM,240.3,5.2,67.0,2.0,1,2440,0,0,0,0,0,0

STAR,PIMIR4,25,2
IF,PIMIR,63.159167,113.889722, ,0.0,0.0,0,0,0,0,0,0,0,0
TF,D007P,62.802222,113.975556,0, ,0.0,0.0,0.0,0.0,2,5000,0,0,0,0,0,0
TF,D050J,62.670000,114.251667,0, ,0.0,0.0,0.0,0.0,1,2800,0,0,0,0,0,1
CF,D065H,62.620000,114.253333,0,DEM,64.6,8.0,202.0,2.0,0,0,0,0,0,0,0,1
CF,CF25,62.589631,114.215736,0,DEM,72.6,6.2,247.0,1.0,1,2470,0,0,0,0,0,0

STAR,PIMIR6,07,2
IF,PIMIR,63.159167,113.889722, ,0.0,0.0,2,6000,0,0,0,0,0,0
TF,D007P,62.802222,113.975556,0, ,0.0,0.0,0.0,0.0,0,0,0,0,0,0,0,0
TF,NZ,62.509972,113.959278,0, ,0.0,0.0,0.0,0.0,0,0,0,0,0,0,0,0
TF,D219I,62.407500,113.866389,0, ,0.0,0.0,0.0,0.0,1,2770,0,0,0,0,0,1
CF,D239H,62.453333,113.813611,2,DEM,238.6,7.8,22.0,3.0,1,2440,0,0,0,0,0,1
CF,FQ07,62.484444,113.878611,0,DEM,240.3,5.2,67.0,2.0,1,2440,0,0,0,0,0,0

STAR,PIMIR8,25,2
IF,PIMIR,63.159167,113.889722, ,0.0,0.0,2,6000,0,0,0,0,0,0
TF,D007P,62.802222,113.975556,0, ,0.0,0.0,0.0,0.0,0,0,0,0,0,0,0,0
TF,SG,62.562111,114.127917,0, ,0.0,0.0,0.0,0.0,0,0,0,0,0,0,0,1
CI,0, ,0.0,157.0,0,0,0,0,0,0,0,0
CF,D095J,62.558333,114.360000,0,DEM,94.6,9.5,67.0,6.0,1,2800,0,0,0,0,0,1
CF,D076H,62.595000,114.271667,1,DEM,75.9,7.7,292.0,3.0,1,2470,0,0,0,0,0,1
CF,CF25,62.589631,114.215736,0,DEM,72.6,6.2,247.0,1.0,1,2470,0,0,0,0,0,0

STAR,REPKI2,07,2
IF,REPKI,61.918889,114.302778, ,0.0,0.0,0,0,0,0,0,0,0,0
TF,D178Q,62.270833,114.153056,0, ,0.0,0.0,0.0,0.0,2,5000,0,0,0,0,0,0
TF,D227J,62.401667,113.806667,0, ,0.0,0.0,0.0,0.0,1,2770,0,0,0,0,0,1
CF,D239H,62.453333,113.813611,0,DEM,238.6,7.8,22.0,3.0,1,2440,0,0,0,0,0,1
CF,FQ07,62.484444,113.878611,0,DEM,240.3,5.2,67.0,2.0,1,2440,0,0,0,0,0,0

STAR,REPKI4,25,2
IF,REPKI,61.918889,114.302778, ,0.0,0.0,0,0,0,0,0,0,0,0
TF,D178Q,62.270833,114.153056,0, ,0.0,0.0,0.0,0.0,2,5000,0,0,0,0,0,0
TF,D092J,62.566667,114.373333,0, ,0.0,0.0,0.0,0.0,1,2800,0,0,0,0,0,1
CF,D076H,62.595000,114.271667,1,DEM,75.9,7.7,292.0,2.0,1,2470,0,0,0,0,0,1
CF,CF25,62.589631,114.215736,0,DEM,72.6,6.2,247.0,1.0,1,2470,0,0,0,0,0,0

STAR,REPKI6,07,2
IF,REPKI,61.918889,114.302778, ,0.0,0.0,2,6000,0,0,0,0,0,0
TF,D178Q,62.270833,114.153056,0, ,0.0,0.0,0.0,0.0,0,0,0,0,0,0,0,0
TF,NZ,62.509972,113.959278,0, ,0.0,0.0,0.0,0.0,0,0,0,0,0,0,0,1
CI,2, ,0.0,157.0,0,0,0,0,0,0,0,0
CF,D221J,62.400000,113.846667,0,DEM,220.8,9.8,247.0,12.0,1,2770,0,0,0,0,0,1
CF,D239H,62.453333,113.813611,2,DEM,238.6,7.8,22.0,3.0,1,2440,0,0,0,0,0,1
CF,FQ07,62.484444,113.878611,0,DEM,240.3,5.2,67.0,2.0,1,2440,0,0,0,0,0,0

STAR,REPKI8,25,2
IF,REPKI,61.918889,114.302778, ,0.0,0.0,2,6000,0,0,0,0,0,0
TF,D178Q,62.270833,114.153056,0, ,0.0,0.0,0.0,0.0,0,0,0,0,0,0,0,0
TF,SG,62.562111,114.127917,0, ,0.0,0.0,0.0,0.0,0,0,0,0,0,0,0,1
CI,1, ,0.0,157.0,0,0,0,0,0,0,0,0
CF,D095J,62.558333,114.360000,0,DEM,94.6,9.5,67.0,10.0,1,2800,0,0,0,0,0,1
CF,D076H,62.595000,114.271667,1,DEM,75.9,7.7,292.0,3.0,1,2470,0,0,0,0,0,1
CF,CF25,62.589631,114.215736,0,DEM,72.6,6.2,247.0,1.0,1,2470,0,0,0,0,0,0

STAR,RISIL2,07,2
IF,RISIL,62.569167,115.397500, ,0.0,0.0,0,0,0,0,0,0,0,0
TF,D099Q,62.549444,114.621111,0, ,0.0,0.0,0.0,0.0,2,5000,0,0,0,0,0,0
TF,D186E,62.458056,114.036111,0, ,0.0,0.0,0.0,0.0,1,2770,0,0,0,0,0,0
TF,D221J,62.400000,113.846667,0, ,0.0,0.0,0.0,0.0,1,2770,0,0,0,0,0,1
CF,D239H,62.453333,113.813611,2,DEM,238.6,7.8,22.0,3.0,1,2440,0,0,0,0,0,1
CF,FQ07,62.484444,113.878611,0,DEM,240.3,5.2,67.0,2.0,1,2440,0,0,0,0,0,0

STAR,RISIL4,25,2
IF,RISIL,62.569167,115.397500, ,0.0,0.0,0,0,0,0,0,0,0,0
TF,D099Q,62.549444,114.621111,0, ,0.0,0.0,0.0,0.0,2,5000,0,0,0,0,0,0
TF,D083J,62.588333,114.346944,0, ,0.0,0.0,0.0,0.0,1,2800,0,0,0,0,0,1
TF,D076H,62.595000,114.271667,0, ,0.0,0.0,0.0,0.0,1,2470,0,0,0,0,0,1
CF,CF25,62.589631,114.215736,0,DEM,72.6,6.2,247.0,1.0,1,2470,0,0,0,0,0,0

STAR,RISIL6,07,2
IF,RISIL,62.569167,115.397500, ,0.0,0.0,2,6000,0,0,0,0,0,0
TF,D099Q,62.549444,114.621111,0, ,0.0,0.0,0.0,0.0,0,0,0,0,0,0,0,0
TF,NZ,62.509972,113.959278,0, ,0.0,0.0,0.0,0.0,0,0,0,0,0,0,0,0
TF,D219I,62.407500,113.866389,0, ,0.0,0.0,0.0,0.0,1,2770,0,0,0,0,0,1
CF,D239H,62.453333,113.813611,2,DEM,238.6,7.8,22.0,3.0,1,2440,0,0,0,0,0,1
CF,FQ07,62.484444,113.878611,0,DEM,240.3,5.2,67.0,2.0,1,2440,0,0,0,0,0,0

STAR,RISIL8,25,2
IF,RISIL,62.569167,115.397500, ,0.0,0.0,2,6000,0,0,0,0,0,0
TF,D099Q,62.549444,114.621111,0, ,0.0,0.0,0.0,0.0,0,0,0,0,0,0,0,0
TF,SG,62.562111,114.127917,0, ,0.0,0.0,0.0,0.0,0,0,0,0,0,0,0,1
TF,DER25,62.527664,114.016367,0, ,0.0,0.0,0.0,0.0,0,0,0,0,0,0,0,1
CF,D095J,62.558333,114.360000,1,DEM,94.6,9.5,67.0,9.0,1,2800,0,0,0,0,0,1
CF,D076H,62.595000,114.271667,1,DEM,75.9,7.7,292.0,3.0,1,2470,0,0,0,0,0,1
CF,CF25,62.589631,114.215736,0,DEM,72.6,6.2,247.0,1.0,1,2470,0,0,0,0,0,0

STAR,SUKUK2,07,2
IF,SUKUK,62.146389,112.976944, ,0.0,0.0,0,0,0,0,0,0,0,0
TF,D241P,62.368056,113.583056,0, ,0.0,0.0,0.0,0.0,2,5000,0,0,0,0,0,0
TF,D242G,62.470000,113.831667,0, ,0.0,0.0,0.0,0.0,1,2440,0,0,0,0,0,0
TF,FQ07,62.484444,113.878611,0, ,0.0,0.0,0.0,0.0,1,2440,0,0,0,0,0,0

STAR,SUKUK4,25,2
IF,SUKUK,62.146389,112.976944, ,0.0,0.0,0,0,0,0,0,0,0,0
TF,D241P,62.368056,113.583056,0, ,0.0,0.0,0.0,0.0,2,5000,0,0,0,0,0,0
TF,D121E,62.510278,114.206111,0, ,0.0,0.0,0.0,0.0,1,2800,0,0,0,0,0,0
TF,D095J,62.558333,114.360000,0, ,0.0,0.0,0.0,0.0,1,2800,0,0,0,0,0,1
CF,D076H,62.595000,114.271667,1,DEM,75.9,7.7,292.0,3.0,1,2470,0,0,0,0,0,1
CF,CF25,62.589631,114.215736,0,DEM,72.6,6.2,247.0,1.0,1,2470,0,0,0,0,0,0

STAR,SUKUK6,07,2
IF,SUKUK,62.146389,112.976944, ,0.0,0.0,2,6000,0,0,0,0,0,0
TF,D241P,62.368056,113.583056,0, ,0.0,0.0,0.0,0.0,0,0,0,0,0,0,0,0
TF,NZ,62.509972,113.959278,0, ,0.0,0.0,0.0,0.0,0,0,0,0,0,0,0,0
TF,DER07,62.541664,114.061544,0, ,0.0,0.0,0.0,0.0,0,0,0,0,0,0,0,1
CF,D221J,62.400000,113.846667,2,DEM,220.8,9.8,247.0,10.0,1,2770,0,0,0,0,0,1
CF,D239H,62.453333,113.813611,2,DEM,238.6,7.8,22.0,3.0,1,2440,0,0,0,0,0,1
CF,FQ07,62.484444,113.878611,0,DEM,240.3,5.2,67.0,2.0,1,2440,0,0,0,0,0,0

STAR,SUKUK8,25,2
IF,SUKUK,62.146389,112.976944, ,0.0,0.0,2,6000,0,0,0,0,0,0
TF,D241P,62.368056,113.583056,0, ,0.0,0.0,0.0,0.0,0,0,0,0,0,0,0,0
TF,SG,62.562111,114.127917,0, ,0.0,0.0,0.0,0.0,0,0,0,0,0,0,0,0
TF,D095I,62.557222,114.340833,0, ,0.0,0.0,0.0,0.0,1,2800,0,0,0,0,0,1
CF,D076H,62.595000,114.271667,1,DEM,75.9,7.7,292.0,3.0,1,2470,0,0,0,0,0,1
CF,CF25,62.589631,114.215736,0,DEM,72.6,6.2,247.0,1.0,1,2470,0,0,0,0,0,0

STAR,UNLIP2,07,2
IF,UNLIP,62.640278,112.696111, ,0.0,0.0,0,0,0,0,0,0,0,0
TF,D290P,62.579722,113.463889,0, ,0.0,0.0,0.0,0.0,2,5000,0,0,0,0,0,0
TF,D258J,62.476667,113.696667,0, ,0.0,0.0,0.0,0.0,1,2770,0,0,0,0,0,0
TF,D246H,62.466667,113.791667,0, ,0.0,0.0,0.0,0.0,1,2770,0,0,0,0,0,1
CF,FQ07,62.484444,113.878611,0,DEM,240.3,5.2,67.0,2.0,1,2440,0,0,0,0,0,0

STAR,UNLIP4,25,2
IF,UNLIP,62.640278,112.696111, ,0.0,0.0,0,0,0,0,0,0,0,0
TF,D290P,62.579722,113.463889,0, ,0.0,0.0,0.0,0.0,2,5000,0,0,0,0,0,0
TF,D043I,62.671667,114.198333,0, ,0.0,0.0,0.0,0.0,1,2800,0,0,0,0,0,1
CF,D065H,62.620000,114.253333,2,DEM,64.6,8.0,202.0,2.0,0,0,0,0,0,0,0,1
CF,CF25,62.589631,114.215736,0,DEM,72.6,6.2,247.0,1.0,1,2470,0,0,0,0,0,0

STAR,UNLIP6,07,2
IF,UNLIP,62.640278,112.696111, ,0.0,0.0,2,6000,0,0,0,0,0,0
TF,D290P,62.579722,113.463889,0, ,0.0,0.0,0.0,0.0,0,0,0,0,0,0,0,0
TF,NZ,62.509972,113.959278,0, ,0.0,0.0,0.0,0.0,0,0,0,0,0,0,0,1
CI,0, ,0.0,157.0,0,0,0,0,0,0,0,0
CF,D221J,62.400000,113.846667,0,DEM,220.8,9.8,247.0,8.0,1,2770,0,0,0,0,0,1
CF,D239H,62.453333,113.813611,2,DEM,238.6,7.8,22.0,3.0,1,2440,0,0,0,0,0,1
CF,FQ07,62.484444,113.878611,0,DEM,240.3,5.2,67.0,2.0,1,2440,0,0,0,0,0,0

STAR,UNLIP8,25,2
IF,UNLIP,62.640278,112.696111, ,0.0,0.0,2,6000,0,0,0,0,0,0
TF,D290P,62.579722,113.463889,0, ,0.0,0.0,0.0,0.0,0,0,0,0,0,0,0,0
TF,SG,62.562111,114.127917,0, ,0.0,0.0,0.0,0.0,0,0,0,0,0,0,0,0
TF,D095I,62.557222,114.340833,0, ,0.0,0.0,0.0,0.0,1,2800,0,0,0,0,0,1
CF,D076H,62.595000,114.271667,1,DEM,75.9,7.7,292.0,3.0,1,2470,0,0,0,0,0,1
CF,CF25,62.589631,114.215736,0,DEM,72.6,6.2,247.0,1.0,1,2470,0,0,0,0,0,0

FINAL,I25,25,I,3
IF,CF25,62.589631,114.215736,ISG,67.0,7.0,1,2470,0,0,0,0,0,0
CF,FF25,62.580000,114.183889,0,ISG,66.8,6.0,247.0,1.0,1,2470,0,0,0,0,2,0
CF,RW25,62.541661,114.061553,0,ISG,67.1,1.9,247.0,4.1,1,1204,0,0,0,0,3,0
CA,0,247.0,2,1820,0,0,0,0,0,0
CF,D095J,62.558333,114.360000,1,DEM,94.5,9.5,67.0,10.0,1,2800,0,0,0,0,0,0

FINAL,Q07,07,N,3
IF,FQ07,62.484444,113.878611,NZ,0.0,0.0,1,2440,0,0,0,0,2,0
CF,NZ,62.509972,113.959278,0,NZ,0.0,0.0,67.0,2.8,2,1720,0,0,0,0,0,0
CF,N,62.522806,114.000750,0,DEM,0.0,1.2,67.0,1.4,1,1320,0,0,0,0,3,0
CA,0,67.0,2,1780,0,0,0,0,0,0
CF,D221J,62.400000,113.846667,2,DEM,220.8,9.8,247.0,10.0,1,2770,0,0,0,0,0,0

FINAL,Q25,25,N,4
IF,CF25,62.589631,114.215736,SG,0.0,0.0,1,2470,0,0,0,0,0,0
CF,FF25,62.580000,114.183889,0,SG,0.0,0.0,247.0,1.0,1,2470,0,0,0,0,2,0
CF,OM25,62.562111,114.127917,0,SG,0.0,0.0,247.0,1.9,2,1930,0,0,0,0,0,0
CF,S,62.547639,114.081000,0,DEM,0.0,1.7,247.0,1.6,1,1417,0,0,0,0,3,0
CA,0,247.0,2,1820,0,0,0,0,0,0
CF,D095J,62.558333,114.360000,1,DEM,94.5,9.5,67.0,10.0,1,2800,0,0,0,0,0,0

