SID,ANGAR1,04,2
CA,0,36.0,2,790,0,0,0,0,0,0
DF,D037B,51.853258,143.194094,0, ,0.0,0.0,0,0,0,0,0,0,0,0
TF,ANGAR,52.100278,143.096944,0, ,0.0,0.0,0.0,0.0,4,12000,9000,0,0,0,0,0

SID,ANGAR2,22,2
CA,0,216.0,2,760,0,0,0,0,0,0
DF,D239I,51.715756,142.984347,0, ,0.0,0.0,0,0,0,0,0,0,0,0
TF,ANGAR,52.100278,143.096944,0, ,0.0,0.0,0.0,0.0,4,12000,9000,0,0,0,0,0

SID,KESIK1,04,2
CA,0,36.0,2,790,0,0,0,0,0,0
DF,D124D,51.790906,143.273817,2, ,0.0,0.0,0,0,0,0,0,0,0,0
TF,KESIK,51.393333,143.008333,0, ,0.0,0.0,0.0,0.0,4,12000,9000,0,0,0,0,0

SID,KESIK2,22,2
CA,0,216.0,2,760,0,0,0,0,0,0
DF,D216F,51.725206,143.097572,0, ,0.0,0.0,0,0,0,0,0,0,0,0
TF,KESIK,51.393333,143.008333,0, ,0.0,0.0,0.0,0.0,4,12000,9000,0,0,0,0,0

SID,NERLI1,04,2
CA,0,36.0,2,790,0,0,0,0,0,0
DF,D013E,51.906442,143.173269,1, ,0.0,0.0,0,0,0,0,0,0,0,0
TF,NERLI,51.785000,142.700000,0, ,0.0,0.0,0.0,0.0,4,12000,8000,0,0,0,0,0

SID,NERLI2,22,2
CA,0,216.0,2,760,0,0,0,0,0,0
DF,D239I,51.715756,142.984347,0, ,0.0,0.0,0,0,0,0,0,0,0,0
TF,NERLI,51.785000,142.700000,0, ,0.0,0.0,0.0,0.0,4,12000,8000,0,0,0,0,0

STAR,ANGA1A,04,2
IF,ANGAR,52.100278,143.096944, ,0.0,0.0,4,12000,9000,0,0,0,0,0
TF,J,51.799528,143.153167,0, ,0.0,0.0,0.0,0.0,4,7000,6000,0,0,0,0,0
TF,D196I,51.642778,143.133333,0, ,0.0,0.0,0.0,0.0,1,3090,0,0,0,0,0,1
DF,CN04,51.677222,143.063333,2, ,0.0,0.0,1,2100,0,0,0,0,0,0

STAR,ANGA1G,04,5
IF,ANGAR,52.100278,143.096944, ,0.0,0.0,4,12000,9000,0,0,0,0,0
TF,SN312,51.676722,142.915314,0, ,0.0,0.0,0.0,0.0,1,3090,0,0,0,0,0,0

STAR,ANGA2A,22,2
IF,ANGAR,52.100278,143.096944, ,0.0,0.0,4,12000,9000,0,0,0,0,0
TF,J,51.799528,143.153167,0, ,0.0,0.0,0.0,0.0,4,7000,6000,0,0,0,0,1
DF,D126D,51.788353,143.273089,1, ,0.0,0.0,0,0,0,0,0,0,0,0
TF,D070H,51.864167,143.328611,0, ,0.0,0.0,0.0,0.0,1,3060,0,0,0,0,0,1
DF,CF22,51.894167,143.223056,1, ,0.0,0.0,1,2080,0,0,0,0,0,0

STAR,ANGA2G,22,5
IF,ANGAR,52.100278,143.096944, ,0.0,0.0,4,12000,9000,0,0,0,0,0
TF,SN411,52.006806,143.184447,0, ,0.0,0.0,0.0,0.0,1,3060,0,0,0,0,0,0

STAR,ANGA2W,22,2
IF,ANGAR,52.100278,143.096944, ,0.0,0.0,4,12000,9000,0,0,0,0,0
TF,JD,51.819139,143.167278,0, ,0.0,0.0,0.0,0.0,4,7000,6000,0,0,0,0,1
DF,D126D,51.788353,143.273089,1, ,0.0,0.0,0,0,0,0,0,0,0,0
TF,D070H,51.864167,143.328611,0, ,0.0,0.0,0.0,0.0,1,3060,0,0,0,0,0,1
DF,CF22,51.894167,143.223056,1, ,0.0,0.0,1,2080,0,0,0,0,0,0

STAR,KESI1A,04,2
IF,KESIK,51.393333,143.008333, ,0.0,0.0,4,12000,9000,0,0,0,0,0
TF,J,51.799528,143.153167,0, ,0.0,0.0,0.0,0.0,4,7000,6000,0,0,0,0,1
DF,D216D,51.769219,143.257761,2, ,0.0,0.0,0,0,0,0,0,0,0,0
TF,D187I,51.647222,143.168333,0, ,0.0,0.0,0.0,0.0,1,3090,0,0,0,0,0,1
DF,CN04,51.677222,143.063333,2, ,0.0,0.0,1,2100,0,0,0,0,0,0

STAR,KESI1G,04,5
IF,KESIK,51.393333,143.008333, ,0.0,0.0,4,12000,9000,0,0,0,0,0
TF,SN311,51.558547,143.027797,0, ,0.0,0.0,0.0,0.0,1,4070,0,0,0,0,0,0

STAR,KESI2A,22,2
IF,KESIK,51.393333,143.008333, ,0.0,0.0,4,12000,9000,0,0,0,0,0
TF,J,51.799528,143.153167,0, ,0.0,0.0,0.0,0.0,4,7000,6000,0,0,0,0,0
TF,D056I,51.911667,143.331389,0, ,0.0,0.0,0.0,0.0,1,3060,0,0,0,0,0,1
DF,D036J,51.951186,143.266092,1, ,0.0,0.0,0,0,0,0,0,0,0,0
TF,CF22,51.894167,143.223056,0, ,0.0,0.0,0.0,0.0,1,2080,0,0,0,0,0,0

STAR,KESI2G,22,5
IF,KESIK,51.393333,143.008333, ,0.0,0.0,4,12000,9000,0,0,0,0,0
TF,SN415,51.900144,143.376197,0, ,0.0,0.0,0.0,0.0,1,2080,0,0,0,0,0,0

STAR,KESI2W,22,2
IF,KESIK,51.393333,143.008333, ,0.0,0.0,4,12000,9000,0,0,0,0,0
TF,JD,51.819139,143.167278,0, ,0.0,0.0,0.0,0.0,4,7000,6000,0,0,0,0,0
TF,D055I,51.931111,143.345556,0, ,0.0,0.0,0.0,0.0,1,3060,0,0,0,0,0,1
DF,D036K,51.970397,143.280617,1, ,0.0,0.0,0,0,0,0,0,0,0,0
TF,CF22,51.894167,143.223056,0, ,0.0,0.0,0.0,0.0,1,2080,0,0,0,0,0,0

STAR,NERL1A,04,2
IF,NERLI,51.785000,142.700000, ,0.0,0.0,4,12000,8000,0,0,0,0,0
TF,J,51.799528,143.153167,0, ,0.0,0.0,0.0,0.0,4,7000,6000,0,0,0,0,1
DF,D216D,51.769219,143.257761,0, ,0.0,0.0,0,0,0,0,0,0,0,0
TF,D187I,51.647222,143.168333,0, ,0.0,0.0,0.0,0.0,1,3090,0,0,0,0,0,1
DF,CN04,51.677222,143.063333,2, ,0.0,0.0,1,2100,0,0,0,0,0,0

STAR,NERL1G,04,5
IF,NERLI,51.785000,142.700000, ,0.0,0.0,4,12000,8000,0,0,0,0,0
TF,SN312,51.676722,142.915314,0, ,0.0,0.0,0.0,0.0,1,3090,0,0,0,0,0,0

STAR,NERL2A,22,2
IF,NERLI,51.785000,142.700000, ,0.0,0.0,4,12000,8000,0,0,0,0,0
TF,J,51.799528,143.153167,0, ,0.0,0.0,0.0,0.0,4,7000,6000,0,0,0,0,0
TF,D056I,51.911667,143.331389,0, ,0.0,0.0,0.0,0.0,1,3060,0,0,0,0,0,1
DF,D036J,51.951186,143.266092,1, ,0.0,0.0,0,0,0,0,0,0,0,0
TF,CF22,51.894167,143.223056,0, ,0.0,0.0,0.0,0.0,1,2080,0,0,0,0,0,0

STAR,NERL2G,22,5
IF,NERLI,51.785000,142.700000, ,0.0,0.0,4,12000,8000,0,0,0,0,0
TF,SN412,51.969586,143.130258,0, ,0.0,0.0,0.0,0.0,1,2080,0,0,0,0,0,0

STAR,NERL2W,22,2
IF,NERLI,51.785000,142.700000, ,0.0,0.0,4,12000,8000,0,0,0,0,0
TF,JD,51.819139,143.167278,0, ,0.0,0.0,0.0,0.0,4,7000,6000,0,0,0,0,0
TF,D055I,51.931111,143.345556,0, ,0.0,0.0,0.0,0.0,1,3060,0,0,0,0,0,1
DF,D036K,51.970397,143.280617,1, ,0.0,0.0,0,0,0,0,0,0,0,0
TF,CF22,51.894167,143.223056,0, ,0.0,0.0,0.0,0.0,1,2080,0,0,0,0,0,0

FINAL,I22,22,I,3
IF,CF22,51.894167,143.223056,ING,35.5,8.1,1,2080,0,0,0,0,0,0
CF,FF22,51.858889,143.197222,0,ING,35.6,5.8,216.0,2.3,1,1420,0,0,0,0,2,0
CF,RW22,51.791133,143.147069,0,ING,35.6,1.3,216.0,4.5,1,153,0,0,0,0,3,0
CA,0,216.0,2,760,0,0,0,0,0,0
VM,0,0,1,36.0,1,2080,0,0,0,0,0,0

APPTR,J04,04,SN311
IF,SN311,51.558547,143.027797, ,0.0,0.0,1,4070,0,0,0,0,1,0
TF,SN313,51.641989,143.037567,0,G04A,0.0,0.0,0.0,0.0,1,2100,0,0,0,0,1,0

APPTR,J04,04,SN312
IF,SN312,51.676722,142.915314, ,0.0,0.0,1,3090,0,0,0,0,1,0
TF,SN313,51.641989,143.037567,0,G04A,0.0,0.0,0.0,0.0,1,2100,0,0,0,0,1,0

APPTR,J04,04,SN315
IF,SN315,51.607144,143.159567, ,0.0,0.0,1,2100,0,0,0,0,0,0
TF,SN313,51.641989,143.037567,0,G04A,0.0,0.0,0.0,0.0,1,2100,0,0,0,0,1,0

FINAL,J04,04,G,3
IF,SN313,51.641989,143.037567,G04A,0.0,0.0,1,2100,0,0,0,0,0,0
TF,SN314,51.718053,143.093314,0,G04A,0.0,0.0,36.0,5.0,1,1440,0,0,0,0,2,0
TF,RW04,51.776825,143.136533,0,G04A,0.0,0.0,36.0,3.9,1,178,0,0,0,0,3,1
CA,0,36.0,2,790,0,0,0,0,0,0
VM,0,0,2,216.0,1,2100,0,0,0,0,0,0

APPTR,J22,22,SN411
IF,SN411,52.006806,143.184447, ,0.0,0.0,1,3060,0,0,0,0,1,0
TF,SN413,51.934919,143.253356,0,G22A,0.0,0.0,0.0,0.0,1,1420,0,0,0,0,1,0

APPTR,J22,22,SN412
IF,SN412,51.969586,143.130258, ,0.0,0.0,1,2080,0,0,0,0,1,0
TF,SN413,51.934919,143.253356,0,G22A,0.0,0.0,0.0,0.0,1,1420,0,0,0,0,1,0

APPTR,J22,22,SN415
IF,SN415,51.900144,143.376197, ,0.0,0.0,1,2080,0,0,0,0,1,0
TF,SN413,51.934919,143.253356,0,G22A,0.0,0.0,0.0,0.0,1,1420,0,0,0,0,1,0

FINAL,J22,22,G,3
IF,SN413,51.934919,143.253356,G22A,0.0,0.0,1,1420,0,0,0,0,0,0
TF,SN414,51.858928,143.197092,0,G22A,0.0,0.0,216.0,5.0,1,1420,0,0,0,0,2,0
TF,RW22,51.791133,143.147069,0,G22A,0.0,0.0,216.0,4.5,1,153,0,0,0,0,3,1
CA,0,216.0,2,760,0,0,0,0,0,0
VM,0,0,1,36.0,1,2080,0,0,0,0,0,0

FINAL,N04,04,N,3
IF,CN04,51.677222,143.063333,J,0.0,0.0,1,1440,0,0,0,0,0,0
CF,FN04,51.718056,143.093333,0,J,0.0,0.0,36.0,2.7,1,1440,0,0,0,0,2,0
CF,RW04,51.776825,143.136533,0,J,0.0,0.0,36.0,3.9,1,178,0,0,0,0,3,0
CF,J,51.799528,143.153167,0,J,0.0,0.0,36.0,1.5,2,530,0,0,0,0,0,1
FA,J,51.799528,143.153167,0,J,0.0,0.0,36.0,2,790,0,0,0,0,0,0
VM,0,0,2,216.0,1,2100,0,0,0,0,0,0

FINAL,N22,22,N,3
IF,CF22,51.894167,143.223056,JD,0.0,0.0,1,2080,0,0,0,0,0,0
CF,FF22,51.858889,143.197222,0,JD,0.0,0.0,216.0,2.3,1,1420,0,0,0,0,2,0
CF,MN22,51.821411,143.169092,0,JD,0.0,0.0,216.0,2.5,1,719,0,0,0,0,3,0
CA,0,216.0,2,760,0,0,0,0,0,0
VM,0,0,1,36.0,1,2080,0,0,0,0,0,0

APPTR,R04,04,SN311
IF,SN311,51.558547,143.027797, ,0.0,0.0,1,4070,0,0,0,0,1,0
TF,SN313,51.641989,143.037567,0, ,0.0,0.0,0.0,0.0,1,2100,0,0,0,0,1,0

APPTR,R04,04,SN312
IF,SN312,51.676722,142.915314, ,0.0,0.0,1,3090,0,0,0,0,1,0
TF,SN313,51.641989,143.037567,0, ,0.0,0.0,0.0,0.0,1,2100,0,0,0,0,1,0

APPTR,R04,04,SN315
IF,SN315,51.607144,143.159567, ,0.0,0.0,1,2100,0,0,0,0,1,0
TF,SN313,51.641989,143.037567,0, ,0.0,0.0,0.0,0.0,1,2100,0,0,0,0,1,0

FINAL,R04,04,R,3
IF,SN313,51.641989,143.037567, ,0.0,0.0,1,2100,0,0,0,0,0,0
TF,SN314,51.718053,143.093314,0, ,0.0,0.0,36.0,5.0,1,1440,0,0,0,0,2,0
TF,RW04,51.776825,143.136533,0, ,0.0,0.0,36.0,3.9,1,178,0,0,0,0,3,1
CA,0,36.0,2,790,0,0,0,0,0,0
VM,0,0,2,216.0,1,2100,0,0,0,0,0,0

APPTR,R22,22,SN411
IF,SN411,52.006806,143.184447, ,0.0,0.0,1,3060,0,0,0,0,1,0
TF,SN413,51.934919,143.253356,0, ,0.0,0.0,0.0,0.0,1,1420,0,0,0,0,1,0

APPTR,R22,22,SN412
IF,SN412,51.969586,143.130258, ,0.0,0.0,1,2080,0,0,0,0,1,0
TF,SN413,51.934919,143.253356,0, ,0.0,0.0,0.0,0.0,1,1420,0,0,0,0,1,0

APPTR,R22,22,SN415
IF,SN415,51.900144,143.376197, ,0.0,0.0,1,2080,0,0,0,0,1,0
TF,SN413,51.934919,143.253356,0, ,0.0,0.0,0.0,0.0,1,1420,0,0,0,0,1,0

FINAL,R22,22,R,3
IF,SN413,51.934919,143.253356, ,0.0,0.0,1,1420,0,0,0,0,0,0
TF,SN414,51.858928,143.197092,0, ,0.0,0.0,216.0,5.0,1,1420,0,0,0,0,2,0
TF,RW22,51.791133,143.147069,0, ,0.0,0.0,216.0,4.5,1,153,0,0,0,0,3,1
CA,0,216.0,2,760,0,0,0,0,0,0
VM,0,0,1,36.0,1,2080,0,0,0,0,0,0

