SID,BULI1A,02R,2
CA,0,16.0,2,1970,0,0,0,0,0,0
CI,2, ,0.0,130.0,0,0,0,0,0,0,0,0
CF,BULIG,47.966667,36.216667,0,KVH,94.0,161.1,70.0,29.0,2,7060,0,0,0,0,0,0

SID,BULI1B,20L,2
CA,0,196.0,2,1970,0,0,0,0,0,0
CI,1, ,0.0,16.0,0,0,0,0,0,0,0,0
CF,BULIG,47.966667,36.216667,0,KVH,94.0,161.1,76.0,32.0,2,7060,0,0,0,0,0,0

SID,BULI2J,02L,2
CA,0,16.0,2,1970,0,0,0,0,0,0
CI,2, ,0.0,128.0,0,0,0,0,0,0,0,0
CF,BULIG,47.966667,36.216667,0,KVH,94.0,161.1,70.0,30.0,2,7060,0,0,0,0,0,0

SID,BULI2K,20R,2
CA,0,196.0,2,1970,0,0,0,0,0,0
CI,1, ,0.0,16.0,0,0,0,0,0,0,0,0
CF,BULIG,47.966667,36.216667,0,KVH,94.0,161.1,76.0,32.0,2,7060,0,0,0,0,0,0

SID,DITI2J,02L,2
CA,0,16.0,2,1970,0,0,0,0,0,0
DF,ZA,47.821611,35.286389,2, ,0.0,0.0,2,4930,0,0,0,0,0,0
TF,DITIX,47.511111,34.209167,0, ,0.0,0.0,0.0,0.0,2,8040,0,0,0,0,0,0

SID,DITI2K,20R,2
CA,0,196.0,2,1970,0,0,0,0,0,0
CI,2, ,0.0,296.0,0,0,0,0,0,0,0,0
CF,DITIX,47.511111,34.209167,0,KVH,121.1,99.1,236.0,44.0,2,8040,0,0,0,0,0,0

SID,DITI3A,02R,2
CA,0,16.0,2,1970,0,0,0,0,0,0
DF,ZA,47.821611,35.286389,2, ,0.0,0.0,2,4930,0,0,0,0,0,0
TF,DITIX,47.511111,34.209167,0, ,0.0,0.0,0.0,0.0,2,8040,0,0,0,0,0,0

SID,DITI3B,20L,2
CA,0,196.0,2,1970,0,0,0,0,0,0
CI,2, ,0.0,296.0,0,0,0,0,0,0,0,0
CF,DITIX,47.511111,34.209167,0,KVH,121.1,99.1,236.0,43.0,2,8040,0,0,0,0,0,0

SID,DNP1A,02R,2
CA,0,16.0,2,1970,0,0,0,0,0,0
CF,DNP,48.359833,35.103056,0,KVH,87.6,112.8,330.0,27.0,2,8040,0,0,0,0,0,0

SID,DNP1B,20L,2
CA,0,196.0,2,1970,0,0,0,0,0,0
DF,ZP,47.886000,35.326806,1, ,0.0,0.0,2,4930,0,0,0,0,0,0
TF,DNP,48.359833,35.103056,0, ,0.0,0.0,0.0,0.0,2,8040,0,0,0,0,0,0

SID,DNP2J,02L,2
CA,0,16.0,2,1970,0,0,0,0,0,0
CF,DNP,48.359833,35.103056,0,KVH,87.6,112.8,330.0,28.0,2,8040,0,0,0,0,0,0

SID,DNP2K,20R,2
CA,0,196.0,2,1970,0,0,0,0,0,0
DF,ZP,47.886000,35.326806,1, ,0.0,0.0,2,4930,0,0,0,0,0,0
TF,DNP,48.359833,35.103056,0, ,0.0,0.0,0.0,0.0,2,8040,0,0,0,0,0,0

SID,ROLO2J,02L,2
CA,0,16.0,2,1970,0,0,0,0,0,0
DF,ZA,47.821611,35.286389,2, ,0.0,0.0,2,4930,0,0,0,0,0,0
TF,ROLOP,47.351667,34.745833,0, ,0.0,0.0,0.0,0.0,2,10010,0,0,0,0,0,0

SID,ROLO2K,20R,2
CA,0,196.0,2,1970,0,0,0,0,0,0
CF,ROLOP,47.351667,34.745833,0,KVH,118.0,122.2,209.0,34.0,2,10010,0,0,0,0,0,0

SID,ROLO4A,02R,2
CA,0,16.0,2,1970,0,0,0,0,0,0
DF,ZA,47.821611,35.286389,2, ,0.0,0.0,2,4930,0,0,0,0,0,0
TF,ROLOP,47.351667,34.745833,0, ,0.0,0.0,0.0,0.0,2,10010,0,0,0,0,0,0

SID,ROLO4B,20L,2
CA,0,196.0,2,1970,0,0,0,0,0,0
CF,ROLOP,47.351667,34.745833,0,KVH,118.0,122.2,209.0,34.0,2,10010,0,0,0,0,0,0

SID,SOMO1A,02R,2
CA,0,16.0,2,1970,0,0,0,0,0,0
CI,2, ,0.0,130.0,0,0,0,0,0,0,0,0
CF,SOMON,47.370000,35.991667,0,KVH,106.9,165.0,142.0,33.0,2,11000,0,0,0,0,0,0

SID,SOMO1B,20L,2
CA,0,196.0,2,1970,0,0,0,0,0,0
CI,1, ,0.0,75.0,0,0,0,0,0,0,0,0
CF,SOMON,47.370000,35.991667,0,KVH,106.9,165.0,132.0,33.0,2,11000,0,0,0,0,0,0

SID,SOMO2J,02L,2
CA,0,16.0,2,1970,0,0,0,0,0,0
CI,2, ,0.0,128.0,0,0,0,0,0,0,0,0
CF,SOMON,47.370000,35.991667,0,KVH,106.9,165.0,142.0,33.0,2,11000,0,0,0,0,0,0

SID,SOMO2K,20R,2
CA,0,196.0,2,1970,0,0,0,0,0,0
CI,1, ,0.0,75.0,0,0,0,0,0,0,0,0
CF,SOMON,47.370000,35.991667,0,KVH,106.9,165.0,132.0,34.0,2,11000,0,0,0,0,0,0

SID,UMSO2J,02L,2
CA,0,16.0,2,1970,0,0,0,0,0,0
CI,1, ,0.0,196.0,0,0,0,0,0,0,0,0
CF,UMSOT,47.928056,34.644167,0,KVH,103.5,101.3,277.0,23.0,2,8040,0,0,0,0,0,0

SID,UMSO2K,20R,2
CA,0,196.0,2,1970,0,0,0,0,0,0
CI,2, ,0.0,353.0,0,0,0,0,0,0,0,0
CF,UMSOT,47.928056,34.644167,0,KVH,103.5,101.3,268.0,23.0,2,8040,0,0,0,0,0,0

SID,UMSO4A,02R,2
CA,0,16.0,2,1970,0,0,0,0,0,0
CI,1, ,0.0,196.0,0,0,0,0,0,0,0,0
CF,UMSOT,47.928056,34.644167,0,KVH,103.5,101.3,277.0,23.0,2,8040,0,0,0,0,0,0

SID,UMSO4B,20L,2
CA,0,196.0,2,1970,0,0,0,0,0,0
CI,2, ,0.0,353.0,0,0,0,0,0,0,0,0
CF,UMSOT,47.928056,34.644167,0,KVH,103.5,101.3,268.0,22.0,2,8040,0,0,0,0,0,0

STAR,ABDA5C,02L,2
IF,ABDAR,47.196944,35.255833, ,0.0,0.0,2,11000,0,0,0,0,0,0
TF,ZA,47.821611,35.286389,0, ,0.0,0.0,0.0,0.0,2,2960,0,0,0,0,0,0

STAR,ABDA5C,02R,2
IF,ABDAR,47.196944,35.255833, ,0.0,0.0,2,11000,0,0,0,0,0,0
TF,ZA,47.821611,35.286389,0, ,0.0,0.0,0.0,0.0,2,2960,0,0,0,0,0,0

STAR,ABDA5D,20L,2
IF,ABDAR,47.196944,35.255833, ,0.0,0.0,2,11000,0,0,0,0,0,0
TF,ZP,47.886000,35.326806,0, ,0.0,0.0,0.0,0.0,2,2960,0,0,0,0,0,0

STAR,ABDA5D,20R,2
IF,ABDAR,47.196944,35.255833, ,0.0,0.0,2,11000,0,0,0,0,0,0
TF,ZP,47.886000,35.326806,0, ,0.0,0.0,0.0,0.0,2,2960,0,0,0,0,0,0

STAR,BULI1C,02L,2
IF,BULIG,47.966667,36.216667, ,0.0,0.0,2,8040,0,0,0,0,0,0
TF,ZA,47.821611,35.286389,0, ,0.0,0.0,0.0,0.0,2,2960,0,0,0,0,0,0

STAR,BULI1C,02R,2
IF,BULIG,47.966667,36.216667, ,0.0,0.0,2,8040,0,0,0,0,0,0
TF,ZA,47.821611,35.286389,0, ,0.0,0.0,0.0,0.0,2,2960,0,0,0,0,0,0

STAR,BULI1D,20L,2
IF,BULIG,47.966667,36.216667, ,0.0,0.0,2,8040,0,0,0,0,0,0
TF,ZP,47.886000,35.326806,0, ,0.0,0.0,0.0,0.0,2,2960,0,0,0,0,0,0

STAR,BULI1D,20R,2
IF,BULIG,47.966667,36.216667, ,0.0,0.0,2,8040,0,0,0,0,0,0
TF,ZP,47.886000,35.326806,0, ,0.0,0.0,0.0,0.0,2,2960,0,0,0,0,0,0

STAR,DITI3C,02L,2
IF,DITIX,47.511111,34.209167, ,0.0,0.0,2,9030,0,0,0,0,0,0
TF,ZA,47.821611,35.286389,0, ,0.0,0.0,0.0,0.0,2,2960,0,0,0,0,0,0

STAR,DITI3C,02R,2
IF,DITIX,47.511111,34.209167, ,0.0,0.0,2,9030,0,0,0,0,0,0
TF,ZA,47.821611,35.286389,0, ,0.0,0.0,0.0,0.0,2,2960,0,0,0,0,0,0

STAR,DITI3D,20L,2
IF,DITIX,47.511111,34.209167, ,0.0,0.0,2,9030,0,0,0,0,0,0
TF,ZP,47.886000,35.326806,0, ,0.0,0.0,0.0,0.0,2,2960,0,0,0,0,0,0

STAR,DITI3D,20R,2
IF,DITIX,47.511111,34.209167, ,0.0,0.0,2,9030,0,0,0,0,0,0
TF,ZP,47.886000,35.326806,0, ,0.0,0.0,0.0,0.0,2,2960,0,0,0,0,0,0

STAR,DNP1C,02L,2
IF,DNP,48.359833,35.103056, ,0.0,0.0,2,7060,0,0,0,0,0,0
TF,ZA,47.821611,35.286389,0, ,0.0,0.0,0.0,0.0,2,2960,0,0,0,0,0,0

STAR,DNP1C,02R,2
IF,DNP,48.359833,35.103056, ,0.0,0.0,2,7060,0,0,0,0,0,0
TF,ZA,47.821611,35.286389,0, ,0.0,0.0,0.0,0.0,2,2960,0,0,0,0,0,0

STAR,DNP1D,20L,2
IF,DNP,48.359833,35.103056, ,0.0,0.0,2,7060,0,0,0,0,0,0
TF,ZP,47.886000,35.326806,0, ,0.0,0.0,0.0,0.0,2,2960,0,0,0,0,0,0

STAR,DNP1D,20R,2
IF,DNP,48.359833,35.103056, ,0.0,0.0,2,7060,0,0,0,0,0,0
TF,ZP,47.886000,35.326806,0, ,0.0,0.0,0.0,0.0,2,2960,0,0,0,0,0,0

STAR,ROLO3C,02L,2
IF,ROLOP,47.351667,34.745833, ,0.0,0.0,2,11000,0,0,0,0,0,0
TF,ZA,47.821611,35.286389,0, ,0.0,0.0,0.0,0.0,2,2960,0,0,0,0,0,0

STAR,ROLO3C,02R,2
IF,ROLOP,47.351667,34.745833, ,0.0,0.0,2,11000,0,0,0,0,0,0
TF,ZA,47.821611,35.286389,0, ,0.0,0.0,0.0,0.0,2,2960,0,0,0,0,0,0

STAR,ROLO3D,20L,2
IF,ROLOP,47.351667,34.745833, ,0.0,0.0,2,11000,0,0,0,0,0,0
TF,ZP,47.886000,35.326806,0, ,0.0,0.0,0.0,0.0,2,2960,0,0,0,0,0,0

STAR,ROLO3D,20R,2
IF,ROLOP,47.351667,34.745833, ,0.0,0.0,2,11000,0,0,0,0,0,0
TF,ZP,47.886000,35.326806,0, ,0.0,0.0,0.0,0.0,2,2960,0,0,0,0,0,0

STAR,SOMO1C,02L,2
IF,SOMON,47.370000,35.991667, ,0.0,0.0,2,10010,0,0,0,0,0,0
TF,ZA,47.821611,35.286389,0, ,0.0,0.0,0.0,0.0,2,2960,0,0,0,0,0,0

STAR,SOMO1C,02R,2
IF,SOMON,47.370000,35.991667, ,0.0,0.0,2,10010,0,0,0,0,0,0
TF,ZA,47.821611,35.286389,0, ,0.0,0.0,0.0,0.0,2,2960,0,0,0,0,0,0

STAR,SOMO1D,20L,2
IF,SOMON,47.370000,35.991667, ,0.0,0.0,2,10010,0,0,0,0,0,0
TF,ZP,47.886000,35.326806,0, ,0.0,0.0,0.0,0.0,2,2960,0,0,0,0,0,0

STAR,SOMO1D,20R,2
IF,SOMON,47.370000,35.991667, ,0.0,0.0,2,10010,0,0,0,0,0,0
TF,ZP,47.886000,35.326806,0, ,0.0,0.0,0.0,0.0,2,2960,0,0,0,0,0,0

STAR,UMSO4C,02L,2
IF,UMSOT,47.928056,34.644167, ,0.0,0.0,2,7060,0,0,0,0,0,0
TF,ZA,47.821611,35.286389,0, ,0.0,0.0,0.0,0.0,2,2960,0,0,0,0,0,0

STAR,UMSO4C,02R,2
IF,UMSOT,47.928056,34.644167, ,0.0,0.0,2,7060,0,0,0,0,0,0
TF,ZA,47.821611,35.286389,0, ,0.0,0.0,0.0,0.0,2,2960,0,0,0,0,0,0

STAR,UMSO4D,20L,2
IF,UMSOT,47.928056,34.644167, ,0.0,0.0,2,7060,0,0,0,0,0,0
TF,ZP,47.886000,35.326806,0, ,0.0,0.0,0.0,0.0,2,2960,0,0,0,0,0,0

STAR,UMSO4D,20R,2
IF,UMSOT,47.928056,34.644167, ,0.0,0.0,2,7060,0,0,0,0,0,0
TF,ZP,47.886000,35.326806,0, ,0.0,0.0,0.0,0.0,2,2960,0,0,0,0,0,0

APPTR,I02R,02R,ZA1
IF,ZA,47.821611,35.286389, ,0.0,0.0,2,2960,0,1,220,0,1,0
FC,ZA,47.821611,35.286389,0,DNP,0.0,0.0,220.0,7.0,2,1970,0,0,0,0,0,1
CF,CF02R,47.741497,35.236864,1,IZA,195.8,9.4,16.0,4.0,1,1970,0,0,0,0,0,0

APPTR,I02R,02R,ZA2
IF,ZA,47.821611,35.286389, ,0.0,0.0,2,2960,0,1,220,0,1,0
FC,ZA,47.821611,35.286389,0,DNP,0.0,0.0,210.0,7.5,2,1970,0,0,0,0,0,1
CF,CF02R,47.741497,35.236864,1,IZA,195.8,9.4,16.0,4.0,1,1970,0,0,0,0,0,0

FINAL,I02R,02R,I,3
IF,CF02R,47.741497,35.236864,IZA,195.8,9.4,1,1970,0,0,0,0,0,0
CF,FF02R,47.772442,35.255397,0,IZA,196.0,7.4,16.0,2.0,1,1970,0,0,0,0,2,0
CF,RW02R,47.856744,35.308672,0,IZA,195.7,1.9,16.0,5.5,1,393,0,0,0,0,3,0
CA,0,16.0,2,1970,0,0,0,0,0,0
DF,ZA,47.821611,35.286389,2, ,0.0,0.0,2,2960,0,0,0,0,0,0

FINAL,I20L,20L,I,3
IF,CF20L,48.013319,35.406306,IZP,15.7,10.4,1,1970,0,0,0,0,0,0
CF,FF20L,47.951889,35.367892,0,IZP,15.7,6.4,196.0,4.0,1,1970,0,0,0,0,2,0
CF,RW20L,47.877508,35.321514,0,IZP,15.7,1.6,196.0,4.8,1,427,0,0,0,0,3,0
CA,0,196.0,2,1970,0,0,0,0,0,0
DF,ZP,47.886000,35.326806,1, ,0.0,0.0,2,2960,0,0,0,0,0,0

APPTR,N02L,02L,ZA1
IF,ZA,47.821611,35.286389, ,0.0,0.0,2,2960,0,1,220,0,1,0
FC,ZA,47.821611,35.286389,0,DNP,0.0,0.0,220.0,7.0,2,1970,0,0,0,0,0,1
CF,FF02L,47.775217,35.257058,1,DNP,162.0,35.7,16.0,5.0,2,1970,0,0,0,0,0,0

APPTR,N02L,02L,ZA2
IF,ZA,47.821611,35.286389, ,0.0,0.0,2,2960,0,1,220,0,1,0
FC,ZA,47.821611,35.286389,0,DNP,0.0,0.0,210.0,7.5,2,1970,0,0,0,0,0,1
CF,FF02L,47.775217,35.257058,1,DNP,162.0,35.7,16.0,5.0,2,1970,0,0,0,0,0,0

FINAL,N02L,02L,N,3
IF,FF02L,47.775217,35.257058,ZA,0.0,0.0,2,1970,0,0,0,0,2,0
CF,ZA,47.821611,35.286389,0,ZA,0.0,0.0,16.0,3.0,2,1100,0,0,0,0,0,0
CF,RW02L,47.859517,35.309208,0,ZA,0.0,0.0,16.0,2.5,1,399,0,0,0,0,3,0
CF,ZP,47.886000,35.326806,0,DNP,154.4,29.8,16.0,1.7,0,0,0,0,0,0,0,1
CA,0,16.0,2,1970,0,0,0,0,0,0
DF,ZA,47.821611,35.286389,2, ,0.0,0.0,2,2960,0,0,0,0,0,0

APPTR,N02R,02R,ZA1
IF,ZA,47.821611,35.286389, ,0.0,0.0,2,2960,0,1,220,0,1,0
FC,ZA,47.821611,35.286389,0,DNP,0.0,0.0,220.0,7.0,2,1970,0,0,0,0,0,1
CF,FF02R,47.772442,35.255397,1,DNP,162.1,35.8,16.0,5.0,2,1970,0,0,0,0,0,0

APPTR,N02R,02R,ZA2
IF,ZA,47.821611,35.286389, ,0.0,0.0,2,2960,0,1,220,0,1,0
FC,ZA,47.821611,35.286389,0,DNP,0.0,0.0,210.0,7.5,2,1970,0,0,0,0,0,1
CF,FF02R,47.772442,35.255397,1,DNP,162.1,35.8,16.0,5.0,2,1970,0,0,0,0,0,0

FINAL,N02R,02R,N,3
IF,FF02R,47.772442,35.255397,ZA,0.0,0.0,2,1970,0,0,0,0,2,0
CF,ZA,47.821611,35.286389,0,ZA,0.0,0.0,16.0,3.2,2,1070,0,0,0,0,0,0
CF,RW02R,47.856744,35.308672,0,ZA,0.0,0.0,16.0,2.3,1,393,0,0,0,0,3,0
CF,ZP,47.886000,35.326806,0,DNP,154.4,29.8,16.0,1.9,0,0,0,0,0,0,0,1
CA,0,16.0,2,1970,0,0,0,0,0,0
DF,ZA,47.821611,35.286389,2, ,0.0,0.0,2,2960,0,0,0,0,0,0

FINAL,N20L,20L,N,2
IF,FN20,47.952003,35.368514,ZP,0.0,0.0,2,1970,0,0,0,0,2,0
CF,ZP,47.886000,35.326806,0,ZP,0.0,0.0,196.0,4.3,1,602,0,0,0,0,3,0
CA,0,196.0,2,1970,0,0,0,0,0,0
DF,ZP,47.886000,35.326806,1, ,0.0,0.0,2,2960,0,0,0,0,0,0

FINAL,N20R,20R,N,2
IF,FN20,47.952003,35.368514,ZP,0.0,0.0,2,1970,0,0,0,0,2,0
CF,ZP,47.886000,35.326806,0,ZP,0.0,0.0,196.0,4.3,1,613,0,0,0,0,3,0
CA,0,196.0,2,1970,0,0,0,0,0,0
DF,ZP,47.886000,35.326806,1, ,0.0,0.0,2,2960,0,0,0,0,0,0

