SID,GODO2F,15,2
CA,0,154.0,2,1810,0,0,0,0,0,0
VI,0, ,0.0,89.0,0,0,0,0,0,0,0,0
CF,GODOD,48.357778,32.673056,0,KVH,119.2,18.9,119.0,13.0,2,7060,0,0,0,0,0,0

SID,GODO2G,33,2
CA,0,334.0,2,1810,0,0,0,0,0,0
DF,KVH,48.544583,32.291917,1, ,0.0,0.0,2,3940,0,0,0,0,0,0
TF,GODOD,48.357778,32.673056,0, ,0.0,0.0,0.0,0.0,2,7060,0,0,0,0,0,0

SID,KOSN2F,15,2
CA,0,154.0,2,1810,0,0,0,0,0,0
DF,KVH,48.544583,32.291917,1, ,0.0,0.0,2,3940,0,0,0,0,0,0
TF,KOSNA,48.448333,31.433333,0, ,0.0,0.0,0.0,0.0,2,8040,0,0,0,0,0,0

SID,KOSN2G,33,2
CA,0,334.0,2,1810,0,0,0,0,0,0
VI,1, ,0.0,224.0,0,0,0,0,0,0,0,0
CF,KOSNA,48.448333,31.433333,0,KVH,253.8,34.8,254.0,25.0,2,8040,0,0,0,0,0,0

SID,MIMK2F,15,2
CA,0,154.0,2,1810,0,0,0,0,0,0
DF,KVH,48.544583,32.291917,1, ,0.0,0.0,2,3940,0,0,0,0,0,0
TF,MIMKO,49.040833,31.209444,0, ,0.0,0.0,0.0,0.0,2,8040,0,0,0,0,0,0

SID,MIMK2G,33,2
CA,0,334.0,2,1810,0,0,0,0,0,0
VI,0, ,0.0,268.0,0,0,0,0,0,0,0,0
CF,MIMKO,49.040833,31.209444,0,KVH,298.2,52.3,298.0,46.0,2,8040,0,0,0,0,0,0

STAR,GODO2K,15,2
IF,GODOD,48.357778,32.673056, ,0.0,0.0,2,6070,0,0,0,0,0,0
TF,KVH,48.544583,32.291917,0, ,0.0,0.0,0.0,0.0,1,2960,0,0,0,0,0,0

STAR,GODO2L,33,2
IF,GODOD,48.357778,32.673056, ,0.0,0.0,2,6070,0,0,0,0,0,0
TF,KVH,48.544583,32.291917,0, ,0.0,0.0,0.0,0.0,1,2960,0,0,0,0,0,0

STAR,KOSN2K,15,2
IF,KOSNA,48.448333,31.433333, ,0.0,0.0,2,9030,0,0,0,0,0,0
TF,KVH,48.544583,32.291917,0, ,0.0,0.0,0.0,0.0,1,2960,0,0,0,0,0,0

STAR,KOSN2L,33,2
IF,KOSNA,48.448333,31.433333, ,0.0,0.0,2,9030,0,0,0,0,0,0
TF,KVH,48.544583,32.291917,0, ,0.0,0.0,0.0,0.0,1,2960,0,0,0,0,0,0

STAR,MIMK2K,15,2
IF,MIMKO,49.040833,31.209444, ,0.0,0.0,2,9030,0,0,0,0,0,0
TF,KVH,48.544583,32.291917,0, ,0.0,0.0,0.0,0.0,1,2960,0,0,0,0,0,0

STAR,MIMK2L,33,2
IF,MIMKO,49.040833,31.209444, ,0.0,0.0,2,9030,0,0,0,0,0,0
TF,KVH,48.544583,32.291917,0, ,0.0,0.0,0.0,0.0,1,2960,0,0,0,0,0,0

APPTR,D15,15,KVH
IF,KVH,48.544583,32.291917, ,0.0,0.0,2,2960,0,1,200,0,1,0
FD,KVH,48.544583,32.291917,0,KVH,0.0,6.6,349.0,6.6,2,2140,0,0,0,0,0,0
CF,FF15,48.620003,32.231417,1,KVH,325.0,5.1,145.0,2.0,2,2140,0,0,0,0,0,0

FINAL,D15,15,D,2
IF,FF15,48.620003,32.231417,KVH,325.0,5.1,2,2140,0,0,0,0,2,0
CF,RW15,48.548014,32.285450,0,KVH,301.6,0.3,145.0,4.8,1,601,0,0,0,0,3,1
CF,KVH,48.544583,32.291917,0,KVH,0.0,0.0,145.0,0.3,0,0,0,0,0,0,0,1
CA,0,145.0,2,1810,0,0,0,0,0,0
DF,KVH,48.544583,32.291917,1, ,0.0,0.0,1,2140,0,1,240,0,0,0

APPTR,D33,33,KVH
IF,KVH,48.544583,32.291917,KVH,0.0,0.0,2,2960,0,1,200,0,1,0
FD,KVH,48.544583,32.291917,0,KVH,0.0,6.8,140.0,6.8,2,2140,0,0,0,0,0,0
CF,FF33,48.457814,32.314917,2,KVH,163.0,5.3,343.0,2.0,2,2140,0,0,0,0,0,0

FINAL,D33,33,D,2
IF,FF33,48.457814,32.314917,KVH,163.0,5.3,2,2140,0,0,0,0,2,0
CF,RW33,48.536958,32.291217,0,KVH,176.5,0.5,343.0,4.9,1,608,0,0,0,0,3,1
CF,KVH,48.544583,32.291917,0,KVH,0.0,0.0,343.0,0.5,0,0,0,0,0,0,0,1
CA,0,343.0,2,1810,0,0,0,0,0,0
DF,KVH,48.544583,32.291917,2, ,0.0,0.0,1,2140,0,1,240,0,0,0

