FINAL,I04,04,I,3
IF,CI04,46.971908,31.763811,INI,224.0,9.4,2,1970,0,0,0,0,0,0
CF,FF04,46.992706,31.801856,0,INI,223.9,7.4,44.0,2.0,1,1970,0,0,0,0,2,0
CF,RW04,47.050758,31.906367,0,INI,223.6,1.9,44.0,5.5,1,210,0,0,0,0,3,0
CA,0,44.0,2,1480,0,0,0,0,0,0
DF,NI,47.045139,31.896417,1, ,0.0,0.0,1,1970,0,0,0,0,0,0

FINAL,N04,04,N,2
IF,FF04,46.992706,31.801856,NI,0.0,0.0,2,1970,0,0,0,0,2,0
CF,NI,47.045139,31.896417,0,NI,0.0,0.0,44.0,5.0,1,379,0,0,0,0,3,0
CA,0,44.0,2,1480,0,0,0,0,0,0
DF,NI,47.045139,31.896417,1, ,0.0,0.0,2,1970,0,0,0,0,0,0

FINAL,N22,22,N,2
IF,FF22,47.122189,32.035972,NI,0.0,0.0,2,1970,0,0,0,0,2,0
CF,RW22,47.065347,31.932356,0,NI,0.0,0.0,224.0,5.5,1,235,0,0,0,0,3,0
CF,NI,47.045139,31.896417,0,NI,0.0,0.0,224.0,1.9,0,0,0,0,0,0,0,1
CA,0,224.0,2,1480,0,0,0,0,0,0
DF,NI,47.045139,31.896417,2, ,0.0,0.0,2,1970,0,0,0,0,0,0

