SID,AMGO3E,16,2
CA,0,157.0,2,1970,0,0,0,0,0,0
CI,0, ,0.0,74.0,0,0,0,0,0,0,0,0
CF,AMGOL,46.073333,31.435000,0,ODS,117.7,38.4,119.0,29.0,2,9030,0,0,0,0,0,0

SID,AMGO3F,34,2
CA,0,337.0,2,1970,0,0,0,0,0,0
DF,E,46.406111,30.685278,1, ,0.0,0.0,2,4930,0,0,0,0,0,0
TF,AMGOL,46.073333,31.435000,0, ,0.0,0.0,0.0,0.0,2,9030,0,0,0,0,0,0

SID,AMGO3W,16,5
CF,OO110,46.344167,30.712222,0,ODS,155.6,5.5,157.0,5.0,2,1970,0,0,0,0,0,1
TF,OO120,46.284444,30.738056,0, ,0.0,0.0,0.0,0.0,0,0,0,0,0,0,0,0
TF,OO130,46.204167,30.772778,0, ,0.0,0.0,0.0,0.0,0,0,0,0,0,0,0,0
TF,OOS05,46.166111,30.966389,0, ,0.0,0.0,0.0,0.0,2,9030,0,0,0,0,0,0
TF,AMGOL,46.073333,31.435000,0, ,0.0,0.0,0.0,0.0,2,9030,0,0,0,0,0,0

SID,AMGO3X,34,5
CF,OO310,46.509722,30.640278,0,ODS,339.1,4.9,337.0,5.0,2,1970,0,0,0,0,0,1
TF,OO320,46.569167,30.614444,0, ,0.0,0.0,0.0,0.0,0,0,0,0,0,0,0,0
TF,OON04,46.602500,30.776111,0, ,0.0,0.0,0.0,0.0,4,7060,4930,0,0,0,0,0
TF,OOE04,46.384722,30.995833,0, ,0.0,0.0,0.0,0.0,2,9030,0,0,0,0,0,0
TF,AMGOL,46.073333,31.435000,0, ,0.0,0.0,0.0,0.0,2,9030,0,0,0,0,0,0

SID,BANI3E,16,2
CA,0,157.0,2,1970,0,0,0,0,0,0
CI,1, ,0.0,359.0,0,0,0,0,0,0,0,0
CF,BANID,46.555278,31.541111,0,ODS,71.9,36.9,74.0,31.0,2,11000,0,0,0,0,0,0

SID,BANI3F,34,2
CA,0,337.0,2,1970,0,0,0,0,0,0
DF,E,46.406111,30.685278,1, ,0.0,0.0,2,4930,0,0,0,0,0,0
TF,BANID,46.555278,31.541111,0, ,0.0,0.0,0.0,0.0,2,11000,0,0,0,0,0,0

SID,BANI3W,16,5
CF,OO110,46.344167,30.712222,0,ODS,155.6,5.5,157.0,5.0,2,1970,0,0,0,0,0,1
TF,OO120,46.284444,30.738056,0, ,0.0,0.0,0.0,0.0,0,0,0,0,0,0,0,0
TF,OOS01,46.317778,30.898889,0, ,0.0,0.0,0.0,0.0,4,7060,4930,0,0,0,0,0
TF,OO140,46.369722,31.150833,0, ,0.0,0.0,0.0,0.0,2,11000,0,0,0,0,0,0
TF,BANID,46.555278,31.541111,0, ,0.0,0.0,0.0,0.0,2,11000,0,0,0,0,0,0

SID,BANI3X,34,5
CF,OO310,46.509722,30.640278,0,ODS,339.1,4.9,337.0,5.0,2,1970,0,0,0,0,0,1
TF,OO320,46.569167,30.614444,0, ,0.0,0.0,0.0,0.0,0,0,0,0,0,0,0,0
TF,OON04,46.602500,30.776111,0, ,0.0,0.0,0.0,0.0,4,7060,4930,0,0,0,0,0
TF,OOE06,46.526944,31.123889,0, ,0.0,0.0,0.0,0.0,2,11000,0,0,0,0,0,0
TF,BANID,46.555278,31.541111,0, ,0.0,0.0,0.0,0.0,2,11000,0,0,0,0,0,0

SID,BUNA2W,16,5
CF,OO110,46.344167,30.712222,0,ODS,155.6,5.5,157.0,5.0,2,1970,0,0,0,0,0,1
TF,OO120,46.284444,30.738056,0, ,0.0,0.0,0.0,0.0,0,0,0,0,0,0,0,0
TF,OOS03,46.250833,30.577500,0, ,0.0,0.0,0.0,0.0,4,7060,4930,0,0,0,0,0
TF,BUNAG,46.066667,30.433333,0, ,0.0,0.0,0.0,0.0,2,10010,0,0,0,0,0,0

SID,BUNA3E,16,2
CA,0,157.0,2,1970,0,0,0,0,0,0
CI,0, ,0.0,246.0,0,0,0,0,0,0,0,0
CF,BUNAG,46.066667,30.433333,0,ODS,198.5,24.0,197.0,15.0,2,10010,0,0,0,0,0,0

SID,BUNA3F,34,2
CA,0,337.0,2,1970,0,0,0,0,0,0
DF,E,46.406111,30.685278,2, ,0.0,0.0,2,4930,0,0,0,0,0,0
TF,BUNAG,46.066667,30.433333,0, ,0.0,0.0,0.0,0.0,2,10010,0,0,0,0,0,0

SID,BUNA3X,34,5
CF,OO310,46.509722,30.640278,0,ODS,339.1,4.9,337.0,5.0,2,1970,0,0,0,0,0,1
TF,OO320,46.569167,30.614444,0, ,0.0,0.0,0.0,0.0,0,0,0,0,0,0,0,0
TF,OON02,46.535833,30.453889,0, ,0.0,0.0,0.0,0.0,4,7060,4930,0,0,0,0,0
TF,OOW04,46.189167,30.479167,0, ,0.0,0.0,0.0,0.0,2,10010,0,0,0,0,0,0
TF,BUNAG,46.066667,30.433333,0, ,0.0,0.0,0.0,0.0,2,10010,0,0,0,0,0,0

SID,KOSA3E,16,2
CA,0,157.0,2,1970,0,0,0,0,0,0
CI,1, ,0.0,33.0,0,0,0,0,0,0,0,0
CF,KOSAK,46.316667,31.533333,0,ODS,94.5,36.5,97.0,28.0,2,11000,0,0,0,0,0,0

SID,KOSA3F,34,2
CA,0,337.0,2,1970,0,0,0,0,0,0
DF,E,46.406111,30.685278,1, ,0.0,0.0,0,0,0,0,0,0,0,0
TF,KOSAK,46.316667,31.533333,0, ,0.0,0.0,0.0,0.0,2,11000,0,0,0,0,0,0

SID,KOSA3W,16,5
CF,OO110,46.344167,30.712222,0,ODS,155.6,5.5,157.0,5.0,2,1970,0,0,0,0,0,1
TF,OO120,46.284444,30.738056,0, ,0.0,0.0,0.0,0.0,0,0,0,0,0,0,0,0
TF,OOS01,46.317778,30.898889,0, ,0.0,0.0,0.0,0.0,4,7060,4930,0,0,0,0,0
TF,OO140,46.369722,31.150833,0, ,0.0,0.0,0.0,0.0,2,11000,0,0,0,0,0,0
TF,KOSAK,46.316667,31.533333,0, ,0.0,0.0,0.0,0.0,2,11000,0,0,0,0,0,0

SID,KOSA3X,34,5
CF,OO310,46.509722,30.640278,0,ODS,339.1,4.9,337.0,5.0,2,1970,0,0,0,0,0,1
TF,OO320,46.569167,30.614444,0, ,0.0,0.0,0.0,0.0,0,0,0,0,0,0,0,0
TF,OON04,46.602500,30.776111,0, ,0.0,0.0,0.0,0.0,4,7060,4930,0,0,0,0,0
TF,OOE06,46.526944,31.123889,0, ,0.0,0.0,0.0,0.0,2,11000,0,0,0,0,0,0
TF,KOSAK,46.316667,31.533333,0, ,0.0,0.0,0.0,0.0,2,11000,0,0,0,0,0,0

SID,MOKA3E,16,2
CA,0,157.0,2,1970,0,0,0,0,0,0
DF,D,46.447222,30.667778,2, ,0.0,0.0,2,4930,0,0,0,0,0,0
TF,MOKAD,46.776667,31.350000,0, ,0.0,0.0,0.0,0.0,2,9030,0,0,0,0,0,0

SID,MOKA3F,34,2
CA,0,337.0,2,1970,0,0,0,0,0,0
CI,2, ,0.0,113.0,0,0,0,0,0,0,0,0
CF,MOKAD,46.776667,31.350000,0,ODS,47.3,35.0,45.0,27.0,2,9030,0,0,0,0,0,0

SID,MOKA3W,16,5
CF,OO110,46.344167,30.712222,0,ODS,155.6,5.5,157.0,5.0,2,1970,0,0,0,0,0,1
TF,OO120,46.284444,30.738056,0, ,0.0,0.0,0.0,0.0,0,0,0,0,0,0,0,0
TF,OOS01,46.317778,30.898889,0, ,0.0,0.0,0.0,0.0,4,7060,4930,0,0,0,0,0
TF,OO150,46.527222,31.104444,0, ,0.0,0.0,0.0,0.0,2,9030,0,0,0,0,0,0
TF,OOE03,46.613056,31.188889,0, ,0.0,0.0,0.0,0.0,2,9030,0,0,0,0,0,0
TF,MOKAD,46.776667,31.350000,0, ,0.0,0.0,0.0,0.0,2,9030,0,0,0,0,0,0

SID,MOKA3X,34,5
CF,OO310,46.509722,30.640278,0,ODS,339.1,4.9,337.0,5.0,2,1970,0,0,0,0,0,1
TF,OO320,46.569167,30.614444,0, ,0.0,0.0,0.0,0.0,0,0,0,0,0,0,0,0
TF,OON04,46.602500,30.776111,0, ,0.0,0.0,0.0,0.0,4,7060,4930,0,0,0,0,0
TF,OO330,46.686667,31.053333,0, ,0.0,0.0,0.0,0.0,2,7060,0,0,0,0,0,0
TF,MOKAD,46.776667,31.350000,0, ,0.0,0.0,0.0,0.0,2,9030,0,0,0,0,0,0

SID,ODSA1X,34,5
CF,OO310,46.509722,30.640278,0,ODS,339.1,4.9,337.0,5.0,2,1970,0,0,0,0,0,1
TF,OO320,46.569167,30.614444,0, ,0.0,0.0,0.0,0.0,0,0,0,0,0,0,0,0
TF,ODSAN,47.157778,30.431111,0, ,0.0,0.0,0.0,0.0,2,10010,0,0,0,0,0,0

SID,ODSA2E,16,2
CA,0,157.0,2,1970,0,0,0,0,0,0
DF,D,46.447222,30.667778,2, ,0.0,0.0,2,4930,0,0,0,0,0,0
TF,ODSAN,47.157778,30.431111,0, ,0.0,0.0,0.0,0.0,2,10010,0,0,0,0,0,0

SID,ODSA2F,34,2
CA,0,337.0,2,1970,0,0,0,0,0,0
CF,ODSAN,47.157778,30.431111,0,ODS,341.3,44.8,341.0,40.0,2,10010,0,0,0,0,0,0

SID,ODSA2W,16,5
CF,OO110,46.344167,30.712222,0,ODS,155.6,5.5,157.0,5.0,2,1970,0,0,0,0,0,1
TF,OO120,46.284444,30.738056,0, ,0.0,0.0,0.0,0.0,0,0,0,0,0,0,0,0
TF,OOS03,46.250833,30.577500,0, ,0.0,0.0,0.0,0.0,4,7060,4930,0,0,0,0,0
TF,OOW01,46.573611,30.436667,0, ,0.0,0.0,0.0,0.0,2,8040,0,0,0,0,0,0
TF,ODSAN,47.157778,30.431111,0, ,0.0,0.0,0.0,0.0,2,10010,0,0,0,0,0,0

SID,PERE2W,16,5
CF,OO110,46.344167,30.712222,0,ODS,155.6,5.5,157.0,5.0,2,1970,0,0,0,0,0,1
TF,OO120,46.284444,30.738056,0, ,0.0,0.0,0.0,0.0,0,0,0,0,0,0,0,0
TF,OO130,46.204167,30.772778,0, ,0.0,0.0,0.0,0.0,0,0,0,0,0,0,0,0
TF,PERED,45.927778,30.863056,0, ,0.0,0.0,0.0,0.0,2,9030,0,0,0,0,0,0

SID,PERE3E,16,2
CA,0,157.0,2,1970,0,0,0,0,0,0
CF,PERED,45.927778,30.863056,0,ODS,159.1,31.2,159.0,25.0,2,9030,0,0,0,0,0,0

SID,PERE3F,34,2
CA,0,337.0,2,1970,0,0,0,0,0,0
DF,E,46.406111,30.685278,1, ,0.0,0.0,2,4930,0,0,0,0,0,0
TF,PERED,45.927778,30.863056,0, ,0.0,0.0,0.0,0.0,2,9030,0,0,0,0,0,0

SID,PERE3X,34,5
CF,OO310,46.509722,30.640278,0,ODS,339.1,4.9,337.0,5.0,2,1970,0,0,0,0,0,1
TF,OO320,46.569167,30.614444,0, ,0.0,0.0,0.0,0.0,0,0,0,0,0,0,0,0
TF,OON02,46.535833,30.453889,0, ,0.0,0.0,0.0,0.0,4,7060,4930,0,0,0,0,0
TF,OOW02,46.213056,30.594444,0, ,0.0,0.0,0.0,0.0,2,9030,0,0,0,0,0,0
TF,PERED,45.927778,30.863056,0, ,0.0,0.0,0.0,0.0,2,9030,0,0,0,0,0,0

SID,RATN2W,16,5
CF,OO110,46.344167,30.712222,0,ODS,155.6,5.5,157.0,5.0,2,1970,0,0,0,0,0,1
TF,OO120,46.284444,30.738056,0, ,0.0,0.0,0.0,0.0,0,0,0,0,0,0,0,0
TF,OOS03,46.250833,30.577500,0, ,0.0,0.0,0.0,0.0,4,7060,4930,0,0,0,0,0
TF,RATNO,46.173333,30.196389,0, ,0.0,0.0,0.0,0.0,2,10010,0,0,0,0,0,0

SID,RATN3E,16,2
CA,0,157.0,2,1970,0,0,0,0,0,0
CI,2, ,0.0,297.0,0,0,0,0,0,0,0,0
CF,RATNO,46.173333,30.196389,0,ODS,226.2,25.1,224.0,18.0,2,10010,0,0,0,0,0,0

SID,RATN3F,34,2
CA,0,337.0,2,1970,0,0,0,0,0,0
DF,E,46.406111,30.685278,2, ,0.0,0.0,2,4930,0,0,0,0,0,0
TF,RATNO,46.173333,30.196389,0, ,0.0,0.0,0.0,0.0,2,10010,0,0,0,0,0,0

SID,RATN3X,34,5
CF,OO310,46.509722,30.640278,0,ODS,339.1,4.9,337.0,5.0,2,1970,0,0,0,0,0,1
TF,OO320,46.569167,30.614444,0, ,0.0,0.0,0.0,0.0,0,0,0,0,0,0,0,0
TF,OON02,46.535833,30.453889,0, ,0.0,0.0,0.0,0.0,4,7060,4930,0,0,0,0,0
TF,RATNO,46.173333,30.196389,0, ,0.0,0.0,0.0,0.0,2,10010,0,0,0,0,0,0

SID,RETR3E,16,2
CA,0,157.0,2,1970,0,0,0,0,0,0
DF,D,46.447222,30.667778,1, ,0.0,0.0,2,4930,0,0,0,0,0,0
TF,RETRO,47.012778,29.611111,0, ,0.0,0.0,0.0,0.0,2,10010,0,0,0,0,0,0

SID,RETR3F,34,2
CA,0,337.0,2,1970,0,0,0,0,0,0
CI,0, ,0.0,264.0,0,0,0,0,0,0,0,0
CF,RETRO,47.012778,29.611111,0,ODS,303.0,56.0,303.0,47.0,2,10010,0,0,0,0,0,0

SID,RETR3W,16,5
CF,OO110,46.344167,30.712222,0,ODS,155.6,5.5,157.0,5.0,2,1970,0,0,0,0,0,1
TF,OO120,46.284444,30.738056,0, ,0.0,0.0,0.0,0.0,0,0,0,0,0,0,0,0
TF,OOS03,46.250833,30.577500,0, ,0.0,0.0,0.0,0.0,4,7060,4930,0,0,0,0,0
TF,OOW03,46.549722,30.320833,0, ,0.0,0.0,0.0,0.0,2,8040,0,0,0,0,0,0
TF,RETRO,47.012778,29.611111,0, ,0.0,0.0,0.0,0.0,2,10010,0,0,0,0,0,0

SID,RETR3X,34,5
CF,OO310,46.509722,30.640278,0,ODS,339.1,4.9,337.0,5.0,2,1970,0,0,0,0,0,1
TF,OO320,46.569167,30.614444,0, ,0.0,0.0,0.0,0.0,0,0,0,0,0,0,0,0
TF,OON02,46.535833,30.453889,0, ,0.0,0.0,0.0,0.0,4,7060,4930,0,0,0,0,0
TF,RETRO,47.012778,29.611111,0, ,0.0,0.0,0.0,0.0,2,10010,0,0,0,0,0,0

SID,SURA3E,16,2
CA,0,157.0,2,1970,0,0,0,0,0,0
DF,D,46.447222,30.667778,1, ,0.0,0.0,2,4930,0,0,0,0,0,0
TF,SURAP,46.544722,29.900000,0, ,0.0,0.0,0.0,0.0,2,8040,0,0,0,0,0,0

SID,SURA3F,34,2
CA,0,337.0,2,1970,0,0,0,0,0,0
CI,1, ,0.0,218.0,0,0,0,0,0,0,0,0
CF,SURAP,46.544722,29.900000,0,ODS,276.4,32.7,278.0,25.0,2,8040,0,0,0,0,0,0

SID,SURA3W,16,5
CF,OO110,46.344167,30.712222,0,ODS,155.6,5.5,157.0,5.0,2,1970,0,0,0,0,0,1
TF,OO120,46.284444,30.738056,0, ,0.0,0.0,0.0,0.0,0,0,0,0,0,0,0,0
TF,OOS03,46.250833,30.577500,0, ,0.0,0.0,0.0,0.0,4,7060,4930,0,0,0,0,0
TF,OOW03,46.549722,30.320833,0, ,0.0,0.0,0.0,0.0,2,8040,0,0,0,0,0,0
TF,SURAP,46.544722,29.900000,0, ,0.0,0.0,0.0,0.0,2,8040,0,0,0,0,0,0

SID,SURA3X,34,5
CF,OO310,46.509722,30.640278,0,ODS,339.1,4.9,337.0,5.0,2,1970,0,0,0,0,0,1
TF,OO320,46.569167,30.614444,0, ,0.0,0.0,0.0,0.0,0,0,0,0,0,0,0,0
TF,OON02,46.535833,30.453889,0, ,0.0,0.0,0.0,0.0,4,7060,4930,0,0,0,0,0
TF,SURAP,46.544722,29.900000,0, ,0.0,0.0,0.0,0.0,2,8040,0,0,0,0,0,0

SID,TARK2W,16,5
CF,OO110,46.344167,30.712222,0,ODS,155.6,5.5,157.0,5.0,2,1970,0,0,0,0,0,1
TF,OO120,46.284444,30.738056,0, ,0.0,0.0,0.0,0.0,0,0,0,0,0,0,0,0
TF,OO130,46.204167,30.772778,0, ,0.0,0.0,0.0,0.0,0,0,0,0,0,0,0,0
TF,TARKA,45.865000,31.100000,0, ,0.0,0.0,0.0,0.0,2,9030,0,0,0,0,0,0

SID,TARK3E,16,2
CA,0,157.0,2,1970,0,0,0,0,0,0
CF,TARKA,45.865000,31.100000,0,ODS,146.0,38.4,147.0,33.0,2,9030,0,0,0,0,0,0

SID,TARK3F,34,2
CA,0,337.0,2,1970,0,0,0,0,0,0
DF,E,46.406111,30.685278,1, ,0.0,0.0,2,4930,0,0,0,0,0,0
TF,TARKA,45.865000,31.100000,0, ,0.0,0.0,0.0,0.0,2,9030,0,0,0,0,0,0

SID,TARK3X,34,5
CF,OO310,46.509722,30.640278,0,ODS,339.1,4.9,337.0,5.0,2,1970,0,0,0,0,0,1
TF,OO320,46.569167,30.614444,0, ,0.0,0.0,0.0,0.0,0,0,0,0,0,0,0,0
TF,OON04,46.602500,30.776111,0, ,0.0,0.0,0.0,0.0,4,7060,4930,0,0,0,0,0
TF,OOE02,46.360556,30.880000,0, ,0.0,0.0,0.0,0.0,2,9030,0,0,0,0,0,0
TF,TARKA,45.865000,31.100000,0, ,0.0,0.0,0.0,0.0,2,9030,0,0,0,0,0,0

SID,TURS3E,16,2
CA,0,157.0,2,1970,0,0,0,0,0,0
DF,D,46.447222,30.667778,1, ,0.0,0.0,2,4930,0,0,0,0,0,0
TF,TURSA,46.648611,29.943889,0, ,0.0,0.0,0.0,0.0,2,8040,0,0,0,0,0,0

SID,TURS3F,34,2
CA,0,337.0,2,1970,0,0,0,0,0,0
CI,1, ,0.0,240.0,0,0,0,0,0,0,0,0
CF,TURSA,46.648611,29.943889,0,ODS,287.8,32.8,289.0,25.0,2,8040,0,0,0,0,0,0

SID,TURS3W,16,5
CF,OO110,46.344167,30.712222,0,ODS,155.6,5.5,157.0,5.0,2,1970,0,0,0,0,0,1
TF,OO120,46.284444,30.738056,0, ,0.0,0.0,0.0,0.0,0,0,0,0,0,0,0,0
TF,OOS03,46.250833,30.577500,0, ,0.0,0.0,0.0,0.0,4,7060,4930,0,0,0,0,0
TF,OOW03,46.549722,30.320833,0, ,0.0,0.0,0.0,0.0,2,8040,0,0,0,0,0,0
TF,TURSA,46.648611,29.943889,0, ,0.0,0.0,0.0,0.0,2,8040,0,0,0,0,0,0

SID,TURS3X,34,5
CF,OO310,46.509722,30.640278,0,ODS,339.1,4.9,337.0,5.0,2,1970,0,0,0,0,0,1
TF,OO320,46.569167,30.614444,0, ,0.0,0.0,0.0,0.0,0,0,0,0,0,0,0,0
TF,OON02,46.535833,30.453889,0, ,0.0,0.0,0.0,0.0,4,7060,4930,0,0,0,0,0
TF,TURSA,46.648611,29.943889,0, ,0.0,0.0,0.0,0.0,2,8040,0,0,0,0,0,0

SID,VAKO1X,34,5
CF,OO310,46.509722,30.640278,0,ODS,339.1,4.9,337.0,5.0,2,1970,0,0,0,0,0,1
TF,OO320,46.569167,30.614444,0, ,0.0,0.0,0.0,0.0,0,0,0,0,0,0,0,0
TF,VAKOM,47.431667,30.759444,0, ,0.0,0.0,0.0,0.0,2,19000,0,0,0,0,0,0

SID,VAKO2E,16,2
CA,0,157.0,2,1970,0,0,0,0,0,0
DF,D,46.447222,30.667778,2, ,0.0,0.0,2,4930,0,0,0,0,0,0
TF,VAKOM,47.431667,30.759444,0, ,0.0,0.0,0.0,0.0,2,19000,0,0,0,0,0,0

SID,VAKO2F,34,2
CA,0,337.0,2,1970,0,0,0,0,0,0
CI,0, ,0.0,22.0,0,0,0,0,0,0,0,0
CF,VAKOM,47.431667,30.759444,0,ODS,357.4,60.2,357.0,51.0,2,19000,0,0,0,0,0,0

SID,VAKO2W,16,5
CF,OO110,46.344167,30.712222,0,ODS,155.6,5.5,157.0,5.0,2,1970,0,0,0,0,0,1
TF,OO120,46.284444,30.738056,0, ,0.0,0.0,0.0,0.0,0,0,0,0,0,0,0,0
TF,OOS03,46.250833,30.577500,0, ,0.0,0.0,0.0,0.0,4,7060,4930,0,0,0,0,0
TF,OOW01,46.573611,30.436667,0, ,0.0,0.0,0.0,0.0,2,8040,0,0,0,0,0,0
TF,OON01,46.999167,30.596111,0, ,0.0,0.0,0.0,0.0,2,15000,0,0,0,0,0,0
TF,VAKOM,47.431667,30.759444,0, ,0.0,0.0,0.0,0.0,2,19000,0,0,0,0,0,0

SID,XONK1X,34,5
CF,OO310,46.509722,30.640278,0,ODS,339.1,4.9,337.0,5.0,2,1970,0,0,0,0,0,1
TF,OO320,46.569167,30.614444,0, ,0.0,0.0,0.0,0.0,0,0,0,0,0,0,0,0
TF,XONKO,46.975278,30.875278,0, ,0.0,0.0,0.0,0.0,2,11000,0,0,0,0,0,0

SID,XONK2E,16,2
CA,0,157.0,2,1970,0,0,0,0,0,0
DF,D,46.447222,30.667778,1, ,0.0,0.0,2,4930,0,0,0,0,0,0
TF,XONKO,46.975278,30.875278,0, ,0.0,0.0,0.0,0.0,2,11000,0,0,0,0,0,0

SID,XONK2F,34,2
CA,0,337.0,2,1970,0,0,0,0,0,0
CI,0, ,0.0,46.0,0,0,0,0,0,0,0,0
CF,XONKO,46.975278,30.875278,0,ODS,8.4,33.8,7.0,25.0,2,11000,0,0,0,0,0,0

SID,XONK2W,16,5
CF,OO110,46.344167,30.712222,0,ODS,155.6,5.5,157.0,5.0,2,1970,0,0,0,0,0,1
TF,OO120,46.284444,30.738056,0, ,0.0,0.0,0.0,0.0,0,0,0,0,0,0,0,0
TF,OOS01,46.317778,30.898889,0, ,0.0,0.0,0.0,0.0,4,7060,4930,0,0,0,0,0
TF,OOE01,46.664444,30.876111,0, ,0.0,0.0,0.0,0.0,2,9030,0,0,0,0,0,0
TF,XONKO,46.975278,30.875278,0, ,0.0,0.0,0.0,0.0,2,11000,0,0,0,0,0,0

STAR,AMGO4G,16,2
IF,AMGOL,46.073333,31.435000, ,0.0,0.0,2,10010,0,0,0,0,0,0
TF,D,46.447222,30.667778,0, ,0.0,0.0,0.0,0.0,2,2960,0,0,0,0,0,0

STAR,AMGO4H,34,2
IF,AMGOL,46.073333,31.435000, ,0.0,0.0,2,10010,0,0,0,0,0,0
TF,E,46.406111,30.685278,0, ,0.0,0.0,0.0,0.0,2,2960,0,0,0,0,0,0

STAR,AMGO4Y,16,5
IF,AMGOL,46.073333,31.435000, ,0.0,0.0,2,10010,0,0,0,0,0,0
TF,OOS01,46.317778,30.898889,0, ,0.0,0.0,0.0,0.0,2,10010,0,0,0,0,0,0
TF,OO260,46.640278,30.759722,0, ,0.0,0.0,0.0,0.0,4,7060,2960,1,220,0,0,0
TF,OO250,46.751111,30.711389,0, ,0.0,0.0,0.0,0.0,2,2960,0,1,220,0,0,0
TF,OO235,46.717500,30.549444,0, ,0.0,0.0,0.0,0.0,2,2960,0,1,220,0,0,0
TF,OO225,46.606667,30.597778,0, ,0.0,0.0,0.0,0.0,2,1970,0,1,220,0,0,0

STAR,AMGO4Z,34,5
IF,AMGOL,46.073333,31.435000, ,0.0,0.0,2,10010,0,0,0,0,0,0
TF,OO490,46.193333,31.078611,0, ,0.0,0.0,0.0,0.0,2,10010,0,0,0,0,0,0
TF,OO480,46.304444,31.030556,0, ,0.0,0.0,0.0,0.0,2,10010,0,0,0,0,0,0
TF,OOE04,46.384722,30.995833,0, ,0.0,0.0,0.0,0.0,2,6070,0,0,0,0,0,0
TF,OOE02,46.360556,30.880000,0, ,0.0,0.0,0.0,0.0,4,8040,2960,1,220,0,0,0
TF,OO470,46.280278,30.914722,0, ,0.0,0.0,0.0,0.0,2,2960,0,1,220,0,0,0
TF,OO460,46.169167,30.962778,0, ,0.0,0.0,0.0,0.0,2,2960,0,1,220,0,0,0
TF,OO435,46.135556,30.802639,0, ,0.0,0.0,0.0,0.0,2,2960,0,1,220,0,0,0
TF,OO425,46.246667,30.754722,0, ,0.0,0.0,0.0,0.0,2,1970,0,1,220,0,0,0

STAR,BANI4G,16,2
IF,BANID,46.555278,31.541111, ,0.0,0.0,2,10010,0,0,0,0,0,0
TF,D,46.447222,30.667778,0, ,0.0,0.0,0.0,0.0,2,2960,0,0,0,0,0,0

STAR,BANI4H,34,2
IF,BANID,46.555278,31.541111, ,0.0,0.0,2,10010,0,0,0,0,0,0
TF,E,46.406111,30.685278,0, ,0.0,0.0,0.0,0.0,2,2960,0,0,0,0,0,0

STAR,BANI4Y,16,5
IF,BANID,46.555278,31.541111, ,0.0,0.0,2,10010,0,0,0,0,0,0
TF,OOE03,46.613056,31.188889,0, ,0.0,0.0,0.0,0.0,2,10010,0,0,0,0,0,0
TF,OOE01,46.664444,30.876111,0, ,0.0,0.0,0.0,0.0,4,7060,2960,0,0,0,0,0
TF,OO260,46.640278,30.759722,0, ,0.0,0.0,0.0,0.0,4,7060,2960,1,220,0,0,0
TF,OO250,46.751111,30.711389,0, ,0.0,0.0,0.0,0.0,2,2960,0,1,220,0,0,0
TF,OO235,46.717500,30.549444,0, ,0.0,0.0,0.0,0.0,2,2960,0,1,220,0,0,0
TF,OO225,46.606667,30.597778,0, ,0.0,0.0,0.0,0.0,2,1970,0,1,220,0,0,0

STAR,BANI4Z,34,5
IF,BANID,46.555278,31.541111, ,0.0,0.0,2,10010,0,0,0,0,0,0
TF,OOE06,46.526944,31.123889,0, ,0.0,0.0,0.0,0.0,2,10010,0,0,0,0,0,0
TF,OOE04,46.384722,30.995833,0, ,0.0,0.0,0.0,0.0,2,6070,0,0,0,0,0,0
TF,OOE02,46.360556,30.880000,0, ,0.0,0.0,0.0,0.0,4,8040,2960,1,220,0,0,0
TF,OO470,46.280278,30.914722,0, ,0.0,0.0,0.0,0.0,2,2960,0,1,220,0,0,0
TF,OO460,46.169167,30.962778,0, ,0.0,0.0,0.0,0.0,2,2960,0,1,220,0,0,0
TF,OO435,46.135556,30.802639,0, ,0.0,0.0,0.0,0.0,2,2960,0,1,220,0,0,0
TF,OO425,46.246667,30.754722,0, ,0.0,0.0,0.0,0.0,2,1970,0,1,220,0,0,0

STAR,MOKA4G,16,2
IF,MOKAD,46.776667,31.350000, ,0.0,0.0,2,10010,0,0,0,0,0,0
TF,D,46.447222,30.667778,0, ,0.0,0.0,0.0,0.0,2,2960,0,0,0,0,0,0

STAR,MOKA4H,34,2
IF,MOKAD,46.776667,31.350000, ,0.0,0.0,2,10010,0,0,0,0,0,0
TF,E,46.406111,30.685278,0, ,0.0,0.0,0.0,0.0,2,2960,0,0,0,0,0,0

STAR,MOKA4Y,16,5
IF,MOKAD,46.776667,31.350000, ,0.0,0.0,2,10010,0,0,0,0,0,0
TF,OO280,46.705000,31.047778,0, ,0.0,0.0,0.0,0.0,2,6070,0,0,0,0,0,0
TF,OOE01,46.664444,30.876111,0, ,0.0,0.0,0.0,0.0,4,7060,2960,0,0,0,0,0
TF,OO260,46.640278,30.759722,0, ,0.0,0.0,0.0,0.0,4,7060,2960,1,220,0,0,0
TF,OO250,46.751111,30.711389,0, ,0.0,0.0,0.0,0.0,2,2960,0,1,220,0,0,0
TF,OO235,46.717500,30.549444,0, ,0.0,0.0,0.0,0.0,2,2960,0,1,220,0,0,0
TF,OO225,46.606667,30.597778,0, ,0.0,0.0,0.0,0.0,2,1970,0,1,220,0,0,0

STAR,MOKA4Z,34,5
IF,MOKAD,46.776667,31.350000, ,0.0,0.0,2,10010,0,0,0,0,0,0
TF,OOE06,46.526944,31.123889,0, ,0.0,0.0,0.0,0.0,2,10010,0,0,0,0,0,0
TF,OOE04,46.384722,30.995833,0, ,0.0,0.0,0.0,0.0,2,6070,0,0,0,0,0,0
TF,OOE02,46.360556,30.880000,0, ,0.0,0.0,0.0,0.0,4,8040,2960,1,220,0,0,0
TF,OO470,46.280278,30.914722,0, ,0.0,0.0,0.0,0.0,2,2960,0,1,220,0,0,0
TF,OO460,46.169167,30.962778,0, ,0.0,0.0,0.0,0.0,2,2960,0,1,220,0,0,0
TF,OO435,46.135556,30.802639,0, ,0.0,0.0,0.0,0.0,2,2960,0,1,220,0,0,0
TF,OO425,46.246667,30.754722,0, ,0.0,0.0,0.0,0.0,2,1970,0,1,220,0,0,0

STAR,ODSA2G,16,2
IF,ODSAN,47.157778,30.431111, ,0.0,0.0,2,9030,0,0,0,0,0,0
TF,D,46.447222,30.667778,0, ,0.0,0.0,0.0,0.0,2,2960,0,0,0,0,0,0

STAR,ODSA2H,34,2
IF,ODSAN,47.157778,30.431111, ,0.0,0.0,2,9030,0,0,0,0,0,0
TF,E,46.406111,30.685278,0, ,0.0,0.0,0.0,0.0,2,2960,0,0,0,0,0,0

STAR,ODSA3Y,16,5
IF,ODSAN,47.157778,30.431111, ,0.0,0.0,2,9030,0,0,0,0,0,0
TF,OON01,46.999167,30.596111,0, ,0.0,0.0,0.0,0.0,0,0,0,0,0,0,0,0
TF,OO270,46.775556,30.827778,0, ,0.0,0.0,0.0,0.0,2,6070,0,0,0,0,0,0
TF,OOE01,46.664444,30.876111,0, ,0.0,0.0,0.0,0.0,4,7060,2960,0,0,0,0,0
TF,OO260,46.640278,30.759722,0, ,0.0,0.0,0.0,0.0,4,7060,2960,1,220,0,0,0
TF,OO250,46.751111,30.711389,0, ,0.0,0.0,0.0,0.0,2,2960,0,1,220,0,0,0
TF,OO235,46.717500,30.549444,0, ,0.0,0.0,0.0,0.0,2,2960,0,1,220,0,0,0
TF,OO225,46.606667,30.597778,0, ,0.0,0.0,0.0,0.0,2,1970,0,1,220,0,0,0

STAR,ODSA3Z,34,5
IF,ODSAN,47.157778,30.431111, ,0.0,0.0,2,9030,0,0,0,0,0,0
TF,OON02,46.535833,30.453889,0, ,0.0,0.0,0.0,0.0,2,8040,0,0,0,0,0,0
TF,OOW02,46.213056,30.594444,0, ,0.0,0.0,0.0,0.0,4,8040,2960,1,220,0,0,0
TF,OO440,46.102222,30.642222,0, ,0.0,0.0,0.0,0.0,2,2960,0,1,220,0,0,0
TF,OO435,46.135556,30.802639,0, ,0.0,0.0,0.0,0.0,2,2960,0,1,220,0,0,0
TF,OO425,46.246667,30.754722,0, ,0.0,0.0,0.0,0.0,2,1970,0,1,220,0,0,0

STAR,OGLA4G,16,2
IF,OGLAR,46.015000,30.530000, ,0.0,0.0,2,9030,0,0,0,0,0,0
TF,D,46.447222,30.667778,0, ,0.0,0.0,0.0,0.0,2,2960,0,0,0,0,0,0

STAR,OGLA4H,34,2
IF,OGLAR,46.015000,30.530000, ,0.0,0.0,2,9030,0,0,0,0,0,0
TF,E,46.406111,30.685278,0, ,0.0,0.0,0.0,0.0,2,2960,0,0,0,0,0,0

STAR,OGLA4Y,16,5
IF,OGLAR,46.015000,30.530000, ,0.0,0.0,2,9030,0,0,0,0,0,0
TF,OOS03,46.250833,30.577500,0, ,0.0,0.0,0.0,0.0,2,8040,0,0,0,0,0,0
TF,OOW01,46.573611,30.436667,0, ,0.0,0.0,0.0,0.0,4,7060,2960,1,220,0,0,0
TF,OO240,46.684444,30.388333,0, ,0.0,0.0,0.0,0.0,2,2960,0,1,220,0,0,0
TF,OO235,46.717500,30.549444,0, ,0.0,0.0,0.0,0.0,2,2960,0,1,220,0,0,0
TF,OO225,46.606667,30.597778,0, ,0.0,0.0,0.0,0.0,2,1970,0,1,220,0,0,0

STAR,OGLA4Z,34,5
IF,OGLAR,46.015000,30.530000, ,0.0,0.0,2,9030,0,0,0,0,0,0
TF,OO450,46.108889,30.513889,0, ,0.0,0.0,0.0,0.0,0,0,0,0,0,0,0,0
TF,OOW04,46.189167,30.479167,0, ,0.0,0.0,0.0,0.0,4,8040,2960,0,0,0,0,0
TF,OOW02,46.213056,30.594444,0, ,0.0,0.0,0.0,0.0,4,8040,2960,1,220,0,0,0
TF,OO440,46.102222,30.642222,0, ,0.0,0.0,0.0,0.0,2,2960,0,1,220,0,0,0
TF,OO435,46.135556,30.802639,0, ,0.0,0.0,0.0,0.0,2,2960,0,1,220,0,0,0
TF,OO425,46.246667,30.754722,0, ,0.0,0.0,0.0,0.0,2,1970,0,1,220,0,0,0

STAR,PERE4G,16,2
IF,PERED,45.927778,30.863056, ,0.0,0.0,2,10010,0,0,0,0,0,0
TF,D,46.447222,30.667778,0, ,0.0,0.0,0.0,0.0,2,2960,0,0,0,0,0,0

STAR,PERE4H,34,2
IF,PERED,45.927778,30.863056, ,0.0,0.0,2,10010,0,0,0,0,0,0
TF,E,46.406111,30.685278,0, ,0.0,0.0,0.0,0.0,2,2960,0,0,0,0,0,0

STAR,PERE4Y,16,5
IF,PERED,45.927778,30.863056, ,0.0,0.0,2,10010,0,0,0,0,0,0
TF,OOS03,46.250833,30.577500,0, ,0.0,0.0,0.0,0.0,2,8040,0,0,0,0,0,0
TF,OOW01,46.573611,30.436667,0, ,0.0,0.0,0.0,0.0,4,7060,2960,1,220,0,0,0
TF,OO240,46.684444,30.388333,0, ,0.0,0.0,0.0,0.0,2,2960,0,1,220,0,0,0
TF,OO235,46.717500,30.549444,0, ,0.0,0.0,0.0,0.0,2,2960,0,1,220,0,0,0
TF,OO225,46.606667,30.597778,0, ,0.0,0.0,0.0,0.0,2,1970,0,1,220,0,0,0

STAR,PERE4Z,34,5
IF,PERED,45.927778,30.863056, ,0.0,0.0,2,10010,0,0,0,0,0,0
TF,OO450,46.108889,30.513889,0, ,0.0,0.0,0.0,0.0,0,0,0,0,0,0,0,0
TF,OOW04,46.189167,30.479167,0, ,0.0,0.0,0.0,0.0,4,8040,2960,0,0,0,0,0
TF,OOW02,46.213056,30.594444,0, ,0.0,0.0,0.0,0.0,4,8040,2960,1,220,0,0,0
TF,OO440,46.102222,30.642222,0, ,0.0,0.0,0.0,0.0,2,2960,0,1,220,0,0,0
TF,OO435,46.135556,30.802639,0, ,0.0,0.0,0.0,0.0,2,2960,0,1,220,0,0,0
TF,OO425,46.246667,30.754722,0, ,0.0,0.0,0.0,0.0,2,1970,0,1,220,0,0,0

STAR,RATN4G,16,2
IF,RATNO,46.173333,30.196389, ,0.0,0.0,2,9030,0,0,0,0,0,0
TF,D,46.447222,30.667778,0, ,0.0,0.0,0.0,0.0,2,2960,0,0,0,0,0,0

STAR,RATN4H,34,2
IF,RATNO,46.173333,30.196389, ,0.0,0.0,2,9030,0,0,0,0,0,0
TF,E,46.406111,30.685278,0, ,0.0,0.0,0.0,0.0,2,2960,0,0,0,0,0,0

STAR,RATN4Y,16,5
IF,RATNO,46.173333,30.196389, ,0.0,0.0,2,9030,0,0,0,0,0,0
TF,OOW03,46.549722,30.320833,0, ,0.0,0.0,0.0,0.0,4,7060,2960,0,0,0,0,0
TF,OOW01,46.573611,30.436667,0, ,0.0,0.0,0.0,0.0,4,7060,2960,1,220,0,0,0
TF,OO240,46.684444,30.388333,0, ,0.0,0.0,0.0,0.0,2,2960,0,1,220,0,0,0
TF,OO235,46.717500,30.549444,0, ,0.0,0.0,0.0,0.0,2,2960,0,1,220,0,0,0
TF,OO225,46.606667,30.597778,0, ,0.0,0.0,0.0,0.0,2,1970,0,1,220,0,0,0

STAR,RATN4Z,34,5
IF,RATNO,46.173333,30.196389, ,0.0,0.0,2,9030,0,0,0,0,0,0
TF,OOW04,46.189167,30.479167,0, ,0.0,0.0,0.0,0.0,4,8040,2960,0,0,0,0,0
TF,OOW02,46.213056,30.594444,0, ,0.0,0.0,0.0,0.0,4,8040,2960,1,220,0,0,0
TF,OO440,46.102222,30.642222,0, ,0.0,0.0,0.0,0.0,2,2960,0,1,220,0,0,0
TF,OO435,46.135556,30.802639,0, ,0.0,0.0,0.0,0.0,2,2960,0,1,220,0,0,0
TF,OO425,46.246667,30.754722,0, ,0.0,0.0,0.0,0.0,2,1970,0,1,220,0,0,0

STAR,SURA4G,16,2
IF,SURAP,46.544722,29.900000, ,0.0,0.0,2,9030,0,0,0,0,0,0
TF,D,46.447222,30.667778,0, ,0.0,0.0,0.0,0.0,2,2960,0,0,0,0,0,0

STAR,SURA4H,34,2
IF,SURAP,46.544722,29.900000, ,0.0,0.0,2,9030,0,0,0,0,0,0
TF,E,46.406111,30.685278,0, ,0.0,0.0,0.0,0.0,2,2960,0,0,0,0,0,0

STAR,SURA4Y,16,5
IF,SURAP,46.544722,29.900000, ,0.0,0.0,2,9030,0,0,0,0,0,0
TF,OOW03,46.549722,30.320833,0, ,0.0,0.0,0.0,0.0,4,7060,2960,0,0,0,0,0
TF,OOW01,46.573611,30.436667,0, ,0.0,0.0,0.0,0.0,4,7060,2960,1,220,0,0,0
TF,OO240,46.684444,30.388333,0, ,0.0,0.0,0.0,0.0,2,2960,0,1,220,0,0,0
TF,OO235,46.717500,30.549444,0, ,0.0,0.0,0.0,0.0,2,2960,0,1,220,0,0,0
TF,OO225,46.606667,30.597778,0, ,0.0,0.0,0.0,0.0,2,1970,0,1,220,0,0,0

STAR,SURA4Z,34,5
IF,SURAP,46.544722,29.900000, ,0.0,0.0,2,9030,0,0,0,0,0,0
TF,OON02,46.535833,30.453889,0, ,0.0,0.0,0.0,0.0,2,8040,0,0,0,0,0,0
TF,OOW02,46.213056,30.594444,0, ,0.0,0.0,0.0,0.0,4,8040,2960,1,220,0,0,0
TF,OO440,46.102222,30.642222,0, ,0.0,0.0,0.0,0.0,2,2960,0,1,220,0,0,0
TF,OO435,46.135556,30.802639,0, ,0.0,0.0,0.0,0.0,2,2960,0,1,220,0,0,0
TF,OO425,46.246667,30.754722,0, ,0.0,0.0,0.0,0.0,2,1970,0,1,220,0,0,0

STAR,TARK4G,16,2
IF,TARKA,45.865000,31.100000, ,0.0,0.0,2,10010,0,0,0,0,0,0
TF,D,46.447222,30.667778,0, ,0.0,0.0,0.0,0.0,2,2960,0,0,0,0,0,0

STAR,TARK4H,34,2
IF,TARKA,45.865000,31.100000, ,0.0,0.0,2,10010,0,0,0,0,0,0
TF,E,46.406111,30.685278,0, ,0.0,0.0,0.0,0.0,2,2960,0,0,0,0,0,0

STAR,TARK4Y,16,5
IF,TARKA,45.865000,31.100000, ,0.0,0.0,2,10010,0,0,0,0,0,0
TF,OOS05,46.166111,30.966389,0, ,0.0,0.0,0.0,0.0,2,10010,0,0,0,0,0,0
TF,OOS01,46.317778,30.898889,0, ,0.0,0.0,0.0,0.0,2,10010,0,0,0,0,0,0
TF,OO260,46.640278,30.759722,0, ,0.0,0.0,0.0,0.0,4,7060,2960,1,220,0,0,0
TF,OO250,46.751111,30.711389,0, ,0.0,0.0,0.0,0.0,2,2960,0,1,220,0,0,0
TF,OO235,46.717500,30.549444,0, ,0.0,0.0,0.0,0.0,2,2960,0,1,220,0,0,0
TF,OO225,46.606667,30.597778,0, ,0.0,0.0,0.0,0.0,2,1970,0,1,220,0,0,0

STAR,TARK4Z,34,5
IF,TARKA,45.865000,31.100000, ,0.0,0.0,2,10010,0,0,0,0,0,0
TF,OO490,46.193333,31.078611,0, ,0.0,0.0,0.0,0.0,2,10010,0,0,0,0,0,0
TF,OO480,46.304444,31.030556,0, ,0.0,0.0,0.0,0.0,2,10010,0,0,0,0,0,0
TF,OOE04,46.384722,30.995833,0, ,0.0,0.0,0.0,0.0,2,6070,0,0,0,0,0,0
TF,OOE02,46.360556,30.880000,0, ,0.0,0.0,0.0,0.0,4,8040,2960,1,220,0,0,0
TF,OO470,46.280278,30.914722,0, ,0.0,0.0,0.0,0.0,2,2960,0,1,220,0,0,0
TF,OO460,46.169167,30.962778,0, ,0.0,0.0,0.0,0.0,2,2960,0,1,220,0,0,0
TF,OO435,46.135556,30.802639,0, ,0.0,0.0,0.0,0.0,2,2960,0,1,220,0,0,0
TF,OO425,46.246667,30.754722,0, ,0.0,0.0,0.0,0.0,2,1970,0,1,220,0,0,0

APPTR,L16,16,D1
IF,D,46.447222,30.667778, ,0.0,0.0,2,2960,0,0,0,0,1,0
FC,D,46.447222,30.667778,0,ODS,0.0,0.0,309.0,7.0,2,2140,0,0,0,0,0,1
CF,CF16,46.558233,30.618936,2,IOD,337.2,9.5,157.0,1.0,1,1970,0,0,0,0,0,0

APPTR,L16,16,D2
IF,D,46.447222,30.667778, ,0.0,0.0,2,2960,0,0,0,0,1,0
FC,D,46.447222,30.667778,0,ODS,0.0,0.0,325.0,7.0,2,2140,0,0,0,0,0,1
CF,CF16,46.558233,30.618936,2,IOD,337.2,9.5,157.0,1.0,1,1970,0,0,0,0,0,0

APPTR,L16,16,OO225
IF,OO225,46.606667,30.597778, ,0.0,0.0,2,1970,0,1,220,0,1,0
TF,CF16,46.558233,30.618936,0,IOD,0.0,0.0,0.0,0.0,1,1970,0,0,0,0,0,0

FINAL,L16,16,D,4
IF,CF16,46.558233,30.618936,IOD,337.2,9.5,1,1970,0,0,0,0,0,0
CF,FF16,46.526578,30.633222,0,IOD,337.4,7.5,157.0,2.0,1,1970,0,0,0,0,2,0
CF,22LOC,46.466244,30.659381,0,IOD,337.4,3.8,157.0,3.8,2,840,0,0,0,0,0,0
CF,ML16,46.444539,30.668781,0,IOD,337.4,2.4,157.0,1.4,1,402,0,0,0,0,3,0
CA,0,157.0,2,1970,0,0,0,0,0,0
DF,D,46.447222,30.667778,2, ,0.0,0.0,2,2960,0,0,0,0,0,0

APPTR,N16,16,D1
IF,D,46.447222,30.667778, ,0.0,0.0,2,2960,0,0,0,0,1,0
FC,D,46.447222,30.667778,0,ODS,0.0,0.0,309.0,7.0,2,2140,0,0,0,0,0,1
CF,FN16,46.523003,30.634208,2,ODS,338.8,5.8,157.0,3.0,2,1970,0,0,0,0,0,0

APPTR,N16,16,D2
IF,D,46.447222,30.667778, ,0.0,0.0,2,2960,0,0,0,0,1,0
FC,D,46.447222,30.667778,0,ODS,0.0,0.0,325.0,7.0,2,2140,0,0,0,0,0,1
CF,FN16,46.523003,30.634208,2,ODS,338.8,5.8,157.0,3.0,2,1970,0,0,0,0,0,0

FINAL,N16,16,N,2
IF,FN16,46.523003,30.634208,D,0.0,0.0,2,1970,0,0,0,0,2,0
CF,D,46.447222,30.667778,0,D,0.0,0.0,157.0,4.8,1,456,0,0,0,0,3,0
CA,0,157.0,2,1970,0,0,0,0,0,0
DF,D,46.447222,30.667778,2, ,0.0,0.0,1,2960,0,0,0,0,0,0

APPTR,N34,34,E1
IF,E,46.406111,30.685278, ,0.0,0.0,2,2960,0,0,0,0,1,0
FC,E,46.406111,30.685278,0,ODS,0.0,0.0,186.0,7.0,2,2140,0,0,0,0,0,1
CF,FF34,46.326853,30.719758,1,ODS,155.9,6.5,337.0,2.0,2,1970,0,0,0,0,0,0

APPTR,N34,34,E2
IF,E,46.406111,30.685278, ,0.0,0.0,2,2960,0,0,0,0,1,0
FC,E,46.406111,30.685278,0,ODS,0.0,0.0,169.0,7.0,2,2140,0,0,0,0,0,1
CF,FF34,46.326853,30.719758,1,ODS,155.9,6.5,337.0,2.0,2,1970,0,0,0,0,0,0

FINAL,N34,34,N,2
IF,FF34,46.326853,30.719758,E,0.0,0.0,2,1970,0,0,0,0,2,0
CF,E,46.406111,30.685278,0,E,0.0,0.0,337.0,5.0,1,386,0,0,0,0,3,0
CA,0,337.0,2,1970,0,0,0,0,0,0
DF,E,46.406111,30.685278,1, ,0.0,0.0,1,2960,0,0,0,0,0,0

