SID,ORTO1A,01,2
CA,0,9.0,2,810,0,0,0,0,0,0
CI,1, ,0.0,208.0,0,0,0,0,0,0,0,0
CF,ORTOK,57.816389,27.597778,0,LBN,26.5,74.7,272.0,20.0,2,6000,0,0,0,0,0,0

SID,ORTO1B,01,2
CA,0,9.0,2,810,0,0,0,0,0,0
DF,PK,57.737083,28.366472,2, ,0.0,0.0,0,0,0,0,0,0,0,0
TF,ORTOK,57.816389,27.597778,0, ,0.0,0.0,0.0,0.0,2,6000,0,0,0,0,0,0

SID,ORTO1C,19,2
CA,0,189.0,2,820,0,0,0,0,0,0
CI,2, ,0.0,340.0,0,0,0,0,0,0,0,0
CF,ORTOK,57.816389,27.597778,0,LBN,26.5,74.7,260.0,22.0,2,6000,0,0,0,0,0,0

SID,ORTO1D,19,2
CA,0,189.0,2,820,0,0,0,0,0,0
DF,ORTOK,57.816389,27.597778,0, ,0.0,0.0,2,6000,0,0,0,0,0,0

SID,ORTO1J,01,5
DF,PS017,57.843067,28.431308,0, ,0.0,0.0,2,810,0,0,0,0,0,1
TF,PS018,57.883386,28.122394,1, ,0.0,0.0,0.0,0.0,2,3110,0,0,0,0,0,0
TF,PS012,57.816667,27.783333,0, ,0.0,0.0,0.0,0.0,2,5000,0,0,0,0,0,0
TF,ORTOK,57.816389,27.597778,0, ,0.0,0.0,0.0,0.0,2,6000,0,0,0,0,0,0

SID,ORTO1K,19,5
DF,PS013,57.720486,28.356922,0, ,0.0,0.0,2,820,0,0,0,0,0,1
TF,PS016,57.779539,27.992444,0, ,0.0,0.0,0.0,0.0,2,3110,0,0,0,0,0,0
TF,ORTOK,57.816389,27.597778,0, ,0.0,0.0,0.0,0.0,2,6000,0,0,0,0,0,0

SID,ORTO1M,19,2
CA,0,189.0,2,820,0,0,0,0,0,0
CF,NP,57.826806,28.421750,1,LBN,40.0,92.5,328.0,5.0,0,0,0,0,0,0,0,1
CI,0, ,0.0,245.0,0,0,0,0,0,0,0,0
CF,ORTOK,57.816389,27.597778,0,LBN,26.5,74.7,260.0,21.0,2,6000,0,0,0,0,0,0

SID,PEMA1A,01,2
CA,0,9.0,2,810,0,0,0,0,0,0
CI,2, ,0.0,152.0,0,0,0,0,0,0,0,0
CF,BEPUT,57.745556,29.144167,0,LBN,50.2,108.1,80.0,20.0,2,7000,0,0,0,0,0,0
TF,PEMAS,57.731389,29.391111,0, ,0.0,0.0,0.0,0.0,4,13000,6000,0,0,0,0,0

SID,PEMA1B,01,2
CA,0,9.0,2,810,0,0,0,0,0,0
VI,0, ,0.0,54.0,0,0,0,0,0,0,0,0
CF,BEPUT,57.745556,29.144167,0,LBN,50.2,108.1,99.0,21.0,2,7000,0,0,0,0,0,0
TF,PEMAS,57.731389,29.391111,0, ,0.0,0.0,0.0,0.0,4,13000,6000,0,0,0,0,0

SID,PEMA1C,19,2
CA,0,189.0,2,820,0,0,0,0,0,0
CI,1, ,0.0,9.0,0,0,0,0,0,0,0,0
CF,BEPUT,57.745556,29.144167,0,LBN,50.2,108.1,93.0,21.0,2,7000,0,0,0,0,0,0
TF,PEMAS,57.731389,29.391111,0, ,0.0,0.0,0.0,0.0,4,13000,6000,0,0,0,0,0

SID,PEMA1D,19,2
CA,0,189.0,2,820,0,0,0,0,0,0
DF,BEPUT,57.745556,29.144167,1, ,0.0,0.0,2,7000,0,0,0,0,0,0
TF,PEMAS,57.731389,29.391111,0, ,0.0,0.0,0.0,0.0,4,13000,6000,0,0,0,0,0

SID,PEMA1J,01,5
DF,PS017,57.843067,28.431308,0, ,0.0,0.0,2,810,0,0,0,0,0,1
TF,BEPUT,57.745556,29.144167,0, ,0.0,0.0,0.0,0.0,2,7000,0,0,0,0,0,0
TF,PEMAS,57.731389,29.391111,0, ,0.0,0.0,0.0,0.0,4,13000,6000,0,0,0,0,0

SID,PEMA1K,19,5
DF,PS013,57.720486,28.356922,0, ,0.0,0.0,2,820,0,0,0,0,0,1
TF,PS014,57.702692,28.701808,1, ,0.0,0.0,0.0,0.0,2,3110,0,0,0,0,0,0
TF,BEPUT,57.745556,29.144167,0, ,0.0,0.0,0.0,0.0,2,7000,0,0,0,0,0,0
TF,PEMAS,57.731389,29.391111,0, ,0.0,0.0,0.0,0.0,4,13000,6000,0,0,0,0,0

SID,RODU1A,01,2
CA,0,9.0,2,810,0,0,0,0,0,0
CI,0, ,0.0,99.0,0,0,0,0,0,0,0,0
CF,ABMIS,57.957500,28.945000,0,LBN,42.8,110.3,45.0,16.0,2,7000,0,0,0,0,0,0
TF,RODUK,58.024722,29.161111,0, ,0.0,0.0,0.0,0.0,4,14000,6000,0,0,0,0,0

SID,RODU1B,01,2
CA,0,9.0,2,810,0,0,0,0,0,0
DF,ABMIS,57.957500,28.945000,0, ,0.0,0.0,2,7000,0,0,0,0,0,0
TF,RODUK,58.024722,29.161111,0, ,0.0,0.0,0.0,0.0,4,14000,6000,0,0,0,0,0

SID,RODU1C,19,2
CA,0,189.0,2,820,0,0,0,0,0,0
CI,1, ,0.0,9.0,0,0,0,0,0,0,0,0
CF,ABMIS,57.957500,28.945000,0,LBN,42.8,110.3,56.0,15.0,2,7000,0,0,0,0,0,0
TF,RODUK,58.024722,29.161111,0, ,0.0,0.0,0.0,0.0,4,14000,6000,0,0,0,0,0

SID,RODU1D,19,2
CA,0,189.0,2,820,0,0,0,0,0,0
DF,ABMIS,57.957500,28.945000,1, ,0.0,0.0,2,7000,0,0,0,0,0,0
TF,RODUK,58.024722,29.161111,0, ,0.0,0.0,0.0,0.0,4,14000,6000,0,0,0,0,0

SID,RODU1J,01,5
DF,PS017,57.843067,28.431308,0, ,0.0,0.0,2,810,0,0,0,0,0,1
TF,ABMIS,57.957500,28.945000,0, ,0.0,0.0,0.0,0.0,2,7000,0,0,0,0,0,0
TF,RODUK,58.024722,29.161111,0, ,0.0,0.0,0.0,0.0,4,14000,6000,0,0,0,0,0

SID,RODU1K,19,5
DF,PS013,57.720486,28.356922,0, ,0.0,0.0,2,820,0,0,0,0,0,1
TF,PS014,57.702692,28.701808,1, ,0.0,0.0,0.0,0.0,2,3110,0,0,0,0,0,0
TF,ABMIS,57.957500,28.945000,0, ,0.0,0.0,0.0,0.0,2,7000,0,0,0,0,0,0
TF,RODUK,58.024722,29.161111,0, ,0.0,0.0,0.0,0.0,4,14000,6000,0,0,0,0,0

SID,UBAN1A,01,2
CA,0,9.0,2,810,0,0,0,0,0,0
CF,UBANO,58.181389,28.487778,0,LBN,32.5,109.3,359.0,22.0,2,7000,0,0,0,0,0,0

SID,UBAN1B,01,2
CA,0,9.0,2,810,0,0,0,0,0,0
DF,UBANO,58.181389,28.487778,0, ,0.0,0.0,2,7000,0,0,0,0,0,0

SID,UBAN1C,19,2
CA,0,189.0,2,820,0,0,0,0,0,0
CF,NP,57.826806,28.421750,1,LBN,40.0,92.5,328.0,5.0,0,0,0,0,0,0,0,0
TF,UBANO,58.181389,28.487778,0, ,0.0,0.0,0.0,0.0,2,7000,0,0,0,0,0,0

SID,UBAN1J,01,5
DF,PS017,57.843067,28.431308,0, ,0.0,0.0,2,810,0,0,0,0,0,1
TF,UBANO,58.181389,28.487778,0, ,0.0,0.0,0.0,0.0,2,7000,0,0,0,0,0,0

SID,UBAN1K,19,5
DF,PS013,57.720486,28.356922,0, ,0.0,0.0,2,820,0,0,0,0,0,1
TF,PS016,57.779539,27.992444,0, ,0.0,0.0,0.0,0.0,2,3110,0,0,0,0,0,0
TF,UBANO,58.181389,28.487778,2, ,0.0,0.0,0.0,0.0,2,7000,0,0,0,0,0,0

STAR,ORTO1D,01,2
IF,ORTOK,57.816389,27.597778, ,0.0,0.0,2,7000,0,0,0,0,0,0
TF,D232J,57.660556,28.108611,0, ,0.0,0.0,0.0,0.0,1,2450,0,0,0,0,0,0
TF,D198G,57.631111,28.265556,0, ,0.0,0.0,0.0,0.0,1,1790,0,0,0,0,0,1
CF,FN01,57.693056,28.340278,1,LBN,42.8,85.2,9.0,3.0,1,1790,0,0,0,0,0,0

STAR,ORTO1E,01,2
IF,ORTOK,57.816389,27.597778, ,0.0,0.0,2,7000,0,0,0,0,0,0
TF,PK,57.737083,28.366472,0, ,0.0,0.0,0.0,0.0,2,5000,0,0,0,0,0,0

STAR,ORTO1F,19,2
IF,ORTOK,57.816389,27.597778, ,0.0,0.0,2,7000,0,0,0,0,0,0
TF,NP,57.826806,28.421750,0, ,0.0,0.0,0.0,0.0,2,5000,0,0,0,0,0,0

STAR,ORTO1G,01,5
IF,ORTOK,57.816389,27.597778, ,0.0,0.0,2,7000,0,0,0,0,0,0
TF,PS003,57.658861,28.108331,0, ,0.0,0.0,0.0,0.0,1,2450,0,0,0,0,0,0

STAR,ORTO1H,19,5
IF,ORTOK,57.816389,27.597778, ,0.0,0.0,2,7000,0,0,0,0,0,0
TF,PS012,57.816667,27.783333,0, ,0.0,0.0,0.0,0.0,2,7000,0,0,0,0,0,0
TF,PS009,57.970992,28.296531,0, ,0.0,0.0,0.0,0.0,1,2460,0,0,0,0,0,0

STAR,ORTO1L,19,2
IF,ORTOK,57.816389,27.597778, ,0.0,0.0,2,7000,0,0,0,0,0,0
TF,D260U,57.819722,27.782778,0, ,0.0,0.0,0.0,0.0,2,6000,0,0,0,0,0,0
TF,D325I,57.957778,28.302778,0, ,0.0,0.0,0.0,0.0,1,2460,0,0,0,0,0,1
CF,D357F,57.938889,28.444722,0,LBN,36.6,97.9,99.0,4.0,1,1800,0,0,0,0,0,1
CF,FN19,57.870556,28.448056,0,LBN,39.2,94.9,189.0,3.0,1,1800,0,0,0,0,0,0

STAR,PEMA1D,01,2
IF,PEMAS,57.731389,29.391111, ,0.0,0.0,4,13000,6000,0,0,0,0,0
TF,BEPUT,57.745556,29.144167,0, ,0.0,0.0,0.0,0.0,2,6000,0,0,0,0,0,0
TF,D146L,57.599444,28.485000,0, ,0.0,0.0,0.0,0.0,1,1790,0,0,0,0,0,1
CF,D180G,57.618333,28.330833,0,LBN,45.1,82.2,279.0,4.0,1,1790,0,0,0,0,0,1
CF,FN01,57.693056,28.340278,0,LBN,42.8,85.2,9.0,3.0,1,1790,0,0,0,0,0,0

STAR,PEMA1E,01,2
IF,PEMAS,57.731389,29.391111, ,0.0,0.0,4,13000,6000,0,0,0,0,0
TF,BEPUT,57.745556,29.144167,0, ,0.0,0.0,0.0,0.0,2,6000,0,0,0,0,0,0
TF,PK,57.737083,28.366472,0, ,0.0,0.0,0.0,0.0,2,5000,0,0,0,0,0,0

STAR,PEMA1F,19,2
IF,PEMAS,57.731389,29.391111, ,0.0,0.0,4,13000,6000,0,0,0,0,0
TF,BEPUT,57.745556,29.144167,0, ,0.0,0.0,0.0,0.0,2,6000,0,0,0,0,0,0
TF,NP,57.826806,28.421750,0, ,0.0,0.0,0.0,0.0,2,5000,0,0,0,0,0,0

STAR,PEMA1G,01,5
IF,PEMAS,57.731389,29.391111, ,0.0,0.0,4,13000,6000,0,0,0,0,0
TF,BEPUT,57.745556,29.144167,0, ,0.0,0.0,0.0,0.0,2,6000,0,0,0,0,0,0
TF,PS004,57.592556,28.490475,0, ,0.0,0.0,0.0,0.0,1,2120,0,0,0,0,0,0

STAR,PEMA1H,19,5
IF,PEMAS,57.731389,29.391111, ,0.0,0.0,4,13000,6000,0,0,0,0,0
TF,BEPUT,57.745556,29.144167,0, ,0.0,0.0,0.0,0.0,2,6000,0,0,0,0,0,0
TF,PS008,57.904156,28.681653,0, ,0.0,0.0,0.0,0.0,1,2460,0,0,0,0,0,0

STAR,PEMA1L,19,2
IF,PEMAS,57.731389,29.391111, ,0.0,0.0,4,13000,6000,0,0,0,0,0
TF,BEPUT,57.745556,29.144167,0, ,0.0,0.0,0.0,0.0,2,6000,0,0,0,0,0,0
TF,D047H,57.904444,28.640278,0, ,0.0,0.0,0.0,0.0,1,2460,0,0,0,0,0,0
CF,D020G,57.926111,28.526111,0,LBN,38.7,99.0,281.0,3.0,1,1800,0,0,0,0,0,1
CF,FN19,57.870556,28.448056,1,LBN,39.2,94.9,189.0,3.0,1,1800,0,0,0,0,0,0

STAR,RODU1D,01,2
IF,RODUK,58.024722,29.161111, ,0.0,0.0,4,14000,6000,0,0,0,0,0
TF,ABMIS,57.957500,28.945000,0, ,0.0,0.0,0.0,0.0,2,6000,0,0,0,0,0,0
TF,D142I,57.611667,28.495000,0, ,0.0,0.0,0.0,0.0,1,2120,0,0,0,0,0,0
TF,D146L,57.599444,28.485000,0, ,0.0,0.0,0.0,0.0,1,1790,0,0,0,0,0,1
CF,D180G,57.618333,28.330833,0,LBN,45.1,82.2,279.0,5.0,1,1790,0,0,0,0,0,1
CF,FN01,57.693056,28.340278,0,LBN,42.8,85.2,9.0,3.0,1,1790,0,0,0,0,0,0

STAR,RODU1E,01,2
IF,RODUK,58.024722,29.161111, ,0.0,0.0,4,14000,6000,0,0,0,0,0
TF,ABMIS,57.957500,28.945000,0, ,0.0,0.0,0.0,0.0,2,6000,0,0,0,0,0,0
TF,PK,57.737083,28.366472,0, ,0.0,0.0,0.0,0.0,2,5000,0,0,0,0,0,0

STAR,RODU1F,19,2
IF,RODUK,58.024722,29.161111, ,0.0,0.0,4,14000,6000,0,0,0,0,0
TF,ABMIS,57.957500,28.945000,0, ,0.0,0.0,0.0,0.0,2,6000,0,0,0,0,0,0
TF,NP,57.826806,28.421750,0, ,0.0,0.0,0.0,0.0,2,5000,0,0,0,0,0,0

STAR,RODU1G,01,5
IF,RODUK,58.024722,29.161111, ,0.0,0.0,4,14000,6000,0,0,0,0,0
TF,ABMIS,57.957500,28.945000,0, ,0.0,0.0,0.0,0.0,2,6000,0,0,0,0,0,0
TF,PS004,57.592556,28.490475,0, ,0.0,0.0,0.0,0.0,1,2120,0,0,0,0,0,0

STAR,RODU1H,19,5
IF,RODUK,58.024722,29.161111, ,0.0,0.0,4,14000,6000,0,0,0,0,0
TF,ABMIS,57.957500,28.945000,0, ,0.0,0.0,0.0,0.0,2,6000,0,0,0,0,0,0
TF,PS011,57.985506,28.518631,0, ,0.0,0.0,0.0,0.0,1,2460,0,0,0,0,0,0

STAR,RODU1L,19,2
IF,RODUK,58.024722,29.161111, ,0.0,0.0,4,14000,6000,0,0,0,0,0
TF,ABMIS,57.957500,28.945000,0, ,0.0,0.0,0.0,0.0,2,6000,0,0,0,0,0,0
TF,D015G,57.926667,28.506111,0, ,0.0,0.0,0.0,0.0,1,1800,0,0,0,0,0,1
CF,FN19,57.870556,28.448056,0,LBN,39.2,94.9,189.0,3.0,1,1800,0,0,0,0,0,0

STAR,UBAN1D,01,2
IF,UBANO,58.181389,28.487778, ,0.0,0.0,2,6000,0,0,0,0,0,0
TF,D091F,57.718333,28.559444,0, ,0.0,0.0,0.0,0.0,1,2450,0,0,0,0,0,0
TF,D142I,57.611667,28.495000,0, ,0.0,0.0,0.0,0.0,1,2120,0,0,0,0,0,0
TF,D146L,57.599444,28.485000,0, ,0.0,0.0,0.0,0.0,1,1790,0,0,0,0,0,1
CF,D180G,57.618333,28.330833,0,LBN,45.1,82.2,279.0,5.0,1,1790,0,0,0,0,0,1
CF,FN01,57.693056,28.340278,0,LBN,42.8,85.2,9.0,3.0,1,1790,0,0,0,0,0,0

STAR,UBAN1E,01,2
IF,UBANO,58.181389,28.487778, ,0.0,0.0,2,6000,0,0,0,0,0,0
TF,PK,57.737083,28.366472,0, ,0.0,0.0,0.0,0.0,2,5000,0,0,0,0,0,0

STAR,UBAN1F,19,2
IF,UBANO,58.181389,28.487778, ,0.0,0.0,2,6000,0,0,0,0,0,0
TF,NP,57.826806,28.421750,0, ,0.0,0.0,0.0,0.0,2,5000,0,0,0,0,0,0

STAR,UBAN1G,01,5
IF,UBANO,58.181389,28.487778, ,0.0,0.0,2,6000,0,0,0,0,0,0
TF,PS003,57.658861,28.108331,0, ,0.0,0.0,0.0,0.0,1,2450,0,0,0,0,0,0

STAR,UBAN1H,19,5
IF,UBANO,58.181389,28.487778, ,0.0,0.0,2,6000,0,0,0,0,0,0
TF,PS011,57.985506,28.518631,0, ,0.0,0.0,0.0,0.0,1,2460,0,0,0,0,0,0

STAR,UBAN1L,19,2
IF,UBANO,58.181389,28.487778, ,0.0,0.0,2,6000,0,0,0,0,0,0
TF,D009F,57.915833,28.476667,0, ,0.0,0.0,0.0,0.0,1,1800,0,0,0,0,0,0
TF,FN19,57.870556,28.448056,0, ,0.0,0.0,0.0,0.0,1,1800,0,0,0,0,0,0

APPTR,J01,01,PS003
IF,PS003,57.658861,28.108331, ,0.0,0.0,1,2450,0,0,0,0,1,0
TF,PS002,57.625856,28.299578,0,G01A,0.0,0.0,0.0,0.0,1,1790,0,0,0,0,1,0

APPTR,J01,01,PS004
IF,PS004,57.592556,28.490475, ,0.0,0.0,1,2120,0,0,0,0,1,0
TF,PS002,57.625856,28.299578,0,G01A,0.0,0.0,0.0,0.0,1,1790,0,0,0,0,1,0

FINAL,J01,01,G,3
IF,PS002,57.625856,28.299578,G01A,0.0,0.0,1,1790,0,0,0,0,0,0
TF,PS001,57.693050,28.340167,0,G01A,0.0,0.0,9.0,4.3,1,1790,0,0,0,0,2,0
TF,RW01,57.771042,28.387472,0,G01A,0.0,0.0,9.0,4.9,1,203,0,0,0,0,3,1
CA,0,9.0,2,810,0,0,0,0,0,0
DF,PS004,57.592556,28.490475,2, ,0.0,0.0,1,2120,0,0,0,0,0,0

APPTR,J19,19,PS008
IF,PS008,57.904156,28.681653, ,0.0,0.0,1,2460,0,0,0,0,1,0
TF,PS007,57.937717,28.489269,0,G19A,0.0,0.0,0.0,0.0,1,1800,0,0,0,0,1,0

APPTR,J19,19,PS009
IF,PS009,57.970992,28.296531, ,0.0,0.0,1,2460,0,0,0,0,1,0
TF,PS007,57.937717,28.489269,0,G19A,0.0,0.0,0.0,0.0,1,1800,0,0,0,0,1,0

APPTR,J19,19,PS011
IF,PS011,57.985506,28.518631, ,0.0,0.0,1,2460,0,0,0,0,1,0
TF,PS007,57.937717,28.489269,0,G19A,0.0,0.0,0.0,0.0,1,1800,0,0,0,0,1,0

FINAL,J19,19,G,3
IF,PS007,57.937717,28.489269,G19A,0.0,0.0,1,1800,0,0,0,0,0,0
TF,PS006,57.870569,28.448153,0,G19A,0.0,0.0,189.0,4.3,1,1800,0,0,0,0,2,0
TF,RW19,57.792594,28.400608,0,G19A,0.0,0.0,189.0,4.9,1,205,0,0,0,0,3,1
CA,0,189.0,2,820,0,0,0,0,0,0
DF,PS008,57.904156,28.681653,1, ,0.0,0.0,1,2460,0,0,0,0,0,0

APPTR,N01,01,PK1
IF,PK,57.737083,28.366472, ,0.0,0.0,2,5000,0,0,0,0,1,0
CF,D279E,57.709722,28.510833,0,PK,100.5,4.9,99.0,4.9,0,0,0,0,0,0,0,1
CF,D318H,57.621944,28.504722,0,PK,138.2,8.2,189.0,5.0,1,1790,0,0,0,0,0,1
CF,D357G,57.627778,28.344722,0,PK,177.1,6.6,279.0,5.0,1,1790,0,0,0,0,0,1
CF,FN01,57.693056,28.340278,0,PK,188.7,2.8,9.0,4.0,1,1790,0,0,0,0,0,0

APPTR,N01,01,PK2
IF,PK,57.737083,28.366472, ,0.0,0.0,2,5000,0,0,0,0,1,0
FC,PK,57.737083,28.366472,0,PK,0.0,0.0,158.0,5.4,1,3110,0,1,205,0,0,1
CF,FN01,57.693056,28.340278,2,PK,188.7,2.8,9.0,3.0,1,1790,0,0,0,0,0,0

APPTR,N01,01,PK3
IF,PK,57.737083,28.366472, ,0.0,0.0,2,5000,0,0,0,0,1,0
FC,PK,57.737083,28.366472,0,PK,0.0,0.0,220.0,5.4,1,3110,0,1,205,0,0,1
CF,FN01,57.693056,28.340278,1,PK,188.7,2.8,9.0,3.0,1,1790,0,0,0,0,0,0

APPTR,N01,01,PK4
IF,PK,57.737083,28.366472, ,0.0,0.0,2,5000,0,0,0,0,1,0
FC,PK,57.737083,28.366472,0,PK,0.0,0.0,170.0,4.3,1,1790,0,0,0,0,0,1
CF,FN01,57.693056,28.340278,2,PK,188.7,2.8,9.0,2.0,1,1790,0,0,0,0,0,0

APPTR,N01,01,PK5
IF,PK,57.737083,28.366472, ,0.0,0.0,2,5000,0,0,0,0,1,0
FC,PK,57.737083,28.366472,0,PK,0.0,0.0,208.0,4.3,1,1790,0,0,0,0,0,1
CF,FN01,57.693056,28.340278,1,PK,188.7,2.8,9.0,2.0,1,1790,0,0,0,0,0,0

FINAL,N01,01,N,4
IF,FN01,57.693056,28.340278,PK,0.0,0.0,1,1790,0,0,0,0,2,0
CF,PK,57.737083,28.366472,0,PK,0.0,0.0,9.0,2.8,2,890,0,0,0,0,0,0
CF,P,57.764972,28.383778,0,PK,0.0,0.0,9.0,1.8,2,330,0,0,0,0,0,0
CF,RW01,57.771042,28.387472,0,PK,0.0,0.0,9.0,0.4,1,203,0,0,0,0,3,0
CA,0,9.0,2,810,0,0,0,0,0,0
CF,D318H,57.621944,28.504722,2,PK,138.2,8.2,189.0,10.0,1,1790,0,0,0,0,0,0

APPTR,N19,19,NP1
IF,NP,57.826806,28.421750, ,0.0,0.0,2,5000,0,0,0,0,1,0
CF,D099E,57.799722,28.567222,0,NP,100.2,4.9,99.0,4.9,0,0,0,0,0,0,0,1
CF,D244H,57.865278,28.661944,0,NP,64.2,8.0,9.0,5.0,1,1800,0,0,0,0,0,1
CF,D201F,57.915000,28.518333,0,NP,21.2,6.1,279.0,5.5,1,1800,0,0,0,0,0,1
CF,FN19,57.870556,28.448056,0,NP,8.8,2.8,189.0,3.5,1,1800,0,0,0,0,0,0

APPTR,N19,19,NP2
IF,NP,57.826806,28.421750, ,0.0,0.0,2,5000,0,0,0,0,1,0
FC,NP,57.826806,28.421750,0,NP,0.0,0.0,28.0,4.3,1,1800,0,0,0,0,0,1
CF,FN19,57.870556,28.448056,1,NP,8.8,2.8,189.0,2.0,1,1800,0,0,0,0,0,0

FINAL,N19,19,N,4
IF,FN19,57.870556,28.448056,NP,0.0,0.0,1,1800,0,0,0,0,2,0
CF,NP,57.826806,28.421750,0,NP,0.0,0.0,189.0,2.8,2,900,0,0,0,0,0,0
CF,N,57.801611,28.406278,0,NP,0.0,0.0,189.0,1.6,2,400,0,0,0,0,0,0
CF,RW19,57.792594,28.400608,0,NP,0.0,0.0,189.0,0.6,1,205,0,0,0,0,3,0
CA,0,189.0,2,820,0,0,0,0,0,0
CF,D244H,57.865278,28.661944,1,NP,64.2,8.0,9.0,10.0,1,1800,0,0,0,0,0,0

APPTR,R01,01,PS003
IF,PS003,57.658861,28.108331, ,0.0,0.0,1,2450,0,0,0,0,1,0
TF,PS002,57.625856,28.299578,0, ,0.0,0.0,0.0,0.0,1,1790,0,0,0,0,1,0

APPTR,R01,01,PS004
IF,PS004,57.592556,28.490475, ,0.0,0.0,1,2120,0,0,0,0,1,0
TF,PS002,57.625856,28.299578,0, ,0.0,0.0,0.0,0.0,1,1790,0,0,0,0,1,0

FINAL,R01,01,R,3
IF,PS002,57.625856,28.299578, ,0.0,0.0,1,1790,0,0,0,0,0,0
TF,PS001,57.693050,28.340167,0, ,0.0,0.0,9.0,4.3,1,1790,0,0,0,0,2,0
TF,RW01,57.771042,28.387472,0, ,0.0,0.0,9.0,4.9,1,203,0,0,0,0,3,1
CA,0,9.0,2,810,0,0,0,0,0,0
DF,PS004,57.592556,28.490475,2, ,0.0,0.0,1,2120,0,0,0,0,0,0

APPTR,R19,19,PS008
IF,PS008,57.904156,28.681653, ,0.0,0.0,1,2460,0,0,0,0,1,0
TF,PS007,57.937717,28.489269,0, ,0.0,0.0,0.0,0.0,1,1800,0,0,0,0,1,0

APPTR,R19,19,PS009
IF,PS009,57.970992,28.296531, ,0.0,0.0,1,2460,0,0,0,0,1,0
TF,PS007,57.937717,28.489269,0, ,0.0,0.0,0.0,0.0,1,1800,0,0,0,0,1,0

APPTR,R19,19,PS011
IF,PS011,57.985506,28.518631, ,0.0,0.0,1,2460,0,0,0,0,1,0
TF,PS007,57.937717,28.489269,0, ,0.0,0.0,0.0,0.0,1,1800,0,0,0,0,1,0

FINAL,R19,19,R,3
IF,PS007,57.937717,28.489269, ,0.0,0.0,1,1800,0,0,0,0,0,0
TF,PS006,57.870569,28.448153,0, ,0.0,0.0,189.0,4.3,1,1800,0,0,0,0,2,0
TF,RW19,57.792594,28.400608,0, ,0.0,0.0,189.0,4.9,1,205,0,0,0,0,3,1
CA,0,189.0,2,820,0,0,0,0,0,0
DF,PS008,57.904156,28.681653,1, ,0.0,0.0,1,2460,0,0,0,0,0,0

