SID,AKAN1A,01,2
CA,0,10.0,2,810,0,0,0,0,0,0
DF,PTZ,61.887639,34.161028,2, ,0.0,0.0,0,0,0,1,205,0,0,0
TF,AKANA,61.470000,33.039167,0, ,0.0,0.0,0.0,0.0,2,7000,0,0,0,0,0,0

SID,AKAN1B,01,2
CA,0,10.0,2,810,0,0,0,0,0,0
DF,XO,61.819778,34.096167,2, ,0.0,0.0,0,0,0,1,205,0,0,0
TF,AKANA,61.470000,33.039167,0, ,0.0,0.0,0.0,0.0,2,7000,0,0,0,0,0,0

SID,AKAN1C,19,2
CA,0,190.0,2,800,0,0,0,0,0,0
CF,AKANA,61.470000,33.039167,0,PTZ,219.4,40.8,220.0,38.0,2,7000,0,0,0,0,0,0

SID,AKAN1D,19,2
CD, ,0,0,0,PTZ,0,0.0,190.0,5.7,0,0,0,0,0,0,0,0
CI,0, ,0.0,253.0,0,0,0,0,0,0,0,0
CF,AKANA,61.470000,33.039167,0,PTZ,219.4,40.8,222.0,34.0,2,7000,0,0,0,0,0,0

SID,AKAN1E,01,5
CA,0,10.0,2,810,0,0,0,0,0,0
DF,AKANA,61.470000,33.039167,1, ,0.0,0.0,2,7000,0,0,0,0,0,0

SID,AKAN1F,19,5
CA,0,190.0,2,800,0,0,0,0,0,0
DF,AKANA,61.470000,33.039167,0, ,0.0,0.0,2,7000,0,0,0,0,0,0

SID,BEGU1A,01,2
CA,0,10.0,2,810,0,0,0,0,0,0
DF,PTZ,61.887639,34.161028,2, ,0.0,0.0,0,0,0,1,205,0,0,0
TF,BEGUR,62.121667,32.862500,0, ,0.0,0.0,0.0,0.0,2,7000,0,0,0,0,0,0

SID,BEGU1B,01,2
CA,0,10.0,2,810,0,0,0,0,0,0
DF,XO,61.819778,34.096167,2, ,0.0,0.0,0,0,0,1,205,0,0,0
TF,BEGUR,62.121667,32.862500,0, ,0.0,0.0,0.0,0.0,2,7000,0,0,0,0,0,0

SID,BEGU1C,19,2
CA,0,190.0,2,800,0,0,0,0,0,0
CI,2, ,0.0,336.0,0,0,0,1,205,0,0,0
CF,BEGUR,62.121667,32.862500,0,PTZ,278.6,39.3,279.0,35.0,2,7000,0,0,0,0,0,0

SID,BEGU1D,19,2
CD, ,0,0,0,PTZ,0,0.0,190.0,5.7,0,0,0,0,0,0,0,0
CI,2, ,0.0,322.0,0,0,0,0,0,0,0,0
CF,BEGUR,62.121667,32.862500,0,PTZ,278.6,39.3,285.0,34.0,2,7000,0,0,0,0,0,0

SID,BEGU1E,01,5
CA,0,10.0,2,810,0,0,0,0,0,0
DF,BEGUR,62.121667,32.862500,1, ,0.0,0.0,2,7000,0,0,0,0,0,0

SID,BEGU1F,19,5
CA,0,190.0,2,800,0,0,0,0,0,0
DF,BEGUR,62.121667,32.862500,2, ,0.0,0.0,2,7000,0,0,0,0,0,0

SID,BELO1A,01,2
CA,0,10.0,2,810,0,0,0,0,0,0
CF,BELOD,62.435000,34.990833,0,PTZ,22.0,40.4,22.0,38.0,2,7000,0,0,0,0,0,0

SID,BELO1B,01,2
CA,0,10.0,2,810,0,0,0,0,0,0
CF,BELOD,62.435000,34.990833,0,PTZ,22.0,40.4,21.0,38.0,2,7000,0,0,0,0,0,0

SID,BELO1C,19,2
CA,0,190.0,2,800,0,0,0,0,0,0
CI,2, ,0.0,60.0,0,0,0,1,205,0,0,0
CF,BELOD,62.435000,34.990833,0,PTZ,22.0,40.4,22.0,38.0,2,7000,0,0,0,0,0,0

SID,BELO1D,19,2
CD, ,0,0,0,PTZ,0,0.0,190.0,5.7,0,0,0,0,0,0,0,0
CI,2, ,0.0,76.0,0,0,0,1,205,0,0,0
CF,BELOD,62.435000,34.990833,0,PTZ,22.0,40.4,21.0,44.0,2,7000,0,0,0,0,0,0

SID,BELO1E,01,5
CA,0,10.0,2,810,0,0,0,0,0,0
DF,BELOD,62.435000,34.990833,0, ,0.0,0.0,2,7000,0,0,0,0,0,0

SID,BELO1F,19,5
CA,0,190.0,2,800,0,0,0,0,0,0
DF,BELOD,62.435000,34.990833,2, ,0.0,0.0,2,7000,0,0,0,0,0,0

SID,BUKU1A,01,2
CA,0,10.0,2,810,0,0,0,0,0,0
CF,BUKUS,62.558333,34.165833,0,PTZ,347.2,40.4,347.0,38.0,2,8000,0,0,0,0,0,0

SID,BUKU1B,01,2
CA,0,10.0,2,810,0,0,0,0,0,0
VI,0, ,0.0,320.0,0,0,0,0,0,0,0,0
CF,BUKUS,62.558333,34.165833,0,PTZ,347.2,40.4,350.0,35.0,2,8000,0,0,0,0,0,0

SID,BUKU1C,19,2
CA,0,190.0,2,800,0,0,0,0,0,0
CI,2, ,0.0,52.0,0,0,0,1,205,0,0,0
CF,BUKUS,62.558333,34.165833,0,PTZ,347.2,40.4,347.0,39.0,2,8000,0,0,0,0,0,0

SID,BUKU1D,19,2
CD, ,0,0,0,PTZ,0,0.0,190.0,5.7,0,0,0,0,0,0,0,0
CI,2, ,0.0,39.0,0,0,0,1,205,0,0,0
CF,BUKUS,62.558333,34.165833,0,PTZ,347.2,40.4,350.0,42.0,2,8000,0,0,0,0,0,0

SID,BUKU1E,01,5
CA,0,10.0,2,810,0,0,0,0,0,0
DF,BUKUS,62.558333,34.165833,0, ,0.0,0.0,2,8000,0,0,0,0,0,0

SID,BUKU1F,19,5
CA,0,190.0,2,800,0,0,0,0,0,0
DF,BUKUS,62.558333,34.165833,2, ,0.0,0.0,2,8000,0,0,0,0,0,0

SID,GITO1A,01,2
CA,0,10.0,2,810,0,0,0,0,0,0
DF,PTZ,61.887639,34.161028,2, ,0.0,0.0,0,0,0,1,205,0,0,0
TF,GITOS,61.876667,32.735833,0, ,0.0,0.0,0.0,0.0,2,7000,0,0,0,0,0,0

SID,GITO1B,01,2
CA,0,10.0,2,810,0,0,0,0,0,0
DF,XO,61.819778,34.096167,2, ,0.0,0.0,0,0,0,1,205,0,0,0
TF,GITOS,61.876667,32.735833,0, ,0.0,0.0,0.0,0.0,2,7000,0,0,0,0,0,0

SID,GITO1C,19,2
CA,0,190.0,2,800,0,0,0,0,0,0
CI,2, ,0.0,315.0,0,0,0,1,205,0,0,0
CF,GITOS,61.876667,32.735833,0,PTZ,256.7,40.5,257.0,36.0,2,7000,0,0,0,0,0,0

SID,GITO1D,19,2
CD, ,0,0,0,PTZ,0,0.0,190.0,5.7,0,0,0,0,0,0,0,0
CI,2, ,0.0,288.0,0,0,0,0,0,0,0,0
CF,GITOS,61.876667,32.735833,0,PTZ,256.7,40.5,262.0,32.0,2,7000,0,0,0,0,0,0

SID,GITO1E,01,5
CA,0,10.0,2,810,0,0,0,0,0,0
DF,GITOS,61.876667,32.735833,1, ,0.0,0.0,2,7000,0,0,0,0,0,0

SID,GITO1F,19,5
CA,0,190.0,2,800,0,0,0,0,0,0
DF,GITOS,61.876667,32.735833,0, ,0.0,0.0,2,7000,0,0,0,0,0,0

SID,SELG1A,01,2
CA,0,10.0,2,810,0,0,0,0,0,0
DF,PTZ,61.887639,34.161028,1, ,0.0,0.0,0,0,0,1,205,0,0,0
TF,SELGA,61.408333,35.154167,0, ,0.0,0.0,0.0,0.0,2,7000,0,0,0,0,0,0
TF,KEGUP,61.295000,35.334167,0, ,0.0,0.0,0.0,0.0,0,0,0,0,0,0,0,0

SID,SELG1B,01,2
CA,0,10.0,2,810,0,0,0,0,0,0
DF,XO,61.819778,34.096167,1, ,0.0,0.0,0,0,0,1,205,0,0,0
TF,SELGA,61.408333,35.154167,0, ,0.0,0.0,0.0,0.0,2,7000,0,0,0,0,0,0
TF,KEGUP,61.295000,35.334167,0, ,0.0,0.0,0.0,0.0,0,0,0,0,0,0,0,0

SID,SELG1C,19,2
CA,0,190.0,2,800,0,0,0,0,0,0
DF,PTZ,61.887639,34.161028,2, ,0.0,0.0,0,0,0,1,205,0,0,0
TF,SELGA,61.408333,35.154167,0, ,0.0,0.0,0.0,0.0,2,7000,0,0,0,0,0,0
TF,KEGUP,61.295000,35.334167,0, ,0.0,0.0,0.0,0.0,0,0,0,0,0,0,0,0

SID,SELG1D,19,2
CD, ,0,0,0,PTZ,0,0.0,190.0,5.7,0,0,0,0,0,0,0,0
DF,XO,61.819778,34.096167,2, ,0.0,0.0,0,0,0,1,205,0,0,0
TF,SELGA,61.408333,35.154167,0, ,0.0,0.0,0.0,0.0,2,7000,0,0,0,0,0,0
TF,KEGUP,61.295000,35.334167,0, ,0.0,0.0,0.0,0.0,0,0,0,0,0,0,0,0

SID,SELG1E,01,5
CA,0,10.0,2,810,0,0,0,0,0,0
DF,SELGA,61.408333,35.154167,2, ,0.0,0.0,2,7000,0,0,0,0,0,0
TF,KEGUP,61.295000,35.334167,0, ,0.0,0.0,0.0,0.0,0,0,0,0,0,0,0,0

SID,SELG1F,19,5
CA,0,190.0,2,800,0,0,0,0,0,0
DF,SELGA,61.408333,35.154167,0, ,0.0,0.0,2,7000,0,0,0,0,0,0
TF,KEGUP,61.295000,35.334167,0, ,0.0,0.0,0.0,0.0,0,0,0,0,0,0,0,0

STAR,BEGU1G,01,5
IF,BEGUR,62.121667,32.862500, ,0.0,0.0,2,7000,0,0,0,0,0,0
TF,PB003,61.760867,33.814281,0, ,0.0,0.0,0.0,0.0,2,3110,0,0,0,0,0,0

STAR,BEGU1H,19,5
IF,BEGUR,62.121667,32.862500, ,0.0,0.0,2,7000,0,0,0,0,0,0
TF,PB022,62.087514,34.108056,0, ,0.0,0.0,0.0,0.0,2,3110,0,0,0,0,0,0

STAR,BEGU1J,ALL,2
IF,BEGUR,62.121667,32.862500, ,0.0,0.0,2,7000,0,0,0,0,0,0
TF,PTZ,61.887639,34.161028,0, ,0.0,0.0,0.0,0.0,2,3110,0,0,0,0,0,0

STAR,BEGU1K,ALL,2
IF,BEGUR,62.121667,32.862500, ,0.0,0.0,2,7000,0,0,0,0,0,0
TF,XO,61.819778,34.096167,0, ,0.0,0.0,0.0,0.0,2,3110,0,0,0,0,0,0

STAR,BELO1G,01,5
IF,BELOD,62.435000,34.990833, ,0.0,0.0,2,7000,0,0,0,0,0,0
TF,PB005,61.682708,34.201089,0, ,0.0,0.0,0.0,0.0,2,3110,0,0,0,0,0,0

STAR,BELO1H,19,5
IF,BELOD,62.435000,34.990833, ,0.0,0.0,2,7000,0,0,0,0,0,0
TF,PB023,62.139833,34.387247,0, ,0.0,0.0,0.0,0.0,2,3110,0,0,0,0,0,0

STAR,BELO1J,ALL,2
IF,BELOD,62.435000,34.990833, ,0.0,0.0,2,7000,0,0,0,0,0,0
TF,PTZ,61.887639,34.161028,0, ,0.0,0.0,0.0,0.0,2,3110,0,0,0,0,0,0

STAR,BELO1K,ALL,2
IF,BELOD,62.435000,34.990833, ,0.0,0.0,2,7000,0,0,0,0,0,0
TF,XO,61.819778,34.096167,0, ,0.0,0.0,0.0,0.0,2,3110,0,0,0,0,0,0

STAR,BUKU1G,01,5
IF,BUKUS,62.558333,34.165833, ,0.0,0.0,2,8000,0,0,0,0,0,0
TF,PB003,61.760867,33.814281,0, ,0.0,0.0,0.0,0.0,2,3110,0,0,0,0,0,0

STAR,BUKU1H,19,5
IF,BUKUS,62.558333,34.165833, ,0.0,0.0,2,8000,0,0,0,0,0,0
TF,PB023,62.139833,34.387247,0, ,0.0,0.0,0.0,0.0,2,3110,0,0,0,0,0,0

STAR,BUKU1J,ALL,2
IF,BUKUS,62.558333,34.165833, ,0.0,0.0,2,8000,0,0,0,0,0,0
TF,PTZ,61.887639,34.161028,0, ,0.0,0.0,0.0,0.0,2,3110,0,0,0,0,0,0

STAR,BUKU1K,ALL,2
IF,BUKUS,62.558333,34.165833, ,0.0,0.0,2,8000,0,0,0,0,0,0
TF,XO,61.819778,34.096167,0, ,0.0,0.0,0.0,0.0,2,3110,0,0,0,0,0,0

STAR,GITO1G,01,5
IF,GITOS,61.876667,32.735833, ,0.0,0.0,2,7000,0,0,0,0,0,0
TF,PB003,61.760867,33.814281,0, ,0.0,0.0,0.0,0.0,2,3110,0,0,0,0,0,0

STAR,GITO1H,19,5
IF,GITOS,61.876667,32.735833, ,0.0,0.0,2,7000,0,0,0,0,0,0
TF,PB022,62.087514,34.108056,0, ,0.0,0.0,0.0,0.0,2,3110,0,0,0,0,0,0

STAR,GITO1J,ALL,2
IF,GITOS,61.876667,32.735833, ,0.0,0.0,2,7000,0,0,0,0,0,0
TF,PTZ,61.887639,34.161028,0, ,0.0,0.0,0.0,0.0,2,3110,0,0,0,0,0,0

STAR,GITO1K,ALL,2
IF,GITOS,61.876667,32.735833, ,0.0,0.0,2,7000,0,0,0,0,0,0
TF,XO,61.819778,34.096167,0, ,0.0,0.0,0.0,0.0,2,3110,0,0,0,0,0,0

STAR,KESK1G,01,5
IF,KESKO,61.325000,33.374167, ,0.0,0.0,2,7000,0,0,0,0,0,0
TF,PB004,61.630194,33.926247,0, ,0.0,0.0,0.0,0.0,2,3110,0,0,0,0,0,0

STAR,KESK1H,19,5
IF,KESKO,61.325000,33.374167, ,0.0,0.0,2,7000,0,0,0,0,0,0
TF,PB003,61.760867,33.814281,0, ,0.0,0.0,0.0,0.0,2,5000,0,0,0,0,0,0
TF,PB022,62.087514,34.108056,0, ,0.0,0.0,0.0,0.0,2,3110,0,0,0,0,0,0

STAR,KESK1J,ALL,2
IF,KESKO,61.325000,33.374167, ,0.0,0.0,2,7000,0,0,0,0,0,0
TF,PTZ,61.887639,34.161028,0, ,0.0,0.0,0.0,0.0,2,3110,0,0,0,0,0,0

STAR,KESK1K,ALL,2
IF,KESKO,61.325000,33.374167, ,0.0,0.0,2,7000,0,0,0,0,0,0
TF,XO,61.819778,34.096167,0, ,0.0,0.0,0.0,0.0,2,3110,0,0,0,0,0,0

STAR,SELG1G,01,5
IF,KEGUP,61.295000,35.334167, ,0.0,0.0,0,0,0,0,0,0,0,0
TF,SELGA,61.408333,35.154167,0, ,0.0,0.0,0.0,0.0,2,7000,0,0,0,0,0,0
TF,BS,61.546111,34.721111,0, ,0.0,0.0,0.0,0.0,2,7000,0,0,0,0,0,0
TF,PB005,61.682708,34.201089,0, ,0.0,0.0,0.0,0.0,2,3110,0,0,0,0,0,0

STAR,SELG1H,19,5
IF,KEGUP,61.295000,35.334167, ,0.0,0.0,0,0,0,0,0,0,0,0
TF,SELGA,61.408333,35.154167,0, ,0.0,0.0,0.0,0.0,2,7000,0,0,0,0,0,0
TF,BS,61.546111,34.721111,0, ,0.0,0.0,0.0,0.0,2,7000,0,0,0,0,0,0
TF,PB024,62.008892,34.497953,0, ,0.0,0.0,0.0,0.0,2,3110,0,0,0,0,0,0

STAR,SELG1J,ALL,2
IF,KEGUP,61.295000,35.334167, ,0.0,0.0,0,0,0,0,0,0,0,0
TF,SELGA,61.408333,35.154167,0, ,0.0,0.0,0.0,0.0,2,7000,0,0,0,0,0,0
TF,BS,61.546111,34.721111,0, ,0.0,0.0,0.0,0.0,2,7000,0,0,0,0,0,0
TF,PTZ,61.887639,34.161028,0, ,0.0,0.0,0.0,0.0,2,3110,0,0,0,0,0,0

STAR,SELG1K,ALL,2
IF,KEGUP,61.295000,35.334167, ,0.0,0.0,0,0,0,0,0,0,0,0
TF,SELGA,61.408333,35.154167,0, ,0.0,0.0,0.0,0.0,2,7000,0,0,0,0,0,0
TF,BS,61.546111,34.721111,0, ,0.0,0.0,0.0,0.0,2,7000,0,0,0,0,0,0
TF,XO,61.819778,34.096167,0, ,0.0,0.0,0.0,0.0,2,3110,0,0,0,0,0,0

APPTR,D01,01,PTZ01
IF,PTZ,61.887639,34.161028, ,0.0,0.0,2,3110,0,0,0,0,1,0
FD,PTZ,61.887639,34.161028,0,PTZ,0.0,11.0,215.0,11.0,2,2120,0,0,0,0,0,0
CF,FD01,61.800242,34.066969,1,PTZ,194.0,5.9,14.0,6.0,1,1790,0,0,0,0,0,0

APPTR,D01,01,PTZ2
IF,PTZ,61.887639,34.161028, ,0.0,0.0,2,3110,0,0,0,0,1,0
FD,PTZ,61.887639,34.161028,0,PTZ,0.0,11.0,202.0,11.0,2,2120,0,0,0,0,0,0
CF,FD01,61.800242,34.066969,1,PTZ,194.0,5.9,14.0,6.0,1,1790,0,0,0,0,0,0

FINAL,D01,01,D,3
IF,FD01,61.800242,34.066969,PTZ,194.0,5.9,1,1790,0,0,0,0,2,0
CF,28VOR,61.846169,34.116322,0,PTZ,194.0,2.8,14.0,3.1,2,810,0,0,0,0,0,0
CF,RW01,61.874831,34.145478,0,PTZ,196.8,0.9,14.0,1.9,1,198,0,0,0,0,3,0
FD,RW01,61.874831,34.145478,0,PTZ,196.8,4.3,14.0,4.3,0,0,0,0,0,0,0,0
DF,PTZ,61.887639,34.161028,1, ,0.0,0.0,2,2120,0,0,0,0,0,0

APPTR,D19,19,PTZ1
IF,PTZ,61.887639,34.161028, ,0.0,0.0,2,3110,0,0,0,0,1,0
FD,PTZ,61.887639,34.161028,0,PTZ,0.0,10.8,341.0,10.8,2,2110,0,0,0,0,0,0
CF,FD19,61.974044,34.224261,2,PTZ,6.0,5.5,186.0,6.0,1,1780,0,0,0,0,0,0

APPTR,D19,19,PTZ2
IF,PTZ,61.887639,34.161028, ,0.0,0.0,2,3110,0,0,0,0,1,0
FD,PTZ,61.887639,34.161028,0,PTZ,0.0,10.8,357.0,10.8,2,2110,0,0,0,0,0,0
CF,FD19,61.974044,34.224261,2,PTZ,6.0,5.5,186.0,6.0,1,1780,0,0,0,0,0,0

FINAL,D19,19,D,3
IF,FD19,61.974044,34.224261,PTZ,6.0,5.5,1,1780,0,0,0,0,2,0
CF,23VOR,61.923775,34.187428,0,PTZ,6.0,2.3,186.0,3.2,1,770,0,0,0,0,0,0
CF,RW19,61.895483,34.164156,0,PTZ,357.7,0.5,186.0,1.8,1,188,0,0,0,0,3,0
FD,RW19,61.895483,34.164156,0,PTZ,357.7,3.5,186.0,3.5,0,0,0,0,0,0,0,0
DF,PTZ,61.887639,34.161028,2, ,0.0,0.0,2,1780,0,1,185,0,0,0

APPTR,I19-X,19,XO1
IF,XO,61.819778,34.096167, ,0.0,0.0,2,3110,0,0,0,0,1,0
FD,XO,61.819778,34.096167,0,PTZ,191.3,10.8,354.0,10.8,2,2110,0,0,0,0,0,0
CF,CI19,62.053264,34.307786,2,IPD,10.1,12.0,190.0,1.0,2,2110,0,0,0,0,0,0

APPTR,I19-X,19,XO2
IF,XO,61.819778,34.096167, ,0.0,0.0,2,3110,0,0,0,0,1,0
FD,XO,61.819778,34.096167,0,PTZ,191.3,10.8,6.0,10.8,2,2110,0,0,0,0,0,0
CF,CI19,62.053264,34.307786,2,IPD,10.1,12.0,190.0,1.0,2,2110,0,0,0,0,0,0

FINAL,I19-X,19,I,3
IF,CI19,62.053264,34.307786,IPD,10.1,12.0,2,2110,0,0,0,0,0,0
CF,FI19,61.971864,34.233483,0,IPD,10.1,6.7,190.0,5.3,1,1780,0,0,0,0,2,0
CF,RW19,61.895483,34.164156,0,IPD,10.1,1.7,190.0,5.0,1,188,0,0,0,0,3,0
CF,XO,61.819778,34.096167,0,PTZ,191.3,4.5,190.0,5.0,2,1130,0,0,0,0,0,1
VM,0,0,2,10.0,2,1950,0,1,200,0,0,0

APPTR,I19-Y,19,PTZ1
IF,PTZ,61.887639,34.161028, ,0.0,0.0,2,3110,0,0,0,0,1,0
FD,PTZ,61.887639,34.161028,0,PTZ,0.0,10.8,346.0,10.8,2,2110,0,0,0,0,0,0
CF,CI19,62.053264,34.307786,2,IPD,10.1,12.0,190.0,1.0,2,2110,0,0,0,0,0,0

APPTR,I19-Y,19,PTZ2
IF,PTZ,61.887639,34.161028, ,0.0,0.0,2,3110,0,0,0,0,1,0
FD,PTZ,61.887639,34.161028,0,PTZ,0.0,10.8,2.0,10.8,2,2110,0,0,0,0,0,0
CF,CI19,62.053264,34.307786,2,IPD,10.1,12.0,190.0,1.0,2,2110,0,0,0,0,0,0

FINAL,I19-Y,19,I,3
IF,CI19,62.053264,34.307786,IPD,10.1,12.0,2,2110,0,0,0,0,0,0
CF,FI19,61.971864,34.233483,0,IPD,10.1,6.7,190.0,5.3,1,1780,0,0,0,0,2,0
CF,RW19,61.895483,34.164156,0,IPD,10.1,1.7,190.0,5.0,1,188,0,0,0,0,3,0
FD,RW19,61.895483,34.164156,0,PTZ,357.7,3.5,190.0,3.5,0,0,0,0,0,0,0,0
DF,PTZ,61.887639,34.161028,2, ,0.0,0.0,2,1780,0,1,185,0,0,0

APPTR,I19-Z,19,PB022
IF,PB022,62.087514,34.108056, ,0.0,0.0,2,3110,0,0,0,0,1,0
TF,PB021,62.048344,34.303258,0,IPD,0.0,0.0,0.0,0.0,2,2110,0,0,0,0,1,0

APPTR,I19-Z,19,PB023
IF,PB023,62.139833,34.387247, ,0.0,0.0,2,3110,0,0,0,0,1,0
TF,PB021,62.048344,34.303258,0,IPD,0.0,0.0,0.0,0.0,2,2110,0,0,0,0,1,0

APPTR,I19-Z,19,PB024
IF,PB024,62.008892,34.497953, ,0.0,0.0,2,3110,0,0,0,0,1,0
TF,PB021,62.048344,34.303258,0,IPD,0.0,0.0,0.0,0.0,2,2110,0,0,0,0,1,0

FINAL,I19-Z,19,I,3
IF,PB021,62.048344,34.303258,IPD,10.1,11.7,2,2110,0,0,0,0,0,0
CF,FI19,61.971864,34.233483,0,IPD,10.1,6.7,190.0,5.0,1,1780,0,0,0,0,2,0
CF,RW19,61.895483,34.164156,0,IPD,10.1,1.7,190.0,5.0,1,188,0,0,0,0,3,0
CA,0,190.0,2,800,0,0,0,0,0,0
DF,PB025,62.004942,34.033253,2, ,0.0,0.0,0,0,0,1,185,0,0,0
TF,PB022,62.087514,34.108056,0, ,0.0,0.0,0.0,0.0,2,3110,0,0,0,0,0,0

APPTR,J01,01,PB003
IF,PB003,61.760867,33.814281, ,0.0,0.0,2,3110,0,0,0,0,1,0
TF,PB002,61.721914,34.007997,0,G01A,0.0,0.0,0.0,0.0,2,2120,0,0,0,0,1,0

APPTR,J01,01,PB004
IF,PB004,61.630194,33.926247, ,0.0,0.0,2,3110,0,0,0,0,1,0
TF,PB002,61.721914,34.007997,0,G01A,0.0,0.0,0.0,0.0,2,2120,0,0,0,0,1,0

APPTR,J01,01,PB005
IF,PB005,61.682708,34.201089, ,0.0,0.0,2,3110,0,0,0,0,1,0
TF,PB002,61.721914,34.007997,0,G01A,0.0,0.0,0.0,0.0,2,2120,0,0,0,0,1,0

FINAL,J01,01,G,3
IF,PB002,61.721914,34.007997,G01A,0.0,0.0,2,2120,0,0,0,0,0,0
TF,PB001,61.798389,34.076567,0,G01A,0.0,0.0,10.0,5.0,1,1790,0,0,0,0,2,0
TF,RW01,61.874831,34.145478,0,G01A,0.0,0.0,10.0,5.0,1,198,0,0,0,0,3,1
CA,0,10.0,2,810,0,0,0,0,0,0
DF,PB006,61.846383,33.887856,1, ,0.0,0.0,0,0,0,1,185,0,0,0
TF,PB003,61.760867,33.814281,0, ,0.0,0.0,0.0,0.0,2,3110,0,0,0,0,0,0

APPTR,J19,19,PB022
IF,PB022,62.087514,34.108056, ,0.0,0.0,2,3110,0,0,0,0,1,0
TF,PB021,62.048344,34.303258,0,G19A,0.0,0.0,0.0,0.0,2,2110,0,0,0,0,1,0

APPTR,J19,19,PB023
IF,PB023,62.139833,34.387247, ,0.0,0.0,2,3110,0,0,0,0,1,0
TF,PB021,62.048344,34.303258,0,G19A,0.0,0.0,0.0,0.0,2,2110,0,0,0,0,1,0

APPTR,J19,19,PB024
IF,PB024,62.008892,34.497953, ,0.0,0.0,2,3110,0,0,0,0,1,0
TF,PB021,62.048344,34.303258,0,G19A,0.0,0.0,0.0,0.0,2,2110,0,0,0,0,1,0

FINAL,J19,19,G,3
IF,PB021,62.048344,34.303258,G19A,0.0,0.0,2,2110,0,0,0,0,0,0
TF,PB020,61.971931,34.233533,0,G19A,0.0,0.0,190.0,5.0,1,1780,0,0,0,0,2,0
TF,RW19,61.895483,34.164156,0,G19A,0.0,0.0,190.0,5.0,1,186,0,0,0,0,3,1
CA,0,190.0,2,800,0,0,0,0,0,0
DF,PB025,62.004942,34.033253,2, ,0.0,0.0,0,0,0,1,185,0,0,0
TF,PB022,62.087514,34.108056,0, ,0.0,0.0,0.0,0.0,2,3110,0,0,0,0,0,0

APPTR,Q01,01,XO1
IF,XO,61.819778,34.096167, ,0.0,0.0,2,3110,0,0,0,0,1,0
FD,XO,61.819778,34.096167,0,PTZ,191.3,11.4,230.0,11.4,2,2120,0,0,0,0,0,0
CF,FQ01,61.798053,34.076683,1,PTZ,191.0,5.9,10.0,6.0,1,1790,0,0,0,0,0,0

APPTR,Q01,01,XO2
IF,XO,61.819778,34.096167, ,0.0,0.0,2,3110,0,0,0,0,1,0
FD,XO,61.819778,34.096167,0,PTZ,191.3,11.4,204.0,11.4,2,2120,0,0,0,0,0,0
CF,FQ01,61.798053,34.076683,1,PTZ,191.0,5.9,10.0,6.0,1,1790,0,0,0,0,0,0

FINAL,Q01,01,N,3
IF,FQ01,61.798053,34.076683,XO,0.0,0.0,1,1790,0,0,0,0,2,0
CF,28DME,61.845475,34.119250,0,XO,0.0,0.0,10.0,3.1,1,810,0,0,0,0,0,0
CF,RW01,61.874831,34.145478,0,PTZ,0.0,0.9,10.0,1.9,1,198,0,0,0,0,3,0
CA,0,10.0,2,810,0,0,0,0,0,0
DF,XO,61.819778,34.096167,1, ,0.0,0.0,2,2120,0,0,0,0,0,0

APPTR,Q19,19,XO1
IF,XO,61.819778,34.096167, ,0.0,0.0,2,3110,0,0,0,0,1,0
FD,XO,61.819778,34.096167,0,PTZ,191.3,10.8,352.0,10.8,2,2110,0,0,0,0,0,0
CF,FQ19,61.972375,34.233869,2,PTZ,9.0,5.5,190.0,6.0,1,1780,0,0,0,0,0,0

APPTR,Q19,19,XO2
IF,XO,61.819778,34.096167, ,0.0,0.0,2,3110,0,0,0,0,1,0
FD,XO,61.819778,34.096167,0,PTZ,191.3,10.8,4.0,10.8,2,2110,0,0,0,0,0,0
CF,FQ19,61.972375,34.233869,2,PTZ,9.0,5.5,190.0,6.0,1,1780,0,0,0,0,0,0

FINAL,Q19,19,N,3
IF,FQ19,61.972375,34.233869,XO,0.0,0.0,1,1780,0,0,0,0,2,0
CF,23DME,61.923461,34.189567,0,XO,0.0,0.0,190.0,3.2,1,770,0,0,0,0,0,0
CF,RW19,61.895483,34.164156,0,PTZ,0.0,0.5,190.0,1.8,1,188,0,0,0,0,3,0
CF,XO,61.819778,34.096167,0,PTZ,191.3,4.5,190.0,5.0,2,1130,0,0,0,0,0,1
VM,0,0,2,10.0,2,1950,0,1,200,0,0,0

APPTR,R01,01,PB003
IF,PB003,61.760867,33.814281, ,0.0,0.0,2,3110,0,0,0,0,1,0
TF,PB002,61.721914,34.007997,0, ,0.0,0.0,0.0,0.0,2,2120,0,0,0,0,1,0

APPTR,R01,01,PB004
IF,PB004,61.630194,33.926247, ,0.0,0.0,2,3110,0,0,0,0,1,0
TF,PB002,61.721914,34.007997,0, ,0.0,0.0,0.0,0.0,2,2120,0,0,0,0,1,0

APPTR,R01,01,PB005
IF,PB005,61.682708,34.201089, ,0.0,0.0,2,3110,0,0,0,0,1,0
TF,PB002,61.721914,34.007997,0, ,0.0,0.0,0.0,0.0,2,2120,0,0,0,0,1,0

FINAL,R01,01,R,4
IF,PB002,61.721914,34.007997, ,0.0,0.0,2,2120,0,0,0,0,0,0
TF,PB001,61.798389,34.076567,0, ,0.0,0.0,10.0,5.0,1,1790,0,0,0,0,2,0
TF,21THR,61.842114,34.115936,0, ,0.0,0.0,10.0,2.9,2,880,0,0,0,0,0,0
TF,RW01,61.874831,34.145478,0, ,0.0,0.0,10.0,2.1,1,198,0,0,0,0,3,1
CA,0,10.0,2,810,0,0,0,0,0,0
DF,PB006,61.846383,33.887856,1, ,0.0,0.0,0,0,0,1,185,0,0,0
TF,PB003,61.760867,33.814281,0, ,0.0,0.0,0.0,0.0,2,3110,0,0,0,0,0,0

APPTR,R19,19,PB022
IF,PB022,62.087514,34.108056, ,0.0,0.0,2,3110,0,0,0,0,1,0
TF,PB021,62.048344,34.303258,0, ,0.0,0.0,0.0,0.0,2,2110,0,0,0,0,1,0

APPTR,R19,19,PB023
IF,PB023,62.139833,34.387247, ,0.0,0.0,2,3110,0,0,0,0,1,0
TF,PB021,62.048344,34.303258,0, ,0.0,0.0,0.0,0.0,2,2110,0,0,0,0,1,0

APPTR,R19,19,PB024
IF,PB024,62.008892,34.497953, ,0.0,0.0,2,3110,0,0,0,0,1,0
TF,PB021,62.048344,34.303258,0, ,0.0,0.0,0.0,0.0,2,2110,0,0,0,0,1,0

FINAL,R19,19,R,4
IF,PB021,62.048344,34.303258, ,0.0,0.0,2,2110,0,0,0,0,0,0
TF,PB020,61.971931,34.233533,0, ,0.0,0.0,190.0,5.0,1,1780,0,0,0,0,2,0
TF,22THR,61.929100,34.194614,0, ,0.0,0.0,190.0,2.8,2,860,0,0,0,0,0,0
TF,RW19,61.895483,34.164156,0, ,0.0,0.0,190.0,2.2,1,186,0,0,0,0,3,1
CA,0,190.0,2,800,0,0,0,0,0,0
DF,PB025,62.004942,34.033253,2, ,0.0,0.0,0,0,0,1,185,0,0,0
TF,PB022,62.087514,34.108056,0, ,0.0,0.0,0.0,0.0,2,3110,0,0,0,0,0,0

