SID,AKTU6B,09,2
CA,0,90.0,2,1480,0,0,0,0,0,0
CI,2, ,0.0,209.0,0,0,0,0,0,0,0,0
CF,AKTUR,45.649722,44.865278,0,ELI,145.6,48.3,146.0,45.0,2,15000,0,0,0,0,0,0

SID,AKTU6C,27,2
CA,0,270.0,2,1470,0,0,0,0,0,0
DF,ELI,46.371944,44.354917,2, ,0.0,0.0,0,0,0,0,0,0,0,0
CF,AKTUR,45.649722,44.865278,0,ELI,145.6,48.3,146.0,48.0,2,15000,0,0,0,0,0,0

SID,AKTU6F,09,2
CA,0,90.0,2,1480,0,0,0,0,0,0
CI,2, ,0.0,235.0,0,0,0,0,0,0,0,0
CF,AKTUR,45.649722,44.865278,1,ELI,145.6,48.3,142.0,41.0,2,15000,0,0,0,0,0,0

SID,AKTU6H,27,5
CA,0,270.0,2,1470,0,0,0,0,0,0
DF,WI021,46.185389,44.173631,0, ,0.0,0.0,0,0,0,0,0,0,0,0
TF,AKTUR,45.649722,44.865278,0, ,0.0,0.0,0.0,0.0,2,15000,0,0,0,0,0,0

SID,AKTU6J,09,5
CA,0,90.0,2,1480,0,0,0,0,0,0
DF,AKTUR,45.649722,44.865278,0, ,0.0,0.0,2,15000,0,0,0,0,0,0

SID,BAGO6B,09,2
CA,0,90.0,2,1480,0,1,245,0,0,0
DF,ELI,46.371944,44.354917,2, ,0.0,0.0,0,0,0,0,0,0,0,1
TF,BAGON,46.941111,44.352500,0, ,0.0,0.0,0.0,0.0,2,9000,0,0,0,0,0,0

SID,BAGO6C,27,2
CA,0,270.0,2,1470,0,0,0,0,0,0
DF,ELI,46.371944,44.354917,1, ,0.0,0.0,0,0,0,0,0,0,0,1
CF,BAGON,46.941111,44.352500,0,ELI,351.8,34.2,352.0,34.0,2,9000,0,0,0,0,0,0

SID,BAGO6F,09,2
CA,0,90.0,2,1480,0,0,0,0,0,0
DF,SA,46.379778,44.269250,2, ,0.0,0.0,0,0,0,0,0,0,0,0
CF,BAGON,46.941111,44.352500,0,ELI,351.8,34.2,358.0,34.0,2,9000,0,0,0,0,0,0

SID,BAGO6H,27,5
CA,0,270.0,2,1470,0,0,0,0,0,0
DF,WI017,46.545119,44.070508,0, ,0.0,0.0,0,0,0,0,0,0,0,0
TF,WI019,46.660689,44.211264,0, ,0.0,0.0,0.0,0.0,0,0,0,0,0,0,0,0
TF,BAGON,46.941111,44.352500,0, ,0.0,0.0,0.0,0.0,2,9000,0,0,0,0,0,0

SID,BAGO6J,09,5
CA,0,90.0,2,1480,0,0,0,0,0,0
DF,WI014,46.453406,44.609081,0, ,0.0,0.0,0,0,0,0,0,0,0,0
TF,WI016,46.658853,44.343628,1, ,0.0,0.0,0.0,0.0,0,0,0,0,0,0,0,0
TF,BAGON,46.941111,44.352500,0, ,0.0,0.0,0.0,0.0,2,9000,0,0,0,0,0,0

SID,BAKA6B,09,2
CA,0,90.0,2,1480,0,1,245,0,0,0
DF,ELI,46.371944,44.354917,2, ,0.0,0.0,0,0,0,0,0,0,0,0
TF,BAKAM,46.943333,43.631111,0, ,0.0,0.0,0.0,0.0,2,12000,0,0,0,0,0,0

SID,BAKA6C,27,2
CA,0,270.0,2,1470,0,0,0,0,0,0
CI,2, ,0.0,3.0,0,0,0,0,0,0,0,0
CF,BAKAM,46.943333,43.631111,0,ELI,311.2,45.5,311.0,40.0,2,12000,0,0,0,0,0,0

SID,BAKA6F,09,2
CA,0,90.0,2,1480,0,0,0,0,0,0
DF,SA,46.379778,44.269250,2, ,0.0,0.0,0,0,0,0,0,0,0,0
CF,BAKAM,46.943333,43.631111,0,ELI,311.2,45.5,314.0,43.0,2,12000,0,0,0,0,0,0

SID,BAKA6H,27,5
CA,0,270.0,2,1470,0,0,0,0,0,0
DF,WI017,46.545119,44.070508,0, ,0.0,0.0,0,0,0,0,0,0,0,0
TF,WI018,46.651372,43.980519,0, ,0.0,0.0,0.0,0.0,0,0,0,0,0,0,0,0
TF,BAKAM,46.943333,43.631111,0, ,0.0,0.0,0.0,0.0,2,12000,0,0,0,0,0,0

SID,BAKA6J,09,5
CA,0,90.0,2,1480,0,0,0,0,0,0
DF,WI014,46.453406,44.609081,0, ,0.0,0.0,0,0,0,0,0,0,0,0
TF,WI016,46.658853,44.343628,1, ,0.0,0.0,0.0,0.0,0,0,0,0,0,0,0,0
TF,BAKAM,46.943333,43.631111,0, ,0.0,0.0,0.0,0.0,2,12000,0,0,0,0,0,0

SID,BALG6B,09,2
CA,0,90.0,2,1480,0,1,245,0,0,0
DF,ELI,46.371944,44.354917,2, ,0.0,0.0,0,0,0,0,0,0,0,0
TF,BALGU,47.031111,43.756667,0, ,0.0,0.0,0.0,0.0,2,18000,0,0,0,0,0,0

SID,BALG6C,27,2
CA,0,270.0,2,1470,0,0,0,0,0,0
CI,2, ,0.0,25.0,0,0,0,0,0,0,0,0
CF,BALGU,47.031111,43.756667,0,ELI,320.2,46.7,320.0,41.0,2,18000,0,0,0,0,0,0

SID,BALG6F,09,2
CA,0,90.0,2,1480,0,0,0,0,0,0
DF,SA,46.379778,44.269250,2, ,0.0,0.0,0,0,0,0,0,0,0,0
CF,BALGU,47.031111,43.756667,0,ELI,320.2,46.7,324.0,44.0,2,18000,0,0,0,0,0,0

SID,BALG6H,27,5
CA,0,270.0,2,1470,0,0,0,0,0,0
DF,WI017,46.545119,44.070508,0, ,0.0,0.0,0,0,0,0,0,0,0,0
TF,WI018,46.651372,43.980519,0, ,0.0,0.0,0.0,0.0,0,0,0,0,0,0,0,0
TF,BALGU,47.031111,43.756667,0, ,0.0,0.0,0.0,0.0,2,18000,0,0,0,0,0,0

SID,BALG6J,09,5
CA,0,90.0,2,1480,0,0,0,0,0,0
DF,WI014,46.453406,44.609081,0, ,0.0,0.0,0,0,0,0,0,0,0,0
TF,WI016,46.658853,44.343628,1, ,0.0,0.0,0.0,0.0,0,0,0,0,0,0,0,0
TF,BALGU,47.031111,43.756667,0, ,0.0,0.0,0.0,0.0,2,18000,0,0,0,0,0,0

SID,BURU6B,09,2
CA,0,90.0,2,1480,0,0,0,0,0,0
CI,1, ,0.0,278.0,0,0,0,0,0,0,0,0
CF,BURUT,46.842500,44.565833,2,ELI,9.1,29.6,9.0,26.0,2,7000,0,0,0,0,0,0

SID,BURU6C,27,2
CA,0,270.0,2,1470,0,0,0,0,0,0
DF,ELI,46.371944,44.354917,1, ,0.0,0.0,0,0,0,0,0,0,0,1
CF,BURUT,46.842500,44.565833,0,ELI,9.1,29.6,9.0,30.0,2,7000,0,0,0,0,0,0

SID,BURU6F,09,2
CA,0,90.0,2,1480,0,0,0,0,0,0
DF,SA,46.379778,44.269250,2, ,0.0,0.0,0,0,0,0,0,0,0,0
CF,BURUT,46.842500,44.565833,0,ELI,9.1,29.6,16.0,30.0,2,7000,0,0,0,0,0,0

SID,BURU6H,27,5
CA,0,270.0,2,1470,0,0,0,0,0,0
DF,WI017,46.545119,44.070508,0, ,0.0,0.0,0,0,0,0,0,0,0,0
TF,WI019,46.660689,44.211264,0, ,0.0,0.0,0.0,0.0,0,0,0,0,0,0,0,0
TF,BURUT,46.842500,44.565833,0, ,0.0,0.0,0.0,0.0,2,7000,0,0,0,0,0,0

SID,BURU6J,09,5
CA,0,90.0,2,1480,0,0,0,0,0,0
DF,WI014,46.453406,44.609081,0, ,0.0,0.0,0,0,0,0,0,0,0,0
TF,BURUT,46.842500,44.565833,0, ,0.0,0.0,0.0,0.0,2,7000,0,0,0,0,0,0

SID,GUBT6B,09,2
CA,0,90.0,2,1480,0,1,245,0,0,0
DF,ELI,46.371944,44.354917,1, ,0.0,0.0,0,0,0,0,0,0,0,0
TF,GUBTA,46.163056,43.411667,0, ,0.0,0.0,0.0,0.0,2,6000,0,0,0,0,0,0

SID,GUBT6C,27,2
CA,0,270.0,2,1470,0,0,0,0,0,0
VI,0, ,0.0,214.0,0,0,0,0,0,0,0,0
CF,GUBTA,46.163056,43.411667,0,ELI,244.6,41.2,244.0,37.0,2,6000,0,0,0,0,0,0

SID,GUBT6F,09,2
CA,0,90.0,2,1480,0,0,0,0,0,0
DF,SA,46.379778,44.269250,1, ,0.0,0.0,0,0,0,0,0,0,0,0
TF,GUBTA,46.163056,43.411667,0, ,0.0,0.0,0.0,0.0,2,6000,0,0,0,0,0,0

SID,GUBT6H,27,5
CA,0,270.0,2,1470,0,0,0,0,0,0
DF,WI020,46.291253,43.965547,0, ,0.0,0.0,0,0,0,0,0,0,0,0
TF,GUBTA,46.163056,43.411667,0, ,0.0,0.0,0.0,0.0,2,6000,0,0,0,0,0,0

SID,GUBT6J,09,5
CA,0,90.0,2,1480,0,0,0,0,0,0
DF,WI015,46.238736,44.535008,0, ,0.0,0.0,0,0,0,0,0,0,0,0
TF,GUBTA,46.163056,43.411667,2, ,0.0,0.0,0.0,0.0,2,6000,0,0,0,0,0,0

SID,KISE6B,09,2
CA,0,90.0,2,1480,0,1,245,0,0,0
DF,ELI,46.371944,44.354917,1, ,0.0,0.0,0,0,0,0,0,0,0,0
TF,KISEL,46.003056,43.671667,0, ,0.0,0.0,0.0,0.0,2,6000,0,0,0,0,0,0

SID,KISE6C,27,2
CA,0,270.0,2,1470,0,0,0,0,0,0
CI,1, ,0.0,165.0,0,0,0,0,0,0,0,0
CF,KISEL,46.003056,43.671667,0,ELI,224.4,36.1,224.0,30.0,2,6000,0,0,0,0,0,0

SID,KISE6F,09,2
CA,0,90.0,2,1480,0,0,0,0,0,0
DF,SA,46.379778,44.269250,1, ,0.0,0.0,0,0,0,0,0,0,0,0
CF,KISEL,46.003056,43.671667,0,ELI,224.4,36.1,220.0,34.0,2,6000,0,0,0,0,0,0

SID,KISE6H,27,5
CA,0,270.0,2,1470,0,0,0,0,0,0
DF,WI020,46.291253,43.965547,0, ,0.0,0.0,0,0,0,0,0,0,0,0
TF,KISEL,46.003056,43.671667,0, ,0.0,0.0,0.0,0.0,2,6000,0,0,0,0,0,0

SID,KISE6J,09,5
CA,0,90.0,2,1480,0,0,0,0,0,0
DF,WI015,46.238736,44.535008,0, ,0.0,0.0,0,0,0,0,0,0,0,0
TF,KISEL,46.003056,43.671667,2, ,0.0,0.0,0.0,0.0,2,6000,0,0,0,0,0,0

SID,LUTI6B,09,2
CA,0,90.0,2,1480,0,0,0,0,0,0
VI,0, ,0.0,148.0,0,0,0,0,0,0,0,0
CF,LUTIN,46.029722,45.035278,0,ELI,117.7,35.0,118.0,33.0,2,11000,0,0,0,0,0,0

SID,LUTI6C,27,2
CA,0,270.0,2,1470,0,0,0,0,0,0
DF,ELI,46.371944,44.354917,2, ,0.0,0.0,0,0,0,0,0,0,0,0
TF,LUTIN,46.029722,45.035278,0, ,0.0,0.0,0.0,0.0,2,11000,0,0,0,0,0,0

SID,LUTI6F,09,2
CA,0,90.0,2,1480,0,0,0,0,0,0
CI,0, ,0.0,146.0,0,0,0,0,0,0,0,0
CF,LUTIN,46.029722,45.035278,0,ELI,117.7,35.0,116.0,32.0,2,11000,0,0,0,0,0,0

SID,LUTI6H,27,5
CA,0,270.0,2,1470,0,0,0,0,0,0
DF,WI021,46.185389,44.173631,0, ,0.0,0.0,0,0,0,0,0,0,0,0
TF,LUTIN,46.029722,45.035278,0, ,0.0,0.0,0.0,0.0,2,11000,0,0,0,0,0,0

SID,LUTI6J,09,5
CA,0,90.0,2,1480,0,0,0,0,0,0
DF,LUTIN,46.029722,45.035278,0, ,0.0,0.0,2,11000,0,0,0,0,0,0

SID,SORE6B,09,2
CA,0,90.0,2,1480,0,1,245,0,0,0
DF,ELI,46.371944,44.354917,1, ,0.0,0.0,0,0,0,0,0,0,0,0
TF,SOREG,45.908056,43.995278,0, ,0.0,0.0,0.0,0.0,2,16000,0,0,0,0,0,0

SID,SORE6C,27,2
CA,0,270.0,2,1470,0,0,0,0,0,0
DF,ELI,46.371944,44.354917,2, ,0.0,0.0,0,0,0,0,0,0,0,1
CF,SOREG,45.908056,43.995278,0,ELI,200.5,31.6,200.0,32.0,2,16000,0,0,0,0,0,0

SID,SORE6F,09,2
CA,0,90.0,2,1480,0,0,0,0,0,0
DF,SA,46.379778,44.269250,1, ,0.0,0.0,0,0,0,0,0,0,0,0
CF,SOREG,45.908056,43.995278,0,ELI,200.5,31.6,194.0,31.0,2,16000,0,0,0,0,0,0

SID,SORE6H,27,5
CA,0,270.0,2,1470,0,0,0,0,0,0
DF,WI021,46.185389,44.173631,0, ,0.0,0.0,0,0,0,0,0,0,0,0
TF,SOREG,45.908056,43.995278,0, ,0.0,0.0,0.0,0.0,2,16000,0,0,0,0,0,0

SID,SORE6J,09,5
CA,0,90.0,2,1480,0,0,0,0,0,0
DF,WI015,46.238736,44.535008,0, ,0.0,0.0,0,0,0,0,0,0,0,0
TF,SOREG,45.908056,43.995278,0, ,0.0,0.0,0.0,0.0,2,16000,0,0,0,0,0,0

STAR,AKTU6A,ALL,2
IF,AKTUR,45.649722,44.865278, ,0.0,0.0,2,16000,0,0,0,0,0,0
TF,ELI,46.371944,44.354917,0, ,0.0,0.0,0.0,0.0,2,5000,0,0,0,0,0,0

STAR,AKTU6D,ALL,2
IF,AKTUR,45.649722,44.865278, ,0.0,0.0,2,16000,0,0,0,0,0,0
TF,SA,46.379778,44.269250,0, ,0.0,0.0,0.0,0.0,2,5000,0,0,0,0,0,0

STAR,AKTU6E,27,5
IF,AKTUR,45.649722,44.865278, ,0.0,0.0,2,16000,0,0,0,0,0,0
TF,WI009,46.337206,44.712522,0, ,0.0,0.0,0.0,0.0,2,3110,0,0,0,0,0,0

STAR,AKTU6G,09,5
IF,AKTUR,45.649722,44.865278, ,0.0,0.0,2,16000,0,0,0,0,0,0
TF,WI013,46.088239,44.323669,0, ,0.0,0.0,0.0,0.0,0,0,0,0,0,0,0,0
TF,WI003,46.298703,44.057756,0, ,0.0,0.0,0.0,0.0,2,3120,0,0,0,0,0,0

STAR,BAGO6A,ALL,2
IF,BAGON,46.941111,44.352500, ,0.0,0.0,2,10000,0,0,0,0,0,0
TF,ELI,46.371944,44.354917,0, ,0.0,0.0,0.0,0.0,2,5000,0,0,0,0,0,0

STAR,BAGO6D,ALL,2
IF,BAGON,46.941111,44.352500, ,0.0,0.0,2,10000,0,0,0,0,0,0
TF,SA,46.379778,44.269250,0, ,0.0,0.0,0.0,0.0,2,5000,0,0,0,0,0,0

STAR,BAGO6E,27,5
IF,BAGON,46.941111,44.352500, ,0.0,0.0,2,10000,0,0,0,0,0,0
TF,WI008,46.449994,44.589844,0, ,0.0,0.0,0.0,0.0,2,3110,0,0,0,0,0,0

STAR,BAGO6G,09,5
IF,BAGON,46.941111,44.352500, ,0.0,0.0,2,10000,0,0,0,0,0,0
TF,WI005,46.496569,44.096914,0, ,0.0,0.0,0.0,0.0,2,3120,0,0,0,0,0,0

STAR,BALG6A,ALL,2
IF,BALGU,47.031111,43.756667, ,0.0,0.0,2,17000,0,0,0,0,0,0
TF,ELI,46.371944,44.354917,0, ,0.0,0.0,0.0,0.0,2,5000,0,0,0,0,0,0

STAR,BALG6D,ALL,2
IF,BALGU,47.031111,43.756667, ,0.0,0.0,2,17000,0,0,0,0,0,0
TF,SA,46.379778,44.269250,0, ,0.0,0.0,0.0,0.0,2,5000,0,0,0,0,0,0

STAR,BALG6E,27,5
IF,BALGU,47.031111,43.756667, ,0.0,0.0,2,17000,0,0,0,0,0,0
TF,WI008,46.449994,44.589844,0, ,0.0,0.0,0.0,0.0,2,3110,0,0,0,0,0,0

STAR,BALG6G,09,5
IF,BALGU,47.031111,43.756667, ,0.0,0.0,2,17000,0,0,0,0,0,0
TF,WI004,46.410700,43.934706,0, ,0.0,0.0,0.0,0.0,2,3120,0,0,0,0,0,0

STAR,BURU6A,ALL,2
IF,BURUT,46.842500,44.565833, ,0.0,0.0,2,6000,0,0,0,0,0,0
TF,ELI,46.371944,44.354917,0, ,0.0,0.0,0.0,0.0,2,5000,0,0,0,0,0,0

STAR,BURU6D,ALL,2
IF,BURUT,46.842500,44.565833, ,0.0,0.0,2,6000,0,0,0,0,0,0
TF,SA,46.379778,44.269250,0, ,0.0,0.0,0.0,0.0,2,5000,0,0,0,0,0,0

STAR,BURU6E,27,5
IF,BURUT,46.842500,44.565833, ,0.0,0.0,2,6000,0,0,0,0,0,0
TF,WI008,46.449994,44.589844,0, ,0.0,0.0,0.0,0.0,2,3110,0,0,0,0,0,0

STAR,BURU6G,09,5
IF,BURUT,46.842500,44.565833, ,0.0,0.0,2,6000,0,0,0,0,0,0
TF,WI012,46.617044,44.260394,0, ,0.0,0.0,0.0,0.0,0,0,0,0,0,0,0,0
TF,WI005,46.496569,44.096914,0, ,0.0,0.0,0.0,0.0,2,3120,0,0,0,0,0,0

STAR,GUBT6A,ALL,2
IF,GUBTA,46.163056,43.411667, ,0.0,0.0,2,7000,0,0,0,0,0,0
TF,ELI,46.371944,44.354917,0, ,0.0,0.0,0.0,0.0,2,5000,0,0,0,0,0,0

STAR,GUBT6D,ALL,2
IF,GUBTA,46.163056,43.411667, ,0.0,0.0,2,7000,0,0,0,0,0,0
TF,SA,46.379778,44.269250,0, ,0.0,0.0,0.0,0.0,2,5000,0,0,0,0,0,0

STAR,GUBT6E,27,5
IF,GUBTA,46.163056,43.411667, ,0.0,0.0,2,7000,0,0,0,0,0,0
TF,WI011,46.166392,44.252011,0, ,0.0,0.0,0.0,0.0,0,0,0,0,0,0,0,0
TF,WI010,46.252222,44.549706,0, ,0.0,0.0,0.0,0.0,2,3110,0,0,0,0,0,0

STAR,GUBT6G,09,5
IF,GUBTA,46.163056,43.411667, ,0.0,0.0,2,7000,0,0,0,0,0,0
TF,WI004,46.410700,43.934706,0, ,0.0,0.0,0.0,0.0,2,3120,0,0,0,0,0,0

STAR,KISE6A,ALL,2
IF,KISEL,46.003056,43.671667, ,0.0,0.0,2,5000,0,0,0,0,0,0
TF,ELI,46.371944,44.354917,0, ,0.0,0.0,0.0,0.0,2,5000,0,0,0,0,0,0

STAR,KISE6D,ALL,2
IF,KISEL,46.003056,43.671667, ,0.0,0.0,2,5000,0,0,0,0,0,0
TF,SA,46.379778,44.269250,0, ,0.0,0.0,0.0,0.0,2,5000,0,0,0,0,0,0

STAR,KISE6E,27,5
IF,KISEL,46.003056,43.671667, ,0.0,0.0,2,5000,0,0,0,0,0,0
TF,WI011,46.166392,44.252011,0, ,0.0,0.0,0.0,0.0,0,0,0,0,0,0,0,0
TF,WI010,46.252222,44.549706,0, ,0.0,0.0,0.0,0.0,2,3110,0,0,0,0,0,0

STAR,KISE6G,09,5
IF,KISEL,46.003056,43.671667, ,0.0,0.0,2,5000,0,0,0,0,0,0
TF,WI003,46.298703,44.057756,0, ,0.0,0.0,0.0,0.0,2,3120,0,0,0,0,0,0

STAR,LUGE6A,ALL,2
IF,LUGEP,46.418333,45.496944, ,0.0,0.0,2,12000,0,0,0,0,0,0
TF,ELI,46.371944,44.354917,0, ,0.0,0.0,0.0,0.0,2,5000,0,0,0,0,0,0

STAR,LUGE6D,ALL,2
IF,LUGEP,46.418333,45.496944, ,0.0,0.0,2,12000,0,0,0,0,0,0
TF,SA,46.379778,44.269250,0, ,0.0,0.0,0.0,0.0,2,5000,0,0,0,0,0,0

STAR,LUGE6E,27,5
IF,LUGEP,46.418333,45.496944, ,0.0,0.0,2,12000,0,0,0,0,0,0
TF,WI009,46.337206,44.712522,0, ,0.0,0.0,0.0,0.0,2,3110,0,0,0,0,0,0

STAR,LUGE6G,09,5
IF,LUGEP,46.418333,45.496944, ,0.0,0.0,2,12000,0,0,0,0,0,0
TF,WI012,46.617044,44.260394,0, ,0.0,0.0,0.0,0.0,0,0,0,0,0,0,0,0
TF,WI005,46.496569,44.096914,0, ,0.0,0.0,0.0,0.0,2,3120,0,0,0,0,0,0

STAR,LUTI6A,ALL,2
IF,LUTIN,46.029722,45.035278, ,0.0,0.0,2,12000,0,0,0,0,0,0
TF,ELI,46.371944,44.354917,0, ,0.0,0.0,0.0,0.0,2,5000,0,0,0,0,0,0

STAR,LUTI6D,ALL,2
IF,LUTIN,46.029722,45.035278, ,0.0,0.0,2,12000,0,0,0,0,0,0
TF,SA,46.379778,44.269250,0, ,0.0,0.0,0.0,0.0,2,5000,0,0,0,0,0,0

STAR,LUTI6E,27,5
IF,LUTIN,46.029722,45.035278, ,0.0,0.0,2,12000,0,0,0,0,0,0
TF,WI009,46.337206,44.712522,0, ,0.0,0.0,0.0,0.0,2,3110,0,0,0,0,0,0

STAR,LUTI6G,09,5
IF,LUTIN,46.029722,45.035278, ,0.0,0.0,2,12000,0,0,0,0,0,0
TF,WI013,46.088239,44.323669,0, ,0.0,0.0,0.0,0.0,0,0,0,0,0,0,0,0
TF,WI003,46.298703,44.057756,0, ,0.0,0.0,0.0,0.0,2,3120,0,0,0,0,0,0

STAR,SORE6A,ALL,2
IF,SOREG,45.908056,43.995278, ,0.0,0.0,2,15000,0,0,0,0,0,0
TF,ELI,46.371944,44.354917,0, ,0.0,0.0,0.0,0.0,2,5000,0,0,0,0,0,0

STAR,SORE6D,ALL,2
IF,SOREG,45.908056,43.995278, ,0.0,0.0,2,15000,0,0,0,0,0,0
TF,SA,46.379778,44.269250,0, ,0.0,0.0,0.0,0.0,2,5000,0,0,0,0,0,0

STAR,SORE6E,27,5
IF,SOREG,45.908056,43.995278, ,0.0,0.0,2,15000,0,0,0,0,0,0
TF,WI010,46.252222,44.549706,0, ,0.0,0.0,0.0,0.0,2,3110,0,0,0,0,0,0

STAR,SORE6G,09,5
IF,SOREG,45.908056,43.995278, ,0.0,0.0,2,15000,0,0,0,0,0,0
TF,WI003,46.298703,44.057756,0, ,0.0,0.0,0.0,0.0,2,3120,0,0,0,0,0,0

STAR,TIKN6A,ALL,2
IF,TIKNA,46.479722,43.263333, ,0.0,0.0,2,11000,0,0,0,0,0,0
TF,ELI,46.371944,44.354917,0, ,0.0,0.0,0.0,0.0,2,5000,0,0,0,0,0,0

STAR,TIKN6D,ALL,2
IF,TIKNA,46.479722,43.263333, ,0.0,0.0,2,11000,0,0,0,0,0,0
TF,SA,46.379778,44.269250,0, ,0.0,0.0,0.0,0.0,2,5000,0,0,0,0,0,0

STAR,TIKN6E,27,5
IF,TIKNA,46.479722,43.263333, ,0.0,0.0,2,11000,0,0,0,0,0,0
TF,WI011,46.166392,44.252011,0, ,0.0,0.0,0.0,0.0,0,0,0,0,0,0,0,0
TF,WI010,46.252222,44.549706,0, ,0.0,0.0,0.0,0.0,2,3110,0,0,0,0,0,0

STAR,TIKN6G,09,5
IF,TIKNA,46.479722,43.263333, ,0.0,0.0,2,11000,0,0,0,0,0,0
TF,WI004,46.410700,43.934706,0, ,0.0,0.0,0.0,0.0,2,3120,0,0,0,0,0,0

APPTR,D09,09,ELI1
IF,ELI,46.371944,44.354917, ,0.0,0.0,2,5000,0,0,0,0,1,0
FD,ELI,46.371944,44.354917,0,ELI,0.0,12.6,291.0,12.6,2,2460,0,0,0,0,0,0
CF,CD09,46.397131,44.053753,1,ELI,269.0,12.6,89.0,1.0,2,2460,0,0,0,0,0,0

APPTR,D09,09,ELI2
IF,ELI,46.371944,44.354917, ,0.0,0.0,2,5000,0,0,0,0,1,0
FD,ELI,46.371944,44.354917,0,ELI,0.0,12.6,277.0,12.6,2,2460,0,0,0,0,0,0
CF,CD09,46.397131,44.053753,1,ELI,269.0,12.6,89.0,1.0,2,2460,0,0,0,0,0,0

FINAL,D09,09,D,3
IF,CD09,46.397131,44.053753,ELI,269.0,12.6,2,2460,0,0,0,0,0,0
CF,FD09,46.385236,44.197197,0,ELI,269.0,6.6,89.0,6.0,2,1800,0,0,0,0,2,0
CF,RW09,46.376556,44.303278,0,ELI,269.4,2.2,89.0,4.4,1,545,0,0,0,0,3,0
FA,RW09,46.376556,44.303278,0,ELI,0.0,0.0,89.0,2,1800,0,0,0,0,0,0
DF,ELI,46.371944,44.354917,1, ,0.0,0.0,0,0,0,0,0,0,0,0

APPTR,D27,27,ELI1
IF,ELI,46.371944,44.354917, ,0.0,0.0,2,5000,0,0,0,0,1,0
FD,ELI,46.371944,44.354917,0,ELI,0.0,10.2,61.0,10.2,2,2460,0,0,0,0,0,0
CF,CD27,46.353919,44.599006,2,ELI,88.0,10.2,268.0,1.0,2,2460,0,0,0,0,0,0

APPTR,D27,27,ELI2
IF,ELI,46.371944,44.354917, ,0.0,0.0,2,5000,0,0,0,0,1,0
FD,ELI,46.371944,44.354917,0,ELI,0.0,10.2,78.0,10.2,2,2460,0,0,0,0,0,0
CF,CD27,46.353919,44.599006,2,ELI,88.0,10.2,268.0,1.0,2,2460,0,0,0,0,0,0

FINAL,D27,27,D,3
IF,CD27,46.353919,44.599006,ELI,88.0,10.2,2,2460,0,0,0,0,0,0
CF,FD27,46.364936,44.450656,0,ELI,88.0,4.0,268.0,6.2,1,1800,0,0,0,0,2,0
CF,RW27,46.372667,44.344472,0,ELI,267.7,0.4,268.0,4.4,1,533,0,0,0,0,3,0
FA,RW27,46.372667,44.344472,0,ELI,0.0,0.0,268.0,2,1800,0,0,0,0,0,0
DF,ELI,46.371944,44.354917,2, ,0.0,0.0,0,0,0,0,0,0,0,0

APPTR,I09-X,09,SA1
IF,SA,46.379778,44.269250, ,0.0,0.0,2,5000,0,0,0,0,1,0
FC,SA,46.379778,44.269250,0,ELI,0.0,0.0,299.0,7.0,2,2460,0,0,0,0,0,1
CF,CI09X,46.395256,44.102183,1,ISA,269.8,10.4,90.0,1.0,2,2460,0,0,0,0,0,0

APPTR,I09-X,09,SA2
IF,SA,46.379778,44.269250, ,0.0,0.0,2,5000,0,0,0,0,1,0
FC,SA,46.379778,44.269250,1,ELI,0.0,0.0,279.0,7.0,2,2460,0,0,0,0,0,1
CF,CI09X,46.395256,44.102183,1,ISA,269.8,10.4,90.0,1.0,2,2460,0,0,0,0,0,0

FINAL,I09-X,09,I,3
IF,CI09X,46.395256,44.102183,ISA,269.8,10.4,2,2460,0,0,0,0,0,0
CF,FF09,46.386403,44.197886,0,ISA,269.8,6.4,90.0,4.0,1,1800,0,0,0,0,2,0
CF,RW09,46.376556,44.303278,0,ISA,269.8,1.9,90.0,4.4,1,545,0,0,0,0,3,0
CA,0,90.0,2,1800,0,0,0,0,0,0
DF,SA,46.379778,44.269250,1, ,0.0,0.0,0,0,0,0,0,0,0,0

APPTR,I09-Y,09,ELI1
IF,ELI,46.371944,44.354917, ,0.0,0.0,2,5000,0,0,0,0,1,0
FD,ELI,46.371944,44.354917,0,ELI,0.0,12.6,292.0,12.6,2,2460,0,0,0,0,0,0
CF,CI09Y,46.399664,44.054200,1,ISA,269.8,12.4,90.0,1.0,2,2460,0,0,0,0,0,0

APPTR,I09-Y,09,ELI2
IF,ELI,46.371944,44.354917, ,0.0,0.0,2,5000,0,0,0,0,1,0
FD,ELI,46.371944,44.354917,0,ELI,0.0,12.6,277.0,12.6,2,2460,0,0,0,0,0,0
CF,CI09Y,46.399664,44.054200,1,ISA,269.8,12.4,90.0,1.0,2,2460,0,0,0,0,0,0

FINAL,I09-Y,09,I,3
IF,CI09Y,46.399664,44.054200,ISA,269.8,12.4,2,2460,0,0,0,0,0,0
CF,FF09,46.386403,44.197886,0,ISA,269.8,6.4,90.0,6.0,1,1800,0,0,0,0,2,0
CF,RW09,46.376556,44.303278,0,ISA,269.8,1.9,90.0,4.4,1,545,0,0,0,0,3,0
CA,0,90.0,2,1800,0,0,0,0,0,0
DF,ELI,46.371944,44.354917,1, ,0.0,0.0,0,0,0,0,0,0,0,0

APPTR,I09-Z,09,WI003
IF,WI003,46.298703,44.057756, ,0.0,0.0,2,3120,0,0,0,0,1,0
TF,WI002,46.397592,44.077806,0,ISA,0.0,0.0,0.0,0.0,2,2460,0,0,0,0,1,0

APPTR,I09-Z,09,WI004
IF,WI004,46.410700,43.934706, ,0.0,0.0,2,3120,0,0,0,0,1,0
TF,WI002,46.397592,44.077806,0,ISA,0.0,0.0,0.0,0.0,2,2460,0,0,0,0,1,0

APPTR,I09-Z,09,WI005
IF,WI005,46.496569,44.096914, ,0.0,0.0,2,3120,0,0,0,0,1,0
TF,WI002,46.397592,44.077806,0,ISA,0.0,0.0,0.0,0.0,2,2460,0,0,0,0,1,0

FINAL,I09-Z,09,I,3
IF,WI002,46.397592,44.077806,ISA,269.8,11.4,2,2460,0,0,0,0,0,0
CF,FF09,46.386403,44.197886,0,ISA,269.8,6.4,90.0,5.0,1,1800,0,0,0,0,2,0
CF,RW09,46.376556,44.303278,0,ISA,269.8,1.9,90.0,4.4,1,545,0,0,0,0,3,0
CA,0,90.0,2,1480,0,0,0,0,0,0
DF,WI022,46.484608,44.226006,1, ,0.0,0.0,0,0,0,0,0,0,0,0
TF,WI005,46.496569,44.096914,0, ,0.0,0.0,0.0,0.0,2,3120,0,0,0,0,0,0

APPTR,J09,09,WI003
IF,WI003,46.298703,44.057756, ,0.0,0.0,2,3120,0,0,0,0,1,0
TF,WI002,46.397592,44.077806,0,G09A,0.0,0.0,0.0,0.0,2,2460,0,0,0,0,1,0

APPTR,J09,09,WI004
IF,WI004,46.410700,43.934706, ,0.0,0.0,2,3120,0,0,0,0,1,0
TF,WI002,46.397592,44.077806,0,G09A,0.0,0.0,0.0,0.0,2,2460,0,0,0,0,1,0

APPTR,J09,09,WI005
IF,WI005,46.496569,44.096914, ,0.0,0.0,2,3120,0,0,0,0,1,0
TF,WI002,46.397592,44.077806,0,G09A,0.0,0.0,0.0,0.0,2,2460,0,0,0,0,1,0

FINAL,J09,09,G,3
IF,WI002,46.397592,44.077806,G09A,0.0,0.0,2,2460,0,0,0,0,0,0
TF,WI001,46.386472,44.197644,0,G09A,0.0,0.0,90.0,5.0,1,1800,0,0,0,0,2,0
TF,RW09,46.376556,44.303278,0,G09A,0.0,0.0,90.0,4.4,1,535,0,0,0,0,3,1
CA,0,90.0,2,1480,0,0,0,0,0,0
DF,WI022,46.484608,44.226006,1, ,0.0,0.0,0,0,0,0,0,0,0,0
TF,WI005,46.496569,44.096914,0, ,0.0,0.0,0.0,0.0,2,3120,0,0,0,0,0,0

APPTR,J27,27,WI008
IF,WI008,46.449994,44.589844, ,0.0,0.0,2,3110,0,0,0,0,1,0
TF,WI007,46.351111,44.569739,0,G27A,0.0,0.0,0.0,0.0,2,2460,0,0,0,0,1,0

APPTR,J27,27,WI009
IF,WI009,46.337206,44.712522, ,0.0,0.0,2,3110,0,0,0,0,1,0
TF,WI007,46.351111,44.569739,0,G27A,0.0,0.0,0.0,0.0,2,2460,0,0,0,0,1,0

APPTR,J27,27,WI010
IF,WI010,46.252222,44.549706, ,0.0,0.0,2,3110,0,0,0,0,1,0
TF,WI007,46.351111,44.569739,0,G27A,0.0,0.0,0.0,0.0,2,2460,0,0,0,0,1,0

FINAL,J27,27,G,3
IF,WI007,46.351111,44.569739,G27A,0.0,0.0,2,2460,0,0,0,0,0,0
TF,WI006,46.362625,44.450056,0,G27A,0.0,0.0,270.0,5.0,1,1800,0,0,0,0,2,0
TF,RW27,46.372667,44.344472,0,G27A,0.0,0.0,270.0,4.4,1,533,0,0,0,0,3,0
CA,0,270.0,2,1470,0,0,0,0,0,0
DF,WI023,46.462442,44.460931,2, ,0.0,0.0,0,0,0,0,0,0,0,0
TF,WI008,46.449994,44.589844,0, ,0.0,0.0,0.0,0.0,2,3110,0,0,0,0,0,0

FINAL,N09-Y,09,N,2
IF,FN09Y,46.389203,44.171889,SA,0.0,0.0,2,2300,0,0,0,0,2,0
CF,SA,46.379778,44.269250,0,SA,0.0,0.0,90.0,4.1,1,1000,0,0,0,0,3,0
FA,SA,46.379778,44.269250,0,ELI,0.0,0.0,90.0,2,1800,0,0,0,0,0,0
DF,SA,46.379778,44.269250,1, ,0.0,0.0,0,0,0,0,0,0,0,0

FINAL,N27-Y,27,N,2
IF,FN27,46.361861,44.451878,SA,0.0,0.0,2,1970,0,0,0,0,2,0
CF,RW27,46.372667,44.344472,0,SA,0.0,0.0,270.0,4.5,1,533,0,0,0,0,3,0
CF,SA,46.379778,44.269250,0,ELI,269.6,3.6,270.0,3.2,0,0,0,0,0,0,0,1
CA,0,270.0,2,1800,0,0,0,0,0,0
DF,SA,46.379778,44.269250,2, ,0.0,0.0,0,0,0,0,0,0,0,0

APPTR,Q09-Z,09,SA1
IF,SA,46.379778,44.269250, ,0.0,0.0,2,5000,0,0,0,0,1,0
FD,SA,46.379778,44.269250,0,ELI,269.6,12.6,299.0,12.6,2,2460,0,0,0,0,0,0
CF,CQ09,46.400467,44.054367,1,ELI,269.9,12.6,90.0,1.0,2,2460,0,0,0,0,0,0

APPTR,Q09-Z,09,SA2
IF,SA,46.379778,44.269250, ,0.0,0.0,2,5000,0,0,0,0,1,0
FD,SA,46.379778,44.269250,0,ELI,269.6,12.6,279.0,12.6,2,2460,0,0,0,0,0,0
CF,CQ09,46.400467,44.054367,1,ELI,269.9,12.6,90.0,1.0,2,2460,0,0,0,0,0,0

FINAL,Q09-Z,09,N,3
IF,CQ09,46.400467,44.054367,SA,0.0,0.0,2,2460,0,0,0,0,0,0
CF,FQ09,46.386733,44.197475,0,SA,0.0,0.0,90.0,6.0,1,1800,0,0,0,0,2,0
CF,RW09,46.376556,44.303278,0,ELI,0.0,2.2,90.0,4.4,1,545,0,0,0,0,3,0
CA,0,90.0,2,1800,0,0,0,0,0,0
DF,SA,46.379778,44.269250,1, ,0.0,0.0,0,0,0,0,0,0,0,0

APPTR,Q27-Z,27,SA1
IF,SA,46.379778,44.269250, ,0.0,0.0,2,5000,0,0,0,0,1,0
FD,SA,46.379778,44.269250,0,ELI,269.6,10.2,69.0,10.2,2,2460,0,0,0,0,0,0
CF,CQ27,46.347331,44.597786,2,ELI,90.2,10.2,270.0,1.0,2,2460,0,0,0,0,0,0

APPTR,Q27-Z,27,SA2
IF,SA,46.379778,44.269250, ,0.0,0.0,2,5000,0,0,0,0,1,0
FD,SA,46.379778,44.269250,0,ELI,269.6,10.2,83.0,10.2,2,2460,0,0,0,0,0,0
CF,CQ27,46.347331,44.597786,2,ELI,90.2,10.2,270.0,1.0,2,2460,0,0,0,0,0,0

FINAL,Q27-Z,27,N,3
IF,CQ27,46.347331,44.597786,SA,0.0,0.0,2,2460,0,0,0,0,0,0
CF,FQ27,46.362036,44.450117,0,SA,0.0,0.0,270.0,6.2,1,1800,0,0,0,0,2,0
CF,RW27,46.372667,44.344472,0,ELI,0.0,0.4,270.0,4.4,1,533,0,0,0,0,3,0
CF,SA,46.379778,44.269250,0,ELI,269.6,3.6,270.0,3.2,0,0,0,0,0,0,0,0
CA,0,270.0,2,1800,0,0,0,0,0,0
DF,SA,46.379778,44.269250,2, ,0.0,0.0,0,0,0,0,0,0,0,0

APPTR,R09,09,WI003
IF,WI003,46.298703,44.057756, ,0.0,0.0,2,3120,0,0,0,0,1,0
TF,WI002,46.397592,44.077806,0, ,0.0,0.0,0.0,0.0,2,2460,0,0,0,0,1,0

APPTR,R09,09,WI004
IF,WI004,46.410700,43.934706, ,0.0,0.0,2,3120,0,0,0,0,1,0
TF,WI002,46.397592,44.077806,0, ,0.0,0.0,0.0,0.0,2,2460,0,0,0,0,1,0

APPTR,R09,09,WI005
IF,WI005,46.496569,44.096914, ,0.0,0.0,2,3120,0,0,0,0,1,0
TF,WI002,46.397592,44.077806,0, ,0.0,0.0,0.0,0.0,2,2460,0,0,0,0,1,0

FINAL,R09,09,R,3
IF,WI002,46.397592,44.077806, ,0.0,0.0,2,2460,0,0,0,0,0,0
TF,WI001,46.386472,44.197644,0, ,0.0,0.0,90.0,5.0,1,1800,0,0,0,0,2,0
TF,RW09,46.376556,44.303278,0, ,0.0,0.0,90.0,4.4,1,535,0,0,0,0,3,1
CA,0,90.0,2,1480,0,0,0,0,0,0
DF,WI022,46.484608,44.226006,1, ,0.0,0.0,0,0,0,0,0,0,0,0
TF,WI005,46.496569,44.096914,0, ,0.0,0.0,0.0,0.0,2,3120,0,0,0,0,0,0

APPTR,R27,27,WI008
IF,WI008,46.449994,44.589844, ,0.0,0.0,2,3110,0,0,0,0,1,0
TF,WI007,46.351111,44.569739,0, ,0.0,0.0,0.0,0.0,2,2460,0,0,0,0,1,0

APPTR,R27,27,WI009
IF,WI009,46.337206,44.712522, ,0.0,0.0,2,3110,0,0,0,0,1,0
TF,WI007,46.351111,44.569739,0, ,0.0,0.0,0.0,0.0,2,2460,0,0,0,0,1,0

APPTR,R27,27,WI010
IF,WI010,46.252222,44.549706, ,0.0,0.0,2,3110,0,0,0,0,1,0
TF,WI007,46.351111,44.569739,0, ,0.0,0.0,0.0,0.0,2,2460,0,0,0,0,1,0

FINAL,R27,27,R,3
IF,WI007,46.351111,44.569739, ,0.0,0.0,2,2460,0,0,0,0,0,0
TF,WI006,46.362625,44.450056,0, ,0.0,0.0,270.0,5.0,1,1800,0,0,0,0,2,0
TF,RW27,46.372667,44.344472,0, ,0.0,0.0,270.0,4.4,1,533,0,0,0,0,3,1
CA,0,270.0,2,1470,0,0,0,0,0,0
DF,WI023,46.462442,44.460931,2, ,0.0,0.0,0,0,0,0,0,0,0,0
TF,WI008,46.449994,44.589844,0, ,0.0,0.0,0.0,0.0,2,3110,0,0,0,0,0,0

