SID,ARDO1E,09,5
CF,CC101,55.272631,61.741886,0,LBN,90.9,8.0,90.0,9.3,0,0,0,0,0,0,0,0
TF,CC102,55.095989,61.666261,0, ,0.0,0.0,0.0,0.0,3,8000,0,0,0,0,0,0
TF,CC103,54.928808,61.212314,0, ,0.0,0.0,0.0,0.0,3,13000,0,0,0,0,0,0
TF,ARDON,54.710278,60.741944,0, ,0.0,0.0,0.0,0.0,2,12000,0,0,0,0,0,0

SID,ARDO1F,27,5
CA,0,270.0,2,1400,0,0,0,0,0,0
DF,CC401,55.417106,61.225842,0, ,0.0,0.0,0,0,0,0,0,0,0,0
TF,CC403,55.412525,60.865744,0, ,0.0,0.0,0.0,0.0,3,11000,0,0,0,0,0,0
TF,CC323,55.097567,60.902611,0, ,0.0,0.0,0.0,0.0,0,0,0,0,0,0,0,0
TF,CC024,54.834919,60.731206,0, ,0.0,0.0,0.0,0.0,0,0,0,0,0,0,0,0
TF,ARDON,54.710278,60.741944,0, ,0.0,0.0,0.0,0.0,2,12000,0,0,0,0,0,0

SID,ARDO1G,09,2
CD, ,0,0,0,LBN,0,0.0,90.0,8.6,0,0,0,0,0,0,0,0
DF,LBN,55.306972,61.517639,1, ,0.0,0.0,2,8000,0,1,225,0,0,0
TF,ARDON,54.710278,60.741944,0, ,0.0,0.0,0.0,0.0,2,12000,0,0,0,0,0,0

SID,ARDO1K,27,2
DF,DER27,55.309167,61.478889,0, ,0.0,0.0,0,0,0,0,0,0,0,1
CA,0,270.0,2,2380,0,0,0,0,0,0
DF,KS,55.294250,61.587056,2, ,0.0,0.0,2,8000,0,1,225,0,0,1
VI,2, ,0.0,235.0,0,0,0,0,0,0,0,0
CF,ARDON,54.710278,60.741944,0,LBN,203.1,44.8,205.0,40.0,2,12000,0,0,0,0,0,0

SID,ARDO1M,09,2
CA,0,90.0,2,2080,0,0,0,0,0,0
DF,LB,55.317444,61.420000,1, ,0.0,0.0,2,8000,0,0,0,0,0,0
TF,ARDON,54.710278,60.741944,0, ,0.0,0.0,0.0,0.0,2,12000,0,0,0,0,0,0

SID,ARDO1N,27,2
CD, ,0,0,0,LBN,0,0.0,270.0,7.0,0,0,0,0,0,0,0,0
DF,LBN,55.306972,61.517639,2, ,0.0,0.0,2,8000,0,1,225,0,0,1
VI,2, ,0.0,233.0,0,0,0,0,0,0,0,0
CF,ARDON,54.710278,60.741944,0,LBN,203.1,44.8,203.0,41.0,2,12000,0,0,0,0,0,0

SID,ARDO1Y,27,5
CA,0,270.0,2,1400,0,0,0,0,0,0
DF,CC407,55.447911,61.764022,2, ,0.0,0.0,2,8000,0,0,0,0,0,0
TF,CC409,55.029319,61.941828,0, ,0.0,0.0,0.0,0.0,2,13000,0,0,0,0,0,0
TF,ARDON,54.710278,60.741944,0, ,0.0,0.0,0.0,0.0,2,12000,0,0,0,0,0,0

SID,GERS1E,09,5
CF,CC101,55.272631,61.741886,0,LBN,90.9,8.0,90.0,9.3,0,0,0,0,0,0,0,0
TF,CC102,55.095989,61.666261,0, ,0.0,0.0,0.0,0.0,3,8000,0,0,0,0,0,0
TF,CC103,54.928808,61.212314,0, ,0.0,0.0,0.0,0.0,3,13000,0,0,0,0,0,0
TF,GERSI,54.735278,60.573611,0, ,0.0,0.0,0.0,0.0,2,10000,0,0,0,0,0,0

SID,GERS1F,27,5
CA,0,270.0,2,1400,0,0,0,0,0,0
DF,CC401,55.417106,61.225842,0, ,0.0,0.0,0,0,0,0,0,0,0,0
TF,CC403,55.412525,60.865744,0, ,0.0,0.0,0.0,0.0,3,11000,0,0,0,0,0,0
TF,CC323,55.097567,60.902611,0, ,0.0,0.0,0.0,0.0,0,0,0,0,0,0,0,0
TF,CC024,54.834919,60.731206,0, ,0.0,0.0,0.0,0.0,0,0,0,0,0,0,0,0
TF,GERSI,54.735278,60.573611,0, ,0.0,0.0,0.0,0.0,2,10000,0,0,0,0,0,0

SID,GERS1G,09,2
CD, ,0,0,0,LBN,0,0.0,90.0,8.6,0,0,0,0,0,0,0,0
DF,LBN,55.306972,61.517639,1, ,0.0,0.0,2,8000,0,1,225,0,0,0
TF,GERSI,54.735278,60.573611,0, ,0.0,0.0,0.0,0.0,2,10000,0,0,0,0,0,0

SID,GERS1K,27,2
DF,DER27,55.309167,61.478889,0, ,0.0,0.0,0,0,0,0,0,0,0,1
CA,0,270.0,2,2380,0,0,0,0,0,0
DF,KS,55.294250,61.587056,2, ,0.0,0.0,2,8000,0,1,225,0,0,1
VI,2, ,0.0,243.0,0,0,0,0,0,0,0,0
CF,GERSI,54.735278,60.573611,0,LBN,209.9,47.4,213.0,45.0,2,10000,0,0,0,0,0,0

SID,GERS1M,09,2
CA,0,90.0,2,2080,0,0,0,0,0,0
DF,LB,55.317444,61.420000,1, ,0.0,0.0,2,8000,0,0,0,0,0,0
TF,GERSI,54.735278,60.573611,0, ,0.0,0.0,0.0,0.0,2,10000,0,0,0,0,0,0

SID,GERS1N,27,2
CD, ,0,0,0,LBN,0,0.0,270.0,7.0,0,0,0,0,0,0,0,0
DF,LBN,55.306972,61.517639,2, ,0.0,0.0,2,8000,0,1,225,0,0,1
VI,2, ,0.0,240.0,0,0,0,0,0,0,0,0
CF,GERSI,54.735278,60.573611,0,LBN,209.9,47.4,210.0,44.0,2,10000,0,0,0,0,0,0

SID,GUPR1E,09,5
CF,CC101,55.272631,61.741886,0,LBN,90.9,8.0,90.0,9.3,0,0,0,0,0,0,0,0
TF,CC105,54.892225,61.935153,0, ,0.0,0.0,0.0,0.0,3,11000,0,0,0,0,0,0
TF,CC104,54.684403,62.039139,0, ,0.0,0.0,0.0,0.0,3,13000,0,0,0,0,0,0
TF,GUPRI,54.450278,62.315278,0, ,0.0,0.0,0.0,0.0,4,15000,8000,0,0,0,0,0

SID,GUPR1F,27,5
CA,0,270.0,2,1400,0,0,0,0,0,0
DF,CC407,55.447911,61.764022,2, ,0.0,0.0,2,8000,0,0,0,0,0,0
TF,CC409,55.029319,61.941828,2, ,0.0,0.0,0.0,0.0,2,13000,0,0,0,0,0,0
TF,CC410,54.872881,62.007297,0, ,0.0,0.0,0.0,0.0,2,15000,0,0,0,0,0,0
TF,GUPRI,54.450278,62.315278,0, ,0.0,0.0,0.0,0.0,2,16000,0,0,0,0,0,0

SID,GUPR1G,09,2
CD, ,0,0,0,LBN,0,0.0,90.0,4.6,0,0,0,0,0,0,0,0
CI,2, ,0.0,181.0,0,0,0,0,0,0,0,0
CF,GUPRI,54.450278,62.315278,0,LBN,137.5,58.4,138.0,49.0,2,8000,0,0,0,0,0,0

SID,GUPR1K,27,2
DF,DER27,55.309167,61.478889,0, ,0.0,0.0,0,0,0,0,0,0,0,1
CA,0,270.0,2,1400,0,0,0,0,0,0
DF,KS,55.294250,61.587056,2, ,0.0,0.0,0,0,0,1,225,0,0,0
TF,GUPRI,54.450278,62.315278,0, ,0.0,0.0,0.0,0.0,2,8000,0,0,0,0,0,0

SID,GUPR1M,09,2
CA,0,90.0,2,1420,0,0,0,0,0,0
CI,2, ,0.0,195.0,0,0,0,0,0,0,0,0
CF,GUPRI,54.450278,62.315278,0,LBN,137.5,58.4,135.0,54.0,2,8000,0,0,0,0,0,0

SID,GUPR1N,27,2
CD, ,0,0,0,LBN,0,0.0,270.0,4.3,0,0,0,0,0,0,0,0
DF,LBN,55.306972,61.517639,2, ,0.0,0.0,0,0,0,1,225,0,0,0
TF,GUPRI,54.450278,62.315278,0, ,0.0,0.0,0.0,0.0,2,8000,0,0,0,0,0,0

SID,IMAN1E,09,5
CA,0,90.0,2,1420,0,0,0,0,0,0
DF,CC109,55.408794,61.344164,1, ,0.0,0.0,0,0,0,0,0,0,0,0
TF,CC110,55.406939,61.011419,0, ,0.0,0.0,0.0,0.0,2,9000,0,0,0,0,0,0
TF,IMANA,55.391944,59.765278,0, ,0.0,0.0,0.0,0.0,2,11000,0,0,0,0,0,0

SID,IMAN1F,27,5
CA,0,270.0,2,1400,0,0,0,0,0,0
DF,CC401,55.417106,61.225842,0, ,0.0,0.0,0,0,0,0,0,0,0,0
TF,CC403,55.412525,60.865744,0, ,0.0,0.0,0.0,0.0,3,11000,0,0,0,0,0,0
TF,CC402,55.408153,60.581119,0, ,0.0,0.0,0.0,0.0,3,12000,0,0,0,0,0,0
TF,IMANA,55.391944,59.765278,0, ,0.0,0.0,0.0,0.0,2,11000,0,0,0,0,0,0

SID,IMAN1G,09,2
CD, ,0,0,0,LBN,0,0.0,90.0,8.6,0,0,0,0,0,0,0,0
DF,LBN,55.306972,61.517639,1, ,0.0,0.0,2,8000,0,1,225,0,0,0
TF,IMANA,55.391944,59.765278,0, ,0.0,0.0,0.0,0.0,2,11000,0,0,0,0,0,0

SID,IMAN1K,27,2
DF,DER27,55.309167,61.478889,0, ,0.0,0.0,0,0,0,0,0,0,0,1
CA,0,270.0,2,1400,0,0,0,0,0,0
CF,D095U,55.408133,60.998511,0,LBN,275.1,18.8,275.0,16.0,0,0,0,0,0,0,0,1
CI,0, ,0.0,213.0,0,0,0,0,0,0,0,0
CF,IMANA,55.391944,59.765278,0,LBN,261.6,60.2,262.0,37.0,2,11000,0,0,0,0,0,0

SID,IMAN1M,09,2
CA,0,90.0,2,2080,0,0,0,0,0,0
DF,LB,55.317444,61.420000,1, ,0.0,0.0,2,8000,0,0,0,0,0,0
TF,IMANA,55.391944,59.765278,0, ,0.0,0.0,0.0,0.0,2,11000,0,0,0,0,0,0

SID,IMAN1N,27,2
CD, ,0,0,0,LBN,0,0.0,270.0,4.3,0,0,0,0,0,0,0,0
CF,D275S,55.407636,60.998181,0,LBN,275.0,18.8,275.0,14.0,0,0,0,0,0,0,0,1
CI,0, ,0.0,218.0,0,0,0,0,0,0,0,0
CF,IMANA,55.391944,59.765278,0,LBN,261.6,60.2,262.0,37.0,2,11000,0,0,0,0,0,0

SID,LERD1E,09,5
CA,0,90.0,2,1420,0,0,0,0,0,0
DF,CC106,55.415292,62.104686,0, ,0.0,0.0,0,0,0,0,0,0,0,0
TF,CC107,55.634892,62.291061,0, ,0.0,0.0,0.0,0.0,3,12000,0,0,0,0,0,0
TF,LERDA,55.728056,62.370833,0, ,0.0,0.0,0.0,0.0,3,12000,0,0,0,0,0,0

SID,LERD1F,27,5
CA,0,270.0,2,1400,0,0,0,0,0,0
DF,CC406,55.486361,61.775483,2, ,0.0,0.0,2,9000,0,0,0,0,0,0
TF,CC405,55.719028,62.142300,0, ,0.0,0.0,0.0,0.0,2,12000,0,0,0,0,0,0
TF,LERDA,55.728056,62.370833,0, ,0.0,0.0,0.0,0.0,2,12000,0,0,0,0,0,0

SID,LERD1G,09,2
CD, ,0,0,0,LBN,0,0.0,90.0,4.6,0,0,0,0,0,0,0,0
CI,1, ,0.0,343.0,0,0,0,0,0,0,0,0
CF,LERDA,55.728056,62.370833,0,LBN,34.6,38.6,35.0,31.0,2,8000,0,0,0,0,0,0

SID,LERD1K,27,2
DF,DER27,55.309167,61.478889,0, ,0.0,0.0,0,0,0,0,0,0,0,1
CA,0,270.0,2,1400,0,0,0,0,0,0
DF,KS,55.294250,61.587056,2, ,0.0,0.0,0,0,0,1,225,0,0,1
VI,1, ,0.0,1.0,0,0,0,0,0,0,0,0
CF,LERDA,55.728056,62.370833,0,LBN,34.6,38.6,31.0,33.0,2,8000,0,0,0,0,0,0

SID,LERD1M,09,2
CA,0,90.0,2,1420,0,0,0,0,0,0
CI,1, ,0.0,326.0,0,0,0,0,0,0,0,0
CF,LERDA,55.728056,62.370833,0,LBN,34.6,38.6,38.0,34.0,2,8000,0,0,0,0,0,0

SID,LERD1N,27,2
CD, ,0,0,0,LBN,0,0.0,270.0,4.3,0,0,0,0,0,0,0,0
CI,2, ,0.0,112.0,0,0,0,0,0,0,0,0
CF,LERDA,55.728056,62.370833,0,LBN,34.6,38.6,35.0,37.0,2,8000,0,0,0,0,0,0

SID,PESA1E,09,5
CA,0,90.0,2,1420,0,0,0,0,0,0
DF,CC108,55.544347,61.623419,1, ,0.0,0.0,0,0,0,0,0,0,0,0
TF,PESAM,55.906111,61.319444,0, ,0.0,0.0,0.0,0.0,2,8000,0,0,0,0,0,0

SID,PESA1F,27,5
CA,0,270.0,2,1400,0,0,0,0,0,0
DF,CC404,55.535333,61.587878,2, ,0.0,0.0,0,0,0,0,0,0,0,0
TF,PESAM,55.906111,61.319444,0, ,0.0,0.0,0.0,0.0,2,8000,0,0,0,0,0,0

SID,PESA1G,09,2
CD, ,0,0,0,LBN,0,0.0,90.0,4.6,0,0,0,0,0,0,0,0
CI,1, ,0.0,246.0,0,0,0,0,0,0,0,0
CF,D335S,55.618631,61.415361,0,LBN,335.5,19.1,335.0,18.0,2,5700,0,1,225,0,0,0
TF,PESAM,55.906111,61.319444,0, ,0.0,0.0,0.0,0.0,2,8000,0,0,0,0,0,0

SID,PESA1K,27,2
DF,DER27,55.309167,61.478889,0, ,0.0,0.0,0,0,0,0,0,0,0,1
CA,0,270.0,2,1400,0,0,0,0,0,0
CI,2, ,0.0,56.0,0,0,0,0,0,0,0,0
CF,D152U,55.632456,61.437961,0,LBN,338.1,19.8,332.0,16.0,2,5700,0,1,225,0,0,0
TF,PESAM,55.906111,61.319444,0, ,0.0,0.0,0.0,0.0,2,8000,0,0,0,0,0,0

SID,PESA1M,09,2
CA,0,90.0,2,1160,0,0,0,0,0,0
CI,1, ,0.0,269.0,0,0,0,0,0,0,0,0
CF,D341Q,55.599078,61.372269,0,LBN,330.3,18.3,341.0,14.0,2,5700,0,1,225,0,0,0
TF,PESAM,55.906111,61.319444,0, ,0.0,0.0,0.0,0.0,2,8000,0,0,0,0,0,0

SID,PESA1N,27,2
CD, ,0,0,0,LBN,0,0.0,270.0,4.3,0,0,0,0,0,0,0,0
CI,2, ,0.0,26.0,0,0,0,0,0,0,0,0
CF,D335T,55.631906,61.410917,0,LBN,335.5,19.9,335.0,13.0,2,5700,0,1,225,0,0,0
TF,PESAM,55.906111,61.319444,0, ,0.0,0.0,0.0,0.0,2,8000,0,0,0,0,0,0

SID,UTAB1E,09,5
CF,CC101,55.272631,61.741886,0,LBN,90.9,8.0,90.0,9.3,0,0,0,0,0,0,0,0
TF,UTABI,55.466944,63.015278,0, ,0.0,0.0,0.0,0.0,2,8000,0,0,0,0,0,0

SID,UTAB1F,27,5
CA,0,270.0,2,1400,0,0,0,0,0,0
DF,CC407,55.447911,61.764022,2, ,0.0,0.0,2,8000,0,0,0,0,0,0
TF,CC408,55.371961,62.061711,0, ,0.0,0.0,0.0,0.0,0,0,0,0,0,0,0,0
TF,UTABI,55.466944,63.015278,0, ,0.0,0.0,0.0,0.0,2,8000,0,0,0,0,0,0

SID,UTAB1G,09,2
CD, ,0,0,0,LBN,0,0.0,90.0,4.6,0,0,0,0,0,0,0,0
CI,0, ,0.0,35.0,0,0,0,0,0,0,0,0
CF,UTABI,55.466944,63.015278,0,LBN,64.8,52.1,65.0,45.0,2,8000,0,0,0,0,0,0

SID,UTAB1K,27,2
DF,DER27,55.309167,61.478889,0, ,0.0,0.0,0,0,0,0,0,0,0,1
CA,0,270.0,2,1400,0,0,0,0,0,0
DF,KS,55.294250,61.587056,2, ,0.0,0.0,0,0,0,1,225,0,0,1
CF,UTABI,55.466944,63.015278,0,LBN,64.8,52.1,63.0,49.0,2,8000,0,0,0,0,0,0

SID,UTAB1M,09,2
CA,0,90.0,2,1420,0,0,0,0,0,0
CI,0, ,0.0,36.0,0,0,0,0,0,0,0,0
CF,UTABI,55.466944,63.015278,0,LBN,64.8,52.1,66.0,48.0,2,8000,0,0,0,0,0,0

SID,UTAB1N,27,2
CD, ,0,0,0,LBN,0,0.0,270.0,4.3,0,0,0,0,0,0,0,0
DF,LBN,55.306972,61.517639,2, ,0.0,0.0,0,0,0,1,225,0,0,1
VI,1, ,0.0,35.0,0,0,0,0,0,0,0,0
CF,UTABI,55.466944,63.015278,0,LBN,64.8,52.1,65.0,49.0,2,8000,0,0,0,0,0,0

STAR,ARDO1C,09,5
IF,ARDON,54.710278,60.741944, ,0.0,0.0,2,15000,0,0,0,0,0,0
TF,CC335,54.992814,61.410128,0, ,0.0,0.0,0.0,0.0,2,14000,0,0,0,0,0,0
TF,CC334,55.147089,61.782764,0, ,0.0,0.0,0.0,0.0,2,12000,0,0,0,0,0,0
TF,CC311,55.417514,61.580450,0, ,0.0,0.0,0.0,0.0,2,8000,0,0,0,0,0,0
TF,CC312,55.473486,61.338075,0, ,0.0,0.0,0.0,0.0,2,5360,0,0,0,0,0,0
TF,CC304,55.425150,61.184425,0, ,0.0,0.0,0.0,0.0,2,4040,0,0,0,0,0,0

STAR,ARDO1D,27,5
IF,ARDON,54.710278,60.741944, ,0.0,0.0,2,12000,0,0,0,0,0,0
TF,CC020,54.933419,61.906486,0, ,0.0,0.0,0.0,0.0,4,12000,8000,0,0,0,0,0
TF,CC015,55.265994,61.789142,0, ,0.0,0.0,0.0,0.0,2,3040,0,0,0,0,0,0

STAR,ARDO1H,ALL,2
IF,ARDON,54.710278,60.741944, ,0.0,0.0,2,12000,0,0,0,0,0,0

STAR,ARDO1H,09,3
IF,ARDON,54.710278,60.741944, ,0.0,0.0,2,12000,0,0,0,0,0,0
TF,LBN,55.306972,61.517639,0, ,0.0,0.0,0.0,0.0,4,4370,3390,0,0,0,0,0

STAR,ARDO1H,27,3
IF,ARDON,54.710278,60.741944, ,0.0,0.0,2,12000,0,0,0,0,0,0
TF,LBN,55.306972,61.517639,0, ,0.0,0.0,0.0,0.0,4,4350,3370,0,0,0,0,0

STAR,ARDO1J,27,2
IF,ARDON,54.710278,60.741944, ,0.0,0.0,2,12000,0,0,0,0,0,0
TF,KS,55.294250,61.587056,0, ,0.0,0.0,0.0,0.0,4,4020,3370,0,0,0,0,0

STAR,ARDO1L,09,2
IF,ARDON,54.710278,60.741944, ,0.0,0.0,2,12000,0,0,0,0,0,0
TF,LB,55.317444,61.420000,0, ,0.0,0.0,0.0,0.0,4,4040,3390,0,0,0,0,0

STAR,ARDO1X,09,5
IF,ARDON,54.710278,60.741944, ,0.0,0.0,2,15000,0,0,0,0,0,0
TF,CC324,55.098219,60.955872,0, ,0.0,0.0,0.0,0.0,2,11000,0,0,0,0,0,0
TF,CC327,55.308550,60.866247,0, ,0.0,0.0,0.0,0.0,4,8000,4700,0,0,0,0,0
TF,CC326,55.407206,60.856208,0, ,0.0,0.0,0.0,0.0,2,4700,0,0,0,0,0,0
TF,CC304,55.425150,61.184425,0, ,0.0,0.0,0.0,0.0,2,4040,0,0,0,0,0,0

STAR,ASLI1C,09,5
IF,ASLIM,55.900278,61.731944, ,0.0,0.0,2,8000,0,0,0,0,0,0
TF,CC312,55.473486,61.338075,0, ,0.0,0.0,0.0,0.0,2,5360,0,0,0,0,0,0
TF,CC304,55.425150,61.184425,0, ,0.0,0.0,0.0,0.0,2,4040,0,0,0,0,0,0

STAR,ASLI1D,27,5
IF,ASLIM,55.900278,61.731944, ,0.0,0.0,2,8000,0,0,0,0,0,0
TF,CC332,55.668422,61.848994,0, ,0.0,0.0,0.0,0.0,3,8000,0,0,0,0,0,0
TF,CC027,55.463444,61.951278,0, ,0.0,0.0,0.0,0.0,2,5700,0,0,0,0,0,0
TF,CC316,55.356336,61.863103,0, ,0.0,0.0,0.0,0.0,2,4350,0,0,0,0,0,0

STAR,ASLI1H,ALL,2
IF,ASLIM,55.900278,61.731944, ,0.0,0.0,2,8000,0,0,0,0,0,0

STAR,ASLI1H,09,3
IF,ASLIM,55.900278,61.731944, ,0.0,0.0,2,8000,0,0,0,0,0,0
TF,D357S,55.611478,61.626858,0, ,0.0,0.0,0.0,0.0,2,5030,0,0,0,0,0,0
TF,LBN,55.306972,61.517639,0, ,0.0,0.0,0.0,0.0,4,4370,3390,0,0,0,0,0

STAR,ASLI1H,27,3
IF,ASLIM,55.900278,61.731944, ,0.0,0.0,2,8000,0,0,0,0,0,0
TF,D357S,55.611478,61.626858,0, ,0.0,0.0,0.0,0.0,2,5010,0,0,0,0,0,0
TF,LBN,55.306972,61.517639,0, ,0.0,0.0,0.0,0.0,4,4350,3370,0,0,0,0,0

STAR,ASLI1J,27,2
IF,ASLIM,55.900278,61.731944, ,0.0,0.0,2,8000,0,0,0,0,0,0
TF,D354R,55.596972,61.658864,0, ,0.0,0.0,0.0,0.0,2,5010,0,0,0,0,0,0
TF,KS,55.294250,61.587056,0, ,0.0,0.0,0.0,0.0,4,4020,3370,0,0,0,0,0

STAR,ASLI1L,09,2
IF,ASLIM,55.900278,61.731944, ,0.0,0.0,2,8000,0,0,0,0,0,0
TF,D183R,55.607239,61.573889,0, ,0.0,0.0,0.0,0.0,2,5030,0,0,0,0,0,0
TF,LB,55.317444,61.420000,0, ,0.0,0.0,0.0,0.0,4,4040,3390,0,0,0,0,0

STAR,GERS1C,09,5
IF,GERSI,54.735278,60.573611, ,0.0,0.0,2,12000,0,0,0,0,0,0
TF,CC307,55.065019,60.107342,0, ,0.0,0.0,0.0,0.0,0,0,0,0,0,0,0,0
TF,CC308,55.248981,60.448200,0, ,0.0,0.0,0.0,0.0,1,8000,0,0,0,0,0,0
TF,CC326,55.407206,60.856208,0, ,0.0,0.0,0.0,0.0,2,4700,0,0,0,0,0,0
TF,CC304,55.425150,61.184425,0, ,0.0,0.0,0.0,0.0,2,4040,0,0,0,0,0,0

STAR,GERS1D,27,5
IF,GERSI,54.735278,60.573611, ,0.0,0.0,2,14000,0,0,0,0,0,0
TF,CC307,55.065019,60.107342,0, ,0.0,0.0,0.0,0.0,0,0,0,0,0,0,0,0
TF,CC326,55.407206,60.856208,0, ,0.0,0.0,0.0,0.0,2,13000,0,0,0,0,0,0
TF,CC025,55.427792,61.372583,0, ,0.0,0.0,0.0,0.0,2,10000,0,0,0,0,0,0
TF,CC316,55.356336,61.863103,0, ,0.0,0.0,0.0,0.0,2,4350,0,0,0,0,0,0

STAR,GERS1H,ALL,2
IF,GERSI,54.735278,60.573611, ,0.0,0.0,2,12000,0,0,0,0,0,0

STAR,GERS1H,09,3
IF,GERSI,54.735278,60.573611, ,0.0,0.0,2,12000,0,0,0,0,0,0
TF,LBN,55.306972,61.517639,0, ,0.0,0.0,0.0,0.0,4,4370,3390,0,0,0,0,0

STAR,GERS1H,27,3
IF,GERSI,54.735278,60.573611, ,0.0,0.0,2,12000,0,0,0,0,0,0
TF,LBN,55.306972,61.517639,0, ,0.0,0.0,0.0,0.0,4,4350,3370,0,0,0,0,0

STAR,GERS1J,27,2
IF,GERSI,54.735278,60.573611, ,0.0,0.0,2,12000,0,0,0,0,0,0
TF,KS,55.294250,61.587056,0, ,0.0,0.0,0.0,0.0,4,4020,3370,0,0,0,0,0

STAR,GERS1L,09,2
IF,GERSI,54.735278,60.573611, ,0.0,0.0,2,12000,0,0,0,0,0,0
TF,LB,55.317444,61.420000,0, ,0.0,0.0,0.0,0.0,4,4040,3390,0,0,0,0,0

STAR,GERS1X,27,5
IF,GERSI,54.735278,60.573611, ,0.0,0.0,2,14000,0,0,0,0,0,0
TF,CC020,54.933419,61.906486,0, ,0.0,0.0,0.0,0.0,4,12000,8000,0,0,0,0,0
TF,CC015,55.265994,61.789142,0, ,0.0,0.0,0.0,0.0,2,3040,0,0,0,0,0,0

STAR,GERS1Z,27,5
IF,GERSI,54.735278,60.573611, ,0.0,0.0,2,14000,0,0,0,0,0,0
TF,CC024,54.834919,60.731206,0, ,0.0,0.0,0.0,0.0,0,0,0,0,0,0,0,0
TF,CC324,55.098219,60.955872,0, ,0.0,0.0,0.0,0.0,0,0,0,0,0,0,0,0
TF,CC326,55.407206,60.856208,0, ,0.0,0.0,0.0,0.0,2,13000,0,0,0,0,0,0
TF,CC025,55.427792,61.372583,0, ,0.0,0.0,0.0,0.0,2,10000,0,0,0,0,0,0
TF,CC316,55.356336,61.863103,0, ,0.0,0.0,0.0,0.0,2,4350,0,0,0,0,0,0

STAR,GUPR1C,09,5
IF,GUPRI,54.450278,62.315278, ,0.0,0.0,2,17000,0,0,0,0,0,0
TF,CC333,54.773450,62.036856,0, ,0.0,0.0,0.0,0.0,2,16000,0,0,0,0,0,0
TF,CC329,54.981700,61.905008,0, ,0.0,0.0,0.0,0.0,2,14000,0,0,0,0,0,0
TF,CC334,55.147089,61.782764,0, ,0.0,0.0,0.0,0.0,2,12000,0,0,0,0,0,0
TF,CC311,55.417514,61.580450,0, ,0.0,0.0,0.0,0.0,2,8000,0,0,0,0,0,0
TF,CC312,55.473486,61.338075,0, ,0.0,0.0,0.0,0.0,2,5360,0,0,0,0,0,0
TF,CC304,55.425150,61.184425,0, ,0.0,0.0,0.0,0.0,2,4040,0,0,0,0,0,0

STAR,GUPR1D,27,5
IF,GUPRI,54.450278,62.315278, ,0.0,0.0,4,14000,8000,0,0,0,0,0
TF,CC020,54.933419,61.906486,0, ,0.0,0.0,0.0,0.0,4,12000,8000,0,0,0,0,0
TF,CC015,55.265994,61.789142,0, ,0.0,0.0,0.0,0.0,2,3040,0,0,0,0,0,0

STAR,GUPR1H,ALL,2
IF,GUPRI,54.450278,62.315278, ,0.0,0.0,2,8000,0,0,0,0,0,0
TF,D137V,54.989392,61.817925,0, ,0.0,0.0,0.0,0.0,2,8000,0,0,0,0,0,0

STAR,GUPR1J,27,2
IF,GUPRI,54.450278,62.315278, ,0.0,0.0,2,8000,0,0,0,0,0,0
TF,LBN28,54.895883,61.923783,0, ,0.0,0.0,0.0,0.0,2,8000,0,0,0,0,0,0

STAR,GUPR1L,09,2
IF,GUPRI,54.450278,62.315278, ,0.0,0.0,2,8000,0,0,0,0,0,0
TF,LB036,54.804783,61.952056,0, ,0.0,0.0,0.0,0.0,2,8000,0,0,0,0,0,0

STAR,GUPR1V,27,2
IF,GUPRI,54.450278,62.315278, ,0.0,0.0,2,8000,0,0,0,0,0,0
TF,ARP52,54.555628,62.226228,0, ,0.0,0.0,0.0,0.0,4,10000,5700,1,215,0,0,1
CI,0, ,0.0,272.0,0,0,0,0,0,0,0,0
CF,KS,55.294250,61.587056,0,LBN,93.8,2.5,325.0,47.0,4,4020,3370,0,0,0,0,0

STAR,GUPR1W,ALL,2
IF,GUPRI,54.450278,62.315278, ,0.0,0.0,2,8000,0,0,0,0,0,0
TF,LBN48,54.598939,62.179636,0, ,0.0,0.0,0.0,0.0,4,10000,5700,0,0,0,0,0

STAR,GUPR1W,09,3
IF,LBN48,54.598939,62.179636, ,0.0,0.0,4,10000,5700,0,0,0,0,0
CI,0, ,0.0,278.0,0,0,0,0,0,0,0,0
CF,LBN,55.306972,61.517639,0,LBN,0.0,0.0,322.0,46.0,4,4370,3390,0,0,0,0,0

STAR,GUPR1W,27,3
IF,LBN48,54.598939,62.179636, ,0.0,0.0,4,10000,5700,0,0,0,0,0
CI,0, ,0.0,278.0,0,0,0,0,0,0,0,0
CF,LBN,55.306972,61.517639,0,LBN,0.0,0.0,322.0,46.0,4,4350,3370,0,0,0,0,0

STAR,GUPR1X,09,2
IF,GUPRI,54.450278,62.315278, ,0.0,0.0,2,8000,0,0,0,0,0,0
TF,LB052,54.580675,62.183519,0, ,0.0,0.0,0.0,0.0,4,10000,5700,0,0,0,0,0
CI,0, ,0.0,270.0,0,0,0,1,215,0,0,0
CF,LB,55.317444,61.420000,0,LBN,266.7,3.4,321.0,48.0,4,4040,3390,0,0,0,0,0

STAR,LANT1C,09,5
IF,LANTO,55.216944,59.698611, ,0.0,0.0,2,11000,0,0,0,0,0,0
TF,CC326,55.407206,60.856208,0, ,0.0,0.0,0.0,0.0,2,4700,0,0,0,0,0,0
TF,CC304,55.425150,61.184425,0, ,0.0,0.0,0.0,0.0,2,4040,0,0,0,0,0,0

STAR,LANT1D,27,5
IF,LANTO,55.216944,59.698611, ,0.0,0.0,2,13000,0,0,0,0,0,0
TF,CC326,55.407206,60.856208,0, ,0.0,0.0,0.0,0.0,2,13000,0,0,0,0,0,0
TF,CC025,55.427792,61.372583,0, ,0.0,0.0,0.0,0.0,2,10000,0,0,0,0,0,0
TF,CC316,55.356336,61.863103,0, ,0.0,0.0,0.0,0.0,2,4350,0,0,0,0,0,0

STAR,LANT1H,ALL,2
IF,LANTO,55.216944,59.698611, ,0.0,0.0,2,11000,0,0,0,0,0,0
TF,D252V,55.278475,60.879022,0, ,0.0,0.0,0.0,0.0,2,8000,0,0,0,0,0,0

STAR,LANT1J,27,2
IF,LANTO,55.216944,59.698611, ,0.0,0.0,2,11000,0,0,0,0,0,0
TF,D251X,55.257008,60.882444,0, ,0.0,0.0,0.0,0.0,2,8000,0,0,0,0,0,0

STAR,LANT1L,09,2
IF,LANTO,55.216944,59.698611, ,0.0,0.0,2,11000,0,0,0,0,0,0
TF,D071S,55.289128,60.877053,0, ,0.0,0.0,0.0,0.0,2,8000,0,0,0,0,0,0

STAR,LANT1V,27,2
IF,LANTO,55.216944,59.698611, ,0.0,0.0,2,11000,0,0,0,0,0,0
TF,ARP47,55.213578,60.144803,0, ,0.0,0.0,0.0,0.0,4,10000,5700,1,225,0,0,1
CI,0, ,0.0,35.0,0,0,0,0,0,0,0,0
CF,KS,55.294250,61.587056,0,LBN,93.8,2.5,75.0,45.0,4,4020,3370,0,0,0,0,0

STAR,LANT1W,ALL,2
IF,LANTO,55.216944,59.698611, ,0.0,0.0,2,11000,0,0,0,0,0,0
TF,LBN38,55.255922,60.419689,0, ,0.0,0.0,0.0,0.0,4,10000,5700,0,0,0,0,0

STAR,LANT1W,09,3
IF,LBN38,55.255922,60.419689, ,0.0,0.0,4,10000,5700,0,0,0,0,0
CI,0, ,0.0,32.0,0,0,0,0,0,0,0,0
CF,LBN,55.306972,61.517639,0,LBN,0.0,0.0,77.0,35.0,4,4370,3390,0,0,0,0,0

STAR,LANT1W,27,3
IF,LBN38,55.255922,60.419689, ,0.0,0.0,4,10000,5700,0,0,0,0,0
CI,0, ,0.0,32.0,0,0,0,0,0,0,0,0
CF,LBN,55.306972,61.517639,0,LBN,0.0,0.0,77.0,35.0,4,4350,3370,0,0,0,0,0

STAR,LANT1X,09,2
IF,LANTO,55.216944,59.698611, ,0.0,0.0,2,11000,0,0,0,0,0,0
TF,LB047,55.239956,60.057717,0, ,0.0,0.0,0.0,0.0,4,10000,5700,1,215,0,0,0
CI,0, ,0.0,29.0,0,0,0,0,0,0,0,0
CF,LB,55.317444,61.420000,0,LBN,266.7,3.4,75.0,42.0,4,4040,3390,0,0,0,0,0

STAR,LERD1C,09,5
IF,LERDA,55.728056,62.370833, ,0.0,0.0,2,14000,0,0,0,0,0,0
TF,CC331,55.625431,62.106803,0, ,0.0,0.0,0.0,0.0,2,14000,0,0,0,0,0,0
TF,CC311,55.417514,61.580450,0, ,0.0,0.0,0.0,0.0,2,8000,0,0,0,0,0,0
TF,CC312,55.473486,61.338075,0, ,0.0,0.0,0.0,0.0,2,5360,0,0,0,0,0,0
TF,CC304,55.425150,61.184425,0, ,0.0,0.0,0.0,0.0,2,4040,0,0,0,0,0,0

STAR,LERD1D,27,5
IF,LERDA,55.728056,62.370833, ,0.0,0.0,4,11000,8000,0,0,0,0,0
TF,CC027,55.463444,61.951278,0, ,0.0,0.0,0.0,0.0,2,5700,0,0,0,0,0,0
TF,CC316,55.356336,61.863103,0, ,0.0,0.0,0.0,0.0,2,4350,0,0,0,0,0,0

STAR,LERD1H,ALL,2
IF,LERDA,55.728056,62.370833, ,0.0,0.0,2,8000,0,0,0,0,0,0

STAR,LERD1H,09,3
IF,LERDA,55.728056,62.370833, ,0.0,0.0,2,8000,0,0,0,0,0,0
TF,LBN,55.306972,61.517639,0, ,0.0,0.0,0.0,0.0,4,4370,3390,0,0,0,0,0

STAR,LERD1H,27,3
IF,LERDA,55.728056,62.370833, ,0.0,0.0,2,8000,0,0,0,0,0,0
TF,LBN,55.306972,61.517639,0, ,0.0,0.0,0.0,0.0,4,4350,3370,0,0,0,0,0

STAR,LERD1J,27,2
IF,LERDA,55.728056,62.370833, ,0.0,0.0,2,8000,0,0,0,0,0,0
TF,KS,55.294250,61.587056,0, ,0.0,0.0,0.0,0.0,4,4020,3370,0,0,0,0,0

STAR,LERD1L,09,2
IF,LERDA,55.728056,62.370833, ,0.0,0.0,2,8000,0,0,0,0,0,0
TF,LB,55.317444,61.420000,0, ,0.0,0.0,0.0,0.0,4,4040,3390,0,0,0,0,0

STAR,LERD1X,09,5
IF,LERDA,55.728056,62.370833, ,0.0,0.0,2,14000,0,0,0,0,0,0
TF,CC312,55.473486,61.338075,0, ,0.0,0.0,0.0,0.0,2,5360,0,0,0,0,0,0
TF,CC304,55.425150,61.184425,0, ,0.0,0.0,0.0,0.0,2,4040,0,0,0,0,0,0

STAR,NOMG1C,09,5
IF,NOMGI,55.651944,62.953611, ,0.0,0.0,2,12000,0,0,0,0,0,0
TF,CC330,55.489714,61.992156,0, ,0.0,0.0,0.0,0.0,2,12000,0,0,0,0,0,0
TF,CC311,55.417514,61.580450,0, ,0.0,0.0,0.0,0.0,2,8000,0,0,0,0,0,0
TF,CC312,55.473486,61.338075,0, ,0.0,0.0,0.0,0.0,2,5360,0,0,0,0,0,0
TF,CC304,55.425150,61.184425,0, ,0.0,0.0,0.0,0.0,2,4040,0,0,0,0,0,0

STAR,NOMG1D,27,5
IF,NOMGI,55.651944,62.953611, ,0.0,0.0,2,8000,0,0,0,0,0,0
TF,CC027,55.463444,61.951278,0, ,0.0,0.0,0.0,0.0,2,5700,0,0,0,0,0,0
TF,CC316,55.356336,61.863103,0, ,0.0,0.0,0.0,0.0,2,4350,0,0,0,0,0,0

STAR,NOMG1H,ALL,2
IF,NOMGI,55.651944,62.953611, ,0.0,0.0,2,8000,0,0,0,0,0,0

STAR,NOMG1H,09,3
IF,NOMGI,55.651944,62.953611, ,0.0,0.0,2,8000,0,0,0,0,0,0
TF,LBN,55.306972,61.517639,0, ,0.0,0.0,0.0,0.0,4,4370,3390,0,0,0,0,0

STAR,NOMG1H,27,3
IF,NOMGI,55.651944,62.953611, ,0.0,0.0,2,8000,0,0,0,0,0,0
TF,LBN,55.306972,61.517639,0, ,0.0,0.0,0.0,0.0,4,4350,3370,0,0,0,0,0

STAR,NOMG1J,27,2
IF,NOMGI,55.651944,62.953611, ,0.0,0.0,2,8000,0,0,0,0,0,0
TF,KS,55.294250,61.587056,0, ,0.0,0.0,0.0,0.0,4,4020,3370,0,0,0,0,0

STAR,NOMG1L,09,2
IF,NOMGI,55.651944,62.953611, ,0.0,0.0,2,8000,0,0,0,0,0,0
TF,LB,55.317444,61.420000,0, ,0.0,0.0,0.0,0.0,4,4040,3390,0,0,0,0,0

APPTR,D09-X,09,D2521
IF,D252V,55.278475,60.879022, ,0.0,0.0,2,8000,0,0,0,0,1,0
AF,D274V,55.418389,60.906497,2,LBN,274.0,22.0,252.0,2,8000,0,0,0,0,0,0
CF,LBN,55.306972,61.517639,0,LBN,0.0,0.0,94.0,22.0,4,4370,3390,1,195,0,0,1
CF,D295H,55.390214,61.339317,1,LBN,295.4,7.9,265.0,7.0,2,2240,0,1,195,0,0,1
CF,CD09,55.326269,61.301611,1,LBN,265.0,7.5,85.0,1.0,2,2240,0,0,0,0,0,0

APPTR,D09-X,09,D2522
IF,D252V,55.278475,60.879022, ,0.0,0.0,2,8000,0,0,0,0,1,0
AF,D274V,55.418389,60.906497,2,LBN,274.0,22.0,252.0,2,8000,0,0,0,0,0,0
CF,LBN,55.306972,61.517639,0,LBN,0.0,0.0,94.0,22.0,4,4370,3390,1,195,0,0,1
CF,D284H,55.365339,61.321019,1,LBN,283.6,7.6,265.0,7.0,2,2240,0,0,0,0,0,1
CF,CD09,55.326269,61.301611,1,LBN,265.0,7.5,85.0,1.0,2,2240,0,0,0,0,0,0

FINAL,D09-X,09,D,3
IF,CD09,55.326269,61.301611,LBN,265.0,7.5,2,2240,0,0,0,0,0,0
CF,FD09,55.320000,61.365000,0,LBN,264.6,5.3,85.0,2.2,1,2080,0,0,0,0,2,0
CF,RW09,55.309167,61.478889,0,LBN,261.7,1.3,85.0,4.0,1,811,0,0,0,0,3,0
CD, ,0,0,0,LBN,0,0.0,85.0,4.9,0,0,0,0,0,0,0,0
DF,LBN,55.306972,61.517639,1, ,0.0,0.0,2,3390,0,0,0,0,0,0

APPTR,D09-Y,09,D1371
IF,D137V,54.989392,61.817925, ,0.0,0.0,2,8000,0,0,0,0,1,0
AF,D123V,55.042094,61.946619,1,LBN,123.0,21.7,137.0,2,8000,0,0,0,0,0,0
TF,LBN,55.306972,61.517639,0, ,0.0,0.0,0.0,0.0,4,4370,3390,0,0,0,0,0
FD,LBN,55.306972,61.517639,0,LBN,0.0,7.5,285.0,7.5,2,2080,0,1,190,0,0,0
CF,CD09,55.326269,61.301611,1,LBN,265.0,7.5,85.0,1.0,2,2080,0,0,0,0,0,0

APPTR,D09-Y,09,D1372
IF,D137V,54.989392,61.817925, ,0.0,0.0,2,8000,0,0,0,0,1,0
AF,D123V,55.042094,61.946619,1,LBN,123.0,21.7,137.0,2,8000,0,0,0,0,0,0
TF,LBN,55.306972,61.517639,0, ,0.0,0.0,0.0,0.0,4,4370,3390,0,0,0,0,0
FD,LBN,55.306972,61.517639,0,LBN,0.0,7.5,277.0,7.5,2,2080,0,0,0,0,0,0
CF,CD09,55.326269,61.301611,1,LBN,265.0,7.5,85.0,1.0,2,2080,0,0,0,0,0,0

FINAL,D09-Y,09,D,3
IF,CD09,55.326269,61.301611,LBN,265.0,7.5,2,2080,0,0,0,0,0,0
CF,FD09,55.320000,61.365000,0,LBN,264.6,5.3,85.0,2.2,1,2080,0,0,0,0,2,0
CF,RW09,55.309167,61.478889,0,LBN,261.7,1.3,85.0,4.0,1,811,0,0,0,0,3,0
CD, ,0,0,0,LBN,0,0.0,85.0,4.0,0,0,0,0,0,0,0,0
DF,LBN,55.306972,61.517639,1, ,0.0,0.0,2,3390,0,0,0,0,0,0

APPTR,D09-Z,09,LBN1
IF,LBN,55.306972,61.517639, ,0.0,0.0,4,4370,3390,1,215,0,1,0
FD,LBN,55.306972,61.517639,0,LBN,0.0,7.5,285.0,7.5,2,2080,0,1,190,0,0,0
CF,CD09,55.326269,61.301611,1,LBN,265.0,7.5,85.0,1.0,2,2080,0,0,0,0,0,0

APPTR,D09-Z,09,LBN2
IF,LBN,55.306972,61.517639, ,0.0,0.0,4,4370,3390,1,215,0,1,0
FD,LBN,55.306972,61.517639,0,LBN,0.0,7.5,277.0,7.5,2,2080,0,0,0,0,0,0
CF,CD09,55.326269,61.301611,1,LBN,265.0,7.5,85.0,1.0,2,2080,0,0,0,0,0,0

FINAL,D09-Z,09,D,3
IF,CD09,55.326269,61.301611,LBN,265.0,7.5,2,2080,0,0,0,0,0,0
CF,FD09,55.320000,61.365000,0,LBN,264.6,5.3,85.0,2.2,1,2080,0,0,0,0,2,0
CF,RW09,55.309167,61.478889,0,LBN,261.7,1.3,85.0,4.0,1,811,0,0,0,0,3,0
CD, ,0,0,0,LBN,0,0.0,85.0,4.0,0,0,0,0,0,0,0,0
DF,LBN,55.306972,61.517639,1, ,0.0,0.0,2,3390,0,0,0,0,0,0

APPTR,D27-Z,27,D1371
IF,D137V,54.989392,61.817925, ,0.0,0.0,2,8000,0,0,0,0,1,0
AF,D123V,55.042094,61.946619,1,LBN,123.0,21.7,137.0,2,8000,0,0,0,0,0,0
CF,LBN,55.306972,61.517639,0,LBN,0.0,0.0,303.0,21.7,4,4350,3370,0,0,0,0,1
CF,D076J,55.305439,61.820917,2,LBN,76.4,10.4,99.0,9.0,0,0,0,1,195,0,0,1
CF,CD27,55.244300,61.774947,2,LBN,99.0,9.6,279.0,1.0,1,2050,0,0,0,0,0,0

APPTR,D27-Z,27,D1372
IF,D137V,54.989392,61.817925, ,0.0,0.0,2,8000,0,0,0,0,1,0
AF,D123V,55.042094,61.946619,1,LBN,123.0,21.7,137.0,2,8000,0,0,0,0,0,0
CF,LBN,55.306972,61.517639,0,LBN,0.0,0.0,303.0,21.7,4,4350,3370,0,0,0,0,1
CF,D082J,55.289858,61.795942,2,LBN,82.0,9.6,99.0,9.0,0,0,0,0,0,0,0,1
CF,CD27,55.244300,61.774947,2,LBN,99.0,9.6,279.0,1.0,1,2050,0,0,0,0,0,0

APPTR,D27-Z,27,D2521
IF,D252V,55.278475,60.879022, ,0.0,0.0,2,8000,0,0,0,0,1,0
AF,D274V,55.418389,60.906497,2,LBN,274.0,22.0,252.0,2,8000,0,0,0,0,0,0
CF,LBN,55.306972,61.517639,0,LBN,0.0,0.0,94.0,22.0,4,4350,3370,0,0,0,0,1
CF,D076J,55.305439,61.820917,0,LBN,76.4,10.4,99.0,11.0,0,0,0,1,195,0,0,1
CF,CD27,55.244300,61.774947,2,LBN,99.0,9.6,279.0,1.0,1,2050,0,0,0,0,0,0

APPTR,D27-Z,27,D2522
IF,D252V,55.278475,60.879022, ,0.0,0.0,2,8000,0,0,0,0,1,0
AF,D274V,55.418389,60.906497,2,LBN,274.0,22.0,252.0,2,8000,0,0,0,0,0,0
CF,LBN,55.306972,61.517639,0,LBN,0.0,0.0,94.0,22.0,4,4350,3370,0,0,0,0,1
CF,D082J,55.289858,61.795942,0,LBN,82.0,9.6,99.0,10.0,0,0,0,0,0,0,0,1
CF,CD27,55.244300,61.774947,2,LBN,99.0,9.6,279.0,1.0,1,2050,0,0,0,0,0,0

FINAL,D27-Z,27,D,3
IF,CD27,55.244300,61.774947,LBN,99.0,9.6,1,2050,0,0,0,0,0,0
CF,FD27,55.278889,61.635833,0,LBN,98.6,4.4,279.0,5.2,1,2050,0,0,0,0,2,0
CF,RW27,55.302500,61.528056,0,LBN,113.0,0.5,279.0,4.0,1,789,0,0,0,0,3,0
CD, ,0,0,0,LBN,0,0.0,279.0,4.3,0,0,0,0,0,0,0,0
DF,LBN,55.306972,61.517639,2, ,0.0,0.0,2,3370,0,1,205,0,0,0

APPTR,I09-T,09,D0711
IF,D071S,55.289128,60.877053, ,0.0,0.0,2,8000,0,0,0,0,1,0
AF,D094S,55.411914,60.903025,2,LBN,272.9,22.0,253.0,2,8000,0,0,0,0,0,0
CF,LB,55.317444,61.420000,0,LBN,266.7,3.4,94.0,18.6,4,4040,3390,0,0,0,0,1
CF,D314F,55.402556,61.326597,1,LBN,297.4,8.7,270.0,5.0,2,2240,0,1,215,0,0,1
CF,CF09,55.333333,61.298333,1,ILB,269.4,8.4,90.0,1.0,2,2240,0,0,0,0,0,0

APPTR,I09-T,09,D0712
IF,D071S,55.289128,60.877053, ,0.0,0.0,2,8000,0,0,0,0,1,0
AF,D094S,55.411914,60.903025,2,LBN,272.9,22.0,253.0,2,8000,0,0,0,0,0,0
CF,LB,55.317444,61.420000,0,LBN,266.7,3.4,94.0,18.6,4,4040,3390,0,0,0,0,1
CF,D302F,55.385003,61.305106,1,LBN,288.9,8.7,270.0,5.0,2,2240,0,0,0,0,0,1
CF,CF09,55.333333,61.298333,1,ILB,269.4,8.4,90.0,1.0,2,2240,0,0,0,0,0,0

FINAL,I09-T,09,I,3
IF,CF09,55.333333,61.298333,ILB,269.4,8.4,2,2240,0,0,0,0,0,0
CF,FF09,55.324722,61.366389,0,ILB,269.7,6.0,90.0,2.4,1,2080,0,0,0,0,2,0
CF,RW09,55.309167,61.478889,0,ILB,269.6,2.0,90.0,4.0,1,811,0,0,0,0,3,0
FA,RW09,55.309167,61.478889,0,LBN,0.0,0.0,90.0,2,1750,0,0,0,0,0,0
DF,LB,55.317444,61.420000,1, ,0.0,0.0,2,3390,0,0,0,0,0,0

APPTR,I09-U,09,D2521
IF,D252V,55.278475,60.879022, ,0.0,0.0,2,8000,0,0,0,0,1,0
AF,D274V,55.418389,60.906497,2,LBN,274.0,22.0,252.0,2,8000,0,0,0,0,0,0
CF,LBN,55.306972,61.517639,0,LBN,0.0,0.0,94.0,22.0,4,4370,3390,1,195,0,0,1
CF,D293I,55.393681,61.314414,1,LBN,292.9,8.7,270.0,8.0,2,2240,0,1,195,0,0,1
CF,CI09U,55.336183,61.281094,1,ILB,269.6,9.0,90.0,1.0,2,2240,0,0,0,0,1,0

APPTR,I09-U,09,D2522
IF,D252V,55.278475,60.879022, ,0.0,0.0,2,8000,0,0,0,0,1,0
AF,D274V,55.418389,60.906497,2,LBN,274.0,22.0,252.0,2,8000,0,0,0,0,0,0
CF,LBN,55.306972,61.517639,0,LBN,0.0,0.0,94.0,22.0,4,4370,3390,1,195,0,0,1
CF,D282I,55.368981,61.294817,1,LBN,282.1,8.5,270.0,8.0,2,2240,0,0,0,0,0,1
CF,CI09U,55.336183,61.281094,1,ILB,269.6,9.0,90.0,1.0,2,2240,0,0,0,0,1,0

FINAL,I09-U,09,I,3
IF,CI09U,55.336183,61.281094,ILB,269.6,9.0,2,2240,0,0,0,0,0,0
CF,FF09,55.324722,61.366389,0,ILB,269.7,6.0,90.0,3.0,1,2080,0,0,0,0,2,0
CF,RW09,55.309167,61.478889,0,ILB,269.6,2.0,90.0,4.0,1,811,0,0,0,0,3,0
CD, ,0,0,0,LBN,0,0.0,90.0,4.0,0,0,0,0,0,0,0,0
DF,LBN,55.306972,61.517639,1, ,0.0,0.0,2,3390,0,0,0,0,0,0

APPTR,I09-V,09,LB031
IF,LB036,54.804783,61.952056, ,0.0,0.0,2,8000,0,0,0,0,1,0
TF,D315X,54.977239,61.774861,0, ,0.0,0.0,0.0,0.0,2,8000,0,0,0,0,0,0
AF,D298Y,55.043069,61.948456,1,LBN,122.8,21.7,142.0,2,8000,0,0,0,0,0,0
CF,LB,55.317444,61.420000,0,LBN,266.7,3.4,298.0,24.6,4,4040,3390,1,185,0,0,0
FC,LB,55.317444,61.420000,0,LBN,0.0,0.0,298.0,4.6,2,2080,0,0,0,0,0,1
CF,CF09,55.333333,61.298333,1,ILB,269.4,8.4,90.0,1.0,2,2080,0,0,0,0,0,0

APPTR,I09-V,09,LB032
IF,LB036,54.804783,61.952056, ,0.0,0.0,2,8000,0,0,0,0,1,0
TF,D315X,54.977239,61.774861,0, ,0.0,0.0,0.0,0.0,2,8000,0,0,0,0,0,0
AF,D298Y,55.043069,61.948456,1,LBN,122.8,21.7,142.0,2,8000,0,0,0,0,0,0
CF,LB,55.317444,61.420000,0,LBN,266.7,3.4,298.0,24.6,4,4040,3390,0,0,0,0,0
FC,LB,55.317444,61.420000,0,LBN,0.0,0.0,288.0,4.6,2,2080,0,0,0,0,0,1
CF,CF09,55.333333,61.298333,1,ILB,269.4,8.4,90.0,1.0,2,2080,0,0,0,0,0,0

FINAL,I09-V,09,I,3
IF,CF09,55.333333,61.298333,ILB,269.4,8.4,2,2080,0,0,0,0,0,0
CF,FF09,55.324722,61.366389,0,ILB,269.7,6.0,90.0,2.4,1,2080,0,0,0,0,2,0
CF,RW09,55.309167,61.478889,0,ILB,269.6,2.0,90.0,4.0,1,811,0,0,0,0,3,0
FA,RW09,55.309167,61.478889,0,LBN,0.0,0.0,90.0,2,1750,0,0,0,0,0,0
DF,LB,55.317444,61.420000,1, ,0.0,0.0,2,3390,0,0,0,0,0,0

APPTR,I09-W,09,D1371
IF,D137V,54.989392,61.817925, ,0.0,0.0,2,8000,0,0,0,0,1,0
AF,D123V,55.042094,61.946619,1,LBN,123.0,21.7,137.0,2,8000,0,0,0,0,0,0
TF,LBN,55.306972,61.517639,0, ,0.0,0.0,0.0,0.0,4,4370,3390,0,0,0,0,0
FD,LBN,55.306972,61.517639,0,LBN,0.0,8.3,289.0,8.3,2,2080,0,1,195,0,0,0
CF,CF09,55.333333,61.298333,1,ILB,269.4,8.4,90.0,1.0,2,2080,0,0,0,0,0,0

APPTR,I09-W,09,D1372
IF,D137V,54.989392,61.817925, ,0.0,0.0,2,8000,0,0,0,0,1,0
AF,D123V,55.042094,61.946619,1,LBN,123.0,21.7,137.0,2,8000,0,0,0,0,0,0
TF,LBN,55.306972,61.517639,0, ,0.0,0.0,0.0,0.0,4,4370,3390,0,0,0,0,0
FD,LBN,55.306972,61.517639,0,LBN,0.0,8.3,280.0,8.3,2,2080,0,0,0,0,0,0
CF,CF09,55.333333,61.298333,1,ILB,269.4,8.4,90.0,1.0,2,2080,0,0,0,0,0,0

FINAL,I09-W,09,I,3
IF,CF09,55.333333,61.298333,ILB,269.4,8.4,2,2080,0,0,0,0,0,0
CF,FF09,55.324722,61.366389,0,ILB,269.7,6.0,90.0,2.4,1,2080,0,0,0,0,2,0
CF,RW09,55.309167,61.478889,0,ILB,269.6,2.0,90.0,4.0,1,811,0,0,0,0,3,0
CD, ,0,0,0,LBN,0,0.0,90.0,4.0,0,0,0,0,0,0,0,0
DF,LBN,55.306972,61.517639,1, ,0.0,0.0,2,3390,0,1,205,0,0,0

FINAL,I09-X,09,I,3
IF,CF09,55.333333,61.298333,ILB,269.4,8.4,2,2240,0,0,0,0,0,0
CF,FF09,55.324722,61.366389,0,ILB,269.7,6.0,90.0,2.4,1,2080,0,0,0,0,2,0
CF,RW09,55.309167,61.478889,0,ILB,269.6,2.0,90.0,4.0,1,811,0,0,0,0,3,0
FA,RW09,55.309167,61.478889,0,LBN,0.0,0.0,90.0,2,1750,0,0,0,0,0,0
DF,LB,55.317444,61.420000,1, ,0.0,0.0,2,3390,0,0,0,0,0,0

APPTR,I09-Y,09,LBN1
IF,LBN,55.306972,61.517639, ,0.0,0.0,4,4370,3390,1,215,0,1,0
FD,LBN,55.306972,61.517639,0,LBN,0.0,8.3,289.0,8.3,2,2080,0,1,195,0,0,0
CF,CF09,55.333333,61.298333,1,ILB,269.4,8.4,90.0,1.0,2,2080,0,0,0,0,0,0

APPTR,I09-Y,09,LBN2
IF,LBN,55.306972,61.517639, ,0.0,0.0,4,4370,3390,1,215,0,1,0
FD,LBN,55.306972,61.517639,0,LBN,0.0,8.3,280.0,8.3,2,2080,0,0,0,0,0,0
CF,CF09,55.333333,61.298333,1,ILB,269.4,8.4,90.0,1.0,2,2080,0,0,0,0,0,0

FINAL,I09-Y,09,I,3
IF,CF09,55.333333,61.298333,ILB,269.4,8.4,2,2080,0,0,0,0,0,0
CF,FF09,55.324722,61.366389,0,ILB,269.7,6.0,90.0,2.4,1,2080,0,0,0,0,2,0
CF,RW09,55.309167,61.478889,0,ILB,269.6,2.0,90.0,4.0,1,811,0,0,0,0,3,0
CD, ,0,0,0,LBN,0,0.0,90.0,4.0,0,0,0,0,0,0,0,0
DF,LBN,55.306972,61.517639,1, ,0.0,0.0,2,3390,0,0,0,0,0,0

APPTR,I09-Z,09,CC304
IF,CC304,55.425150,61.184425, ,0.0,0.0,2,4040,0,0,0,0,1,0
TF,CC003,55.337978,61.269461,0,ILB,0.0,0.0,0.0,0.0,2,2570,0,1,185,0,1,0

FINAL,I09-Z,09,I,3
IF,CC003,55.337978,61.269461,ILB,269.7,9.4,2,2570,0,1,185,0,0,0
CF,FF09,55.324722,61.366389,0,ILB,269.7,6.0,90.0,3.4,1,2080,0,0,0,0,2,0
CF,RW09,55.309167,61.478889,0,ILB,269.6,2.0,90.0,4.0,1,811,0,0,0,0,3,0
CA,0,90.0,2,1420,0,0,0,0,0,0
DF,CC311,55.417514,61.580450,1, ,0.0,0.0,2,2730,0,1,185,0,0,0
TF,CC312,55.473486,61.338075,0, ,0.0,0.0,0.0,0.0,0,0,0,0,0,0,0,0
TF,CC304,55.425150,61.184425,0, ,0.0,0.0,0.0,0.0,2,4040,0,0,0,0,0,0

APPTR,I27-X,27,D2511
IF,D251X,55.257008,60.882444, ,0.0,0.0,2,8000,0,0,0,0,1,0
AF,D273X,55.411494,60.901950,2,LBN,272.9,22.0,248.0,2,8000,0,0,0,0,0,0
CF,KS,55.294250,61.587056,0,LBN,93.8,2.5,93.0,24.5,4,4020,3370,0,0,0,0,1
CF,D239H,55.332292,61.800481,0,LBN,67.0,9.8,90.0,8.0,0,0,0,1,205,0,0,1
CF,CF27,55.266994,61.785733,2,IKS,89.4,11.3,270.0,1.0,1,2050,0,0,0,0,0,0

APPTR,I27-X,27,D2512
IF,D251X,55.257008,60.882444, ,0.0,0.0,2,8000,0,0,0,0,1,0
AF,D273X,55.411494,60.901950,2,LBN,272.9,22.0,248.0,2,8000,0,0,0,0,0,0
CF,KS,55.294250,61.587056,0,LBN,93.8,2.5,93.0,24.5,4,4020,3370,0,0,0,0,1
CF,D247G,55.312514,61.795025,0,LBN,73.9,9.5,90.0,8.0,0,0,0,0,0,0,0,1
CF,CF27,55.266994,61.785733,2,IKS,89.4,11.3,270.0,1.0,1,2050,0,0,0,0,0,0

APPTR,I27-X,27,LBN21
IF,LBN28,54.895883,61.923783, ,0.0,0.0,2,8000,0,0,0,0,1,0
TF,D140V,54.996539,61.839408,0, ,0.0,0.0,0.0,0.0,0,0,0,0,0,0,0,0
AF,D127V,55.040797,61.943725,1,LBN,123.3,21.7,135.0,2,8000,0,0,0,0,0,0
CF,KS,55.294250,61.587056,0,LBN,93.8,2.5,307.0,19.6,4,4020,3370,0,0,0,0,1
CF,D239H,55.332292,61.800481,2,LBN,67.0,9.8,90.0,6.0,0,0,0,1,205,0,0,1
CF,CF27,55.266994,61.785733,2,IKS,89.4,11.3,270.0,1.0,1,2050,0,0,0,0,0,0

APPTR,I27-X,27,LBN22
IF,LBN28,54.895883,61.923783, ,0.0,0.0,2,8000,0,0,0,0,1,0
TF,D140V,54.996539,61.839408,0, ,0.0,0.0,0.0,0.0,0,0,0,0,0,0,0,0
AF,D127V,55.040797,61.943725,1,LBN,123.3,21.7,135.0,2,8000,0,0,0,0,0,0
CF,KS,55.294250,61.587056,0,LBN,93.8,2.5,307.0,19.6,4,4020,3370,0,0,0,0,1
CF,D247G,55.312514,61.795025,2,LBN,73.9,9.5,90.0,6.0,0,0,0,0,0,0,0,1
CF,CF27,55.266994,61.785733,2,IKS,89.4,11.3,270.0,1.0,1,2050,0,0,0,0,0,0

FINAL,I27-X,27,I,3
IF,CF27,55.266994,61.785733,IKS,89.4,11.3,1,2050,0,0,0,0,0,0
CF,FI27,55.286944,61.640000,0,IKS,89.5,6.2,270.0,5.1,1,2050,0,0,0,0,2,0
CF,RW27,55.302500,61.528056,0,IKS,89.4,2.2,270.0,4.0,1,789,0,0,0,0,3,0
CA,0,270.0,2,1730,0,1,205,0,0,0
DF,KS,55.294250,61.587056,2, ,0.0,0.0,2,3370,0,0,0,0,0,0

APPTR,I27-Y,27,D1371
IF,D137V,54.989392,61.817925, ,0.0,0.0,2,8000,0,0,0,0,1,0
AF,D123V,55.042094,61.946619,1,LBN,123.0,21.7,137.0,2,8000,0,0,0,0,0,0
CF,LBN,55.306972,61.517639,0,LBN,0.0,0.0,303.0,21.7,4,4350,3370,0,0,0,0,1
CF,D070K,55.325497,61.825106,2,LBN,69.8,10.6,92.0,9.0,0,0,0,0,0,0,0,1
CF,CF27,55.266994,61.785733,2,IKS,89.4,11.3,270.0,1.0,1,2050,0,0,0,0,0,0

APPTR,I27-Y,27,D1372
IF,D137V,54.989392,61.817925, ,0.0,0.0,2,8000,0,0,0,0,1,0
AF,D123V,55.042094,61.946619,1,LBN,123.0,21.7,137.0,2,8000,0,0,0,0,0,0
CF,LBN,55.306972,61.517639,0,LBN,0.0,0.0,303.0,21.7,4,4350,3370,0,0,0,0,1
CF,D075J,55.309289,61.797569,2,LBN,75.1,9.6,92.0,9.0,0,0,0,0,0,0,0,1
CF,CF27,55.266994,61.785733,2,IKS,89.4,11.3,270.0,1.0,1,2050,0,0,0,0,0,0

APPTR,I27-Y,27,D2521
IF,D252V,55.278475,60.879022, ,0.0,0.0,2,8000,0,0,0,0,1,0
AF,D274V,55.418389,60.906497,2,LBN,274.0,22.0,252.0,2,8000,0,0,0,0,0,0
CF,LBN,55.306972,61.517639,0,LBN,0.0,0.0,94.0,22.0,4,4350,3370,0,0,0,0,1
CF,D070K,55.325497,61.825106,0,LBN,69.8,10.6,92.0,11.0,0,0,0,0,0,0,0,1
CF,CF27,55.266994,61.785733,2,IKS,89.4,11.3,270.0,1.0,1,2050,0,0,0,0,0,0

APPTR,I27-Y,27,D2522
IF,D252V,55.278475,60.879022, ,0.0,0.0,2,8000,0,0,0,0,1,0
AF,D274V,55.418389,60.906497,2,LBN,274.0,22.0,252.0,2,8000,0,0,0,0,0,0
CF,LBN,55.306972,61.517639,0,LBN,0.0,0.0,94.0,22.0,4,4350,3370,0,0,0,0,1
CF,D075J,55.309289,61.797569,0,LBN,75.1,9.6,92.0,10.0,0,0,0,0,0,0,0,1
CF,CF27,55.266994,61.785733,2,IKS,89.4,11.3,270.0,1.0,1,2050,0,0,0,0,0,0

FINAL,I27-Y,27,I,3
IF,CF27,55.266994,61.785733,IKS,89.4,11.3,1,2050,0,0,0,0,0,0
CF,FI27,55.286944,61.640000,0,IKS,89.5,6.2,270.0,5.1,1,2050,0,0,0,0,2,0
CF,RW27,55.302500,61.528056,0,IKS,89.4,2.2,270.0,4.0,1,789,0,0,0,0,3,0
FD,RW27,55.302500,61.528056,0,LBN,113.0,4.6,270.0,4.6,0,0,0,0,0,0,0,0
DF,LBN,55.306972,61.517639,2, ,0.0,0.0,2,3370,0,0,0,0,0,0

APPTR,I27-Z,27,CC316
IF,CC316,55.356336,61.863103, ,0.0,0.0,2,4350,0,0,0,0,1,0
TF,CC015,55.265994,61.789142,0,IKS,0.0,0.0,0.0,0.0,2,3040,0,0,0,0,1,0

FINAL,I27-Z,27,I,3
IF,CC015,55.265994,61.789142,IKS,89.6,11.4,2,3040,0,0,0,0,0,0
CF,FI27,55.286944,61.640000,0,IKS,89.5,6.2,270.0,5.3,1,2050,0,0,0,0,2,0
CF,RW27,55.302500,61.528056,0,IKS,89.4,2.2,270.0,4.0,1,789,0,0,0,0,3,0
FA,RW27,55.302500,61.528056,0,LBN,0.0,0.0,270.0,2,1400,0,0,0,0,0,0
DF,CC022,55.389600,61.639458,2, ,0.0,0.0,0,0,0,1,210,0,0,0
TF,CC316,55.356336,61.863103,0, ,0.0,0.0,0.0,0.0,2,4350,0,0,0,0,0,0

APPTR,J09,09,CC304
IF,CC304,55.425150,61.184425, ,0.0,0.0,2,4040,0,0,0,0,1,0
TF,CC003,55.337978,61.269461,0,G09A,0.0,0.0,0.0,0.0,2,2570,0,1,185,0,1,0

FINAL,J09,09,G,3
IF,CC003,55.337978,61.269461,G09A,0.0,0.0,2,2570,0,1,185,0,0,0
TF,CC705,55.324611,61.366583,0,G09A,0.0,0.0,90.0,3.4,1,2080,0,0,0,0,2,0
TF,RW09,55.309167,61.478889,0,G09A,0.0,0.0,90.0,4.0,1,811,0,0,0,0,3,1
CA,0,90.0,2,1420,0,0,0,0,0,0
DF,CC311,55.417514,61.580450,1, ,0.0,0.0,2,2730,0,1,185,0,0,0
TF,CC312,55.473486,61.338075,0, ,0.0,0.0,0.0,0.0,0,0,0,0,0,0,0,0
TF,CC304,55.425150,61.184425,0, ,0.0,0.0,0.0,0.0,2,4040,0,0,0,0,0,0

APPTR,J27,27,CC316
IF,CC316,55.356336,61.863103, ,0.0,0.0,2,4350,0,0,0,0,1,0
TF,CC015,55.265994,61.789142,0,G27A,0.0,0.0,0.0,0.0,2,3040,0,0,0,0,1,0

FINAL,J27,27,G,3
IF,CC015,55.265994,61.789142,G27A,0.0,0.0,2,3040,0,0,0,0,0,0
TF,CC111,55.286861,61.640000,0,G27A,0.0,0.0,270.0,5.3,1,2050,0,0,0,0,2,0
TF,RW27,55.302500,61.528056,0,G27A,0.0,0.0,270.0,4.0,1,789,0,0,0,0,3,1
CA,0,270.0,2,1400,0,0,0,0,0,0
DF,CC022,55.389600,61.639458,2, ,0.0,0.0,0,0,0,1,210,0,0,0
TF,CC316,55.356336,61.863103,0, ,0.0,0.0,0.0,0.0,2,4350,0,0,0,0,0,0

APPTR,N09-Z,09,LB1
IF,LB,55.317444,61.420000, ,0.0,0.0,4,4040,3390,1,225,0,1,0
FC,LB,55.317444,61.420000,0,LBN,0.0,0.0,298.0,5.2,2,2080,0,1,185,0,0,1
CF,CF09,55.333333,61.298333,1,LBN,268.0,7.7,90.0,1.0,2,2080,0,0,0,0,0,0

APPTR,N09-Z,09,LB2
IF,LB,55.317444,61.420000, ,0.0,0.0,4,4040,3390,1,225,0,1,0
FC,LB,55.317444,61.420000,0,LBN,0.0,0.0,288.0,5.0,2,2080,0,0,0,0,0,1
CF,CF09,55.333333,61.298333,1,LBN,268.0,7.7,90.0,1.0,2,2080,0,0,0,0,0,0

FINAL,N09-Z,09,N,3
IF,CF09,55.333333,61.298333,LB,0.0,0.0,2,2080,0,0,0,0,0,0
CF,FF09,55.324722,61.366389,0,LB,0.0,0.0,90.0,2.4,1,2080,0,0,0,0,2,0
CF,RW09,55.309167,61.478889,0,LB,0.0,0.0,90.0,4.0,1,811,0,0,0,0,3,0
FA,RW09,55.309167,61.478889,0,LBN,0.0,0.0,90.0,2,1750,0,0,0,0,0,0
DF,LB,55.317444,61.420000,1, ,0.0,0.0,2,3390,0,0,0,0,0,0

APPTR,Q09-X,09,D0711
IF,D071S,55.289128,60.877053, ,0.0,0.0,2,8000,0,0,0,0,1,0
AF,D094S,55.411914,60.903025,2,LBN,272.9,22.0,253.0,2,8000,0,0,0,0,0,0
CF,LB,55.317444,61.420000,0,LBN,266.7,3.4,94.0,18.6,4,4040,3390,1,225,0,0,1
CF,D314F,55.402556,61.326597,1,LBN,297.4,8.7,270.0,5.0,2,2240,0,1,195,0,0,1
CF,CF09,55.333333,61.298333,1,LBN,268.0,7.7,90.0,1.0,2,2240,0,0,0,0,0,0

APPTR,Q09-X,09,D0712
IF,D071S,55.289128,60.877053, ,0.0,0.0,2,8000,0,0,0,0,1,0
AF,D094S,55.411914,60.903025,2,LBN,272.9,22.0,253.0,2,8000,0,0,0,0,0,0
CF,LB,55.317444,61.420000,0,LBN,266.7,3.4,94.0,18.6,4,4040,3390,1,225,0,0,1
CF,D302F,55.385003,61.305106,1,LBN,288.9,8.7,270.0,5.0,2,2240,0,0,0,0,0,1
CF,CF09,55.333333,61.298333,1,LBN,268.0,7.7,90.0,1.0,2,2240,0,0,0,0,0,0

FINAL,Q09-X,09,N,3
IF,CF09,55.333333,61.298333,LB,0.0,0.0,2,2240,0,0,0,0,0,0
CF,FQ09,55.325000,61.366667,0,LB,0.0,0.0,90.0,2.4,1,2080,0,0,0,0,2,0
CF,RW09,55.309167,61.478889,0,LBN,0.0,1.3,90.0,4.0,1,811,0,0,0,0,3,0
FA,RW09,55.309167,61.478889,0,LBN,0.0,0.0,90.0,2,1750,0,0,0,0,0,0
DF,LB,55.317444,61.420000,1, ,0.0,0.0,2,3390,0,0,0,0,0,0

APPTR,Q09-Y,09,LB031
IF,LB036,54.804783,61.952056, ,0.0,0.0,2,8000,0,0,0,0,1,0
TF,D315X,54.977239,61.774861,0, ,0.0,0.0,0.0,0.0,2,8000,0,0,0,0,0,0
AF,D298Y,55.043069,61.948456,1,LBN,122.8,21.7,142.0,2,8000,0,0,0,0,0,0
CF,LB,55.317444,61.420000,0,LBN,266.7,3.4,298.0,24.6,4,4040,3390,1,185,0,0,0
FC,LB,55.317444,61.420000,0,LBN,0.0,0.0,298.0,5.2,2,2080,0,0,0,0,0,1
CF,CF09,55.333333,61.298333,1,LBN,268.0,7.7,90.0,1.0,2,2080,0,0,0,0,0,0

APPTR,Q09-Y,09,LB032
IF,LB036,54.804783,61.952056, ,0.0,0.0,2,8000,0,0,0,0,1,0
TF,D315X,54.977239,61.774861,0, ,0.0,0.0,0.0,0.0,2,8000,0,0,0,0,0,0
AF,D298Y,55.043069,61.948456,1,LBN,122.8,21.7,142.0,2,8000,0,0,0,0,0,0
CF,LB,55.317444,61.420000,0,LBN,266.7,3.4,298.0,24.6,4,4040,3390,0,0,0,0,0
FC,LB,55.317444,61.420000,0,LBN,0.0,0.0,288.0,4.9,2,2080,0,0,0,0,0,1
CF,CF09,55.333333,61.298333,1,LBN,268.0,7.7,90.0,1.0,2,2080,0,0,0,0,0,0

FINAL,Q09-Y,09,N,3
IF,CF09,55.333333,61.298333,LB,0.0,0.0,2,2080,0,0,0,0,0,0
CF,FQ09,55.325000,61.366667,0,LB,0.0,0.0,90.0,2.4,1,2080,0,0,0,0,2,0
CF,RW09,55.309167,61.478889,0,LBN,0.0,1.3,90.0,4.0,1,811,0,0,0,0,3,0
FA,RW09,55.309167,61.478889,0,LBN,0.0,0.0,90.0,2,1750,0,0,0,0,0,0
DF,LB,55.317444,61.420000,1, ,0.0,0.0,2,3390,0,0,0,0,0,0

APPTR,Q27-Z,27,D2511
IF,D251X,55.257008,60.882444, ,0.0,0.0,2,8000,0,0,0,0,1,0
AF,D273X,55.411494,60.901950,2,LBN,272.9,22.0,248.0,2,8000,0,0,0,0,0,0
CF,KS,55.294250,61.587056,0,LBN,93.8,2.5,93.0,24.5,4,4020,3370,0,0,0,0,1
CF,D239H,55.332292,61.800481,0,LBN,67.0,9.8,90.0,8.0,0,0,0,1,205,0,0,1
CF,CF27,55.266994,61.785733,2,LBN,90.5,9.5,270.0,1.0,1,2050,0,0,0,0,0,0

APPTR,Q27-Z,27,D2512
IF,D251X,55.257008,60.882444, ,0.0,0.0,2,8000,0,0,0,0,1,0
AF,D273X,55.411494,60.901950,2,LBN,272.9,22.0,248.0,2,8000,0,0,0,0,0,0
CF,KS,55.294250,61.587056,0,LBN,93.8,2.5,93.0,24.5,4,4020,3370,0,0,0,0,1
CF,D247G,55.312514,61.795025,0,LBN,73.9,9.5,90.0,8.0,0,0,0,0,0,0,0,1
CF,CF27,55.266994,61.785733,2,LBN,90.5,9.5,270.0,1.0,1,2050,0,0,0,0,0,0

APPTR,Q27-Z,27,LBN21
IF,LBN28,54.895883,61.923783, ,0.0,0.0,2,8000,0,0,0,0,0,0
TF,D140V,54.996539,61.839408,0, ,0.0,0.0,0.0,0.0,0,0,0,0,0,0,0,0
AF,D127V,55.040797,61.943725,1,LBN,123.3,21.7,135.0,2,8000,0,0,0,0,0,0
CF,KS,55.294250,61.587056,0,LBN,93.8,2.5,307.0,19.6,4,4020,3370,0,0,0,0,1
CF,D239H,55.332292,61.800481,2,LBN,67.0,9.8,90.0,6.0,0,0,0,1,205,0,0,1
CF,CF27,55.266994,61.785733,2,LBN,90.5,9.5,270.0,1.0,1,2050,0,0,0,0,0,0

APPTR,Q27-Z,27,LBN22
IF,LBN28,54.895883,61.923783, ,0.0,0.0,2,8000,0,0,0,0,1,0
TF,D140V,54.996539,61.839408,0, ,0.0,0.0,0.0,0.0,0,0,0,0,0,0,0,0
AF,D127V,55.040797,61.943725,1,LBN,123.3,21.7,135.0,2,8000,0,0,0,0,0,0
CF,KS,55.294250,61.587056,0,LBN,93.8,2.5,307.0,19.6,4,4020,3370,0,0,0,0,1
CF,D247G,55.312514,61.795025,2,LBN,73.9,9.5,90.0,6.0,0,0,0,0,0,0,0,1
CF,CF27,55.266994,61.785733,2,LBN,90.5,9.5,270.0,1.0,1,2050,0,0,0,0,0,0

FINAL,Q27-Z,27,N,3
IF,CF27,55.266994,61.785733,KS,0.0,0.0,1,2050,0,0,0,0,0,0
CF,FQ27,55.286944,61.640278,0,KS,0.0,0.0,270.0,5.1,1,2050,0,0,0,0,2,0
CF,RW27,55.302500,61.528056,0,LBN,0.0,0.4,270.0,4.0,1,789,0,0,0,0,3,0
CA,0,270.0,2,1730,0,1,205,0,0,0
DF,KS,55.294250,61.587056,2, ,0.0,0.0,2,3370,0,0,0,0,0,0

APPTR,R09,09,CC304
IF,CC304,55.425150,61.184425, ,0.0,0.0,2,4040,0,0,0,0,1,0
TF,CC003,55.337978,61.269461,0, ,0.0,0.0,0.0,0.0,2,2570,0,1,185,0,1,0

FINAL,R09,09,R,3
IF,CC003,55.337978,61.269461, ,0.0,0.0,2,2570,0,1,185,0,0,0
TF,CC702,55.324744,61.365714,0, ,0.0,0.0,90.0,3.4,1,2080,0,0,0,0,2,0
TF,RW09,55.309167,61.478889,0, ,0.0,0.0,90.0,4.0,1,811,0,0,0,0,3,1
CF,CC010,55.292703,61.598031,0,LBN,93.3,2.9,90.0,4.2,0,0,0,0,0,0,0,0
TF,CC311,55.417514,61.580450,1, ,0.0,0.0,0.0,0.0,2,2730,0,1,185,0,0,0
TF,CC312,55.473486,61.338075,0, ,0.0,0.0,0.0,0.0,0,0,0,0,0,0,0,0
TF,CC304,55.425150,61.184425,0, ,0.0,0.0,0.0,0.0,2,4040,0,0,0,0,0,0

APPTR,R27,27,CC316
IF,CC316,55.356336,61.863103, ,0.0,0.0,2,4350,0,0,0,0,1,0
TF,CC015,55.265994,61.789142,0, ,0.0,0.0,0.0,0.0,2,3040,0,0,0,0,1,0

FINAL,R27,27,R,3
IF,CC015,55.265994,61.789142, ,0.0,0.0,2,3040,0,0,0,0,1,0
TF,CC114,55.286819,61.640336,0, ,0.0,0.0,270.0,5.3,1,2050,0,0,0,0,2,0
TF,RW27,55.302500,61.528056,0, ,0.0,0.0,270.0,4.0,1,789,0,0,0,0,3,1
TF,CC121,55.314128,61.442925,0, ,0.0,0.0,0.0,0.0,0,0,0,0,0,0,0,1
DF,CC022,55.389600,61.639458,2, ,0.0,0.0,0,0,0,1,210,0,0,0
TF,CC316,55.356336,61.863103,0, ,0.0,0.0,0.0,7.9,2,4350,0,0,0,0,0,0

