SID,GINOR1,01,2
CA,0,11.0,2,1190,0,0,0,0,0,0
DF,MD,56.793833,53.427444,2, ,0.0,0.0,2,3490,0,0,0,0,0,0
TF,GINOR,56.643333,53.081667,0, ,0.0,0.0,0.0,0.0,2,5000,0,0,0,0,0,0

SID,GINOR3,19,2
CA,0,191.0,2,1160,0,0,0,0,0,0
CI,0, ,0.0,234.0,0,0,0,0,0,0,0,0
CF,GINOR,56.643333,53.081667,0,KZN,49.4,142.3,210.0,13.0,2,5000,0,0,0,0,0,0

SID,KOSID1,01,2
CA,0,11.0,2,1190,0,0,0,0,0,0
CI,2, ,0.0,105.0,0,0,0,0,0,0,0,0
CF,KOSID,56.850000,54.111667,0,KZN,50.2,178.5,67.0,14.0,2,5000,0,0,0,0,0,0

SID,KOSID3,19,2
CA,0,191.0,2,1160,0,0,0,0,0,0
CI,1, ,0.0,35.0,0,0,0,0,0,0,0,0
CF,KOSID,56.850000,54.111667,0,KZN,50.2,178.5,81.0,13.0,2,5000,0,0,0,0,0,0

SID,KUREB1,01,2
CA,0,11.0,2,1190,0,0,0,0,0,0
CI,0, ,0.0,64.0,0,0,0,0,0,0,0,0
CF,KUREB,57.058333,53.968333,0,KZN,46.0,179.5,34.0,17.0,2,5000,0,0,0,0,0,0

SID,KUREB3,19,2
CA,0,191.0,2,1160,0,0,0,0,0,0
DF,LV,56.881861,53.502472,1, ,0.0,0.0,2,3490,0,0,0,0,0,1
CI,2, ,0.0,71.0,0,0,0,0,0,0,0,0
CF,KUREB,57.058333,53.968333,0,KZN,46.0,179.5,41.0,13.0,2,5000,0,0,0,0,0,0

SID,MOKNA1,01,2
CA,0,11.0,2,1190,0,0,0,0,0,0
DF,MD,56.793833,53.427444,2, ,0.0,0.0,2,3490,0,0,0,0,0,0
TF,MOKNA,56.833333,52.933333,0, ,0.0,0.0,0.0,0.0,2,5000,0,0,0,0,0,0

SID,MOKNA3,19,2
CA,0,191.0,2,1160,0,0,0,0,0,0
DF,LV,56.881861,53.502472,1, ,0.0,0.0,2,3490,0,0,0,0,0,1
CI,1, ,0.0,218.0,0,0,0,0,0,0,0,0
CF,MOKNA,56.833333,52.933333,0,PER,223.3,119.9,247.0,15.0,2,5000,0,0,0,0,0,0

SID,ODEMA1,01,2
CA,0,11.0,2,1190,0,0,0,0,0,0
CI,2, ,0.0,166.0,0,0,0,0,0,0,0,0
CF,ODEMA,56.501667,53.864444,0,KZN,55.9,163.6,126.0,15.0,2,7000,0,0,0,0,0,0

SID,ODEMA3,19,2
CA,0,191.0,2,1160,0,0,0,0,0,0
CI,0, ,0.0,108.0,0,0,0,0,0,0,0,0
CF,ODEMA,56.501667,53.864444,0,KZN,55.9,163.6,138.0,16.0,2,7000,0,0,0,0,0,0

SID,SUBEL1,01,2
CA,0,11.0,2,1190,0,0,0,0,0,0
CF,SUBEL,57.126667,53.778333,0,KZN,43.8,175.9,16.0,20.0,2,5000,0,0,0,0,0,0

SID,SUBEL3,19,2
CA,0,191.0,2,1160,0,0,0,0,0,0
DF,LV,56.881861,53.502472,1, ,0.0,0.0,2,3490,0,0,0,0,0,1
TF,SUBEL,57.126667,53.778333,0, ,0.0,0.0,0.0,0.0,2,5000,0,0,0,0,0,0

SID,SUBIK1,01,2
CA,0,11.0,2,1190,0,0,0,0,0,0
DF,MD,56.793833,53.427444,2, ,0.0,0.0,2,3490,0,0,0,0,0,0
TF,LEBMA,56.511667,53.185000,0, ,0.0,0.0,0.0,0.0,2,5000,0,0,0,0,0,0
TF,SUBIK,56.450278,52.715000,0, ,0.0,0.0,0.0,0.0,0,0,0,0,0,0,0,0

SID,SUBIK3,19,2
CA,0,191.0,2,1160,0,0,0,0,0,0
CF,LEBMA,56.511667,53.185000,0,KZN,52.9,142.4,191.0,21.0,2,5000,0,0,0,0,0,0
TF,SUBIK,56.450278,52.715000,0, ,0.0,0.0,0.0,0.0,0,0,0,0,0,0,0,0

SID,UROK1A,01,2
CA,0,11.0,2,3820,0,0,0,0,0,0
CF,UROKI,57.070000,52.938333,1,KZN,39.8,150.8,277.0,20.0,2,5000,0,0,0,0,0,0

SID,UROKI1,01,2
CA,0,11.0,2,1190,0,0,0,0,0,0
CI,1, ,0.0,262.0,0,0,0,0,0,0,0,0
CF,UROKI,57.070000,52.938333,0,KZN,39.8,150.8,302.0,14.0,2,5000,0,0,0,0,0,0

SID,UROKI3,19,2
CA,0,191.0,2,1160,0,0,0,0,0,0
DF,LV,56.881861,53.502472,1, ,0.0,0.0,2,3490,0,0,0,0,0,1
TF,UROKI,57.070000,52.938333,0, ,0.0,0.0,0.0,0.0,2,5000,0,0,0,0,0,0

STAR,GINOR2,01,2
IF,GINOR,56.643333,53.081667, ,0.0,0.0,2,8000,0,0,0,0,0,0
TF,M,56.815167,53.445556,0, ,0.0,0.0,0.0,0.0,2,3490,0,0,0,0,0,1
DF,D122E,56.761667,53.540000,2, ,0.0,0.0,1,2180,0,0,0,0,0,0
TF,D160H,56.658333,53.453333,0, ,0.0,0.0,0.0,0.0,1,2180,0,0,0,0,0,1
CF,D181H,56.661667,53.365000,0,KZN,50.5,151.3,281.0,2.0,1,2180,0,0,0,0,0,1
CF,CF01,56.699444,53.347222,0,KZN,49.6,151.7,11.0,1.0,1,2180,0,0,0,0,0,0

STAR,GINOR4,19,2
IF,GINOR,56.643333,53.081667, ,0.0,0.0,2,8000,0,0,0,0,0,0
TF,D103D,56.850000,53.615000,0, ,0.0,0.0,0.0,0.0,1,2140,0,0,0,0,0,0
TF,D046H,56.941667,53.695000,0, ,0.0,0.0,0.0,0.0,1,2140,0,0,0,0,0,1
CF,D023G,56.976667,53.633333,0,KZN,45.7,167.5,281.0,2.0,1,2140,0,0,0,0,0,1
CF,CF19,56.965278,53.573611,0,KZN,45.6,165.4,191.0,1.0,1,2140,0,0,0,0,0,0

STAR,GINOR5,01,2
IF,GINOR,56.643333,53.081667, ,0.0,0.0,2,5000,0,0,0,0,0,0
TF,MD,56.793833,53.427444,0, ,0.0,0.0,0.0,0.0,0,0,0,0,0,0,0,0

STAR,GINOR6,19,2
IF,GINOR,56.643333,53.081667, ,0.0,0.0,2,5000,0,0,0,0,0,0
TF,LV,56.881861,53.502472,0, ,0.0,0.0,0.0,0.0,0,0,0,0,0,0,0,0

STAR,KOSID2,01,2
IF,KOSID,56.850000,54.111667, ,0.0,0.0,4,7000,5000,0,0,0,0,0
TF,D163I,56.651667,53.441667,0, ,0.0,0.0,0.0,0.0,1,2180,0,0,0,0,0,1
CF,D181H,56.661667,53.365000,0,KZN,50.5,151.3,281.0,2.0,1,2180,0,0,0,0,0,1
CF,CF01,56.699444,53.347222,0,KZN,49.6,151.7,11.0,1.0,1,2180,0,0,0,0,0,0

STAR,KOSID4,19,2
IF,KOSID,56.850000,54.111667, ,0.0,0.0,4,7000,5000,0,0,0,0,0
TF,D035H,56.965000,53.678333,0, ,0.0,0.0,0.0,0.0,1,2140,0,0,0,0,0,0
TF,D023G,56.976667,53.633333,0, ,0.0,0.0,0.0,0.0,1,2140,0,0,0,0,0,1
CF,CF19,56.965278,53.573611,0,KZN,45.6,165.4,191.0,1.0,1,2140,0,0,0,0,0,0

STAR,KOSID5,01,2
IF,KOSID,56.850000,54.111667, ,0.0,0.0,2,5000,0,0,0,0,0,0
TF,MD,56.793833,53.427444,0, ,0.0,0.0,0.0,0.0,0,0,0,0,0,0,0,0

STAR,KOSID6,19,2
IF,KOSID,56.850000,54.111667, ,0.0,0.0,2,5000,0,0,0,0,0,0
TF,LV,56.881861,53.502472,0, ,0.0,0.0,0.0,0.0,0,0,0,0,0,0,0,0

STAR,KUREB2,01,2
IF,KUREB,57.058333,53.968333, ,0.0,0.0,4,7000,5000,0,0,0,0,0
TF,D122E,56.761667,53.540000,0, ,0.0,0.0,0.0,0.0,1,2180,0,0,0,0,0,0
TF,D160H,56.658333,53.453333,0, ,0.0,0.0,0.0,0.0,1,2180,0,0,0,0,0,1
CF,D181H,56.661667,53.365000,0,KZN,50.5,151.3,281.0,2.0,1,2180,0,0,0,0,0,1
CF,CF01,56.699444,53.347222,0,KZN,49.6,151.7,11.0,1.0,1,2180,0,0,0,0,0,0

STAR,KUREB4,19,2
IF,KUREB,57.058333,53.968333, ,0.0,0.0,4,7000,5000,0,0,0,0,0
TF,D014G,56.978333,53.596667,0, ,0.0,0.0,0.0,0.0,1,2140,0,0,0,0,0,1
CF,CF19,56.965278,53.573611,0,KZN,45.6,165.4,191.0,1.0,1,2140,0,0,0,0,0,0

STAR,KUREB5,01,2
IF,KUREB,57.058333,53.968333, ,0.0,0.0,2,5000,0,0,0,0,0,0
TF,MD,56.793833,53.427444,0, ,0.0,0.0,0.0,0.0,0,0,0,0,0,0,0,0

STAR,KUREB6,19,2
IF,KUREB,57.058333,53.968333, ,0.0,0.0,2,5000,0,0,0,0,0,0
TF,LV,56.881861,53.502472,0, ,0.0,0.0,0.0,0.0,0,0,0,0,0,0,0,0

STAR,MOKNA2,01,2
IF,MOKNA,56.833333,52.933333, ,0.0,0.0,4,7000,5000,0,0,0,0,0
TF,M,56.815167,53.445556,0, ,0.0,0.0,0.0,0.0,2,3490,0,0,0,0,0,0
TF,D162I,56.665000,53.453333,0, ,0.0,0.0,0.0,0.0,1,2180,0,0,0,0,0,1
CF,D181H,56.661667,53.365000,2,KZN,50.5,151.3,281.0,2.0,1,2180,0,0,0,0,0,1
CF,CF01,56.699444,53.347222,0,KZN,49.6,151.7,11.0,1.0,1,2180,0,0,0,0,0,0

STAR,MOKNA4,19,2
IF,MOKNA,56.833333,52.933333, ,0.0,0.0,4,7000,5000,0,0,0,0,0
TF,L,56.854250,53.478917,0, ,0.0,0.0,0.0,0.0,2,3490,0,0,0,0,0,0
TF,D046H,56.941667,53.695000,0, ,0.0,0.0,0.0,0.0,1,2140,0,0,0,0,0,1
CF,D023G,56.976667,53.633333,1,KZN,45.7,167.5,281.0,2.0,1,2140,0,0,0,0,0,1
CF,CF19,56.965278,53.573611,0,KZN,45.6,165.4,191.0,1.0,1,2140,0,0,0,0,0,0

STAR,MOKNA5,01,2
IF,MOKNA,56.833333,52.933333, ,0.0,0.0,2,5000,0,0,0,0,0,0
TF,MD,56.793833,53.427444,0, ,0.0,0.0,0.0,0.0,0,0,0,0,0,0,0,0

STAR,MOKNA6,19,2
IF,MOKNA,56.833333,52.933333, ,0.0,0.0,2,5000,0,0,0,0,0,0
TF,LV,56.881861,53.502472,0, ,0.0,0.0,0.0,0.0,0,0,0,0,0,0,0,0

STAR,ODEMA2,01,2
IF,ODEMA,56.501667,53.864444, ,0.0,0.0,4,20000,7000,0,0,0,0,0
TF,D181H,56.661667,53.365000,0, ,0.0,0.0,0.0,0.0,1,2180,0,0,0,0,0,1
CF,CF01,56.699444,53.347222,0,KZN,49.6,151.7,11.0,1.0,1,2180,0,0,0,0,0,0

STAR,ODEMA4,19,2
IF,ODEMA,56.501667,53.864444, ,0.0,0.0,4,20000,7000,0,0,0,0,0
TF,D043H,56.951667,53.696667,0, ,0.0,0.0,0.0,0.0,1,2140,0,0,0,0,0,1
CF,D023G,56.976667,53.633333,0,KZN,45.7,167.5,281.0,2.0,1,2140,0,0,0,0,0,1
CF,CF19,56.965278,53.573611,0,KZN,45.6,165.4,191.0,1.0,1,2140,0,0,0,0,0,0

STAR,ODEMA5,01,2
IF,ODEMA,56.501667,53.864444, ,0.0,0.0,2,7000,0,0,0,0,0,0
TF,MD,56.793833,53.427444,0, ,0.0,0.0,0.0,0.0,0,0,0,0,0,0,0,0

STAR,ODEMA6,19,2
IF,ODEMA,56.501667,53.864444, ,0.0,0.0,2,7000,0,0,0,0,0,0
TF,LV,56.881861,53.502472,0, ,0.0,0.0,0.0,0.0,0,0,0,0,0,0,0,0

STAR,SUBEL2,01,2
IF,SUBEL,57.126667,53.778333, ,0.0,0.0,4,7000,5000,0,0,0,0,0
TF,D122E,56.761667,53.540000,0, ,0.0,0.0,0.0,0.0,1,2180,0,0,0,0,0,0
TF,D160H,56.658333,53.453333,0, ,0.0,0.0,0.0,0.0,1,2180,0,0,0,0,0,1
CF,D181H,56.661667,53.365000,0,KZN,50.5,151.3,281.0,2.0,1,2180,0,0,0,0,0,1
CF,CF01,56.699444,53.347222,0,KZN,49.6,151.7,11.0,1.0,1,2180,0,0,0,0,0,0

STAR,SUBEL4,19,2
IF,SUBEL,57.126667,53.778333, ,0.0,0.0,4,7000,5000,0,0,0,0,0
TF,D011F,56.973333,53.580000,0, ,0.0,0.0,0.0,0.0,1,2140,0,0,0,0,0,1
CF,CF19,56.965278,53.573611,0,KZN,45.6,165.4,191.0,1.0,1,2140,0,0,0,0,0,0

STAR,SUBEL5,01,2
IF,SUBEL,57.126667,53.778333, ,0.0,0.0,2,5000,0,0,0,0,0,0
TF,MD,56.793833,53.427444,0, ,0.0,0.0,0.0,0.0,0,0,0,0,0,0,0,0

STAR,SUBEL6,19,2
IF,SUBEL,57.126667,53.778333, ,0.0,0.0,2,5000,0,0,0,0,0,0
TF,LV,56.881861,53.502472,0, ,0.0,0.0,0.0,0.0,0,0,0,0,0,0,0,0

STAR,SUBIK2,01,2
IF,SUBIK,56.450278,52.715000, ,0.0,0.0,0,0,0,0,0,0,0,0
TF,LEBMA,56.511667,53.185000,0, ,0.0,0.0,0.0,0.0,4,7000,5000,0,0,0,0,0
TF,CF01,56.699444,53.347222,0, ,0.0,0.0,0.0,0.0,1,2180,0,0,0,0,0,0

STAR,SUBIK4,19,2
IF,SUBIK,56.450278,52.715000, ,0.0,0.0,0,0,0,0,0,0,0,0
TF,LEBMA,56.511667,53.185000,0, ,0.0,0.0,0.0,0.0,4,7000,5000,0,0,0,0,0
TF,D103D,56.850000,53.615000,0, ,0.0,0.0,0.0,0.0,1,2140,0,0,0,0,0,0
TF,D046H,56.941667,53.695000,0, ,0.0,0.0,0.0,0.0,1,2140,0,0,0,0,0,1
CF,D023G,56.976667,53.633333,0,KZN,45.7,167.5,281.0,2.0,1,2140,0,0,0,0,0,1
CF,CF19,56.965278,53.573611,0,KZN,45.6,165.4,191.0,1.0,1,2140,0,0,0,0,0,0

STAR,SUBIK5,01,2
IF,SUBIK,56.450278,52.715000, ,0.0,0.0,0,0,0,0,0,0,0,0
TF,LEBMA,56.511667,53.185000,0, ,0.0,0.0,0.0,0.0,2,5000,0,0,0,0,0,0
TF,MD,56.793833,53.427444,0, ,0.0,0.0,0.0,0.0,0,0,0,0,0,0,0,0

STAR,SUBIK6,19,2
IF,SUBIK,56.450278,52.715000, ,0.0,0.0,0,0,0,0,0,0,0,0
TF,LEBMA,56.511667,53.185000,0, ,0.0,0.0,0.0,0.0,2,5000,0,0,0,0,0,0
TF,LV,56.881861,53.502472,0, ,0.0,0.0,0.0,0.0,0,0,0,0,0,0,0,0

STAR,UROKI2,01,2
IF,UROKI,57.070000,52.938333, ,0.0,0.0,4,7000,5000,0,0,0,0,0
TF,M,56.815167,53.445556,0, ,0.0,0.0,0.0,0.0,2,3490,0,0,0,0,0,0
TF,D162I,56.665000,53.453333,0, ,0.0,0.0,0.0,0.0,1,2180,0,0,0,0,0,1
CF,D181H,56.661667,53.365000,2,KZN,50.5,151.3,281.0,2.0,1,2180,0,0,0,0,0,1
CF,CF01,56.699444,53.347222,0,KZN,49.6,151.7,11.0,1.0,1,2180,0,0,0,0,0,0

STAR,UROKI4,19,2
IF,UROKI,57.070000,52.938333, ,0.0,0.0,4,7000,5000,0,0,0,0,0
TF,D352G,57.001667,53.526667,0, ,0.0,0.0,0.0,0.0,1,2140,0,0,0,0,0,1
CF,CF19,56.965278,53.573611,2,KZN,45.6,165.4,191.0,1.0,1,2140,0,0,0,0,0,0

STAR,UROKI5,01,2
IF,UROKI,57.070000,52.938333, ,0.0,0.0,2,5000,0,0,0,0,0,0
TF,MD,56.793833,53.427444,0, ,0.0,0.0,0.0,0.0,0,0,0,0,0,0,0,0

STAR,UROKI6,19,2
IF,UROKI,57.070000,52.938333, ,0.0,0.0,2,5000,0,0,0,0,0,0
TF,LV,56.881861,53.502472,0, ,0.0,0.0,0.0,0.0,0,0,0,0,0,0,0,0

FINAL,I01,01,I,3
IF,CF01,56.699444,53.347222,IMD,191.1,10.0,1,2180,0,0,0,0,0,0
CF,FF01,56.749722,53.390000,0,IMD,191.0,6.7,11.0,3.3,1,2180,0,0,0,0,2,0
CF,RW01,56.824981,53.453886,0,IMD,191.0,1.7,11.0,5.0,1,588,0,0,0,0,3,0
CA,0,11.0,2,1190,0,0,0,0,0,0
VM,0,0,2,191.0,1,2180,0,0,0,0,0,0

FINAL,I19,19,I,3
IF,CF19,56.965278,53.573611,ILV,11.0,9.5,1,2140,0,0,0,0,0,0
CF,FF19,56.920556,53.535278,0,ILV,11.0,6.6,191.0,3.0,1,2140,0,0,0,0,2,0
CF,RW19,56.845325,53.471206,0,ILV,11.0,1.6,191.0,5.0,1,548,0,0,0,0,3,0
CA,0,191.0,2,1160,0,0,0,0,0,0
VM,0,0,1,11.0,1,2140,0,0,0,0,0,0

FINAL,N01,01,N,4
IF,CF01,56.699444,53.347222,MD,0.0,0.0,1,2180,0,0,0,0,0,0
CF,FF01,56.749722,53.390000,0,MD,0.0,0.0,11.0,3.3,1,2180,0,0,0,0,2,0
CF,MD,56.793833,53.427444,0,MD,0.0,0.0,11.0,2.9,2,1240,0,0,0,0,0,0
CF,M,56.815167,53.445556,0,MD,0.0,0.0,11.0,1.4,1,795,0,0,0,0,3,0
CA,0,11.0,2,1190,0,0,0,0,0,0
VM,0,0,2,191.0,1,2180,0,0,0,0,0,0

FINAL,N19,19,N,4
IF,CF19,56.965278,53.573611,LV,0.0,0.0,1,2140,0,0,0,0,0,0
CF,FF19,56.920556,53.535278,0,LV,0.0,0.0,191.0,3.0,1,2140,0,0,0,0,2,0
CF,LV,56.881861,53.502472,0,LV,0.0,0.0,191.0,2.6,2,1320,0,0,0,0,0,0
CF,L,56.854250,53.478917,0,LV,0.0,0.0,191.0,1.8,1,736,0,0,0,0,3,0
CA,0,191.0,2,1160,0,0,0,0,0,0
VM,0,0,1,11.0,1,2140,0,0,0,0,0,0

