SID,ARL02C,02,2
CA,0,17.0,2,900,0,0,0,0,0,0
CF,ARLAD,55.510278,66.361944,0,LBN,69.8,166.1,77.0,31.0,2,7000,0,0,0,0,0,0

SID,ARL20C,20,2
CA,0,197.0,2,890,0,0,0,0,0,0
CF,ARLAD,55.510278,66.361944,1,LBN,69.8,166.1,63.0,31.0,2,7000,0,0,0,0,0,0

SID,BAG02C,02,2
CA,0,17.0,2,900,0,0,0,0,0,0
CF,BAGER,56.013333,65.384722,0,LBN,56.6,138.4,343.0,30.0,2,7000,0,0,0,0,0,0

SID,BAG20C,20,2
CA,0,197.0,2,890,0,0,0,0,0,0
CF,UN,55.517972,65.458944,1,LBN,69.0,135.4,327.0,4.0,2,4000,0,0,0,0,0,0
TF,BAGER,56.013333,65.384722,0, ,0.0,0.0,0.0,0.0,2,7000,0,0,0,0,0,0

SID,DON02C,02,2
CA,0,17.0,2,900,0,0,0,0,0,0
CF,DONUS,54.996944,64.933611,2,LBN,83.6,119.0,203.0,36.0,2,6000,0,0,0,0,0,0

SID,DON20C,20,2
CA,0,197.0,2,890,0,0,0,0,0,0
CF,D198I,55.387778,65.324722,0,LBN,72.3,130.5,197.0,4.0,2,2210,0,0,0,0,0,0
TF,DONUS,54.996944,64.933611,0, ,0.0,0.0,0.0,0.0,2,6000,0,0,0,0,0,0

SID,OKN02C,02,2
CA,0,17.0,2,900,0,0,0,0,0,0
CF,RD,55.434361,65.373583,2,LBN,71.1,132.2,247.0,4.0,2,4000,0,0,0,0,0,0
TF,OKUNA,55.593611,64.488611,0, ,0.0,0.0,0.0,0.0,2,6000,0,0,0,0,0,0

SID,OKN02D,02,2
CA,0,17.0,2,900,0,0,0,0,0,0
CF,OKUNA,55.593611,64.488611,1,LBN,65.1,103.0,261.0,31.0,2,6000,0,0,0,0,0,0

SID,OKN20C,20,2
CA,0,197.0,2,890,0,0,0,0,0,0
CF,D198I,55.387778,65.324722,0,LBN,72.3,130.5,197.0,4.0,2,2210,0,0,0,0,0,1
CF,OKUNA,55.593611,64.488611,0,LBN,65.1,103.0,285.0,30.0,2,6000,0,0,0,0,0,0

SID,OKN20D,20,2
CA,0,197.0,2,890,0,0,0,0,0,0
CF,UN,55.517972,65.458944,1,LBN,69.0,135.4,327.0,4.0,2,4000,0,0,0,0,0,1
CF,OKUNA,55.593611,64.488611,0,LBN,65.1,103.0,263.0,32.0,2,6000,0,0,0,0,0,0

STAR,ARL02A,02,2
IF,ARLAD,55.510278,66.361944, ,0.0,0.0,2,6000,0,0,0,0,0,0
TF,D168H,55.303333,65.368056,0, ,0.0,0.0,0.0,0.0,1,1880,0,0,0,0,0,1
CF,CF02,55.358889,65.294167,2,LBN,73.1,129.4,17.0,1.0,1,1880,0,0,0,0,0,0

STAR,ARL20A,20,2
IF,ARLAD,55.510278,66.361944, ,0.0,0.0,2,6000,0,0,0,0,0,0
TF,D031G,55.602500,65.605278,0, ,0.0,0.0,0.0,0.0,1,1550,0,0,0,0,0,1
CF,CF20,55.586111,65.534444,0,LBN,67.3,138.1,197.0,1.0,1,1550,0,0,0,0,0,0

STAR,BAG02A,02,2
IF,BAGER,56.013333,65.384722, ,0.0,0.0,2,6000,0,0,0,0,0,0
TF,D018F,55.517222,65.462222,0, ,0.0,0.0,0.0,0.0,0,0,0,0,0,0,0,0
CF,RD,55.434361,65.373583,0,LBN,71.1,132.2,201.0,5.0,1,2870,0,0,0,0,0,0
TF,D152E,55.347778,65.411667,0, ,0.0,0.0,0.0,0.0,1,1880,0,0,0,0,0,1
CF,CF02,55.358889,65.294167,2,LBN,73.1,129.4,17.0,1.0,1,1880,0,0,0,0,0,0

STAR,BAG02B,02,2
IF,BAGER,56.013333,65.384722, ,0.0,0.0,2,6000,0,0,0,0,0,0
TF,RD,55.434361,65.373583,0, ,0.0,0.0,0.0,0.0,1,2870,0,0,0,0,0,0
TF,D152E,55.347778,65.411667,0, ,0.0,0.0,0.0,0.0,1,1880,0,0,0,0,0,1
CF,CF02,55.358889,65.294167,2,LBN,73.1,129.4,17.0,1.0,1,1880,0,0,0,0,0,0

STAR,BAG20A,20,2
IF,BAGER,56.013333,65.384722, ,0.0,0.0,2,6000,0,0,0,0,0,0
TF,D010F,55.611667,65.528333,0, ,0.0,0.0,0.0,0.0,1,1550,0,0,0,0,0,1
CF,CF20,55.586111,65.534444,0,LBN,67.4,138.3,197.0,1.0,1,1550,0,0,0,0,0,0

STAR,BKT02A,02,2
IF,BEKAT,55.475278,64.465278, ,0.0,0.0,2,7000,0,0,0,0,0,0
TF,D211H,55.345000,65.221111,0, ,0.0,0.0,0.0,0.0,1,2210,0,0,0,0,0,1
CF,CF02,55.358889,65.294167,0,LBN,73.1,129.4,17.0,1.0,1,1880,0,0,0,0,0,0

STAR,BKT02B,02,2
IF,BEKAT,55.475278,64.465278, ,0.0,0.0,2,7000,0,0,0,0,0,0
TF,RD,55.434361,65.373583,0, ,0.0,0.0,0.0,0.0,1,2870,0,0,0,0,0,0

STAR,BKT20A,20,2
IF,BEKAT,55.475278,64.465278, ,0.0,0.0,2,7000,0,0,0,0,0,0
TF,D311M,55.686667,65.243333,0, ,0.0,0.0,0.0,0.0,2,4000,0,0,0,0,0,0
TF,D352G,55.640000,65.480000,0, ,0.0,0.0,0.0,0.0,1,1880,0,0,0,0,0,1
DF,D010F,55.611667,65.528333,0, ,0.0,0.0,1,1550,0,0,0,0,0,1
CF,CF20,55.586111,65.534444,0,LBN,67.4,138.3,197.0,1.0,1,1550,0,0,0,0,0,0

STAR,BKT20B,20,2
IF,BEKAT,55.475278,64.465278, ,0.0,0.0,2,7000,0,0,0,0,0,0
TF,UN,55.517972,65.458944,0, ,0.0,0.0,0.0,0.0,1,2870,0,0,0,0,0,0

STAR,DON02A,02,2
IF,DONUS,54.996944,64.933611, ,0.0,0.0,2,7000,0,0,0,0,0,0
TF,CF02,55.358889,65.294167,0, ,0.0,0.0,0.0,0.0,1,1880,0,0,0,0,0,0

STAR,DON20A,20,2
IF,DONUS,54.996944,64.933611, ,0.0,0.0,2,7000,0,0,0,0,0,0
TF,UN,55.517972,65.458944,0, ,0.0,0.0,0.0,0.0,1,2870,0,0,0,0,0,0

STAR,OKN02A,02,2
IF,OKUNA,55.593611,64.488611, ,0.0,0.0,2,7000,0,0,0,0,0,0
TF,D215H,55.348889,65.206667,0, ,0.0,0.0,0.0,0.0,1,2210,0,0,0,0,0,1
CF,CF02,55.358889,65.294167,1,LBN,73.1,129.4,17.0,1.0,1,1880,0,0,0,0,0,0

STAR,OKN02B,02,2
IF,OKUNA,55.593611,64.488611, ,0.0,0.0,2,7000,0,0,0,0,0,0
TF,RD,55.434361,65.373583,0, ,0.0,0.0,0.0,0.0,1,2870,0,0,0,0,0,0

STAR,OKN20A,20,2
IF,OKUNA,55.593611,64.488611, ,0.0,0.0,2,7000,0,0,0,0,0,0
TF,D311M,55.686667,65.243333,0, ,0.0,0.0,0.0,0.0,2,4000,0,0,0,0,0,0
TF,D352G,55.640000,65.480000,0, ,0.0,0.0,0.0,0.0,1,1880,0,0,0,0,0,1
DF,D010F,55.611667,65.528333,0, ,0.0,0.0,1,1550,0,0,0,0,0,1
CF,CF20,55.586111,65.534444,0,LBN,67.4,138.3,197.0,1.0,1,1550,0,0,0,0,0,0

STAR,OKN20B,20,2
IF,OKUNA,55.593611,64.488611, ,0.0,0.0,2,7000,0,0,0,0,0,0
TF,UN,55.517972,65.458944,0, ,0.0,0.0,0.0,0.0,1,2870,0,0,0,0,0,0

APPTR,I02,02,RD1
IF,RD,55.434361,65.373583, ,0.0,0.0,1,2870,0,0,0,0,1,0
CF,D152E,55.347778,65.411667,0,RD,152.9,5.4,152.0,5.4,1,1880,0,0,0,0,0,0
TF,D158G,55.320833,65.405278,0, ,0.0,0.0,0.0,0.0,1,1880,0,0,0,0,0,1
CF,CF02,55.358889,65.294167,2,IRD,197.6,9.0,17.0,4.0,1,1880,0,0,0,0,0,0

APPTR,I02,02,RD2
IF,RD,55.434361,65.373583, ,0.0,0.0,1,2870,0,0,0,0,1,0
CF,D175D,55.362778,65.354444,0,RD,175.7,4.4,175.0,4.4,1,1880,0,0,0,0,0,1
CF,CF02,55.358889,65.294167,2,IRD,197.6,9.0,17.0,2.0,1,1880,0,0,0,0,0,0

FINAL,I02,02,I,3
IF,CF02,55.358889,65.294167,IRD,197.6,9.0,1,1880,0,0,0,0,0,0
CF,FF02,55.392917,65.331361,0,IRD,197.2,6.6,17.0,2.4,1,1880,0,0,0,0,2,0
CF,RW02,55.464964,65.404811,0,IRD,197.2,1.6,17.0,5.0,1,285,0,0,0,0,3,0
CA,0,17.0,2,900,0,0,0,0,0,0
VM,0,0,2,197.0,1,1880,0,0,0,0,0,0

APPTR,I20,20,UN1
IF,UN,55.517972,65.458944, ,0.0,0.0,1,2870,0,0,0,0,1,0
CF,D066E,55.532778,65.600833,0,UN,66.5,4.9,66.0,4.9,1,1880,0,0,0,0,0,0
TF,D060G,55.549444,65.643333,0, ,0.0,0.0,0.0,0.0,1,1880,0,0,0,0,0,1
CF,CF20,55.586111,65.534444,1,IUN,18.2,8.9,197.0,4.0,1,1550,0,0,0,0,0,0

APPTR,I20,20,UN2
IF,UN,55.517972,65.458944, ,0.0,0.0,1,2870,0,0,0,0,1,0
CF,D045D,55.552778,65.560556,0,UN,45.8,4.1,45.0,4.1,1,1880,0,0,0,0,0,1
CF,CF20,55.586111,65.534444,1,IUN,18.2,8.9,197.0,2.0,1,1550,0,0,0,0,0,0

FINAL,I20,20,I,3
IF,CF20,55.586111,65.534444,IUN,18.2,8.9,1,1550,0,0,0,0,0,0
CF,FF20,55.549472,65.491333,0,IUN,17.1,6.2,197.0,2.7,1,1550,0,0,0,0,2,0
CF,RW20,55.485164,65.425461,0,IUN,17.1,1.8,197.0,4.5,1,282,0,0,0,0,3,0
CA,0,197.0,2,890,0,0,0,0,0,0
VM,0,0,1,17.0,1,1880,0,0,0,0,0,0

APPTR,N02,02,RD1
IF,RD,55.434361,65.373583, ,0.0,0.0,1,2870,0,0,0,0,1,0
CF,D152E,55.347778,65.411667,0,RD,152.9,5.4,152.0,5.4,1,1880,0,0,0,0,0,0
TF,D158G,55.320833,65.405278,0, ,0.0,0.0,0.0,0.0,1,1880,0,0,0,0,0,1
CF,CF02,55.358889,65.294167,2,RD,198.0,5.3,17.0,4.0,1,1880,0,0,0,0,0,0

APPTR,N02,02,RD2
IF,RD,55.434361,65.373583, ,0.0,0.0,1,2870,0,0,0,0,0,0
CF,D175D,55.362778,65.354444,0,RD,175.7,4.4,175.0,4.4,1,1880,0,0,0,0,0,1
CF,CF02,55.358889,65.294167,2,RD,198.0,5.3,17.0,2.0,1,1880,0,0,0,0,0,0

FINAL,N02,02,N,4
IF,CF02,55.358889,65.294167,RD,0.0,0.0,1,1880,0,0,0,0,0,0
CF,FF02,55.392917,65.331361,0,RD,0.0,0.0,17.0,2.4,1,1880,0,0,0,0,2,0
CF,RD,55.434361,65.373583,0,RD,0.0,0.0,17.0,2.9,1,980,0,0,0,0,0,0
CF,R,55.456083,65.395694,0,RD,0.0,0.0,17.0,1.5,1,482,0,0,0,0,3,0
CA,0,17.0,2,900,0,0,0,0,0,0
VM,0,0,2,197.0,1,1880,0,0,0,0,0,0

APPTR,N20,20,UN1
IF,UN,55.517972,65.458944, ,0.0,0.0,1,2870,0,0,0,0,1,0
CF,D066E,55.532778,65.600833,0,UN,66.5,4.9,66.0,4.9,1,1880,0,0,0,0,0,0
TF,D060G,55.549444,65.643333,0, ,0.0,0.0,0.0,0.0,1,1880,0,0,0,0,0,1
CF,CF20,55.586111,65.534444,1,UN,19.1,4.8,197.0,4.0,1,1550,0,0,0,0,0,0

APPTR,N20,20,UN2
IF,UN,55.517972,65.458944, ,0.0,0.0,1,2870,0,0,0,0,1,0
CF,D045D,55.552778,65.560556,0,UN,45.8,4.1,45.0,4.1,1,1880,0,0,0,0,0,1
CF,CF20,55.586111,65.534444,1,UN,19.1,4.8,197.0,2.0,1,1550,0,0,0,0,0,0

FINAL,N20,20,N,4
IF,CF20,55.586111,65.534444,UN,0.0,0.0,1,1550,0,0,0,0,0,0
CF,FF20,55.549472,65.491333,0,UN,0.0,0.0,197.0,2.7,1,1550,0,0,0,0,2,0
CF,UN,55.517972,65.458944,0,UN,0.0,0.0,197.0,2.2,1,940,0,0,0,0,0,0
CF,U,55.494222,65.434722,0,UN,0.0,0.0,197.0,1.7,1,461,0,0,0,0,3,0
CA,0,197.0,2,890,0,0,0,0,0,0
VM,0,0,1,17.0,1,1880,0,0,0,0,0,0

