SID,ARK18D,18L,2
CA,0,175.0,2,2700,0,0,0,0,0,0
CF,ARKEK,37.635833,62.179444,1,LBA,216.5,101.5,43.0,12.0,0,0,0,0,0,0,0,0

SID,ARK18D,18R,2
CA,0,175.0,2,2700,0,0,0,0,0,0
CF,ARKEK,37.635833,62.179444,1,LBA,216.5,101.5,43.0,12.0,0,0,0,0,0,0,0,0

SID,ARK36D,36L,2
CA,0,355.0,2,1400,0,0,0,0,0,0
CF,ARKEK,37.635833,62.179444,2,LBA,216.5,101.5,108.0,12.0,0,0,0,0,0,0,0,0

SID,ARK36D,36R,2
CA,0,355.0,2,1400,0,0,0,0,0,0
CF,ARKEK,37.635833,62.179444,2,LBA,216.5,101.5,108.0,12.0,0,0,0,0,0,0,0,0

SID,BAS18D,18L,2
CA,0,175.0,2,2700,0,0,0,0,0,0
CF,BASVO,37.292500,61.358889,0,LBA,223.1,143.5,241.0,28.0,0,0,0,0,0,0,0,0
TF,OLADI,37.208056,61.221944,0, ,0.0,0.0,0.0,0.0,0,0,0,0,0,0,0,0

SID,BAS18D,18R,2
CA,0,175.0,2,2700,0,0,0,0,0,0
CF,BASVO,37.292500,61.358889,0,LBA,223.1,143.5,241.0,28.0,0,0,0,0,0,0,0,0
TF,OLADI,37.208056,61.221944,0, ,0.0,0.0,0.0,0.0,0,0,0,0,0,0,0,0

SID,BAS36D,36L,2
CA,0,355.0,2,1400,0,0,0,0,0,0
CF,BASVO,37.292500,61.358889,1,LBA,223.1,143.5,217.0,32.0,0,0,0,0,0,0,0,0
TF,OLADI,37.208056,61.221944,0, ,0.0,0.0,0.0,0.0,0,0,0,0,0,0,0,0

SID,BAS36D,36R,2
CA,0,355.0,2,1400,0,0,0,0,0,0
CF,BASVO,37.292500,61.358889,1,LBA,223.1,143.5,217.0,32.0,0,0,0,0,0,0,0,0
TF,OLADI,37.208056,61.221944,0, ,0.0,0.0,0.0,0.0,0,0,0,0,0,0,0,0

SID,BAS36E,36L,2
CA,0,355.0,2,1400,0,0,0,0,0,0
CF,D085D,37.573333,61.988333,2,LBA,218.8,110.4,175.0,6.0,0,0,0,0,0,0,0,1
CF,BASVO,37.292500,61.358889,0,LBA,223.1,143.5,239.0,33.0,0,0,0,0,0,0,0,0
TF,OLADI,37.208056,61.221944,0, ,0.0,0.0,0.0,0.0,0,0,0,0,0,0,0,0

SID,BAS36E,36R,2
CA,0,355.0,2,1400,0,0,0,0,0,0
CF,D085D,37.573333,61.988333,2,LBA,218.8,110.4,175.0,6.0,0,0,0,0,0,0,0,1
CF,BASVO,37.292500,61.358889,0,LBA,223.1,143.5,239.0,33.0,0,0,0,0,0,0,0,0
TF,OLADI,37.208056,61.221944,0, ,0.0,0.0,0.0,0.0,0,0,0,0,0,0,0,0

SID,EKD18D,18L,2
CA,0,175.0,2,2700,0,0,0,0,0,0
VI,0, ,0.0,139.0,0,0,0,0,0,0,0,0
CF,EKDIN,37.299722,62.441389,0,LBA,204.7,111.0,109.0,25.0,0,0,0,0,0,0,0,0
TF,LEMOD,36.166667,64.291667,0, ,0.0,0.0,0.0,0.0,0,0,0,0,0,0,0,0

SID,EKD18D,18R,2
CA,0,175.0,2,2700,0,0,0,0,0,0
VI,0, ,0.0,139.0,0,0,0,0,0,0,0,0
CF,EKDIN,37.299722,62.441389,0,LBA,204.7,111.0,109.0,25.0,0,0,0,0,0,0,0,0
TF,LEMOD,36.166667,64.291667,0, ,0.0,0.0,0.0,0.0,0,0,0,0,0,0,0,0

SID,EKD36D,36L,2
CA,0,355.0,2,1400,0,0,0,0,0,0
CF,EKDIN,37.299722,62.441389,2,LBA,204.7,111.0,133.0,33.0,0,0,0,0,0,0,0,0
TF,LEMOD,36.166667,64.291667,0, ,0.0,0.0,0.0,0.0,0,0,0,0,0,0,0,0

SID,EKD36D,36R,2
CA,0,355.0,2,1400,0,0,0,0,0,0
CF,EKDIN,37.299722,62.441389,2,LBA,204.7,111.0,133.0,33.0,0,0,0,0,0,0,0,0
TF,LEMOD,36.166667,64.291667,0, ,0.0,0.0,0.0,0.0,0,0,0,0,0,0,0,0

SID,GIN18D,18L,2
CA,0,175.0,2,2700,0,0,0,0,0,0
CF,D035G,37.658889,61.986667,1,LBA,220.7,106.7,355.0,7.0,0,0,0,0,0,0,0,1
CF,GINET,37.863333,61.287778,0,LBA,235.6,125.5,284.0,34.0,0,0,0,0,0,0,0,0
TF,ABDAN,38.595000,59.366667,0, ,0.0,0.0,0.0,0.0,0,0,0,0,0,0,0,0

SID,GIN18D,18R,2
CA,0,175.0,2,2700,0,0,0,0,0,0
CF,D035G,37.658889,61.986667,1,LBA,220.7,106.7,355.0,7.0,0,0,0,0,0,0,0,1
CF,GINET,37.863333,61.287778,0,LBA,235.6,125.5,284.0,34.0,0,0,0,0,0,0,0,0
TF,ABDAN,38.595000,59.366667,0, ,0.0,0.0,0.0,0.0,0,0,0,0,0,0,0,0

SID,GIN36D,36L,2
CA,0,355.0,2,1400,0,0,0,0,0,0
CF,GINET,37.863333,61.287778,0,LBA,235.6,125.5,284.0,30.0,0,0,0,0,0,0,0,0
TF,ABDAN,38.595000,59.366667,0, ,0.0,0.0,0.0,0.0,0,0,0,0,0,0,0,0

SID,GIN36D,36R,2
CA,0,355.0,2,1400,0,0,0,0,0,0
CF,GINET,37.863333,61.287778,0,LBA,235.6,125.5,284.0,30.0,0,0,0,0,0,0,0,0
TF,ABDAN,38.595000,59.366667,0, ,0.0,0.0,0.0,0.0,0,0,0,0,0,0,0,0

SID,LUN18D,18L,2
CA,0,175.0,2,2700,0,0,0,0,0,0
CF,LUNEB,38.018889,62.358611,1,LBA,222.6,79.0,25.0,35.0,0,0,0,0,0,0,0,0
TF,OLCHE,38.126389,62.485000,0, ,0.0,0.0,0.0,0.0,0,0,0,0,0,0,0,0

SID,LUN18D,18R,2
CA,0,175.0,2,2700,0,0,0,0,0,0
CF,LUNEB,38.018889,62.358611,1,LBA,222.6,79.0,25.0,35.0,0,0,0,0,0,0,0,0
TF,OLCHE,38.126389,62.485000,0, ,0.0,0.0,0.0,0.0,0,0,0,0,0,0,0,0

SID,LUN36D,36L,2
CA,0,355.0,2,1400,0,0,0,0,0,0
CF,LUNEB,38.018889,62.358611,0,LBA,222.6,79.0,44.0,29.0,0,0,0,0,0,0,0,0
TF,OLCHE,38.126389,62.485000,0, ,0.0,0.0,0.0,0.0,0,0,0,0,0,0,0,0

SID,LUN36D,36R,2
CA,0,355.0,2,1400,0,0,0,0,0,0
CF,LUNEB,38.018889,62.358611,0,LBA,222.6,79.0,44.0,29.0,0,0,0,0,0,0,0,0
TF,OLCHE,38.126389,62.485000,0, ,0.0,0.0,0.0,0.0,0,0,0,0,0,0,0,0

SID,MIV18D,18L,2
CA,0,175.0,2,2700,0,0,0,0,0,0
CF,D035G,37.658889,61.986667,1,LBA,220.7,106.7,355.0,7.0,0,0,0,0,0,0,0,1
CF,MIVNA,37.771944,61.243056,0,LBA,234.0,130.2,274.0,34.0,0,0,0,0,0,0,0,0
TF,RUBAD,38.007500,60.178611,0, ,0.0,0.0,0.0,0.0,0,0,0,0,0,0,0,0

SID,MIV18D,18R,2
CA,0,175.0,2,2700,0,0,0,0,0,0
CF,D035G,37.658889,61.986667,1,LBA,220.7,106.7,355.0,7.0,0,0,0,0,0,0,0,1
CF,MIVNA,37.771944,61.243056,0,LBA,234.0,130.2,274.0,34.0,0,0,0,0,0,0,0,0
TF,RUBAD,38.007500,60.178611,0, ,0.0,0.0,0.0,0.0,0,0,0,0,0,0,0,0

SID,MIV36D,36L,2
CA,0,355.0,2,1400,0,0,0,0,0,0
VI,0, ,0.0,303.0,0,0,0,0,0,0,0,0
CF,MIVNA,37.771944,61.243056,0,LBA,234.0,130.2,273.0,29.0,0,0,0,0,0,0,0,0
TF,RUBAD,38.007500,60.178611,0, ,0.0,0.0,0.0,0.0,0,0,0,0,0,0,0,0

SID,MIV36D,36R,2
CA,0,355.0,2,1400,0,0,0,0,0,0
VI,0, ,0.0,303.0,0,0,0,0,0,0,0,0
CF,MIVNA,37.771944,61.243056,0,LBA,234.0,130.2,273.0,29.0,0,0,0,0,0,0,0,0
TF,RUBAD,38.007500,60.178611,0, ,0.0,0.0,0.0,0.0,0,0,0,0,0,0,0,0

SID,NEL18D,18L,2
CA,0,175.0,2,2700,0,0,0,0,0,0
CF,NELIN,37.654444,62.575278,1,LBA,207.7,89.4,66.0,31.0,0,0,0,0,0,0,0,0
TF,RINAT,37.687778,63.369444,0, ,0.0,0.0,0.0,0.0,0,0,0,0,0,0,0,0

SID,NEL18D,18R,2
CA,0,175.0,2,2700,0,0,0,0,0,0
CF,NELIN,37.654444,62.575278,1,LBA,207.7,89.4,66.0,31.0,0,0,0,0,0,0,0,0
TF,RINAT,37.687778,63.369444,0, ,0.0,0.0,0.0,0.0,0,0,0,0,0,0,0,0

SID,NEL36D,36L,2
CA,0,355.0,2,1400,0,0,0,0,0,0
CF,NELIN,37.654444,62.575278,2,LBA,207.7,89.4,92.0,30.0,0,0,0,0,0,0,0,0
TF,RINAT,37.687778,63.369444,0, ,0.0,0.0,0.0,0.0,0,0,0,0,0,0,0,0

SID,NEL36D,36R,2
CA,0,355.0,2,1400,0,0,0,0,0,0
CF,NELIN,37.654444,62.575278,2,LBA,207.7,89.4,92.0,30.0,0,0,0,0,0,0,0,0
TF,RINAT,37.687778,63.369444,0, ,0.0,0.0,0.0,0.0,0,0,0,0,0,0,0,0

SID,PEM18D,18L,2
CA,0,175.0,2,2700,0,0,0,0,0,0
VI,0, ,0.0,115.0,0,0,0,0,0,0,0,0
CF,PEMER,37.479167,62.551667,0,LBA,205.1,99.0,85.0,26.0,0,0,0,0,0,0,0,0
TF,DAVET,36.960833,64.787500,0, ,0.0,0.0,0.0,0.0,0,0,0,0,0,0,0,0

SID,PEM18D,18R,2
CA,0,175.0,2,2700,0,0,0,0,0,0
VI,0, ,0.0,115.0,0,0,0,0,0,0,0,0
CF,PEMER,37.479167,62.551667,0,LBA,205.1,99.0,85.0,26.0,0,0,0,0,0,0,0,0
TF,DAVET,36.960833,64.787500,0, ,0.0,0.0,0.0,0.0,0,0,0,0,0,0,0,0

SID,PEM36D,36L,2
CA,0,355.0,2,1400,0,0,0,0,0,0
CF,PEMER,37.479167,62.551667,2,LBA,205.1,99.0,111.0,32.0,0,0,0,0,0,0,0,0
TF,DAVET,36.960833,64.787500,0, ,0.0,0.0,0.0,0.0,0,0,0,0,0,0,0,0

SID,PEM36D,36R,2
CA,0,355.0,2,1400,0,0,0,0,0,0
CF,PEMER,37.479167,62.551667,2,LBA,205.1,99.0,111.0,32.0,0,0,0,0,0,0,0,0
TF,DAVET,36.960833,64.787500,0, ,0.0,0.0,0.0,0.0,0,0,0,0,0,0,0,0

SID,PES18D,18L,2
CA,0,175.0,2,2700,0,0,0,0,0,0
CF,PESOK,37.142778,62.210000,0,LBA,207.1,124.7,141.0,26.0,0,0,0,0,0,0,0,0
TF,RANAH,35.583333,63.200000,0, ,0.0,0.0,0.0,0.0,0,0,0,0,0,0,0,0

SID,PES18D,18R,2
CA,0,175.0,2,2700,0,0,0,0,0,0
CF,PESOK,37.142778,62.210000,0,LBA,207.1,124.7,141.0,26.0,0,0,0,0,0,0,0,0
TF,RANAH,35.583333,63.200000,0, ,0.0,0.0,0.0,0.0,0,0,0,0,0,0,0,0

SID,PES36D,36L,2
CA,0,355.0,2,1400,0,0,0,0,0,0
CF,PESOK,37.142778,62.210000,2,LBA,207.1,124.7,157.0,34.0,0,0,0,0,0,0,0,0
TF,RANAH,35.583333,63.200000,0, ,0.0,0.0,0.0,0.0,0,0,0,0,0,0,0,0

SID,PES36D,36R,2
CA,0,355.0,2,1400,0,0,0,0,0,0
CF,PESOK,37.142778,62.210000,2,LBA,207.1,124.7,157.0,34.0,0,0,0,0,0,0,0,0
TF,RANAH,35.583333,63.200000,0, ,0.0,0.0,0.0,0.0,0,0,0,0,0,0,0,0

SID,SAD18D,18L,2
CA,0,175.0,2,2700,0,0,0,0,0,0
CF,D035G,37.658889,61.986667,1,LBA,220.7,106.7,355.0,7.0,0,0,0,0,0,0,0,1
CF,SADAP,37.687222,61.221667,0,LBA,232.4,133.8,266.0,35.0,0,0,0,0,0,0,0,0
TF,BELUG,37.750000,60.533333,0, ,0.0,0.0,0.0,0.0,0,0,0,0,0,0,0,0

SID,SAD18D,18R,2
CA,0,175.0,2,2700,0,0,0,0,0,0
CF,D035G,37.658889,61.986667,1,LBA,220.7,106.7,355.0,7.0,0,0,0,0,0,0,0,1
CF,SADAP,37.687222,61.221667,0,LBA,232.4,133.8,266.0,35.0,0,0,0,0,0,0,0,0
TF,BELUG,37.750000,60.533333,0, ,0.0,0.0,0.0,0.0,0,0,0,0,0,0,0,0

SID,SAD36D,36L,2
CA,0,355.0,2,1400,0,0,0,0,0,0
CF,SADAP,37.687222,61.221667,1,LBA,232.4,133.8,263.0,30.0,0,0,0,0,0,0,0,0
TF,BELUG,37.750000,60.533333,0, ,0.0,0.0,0.0,0.0,0,0,0,0,0,0,0,0

SID,SAD36D,36R,2
CA,0,355.0,2,1400,0,0,0,0,0,0
CF,SADAP,37.687222,61.221667,1,LBA,232.4,133.8,263.0,30.0,0,0,0,0,0,0,0,0
TF,BELUG,37.750000,60.533333,0, ,0.0,0.0,0.0,0.0,0,0,0,0,0,0,0,0

SID,SUV18D,18L,2
CA,0,175.0,2,2700,0,0,0,0,0,0
CF,D035G,37.658889,61.986667,1,LBA,220.7,106.7,355.0,7.0,0,0,0,0,0,0,0,1
TF,SUVOG,38.125000,61.649444,0, ,0.0,0.0,0.0,0.0,0,0,0,0,0,0,0,0
TF,DUTAR,38.655000,61.385000,0, ,0.0,0.0,0.0,0.0,0,0,0,0,0,0,0,0

SID,SUV18D,18R,2
CA,0,175.0,2,2700,0,0,0,0,0,0
CF,D035G,37.658889,61.986667,1,LBA,220.7,106.7,355.0,7.0,0,0,0,0,0,0,0,1
TF,SUVOG,38.125000,61.649444,0, ,0.0,0.0,0.0,0.0,0,0,0,0,0,0,0,0
TF,DUTAR,38.655000,61.385000,0, ,0.0,0.0,0.0,0.0,0,0,0,0,0,0,0,0

SID,SUV36D,36L,2
CA,0,355.0,2,1400,0,0,0,0,0,0
CF,SUVOG,38.125000,61.649444,0,LBA,238.3,102.9,332.0,29.0,0,0,0,0,0,0,0,0
TF,DUTAR,38.655000,61.385000,0, ,0.0,0.0,0.0,0.0,0,0,0,0,0,0,0,0

SID,SUV36D,36R,2
CA,0,355.0,2,1400,0,0,0,0,0,0
CF,SUVOG,38.125000,61.649444,0,LBA,238.3,102.9,332.0,29.0,0,0,0,0,0,0,0,0
TF,DUTAR,38.655000,61.385000,0, ,0.0,0.0,0.0,0.0,0,0,0,0,0,0,0,0

SID,TEL18D,18L,2
CA,0,175.0,2,2700,0,0,0,0,0,0
CF,TELMI,37.649444,61.615556,2,LBA,226.5,120.2,310.0,13.0,0,0,0,0,0,0,0,0

SID,TEL18D,18R,2
CA,0,175.0,2,2700,0,0,0,0,0,0
CF,TELMI,37.649444,61.615556,2,LBA,226.5,120.2,310.0,13.0,0,0,0,0,0,0,0,0

SID,TEL18E,18L,2
CA,0,175.0,2,2700,0,0,0,0,0,0
CF,D035G,37.658889,61.986667,1,LBA,220.7,106.7,355.0,7.0,0,0,0,0,0,0,0,1
CF,TELMI,37.649444,61.615556,1,LBA,226.5,120.2,256.0,16.0,0,0,0,0,0,0,0,0

SID,TEL18E,18R,2
CA,0,175.0,2,2700,0,0,0,0,0,0
CF,D035G,37.658889,61.986667,1,LBA,220.7,106.7,355.0,7.0,0,0,0,0,0,0,0,1
CF,TELMI,37.649444,61.615556,1,LBA,226.5,120.2,256.0,16.0,0,0,0,0,0,0,0,0

SID,TEL36D,36L,2
CA,0,355.0,2,1400,0,0,0,0,0,0
CF,TELMI,37.649444,61.615556,1,LBA,226.5,120.2,247.0,11.0,0,0,0,0,0,0,0,0

SID,TEL36D,36R,2
CA,0,355.0,2,1400,0,0,0,0,0,0
CF,TELMI,37.649444,61.615556,1,LBA,226.5,120.2,247.0,11.0,0,0,0,0,0,0,0,0

SID,TEL36E,36L,2
CA,0,355.0,2,1400,0,0,0,0,0,0
CF,D085D,37.573333,61.988333,2,LBA,218.8,110.4,175.0,6.0,0,0,0,0,0,0,0,1
CF,TELMI,37.649444,61.615556,2,LBA,226.5,120.2,290.0,17.0,0,0,0,0,0,0,0,0

SID,TEL36E,36R,2
CA,0,355.0,2,1400,0,0,0,0,0,0
CF,D085D,37.573333,61.988333,2,LBA,218.8,110.4,175.0,6.0,0,0,0,0,0,0,0,1
CF,TELMI,37.649444,61.615556,2,LBA,226.5,120.2,290.0,17.0,0,0,0,0,0,0,0,0

SID,XIG18D,18L,2
CA,0,175.0,2,2700,0,0,0,0,0,0
CF,XIGRO,37.811111,62.534167,1,LBA,212.3,82.7,49.0,32.0,0,0,0,0,0,0,0,0
TF,DERKI,38.531667,65.106667,0, ,0.0,0.0,0.0,0.0,0,0,0,0,0,0,0,0

SID,XIG18D,18R,2
CA,0,175.0,2,2700,0,0,0,0,0,0
CF,XIGRO,37.811111,62.534167,1,LBA,212.3,82.7,49.0,32.0,0,0,0,0,0,0,0,0
TF,DERKI,38.531667,65.106667,0, ,0.0,0.0,0.0,0.0,0,0,0,0,0,0,0,0

SID,XIG36D,36L,2
CA,0,355.0,2,1400,0,0,0,0,0,0
VI,0, ,0.0,44.0,0,0,0,0,0,0,0,0
CF,XIGRO,37.811111,62.534167,0,LBA,212.3,82.7,74.0,29.0,0,0,0,0,0,0,0,0
TF,DERKI,38.531667,65.106667,0, ,0.0,0.0,0.0,0.0,0,0,0,0,0,0,0,0

SID,XIG36D,36R,2
CA,0,355.0,2,1400,0,0,0,0,0,0
VI,0, ,0.0,44.0,0,0,0,0,0,0,0,0
CF,XIGRO,37.811111,62.534167,0,LBA,212.3,82.7,74.0,29.0,0,0,0,0,0,0,0,0
TF,DERKI,38.531667,65.106667,0, ,0.0,0.0,0.0,0.0,0,0,0,0,0,0,0,0

STAR,ARK18A,ALL,2
IF,ARKEK,37.635833,62.179444, ,0.0,0.0,0,0,0,0,0,0,0,0
TF,D015I,37.748056,61.965278,0, ,0.0,0.0,0.0,0.0,1,2100,0,0,0,0,0,1
CF,D002I,37.751667,61.918333,0,LBA,224.1,105.2,265.0,2.0,1,2100,0,0,0,0,0,1

STAR,ARK18A,18L,3
IF,D002I,37.751667,61.918333, ,0.0,0.0,1,2100,0,0,0,0,0,0
CF,FN18L,37.704444,61.894722,0,LBA,223.4,108.0,175.0,2.0,1,2100,0,0,0,0,0,0

STAR,ARK18A,18R,3
IF,D002I,37.751667,61.918333, ,0.0,0.0,1,2100,0,0,0,0,0,0
CF,FN18R,37.713611,61.892500,0,LBA,223.6,107.7,175.0,2.0,1,2100,0,0,0,0,0,0

STAR,ARK18B,ALL,2
IF,ARKEK,37.635833,62.179444, ,0.0,0.0,0,0,0,0,0,0,0,0
TF,M,37.599167,61.898333,0, ,0.0,0.0,0.0,0.0,0,0,0,0,0,0,0,1
CI,1, ,0.0,85.0,0,0,0,0,0,0,0,0
CF,D022I,37.732778,61.980278,0,LBA,222.5,103.8,355.0,13.0,1,2100,0,0,0,0,0,1
CF,D002I,37.751667,61.918333,0,LBA,224.1,105.2,265.0,2.0,1,2100,0,0,0,0,0,1

STAR,ARK18B,18L,3
IF,D002I,37.751667,61.918333, ,0.0,0.0,1,2100,0,0,0,0,0,0
CF,FN18L,37.704444,61.894722,0,LBA,223.4,108.0,175.0,2.0,1,2100,0,0,0,0,0,0

STAR,ARK18B,18R,3
IF,D002I,37.751667,61.918333, ,0.0,0.0,1,2100,0,0,0,0,0,0
CF,FN18R,37.713611,61.892500,0,LBA,223.6,107.7,175.0,2.0,1,2100,0,0,0,0,0,0

STAR,ARK36A,ALL,2
IF,ARKEK,37.635833,62.179444, ,0.0,0.0,0,0,0,0,0,0,0,0
TF,D146H,37.448611,61.985278,0, ,0.0,0.0,0.0,0.0,1,2700,0,0,0,0,0,1
CF,D163H,37.440000,61.936667,0,LBA,217.0,118.0,265.0,2.0,1,2700,0,0,0,0,0,1

STAR,ARK36A,36L,3
IF,D163H,37.440000,61.936667, ,0.0,0.0,1,2700,0,0,0,0,0,0
CF,CF36L,37.487936,61.900839,0,LBA,218.6,117.0,355.0,2.0,1,2700,0,0,0,0,0,0

STAR,ARK36A,36R,3
IF,D163H,37.440000,61.936667, ,0.0,0.0,1,2700,0,0,0,0,0,0
CF,CF36R,37.488256,61.901739,0,LBA,218.6,116.9,355.0,2.0,1,2700,0,0,0,0,0,0

STAR,ARK36B,ALL,2
IF,ARKEK,37.635833,62.179444, ,0.0,0.0,0,0,0,0,0,0,0,0
TF,MR,37.571389,61.899167,0, ,0.0,0.0,0.0,0.0,0,0,0,0,0,0,0,1
CF,D044E,37.631667,61.985000,2,LBA,220.1,107.9,85.0,5.0,1,2700,0,0,0,0,0,1
CF,D141H,37.463333,61.991667,0,LBA,216.5,115.2,175.0,10.0,1,2700,0,0,0,0,0,1
CF,D163H,37.440000,61.936667,0,LBA,217.0,118.0,265.0,2.0,1,2700,0,0,0,0,0,1

STAR,ARK36B,36L,3
IF,D163H,37.440000,61.936667, ,0.0,0.0,1,2700,0,0,0,0,0,0
CF,CF36L,37.487936,61.900839,0,LBA,218.6,117.0,355.0,2.0,1,2700,0,0,0,0,0,0

STAR,ARK36B,36R,3
IF,D163H,37.440000,61.936667, ,0.0,0.0,1,2700,0,0,0,0,0,0
CF,CF36R,37.488256,61.901739,0,LBA,218.6,116.9,355.0,2.0,1,2700,0,0,0,0,0,0

STAR,BAS18A,ALL,2
IF,OLADI,37.208056,61.221944, ,0.0,0.0,0,0,0,0,0,0,0,0
TF,BASVO,37.292500,61.358889,0, ,0.0,0.0,0.0,0.0,0,0,0,0,0,0,0,0
TF,D336J,37.745000,61.833333,0, ,0.0,0.0,0.0,0.0,1,2100,0,0,0,0,0,1

STAR,BAS18A,18L,3
IF,D336J,37.745000,61.833333, ,0.0,0.0,1,2100,0,0,0,0,0,0
CF,FN18L,37.704444,61.894722,2,LBA,223.4,108.0,175.0,2.0,1,2100,0,0,0,0,0,0

STAR,BAS18A,18R,3
IF,D336J,37.745000,61.833333, ,0.0,0.0,1,2100,0,0,0,0,0,0
CF,FN18R,37.713611,61.892500,2,LBA,223.6,107.7,175.0,2.0,1,2100,0,0,0,0,0,0

STAR,BAS36A,ALL,2
IF,OLADI,37.208056,61.221944, ,0.0,0.0,0,0,0,0,0,0,0,0
TF,BASVO,37.292500,61.358889,0, ,0.0,0.0,0.0,0.0,0,0,0,0,0,0,0,0
TF,D183H,37.440278,61.877500,0, ,0.0,0.0,0.0,0.0,1,2700,0,0,0,0,0,1

STAR,BAS36A,36L,3
IF,D183H,37.440278,61.877500, ,0.0,0.0,1,2700,0,0,0,0,0,0
CF,CF36L,37.487936,61.900839,0,LBA,218.6,117.0,355.0,2.0,1,2700,0,0,0,0,0,0

STAR,BAS36A,36R,3
IF,D183H,37.440278,61.877500, ,0.0,0.0,1,2700,0,0,0,0,0,0
CF,CF36R,37.488256,61.901739,0,LBA,218.6,116.9,355.0,2.0,1,2700,0,0,0,0,0,0

STAR,EKD18A,ALL,2
IF,LEMOD,36.166667,64.291667, ,0.0,0.0,0,0,0,0,0,0,0,0
TF,EKDIN,37.299722,62.441389,0, ,0.0,0.0,0.0,0.0,0,0,0,0,0,0,0,0
TF,D018I,37.742222,61.973889,0, ,0.0,0.0,0.0,0.0,1,2100,0,0,0,0,0,1
CF,D002I,37.751667,61.918333,0,LBA,224.1,105.2,265.0,2.0,1,2100,0,0,0,0,0,1

STAR,EKD18A,18L,3
IF,D002I,37.751667,61.918333, ,0.0,0.0,1,2100,0,0,0,0,0,0
CF,FN18L,37.704444,61.894722,0,LBA,223.4,108.0,175.0,2.0,1,2100,0,0,0,0,0,0

STAR,EKD18A,18R,3
IF,D002I,37.751667,61.918333, ,0.0,0.0,1,2100,0,0,0,0,0,0
CF,FN18R,37.713611,61.892500,0,LBA,223.6,107.7,175.0,2.0,1,2100,0,0,0,0,0,0

STAR,EKD36A,ALL,2
IF,LEMOD,36.166667,64.291667, ,0.0,0.0,0,0,0,0,0,0,0,0
TF,EKDIN,37.299722,62.441389,0, ,0.0,0.0,0.0,0.0,0,0,0,0,0,0,0,0
TF,D167H,37.441667,61.924444,0, ,0.0,0.0,0.0,0.0,1,2700,0,0,0,0,0,1

STAR,EKD36A,36L,3
IF,D167H,37.441667,61.924444, ,0.0,0.0,1,2700,0,0,0,0,0,0
CF,CF36L,37.487936,61.900839,0,LBA,218.6,117.0,355.0,2.0,1,2700,0,0,0,0,0,0

STAR,EKD36A,36R,3
IF,D167H,37.441667,61.924444, ,0.0,0.0,1,2700,0,0,0,0,0,0
CF,CF36R,37.488256,61.901739,0,LBA,218.6,116.9,355.0,2.0,1,2700,0,0,0,0,0,0

STAR,GIN18A,ALL,2
IF,ABDAN,38.595000,59.366667, ,0.0,0.0,0,0,0,0,0,0,0,0
TF,GINET,37.863333,61.287778,0, ,0.0,0.0,0.0,0.0,0,0,0,0,0,0,0,0
TF,D346I,37.754167,61.866944,0, ,0.0,0.0,0.0,0.0,1,2100,0,0,0,0,0,1

STAR,GIN18A,18L,3
IF,D346I,37.754167,61.866944, ,0.0,0.0,1,2100,0,0,0,0,0,0
CF,FN18L,37.704444,61.894722,0,LBA,223.4,108.0,175.0,2.0,1,2100,0,0,0,0,0,0

STAR,GIN18A,18R,3
IF,D346I,37.754167,61.866944, ,0.0,0.0,1,2100,0,0,0,0,0,0
CF,FN18R,37.713611,61.892500,0,LBA,223.6,107.7,175.0,2.0,1,2100,0,0,0,0,0,0

STAR,GIN36A,ALL,2
IF,ABDAN,38.595000,59.366667, ,0.0,0.0,0,0,0,0,0,0,0,0
TF,GINET,37.863333,61.287778,0, ,0.0,0.0,0.0,0.0,0,0,0,0,0,0,0,0
TF,D196H,37.446389,61.840556,0, ,0.0,0.0,0.0,0.0,1,2700,0,0,0,0,0,1

STAR,GIN36A,36L,3
IF,D196H,37.446389,61.840556, ,0.0,0.0,1,2700,0,0,0,0,0,0
CF,CF36L,37.487936,61.900839,1,LBA,218.6,117.0,355.0,2.0,1,2700,0,0,0,0,0,0

STAR,GIN36A,36R,3
IF,D196H,37.446389,61.840556, ,0.0,0.0,1,2700,0,0,0,0,0,0
CF,CF36R,37.488256,61.901739,1,LBA,218.6,116.9,355.0,2.0,1,2700,0,0,0,0,0,0

STAR,LUN18A,ALL,2
IF,OLCHE,38.126389,62.485000, ,0.0,0.0,0,0,0,0,0,0,0,0
TF,LUNEB,38.018889,62.358611,0, ,0.0,0.0,0.0,0.0,0,0,0,0,0,0,0,0
TF,D358I,37.747778,61.903889,0, ,0.0,0.0,0.0,0.0,1,2100,0,0,0,0,0,1

STAR,LUN18A,18L,3
IF,D358I,37.747778,61.903889, ,0.0,0.0,1,2100,0,0,0,0,0,0
CF,FN18L,37.704444,61.894722,0,LBA,223.4,108.0,175.0,2.0,1,2100,0,0,0,0,0,0

STAR,LUN18A,18R,3
IF,D358I,37.747778,61.903889, ,0.0,0.0,1,2100,0,0,0,0,0,0
CF,FN18R,37.713611,61.892500,0,LBA,223.6,107.7,175.0,1.0,1,2100,0,0,0,0,0,0

STAR,LUN36A,ALL,2
IF,OLCHE,38.126389,62.485000, ,0.0,0.0,0,0,0,0,0,0,0,0
TF,LUNEB,38.018889,62.358611,0, ,0.0,0.0,0.0,0.0,0,0,0,0,0,0,0,0
TF,D145H,37.452500,61.988611,0, ,0.0,0.0,0.0,0.0,1,2700,0,0,0,0,0,1
CF,D163H,37.440000,61.936667,0,LBA,217.0,118.0,265.0,2.0,1,2700,0,0,0,0,0,1

STAR,LUN36A,36L,3
IF,D163H,37.440000,61.936667, ,0.0,0.0,1,2700,0,0,0,0,0,0
CF,CF36L,37.487936,61.900839,0,LBA,218.6,117.0,355.0,2.0,1,2700,0,0,0,0,0,0

STAR,LUN36A,36R,3
IF,D163H,37.440000,61.936667, ,0.0,0.0,1,2700,0,0,0,0,0,0
CF,CF36R,37.488256,61.901739,0,LBA,218.6,116.9,355.0,2.0,1,2700,0,0,0,0,0,0

STAR,MIV18A,ALL,2
IF,RUBAD,38.007500,60.178611, ,0.0,0.0,0,0,0,0,0,0,0,0
TF,MIVNA,37.771944,61.243056,0, ,0.0,0.0,0.0,0.0,0,0,0,0,0,0,0,0
TF,D345I,37.754722,61.861111,0, ,0.0,0.0,0.0,0.0,1,2100,0,0,0,0,0,1

STAR,MIV18A,18L,3
IF,D345I,37.754722,61.861111, ,0.0,0.0,1,2100,0,0,0,0,0,0
CF,FN18L,37.704444,61.894722,0,LBA,223.4,108.0,175.0,2.0,1,2100,0,0,0,0,0,0

STAR,MIV18A,18R,3
IF,D345I,37.754722,61.861111, ,0.0,0.0,1,2100,0,0,0,0,0,0
CF,FN18R,37.713611,61.892500,0,LBA,223.6,107.7,175.0,2.0,1,2100,0,0,0,0,0,0

STAR,MIV36A,ALL,2
IF,RUBAD,38.007500,60.178611, ,0.0,0.0,0,0,0,0,0,0,0,0
TF,MIVNA,37.771944,61.243056,0, ,0.0,0.0,0.0,0.0,0,0,0,0,0,0,0,0
TF,D194H,37.443611,61.845000,0, ,0.0,0.0,0.0,0.0,1,2700,0,0,0,0,0,1

STAR,MIV36A,36L,3
IF,D194H,37.443611,61.845000, ,0.0,0.0,1,2700,0,0,0,0,0,0
CF,CF36L,37.487936,61.900839,1,LBA,218.6,117.0,355.0,2.0,1,2700,0,0,0,0,0,0

STAR,MIV36A,36R,3
IF,D194H,37.443611,61.845000, ,0.0,0.0,1,2700,0,0,0,0,0,0
CF,CF36R,37.488256,61.901739,1,LBA,218.6,116.9,355.0,2.0,1,2700,0,0,0,0,0,0

STAR,NEL18A,ALL,2
IF,RINAT,37.687778,63.369444, ,0.0,0.0,0,0,0,0,0,0,0,0
TF,NELIN,37.654444,62.575278,0, ,0.0,0.0,0.0,0.0,0,0,0,0,0,0,0,0
TF,D012J,37.751667,61.953611,0, ,0.0,0.0,0.0,0.0,1,2100,0,0,0,0,0,1
CF,D002I,37.751667,61.918333,0,LBA,224.1,105.2,265.0,1.0,1,2100,0,0,0,0,0,1

STAR,NEL18A,18L,3
IF,D002I,37.751667,61.918333, ,0.0,0.0,1,2100,0,0,0,0,0,0
CF,FN18L,37.704444,61.894722,0,LBA,223.4,108.0,175.0,2.0,1,2100,0,0,0,0,0,0

STAR,NEL18A,18R,3
IF,D002I,37.751667,61.918333, ,0.0,0.0,1,2100,0,0,0,0,0,0
CF,FN18R,37.713611,61.892500,0,LBA,223.6,107.7,175.0,2.0,1,2100,0,0,0,0,0,0

STAR,NEL36A,ALL,2
IF,RINAT,37.687778,63.369444, ,0.0,0.0,0,0,0,0,0,0,0,0
TF,NELIN,37.654444,62.575278,0, ,0.0,0.0,0.0,0.0,0,0,0,0,0,0,0,0
TF,D151I,37.442222,61.974722,0, ,0.0,0.0,0.0,0.0,1,2700,0,0,0,0,0,1
CF,D163H,37.440000,61.936667,0,LBA,217.0,118.0,265.0,1.0,1,2700,0,0,0,0,0,1

STAR,NEL36A,36L,3
IF,D163H,37.440000,61.936667, ,0.0,0.0,1,2700,0,0,0,0,0,0
CF,CF36L,37.487936,61.900839,0,LBA,218.6,117.0,355.0,2.0,1,2700,0,0,0,0,0,0

STAR,NEL36A,36R,3
IF,D163H,37.440000,61.936667, ,0.0,0.0,1,2700,0,0,0,0,0,0
CF,CF36R,37.488256,61.901739,0,LBA,218.6,116.9,355.0,2.0,1,2700,0,0,0,0,0,0

STAR,PEM18A,ALL,2
IF,DAVET,36.960833,64.787500, ,0.0,0.0,0,0,0,0,0,0,0,0
TF,PEMER,37.479167,62.551667,0, ,0.0,0.0,0.0,0.0,0,0,0,0,0,0,0,0
TF,D015I,37.748056,61.965278,0, ,0.0,0.0,0.0,0.0,1,2100,0,0,0,0,0,1
CF,D002I,37.751667,61.918333,0,LBA,224.1,105.2,265.0,2.0,1,2100,0,0,0,0,0,1

STAR,PEM18A,18L,3
IF,D002I,37.751667,61.918333, ,0.0,0.0,1,2100,0,0,0,0,0,0
CF,FN18L,37.704444,61.894722,0,LBA,223.6,107.7,175.0,2.0,1,2100,0,0,0,0,0,0

STAR,PEM18A,18R,3
IF,D002I,37.751667,61.918333, ,0.0,0.0,1,2100,0,0,0,0,0,0
CF,FN18R,37.713611,61.892500,0,LBA,223.6,107.7,175.0,2.0,1,2100,0,0,0,0,0,0

STAR,PEM36A,ALL,2
IF,DAVET,36.960833,64.787500, ,0.0,0.0,0,0,0,0,0,0,0,0
TF,PEMER,37.479167,62.551667,0, ,0.0,0.0,0.0,0.0,0,0,0,0,0,0,0,0
TF,D154H,37.440556,61.965556,0, ,0.0,0.0,0.0,0.0,1,2700,0,0,0,0,0,1
CF,D163H,37.440000,61.936667,0,LBA,217.0,118.0,265.0,1.0,1,2700,0,0,0,0,0,1

STAR,PEM36A,36L,3
IF,D163H,37.440000,61.936667, ,0.0,0.0,1,2700,0,0,0,0,0,0
CF,CF36L,37.487936,61.900839,0,LBA,218.6,117.0,355.0,2.0,1,2700,0,0,0,0,0,0

STAR,PEM36A,36R,3
IF,D163H,37.440000,61.936667, ,0.0,0.0,1,2700,0,0,0,0,0,0
CF,CF36R,37.488256,61.901739,0,LBA,218.6,116.9,355.0,2.0,1,2700,0,0,0,0,0,0

STAR,PES18A,ALL,2
IF,RANAH,35.583333,63.200000, ,0.0,0.0,0,0,0,0,0,0,0,0
TF,PESOK,37.142778,62.210000,0, ,0.0,0.0,0.0,0.0,0,0,0,0,0,0,0,0
TF,D022I,37.732778,61.980278,0, ,0.0,0.0,0.0,0.0,1,2100,0,0,0,0,0,1
CF,D002I,37.751667,61.918333,0,LBA,224.1,105.2,265.0,2.0,1,2100,0,0,0,0,0,1

STAR,PES18A,18L,3
IF,D002I,37.751667,61.918333, ,0.0,0.0,1,2100,0,0,0,0,0,0
CF,FN18L,37.704444,61.894722,0,LBA,223.4,108.0,175.0,2.0,1,2100,0,0,0,0,0,0

STAR,PES18A,18R,3
IF,D002I,37.751667,61.918333, ,0.0,0.0,1,2100,0,0,0,0,0,0
CF,FN18R,37.713611,61.892500,0,LBA,223.6,107.7,175.0,2.0,1,2100,0,0,0,0,0,0

STAR,PES36A,ALL,2
IF,RANAH,35.583333,63.200000, ,0.0,0.0,0,0,0,0,0,0,0,0
TF,PESOK,37.142778,62.210000,0, ,0.0,0.0,0.0,0.0,0,0,0,0,0,0,0,0
TF,D172G,37.450556,61.908611,0, ,0.0,0.0,0.0,0.0,1,2700,0,0,0,0,0,0

STAR,PES36A,36L,3
IF,D172G,37.450556,61.908611, ,0.0,0.0,1,2700,0,0,0,0,0,0
CF,CF36L,37.487936,61.900839,0,LBA,218.6,117.0,355.0,2.0,1,2700,0,0,0,0,0,0

STAR,PES36A,36R,3
IF,D172G,37.450556,61.908611, ,0.0,0.0,1,2700,0,0,0,0,0,0
CF,CF36R,37.488256,61.901739,0,LBA,218.6,116.9,355.0,2.0,1,2700,0,0,0,0,0,0

STAR,SAD18A,ALL,2
IF,BELUG,37.750000,60.533333, ,0.0,0.0,0,0,0,0,0,0,0,0
TF,SADAP,37.687222,61.221667,0, ,0.0,0.0,0.0,0.0,0,0,0,0,0,0,0,0
TF,D343J,37.754444,61.855278,0, ,0.0,0.0,0.0,0.0,1,2100,0,0,0,0,0,1

STAR,SAD18A,18L,3
IF,D343J,37.754444,61.855278, ,0.0,0.0,1,2100,0,0,0,0,0,0
CF,FN18L,37.704444,61.894722,2,LBA,223.4,108.0,175.0,2.0,1,2100,0,0,0,0,0,0

STAR,SAD18A,18R,3
IF,D343J,37.754444,61.855278, ,0.0,0.0,1,2100,0,0,0,0,0,0
CF,FN18R,37.713611,61.892500,2,LBA,223.6,107.7,175.0,2.0,1,2100,0,0,0,0,0,0

STAR,SAD36A,ALL,2
IF,BELUG,37.750000,60.533333, ,0.0,0.0,0,0,0,0,0,0,0,0
TF,SADAP,37.687222,61.221667,0, ,0.0,0.0,0.0,0.0,0,0,0,0,0,0,0,0
TF,D193H,37.441667,61.849444,0, ,0.0,0.0,0.0,0.0,1,2700,0,0,0,0,0,1

STAR,SAD36A,36L,3
IF,D193H,37.441667,61.849444, ,0.0,0.0,1,2700,0,0,0,0,0,0
CF,CF36L,37.487936,61.900839,1,LBA,218.6,117.0,355.0,2.0,1,2700,0,0,0,0,0,0

STAR,SAD36A,36R,3
IF,D193H,37.441667,61.849444, ,0.0,0.0,1,2700,0,0,0,0,0,0
CF,CF36R,37.488256,61.901739,1,LBA,218.6,116.9,355.0,2.0,1,2700,0,0,0,0,0,0

STAR,SUV18A,ALL,2
IF,DUTAR,38.655000,61.385000, ,0.0,0.0,0,0,0,0,0,0,0,0
TF,SUVOG,38.125000,61.649444,0, ,0.0,0.0,0.0,0.0,0,0,0,0,0,0,0,0
TF,D353H,37.739722,61.890278,0, ,0.0,0.0,0.0,0.0,1,2100,0,0,0,0,0,1

STAR,SUV18A,18L,3
IF,D353H,37.739722,61.890278, ,0.0,0.0,1,2100,0,0,0,0,0,0
CF,FN18L,37.704444,61.894722,0,LBA,223.4,108.0,175.0,2.0,1,2100,0,0,0,0,0,0

STAR,SUV18A,18R,3
IF,D353H,37.739722,61.890278, ,0.0,0.0,1,2100,0,0,0,0,0,0
CF,FN18R,37.713611,61.892500,0,LBA,223.6,107.7,175.0,2.0,1,2100,0,0,0,0,0,0

STAR,SUV36A,ALL,2
IF,DUTAR,38.655000,61.385000, ,0.0,0.0,0,0,0,0,0,0,0,0
TF,SUVOG,38.125000,61.649444,0, ,0.0,0.0,0.0,0.0,0,0,0,0,0,0,0,0
TF,D044E,37.631667,61.985000,0, ,0.0,0.0,0.0,0.0,1,2700,0,0,0,0,0,0
CF,D141H,37.463333,61.991667,0,LBA,216.5,115.2,175.0,10.0,1,2700,0,0,0,0,0,1
CF,D163H,37.440000,61.936667,0,LBA,217.0,118.0,265.0,2.0,1,2700,0,0,0,0,0,1

STAR,SUV36A,36L,3
IF,D163H,37.440000,61.936667, ,0.0,0.0,1,2700,0,0,0,0,0,0
CF,CF36L,37.487936,61.900839,0,LBA,218.6,117.0,355.0,2.0,1,2700,0,0,0,0,0,0

STAR,SUV36A,36R,3
IF,D163H,37.440000,61.936667, ,0.0,0.0,1,2700,0,0,0,0,0,0
CF,CF36R,37.488256,61.901739,0,LBA,218.6,116.9,355.0,2.0,1,2700,0,0,0,0,0,0

STAR,TEL18A,ALL,2
IF,TELMI,37.649444,61.615556, ,0.0,0.0,0,0,0,0,0,0,0,0
TF,D339I,37.751389,61.843056,0, ,0.0,0.0,0.0,0.0,1,2100,0,0,0,0,0,1

STAR,TEL18A,18L,3
IF,D339I,37.751389,61.843056, ,0.0,0.0,1,2100,0,0,0,0,0,0
CF,FN18L,37.704444,61.894722,2,LBA,223.4,108.0,175.0,2.0,1,2100,0,0,0,0,0,0

STAR,TEL18A,18R,3
IF,D339I,37.751389,61.843056, ,0.0,0.0,1,2100,0,0,0,0,0,0
CF,FN18R,37.713611,61.892500,2,LBA,223.6,107.7,175.0,2.0,1,2100,0,0,0,0,0,0

STAR,TEL18B,ALL,2
IF,TELMI,37.649444,61.615556, ,0.0,0.0,0,0,0,0,0,0,0,0
TF,M,37.599167,61.898333,0, ,0.0,0.0,0.0,0.0,0,0,0,0,0,0,0,1
CI,0, ,0.0,85.0,0,0,0,0,0,0,0,0
CF,D022I,37.732778,61.980278,0,LBA,222.5,103.8,355.0,9.0,1,2100,0,0,0,0,0,1
CF,D002I,37.751667,61.918333,0,LBA,224.1,105.2,265.0,2.0,1,2100,0,0,0,0,0,1

STAR,TEL18B,18L,3
IF,D002I,37.751667,61.918333, ,0.0,0.0,1,2100,0,0,0,0,0,0
CF,FN18L,37.704444,61.894722,0,LBA,223.4,108.0,175.0,2.0,1,2100,0,0,0,0,0,0

STAR,TEL18B,18R,3
IF,D002I,37.751667,61.918333, ,0.0,0.0,1,2100,0,0,0,0,0,0
CF,FN18R,37.713611,61.892500,0,LBA,223.6,107.7,175.0,2.0,1,2100,0,0,0,0,0,0

STAR,TEL36A,ALL,2
IF,TELMI,37.649444,61.615556, ,0.0,0.0,0,0,0,0,0,0,0,0
TF,D197H,37.448333,61.838333,0, ,0.0,0.0,0.0,0.0,1,2700,0,0,0,0,0,1

STAR,TEL36A,36L,3
IF,D197H,37.448333,61.838333, ,0.0,0.0,1,2700,0,0,0,0,0,0
CF,CF36L,37.487936,61.900839,1,LBA,218.6,117.0,355.0,2.0,1,2700,0,0,0,0,0,0

STAR,TEL36A,36R,3
IF,D197H,37.448333,61.838333, ,0.0,0.0,1,2700,0,0,0,0,0,0
CF,CF36R,37.488256,61.901739,1,LBA,218.6,116.9,355.0,2.0,1,2700,0,0,0,0,0,0

STAR,TEL36B,ALL,2
IF,TELMI,37.649444,61.615556, ,0.0,0.0,0,0,0,0,0,0,0,0
TF,MR,37.571389,61.899167,0, ,0.0,0.0,0.0,0.0,0,0,0,0,0,0,0,1
CI,0, ,0.0,85.0,0,0,0,0,0,0,0,0
CF,D141H,37.463333,61.991667,0,LBA,216.5,115.2,175.0,7.0,1,2700,0,0,0,0,0,1
CF,D163H,37.440000,61.936667,0,LBA,217.0,118.0,265.0,2.0,1,2700,0,0,0,0,0,1

STAR,TEL36B,36L,3
IF,D163H,37.440000,61.936667, ,0.0,0.0,1,2700,0,0,0,0,0,0
CF,CF36L,37.487936,61.900839,0,LBA,218.6,117.0,355.0,2.0,1,2700,0,0,0,0,0,0

STAR,TEL36B,36R,3
IF,D163H,37.440000,61.936667, ,0.0,0.0,1,2700,0,0,0,0,0,0
CF,CF36R,37.488256,61.901739,0,LBA,218.6,116.9,355.0,2.0,1,2700,0,0,0,0,0,0

STAR,XIG18A,ALL,2
IF,DERKI,38.531667,65.106667, ,0.0,0.0,0,0,0,0,0,0,0,0
TF,XIGRO,37.811111,62.534167,0, ,0.0,0.0,0.0,0.0,0,0,0,0,0,0,0,0
TF,D002I,37.751667,61.918333,0, ,0.0,0.0,0.0,0.0,1,2100,0,0,0,0,0,1

STAR,XIG18A,18L,3
IF,D002I,37.751667,61.918333, ,0.0,0.0,1,2100,0,0,0,0,0,0
CF,FN18L,37.704444,61.894722,0,LBA,223.4,108.0,175.0,2.0,1,2100,0,0,0,0,0,0

STAR,XIG18A,18R,3
IF,D002I,37.751667,61.918333, ,0.0,0.0,1,2100,0,0,0,0,0,0
CF,FN18R,37.713611,61.892500,0,LBA,223.6,107.7,175.0,2.0,1,2100,0,0,0,0,0,0

STAR,XIG36A,ALL,2
IF,DERKI,38.531667,65.106667, ,0.0,0.0,0,0,0,0,0,0,0,0
TF,XIGRO,37.811111,62.534167,0, ,0.0,0.0,0.0,0.0,0,0,0,0,0,0,0,0
TF,D148I,37.445556,61.981389,0, ,0.0,0.0,0.0,0.0,1,2700,0,0,0,0,0,1
CF,D163H,37.440000,61.936667,0,LBA,217.0,118.0,265.0,2.0,1,2700,0,0,0,0,0,1

STAR,XIG36A,36L,3
IF,D163H,37.440000,61.936667, ,0.0,0.0,1,2700,0,0,0,0,0,0
CF,CF36L,37.487936,61.900839,0,LBA,218.6,117.0,355.0,2.0,1,2700,0,0,0,0,0,0

STAR,XIG36A,36R,3
IF,D163H,37.440000,61.936667, ,0.0,0.0,1,2700,0,0,0,0,0,0
CF,CF36R,37.488256,61.901739,0,LBA,218.6,116.9,355.0,2.0,1,2700,0,0,0,0,0,0

FINAL,I36L,36L,I,3
IF,CF36L,37.487936,61.900839,IML,174.3,9.4,1,2700,0,0,0,0,0,0
CF,FF36L,37.507222,61.900000,0,IML,174.3,8.2,355.0,1.2,1,2700,0,0,0,0,2,0
CF,RW36L,37.607500,61.896389,0,IML,174.3,2.2,355.0,6.0,1,785,0,0,0,0,3,0
CA,0,355.0,2,1400,0,0,0,0,0,0
VM,0,0,2,175.0,1,2700,0,0,0,0,0,0

FINAL,I36R,36R,I,3
IF,CF36R,37.488256,61.901739,IMR,174.6,8.8,1,2700,0,0,0,0,0,0
CF,FF36R,37.507222,61.901667,0,IMR,174.4,7.7,355.0,1.1,1,2700,0,0,0,0,2,0
CF,RW36R,37.607778,61.898056,0,IMR,174.6,1.7,355.0,6.0,1,779,0,0,0,0,3,0
CA,0,355.0,2,1400,0,0,0,0,0,0
VM,0,0,2,175.0,1,2700,0,0,0,0,0,0

FINAL,N18L,18L,N,2
IF,FN18L,37.704444,61.894722,M,0.0,0.0,1,2100,0,0,0,0,2,0
CF,MN18L,37.682753,61.896497,0,M,0.0,0.0,175.0,1.3,1,1730,0,0,0,0,3,0
CA,0,175.0,2,2700,0,0,0,0,0,0
VM,0,0,1,355.0,0,0,0,0,0,0,0,0

FINAL,N18R,18R,N,2
IF,FN18R,37.713611,61.892500,M,0.0,0.0,1,2100,0,0,0,0,2,0
CF,MN18R,37.691700,61.893617,0,M,0.0,0.0,175.0,1.3,1,1730,0,0,0,0,3,0
CA,0,175.0,2,2700,0,0,0,0,0,0
VM,0,0,1,355.0,0,0,0,0,0,0,0,0

FINAL,N36L,36L,N,4
IF,CF36L,37.487936,61.900839,MR,0.0,0.0,1,2700,0,0,0,0,0,0
CF,FF36L,37.507222,61.900000,0,MR,0.0,0.0,355.0,1.2,1,2700,0,0,0,0,2,0
CF,MR,37.571389,61.899167,0,MR,0.0,0.0,355.0,3.9,2,1490,0,0,0,0,0,0
CF,MN36L,37.587783,61.897100,0,MR,0.0,0.0,355.0,1.0,1,1160,0,0,0,0,3,0
CA,0,355.0,2,1400,0,0,0,0,0,0
VM,0,0,2,175.0,1,2700,0,0,0,0,0,0

FINAL,N36R,36R,N,4
IF,CF36R,37.488256,61.901739,MR,0.0,0.0,1,2700,0,0,0,0,0,0
CF,FF36R,37.507222,61.901667,0,MR,0.0,0.0,355.0,1.1,1,2700,0,0,0,0,2,0
CF,MR,37.571389,61.899167,0,MR,0.0,0.0,355.0,3.9,2,1470,0,0,0,0,0,0
CF,MN36R,37.587572,61.898811,0,MR,0.0,0.0,355.0,1.0,1,1160,0,0,0,0,3,0
CA,0,355.0,2,1400,0,0,0,0,0,0
VM,0,0,2,175.0,1,2700,0,0,0,0,0,0

