APPTR,D08,08,BABMA
IF,BABMA,41.689722,59.585278, ,0.0,0.0,0,0,0,0,0,0,1,0
TF,CF08,41.759722,59.639444,0, ,0.0,0.0,0.0,0.0,1,2000,0,0,0,0,1,0

APPTR,D08,08,BIKDA
IF,BIKDA,41.829722,59.585278, ,0.0,0.0,0,0,0,0,0,0,1,0
TF,CF08,41.759722,59.639444,0, ,0.0,0.0,0.0,0.0,1,2000,0,0,0,0,1,0

FINAL,D08,08,D,3
IF,CF08,41.759722,59.639444,DSH,263.9,7.0,1,2000,0,0,0,0,0,0
CF,FF08,41.759722,59.695000,0,DSH,263.8,4.5,84.0,2.5,1,2000,0,0,0,0,2,0
CF,RW08,41.759944,59.811525,0,DSH,84.3,0.7,84.0,5.2,1,333,0,0,0,0,3,0
CA,0,84.0,2,1000,0,0,0,0,0,0
DF,SURET,41.689722,60.083333,2, ,0.0,0.0,1,2500,0,0,0,0,0,0
TF,ORVIG,41.615833,59.834444,2, ,0.0,0.0,0.0,0.0,0,0,0,0,0,0,0,0
TF,BABMA,41.689722,59.585278,0, ,0.0,0.0,0.0,0.0,0,0,0,0,0,0,0,0

APPTR,D26,26,ADEMU
IF,ADEMU,41.829722,60.083333, ,0.0,0.0,0,0,0,0,0,0,1,0
TF,CF26,41.759722,60.029167,0, ,0.0,0.0,0.0,0.0,1,2000,0,0,0,0,1,0

APPTR,D26,26,SURET
IF,SURET,41.689722,60.083333, ,0.0,0.0,0,0,0,0,0,0,1,0
TF,CF26,41.759722,60.029167,0, ,0.0,0.0,0.0,0.0,1,2000,0,0,0,0,1,0

FINAL,D26,26,D,3
IF,CF26,41.759722,60.029167,DSH,84.0,10.5,1,2000,0,0,0,0,0,0
CF,FF26,41.759722,59.974167,0,DSH,84.1,8.0,264.0,2.5,1,2000,0,0,0,0,2,0
CF,RW26,41.759817,59.857242,0,DSH,84.2,2.8,264.0,5.3,1,334,0,0,0,0,3,0
CA,0,264.0,2,1000,0,0,0,0,0,0
DF,BABMA,41.689722,59.585278,1, ,0.0,0.0,1,2500,0,0,0,0,0,0
TF,ORVIG,41.615833,59.834444,1, ,0.0,0.0,0.0,0.0,0,0,0,0,0,0,0,0
TF,SURET,41.689722,60.083333,0, ,0.0,0.0,0.0,0.0,0,0,0,0,0,0,0,0

APPTR,I08,08,BABMA
IF,BABMA,41.689722,59.585278, ,0.0,0.0,0,0,0,0,0,0,1,0
CF,CF08,41.759722,59.639444,0,IRP,264.1,10.1,24.0,4.9,1,2000,0,0,0,0,1,0

APPTR,I08,08,BIKDA
IF,BIKDA,41.829722,59.585278, ,0.0,0.0,0,0,0,0,0,0,1,0
CF,CF08,41.759722,59.639444,0,IRP,264.1,10.1,144.0,4.9,1,2000,0,0,0,0,1,0

FINAL,I08,08,I,3
IF,CF08,41.759722,59.639444,IRP,264.1,10.1,1,2000,0,0,0,0,0,0
CF,FF08,41.759722,59.695000,0,IRP,264.1,7.6,84.0,2.5,1,2000,0,0,0,0,2,0
CF,RW08,41.759944,59.811525,0,IRP,264.3,2.4,84.0,5.2,1,333,0,0,0,0,3,0
CA,0,84.0,2,1000,0,0,0,0,0,0
DF,SURET,41.689722,60.083333,2, ,0.0,0.0,1,2500,0,0,0,0,0,0
TF,ORVIG,41.615833,59.834444,2, ,0.0,0.0,0.0,0.0,0,0,0,0,0,0,0,0
TF,BABMA,41.689722,59.585278,0, ,0.0,0.0,0.0,0.0,0,0,0,0,0,0,0,0

APPTR,I26,26,ADEMU
IF,ADEMU,41.829722,60.083333, ,0.0,0.0,0,0,0,0,0,0,1,0
CF,CF26,41.759722,60.029167,0,ISH,84.0,10.1,204.0,4.9,1,2000,0,0,0,0,1,0

APPTR,I26,26,SURET
IF,SURET,41.689722,60.083333, ,0.0,0.0,0,0,0,0,0,0,1,0
CF,CF26,41.759722,60.029167,0,ISH,84.0,10.1,324.0,4.9,1,2000,0,0,0,0,1,0

FINAL,I26,26,I,3
IF,CF26,41.759722,60.029167,ISH,84.0,10.1,1,2000,0,0,0,0,0,0
CF,FF26,41.759722,59.974167,0,ISH,84.1,7.6,264.0,2.5,1,2000,0,0,0,0,2,0
CF,RW26,41.759817,59.857242,0,ISH,84.3,2.4,264.0,5.3,1,334,0,0,0,0,3,0
CA,0,264.0,2,1000,0,0,0,0,0,0
DF,BABMA,41.689722,59.585278,1, ,0.0,0.0,1,2500,0,0,0,0,0,0
TF,ORVIG,41.615833,59.834444,1, ,0.0,0.0,0.0,0.0,0,0,0,0,0,0,0,0
TF,SURET,41.689722,60.083333,0, ,0.0,0.0,0.0,0.0,0,0,0,0,0,0,0,0

APPTR,Q08,08,BABMA
IF,BABMA,41.689722,59.585278, ,0.0,0.0,0,0,0,0,0,0,1,0
TF,CF08,41.759722,59.639444,0, ,0.0,0.0,0.0,0.0,1,2000,0,0,0,0,1,0

APPTR,Q08,08,BIKDA
IF,BIKDA,41.829722,59.585278, ,0.0,0.0,0,0,0,0,0,0,1,0
TF,CF08,41.759722,59.639444,0, ,0.0,0.0,0.0,0.0,1,2000,0,0,0,0,1,0

FINAL,Q08,08,N,3
IF,CF08,41.759722,59.639444,RP,0.0,0.0,1,2000,0,0,0,0,0,0
CF,FF08,41.759722,59.695000,0,RP,0.0,0.0,84.0,2.5,1,2000,0,0,0,0,2,0
CF,R,41.759722,59.799444,0,DSH,0.0,0.2,84.0,4.7,1,505,0,0,0,0,3,0
CA,0,84.0,2,1000,0,0,0,0,0,0
DF,SURET,41.689722,60.083333,2, ,0.0,0.0,1,2500,0,0,0,0,0,0
TF,ORVIG,41.615833,59.834444,2, ,0.0,0.0,0.0,0.0,0,0,0,0,0,0,0,0
TF,BABMA,41.689722,59.585278,0, ,0.0,0.0,0.0,0.0,0,0,0,0,0,0,0,0

APPTR,Q26,26,ADEMU
IF,ADEMU,41.829722,60.083333, ,0.0,0.0,0,0,0,0,0,0,1,0
TF,CF26,41.759722,60.029167,0, ,0.0,0.0,0.0,0.0,1,2000,0,0,0,0,1,0

APPTR,Q26,26,SURET
IF,SURET,41.689722,60.083333, ,0.0,0.0,0,0,0,0,0,0,1,0
TF,CF26,41.759722,60.029167,0, ,0.0,0.0,0.0,0.0,1,2000,0,0,0,0,1,0

FINAL,Q26,26,N,3
IF,CF26,41.759722,60.029167,R,0.0,0.0,1,2000,0,0,0,0,0,0
CF,FF26,41.759722,59.974167,0,R,0.0,0.0,264.0,2.5,1,2000,0,0,0,0,2,0
CF,RW26,41.759817,59.857242,0,DSH,0.0,2.8,264.0,5.3,1,334,0,0,0,0,3,0
CA,0,264.0,2,1000,0,0,0,0,0,0
DF,BABMA,41.689722,59.585278,1, ,0.0,0.0,1,2500,0,0,0,0,0,0
TF,ORVIG,41.615833,59.834444,1, ,0.0,0.0,0.0,0.0,0,0,0,0,0,0,0,0
TF,SURET,41.689722,60.083333,0, ,0.0,0.0,0.0,0.0,0,0,0,0,0,0,0,0

