SID,LULE2E,12,2
CA,0,116.0,2,1350,0,0,0,0,0,0
CI,2, ,0.0,224.0,0,0,0,0,0,0,0,0
CF,LULED,51.184722,36.043056,0,IWV,243.5,125.2,183.0,27.0,2,6000,0,0,0,0,0,0

SID,LULE2F,12,2
CA,0,116.0,2,1350,0,0,0,0,0,0
CI,2, ,0.0,226.0,0,0,0,0,0,0,0,0
CF,LULED,51.184722,36.043056,0,IWV,243.5,125.2,186.0,29.0,2,6000,0,0,0,0,0,0

SID,LULE2G,30,2
CA,0,296.0,2,2660,0,0,0,0,0,0
CI,1, ,0.0,152.0,0,0,0,0,0,0,0,0
CF,LULED,51.184722,36.043056,0,IWV,243.5,125.2,193.0,23.0,2,6000,0,0,0,0,0,0

SID,LULE2H,30,2
CA,0,296.0,2,2660,0,0,0,0,0,0
CI,1, ,0.0,150.0,0,0,0,0,0,0,0,0
CF,LULED,51.184722,36.043056,0,IWV,243.5,125.2,190.0,25.0,2,6000,0,0,0,0,0,0

SID,LURE2E,12,2
CA,0,116.0,2,1350,0,0,0,0,0,0
CI,1, ,0.0,335.0,0,0,0,0,0,0,0,0
CF,LUREM,52.398056,36.556389,0,IWV,280.4,104.6,9.0,30.0,2,5000,0,0,0,0,0,0

SID,LURE2F,12,2
CA,0,116.0,2,1350,0,0,0,0,0,0
CI,1, ,0.0,333.0,0,0,0,0,0,0,0,0
CF,LUREM,52.398056,36.556389,0,IWV,280.4,104.6,8.0,31.0,2,5000,0,0,0,0,0,0

SID,LURE2G,30,2
CA,0,296.0,2,1350,0,0,0,0,0,0
CI,2, ,0.0,37.0,0,0,0,0,0,0,0,0
CF,LUREM,52.398056,36.556389,0,IWV,280.4,104.6,2.0,31.0,2,5000,0,0,0,0,0,0

SID,LURE2H,30,2
CA,0,296.0,2,1350,0,0,0,0,0,0
CI,2, ,0.0,39.0,0,0,0,0,0,0,0,0
CF,LUREM,52.398056,36.556389,0,IWV,280.4,104.6,4.0,33.0,2,5000,0,0,0,0,0,0

SID,OBES2E,12,2
CA,0,116.0,2,1350,0,0,0,0,0,0
CI,0, ,0.0,33.0,0,0,0,0,0,0,0,0
CF,OBESI,51.888056,36.944722,0,IWV,263.6,84.9,67.0,20.0,2,5000,0,0,0,0,0,0

SID,OBES2F,12,2
CA,0,116.0,2,1350,0,0,0,0,0,0
CI,0, ,0.0,30.0,0,0,0,0,0,0,0,0
CF,OBESI,51.888056,36.944722,0,IWV,263.6,84.9,65.0,20.0,2,5000,0,0,0,0,0,0

SID,OBES2G,30,2
CA,0,296.0,2,1350,0,0,0,0,0,0
CI,2, ,0.0,98.0,0,0,0,0,0,0,0,0
CF,OBESI,51.888056,36.944722,0,IWV,263.6,84.9,58.0,17.0,2,5000,0,0,0,0,0,0

SID,OBES2H,30,2
CA,0,296.0,2,1350,0,0,0,0,0,0
CI,2, ,0.0,96.0,0,0,0,0,0,0,0,0
CF,OBESI,51.888056,36.944722,0,IWV,263.6,84.9,61.0,18.0,2,5000,0,0,0,0,0,0

SID,ROGU2E,12,2
CA,0,116.0,2,1350,0,0,0,0,0,0
CI,1, ,0.0,297.0,0,0,0,0,0,0,0,0
CF,ROGUS,52.531389,35.649722,0,IWV,279.3,138.7,326.0,44.0,2,6000,0,0,0,0,0,0

SID,ROGU2F,12,2
CA,0,116.0,2,1350,0,0,0,0,0,0
CI,1, ,0.0,296.0,0,0,0,0,0,0,0,0
CF,ROGUS,52.531389,35.649722,0,IWV,279.3,138.7,326.0,44.0,2,6000,0,0,0,0,0,0

SID,ROGU2G,30,2
CA,0,296.0,2,1350,0,0,0,0,0,0
CI,0, ,0.0,349.0,0,0,0,0,0,0,0,0
CF,ROGUS,52.531389,35.649722,0,IWV,279.3,138.7,324.0,48.0,2,6000,0,0,0,0,0,0

SID,ROGU2H,30,2
CA,0,296.0,2,1350,0,0,0,0,0,0
CI,0, ,0.0,345.0,0,0,0,0,0,0,0,0
CF,ROGUS,52.531389,35.649722,0,IWV,279.3,138.7,325.0,49.0,2,6000,0,0,0,0,0,0

STAR,AMKA2A,12,2
IF,AMKAT,51.429722,36.876389, ,0.0,0.0,2,6000,0,0,0,0,0,0
TF,GE,51.777083,36.231944,0, ,0.0,0.0,0.0,0.0,1,2960,0,0,0,0,0,0

STAR,AMKA2B,12,2
IF,AMKAT,51.429722,36.876389, ,0.0,0.0,2,6000,0,0,0,0,0,0
TF,G,51.761889,36.268500,0, ,0.0,0.0,0.0,0.0,1,2960,0,0,0,0,0,0

STAR,AMKA2C,30,2
IF,AMKAT,51.429722,36.876389, ,0.0,0.0,2,6000,0,0,0,0,0,0
TF,WA,51.724694,36.357694,0, ,0.0,0.0,0.0,0.0,1,2990,0,0,0,0,0,0

STAR,AMKA2D,30,2
IF,AMKAT,51.429722,36.876389, ,0.0,0.0,2,6000,0,0,0,0,0,0
TF,W,51.739028,36.323278,0, ,0.0,0.0,0.0,0.0,1,2990,0,0,0,0,0,0

STAR,KUKO2A,12,2
IF,KUKON,51.651389,36.926389, ,0.0,0.0,2,6000,0,0,0,0,0,0
TF,GE,51.777083,36.231944,0, ,0.0,0.0,0.0,0.0,1,2960,0,0,0,0,0,0

STAR,KUKO2B,12,2
IF,KUKON,51.651389,36.926389, ,0.0,0.0,2,6000,0,0,0,0,0,0
TF,G,51.761889,36.268500,0, ,0.0,0.0,0.0,0.0,1,2960,0,0,0,0,0,0

STAR,KUKO2C,30,2
IF,KUKON,51.651389,36.926389, ,0.0,0.0,2,6000,0,0,0,0,0,0
TF,WA,51.724694,36.357694,0, ,0.0,0.0,0.0,0.0,1,2990,0,0,0,0,0,0

STAR,KUKO2D,30,2
IF,KUKON,51.651389,36.926389, ,0.0,0.0,2,6000,0,0,0,0,0,0
TF,W,51.739028,36.323278,0, ,0.0,0.0,0.0,0.0,1,2990,0,0,0,0,0,0

STAR,ULNE2A,12,2
IF,ULNER,52.431389,36.188056, ,0.0,0.0,2,6000,0,0,0,0,0,0
TF,GE,51.777083,36.231944,0, ,0.0,0.0,0.0,0.0,1,2960,0,0,0,0,0,0

STAR,ULNE2B,12,2
IF,ULNER,52.431389,36.188056, ,0.0,0.0,2,6000,0,0,0,0,0,0
TF,G,51.761889,36.268500,0, ,0.0,0.0,0.0,0.0,1,2960,0,0,0,0,0,0

STAR,ULNE2C,30,2
IF,ULNER,52.431389,36.188056, ,0.0,0.0,2,6000,0,0,0,0,0,0
TF,WA,51.724694,36.357694,0, ,0.0,0.0,0.0,0.0,1,2990,0,0,0,0,0,0

STAR,ULNE2D,30,2
IF,ULNER,52.431389,36.188056, ,0.0,0.0,2,6000,0,0,0,0,0,0
TF,W,51.739028,36.323278,0, ,0.0,0.0,0.0,0.0,1,2990,0,0,0,0,0,0

APPTR,I30-Y,30,WA1
IF,WA,51.724694,36.357694, ,0.0,0.0,1,2990,0,0,0,0,1,0
FC,WA,51.724694,36.357694,0,BL,0.0,0.0,149.0,5.8,1,2660,0,0,0,0,0,1
CF,CF30,51.670764,36.486353,1,IWA,115.9,9.7,296.0,1.0,1,2660,0,0,0,0,0,0

APPTR,I30-Y,30,WA2
IF,WA,51.724694,36.357694, ,0.0,0.0,1,2990,0,0,0,0,1,0
FC,WA,51.724694,36.357694,0,BL,0.0,0.0,131.0,5.8,1,2660,0,0,0,0,0,1
CF,CF30,51.670764,36.486353,1,IWA,115.9,9.7,296.0,1.0,1,2660,0,0,0,0,0,0

FINAL,I30-Y,30,I,3
IF,CF30,51.670764,36.486353,IWA,115.9,9.7,1,2660,0,0,0,0,0,0
CF,FI30,51.689444,36.441944,0,IWA,115.9,7.7,296.0,2.0,1,2660,0,0,0,0,2,0
CF,RW30,51.744339,36.310606,0,IWA,115.9,1.8,296.0,5.9,1,738,0,0,0,0,3,0
CA,0,296.0,2,1350,0,0,0,0,0,0
VM,0,0,2,116.0,1,2660,0,0,0,0,0,0

APPTR,I30-Z,30,W1
IF,W,51.739028,36.323278, ,0.0,0.0,1,2990,0,0,0,0,1,0
FC,W,51.739028,36.323278,0,BL,0.0,0.0,144.0,7.0,1,2660,0,0,0,0,0,1
CF,CF30,51.670764,36.486353,1,IWA,115.9,9.7,296.0,1.0,1,2660,0,0,0,0,0,0

APPTR,I30-Z,30,W2
IF,W,51.739028,36.323278, ,0.0,0.0,1,2990,0,0,0,0,1,0
FC,W,51.739028,36.323278,0,BL,0.0,0.0,128.0,7.0,1,2660,0,0,0,0,0,1
CF,CF30,51.670764,36.486353,1,IWA,115.9,9.7,296.0,1.0,1,2660,0,0,0,0,0,0

FINAL,I30-Z,30,I,3
IF,CF30,51.670764,36.486353,IWA,115.9,9.7,1,2660,0,0,0,0,0,0
CF,FI30,51.689444,36.441944,0,IWA,115.9,7.7,296.0,2.0,1,2660,0,0,0,0,2,0
CF,RW30,51.744339,36.310606,0,IWA,115.9,1.8,296.0,5.9,1,738,0,0,0,0,3,0
CA,0,296.0,2,1350,0,0,0,0,0,0
VM,0,0,2,116.0,1,2660,0,0,0,0,0,0

APPTR,N12-Y,12,GE1
IF,GE,51.777083,36.231944, ,0.0,0.0,1,2960,0,0,0,0,1,0
FC,GE,51.777083,36.231944,0,BL,0.0,0.0,333.0,5.3,1,2630,0,0,0,0,0,1
CF,FN12,51.820278,36.129167,1,BL,337.9,73.4,116.0,1.0,1,2630,0,0,0,0,0,0

APPTR,N12-Y,12,GE2
IF,GE,51.777083,36.231944, ,0.0,0.0,1,2960,0,0,0,0,1,0
FC,GE,51.777083,36.231944,0,BL,0.0,0.0,311.0,5.3,1,2630,0,0,0,0,0,1
CF,FN12,51.820278,36.129167,1,BL,337.9,73.4,116.0,1.0,1,2630,0,0,0,0,0,0

FINAL,N12-Y,12,N,3
IF,FN12,51.820278,36.129167,GE,0.0,0.0,1,2630,0,0,0,0,2,0
CF,GE,51.777083,36.231944,0,GE,0.0,0.0,116.0,4.6,1,1320,0,0,0,0,0,0
CF,G,51.761889,36.268500,0,GE,0.0,0.0,116.0,1.6,1,861,0,0,0,0,3,0
CA,0,116.0,2,1450,0,0,0,0,0,0
VM,0,0,1,296.0,1,2630,0,0,0,0,0,0

APPTR,N12-Z,12,G1
IF,G,51.761889,36.268500, ,0.0,0.0,1,2960,0,0,0,0,1,0
FC,G,51.761889,36.268500,0,BL,0.0,0.0,324.0,7.0,1,2630,0,0,0,0,0,1
CF,FN12,51.820278,36.129167,1,BL,337.9,73.4,116.0,1.0,1,2630,0,0,0,0,0,0

APPTR,N12-Z,12,G2
IF,G,51.761889,36.268500, ,0.0,0.0,1,2960,0,0,0,0,1,0
FC,G,51.761889,36.268500,0,BL,0.0,0.0,308.0,7.0,1,2630,0,0,0,0,0,1
CF,FN12,51.820278,36.129167,1,BL,337.9,73.4,116.0,1.0,1,2630,0,0,0,0,0,0

FINAL,N12-Z,12,N,3
IF,FN12,51.820278,36.129167,G,0.0,0.0,1,2630,0,0,0,0,2,0
CF,GE,51.777083,36.231944,0,G,0.0,0.0,116.0,4.6,1,1320,0,0,0,0,0,0
CF,G,51.761889,36.268500,0,G,0.0,0.0,116.0,1.6,1,861,0,0,0,0,3,0
CA,0,116.0,2,1450,0,0,0,0,0,0
VM,0,0,1,296.0,1,2630,0,0,0,0,0,0

APPTR,N30-Y,30,WA1
IF,WA,51.724694,36.357694, ,0.0,0.0,1,2990,0,0,0,0,1,0
FC,WA,51.724694,36.357694,0,BL,0.0,0.0,149.0,5.8,1,2660,0,0,0,0,0,1
CF,CF30,51.670764,36.486353,1,BL,347.8,62.3,296.0,1.0,1,2660,0,0,0,0,0,0

APPTR,N30-Y,30,WA2
IF,WA,51.724694,36.357694, ,0.0,0.0,1,2990,0,0,0,0,1,0
FC,WA,51.724694,36.357694,0,BL,0.0,0.0,131.0,5.8,1,2660,0,0,0,0,0,1
CF,CF30,51.670764,36.486353,1,BL,347.8,62.3,296.0,1.0,1,2660,0,0,0,0,0,0

FINAL,N30-Y,30,N,4
IF,CF30,51.670764,36.486353,WA,0.0,0.0,1,2660,0,0,0,0,0,0
CF,FN30,51.688056,36.444722,0,WA,0.0,0.0,296.0,1.9,1,2660,0,0,0,0,2,0
CF,WA,51.724694,36.357694,0,WA,0.0,0.0,296.0,3.9,1,1420,0,0,0,0,0,0
CF,W,51.739028,36.323278,0,WA,0.0,0.0,296.0,1.6,1,920,0,0,0,0,3,0
CA,0,296.0,2,1350,0,0,0,0,0,0
VM,0,0,2,116.0,1,2660,0,0,0,0,0,0

APPTR,N30-Z,30,W1
IF,W,51.739028,36.323278, ,0.0,0.0,1,2990,0,0,0,0,1,0
FC,W,51.739028,36.323278,0,BL,0.0,0.0,144.0,7.0,1,2660,0,0,0,0,0,1
CF,CF30,51.670764,36.486353,1,BL,347.8,62.3,296.0,1.0,1,2660,0,0,0,0,0,0

APPTR,N30-Z,30,W2
IF,W,51.739028,36.323278, ,0.0,0.0,1,2990,0,0,0,0,1,0
FC,W,51.739028,36.323278,0,BL,0.0,0.0,128.0,7.0,1,2660,0,0,0,0,0,1
CF,CF30,51.670764,36.486353,1,BL,347.8,62.3,296.0,1.0,1,2660,0,0,0,0,0,0

FINAL,N30-Z,30,N,4
IF,CF30,51.670764,36.486353,W,0.0,0.0,1,2660,0,0,0,0,0,0
CF,FN30,51.688056,36.444722,0,W,0.0,0.0,296.0,1.9,1,2660,0,0,0,0,2,0
CF,WA,51.724694,36.357694,0,W,0.0,0.0,296.0,3.9,1,1420,0,0,0,0,0,0
CF,W,51.739028,36.323278,0,W,0.0,0.0,296.0,1.6,1,920,0,0,0,0,3,0
CA,0,296.0,2,1350,0,0,0,0,0,0
VM,0,0,2,116.0,1,2660,0,0,0,0,0,0

