SID,GIGE1J,13,5
DF,DER13,65.994450,57.378139,0, ,0.0,0.0,0,0,0,0,0,0,0,0
CA,0,134.0,2,750,0,0,0,0,0,0
DF,GIGES,65.923056,56.510556,2, ,0.0,0.0,2,6000,0,0,0,0,0,0

SID,GIGE1K,31,5
DF,DER31,66.015061,57.356411,0, ,0.0,0.0,0,0,0,0,0,0,0,0
CA,0,314.0,2,730,0,0,0,0,0,0
DF,GIGES,65.923056,56.510556,0, ,0.0,0.0,2,6000,0,0,0,0,0,0

SID,GIGES1,13,2
CA,0,134.0,2,910,0,0,0,0,0,0
VI,0, ,0.0,204.0,0,0,0,0,0,0,0,0
CF,GIGES,65.923056,56.510556,0,NRM,118.4,131.1,249.0,20.0,1,6000,0,0,0,0,0,0

SID,GIGES3,31,2
CA,0,314.0,2,900,0,0,0,0,0,0
CF,GIGES,65.923056,56.510556,1,NRM,118.4,131.1,223.0,19.0,1,6000,0,0,0,0,0,0

SID,IDED1J,13,5
DF,DER13,65.994450,57.378139,0, ,0.0,0.0,0,0,0,0,0,0,0,0
CA,0,134.0,2,750,0,0,0,0,0,0
DF,IDEDA,66.262222,56.750833,2, ,0.0,0.0,2,6000,0,0,0,0,0,0

SID,IDED1K,31,5
DF,DER31,66.015061,57.356411,0, ,0.0,0.0,0,0,0,0,0,0,0,0
CA,0,314.0,2,730,0,0,0,0,0,0
DF,IDEDA,66.262222,56.750833,0, ,0.0,0.0,2,6000,0,0,0,0,0,0

SID,IDEDA1,13,2
CA,0,134.0,2,910,0,0,0,0,0,0
CF,IDEDA,66.262222,56.750833,2,NRM,110.3,119.3,305.0,23.0,1,6000,0,0,0,0,0,0

SID,IDEDA3,31,2
CA,0,314.0,2,900,0,0,0,0,0,0
CF,IDEDA,66.262222,56.750833,0,NRM,110.3,119.3,291.0,19.0,1,6000,0,0,0,0,0,0

SID,NILO1J,13,5
DF,DER13,65.994450,57.378139,0, ,0.0,0.0,0,0,0,0,0,0,0,0
CA,0,134.0,2,750,0,0,0,0,0,0
DF,NILOL,65.806111,56.636389,0, ,0.0,0.0,2,6000,0,0,0,0,0,0

SID,NILO1K,31,5
DF,DER31,66.015061,57.356411,0, ,0.0,0.0,0,0,0,0,0,0,0,0
CA,0,314.0,2,730,0,0,0,0,0,0
DF,NILOL,65.806111,56.636389,1, ,0.0,0.0,2,6000,0,0,0,0,0,0

SID,NILOL1,13,2
CA,0,134.0,2,910,0,0,0,0,0,0
VI,0, ,0.0,182.0,0,0,0,0,0,0,0,0
CF,NILOL,65.806111,56.636389,0,NRM,119.1,138.6,227.0,18.0,1,6000,0,0,0,0,0,0

SID,NILOL3,31,2
CA,0,314.0,2,900,0,0,0,0,0,0
CF,NILOL,65.806111,56.636389,1,NRM,119.1,138.6,201.0,19.0,1,6000,0,0,0,0,0,0

SID,ODEK1J,13,5
DF,DER13,65.994450,57.378139,0, ,0.0,0.0,0,0,0,0,0,0,0,0
CA,0,134.0,2,750,0,0,0,0,0,0
DF,ODEKI,65.704722,56.887500,0, ,0.0,0.0,2,6000,0,0,0,0,0,0

SID,ODEK1K,31,5
DF,DER31,66.015061,57.356411,0, ,0.0,0.0,0,0,0,0,0,0,0,0
CA,0,314.0,2,730,0,0,0,0,0,0
DF,ODEKI,65.704722,56.887500,1, ,0.0,0.0,2,6000,0,0,0,0,0,0

SID,ODEKI1,13,2
CA,0,134.0,2,910,0,0,0,0,0,0
VI,0, ,0.0,170.0,0,0,0,0,0,0,0,0
CF,ODEKI,65.704722,56.887500,0,NRM,118.5,147.2,200.0,18.0,1,6000,0,0,0,0,0,0

SID,ODEKI3,31,2
CA,0,314.0,2,900,0,0,0,0,0,0
CF,ODEKI,65.704722,56.887500,1,NRM,118.5,147.2,178.0,21.0,1,6000,0,0,0,0,0,0

SID,PIMI1J,13,5
DF,DER13,65.994450,57.378139,0, ,0.0,0.0,0,0,0,0,0,0,0,0
CA,0,134.0,2,750,0,0,0,0,0,0
DF,PIMID,65.673056,57.276667,0, ,0.0,0.0,2,6000,0,0,0,0,0,0

SID,PIMI1K,31,5
DF,DER31,66.015061,57.356411,0, ,0.0,0.0,0,0,0,0,0,0,0,0
CA,0,314.0,2,730,0,0,0,0,0,0
DF,PIMID,65.673056,57.276667,1, ,0.0,0.0,2,6000,0,0,0,0,0,0

SID,PIMID1,13,2
CA,0,134.0,2,910,0,0,0,0,0,0
VI,0, ,0.0,140.0,0,0,0,0,0,0,0,0
CF,PIMID,65.673056,57.276667,0,NRM,116.0,154.5,170.0,17.0,1,6000,0,0,0,0,0,0

SID,PIMID3,31,2
CA,0,314.0,2,900,0,0,0,0,0,0
CF,PIMID,65.673056,57.276667,1,NRM,116.0,154.5,151.0,21.0,1,6000,0,0,0,0,0,0

SID,PINE1J,13,5
DF,DER13,65.994450,57.378139,0, ,0.0,0.0,0,0,0,0,0,0,0,0
CF,YS015,65.911472,57.465222,0,NRM,111.1,146.6,134.0,5.0,0,0,0,1,210,0,0,1
DF,YS016,65.982028,57.839972,1, ,0.0,0.0,0,0,0,0,0,0,0,0
TF,PINEB,66.195278,58.116667,0, ,0.0,0.0,0.0,0.0,2,6000,0,0,0,0,0,0

SID,PINE1K,31,5
DF,DER31,66.015061,57.356411,0, ,0.0,0.0,0,0,0,0,0,0,0,0
CA,0,314.0,2,730,0,0,0,0,0,0
DF,PINEB,66.195278,58.116667,0, ,0.0,0.0,2,6000,0,0,0,0,0,0

SID,PINEB1,13,2
CA,0,134.0,2,910,0,0,0,0,0,0
CF,UL,66.047472,57.321806,2,NRM,109.9,138.3,354.0,5.0,0,0,0,0,0,0,0,1
CF,PINEB,66.195278,58.116667,0,NRM,102.0,146.7,46.0,20.0,1,6000,0,0,0,0,0,0

SID,PINEB3,31,2
CA,0,314.0,2,900,0,0,0,0,0,0
CF,PINEB,66.195278,58.116667,2,NRM,102.0,146.7,48.0,20.0,1,6000,0,0,0,0,0,0

SID,TIPO1J,13,5
DF,DER13,65.994450,57.378139,0, ,0.0,0.0,0,0,0,0,0,0,0,0
CF,YS015,65.911472,57.465222,0,NRM,111.1,146.6,134.0,5.0,0,0,0,1,210,0,0,1
DF,YS016,65.982028,57.839972,1, ,0.0,0.0,0,0,0,0,0,0,0,0
TF,TIPOG,66.026389,58.247222,0, ,0.0,0.0,0.0,0.0,2,6000,0,0,0,0,0,0

SID,TIPO1K,31,5
DF,DER31,66.015061,57.356411,0, ,0.0,0.0,0,0,0,0,0,0,0,0
CA,0,314.0,2,730,0,0,0,0,0,0
DF,TIPOG,66.026389,58.247222,2, ,0.0,0.0,2,6000,0,0,0,0,0,0

SID,TIPOG1,13,2
CA,0,134.0,2,910,0,0,0,0,0,0
CF,UL,66.047472,57.321806,2,NRM,109.9,138.3,354.0,5.0,0,0,0,0,0,0,0,1
CF,TIPOG,66.026389,58.247222,0,NRM,104.2,155.7,76.0,22.0,1,6000,0,0,0,0,0,0

SID,TIPOG3,31,2
CA,0,314.0,2,900,0,0,0,0,0,0
VI,2, ,0.0,48.0,0,0,0,0,0,0,0,0
CF,TIPOG,66.026389,58.247222,0,NRM,104.2,155.7,78.0,19.0,1,6000,0,0,0,0,0,0

SID,UNKA1J,13,5
DF,DER13,65.994450,57.378139,0, ,0.0,0.0,0,0,0,0,0,0,0,0
CF,YS015,65.911472,57.465222,0,NRM,111.1,146.6,134.0,5.0,0,0,0,1,210,0,0,1
DF,YS016,65.982028,57.839972,1, ,0.0,0.0,0,0,0,0,0,0,0,0
TF,UNKAD,66.361389,57.461944,0, ,0.0,0.0,0.0,0.0,2,6000,0,0,0,0,0,0

SID,UNKA1K,31,5
DF,DER31,66.015061,57.356411,0, ,0.0,0.0,0,0,0,0,0,0,0,0
CA,0,314.0,2,730,0,0,0,0,0,0
DF,UNKAD,66.361389,57.461944,0, ,0.0,0.0,2,6000,0,0,0,0,0,0

SID,UNKAD1,13,2
CA,0,134.0,2,910,0,0,0,0,0,0
CF,UL,66.047472,57.321806,2,NRM,109.9,138.3,354.0,5.0,0,0,0,0,0,0,0,0
TF,UNKAD,66.361389,57.461944,0, ,0.0,0.0,0.0,0.0,1,6000,0,0,0,0,0,0

SID,UNKAD3,31,2
CA,0,314.0,2,900,0,0,0,0,0,0
CF,UNKAD,66.361389,57.461944,0,NRM,102.9,128.1,348.0,19.0,1,6000,0,0,0,0,0,0

STAR,GIGE1L,13,5
IF,GIGES,65.923056,56.510556, ,0.0,0.0,2,6000,0,0,0,0,0,0
TF,YS001,66.119389,56.977806,0, ,0.0,0.0,0.0,0.0,4,5000,2240,0,0,0,0,0

STAR,GIGE1M,31,5
IF,GIGES,65.923056,56.510556, ,0.0,0.0,2,6000,0,0,0,0,0,0
TF,YS010,65.810444,57.306167,0, ,0.0,0.0,0.0,0.0,4,5000,2240,0,0,0,0,0

STAR,GIGE2A,13,2
IF,GIGES,65.923056,56.510556, ,0.0,0.0,1,6000,0,0,0,0,0,0
TF,D292H,66.140556,57.084444,0, ,0.0,0.0,0.0,0.0,1,1900,0,0,0,0,0,1
CF,D129F,66.129444,57.212500,0,NRM,109.2,132.9,89.0,2.0,1,1900,0,0,0,0,0,1
CF,CF13,66.106267,57.259822,0,NRM,109.3,134.7,134.0,1.0,1,1570,0,0,0,0,0,0

STAR,GIGE2B,13,2
IF,GIGES,65.923056,56.510556, ,0.0,0.0,1,6000,0,0,0,0,0,0
TF,UL,66.047472,57.321806,0, ,0.0,0.0,0.0,0.0,0,0,0,0,0,0,0,1
FC,UL,66.047472,57.321806,1,NRM,0.0,0.0,314.0,3.5,0,0,0,0,0,0,0,1
DF,UL,66.047472,57.321806,1, ,0.0,0.0,0,0,0,0,0,0,0,1
CF,D104H,66.121389,57.074444,2,NRM,110.4,130.9,314.0,9.0,1,1900,0,0,0,0,0,0

STAR,GIGE4A,31,2
IF,GIGES,65.923056,56.510556, ,0.0,0.0,1,6000,0,0,0,0,0,0
TF,D159H,65.821667,57.407778,0, ,0.0,0.0,0.0,0.0,1,1880,0,0,0,0,0,1
CF,D319F,65.865556,57.489722,0,NRM,111.7,149.1,359.0,2.0,1,1880,0,0,0,0,0,1
CF,FN31,65.933889,57.441667,0,NRM,110.9,145.3,314.0,3.0,1,1550,0,0,0,0,0,0

STAR,GIGE4B,31,2
IF,GIGES,65.923056,56.510556, ,0.0,0.0,1,6000,0,0,0,0,0,0
TF,YT,65.962278,57.412306,0, ,0.0,0.0,0.0,0.0,0,0,0,0,0,0,0,0
FC,YT,65.962278,57.412306,0,NRM,0.0,0.0,134.0,3.5,0,0,0,0,0,0,0,1
DF,YT,65.962278,57.412306,2, ,0.0,0.0,0,0,0,0,0,0,0,1
CF,D343G,65.830833,57.382222,1,NRM,113.0,148.9,134.0,10.0,1,1880,0,0,0,0,0,0

STAR,IDED1L,13,5
IF,IDEDA,66.262222,56.750833, ,0.0,0.0,2,6000,0,0,0,0,0,0
TF,YS002,66.249639,57.106417,0, ,0.0,0.0,0.0,0.0,4,5000,2240,0,0,0,0,0

STAR,IDED1M,31,5
IF,IDEDA,66.262222,56.750833, ,0.0,0.0,2,6000,0,0,0,0,0,0
TF,YS010,65.810444,57.306167,0, ,0.0,0.0,0.0,0.0,4,5000,2240,0,0,0,0,0

STAR,IDED2A,13,2
IF,IDEDA,66.262222,56.750833, ,0.0,0.0,1,6000,0,0,0,0,0,0
TF,D312E,66.126389,57.226667,0, ,0.0,0.0,0.0,0.0,1,1900,0,0,0,0,0,1
CF,CF13,66.106267,57.259822,0,NRM,109.3,134.7,134.0,1.0,1,1570,0,0,0,0,0,0

STAR,IDED2B,13,2
IF,IDEDA,66.262222,56.750833, ,0.0,0.0,1,6000,0,0,0,0,0,0
TF,UL,66.047472,57.321806,0, ,0.0,0.0,0.0,0.0,0,0,0,0,0,0,0,1
CF,D104H,66.121389,57.074444,2,NRM,110.4,130.9,314.0,8.0,1,1900,0,0,0,0,0,0

STAR,IDED4A,31,2
IF,IDEDA,66.262222,56.750833, ,0.0,0.0,1,6000,0,0,0,0,0,0
TF,D163H,65.829167,57.384444,0, ,0.0,0.0,0.0,0.0,1,1880,0,0,0,0,0,1
CF,D319F,65.865556,57.489722,1,NRM,111.7,149.1,359.0,2.0,1,1880,0,0,0,0,0,1
CF,FN31,65.933889,57.441667,0,NRM,110.9,145.3,314.0,3.0,1,1550,0,0,0,0,0,0

STAR,IDED4B,31,2
IF,IDEDA,66.262222,56.750833, ,0.0,0.0,1,6000,0,0,0,0,0,0
TF,YT,65.962278,57.412306,0, ,0.0,0.0,0.0,0.0,0,0,0,0,0,0,0,0
FC,YT,65.962278,57.412306,0,NRM,0.0,0.0,134.0,3.5,0,0,0,0,0,0,0,1
DF,YT,65.962278,57.412306,2, ,0.0,0.0,0,0,0,0,0,0,0,1
CF,D343G,65.830833,57.382222,1,NRM,113.0,148.9,134.0,10.0,1,1880,0,0,0,0,0,0

STAR,NILO1L,13,5
IF,NILOL,65.806111,56.636389, ,0.0,0.0,2,6000,0,0,0,0,0,0
TF,YS001,66.119389,56.977806,0, ,0.0,0.0,0.0,0.0,4,5000,2240,0,0,0,0,0

STAR,NILO1M,31,5
IF,NILOL,65.806111,56.636389, ,0.0,0.0,2,6000,0,0,0,0,0,0
TF,YS010,65.810444,57.306167,0, ,0.0,0.0,0.0,0.0,4,5000,2240,0,0,0,0,0

STAR,NILO2A,13,2
IF,NILOL,65.806111,56.636389, ,0.0,0.0,1,6000,0,0,0,0,0,0
TF,D289H,66.135833,57.075556,0, ,0.0,0.0,0.0,0.0,1,1900,0,0,0,0,0,1
CF,D129F,66.129444,57.212500,0,NRM,109.2,132.9,89.0,2.0,1,1900,0,0,0,0,0,1
CF,CF13,66.106267,57.259822,0,NRM,109.3,134.7,134.0,1.0,1,1570,0,0,0,0,0,0

STAR,NILO2B,13,2
IF,NILOL,65.806111,56.636389, ,0.0,0.0,1,6000,0,0,0,0,0,0
TF,UL,66.047472,57.321806,0, ,0.0,0.0,0.0,0.0,0,0,0,0,0,0,0,0
FC,UL,66.047472,57.321806,0,NRM,0.0,0.0,314.0,3.5,0,0,0,0,0,0,0,1
DF,UL,66.047472,57.321806,1, ,0.0,0.0,0,0,0,0,0,0,0,1
CF,D104H,66.121389,57.074444,2,NRM,110.4,130.9,314.0,9.0,1,1900,0,0,0,0,0,0

STAR,NILO4A,31,2
IF,NILOL,65.806111,56.636389, ,0.0,0.0,1,6000,0,0,0,0,0,0
TF,D157I,65.820833,57.421389,0, ,0.0,0.0,0.0,0.0,1,1880,0,0,0,0,0,1
CF,D319F,65.865556,57.489722,0,NRM,111.7,149.1,359.0,2.0,1,1880,0,0,0,0,0,1
CF,FN31,65.933889,57.441667,0,NRM,110.9,145.3,314.0,3.0,1,1550,0,0,0,0,0,0

STAR,NILO4B,31,2
IF,NILOL,65.806111,56.636389, ,0.0,0.0,1,6000,0,0,0,0,0,0
TF,YT,65.962278,57.412306,0, ,0.0,0.0,0.0,0.0,0,0,0,0,0,0,0,1
FC,YT,65.962278,57.412306,2,NRM,0.0,0.0,134.0,3.5,0,0,0,0,0,0,0,1
DF,YT,65.962278,57.412306,2, ,0.0,0.0,0,0,0,0,0,0,0,1
CF,D163H,65.829167,57.384444,1,NRM,113.0,149.0,134.0,10.0,1,1880,0,0,0,0,0,0

STAR,ODEK1L,13,5
IF,ODEKI,65.704722,56.887500, ,0.0,0.0,2,6000,0,0,0,0,0,0
TF,YS001,66.119389,56.977806,0, ,0.0,0.0,0.0,0.0,4,5000,2240,0,0,0,0,0

STAR,ODEK1M,31,5
IF,ODEKI,65.704722,56.887500, ,0.0,0.0,2,6000,0,0,0,0,0,0
TF,YS010,65.810444,57.306167,0, ,0.0,0.0,0.0,0.0,4,5000,2240,0,0,0,0,0

STAR,ODEK2A,13,2
IF,ODEKI,65.704722,56.887500, ,0.0,0.0,1,6000,0,0,0,0,0,0
TF,D287H,66.130556,57.071111,0, ,0.0,0.0,0.0,0.0,1,1900,0,0,0,0,0,1
CF,D129F,66.129444,57.212500,2,NRM,109.2,132.9,89.0,2.0,1,1900,0,0,0,0,0,1
CF,CF13,66.106267,57.259822,0,NRM,109.3,134.7,134.0,1.0,1,1570,0,0,0,0,0,0

STAR,ODEK2B,13,2
IF,ODEKI,65.704722,56.887500, ,0.0,0.0,1,6000,0,0,0,0,0,0
TF,UL,66.047472,57.321806,0, ,0.0,0.0,0.0,0.0,0,0,0,0,0,0,0,0
FC,UL,66.047472,57.321806,0,NRM,0.0,0.0,314.0,3.5,0,0,0,0,0,0,0,1
DF,UL,66.047472,57.321806,1, ,0.0,0.0,0,0,0,0,0,0,0,1
CF,D104H,66.121389,57.074444,2,NRM,110.4,130.9,314.0,9.0,1,1900,0,0,0,0,0,0

STAR,ODEK4A,31,2
IF,ODEKI,65.704722,56.887500, ,0.0,0.0,1,6000,0,0,0,0,0,0
TF,D154H,65.822778,57.437222,0, ,0.0,0.0,0.0,0.0,1,1880,0,0,0,0,0,1
CF,D319F,65.865556,57.489722,0,NRM,111.7,149.1,359.0,2.0,1,1880,0,0,0,0,0,1
CF,FN31,65.933889,57.441667,0,NRM,110.9,145.3,314.0,3.0,1,1550,0,0,0,0,0,0

STAR,ODEK4B,31,2
IF,ODEKI,65.704722,56.887500, ,0.0,0.0,1,6000,0,0,0,0,0,0
TF,YT,65.962278,57.412306,0, ,0.0,0.0,0.0,0.0,0,0,0,0,0,0,0,1
CF,D343G,65.830833,57.382222,1,NRM,113.0,148.9,134.0,10.0,1,1880,0,0,0,0,0,0

STAR,PIMI1L,13,5
IF,PIMID,65.673056,57.276667, ,0.0,0.0,2,6000,0,0,0,0,0,0
TF,YS001,66.119389,56.977806,0, ,0.0,0.0,0.0,0.0,4,5000,2240,0,0,0,0,0

STAR,PIMI1M,31,5
IF,PIMID,65.673056,57.276667, ,0.0,0.0,2,6000,0,0,0,0,0,0
TF,YS009,65.758250,57.624417,0, ,0.0,0.0,0.0,0.0,4,5000,2240,0,0,0,0,0

STAR,PIMI2A,13,2
IF,PIMID,65.673056,57.276667, ,0.0,0.0,1,6000,0,0,0,0,0,0
TF,D285H,66.125000,57.071389,0, ,0.0,0.0,0.0,0.0,1,1900,0,0,0,0,0,1
CF,D129F,66.129444,57.212500,2,NRM,109.2,132.9,89.0,2.0,1,1900,0,0,0,0,0,1
CF,CF13,66.106267,57.259822,0,NRM,109.3,134.7,134.0,1.0,1,1570,0,0,0,0,0,0

STAR,PIMI2B,13,2
IF,PIMID,65.673056,57.276667, ,0.0,0.0,1,6000,0,0,0,0,0,0
TF,UL,66.047472,57.321806,0, ,0.0,0.0,0.0,0.0,0,0,0,0,0,0,0,0
FC,UL,66.047472,57.321806,0,NRM,0.0,0.0,314.0,3.5,0,0,0,0,0,0,0,1
DF,UL,66.047472,57.321806,1, ,0.0,0.0,0,0,0,0,0,0,0,1
CF,D104H,66.121389,57.074444,2,NRM,110.4,130.9,314.0,9.0,1,1900,0,0,0,0,0,0

STAR,PIMI4A,31,2
IF,PIMID,65.673056,57.276667, ,0.0,0.0,1,6000,0,0,0,0,0,0
TF,D150H,65.830556,57.456111,0, ,0.0,0.0,0.0,0.0,1,1880,0,0,0,0,0,0
TF,D319F,65.865556,57.489722,0, ,0.0,0.0,0.0,0.0,1,1880,0,0,0,0,0,1
CF,FN31,65.933889,57.441667,0,NRM,110.9,145.3,314.0,3.0,1,1550,0,0,0,0,0,0

STAR,PIMI4B,31,2
IF,PIMID,65.673056,57.276667, ,0.0,0.0,1,6000,0,0,0,0,0,0
TF,YT,65.962278,57.412306,0, ,0.0,0.0,0.0,0.0,0,0,0,0,0,0,0,1
CF,D343G,65.830833,57.382222,1,NRM,113.0,148.9,134.0,9.0,1,1880,0,0,0,0,0,0

STAR,PINE1L,13,5
IF,PINEB,66.195278,58.116667, ,0.0,0.0,2,6000,0,0,0,0,0,0
TF,YS003,66.197611,57.430861,0, ,0.0,0.0,0.0,0.0,4,5000,2240,0,0,0,0,0

STAR,PINE1M,31,5
IF,PINEB,66.195278,58.116667, ,0.0,0.0,2,6000,0,0,0,0,0,0
TF,YS008,65.888944,57.753472,0, ,0.0,0.0,0.0,0.0,4,5000,2240,0,0,0,0,0

STAR,PINE2A,13,2
IF,PINEB,66.195278,58.116667, ,0.0,0.0,1,6000,0,0,0,0,0,0
TF,D338H,66.181111,57.321111,0, ,0.0,0.0,0.0,0.0,1,2240,0,0,0,0,0,1
CF,D320F,66.136111,57.250556,0,NRM,108.8,133.3,179.0,2.0,1,1900,0,0,0,0,0,1
CF,CF13,66.106267,57.259822,0,NRM,109.3,134.7,134.0,1.0,1,1570,0,0,0,0,0,0

STAR,PINE2B,13,2
IF,PINEB,66.195278,58.116667, ,0.0,0.0,1,6000,0,0,0,0,0,0
TF,UL,66.047472,57.321806,0, ,0.0,0.0,0.0,0.0,0,0,0,0,0,0,0,1
CF,D104H,66.121389,57.074444,2,NRM,110.4,130.9,314.0,5.0,1,1900,0,0,0,0,0,0

STAR,PINE4A,31,2
IF,PINEB,66.195278,58.116667, ,0.0,0.0,1,6000,0,0,0,0,0,0
TF,D111H,65.865556,57.662778,0, ,0.0,0.0,0.0,0.0,1,2240,0,0,0,0,0,1
CF,D130F,65.872222,57.527778,0,NRM,111.3,149.4,269.0,2.0,1,1880,0,0,0,0,0,1
CF,FN31,65.933889,57.441667,0,NRM,110.9,145.3,314.0,3.0,1,1550,0,0,0,0,0,0

STAR,PINE4B,31,2
IF,PINEB,66.195278,58.116667, ,0.0,0.0,1,6000,0,0,0,0,0,0
TF,YT,65.962278,57.412306,0, ,0.0,0.0,0.0,0.0,0,0,0,0,0,0,0,1
VI,0, ,0.0,179.0,0,0,0,0,0,0,0,0
CF,D343G,65.830833,57.382222,0,NRM,113.0,148.9,134.0,5.0,1,1880,0,0,0,0,0,0

STAR,TIPO1L,13,5
IF,TIPOG,66.026389,58.247222, ,0.0,0.0,2,6000,0,0,0,0,0,0
TF,YS003,66.197611,57.430861,0, ,0.0,0.0,0.0,0.0,4,5000,2240,0,0,0,0,0

STAR,TIPO1M,31,5
IF,TIPOG,66.026389,58.247222, ,0.0,0.0,2,6000,0,0,0,0,0,0
TF,YS008,65.888944,57.753472,0, ,0.0,0.0,0.0,0.0,4,5000,2240,0,0,0,0,0

STAR,TIPO2A,13,2
IF,TIPOG,66.026389,58.247222, ,0.0,0.0,1,6000,0,0,0,0,0,0
TF,D340H,66.180000,57.337222,0, ,0.0,0.0,0.0,0.0,1,2240,0,0,0,0,0,1
CF,D320F,66.136111,57.250556,0,NRM,108.8,133.3,179.0,2.0,1,1900,0,0,0,0,0,1
CF,CF13,66.106267,57.259822,0,NRM,109.3,134.7,134.0,1.0,1,1570,0,0,0,0,0,0

STAR,TIPO2B,13,2
IF,TIPOG,66.026389,58.247222, ,0.0,0.0,1,6000,0,0,0,0,0,0
TF,UL,66.047472,57.321806,0, ,0.0,0.0,0.0,0.0,0,0,0,0,0,0,0,0
FC,UL,66.047472,57.321806,0,NRM,0.0,0.0,284.0,3.5,0,0,0,0,0,0,0,1
DF,UL,66.047472,57.321806,2, ,0.0,0.0,0,0,0,0,0,0,0,1
CF,D104H,66.121389,57.074444,2,NRM,110.4,130.9,314.0,6.0,1,1900,0,0,0,0,0,0

STAR,TIPO4A,31,2
IF,TIPOG,66.026389,58.247222, ,0.0,0.0,1,6000,0,0,0,0,0,0
TF,D115I,65.860000,57.650278,0, ,0.0,0.0,0.0,0.0,1,2240,0,0,0,0,0,1
CF,D130F,65.872222,57.527778,0,NRM,111.3,149.4,269.0,2.0,1,1880,0,0,0,0,0,1
CF,FN31,65.933889,57.441667,0,NRM,110.9,145.3,314.0,3.0,1,1550,0,0,0,0,0,0

STAR,TIPO4B,31,2
IF,TIPOG,66.026389,58.247222, ,0.0,0.0,1,6000,0,0,0,0,0,0
TF,YT,65.962278,57.412306,0, ,0.0,0.0,0.0,0.0,0,0,0,0,0,0,0,1
CF,D343G,65.830833,57.382222,1,NRM,113.0,148.9,135.0,5.0,1,1880,0,0,0,0,0,0

STAR,UNKA1L,13,5
IF,UNKAD,66.361389,57.461944, ,0.0,0.0,2,6000,0,0,0,0,0,0
TF,YS002,66.249639,57.106417,0, ,0.0,0.0,0.0,0.0,4,5000,2240,0,0,0,0,0

STAR,UNKA1M,31,5
IF,UNKAD,66.361389,57.461944, ,0.0,0.0,2,6000,0,0,0,0,0,0
TF,YS008,65.888944,57.753472,0, ,0.0,0.0,0.0,0.0,4,5000,2240,0,0,0,0,0

STAR,UNKA2A,13,2
IF,UNKAD,66.361389,57.461944, ,0.0,0.0,1,6000,0,0,0,0,0,0
TF,D320F,66.136111,57.250556,0, ,0.0,0.0,0.0,0.0,1,1900,0,0,0,0,0,1
CF,CF13,66.106267,57.259822,0,NRM,109.3,134.7,134.0,1.0,1,1570,0,0,0,0,0,0

STAR,UNKA2B,13,2
IF,UNKAD,66.361389,57.461944, ,0.0,0.0,1,6000,0,0,0,0,0,0
TF,UL,66.047472,57.321806,0, ,0.0,0.0,0.0,0.0,0,0,0,0,0,0,0,1
CF,D104H,66.121389,57.074444,2,NRM,110.4,130.9,314.0,6.0,1,1900,0,0,0,0,0,0

STAR,UNKA4A,31,2
IF,UNKAD,66.361389,57.461944, ,0.0,0.0,1,6000,0,0,0,0,0,0
TF,YT,65.962278,57.412306,0, ,0.0,0.0,0.0,0.0,0,0,0,0,0,0,0,0
TF,D164G,65.838889,57.379444,0, ,0.0,0.0,0.0,0.0,1,1880,0,0,0,0,0,1
CF,D319F,65.865556,57.489722,1,NRM,111.7,149.1,359.0,3.0,1,1880,0,0,0,0,0,1
CF,FN31,65.933889,57.441667,0,NRM,110.9,145.3,314.0,3.0,1,1550,0,0,0,0,0,0

STAR,UNKA4B,31,2
IF,UNKAD,66.361389,57.461944, ,0.0,0.0,1,6000,0,0,0,0,0,0
TF,YT,65.962278,57.412306,0, ,0.0,0.0,0.0,0.0,0,0,0,0,0,0,0,0
FC,YT,65.962278,57.412306,0,NRM,0.0,0.0,164.0,3.5,0,0,0,0,0,0,0,1
DF,YT,65.962278,57.412306,1, ,0.0,0.0,0,0,0,0,0,0,0,1
CF,D343G,65.830833,57.382222,1,NRM,113.0,148.9,134.0,6.0,1,1880,0,0,0,0,0,0

APPTR,I13,13,D104H
IF,D104H,66.121389,57.074444, ,0.0,0.0,1,1900,0,0,0,0,0,0
FC,D104H,66.121389,57.074444,0,UL,0.0,0.0,314.0,1.0,0,0,0,0,0,0,0,1
CF,D129F,66.129444,57.212500,2,UL,308.6,5.6,89.0,3.0,1,1900,0,0,0,0,0,1
CF,CF13,66.106267,57.259822,0,IUL,313.8,7.6,134.0,1.5,1,1570,0,0,0,0,0,0

FINAL,I13,13,I,3
IF,CF13,66.106267,57.259822,IUL,313.8,7.6,1,1570,0,0,0,0,0,0
CF,FF13,66.075556,57.292500,0,IUL,313.8,5.6,134.0,2.0,1,1570,0,0,0,0,2,0
CF,RW13,66.015061,57.356411,0,IUL,313.8,1.6,134.0,4.0,1,303,0,0,0,0,3,0
CA,0,134.0,2,910,0,0,0,0,0,0
VM,0,0,2,314.0,1,1900,0,0,0,0,0,0

APPTR,J13,13,YS001
IF,YS001,66.119389,56.977806, ,0.0,0.0,4,5000,2240,0,0,0,1,0
TF,YS004,66.158667,57.203972,0,G13A,0.0,0.0,0.0,0.0,1,2240,0,0,0,0,1,0

APPTR,J13,13,YS002
IF,YS002,66.249639,57.106417, ,0.0,0.0,4,5000,2240,0,0,0,1,0
TF,YS004,66.158667,57.203972,0,G13A,0.0,0.0,0.0,0.0,1,2240,0,0,0,0,1,0

APPTR,J13,13,YS003
IF,YS003,66.197611,57.430861, ,0.0,0.0,4,5000,2240,0,0,0,1,0
TF,YS004,66.158667,57.203972,0,G13A,0.0,0.0,0.0,0.0,1,2240,0,0,0,0,1,0

FINAL,J13,13,G,3
IF,YS004,66.158667,57.203972,G13A,0.0,0.0,1,2240,0,0,0,0,0,0
TF,YS005,66.076083,57.291861,0,G13A,0.0,0.0,134.0,5.4,1,1570,0,0,0,0,2,0
TF,RW13,66.015061,57.356411,0,G13A,0.0,0.0,134.0,4.0,1,303,0,0,0,0,3,1
TF,YS006,65.959139,57.415444,0, ,0.0,0.0,0.0,0.0,0,0,0,1,230,0,0,1
DF,YS007,66.042722,57.060083,2, ,0.0,0.0,0,0,0,1,230,0,0,0
TF,YS001,66.119389,56.977806,0, ,0.0,0.0,0.0,0.0,2,2240,0,0,0,0,0,0

APPTR,J31,31,YS008
IF,YS008,65.888944,57.753472, ,0.0,0.0,4,5000,2240,0,0,0,1,0
TF,YS011,65.849861,57.529472,0,G31A,0.0,0.0,0.0,0.0,1,2240,0,0,0,0,1,0

APPTR,J31,31,YS009
IF,YS009,65.758250,57.624417, ,0.0,0.0,4,5000,2240,0,0,0,1,0
TF,YS011,65.849861,57.529472,0,G31A,0.0,0.0,0.0,0.0,1,2240,0,0,0,0,1,0

APPTR,J31,31,YS010
IF,YS010,65.810444,57.306167, ,0.0,0.0,4,5000,2240,0,0,0,1,0
TF,YS011,65.849861,57.529472,0,G31A,0.0,0.0,0.0,0.0,1,2240,0,0,0,0,1,0

FINAL,J31,31,G,3
IF,YS011,65.849861,57.529472,G31A,0.0,0.0,1,2240,0,0,0,0,0,0
TF,YS012,65.933389,57.442278,0,G31A,0.0,0.0,314.0,5.5,1,1550,0,0,0,0,2,0
TF,RW31,65.994450,57.378139,0,G31A,0.0,0.0,314.0,4.0,1,285,0,0,0,0,3,1
TF,YS013,66.050333,57.319333,0, ,0.0,0.0,0.0,0.0,0,0,0,1,230,0,0,1
DF,YS014,65.892778,57.219000,1, ,0.0,0.0,0,0,0,1,230,0,0,0
TF,YS010,65.810444,57.306167,0, ,0.0,0.0,0.0,0.0,2,2240,0,0,0,0,0,0

APPTR,N13,13,D104H
IF,D104H,66.121389,57.074444, ,0.0,0.0,1,1900,0,0,0,0,0,0
FC,D104H,66.121389,57.074444,0,UL,0.0,0.0,314.0,1.0,0,0,0,0,0,0,0,1
CF,D129F,66.129444,57.212500,2,UL,308.6,5.6,89.0,3.0,1,1900,0,0,0,0,0,1
CF,CF13,66.106267,57.259822,0,UL,313.9,3.9,134.0,1.5,1,1570,0,0,0,0,0,0

FINAL,N13,13,N,4
IF,CF13,66.106267,57.259822,UL,0.0,0.0,1,1570,0,0,0,0,0,0
CF,FF13,66.075556,57.292500,0,UL,0.0,0.0,134.0,2.0,1,1570,0,0,0,0,2,0
CF,UL,66.047472,57.321806,0,UL,0.0,0.0,134.0,1.8,2,1000,0,0,0,0,0,0
CF,MN13,66.027289,57.342864,0,UL,0.0,0.0,134.0,1.3,1,568,0,0,0,0,3,0
CA,0,134.0,2,910,0,0,0,0,0,0
CF,D044C,66.022742,57.178983,2,UL,224.0,3.8,314.0,3.0,1,1900,0,0,0,0,0,0
CF,D104H,66.121389,57.074444,0,UL,283.5,7.5,314.0,6.5,1,1900,0,0,0,0,0,0

APPTR,N31,31,D343G
IF,D343G,65.830833,57.382222, ,0.0,0.0,1,1880,0,0,0,0,0,0
FC,D343G,65.830833,57.382222,0,YT,0.0,0.0,134.0,1.0,0,0,0,0,0,0,0,1
CF,D319F,65.865556,57.489722,1,YT,138.9,6.1,359.0,4.0,1,1880,0,0,0,0,0,1
CF,FN31,65.933889,57.441667,0,YT,134.1,1.9,314.0,4.0,1,1550,0,0,0,0,0,0

FINAL,N31,31,N,3
IF,FN31,65.933889,57.441667,YT,0.0,0.0,1,1550,0,0,0,0,2,0
CF,YT,65.962278,57.412306,0,YT,0.0,0.0,314.0,1.9,2,960,0,0,0,0,0,0
CF,MN31,65.979244,57.394628,0,YT,0.0,0.0,314.0,1.1,1,604,0,0,0,0,3,0
CA,0,314.0,2,900,0,0,0,0,0,0
CF,D044D,65.937286,57.268456,1,YT,224.0,3.8,134.0,3.0,1,1880,0,0,0,0,0,0
CF,D343G,65.830833,57.382222,0,YT,162.4,8.0,134.0,7.0,1,1880,0,0,0,0,0,0

APPTR,R13,13,YS001
IF,YS001,66.119389,56.977806, ,0.0,0.0,4,5000,2240,0,0,0,1,0
TF,YS004,66.158667,57.203972,0, ,0.0,0.0,0.0,0.0,1,2240,0,0,0,0,1,0

APPTR,R13,13,YS002
IF,YS002,66.249639,57.106417, ,0.0,0.0,4,5000,2240,0,0,0,1,0
TF,YS004,66.158667,57.203972,0, ,0.0,0.0,0.0,0.0,1,2240,0,0,0,0,1,0

APPTR,R13,13,YS003
IF,YS003,66.197611,57.430861, ,0.0,0.0,4,5000,2240,0,0,0,1,0
TF,YS004,66.158667,57.203972,0, ,0.0,0.0,0.0,0.0,1,2240,0,0,0,0,1,0

FINAL,R13,13,R,3
IF,YS004,66.158667,57.203972, ,0.0,0.0,1,2240,0,0,0,0,0,0
TF,YS005,66.076083,57.291861,0, ,0.0,0.0,134.0,5.4,1,1570,0,0,0,0,2,0
TF,RW13,66.015061,57.356411,0, ,0.0,0.0,134.0,4.0,1,303,0,0,0,0,3,1
TF,YS006,65.959139,57.415444,0, ,0.0,0.0,0.0,0.0,0,0,0,1,230,0,0,1
DF,YS007,66.042722,57.060083,2, ,0.0,0.0,0,0,0,1,230,0,0,0
TF,YS001,66.119389,56.977806,0, ,0.0,0.0,0.0,0.0,2,2240,0,0,0,0,0,0

APPTR,R31,31,YS008
IF,YS008,65.888944,57.753472, ,0.0,0.0,4,5000,2240,0,0,0,1,0
TF,YS011,65.849861,57.529472,0, ,0.0,0.0,0.0,0.0,1,2240,0,0,0,0,1,0

APPTR,R31,31,YS009
IF,YS009,65.758250,57.624417, ,0.0,0.0,4,5000,2240,0,0,0,1,0
TF,YS011,65.849861,57.529472,0, ,0.0,0.0,0.0,0.0,1,2240,0,0,0,0,1,0

APPTR,R31,31,YS010
IF,YS010,65.810444,57.306167, ,0.0,0.0,4,5000,2240,0,0,0,1,0
TF,YS011,65.849861,57.529472,0, ,0.0,0.0,0.0,0.0,1,2240,0,0,0,0,1,0

FINAL,R31,31,R,3
IF,YS011,65.849861,57.529472, ,0.0,0.0,1,2240,0,0,0,0,0,0
TF,YS012,65.933389,57.442278,0, ,0.0,0.0,314.0,5.5,1,1550,0,0,0,0,2,0
TF,RW31,65.994450,57.378139,0, ,0.0,0.0,314.0,4.0,1,285,0,0,0,0,3,1
TF,YS013,66.050333,57.319333,0, ,0.0,0.0,0.0,0.0,0,0,0,1,230,0,0,1
DF,YS014,65.892778,57.219000,1, ,0.0,0.0,0,0,0,1,230,0,0,0
TF,YS010,65.810444,57.306167,0, ,0.0,0.0,0.0,0.0,2,2240,0,0,0,0,0,0

