SID,ADKOL1,36,2
CA,0,4.0,2,2300,0,0,0,0,0,0
CF,ADKOL,61.515000,49.363333,1,KTL,60.6,78.3,235.0,45.0,2,6000,0,0,0,0,0,0

SID,ADKOL3,18,2
CA,0,184.0,2,970,0,0,0,0,0,0
VI,0, ,0.0,202.0,0,0,0,0,0,0,0,0
CF,ADKOL,61.515000,49.363333,0,KTL,60.6,78.3,247.0,41.0,2,6000,0,0,0,0,0,0

SID,AKEMI1,36,2
CA,0,4.0,2,990,0,0,0,0,0,0
CF,AKEMI,60.928333,50.851667,2,KTL,81.0,122.0,168.0,44.0,2,6000,0,0,0,0,0,0

SID,AKEMI3,18,2
CA,0,184.0,2,970,0,0,0,0,0,0
CF,AKEMI,60.928333,50.851667,0,KTL,81.0,122.0,161.0,40.0,2,6000,0,0,0,0,0,0

SID,ALAKI1,36,2
CA,0,4.0,2,2300,0,0,0,0,0,0
CF,ALAKI,61.399167,49.434444,1,KTL,65.8,79.3,226.0,43.0,2,6000,0,0,0,0,0,0

SID,ALAKI3,18,2
CA,0,184.0,2,970,0,0,0,0,0,0
CF,ALAKI,61.399167,49.434444,0,KTL,65.8,79.3,236.0,41.0,2,6000,0,0,0,0,0,0

SID,BATKO1,36,2
CA,0,4.0,2,990,0,0,0,0,0,0
CF,BATKO,62.050000,52.098333,0,KTL,54.1,161.6,40.0,41.0,2,6000,0,0,0,0,0,0

SID,BATKO3,18,2
CA,0,184.0,2,970,0,0,0,0,0,0
CF,BATKO,62.050000,52.098333,1,KTL,54.1,161.6,31.0,43.0,2,6000,0,0,0,0,0,0

SID,DIKAP1,36,2
CA,0,4.0,2,990,0,0,0,0,0,0
CF,DIKAP,61.805000,52.321667,0,KTL,59.6,164.7,63.0,41.0,2,6000,0,0,0,0,0,0

SID,DIKAP3,18,2
CA,0,184.0,2,970,0,0,0,0,0,0
CF,DIKAP,61.805000,52.321667,1,KTL,59.6,164.7,52.0,42.0,2,6000,0,0,0,0,0,0

SID,GOGEN1,36,2
CA,0,4.0,2,990,0,0,0,0,0,0
CF,GOGEN,61.683333,52.353333,0,KTL,62.2,164.5,74.0,41.0,2,6000,0,0,0,0,0,0

SID,GOGEN3,18,2
CA,0,184.0,2,970,0,0,0,0,0,0
CF,GOGEN,61.683333,52.353333,1,KTL,62.2,164.5,62.0,42.0,2,6000,0,0,0,0,0,0

SID,KUDOK1,36,2
CA,0,4.0,2,2300,0,0,0,0,0,0
CF,KUDOK,60.998611,50.198056,1,KTL,80.6,102.4,183.0,47.0,2,6000,0,0,0,0,0,0

SID,KUDOK3,18,2
CA,0,184.0,2,970,0,0,0,0,0,0
CF,KUDOK,60.998611,50.198056,0,KTL,80.6,102.4,189.0,41.0,2,6000,0,0,0,0,0,0

SID,LUGES1,36,2
CA,0,4.0,2,990,0,0,0,0,0,0
CF,LUGES,61.073333,51.746667,2,KTL,75.7,146.6,132.0,42.0,2,6000,0,0,0,0,0,0

SID,LUGES3,18,2
CA,0,184.0,2,970,0,0,0,0,0,0
CF,LUGES,61.073333,51.746667,0,KTL,75.7,146.6,121.0,41.0,2,6000,0,0,0,0,0,0

SID,NILIN1,36,2
CA,0,4.0,2,2300,0,0,0,0,0,0
CF,NILIN,62.363333,50.911667,0,KTL,42.6,137.4,343.0,38.0,2,6000,0,0,0,0,0,0

SID,NILIN3,18,2
CA,0,184.0,2,970,0,0,0,0,0,0
CF,NILIN,62.363333,50.911667,2,KTL,42.6,137.4,351.0,44.0,2,6000,0,0,0,0,0,0

SID,RASNA1,36,2
CA,0,4.0,2,2300,0,0,0,0,0,0
CF,RASNA,61.256944,49.582778,1,KTL,72.0,83.2,213.0,45.0,2,6000,0,0,0,0,0,0

SID,RASNA3,18,2
CA,0,184.0,2,970,0,0,0,0,0,0
CF,RASNA,61.256944,49.582778,0,KTL,72.0,83.2,223.0,40.0,2,6000,0,0,0,0,0,0

SID,REKRI1,36,2
CA,0,4.0,2,2300,0,0,0,0,0,0
CF,REKRI,62.290556,50.169444,0,KTL,39.8,117.1,312.0,40.0,2,6000,0,0,0,0,0,0

SID,REKRI3,18,2
CA,0,184.0,2,970,0,0,0,0,0,0
CF,REKRI,62.290556,50.169444,2,KTL,39.8,117.1,323.0,42.0,2,6000,0,0,0,0,0,0

SID,SORIG1,36,2
CA,0,4.0,2,2300,0,0,0,0,0,0
CF,SORIG,62.098333,49.663333,0,KTL,41.2,99.0,286.0,42.0,2,6000,0,0,0,0,0,0

SID,SORIG3,18,2
CA,0,184.0,2,970,0,0,0,0,0,0
CF,SORIG,62.098333,49.663333,2,KTL,41.2,99.0,298.0,42.0,2,6000,0,0,0,0,0,0

SID,SUGES1,36,2
CA,0,4.0,2,990,0,0,0,0,0,0
CF,SUGES,61.263889,52.114167,2,KTL,71.1,156.5,111.0,41.0,2,6000,0,0,0,0,0,0

SID,SUGES3,18,2
CA,0,184.0,2,970,0,0,0,0,0,0
CF,SUGES,61.263889,52.114167,0,KTL,71.1,156.5,98.0,41.0,2,6000,0,0,0,0,0,0

SID,TELRA1,36,2
CA,0,4.0,2,990,0,0,0,0,0,0
CF,TELRA,62.238611,51.702778,0,KTL,48.9,154.5,17.0,41.0,2,6000,0,0,0,0,0,0

SID,TELRA3,18,2
CA,0,184.0,2,970,0,0,0,0,0,0
CF,TELRA,62.238611,51.702778,1,KTL,48.9,154.5,11.0,44.0,2,6000,0,0,0,0,0,0

SID,URITU1,36,2
CA,0,4.0,2,2300,0,0,0,0,0,0
CF,URITU,61.741111,49.346667,1,KTL,51.1,81.6,253.0,42.0,2,12000,0,0,0,0,0,0

SID,URITU3,18,2
CA,0,184.0,2,970,0,0,0,0,0,0
VI,0, ,0.0,221.0,0,0,0,0,0,0,0,0
CF,URITU,61.741111,49.346667,0,KTL,51.1,81.6,266.0,41.0,2,12000,0,0,0,0,0,0

STAR,ADKO2A,36,2
IF,ADKOL,61.515000,49.363333, ,0.0,0.0,4,14000,6000,0,0,0,0,0
TF,D202H,61.505000,50.635000,0, ,0.0,0.0,0.0,0.0,1,2640,0,0,0,0,0,1
CF,D190F,61.520000,50.720000,0,KTL,63.9,116.9,49.0,2.0,1,1980,0,0,0,0,0,1
CF,CF36,61.556119,50.769144,0,KTL,62.9,118.6,4.0,2.0,1,1650,0,0,0,0,0,0

STAR,ADKO2B,36,2
IF,ADKOL,61.515000,49.363333, ,0.0,0.0,4,14000,6000,0,0,0,0,0
TF,PW,61.603694,50.809417,0, ,0.0,0.0,0.0,0.0,0,0,0,0,0,0,0,0
TF,D094D,61.580278,50.931667,0, ,0.0,0.0,0.0,0.0,0,0,0,0,0,0,0,0
TF,D154G,61.480556,50.847222,0, ,0.0,0.0,0.0,0.0,1,1980,0,0,0,0,0,1
CF,D179F,61.514167,50.752778,2,KTL,64.1,117.8,319.0,3.0,1,1980,0,0,0,0,0,1
CF,CF36,61.556119,50.769144,0,KTL,62.9,118.6,4.0,2.0,1,1650,0,0,0,0,0,0

STAR,ADKO4A,18,2
IF,ADKOL,61.515000,49.363333, ,0.0,0.0,4,14000,6000,0,0,0,0,0
TF,D338H,61.822500,50.861944,0, ,0.0,0.0,0.0,0.0,1,2640,0,0,0,0,0,1
CF,D359E,61.779444,50.938056,0,KTL,57.1,125.7,139.0,3.0,1,1960,0,0,0,0,0,1
CF,CF18,61.741181,50.924469,0,KTL,58.1,124.8,184.0,2.0,1,1630,0,0,0,0,0,0

STAR,ADKO4B,18,2
IF,ADKOL,61.515000,49.363333, ,0.0,0.0,4,14000,6000,0,0,0,0,0
TF,SR,61.693972,50.884500,0, ,0.0,0.0,0.0,0.0,0,0,0,0,0,0,0,0
TF,D034E,61.747100,51.028003,0, ,0.0,0.0,0.0,0.0,0,0,0,0,0,0,0,1
DF,SR,61.693972,50.884500,1, ,0.0,0.0,0,0,0,0,0,0,0,1
DF,SR04,61.670556,51.007222,1, ,0.0,0.0,0,0,0,0,0,0,0,0
TF,D036G,61.766667,51.088611,0, ,0.0,0.0,0.0,0.0,1,1960,0,0,0,0,0,1
CF,D010E,61.773333,50.970556,1,KTL,57.4,126.5,229.0,3.0,1,1960,0,0,0,0,0,1
CF,CF18,61.741181,50.924469,0,KTL,58.1,124.8,184.0,2.0,1,1630,0,0,0,0,0,0

STAR,AKEM2A,36,2
IF,AKEMI,60.928333,50.851667, ,0.0,0.0,4,14000,6000,0,0,0,0,0
TF,D183E,61.523333,50.748333,0, ,0.0,0.0,0.0,0.0,1,1980,0,0,0,0,0,1
CF,CF36,61.556119,50.769144,0,KTL,62.9,118.6,4.0,2.0,1,1650,0,0,0,0,0,0

STAR,AKEM2B,36,2
IF,AKEMI,60.928333,50.851667, ,0.0,0.0,4,14000,6000,0,0,0,0,0
TF,PW,61.603694,50.809417,0, ,0.0,0.0,0.0,0.0,0,0,0,0,0,0,0,1
DF,D094D,61.580278,50.931667,2, ,0.0,0.0,0,0,0,0,0,0,0,0
TF,D154G,61.480556,50.847222,0, ,0.0,0.0,0.0,0.0,1,1980,0,0,0,0,0,1
CF,D179F,61.514167,50.752778,2,KTL,64.1,117.8,319.0,3.0,1,1980,0,0,0,0,0,1
CF,CF36,61.556119,50.769144,0,KTL,62.9,118.6,4.0,2.0,1,1650,0,0,0,0,0,0

STAR,AKEM4A,18,2
IF,AKEMI,60.928333,50.851667, ,0.0,0.0,4,14000,6000,0,0,0,0,0
TF,D034H,61.771389,51.091111,0, ,0.0,0.0,0.0,0.0,1,1960,0,0,0,0,0,1
CF,D010E,61.773333,50.970556,1,KTL,57.4,126.5,229.0,2.0,1,1960,0,0,0,0,0,1
CF,CF18,61.741181,50.924469,0,KTL,58.1,124.8,184.0,2.0,1,1630,0,0,0,0,0,0

STAR,AKEM4B,18,2
IF,AKEMI,60.928333,50.851667, ,0.0,0.0,4,14000,6000,0,0,0,0,0
TF,SR,61.693972,50.884500,0, ,0.0,0.0,0.0,0.0,0,0,0,0,0,0,0,0
TF,SR05,61.774078,50.952706,0, ,0.0,0.0,0.0,0.0,0,0,0,0,0,0,0,1
DF,SR,61.693972,50.884500,2, ,0.0,0.0,0,0,0,0,0,0,0,1
CI,1, ,0.0,94.0,0,0,0,0,0,0,0,0
CF,SR04,61.670556,51.007222,0,KTL,60.3,126.3,4.0,4.0,0,0,0,0,0,0,0,0
TF,D036G,61.766667,51.088611,0, ,0.0,0.0,0.0,0.0,1,1960,0,0,0,0,0,1
CF,D010E,61.773333,50.970556,1,KTL,57.4,126.5,229.0,3.0,1,1960,0,0,0,0,0,1
CF,CF18,61.741181,50.924469,0,KTL,58.1,124.8,184.0,2.0,1,1630,0,0,0,0,0,0

STAR,ALAK2A,36,2
IF,ALAKI,61.399167,49.434444, ,0.0,0.0,4,14000,6000,0,0,0,0,0
TF,D201H,61.504444,50.641944,0, ,0.0,0.0,0.0,0.0,1,2640,0,0,0,0,0,1
CF,D190F,61.520000,50.720000,0,KTL,63.9,116.9,49.0,2.0,1,1980,0,0,0,0,0,1
CF,CF36,61.556119,50.769144,0,KTL,62.9,118.6,4.0,2.0,1,1650,0,0,0,0,0,0

STAR,ALAK2B,36,2
IF,ALAKI,61.399167,49.434444, ,0.0,0.0,4,14000,6000,0,0,0,0,0
TF,PW,61.603694,50.809417,0, ,0.0,0.0,0.0,0.0,0,0,0,0,0,0,0,0
TF,D094D,61.580278,50.931667,0, ,0.0,0.0,0.0,0.0,0,0,0,0,0,0,0,0
TF,D154G,61.480556,50.847222,0, ,0.0,0.0,0.0,0.0,1,1980,0,0,0,0,0,1
CF,D179F,61.514167,50.752778,2,KTL,64.1,117.8,319.0,3.0,1,1980,0,0,0,0,0,1
CF,CF36,61.556119,50.769144,0,KTL,62.9,118.6,4.0,2.0,1,1650,0,0,0,0,0,0

STAR,ALAK4A,18,2
IF,ALAKI,61.399167,49.434444, ,0.0,0.0,4,14000,6000,0,0,0,0,0
TF,D337H,61.821389,50.857222,0, ,0.0,0.0,0.0,0.0,1,2640,0,0,0,0,0,1
CF,D359E,61.779444,50.938056,2,KTL,57.1,125.7,139.0,2.0,1,1960,0,0,0,0,0,1
CF,CF18,61.741181,50.924469,0,KTL,58.1,124.8,184.0,2.0,1,1630,0,0,0,0,0,0

STAR,ALAK4B,18,2
IF,ALAKI,61.399167,49.434444, ,0.0,0.0,4,14000,6000,0,0,0,0,0
TF,SR,61.693972,50.884500,0, ,0.0,0.0,0.0,0.0,0,0,0,0,0,0,0,0
TF,D034E,61.747100,51.028003,0, ,0.0,0.0,0.0,0.0,0,0,0,0,0,0,0,1
DF,SR,61.693972,50.884500,1, ,0.0,0.0,0,0,0,0,0,0,0,1
DF,SR04,61.670556,51.007222,1, ,0.0,0.0,0,0,0,0,0,0,0,0
TF,D036G,61.766667,51.088611,0, ,0.0,0.0,0.0,0.0,1,1960,0,0,0,0,0,1
CF,D010E,61.773333,50.970556,1,KTL,57.4,126.5,229.0,3.0,1,1960,0,0,0,0,0,1
CF,CF18,61.741181,50.924469,0,KTL,58.1,124.8,184.0,2.0,1,1630,0,0,0,0,0,0

STAR,BATK2A,36,2
IF,BATKO,62.050000,52.098333, ,0.0,0.0,4,14000,6000,0,0,0,0,0
TF,D156H,61.475000,50.840000,0, ,0.0,0.0,0.0,0.0,1,1980,0,0,0,0,0,1
CF,D179F,61.514167,50.752778,2,KTL,64.1,117.8,319.0,2.0,1,1980,0,0,0,0,0,1
CF,CF36,61.556119,50.769144,0,KTL,62.9,118.6,4.0,2.0,1,1650,0,0,0,0,0,0

STAR,BATK2B,36,2
IF,BATKO,62.050000,52.098333, ,0.0,0.0,4,14000,6000,0,0,0,0,0
TF,PW,61.603694,50.809417,0, ,0.0,0.0,0.0,0.0,0,0,0,0,0,0,0,0
TF,PW05,61.523606,50.741511,0, ,0.0,0.0,0.0,0.0,0,0,0,0,0,0,0,1
DF,PW,61.603694,50.809417,1, ,0.0,0.0,0,0,0,0,0,0,0,1
DF,D094D,61.580278,50.931667,2, ,0.0,0.0,0,0,0,0,0,0,0,0
TF,D154G,61.480556,50.847222,0, ,0.0,0.0,0.0,0.0,1,1980,0,0,0,0,0,1
CF,D179F,61.514167,50.752778,2,KTL,64.1,117.8,319.0,3.0,1,1980,0,0,0,0,0,1
CF,CF36,61.556119,50.769144,0,KTL,62.9,118.6,4.0,2.0,1,1650,0,0,0,0,0,0

STAR,BATK4A,18,2
IF,BATKO,62.050000,52.098333, ,0.0,0.0,4,14000,6000,0,0,0,0,0
TF,D009E,61.772222,50.966111,0, ,0.0,0.0,0.0,0.0,1,1960,0,0,0,0,0,1
CF,CF18,61.741181,50.924469,0,KTL,58.1,124.8,184.0,2.0,1,1630,0,0,0,0,0,0

STAR,BATK4B,18,2
IF,BATKO,62.050000,52.098333, ,0.0,0.0,4,14000,6000,0,0,0,0,0
TF,SR,61.693972,50.884500,0, ,0.0,0.0,0.0,0.0,0,0,0,0,0,0,0,1
CI,1, ,0.0,94.0,0,0,0,0,0,0,0,0
CF,SR04,61.670556,51.007222,0,KTL,60.3,126.3,4.0,4.0,0,0,0,0,0,0,0,0
TF,D036G,61.766667,51.088611,0, ,0.0,0.0,0.0,0.0,1,1960,0,0,0,0,0,1
CF,D010E,61.773333,50.970556,1,KTL,57.4,126.5,229.0,3.0,1,1960,0,0,0,0,0,1
CF,CF18,61.741181,50.924469,0,KTL,58.1,124.8,184.0,2.0,1,1630,0,0,0,0,0,0

STAR,DIKA2A,36,2
IF,DIKAP,61.805000,52.321667, ,0.0,0.0,4,14000,6000,0,0,0,0,0
TF,D158H,61.471667,50.830000,0, ,0.0,0.0,0.0,0.0,1,1980,0,0,0,0,0,1
CF,D179F,61.514167,50.752778,2,KTL,64.1,117.8,319.0,2.0,1,1980,0,0,0,0,0,1
CF,CF36,61.556119,50.769144,0,KTL,62.9,118.6,4.0,2.0,1,1650,0,0,0,0,0,0

STAR,DIKA2B,36,2
IF,DIKAP,61.805000,52.321667, ,0.0,0.0,4,14000,6000,0,0,0,0,0
TF,PW,61.603694,50.809417,0, ,0.0,0.0,0.0,0.0,0,0,0,0,0,0,0,0
TF,PW05,61.523606,50.741511,0, ,0.0,0.0,0.0,0.0,0,0,0,0,0,0,0,1
DF,PW,61.603694,50.809417,1, ,0.0,0.0,0,0,0,0,0,0,0,1
DF,D094D,61.580278,50.931667,2, ,0.0,0.0,0,0,0,0,0,0,0,0
TF,D154G,61.480556,50.847222,0, ,0.0,0.0,0.0,0.0,1,1980,0,0,0,0,0,1
CF,D179F,61.514167,50.752778,2,KTL,64.1,117.8,319.0,3.0,1,1980,0,0,0,0,0,1
CF,CF36,61.556119,50.769144,0,KTL,62.9,118.6,4.0,2.0,1,1650,0,0,0,0,0,0

STAR,DIKA4A,18,2
IF,DIKAP,61.805000,52.321667, ,0.0,0.0,4,14000,6000,0,0,0,0,0
TF,D023H,61.789444,51.055000,0, ,0.0,0.0,0.0,0.0,1,1960,0,0,0,0,0,1
CF,D010E,61.773333,50.970556,0,KTL,57.4,126.5,229.0,2.0,1,1960,0,0,0,0,0,1
CF,CF18,61.741181,50.924469,0,KTL,58.1,124.8,184.0,2.0,1,1630,0,0,0,0,0,0

STAR,DIKA4B,18,2
IF,DIKAP,61.805000,52.321667, ,0.0,0.0,4,14000,6000,0,0,0,0,0
TF,SR,61.693972,50.884500,0, ,0.0,0.0,0.0,0.0,0,0,0,0,0,0,0,1
CI,1, ,0.0,94.0,0,0,0,0,0,0,0,0
CF,SR04,61.670556,51.007222,0,KTL,60.3,126.3,4.0,5.0,0,0,0,0,0,0,0,0
TF,D036G,61.766667,51.088611,0, ,0.0,0.0,0.0,0.0,1,1960,0,0,0,0,0,1
CF,D010E,61.773333,50.970556,1,KTL,57.4,126.5,229.0,3.0,1,1960,0,0,0,0,0,1
CF,CF18,61.741181,50.924469,0,KTL,58.1,124.8,184.0,2.0,1,1630,0,0,0,0,0,0

STAR,GOGE2A,36,2
IF,GOGEN,61.683333,52.353333, ,0.0,0.0,4,14000,6000,0,0,0,0,0
TF,D160H,61.470556,50.824167,0, ,0.0,0.0,0.0,0.0,1,1980,0,0,0,0,0,1
CF,D179F,61.514167,50.752778,0,KTL,64.1,117.8,319.0,3.0,1,1980,0,0,0,0,0,1
CF,CF36,61.556119,50.769144,0,KTL,62.9,118.6,4.0,2.0,1,1650,0,0,0,0,0,0

STAR,GOGE2B,36,2
IF,GOGEN,61.683333,52.353333, ,0.0,0.0,4,14000,6000,0,0,0,0,0
TF,PW,61.603694,50.809417,0, ,0.0,0.0,0.0,0.0,0,0,0,0,0,0,0,0
TF,PW05,61.523606,50.741511,0, ,0.0,0.0,0.0,0.0,0,0,0,0,0,0,0,1
DF,PW,61.603694,50.809417,1, ,0.0,0.0,0,0,0,0,0,0,0,1
DF,D094D,61.580278,50.931667,2, ,0.0,0.0,0,0,0,0,0,0,0,0
TF,D154G,61.480556,50.847222,0, ,0.0,0.0,0.0,0.0,1,1980,0,0,0,0,0,1
CF,D179F,61.514167,50.752778,2,KTL,64.1,117.8,319.0,3.0,1,1980,0,0,0,0,0,1
CF,CF36,61.556119,50.769144,0,KTL,62.9,118.6,4.0,2.0,1,1650,0,0,0,0,0,0

STAR,GOGE4A,18,2
IF,GOGEN,61.683333,52.353333, ,0.0,0.0,4,14000,6000,0,0,0,0,0
TF,D024H,61.789167,51.061667,0, ,0.0,0.0,0.0,0.0,1,1960,0,0,0,0,0,1
CF,D010E,61.773333,50.970556,0,KTL,57.4,126.5,229.0,2.0,1,1960,0,0,0,0,0,1
CF,CF18,61.741181,50.924469,0,KTL,58.1,124.8,184.0,2.0,1,1630,0,0,0,0,0,0

STAR,GOGE4B,18,2
IF,GOGEN,61.683333,52.353333, ,0.0,0.0,4,14000,6000,0,0,0,0,0
TF,SR,61.693972,50.884500,0, ,0.0,0.0,0.0,0.0,0,0,0,0,0,0,0,1
CI,1, ,0.0,94.0,0,0,0,0,0,0,0,0
CF,SR04,61.670556,51.007222,0,KTL,60.3,126.3,4.0,5.0,0,0,0,0,0,0,0,0
TF,D036G,61.766667,51.088611,0, ,0.0,0.0,0.0,0.0,1,1960,0,0,0,0,0,1
CF,D010E,61.773333,50.970556,1,KTL,57.4,126.5,229.0,3.0,1,1960,0,0,0,0,0,1
CF,CF18,61.741181,50.924469,0,KTL,58.1,124.8,184.0,2.0,1,1630,0,0,0,0,0,0

STAR,KUDO2A,36,2
IF,KUDOK,60.998611,50.198056, ,0.0,0.0,4,14000,6000,0,0,0,0,0
TF,D184D,61.536111,50.752222,0, ,0.0,0.0,0.0,0.0,1,1650,0,0,0,0,0,0
TF,CF36,61.556119,50.769144,0, ,0.0,0.0,0.0,0.0,1,1650,0,0,0,0,0,0

STAR,KUDO2B,36,2
IF,KUDOK,60.998611,50.198056, ,0.0,0.0,4,14000,6000,0,0,0,0,0
TF,PW,61.603694,50.809417,0, ,0.0,0.0,0.0,0.0,0,0,0,0,0,0,0,1
DF,D094D,61.580278,50.931667,2, ,0.0,0.0,0,0,0,0,0,0,0,0
TF,D154G,61.480556,50.847222,0, ,0.0,0.0,0.0,0.0,1,1980,0,0,0,0,0,1
CF,D179F,61.514167,50.752778,2,KTL,64.1,117.8,319.0,3.0,1,1980,0,0,0,0,0,1
CF,CF36,61.556119,50.769144,0,KTL,62.9,118.6,4.0,2.0,1,1650,0,0,0,0,0,0

STAR,KUDO4A,18,2
IF,KUDOK,60.998611,50.198056, ,0.0,0.0,4,14000,6000,0,0,0,0,0
TF,D333G,61.813333,50.842778,0, ,0.0,0.0,0.0,0.0,1,2640,0,0,0,0,0,1
CF,D359E,61.779444,50.938056,2,KTL,57.1,125.7,139.0,3.0,1,1960,0,0,0,0,0,1
CF,CF18,61.741181,50.924469,0,KTL,58.1,124.8,184.0,2.0,1,1630,0,0,0,0,0,0

STAR,KUDO4B,18,2
IF,KUDOK,60.998611,50.198056, ,0.0,0.0,4,14000,6000,0,0,0,0,0
TF,SR,61.693972,50.884500,0, ,0.0,0.0,0.0,0.0,0,0,0,0,0,0,0,0
TF,D034E,61.747100,51.028003,0, ,0.0,0.0,0.0,0.0,0,0,0,0,0,0,0,1
DF,SR,61.693972,50.884500,1, ,0.0,0.0,0,0,0,0,0,0,0,1
DF,SR04,61.670556,51.007222,1, ,0.0,0.0,0,0,0,0,0,0,0,0
TF,D036G,61.766667,51.088611,0, ,0.0,0.0,0.0,0.0,1,1960,0,0,0,0,0,1
CF,D010E,61.773333,50.970556,1,KTL,57.4,126.5,229.0,3.0,1,1960,0,0,0,0,0,1
CF,CF18,61.741181,50.924469,0,KTL,58.1,124.8,184.0,2.0,1,1630,0,0,0,0,0,0

STAR,LUGE2A,36,2
IF,LUGES,61.073333,51.746667, ,0.0,0.0,4,14000,6000,0,0,0,0,0
TF,D166H,61.474167,50.791944,0, ,0.0,0.0,0.0,0.0,1,1980,0,0,0,0,0,1
CF,D179F,61.514167,50.752778,0,KTL,64.1,117.8,319.0,2.0,1,1980,0,0,0,0,0,1
CF,CF36,61.556119,50.769144,0,KTL,62.9,118.6,4.0,2.0,1,1650,0,0,0,0,0,0

STAR,LUGE2B,36,2
IF,LUGES,61.073333,51.746667, ,0.0,0.0,4,14000,6000,0,0,0,0,0
TF,PW,61.603694,50.809417,0, ,0.0,0.0,0.0,0.0,0,0,0,0,0,0,0,1
DF,D094D,61.580278,50.931667,2, ,0.0,0.0,0,0,0,0,0,0,0,0
TF,D154G,61.480556,50.847222,0, ,0.0,0.0,0.0,0.0,1,1980,0,0,0,0,0,1
CF,D179F,61.514167,50.752778,2,KTL,64.1,117.8,319.0,3.0,1,1980,0,0,0,0,0,1
CF,CF36,61.556119,50.769144,0,KTL,62.9,118.6,4.0,2.0,1,1650,0,0,0,0,0,0

STAR,LUGE4A,18,2
IF,LUGES,61.073333,51.746667, ,0.0,0.0,4,14000,6000,0,0,0,0,0
TF,D031H,61.779722,51.088056,0, ,0.0,0.0,0.0,0.0,1,1960,0,0,0,0,0,1
CF,D010E,61.773333,50.970556,0,KTL,57.4,126.5,229.0,3.0,1,1960,0,0,0,0,0,1
CF,CF18,61.741181,50.924469,0,KTL,58.1,124.8,184.0,2.0,1,1630,0,0,0,0,0,0

STAR,LUGE4B,18,2
IF,LUGES,61.073333,51.746667, ,0.0,0.0,4,14000,6000,0,0,0,0,0
TF,SR,61.693972,50.884500,0, ,0.0,0.0,0.0,0.0,0,0,0,0,0,0,0,0
TF,SR05,61.774078,50.952706,0, ,0.0,0.0,0.0,0.0,0,0,0,0,0,0,0,1
DF,SR,61.693972,50.884500,2, ,0.0,0.0,0,0,0,0,0,0,0,1
CI,1, ,0.0,94.0,0,0,0,0,0,0,0,0
CF,SR04,61.670556,51.007222,0,KTL,60.3,126.3,4.0,5.0,0,0,0,0,0,0,0,0
TF,D036G,61.766667,51.088611,0, ,0.0,0.0,0.0,0.0,1,1960,0,0,0,0,0,1
CF,D010E,61.773333,50.970556,1,KTL,57.4,126.5,229.0,3.0,1,1960,0,0,0,0,0,1
CF,CF18,61.741181,50.924469,0,KTL,58.1,124.8,184.0,2.0,1,1630,0,0,0,0,0,0

STAR,NILI2A,36,2
IF,NILIN,62.363333,50.911667, ,0.0,0.0,4,14000,6000,0,0,0,0,0
TF,D214H,61.525000,50.601667,0, ,0.0,0.0,0.0,0.0,1,2640,0,0,0,0,0,1
CF,D190F,61.520000,50.720000,1,KTL,63.9,116.9,49.0,2.0,1,1980,0,0,0,0,0,1
CF,CF36,61.556119,50.769144,0,KTL,62.9,118.6,4.0,2.0,1,1650,0,0,0,0,0,0

STAR,NILI2B,36,2
IF,NILIN,62.363333,50.911667, ,0.0,0.0,4,14000,6000,0,0,0,0,0
TF,PW,61.603694,50.809417,0, ,0.0,0.0,0.0,0.0,0,0,0,0,0,0,0,0
TF,D154E,61.518167,50.834486,0, ,0.0,0.0,0.0,0.0,0,0,0,0,0,0,0,1
DF,PW,61.603694,50.809417,2, ,0.0,0.0,0,0,0,0,0,0,0,1
DF,D094D,61.580278,50.931667,2, ,0.0,0.0,0,0,0,0,0,0,0,0
TF,D154G,61.480556,50.847222,0, ,0.0,0.0,0.0,0.0,1,1980,0,0,0,0,0,1
CF,D179F,61.514167,50.752778,2,KTL,64.1,117.8,319.0,3.0,1,1980,0,0,0,0,0,1
CF,CF36,61.556119,50.769144,0,KTL,62.9,118.6,4.0,2.0,1,1650,0,0,0,0,0,0

STAR,NILI4A,18,2
IF,NILIN,62.363333,50.911667, ,0.0,0.0,4,14000,6000,0,0,0,0,0
TF,D002E,61.769167,50.942500,0, ,0.0,0.0,0.0,0.0,1,1960,0,0,0,0,0,1
CF,CF18,61.741181,50.924469,0,KTL,58.1,124.8,184.0,1.0,1,1630,0,0,0,0,0,0

STAR,NILI4B,18,2
IF,NILIN,62.363333,50.911667, ,0.0,0.0,4,14000,6000,0,0,0,0,0
TF,SR,61.693972,50.884500,0, ,0.0,0.0,0.0,0.0,0,0,0,0,0,0,0,1
DF,SR04,61.670556,51.007222,1, ,0.0,0.0,0,0,0,0,0,0,0,0
TF,D036G,61.766667,51.088611,0, ,0.0,0.0,0.0,0.0,1,1960,0,0,0,0,0,1
CF,D010E,61.773333,50.970556,1,KTL,57.4,126.5,229.0,3.0,1,1960,0,0,0,0,0,1
CF,CF18,61.741181,50.924469,0,KTL,58.1,124.8,184.0,2.0,1,1630,0,0,0,0,0,0

STAR,RASN2A,36,2
IF,RASNA,61.256944,49.582778, ,0.0,0.0,4,14000,6000,0,0,0,0,0
TF,D190F,61.520000,50.720000,0, ,0.0,0.0,0.0,0.0,1,1980,0,0,0,0,0,1
CF,CF36,61.556119,50.769144,0,KTL,62.9,118.6,4.0,2.0,1,1650,0,0,0,0,0,0

STAR,RASN2B,36,2
IF,RASNA,61.256944,49.582778, ,0.0,0.0,4,14000,6000,0,0,0,0,0
TF,PW,61.603694,50.809417,0, ,0.0,0.0,0.0,0.0,0,0,0,0,0,0,0,1
DF,D094D,61.580278,50.931667,2, ,0.0,0.0,0,0,0,0,0,0,0,0
TF,D154G,61.480556,50.847222,0, ,0.0,0.0,0.0,0.0,1,1980,0,0,0,0,0,1
CF,D179F,61.514167,50.752778,2,KTL,64.1,117.8,319.0,3.0,1,1980,0,0,0,0,0,1
CF,CF36,61.556119,50.769144,0,KTL,62.9,118.6,4.0,2.0,1,1650,0,0,0,0,0,0

STAR,RASN4A,18,2
IF,RASNA,61.256944,49.582778, ,0.0,0.0,4,14000,6000,0,0,0,0,0
TF,D335H,61.819444,50.851667,0, ,0.0,0.0,0.0,0.0,1,2640,0,0,0,0,0,1
CF,D359E,61.779444,50.938056,2,KTL,57.1,125.7,139.0,2.0,1,1960,0,0,0,0,0,1
CF,CF18,61.741181,50.924469,0,KTL,58.1,124.8,184.0,2.0,1,1630,0,0,0,0,0,0

STAR,RASN4B,18,2
IF,RASNA,61.256944,49.582778, ,0.0,0.0,4,14000,6000,0,0,0,0,0
TF,SR,61.693972,50.884500,0, ,0.0,0.0,0.0,0.0,0,0,0,0,0,0,0,0
TF,D034E,61.747100,51.028003,0, ,0.0,0.0,0.0,0.0,0,0,0,0,0,0,0,1
DF,SR,61.693972,50.884500,1, ,0.0,0.0,0,0,0,0,0,0,0,1
DF,SR04,61.670556,51.007222,1, ,0.0,0.0,0,0,0,0,0,0,0,0
TF,D036G,61.766667,51.088611,0, ,0.0,0.0,0.0,0.0,1,1960,0,0,0,0,0,1
CF,D010E,61.773333,50.970556,1,KTL,57.4,126.5,229.0,3.0,1,1960,0,0,0,0,0,1
CF,CF18,61.741181,50.924469,0,KTL,58.1,124.8,184.0,2.0,1,1630,0,0,0,0,0,0

STAR,REKR2A,36,2
IF,REKRI,62.290556,50.169444, ,0.0,0.0,4,14000,6000,0,0,0,0,0
TF,D211H,61.516667,50.601667,0, ,0.0,0.0,0.0,0.0,1,2640,0,0,0,0,0,1
CF,D190F,61.520000,50.720000,1,KTL,63.9,116.9,49.0,2.0,1,1980,0,0,0,0,0,1
CF,CF36,61.556119,50.769144,0,KTL,62.9,118.6,4.0,2.0,1,1650,0,0,0,0,0,0

STAR,REKR2B,36,2
IF,REKRI,62.290556,50.169444, ,0.0,0.0,4,14000,6000,0,0,0,0,0
TF,PW,61.603694,50.809417,0, ,0.0,0.0,0.0,0.0,0,0,0,0,0,0,0,0
TF,D154E,61.518167,50.834486,0, ,0.0,0.0,0.0,0.0,0,0,0,0,0,0,0,1
DF,PW,61.603694,50.809417,2, ,0.0,0.0,0,0,0,0,0,0,0,1
DF,D094D,61.580278,50.931667,2, ,0.0,0.0,0,0,0,0,0,0,0,0
TF,D154G,61.480556,50.847222,0, ,0.0,0.0,0.0,0.0,1,1980,0,0,0,0,0,1
CF,D179F,61.514167,50.752778,2,KTL,64.1,117.8,319.0,3.0,1,1980,0,0,0,0,0,1
CF,CF36,61.556119,50.769144,0,KTL,62.9,118.6,4.0,2.0,1,1650,0,0,0,0,0,0

STAR,REKR4A,18,2
IF,REKRI,62.290556,50.169444, ,0.0,0.0,4,14000,6000,0,0,0,0,0
TF,D347G,61.816944,50.903611,0, ,0.0,0.0,0.0,0.0,1,2640,0,0,0,0,0,0
TF,D359E,61.779444,50.938056,0, ,0.0,0.0,0.0,0.0,1,1960,0,0,0,0,0,1
CF,CF18,61.741181,50.924469,0,KTL,58.1,124.8,184.0,2.0,1,1630,0,0,0,0,0,0

STAR,REKR4B,18,2
IF,REKRI,62.290556,50.169444, ,0.0,0.0,4,14000,6000,0,0,0,0,0
TF,SR,61.693972,50.884500,0, ,0.0,0.0,0.0,0.0,0,0,0,0,0,0,0,0
TF,SR04,61.670556,51.007222,0, ,0.0,0.0,0.0,0.0,0,0,0,0,0,0,0,0
TF,D036G,61.766667,51.088611,0, ,0.0,0.0,0.0,0.0,1,1960,0,0,0,0,0,1
CF,D010E,61.773333,50.970556,1,KTL,57.4,126.5,229.0,3.0,1,1960,0,0,0,0,0,1
CF,CF18,61.741181,50.924469,0,KTL,58.1,124.8,184.0,2.0,1,1630,0,0,0,0,0,0

STAR,SORI2A,36,2
IF,SORIG,62.098333,49.663333, ,0.0,0.0,4,14000,6000,0,0,0,0,0
TF,D208H,61.510000,50.608333,0, ,0.0,0.0,0.0,0.0,1,2640,0,0,0,0,0,1
CF,D190F,61.520000,50.720000,0,KTL,63.9,116.9,49.0,2.0,1,1980,0,0,0,0,0,1
CF,CF36,61.556119,50.769144,0,KTL,62.9,118.6,4.0,2.0,1,1650,0,0,0,0,0,0

STAR,SORI2B,36,2
IF,SORIG,62.098333,49.663333, ,0.0,0.0,4,14000,6000,0,0,0,0,0
TF,PW,61.603694,50.809417,0, ,0.0,0.0,0.0,0.0,0,0,0,0,0,0,0,0
TF,D154E,61.518167,50.834486,0, ,0.0,0.0,0.0,0.0,0,0,0,0,0,0,0,1
DF,PW,61.603694,50.809417,2, ,0.0,0.0,0,0,0,0,0,0,0,1
DF,D094D,61.580278,50.931667,2, ,0.0,0.0,0,0,0,0,0,0,0,0
TF,D154G,61.480556,50.847222,0, ,0.0,0.0,0.0,0.0,1,1980,0,0,0,0,0,1
CF,D179F,61.514167,50.752778,2,KTL,64.1,117.8,319.0,3.0,1,1980,0,0,0,0,0,1
CF,CF36,61.556119,50.769144,0,KTL,62.9,118.6,4.0,2.0,1,1650,0,0,0,0,0,0

STAR,SORI4A,18,2
IF,SORIG,62.098333,49.663333, ,0.0,0.0,4,14000,6000,0,0,0,0,0
TF,D343H,61.822500,50.889167,0, ,0.0,0.0,0.0,0.0,1,2640,0,0,0,0,0,1
CF,D359E,61.779444,50.938056,0,KTL,57.1,125.7,139.0,3.0,1,1960,0,0,0,0,0,1
CF,CF18,61.741181,50.924469,0,KTL,58.1,124.8,184.0,2.0,1,1630,0,0,0,0,0,0

STAR,SORI4B,18,2
IF,SORIG,62.098333,49.663333, ,0.0,0.0,4,14000,6000,0,0,0,0,0
TF,SR,61.693972,50.884500,0, ,0.0,0.0,0.0,0.0,0,0,0,0,0,0,0,0
TF,SR04,61.670556,51.007222,0, ,0.0,0.0,0.0,0.0,0,0,0,0,0,0,0,0
TF,D036G,61.766667,51.088611,0, ,0.0,0.0,0.0,0.0,1,1960,0,0,0,0,0,1
CF,D010E,61.773333,50.970556,1,KTL,57.4,126.5,229.0,3.0,1,1960,0,0,0,0,0,1
CF,CF18,61.741181,50.924469,0,KTL,58.1,124.8,184.0,2.0,1,1630,0,0,0,0,0,0

STAR,SUGE2A,36,2
IF,SUGES,61.263889,52.114167, ,0.0,0.0,4,14000,6000,0,0,0,0,0
TF,D164H,61.470833,50.804167,0, ,0.0,0.0,0.0,0.0,1,1980,0,0,0,0,0,1
CF,D179F,61.514167,50.752778,0,KTL,64.1,117.8,319.0,2.0,1,1980,0,0,0,0,0,1
CF,CF36,61.556119,50.769144,0,KTL,62.9,118.6,4.0,2.0,1,1650,0,0,0,0,0,0

STAR,SUGE2B,36,2
IF,SUGES,61.263889,52.114167, ,0.0,0.0,4,14000,6000,0,0,0,0,0
TF,PW,61.603694,50.809417,0, ,0.0,0.0,0.0,0.0,0,0,0,0,0,0,0,0
TF,PW05,61.523606,50.741511,0, ,0.0,0.0,0.0,0.0,0,0,0,0,0,0,0,1
DF,PW,61.603694,50.809417,1, ,0.0,0.0,0,0,0,0,0,0,0,1
DF,D094D,61.580278,50.931667,2, ,0.0,0.0,0,0,0,0,0,0,0,0
TF,D154G,61.480556,50.847222,0, ,0.0,0.0,0.0,0.0,1,1980,0,0,0,0,0,1
CF,D179F,61.514167,50.752778,2,KTL,64.1,117.8,319.0,3.0,1,1980,0,0,0,0,0,1
CF,CF36,61.556119,50.769144,0,KTL,62.9,118.6,4.0,2.0,1,1650,0,0,0,0,0,0

STAR,SUGE4A,18,2
IF,SUGES,61.263889,52.114167, ,0.0,0.0,4,14000,6000,0,0,0,0,0
TF,D028H,61.784167,51.081667,0, ,0.0,0.0,0.0,0.0,1,1960,0,0,0,0,0,1
CF,D010E,61.773333,50.970556,0,KTL,57.4,126.5,229.0,3.0,1,1960,0,0,0,0,0,1
CF,CF18,61.741181,50.924469,0,KTL,58.1,124.8,184.0,2.0,1,1630,0,0,0,0,0,0

STAR,SUGE4B,18,2
IF,SUGES,61.263889,52.114167, ,0.0,0.0,4,14000,6000,0,0,0,0,0
TF,SR,61.693972,50.884500,0, ,0.0,0.0,0.0,0.0,0,0,0,0,0,0,0,0
TF,SR05,61.774078,50.952706,0, ,0.0,0.0,0.0,0.0,0,0,0,0,0,0,0,1
DF,SR,61.693972,50.884500,2, ,0.0,0.0,0,0,0,0,0,0,0,1
CI,1, ,0.0,94.0,0,0,0,0,0,0,0,0
CF,SR04,61.670556,51.007222,0,KTL,60.2,126.3,4.0,5.0,0,0,0,0,0,0,0,0
TF,D036G,61.766667,51.088611,0, ,0.0,0.0,0.0,0.0,1,1960,0,0,0,0,0,1
CF,D010E,61.773333,50.970556,1,KTL,57.4,126.5,229.0,3.0,1,1960,0,0,0,0,0,1
CF,CF18,61.741181,50.924469,0,KTL,58.1,124.8,184.0,2.0,1,1630,0,0,0,0,0,0

STAR,TELR2A,36,2
IF,TELRA,62.238611,51.702778, ,0.0,0.0,4,14000,6000,0,0,0,0,0
TF,D154G,61.480556,50.847222,0, ,0.0,0.0,0.0,0.0,1,1980,0,0,0,0,0,1
CF,D179F,61.514167,50.752778,2,KTL,64.1,117.8,319.0,2.0,1,1980,0,0,0,0,0,1
CF,CF36,61.556119,50.769144,0,KTL,62.9,118.6,4.0,2.0,1,1650,0,0,0,0,0,0

STAR,TELR2B,36,2
IF,TELRA,62.238611,51.702778, ,0.0,0.0,4,14000,6000,0,0,0,0,0
TF,PW,61.603694,50.809417,0, ,0.0,0.0,0.0,0.0,0,0,0,0,0,0,0,0
TF,PW05,61.523606,50.741511,0, ,0.0,0.0,0.0,0.0,0,0,0,0,0,0,0,1
DF,PW,61.603694,50.809417,1, ,0.0,0.0,0,0,0,0,0,0,0,1
DF,D094D,61.580278,50.931667,2, ,0.0,0.0,0,0,0,0,0,0,0,0
TF,D154G,61.480556,50.847222,0, ,0.0,0.0,0.0,0.0,1,1980,0,0,0,0,0,1
CF,D179F,61.514167,50.752778,2,KTL,64.1,117.8,319.0,3.0,1,1980,0,0,0,0,0,1
CF,CF36,61.556119,50.769144,0,KTL,62.9,118.6,4.0,2.0,1,1650,0,0,0,0,0,0

STAR,TELR4A,18,2
IF,TELRA,62.238611,51.702778, ,0.0,0.0,4,14000,6000,0,0,0,0,0
TF,D005E,61.764167,50.946111,0, ,0.0,0.0,0.0,0.0,1,1630,0,0,0,0,0,0
TF,CF18,61.741181,50.924469,0, ,0.0,0.0,0.0,0.0,1,1630,0,0,0,0,0,0

STAR,TELR4B,18,2
IF,TELRA,62.238611,51.702778, ,0.0,0.0,4,14000,6000,0,0,0,0,0
TF,SR,61.693972,50.884500,0, ,0.0,0.0,0.0,0.0,0,0,0,0,0,0,0,1
CI,1, ,0.0,94.0,0,0,0,0,0,0,0,0
CF,SR04,61.670556,51.007222,0,KTL,60.3,126.3,4.0,4.0,0,0,0,0,0,0,0,0
TF,D036G,61.766667,51.088611,0, ,0.0,0.0,0.0,0.0,1,1960,0,0,0,0,0,1
CF,D010E,61.773333,50.970556,1,KTL,57.4,126.5,229.0,3.0,1,1960,0,0,0,0,0,0
CF,CF18,61.741181,50.924469,0,KTL,58.1,124.8,184.0,2.0,1,1630,0,0,0,0,0,0

STAR,URIT2A,36,2
IF,URITU,61.741111,49.346667, ,0.0,0.0,4,14000,12000,0,0,0,0,0
TF,D205H,61.505278,50.623056,0, ,0.0,0.0,0.0,0.0,1,2640,0,0,0,0,0,1
CF,D190F,61.520000,50.720000,0,KTL,63.9,116.9,49.0,2.0,1,1980,0,0,0,0,0,1
CF,CF36,61.556119,50.769144,0,KTL,62.9,118.6,4.0,2.0,1,1650,0,0,0,0,0,0

STAR,URIT2B,36,2
IF,URITU,61.741111,49.346667, ,0.0,0.0,4,14000,12000,0,0,0,0,0
TF,PW,61.603694,50.809417,0, ,0.0,0.0,0.0,0.0,0,0,0,0,0,0,0,0
TF,D094D,61.580278,50.931667,0, ,0.0,0.0,0.0,0.0,0,0,0,0,0,0,0,0
TF,D154G,61.480556,50.847222,0, ,0.0,0.0,0.0,0.0,1,1980,0,0,0,0,0,1
CF,D179F,61.514167,50.752778,2,KTL,64.1,117.8,319.0,3.0,1,1980,0,0,0,0,0,1
CF,CF36,61.556119,50.769144,0,KTL,62.9,118.6,4.0,2.0,1,1650,0,0,0,0,0,0

STAR,URIT4A,18,2
IF,URITU,61.741111,49.346667, ,0.0,0.0,4,14000,12000,0,0,0,0,0
TF,D340H,61.823611,50.871944,0, ,0.0,0.0,0.0,0.0,1,2640,0,0,0,0,0,1
CF,D359E,61.779444,50.938056,0,KTL,57.1,125.7,139.0,3.0,1,1960,0,0,0,0,0,1
CF,CF18,61.741181,50.924469,0,KTL,58.1,124.8,184.0,2.0,1,1630,0,0,0,0,0,0

STAR,URIT4B,18,2
IF,URITU,61.741111,49.346667, ,0.0,0.0,4,14000,12000,0,0,0,0,0
TF,SR,61.693972,50.884500,0, ,0.0,0.0,0.0,0.0,0,0,0,0,0,0,0,0
TF,SR04,61.670556,51.007222,0, ,0.0,0.0,0.0,0.0,0,0,0,0,0,0,0,0
TF,D036G,61.766667,51.088611,0, ,0.0,0.0,0.0,0.0,1,1960,0,0,0,0,0,1
CF,D010E,61.773333,50.970556,1,KTL,57.4,126.5,229.0,3.0,1,1960,0,0,0,0,0,1
CF,CF18,61.741181,50.924469,0,KTL,58.1,124.8,184.0,2.0,1,1630,0,0,0,0,0,0

FINAL,I18,18,I,3
IF,CF18,61.741181,50.924469,ISR,3.8,7.0,1,1630,0,0,0,0,0,0
CF,FF18,61.718056,50.905000,0,ISR,3.8,5.5,184.0,1.5,1,1630,0,0,0,0,2,0
CF,RW18,61.657397,50.853872,0,ISR,3.8,1.6,184.0,3.9,1,367,0,0,0,0,3,0
CA,0,184.0,2,1300,0,0,0,0,0,0
VM,0,0,1,4.0,1,1960,0,0,0,0,0,0

FINAL,I36,36,I,3
IF,CF36,61.556119,50.769144,IPW,183.8,7.0,1,1650,0,0,0,0,0,0
CF,FF36,61.575833,50.785556,0,IPW,183.8,5.7,4.0,1.3,1,1650,0,0,0,0,2,0
CF,RW36,61.636539,50.836361,0,IPW,183.8,1.8,4.0,3.9,1,387,0,0,0,0,3,0
CA,0,4.0,2,1320,0,0,0,0,0,0
VM,0,0,2,184.0,1,1980,0,0,0,0,0,0

FINAL,N18,18,N,4
IF,CF18,61.741181,50.924469,SR,0.0,0.0,1,1630,0,0,0,0,0,0
CF,FF18,61.718056,50.905000,0,SR,0.0,0.0,184.0,1.5,1,1630,0,0,0,0,2,0
CF,SR,61.693972,50.884500,0,SR,0.0,0.0,184.0,1.6,2,1120,0,0,0,0,0,0
CF,S,61.664667,50.859667,0,SR,0.0,0.0,184.0,1.9,1,517,0,0,0,0,3,0
CA,0,184.0,2,1300,0,0,0,0,0,0
VM,0,0,1,4.0,1,1960,0,0,0,0,0,0

FINAL,N18-W,18,N,3
IF,CF18,61.741181,50.924469,P,0.0,0.0,1,1630,0,0,0,0,0,0
CF,FF18,61.718056,50.905000,0,P,0.0,0.0,184.0,1.5,1,1630,0,0,0,0,2,0
CF,RW18,61.657397,50.853872,0,P,0.0,0.0,184.0,3.9,1,367,0,0,0,0,3,0
TF,P,61.628361,50.829556,0, ,0.0,0.0,0.0,0.0,0,0,0,0,0,0,0,1
VM,0,0,1,4.0,1,1960,0,0,0,0,0,0

FINAL,N18-X,18,N,3
IF,CF18,61.741181,50.924469,S,0.0,0.0,1,1630,0,0,0,0,0,0
CF,FF18,61.718056,50.905000,0,S,0.0,0.0,184.0,1.5,1,1630,0,0,0,0,2,0
CF,S,61.664667,50.859667,0,S,0.0,0.0,184.0,3.5,1,517,0,0,0,0,3,0
CA,0,184.0,2,740,0,0,0,0,0,0
VM,0,0,1,4.0,1,1960,0,0,0,0,0,0

FINAL,N18-Y,18,N,4
IF,CF18,61.741181,50.924469,SR,0.0,0.0,1,1630,0,0,0,0,0,0
CF,FF18,61.718056,50.905000,0,SR,0.0,0.0,184.0,1.5,1,1630,0,0,0,0,2,0
CF,SR,61.693972,50.884500,0,SR,0.0,0.0,184.0,1.6,2,1120,0,0,0,0,0,0
CF,RW18,61.657397,50.853872,0,SR,0.0,0.0,184.0,2.4,1,367,0,0,0,0,3,0
CA,0,184.0,2,740,0,0,0,0,0,0
VM,0,0,1,4.0,1,1960,0,0,0,0,0,0

FINAL,N36,36,N,4
IF,CF36,61.556119,50.769144,PW,0.0,0.0,1,1650,0,0,0,0,0,0
CF,FF36,61.575833,50.785556,0,PW,0.0,0.0,4.0,1.3,1,1650,0,0,0,0,2,0
CF,PW,61.603694,50.809417,0,PW,0.0,0.0,4.0,1.8,2,1060,0,0,0,0,0,0
CF,P,61.628361,50.829556,0,PW,0.0,0.0,4.0,1.6,1,556,0,0,0,0,3,0
CA,0,4.0,2,1320,0,0,0,0,0,0
VM,0,0,2,184.0,1,1980,0,0,0,0,0,0

FINAL,N36-W,36,N,3
IF,CF36,61.556119,50.769144,S,0.0,0.0,1,1650,0,0,0,0,0,0
CF,FF36,61.575833,50.785556,0,S,0.0,0.0,4.0,1.3,1,1650,0,0,0,0,2,0
CF,RW36,61.636539,50.836361,0,S,0.0,0.0,4.0,3.9,1,387,0,0,0,0,3,0
TF,S,61.664667,50.859667,0, ,0.0,0.0,0.0,0.0,0,0,0,0,0,0,0,1
VM,0,0,2,184.0,1,1980,0,0,0,0,0,0

FINAL,N36-X,36,N,3
IF,CF36,61.556119,50.769144,P,0.0,0.0,1,1650,0,0,0,0,0,0
CF,FF36,61.575833,50.785556,0,P,0.0,0.0,4.0,1.3,1,1650,0,0,0,0,2,0
CF,P,61.628361,50.829556,0,P,0.0,0.0,4.0,3.4,1,556,0,0,0,0,3,0
CA,0,4.0,2,740,0,0,0,0,0,0
VM,0,0,2,184.0,1,1980,0,0,0,0,0,0

FINAL,N36-Y,36,N,4
IF,CF36,61.556119,50.769144,PW,0.0,0.0,1,1650,0,0,0,0,0,0
CF,FF36,61.575833,50.785556,0,PW,0.0,0.0,4.0,1.3,1,1650,0,0,0,0,2,0
CF,PW,61.603694,50.809417,0,PW,0.0,0.0,4.0,1.8,2,1060,0,0,0,0,0,0
CF,RW36,61.636539,50.836361,0,PW,0.0,0.0,4.0,2.1,1,387,0,0,0,0,3,0
CA,0,4.0,2,740,0,0,0,0,0,0
VM,0,0,2,184.0,1,1980,0,0,0,0,0,0

