SID,BENO1N,03,2
CA,0,34.0,2,1620,0,0,0,0,0,0
CF,A,55.550889,52.066444,2,KZN,77.8,95.2,271.0,4.0,0,0,0,0,0,0,0,1
CI,1, ,0.0,172.0,0,0,0,0,0,0,0,0
CF,BENOL,55.071667,51.483333,0,KZN,99.1,82.3,202.0,31.0,2,6000,0,0,0,0,0,0

SID,BENO1P,21,2
CA,0,214.0,2,1610,0,0,0,0,0,0
CI,0, ,0.0,172.0,0,0,0,0,0,0,0,0
CF,BENOL,55.071667,51.483333,0,KZN,99.1,82.3,202.0,32.0,2,6000,0,0,0,0,0,0

SID,BENO3C,03,2
CA,0,34.0,2,1620,0,0,0,0,0,0
CF,NA,55.533194,52.033194,2,KZN,78.5,94.1,262.0,5.0,0,0,0,0,0,0,0,1
CI,1, ,0.0,171.0,0,0,0,0,0,0,0,0
CF,BENOL,55.071667,51.483333,0,KZN,99.1,82.3,201.0,29.0,2,6000,0,0,0,0,0,0

SID,BENO3D,21,2
CA,0,214.0,2,1610,0,0,0,0,0,0
CI,0, ,0.0,173.0,0,0,0,0,0,0,0,0
CF,BENOL,55.071667,51.483333,0,KZN,99.1,82.3,203.0,32.0,2,6000,0,0,0,0,0,0

SID,BENO3G,03,5
CF,KE102,55.650653,52.255758,0,KZN,74.2,101.5,34.0,8.0,0,0,0,1,245,0,0,0
TF,KE104,55.571733,52.385539,0, ,0.0,0.0,0.0,0.0,0,0,0,0,0,0,0,0
TF,BENOL,55.071667,51.483333,0, ,0.0,0.0,0.0,0.0,2,6000,0,0,0,0,0,0

SID,BENO3H,21,5
CF,KE302,55.478458,51.929914,0,KZN,80.7,90.9,214.0,8.0,0,0,0,1,245,0,0,0
TF,BENOL,55.071667,51.483333,0, ,0.0,0.0,0.0,0.0,2,6000,0,0,0,0,0,0

SID,HJ1N,03,2
CA,0,34.0,2,1620,0,0,0,0,0,0
VI,1, ,0.0,302.0,0,0,0,0,0,0,0,0
CF,HJ,55.733333,51.398333,0,KZN,70.1,72.6,257.0,20.0,2,6000,0,0,0,0,0,0

SID,HJ1P,21,2
CA,0,214.0,2,1610,0,0,0,0,0,0
CI,0, ,0.0,271.0,0,0,0,0,0,0,0,0
CF,HJ,55.733333,51.398333,0,KZN,70.1,72.6,301.0,15.0,2,6000,0,0,0,0,0,0

SID,HJ3C,03,2
CA,0,34.0,2,1620,0,0,0,0,0,0
VI,1, ,0.0,302.0,0,0,0,0,0,0,0,0
CF,HJ,55.733333,51.398333,0,KZN,70.1,72.6,257.0,20.0,2,6000,0,0,0,0,0,0

SID,HJ3D,21,2
CA,0,214.0,2,1610,0,0,0,0,0,0
VI,0, ,0.0,271.0,0,0,0,0,0,0,0,0
CF,HJ,55.733333,51.398333,0,KZN,70.1,72.6,301.0,15.0,2,6000,0,0,0,0,0,0

SID,HJ3G,03,5
CF,KE102,55.650653,52.255758,0,KZN,74.2,101.5,34.0,8.0,0,0,0,1,245,0,0,0
TF,KE103,55.729592,52.125753,0, ,0.0,0.0,0.0,0.0,0,0,0,0,0,0,0,0
TF,HJ,55.733333,51.398333,0, ,0.0,0.0,0.0,0.0,2,6000,0,0,0,0,0,0

SID,HJ3H,21,5
CF,KE302,55.478458,51.929914,0,KZN,80.7,90.9,214.0,8.0,0,0,0,1,245,0,0,0
TF,KE303,55.557203,51.799703,0, ,0.0,0.0,0.0,0.0,0,0,0,0,0,0,0,0
TF,HJ,55.733333,51.398333,0, ,0.0,0.0,0.0,0.0,2,6000,0,0,0,0,0,0

SID,NEDL1N,03,2
CA,0,34.0,2,1620,0,0,0,0,0,0
CI,1, ,0.0,299.0,0,0,0,0,0,0,0,0
CF,NEDLA,56.403611,52.120000,0,KZN,49.3,107.2,349.0,44.0,2,6000,0,0,0,0,0,0

SID,NEDL1P,21,2
CA,0,214.0,2,1610,0,0,0,0,0,0
CF,K,55.578389,52.118583,1,KZN,76.8,96.9,337.0,4.0,0,0,0,0,0,0,0,0
TF,NEDLA,56.403611,52.120000,0, ,0.0,0.0,0.0,0.0,2,6000,0,0,0,0,0,0

SID,NEDL3C,03,2
CA,0,34.0,2,1620,0,0,0,0,0,0
CI,1, ,0.0,295.0,0,0,0,0,0,0,0,0
CF,NEDLA,56.403611,52.120000,0,KZN,49.3,107.2,350.0,44.0,2,6000,0,0,0,0,0,0

SID,NEDL3D,21,2
CA,0,214.0,2,1610,0,0,0,0,0,0
CF,NK,55.598167,52.156056,1,KZN,76.1,98.1,347.0,5.0,0,0,0,0,0,0,0,0
TF,NEDLA,56.403611,52.120000,0, ,0.0,0.0,0.0,0.0,2,6000,0,0,0,0,0,0

SID,NEDL3G,03,5
CF,KE102,55.650653,52.255758,0,KZN,74.2,101.5,34.0,8.0,0,0,0,1,245,0,0,0
TF,NEDLA,56.403611,52.120000,0, ,0.0,0.0,0.0,0.0,2,6000,0,0,0,0,0,0

SID,NEDL3H,21,5
CF,KE302,55.478458,51.929914,0,KZN,80.7,90.9,214.0,8.0,0,0,0,1,245,0,0,0
TF,KE303,55.557203,51.799703,0, ,0.0,0.0,0.0,0.0,0,0,0,0,0,0,0,0
TF,NEDLA,56.403611,52.120000,0, ,0.0,0.0,0.0,0.0,2,6000,0,0,0,0,0,0

SID,ORTA1N,03,2
CA,0,34.0,2,1620,0,0,0,0,0,0
CI,0, ,0.0,77.0,0,0,0,0,0,0,0,0
CF,ORTAS,56.006944,53.538333,0,KZN,65.8,146.4,47.0,50.0,2,7000,0,0,0,0,0,0

SID,ORTA1P,21,2
CA,0,214.0,2,1610,0,0,0,0,0,0
CF,K,55.578389,52.118583,1,KZN,76.8,96.9,337.0,4.0,0,0,0,0,0,0,0,1
CI,2, ,0.0,78.0,0,0,0,0,0,0,0,0
CF,ORTAS,56.006944,53.538333,0,KZN,65.8,146.4,48.0,49.0,2,7000,0,0,0,0,0,0

SID,ORTA3C,03,2
CA,0,34.0,2,1620,0,0,0,0,0,0
CI,0, ,0.0,77.0,0,0,0,0,0,0,0,0
CF,ORTAS,56.006944,53.538333,0,KZN,65.8,146.4,47.0,50.0,2,7000,0,0,0,0,0,0

SID,ORTA3D,21,2
CA,0,214.0,2,1610,0,0,0,0,0,0
CF,NK,55.598167,52.156056,1,KZN,76.1,98.1,347.0,5.0,0,0,0,0,0,0,0,1
CI,2, ,0.0,78.0,0,0,0,0,0,0,0,0
CF,ORTAS,56.006944,53.538333,0,KZN,65.8,146.4,48.0,47.0,2,7000,0,0,0,0,0,0

SID,ORTA3G,03,5
CF,KE102,55.650653,52.255758,0,KZN,74.2,101.5,34.0,8.0,0,0,0,1,245,0,0,0
TF,ORTAS,56.006944,53.538333,0, ,0.0,0.0,0.0,0.0,2,7000,0,0,0,0,0,0

SID,ORTA3H,21,5
CF,KE302,55.478458,51.929914,0,KZN,80.7,90.9,214.0,8.0,0,0,0,1,245,0,0,0
TF,KE304,55.399575,52.059603,0, ,0.0,0.0,0.0,0.0,0,0,0,0,0,0,0,0
TF,ORTAS,56.006944,53.538333,0, ,0.0,0.0,0.0,0.0,2,7000,0,0,0,0,0,0

SID,RITO1N,03,2
CA,0,34.0,2,1620,0,0,0,0,0,0
CF,A,55.550889,52.066444,2,KZN,77.8,95.2,271.0,4.0,0,0,0,0,0,0,0,0
TF,RITOP,55.333333,50.648333,0, ,0.0,0.0,0.0,0.0,2,6000,0,0,0,0,0,0

SID,RITO1P,21,2
CA,0,214.0,2,1610,0,0,0,0,0,0
CI,0, ,0.0,271.0,0,0,0,0,0,0,0,0
CF,RITOP,55.333333,50.648333,0,KZN,95.6,49.8,241.0,45.0,2,6000,0,0,0,0,0,0

SID,RITO3C,03,2
CA,0,34.0,2,1620,0,0,0,0,0,0
CF,NA,55.533194,52.033194,2,KZN,78.5,94.1,262.0,5.0,0,0,0,0,0,0,0,0
TF,RITOP,55.333333,50.648333,0, ,0.0,0.0,0.0,0.0,2,6000,0,0,0,0,0,0

SID,RITO3D,21,2
CA,0,214.0,2,1610,0,0,0,0,0,0
CI,0, ,0.0,280.0,0,0,0,0,0,0,0,0
CF,RITOP,55.333333,50.648333,0,KZN,95.6,49.8,240.0,45.0,2,6000,0,0,0,0,0,0

SID,RITO3G,03,5
CF,KE102,55.650653,52.255758,0,KZN,74.2,101.5,34.0,8.0,0,0,0,1,245,0,0,0
TF,KE103,55.729592,52.125753,0, ,0.0,0.0,0.0,0.0,0,0,0,0,0,0,0,0
TF,RITOP,55.333333,50.648333,0, ,0.0,0.0,0.0,0.0,2,6000,0,0,0,0,0,0

SID,RITO3H,21,5
CF,KE302,55.478458,51.929914,0,KZN,80.7,90.9,214.0,8.0,0,0,0,1,245,0,0,0
TF,RITOP,55.333333,50.648333,0, ,0.0,0.0,0.0,0.0,2,6000,0,0,0,0,0,0

SID,ROKL1N,03,2
CA,0,34.0,2,1620,0,0,0,0,0,0
CI,2, ,0.0,139.0,0,0,0,0,0,0,0,0
CF,ROKLA,55.445278,53.448333,0,KZN,79.2,142.7,84.0,40.0,2,7000,0,0,0,0,0,0

SID,ROKL1P,21,2
CA,0,214.0,2,1610,0,0,0,0,0,0
CF,K,55.578389,52.118583,1,KZN,76.8,96.9,337.0,4.0,0,0,0,0,0,0,0,1
CI,2, ,0.0,131.0,0,0,0,0,0,0,0,0
CF,ROKLA,55.445278,53.448333,0,KZN,79.2,142.7,86.0,40.0,2,7000,0,0,0,0,0,0

SID,ROKL3C,03,2
CA,0,34.0,2,1620,0,0,0,0,0,0
CI,2, ,0.0,142.0,0,0,0,0,0,0,0,0
CF,ROKLA,55.445278,53.448333,0,KZN,79.2,142.7,82.0,40.0,2,7000,0,0,0,0,0,0

SID,ROKL3D,21,2
CA,0,214.0,2,1610,0,0,0,0,0,0
CF,NK,55.598167,52.156056,1,KZN,76.1,98.1,347.0,5.0,0,0,0,0,0,0,0,1
CI,2, ,0.0,133.0,0,0,0,0,0,0,0,0
CF,ROKLA,55.445278,53.448333,0,KZN,79.2,142.7,88.0,39.0,2,7000,0,0,0,0,0,0

SID,ROKL3G,03,5
CF,KE102,55.650653,52.255758,0,KZN,74.2,101.5,34.0,8.0,0,0,0,1,245,0,0,0
TF,ROKLA,55.445278,53.448333,0, ,0.0,0.0,0.0,0.0,2,7000,0,0,0,0,0,0

SID,ROKL3H,21,5
CF,KE302,55.478458,51.929914,0,KZN,80.7,90.9,214.0,8.0,0,0,0,1,245,0,0,0
TF,KE304,55.399575,52.059603,0, ,0.0,0.0,0.0,0.0,0,0,0,0,0,0,0,0
TF,ROKLA,55.445278,53.448333,0, ,0.0,0.0,0.0,0.0,2,7000,0,0,0,0,0,0

SID,SUBI1N,03,2
CA,0,34.0,2,1620,0,0,0,0,0,0
CI,0, ,0.0,338.0,0,0,0,0,0,0,0,0
CF,SUBIK,56.450278,52.715000,0,KZN,51.9,126.5,8.0,53.0,2,9000,0,0,0,0,0,0

SID,SUBI1P,21,2
CA,0,214.0,2,1610,0,0,0,0,0,0
CF,K,55.578389,52.118583,1,KZN,76.8,96.9,337.0,4.0,0,0,0,0,0,0,0,0
TF,SUBIK,56.450278,52.715000,0, ,0.0,0.0,0.0,0.0,2,9000,0,0,0,0,0,0

SID,SUBI3C,03,2
CA,0,34.0,2,1620,0,0,0,0,0,0
CI,0, ,0.0,334.0,0,0,0,0,0,0,0,0
CF,SUBIK,56.450278,52.715000,0,KZN,51.9,126.5,9.0,52.0,2,9000,0,0,0,0,0,0

SID,SUBI3D,21,2
CA,0,214.0,2,1610,0,0,0,0,0,0
CF,NK,55.598167,52.156056,1,KZN,76.1,98.1,347.0,5.0,0,0,0,0,0,0,0,0
TF,SUBIK,56.450278,52.715000,0, ,0.0,0.0,0.0,0.0,2,9000,0,0,0,0,0,0

SID,SUBI3G,03,5
CF,KE102,55.650653,52.255758,0,KZN,74.2,101.5,34.0,8.0,0,0,0,1,245,0,0,0
TF,SUBIK,56.450278,52.715000,0, ,0.0,0.0,0.0,0.0,2,9000,0,0,0,0,0,0

SID,SUBI3H,21,5
CF,KE302,55.478458,51.929914,0,KZN,80.7,90.9,214.0,8.0,0,0,0,1,245,0,0,0
TF,KE303,55.557203,51.799703,0, ,0.0,0.0,0.0,0.0,0,0,0,0,0,0,0,0
TF,SUBIK,56.450278,52.715000,0, ,0.0,0.0,0.0,0.0,2,9000,0,0,0,0,0,0

SID,UGDO1N,03,2
CA,0,34.0,2,1620,0,0,0,0,0,0
CF,A,55.550889,52.066444,1,KZN,77.8,95.2,156.0,4.0,0,0,0,0,0,0,0,0
TF,UGDOR,55.066111,52.478333,0, ,0.0,0.0,0.0,0.0,2,7000,0,0,0,0,0,0

SID,UGDO1P,21,2
CA,0,214.0,2,1610,0,0,0,0,0,0
CI,1, ,0.0,80.0,0,0,0,0,0,0,0,0
CF,UGDOR,55.066111,52.478333,0,KZN,92.1,114.5,145.0,27.0,2,7000,0,0,0,0,0,0

SID,UGDO3C,03,2
CA,0,34.0,2,1620,0,0,0,0,0,0
CF,NA,55.533194,52.033194,1,KZN,78.5,94.1,166.0,5.0,0,0,0,0,0,0,0,1
CI,0, ,0.0,123.0,0,0,0,0,0,0,0,0
CF,UGDOR,55.066111,52.478333,0,KZN,92.1,114.5,138.0,28.0,2,7000,0,0,0,0,0,0

SID,UGDO3D,21,2
CA,0,214.0,2,1280,0,0,0,0,0,0
CI,1, ,0.0,87.0,0,0,0,0,0,0,0,0
CF,UGDOR,55.066111,52.478333,0,KZN,92.1,114.5,147.0,27.0,2,7000,0,0,0,0,0,0

SID,UGDO3G,03,5
CF,KE102,55.650653,52.255758,0,KZN,74.2,101.5,34.0,8.0,0,0,0,1,245,0,0,0
TF,KE104,55.571733,52.385539,0, ,0.0,0.0,0.0,0.0,0,0,0,0,0,0,0,0
TF,UGDOR,55.066111,52.478333,0, ,0.0,0.0,0.0,0.0,2,7000,0,0,0,0,0,0

SID,UGDO3H,21,5
CF,KE302,55.478458,51.929914,0,KZN,80.7,90.9,214.0,8.0,0,0,0,1,245,0,0,0
TF,KE304,55.399575,52.059603,0, ,0.0,0.0,0.0,0.0,0,0,0,0,0,0,0,0
TF,UGDOR,55.066111,52.478333,0, ,0.0,0.0,0.0,0.0,2,7000,0,0,0,0,0,0

STAR,BENO1L,03,2
IF,BENOL,55.071667,51.483333, ,0.0,0.0,2,7000,0,0,0,0,0,0
TF,A,55.550889,52.066444,0, ,0.0,0.0,0.0,0.0,0,0,0,0,0,0,0,0

STAR,BENO1M,21,2
IF,BENOL,55.071667,51.483333, ,0.0,0.0,2,7000,0,0,0,0,0,0
TF,K,55.578389,52.118583,0, ,0.0,0.0,0.0,0.0,0,0,0,0,0,0,0,0

STAR,BENO2A,03,2
IF,BENOL,55.071667,51.483333, ,0.0,0.0,2,7000,0,0,0,0,0,0
TF,NA,55.533194,52.033194,0, ,0.0,0.0,0.0,0.0,0,0,0,0,0,0,0,0

STAR,BENO2B,21,2
IF,BENOL,55.071667,51.483333, ,0.0,0.0,2,7000,0,0,0,0,0,0
TF,NK,55.598167,52.156056,0, ,0.0,0.0,0.0,0.0,0,0,0,0,0,0,0,0

STAR,BENO3E,03,2
IF,BENOL,55.071667,51.483333, ,0.0,0.0,2,7000,0,0,0,0,0,0
TF,D213I,55.434444,51.851944,0, ,0.0,0.0,0.0,0.0,0,0,0,0,0,0,0,1
DF,D214H,55.444444,51.866111,0, ,0.0,0.0,2,2600,0,0,0,0,0,0
TF,CN03,55.476422,51.926092,0, ,0.0,0.0,0.0,0.0,1,2600,0,0,0,0,0,0

STAR,BENO3F,21,2
IF,BENOL,55.071667,51.483333, ,0.0,0.0,2,7000,0,0,0,0,0,0
TF,D069I,55.620000,52.430000,0, ,0.0,0.0,0.0,0.0,0,0,0,0,0,0,0,1
DF,D034H,55.684444,52.320278,1, ,0.0,0.0,2,2600,0,0,0,0,0,0
TF,CF21,55.663428,52.280375,0, ,0.0,0.0,0.0,0.0,1,2600,0,0,0,0,0,0

STAR,BENO3J,03,5
IF,BENOL,55.071667,51.483333, ,0.0,0.0,2,7000,0,0,0,0,0,0
TF,KE007,55.348922,51.687625,0, ,0.0,0.0,0.0,0.0,2,2600,0,0,0,0,0,0

STAR,BENO3K,21,5
IF,BENOL,55.071667,51.483333, ,0.0,0.0,2,7000,0,0,0,0,0,0
TF,KE206,55.635906,52.491897,0, ,0.0,0.0,0.0,0.0,2,2600,0,0,0,0,0,0

STAR,HJ1L,03,2
IF,HJ,55.733333,51.398333, ,0.0,0.0,2,7000,0,0,0,0,0,0
TF,A,55.550889,52.066444,0, ,0.0,0.0,0.0,0.0,0,0,0,0,0,0,0,0

STAR,HJ1M,21,2
IF,HJ,55.733333,51.398333, ,0.0,0.0,2,7000,0,0,0,0,0,0
TF,K,55.578389,52.118583,0, ,0.0,0.0,0.0,0.0,0,0,0,0,0,0,0,0

STAR,HJ2A,03,2
IF,HJ,55.733333,51.398333, ,0.0,0.0,2,7000,0,0,0,0,0,0
TF,NA,55.533194,52.033194,0, ,0.0,0.0,0.0,0.0,0,0,0,0,0,0,0,0

STAR,HJ2B,21,2
IF,HJ,55.733333,51.398333, ,0.0,0.0,2,7000,0,0,0,0,0,0
TF,NK,55.598167,52.156056,0, ,0.0,0.0,0.0,0.0,0,0,0,0,0,0,0,0

STAR,HJ3E,03,2
IF,HJ,55.733333,51.398333, ,0.0,0.0,2,7000,0,0,0,0,0,0
TF,D230K,55.451389,51.747778,0, ,0.0,0.0,0.0,0.0,0,0,0,0,0,0,0,1
DF,D214H,55.444444,51.866111,1, ,0.0,0.0,2,2600,0,0,0,0,0,0
TF,CN03,55.476422,51.926092,0, ,0.0,0.0,0.0,0.0,1,2600,0,0,0,0,0,0

STAR,HJ3F,21,2
IF,HJ,55.733333,51.398333, ,0.0,0.0,2,7000,0,0,0,0,0,0
TF,D007J,55.761944,52.262222,0, ,0.0,0.0,0.0,0.0,0,0,0,0,0,0,0,1
DF,D034H,55.684444,52.320278,2, ,0.0,0.0,2,2600,0,0,0,0,0,0
TF,CF21,55.663428,52.280375,0, ,0.0,0.0,0.0,0.0,1,2600,0,0,0,0,0,0

STAR,HJ3J,03,5
IF,HJ,55.733333,51.398333, ,0.0,0.0,2,7000,0,0,0,0,0,0
TF,KE005,55.492717,51.695517,0, ,0.0,0.0,0.0,0.0,2,2600,0,0,0,0,0,0

STAR,HJ3K,21,5
IF,HJ,55.733333,51.398333, ,0.0,0.0,2,7000,0,0,0,0,0,0
TF,KE205,55.784406,52.246617,0, ,0.0,0.0,0.0,0.0,2,2600,0,0,0,0,0,0

STAR,NEDL1L,03,2
IF,NEDLA,56.403611,52.120000, ,0.0,0.0,2,6000,0,0,0,0,0,0
TF,A,55.550889,52.066444,0, ,0.0,0.0,0.0,0.0,0,0,0,0,0,0,0,0

STAR,NEDL1M,21,2
IF,NEDLA,56.403611,52.120000, ,0.0,0.0,2,6000,0,0,0,0,0,0
TF,K,55.578389,52.118583,0, ,0.0,0.0,0.0,0.0,0,0,0,0,0,0,0,0

STAR,NEDL2A,03,2
IF,NEDLA,56.403611,52.120000, ,0.0,0.0,2,6000,0,0,0,0,0,0
TF,NA,55.533194,52.033194,0, ,0.0,0.0,0.0,0.0,0,0,0,0,0,0,0,0

STAR,NEDL2B,21,2
IF,NEDLA,56.403611,52.120000, ,0.0,0.0,2,6000,0,0,0,0,0,0
TF,NK,55.598167,52.156056,0, ,0.0,0.0,0.0,0.0,0,0,0,0,0,0,0,0

STAR,NEDL3E,03,2
IF,NEDLA,56.403611,52.120000, ,0.0,0.0,2,6000,0,0,0,0,0,0
TF,D242K,55.487222,51.735556,0, ,0.0,0.0,0.0,0.0,0,0,0,0,0,0,0,1
DF,D214H,55.444444,51.866111,1, ,0.0,0.0,2,2600,0,0,0,0,0,0
TF,CN03,55.476422,51.926092,0, ,0.0,0.0,0.0,0.0,1,2600,0,0,0,0,0,0

STAR,NEDL3F,21,2
IF,NEDLA,56.403611,52.120000, ,0.0,0.0,2,6000,0,0,0,0,0,0
TF,D027J,55.725278,52.344167,0, ,0.0,0.0,0.0,0.0,0,0,0,0,0,0,0,1
DF,D034H,55.684444,52.320278,0, ,0.0,0.0,2,2600,0,0,0,0,0,0
TF,CF21,55.663428,52.280375,0, ,0.0,0.0,0.0,0.0,1,2600,0,0,0,0,0,0

STAR,NEDL3J,03,5
IF,NEDLA,56.403611,52.120000, ,0.0,0.0,2,6000,0,0,0,0,0,0
TF,KE005,55.492717,51.695517,0, ,0.0,0.0,0.0,0.0,2,2600,0,0,0,0,0,0

STAR,NEDL3K,21,5
IF,NEDLA,56.403611,52.120000, ,0.0,0.0,2,6000,0,0,0,0,0,0
TF,KE205,55.784406,52.246617,0, ,0.0,0.0,0.0,0.0,2,2600,0,0,0,0,0,0

STAR,ORTA1L,03,2
IF,ORTAS,56.006944,53.538333, ,0.0,0.0,2,6000,0,0,0,0,0,0
TF,A,55.550889,52.066444,0, ,0.0,0.0,0.0,0.0,0,0,0,0,0,0,0,0

STAR,ORTA1M,21,2
IF,ORTAS,56.006944,53.538333, ,0.0,0.0,2,6000,0,0,0,0,0,0
TF,K,55.578389,52.118583,0, ,0.0,0.0,0.0,0.0,0,0,0,0,0,0,0,0

STAR,ORTA2A,03,2
IF,ORTAS,56.006944,53.538333, ,0.0,0.0,2,6000,0,0,0,0,0,0
TF,NA,55.533194,52.033194,0, ,0.0,0.0,0.0,0.0,0,0,0,0,0,0,0,0

STAR,ORTA2B,21,2
IF,ORTAS,56.006944,53.538333, ,0.0,0.0,2,6000,0,0,0,0,0,0
TF,NK,55.598167,52.156056,0, ,0.0,0.0,0.0,0.0,0,0,0,0,0,0,0,0

STAR,ORTA3E,03,2
IF,ORTAS,56.006944,53.538333, ,0.0,0.0,2,6000,0,0,0,0,0,0
TF,D180J,55.375833,51.966111,0, ,0.0,0.0,0.0,0.0,0,0,0,0,0,0,0,1
DF,D214H,55.444444,51.866111,2, ,0.0,0.0,2,2600,0,0,0,0,0,0
TF,CN03,55.476422,51.926092,0, ,0.0,0.0,0.0,0.0,1,2600,0,0,0,0,0,0

STAR,ORTA3F,21,2
IF,ORTAS,56.006944,53.538333, ,0.0,0.0,2,6000,0,0,0,0,0,0
TF,D035H,55.691944,52.340000,0, ,0.0,0.0,0.0,0.0,0,0,0,0,0,0,0,1
DF,D034H,55.684444,52.320278,0, ,0.0,0.0,2,2600,0,0,0,0,0,0
TF,CF21,55.663428,52.280375,0, ,0.0,0.0,0.0,0.0,1,2600,0,0,0,0,0,0

STAR,ORTA3J,03,5
IF,ORTAS,56.006944,53.538333, ,0.0,0.0,2,6000,0,0,0,0,0,0
TF,KE006,55.344200,51.939000,0, ,0.0,0.0,0.0,0.0,2,2600,0,0,0,0,0,0

STAR,ORTA3K,21,5
IF,ORTAS,56.006944,53.538333, ,0.0,0.0,2,6000,0,0,0,0,0,0
TF,KE207,55.779100,52.501703,0, ,0.0,0.0,0.0,0.0,2,2600,0,0,0,0,0,0

STAR,RITO1L,03,2
IF,RITOP,55.333333,50.648333, ,0.0,0.0,2,7000,0,0,0,0,0,0
TF,A,55.550889,52.066444,0, ,0.0,0.0,0.0,0.0,0,0,0,0,0,0,0,0

STAR,RITO1M,21,2
IF,RITOP,55.333333,50.648333, ,0.0,0.0,2,7000,0,0,0,0,0,0
TF,K,55.578389,52.118583,0, ,0.0,0.0,0.0,0.0,0,0,0,0,0,0,0,0

STAR,RITO2A,03,2
IF,RITOP,55.333333,50.648333, ,0.0,0.0,2,7000,0,0,0,0,0,0
TF,NA,55.533194,52.033194,0, ,0.0,0.0,0.0,0.0,0,0,0,0,0,0,0,0

STAR,RITO2B,21,2
IF,RITOP,55.333333,50.648333, ,0.0,0.0,2,7000,0,0,0,0,0,0
TF,NK,55.598167,52.156056,0, ,0.0,0.0,0.0,0.0,0,0,0,0,0,0,0,0

STAR,RITO3E,03,2
IF,RITOP,55.333333,50.648333, ,0.0,0.0,2,7000,0,0,0,0,0,0
TF,D217I,55.432778,51.823056,0, ,0.0,0.0,0.0,0.0,0,0,0,0,0,0,0,1
DF,D214H,55.444444,51.866111,0, ,0.0,0.0,2,2600,0,0,0,0,0,0
TF,CN03,55.476422,51.926092,0, ,0.0,0.0,0.0,0.0,1,2600,0,0,0,0,0,0

STAR,RITO3F,21,2
IF,RITOP,55.333333,50.648333, ,0.0,0.0,2,7000,0,0,0,0,0,0
TF,D002J,55.757778,52.233333,0, ,0.0,0.0,0.0,0.0,0,0,0,0,0,0,0,1
DF,D034H,55.684444,52.320278,2, ,0.0,0.0,2,2600,0,0,0,0,0,0
TF,CF21,55.663428,52.280375,0, ,0.0,0.0,0.0,0.0,1,2600,0,0,0,0,0,0

STAR,RITO3J,03,5
IF,RITOP,55.333333,50.648333, ,0.0,0.0,2,7000,0,0,0,0,0,0
TF,KE007,55.348922,51.687625,0, ,0.0,0.0,0.0,0.0,2,2600,0,0,0,0,0,0

STAR,RITO3K,21,5
IF,RITOP,55.333333,50.648333, ,0.0,0.0,2,7000,0,0,0,0,0,0
TF,KE205,55.784406,52.246617,0, ,0.0,0.0,0.0,0.0,2,2600,0,0,0,0,0,0

STAR,ROKL1L,03,2
IF,ROKLA,55.445278,53.448333, ,0.0,0.0,2,6000,0,0,0,0,0,0
TF,A,55.550889,52.066444,0, ,0.0,0.0,0.0,0.0,0,0,0,0,0,0,0,0

STAR,ROKL1M,21,2
IF,ROKLA,55.445278,53.448333, ,0.0,0.0,2,6000,0,0,0,0,0,0
TF,K,55.578389,52.118583,0, ,0.0,0.0,0.0,0.0,0,0,0,0,0,0,0,0

STAR,ROKL2A,03,2
IF,ROKLA,55.445278,53.448333, ,0.0,0.0,2,6000,0,0,0,0,0,0
TF,NA,55.533194,52.033194,0, ,0.0,0.0,0.0,0.0,0,0,0,0,0,0,0,0

STAR,ROKL2B,21,2
IF,ROKLA,55.445278,53.448333, ,0.0,0.0,2,6000,0,0,0,0,0,0
TF,NK,55.598167,52.156056,0, ,0.0,0.0,0.0,0.0,0,0,0,0,0,0,0,0

STAR,ROKL3E,03,2
IF,ROKLA,55.445278,53.448333, ,0.0,0.0,2,6000,0,0,0,0,0,0
TF,D187K,55.367500,51.927778,0, ,0.0,0.0,0.0,0.0,0,0,0,0,0,0,0,1
DF,D214H,55.444444,51.866111,2, ,0.0,0.0,2,2600,0,0,0,0,0,0
TF,CN03,55.476422,51.926092,0, ,0.0,0.0,0.0,0.0,1,2600,0,0,0,0,0,0

STAR,ROKL3F,21,2
IF,ROKLA,55.445278,53.448333, ,0.0,0.0,2,6000,0,0,0,0,0,0
TF,D043J,55.693056,52.403889,0, ,0.0,0.0,0.0,0.0,0,0,0,0,0,0,0,1
DF,D034H,55.684444,52.320278,0, ,0.0,0.0,2,2600,0,0,0,0,0,0
TF,CF21,55.663428,52.280375,0, ,0.0,0.0,0.0,0.0,1,2600,0,0,0,0,0,0

STAR,ROKL3J,03,5
IF,ROKLA,55.445278,53.448333, ,0.0,0.0,2,6000,0,0,0,0,0,0
TF,KE006,55.344200,51.939000,0, ,0.0,0.0,0.0,0.0,2,2600,0,0,0,0,0,0

STAR,ROKL3K,21,5
IF,ROKLA,55.445278,53.448333, ,0.0,0.0,2,6000,0,0,0,0,0,0
TF,KE206,55.635906,52.491897,0, ,0.0,0.0,0.0,0.0,2,2600,0,0,0,0,0,0

STAR,SUBI1L,03,2
IF,SUBIK,56.450278,52.715000, ,0.0,0.0,2,9000,0,0,0,0,0,0
TF,A,55.550889,52.066444,0, ,0.0,0.0,0.0,0.0,0,0,0,0,0,0,0,0

STAR,SUBI1M,21,2
IF,SUBIK,56.450278,52.715000, ,0.0,0.0,2,9000,0,0,0,0,0,0
TF,K,55.578389,52.118583,0, ,0.0,0.0,0.0,0.0,0,0,0,0,0,0,0,0

STAR,SUBI2A,03,2
IF,SUBIK,56.450278,52.715000, ,0.0,0.0,2,9000,0,0,0,0,0,0
TF,NA,55.533194,52.033194,0, ,0.0,0.0,0.0,0.0,0,0,0,0,0,0,0,0

STAR,SUBI2B,21,2
IF,SUBIK,56.450278,52.715000, ,0.0,0.0,2,9000,0,0,0,0,0,0
TF,NK,55.598167,52.156056,0, ,0.0,0.0,0.0,0.0,0,0,0,0,0,0,0,0

STAR,SUBI3E,03,2
IF,SUBIK,56.450278,52.715000, ,0.0,0.0,2,9000,0,0,0,0,0,0
TF,D245J,55.499167,51.743611,0, ,0.0,0.0,0.0,0.0,0,0,0,0,0,0,0,1
DF,D214H,55.444444,51.866111,1, ,0.0,0.0,2,2600,0,0,0,0,0,0
TF,CN03,55.476422,51.926092,0, ,0.0,0.0,0.0,0.0,1,2600,0,0,0,0,0,0

STAR,SUBI3F,21,2
IF,SUBIK,56.450278,52.715000, ,0.0,0.0,2,9000,0,0,0,0,0,0
TF,D031I,55.705278,52.342778,0, ,0.0,0.0,0.0,0.0,0,0,0,0,0,0,0,1
DF,D034H,55.684444,52.320278,0, ,0.0,0.0,2,2600,0,0,0,0,0,0
TF,CF21,55.663428,52.280375,0, ,0.0,0.0,0.0,0.0,1,2600,0,0,0,0,0,0

STAR,SUBI3J,03,5
IF,SUBIK,56.450278,52.715000, ,0.0,0.0,2,9000,0,0,0,0,0,0
TF,KE005,55.492717,51.695517,0, ,0.0,0.0,0.0,0.0,2,2600,0,0,0,0,0,0

STAR,SUBI3K,21,5
IF,SUBIK,56.450278,52.715000, ,0.0,0.0,2,9000,0,0,0,0,0,0
TF,KE207,55.779100,52.501703,0, ,0.0,0.0,0.0,0.0,2,2600,0,0,0,0,0,0

STAR,UGDO1L,03,2
IF,UGDOR,55.066111,52.478333, ,0.0,0.0,2,7000,0,0,0,0,0,0
TF,A,55.550889,52.066444,0, ,0.0,0.0,0.0,0.0,0,0,0,0,0,0,0,0

STAR,UGDO1M,21,2
IF,UGDOR,55.066111,52.478333, ,0.0,0.0,2,7000,0,0,0,0,0,0
TF,K,55.578389,52.118583,0, ,0.0,0.0,0.0,0.0,0,0,0,0,0,0,0,0

STAR,UGDO2A,03,2
IF,UGDOR,55.066111,52.478333, ,0.0,0.0,2,7000,0,0,0,0,0,0
TF,NA,55.533194,52.033194,0, ,0.0,0.0,0.0,0.0,0,0,0,0,0,0,0,0

STAR,UGDO2B,21,2
IF,UGDOR,55.066111,52.478333, ,0.0,0.0,2,7000,0,0,0,0,0,0
TF,NK,55.598167,52.156056,0, ,0.0,0.0,0.0,0.0,0,0,0,0,0,0,0,0

STAR,UGDO3E,03,2
IF,UGDOR,55.066111,52.478333, ,0.0,0.0,2,7000,0,0,0,0,0,0
TF,D198K,55.378333,51.867778,0, ,0.0,0.0,0.0,0.0,0,0,0,0,0,0,0,1
DF,D214H,55.444444,51.866111,2, ,0.0,0.0,2,2600,0,0,0,0,0,0
TF,CN03,55.476422,51.926092,0, ,0.0,0.0,0.0,0.0,1,2600,0,0,0,0,0,0

STAR,UGDO3F,21,2
IF,UGDOR,55.066111,52.478333, ,0.0,0.0,2,7000,0,0,0,0,0,0
TF,D059K,55.652778,52.453056,0, ,0.0,0.0,0.0,0.0,0,0,0,0,0,0,0,1
DF,D034H,55.684444,52.320278,1, ,0.0,0.0,2,2600,0,0,0,0,0,0
TF,CF21,55.663428,52.280375,0, ,0.0,0.0,0.0,0.0,1,2600,0,0,0,0,0,0

STAR,UGDO3J,03,5
IF,UGDOR,55.066111,52.478333, ,0.0,0.0,2,7000,0,0,0,0,0,0
TF,KE006,55.344200,51.939000,0, ,0.0,0.0,0.0,0.0,2,2600,0,0,0,0,0,0

STAR,UGDO3K,21,5
IF,UGDOR,55.066111,52.478333, ,0.0,0.0,2,7000,0,0,0,0,0,0
TF,KE206,55.635906,52.491897,0, ,0.0,0.0,0.0,0.0,2,2600,0,0,0,0,0,0

APPTR,I21-V,21,K
IF,K,55.578389,52.118583, ,0.0,0.0,0,0,0,0,0,0,1,0
FC,K,55.578389,52.118583,0,K,0.0,0.0,46.0,9.0,2,2600,0,0,0,0,0,1
CF,CF21,55.663428,52.280375,1,INK,34.0,9.6,214.0,3.0,2,2600,0,0,0,0,0,0

FINAL,I21-V,21,I,3
IF,CF21,55.663428,52.280375,INK,34.0,9.6,2,2600,0,0,0,0,0,0
CF,FF21,55.640811,52.237225,0,INK,34.0,7.6,214.0,2.0,1,2600,0,0,0,0,2,0
CF,RW21,55.572311,52.107017,0,INK,34.0,1.6,214.0,6.1,1,674,0,0,0,0,3,0
CA,0,214.0,2,1610,0,0,0,0,0,0
VM,0,0,1,34.0,2,2600,0,0,0,0,0,0

APPTR,I21-W,21,K
IF,K,55.578389,52.118583, ,0.0,0.0,0,0,0,0,0,0,1,0
FC,K,55.578389,52.118583,0,K,0.0,0.0,63.0,7.0,2,2600,0,0,0,0,0,1
CF,CF21,55.663428,52.280375,1,INK,34.0,9.6,214.0,2.0,2,2600,0,0,0,0,0,0

FINAL,I21-W,21,I,3
IF,CF21,55.663428,52.280375,INK,34.0,9.6,2,2600,0,0,0,0,0,0
CF,FF21,55.640811,52.237225,0,INK,34.0,7.6,214.0,2.0,1,2600,0,0,0,0,2,0
CF,RW21,55.572311,52.107017,0,INK,34.0,1.6,214.0,6.1,1,674,0,0,0,0,3,0
CA,0,214.0,2,1610,0,0,0,0,0,0
VM,0,0,1,34.0,2,2600,0,0,0,0,0,0

APPTR,I21-X,21,NK
IF,NK,55.598167,52.156056, ,0.0,0.0,0,0,0,0,0,0,1,0
FC,NK,55.598167,52.156056,0,NK,0.0,0.0,46.0,9.0,2,2600,0,0,0,0,0,1
CF,CF21,55.663428,52.280375,1,INK,34.0,9.6,214.0,4.0,2,2600,0,0,0,0,0,0

FINAL,I21-X,21,I,3
IF,CF21,55.663428,52.280375,INK,34.0,9.6,2,2600,0,0,0,0,0,0
CF,FF21,55.640811,52.237225,0,INK,34.0,7.6,214.0,2.0,1,2600,0,0,0,0,2,0
CF,RW21,55.572311,52.107017,0,INK,34.0,1.6,214.0,6.1,1,674,0,0,0,0,3,0
CA,0,214.0,2,1610,0,0,0,0,0,0
VM,0,0,1,34.0,2,2600,0,0,0,0,0,0

APPTR,I21-Y,21,NK
IF,NK,55.598167,52.156056, ,0.0,0.0,0,0,0,0,0,0,1,0
FC,NK,55.598167,52.156056,0,NK,0.0,0.0,63.0,7.0,2,2600,0,0,0,0,0,1
CF,CF21,55.663428,52.280375,1,INK,34.0,9.6,214.0,3.0,2,2600,0,0,0,0,0,0

FINAL,I21-Y,21,I,3
IF,CF21,55.663428,52.280375,INK,34.0,9.6,2,2600,0,0,0,0,0,0
CF,FF21,55.640811,52.237225,0,INK,34.0,7.6,214.0,2.0,1,2600,0,0,0,0,2,0
CF,RW21,55.572311,52.107017,0,INK,34.0,1.6,214.0,6.1,1,674,0,0,0,0,3,0
CA,0,214.0,2,1610,0,0,0,0,0,0
VM,0,0,1,34.0,2,2600,0,0,0,0,0,0

APPTR,I21-Z,21,KE205
IF,KE205,55.784406,52.246617, ,0.0,0.0,2,2600,0,0,0,0,1,0
TF,KE204,55.710217,52.369489,0,INK,0.0,0.0,0.0,0.0,2,2600,0,0,0,0,1,0

APPTR,I21-Z,21,KE206
IF,KE206,55.635906,52.491897, ,0.0,0.0,2,2600,0,0,0,0,1,0
TF,KE204,55.710217,52.369489,0,INK,0.0,0.0,0.0,0.0,2,2600,0,0,0,0,1,0

APPTR,I21-Z,21,KE207
IF,KE207,55.779100,52.501703, ,0.0,0.0,2,2600,0,0,0,0,1,0
TF,KE204,55.710217,52.369489,0,INK,0.0,0.0,0.0,0.0,2,2600,0,0,0,0,1,0

FINAL,I21-Z,21,I,3
IF,KE204,55.710217,52.369489,INK,34.0,13.8,2,2600,0,0,0,0,0,0
CF,FF21,55.640811,52.237225,0,INK,34.0,7.6,214.0,6.1,1,2600,0,0,0,0,2,0
CF,RW21,55.572311,52.107017,0,INK,34.0,1.6,214.0,6.1,1,674,0,0,0,0,3,0
CA,0,214.0,2,1610,0,1,245,0,0,0
DF,KE209,55.566594,52.360864,1, ,0.0,0.0,1,2600,0,0,0,0,0,0
TF,KE206,55.635906,52.491897,0, ,0.0,0.0,0.0,0.0,2,2600,0,0,0,0,0,0

APPTR,J03,03,KE005
IF,KE005,55.492717,51.695517, ,0.0,0.0,2,2600,0,0,0,0,1,0
TF,KE004,55.418519,51.817489,0,G03A,0.0,0.0,0.0,0.0,2,2600,0,0,0,0,1,0

APPTR,J03,03,KE006
IF,KE006,55.344200,51.939000, ,0.0,0.0,2,2600,0,0,0,0,1,0
TF,KE004,55.418519,51.817489,0,G03A,0.0,0.0,0.0,0.0,2,2600,0,0,0,0,1,0

APPTR,J03,03,KE007
IF,KE007,55.348922,51.687625, ,0.0,0.0,2,2600,0,0,0,0,1,0
TF,KE004,55.418519,51.817489,0,G03A,0.0,0.0,0.0,0.0,2,2600,0,0,0,0,1,0

FINAL,J03,03,G,3
IF,KE004,55.418519,51.817489,G03A,0.0,0.0,2,2600,0,0,0,0,0,0
TF,KE012,55.489633,51.950931,0,G03A,0.0,0.0,34.0,6.3,1,2600,0,0,0,0,2,0
TF,RW03,55.556983,52.078008,0,G03A,0.0,0.0,34.0,5.9,1,678,0,0,0,0,3,1
CA,0,34.0,2,1620,0,1,245,0,0,0
DF,KE009,55.413378,52.069533,2, ,0.0,0.0,1,2600,0,0,0,0,0,0
TF,KE006,55.344200,51.939000,0, ,0.0,0.0,0.0,0.0,2,2600,0,0,0,0,0,0

APPTR,J21,21,KE205
IF,KE205,55.784406,52.246617, ,0.0,0.0,2,2600,0,0,0,0,1,0
TF,KE204,55.710217,52.369489,0,G21A,0.0,0.0,0.0,0.0,2,2600,0,0,0,0,1,0

APPTR,J21,21,KE206
IF,KE206,55.635906,52.491897, ,0.0,0.0,2,2600,0,0,0,0,1,0
TF,KE204,55.710217,52.369489,0,G21A,0.0,0.0,0.0,0.0,2,2600,0,0,0,0,1,0

APPTR,J21,21,KE207
IF,KE207,55.779100,52.501703, ,0.0,0.0,2,2600,0,0,0,0,1,0
TF,KE204,55.710217,52.369489,0,G21A,0.0,0.0,0.0,0.0,2,2600,0,0,0,0,1,0

FINAL,J21,21,G,3
IF,KE204,55.710217,52.369489,G21A,0.0,0.0,2,2600,0,0,0,0,0,0
TF,KE212,55.639544,52.234603,0,G21A,0.0,0.0,214.0,6.3,1,2600,0,0,0,0,2,0
TF,RW21,55.572311,52.107017,0,G21A,0.0,0.0,214.0,5.9,1,674,0,0,0,0,3,1
CA,0,214.0,2,1610,0,1,245,0,0,0
DF,KE209,55.566594,52.360864,1, ,0.0,0.0,1,2600,0,0,0,0,0,0
TF,KE206,55.635906,52.491897,0, ,0.0,0.0,0.0,0.0,2,2600,0,0,0,0,0,0

APPTR,N03-U,03,NA
IF,NA,55.533194,52.033194, ,0.0,0.0,0,0,0,0,0,0,1,0
FC,NA,55.533194,52.033194,0,NA,0.0,0.0,202.0,9.0,2,2600,0,0,0,0,0,1
CF,CN03,55.476422,51.926092,2,NA,214.0,5.0,34.0,4.0,2,2600,0,0,0,0,0,0

FINAL,N03-U,03,N,4
IF,CN03,55.476422,51.926092,NA,0.0,0.0,2,2600,0,0,0,0,0,0
CF,FN03,55.488056,51.947778,0,NA,0.0,0.0,34.0,1.0,1,2600,0,0,0,0,2,0
CF,NA,55.533194,52.033194,0,NA,0.0,0.0,34.0,4.0,1,1350,0,0,0,0,0,0
CF,A,55.550889,52.066444,0,NA,0.0,0.0,34.0,1.6,1,851,0,0,0,0,3,0
CA,0,34.0,2,1620,0,0,0,0,0,0
VM,0,0,2,214.0,2,2600,0,0,0,0,0,0

APPTR,N03-V,03,NA
IF,NA,55.533194,52.033194, ,0.0,0.0,0,0,0,0,0,0,1,0
FC,NA,55.533194,52.033194,0,NA,0.0,0.0,184.0,7.0,2,2600,0,0,0,0,0,1
CF,CN03,55.476422,51.926092,2,NA,214.0,5.0,34.0,3.0,2,2600,0,0,0,0,0,0

FINAL,N03-V,03,N,4
IF,CN03,55.476422,51.926092,NA,0.0,0.0,2,2600,0,0,0,0,0,0
CF,FN03,55.488056,51.947778,0,NA,0.0,0.0,34.0,1.0,1,2600,0,0,0,0,2,0
CF,NA,55.533194,52.033194,0,NA,0.0,0.0,34.0,4.0,1,1350,0,0,0,0,0,0
CF,A,55.550889,52.066444,0,NA,0.0,0.0,34.0,1.6,1,851,0,0,0,0,3,0
CA,0,34.0,2,1620,0,0,0,0,0,0
VM,0,0,2,214.0,2,2600,0,0,0,0,0,0

APPTR,N03-W,03,NA
IF,NA,55.533194,52.033194, ,0.0,0.0,0,0,0,0,0,0,1,0
FC,NA,55.533194,52.033194,0,NA,0.0,0.0,202.0,9.0,2,2600,0,0,0,0,0,1
CF,CN03,55.476422,51.926092,2,NA,214.0,5.0,34.0,4.0,2,2600,0,0,0,0,0,0

FINAL,N03-W,03,N,4
IF,CN03,55.476422,51.926092,NA,0.0,0.0,2,2600,0,0,0,0,0,0
CF,FN03,55.488056,51.947778,0,NA,0.0,0.0,34.0,1.0,1,2600,0,0,0,0,2,0
CF,NA,55.533194,52.033194,0,NA,0.0,0.0,34.0,4.0,1,1350,0,0,0,0,0,0
CF,MN03,55.545925,52.057278,0,NA,0.0,0.0,34.0,1.1,1,987,0,0,0,0,3,0
CA,0,34.0,2,1620,0,0,0,0,0,0
VM,0,0,2,214.0,2,2600,0,0,0,0,0,0

APPTR,N03-X,03,NA
IF,NA,55.533194,52.033194, ,0.0,0.0,0,0,0,0,0,0,1,0
FC,NA,55.533194,52.033194,0,NA,0.0,0.0,184.0,7.0,2,2600,0,0,0,0,0,1
CF,CN03,55.476422,51.926092,2,NA,214.0,5.0,34.0,3.0,2,2600,0,0,0,0,0,0

FINAL,N03-X,03,N,4
IF,CN03,55.476422,51.926092,NA,0.0,0.0,2,2600,0,0,0,0,0,0
CF,FN03,55.488056,51.947778,0,NA,0.0,0.0,34.0,1.0,1,2600,0,0,0,0,2,0
CF,NA,55.533194,52.033194,0,NA,0.0,0.0,34.0,4.0,1,1350,0,0,0,0,0,0
CF,MN03,55.545925,52.057278,0,NA,0.0,0.0,34.0,1.1,1,987,0,0,0,0,3,0
CA,0,34.0,2,1620,0,0,0,0,0,0
VM,0,0,2,214.0,1,2600,0,0,0,0,0,0

APPTR,N03-Y,03,A
IF,A,55.550889,52.066444, ,0.0,0.0,0,0,0,0,0,0,1,0
FC,A,55.550889,52.066444,0,A,0.0,0.0,202.0,9.0,2,2600,0,0,0,0,0,1
CF,CN03,55.476422,51.926092,2,A,214.0,6.6,34.0,3.0,2,2600,0,0,0,0,0,0

FINAL,N03-Y,03,N,3
IF,CN03,55.476422,51.926092,A,0.0,0.0,2,2600,0,0,0,0,0,0
CF,FN03,55.488056,51.947778,0,A,0.0,0.0,34.0,1.0,1,2600,0,0,0,0,2,0
CF,A,55.550889,52.066444,0,A,0.0,0.0,34.0,5.5,1,851,0,0,0,0,3,0
CA,0,34.0,2,1620,0,0,0,0,0,0
VM,0,0,2,214.0,2,2600,0,0,0,0,0,0

APPTR,N03-Z,03,A
IF,A,55.550889,52.066444, ,0.0,0.0,0,0,0,0,0,0,1,0
FC,A,55.550889,52.066444,0,A,0.0,0.0,184.0,7.0,2,2600,0,0,0,0,0,1
CF,CN03,55.476422,51.926092,2,A,214.0,6.6,34.0,1.0,2,2600,0,0,0,0,0,0

FINAL,N03-Z,03,N,3
IF,CN03,55.476422,51.926092,A,0.0,0.0,2,2600,0,0,0,0,0,0
CF,FN03,55.488056,51.947778,0,A,0.0,0.0,34.0,1.0,1,2600,0,0,0,0,2,0
CF,A,55.550889,52.066444,0,A,0.0,0.0,34.0,5.5,1,851,0,0,0,0,3,0
CA,0,34.0,2,1620,0,0,0,0,0,0
VM,0,0,2,214.0,2,2600,0,0,0,0,0,0

APPTR,N21-U,21,NK
IF,NK,55.598167,52.156056, ,0.0,0.0,0,0,0,0,0,0,1,0
FC,NK,55.598167,52.156056,0,NK,0.0,0.0,46.0,9.0,2,2600,0,0,0,0,0,1
CF,CF21,55.663428,52.280375,1,NK,34.1,5.8,214.0,4.0,2,2600,0,0,0,0,0,0

FINAL,N21-U,21,N,4
IF,CF21,55.663428,52.280375,NK,0.0,0.0,2,2600,0,0,0,0,0,0
CF,FN21,55.641389,52.237500,0,NK,0.0,0.0,214.0,2.0,1,2600,0,0,0,0,2,0
CF,NK,55.598167,52.156056,0,NK,0.0,0.0,214.0,3.8,1,1420,0,0,0,0,0,0
CF,K,55.578389,52.118583,0,NK,0.0,0.0,214.0,1.7,1,846,0,0,0,0,3,0
CA,0,214.0,2,1610,0,0,0,0,0,0
VM,0,0,1,34.0,2,2600,0,0,0,0,0,0

APPTR,N21-V,21,NK
IF,NK,55.598167,52.156056, ,0.0,0.0,0,0,0,0,0,0,1,0
FC,NK,55.598167,52.156056,0,NK,0.0,0.0,63.0,7.0,2,2600,0,0,0,0,0,1
CF,CF21,55.663428,52.280375,1,NK,34.1,5.8,214.0,2.0,2,2600,0,0,0,0,0,0

FINAL,N21-V,21,N,4
IF,CF21,55.663428,52.280375,NK,0.0,0.0,2,2600,0,0,0,0,0,0
CF,FN21,55.641389,52.237500,0,NK,0.0,0.0,214.0,2.0,1,2600,0,0,0,0,2,0
CF,NK,55.598167,52.156056,0,NK,0.0,0.0,214.0,3.8,1,1420,0,0,0,0,0,0
CF,K,55.578389,52.118583,0,NK,0.0,0.0,214.0,1.7,1,846,0,0,0,0,3,0
CA,0,214.0,2,1610,0,0,0,0,0,0
VM,0,0,1,34.0,2,2600,0,0,0,0,0,0

APPTR,N21-W,21,NK
IF,NK,55.598167,52.156056, ,0.0,0.0,0,0,0,0,0,0,1,0
FC,NK,55.598167,52.156056,0,NK,0.0,0.0,46.0,9.0,2,2600,0,0,0,0,0,1
CF,CF21,55.663428,52.280375,1,NK,34.1,5.8,214.0,4.0,2,2600,0,0,0,0,0,0

FINAL,N21-W,21,N,4
IF,CF21,55.663428,52.280375,NK,0.0,0.0,2,2600,0,0,0,0,0,0
CF,FN21,55.641389,52.237500,0,NK,0.0,0.0,214.0,2.0,1,2600,0,0,0,0,2,0
CF,NK,55.598167,52.156056,0,NK,0.0,0.0,214.0,3.8,1,1420,0,0,0,0,0,0
CF,MN21,55.585231,52.131567,0,NK,0.0,0.0,214.0,1.1,1,1038,0,0,0,0,3,0
CA,0,214.0,2,1610,0,0,0,0,0,0
VM,0,0,1,34.0,2,2600,0,0,0,0,0,0

APPTR,N21-X,21,NK
IF,NK,55.598167,52.156056, ,0.0,0.0,0,0,0,0,0,0,1,0
FC,NK,55.598167,52.156056,0,NK,0.0,0.0,63.0,7.0,2,2600,0,0,0,0,0,1
CF,CF21,55.663428,52.280375,1,NK,34.1,5.8,214.0,2.0,2,2600,0,0,0,0,0,0

FINAL,N21-X,21,N,4
IF,CF21,55.663428,52.280375,NK,0.0,0.0,2,2600,0,0,0,0,0,0
CF,FN21,55.641389,52.237500,0,NK,0.0,0.0,214.0,2.0,1,2600,0,0,0,0,2,0
CF,NK,55.598167,52.156056,0,NK,0.0,0.0,214.0,3.8,1,1420,0,0,0,0,0,0
CF,MN21,55.585231,52.131567,0,NK,0.0,0.0,214.0,1.1,1,1038,0,0,0,0,3,0
CA,0,214.0,2,1610,0,0,0,0,0,0
VM,0,0,1,34.0,2,2600,0,0,0,0,0,0

APPTR,N21-Y,21,K
IF,K,55.578389,52.118583, ,0.0,0.0,0,0,0,0,0,0,1,0
FC,K,55.578389,52.118583,0,K,0.0,0.0,46.0,9.0,2,2600,0,0,0,0,0,1
CF,CF21,55.663428,52.280375,1,K,34.1,7.5,214.0,3.0,2,2600,0,0,0,0,0,0

FINAL,N21-Y,21,N,3
IF,CF21,55.663428,52.280375,K,0.0,0.0,2,2600,0,0,0,0,0,0
CF,FN21,55.641389,52.237500,0,K,0.0,0.0,214.0,2.0,1,2600,0,0,0,0,2,0
CF,K,55.578389,52.118583,0,K,0.0,0.0,214.0,5.5,1,846,0,0,0,0,3,0
CA,0,214.0,2,1610,0,0,0,0,0,0
VM,0,0,1,34.0,2,2600,0,0,0,0,0,0

APPTR,N21-Z,21,K
IF,K,55.578389,52.118583, ,0.0,0.0,0,0,0,0,0,0,1,0
FC,K,55.578389,52.118583,0,K,0.0,0.0,63.0,7.0,2,2600,0,0,0,0,0,1
CF,CF21,55.663428,52.280375,1,K,34.1,7.5,214.0,1.0,2,2600,0,0,0,0,0,0

FINAL,N21-Z,21,N,3
IF,CF21,55.663428,52.280375,K,0.0,0.0,2,2600,0,0,0,0,0,0
CF,FN21,55.641389,52.237500,0,K,0.0,0.0,214.0,2.0,1,2600,0,0,0,0,2,0
CF,K,55.578389,52.118583,0,K,0.0,0.0,214.0,5.5,1,846,0,0,0,0,3,0
CA,0,214.0,2,1610,0,0,0,0,0,0
VM,0,0,1,34.0,2,2600,0,0,0,0,0,0

APPTR,R03,03,KE005
IF,KE005,55.492717,51.695517, ,0.0,0.0,2,2600,0,0,0,0,1,0
TF,KE004,55.418519,51.817489,0, ,0.0,0.0,0.0,0.0,2,2600,0,0,0,0,1,0

APPTR,R03,03,KE006
IF,KE006,55.344200,51.939000, ,0.0,0.0,2,2600,0,0,0,0,1,0
TF,KE004,55.418519,51.817489,0, ,0.0,0.0,0.0,0.0,2,2600,0,0,0,0,1,0

APPTR,R03,03,KE007
IF,KE007,55.348922,51.687625, ,0.0,0.0,2,2600,0,0,0,0,1,0
TF,KE004,55.418519,51.817489,0, ,0.0,0.0,0.0,0.0,2,2600,0,0,0,0,1,0

FINAL,R03,03,R,3
IF,KE004,55.418519,51.817489, ,0.0,0.0,2,2600,0,0,0,0,0,0
TF,KE013,55.487975,51.947808,0, ,0.0,0.0,34.0,6.1,1,2600,0,0,0,0,2,0
TF,RW03,55.556983,52.078008,0, ,0.0,0.0,34.0,6.1,1,678,0,0,0,0,3,1
CA,0,34.0,2,1620,0,1,245,0,0,0
DF,KE009,55.413378,52.069533,2, ,0.0,0.0,1,2600,0,0,0,0,0,0
TF,KE006,55.344200,51.939000,0, ,0.0,0.0,0.0,0.0,2,2600,0,0,0,0,0,0

APPTR,R21,21,KE205
IF,KE205,55.784406,52.246617, ,0.0,0.0,2,2600,0,0,0,0,1,0
TF,KE204,55.710217,52.369489,0, ,0.0,0.0,0.0,0.0,2,2600,0,0,0,0,1,0

APPTR,R21,21,KE206
IF,KE206,55.635906,52.491897, ,0.0,0.0,2,2600,0,0,0,0,1,0
TF,KE204,55.710217,52.369489,0, ,0.0,0.0,0.0,0.0,2,2600,0,0,0,0,1,0

APPTR,R21,21,KE207
IF,KE207,55.779100,52.501703, ,0.0,0.0,2,2600,0,0,0,0,1,0
TF,KE204,55.710217,52.369489,0, ,0.0,0.0,0.0,0.0,2,2600,0,0,0,0,1,0

FINAL,R21,21,R,3
IF,KE204,55.710217,52.369489, ,0.0,0.0,2,2600,0,0,0,0,0,0
TF,KE213,55.641186,52.237742,0, ,0.0,0.0,214.0,6.1,1,2600,0,0,0,0,2,0
TF,KE203,55.578442,52.118622,0, ,0.0,0.0,214.0,5.5,1,848,0,0,0,0,3,1
CA,0,214.0,2,1610,0,1,245,0,0,0
DF,KE209,55.566594,52.360864,1, ,0.0,0.0,1,2600,0,0,0,0,0,0
TF,KE206,55.635906,52.491897,0, ,0.0,0.0,0.0,0.0,2,2600,0,0,0,0,0,0

