SID,DW1A,02,2
CA,0,20.0,2,2750,0,0,0,0,0,0
CI,2, ,0.0,140.0,0,0,0,0,0,0,0,0
CF,DW,54.041111,49.178333,0,BMK,99.3,36.2,100.0,27.0,2,7000,0,0,0,0,0,0

SID,DW1B,02,2
CA,0,20.0,2,1110,0,0,0,0,0,0
DF,BMK,54.263056,48.225556,1, ,0.0,0.0,0,0,0,0,0,0,0,0
TF,DW,54.041111,49.178333,0, ,0.0,0.0,0.0,0.0,2,7000,0,0,0,0,0,0

SID,DW3A,20,2
CA,0,200.0,2,1040,0,0,0,0,0,0
DF,BMK,54.263056,48.225556,2, ,0.0,0.0,0,0,0,0,0,0,0,0
TF,DW,54.041111,49.178333,0, ,0.0,0.0,0.0,0.0,2,7000,0,0,0,0,0,0

SID,DW3B,20,2
CA,0,200.0,2,1040,0,0,0,0,0,0
CI,1, ,0.0,81.0,0,0,0,0,0,0,0,0
CF,DW,54.041111,49.178333,0,BMK,99.3,36.2,100.0,24.0,2,7000,0,0,0,0,0,0

SID,MOKED1,02,2
CA,0,20.0,2,1110,0,0,0,0,0,0
CI,0, ,0.0,340.0,0,0,0,0,0,0,0,0
CF,MOKED,54.866667,48.265000,0,BMK,350.2,36.3,350.0,29.0,2,6000,0,0,0,0,0,0

SID,MOKED3,20,2
CA,0,200.0,2,1040,0,0,0,0,0,0
CI,2, ,0.0,20.0,0,0,0,0,0,0,0,0
CF,MOKED,54.866667,48.265000,0,BMK,350.2,36.3,350.0,30.0,2,6000,0,0,0,0,0,0

SID,RUBE1A,02,2
CA,0,20.0,2,2750,0,0,0,0,0,0
CI,2, ,0.0,160.0,0,0,0,0,0,0,0,0
CF,RUBEK,53.766667,48.865000,0,BMK,130.6,37.5,131.0,26.0,2,7000,0,0,0,0,0,0

SID,RUBE1B,02,2
CA,0,20.0,2,1110,0,0,0,0,0,0
CI,1, ,0.0,120.0,0,0,0,0,0,0,0,0
CF,RUBEK,53.766667,48.865000,0,BMK,130.6,37.5,131.0,36.0,2,7000,0,0,0,0,0,0

SID,RUBE3A,20,2
CA,0,200.0,2,1040,0,0,0,0,0,0
DF,BMK,54.263056,48.225556,2, ,0.0,0.0,0,0,0,0,0,0,0,0
TF,RUBEK,53.766667,48.865000,0, ,0.0,0.0,0.0,0.0,2,7000,0,0,0,0,0,0

SID,RUBE3B,20,2
CA,0,200.0,2,1040,0,0,0,0,0,0
CI,0, ,0.0,120.0,0,0,0,0,0,0,0,0
CF,RUBEK,53.766667,48.865000,0,BMK,130.6,37.5,131.0,25.0,2,7000,0,0,0,0,0,0

SID,SASEL1,02,2
CA,0,20.0,2,1110,0,0,0,0,0,0
CI,1, ,0.0,250.0,0,0,0,0,0,0,0,0
CF,SASEL,54.391667,46.785000,0,BMK,267.3,51.2,267.0,35.0,2,10000,0,0,0,0,0,0

SID,SASEL3,20,2
CA,0,200.0,2,1040,0,0,0,0,0,0
CI,0, ,0.0,280.0,0,0,0,0,0,0,0,0
CF,SASEL,54.391667,46.785000,0,BMK,267.3,51.2,267.0,44.0,2,10000,0,0,0,0,0,0

SID,TUNOL1,02,2
CA,0,20.0,2,1110,0,0,0,0,0,0
CI,1, ,0.0,210.0,0,0,0,0,0,0,0,0
CF,TUNOL,53.841667,47.055000,0,BMK,227.0,48.5,227.0,31.0,2,8000,0,0,0,0,0,0

SID,TUNOL3,20,2
CA,0,200.0,2,1040,0,0,0,0,0,0
CI,0, ,0.0,240.0,0,0,0,0,0,0,0,0
CF,TUNOL,53.841667,47.055000,0,BMK,227.0,48.5,227.0,47.0,2,8000,0,0,0,0,0,0

STAR,BT2A,02,2
IF,BT,54.816667,46.581667, ,0.0,0.0,4,31000,5000,0,0,0,0,0
TF,GOTUN,54.538333,47.416667,0, ,0.0,0.0,0.0,0.0,0,0,0,0,0,0,0,0
TF,M,54.250806,48.204750,0, ,0.0,0.0,0.0,0.0,0,0,0,0,0,0,0,1
CI,1, ,0.0,290.0,0,0,0,0,0,0,0,0
CF,ARDUK,54.173333,47.906667,0,BMK,232.5,12.5,200.0,14.0,1,2420,0,0,0,0,0,0
TF,OKNUS,54.116667,48.061667,0, ,0.0,0.0,0.0,0.0,1,2420,0,0,0,0,0,0
TF,CF02,54.144711,48.091072,0, ,0.0,0.0,0.0,0.0,1,2090,0,0,0,0,0,0

STAR,BT2B,02,2
IF,BT,54.816667,46.581667, ,0.0,0.0,4,31000,5000,0,0,0,0,0
TF,GOTUN,54.538333,47.416667,0, ,0.0,0.0,0.0,0.0,0,0,0,0,0,0,0,0
TF,M,54.250806,48.204750,0, ,0.0,0.0,0.0,0.0,0,0,0,0,0,0,0,1
CI,1, ,0.0,290.0,0,0,0,0,0,0,0,0
CF,BUMIR,54.150000,47.971667,0,BMK,220.9,11.2,200.0,14.0,1,2420,0,0,0,0,0,0
TF,OKNUS,54.116667,48.061667,0, ,0.0,0.0,0.0,0.0,1,2420,0,0,0,0,0,0
TF,CF02,54.144711,48.091072,0, ,0.0,0.0,0.0,0.0,1,2090,0,0,0,0,0,0

STAR,BT2C,02,2
IF,BT,54.816667,46.581667, ,0.0,0.0,4,31000,5000,0,0,0,0,0
TF,GOTUN,54.538333,47.416667,0, ,0.0,0.0,0.0,0.0,0,0,0,0,0,0,0,0
TF,ARDUK,54.173333,47.906667,0, ,0.0,0.0,0.0,0.0,1,2420,0,0,0,0,0,0
TF,OKNUS,54.116667,48.061667,0, ,0.0,0.0,0.0,0.0,1,2420,0,0,0,0,0,0
TF,CF02,54.144711,48.091072,0, ,0.0,0.0,0.0,0.0,1,2090,0,0,0,0,0,0

STAR,BT4A,20,2
IF,BT,54.816667,46.581667, ,0.0,0.0,4,31000,5000,0,0,0,0,0
TF,GOTUN,54.538333,47.416667,0, ,0.0,0.0,0.0,0.0,0,0,0,0,0,0,0,0
TF,LS,54.313139,48.271806,0, ,0.0,0.0,0.0,0.0,0,0,0,0,0,0,0,1
CI,2, ,0.0,290.0,0,0,0,0,0,0,0,0
CF,KOREL,54.476667,48.230000,0,BMK,348.7,12.8,20.0,13.0,1,2350,0,0,0,0,0,0
TF,MERIS,54.420000,48.386667,0, ,0.0,0.0,0.0,0.0,1,2350,0,0,0,0,0,0
TF,CF20,54.381397,48.345450,0, ,0.0,0.0,0.0,0.0,1,2020,0,0,0,0,0,0

STAR,BT4B,20,2
IF,BT,54.816667,46.581667, ,0.0,0.0,4,31000,5000,0,0,0,0,0
TF,GOTUN,54.538333,47.416667,0, ,0.0,0.0,0.0,0.0,0,0,0,0,0,0,0,0
TF,LS,54.313139,48.271806,0, ,0.0,0.0,0.0,0.0,0,0,0,0,0,0,0,1
CI,2, ,0.0,290.0,0,0,0,0,0,0,0,0
CF,LIKNA,54.451667,48.295000,0,BMK,0.1,11.6,20.0,13.0,1,2350,0,0,0,0,0,0
TF,MERIS,54.420000,48.386667,0, ,0.0,0.0,0.0,0.0,1,2350,0,0,0,0,0,0
TF,CF20,54.381397,48.345450,0, ,0.0,0.0,0.0,0.0,1,2020,0,0,0,0,0,0

STAR,BT4C,20,2
IF,BT,54.816667,46.581667, ,0.0,0.0,4,31000,5000,0,0,0,0,0
TF,GOTUN,54.538333,47.416667,0, ,0.0,0.0,0.0,0.0,0,0,0,0,0,0,0,0
TF,KOREL,54.476667,48.230000,0, ,0.0,0.0,0.0,0.0,1,2350,0,0,0,0,0,0
TF,MERIS,54.420000,48.386667,0, ,0.0,0.0,0.0,0.0,1,2350,0,0,0,0,0,0
TF,CF20,54.381397,48.345450,0, ,0.0,0.0,0.0,0.0,1,2020,0,0,0,0,0,0

STAR,DW2A,02,2
IF,DW,54.041111,49.178333, ,0.0,0.0,0,0,0,0,0,0,0,0
TF,M,54.250806,48.204750,0, ,0.0,0.0,0.0,0.0,0,0,0,0,0,0,0,1
CI,0, ,0.0,290.0,0,0,0,0,0,0,0,0
CF,ARDUK,54.173333,47.906667,0,BMK,232.5,12.5,200.0,10.0,1,2420,0,0,0,0,0,0
TF,OKNUS,54.116667,48.061667,0, ,0.0,0.0,0.0,0.0,1,2420,0,0,0,0,0,0
TF,CF02,54.144711,48.091072,0, ,0.0,0.0,0.0,0.0,1,2090,0,0,0,0,0,0

STAR,DW2B,02,2
IF,DW,54.041111,49.178333, ,0.0,0.0,0,0,0,0,0,0,0,0
TF,M,54.250806,48.204750,0, ,0.0,0.0,0.0,0.0,0,0,0,0,0,0,0,1
CI,0, ,0.0,290.0,0,0,0,0,0,0,0,0
CF,BUMIR,54.150000,47.971667,0,BMK,220.9,11.2,200.0,10.0,1,2420,0,0,0,0,0,0
TF,OKNUS,54.116667,48.061667,0, ,0.0,0.0,0.0,0.0,1,2420,0,0,0,0,0,0
TF,CF02,54.144711,48.091072,0, ,0.0,0.0,0.0,0.0,1,2090,0,0,0,0,0,0

STAR,DW2C,02,2
IF,DW,54.041111,49.178333, ,0.0,0.0,0,0,0,0,0,0,0,0
TF,KUDET,54.061667,48.210000,0, ,0.0,0.0,0.0,0.0,1,2420,0,0,0,0,0,0
TF,OKNUS,54.116667,48.061667,0, ,0.0,0.0,0.0,0.0,1,2420,0,0,0,0,0,0
TF,CF02,54.144711,48.091072,0, ,0.0,0.0,0.0,0.0,1,2090,0,0,0,0,0,0

STAR,DW4A,20,2
IF,DW,54.041111,49.178333, ,0.0,0.0,4,22000,6000,0,0,0,0,0
TF,L,54.290000,48.246944,0, ,0.0,0.0,0.0,0.0,0,0,0,0,0,0,0,1
CI,0, ,0.0,290.0,0,0,0,0,0,0,0,0
CF,KOREL,54.476667,48.230000,0,BMK,348.7,12.8,20.0,10.0,1,2350,0,0,0,0,0,0
TF,MERIS,54.420000,48.386667,0, ,0.0,0.0,0.0,0.0,1,2350,0,0,0,0,0,0
TF,CF20,54.381397,48.345450,0, ,0.0,0.0,0.0,0.0,1,2020,0,0,0,0,0,0

STAR,DW4B,20,2
IF,DW,54.041111,49.178333, ,0.0,0.0,4,22000,6000,0,0,0,0,0
TF,L,54.290000,48.246944,0, ,0.0,0.0,0.0,0.0,0,0,0,0,0,0,0,1
CI,0, ,0.0,290.0,0,0,0,0,0,0,0,0
CF,LIKNA,54.451667,48.295000,0,BMK,0.1,11.6,20.0,10.0,1,2350,0,0,0,0,0,0
TF,MERIS,54.420000,48.386667,0, ,0.0,0.0,0.0,0.0,1,2350,0,0,0,0,0,0
TF,CF20,54.381397,48.345450,0, ,0.0,0.0,0.0,0.0,1,2020,0,0,0,0,0,0

STAR,DW4C,20,2
IF,DW,54.041111,49.178333, ,0.0,0.0,4,22000,6000,0,0,0,0,0
TF,NAKOT,54.416667,48.606667,0, ,0.0,0.0,0.0,0.0,1,2680,0,0,0,0,0,0
TF,MERIS,54.420000,48.386667,0, ,0.0,0.0,0.0,0.0,1,2350,0,0,0,0,0,0
TF,CF20,54.381397,48.345450,0, ,0.0,0.0,0.0,0.0,1,2020,0,0,0,0,0,0

STAR,LINR2A,02,2
IF,LINRI,54.156667,46.901667, ,0.0,0.0,4,27000,7000,0,0,0,0,0
TF,ROSMI,54.183333,47.166667,0, ,0.0,0.0,0.0,0.0,0,0,0,0,0,0,0,0
TF,M,54.250806,48.204750,0, ,0.0,0.0,0.0,0.0,0,0,0,0,0,0,0,1
CI,1, ,0.0,290.0,0,0,0,0,0,0,0,0
CF,ARDUK,54.173333,47.906667,0,BMK,232.5,12.5,200.0,14.0,1,2420,0,0,0,0,0,0
TF,OKNUS,54.116667,48.061667,0, ,0.0,0.0,0.0,0.0,1,2420,0,0,0,0,0,0
TF,CF02,54.144711,48.091072,0, ,0.0,0.0,0.0,0.0,1,2090,0,0,0,0,0,0

STAR,LINR2B,02,2
IF,LINRI,54.156667,46.901667, ,0.0,0.0,4,27000,7000,0,0,0,0,0
TF,ROSMI,54.183333,47.166667,0, ,0.0,0.0,0.0,0.0,0,0,0,0,0,0,0,0
TF,M,54.250806,48.204750,0, ,0.0,0.0,0.0,0.0,0,0,0,0,0,0,0,1
CI,1, ,0.0,290.0,0,0,0,0,0,0,0,0
CF,BUMIR,54.150000,47.971667,0,BMK,220.9,11.2,200.0,14.0,1,2420,0,0,0,0,0,0
TF,OKNUS,54.116667,48.061667,0, ,0.0,0.0,0.0,0.0,1,2420,0,0,0,0,0,0
TF,CF02,54.144711,48.091072,0, ,0.0,0.0,0.0,0.0,1,2090,0,0,0,0,0,0

STAR,LINR2C,02,2
IF,LINRI,54.156667,46.901667, ,0.0,0.0,4,27000,7000,0,0,0,0,0
TF,ROSMI,54.183333,47.166667,0, ,0.0,0.0,0.0,0.0,0,0,0,0,0,0,0,0
TF,OKNUS,54.116667,48.061667,0, ,0.0,0.0,0.0,0.0,1,2420,0,0,0,0,0,0
TF,CF02,54.144711,48.091072,0, ,0.0,0.0,0.0,0.0,1,2090,0,0,0,0,0,0

STAR,LINR4A,20,2
IF,LINRI,54.156667,46.901667, ,0.0,0.0,4,27000,7000,0,0,0,0,0
TF,ROSMI,54.183333,47.166667,0, ,0.0,0.0,0.0,0.0,0,0,0,0,0,0,0,0
TF,LS,54.313139,48.271806,0, ,0.0,0.0,0.0,0.0,0,0,0,0,0,0,0,1
CI,2, ,0.0,290.0,0,0,0,0,0,0,0,0
CF,KOREL,54.476667,48.230000,0,BMK,348.7,12.8,20.0,12.0,1,2350,0,0,0,0,0,0
TF,MERIS,54.420000,48.386667,0, ,0.0,0.0,0.0,0.0,1,2350,0,0,0,0,0,0
TF,CF20,54.381397,48.345450,0, ,0.0,0.0,0.0,0.0,1,2020,0,0,0,0,0,0

STAR,LINR4B,20,2
IF,LINRI,54.156667,46.901667, ,0.0,0.0,4,27000,7000,0,0,0,0,0
TF,ROSMI,54.183333,47.166667,0, ,0.0,0.0,0.0,0.0,0,0,0,0,0,0,0,0
TF,LS,54.313139,48.271806,0, ,0.0,0.0,0.0,0.0,0,0,0,0,0,0,0,1
CI,2, ,0.0,290.0,0,0,0,0,0,0,0,0
CF,LIKNA,54.451667,48.295000,0,BMK,0.2,11.6,20.0,12.0,1,2350,0,0,0,0,0,0
TF,MERIS,54.420000,48.386667,0, ,0.0,0.0,0.0,0.0,1,2350,0,0,0,0,0,0
TF,CF20,54.381397,48.345450,0, ,0.0,0.0,0.0,0.0,1,2020,0,0,0,0,0,0

STAR,LINR4C,20,2
IF,LINRI,54.156667,46.901667, ,0.0,0.0,4,27000,7000,0,0,0,0,0
TF,ROSMI,54.183333,47.166667,0, ,0.0,0.0,0.0,0.0,0,0,0,0,0,0,0,0
TF,KOREL,54.476667,48.230000,0, ,0.0,0.0,0.0,0.0,1,2350,0,0,0,0,0,0
TF,MERIS,54.420000,48.386667,0, ,0.0,0.0,0.0,0.0,1,2350,0,0,0,0,0,0
TF,CF20,54.381397,48.345450,0, ,0.0,0.0,0.0,0.0,1,2020,0,0,0,0,0,0

FINAL,I02,02,I,3
IF,CF02,54.144711,48.091072,IMR,200.2,10.3,1,2090,0,0,0,0,0,0
CF,GILOR,54.188889,48.138889,0,IMR,200.1,7.2,20.0,3.2,1,2090,0,0,0,0,2,0
CF,RW02,54.259314,48.213931,0,IMR,200.2,2.2,20.0,5.0,1,505,0,0,0,0,3,0
CA,0,20.0,2,1110,0,0,0,0,0,0
VM,0,0,1,200.0,1,2420,0,0,0,0,0,0

FINAL,I20,20,I,3
IF,CF20,54.381397,48.345450,ILS,20.1,9.2,1,2020,0,0,0,0,0,0
CF,AKEPA,54.353333,48.314722,0,ILS,20.1,7.2,200.0,2.0,1,2020,0,0,0,0,2,0
CF,RW20,54.282892,48.239256,0,ILS,20.1,2.2,200.0,5.0,1,429,0,0,0,0,3,0
CA,0,200.0,2,1040,0,0,0,0,0,0
VM,0,0,2,20.0,1,2350,0,0,0,0,0,0

FINAL,N02,02,N,3
IF,CF02,54.144711,48.091072,M,0.0,0.0,1,2090,0,0,0,0,0,0
CF,GILOR,54.188889,48.138889,0,M,0.0,0.0,20.0,3.2,1,2090,0,0,0,0,2,0
CF,MN02,54.241350,48.194664,0,M,0.0,0.0,20.0,3.7,1,910,0,0,0,0,3,0
CA,0,20.0,2,1110,0,0,0,0,0,0
VM,0,0,1,200.0,1,2420,0,0,0,0,0,0

FINAL,N20,20,N,4
IF,CF20,54.381397,48.345450,LS,0.0,0.0,1,2020,0,0,0,0,0,0
CF,AKEPA,54.353333,48.314722,0,LS,0.0,0.0,200.0,2.0,1,2020,0,0,0,0,2,0
CF,LS,54.313139,48.271806,0,LS,0.0,0.0,200.0,2.9,2,1120,0,0,0,0,0,0
CF,MN20,54.297475,48.255072,0,LS,0.0,0.0,200.0,1.1,1,760,0,0,0,0,3,0
CA,0,200.0,2,1040,0,0,0,0,0,0
VM,0,0,2,20.0,1,2350,0,0,0,0,0,0

