SID,GAPM2F,32L,2
DF,DE32L,54.573186,55.849344,0, ,0.0,0.0,0,0,0,0,0,0,0,1
CA,0,318.0,2,1500,0,0,0,0,0,0
DF,NM,54.512972,55.907417,2, ,0.0,0.0,0,0,0,0,0,0,0,1
TF,GAPMA,54.227500,54.555833,0, ,0.0,0.0,0.0,0.0,2,8000,0,0,0,0,0,0

SID,GAPM2G,14L,2
DF,DE14L,54.547075,55.893992,0, ,0.0,0.0,0,0,0,0,0,0,0,1
CA,0,138.0,2,1500,0,0,0,0,0,0
DF,RG,54.599111,55.843333,1, ,0.0,0.0,0,0,0,0,0,0,0,0
TF,GAPMA,54.227500,54.555833,0, ,0.0,0.0,0.0,0.0,2,8000,0,0,0,0,0,0

SID,GAPM2H,32L,2
DF,DE32L,54.573186,55.849344,0, ,0.0,0.0,0,0,0,0,0,0,0,1
CA,0,318.0,2,1500,0,0,0,0,0,0
CF,RG,54.539500,55.886944,2,RG,0.0,0.0,188.0,4.0,0,0,0,0,0,0,0,1
TF,GAPMA,54.227500,54.555833,0, ,0.0,0.0,0.0,0.0,2,8000,0,0,0,0,0,0

SID,GAPM2J,14R,2
CD, ,0,0,0,RG,0,0.0,138.0,4.6,0,0,0,0,0,0,0,0
CF,RG,54.539500,55.886944,1,RG,0.0,0.0,267.0,4.0,0,0,0,0,0,0,0,0
TF,GAPMA,54.227500,54.555833,0, ,0.0,0.0,0.0,0.0,2,8000,0,0,0,0,0,0

SID,GAPM2M,14R,5
DF,DE14R,54.543706,55.877742,0, ,0.0,0.0,0,0,0,0,0,0,0,0
CA,0,138.0,2,3000,0,0,0,0,0,0
DF,UU801,54.612694,56.096583,1, ,0.0,0.0,0,0,0,1,225,0,0,0
TF,UU802,54.706889,56.006167,0, ,0.0,0.0,0.0,0.0,0,0,0,1,260,0,0,0
TF,UU808,54.549944,55.521667,0, ,0.0,0.0,0.0,0.0,2,11000,0,0,0,0,0,0
TF,GAPMA,54.227500,54.555833,0, ,0.0,0.0,0.0,0.0,2,14000,0,0,0,0,0,0

SID,GAPM2N,32L,5
DF,DE32L,54.573186,55.849344,0, ,0.0,0.0,0,0,0,0,0,0,0,0
CA,0,318.0,2,3000,0,0,0,0,0,0
DF,UU601,54.632472,56.077667,2, ,0.0,0.0,0,0,0,1,225,0,0,0
TF,UU602,54.506778,56.197722,0, ,0.0,0.0,0.0,0.0,2,9000,0,1,225,0,0,0
TF,UU609,54.409917,55.796639,2, ,0.0,0.0,0.0,0.0,2,12000,0,0,0,0,0,0
TF,GAPMA,54.227500,54.555833,0, ,0.0,0.0,0.0,0.0,2,12000,0,0,0,0,0,0

SID,GAPM2P,14L,5
DF,DE14L,54.547075,55.893992,0, ,0.0,0.0,0,0,0,0,0,0,0,0
CA,0,138.0,2,1500,0,0,0,0,0,0
DF,UU801,54.612694,56.096583,1, ,0.0,0.0,0,0,0,1,225,0,0,0
TF,UU802,54.706889,56.006167,0, ,0.0,0.0,0.0,0.0,0,0,0,1,260,0,0,0
TF,UU808,54.549944,55.521667,0, ,0.0,0.0,0.0,0.0,2,11000,0,0,0,0,0,0
TF,GAPMA,54.227500,54.555833,0, ,0.0,0.0,0.0,0.0,2,14000,0,0,0,0,0,0

SID,GAPM2Q,32R,5
DF,DE32R,54.566797,55.874997,0, ,0.0,0.0,0,0,0,0,0,0,0,0
CA,0,318.0,2,1500,0,0,0,0,0,0
DF,UU601,54.632472,56.077667,2, ,0.0,0.0,0,0,0,1,225,0,0,0
TF,UU602,54.506778,56.197722,0, ,0.0,0.0,0.0,0.0,0,0,0,1,240,0,0,0
TF,UU609,54.409917,55.796639,0, ,0.0,0.0,0.0,0.0,2,10000,0,0,0,0,0,0
TF,GAPMA,54.227500,54.555833,0, ,0.0,0.0,0.0,0.0,2,10000,0,0,0,0,0,0

SID,GAPM2R,32R,2
DF,DE32R,54.566797,55.874997,0, ,0.0,0.0,0,0,0,0,0,0,0,1
CA,0,318.0,2,1500,0,0,0,0,0,0
CF,RG,54.539500,55.886944,2,RG,0.0,0.0,196.0,4.0,0,0,0,0,0,0,0,1
TF,GAPMA,54.227500,54.555833,0, ,0.0,0.0,0.0,0.0,2,8000,0,0,0,0,0,0

SID,GAPM2S,14L,2
CD, ,0,0,0,RG,0,0.0,138.0,4.6,0,0,0,0,0,0,0,0
CF,RG,54.539500,55.886944,1,RG,0.0,0.0,262.0,5.0,0,0,0,0,0,0,0,0
TF,GAPMA,54.227500,54.555833,0, ,0.0,0.0,0.0,0.0,2,8000,0,0,0,0,0,0

SID,GAPM2X,32R,2
DF,DE32R,54.566797,55.874997,0, ,0.0,0.0,0,0,0,0,0,0,0,1
CA,0,318.0,2,1500,0,0,0,0,0,0
DF,LZ,54.519056,55.921111,2, ,0.0,0.0,0,0,0,0,0,0,0,1
TF,GAPMA,54.227500,54.555833,0, ,0.0,0.0,0.0,0.0,2,8000,0,0,0,0,0,0

SID,IPRO2F,32L,2
DF,DE32L,54.573186,55.849344,0, ,0.0,0.0,0,0,0,0,0,0,0,1
CA,0,318.0,2,1500,0,0,0,0,0,0
DF,NM,54.512972,55.907417,1, ,0.0,0.0,0,0,0,0,0,0,0,1
TF,IPROK,55.091111,56.502778,0, ,0.0,0.0,0.0,0.0,2,8000,0,0,0,0,0,0

SID,IPRO2G,14L,2
DF,DE14L,54.547075,55.893992,0, ,0.0,0.0,0,0,0,0,0,0,0,1
CA,0,138.0,2,1500,0,0,0,0,0,0
DF,RG,54.599111,55.843333,2, ,0.0,0.0,0,0,0,0,0,0,0,0
TF,IPROK,55.091111,56.502778,0, ,0.0,0.0,0.0,0.0,2,8000,0,0,0,0,0,0

SID,IPRO2H,32L,2
DF,DE32L,54.573186,55.849344,0, ,0.0,0.0,0,0,0,0,0,0,0,1
CA,0,318.0,2,1500,0,0,0,0,0,0
CI,2, ,0.0,109.0,0,0,0,0,0,0,0,0
CF,IPROK,55.091111,56.502778,0,RG,19.6,39.5,20.0,34.0,2,8000,0,0,0,0,0,0

SID,IPRO2J,14R,2
CD, ,0,0,0,RG,0,0.0,138.0,4.6,0,0,0,0,0,0,0,0
CF,RG,54.539500,55.886944,2,RG,0.0,0.0,11.0,4.0,0,0,0,0,0,0,0,0
TF,IPROK,55.091111,56.502778,0, ,0.0,0.0,0.0,0.0,2,8000,0,0,0,0,0,0

SID,IPRO2M,14R,5
DF,DE14R,54.543706,55.877742,0, ,0.0,0.0,0,0,0,0,0,0,0,0
CA,0,138.0,2,3000,0,0,0,0,0,0
DF,UU807,54.957222,56.388000,1, ,0.0,0.0,2,14000,0,0,0,0,0,0
TF,IPROK,55.091111,56.502778,0, ,0.0,0.0,0.0,0.0,2,15000,0,0,0,0,0,0

SID,IPRO2N,32L,5
DF,DE32L,54.573186,55.849344,0, ,0.0,0.0,0,0,0,0,0,0,0,0
CF,UU603,54.763361,55.665194,0,RG,317.2,15.5,318.0,15.1,0,0,0,0,0,0,0,0
TF,UU605,55.031917,56.349389,0, ,0.0,0.0,0.0,0.0,2,15000,0,0,0,0,0,0
TF,IPROK,55.091111,56.502778,0, ,0.0,0.0,0.0,0.0,2,15000,0,0,0,0,0,0

SID,IPRO2P,14L,5
DF,DE14L,54.547075,55.893992,0, ,0.0,0.0,0,0,0,0,0,0,0,0
CA,0,138.0,2,1500,0,0,0,0,0,0
DF,UU807,54.957222,56.388000,1, ,0.0,0.0,2,14000,0,0,0,0,0,0
TF,IPROK,55.091111,56.502778,0, ,0.0,0.0,0.0,0.0,2,15000,0,0,0,0,0,0

SID,IPRO2Q,32R,5
DF,DE32R,54.566797,55.874997,0, ,0.0,0.0,0,0,0,0,0,0,0,0
CF,UU606,54.768139,55.680139,0,RG,319.4,15.5,318.0,14.0,0,0,0,0,0,0,0,0
TF,UU605,55.031917,56.349389,0, ,0.0,0.0,0.0,0.0,2,15000,0,0,0,0,0,0
TF,IPROK,55.091111,56.502778,0, ,0.0,0.0,0.0,0.0,2,15000,0,0,0,0,0,0

SID,IPRO2R,32R,2
DF,DE32R,54.566797,55.874997,0, ,0.0,0.0,0,0,0,0,0,0,0,1
CA,0,318.0,2,1500,0,0,0,0,0,0
CF,RG,54.539500,55.886944,1,RG,0.0,0.0,85.0,4.0,0,0,0,0,0,0,0,1
TF,IPROK,55.091111,56.502778,0, ,0.0,0.0,0.0,0.0,2,8000,0,0,0,0,0,0

SID,IPRO2S,14L,2
CD, ,0,0,0,RG,0,0.0,138.0,4.6,0,0,0,0,0,0,0,0
CF,RG,54.539500,55.886944,2,RG,0.0,0.0,7.0,5.0,0,0,0,0,0,0,0,0
TF,IPROK,55.091111,56.502778,0, ,0.0,0.0,0.0,0.0,2,8000,0,0,0,0,0,0

SID,IPRO2X,32R,2
DF,DE32R,54.566797,55.874997,0, ,0.0,0.0,0,0,0,0,0,0,0,1
CA,0,318.0,2,1500,0,0,0,0,0,0
DF,LZ,54.519056,55.921111,1, ,0.0,0.0,0,0,0,0,0,0,0,1
TF,IPROK,55.091111,56.502778,0, ,0.0,0.0,0.0,0.0,2,8000,0,0,0,0,0,0

SID,MILU2F,32L,2
DF,DE32L,54.573186,55.849344,0, ,0.0,0.0,0,0,0,0,0,0,0,1
CA,0,318.0,2,1500,0,0,0,0,0,0
DF,NM,54.512972,55.907417,1, ,0.0,0.0,0,0,0,0,0,0,0,0
TF,MILUN,53.964167,56.737500,0, ,0.0,0.0,0.0,0.0,2,9000,0,0,0,0,0,0

SID,MILU2G,14L,2
DF,DE14L,54.547075,55.893992,0, ,0.0,0.0,0,0,0,0,0,0,0,1
CA,0,138.0,2,1500,0,0,0,0,0,0
CF,MILUN,53.964167,56.737500,0,RG,125.8,45.7,126.0,43.0,2,9000,0,0,0,0,0,0

SID,MILU2H,32L,2
DF,DE32L,54.573186,55.849344,0, ,0.0,0.0,0,0,0,0,0,0,0,1
CA,0,318.0,2,1500,0,0,0,0,0,0
CF,RG,54.539500,55.886944,2,RG,0.0,0.0,188.0,4.0,0,0,0,0,0,0,0,0
TF,MILUN,53.964167,56.737500,0, ,0.0,0.0,0.0,0.0,2,9000,0,0,0,0,0,0

SID,MILU2J,14R,2
DF,DE14R,54.543706,55.877742,0, ,0.0,0.0,0,0,0,0,0,0,0,1
CA,0,138.0,2,1500,0,0,0,0,0,0
CF,MILUN,53.964167,56.737500,0,RG,125.8,45.7,126.0,43.0,2,9000,0,0,0,0,0,0

SID,MILU2M,14R,5
CF,UU809,54.344056,56.068806,0,RG,138.5,13.4,138.0,15.8,0,0,0,0,0,0,0,0
TF,UU804,54.027778,56.629833,0, ,0.0,0.0,0.0,0.0,2,17000,0,0,0,0,0,0
TF,MILUN,53.964167,56.737500,0, ,0.0,0.0,0.0,0.0,2,17000,0,0,0,0,0,0

SID,MILU2N,32L,5
DF,DE32L,54.573186,55.849344,0, ,0.0,0.0,0,0,0,0,0,0,0,0
CA,0,318.0,2,3000,0,0,0,0,0,0
DF,UU601,54.632472,56.077667,2, ,0.0,0.0,0,0,0,1,225,0,0,0
TF,UU602,54.506778,56.197722,0, ,0.0,0.0,0.0,0.0,2,9000,0,0,0,0,0,0
TF,MILUN,53.964167,56.737500,0, ,0.0,0.0,0.0,0.0,2,9000,0,0,0,0,0,0

SID,MILU2P,14L,5
CF,UU805,54.348889,56.083694,0,RG,135.9,13.4,138.0,14.0,2,3000,0,0,0,0,0,0
TF,UU804,54.027778,56.629833,0, ,0.0,0.0,0.0,0.0,2,17000,0,0,0,0,0,0
TF,MILUN,53.964167,56.737500,0, ,0.0,0.0,0.0,0.0,2,17000,0,0,0,0,0,0

SID,MILU2Q,32R,5
DF,DE32R,54.566797,55.874997,0, ,0.0,0.0,0,0,0,0,0,0,0,0
CA,0,318.0,2,1500,0,0,0,0,0,0
DF,UU601,54.632472,56.077667,2, ,0.0,0.0,0,0,0,1,225,0,0,0
TF,UU602,54.506778,56.197722,0, ,0.0,0.0,0.0,0.0,2,9000,0,0,0,0,0,0
TF,MILUN,53.964167,56.737500,0, ,0.0,0.0,0.0,0.0,2,9000,0,0,0,0,0,0

SID,MILU2R,32R,2
DF,DE32R,54.566797,55.874997,0, ,0.0,0.0,0,0,0,0,0,0,0,1
CA,0,318.0,2,1500,0,0,0,0,0,0
CF,RG,54.539500,55.886944,1,RG,0.0,0.0,85.0,4.0,0,0,0,0,0,0,0,0
TF,MILUN,53.964167,56.737500,0, ,0.0,0.0,0.0,0.0,2,9000,0,0,0,0,0,0

SID,MILU2S,14L,2
DF,DE14L,54.547075,55.893992,0, ,0.0,0.0,0,0,0,0,0,0,0,1
CA,0,138.0,2,1500,0,0,0,0,0,0
CF,MILUN,53.964167,56.737500,0,RG,125.8,45.7,126.0,43.0,2,9000,0,0,0,0,0,0

SID,MILU2X,32R,2
DF,DE32R,54.566797,55.874997,0, ,0.0,0.0,0,0,0,0,0,0,0,1
CA,0,318.0,2,1500,0,0,0,0,0,0
DF,LZ,54.519056,55.921111,2, ,0.0,0.0,0,0,0,0,0,0,0,0
TF,MILUN,53.964167,56.737500,0, ,0.0,0.0,0.0,0.0,2,9000,0,0,0,0,0,0

SID,TILM2F,32L,2
DF,DE32L,54.573186,55.849344,0, ,0.0,0.0,0,0,0,0,0,0,0,1
CA,0,318.0,2,1500,0,0,0,0,0,0
CI,1, ,0.0,194.0,0,0,0,0,0,0,0,0
CF,TILMU,54.822500,54.180833,0,RG,273.7,61.8,273.0,55.0,2,8000,0,0,0,0,0,0

SID,TILM2G,14L,2
DF,DE14L,54.547075,55.893992,0, ,0.0,0.0,0,0,0,0,0,0,0,1
CA,0,138.0,2,1500,0,0,0,0,0,0
DF,RG,54.599111,55.843333,1, ,0.0,0.0,0,0,0,0,0,0,0,0
TF,TILMU,54.822500,54.180833,0, ,0.0,0.0,0.0,0.0,2,8000,0,0,0,0,0,0

SID,TILM2H,32L,2
DF,DE32L,54.573186,55.849344,0, ,0.0,0.0,0,0,0,0,0,0,0,1
CA,0,318.0,2,1500,0,0,0,0,0,0
CI,1, ,0.0,207.0,0,0,0,0,0,0,0,0
CF,TILMU,54.822500,54.180833,0,RG,273.7,61.8,272.0,55.0,2,8000,0,0,0,0,0,0

SID,TILM2J,14R,2
CD, ,0,0,0,RG,0,0.0,138.0,4.6,0,0,0,0,0,0,0,0
CF,RG,54.539500,55.886944,1,RG,0.0,0.0,267.0,4.0,0,0,0,0,0,0,0,0
TF,TILMU,54.822500,54.180833,0, ,0.0,0.0,0.0,0.0,2,8000,0,0,0,0,0,0

SID,TILM2M,14R,5
DF,DE14R,54.543706,55.877742,0, ,0.0,0.0,0,0,0,0,0,0,0,0
CA,0,138.0,2,3000,0,0,0,0,0,0
DF,UU801,54.612694,56.096583,1, ,0.0,0.0,0,0,0,1,225,0,0,0
TF,UU802,54.706889,56.006167,0, ,0.0,0.0,0.0,0.0,0,0,0,0,0,0,0,0
TF,UU803,54.785333,55.930472,0, ,0.0,0.0,0.0,0.0,2,10000,0,0,0,0,0,0
TF,TILMU,54.822500,54.180833,0, ,0.0,0.0,0.0,0.0,2,10000,0,0,0,0,0,0

SID,TILM2N,32L,5
CF,UU603,54.763361,55.665194,0,RG,317.2,15.5,318.0,15.1,0,0,0,0,0,0,0,0
TF,UU604,54.789250,55.070278,0, ,0.0,0.0,0.0,0.0,3,10000,0,0,0,0,0,0
TF,TILMU,54.822500,54.180833,0, ,0.0,0.0,0.0,0.0,2,13000,0,0,0,0,0,0

SID,TILM2P,14L,5
DF,DE14L,54.547075,55.893992,0, ,0.0,0.0,0,0,0,0,0,0,0,0
CA,0,138.0,2,1500,0,0,0,0,0,0
DF,UU801,54.612694,56.096583,1, ,0.0,0.0,0,0,0,1,225,0,0,0
TF,UU802,54.706889,56.006167,0, ,0.0,0.0,0.0,0.0,0,0,0,0,0,0,0,0
TF,UU803,54.785333,55.930472,0, ,0.0,0.0,0.0,0.0,2,10000,0,0,0,0,0,0
TF,TILMU,54.822500,54.180833,0, ,0.0,0.0,0.0,0.0,2,10000,0,0,0,0,0,0

SID,TILM2Q,32R,5
DF,DE32R,54.566797,55.874997,0, ,0.0,0.0,0,0,0,0,0,0,0,0
CF,UU606,54.768139,55.680139,0,RG,319.4,15.5,318.0,14.0,0,0,0,0,0,0,0,0
TF,UU604,54.789250,55.070278,0, ,0.0,0.0,0.0,0.0,3,10000,0,0,0,0,0,0
TF,TILMU,54.822500,54.180833,0, ,0.0,0.0,0.0,0.0,2,13000,0,0,0,0,0,0

SID,TILM2R,32R,2
DF,DE32R,54.566797,55.874997,0, ,0.0,0.0,0,0,0,0,0,0,0,1
CA,0,318.0,2,1500,0,0,0,0,0,0
CI,1, ,0.0,204.0,0,0,0,0,0,0,0,0
CF,TILMU,54.822500,54.180833,0,RG,273.7,61.8,272.0,56.0,2,8000,0,0,0,0,0,0

SID,TILM2S,14L,2
CD, ,0,0,0,RG,0,0.0,138.0,4.6,0,0,0,0,0,0,0,0
CF,RG,54.539500,55.886944,1,RG,0.0,0.0,262.0,5.0,0,0,0,0,0,0,0,0
TF,TILMU,54.822500,54.180833,0, ,0.0,0.0,0.0,0.0,2,8000,0,0,0,0,0,0

SID,TILM2X,32R,2
DF,DE32R,54.566797,55.874997,0, ,0.0,0.0,0,0,0,0,0,0,0,1
CA,0,318.0,2,1500,0,0,0,0,0,0
DF,LZ,54.519056,55.921111,2, ,0.0,0.0,0,0,0,0,0,0,0,0
TF,TILMU,54.822500,54.180833,0, ,0.0,0.0,0.0,0.0,2,8000,0,0,0,0,0,0

SID,TUSE2F,32L,2
DF,DE32L,54.573186,55.849344,0, ,0.0,0.0,0,0,0,0,0,0,0,1
CA,0,318.0,2,1500,0,0,0,0,0,0
DF,NM,54.512972,55.907417,2, ,0.0,0.0,0,0,0,0,0,0,0,0
TF,TUSEB,53.809444,55.648889,0, ,0.0,0.0,0.0,0.0,2,7000,0,0,0,0,0,0

SID,TUSE2G,14L,2
DF,DE14L,54.547075,55.893992,0, ,0.0,0.0,0,0,0,0,0,0,0,1
CA,0,138.0,2,1500,0,0,0,0,0,0
CI,2, ,0.0,234.0,0,0,0,0,0,0,0,0
CF,TUSEB,53.809444,55.648889,0,RG,177.9,44.7,175.0,39.0,2,7000,0,0,0,0,0,0

SID,TUSE2H,32L,2
DF,DE32L,54.573186,55.849344,0, ,0.0,0.0,0,0,0,0,0,0,0,1
CA,0,318.0,2,1500,0,0,0,0,0,0
CF,RG,54.539500,55.886944,2,RG,0.0,0.0,188.0,4.0,0,0,0,0,0,0,0,0
TF,TUSEB,53.809444,55.648889,0, ,0.0,0.0,0.0,0.0,2,7000,0,0,0,0,0,0

SID,TUSE2J,14R,2
DF,DE14R,54.543706,55.877742,0, ,0.0,0.0,0,0,0,0,0,0,0,1
CA,0,138.0,2,1500,0,0,0,0,0,0
CI,0, ,0.0,227.0,0,0,0,0,0,0,0,0
CF,TUSEB,53.809444,55.648889,0,RG,177.9,44.7,178.0,40.0,2,7000,0,0,0,0,0,0

SID,TUSE2M,14R,5
CF,UU809,54.344056,56.068806,0,RG,138.5,13.4,138.0,15.8,0,0,0,0,0,0,0,0
TF,UU806,53.947639,55.759083,0, ,0.0,0.0,0.0,0.0,2,18000,0,0,0,0,0,0
TF,TUSEB,53.809444,55.648889,0, ,0.0,0.0,0.0,0.0,2,19000,0,0,0,0,0,0

SID,TUSE2N,32L,5
DF,DE32L,54.573186,55.849344,0, ,0.0,0.0,0,0,0,0,0,0,0,0
CA,0,318.0,2,3000,0,0,0,0,0,0
DF,UU601,54.632472,56.077667,2, ,0.0,0.0,0,0,0,1,225,0,0,0
TF,UU602,54.506778,56.197722,0, ,0.0,0.0,0.0,0.0,2,9000,0,0,0,0,0,0
TF,TUSEB,53.809444,55.648889,0, ,0.0,0.0,0.0,0.0,2,11000,0,0,0,0,0,0

SID,TUSE2P,14L,5
CF,UU805,54.348889,56.083694,0,RG,135.9,13.4,138.0,14.0,2,3000,0,0,0,0,0,0
TF,UU806,53.947639,55.759083,0, ,0.0,0.0,0.0,0.0,2,18000,0,0,0,0,0,0
TF,TUSEB,53.809444,55.648889,0, ,0.0,0.0,0.0,0.0,2,19000,0,0,0,0,0,0

SID,TUSE2Q,32R,5
DF,DE32R,54.566797,55.874997,0, ,0.0,0.0,0,0,0,0,0,0,0,0
CA,0,318.0,2,1500,0,0,0,0,0,0
DF,UU601,54.632472,56.077667,2, ,0.0,0.0,0,0,0,1,225,0,0,0
TF,UU602,54.506778,56.197722,0, ,0.0,0.0,0.0,0.0,2,9000,0,0,0,0,0,0
TF,TUSEB,53.809444,55.648889,0, ,0.0,0.0,0.0,0.0,2,11000,0,0,0,0,0,0

SID,TUSE2R,32R,2
DF,DE32R,54.566797,55.874997,0, ,0.0,0.0,0,0,0,0,0,0,0,1
CA,0,318.0,2,1500,0,0,0,0,0,0
CF,RG,54.539500,55.886944,2,RG,0.0,0.0,196.0,4.0,0,0,0,0,0,0,0,0
TF,TUSEB,53.809444,55.648889,0, ,0.0,0.0,0.0,0.0,2,7000,0,0,0,0,0,0

SID,TUSE2S,14L,2
DF,DE14L,54.547075,55.893992,0, ,0.0,0.0,0,0,0,0,0,0,0,1
CA,0,138.0,2,1500,0,0,0,0,0,0
CI,2, ,0.0,240.0,0,0,0,0,0,0,0,0
CF,TUSEB,53.809444,55.648889,0,RG,177.9,44.7,178.0,40.0,2,7000,0,0,0,0,0,0

SID,TUSE2X,32R,2
DF,DE32R,54.566797,55.874997,0, ,0.0,0.0,0,0,0,0,0,0,0,1
CA,0,318.0,2,1500,0,0,0,0,0,0
DF,LZ,54.519056,55.921111,2, ,0.0,0.0,0,0,0,0,0,0,0,0
TF,TUSEB,53.809444,55.648889,0, ,0.0,0.0,0.0,0.0,2,7000,0,0,0,0,0,0

SID,UBIR2F,32L,2
DF,DE32L,54.573186,55.849344,0, ,0.0,0.0,0,0,0,0,0,0,0,1
CA,0,318.0,2,1500,0,0,0,0,0,0
CI,0, ,0.0,353.0,0,0,0,0,0,0,0,0
CF,UBIRA,55.391944,55.250556,0,RG,324.0,55.8,323.0,49.0,2,7000,0,0,0,0,0,0

SID,UBIR2G,14L,2
DF,DE14L,54.547075,55.893992,0, ,0.0,0.0,0,0,0,0,0,0,0,1
CA,0,138.0,2,1500,0,0,0,0,0,0
DF,RG,54.599111,55.843333,2, ,0.0,0.0,0,0,0,0,0,0,0,0
TF,UBIRA,55.391944,55.250556,0, ,0.0,0.0,0.0,0.0,2,7000,0,0,0,0,0,0

SID,UBIR2H,32L,2
DF,DE32L,54.573186,55.849344,0, ,0.0,0.0,0,0,0,0,0,0,0,1
CA,0,318.0,2,1500,0,0,0,0,0,0
CF,UBIRA,55.391944,55.250556,0,RG,324.0,55.8,323.0,53.0,2,7000,0,0,0,0,0,0

SID,UBIR2J,14R,2
CD, ,0,0,0,RG,0,0.0,138.0,4.6,0,0,0,0,0,0,0,0
CF,RG,54.539500,55.886944,2,RG,0.0,0.0,11.0,4.0,0,0,0,0,0,0,0,1
TF,UBIRA,55.391944,55.250556,0, ,0.0,0.0,0.0,0.0,2,7000,0,0,0,0,0,0

SID,UBIR2M,14R,5
DF,DE14R,54.543706,55.877742,0, ,0.0,0.0,0,0,0,0,0,0,0,0
CA,0,138.0,2,3000,0,0,0,0,0,0
DF,UU801,54.612694,56.096583,1, ,0.0,0.0,0,0,0,1,225,0,0,0
TF,UU802,54.706889,56.006167,0, ,0.0,0.0,0.0,0.0,0,0,0,0,0,0,0,0
TF,UU803,54.785333,55.930472,0, ,0.0,0.0,0.0,0.0,2,10000,0,0,0,0,0,0
TF,UU811,55.292500,55.370694,0, ,0.0,0.0,0.0,0.0,2,17000,0,0,0,0,0,0
TF,UBIRA,55.391944,55.250556,0, ,0.0,0.0,0.0,0.0,2,17000,0,0,0,0,0,0

SID,UBIR2N,32L,5
CF,UU603,54.763361,55.665194,0,RG,317.2,15.5,318.0,15.1,0,0,0,0,0,0,0,0
TF,UU607,55.237417,55.358306,0, ,0.0,0.0,0.0,0.0,3,16000,0,0,0,0,0,0
TF,UBIRA,55.391944,55.250556,0, ,0.0,0.0,0.0,0.0,2,16000,0,0,0,0,0,0

SID,UBIR2P,14L,5
DF,DE14L,54.547075,55.893992,0, ,0.0,0.0,0,0,0,0,0,0,0,0
CA,0,138.0,2,1500,0,0,0,0,0,0
DF,UU801,54.612694,56.096583,1, ,0.0,0.0,0,0,0,1,225,0,0,0
TF,UU802,54.706889,56.006167,0, ,0.0,0.0,0.0,0.0,0,0,0,0,0,0,0,0
TF,UU803,54.785333,55.930472,0, ,0.0,0.0,0.0,0.0,2,10000,0,0,0,0,0,0
TF,UU811,55.292500,55.370694,0, ,0.0,0.0,0.0,0.0,2,17000,0,0,0,0,0,0
TF,UBIRA,55.391944,55.250556,0, ,0.0,0.0,0.0,0.0,2,17000,0,0,0,0,0,0

SID,UBIR2Q,32R,5
DF,DE32R,54.566797,55.874997,0, ,0.0,0.0,0,0,0,0,0,0,0,0
CF,UU606,54.768139,55.680139,0,RG,319.4,15.5,318.0,14.0,0,0,0,0,0,0,0,0
TF,UU607,55.237417,55.358306,0, ,0.0,0.0,0.0,0.0,3,16000,0,0,0,0,0,0
TF,UBIRA,55.391944,55.250556,0, ,0.0,0.0,0.0,0.0,2,16000,0,0,0,0,0,0

SID,UBIR2R,32R,2
DF,DE32R,54.566797,55.874997,0, ,0.0,0.0,0,0,0,0,0,0,0,1
CA,0,318.0,2,1500,0,0,0,0,0,0
CI,0, ,0.0,353.0,0,0,0,0,0,0,0,0
CF,UBIRA,55.391944,55.250556,0,RG,324.0,55.8,323.0,51.0,2,7000,0,0,0,0,0,0

SID,UBIR2S,14L,2
CD, ,0,0,0,RG,0,0.0,138.0,4.6,0,0,0,0,0,0,0,0
CF,RG,54.539500,55.886944,2,RG,0.0,0.0,7.0,5.0,0,0,0,0,0,0,0,0
TF,UBIRA,55.391944,55.250556,0, ,0.0,0.0,0.0,0.0,2,7000,0,0,0,0,0,0

SID,UBIR2X,32R,2
DF,DE32R,54.566797,55.874997,0, ,0.0,0.0,0,0,0,0,0,0,0,1
CA,0,318.0,2,1500,0,0,0,0,0,0
CF,UBIRA,55.391944,55.250556,0,RG,324.0,55.8,323.0,51.0,2,7000,0,0,0,0,0,0

STAR,ASPU2C,ALL,2
IF,ASPUM,54.774167,57.118889, ,0.0,0.0,2,8000,0,0,0,0,0,0

STAR,ASPU2C,14R,3
IF,ASPUM,54.774167,57.118889, ,0.0,0.0,2,8000,0,0,0,0,0,0
TF,NM,54.512972,55.907417,0, ,0.0,0.0,0.0,0.0,4,5000,3000,0,0,0,0,0

STAR,ASPU2C,32L,3
IF,ASPUM,54.774167,57.118889, ,0.0,0.0,2,8000,0,0,0,0,0,0
TF,NM,54.512972,55.907417,0, ,0.0,0.0,0.0,0.0,4,5000,3000,0,0,0,0,0

STAR,ASPU2D,14L,2
IF,ASPUM,54.774167,57.118889, ,0.0,0.0,2,8000,0,0,0,0,0,0
TF,RG,54.599111,55.843333,0, ,0.0,0.0,0.0,0.0,4,5000,3000,0,0,0,0,0

STAR,ASPU2E,32R,2
IF,ASPUM,54.774167,57.118889, ,0.0,0.0,2,8000,0,0,0,0,0,0
TF,LZ,54.519056,55.921111,0, ,0.0,0.0,0.0,0.0,4,5000,3000,0,0,0,0,0

STAR,ASPU2K,32L,5
IF,ASPUM,54.774167,57.118889, ,0.0,0.0,2,8000,0,0,0,0,0,0
TF,UU219,54.458472,56.535194,0, ,0.0,0.0,0.0,0.0,1,7000,0,1,220,0,0,0
TF,UU218,54.368361,56.478667,0, ,0.0,0.0,0.0,0.0,1,7000,0,1,220,0,0,0
TF,UU217,54.279056,56.418833,0, ,0.0,0.0,0.0,0.0,1,7000,0,1,220,0,0,0
TF,UU216,54.206472,56.311750,0, ,0.0,0.0,0.0,0.0,1,7000,0,1,220,0,0,0
TF,UU215,54.158861,56.169750,0, ,0.0,0.0,0.0,0.0,1,7000,0,1,220,0,0,0
TF,UU214,54.141611,56.009000,0, ,0.0,0.0,0.0,0.0,1,7000,0,1,220,0,0,0
TF,UU213,54.156667,55.847583,0, ,0.0,0.0,0.0,0.0,1,7000,0,1,220,0,0,0
TF,UU052,54.403083,56.175972,2, ,0.0,0.0,0.0,0.0,2,3000,0,0,0,0,0,0

STAR,ASPU2K,32R,5
IF,ASPUM,54.774167,57.118889, ,0.0,0.0,2,8000,0,0,0,0,0,0
TF,UU219,54.458472,56.535194,0, ,0.0,0.0,0.0,0.0,1,7000,0,1,220,0,0,0
TF,UU218,54.368361,56.478667,0, ,0.0,0.0,0.0,0.0,1,7000,0,1,220,0,0,0
TF,UU217,54.279056,56.418833,0, ,0.0,0.0,0.0,0.0,1,7000,0,1,220,0,0,0
TF,UU216,54.206472,56.311750,0, ,0.0,0.0,0.0,0.0,1,7000,0,1,220,0,0,0
TF,UU215,54.158861,56.169750,0, ,0.0,0.0,0.0,0.0,1,7000,0,1,220,0,0,0
TF,UU214,54.141611,56.009000,0, ,0.0,0.0,0.0,0.0,1,7000,0,1,220,0,0,0
TF,UU213,54.156667,55.847583,0, ,0.0,0.0,0.0,0.0,1,7000,0,1,220,0,0,0
TF,UU052,54.403083,56.175972,2, ,0.0,0.0,0.0,0.0,2,3000,0,0,0,0,0,0

STAR,ASPU2L,14L,5
IF,ASPUM,54.774167,57.118889, ,0.0,0.0,2,14000,0,0,0,0,0,0
TF,UU420,54.947667,56.588917,0, ,0.0,0.0,0.0,0.0,3,13000,0,0,0,0,0,0
TF,UU417,55.036278,56.313694,0, ,0.0,0.0,0.0,0.0,3,11000,0,0,0,0,0,0
TF,UU407,54.935222,55.938333,0, ,0.0,0.0,0.0,0.0,1,8000,0,1,220,0,0,0
TF,UU406,54.960583,55.808861,0, ,0.0,0.0,0.0,0.0,1,8000,0,1,220,0,0,0
TF,UU405,54.959472,55.652750,0, ,0.0,0.0,0.0,0.0,1,8000,0,1,220,0,0,0
TF,UU404,54.928250,55.506444,0, ,0.0,0.0,0.0,0.0,1,8000,0,1,220,0,0,0
TF,UU403,54.870528,55.387000,0, ,0.0,0.0,0.0,0.0,1,8000,0,1,220,0,0,0
TF,UU402,54.793056,55.308194,0, ,0.0,0.0,0.0,0.0,1,8000,0,1,220,0,0,0
TF,UU401,54.704750,55.278917,0, ,0.0,0.0,0.0,0.0,1,8000,0,1,220,0,0,0
TF,UU043,54.798000,55.769472,1, ,0.0,0.0,0.0,0.0,2,3000,0,0,0,0,0,0

STAR,ASPU2L,14R,5
IF,ASPUM,54.774167,57.118889, ,0.0,0.0,2,14000,0,0,0,0,0,0
TF,UU420,54.947667,56.588917,0, ,0.0,0.0,0.0,0.0,3,13000,0,0,0,0,0,0
TF,UU417,55.036278,56.313694,0, ,0.0,0.0,0.0,0.0,3,11000,0,0,0,0,0,0
TF,UU407,54.935222,55.938333,0, ,0.0,0.0,0.0,0.0,1,8000,0,1,220,0,0,0
TF,UU406,54.960583,55.808861,0, ,0.0,0.0,0.0,0.0,1,8000,0,1,220,0,0,0
TF,UU405,54.959472,55.652750,0, ,0.0,0.0,0.0,0.0,1,8000,0,1,220,0,0,0
TF,UU404,54.928250,55.506444,0, ,0.0,0.0,0.0,0.0,1,8000,0,1,220,0,0,0
TF,UU403,54.870528,55.387000,0, ,0.0,0.0,0.0,0.0,1,8000,0,1,220,0,0,0
TF,UU402,54.793056,55.308194,0, ,0.0,0.0,0.0,0.0,1,8000,0,1,220,0,0,0
TF,UU401,54.704750,55.278917,0, ,0.0,0.0,0.0,0.0,1,8000,0,1,220,0,0,0
TF,UU043,54.798000,55.769472,1, ,0.0,0.0,0.0,0.0,2,3000,0,0,0,0,0,0

STAR,ASPU2T,14L,2
IF,ASPUM,54.774167,57.118889, ,0.0,0.0,2,8000,0,0,0,0,0,0
TF,D058L,54.605278,56.223611,0, ,0.0,0.0,0.0,0.0,2,8000,0,0,0,0,0,0

STAR,ASPU2T,14R,2
IF,ASPUM,54.774167,57.118889, ,0.0,0.0,2,8000,0,0,0,0,0,0
TF,D058L,54.605278,56.223611,0, ,0.0,0.0,0.0,0.0,2,8000,0,0,0,0,0,0

STAR,ASPU2V,32L,2
IF,ASPUM,54.774167,57.118889, ,0.0,0.0,2,8000,0,0,0,0,0,0
TF,D058L,54.605278,56.223611,0, ,0.0,0.0,0.0,0.0,2,7000,0,0,0,0,0,0

STAR,ASPU2V,32R,2
IF,ASPUM,54.774167,57.118889, ,0.0,0.0,2,8000,0,0,0,0,0,0
TF,D058L,54.605278,56.223611,0, ,0.0,0.0,0.0,0.0,2,7000,0,0,0,0,0,0

STAR,ASPU2Y,32L,5
IF,ASPUM,54.774167,57.118889, ,0.0,0.0,2,8000,0,0,0,0,0,0
TF,UU219,54.458472,56.535194,0, ,0.0,0.0,0.0,0.0,1,7000,0,1,220,0,0,0
TF,UU052,54.403083,56.175972,0, ,0.0,0.0,0.0,0.0,2,3000,0,0,0,0,0,0

STAR,ASPU2Y,32R,5
IF,ASPUM,54.774167,57.118889, ,0.0,0.0,2,8000,0,0,0,0,0,0
TF,UU219,54.458472,56.535194,0, ,0.0,0.0,0.0,0.0,1,7000,0,1,220,0,0,0
TF,UU052,54.403083,56.175972,0, ,0.0,0.0,0.0,0.0,2,3000,0,0,0,0,0,0

STAR,ASPU2Z,14L,5
IF,ASPUM,54.774167,57.118889, ,0.0,0.0,2,14000,0,0,0,0,0,0
TF,UU420,54.947667,56.588917,0, ,0.0,0.0,0.0,0.0,3,13000,0,0,0,0,0,0
TF,UU417,55.036278,56.313694,0, ,0.0,0.0,0.0,0.0,3,11000,0,0,0,0,0,0
TF,UU407,54.935222,55.938333,0, ,0.0,0.0,0.0,0.0,1,8000,0,1,220,0,0,0
TF,UU043,54.798000,55.769472,0, ,0.0,0.0,0.0,0.0,2,3000,0,0,0,0,0,0

STAR,ASPU2Z,14R,5
IF,ASPUM,54.774167,57.118889, ,0.0,0.0,2,14000,0,0,0,0,0,0
TF,UU420,54.947667,56.588917,0, ,0.0,0.0,0.0,0.0,3,13000,0,0,0,0,0,0
TF,UU417,55.036278,56.313694,0, ,0.0,0.0,0.0,0.0,3,11000,0,0,0,0,0,0
TF,UU407,54.935222,55.938333,0, ,0.0,0.0,0.0,0.0,1,8000,0,1,220,0,0,0
TF,UU043,54.798000,55.769472,0, ,0.0,0.0,0.0,0.0,2,3000,0,0,0,0,0,0

STAR,DEGE2C,ALL,2
IF,DEGEB,55.399444,54.782778, ,0.0,0.0,2,7000,0,0,0,0,0,0

STAR,DEGE2C,14R,3
IF,DEGEB,55.399444,54.782778, ,0.0,0.0,2,7000,0,0,0,0,0,0
TF,NM,54.512972,55.907417,0, ,0.0,0.0,0.0,0.0,4,5000,3000,0,0,0,0,0

STAR,DEGE2C,32L,3
IF,DEGEB,55.399444,54.782778, ,0.0,0.0,2,7000,0,0,0,0,0,0
TF,NM,54.512972,55.907417,0, ,0.0,0.0,0.0,0.0,4,5000,3000,0,0,0,0,0

STAR,DEGE2D,14L,2
IF,DEGEB,55.399444,54.782778, ,0.0,0.0,2,7000,0,0,0,0,0,0
TF,RG,54.599111,55.843333,0, ,0.0,0.0,0.0,0.0,4,5000,3000,0,0,0,0,0

STAR,DEGE2E,32R,2
IF,DEGEB,55.399444,54.782778, ,0.0,0.0,2,7000,0,0,0,0,0,0
TF,LZ,54.519056,55.921111,0, ,0.0,0.0,0.0,0.0,4,5000,3000,0,0,0,0,0

STAR,DEGE2K,32L,5
IF,DEGEB,55.399444,54.782778, ,0.0,0.0,2,11000,0,0,0,0,0,0
TF,UU211,54.935917,55.097194,0, ,0.0,0.0,0.0,0.0,0,0,0,0,0,0,0,0
TF,UU210,54.703639,55.342444,0, ,0.0,0.0,0.0,0.0,2,11000,0,0,0,0,0,0
TF,UU209,54.570917,55.481111,0, ,0.0,0.0,0.0,0.0,3,9000,0,0,0,0,0,0
TF,UU208,54.449417,55.607139,0, ,0.0,0.0,0.0,0.0,0,0,0,0,0,0,0,0
TF,UU207,54.252722,55.732333,0, ,0.0,0.0,0.0,0.0,1,8000,0,1,220,0,0,0
TF,UU206,54.173667,55.857417,0, ,0.0,0.0,0.0,0.0,1,8000,0,1,220,0,0,0
TF,UU205,54.159583,56.008639,0, ,0.0,0.0,0.0,0.0,1,8000,0,1,220,0,0,0
TF,UU204,54.175750,56.159250,0, ,0.0,0.0,0.0,0.0,1,8000,0,1,220,0,0,0
TF,UU203,54.220333,56.292250,0, ,0.0,0.0,0.0,0.0,1,8000,0,1,220,0,0,0
TF,UU202,54.288333,56.392528,0, ,0.0,0.0,0.0,0.0,1,8000,0,1,220,0,0,0
TF,UU201,54.372000,56.448528,0, ,0.0,0.0,0.0,0.0,1,8000,0,1,220,0,0,0
TF,UU050,54.328750,55.947389,1, ,0.0,0.0,0.0,0.0,2,3000,0,0,0,0,0,0

STAR,DEGE2K,32R,5
IF,DEGEB,55.399444,54.782778, ,0.0,0.0,2,11000,0,0,0,0,0,0
TF,UU211,54.935917,55.097194,0, ,0.0,0.0,0.0,0.0,0,0,0,0,0,0,0,0
TF,UU210,54.703639,55.342444,0, ,0.0,0.0,0.0,0.0,2,11000,0,0,0,0,0,0
TF,UU209,54.570917,55.481111,0, ,0.0,0.0,0.0,0.0,3,9000,0,0,0,0,0,0
TF,UU208,54.449417,55.607139,0, ,0.0,0.0,0.0,0.0,0,0,0,0,0,0,0,0
TF,UU207,54.252722,55.732333,0, ,0.0,0.0,0.0,0.0,1,8000,0,1,220,0,0,0
TF,UU206,54.173667,55.857417,0, ,0.0,0.0,0.0,0.0,1,8000,0,1,220,0,0,0
TF,UU205,54.159583,56.008639,0, ,0.0,0.0,0.0,0.0,1,8000,0,1,220,0,0,0
TF,UU204,54.175750,56.159250,0, ,0.0,0.0,0.0,0.0,1,8000,0,1,220,0,0,0
TF,UU203,54.220333,56.292250,0, ,0.0,0.0,0.0,0.0,1,8000,0,1,220,0,0,0
TF,UU202,54.288333,56.392528,0, ,0.0,0.0,0.0,0.0,1,8000,0,1,220,0,0,0
TF,UU201,54.372000,56.448528,0, ,0.0,0.0,0.0,0.0,1,8000,0,1,220,0,0,0
TF,UU050,54.328750,55.947389,1, ,0.0,0.0,0.0,0.0,2,3000,0,0,0,0,0,0

STAR,DEGE2L,14L,5
IF,DEGEB,55.399444,54.782778, ,0.0,0.0,2,11000,0,0,0,0,0,0
TF,UU418,54.969500,55.074694,0, ,0.0,0.0,0.0,0.0,3,10000,0,0,0,0,0,0
TF,UU411,54.882111,55.363222,0, ,0.0,0.0,0.0,0.0,1,7000,0,1,220,0,0,0
TF,UU410,54.943778,55.490778,0, ,0.0,0.0,0.0,0.0,1,7000,0,1,220,0,0,0
TF,UU409,54.977139,55.647056,0, ,0.0,0.0,0.0,0.0,1,7000,0,1,220,0,0,0
TF,UU408,54.978333,55.813806,0, ,0.0,0.0,0.0,0.0,1,7000,0,1,220,0,0,0
TF,UU044,54.721694,55.565833,2, ,0.0,0.0,0.0,0.0,2,3000,0,0,0,0,0,0

STAR,DEGE2L,14R,5
IF,DEGEB,55.399444,54.782778, ,0.0,0.0,2,11000,0,0,0,0,0,0
TF,UU418,54.969500,55.074694,0, ,0.0,0.0,0.0,0.0,3,10000,0,0,0,0,0,0
TF,UU411,54.882111,55.363222,0, ,0.0,0.0,0.0,0.0,1,7000,0,1,220,0,0,0
TF,UU410,54.943778,55.490778,0, ,0.0,0.0,0.0,0.0,1,7000,0,1,220,0,0,0
TF,UU409,54.977139,55.647056,0, ,0.0,0.0,0.0,0.0,1,7000,0,1,220,0,0,0
TF,UU408,54.978333,55.813806,0, ,0.0,0.0,0.0,0.0,1,7000,0,1,220,0,0,0
TF,UU044,54.721694,55.565833,2, ,0.0,0.0,0.0,0.0,2,3000,0,0,0,0,0,0

STAR,DEGE2T,14R,2
IF,DEGEB,55.399444,54.782778, ,0.0,0.0,2,7000,0,0,0,0,0,0
TF,RG29B,54.930936,55.391792,0, ,0.0,0.0,0.0,0.0,0,0,0,0,0,0,0,0
VI,0, ,0.0,131.0,0,0,0,0,0,0,0,0
AF,RG27B,54.827778,55.292500,1,RG,297.0,27.0,311.0,2,7000,0,0,0,0,0,0

STAR,DEGE2U,14L,2
IF,DEGEB,55.399444,54.782778, ,0.0,0.0,2,7000,0,0,0,0,0,0
TF,RG27A,54.901944,55.428889,0, ,0.0,0.0,0.0,0.0,2,7000,0,0,0,0,0,0

STAR,DEGE2V,32L,2
IF,DEGEB,55.399444,54.782778, ,0.0,0.0,0,0,0,0,0,0,0,0
TF,RG,54.539500,55.886944,0, ,0.0,0.0,0.0,0.0,2,7000,0,0,0,0,0,0
TF,D092L,54.487222,56.230000,0, ,0.0,0.0,0.0,0.0,2,5000,0,0,0,0,0,0

STAR,DEGE2V,32R,2
IF,DEGEB,55.399444,54.782778, ,0.0,0.0,0,0,0,0,0,0,0,0
TF,RG,54.539500,55.886944,0, ,0.0,0.0,0.0,0.0,2,7000,0,0,0,0,0,0
TF,D092L,54.487222,56.230000,0, ,0.0,0.0,0.0,0.0,2,5000,0,0,0,0,0,0

STAR,DEGE2Y,32L,5
IF,DEGEB,55.399444,54.782778, ,0.0,0.0,2,11000,0,0,0,0,0,0
TF,UU211,54.935917,55.097194,0, ,0.0,0.0,0.0,0.0,0,0,0,0,0,0,0,0
TF,UU210,54.703639,55.342444,0, ,0.0,0.0,0.0,0.0,2,11000,0,0,0,0,0,0
TF,UU209,54.570917,55.481111,0, ,0.0,0.0,0.0,0.0,3,9000,0,0,0,0,0,0
TF,UU208,54.449417,55.607139,0, ,0.0,0.0,0.0,0.0,0,0,0,0,0,0,0,0
TF,UU050,54.328750,55.947389,0, ,0.0,0.0,0.0,0.0,2,3000,0,0,0,0,0,0

STAR,DEGE2Y,32R,5
IF,DEGEB,55.399444,54.782778, ,0.0,0.0,2,11000,0,0,0,0,0,0
TF,UU211,54.935917,55.097194,0, ,0.0,0.0,0.0,0.0,0,0,0,0,0,0,0,0
TF,UU210,54.703639,55.342444,0, ,0.0,0.0,0.0,0.0,2,11000,0,0,0,0,0,0
TF,UU209,54.570917,55.481111,0, ,0.0,0.0,0.0,0.0,3,9000,0,0,0,0,0,0
TF,UU208,54.449417,55.607139,0, ,0.0,0.0,0.0,0.0,0,0,0,0,0,0,0,0
TF,UU050,54.328750,55.947389,0, ,0.0,0.0,0.0,0.0,2,3000,0,0,0,0,0,0

STAR,DEGE2Z,14L,5
IF,DEGEB,55.399444,54.782778, ,0.0,0.0,2,11000,0,0,0,0,0,0
TF,UU418,54.969500,55.074694,0, ,0.0,0.0,0.0,0.0,3,10000,0,0,0,0,0,0
TF,UU411,54.882111,55.363222,0, ,0.0,0.0,0.0,0.0,1,7000,0,1,220,0,0,0
TF,UU044,54.721694,55.565833,0, ,0.0,0.0,0.0,0.0,2,3000,0,0,0,0,0,0

STAR,DEGE2Z,14R,5
IF,DEGEB,55.399444,54.782778, ,0.0,0.0,2,11000,0,0,0,0,0,0
TF,UU418,54.969500,55.074694,0, ,0.0,0.0,0.0,0.0,3,10000,0,0,0,0,0,0
TF,UU411,54.882111,55.363222,0, ,0.0,0.0,0.0,0.0,1,7000,0,1,220,0,0,0
TF,UU044,54.721694,55.565833,0, ,0.0,0.0,0.0,0.0,2,3000,0,0,0,0,0,0

STAR,DILU2C,ALL,2
IF,DILUP,54.376944,54.438333, ,0.0,0.0,2,7000,0,0,0,0,0,0

STAR,DILU2C,14R,3
IF,DILUP,54.376944,54.438333, ,0.0,0.0,2,7000,0,0,0,0,0,0
TF,NM,54.512972,55.907417,0, ,0.0,0.0,0.0,0.0,4,5000,3000,0,0,0,0,0

STAR,DILU2C,32L,3
IF,DILUP,54.376944,54.438333, ,0.0,0.0,2,7000,0,0,0,0,0,0
TF,NM,54.512972,55.907417,0, ,0.0,0.0,0.0,0.0,4,5000,3000,0,0,0,0,0

STAR,DILU2D,14L,2
IF,DILUP,54.376944,54.438333, ,0.0,0.0,2,7000,0,0,0,0,0,0
TF,RG,54.599111,55.843333,0, ,0.0,0.0,0.0,0.0,4,5000,3000,0,0,0,0,0

STAR,DILU2E,32R,2
IF,DILUP,54.376944,54.438333, ,0.0,0.0,2,7000,0,0,0,0,0,0
TF,LZ,54.519056,55.921111,0, ,0.0,0.0,0.0,0.0,4,5000,3000,0,0,0,0,0

STAR,DILU2K,32L,5
IF,DILUP,54.376944,54.438333, ,0.0,0.0,2,9000,0,0,0,0,0,0
TF,UU209,54.570917,55.481111,0, ,0.0,0.0,0.0,0.0,3,9000,0,0,0,0,0,0
TF,UU208,54.449417,55.607139,0, ,0.0,0.0,0.0,0.0,0,0,0,0,0,0,0,0
TF,UU207,54.252722,55.732333,0, ,0.0,0.0,0.0,0.0,1,8000,0,1,220,0,0,0
TF,UU206,54.173667,55.857417,0, ,0.0,0.0,0.0,0.0,1,8000,0,1,220,0,0,0
TF,UU205,54.159583,56.008639,0, ,0.0,0.0,0.0,0.0,1,8000,0,1,220,0,0,0
TF,UU204,54.175750,56.159250,0, ,0.0,0.0,0.0,0.0,1,8000,0,1,220,0,0,0
TF,UU203,54.220333,56.292250,0, ,0.0,0.0,0.0,0.0,1,8000,0,1,220,0,0,0
TF,UU202,54.288333,56.392528,0, ,0.0,0.0,0.0,0.0,1,8000,0,1,220,0,0,0
TF,UU201,54.372000,56.448528,0, ,0.0,0.0,0.0,0.0,1,8000,0,1,220,0,0,0
TF,UU050,54.328750,55.947389,1, ,0.0,0.0,0.0,0.0,2,3000,0,0,0,0,0,0

STAR,DILU2K,32R,5
IF,DILUP,54.376944,54.438333, ,0.0,0.0,2,9000,0,0,0,0,0,0
TF,UU209,54.570917,55.481111,0, ,0.0,0.0,0.0,0.0,3,9000,0,0,0,0,0,0
TF,UU208,54.449417,55.607139,0, ,0.0,0.0,0.0,0.0,0,0,0,0,0,0,0,0
TF,UU207,54.252722,55.732333,0, ,0.0,0.0,0.0,0.0,1,8000,0,1,220,0,0,0
TF,UU206,54.173667,55.857417,0, ,0.0,0.0,0.0,0.0,1,8000,0,1,220,0,0,0
TF,UU205,54.159583,56.008639,0, ,0.0,0.0,0.0,0.0,1,8000,0,1,220,0,0,0
TF,UU204,54.175750,56.159250,0, ,0.0,0.0,0.0,0.0,1,8000,0,1,220,0,0,0
TF,UU203,54.220333,56.292250,0, ,0.0,0.0,0.0,0.0,1,8000,0,1,220,0,0,0
TF,UU202,54.288333,56.392528,0, ,0.0,0.0,0.0,0.0,1,8000,0,1,220,0,0,0
TF,UU201,54.372000,56.448528,0, ,0.0,0.0,0.0,0.0,1,8000,0,1,220,0,0,0
TF,UU050,54.328750,55.947389,1, ,0.0,0.0,0.0,0.0,2,3000,0,0,0,0,0,0

STAR,DILU2L,14L,5
IF,DILUP,54.376944,54.438333, ,0.0,0.0,2,9000,0,0,0,0,0,0
TF,UU415,54.525528,55.027861,0, ,0.0,0.0,0.0,0.0,0,0,0,0,0,0,0,0
TF,UU414,54.589472,55.286472,0, ,0.0,0.0,0.0,0.0,3,7000,0,0,0,0,0,0
TF,UU413,54.705083,55.247917,0, ,0.0,0.0,0.0,0.0,1,7000,0,1,220,0,0,0
TF,UU412,54.799389,55.279111,0, ,0.0,0.0,0.0,0.0,1,7000,0,1,220,0,0,0
TF,UU411,54.882111,55.363222,0, ,0.0,0.0,0.0,0.0,1,7000,0,1,220,0,0,0
TF,UU410,54.943778,55.490778,0, ,0.0,0.0,0.0,0.0,1,7000,0,1,220,0,0,0
TF,UU409,54.977139,55.647056,0, ,0.0,0.0,0.0,0.0,1,7000,0,1,220,0,0,0
TF,UU408,54.978333,55.813806,0, ,0.0,0.0,0.0,0.0,1,7000,0,1,220,0,0,0
TF,UU044,54.721694,55.565833,2, ,0.0,0.0,0.0,0.0,2,3000,0,0,0,0,0,0

STAR,DILU2L,14R,5
IF,DILUP,54.376944,54.438333, ,0.0,0.0,2,9000,0,0,0,0,0,0
TF,UU415,54.525528,55.027861,0, ,0.0,0.0,0.0,0.0,0,0,0,0,0,0,0,0
TF,UU414,54.589472,55.286472,0, ,0.0,0.0,0.0,0.0,3,7000,0,0,0,0,0,0
TF,UU413,54.705083,55.247917,0, ,0.0,0.0,0.0,0.0,1,7000,0,1,220,0,0,0
TF,UU412,54.799389,55.279111,0, ,0.0,0.0,0.0,0.0,1,7000,0,1,220,0,0,0
TF,UU411,54.882111,55.363222,0, ,0.0,0.0,0.0,0.0,1,7000,0,1,220,0,0,0
TF,UU410,54.943778,55.490778,0, ,0.0,0.0,0.0,0.0,1,7000,0,1,220,0,0,0
TF,UU409,54.977139,55.647056,0, ,0.0,0.0,0.0,0.0,1,7000,0,1,220,0,0,0
TF,UU408,54.978333,55.813806,0, ,0.0,0.0,0.0,0.0,1,7000,0,1,220,0,0,0
TF,UU044,54.721694,55.565833,2, ,0.0,0.0,0.0,0.0,2,3000,0,0,0,0,0,0

STAR,DILU2T,14L,2
IF,DILUP,54.376944,54.438333, ,0.0,0.0,2,7000,0,0,0,0,0,0
TF,D247L,54.503169,55.537833,0, ,0.0,0.0,0.0,0.0,2,7000,0,0,0,0,0,0

STAR,DILU2T,14R,2
IF,DILUP,54.376944,54.438333, ,0.0,0.0,2,7000,0,0,0,0,0,0
TF,D247L,54.503169,55.537833,0, ,0.0,0.0,0.0,0.0,2,7000,0,0,0,0,0,0

STAR,DILU2V,32L,2
IF,DILUP,54.376944,54.438333, ,0.0,0.0,2,7000,0,0,0,0,0,0
TF,D247L,54.503169,55.537833,0, ,0.0,0.0,0.0,0.0,2,7000,0,0,0,0,0,0

STAR,DILU2V,32R,2
IF,DILUP,54.376944,54.438333, ,0.0,0.0,2,7000,0,0,0,0,0,0
TF,D247L,54.503169,55.537833,0, ,0.0,0.0,0.0,0.0,2,7000,0,0,0,0,0,0

STAR,DILU2Y,32L,5
IF,DILUP,54.376944,54.438333, ,0.0,0.0,2,9000,0,0,0,0,0,0
TF,UU209,54.570917,55.481111,0, ,0.0,0.0,0.0,0.0,3,9000,0,0,0,0,0,0
TF,UU208,54.449417,55.607139,0, ,0.0,0.0,0.0,0.0,0,0,0,0,0,0,0,0
TF,UU050,54.328750,55.947389,0, ,0.0,0.0,0.0,0.0,2,3000,0,0,0,0,0,0

STAR,DILU2Y,32R,5
IF,DILUP,54.376944,54.438333, ,0.0,0.0,2,9000,0,0,0,0,0,0
TF,UU209,54.570917,55.481111,0, ,0.0,0.0,0.0,0.0,3,9000,0,0,0,0,0,0
TF,UU208,54.449417,55.607139,0, ,0.0,0.0,0.0,0.0,0,0,0,0,0,0,0,0
TF,UU050,54.328750,55.947389,0, ,0.0,0.0,0.0,0.0,2,3000,0,0,0,0,0,0

STAR,DILU2Z,14L,5
IF,DILUP,54.376944,54.438333, ,0.0,0.0,2,9000,0,0,0,0,0,0
TF,UU415,54.525528,55.027861,0, ,0.0,0.0,0.0,0.0,0,0,0,0,0,0,0,0
TF,UU414,54.589472,55.286472,0, ,0.0,0.0,0.0,0.0,3,7000,0,0,0,0,0,0
TF,UU044,54.721694,55.565833,0, ,0.0,0.0,0.0,0.0,2,3000,0,0,0,0,0,0

STAR,DILU2Z,14R,5
IF,DILUP,54.376944,54.438333, ,0.0,0.0,2,9000,0,0,0,0,0,0
TF,UU415,54.525528,55.027861,0, ,0.0,0.0,0.0,0.0,0,0,0,0,0,0,0,0
TF,UU414,54.589472,55.286472,0, ,0.0,0.0,0.0,0.0,3,7000,0,0,0,0,0,0
TF,UU044,54.721694,55.565833,0, ,0.0,0.0,0.0,0.0,2,3000,0,0,0,0,0,0

STAR,IPRO2C,ALL,2
IF,IPROK,55.091111,56.502778, ,0.0,0.0,2,8000,0,0,0,0,0,0
TF,D018P,54.760044,56.159400,0, ,0.0,0.0,0.0,0.0,2,7000,0,0,0,0,0,0

STAR,IPRO2C,14R,3
IF,D018P,54.760044,56.159400, ,0.0,0.0,2,7000,0,0,0,0,0,0
TF,NM,54.512972,55.907417,0, ,0.0,0.0,0.0,0.0,4,5000,3000,0,0,0,0,0

STAR,IPRO2C,32L,3
IF,D018P,54.760044,56.159400, ,0.0,0.0,2,7000,0,0,0,0,0,0
TF,NM,54.512972,55.907417,0, ,0.0,0.0,0.0,0.0,4,5000,3000,0,0,0,0,0

STAR,IPRO2D,14L,2
IF,IPROK,55.091111,56.502778, ,0.0,0.0,2,8000,0,0,0,0,0,0
TF,D024P,54.785019,56.086044,0, ,0.0,0.0,0.0,0.0,2,7000,0,0,0,0,0,0
TF,RG,54.599111,55.843333,0, ,0.0,0.0,0.0,0.0,4,5000,3000,0,0,0,0,0

STAR,IPRO2E,32R,2
IF,IPROK,55.091111,56.502778, ,0.0,0.0,2,8000,0,0,0,0,0,0
TF,D017P,54.758750,56.162486,0, ,0.0,0.0,0.0,0.0,2,7000,0,0,0,0,0,0
TF,LZ,54.519056,55.921111,0, ,0.0,0.0,0.0,0.0,4,5000,3000,0,0,0,0,0

STAR,IPRO2K,32L,5
IF,IPROK,55.091111,56.502778, ,0.0,0.0,3,14000,0,0,0,0,0,0
TF,UU220,54.965417,56.509306,0, ,0.0,0.0,0.0,0.0,0,0,0,0,0,0,0,0
TF,UU219,54.458472,56.535194,0, ,0.0,0.0,0.0,0.0,1,7000,0,1,220,0,0,0
TF,UU218,54.368361,56.478667,0, ,0.0,0.0,0.0,0.0,1,7000,0,1,220,0,0,0
TF,UU217,54.279056,56.418833,0, ,0.0,0.0,0.0,0.0,1,7000,0,1,220,0,0,0
TF,UU216,54.206472,56.311750,0, ,0.0,0.0,0.0,0.0,1,7000,0,1,220,0,0,0
TF,UU215,54.158861,56.169750,0, ,0.0,0.0,0.0,0.0,1,7000,0,1,220,0,0,0
TF,UU214,54.141611,56.009000,0, ,0.0,0.0,0.0,0.0,1,7000,0,1,220,0,0,0
TF,UU213,54.156667,55.847583,0, ,0.0,0.0,0.0,0.0,1,7000,0,1,220,0,0,0
TF,UU052,54.403083,56.175972,2, ,0.0,0.0,0.0,0.0,2,3000,0,0,0,0,0,0

STAR,IPRO2K,32R,5
IF,IPROK,55.091111,56.502778, ,0.0,0.0,3,14000,0,0,0,0,0,0
TF,UU220,54.965417,56.509306,0, ,0.0,0.0,0.0,0.0,0,0,0,0,0,0,0,0
TF,UU219,54.458472,56.535194,0, ,0.0,0.0,0.0,0.0,1,7000,0,1,220,0,0,0
TF,UU218,54.368361,56.478667,0, ,0.0,0.0,0.0,0.0,1,7000,0,1,220,0,0,0
TF,UU217,54.279056,56.418833,0, ,0.0,0.0,0.0,0.0,1,7000,0,1,220,0,0,0
TF,UU216,54.206472,56.311750,0, ,0.0,0.0,0.0,0.0,1,7000,0,1,220,0,0,0
TF,UU215,54.158861,56.169750,0, ,0.0,0.0,0.0,0.0,1,7000,0,1,220,0,0,0
TF,UU214,54.141611,56.009000,0, ,0.0,0.0,0.0,0.0,1,7000,0,1,220,0,0,0
TF,UU213,54.156667,55.847583,0, ,0.0,0.0,0.0,0.0,1,7000,0,1,220,0,0,0
TF,UU052,54.403083,56.175972,2, ,0.0,0.0,0.0,0.0,2,3000,0,0,0,0,0,0

STAR,IPRO2L,14L,5
IF,IPROK,55.091111,56.502778, ,0.0,0.0,3,12000,0,0,0,0,0,0
TF,UU417,55.036278,56.313694,0, ,0.0,0.0,0.0,0.0,3,11000,0,0,0,0,0,0
TF,UU407,54.935222,55.938333,0, ,0.0,0.0,0.0,0.0,1,8000,0,1,220,0,0,0
TF,UU406,54.960583,55.808861,0, ,0.0,0.0,0.0,0.0,1,8000,0,1,220,0,0,0
TF,UU405,54.959472,55.652750,0, ,0.0,0.0,0.0,0.0,1,8000,0,1,220,0,0,0
TF,UU404,54.928250,55.506444,0, ,0.0,0.0,0.0,0.0,1,8000,0,1,220,0,0,0
TF,UU403,54.870528,55.387000,0, ,0.0,0.0,0.0,0.0,1,8000,0,1,220,0,0,0
TF,UU402,54.793056,55.308194,0, ,0.0,0.0,0.0,0.0,1,8000,0,1,220,0,0,0
TF,UU401,54.704750,55.278917,0, ,0.0,0.0,0.0,0.0,1,8000,0,1,220,0,0,0
TF,UU043,54.798000,55.769472,1, ,0.0,0.0,0.0,0.0,2,3000,0,0,0,0,0,0

STAR,IPRO2L,14R,5
IF,IPROK,55.091111,56.502778, ,0.0,0.0,3,12000,0,0,0,0,0,0
TF,UU417,55.036278,56.313694,0, ,0.0,0.0,0.0,0.0,3,11000,0,0,0,0,0,0
TF,UU407,54.935222,55.938333,0, ,0.0,0.0,0.0,0.0,1,8000,0,1,220,0,0,0
TF,UU406,54.960583,55.808861,0, ,0.0,0.0,0.0,0.0,1,8000,0,1,220,0,0,0
TF,UU405,54.959472,55.652750,0, ,0.0,0.0,0.0,0.0,1,8000,0,1,220,0,0,0
TF,UU404,54.928250,55.506444,0, ,0.0,0.0,0.0,0.0,1,8000,0,1,220,0,0,0
TF,UU403,54.870528,55.387000,0, ,0.0,0.0,0.0,0.0,1,8000,0,1,220,0,0,0
TF,UU402,54.793056,55.308194,0, ,0.0,0.0,0.0,0.0,1,8000,0,1,220,0,0,0
TF,UU401,54.704750,55.278917,0, ,0.0,0.0,0.0,0.0,1,8000,0,1,220,0,0,0
TF,UU043,54.798000,55.769472,1, ,0.0,0.0,0.0,0.0,2,3000,0,0,0,0,0,0

STAR,IPRO2T,14L,2
IF,IPROK,55.091111,56.502778, ,0.0,0.0,2,8000,0,0,0,0,0,0
TF,D020L,54.712364,56.081008,0, ,0.0,0.0,0.0,0.0,2,5000,0,0,0,0,0,0

STAR,IPRO2T,14R,2
IF,IPROK,55.091111,56.502778, ,0.0,0.0,2,8000,0,0,0,0,0,0
TF,D020L,54.712364,56.081008,0, ,0.0,0.0,0.0,0.0,2,5000,0,0,0,0,0,0

STAR,IPRO2V,32L,2
IF,IPROK,55.091111,56.502778, ,0.0,0.0,0,0,0,0,0,0,0,0
TF,D020L,54.712364,56.081008,0, ,0.0,0.0,0.0,0.0,2,9000,0,0,0,0,0,0

STAR,IPRO2V,32R,2
IF,IPROK,55.091111,56.502778, ,0.0,0.0,0,0,0,0,0,0,0,0
TF,D020L,54.712364,56.081008,0, ,0.0,0.0,0.0,0.0,2,9000,0,0,0,0,0,0

STAR,IPRO2Y,32L,5
IF,IPROK,55.091111,56.502778, ,0.0,0.0,3,14000,0,0,0,0,0,0
TF,UU220,54.965417,56.509306,0, ,0.0,0.0,0.0,0.0,0,0,0,0,0,0,0,0
TF,UU219,54.458472,56.535194,0, ,0.0,0.0,0.0,0.0,1,7000,0,1,220,0,0,0
TF,UU052,54.403083,56.175972,0, ,0.0,0.0,0.0,0.0,2,3000,0,0,0,0,0,0

STAR,IPRO2Y,32R,5
IF,IPROK,55.091111,56.502778, ,0.0,0.0,3,14000,0,0,0,0,0,0
TF,UU220,54.965417,56.509306,0, ,0.0,0.0,0.0,0.0,0,0,0,0,0,0,0,0
TF,UU219,54.458472,56.535194,0, ,0.0,0.0,0.0,0.0,1,7000,0,1,220,0,0,0
TF,UU052,54.403083,56.175972,0, ,0.0,0.0,0.0,0.0,2,3000,0,0,0,0,0,0

STAR,IPRO2Z,14L,5
IF,IPROK,55.091111,56.502778, ,0.0,0.0,3,12000,0,0,0,0,0,0
TF,UU417,55.036278,56.313694,0, ,0.0,0.0,0.0,0.0,3,11000,0,0,0,0,0,0
TF,UU407,54.935222,55.938333,0, ,0.0,0.0,0.0,0.0,1,8000,0,1,220,0,0,0
TF,UU043,54.798000,55.769472,0, ,0.0,0.0,0.0,0.0,2,3000,0,0,0,0,0,0

STAR,IPRO2Z,14R,5
IF,IPROK,55.091111,56.502778, ,0.0,0.0,3,12000,0,0,0,0,0,0
TF,UU417,55.036278,56.313694,0, ,0.0,0.0,0.0,0.0,3,11000,0,0,0,0,0,0
TF,UU407,54.935222,55.938333,0, ,0.0,0.0,0.0,0.0,1,8000,0,1,220,0,0,0
TF,UU043,54.798000,55.769472,0, ,0.0,0.0,0.0,0.0,2,3000,0,0,0,0,0,0

STAR,MILU2C,ALL,2
IF,MILUN,53.964167,56.737500, ,0.0,0.0,2,8000,0,0,0,0,0,0
TF,D125P,54.331372,56.185503,0, ,0.0,0.0,0.0,0.0,2,4000,0,0,0,0,0,0

STAR,MILU2C,14R,3
IF,D125P,54.331372,56.185503, ,0.0,0.0,2,4000,0,0,0,0,0,0
TF,NM,54.512972,55.907417,0, ,0.0,0.0,0.0,0.0,4,5000,3000,0,0,0,0,0

STAR,MILU2C,32L,3
IF,D125P,54.331372,56.185503, ,0.0,0.0,2,4000,0,0,0,0,0,0
TF,NM,54.512972,55.907417,0, ,0.0,0.0,0.0,0.0,4,5000,3000,0,0,0,0,0

STAR,MILU2D,14L,2
IF,MILUN,53.964167,56.737500, ,0.0,0.0,2,8000,0,0,0,0,0,0
TF,D127P,54.343175,56.208211,0, ,0.0,0.0,0.0,0.0,2,4000,0,0,0,0,0,0
TF,RG,54.599111,55.843333,0, ,0.0,0.0,0.0,0.0,4,5000,3000,0,0,0,0,0

STAR,MILU2E,32R,2
IF,MILUN,53.964167,56.737500, ,0.0,0.0,2,8000,0,0,0,0,0,0
TF,D126P,54.335139,56.192794,0, ,0.0,0.0,0.0,0.0,2,4000,0,0,0,0,0,0
TF,LZ,54.519056,55.921111,0, ,0.0,0.0,0.0,0.0,4,5000,3000,0,0,0,0,0

STAR,MILU2K,32L,5
IF,MILUN,53.964167,56.737500, ,0.0,0.0,4,10000,8000,0,0,0,0,0
TF,UU216,54.206472,56.311750,0, ,0.0,0.0,0.0,0.0,1,7000,0,1,220,0,0,0
TF,UU215,54.158861,56.169750,0, ,0.0,0.0,0.0,0.0,1,7000,0,1,220,0,0,0
TF,UU214,54.141611,56.009000,0, ,0.0,0.0,0.0,0.0,1,7000,0,1,220,0,0,0
TF,UU213,54.156667,55.847583,0, ,0.0,0.0,0.0,0.0,1,7000,0,1,220,0,0,0
TF,UU052,54.403083,56.175972,2, ,0.0,0.0,0.0,0.0,2,3000,0,0,0,0,0,0

STAR,MILU2K,32R,5
IF,MILUN,53.964167,56.737500, ,0.0,0.0,4,10000,8000,0,0,0,0,0
TF,UU216,54.206472,56.311750,0, ,0.0,0.0,0.0,0.0,1,7000,0,1,220,0,0,0
TF,UU215,54.158861,56.169750,0, ,0.0,0.0,0.0,0.0,1,7000,0,1,220,0,0,0
TF,UU214,54.141611,56.009000,0, ,0.0,0.0,0.0,0.0,1,7000,0,1,220,0,0,0
TF,UU213,54.156667,55.847583,0, ,0.0,0.0,0.0,0.0,1,7000,0,1,220,0,0,0
TF,UU052,54.403083,56.175972,2, ,0.0,0.0,0.0,0.0,2,3000,0,0,0,0,0,0

STAR,MILU2L,14L,5
IF,MILUN,53.964167,56.737500, ,0.0,0.0,2,8000,0,0,0,0,0,0
TF,UU416,54.466722,55.432833,0, ,0.0,0.0,0.0,0.0,3,8000,0,0,0,0,0,0
TF,UU414,54.589472,55.286472,0, ,0.0,0.0,0.0,0.0,3,7000,0,0,0,0,0,0
TF,UU413,54.705083,55.247917,0, ,0.0,0.0,0.0,0.0,1,7000,0,1,220,0,0,0
TF,UU412,54.799389,55.279111,0, ,0.0,0.0,0.0,0.0,1,7000,0,1,220,0,0,0
TF,UU411,54.882111,55.363222,0, ,0.0,0.0,0.0,0.0,1,7000,0,1,220,0,0,0
TF,UU410,54.943778,55.490778,0, ,0.0,0.0,0.0,0.0,1,7000,0,1,220,0,0,0
TF,UU409,54.977139,55.647056,0, ,0.0,0.0,0.0,0.0,1,7000,0,1,220,0,0,0
TF,UU408,54.978333,55.813806,0, ,0.0,0.0,0.0,0.0,1,7000,0,1,220,0,0,0
TF,UU044,54.721694,55.565833,2, ,0.0,0.0,0.0,0.0,2,3000,0,0,0,0,0,0

STAR,MILU2L,14R,5
IF,MILUN,53.964167,56.737500, ,0.0,0.0,2,8000,0,0,0,0,0,0
TF,UU416,54.466722,55.432833,0, ,0.0,0.0,0.0,0.0,3,8000,0,0,0,0,0,0
TF,UU414,54.589472,55.286472,0, ,0.0,0.0,0.0,0.0,3,7000,0,0,0,0,0,0
TF,UU413,54.705083,55.247917,0, ,0.0,0.0,0.0,0.0,1,7000,0,1,220,0,0,0
TF,UU412,54.799389,55.279111,0, ,0.0,0.0,0.0,0.0,1,7000,0,1,220,0,0,0
TF,UU411,54.882111,55.363222,0, ,0.0,0.0,0.0,0.0,1,7000,0,1,220,0,0,0
TF,UU410,54.943778,55.490778,0, ,0.0,0.0,0.0,0.0,1,7000,0,1,220,0,0,0
TF,UU409,54.977139,55.647056,0, ,0.0,0.0,0.0,0.0,1,7000,0,1,220,0,0,0
TF,UU408,54.978333,55.813806,0, ,0.0,0.0,0.0,0.0,1,7000,0,1,220,0,0,0
TF,UU044,54.721694,55.565833,2, ,0.0,0.0,0.0,0.0,2,3000,0,0,0,0,0,0

STAR,MILU2T,14L,2
IF,MILUN,53.964167,56.737500, ,0.0,0.0,2,8000,0,0,0,0,0,0
TF,RG,54.539500,55.886944,0, ,0.0,0.0,0.0,0.0,2,8000,0,0,0,0,0,0
TF,D291L,54.655278,55.592778,0, ,0.0,0.0,0.0,0.0,2,5000,0,0,0,0,0,0

STAR,MILU2T,14R,2
IF,MILUN,53.964167,56.737500, ,0.0,0.0,2,8000,0,0,0,0,0,0
TF,RG,54.539500,55.886944,0, ,0.0,0.0,0.0,0.0,2,8000,0,0,0,0,0,0
TF,D291L,54.655278,55.592778,0, ,0.0,0.0,0.0,0.0,2,5000,0,0,0,0,0,0

STAR,MILU2V,32L,2
IF,MILUN,53.964167,56.737500, ,0.0,0.0,2,8000,0,0,0,0,0,0
TF,RG29D,54.173353,56.431983,0, ,0.0,0.0,0.0,0.0,0,0,0,0,0,0,0,0
TF,RG27C,54.200556,56.391944,0, ,0.0,0.0,0.0,0.0,2,7000,0,0,0,0,0,0

STAR,MILU2W,32R,2
IF,MILUN,53.964167,56.737500, ,0.0,0.0,2,8000,0,0,0,0,0,0
TF,RG29D,54.173353,56.431983,0, ,0.0,0.0,0.0,0.0,0,0,0,0,0,0,0,0
CI,0, ,0.0,306.0,0,0,0,0,0,0,0,0
AF,RG27D,54.145556,56.256667,2,RG,138.1,27.0,126.0,2,7000,0,0,0,0,0,0

STAR,MILU2Y,32L,5
IF,MILUN,53.964167,56.737500, ,0.0,0.0,2,11000,0,0,0,0,0,0
TF,UU216,54.206472,56.311750,0, ,0.0,0.0,0.0,0.0,1,7000,0,0,0,0,0,0
TF,UU052,54.403083,56.175972,0, ,0.0,0.0,0.0,0.0,2,3000,0,0,0,0,0,0

STAR,MILU2Y,32R,5
IF,MILUN,53.964167,56.737500, ,0.0,0.0,2,11000,0,0,0,0,0,0
TF,UU216,54.206472,56.311750,0, ,0.0,0.0,0.0,0.0,1,7000,0,0,0,0,0,0
TF,UU052,54.403083,56.175972,0, ,0.0,0.0,0.0,0.0,2,3000,0,0,0,0,0,0

STAR,MILU2Z,14L,5
IF,MILUN,53.964167,56.737500, ,0.0,0.0,2,9000,0,0,0,0,0,0
TF,UU416,54.466722,55.432833,0, ,0.0,0.0,0.0,0.0,3,8000,0,0,0,0,0,0
TF,UU044,54.721694,55.565833,0, ,0.0,0.0,0.0,0.0,2,3000,0,0,0,0,0,0

STAR,MILU2Z,14R,5
IF,MILUN,53.964167,56.737500, ,0.0,0.0,2,9000,0,0,0,0,0,0
TF,UU416,54.466722,55.432833,0, ,0.0,0.0,0.0,0.0,3,8000,0,0,0,0,0,0
TF,UU044,54.721694,55.565833,0, ,0.0,0.0,0.0,0.0,2,3000,0,0,0,0,0,0

STAR,OGME2C,ALL,2
IF,OGMEL,55.182222,54.541667, ,0.0,0.0,2,7000,0,0,0,0,0,0

STAR,OGME2C,14R,3
IF,OGMEL,55.182222,54.541667, ,0.0,0.0,2,7000,0,0,0,0,0,0
TF,NM,54.512972,55.907417,0, ,0.0,0.0,0.0,0.0,4,5000,3000,0,0,0,0,0

STAR,OGME2C,32L,3
IF,OGMEL,55.182222,54.541667, ,0.0,0.0,2,7000,0,0,0,0,0,0
TF,NM,54.512972,55.907417,0, ,0.0,0.0,0.0,0.0,4,5000,3000,0,0,0,0,0

STAR,OGME2D,14L,2
IF,OGMEL,55.182222,54.541667, ,0.0,0.0,2,7000,0,0,0,0,0,0
TF,RG,54.599111,55.843333,0, ,0.0,0.0,0.0,0.0,4,5000,3000,0,0,0,0,0

STAR,OGME2E,32R,2
IF,OGMEL,55.182222,54.541667, ,0.0,0.0,2,7000,0,0,0,0,0,0
TF,LZ,54.519056,55.921111,0, ,0.0,0.0,0.0,0.0,4,5000,3000,0,0,0,0,0

STAR,OGME2K,32L,5
IF,OGMEL,55.182222,54.541667, ,0.0,0.0,2,11000,0,0,0,0,0,0
TF,UU211,54.935917,55.097194,0, ,0.0,0.0,0.0,0.0,0,0,0,0,0,0,0,0
TF,UU210,54.703639,55.342444,0, ,0.0,0.0,0.0,0.0,2,11000,0,0,0,0,0,0
TF,UU209,54.570917,55.481111,0, ,0.0,0.0,0.0,0.0,3,9000,0,0,0,0,0,0
TF,UU208,54.449417,55.607139,0, ,0.0,0.0,0.0,0.0,0,0,0,0,0,0,0,0
TF,UU207,54.252722,55.732333,0, ,0.0,0.0,0.0,0.0,1,8000,0,1,220,0,0,0
TF,UU206,54.173667,55.857417,0, ,0.0,0.0,0.0,0.0,1,8000,0,1,220,0,0,0
TF,UU205,54.159583,56.008639,0, ,0.0,0.0,0.0,0.0,1,8000,0,1,220,0,0,0
TF,UU204,54.175750,56.159250,0, ,0.0,0.0,0.0,0.0,1,8000,0,1,220,0,0,0
TF,UU203,54.220333,56.292250,0, ,0.0,0.0,0.0,0.0,1,8000,0,1,220,0,0,0
TF,UU202,54.288333,56.392528,0, ,0.0,0.0,0.0,0.0,1,8000,0,1,220,0,0,0
TF,UU201,54.372000,56.448528,0, ,0.0,0.0,0.0,0.0,1,8000,0,1,220,0,0,0
TF,UU050,54.328750,55.947389,1, ,0.0,0.0,0.0,0.0,2,3000,0,0,0,0,0,0

STAR,OGME2K,32R,5
IF,OGMEL,55.182222,54.541667, ,0.0,0.0,2,11000,0,0,0,0,0,0
TF,UU211,54.935917,55.097194,0, ,0.0,0.0,0.0,0.0,0,0,0,0,0,0,0,0
TF,UU210,54.703639,55.342444,0, ,0.0,0.0,0.0,0.0,2,11000,0,0,0,0,0,0
TF,UU209,54.570917,55.481111,0, ,0.0,0.0,0.0,0.0,3,9000,0,0,0,0,0,0
TF,UU208,54.449417,55.607139,0, ,0.0,0.0,0.0,0.0,0,0,0,0,0,0,0,0
TF,UU207,54.252722,55.732333,0, ,0.0,0.0,0.0,0.0,1,8000,0,1,220,0,0,0
TF,UU206,54.173667,55.857417,0, ,0.0,0.0,0.0,0.0,1,8000,0,1,220,0,0,0
TF,UU205,54.159583,56.008639,0, ,0.0,0.0,0.0,0.0,1,8000,0,1,220,0,0,0
TF,UU204,54.175750,56.159250,0, ,0.0,0.0,0.0,0.0,1,8000,0,1,220,0,0,0
TF,UU203,54.220333,56.292250,0, ,0.0,0.0,0.0,0.0,1,8000,0,1,220,0,0,0
TF,UU202,54.288333,56.392528,0, ,0.0,0.0,0.0,0.0,1,8000,0,1,220,0,0,0
TF,UU201,54.372000,56.448528,0, ,0.0,0.0,0.0,0.0,1,8000,0,1,220,0,0,0
TF,UU050,54.328750,55.947389,1, ,0.0,0.0,0.0,0.0,2,3000,0,0,0,0,0,0

STAR,OGME2L,14L,5
IF,OGMEL,55.182222,54.541667, ,0.0,0.0,2,11000,0,0,0,0,0,0
TF,UU418,54.969500,55.074694,0, ,0.0,0.0,0.0,0.0,3,10000,0,0,0,0,0,0
TF,UU411,54.882111,55.363222,0, ,0.0,0.0,0.0,0.0,1,7000,0,1,220,0,0,0
TF,UU410,54.943778,55.490778,0, ,0.0,0.0,0.0,0.0,1,7000,0,1,220,0,0,0
TF,UU409,54.977139,55.647056,0, ,0.0,0.0,0.0,0.0,1,7000,0,1,220,0,0,0
TF,UU408,54.978333,55.813806,0, ,0.0,0.0,0.0,0.0,1,7000,0,1,220,0,0,0
TF,UU044,54.721694,55.565833,2, ,0.0,0.0,0.0,0.0,2,3000,0,0,0,0,0,0

STAR,OGME2L,14R,5
IF,OGMEL,55.182222,54.541667, ,0.0,0.0,2,11000,0,0,0,0,0,0
TF,UU418,54.969500,55.074694,0, ,0.0,0.0,0.0,0.0,3,10000,0,0,0,0,0,0
TF,UU411,54.882111,55.363222,0, ,0.0,0.0,0.0,0.0,1,7000,0,1,220,0,0,0
TF,UU410,54.943778,55.490778,0, ,0.0,0.0,0.0,0.0,1,7000,0,1,220,0,0,0
TF,UU409,54.977139,55.647056,0, ,0.0,0.0,0.0,0.0,1,7000,0,1,220,0,0,0
TF,UU408,54.978333,55.813806,0, ,0.0,0.0,0.0,0.0,1,7000,0,1,220,0,0,0
TF,UU044,54.721694,55.565833,2, ,0.0,0.0,0.0,0.0,2,3000,0,0,0,0,0,0

STAR,OGME2T,14R,2
IF,OGMEL,55.182222,54.541667, ,0.0,0.0,2,7000,0,0,0,0,0,0
TF,RG27B,54.827778,55.292500,0, ,0.0,0.0,0.0,0.0,2,7000,0,0,0,0,0,0

STAR,OGME2U,14L,2
IF,OGMEL,55.182222,54.541667, ,0.0,0.0,2,7000,0,0,0,0,0,0
TF,RG29C,54.850792,55.244628,0, ,0.0,0.0,0.0,0.0,0,0,0,0,0,0,0,0
VI,0, ,0.0,117.0,0,0,0,0,0,0,0,0
AF,RG27A,54.901944,55.428889,2,RG,311.0,27.0,297.0,2,7000,0,0,0,0,0,0

STAR,OGME2V,32L,2
IF,OGMEL,55.182222,54.541667, ,0.0,0.0,0,0,0,0,0,0,0,0
TF,RG,54.539500,55.886944,0, ,0.0,0.0,0.0,0.0,2,7000,0,0,0,0,0,0
TF,D092L,54.487222,56.230000,0, ,0.0,0.0,0.0,0.0,2,5000,0,0,0,0,0,0

STAR,OGME2V,32R,2
IF,OGMEL,55.182222,54.541667, ,0.0,0.0,0,0,0,0,0,0,0,0
TF,RG,54.539500,55.886944,0, ,0.0,0.0,0.0,0.0,2,7000,0,0,0,0,0,0
TF,D092L,54.487222,56.230000,0, ,0.0,0.0,0.0,0.0,2,5000,0,0,0,0,0,0

STAR,OGME2Y,32L,5
IF,OGMEL,55.182222,54.541667, ,0.0,0.0,2,11000,0,0,0,0,0,0
TF,UU211,54.935917,55.097194,0, ,0.0,0.0,0.0,0.0,0,0,0,0,0,0,0,0
TF,UU210,54.703639,55.342444,0, ,0.0,0.0,0.0,0.0,2,11000,0,0,0,0,0,0
TF,UU209,54.570917,55.481111,0, ,0.0,0.0,0.0,0.0,3,9000,0,0,0,0,0,0
TF,UU208,54.449417,55.607139,0, ,0.0,0.0,0.0,0.0,0,0,0,0,0,0,0,0
TF,UU050,54.328750,55.947389,0, ,0.0,0.0,0.0,0.0,2,3000,0,0,0,0,0,0

STAR,OGME2Y,32R,5
IF,OGMEL,55.182222,54.541667, ,0.0,0.0,2,11000,0,0,0,0,0,0
TF,UU211,54.935917,55.097194,0, ,0.0,0.0,0.0,0.0,0,0,0,0,0,0,0,0
TF,UU210,54.703639,55.342444,0, ,0.0,0.0,0.0,0.0,2,11000,0,0,0,0,0,0
TF,UU209,54.570917,55.481111,0, ,0.0,0.0,0.0,0.0,3,9000,0,0,0,0,0,0
TF,UU208,54.449417,55.607139,0, ,0.0,0.0,0.0,0.0,0,0,0,0,0,0,0,0
TF,UU050,54.328750,55.947389,0, ,0.0,0.0,0.0,0.0,2,3000,0,0,0,0,0,0

STAR,OGME2Z,14L,5
IF,OGMEL,55.182222,54.541667, ,0.0,0.0,2,11000,0,0,0,0,0,0
TF,UU418,54.969500,55.074694,0, ,0.0,0.0,0.0,0.0,3,10000,0,0,0,0,0,0
TF,UU411,54.882111,55.363222,0, ,0.0,0.0,0.0,0.0,1,7000,0,1,220,0,0,0
TF,UU044,54.721694,55.565833,0, ,0.0,0.0,0.0,0.0,2,3000,0,0,0,0,0,0

STAR,OGME2Z,14R,5
IF,OGMEL,55.182222,54.541667, ,0.0,0.0,2,11000,0,0,0,0,0,0
TF,UU418,54.969500,55.074694,0, ,0.0,0.0,0.0,0.0,3,10000,0,0,0,0,0,0
TF,UU411,54.882111,55.363222,0, ,0.0,0.0,0.0,0.0,1,7000,0,1,220,0,0,0
TF,UU044,54.721694,55.565833,0, ,0.0,0.0,0.0,0.0,2,3000,0,0,0,0,0,0

STAR,TUSE2C,ALL,2
IF,TUSEB,53.809444,55.648889, ,0.0,0.0,2,8000,0,0,0,0,0,0

STAR,TUSE2C,14R,3
IF,TUSEB,53.809444,55.648889, ,0.0,0.0,2,8000,0,0,0,0,0,0
TF,NM,54.512972,55.907417,0, ,0.0,0.0,0.0,0.0,4,5000,3000,0,0,0,0,0

STAR,TUSE2C,32L,3
IF,TUSEB,53.809444,55.648889, ,0.0,0.0,2,8000,0,0,0,0,0,0
TF,NM,54.512972,55.907417,0, ,0.0,0.0,0.0,0.0,4,5000,3000,0,0,0,0,0

STAR,TUSE2D,14L,2
IF,TUSEB,53.809444,55.648889, ,0.0,0.0,2,8000,0,0,0,0,0,0
TF,RG,54.599111,55.843333,0, ,0.0,0.0,0.0,0.0,4,5000,3000,0,0,0,0,0

STAR,TUSE2E,32R,2
IF,TUSEB,53.809444,55.648889, ,0.0,0.0,2,8000,0,0,0,0,0,0
TF,LZ,54.519056,55.921111,0, ,0.0,0.0,0.0,0.0,4,5000,3000,0,0,0,0,0

STAR,TUSE2K,32L,5
IF,TUSEB,53.809444,55.648889, ,0.0,0.0,4,9000,8000,0,0,0,0,0
TF,UU205,54.159583,56.008639,0, ,0.0,0.0,0.0,0.0,1,8000,0,1,220,0,0,0
TF,UU204,54.175750,56.159250,0, ,0.0,0.0,0.0,0.0,1,8000,0,1,220,0,0,0
TF,UU203,54.220333,56.292250,0, ,0.0,0.0,0.0,0.0,1,8000,0,1,220,0,0,0
TF,UU202,54.288333,56.392528,0, ,0.0,0.0,0.0,0.0,1,8000,0,1,220,0,0,0
TF,UU201,54.372000,56.448528,0, ,0.0,0.0,0.0,0.0,1,8000,0,1,220,0,0,0
TF,UU050,54.328750,55.947389,1, ,0.0,0.0,0.0,0.0,2,3000,0,0,0,0,0,0

STAR,TUSE2K,32R,5
IF,TUSEB,53.809444,55.648889, ,0.0,0.0,4,9000,8000,0,0,0,0,0
TF,UU205,54.159583,56.008639,0, ,0.0,0.0,0.0,0.0,1,8000,0,1,220,0,0,0
TF,UU204,54.175750,56.159250,0, ,0.0,0.0,0.0,0.0,1,8000,0,1,220,0,0,0
TF,UU203,54.220333,56.292250,0, ,0.0,0.0,0.0,0.0,1,8000,0,1,220,0,0,0
TF,UU202,54.288333,56.392528,0, ,0.0,0.0,0.0,0.0,1,8000,0,1,220,0,0,0
TF,UU201,54.372000,56.448528,0, ,0.0,0.0,0.0,0.0,1,8000,0,1,220,0,0,0
TF,UU050,54.328750,55.947389,1, ,0.0,0.0,0.0,0.0,2,3000,0,0,0,0,0,0

STAR,TUSE2L,14L,5
IF,TUSEB,53.809444,55.648889, ,0.0,0.0,3,8000,0,0,0,0,0,0
TF,UU416,54.466722,55.432833,0, ,0.0,0.0,0.0,0.0,3,8000,0,0,0,0,0,0
TF,UU414,54.589472,55.286472,0, ,0.0,0.0,0.0,0.0,3,7000,0,0,0,0,0,0
TF,UU413,54.705083,55.247917,0, ,0.0,0.0,0.0,0.0,1,7000,0,1,220,0,0,0
TF,UU412,54.799389,55.279111,0, ,0.0,0.0,0.0,0.0,1,7000,0,1,220,0,0,0
TF,UU411,54.882111,55.363222,0, ,0.0,0.0,0.0,0.0,1,7000,0,1,220,0,0,0
TF,UU410,54.943778,55.490778,0, ,0.0,0.0,0.0,0.0,1,7000,0,1,220,0,0,0
TF,UU409,54.977139,55.647056,0, ,0.0,0.0,0.0,0.0,1,7000,0,1,220,0,0,0
TF,UU408,54.978333,55.813806,0, ,0.0,0.0,0.0,0.0,1,7000,0,1,220,0,0,0
TF,UU044,54.721694,55.565833,2, ,0.0,0.0,0.0,0.0,2,3000,0,0,0,0,0,0

STAR,TUSE2L,14R,5
IF,TUSEB,53.809444,55.648889, ,0.0,0.0,3,8000,0,0,0,0,0,0
TF,UU416,54.466722,55.432833,0, ,0.0,0.0,0.0,0.0,3,8000,0,0,0,0,0,0
TF,UU414,54.589472,55.286472,0, ,0.0,0.0,0.0,0.0,3,7000,0,0,0,0,0,0
TF,UU413,54.705083,55.247917,0, ,0.0,0.0,0.0,0.0,1,7000,0,1,220,0,0,0
TF,UU412,54.799389,55.279111,0, ,0.0,0.0,0.0,0.0,1,7000,0,1,220,0,0,0
TF,UU411,54.882111,55.363222,0, ,0.0,0.0,0.0,0.0,1,7000,0,1,220,0,0,0
TF,UU410,54.943778,55.490778,0, ,0.0,0.0,0.0,0.0,1,7000,0,1,220,0,0,0
TF,UU409,54.977139,55.647056,0, ,0.0,0.0,0.0,0.0,1,7000,0,1,220,0,0,0
TF,UU408,54.978333,55.813806,0, ,0.0,0.0,0.0,0.0,1,7000,0,1,220,0,0,0
TF,UU044,54.721694,55.565833,2, ,0.0,0.0,0.0,0.0,2,3000,0,0,0,0,0,0

STAR,TUSE2T,14L,2
IF,TUSEB,53.809444,55.648889, ,0.0,0.0,2,8000,0,0,0,0,0,0
TF,D178L,54.336944,55.820000,0, ,0.0,0.0,0.0,0.0,2,8000,0,0,0,0,0,0

STAR,TUSE2T,14R,2
IF,TUSEB,53.809444,55.648889, ,0.0,0.0,2,8000,0,0,0,0,0,0
TF,D178L,54.336944,55.820000,0, ,0.0,0.0,0.0,0.0,2,8000,0,0,0,0,0,0

STAR,TUSE2V,32L,2
IF,TUSEB,53.809444,55.648889, ,0.0,0.0,2,8000,0,0,0,0,0,0
TF,D178L,54.336944,55.820000,0, ,0.0,0.0,0.0,0.0,2,5000,0,0,0,0,0,0

STAR,TUSE2V,32R,2
IF,TUSEB,53.809444,55.648889, ,0.0,0.0,2,8000,0,0,0,0,0,0
TF,D178L,54.336944,55.820000,0, ,0.0,0.0,0.0,0.0,2,5000,0,0,0,0,0,0

STAR,TUSE2Y,32L,5
IF,TUSEB,53.809444,55.648889, ,0.0,0.0,4,9000,8000,0,0,0,0,0
TF,UU205,54.159583,56.008639,0, ,0.0,0.0,0.0,0.0,1,8000,0,1,220,0,0,0
TF,UU050,54.328750,55.947389,0, ,0.0,0.0,0.0,0.0,2,3000,0,0,0,0,0,0

STAR,TUSE2Y,32R,5
IF,TUSEB,53.809444,55.648889, ,0.0,0.0,4,9000,8000,0,0,0,0,0
TF,UU205,54.159583,56.008639,0, ,0.0,0.0,0.0,0.0,1,8000,0,1,220,0,0,0
TF,UU050,54.328750,55.947389,0, ,0.0,0.0,0.0,0.0,2,3000,0,0,0,0,0,0

STAR,TUSE2Z,14L,5
IF,TUSEB,53.809444,55.648889, ,0.0,0.0,3,8000,0,0,0,0,0,0
TF,UU416,54.466722,55.432833,0, ,0.0,0.0,0.0,0.0,3,8000,0,0,0,0,0,0
TF,UU044,54.721694,55.565833,0, ,0.0,0.0,0.0,0.0,2,3000,0,0,0,0,0,0

STAR,TUSE2Z,14R,5
IF,TUSEB,53.809444,55.648889, ,0.0,0.0,3,8000,0,0,0,0,0,0
TF,UU416,54.466722,55.432833,0, ,0.0,0.0,0.0,0.0,3,8000,0,0,0,0,0,0
TF,UU044,54.721694,55.565833,0, ,0.0,0.0,0.0,0.0,2,3000,0,0,0,0,0,0

STAR,UBIR2C,ALL,2
IF,UBIRA,55.391944,55.250556, ,0.0,0.0,2,7000,0,0,0,0,0,0

STAR,UBIR2C,14R,3
IF,UBIRA,55.391944,55.250556, ,0.0,0.0,2,7000,0,0,0,0,0,0
TF,NM,54.512972,55.907417,0, ,0.0,0.0,0.0,0.0,4,5000,3000,0,0,0,0,0

STAR,UBIR2C,32L,3
IF,UBIRA,55.391944,55.250556, ,0.0,0.0,2,7000,0,0,0,0,0,0
TF,NM,54.512972,55.907417,0, ,0.0,0.0,0.0,0.0,4,5000,3000,0,0,0,0,0

STAR,UBIR2D,14L,2
IF,UBIRA,55.391944,55.250556, ,0.0,0.0,2,7000,0,0,0,0,0,0
TF,RG,54.599111,55.843333,0, ,0.0,0.0,0.0,0.0,4,5000,3000,0,0,0,0,0

STAR,UBIR2E,32R,2
IF,UBIRA,55.391944,55.250556, ,0.0,0.0,2,7000,0,0,0,0,0,0
TF,LZ,54.519056,55.921111,0, ,0.0,0.0,0.0,0.0,4,5000,3000,0,0,0,0,0

STAR,UBIR2K,32L,5
IF,UBIRA,55.391944,55.250556, ,0.0,0.0,2,18000,0,0,0,0,0,0
TF,UU212,55.232556,55.196556,0, ,0.0,0.0,0.0,0.0,2,17000,0,0,0,0,0,0
TF,UU211,54.935917,55.097194,0, ,0.0,0.0,0.0,0.0,0,0,0,0,0,0,0,0
TF,UU210,54.703639,55.342444,0, ,0.0,0.0,0.0,0.0,2,11000,0,0,0,0,0,0
TF,UU209,54.570917,55.481111,0, ,0.0,0.0,0.0,0.0,3,9000,0,0,0,0,0,0
TF,UU208,54.449417,55.607139,0, ,0.0,0.0,0.0,0.0,0,0,0,0,0,0,0,0
TF,UU207,54.252722,55.732333,0, ,0.0,0.0,0.0,0.0,1,8000,0,1,220,0,0,0
TF,UU206,54.173667,55.857417,0, ,0.0,0.0,0.0,0.0,1,8000,0,1,220,0,0,0
TF,UU205,54.159583,56.008639,0, ,0.0,0.0,0.0,0.0,1,8000,0,1,220,0,0,0
TF,UU204,54.175750,56.159250,0, ,0.0,0.0,0.0,0.0,1,8000,0,1,220,0,0,0
TF,UU203,54.220333,56.292250,0, ,0.0,0.0,0.0,0.0,1,8000,0,1,220,0,0,0
TF,UU202,54.288333,56.392528,0, ,0.0,0.0,0.0,0.0,1,8000,0,1,220,0,0,0
TF,UU201,54.372000,56.448528,0, ,0.0,0.0,0.0,0.0,1,8000,0,1,220,0,0,0
TF,UU050,54.328750,55.947389,1, ,0.0,0.0,0.0,0.0,2,3000,0,0,0,0,0,0

STAR,UBIR2K,32R,5
IF,UBIRA,55.391944,55.250556, ,0.0,0.0,2,18000,0,0,0,0,0,0
TF,UU212,55.232556,55.196556,0, ,0.0,0.0,0.0,0.0,2,17000,0,0,0,0,0,0
TF,UU211,54.935917,55.097194,0, ,0.0,0.0,0.0,0.0,0,0,0,0,0,0,0,0
TF,UU210,54.703639,55.342444,0, ,0.0,0.0,0.0,0.0,2,11000,0,0,0,0,0,0
TF,UU209,54.570917,55.481111,0, ,0.0,0.0,0.0,0.0,3,9000,0,0,0,0,0,0
TF,UU208,54.449417,55.607139,0, ,0.0,0.0,0.0,0.0,0,0,0,0,0,0,0,0
TF,UU207,54.252722,55.732333,0, ,0.0,0.0,0.0,0.0,1,8000,0,1,220,0,0,0
TF,UU206,54.173667,55.857417,0, ,0.0,0.0,0.0,0.0,1,8000,0,1,220,0,0,0
TF,UU205,54.159583,56.008639,0, ,0.0,0.0,0.0,0.0,1,8000,0,1,220,0,0,0
TF,UU204,54.175750,56.159250,0, ,0.0,0.0,0.0,0.0,1,8000,0,1,220,0,0,0
TF,UU203,54.220333,56.292250,0, ,0.0,0.0,0.0,0.0,1,8000,0,1,220,0,0,0
TF,UU202,54.288333,56.392528,0, ,0.0,0.0,0.0,0.0,1,8000,0,1,220,0,0,0
TF,UU201,54.372000,56.448528,0, ,0.0,0.0,0.0,0.0,1,8000,0,1,220,0,0,0
TF,UU050,54.328750,55.947389,1, ,0.0,0.0,0.0,0.0,2,3000,0,0,0,0,0,0

STAR,UBIR2L,14L,5
IF,UBIRA,55.391944,55.250556, ,0.0,0.0,3,14000,0,0,0,0,0,0
TF,UU419,55.271722,55.200111,0, ,0.0,0.0,0.0,0.0,3,14000,0,0,0,0,0,0
TF,UU418,54.969500,55.074694,0, ,0.0,0.0,0.0,0.0,3,10000,0,0,0,0,0,0
TF,UU411,54.882111,55.363222,0, ,0.0,0.0,0.0,0.0,1,7000,0,1,220,0,0,0
TF,UU410,54.943778,55.490778,0, ,0.0,0.0,0.0,0.0,1,7000,0,1,220,0,0,0
TF,UU409,54.977139,55.647056,0, ,0.0,0.0,0.0,0.0,1,7000,0,1,220,0,0,0
TF,UU408,54.978333,55.813806,0, ,0.0,0.0,0.0,0.0,1,7000,0,1,220,0,0,0
TF,UU044,54.721694,55.565833,2, ,0.0,0.0,0.0,0.0,2,3000,0,0,0,0,0,0

STAR,UBIR2L,14R,5
IF,UBIRA,55.391944,55.250556, ,0.0,0.0,3,14000,0,0,0,0,0,0
TF,UU419,55.271722,55.200111,0, ,0.0,0.0,0.0,0.0,3,14000,0,0,0,0,0,0
TF,UU418,54.969500,55.074694,0, ,0.0,0.0,0.0,0.0,3,10000,0,0,0,0,0,0
TF,UU411,54.882111,55.363222,0, ,0.0,0.0,0.0,0.0,1,7000,0,1,220,0,0,0
TF,UU410,54.943778,55.490778,0, ,0.0,0.0,0.0,0.0,1,7000,0,1,220,0,0,0
TF,UU409,54.977139,55.647056,0, ,0.0,0.0,0.0,0.0,1,7000,0,1,220,0,0,0
TF,UU408,54.978333,55.813806,0, ,0.0,0.0,0.0,0.0,1,7000,0,1,220,0,0,0
TF,UU044,54.721694,55.565833,2, ,0.0,0.0,0.0,0.0,2,3000,0,0,0,0,0,0

STAR,UBIR2T,14R,2
IF,UBIRA,55.391944,55.250556, ,0.0,0.0,2,7000,0,0,0,0,0,0
TF,RG29A,54.985636,55.557567,0, ,0.0,0.0,0.0,0.0,0,0,0,0,0,0,0,0
VI,0, ,0.0,144.0,0,0,0,0,0,0,0,0
AF,RG27B,54.827778,55.292500,1,RG,297.0,27.0,324.0,2,7000,0,0,0,0,0,0

STAR,UBIR2U,14L,2
IF,UBIRA,55.391944,55.250556, ,0.0,0.0,2,7000,0,0,0,0,0,0
TF,RG29A,54.985636,55.557567,0, ,0.0,0.0,0.0,0.0,0,0,0,0,0,0,0,0
VI,0, ,0.0,144.0,0,0,0,0,0,0,0,0
AF,RG27A,54.901944,55.428889,1,RG,311.0,27.0,324.0,2,7000,0,0,0,0,0,0

STAR,UBIR2V,32L,2
IF,UBIRA,55.391944,55.250556, ,0.0,0.0,0,0,0,0,0,0,0,0
TF,RG,54.539500,55.886944,0, ,0.0,0.0,0.0,0.0,2,7000,0,0,0,0,0,0
TF,D092L,54.487222,56.230000,0, ,0.0,0.0,0.0,0.0,2,5000,0,0,0,0,0,0

STAR,UBIR2V,32R,2
IF,UBIRA,55.391944,55.250556, ,0.0,0.0,0,0,0,0,0,0,0,0
TF,RG,54.539500,55.886944,0, ,0.0,0.0,0.0,0.0,2,7000,0,0,0,0,0,0
TF,D092L,54.487222,56.230000,0, ,0.0,0.0,0.0,0.0,2,5000,0,0,0,0,0,0

STAR,UBIR2Y,32L,5
IF,UBIRA,55.391944,55.250556, ,0.0,0.0,2,18000,0,0,0,0,0,0
TF,UU212,55.232556,55.196556,0, ,0.0,0.0,0.0,0.0,2,17000,0,0,0,0,0,0
TF,UU211,54.935917,55.097194,0, ,0.0,0.0,0.0,0.0,0,0,0,0,0,0,0,0
TF,UU210,54.703639,55.342444,0, ,0.0,0.0,0.0,0.0,2,11000,0,0,0,0,0,0
TF,UU209,54.570917,55.481111,0, ,0.0,0.0,0.0,0.0,3,9000,0,0,0,0,0,0
TF,UU208,54.449417,55.607139,0, ,0.0,0.0,0.0,0.0,0,0,0,0,0,0,0,0
TF,UU050,54.328750,55.947389,0, ,0.0,0.0,0.0,0.0,2,3000,0,0,0,0,0,0

STAR,UBIR2Y,32R,5
IF,UBIRA,55.391944,55.250556, ,0.0,0.0,2,18000,0,0,0,0,0,0
TF,UU212,55.232556,55.196556,0, ,0.0,0.0,0.0,0.0,2,17000,0,0,0,0,0,0
TF,UU211,54.935917,55.097194,0, ,0.0,0.0,0.0,0.0,0,0,0,0,0,0,0,0
TF,UU210,54.703639,55.342444,0, ,0.0,0.0,0.0,0.0,2,11000,0,0,0,0,0,0
TF,UU209,54.570917,55.481111,0, ,0.0,0.0,0.0,0.0,3,9000,0,0,0,0,0,0
TF,UU208,54.449417,55.607139,0, ,0.0,0.0,0.0,0.0,0,0,0,0,0,0,0,0
TF,UU050,54.328750,55.947389,0, ,0.0,0.0,0.0,0.0,2,3000,0,0,0,0,0,0

STAR,UBIR2Z,14L,5
IF,UBIRA,55.391944,55.250556, ,0.0,0.0,3,14000,0,0,0,0,0,0
TF,UU419,55.271722,55.200111,0, ,0.0,0.0,0.0,0.0,3,14000,0,0,0,0,0,0
TF,UU418,54.969500,55.074694,0, ,0.0,0.0,0.0,0.0,3,10000,0,0,0,0,0,0
TF,UU411,54.882111,55.363222,0, ,0.0,0.0,0.0,0.0,1,7000,0,1,220,0,0,0
TF,UU044,54.721694,55.565833,0, ,0.0,0.0,0.0,0.0,2,3000,0,0,0,0,0,0

STAR,UBIR2Z,14R,5
IF,UBIRA,55.391944,55.250556, ,0.0,0.0,3,14000,0,0,0,0,0,0
TF,UU419,55.271722,55.200111,0, ,0.0,0.0,0.0,0.0,3,14000,0,0,0,0,0,0
TF,UU418,54.969500,55.074694,0, ,0.0,0.0,0.0,0.0,3,10000,0,0,0,0,0,0
TF,UU411,54.882111,55.363222,0, ,0.0,0.0,0.0,0.0,1,7000,0,1,220,0,0,0
TF,UU044,54.721694,55.565833,0, ,0.0,0.0,0.0,0.0,2,3000,0,0,0,0,0,0

APPTR,D14LZ,14L,D020L
IF,D020L,54.712364,56.081008, ,0.0,0.0,2,5000,0,0,0,0,1,0
AF,CD14L,54.734506,55.770875,1,RG,328.0,12.4,20.0,2,3000,0,0,0,0,1,0

APPTR,D14LZ,14L,D058L
IF,D058L,54.605278,56.223611, ,0.0,0.0,2,8000,0,0,0,0,1,0
AF,D020L,54.712364,56.081008,1,RG,20.0,12.4,58.0,2,5000,0,0,0,0,0,0
AF,CD14L,54.734506,55.770875,1,RG,328.0,12.4,20.0,2,3000,0,0,0,0,1,0

APPTR,D14LZ,14L,D178L
IF,D178L,54.336944,55.820000, ,0.0,0.0,2,8000,0,0,0,0,1,0
AF,D247L,54.503169,55.537833,2,RG,247.0,12.4,178.0,2,7000,0,0,0,0,0,0
AF,D291L,54.655278,55.592778,2,RG,291.3,12.4,247.0,2,5000,0,0,0,0,0,0
AF,CD14L,54.734506,55.770875,2,RG,328.0,12.4,291.0,2,3000,0,0,0,0,1,0

APPTR,D14LZ,14L,D247L
IF,D247L,54.503169,55.537833, ,0.0,0.0,2,7000,0,0,0,0,1,0
AF,D291L,54.655278,55.592778,2,RG,291.3,12.4,247.0,2,5000,0,0,0,0,0,0
AF,CD14L,54.734506,55.770875,2,RG,328.0,12.4,291.0,2,3000,0,0,0,0,1,0

APPTR,D14LZ,14L,D291L
IF,D291L,54.655278,55.592778, ,0.0,0.0,2,5000,0,0,0,0,1,0
AF,CD14L,54.734506,55.770875,2,RG,328.0,12.4,291.0,2,3000,0,0,0,0,1,0

APPTR,D14LZ,14L,RG27A
IF,RG27A,54.901944,55.428889, ,0.0,0.0,2,7000,0,0,0,0,1,0
TF,D311S,54.790783,55.570478,0, ,0.0,0.0,0.0,0.0,0,0,0,0,0,0,0,0
CF,CD14L,54.734506,55.770875,0,RG,328.0,12.4,103.0,7.8,2,3000,0,0,0,0,1,0

FINAL,D14LZ,14L,D,3
IF,CD14L,54.734506,55.770875,RG,328.0,12.4,2,3000,0,0,0,0,0,0
CF,FD14L,54.641736,55.826239,0,RG,328.0,6.5,148.0,5.9,1,2000,0,0,0,0,2,0
CF,MD14L,54.577250,55.864564,0,RG,328.0,2.4,148.0,4.1,1,673,0,0,0,0,3,0
CD, ,0,0,0,RG,0,0.0,148.0,5.4,2,850,0,0,0,0,0,0
DF,RG,54.539500,55.886944,1, ,0.0,0.0,0,0,0,0,0,0,0,0
CF,D291L,54.655278,55.592778,0,RG,291.3,12.4,291.0,12.4,2,3000,0,0,0,0,0,0

APPTR,D14RZ,14R,D020L
IF,D020L,54.712364,56.081008, ,0.0,0.0,2,5000,0,0,0,0,1,0
AF,CD14R,54.714308,55.698114,1,RG,315.0,12.4,20.0,2,3000,0,0,0,0,1,0

APPTR,D14RZ,14R,D058L
IF,D058L,54.605278,56.223611, ,0.0,0.0,2,8000,0,0,0,0,1,0
AF,D020L,54.712364,56.081008,1,RG,20.0,12.4,58.0,2,5000,0,0,0,0,0,0
AF,CD14R,54.714308,55.698114,1,RG,315.0,12.4,20.0,2,3000,0,0,0,0,1,0

APPTR,D14RZ,14R,D178L
IF,D178L,54.336944,55.820000, ,0.0,0.0,2,8000,0,0,0,0,1,0
AF,D247L,54.503169,55.537833,2,RG,247.0,12.4,178.0,2,7000,0,0,0,0,0,0
AF,D291L,54.655278,55.592778,2,RG,291.3,12.4,247.0,2,5000,0,0,0,0,0,0
AF,CD14R,54.714308,55.698114,2,RG,315.0,12.4,291.0,2,3000,0,0,0,0,1,0

APPTR,D14RZ,14R,D247L
IF,D247L,54.503169,55.537833, ,0.0,0.0,2,7000,0,0,0,0,1,0
AF,D291L,54.655278,55.592778,2,RG,291.3,12.4,247.0,2,5000,0,0,0,0,0,0
AF,CD14R,54.714308,55.698114,2,RG,315.0,12.4,291.0,2,3000,0,0,0,0,1,0

APPTR,D14RZ,14R,D291L
IF,D291L,54.655278,55.592778, ,0.0,0.0,2,5000,0,0,0,0,1,0
AF,CD14R,54.714308,55.698114,2,RG,315.0,12.4,291.0,2,3000,0,0,0,0,1,0

APPTR,D14RZ,14R,RG27B
IF,RG27B,54.827778,55.292500, ,0.0,0.0,2,7000,0,0,0,0,1,0
TF,D297S,54.743764,55.467239,0, ,0.0,0.0,0.0,0.0,0,0,0,0,0,0,0,0
CF,CD14R,54.714308,55.698114,0,RG,315.0,12.4,90.0,8.3,2,3000,0,0,0,0,1,0

FINAL,D14RZ,14R,D,3
IF,CD14R,54.714308,55.698114,RG,315.0,12.4,2,3000,0,0,0,0,0,0
CF,FD14R,54.643856,55.774450,0,RG,315.0,7.4,135.0,5.0,1,2000,0,0,0,0,2,0
CF,MD14R,54.584639,55.838367,0,RG,315.0,3.2,135.0,4.2,1,682,0,0,0,0,3,0
CD, ,0,0,0,RG,0,0.0,135.0,5.4,2,850,0,0,0,0,0,0
DF,RG,54.539500,55.886944,1, ,0.0,0.0,0,0,0,0,0,0,0,0
CF,D291L,54.655278,55.592778,0,RG,291.3,12.4,291.0,12.4,2,3000,0,0,0,0,0,0

APPTR,D32LZ,32L,D020L
IF,D020L,54.712364,56.081008, ,0.0,0.0,2,9000,0,0,0,0,1,0
AF,D058L,54.605278,56.223611,2,RG,58.3,12.4,20.0,2,7000,0,0,0,0,0,0
AF,D092L,54.487222,56.230000,2,RG,91.5,12.4,58.0,2,5000,0,0,0,0,0,0
AF,CD32L,54.349511,56.024939,2,RG,144.0,12.4,92.0,2,3000,0,0,0,0,1,0

APPTR,D32LZ,32L,D058L
IF,D058L,54.605278,56.223611, ,0.0,0.0,2,7000,0,0,0,0,1,0
AF,D092L,54.487222,56.230000,2,RG,91.5,12.4,58.0,2,5000,0,0,0,0,0,0
AF,CD32L,54.349511,56.024939,2,RG,144.0,12.4,92.0,2,3000,0,0,0,0,1,0

APPTR,D32LZ,32L,D092L
IF,D092L,54.487222,56.230000, ,0.0,0.0,2,5000,0,0,0,0,1,0
AF,CD32L,54.349511,56.024939,2,RG,144.0,12.4,92.0,2,3000,0,0,0,0,1,0

APPTR,D32LZ,32L,D178L
IF,D178L,54.336944,55.820000, ,0.0,0.0,2,5000,0,0,0,0,1,0
AF,CD32L,54.349511,56.024939,1,RG,144.0,12.4,178.0,2,3000,0,0,0,0,1,0

APPTR,D32LZ,32L,D247L
IF,D247L,54.503169,55.537833, ,0.0,0.0,2,7000,0,0,0,0,1,0
AF,D178L,54.336944,55.820000,1,RG,177.9,12.4,247.0,2,5000,0,0,0,0,0,0
AF,CD32L,54.349511,56.024939,1,RG,144.0,12.4,178.0,2,3000,0,0,0,0,1,0

APPTR,D32LZ,32L,RG27C
IF,RG27C,54.200556,56.391944, ,0.0,0.0,2,7000,0,0,0,0,1,0
TF,D126S,54.295353,56.248967,0, ,0.0,0.0,0.0,0.0,2,4000,0,0,0,0,0,0
TF,CD32L,54.349511,56.024939,0, ,0.0,0.0,0.0,0.0,2,3000,0,0,0,0,1,0

FINAL,D32LZ,32L,D,3
IF,CD32L,54.349511,56.024939,RG,144.0,12.4,2,3000,0,0,0,0,0,0
CF,FD32L,54.473633,55.934942,0,RG,144.0,4.3,324.0,8.1,1,2000,0,0,0,0,2,0
CF,RG,54.539500,55.886944,0,RG,0.0,0.0,324.0,4.3,1,623,0,0,0,0,3,0
CD, ,0,0,0,RG,0,0.0,324.0,7.6,2,850,0,0,0,0,0,0
DF,RG,54.539500,55.886944,1, ,0.0,0.0,0,0,0,0,0,0,0,0
CF,D092L,54.487222,56.230000,0,RG,91.5,12.4,92.0,12.4,2,3000,0,0,0,0,0,0

APPTR,D32RZ,32R,D020L
IF,D020L,54.712364,56.081008, ,0.0,0.0,2,9000,0,0,0,0,1,0
AF,D058L,54.605278,56.223611,2,RG,58.3,12.4,20.0,2,7000,0,0,0,0,0,0
AF,D092L,54.487222,56.230000,2,RG,91.5,12.4,58.0,2,5000,0,0,0,0,0,0
AF,CD32R,54.390842,56.132522,2,RG,123.0,12.4,92.0,2,3000,0,0,0,0,1,0

APPTR,D32RZ,32R,D058L
IF,D058L,54.605278,56.223611, ,0.0,0.0,2,7000,0,0,0,0,1,0
AF,D092L,54.487222,56.230000,2,RG,91.5,12.4,58.0,2,5000,0,0,0,0,0,0
AF,CD32R,54.390842,56.132522,2,RG,123.0,12.4,92.0,2,3000,0,0,0,0,1,0

APPTR,D32RZ,32R,D092L
IF,D092L,54.487222,56.230000, ,0.0,0.0,2,5000,0,0,0,0,1,0
AF,CD32R,54.390842,56.132522,2,RG,123.0,12.4,92.0,2,3000,0,0,0,0,1,0

APPTR,D32RZ,32R,D178L
IF,D178L,54.336944,55.820000, ,0.0,0.0,2,5000,0,0,0,0,1,0
AF,CD32R,54.390842,56.132522,1,RG,123.0,12.4,178.0,2,3000,0,0,0,0,1,0

APPTR,D32RZ,32R,D247L
IF,D247L,54.503169,55.537833, ,0.0,0.0,2,7000,0,0,0,0,1,0
AF,D178L,54.336944,55.820000,1,RG,177.9,12.4,247.0,2,5000,0,0,0,0,0,0
AF,CD32R,54.390842,56.132522,1,RG,123.0,12.4,178.0,2,3000,0,0,0,0,1,0

APPTR,D32RZ,32R,RG27D
IF,RG27D,54.145556,56.256667, ,0.0,0.0,2,7000,0,0,0,0,1,0
TF,D138R,54.279947,56.131450,0, ,0.0,0.0,0.0,0.0,2,4000,0,0,0,0,0,0
TF,CD32R,54.390842,56.132522,0, ,0.0,0.0,0.0,0.0,2,3000,0,0,0,0,1,0

FINAL,D32RZ,32R,D,3
IF,CD32R,54.390842,56.132522,RG,123.0,12.4,2,3000,0,0,0,0,0,0
CF,FD32R,54.484411,55.978253,0,RG,123.0,4.6,303.0,7.8,1,2000,0,0,0,0,2,0
CF,RG,54.539500,55.886944,0,RG,0.0,0.0,303.0,4.6,1,522,0,0,0,0,3,0
CD, ,0,0,0,RG,0,0.0,303.0,7.6,2,850,0,0,0,0,0,0
DF,RG,54.539500,55.886944,1, ,0.0,0.0,0,0,0,0,0,0,0,0
CF,D092L,54.487222,56.230000,0,RG,91.5,12.4,92.0,12.4,2,3000,0,0,0,0,0,0

APPTR,I14RY,14R,RG27B
IF,RG27B,54.827778,55.292500, ,0.0,0.0,2,7000,0,0,0,0,1,0
CF,D297U,54.764003,55.425256,0,RG,297.2,21.0,117.0,6.0,0,0,0,0,0,0,0,0
FC,D297U,54.764003,55.425256,0,RG,0.0,0.0,93.0,6.3,0,0,0,0,0,0,0,1
CF,CI14R,54.718033,55.708761,0,IPT,317.7,12.6,93.0,4.0,2,3000,0,0,0,0,1,0

FINAL,I14RY,14R,I,3
IF,CI14R,54.718033,55.708761,IPT,317.7,12.6,2,3000,0,0,0,0,0,0
CF,UU041,54.644722,55.780250,0,IPT,317.8,7.6,138.0,5.1,1,2000,0,0,0,0,2,0
CF,RW14R,54.573186,55.849344,0,IPT,317.8,2.6,138.0,4.9,1,431,0,0,0,0,3,0
CD, ,0,0,0,RG,0,0.0,138.0,5.4,2,850,0,0,0,0,0,0
DF,RG,54.539500,55.886944,1, ,0.0,0.0,0,0,0,0,0,0,0,0
CF,D291L,54.655278,55.592778,0,RG,291.3,12.4,291.0,12.4,2,3000,0,0,0,0,0,0

APPTR,I14RZ,14R,UU043
IF,UU043,54.798000,55.769472, ,0.0,0.0,2,3000,0,0,0,0,1,0
TF,UU042,54.694833,55.731667,0,IPT,0.0,0.0,0.0,0.0,2,2000,0,0,0,0,1,0

APPTR,I14RZ,14R,UU044
IF,UU044,54.721694,55.565833, ,0.0,0.0,2,3000,0,0,0,0,1,0
TF,UU042,54.694833,55.731667,0,IPT,0.0,0.0,0.0,0.0,2,2000,0,0,0,0,1,0

FINAL,I14RZ,14R,I,3
IF,UU042,54.694833,55.731667,IPT,317.8,11.0,2,2000,0,0,0,0,0,0
CF,UU041,54.644722,55.780250,0,IPT,317.8,7.6,138.0,3.5,1,2000,0,0,0,0,2,0
CF,RW14R,54.573186,55.849344,0,IPT,317.8,2.6,138.0,4.9,1,431,0,0,0,0,3,0
CA,0,138.0,2,1500,0,0,0,0,0,0
DF,UU416,54.466722,55.432833,2, ,0.0,0.0,2,3000,0,0,0,0,0,0
TF,UU414,54.589472,55.286472,0, ,0.0,0.0,0.0,0.0,2,5000,0,0,0,0,0,0

APPTR,I32LY,32L,RG27C
IF,RG27C,54.200556,56.391944, ,0.0,0.0,2,7000,0,0,0,0,1,0
TF,D126P,54.335139,56.192794,0, ,0.0,0.0,0.0,0.0,2,4000,0,0,0,0,0,0
CF,CI32L,54.357225,56.052778,0,INM,138.2,15.0,274.0,5.1,2,3000,0,0,0,0,1,0

FINAL,I32LY,32L,I,3
IF,CI32L,54.357225,56.052778,INM,138.2,15.0,2,3000,0,0,0,0,0,0
CF,UU047,54.475556,55.943194,0,INM,137.8,6.9,318.0,8.1,1,2000,0,0,0,0,2,0
CF,RW32L,54.543706,55.877742,0,INM,137.7,2.3,318.0,4.7,1,506,0,0,0,0,3,0
CD, ,0,0,0,RG,0,0.0,318.0,7.6,2,850,0,0,0,0,0,0
DF,RG,54.539500,55.886944,1, ,0.0,0.0,0,0,0,0,0,0,0,0
CF,D092L,54.487222,56.230000,0,RG,91.5,12.4,92.0,12.4,2,3000,0,0,0,0,0,0

APPTR,I32LZ,32L,UU050
IF,UU050,54.328750,55.947389, ,0.0,0.0,2,3000,0,0,0,0,1,0
TF,UU049,54.425083,55.991528,0,INM,0.0,0.0,0.0,0.0,2,2000,0,1,245,0,1,0

APPTR,I32LZ,32L,UU052
IF,UU052,54.403083,56.175972, ,0.0,0.0,2,3000,0,0,0,0,1,0
TF,UU049,54.425083,55.991528,0,INM,0.0,0.0,0.0,0.0,2,2000,0,1,245,0,1,0

FINAL,I32LZ,32L,I,3
IF,UU049,54.425083,55.991528,INM,137.7,10.4,2,2000,0,1,245,0,0,0
CF,UU047,54.475556,55.943194,0,INM,137.8,6.9,318.0,3.5,1,2000,0,0,0,0,2,0
CF,RW32L,54.543706,55.877742,0,INM,137.7,2.3,318.0,4.7,1,506,0,0,0,0,3,0
CA,0,318.0,2,1500,0,0,0,0,0,0
DF,UU208,54.449417,55.607139,1, ,0.0,0.0,2,3000,0,0,0,0,0,0
TF,UU207,54.252722,55.732333,0, ,0.0,0.0,0.0,0.0,2,5000,0,0,0,0,0,0

APPTR,J14L,14L,UU043
IF,UU043,54.798000,55.769472, ,0.0,0.0,2,3000,0,0,0,0,1,0
TF,UU048,54.699139,55.746972,0,G14A,0.0,0.0,0.0,0.0,2,2000,0,0,0,0,1,0

APPTR,J14L,14L,UU044
IF,UU044,54.721694,55.565833, ,0.0,0.0,2,3000,0,0,0,0,1,0
TF,UU048,54.699139,55.746972,0,G14A,0.0,0.0,0.0,0.0,2,2000,0,0,0,0,1,0

FINAL,J14L,14L,G,3
IF,UU048,54.699139,55.746972,G14A,0.0,0.0,2,2000,0,0,0,0,0,0
TF,UU046,54.637694,55.806528,0,G14A,0.0,0.0,138.0,4.2,1,2000,0,0,0,0,2,0
TF,RW14L,54.566797,55.874997,0,G14A,0.0,0.0,138.0,4.9,1,444,0,0,0,0,3,1
CA,0,138.0,2,1500,0,0,0,0,0,0
DF,UU812,54.740861,56.067889,1, ,0.0,0.0,2,3000,0,0,0,0,0,0
TF,UU810,54.808917,55.966472,0, ,0.0,0.0,0.0,0.0,2,4000,0,0,0,0,0,0
TF,UU407,54.935222,55.938333,0, ,0.0,0.0,0.0,0.0,2,7000,0,0,0,0,0,0

APPTR,J14R,14R,UU043
IF,UU043,54.798000,55.769472, ,0.0,0.0,2,3000,0,0,0,0,1,0
TF,UU042,54.694833,55.731667,0,G14B,0.0,0.0,0.0,0.0,2,2000,0,0,0,0,1,0

APPTR,J14R,14R,UU044
IF,UU044,54.721694,55.565833, ,0.0,0.0,2,3000,0,0,0,0,1,0
TF,UU042,54.694833,55.731667,0,G14B,0.0,0.0,0.0,0.0,2,2000,0,0,0,0,1,0

FINAL,J14R,14R,G,3
IF,UU042,54.694833,55.731667,G14B,0.0,0.0,2,2000,0,0,0,0,0,0
TF,UU041,54.644722,55.780250,0,G14B,0.0,0.0,138.0,3.5,1,2000,0,0,0,0,2,0
TF,RW14R,54.573186,55.849344,0,G14B,0.0,0.0,138.0,4.9,1,431,0,0,0,0,3,1
CA,0,138.0,2,1500,0,0,0,0,0,0
DF,UU416,54.466722,55.432833,2, ,0.0,0.0,2,3000,0,0,0,0,0,0
TF,UU414,54.589472,55.286472,0, ,0.0,0.0,0.0,0.0,2,5000,0,0,0,0,0,0

APPTR,J32L,32L,UU050
IF,UU050,54.328750,55.947389, ,0.0,0.0,2,3000,0,0,0,0,1,0
TF,UU049,54.425083,55.991528,0,G32B,0.0,0.0,0.0,0.0,2,2000,0,1,245,0,1,0

APPTR,J32L,32L,UU052
IF,UU052,54.403083,56.175972, ,0.0,0.0,2,3000,0,0,0,0,1,0
TF,UU049,54.425083,55.991528,0,G32B,0.0,0.0,0.0,0.0,2,2000,0,1,245,0,1,0

FINAL,J32L,32L,G,3
IF,UU049,54.425083,55.991528,G32B,0.0,0.0,2,2000,0,1,245,0,0,0
TF,UU047,54.475556,55.943194,0,G32B,0.0,0.0,318.0,3.5,1,2000,0,0,0,0,2,0
TF,RW32L,54.543706,55.877742,0,G32B,0.0,0.0,318.0,4.7,1,506,0,0,0,0,3,1
CA,0,318.0,2,1500,0,0,0,0,0,0
DF,UU208,54.449417,55.607139,1, ,0.0,0.0,2,3000,0,0,0,0,0,0
TF,UU207,54.252722,55.732333,0, ,0.0,0.0,0.0,0.0,2,5000,0,0,0,0,0,0

APPTR,J32R,32R,UU050
IF,UU050,54.328750,55.947389, ,0.0,0.0,2,3000,0,0,0,0,1,0
TF,UU055,54.426417,56.009722,0,G32A,0.0,0.0,0.0,0.0,2,2000,0,0,0,0,1,0

APPTR,J32R,32R,UU052
IF,UU052,54.403083,56.175972, ,0.0,0.0,2,3000,0,0,0,0,1,0
TF,UU055,54.426417,56.009722,0,G32A,0.0,0.0,0.0,0.0,2,2000,0,0,0,0,1,0

FINAL,J32R,32R,G,3
IF,UU055,54.426417,56.009722,G32A,0.0,0.0,2,2000,0,0,0,0,0,0
TF,UU054,54.476639,55.961667,0,G32A,0.0,0.0,318.0,3.5,1,2000,0,0,0,0,2,0
TF,RW32R,54.547075,55.893992,0,G32A,0.0,0.0,318.0,4.9,1,456,0,0,0,0,3,1
CA,0,318.0,2,1500,0,0,0,0,0,0
DF,UU608,54.562194,56.293611,2, ,0.0,0.0,2,3000,0,0,0,0,0,0
TF,UU219,54.458472,56.535194,0, ,0.0,0.0,0.0,0.0,2,5000,0,0,0,0,0,0

APPTR,Q14L,14L,RG1
IF,RG,54.599111,55.843333, ,0.0,0.0,4,5000,3000,0,0,0,1,0
FC,RG,54.599111,55.843333,0,RG,0.0,0.0,288.0,8.2,0,0,0,0,0,0,0,1
CF,CQ14L,54.711408,55.735775,2,RG,320.0,11.6,138.0,1.0,2,3000,0,0,0,0,1,0

APPTR,Q14L,14L,RG2
IF,RG,54.599111,55.843333, ,0.0,0.0,4,5000,3000,0,0,0,1,0
FC,RG,54.599111,55.843333,0,RG,0.0,0.0,290.0,8.2,0,0,0,0,0,0,0,1
CF,CQ14L,54.711408,55.735775,2,RG,320.0,11.6,138.0,1.0,2,3000,0,0,0,0,1,0

APPTR,Q14L,14L,RG3
IF,RG,54.599111,55.843333, ,0.0,0.0,4,5000,3000,0,0,0,1,0
FC,RG,54.599111,55.843333,0,RG,0.0,0.0,306.0,7.8,0,0,0,0,0,0,0,1
CF,CQ14L,54.711408,55.735775,2,RG,320.0,11.6,138.0,1.0,2,3000,0,0,0,0,1,0

APPTR,Q14L,14L,RG4
IF,RG,54.599111,55.843333, ,0.0,0.0,4,5000,3000,0,0,0,1,0
FC,RG,54.599111,55.843333,0,RG,0.0,0.0,308.0,7.8,0,0,0,0,0,0,0,1
CF,CQ14L,54.711408,55.735775,2,RG,320.0,11.6,138.0,1.0,2,3000,0,0,0,0,1,0

FINAL,Q14L,14L,N,3
IF,CQ14L,54.711408,55.735775,RG,0.0,0.0,2,3000,0,0,0,0,0,0
CF,FQ14L,54.637778,55.806389,0,RG,0.0,0.0,138.0,5.1,1,2000,0,0,0,0,2,0
CF,R,54.575694,55.866417,0,RG,0.0,2.3,138.0,4.3,1,642,0,0,0,0,3,0
CA,0,138.0,2,1500,0,0,0,0,0,0
DF,RG,54.599111,55.843333,1, ,0.0,0.0,2,3000,0,1,225,0,0,0

APPTR,Q14R,14R,NM1
IF,NM,54.512972,55.907417, ,0.0,0.0,4,5000,3000,0,0,0,1,0
CD, ,0,0,0,RG,0,0.0,300.0,12.7,0,0,0,0,0,0,0,0
CF,CQ14R,54.718578,55.710392,2,RG,317.3,12.4,138.0,1.0,2,3000,0,0,0,0,1,0

APPTR,Q14R,14R,NM2
IF,NM,54.512972,55.907417, ,0.0,0.0,4,5000,3000,0,0,0,1,0
CD, ,0,0,0,RG,0,0.0,301.0,12.7,0,0,0,0,0,0,0,0
CF,CQ14R,54.718578,55.710392,2,RG,317.3,12.4,138.0,1.0,2,3000,0,0,0,0,1,0

APPTR,Q14R,14R,NM3
IF,NM,54.512972,55.907417, ,0.0,0.0,4,5000,3000,0,0,0,1,0
CD, ,0,0,0,RG,0,0.0,311.0,12.7,0,0,0,0,0,0,0,0
CF,CQ14R,54.718578,55.710392,2,RG,317.3,12.4,138.0,1.0,2,3000,0,0,0,0,1,0

APPTR,Q14R,14R,NM4
IF,NM,54.512972,55.907417, ,0.0,0.0,4,5000,3000,0,0,0,1,0
CD, ,0,0,0,RG,0,0.0,313.0,12.7,0,0,0,0,0,0,0,0
CF,CQ14R,54.718578,55.710392,2,RG,317.3,12.4,138.0,1.0,2,3000,0,0,0,0,1,0

FINAL,Q14R,14R,N,3
IF,CQ14R,54.718578,55.710392,NM,0.0,0.0,2,3000,0,0,0,0,0,0
CF,FQ14R,54.645000,55.779722,0,NM,0.0,0.0,138.0,5.0,1,2000,0,0,0,0,2,0
CF,RW14R,54.573186,55.849344,0,RG,0.0,2.4,138.0,5.0,1,431,0,0,0,0,3,0
CD, ,0,0,0,RG,0,0.0,138.0,7.6,2,850,0,0,0,0,0,0
DF,NM,54.512972,55.907417,1, ,0.0,0.0,2,3000,0,0,0,0,0,0

APPTR,Q32L,32L,NM1
IF,NM,54.512972,55.907417, ,0.0,0.0,4,5000,3000,0,0,0,1,0
CD, ,0,0,0,RG,0,0.0,106.0,9.3,0,0,0,0,0,0,0,0
CF,CQ32L,54.402953,56.011903,2,RG,138.9,9.3,318.0,1.0,2,3000,0,0,0,0,1,0

APPTR,Q32L,32L,NM2
IF,NM,54.512972,55.907417, ,0.0,0.0,4,5000,3000,0,0,0,1,0
CD, ,0,0,0,RG,0,0.0,109.0,9.3,0,0,0,0,0,0,0,0
CF,CQ32L,54.402953,56.011903,2,RG,138.9,9.3,318.0,1.0,2,3000,0,0,0,0,1,0

APPTR,Q32L,32L,NM3
IF,NM,54.512972,55.907417, ,0.0,0.0,4,5000,3000,0,0,0,1,0
CD, ,0,0,0,RG,0,0.0,126.0,9.3,0,0,0,0,0,0,0,0
CF,CQ32L,54.402953,56.011903,2,RG,138.9,9.3,318.0,1.0,2,3000,0,0,0,0,1,0

APPTR,Q32L,32L,NM4
IF,NM,54.512972,55.907417, ,0.0,0.0,4,5000,3000,0,0,0,1,0
CD, ,0,0,0,RG,0,0.0,128.0,9.3,0,0,0,0,0,0,0,0
CF,CQ32L,54.402953,56.011903,2,RG,138.9,9.3,318.0,1.0,2,3000,0,0,0,0,1,0

FINAL,Q32L,32L,N,3
IF,CQ32L,54.402953,56.011903,NM,0.0,0.0,2,3000,0,0,0,0,0,0
CF,FQ32L,54.475278,55.943611,0,NM,0.0,0.0,318.0,5.0,1,2000,0,0,0,0,2,0
CF,N,54.534528,55.886583,0,RG,0.0,0.3,318.0,4.1,1,707,0,0,0,0,3,0
CA,0,318.0,2,1500,0,0,0,0,0,0
DF,NM,54.512972,55.907417,1, ,0.0,0.0,2,3000,0,0,0,0,0,0

APPTR,Q32R,32R,LZ1
IF,LZ,54.519056,55.921111, ,0.0,0.0,4,5000,3000,0,0,0,1,0
CD, ,0,0,0,RG,0,0.0,108.0,10.5,0,0,0,0,0,0,0,0
CF,CQ32R,54.402069,56.032211,2,RG,135.3,9.7,318.0,1.0,2,3000,0,0,0,0,1,0

APPTR,Q32R,32R,LZ2
IF,LZ,54.519056,55.921111, ,0.0,0.0,4,5000,3000,0,0,0,1,0
CD, ,0,0,0,RG,0,0.0,112.0,10.5,0,0,0,0,0,0,0,0
CF,CQ32R,54.402069,56.032211,2,RG,135.3,9.7,318.0,1.0,2,3000,0,0,0,0,1,0

APPTR,Q32R,32R,LZ3
IF,LZ,54.519056,55.921111, ,0.0,0.0,4,5000,3000,0,0,0,1,0
CD, ,0,0,0,RG,0,0.0,128.0,10.5,0,0,0,0,0,0,0,0
CF,CQ32R,54.402069,56.032211,2,RG,135.3,9.7,318.0,1.0,2,3000,0,0,0,0,1,0

APPTR,Q32R,32R,LZ4
IF,LZ,54.519056,55.921111, ,0.0,0.0,4,5000,3000,0,0,0,1,0
CD, ,0,0,0,RG,0,0.0,130.0,10.5,0,0,0,0,0,0,0,0
CF,CQ32R,54.402069,56.032211,2,RG,135.3,9.7,318.0,1.0,2,3000,0,0,0,0,1,0

FINAL,Q32R,32R,N,3
IF,CQ32R,54.402069,56.032211,LZ,0.0,0.0,2,3000,0,0,0,0,0,0
CF,FQ32R,54.475833,55.961944,0,LZ,0.0,0.0,318.0,5.1,1,2000,0,0,0,0,2,0
CF,L,54.539861,55.900889,0,RG,0.0,0.5,318.0,4.4,1,614,0,0,0,0,3,0
CA,0,318.0,2,1500,0,0,0,0,0,0
DF,LZ,54.519056,55.921111,1, ,0.0,0.0,2,3000,0,0,0,0,0,0

APPTR,R14L,14L,UU043
IF,UU043,54.798000,55.769472, ,0.0,0.0,2,3000,0,0,0,0,1,0
TF,UU048,54.699139,55.746972,0, ,0.0,0.0,0.0,0.0,2,2000,0,0,0,0,1,0

APPTR,R14L,14L,UU044
IF,UU044,54.721694,55.565833, ,0.0,0.0,2,3000,0,0,0,0,1,0
TF,UU048,54.699139,55.746972,0, ,0.0,0.0,0.0,0.0,2,2000,0,0,0,0,1,0

FINAL,R14L,14L,R,3
IF,UU048,54.699139,55.746972, ,0.0,0.0,2,2000,0,0,0,0,0,0
TF,UU051,54.638250,55.806000,0, ,0.0,0.0,138.0,4.2,1,2000,0,0,0,0,2,0
TF,RW14L,54.566797,55.874997,0, ,0.0,0.0,138.0,4.9,1,444,0,0,0,0,3,1
CA,0,138.0,2,1500,0,0,0,0,0,0
DF,UU812,54.740861,56.067889,1, ,0.0,0.0,2,3000,0,0,0,0,0,0
TF,UU810,54.808917,55.966472,0, ,0.0,0.0,0.0,0.0,2,4000,0,0,0,0,0,0
TF,UU407,54.935222,55.938333,0, ,0.0,0.0,0.0,0.0,2,7000,0,0,0,0,0,0

APPTR,R14R,14R,UU043
IF,UU043,54.798000,55.769472, ,0.0,0.0,2,3000,0,0,0,0,1,0
TF,UU042,54.694833,55.731667,0, ,0.0,0.0,0.0,0.0,2,2000,0,0,0,0,1,0

APPTR,R14R,14R,UU044
IF,UU044,54.721694,55.565833, ,0.0,0.0,2,3000,0,0,0,0,1,0
TF,UU042,54.694833,55.731667,0, ,0.0,0.0,0.0,0.0,2,2000,0,0,0,0,1,0

FINAL,R14R,14R,R,3
IF,UU042,54.694833,55.731667, ,0.0,0.0,2,2000,0,0,0,0,0,0
TF,UU053,54.645667,55.779333,0, ,0.0,0.0,138.0,3.4,1,2000,0,0,0,0,2,0
TF,RW14R,54.573186,55.849344,0, ,0.0,0.0,138.0,5.0,1,422,0,0,0,0,3,1
CA,0,138.0,2,1000,0,0,0,0,0,0
DF,UU416,54.466722,55.432833,2, ,0.0,0.0,2,3000,0,0,0,0,0,0
TF,UU414,54.589472,55.286472,0, ,0.0,0.0,0.0,0.0,2,5000,0,0,0,0,0,0

APPTR,R32L,32L,UU050
IF,UU050,54.328750,55.947389, ,0.0,0.0,2,3000,0,0,0,0,1,0
TF,UU049,54.425083,55.991528,0, ,0.0,0.0,0.0,0.0,2,2000,0,1,245,0,1,0

APPTR,R32L,32L,UU052
IF,UU052,54.403083,56.175972, ,0.0,0.0,2,3000,0,0,0,0,1,0
TF,UU049,54.425083,55.991528,0, ,0.0,0.0,0.0,0.0,2,2000,0,1,245,0,1,0

FINAL,R32L,32L,R,3
IF,UU049,54.425083,55.991528, ,0.0,0.0,2,2000,0,1,245,0,0,0
TF,UU056,54.474750,55.943972,0, ,0.0,0.0,318.0,3.4,1,2000,0,0,0,0,2,0
TF,RW32L,54.543706,55.877742,0, ,0.0,0.0,318.0,4.8,1,500,0,0,0,0,3,1
CA,0,318.0,2,1000,0,0,0,0,0,0
DF,UU208,54.449417,55.607139,1, ,0.0,0.0,2,3000,0,0,0,0,0,0
TF,UU207,54.252722,55.732333,0, ,0.0,0.0,0.0,0.0,2,5000,0,0,0,0,0,0

APPTR,R32R,32R,UU050
IF,UU050,54.328750,55.947389, ,0.0,0.0,2,3000,0,0,0,0,1,0
TF,UU055,54.426417,56.009722,0, ,0.0,0.0,0.0,0.0,2,2000,0,0,0,0,1,0

APPTR,R32R,32R,UU052
IF,UU052,54.403083,56.175972, ,0.0,0.0,2,3000,0,0,0,0,1,0
TF,UU055,54.426417,56.009722,0, ,0.0,0.0,0.0,0.0,2,2000,0,0,0,0,1,0

FINAL,R32R,32R,R,3
IF,UU055,54.426417,56.009722, ,0.0,0.0,2,2000,0,0,0,0,0,0
TF,UU045,54.476083,55.962194,0, ,0.0,0.0,318.0,3.4,1,2000,0,0,0,0,2,0
TF,RW32R,54.547075,55.893992,0, ,0.0,0.0,318.0,4.9,1,456,0,0,0,0,3,1
CA,0,318.0,2,1500,0,0,0,0,0,0
DF,UU608,54.562194,56.293611,2, ,0.0,0.0,2,3000,0,0,0,0,0,0
TF,UU219,54.458472,56.535194,0, ,0.0,0.0,0.0,0.0,2,5000,0,0,0,0,0,0

