SID,BEKB1A,15,2
CA,0,148.0,2,820,0,0,0,0,0,0
CI,2, ,0.0,280.0,0,0,0,1,220,0,0,0
CF,BEKBI,53.181111,49.101111,0,MOF,231.4,43.5,231.0,38.0,2,8000,0,0,0,0,0,0

SID,BEKB1B,15,2
CD, ,0,0,0,MOF,0,0.0,148.0,3.6,0,0,0,1,220,0,0,0
CI,1, ,0.0,250.0,0,0,0,1,220,0,0,0
CF,BEKBI,53.181111,49.101111,0,MOF,231.4,43.5,231.0,41.0,2,8000,0,0,0,0,0,0

SID,BEKB1C,23,2
CA,0,229.0,2,840,0,0,0,0,0,0
CF,BEKBI,53.181111,49.101111,0,MOF,231.4,43.5,231.0,41.0,2,8000,0,0,0,0,0,0

SID,BEKB1D,05,2
CA,0,49.0,2,910,0,0,0,0,0,0
CI,1, ,0.0,180.0,0,0,0,1,225,0,0,0
CF,BEKBI,53.181111,49.101111,0,MOF,231.4,43.5,231.0,40.0,2,8000,0,0,0,0,0,0

SID,BEKB1E,05,2
CA,0,49.0,2,910,0,0,0,0,0,0
CI,2, ,0.0,280.0,0,0,0,1,225,0,0,0
CF,BEKBI,53.181111,49.101111,0,MOF,231.4,43.5,231.0,40.0,2,8000,0,0,0,0,0,0

SID,BEKB1F,05,5
CF,WW051,53.553944,50.305778,0,MOF,48.2,5.3,49.0,6.0,0,0,0,1,210,0,0,0
TF,WW053,53.442611,50.407389,0, ,0.0,0.0,0.0,0.0,0,0,0,0,0,0,0,0
TF,WW056,53.320778,50.035889,0, ,0.0,0.0,0.0,0.0,0,0,0,0,0,0,0,0
TF,WW339,53.169611,49.921333,0, ,0.0,0.0,0.0,0.0,0,0,0,0,0,0,0,0
TF,BEKBI,53.181111,49.101111,0, ,0.0,0.0,0.0,0.0,2,8000,0,0,0,0,0,0

SID,BEKB1H,15,5
CF,WW151,53.403417,50.237222,0,MOF,149.4,6.8,148.0,6.0,0,0,0,1,210,0,0,0
TF,WW157,53.436694,50.394361,0, ,0.0,0.0,0.0,0.0,0,0,0,0,0,0,0,0
TF,WW158,53.598500,50.551500,0, ,0.0,0.0,0.0,0.0,0,0,0,0,0,0,0,0
TF,WW159,53.699778,50.319028,0, ,0.0,0.0,0.0,0.0,0,0,0,0,0,0,0,0
TF,WW238,53.363667,49.699139,0, ,0.0,0.0,0.0,0.0,0,0,0,0,0,0,0,0
TF,BEKBI,53.181111,49.101111,0, ,0.0,0.0,0.0,0.0,2,8000,0,0,0,0,0,0

SID,BEKB1K,05,5
CF,WW051,53.553944,50.305778,0,MOF,48.2,5.3,49.0,6.0,0,0,0,1,210,0,0,0
TF,WW053,53.442611,50.407389,0, ,0.0,0.0,0.0,0.0,0,0,0,0,0,0,0,0
TF,WW054,53.379222,50.213361,0, ,0.0,0.0,0.0,0.0,0,0,0,0,0,0,0,0
TF,BEKBI,53.181111,49.101111,0, ,0.0,0.0,0.0,0.0,2,8000,0,0,0,0,0,0

SID,BEKB1L,23,5
CF,WW231,53.448333,49.981639,0,MOF,230.2,7.9,229.0,6.0,0,0,0,0,0,0,0,0
TF,WW238,53.363667,49.699139,0, ,0.0,0.0,0.0,0.0,0,0,0,0,0,0,0,0
TF,BEKBI,53.181111,49.101111,0, ,0.0,0.0,0.0,0.0,2,8000,0,0,0,0,0,0

SID,BEKB1M,23,5
CF,WW231,53.448333,49.981639,0,MOF,230.2,7.9,229.0,7.0,0,0,0,1,220,0,0,0
TF,WW236,53.337972,50.082750,0, ,0.0,0.0,0.0,0.0,0,0,0,0,0,0,0,0
TF,WW053,53.442611,50.407389,0, ,0.0,0.0,0.0,0.0,0,0,0,0,0,0,0,0
TF,WW235,53.589444,50.111472,1, ,0.0,0.0,0.0,0.0,0,0,0,0,0,0,0,0
TF,BEKBI,53.181111,49.101111,0, ,0.0,0.0,0.0,0.0,2,8000,0,0,0,0,0,0

SID,BEKB1N,15,5
CF,WW151,53.403417,50.237222,0,MOF,149.4,6.8,148.0,6.0,0,0,0,1,210,0,0,0
TF,WW153,53.312194,49.813028,0, ,0.0,0.0,0.0,0.0,0,0,0,0,0,0,0,0
TF,BEKBI,53.181111,49.101111,0, ,0.0,0.0,0.0,0.0,2,8000,0,0,0,0,0,0

SID,BEKB1P,33,5
CF,WW331,53.608306,50.114694,0,MOF,327.3,6.3,328.0,6.0,0,0,0,1,205,0,0,0
TF,WW332,53.580111,49.982417,0, ,0.0,0.0,0.0,0.0,0,0,0,0,0,0,0,0
TF,BEKBI,53.181111,49.101111,0, ,0.0,0.0,0.0,0.0,2,8000,0,0,0,0,0,0

SID,BEKB1R,33,5
CF,WW331,53.608306,50.114694,0,MOF,327.3,6.3,328.0,6.0,0,0,0,1,205,0,0,0
TF,WW334,53.658306,50.350944,0, ,0.0,0.0,0.0,0.0,0,0,0,0,0,0,0,0
TF,WW336,53.501333,50.445194,0, ,0.0,0.0,0.0,0.0,0,0,0,0,0,0,0,0
TF,WW152,53.364083,50.053194,0, ,0.0,0.0,0.0,0.0,0,0,0,0,0,0,0,0
TF,BEKBI,53.181111,49.101111,0, ,0.0,0.0,0.0,0.0,2,8000,0,0,0,0,0,0

SID,BEKB1T,33,2
CA,0,328.0,2,820,0,0,0,0,0,0
CI,1, ,0.0,175.0,0,0,0,0,0,0,0,0
CF,BEKBI,53.181111,49.101111,0,MOF,231.4,43.5,231.0,38.0,2,8000,0,0,0,0,0,0

SID,BEKB1V,33,5
CF,WW331,53.608306,50.114694,0,MOF,327.3,6.3,328.0,6.0,0,0,0,1,205,0,0,0
TF,WW334,53.658306,50.350944,0, ,0.0,0.0,0.0,0.0,0,0,0,0,0,0,0,0
TF,WW336,53.501333,50.445194,0, ,0.0,0.0,0.0,0.0,0,0,0,0,0,0,0,0
TF,WW152,53.364083,50.053194,0, ,0.0,0.0,0.0,0.0,0,0,0,0,0,0,0,0
TF,BEKBI,53.181111,49.101111,0, ,0.0,0.0,0.0,0.0,2,8000,0,0,0,0,0,0

SID,BEKB1W,23,5
CF,WW231,53.448333,49.981639,0,MOF,230.2,7.9,229.0,7.0,0,0,0,1,220,0,0,0
TF,WW236,53.337972,50.082750,0, ,0.0,0.0,0.0,0.0,0,0,0,0,0,0,0,0
TF,WW053,53.442611,50.407389,0, ,0.0,0.0,0.0,0.0,0,0,0,0,0,0,0,0
TF,WW235,53.589444,50.111472,1, ,0.0,0.0,0.0,0.0,0,0,0,0,0,0,0,0
TF,BEKBI,53.181111,49.101111,0, ,0.0,0.0,0.0,0.0,2,8000,0,0,0,0,0,0

SID,BEKB1Y,15,5
CF,WW151,53.403417,50.237222,0,MOF,149.4,6.8,148.0,6.0,0,0,0,1,210,0,0,0
TF,WW157,53.436694,50.394361,0, ,0.0,0.0,0.0,0.0,0,0,0,0,0,0,0,0
TF,WW158,53.598500,50.551500,0, ,0.0,0.0,0.0,0.0,0,0,0,0,0,0,0,0
TF,WW159,53.699778,50.319028,0, ,0.0,0.0,0.0,0.0,0,0,0,0,0,0,0,0
TF,WW238,53.363667,49.699139,0, ,0.0,0.0,0.0,0.0,0,0,0,0,0,0,0,0
TF,BEKBI,53.181111,49.101111,0, ,0.0,0.0,0.0,0.0,2,8000,0,0,0,0,0,0

SID,BEKB1Z,05,5
CF,WW051,53.553944,50.305778,0,MOF,48.2,5.3,49.0,6.0,0,0,0,1,210,0,0,0
TF,WW053,53.442611,50.407389,2, ,0.0,0.0,0.0,0.0,0,0,0,0,0,0,0,0
TF,WW056,53.320778,50.035889,0, ,0.0,0.0,0.0,0.0,0,0,0,0,0,0,0,0
TF,WW339,53.169611,49.921333,0, ,0.0,0.0,0.0,0.0,0,0,0,0,0,0,0,0
TF,BEKBI,53.181111,49.101111,0, ,0.0,0.0,0.0,0.0,2,8000,0,0,0,0,0,0

SID,DW1C,23,2
CA,0,229.0,2,840,0,0,0,0,0,0
CI,2, ,0.0,350.0,0,0,0,0,0,0,0,0
CF,DW,54.041111,49.178333,0,UWS,136.9,25.3,300.0,42.0,2,8000,0,0,0,0,0,0

SID,DW1D,05,2
CA,0,49.0,2,910,0,0,0,0,0,0
CI,1, ,0.0,250.0,0,0,0,1,225,0,0,0
CF,DW,54.041111,49.178333,0,UWS,136.9,25.3,300.0,43.0,2,8000,0,0,0,0,0,0

SID,DW1F,05,5
CF,WW051,53.553944,50.305778,0,MOF,48.2,5.3,49.0,6.0,0,0,0,1,210,0,0,0
TF,WW053,53.442611,50.407389,0, ,0.0,0.0,0.0,0.0,0,0,0,0,0,0,0,0
TF,WW056,53.320778,50.035889,0, ,0.0,0.0,0.0,0.0,0,0,0,0,0,0,0,0
TF,WW069,53.772194,50.002278,2, ,0.0,0.0,0.0,0.0,0,0,0,0,0,0,0,0
TF,DW,54.041111,49.178333,0, ,0.0,0.0,0.0,0.0,2,8000,0,0,0,0,0,0

SID,DW1G,15,5
DF,DER15,53.493164,50.183675,0, ,0.0,0.0,0,0,0,0,0,0,0,0
CA,0,148.0,2,2070,0,0,0,0,0,0
DF,WW158,53.598500,50.551500,1, ,0.0,0.0,0,0,0,1,210,0,0,0
TF,WW155,53.840194,49.993167,0, ,0.0,0.0,0.0,0.0,0,0,0,0,0,0,0,0
TF,DW,54.041111,49.178333,0, ,0.0,0.0,0.0,0.0,2,8000,0,0,0,0,0,0

SID,DW1H,15,5
CF,WW151,53.403417,50.237222,0,MOF,149.4,6.8,148.0,6.0,0,0,0,1,210,0,0,0
TF,WW152,53.364083,50.053194,0, ,0.0,0.0,0.0,0.0,0,0,0,0,0,0,0,0
TF,WW154,53.550139,49.941000,0, ,0.0,0.0,0.0,0.0,0,0,0,0,0,0,0,0
TF,WW155,53.840194,49.993167,0, ,0.0,0.0,0.0,0.0,0,0,0,0,0,0,0,0
TF,DW,54.041111,49.178333,0, ,0.0,0.0,0.0,0.0,2,8000,0,0,0,0,0,0

SID,DW1K,05,5
CF,WW051,53.553944,50.305778,0,MOF,48.2,5.3,49.0,6.0,0,0,0,1,210,0,0,0
TF,WW052,53.722139,50.148750,0, ,0.0,0.0,0.0,0.0,0,0,0,0,0,0,0,0
TF,DW,54.041111,49.178333,0, ,0.0,0.0,0.0,0.0,2,8000,0,0,0,0,0,0

SID,DW1L,23,5
CF,WW231,53.448333,49.981639,0,MOF,230.2,7.9,229.0,6.0,0,0,0,1,220,0,0,0
TF,WW233,53.705639,49.743000,0, ,0.0,0.0,0.0,0.0,0,0,0,0,0,0,0,0
TF,DW,54.041111,49.178333,0, ,0.0,0.0,0.0,0.0,2,8000,0,0,0,0,0,0

SID,DW1M,23,5
CF,WW231,53.448333,49.981639,0,MOF,230.2,7.9,229.0,7.0,0,0,0,1,220,0,0,0
TF,WW236,53.337972,50.082750,0, ,0.0,0.0,0.0,0.0,0,0,0,0,0,0,0,0
TF,WW053,53.442611,50.407389,0, ,0.0,0.0,0.0,0.0,0,0,0,0,0,0,0,0
TF,WW239,53.692944,49.900722,1, ,0.0,0.0,0.0,0.0,0,0,0,0,0,0,0,0
TF,DW,54.041111,49.178333,0, ,0.0,0.0,0.0,0.0,2,8000,0,0,0,0,0,0

SID,DW1N,15,5
CF,WW151,53.403417,50.237222,0,MOF,149.4,6.8,148.0,6.0,0,0,0,1,210,0,0,0
TF,WW152,53.364083,50.053194,0, ,0.0,0.0,0.0,0.0,0,0,0,0,0,0,0,0
TF,DW,54.041111,49.178333,0, ,0.0,0.0,0.0,0.0,2,8000,0,0,0,0,0,0

SID,DW1P,33,5
CF,WW331,53.608306,50.114694,0,MOF,327.3,6.3,328.0,6.0,0,0,0,0,0,0,0,0
TF,DW,54.041111,49.178333,0, ,0.0,0.0,0.0,0.0,2,8000,0,0,0,0,0,0

SID,DW1Q,05,5
CA,0,49.0,2,1470,0,0,0,0,0,0
DF,WW059,53.615194,50.470778,0, ,0.0,0.0,0,0,0,1,220,0,0,0
TF,WW069,53.772194,50.002278,1, ,0.0,0.0,0.0,0.0,0,0,0,0,0,0,0,0
TF,WW079,53.983583,50.030861,0, ,0.0,0.0,0.0,0.0,0,0,0,0,0,0,0,0
TF,DW,54.041111,49.178333,0, ,0.0,0.0,0.0,0.0,2,8000,0,0,0,0,0,0

SID,DW1R,33,5
CF,WW331,53.608306,50.114694,0,MOF,327.3,6.3,328.0,6.0,0,0,0,1,205,0,0,0
TF,WW334,53.658306,50.350944,0, ,0.0,0.0,0.0,0.0,0,0,0,0,0,0,0,0
TF,WW336,53.501333,50.445194,0, ,0.0,0.0,0.0,0.0,0,0,0,0,0,0,0,0
TF,WW152,53.364083,50.053194,0, ,0.0,0.0,0.0,0.0,0,0,0,0,0,0,0,0
TF,WW338,53.745028,49.822722,2, ,0.0,0.0,0.0,0.0,0,0,0,0,0,0,0,0
TF,DW,54.041111,49.178333,0, ,0.0,0.0,0.0,0.0,2,8000,0,0,0,0,0,0

SID,DW1S,05,5
VA,0,49.0,2,2120,0,0,0,0,0,0
DF,WW069,53.772194,50.002278,1, ,0.0,0.0,0,0,0,0,0,0,0,0
TF,WW079,53.983583,50.030861,0, ,0.0,0.0,0.0,0.0,0,0,0,0,0,0,0,0
TF,DW,54.041111,49.178333,0, ,0.0,0.0,0.0,0.0,2,8000,0,0,0,0,0,0

SID,DW1T,33,2
CA,0,328.0,2,820,0,0,0,0,0,0
CI,0, ,0.0,275.0,0,0,0,0,0,0,0,0
CF,DW,54.041111,49.178333,0,UWS,136.9,25.3,300.0,44.0,2,8000,0,0,0,0,0,0

SID,DW1V,33,5
CF,WW331,53.608306,50.114694,0,MOF,327.3,6.3,328.0,6.0,0,0,0,1,205,0,0,0
TF,WW334,53.658306,50.350944,0, ,0.0,0.0,0.0,0.0,0,0,0,0,0,0,0,0
TF,WW336,53.501333,50.445194,0, ,0.0,0.0,0.0,0.0,0,0,0,0,0,0,0,0
TF,WW152,53.364083,50.053194,0, ,0.0,0.0,0.0,0.0,0,0,0,0,0,0,0,0
TF,WW338,53.745028,49.822722,2, ,0.0,0.0,0.0,0.0,0,0,0,0,0,0,0,0
TF,DW,54.041111,49.178333,0, ,0.0,0.0,0.0,0.0,2,8000,0,0,0,0,0,0

SID,DW1W,23,5
CF,WW231,53.448333,49.981639,0,MOF,230.2,7.9,229.0,7.0,0,0,0,1,220,0,0,0
TF,WW236,53.337972,50.082750,0, ,0.0,0.0,0.0,0.0,0,0,0,0,0,0,0,0
TF,WW053,53.442611,50.407389,0, ,0.0,0.0,0.0,0.0,0,0,0,0,0,0,0,0
TF,WW239,53.692944,49.900722,1, ,0.0,0.0,0.0,0.0,0,0,0,0,0,0,0,0
TF,DW,54.041111,49.178333,0, ,0.0,0.0,0.0,0.0,2,8000,0,0,0,0,0,0

SID,DW1Y,15,5
CF,WW151,53.403417,50.237222,0,MOF,149.4,6.8,148.0,6.0,0,0,0,1,210,0,0,0
TF,WW152,53.364083,50.053194,0, ,0.0,0.0,0.0,0.0,0,0,0,0,0,0,0,0
TF,WW154,53.550139,49.941000,0, ,0.0,0.0,0.0,0.0,0,0,0,0,0,0,0,0
TF,WW155,53.840194,49.993167,0, ,0.0,0.0,0.0,0.0,0,0,0,0,0,0,0,0
TF,DW,54.041111,49.178333,0, ,0.0,0.0,0.0,0.0,2,8000,0,0,0,0,0,0

SID,DW1Z,05,5
CF,WW051,53.553944,50.305778,0,MOF,48.2,5.3,49.0,6.0,0,0,0,1,210,0,0,0
TF,WW053,53.442611,50.407389,2, ,0.0,0.0,0.0,0.0,0,0,0,0,0,0,0,0
TF,WW056,53.320778,50.035889,0, ,0.0,0.0,0.0,0.0,0,0,0,0,0,0,0,0
TF,WW069,53.772194,50.002278,2, ,0.0,0.0,0.0,0.0,0,0,0,0,0,0,0,0
TF,DW,54.041111,49.178333,0, ,0.0,0.0,0.0,0.0,2,8000,0,0,0,0,0,0

SID,DW6A,15,2
CA,0,148.0,2,820,0,0,0,0,0,0
CI,1, ,0.0,265.0,0,0,0,1,220,0,0,0
CF,DW,54.041111,49.178333,0,UWS,136.9,25.3,300.0,46.0,2,8000,0,0,0,0,0,0

SID,DW6B,15,2
CA,0,148.0,2,820,0,0,0,0,0,0
CI,2, ,0.0,360.0,0,0,0,1,220,0,0,0
CF,DW,54.041111,49.178333,0,UWS,136.9,25.3,300.0,45.0,2,8000,0,0,0,0,0,0

SID,GINU1C,23,2
CA,0,229.0,2,840,0,0,0,0,0,0
CI,2, ,0.0,50.0,0,0,0,0,0,0,0,0
CF,GINUK,54.233333,50.065000,0,UWS,90.4,45.3,343.0,40.0,2,8000,0,0,0,0,0,0

SID,GINU1D,05,2
CA,0,49.0,2,910,0,0,0,0,0,0
CI,1, ,0.0,300.0,0,0,0,1,225,0,0,0
CF,GINUK,54.233333,50.065000,0,UWS,90.4,45.3,343.0,40.0,2,8000,0,0,0,0,0,0

SID,GINU1K,05,5
CF,WW051,53.553944,50.305778,0,MOF,48.2,5.3,49.0,6.0,0,0,0,1,210,0,0,0
TF,WW052,53.722139,50.148750,0, ,0.0,0.0,0.0,0.0,0,0,0,0,0,0,0,0
TF,GINUK,54.233333,50.065000,0, ,0.0,0.0,0.0,0.0,2,8000,0,0,0,0,0,0

SID,GINU1L,23,5
CF,WW231,53.448333,49.981639,0,MOF,230.2,7.9,229.0,6.0,0,0,0,1,220,0,0,0
TF,WW232,53.574306,49.865222,0, ,0.0,0.0,0.0,0.0,0,0,0,0,0,0,0,0
TF,GINUK,54.233333,50.065000,0, ,0.0,0.0,0.0,0.0,2,8000,0,0,0,0,0,0

SID,GINU1N,15,5
CF,WW151,53.403417,50.237222,0,MOF,149.4,6.8,148.0,6.0,0,0,0,1,210,0,0,0
TF,WW152,53.364083,50.053194,0, ,0.0,0.0,0.0,0.0,0,0,0,0,0,0,0,0
TF,WW154,53.550139,49.941000,0, ,0.0,0.0,0.0,0.0,0,0,0,0,0,0,0,0
TF,GINUK,54.233333,50.065000,0, ,0.0,0.0,0.0,0.0,2,8000,0,0,0,0,0,0

SID,GINU1P,33,5
CF,WW331,53.608306,50.114694,0,MOF,327.3,6.3,328.0,6.0,0,0,0,0,0,0,0,0
TF,GINUK,54.233333,50.065000,0, ,0.0,0.0,0.0,0.0,2,8000,0,0,0,0,0,0

SID,GINU1T,33,2
CA,0,328.0,2,820,0,0,0,0,0,0
CI,0, ,0.0,360.0,0,0,0,0,0,0,0,0
CF,GINUK,54.233333,50.065000,0,UWS,90.4,45.3,343.0,41.0,2,8000,0,0,0,0,0,0

SID,GINU6A,15,2
CA,0,148.0,2,820,0,0,0,0,0,0
CI,1, ,0.0,290.0,0,0,0,1,220,0,0,0
CF,GINUK,54.233333,50.065000,0,UWS,90.4,45.3,343.0,41.0,2,8000,0,0,0,0,0,0

SID,GINU6B,15,2
CA,0,148.0,2,820,0,0,0,0,0,0
CI,2, ,0.0,25.0,0,0,0,1,220,0,0,0
CF,GINUK,54.233333,50.065000,0,UWS,90.4,45.3,343.0,42.0,2,8000,0,0,0,0,0,0

SID,GISU1A,15,2
CA,0,148.0,2,820,0,0,0,0,0,0
CI,1, ,0.0,10.0,0,0,0,1,220,0,0,0
CF,GISUL,53.900000,51.181667,0,MOF,44.4,42.8,44.0,37.0,2,7000,0,0,0,0,0,0

SID,GISU1C,23,2
CA,0,229.0,2,840,0,0,0,0,0,0
CI,1, ,0.0,360.0,0,0,0,1,220,0,0,0
CF,GISUL,53.900000,51.181667,0,MOF,44.4,42.8,44.0,42.0,2,7000,0,0,0,0,0,0

SID,GISU1D,05,2
CA,0,49.0,2,910,0,0,0,0,0,0
CF,GISUL,53.900000,51.181667,0,MOF,44.4,42.8,44.0,42.0,2,7000,0,0,0,0,0,0

SID,GISU1F,23,2
CA,0,229.0,2,840,0,0,0,0,0,0
CI,2, ,0.0,100.0,0,0,0,1,220,0,0,0
CF,GISUL,53.900000,51.181667,0,MOF,44.4,42.8,44.0,41.0,2,7000,0,0,0,0,0,0

SID,GISU1K,05,5
CF,WW051,53.553944,50.305778,0,MOF,48.2,5.3,49.0,6.0,0,0,0,0,0,0,0,0
TF,GISUL,53.900000,51.181667,0, ,0.0,0.0,0.0,0.0,2,7000,0,0,0,0,0,0

SID,GISU1L,23,5
CF,WW231,53.448333,49.981639,0,MOF,230.2,7.9,229.0,6.0,0,0,0,1,220,0,0,0
TF,WW232,53.574306,49.865222,0, ,0.0,0.0,0.0,0.0,0,0,0,0,0,0,0,0
TF,GISUL,53.900000,51.181667,2, ,0.0,0.0,0.0,0.0,2,7000,0,0,0,0,0,0

SID,GISU1M,23,5
CF,WW231,53.448333,49.981639,0,MOF,230.2,7.9,229.0,6.0,0,0,0,1,220,0,0,0
TF,WW236,53.337972,50.082750,0, ,0.0,0.0,0.0,0.0,0,0,0,0,0,0,0,0
TF,WW053,53.442611,50.407389,0, ,0.0,0.0,0.0,0.0,0,0,0,0,0,0,0,0
TF,GISUL,53.900000,51.181667,0, ,0.0,0.0,0.0,0.0,2,7000,0,0,0,0,0,0

SID,GISU1N,15,5
CF,WW151,53.403417,50.237222,0,MOF,149.4,6.8,148.0,6.0,0,0,0,1,210,0,0,0
TF,WW157,53.436694,50.394361,0, ,0.0,0.0,0.0,0.0,0,0,0,0,0,0,0,0
TF,WW158,53.598500,50.551500,0, ,0.0,0.0,0.0,0.0,0,0,0,0,0,0,0,0
TF,GISUL,53.900000,51.181667,0, ,0.0,0.0,0.0,0.0,2,7000,0,0,0,0,0,0

SID,GISU1P,33,5
CF,WW331,53.608306,50.114694,0,MOF,327.3,6.3,328.0,6.0,0,0,0,1,205,0,0,0
TF,GISUL,53.900000,51.181667,0, ,0.0,0.0,0.0,0.0,2,7000,0,0,0,0,0,0

SID,GISU1T,33,2
CA,0,328.0,2,820,0,0,0,0,0,0
CI,2, ,0.0,90.0,0,0,0,0,0,0,0,0
CF,GISUL,53.900000,51.181667,0,MOF,44.4,42.8,44.0,37.0,2,7000,0,0,0,0,0,0

SID,GITE1K,05,5
CF,WW051,53.553944,50.305778,0,MOF,48.2,5.3,49.0,6.0,0,0,0,1,210,0,0,0
TF,WW053,53.442611,50.407389,0, ,0.0,0.0,0.0,0.0,0,0,0,0,0,0,0,0
TF,WW056,53.320778,50.035889,0, ,0.0,0.0,0.0,0.0,0,0,0,0,0,0,0,0
TF,WW339,53.169611,49.921333,0, ,0.0,0.0,0.0,0.0,2,6000,0,0,0,0,0,0
TF,WW341,52.859722,50.168444,0, ,0.0,0.0,0.0,0.0,0,0,0,0,0,0,0,0
TF,GITEK,52.566667,49.981667,0, ,0.0,0.0,0.0,0.0,2,8000,0,0,0,0,0,0

SID,GITE1L,23,5
CF,WW231,53.448333,49.981639,0,MOF,230.2,7.9,229.0,6.0,0,0,0,0,0,0,0,0
TF,WW339,53.169611,49.921333,0, ,0.0,0.0,0.0,0.0,2,6000,0,0,0,0,0,0
TF,WW341,52.859722,50.168444,0, ,0.0,0.0,0.0,0.0,0,0,0,0,0,0,0,0
TF,GITEK,52.566667,49.981667,0, ,0.0,0.0,0.0,0.0,2,8000,0,0,0,0,0,0

SID,GITE1M,15,5
CF,WW151,53.403417,50.237222,0,MOF,149.4,6.8,148.0,6.0,0,0,0,1,210,0,0,0
TF,WW152,53.364083,50.053194,0, ,0.0,0.0,0.0,0.0,0,0,0,0,0,0,0,0
TF,WW339,53.169611,49.921333,0, ,0.0,0.0,0.0,0.0,2,6000,0,0,0,0,0,0
TF,WW341,52.859722,50.168444,0, ,0.0,0.0,0.0,0.0,0,0,0,0,0,0,0,0
TF,GITEK,52.566667,49.981667,0, ,0.0,0.0,0.0,0.0,2,8000,0,0,0,0,0,0

SID,GITE1N,15,5
CF,WW151,53.403417,50.237222,0,MOF,149.4,6.8,148.0,6.0,0,0,0,0,0,0,0,0
TF,URUKA,53.266667,50.431667,0, ,0.0,0.0,0.0,0.0,0,0,0,0,0,0,0,0
TF,GITEK,52.566667,49.981667,0, ,0.0,0.0,0.0,0.0,2,8000,0,0,0,0,0,0

SID,LURI1C,23,2
CA,0,229.0,2,840,0,0,0,0,0,0
CI,0, ,0.0,250.0,0,0,0,0,0,0,0,0
CF,LURIP,53.350000,49.298333,0,MOF,241.4,33.0,241.0,28.0,2,8000,0,0,0,0,0,0

SID,LURI1D,05,2
CA,0,49.0,2,910,0,0,0,0,0,0
CI,1, ,0.0,187.0,0,0,0,1,225,0,0,0
CF,LURIP,53.350000,49.298333,0,MOF,241.4,33.0,241.0,29.0,2,8000,0,0,0,0,0,0

SID,LURI1E,05,2
CA,0,49.0,2,910,0,0,0,0,0,0
CI,2, ,0.0,285.0,0,0,0,1,225,0,0,0
CF,LURIP,53.350000,49.298333,0,MOF,241.4,33.0,241.0,29.0,2,8000,0,0,0,0,0,0

SID,LURI1K,05,5
CF,WW051,53.553944,50.305778,0,MOF,48.2,5.3,49.0,6.0,0,0,0,1,210,0,0,0
TF,WW053,53.442611,50.407389,0, ,0.0,0.0,0.0,0.0,0,0,0,0,0,0,0,0
TF,WW054,53.379222,50.213361,0, ,0.0,0.0,0.0,0.0,0,0,0,0,0,0,0,0
TF,LURIP,53.350000,49.298333,0, ,0.0,0.0,0.0,0.0,2,8000,0,0,0,0,0,0

SID,LURI1L,23,5
CF,WW231,53.448333,49.981639,0,MOF,230.2,7.9,229.0,6.0,0,0,0,0,0,0,0,0
TF,WW238,53.363667,49.699139,0, ,0.0,0.0,0.0,0.0,0,0,0,0,0,0,0,0
TF,LURIP,53.350000,49.298333,0, ,0.0,0.0,0.0,0.0,2,8000,0,0,0,0,0,0

SID,LURI1N,15,5
CF,WW151,53.403417,50.237222,0,MOF,149.4,6.8,148.0,6.0,0,0,0,1,210,0,0,0
TF,WW153,53.312194,49.813028,0, ,0.0,0.0,0.0,0.0,0,0,0,0,0,0,0,0
TF,LURIP,53.350000,49.298333,0, ,0.0,0.0,0.0,0.0,2,8000,0,0,0,0,0,0

SID,LURI1P,33,5
CF,WW331,53.608306,50.114694,0,MOF,327.3,6.3,328.0,6.0,0,0,0,1,205,0,0,0
TF,WW332,53.580111,49.982417,0, ,0.0,0.0,0.0,0.0,0,0,0,0,0,0,0,0
TF,WW333,53.371528,49.517861,0, ,0.0,0.0,0.0,0.0,2,7000,0,0,0,0,0,0
TF,LURIP,53.350000,49.298333,0, ,0.0,0.0,0.0,0.0,2,8000,0,0,0,0,0,0

SID,LURI1T,33,2
CA,0,328.0,2,820,0,0,0,0,0,0
CI,1, ,0.0,190.0,0,0,0,0,0,0,0,0
CF,LURIP,53.350000,49.298333,0,MOF,241.4,33.0,241.0,28.0,2,8000,0,0,0,0,0,0

SID,LURI6A,15,2
CA,0,148.0,2,820,0,0,0,0,0,0
CI,2, ,0.0,295.0,0,0,0,1,220,0,0,0
CF,LURIP,53.350000,49.298333,0,MOF,241.4,33.0,241.0,28.0,2,8000,0,0,0,0,0,0

SID,LURI6B,15,2
CD, ,0,0,0,MOF,0,0.0,148.0,3.6,0,0,0,1,220,0,0,0
CI,1, ,0.0,250.0,0,0,0,1,220,0,0,0
CF,LURIP,53.350000,49.298333,0,UWS,152.5,65.5,241.0,26.0,2,8000,0,0,0,0,0,0

SID,NELS1A,15,2
CA,0,148.0,2,820,0,0,0,0,0,0
CI,0, ,0.0,60.0,0,0,0,1,220,0,0,0
CF,NELSI,53.278333,51.489444,0,MOF,93.9,49.2,94.0,44.0,2,7000,0,0,0,0,0,0

SID,NELS1C,23,2
CA,0,229.0,2,840,0,0,0,0,0,0
CI,1, ,0.0,28.0,0,0,0,1,220,0,0,0
CF,NELSI,53.278333,51.489444,0,MOF,93.9,49.2,94.0,46.0,2,7000,0,0,0,0,0,0

SID,NELS1D,05,2
CA,0,49.0,2,910,0,0,0,0,0,0
CI,0, ,0.0,135.0,0,0,0,0,0,0,0,0
CF,NELSI,53.278333,51.489444,0,MOF,93.9,49.2,94.0,45.0,2,7000,0,0,0,0,0,0

SID,NELS1K,05,5
CF,WW051,53.553944,50.305778,0,MOF,48.2,5.3,49.0,6.0,0,0,0,1,210,0,0,0
TF,WW057,53.240528,51.241111,0, ,0.0,0.0,0.0,0.0,0,0,0,0,0,0,0,0
TF,NELSI,53.278333,51.489444,0, ,0.0,0.0,0.0,0.0,2,7000,0,0,0,0,0,0

SID,NELS1L,23,5
CF,WW231,53.448333,49.981639,0,MOF,230.2,7.9,229.0,6.0,0,0,0,1,220,0,0,0
TF,WW236,53.337972,50.082750,0, ,0.0,0.0,0.0,0.0,0,0,0,0,0,0,0,0
TF,WW053,53.442611,50.407389,0, ,0.0,0.0,0.0,0.0,2,6000,0,0,0,0,0,0
TF,NELSI,53.278333,51.489444,0, ,0.0,0.0,0.0,0.0,2,7000,0,0,0,0,0,0

SID,NELS1M,05,5
CF,WW051,53.553944,50.305778,0,MOF,48.2,5.3,49.0,6.0,0,0,0,0,0,0,0,0
TF,WW058,53.702139,50.677472,0, ,0.0,0.0,0.0,0.0,2,5000,0,0,0,0,0,0
TF,NELSI,53.278333,51.489444,0, ,0.0,0.0,0.0,0.0,2,7000,0,0,0,0,0,0

SID,NELS1N,15,5
CF,WW151,53.403417,50.237222,0,MOF,149.4,6.8,148.0,6.0,0,0,0,0,0,0,0,0
TF,NELSI,53.278333,51.489444,0, ,0.0,0.0,0.0,0.0,2,7000,0,0,0,0,0,0

SID,PILE1L,23,5
CF,WW231,53.448333,49.981639,0,MOF,230.2,7.9,229.0,6.0,0,0,0,1,220,0,0,0
TF,WW232,53.574306,49.865222,0, ,0.0,0.0,0.0,0.0,0,0,0,0,0,0,0,0
TF,WW234,53.680028,50.283972,2, ,0.0,0.0,0.0,0.0,2,5000,0,0,0,0,0,0
TF,PILEP,53.485000,50.876667,0, ,0.0,0.0,0.0,0.0,2,7000,0,0,0,0,0,0

SID,PILE1N,15,5
CF,WW151,53.403417,50.237222,0,MOF,149.4,6.8,148.0,6.0,0,0,0,1,210,0,0,0
TF,WW157,53.436694,50.394361,0, ,0.0,0.0,0.0,0.0,0,0,0,0,0,0,0,0
TF,WW158,53.598500,50.551500,0, ,0.0,0.0,0.0,0.0,2,5000,0,0,0,0,0,0
TF,PILEP,53.485000,50.876667,0, ,0.0,0.0,0.0,0.0,2,7000,0,0,0,0,0,0

SID,PILE1P,33,5
CF,WW331,53.608306,50.114694,0,MOF,327.3,6.3,328.0,6.0,0,0,0,1,205,0,0,0
TF,WW334,53.658306,50.350944,0, ,0.0,0.0,0.0,0.0,0,0,0,0,0,0,0,0
TF,PILEP,53.485000,50.876667,0, ,0.0,0.0,0.0,0.0,2,7000,0,0,0,0,0,0

SID,PILE1T,33,2
CA,0,328.0,2,820,0,0,0,0,0,0
CI,2, ,0.0,135.0,0,0,0,1,220,0,0,0
CF,PILEP,53.485000,50.876667,0,MOF,81.2,25.1,81.0,20.0,2,7000,0,0,0,0,0,0

SID,RILK1F,05,5
CF,WW051,53.553944,50.305778,0,MOF,48.2,5.3,49.0,6.0,0,0,0,1,210,0,0,0
TF,WW053,53.442611,50.407389,0, ,0.0,0.0,0.0,0.0,0,0,0,0,0,0,0,0
TF,WW056,53.320778,50.035889,0, ,0.0,0.0,0.0,0.0,0,0,0,0,0,0,0,0
TF,WW069,53.772194,50.002278,2, ,0.0,0.0,0.0,0.0,0,0,0,0,0,0,0,0
TF,GINUK,54.233333,50.065000,0, ,0.0,0.0,0.0,0.0,0,0,0,0,0,0,0,0
TF,RILKI,54.373333,50.033333,0, ,0.0,0.0,0.0,0.0,2,8000,0,0,0,0,0,0

SID,RILK1G,15,5
DF,DER15,53.493164,50.183675,0, ,0.0,0.0,0,0,0,0,0,0,0,0
VA,0,148.0,2,1410,0,0,0,0,0,0
VI,1, ,0.0,58.0,0,0,0,1,210,0,0,0
CF,WW158,53.598500,50.551500,0,MOF,56.2,14.4,18.0,10.0,0,0,0,0,0,0,0,0
TF,WW155,53.840194,49.993167,0, ,0.0,0.0,0.0,0.0,0,0,0,0,0,0,0,0
TF,GINUK,54.233333,50.065000,0, ,0.0,0.0,0.0,0.0,0,0,0,0,0,0,0,0
TF,RILKI,54.373333,50.033333,0, ,0.0,0.0,0.0,0.0,2,8000,0,0,0,0,0,0

SID,RILK1H,15,5
CF,WW151,53.403417,50.237222,0,MOF,149.4,6.8,148.0,6.0,0,0,0,1,210,0,0,0
TF,WW157,53.436694,50.394361,0, ,0.0,0.0,0.0,0.0,0,0,0,0,0,0,0,0
TF,WW158,53.598500,50.551500,0, ,0.0,0.0,0.0,0.0,0,0,0,0,0,0,0,0
TF,WW155,53.840194,49.993167,0, ,0.0,0.0,0.0,0.0,0,0,0,0,0,0,0,0
TF,GINUK,54.233333,50.065000,0, ,0.0,0.0,0.0,0.0,0,0,0,0,0,0,0,0
TF,RILKI,54.373333,50.033333,0, ,0.0,0.0,0.0,0.0,2,8000,0,0,0,0,0,0

SID,RILK1M,23,5
CF,WW231,53.448333,49.981639,0,MOF,230.2,7.9,229.0,7.0,0,0,0,1,220,0,0,0
TF,WW236,53.337972,50.082750,0, ,0.0,0.0,0.0,0.0,0,0,0,0,0,0,0,0
TF,WW053,53.442611,50.407389,0, ,0.0,0.0,0.0,0.0,0,0,0,0,0,0,0,0
TF,WW239,53.692944,49.900722,1, ,0.0,0.0,0.0,0.0,0,0,0,0,0,0,0,0
TF,GINUK,54.233333,50.065000,0, ,0.0,0.0,0.0,0.0,0,0,0,0,0,0,0,0
TF,RILKI,54.373333,50.033333,0, ,0.0,0.0,0.0,0.0,2,8000,0,0,0,0,0,0

SID,RILK1R,33,5
CF,WW331,53.608306,50.114694,0,MOF,327.3,6.3,328.0,6.0,0,0,0,1,205,0,0,0
TF,WW334,53.658306,50.350944,0, ,0.0,0.0,0.0,0.0,0,0,0,0,0,0,0,0
TF,WW336,53.501333,50.445194,0, ,0.0,0.0,0.0,0.0,0,0,0,0,0,0,0,0
TF,WW152,53.364083,50.053194,0, ,0.0,0.0,0.0,0.0,0,0,0,0,0,0,0,0
TF,WW338,53.745028,49.822722,2, ,0.0,0.0,0.0,0.0,0,0,0,0,0,0,0,0
TF,GINUK,54.233333,50.065000,0, ,0.0,0.0,0.0,0.0,0,0,0,0,0,0,0,0
TF,RILKI,54.373333,50.033333,0, ,0.0,0.0,0.0,0.0,2,8000,0,0,0,0,0,0

SID,RILK1V,33,5
CF,WW331,53.608306,50.114694,0,MOF,327.3,6.3,328.0,6.0,0,0,0,1,205,0,0,0
TF,WW334,53.658306,50.350944,0, ,0.0,0.0,0.0,0.0,0,0,0,0,0,0,0,0
TF,WW336,53.501333,50.445194,0, ,0.0,0.0,0.0,0.0,0,0,0,0,0,0,0,0
TF,WW152,53.364083,50.053194,0, ,0.0,0.0,0.0,0.0,0,0,0,0,0,0,0,0
TF,WW338,53.745028,49.822722,2, ,0.0,0.0,0.0,0.0,0,0,0,0,0,0,0,0
TF,GINUK,54.233333,50.065000,0, ,0.0,0.0,0.0,0.0,0,0,0,0,0,0,0,0
TF,RILKI,54.373333,50.033333,0, ,0.0,0.0,0.0,0.0,2,8000,0,0,0,0,0,0

SID,RILK1W,23,5
CF,WW231,53.448333,49.981639,0,MOF,230.2,7.9,229.0,7.0,0,0,0,1,220,0,0,0
TF,WW236,53.337972,50.082750,0, ,0.0,0.0,0.0,0.0,0,0,0,0,0,0,0,0
TF,WW053,53.442611,50.407389,0, ,0.0,0.0,0.0,0.0,0,0,0,0,0,0,0,0
TF,WW239,53.692944,49.900722,1, ,0.0,0.0,0.0,0.0,0,0,0,0,0,0,0,0
TF,GINUK,54.233333,50.065000,0, ,0.0,0.0,0.0,0.0,0,0,0,0,0,0,0,0
TF,RILKI,54.373333,50.033333,0, ,0.0,0.0,0.0,0.0,2,8000,0,0,0,0,0,0

SID,RILK1Y,15,5
CF,WW151,53.403417,50.237222,0,MOF,149.4,6.8,148.0,6.0,0,0,0,1,210,0,0,0
TF,WW157,53.436694,50.394361,0, ,0.0,0.0,0.0,0.0,0,0,0,0,0,0,0,0
TF,WW158,53.598500,50.551500,0, ,0.0,0.0,0.0,0.0,0,0,0,0,0,0,0,0
TF,WW155,53.840194,49.993167,0, ,0.0,0.0,0.0,0.0,0,0,0,0,0,0,0,0
TF,GINUK,54.233333,50.065000,0, ,0.0,0.0,0.0,0.0,0,0,0,0,0,0,0,0
TF,RILKI,54.373333,50.033333,0, ,0.0,0.0,0.0,0.0,2,8000,0,0,0,0,0,0

SID,RILK1Z,05,5
CF,WW051,53.553944,50.305778,0,MOF,48.2,5.3,49.0,6.0,0,0,0,1,210,0,0,0
TF,WW053,53.442611,50.407389,2, ,0.0,0.0,0.0,0.0,0,0,0,0,0,0,0,0
TF,WW056,53.320778,50.035889,0, ,0.0,0.0,0.0,0.0,0,0,0,0,0,0,0,0
TF,WW069,53.772194,50.002278,2, ,0.0,0.0,0.0,0.0,0,0,0,0,0,0,0,0
TF,GINUK,54.233333,50.065000,0, ,0.0,0.0,0.0,0.0,0,0,0,0,0,0,0,0
TF,RILKI,54.373333,50.033333,0, ,0.0,0.0,0.0,0.0,2,8000,0,0,0,0,0,0

SID,URUK1A,15,2
CD, ,0,0,0,MOF,0,0.0,148.0,3.6,0,0,0,1,220,0,0,0
DF,WG,53.553028,50.147833,2, ,0.0,0.0,0,0,0,1,220,0,0,1
CI,2, ,0.0,180.0,0,0,0,0,0,0,0,0
CF,URUKA,53.266667,50.431667,0,MOF,135.9,17.3,136.0,14.0,2,8000,0,0,0,0,0,0

SID,URUK1B,15,2
CA,0,148.0,2,820,0,0,0,0,0,0
CI,0, ,0.0,120.0,0,0,0,0,0,0,0,0
CF,URUKA,53.266667,50.431667,0,MOF,135.9,17.3,136.0,14.0,2,8000,0,0,0,0,0,0

SID,URUK1C,23,2
CA,0,229.0,2,840,0,0,0,0,0,0
CI,1, ,0.0,80.0,0,0,0,1,220,0,0,0
CF,URUKA,53.266667,50.431667,0,MOF,135.9,17.3,136.0,12.0,2,8000,0,0,0,0,0,0

SID,URUK1D,05,2
CD, ,0,0,0,MOF,0,0.0,49.0,2.2,0,0,0,0,0,0,0,0
CF,BE,53.479500,50.076472,1,MOF,231.0,4.1,177.0,6.0,0,0,0,1,225,0,0,0
TF,URUKA,53.266667,50.431667,0, ,0.0,0.0,0.0,0.0,2,8000,0,0,0,0,0,0

SID,URUK1E,05,2
CA,0,49.0,2,910,0,0,0,0,0,0
CI,2, ,0.0,180.0,0,0,0,0,0,0,0,0
CF,URUKA,53.266667,50.431667,0,UWS,127.1,89.3,136.0,13.0,2,8000,0,0,0,0,0,0

SID,URUK1F,23,2
CD, ,0,0,0,MOF,0,0.0,229.0,4.3,0,0,0,0,0,0,0,0
CI,2, ,0.0,120.0,0,0,0,1,220,0,0,0
CF,URUKA,53.266667,50.431667,0,UWS,128.1,89.3,136.0,13.0,2,8000,0,0,0,0,0,0

SID,URUK1P,33,5
CF,WW331,53.608306,50.114694,0,MOF,327.3,6.3,328.0,6.0,0,0,0,1,205,0,0,0
TF,WW334,53.658306,50.350944,0, ,0.0,0.0,0.0,0.0,0,0,0,0,0,0,0,0
TF,WW336,53.501333,50.445194,0, ,0.0,0.0,0.0,0.0,2,5000,0,0,0,0,0,0
TF,URUKA,53.266667,50.431667,0, ,0.0,0.0,0.0,0.0,2,8000,0,0,0,0,0,0

SID,URUK1T,33,2
CA,0,328.0,2,820,0,0,0,0,0,0
CI,2, ,0.0,190.0,0,0,0,1,220,0,0,0
CF,URUKA,53.266667,50.431667,0,MOF,135.9,17.3,136.0,14.0,2,8000,0,0,0,0,0,0

STAR,DOGU1L,05,5
IF,DOGUR,54.395000,50.320000, ,0.0,0.0,2,7000,0,0,0,0,0,0
TF,LATKI,54.216667,50.465000,0, ,0.0,0.0,0.0,0.0,2,7000,0,0,0,0,0,0
TF,WW705,53.672472,50.314583,0, ,0.0,0.0,0.0,0.0,0,0,0,0,0,0,0,0
TF,WW505,53.592750,50.068750,0, ,0.0,0.0,0.0,0.0,0,0,0,0,0,0,0,0
TF,WW493,53.547250,49.929500,0, ,0.0,0.0,0.0,0.0,0,0,0,0,0,0,0,0
TF,WW492,53.480306,49.726111,0, ,0.0,0.0,0.0,0.0,0,0,0,1,220,0,0,0
TF,WW491,53.391306,49.808583,0, ,0.0,0.0,0.0,0.0,0,0,0,0,0,0,0,0
TF,WW205,53.423472,49.906139,0, ,0.0,0.0,0.0,0.0,2,2610,0,0,0,0,0,0

STAR,DOGU1M,15,5
IF,DOGUR,54.395000,50.320000, ,0.0,0.0,2,7000,0,0,0,0,0,0
TF,LATKI,54.216667,50.465000,0, ,0.0,0.0,0.0,0.0,2,7000,0,0,0,0,0,0
TF,WW147,54.057778,50.295833,0, ,0.0,0.0,0.0,0.0,0,0,0,0,0,0,0,0
TF,WW146,53.968194,50.535833,0, ,0.0,0.0,0.0,0.0,0,0,0,0,0,0,0,0
TF,WW144,53.822861,50.680250,0, ,0.0,0.0,0.0,0.0,0,0,0,0,0,0,0,0
TF,WW143,53.755694,50.207944,2, ,0.0,0.0,0.0,0.0,0,0,0,1,220,0,0,0
TF,WW142,53.721472,50.046444,0, ,0.0,0.0,0.0,0.0,0,0,0,0,0,0,0,0
TF,WW141,53.649889,50.089639,0, ,0.0,0.0,0.0,0.0,2,1900,0,0,0,0,0,0

STAR,DOGU1N,23,5
IF,DOGUR,54.395000,50.320000, ,0.0,0.0,2,7000,0,0,0,0,0,0
TF,LATKI,54.216667,50.465000,0, ,0.0,0.0,0.0,0.0,2,7000,0,0,0,0,0,0
TF,WW228,54.072528,50.464750,0, ,0.0,0.0,0.0,0.0,3,8000,0,1,230,0,0,0
TF,WW227,54.058722,50.723194,0, ,0.0,0.0,0.0,0.0,2,6000,0,0,0,0,0,0
TF,WW226,53.914944,50.721972,0, ,0.0,0.0,0.0,0.0,0,0,0,0,0,0,0,0
TF,WW225,53.851611,50.464361,0, ,0.0,0.0,0.0,0.0,0,0,0,0,0,0,0,0
TF,WW224,53.720583,50.464111,0, ,0.0,0.0,0.0,0.0,0,0,0,1,220,0,0,0
TF,WW222,53.605194,50.463583,0, ,0.0,0.0,0.0,0.0,0,0,0,0,0,0,0,0
TF,WW221,53.576194,50.374250,0, ,0.0,0.0,0.0,0.0,2,1890,0,0,0,0,0,0

STAR,DOGU1P,33,5
IF,DOGUR,54.395000,50.320000, ,0.0,0.0,2,7000,0,0,0,0,0,0
TF,LATKI,54.216667,50.465000,0, ,0.0,0.0,0.0,0.0,2,7000,0,0,0,0,0,0
TF,WW328,54.076111,50.392444,0, ,0.0,0.0,0.0,0.0,3,8000,0,1,230,0,0,0
TF,WW226,53.914944,50.721972,0, ,0.0,0.0,0.0,0.0,0,0,0,0,0,0,0,0
TF,WW327,53.763500,50.232917,2, ,0.0,0.0,0.0,0.0,0,0,0,0,0,0,0,0
TF,WW633,53.349250,50.025278,0, ,0.0,0.0,0.0,0.0,0,0,0,0,0,0,0,0
TF,WW324,53.248361,50.085639,0, ,0.0,0.0,0.0,0.0,0,0,0,1,220,0,0,0
TF,WW322,53.308528,50.293500,1, ,0.0,0.0,0.0,0.0,2,2200,0,1,220,0,0,0
TF,WW321,53.361778,50.261944,0, ,0.0,0.0,0.0,0.0,2,1870,0,0,0,0,0,0

STAR,DOGU1S,05,5
IF,DOGUR,54.395000,50.320000, ,0.0,0.0,2,7000,0,0,0,0,0,0
TF,LATKI,54.216667,50.465000,0, ,0.0,0.0,0.0,0.0,2,7000,0,0,0,0,0,0
TF,WW705,53.672472,50.314583,0, ,0.0,0.0,0.0,0.0,0,0,0,0,0,0,0,0
TF,WW505,53.592750,50.068750,0, ,0.0,0.0,0.0,0.0,0,0,0,0,0,0,0,0
TF,WW493,53.547250,49.929500,0, ,0.0,0.0,0.0,0.0,0,0,0,0,0,0,0,0
TF,WW492,53.480306,49.726111,0, ,0.0,0.0,0.0,0.0,0,0,0,1,220,0,0,0
TF,WW491,53.391306,49.808583,0, ,0.0,0.0,0.0,0.0,0,0,0,0,0,0,0,0
TF,WW205,53.423472,49.906139,0, ,0.0,0.0,0.0,0.0,2,2610,0,0,0,0,0,0

STAR,DOGU1T,15,5
IF,DOGUR,54.395000,50.320000, ,0.0,0.0,2,7000,0,0,0,0,0,0
TF,LATKI,54.216667,50.465000,0, ,0.0,0.0,0.0,0.0,2,7000,0,0,0,0,0,0
TF,WW147,54.057778,50.295833,0, ,0.0,0.0,0.0,0.0,0,0,0,0,0,0,0,0
TF,WW146,53.968194,50.535833,0, ,0.0,0.0,0.0,0.0,0,0,0,0,0,0,0,0
TF,WW144,53.822861,50.680250,0, ,0.0,0.0,0.0,0.0,0,0,0,0,0,0,0,0
TF,WW143,53.755694,50.207944,2, ,0.0,0.0,0.0,0.0,0,0,0,1,220,0,0,0
TF,WW142,53.721472,50.046444,0, ,0.0,0.0,0.0,0.0,0,0,0,0,0,0,0,0
TF,WW141,53.649889,50.089639,0, ,0.0,0.0,0.0,0.0,2,1900,0,0,0,0,0,0

STAR,DOGU1U,23,5
IF,DOGUR,54.395000,50.320000, ,0.0,0.0,2,7000,0,0,0,0,0,0
TF,LATKI,54.216667,50.465000,0, ,0.0,0.0,0.0,0.0,2,7000,0,0,0,0,0,0
TF,WW228,54.072528,50.464750,0, ,0.0,0.0,0.0,0.0,3,8000,0,1,230,0,0,0
TF,WW227,54.058722,50.723194,0, ,0.0,0.0,0.0,0.0,2,6000,0,0,0,0,0,0
TF,WW226,53.914944,50.721972,0, ,0.0,0.0,0.0,0.0,0,0,0,0,0,0,0,0
TF,WW225,53.851611,50.464361,0, ,0.0,0.0,0.0,0.0,0,0,0,0,0,0,0,0
TF,WW224,53.720583,50.464111,0, ,0.0,0.0,0.0,0.0,0,0,0,1,220,0,0,0
TF,WW222,53.605194,50.463583,0, ,0.0,0.0,0.0,0.0,0,0,0,0,0,0,0,0
TF,WW221,53.576194,50.374250,0, ,0.0,0.0,0.0,0.0,2,1890,0,0,0,0,0,0

STAR,DOGU1V,33,5
IF,DOGUR,54.395000,50.320000, ,0.0,0.0,2,7000,0,0,0,0,0,0
TF,LATKI,54.216667,50.465000,0, ,0.0,0.0,0.0,0.0,2,7000,0,0,0,0,0,0
TF,WW328,54.076111,50.392444,0, ,0.0,0.0,0.0,0.0,3,8000,0,1,230,0,0,0
TF,WW226,53.914944,50.721972,0, ,0.0,0.0,0.0,0.0,0,0,0,0,0,0,0,0
TF,WW327,53.763500,50.232917,2, ,0.0,0.0,0.0,0.0,0,0,0,0,0,0,0,0
TF,WW633,53.349250,50.025278,0, ,0.0,0.0,0.0,0.0,0,0,0,0,0,0,0,0
TF,WW324,53.248361,50.085639,0, ,0.0,0.0,0.0,0.0,0,0,0,1,220,0,0,0
TF,WW322,53.308528,50.293500,1, ,0.0,0.0,0.0,0.0,2,2200,0,1,220,0,0,0
TF,WW321,53.361778,50.261944,0, ,0.0,0.0,0.0,0.0,2,1870,0,0,0,0,0,0

STAR,DOGU1W,05,5
IF,DOGUR,54.395000,50.320000, ,0.0,0.0,2,7000,0,0,0,0,0,0
TF,LATKI,54.216667,50.465000,0, ,0.0,0.0,0.0,0.0,2,7000,0,0,0,0,0,0
TF,WW705,53.672472,50.314583,0, ,0.0,0.0,0.0,0.0,0,0,0,0,0,0,0,0
TF,WW505,53.592750,50.068750,0, ,0.0,0.0,0.0,0.0,0,0,0,0,0,0,0,0
TF,WW493,53.547250,49.929500,0, ,0.0,0.0,0.0,0.0,2,2610,0,0,0,0,0,0
VM,53.501111,50.153889,0,229.0,2,2610,0,0,0,0,0,0

STAR,DOGU1Z,33,5
IF,DOGUR,54.395000,50.320000, ,0.0,0.0,2,7000,0,0,0,0,0,0
TF,LATKI,54.216667,50.465000,0, ,0.0,0.0,0.0,0.0,2,7000,0,0,0,0,0,0
TF,WW328,54.076111,50.392444,0, ,0.0,0.0,0.0,0.0,3,8000,0,1,230,0,0,0
TF,WW226,53.914944,50.721972,0, ,0.0,0.0,0.0,0.0,0,0,0,0,0,0,0,0
TF,WW327,53.763500,50.232917,2, ,0.0,0.0,0.0,0.0,2,6000,0,0,0,0,0,0
FM,WW327,53.763500,50.232917,0,MOF,0.0,0.0,231.0,0,0,0,0,0,0,0,0

STAR,GITE1G,05,5
IF,GITEK,52.566667,49.981667, ,0.0,0.0,2,7000,0,0,0,0,0,0
TF,URUKA,53.266667,50.431667,0, ,0.0,0.0,0.0,0.0,2,7000,0,0,0,0,0,0
TF,WW505,53.592750,50.068750,0, ,0.0,0.0,0.0,0.0,0,0,0,0,0,0,0,0
TF,WW493,53.547250,49.929500,0, ,0.0,0.0,0.0,0.0,0,0,0,0,0,0,0,0
TF,WW492,53.480306,49.726111,0, ,0.0,0.0,0.0,0.0,0,0,0,1,220,0,0,0
TF,WW491,53.391306,49.808583,0, ,0.0,0.0,0.0,0.0,0,0,0,0,0,0,0,0
TF,WW205,53.423472,49.906139,0, ,0.0,0.0,0.0,0.0,2,2610,0,0,0,0,0,0

STAR,GITE1H,15,5
IF,GITEK,52.566667,49.981667, ,0.0,0.0,2,7000,0,0,0,0,0,0
TF,URUKA,53.266667,50.431667,0, ,0.0,0.0,0.0,0.0,2,7000,0,0,0,0,0,0
TF,WW148,53.623722,50.286972,0, ,0.0,0.0,0.0,0.0,2,2070,0,0,0,0,0,0
TF,WW143,53.755694,50.207944,0, ,0.0,0.0,0.0,0.0,0,0,0,1,220,0,0,0
TF,WW142,53.721472,50.046444,0, ,0.0,0.0,0.0,0.0,0,0,0,0,0,0,0,0
TF,WW141,53.649889,50.089639,0, ,0.0,0.0,0.0,0.0,2,1900,0,0,0,0,0,0

STAR,GITE1J,23,5
IF,GITEK,52.566667,49.981667, ,0.0,0.0,2,7000,0,0,0,0,0,0
TF,URUKA,53.266667,50.431667,0, ,0.0,0.0,0.0,0.0,2,7000,0,0,0,0,0,0
TF,WW823,53.530333,50.739889,0, ,0.0,0.0,0.0,0.0,2,5000,0,0,0,0,0,0
TF,WW423,53.656806,50.625778,0, ,0.0,0.0,0.0,0.0,0,0,0,1,220,0,0,0
TF,WW222,53.605194,50.463583,0, ,0.0,0.0,0.0,0.0,0,0,0,0,0,0,0,0
TF,WW221,53.576194,50.374250,0, ,0.0,0.0,0.0,0.0,2,1890,0,0,0,0,0,0

STAR,GITE1P,33,5
IF,GITEK,52.566667,49.981667, ,0.0,0.0,2,7000,0,0,0,0,0,0
TF,WW341,52.859722,50.168444,0, ,0.0,0.0,0.0,0.0,0,0,0,0,0,0,0,0
TF,WW833,53.194528,49.901306,0, ,0.0,0.0,0.0,0.0,0,0,0,0,0,0,0,0
TF,WW324,53.248361,50.085639,0, ,0.0,0.0,0.0,0.0,0,0,0,0,0,0,0,0
TF,WW322,53.308528,50.293500,0, ,0.0,0.0,0.0,0.0,2,2200,0,1,220,0,0,0
TF,WW321,53.361778,50.261944,0, ,0.0,0.0,0.0,0.0,2,1870,0,0,0,0,0,0

STAR,GITE1Q,33,5
IF,GITEK,52.566667,49.981667, ,0.0,0.0,2,7000,0,1,250,0,0,0
TF,WW341,52.859722,50.168444,0, ,0.0,0.0,0.0,0.0,0,0,0,0,0,0,0,0
TF,WW833,53.194528,49.901306,0, ,0.0,0.0,0.0,0.0,2,6000,0,0,0,0,0,0
TF,WW533,53.287833,50.132833,0, ,0.0,0.0,0.0,0.0,2,2200,0,0,0,0,0,0

STAR,GITE1R,33,5
IF,GITEK,52.566667,49.981667, ,0.0,0.0,2,7000,0,1,250,0,0,0
TF,URUKA,53.266667,50.431667,0, ,0.0,0.0,0.0,0.0,2,3020,0,0,0,0,0,0

STAR,GITE1S,05,5
IF,GITEK,52.566667,49.981667, ,0.0,0.0,2,7000,0,0,0,0,0,0
TF,URUKA,53.266667,50.431667,0, ,0.0,0.0,0.0,0.0,2,7000,0,0,0,0,0,0
TF,WW505,53.592750,50.068750,0, ,0.0,0.0,0.0,0.0,0,0,0,0,0,0,0,0
TF,WW493,53.547250,49.929500,0, ,0.0,0.0,0.0,0.0,0,0,0,0,0,0,0,0
TF,WW492,53.480306,49.726111,0, ,0.0,0.0,0.0,0.0,0,0,0,1,220,0,0,0
TF,WW491,53.391306,49.808583,0, ,0.0,0.0,0.0,0.0,0,0,0,0,0,0,0,0
TF,WW205,53.423472,49.906139,0, ,0.0,0.0,0.0,0.0,2,2610,0,0,0,0,0,0

STAR,GITE1T,15,5
IF,GITEK,52.566667,49.981667, ,0.0,0.0,2,7000,0,0,0,0,0,0
TF,URUKA,53.266667,50.431667,0, ,0.0,0.0,0.0,0.0,2,7000,0,0,0,0,0,0
TF,WW148,53.623722,50.286972,0, ,0.0,0.0,0.0,0.0,2,2070,0,0,0,0,0,0
TF,WW143,53.755694,50.207944,0, ,0.0,0.0,0.0,0.0,0,0,0,1,220,0,0,0
TF,WW142,53.721472,50.046444,0, ,0.0,0.0,0.0,0.0,0,0,0,0,0,0,0,0
TF,WW141,53.649889,50.089639,0, ,0.0,0.0,0.0,0.0,2,1900,0,0,0,0,0,0

STAR,GITE1U,23,5
IF,GITEK,52.566667,49.981667, ,0.0,0.0,2,7000,0,0,0,0,0,0
TF,URUKA,53.266667,50.431667,0, ,0.0,0.0,0.0,0.0,2,7000,0,0,0,0,0,0
TF,WW823,53.530333,50.739889,0, ,0.0,0.0,0.0,0.0,2,5000,0,0,0,0,0,0
TF,WW423,53.656806,50.625778,0, ,0.0,0.0,0.0,0.0,0,0,0,1,220,0,0,0
TF,WW222,53.605194,50.463583,0, ,0.0,0.0,0.0,0.0,0,0,0,0,0,0,0,0
TF,WW221,53.576194,50.374250,0, ,0.0,0.0,0.0,0.0,2,1890,0,0,0,0,0,0

STAR,GITE1V,33,5
IF,GITEK,52.566667,49.981667, ,0.0,0.0,2,7000,0,0,0,0,0,0
TF,WW341,52.859722,50.168444,0, ,0.0,0.0,0.0,0.0,0,0,0,0,0,0,0,0
TF,WW833,53.194528,49.901306,0, ,0.0,0.0,0.0,0.0,0,0,0,0,0,0,0,0
TF,WW324,53.248361,50.085639,0, ,0.0,0.0,0.0,0.0,0,0,0,0,0,0,0,0
TF,WW322,53.308528,50.293500,0, ,0.0,0.0,0.0,0.0,2,2200,0,1,220,0,0,0
TF,WW321,53.361778,50.261944,0, ,0.0,0.0,0.0,0.0,2,1870,0,0,0,0,0,0

STAR,GITE1W,05,5
IF,GITEK,52.566667,49.981667, ,0.0,0.0,2,7000,0,0,0,0,0,0
TF,URUKA,53.266667,50.431667,0, ,0.0,0.0,0.0,0.0,2,7000,0,0,0,0,0,0
TF,WW505,53.592750,50.068750,0, ,0.0,0.0,0.0,0.0,0,0,0,0,0,0,0,0
TF,WW493,53.547250,49.929500,0, ,0.0,0.0,0.0,0.0,2,2610,0,0,0,0,0,0
VM,53.501111,50.153889,0,229.0,2,2610,0,0,0,0,0,0

STAR,GITE1Z,33,5
IF,GITEK,52.566667,49.981667, ,0.0,0.0,2,7000,0,0,0,0,0,0
TF,WW341,52.859722,50.168444,0, ,0.0,0.0,0.0,0.0,0,0,0,0,0,0,0,0
TF,WW833,53.194528,49.901306,0, ,0.0,0.0,0.0,0.0,0,0,0,0,0,0,0,0
TF,WW324,53.248361,50.085639,0, ,0.0,0.0,0.0,0.0,2,2200,0,1,220,0,0,0
FM,WW324,53.248361,50.085639,0,MOF,0.0,0.0,52.0,0,0,0,0,0,0,0,0

STAR,LATK1A,ALL,2
IF,LATKI,54.216667,50.465000, ,0.0,0.0,2,7000,0,0,0,0,0,0

STAR,LATK1A,05,3
IF,LATKI,54.216667,50.465000, ,0.0,0.0,2,7000,0,0,0,0,0,0
TF,MOF,53.510139,50.177167,0, ,0.0,0.0,0.0,0.0,2,3430,0,0,0,0,0,0

STAR,LATK1A,15,3
IF,LATKI,54.216667,50.465000, ,0.0,0.0,2,7000,0,0,0,0,0,0
TF,MOF,53.510139,50.177167,0, ,0.0,0.0,0.0,0.0,2,3430,0,0,0,0,0,0

STAR,LATK1A,23,3
IF,LATKI,54.216667,50.465000, ,0.0,0.0,2,7000,0,0,0,0,0,0
TF,MOF,53.510139,50.177167,0, ,0.0,0.0,0.0,0.0,2,3430,0,0,0,0,0,0

STAR,LATK1A,33,3
IF,LATKI,54.216667,50.465000, ,0.0,0.0,2,7000,0,0,0,0,0,0
TF,MOF,53.510139,50.177167,0, ,0.0,0.0,0.0,0.0,2,3430,0,0,0,0,0,0

STAR,LATK1B,05,2
IF,LATKI,54.216667,50.465000, ,0.0,0.0,2,7000,0,0,0,0,0,0
TF,BE,53.479500,50.076472,0, ,0.0,0.0,0.0,0.0,2,3430,0,0,0,0,0,0

STAR,LATK1C,15,5
IF,LATKI,54.216667,50.465000, ,0.0,0.0,2,7000,0,1,250,0,0,0
TF,WW415,53.784417,50.008306,0, ,0.0,0.0,0.0,0.0,2,2070,0,0,0,0,0,0

STAR,LATK1F,23,2
IF,LATKI,54.216667,50.465000, ,0.0,0.0,2,7000,0,0,0,0,0,0
TF,FK,53.526278,50.220639,0, ,0.0,0.0,0.0,0.0,2,3430,0,0,0,0,0,0

STAR,LATK1H,15,2
IF,LATKI,54.216667,50.465000, ,0.0,0.0,2,7000,0,0,0,0,0,0
TF,WG,53.553028,50.147833,0, ,0.0,0.0,0.0,0.0,2,3430,0,0,0,0,0,0

STAR,LATK1K,33,2
IF,LATKI,54.216667,50.465000, ,0.0,0.0,2,7000,0,0,0,0,0,0
TF,AZ,53.460917,50.202972,0, ,0.0,0.0,0.0,0.0,2,3430,0,0,0,0,0,0

STAR,LATK1M,05,5
IF,LATKI,54.216667,50.465000, ,0.0,0.0,2,7000,0,1,250,0,0,0
TF,WW705,53.672472,50.314583,0, ,0.0,0.0,0.0,0.0,0,0,0,0,0,0,0,0
TF,WW505,53.592750,50.068750,0, ,0.0,0.0,0.0,0.0,0,0,0,0,0,0,0,0
TF,WW405,53.512500,49.823833,0, ,0.0,0.0,0.0,0.0,0,0,0,0,0,0,0,0
TF,WW305,53.443417,49.790472,0, ,0.0,0.0,0.0,0.0,2,2610,0,0,0,0,0,0

STAR,LATK1N,23,5
IF,LATKI,54.216667,50.465000, ,0.0,0.0,2,7000,0,1,250,0,0,0
TF,WW523,53.657556,50.447806,0, ,0.0,0.0,0.0,0.0,2,2060,0,0,0,0,0,0

STAR,LATK1Q,33,5
IF,LATKI,54.216667,50.465000, ,0.0,0.0,2,7000,0,1,250,0,0,0
TF,WW733,53.512444,50.106583,0, ,0.0,0.0,0.0,0.0,2,6000,0,0,0,0,0,0
TF,WW633,53.349250,50.025278,0, ,0.0,0.0,0.0,0.0,2,2530,0,0,0,0,0,0
TF,WW533,53.287833,50.132833,0, ,0.0,0.0,0.0,0.0,2,2200,0,0,0,0,0,0

STAR,NELS1P,23,5
IF,NELSI,53.278333,51.489444, ,0.0,0.0,2,8000,0,1,250,0,0,0
TF,WW923,53.475056,51.044222,0, ,0.0,0.0,0.0,0.0,2,7000,0,0,0,0,0,0
TF,WW323,53.568083,50.529111,0, ,0.0,0.0,0.0,0.0,2,2060,0,0,0,0,0,0

STAR,NELS1Q,33,5
IF,NELSI,53.278333,51.489444, ,0.0,0.0,2,8000,0,1,250,0,0,0
TF,WW933,53.335694,50.435639,0, ,0.0,0.0,0.0,0.0,2,2200,0,0,0,0,0,0

STAR,NELS1T,23,5
IF,NELSI,53.278333,51.489444, ,0.0,0.0,2,8000,0,1,250,0,0,0
TF,WW923,53.475056,51.044222,0, ,0.0,0.0,0.0,0.0,2,7000,0,0,0,0,0,0
TF,WW423,53.656806,50.625778,0, ,0.0,0.0,0.0,0.0,2,5000,0,0,0,0,0,0

STAR,PILE1B,ALL,2
IF,PILEP,53.485000,50.876667, ,0.0,0.0,2,8000,0,0,0,0,0,0

STAR,PILE1B,05,3
IF,PILEP,53.485000,50.876667, ,0.0,0.0,2,8000,0,0,0,0,0,0
TF,MOF,53.510139,50.177167,0, ,0.0,0.0,0.0,0.0,2,3430,0,0,0,0,0,0

STAR,PILE1B,15,3
IF,PILEP,53.485000,50.876667, ,0.0,0.0,2,8000,0,0,0,0,0,0
TF,MOF,53.510139,50.177167,0, ,0.0,0.0,0.0,0.0,2,3430,0,0,0,0,0,0

STAR,PILE1B,23,3
IF,PILEP,53.485000,50.876667, ,0.0,0.0,2,8000,0,0,0,0,0,0
TF,MOF,53.510139,50.177167,0, ,0.0,0.0,0.0,0.0,2,3430,0,0,0,0,0,0

STAR,PILE1B,33,3
IF,PILEP,53.485000,50.876667, ,0.0,0.0,2,8000,0,0,0,0,0,0
TF,MOF,53.510139,50.177167,0, ,0.0,0.0,0.0,0.0,2,3430,0,0,0,0,0,0

STAR,PILE1C,15,5
IF,PILEP,53.485000,50.876667, ,0.0,0.0,2,8000,0,1,250,0,0,0
TF,WW715,53.598806,50.551806,0, ,0.0,0.0,0.0,0.0,2,7000,0,0,0,0,0,0
TF,WW615,53.707778,50.236694,0, ,0.0,0.0,0.0,0.0,0,0,0,0,0,0,0,0
TF,WW515,53.738611,50.127139,0, ,0.0,0.0,0.0,0.0,2,2070,0,0,0,0,0,0

STAR,PILE1E,05,2
IF,PILEP,53.485000,50.876667, ,0.0,0.0,2,8000,0,0,0,0,0,0
TF,BE,53.479500,50.076472,0, ,0.0,0.0,0.0,0.0,2,3430,0,0,0,0,0,0

STAR,PILE1F,23,2
IF,PILEP,53.485000,50.876667, ,0.0,0.0,2,8000,0,0,0,0,0,0
TF,FK,53.526278,50.220639,0, ,0.0,0.0,0.0,0.0,2,3430,0,0,0,0,0,0

STAR,PILE1G,23,2
IF,PILEP,53.485000,50.876667, ,0.0,0.0,2,8000,0,0,0,0,0,0
TF,F,53.514028,50.182972,0, ,0.0,0.0,0.0,0.0,2,3430,0,0,0,0,0,0

STAR,PILE1H,15,2
IF,PILEP,53.485000,50.876667, ,0.0,0.0,2,8000,0,0,0,0,0,0
TF,WG,53.553028,50.147833,0, ,0.0,0.0,0.0,0.0,2,3430,0,0,0,0,0,0

STAR,PILE1J,15,2
IF,PILEP,53.485000,50.876667, ,0.0,0.0,2,8000,0,0,0,0,0,0
TF,W,53.527167,50.163306,0, ,0.0,0.0,0.0,0.0,2,3430,0,0,0,0,0,0

STAR,PILE1M,05,5
IF,PILEP,53.485000,50.876667, ,0.0,0.0,2,8000,0,1,250,0,0,0
TF,WW705,53.672472,50.314583,0, ,0.0,0.0,0.0,0.0,2,5000,0,0,0,0,0,0
TF,WW505,53.592750,50.068750,0, ,0.0,0.0,0.0,0.0,0,0,0,0,0,0,0,0
TF,WW405,53.512500,49.823833,0, ,0.0,0.0,0.0,0.0,0,0,0,0,0,0,0,0
TF,WW305,53.443417,49.790472,0, ,0.0,0.0,0.0,0.0,2,2610,0,0,0,0,0,0

STAR,PILE1Q,33,5
IF,PILEP,53.485000,50.876667, ,0.0,0.0,2,8000,0,1,250,0,0,0
TF,WW733,53.512444,50.106583,0, ,0.0,0.0,0.0,0.0,2,6000,0,0,0,0,0,0
TF,WW633,53.349250,50.025278,0, ,0.0,0.0,0.0,0.0,2,2530,0,0,0,0,0,0
TF,WW533,53.287833,50.132833,0, ,0.0,0.0,0.0,0.0,2,2200,0,0,0,0,0,0

STAR,PILE1R,33,2
IF,PILEP,53.485000,50.876667, ,0.0,0.0,2,8000,0,0,0,0,0,0
TF,AZ,53.460917,50.202972,0, ,0.0,0.0,0.0,0.0,2,3430,0,0,0,0,0,0

STAR,PILE1S,33,2
IF,PILEP,53.485000,50.876667, ,0.0,0.0,2,8000,0,0,0,0,0,0
TF,A,53.484278,50.188972,0, ,0.0,0.0,0.0,0.0,2,3430,0,0,0,0,0,0

STAR,PILE1W,05,2
IF,PILEP,53.485000,50.876667, ,0.0,0.0,2,8000,0,0,0,0,0,0
TF,B,53.493722,50.120444,0, ,0.0,0.0,0.0,0.0,2,3430,0,0,0,0,0,0

STAR,PIMO1A,ALL,2
IF,PIMON,53.683333,49.431667, ,0.0,0.0,2,7000,0,0,0,0,0,0

STAR,PIMO1A,05,3
IF,PIMON,53.683333,49.431667, ,0.0,0.0,2,7000,0,0,0,0,0,0
TF,MOF,53.510139,50.177167,0, ,0.0,0.0,0.0,0.0,2,3430,0,0,0,0,0,0

STAR,PIMO1A,15,3
IF,PIMON,53.683333,49.431667, ,0.0,0.0,2,7000,0,0,0,0,0,0
TF,MOF,53.510139,50.177167,0, ,0.0,0.0,0.0,0.0,2,3430,0,0,0,0,0,0

STAR,PIMO1A,23,3
IF,PIMON,53.683333,49.431667, ,0.0,0.0,2,7000,0,0,0,0,0,0
TF,MOF,53.510139,50.177167,0, ,0.0,0.0,0.0,0.0,2,3430,0,0,0,0,0,0

STAR,PIMO1A,33,3
IF,PIMON,53.683333,49.431667, ,0.0,0.0,2,7000,0,0,0,0,0,0
TF,MOF,53.510139,50.177167,0, ,0.0,0.0,0.0,0.0,2,3430,0,0,0,0,0,0

STAR,PIMO1B,05,2
IF,PIMON,53.683333,49.431667, ,0.0,0.0,2,7000,0,0,0,0,0,0
TF,BE,53.479500,50.076472,0, ,0.0,0.0,0.0,0.0,2,3430,0,0,0,0,0,0

STAR,PIMO1C,15,5
IF,PIMON,53.683333,49.431667, ,0.0,0.0,2,7000,0,1,250,0,0,0
TF,WW315,53.704278,49.965750,0, ,0.0,0.0,0.0,0.0,2,2070,0,0,0,0,0,0

STAR,PIMO1F,23,2
IF,PIMON,53.683333,49.431667, ,0.0,0.0,2,7000,0,0,0,0,0,0
TF,FK,53.526278,50.220639,0, ,0.0,0.0,0.0,0.0,2,3430,0,0,0,0,0,0

STAR,PIMO1G,23,2
IF,PIMON,53.683333,49.431667, ,0.0,0.0,2,7000,0,0,0,0,0,0
TF,F,53.514028,50.182972,0, ,0.0,0.0,0.0,0.0,2,3430,0,0,0,0,0,0

STAR,PIMO1H,15,2
IF,PIMON,53.683333,49.431667, ,0.0,0.0,2,7000,0,0,0,0,0,0
TF,WG,53.553028,50.147833,0, ,0.0,0.0,0.0,0.0,2,3430,0,0,0,0,0,0

STAR,PIMO1J,15,2
IF,PIMON,53.683333,49.431667, ,0.0,0.0,2,7000,0,0,0,0,0,0
TF,W,53.527167,50.163306,0, ,0.0,0.0,0.0,0.0,2,3430,0,0,0,0,0,0

STAR,PIMO1K,33,2
IF,PIMON,53.683333,49.431667, ,0.0,0.0,2,7000,0,0,0,0,0,0
TF,AZ,53.460917,50.202972,0, ,0.0,0.0,0.0,0.0,2,3430,0,0,0,0,0,0

STAR,PIMO1L,33,2
IF,PIMON,53.683333,49.431667, ,0.0,0.0,2,7000,0,0,0,0,0,0
TF,A,53.484278,50.188972,0, ,0.0,0.0,0.0,0.0,2,3430,0,0,0,0,0,0

STAR,PIMO1M,05,5
IF,PIMON,53.683333,49.431667, ,0.0,0.0,2,7000,0,1,250,0,0,0
TF,WW305,53.443417,49.790472,0, ,0.0,0.0,0.0,0.0,2,2610,0,0,0,0,0,0

STAR,PIMO1N,23,5
IF,PIMON,53.683333,49.431667, ,0.0,0.0,2,7000,0,1,250,0,0,0
TF,WW723,53.558194,49.963000,0, ,0.0,0.0,0.0,0.0,0,0,0,0,0,0,0,0
TF,WW623,53.678028,50.331750,0, ,0.0,0.0,0.0,0.0,0,0,0,0,0,0,0,0
TF,WW523,53.657556,50.447806,0, ,0.0,0.0,0.0,0.0,2,2060,0,0,0,0,0,0

STAR,PIMO1Q,33,5
IF,PIMON,53.683333,49.431667, ,0.0,0.0,2,7000,0,1,250,0,0,0
TF,WW337,53.416278,49.907361,0, ,0.0,0.0,0.0,0.0,0,0,0,0,0,0,0,0
TF,WW633,53.349250,50.025278,0, ,0.0,0.0,0.0,0.0,2,2530,0,0,0,0,0,0
TF,WW533,53.287833,50.132833,0, ,0.0,0.0,0.0,0.0,2,2200,0,0,0,0,0,0

STAR,PIMO1W,05,2
IF,PIMON,53.683333,49.431667, ,0.0,0.0,2,7000,0,0,0,0,0,0
TF,B,53.493722,50.120444,0, ,0.0,0.0,0.0,0.0,2,3430,0,0,0,0,0,0

STAR,RUBE1L,05,5
IF,RUBEK,53.766667,48.865000, ,0.0,0.0,2,7000,0,0,0,0,0,0
TF,PIMON,53.683333,49.431667,0, ,0.0,0.0,0.0,0.0,2,7000,0,0,0,0,0,0
TF,WW495,53.569750,49.561500,0, ,0.0,0.0,0.0,0.0,0,0,0,0,0,0,0,0
TF,WW494,53.657444,49.827361,0, ,0.0,0.0,0.0,0.0,0,0,0,0,0,0,0,0
TF,WW493,53.547250,49.929500,0, ,0.0,0.0,0.0,0.0,0,0,0,0,0,0,0,0
TF,WW492,53.480306,49.726111,0, ,0.0,0.0,0.0,0.0,0,0,0,1,220,0,0,0
TF,WW491,53.391306,49.808583,0, ,0.0,0.0,0.0,0.0,0,0,0,0,0,0,0,0
TF,WW205,53.423472,49.906139,0, ,0.0,0.0,0.0,0.0,2,2610,0,0,0,0,0,0

STAR,RUBE1M,15,5
IF,RUBEK,53.766667,48.865000, ,0.0,0.0,2,7000,0,0,0,0,0,0
TF,PIMON,53.683333,49.431667,0, ,0.0,0.0,0.0,0.0,2,7000,0,0,0,0,0,0
TF,WW495,53.569750,49.561500,0, ,0.0,0.0,0.0,0.0,0,0,0,0,0,0,0,0
TF,WW493,53.547250,49.929500,0, ,0.0,0.0,0.0,0.0,0,0,0,0,0,0,0,0
TF,WW148,53.623722,50.286972,0, ,0.0,0.0,0.0,0.0,2,2070,0,0,0,0,0,0
TF,WW143,53.755694,50.207944,0, ,0.0,0.0,0.0,0.0,0,0,0,1,220,0,0,0
TF,WW142,53.721472,50.046444,0, ,0.0,0.0,0.0,0.0,0,0,0,0,0,0,0,0
TF,WW141,53.649889,50.089639,0, ,0.0,0.0,0.0,0.0,2,1900,0,0,0,0,0,0

STAR,RUBE1N,23,5
IF,RUBEK,53.766667,48.865000, ,0.0,0.0,2,7000,0,0,0,0,0,0
TF,PIMON,53.683333,49.431667,0, ,0.0,0.0,0.0,0.0,2,7000,0,0,0,0,0,0
TF,WW495,53.569750,49.561500,0, ,0.0,0.0,0.0,0.0,0,0,0,0,0,0,0,0
TF,WW493,53.547250,49.929500,0, ,0.0,0.0,0.0,0.0,0,0,0,0,0,0,0,0
TF,WW224,53.720583,50.464111,0, ,0.0,0.0,0.0,0.0,0,0,0,1,220,0,0,0
TF,WW222,53.605194,50.463583,2, ,0.0,0.0,0.0,0.0,0,0,0,0,0,0,0,0
TF,WW221,53.576194,50.374250,0, ,0.0,0.0,0.0,0.0,2,1890,0,0,0,0,0,0

STAR,RUBE1P,33,5
IF,RUBEK,53.766667,48.865000, ,0.0,0.0,2,7000,0,0,0,0,0,0
TF,PIMON,53.683333,49.431667,0, ,0.0,0.0,0.0,0.0,2,7000,0,0,0,0,0,0
TF,WW326,53.718472,49.801722,0, ,0.0,0.0,0.0,0.0,0,0,0,0,0,0,0,0
TF,WW633,53.349250,50.025278,0, ,0.0,0.0,0.0,0.0,0,0,0,0,0,0,0,0
TF,WW324,53.248361,50.085639,0, ,0.0,0.0,0.0,0.0,0,0,0,1,220,0,0,0
TF,WW322,53.308528,50.293500,1, ,0.0,0.0,0.0,0.0,2,2200,0,1,220,0,0,0
TF,WW321,53.361778,50.261944,0, ,0.0,0.0,0.0,0.0,2,1870,0,0,0,0,0,0

STAR,RUBE1S,05,5
IF,RUBEK,53.766667,48.865000, ,0.0,0.0,2,7000,0,0,0,0,0,0
TF,PIMON,53.683333,49.431667,0, ,0.0,0.0,0.0,0.0,2,7000,0,0,0,0,0,0
TF,WW495,53.569750,49.561500,0, ,0.0,0.0,0.0,0.0,0,0,0,0,0,0,0,0
TF,WW494,53.657444,49.827361,0, ,0.0,0.0,0.0,0.0,0,0,0,0,0,0,0,0
TF,WW493,53.547250,49.929500,0, ,0.0,0.0,0.0,0.0,0,0,0,0,0,0,0,0
TF,WW492,53.480306,49.726111,0, ,0.0,0.0,0.0,0.0,0,0,0,1,220,0,0,0
TF,WW491,53.391306,49.808583,0, ,0.0,0.0,0.0,0.0,0,0,0,0,0,0,0,0
TF,WW205,53.423472,49.906139,0, ,0.0,0.0,0.0,0.0,2,2610,0,0,0,0,0,0

STAR,RUBE1T,15,5
IF,RUBEK,53.766667,48.865000, ,0.0,0.0,2,7000,0,0,0,0,0,0
TF,PIMON,53.683333,49.431667,0, ,0.0,0.0,0.0,0.0,2,7000,0,0,0,0,0,0
TF,WW495,53.569750,49.561500,0, ,0.0,0.0,0.0,0.0,0,0,0,0,0,0,0,0
TF,WW493,53.547250,49.929500,0, ,0.0,0.0,0.0,0.0,0,0,0,0,0,0,0,0
TF,WW148,53.623722,50.286972,0, ,0.0,0.0,0.0,0.0,2,2070,0,0,0,0,0,0
TF,WW143,53.755694,50.207944,0, ,0.0,0.0,0.0,0.0,0,0,0,1,220,0,0,0
TF,WW142,53.721472,50.046444,0, ,0.0,0.0,0.0,0.0,0,0,0,0,0,0,0,0
TF,WW141,53.649889,50.089639,0, ,0.0,0.0,0.0,0.0,2,1900,0,0,0,0,0,0

STAR,RUBE1U,23,5
IF,RUBEK,53.766667,48.865000, ,0.0,0.0,2,7000,0,0,0,0,0,0
TF,PIMON,53.683333,49.431667,0, ,0.0,0.0,0.0,0.0,2,7000,0,0,0,0,0,0
TF,WW495,53.569750,49.561500,0, ,0.0,0.0,0.0,0.0,0,0,0,0,0,0,0,0
TF,WW493,53.547250,49.929500,0, ,0.0,0.0,0.0,0.0,0,0,0,0,0,0,0,0
TF,WW224,53.720583,50.464111,0, ,0.0,0.0,0.0,0.0,0,0,0,1,220,0,0,0
TF,WW222,53.605194,50.463583,2, ,0.0,0.0,0.0,0.0,0,0,0,0,0,0,0,0
TF,WW221,53.576194,50.374250,0, ,0.0,0.0,0.0,0.0,2,1890,0,0,0,0,0,0

STAR,RUBE1V,33,5
IF,RUBEK,53.766667,48.865000, ,0.0,0.0,2,7000,0,0,0,0,0,0
TF,PIMON,53.683333,49.431667,0, ,0.0,0.0,0.0,0.0,2,7000,0,0,0,0,0,0
TF,WW326,53.718472,49.801722,0, ,0.0,0.0,0.0,0.0,0,0,0,0,0,0,0,0
TF,WW633,53.349250,50.025278,0, ,0.0,0.0,0.0,0.0,0,0,0,0,0,0,0,0
TF,WW324,53.248361,50.085639,0, ,0.0,0.0,0.0,0.0,0,0,0,1,220,0,0,0
TF,WW322,53.308528,50.293500,1, ,0.0,0.0,0.0,0.0,2,2200,0,1,220,0,0,0
TF,WW321,53.361778,50.261944,0, ,0.0,0.0,0.0,0.0,2,1870,0,0,0,0,0,0

STAR,URUK1G,23,2
IF,URUKA,53.266667,50.431667, ,0.0,0.0,2,7000,0,0,0,0,0,0
TF,F,53.514028,50.182972,0, ,0.0,0.0,0.0,0.0,2,3430,0,0,0,0,0,0

STAR,URUK1H,15,2
IF,URUKA,53.266667,50.431667, ,0.0,0.0,2,7000,0,0,0,0,0,0
TF,WG,53.553028,50.147833,0, ,0.0,0.0,0.0,0.0,2,3430,0,0,0,0,0,0

STAR,URUK1J,15,2
IF,URUKA,53.266667,50.431667, ,0.0,0.0,2,7000,0,0,0,0,0,0
TF,W,53.527167,50.163306,0, ,0.0,0.0,0.0,0.0,2,3430,0,0,0,0,0,0

STAR,URUK1K,33,2
IF,URUKA,53.266667,50.431667, ,0.0,0.0,2,7000,0,0,0,0,0,0
TF,AZ,53.460917,50.202972,0, ,0.0,0.0,0.0,0.0,2,3430,0,0,0,0,0,0

STAR,URUK1L,33,2
IF,URUKA,53.266667,50.431667, ,0.0,0.0,2,7000,0,0,0,0,0,0
TF,A,53.484278,50.188972,0, ,0.0,0.0,0.0,0.0,2,3430,0,0,0,0,0,0

STAR,URUK1M,05,5
IF,URUKA,53.266667,50.431667, ,0.0,0.0,2,7000,0,1,250,0,0,0
TF,WW605,53.376111,50.310639,0, ,0.0,0.0,0.0,0.0,2,5000,0,0,0,0,0,0
TF,WW505,53.592750,50.068750,0, ,0.0,0.0,0.0,0.0,0,0,0,0,0,0,0,0
TF,WW405,53.512500,49.823833,0, ,0.0,0.0,0.0,0.0,0,0,0,0,0,0,0,0
TF,WW305,53.443417,49.790472,0, ,0.0,0.0,0.0,0.0,2,2610,0,0,0,0,0,0

STAR,URUK1N,23,5
IF,URUKA,53.266667,50.431667, ,0.0,0.0,2,7000,0,1,250,0,0,0
TF,WW822,53.413722,50.603000,0, ,0.0,0.0,0.0,0.0,2,5000,0,0,0,0,0,0
TF,WW823,53.530333,50.739889,0, ,0.0,0.0,0.0,0.0,0,0,0,0,0,0,0,0
TF,WW323,53.568083,50.529111,1, ,0.0,0.0,0.0,0.0,2,2060,0,0,0,0,0,0

STAR,URUK1Q,23,5
IF,URUKA,53.266667,50.431667, ,0.0,0.0,2,7000,0,1,250,0,0,0
TF,WW823,53.530333,50.739889,0, ,0.0,0.0,0.0,0.0,0,0,0,0,0,0,0,0
TF,WW423,53.656806,50.625778,0, ,0.0,0.0,0.0,0.0,2,5000,0,0,0,0,0,0

STAR,URUK1R,ALL,2
IF,URUKA,53.266667,50.431667, ,0.0,0.0,2,7000,0,0,0,0,0,0

STAR,URUK1R,05,3
IF,URUKA,53.266667,50.431667, ,0.0,0.0,2,7000,0,0,0,0,0,0
TF,MOF,53.510139,50.177167,0, ,0.0,0.0,0.0,0.0,2,3430,0,0,0,0,0,0

STAR,URUK1R,15,3
IF,URUKA,53.266667,50.431667, ,0.0,0.0,2,7000,0,0,0,0,0,0
TF,MOF,53.510139,50.177167,0, ,0.0,0.0,0.0,0.0,2,3430,0,0,0,0,0,0

STAR,URUK1R,23,3
IF,URUKA,53.266667,50.431667, ,0.0,0.0,2,7000,0,0,0,0,0,0
TF,MOF,53.510139,50.177167,0, ,0.0,0.0,0.0,0.0,2,3430,0,0,0,0,0,0

STAR,URUK1R,33,3
IF,URUKA,53.266667,50.431667, ,0.0,0.0,2,7000,0,0,0,0,0,0
TF,MOF,53.510139,50.177167,0, ,0.0,0.0,0.0,0.0,2,3430,0,0,0,0,0,0

STAR,URUK1S,05,2
IF,URUKA,53.266667,50.431667, ,0.0,0.0,2,7000,0,0,0,0,0,0
TF,BE,53.479500,50.076472,0, ,0.0,0.0,0.0,0.0,2,3430,0,0,0,0,0,0

STAR,URUK1U,05,2
IF,URUKA,53.266667,50.431667, ,0.0,0.0,2,7000,0,0,0,0,0,0
TF,B,53.493722,50.120444,0, ,0.0,0.0,0.0,0.0,2,3430,0,0,0,0,0,0

STAR,URUK1V,15,5
IF,URUKA,53.266667,50.431667, ,0.0,0.0,2,7000,0,1,250,0,0,0
TF,WW615,53.707778,50.236694,0, ,0.0,0.0,0.0,0.0,0,0,0,0,0,0,0,0
TF,WW515,53.738611,50.127139,0, ,0.0,0.0,0.0,0.0,2,2070,0,0,0,0,0,0

STAR,URUK1W,23,2
IF,URUKA,53.266667,50.431667, ,0.0,0.0,2,7000,0,0,0,0,0,0
TF,FK,53.526278,50.220639,0, ,0.0,0.0,0.0,0.0,2,3430,0,0,0,0,0,0

APPTR,D05,05,MOF1
IF,MOF,53.510139,50.177167, ,0.0,0.0,1,3430,0,1,225,0,1,0
FD,MOF,53.510139,50.177167,0,MOF,0.0,12.6,247.0,12.6,1,2610,0,0,0,0,0,0
CF,CD05,53.411300,49.867319,1,MOF,230.0,12.6,50.0,1.0,1,2610,0,0,0,0,0,0

APPTR,D05,05,MOF2
IF,MOF,53.510139,50.177167, ,0.0,0.0,1,3430,0,1,225,0,1,0
FD,MOF,53.510139,50.177167,0,MOF,0.0,12.6,237.0,12.6,1,2610,0,0,0,0,0,0
CF,CD05,53.411300,49.867319,1,MOF,230.0,12.6,50.0,1.0,1,2610,0,0,0,0,0,0

FINAL,D05,05,D,3
IF,CD05,53.411300,49.867319,MOF,230.0,12.6,1,2610,0,0,0,0,0,0
CF,FD05,53.457681,50.012225,0,MOF,230.0,6.7,50.0,5.9,1,2120,0,0,0,0,2,0
CF,RW05,53.498394,50.134928,0,MOF,233.0,1.7,50.0,5.0,1,534,0,0,0,0,3,0
FD,RW05,53.498394,50.134928,0,MOF,233.0,4.0,50.0,4.0,0,0,0,0,0,0,0,0
DF,MOF,53.510139,50.177167,1, ,0.0,0.0,2,2610,0,1,225,0,0,0

APPTR,D15,15,MOF
IF,MOF,53.510139,50.177167, ,0.0,0.0,1,3430,0,1,240,0,1,0
FD,MOF,53.510139,50.177167,0,MOF,0.0,10.6,336.0,10.6,1,2390,0,0,0,0,0,0
CF,FD15,53.596525,50.118483,1,MOF,326.0,5.6,146.0,5.0,1,1900,0,0,0,0,0,0

FINAL,D15,15,D,3
IF,FD15,53.596525,50.118483,MOF,326.0,5.6,1,1900,0,0,0,0,2,0
CF,24VOR,53.547164,50.152044,0,MOF,326.0,2.4,146.0,3.2,2,1000,0,0,0,0,0,0
CF,RW15,53.518564,50.168486,0,MOF,316.4,0.6,146.0,1.8,1,470,0,0,0,0,3,0
FD,RW15,53.518564,50.168486,0,MOF,316.4,4.1,146.0,4.1,0,0,0,0,0,0,0,0
DF,MOF,53.510139,50.177167,1, ,0.0,0.0,2,2390,0,1,240,0,0,0

FINAL,D23,23,D,2
IF,FD23,53.551531,50.288542,MOF,46.0,4.7,1,1890,0,1,225,0,2,0
CF,MOF,53.510139,50.177167,0,MOF,0.0,0.0,226.0,4.7,1,544,0,0,0,0,3,0
FD,MOF,53.510139,50.177167,0,MOF,0.0,4.6,226.0,4.6,0,0,0,0,0,0,0,0
DF,MOF,53.510139,50.177167,2, ,0.0,0.0,2,2390,0,1,225,0,0,0

APPTR,D33,33,MOF1
IF,MOF,53.510139,50.177167, ,0.0,0.0,1,3430,0,1,215,0,1,0
FD,MOF,53.510139,50.177167,0,MOF,0.0,11.0,168.0,11.0,1,2360,0,0,0,0,0,0
CF,FD33,53.415169,50.228808,1,MOF,150.0,6.0,330.0,5.0,1,1870,0,0,0,0,0,0

APPTR,D33,33,MOF2
IF,MOF,53.510139,50.177167, ,0.0,0.0,1,3430,0,1,215,0,1,0
FD,MOF,53.510139,50.177167,0,MOF,0.0,11.0,159.0,11.0,1,2360,0,0,0,0,0,0
CF,FD33,53.415169,50.228808,1,MOF,150.0,6.0,330.0,5.0,1,1870,0,0,0,0,0,0

FINAL,D33,33,D,3
IF,FD33,53.415169,50.228808,MOF,150.0,6.0,1,1870,0,0,0,0,2,0
CF,32VOR,53.459492,50.204736,0,MOF,150.0,3.2,330.0,2.8,2,1050,0,0,0,0,0,0
CF,RW33,53.493164,50.183675,0,MOF,155.1,1.1,330.0,2.2,1,438,0,0,0,0,3,0
FD,RW33,53.493164,50.183675,0,MOF,155.1,4.3,330.0,4.3,0,0,0,0,0,0,0,0
DF,MOF,53.510139,50.177167,1, ,0.0,0.0,2,2360,0,1,215,0,0,0

FINAL,I05-W,05,I,3
IF,WW205,53.423472,49.906139,IBE,229.4,11.1,2,2610,0,1,220,0,0,0
CF,FF05,53.459167,50.015000,0,IBE,229.4,6.6,49.0,4.5,1,2120,0,0,0,0,2,0
CF,RW05,53.498394,50.134928,0,IBE,229.4,1.7,49.0,4.9,1,534,0,0,0,0,3,0
CF,WW051,53.553944,50.305778,0,MOF,48.2,5.3,49.0,7.0,0,0,0,1,210,0,0,0
TF,WW061,53.643222,50.224083,0, ,0.0,0.0,0.0,0.0,0,0,0,0,0,0,0,0
TF,WW071,53.603806,49.787389,0, ,0.0,0.0,0.0,0.0,2,2610,0,1,220,0,0,0

APPTR,I05-X,05,MOF1
IF,MOF,53.510139,50.177167, ,0.0,0.0,1,3430,0,1,225,0,1,0
FD,MOF,53.510139,50.177167,0,MOF,0.0,10.5,249.0,10.5,1,2610,0,0,0,0,0,0
CF,CF05,53.451150,49.990247,1,IBE,229.4,7.6,49.0,4.0,1,2120,0,0,0,0,0,0

APPTR,I05-X,05,MOF2
IF,MOF,53.510139,50.177167, ,0.0,0.0,1,3430,0,1,225,0,1,0
FD,MOF,53.510139,50.177167,0,MOF,0.0,10.5,238.0,10.5,1,2610,0,0,0,0,0,0
CF,CF05,53.451150,49.990247,1,IBE,229.4,7.6,49.0,4.0,1,2120,0,0,0,0,0,0

FINAL,I05-X,05,I,3
IF,CF05,53.451150,49.990247,IBE,229.4,7.6,1,2120,0,1,225,0,0,0
CF,FF05,53.459167,50.015000,0,IBE,229.4,6.6,49.0,1.0,1,2120,0,0,0,0,2,0
CF,RW05,53.498394,50.134928,0,IBE,229.4,1.7,49.0,4.9,1,534,0,0,0,0,3,0
FD,RW05,53.498394,50.134928,0,MOF,233.0,4.0,49.0,4.0,0,0,0,0,0,0,0,0
DF,MOF,53.510139,50.177167,1, ,0.0,0.0,2,2610,0,1,225,0,0,0

APPTR,I05-Y,05,BE1
IF,BE,53.479500,50.076472, ,0.0,0.0,1,3430,0,1,225,0,1,0
FC,BE,53.479500,50.076472,0,MOF,0.0,0.0,256.0,8.6,1,2610,0,0,0,0,0,1
CF,CF05,53.451150,49.990247,1,IBE,229.4,7.6,49.0,5.0,1,2120,0,0,0,0,0,0

APPTR,I05-Y,05,BE2
IF,BE,53.479500,50.076472, ,0.0,0.0,1,3430,0,1,225,0,1,0
FC,BE,53.479500,50.076472,0,MOF,0.0,0.0,241.0,8.2,1,2610,0,0,0,0,0,1
CF,CF05,53.451150,49.990247,1,IBE,229.4,7.6,49.0,5.0,1,2120,0,0,0,0,0,0

FINAL,I05-Y,05,I,3
IF,CF05,53.451150,49.990247,IBE,229.4,7.6,1,2120,0,1,225,0,0,0
CF,FF05,53.459167,50.015000,0,IBE,229.4,6.6,49.0,1.0,1,2120,0,0,0,0,2,0
CF,RW05,53.498394,50.134928,0,IBE,229.4,1.7,49.0,4.9,1,534,0,0,0,0,3,0
CA,0,49.0,2,2120,0,0,0,0,0,0
DF,BE,53.479500,50.076472,1, ,0.0,0.0,2,2610,0,1,225,0,0,0

APPTR,I05-Z,05,WW305
IF,WW305,53.443417,49.790472, ,0.0,0.0,2,2610,0,0,0,0,1,0
TF,WW205,53.423472,49.906139,0,IBE,0.0,0.0,0.0,0.0,2,2610,0,0,0,0,1,0

FINAL,I05-Z,05,I,3
IF,WW205,53.423472,49.906139,IBE,229.4,11.1,2,2610,0,0,0,0,0,0
CF,FF05,53.459167,50.015000,0,IBE,229.4,6.6,49.0,4.5,1,2120,0,0,0,0,2,0
CF,RW05,53.498394,50.134928,0,IBE,229.4,1.7,49.0,4.9,1,534,0,0,0,0,3,0
CF,WW051,53.553944,50.305778,0,MOF,48.2,5.3,49.0,7.0,0,0,0,1,210,0,0,0
TF,WW061,53.643222,50.224083,0, ,0.0,0.0,0.0,0.0,0,0,0,0,0,0,0,0
TF,WW071,53.603806,49.787389,0, ,0.0,0.0,0.0,0.0,2,2610,0,1,220,0,0,0
TF,WW305,53.443417,49.790472,0, ,0.0,0.0,0.0,0.0,2,2610,0,0,0,0,0,0

FINAL,I15-W,15,I,3
IF,WW141,53.649889,50.089639,IWG,328.4,10.5,2,1900,0,1,220,0,0,0
CF,FF15,53.596389,50.121667,0,IWG,328.3,7.1,148.0,3.4,1,1900,0,0,0,0,2,0
CF,RW15,53.518564,50.168486,0,IWG,328.4,2.2,148.0,5.0,1,470,0,0,0,0,3,0
CA,0,148.0,2,1080,0,1,220,0,0,0
DF,WW016,53.591278,49.876361,2, ,0.0,0.0,2,2560,0,1,220,0,0,0

APPTR,I15-X,15,MOF
IF,MOF,53.510139,50.177167, ,0.0,0.0,1,3430,0,1,215,0,1,0
FD,MOF,53.510139,50.177167,0,MOF,0.0,9.3,337.0,9.3,1,2390,0,0,0,0,0,0
CF,CF15,53.611400,50.112839,1,IWG,328.4,8.1,148.0,2.0,1,1900,0,0,0,0,0,0

FINAL,I15-X,15,I,3
IF,CF15,53.611400,50.112839,IWG,328.4,8.1,1,1900,0,1,215,0,0,0
CF,FF15,53.596389,50.121667,0,IWG,328.3,7.1,148.0,1.0,1,1900,0,0,0,0,2,0
CF,RW15,53.518564,50.168486,0,IWG,328.4,2.2,148.0,5.0,1,470,0,0,0,0,3,0
FD,RW15,53.518564,50.168486,0,MOF,316.5,4.1,148.0,4.1,0,0,0,0,0,0,0,0
DF,MOF,53.510139,50.177167,1, ,0.0,0.0,2,2390,0,1,215,0,0,0

FINAL,I15-Y,15,I,3
IF,CF15,53.611400,50.112839,IWG,328.4,8.1,1,1900,0,1,215,0,0,0
CF,FF15,53.596389,50.121667,0,IWG,328.3,7.1,148.0,1.0,1,1900,0,0,0,0,2,0
CF,RW15,53.518564,50.168486,0,IWG,328.4,2.2,148.0,5.0,1,470,0,0,0,0,3,0
CA,0,148.0,2,1410,0,0,0,0,0,0
DF,WG,53.553028,50.147833,1, ,0.0,0.0,2,2390,0,1,215,0,0,0

APPTR,I15-Z,15,WW315
IF,WW315,53.704278,49.965750, ,0.0,0.0,2,2070,0,0,0,0,1,0
TF,WW215,53.673611,50.075333,0,IWG,0.0,0.0,0.0,0.0,1,1900,0,0,0,0,1,0

APPTR,I15-Z,15,WW415
IF,WW415,53.784417,50.008306, ,0.0,0.0,2,2070,0,0,0,0,1,0
TF,WW215,53.673611,50.075333,0,IWG,0.0,0.0,0.0,0.0,1,1900,0,0,0,0,1,0

APPTR,I15-Z,15,WW515
IF,WW515,53.738611,50.127139, ,0.0,0.0,2,2070,0,0,0,0,1,0
TF,WW215,53.673611,50.075333,0,IWG,0.0,0.0,0.0,0.0,1,1900,0,0,0,0,1,0

FINAL,I15-Z,15,I,3
IF,WW215,53.673611,50.075333,IWG,328.4,12.0,1,1900,0,0,0,0,0,0
CF,FF15,53.596389,50.121667,0,IWG,328.3,7.1,148.0,4.9,1,1900,0,0,0,0,2,0
CF,RW15,53.518564,50.168486,0,IWG,328.4,2.2,148.0,5.0,1,470,0,0,0,0,3,0
CA,0,148.0,2,1080,0,1,220,0,0,0
DF,WW016,53.591278,49.876361,2, ,0.0,0.0,2,2560,0,1,220,0,0,0
TF,WW315,53.704278,49.965750,0, ,0.0,0.0,0.0,0.0,0,0,0,0,0,0,0,0

FINAL,I23-W,23,I,3
IF,WW221,53.576194,50.374250,IFK,49.3,10.3,2,1890,0,1,220,0,0,0
CF,FF23,53.548889,50.290556,0,IFK,49.4,6.9,229.0,3.4,1,1890,0,0,0,0,2,0
CF,RW23,53.509397,50.168708,0,IFK,49.3,2.0,229.0,5.0,1,463,0,0,0,0,3,0
CF,WW024,53.469056,50.045111,0,MOF,230.5,5.3,229.0,5.1,0,0,0,1,220,0,0,0
TF,WW723,53.558194,49.963000,0, ,0.0,0.0,0.0,0.0,0,0,0,0,0,0,0,0
TF,WW026,53.755139,50.245694,0, ,0.0,0.0,0.0,0.0,2,2060,0,1,220,0,0,0

FINAL,I23-X,23,I,3
IF,CF23,53.556472,50.313731,IFK,49.3,7.9,1,1890,0,1,200,0,0,0
CF,FF23,53.548889,50.290556,0,IFK,49.4,6.9,229.0,1.0,1,1890,0,0,0,0,2,0
CF,RW23,53.509397,50.168708,0,IFK,49.3,2.0,229.0,5.0,1,463,0,0,0,0,3,0
FD,RW23,53.509397,50.168708,0,MOF,249.6,4.6,229.0,4.6,0,0,0,0,0,0,0,0
DF,MOF,53.510139,50.177167,2, ,0.0,0.0,2,2390,0,1,200,0,0,0

FINAL,I23-Y,23,I,3
IF,CF23,53.556472,50.313731,IFK,49.3,7.9,1,1890,0,1,215,0,0,0
CF,FF23,53.548889,50.290556,0,IFK,49.4,6.9,229.0,1.0,1,1890,0,0,0,0,2,0
CF,RW23,53.509397,50.168708,0,IFK,49.3,2.0,229.0,5.0,1,463,0,0,0,0,3,0
CA,0,229.0,2,1400,0,0,0,0,0,0
DF,FK,53.526278,50.220639,2, ,0.0,0.0,2,2390,0,1,215,0,0,0

APPTR,I23-Z,23,WW323
IF,WW323,53.568083,50.529111, ,0.0,0.0,2,2060,0,0,0,0,1,0
TF,WW223,53.588639,50.413306,0,IFK,0.0,0.0,0.0,0.0,2,1890,0,0,0,0,1,0

APPTR,I23-Z,23,WW423
IF,WW423,53.656806,50.625778, ,0.0,0.0,2,5000,0,0,0,0,1,0
TF,WW223,53.588639,50.413306,0,IFK,0.0,0.0,0.0,0.0,2,1890,0,0,0,0,1,0

APPTR,I23-Z,23,WW523
IF,WW523,53.657556,50.447806, ,0.0,0.0,2,2060,0,0,0,0,1,0
TF,WW223,53.588639,50.413306,0,IFK,0.0,0.0,0.0,0.0,2,1890,0,0,0,0,1,0

FINAL,I23-Z,23,I,3
IF,WW223,53.588639,50.413306,IFK,49.3,11.9,2,1890,0,0,0,0,0,0
CF,FF23,53.548889,50.290556,0,IFK,49.4,6.9,229.0,5.0,1,1890,0,0,0,0,2,0
CF,RW23,53.509397,50.168708,0,IFK,49.3,2.0,229.0,5.0,1,463,0,0,0,0,3,0
CF,WW024,53.469056,50.045111,0,MOF,230.5,5.3,229.0,5.1,0,0,0,1,220,0,0,0
TF,WW723,53.558194,49.963000,0, ,0.0,0.0,0.0,0.0,0,0,0,0,0,0,0,0
TF,WW026,53.755139,50.245694,0, ,0.0,0.0,0.0,0.0,2,2060,0,1,220,0,0,0
TF,WW523,53.657556,50.447806,0, ,0.0,0.0,0.0,0.0,2,2060,0,0,0,0,0,0

FINAL,I33-W,33,I,3
IF,WW321,53.361778,50.261944,IAZ,148.4,10.5,2,1870,0,1,220,0,0,0
CF,FF33,53.415278,50.230000,0,IAZ,148.4,7.1,328.0,3.4,1,1870,0,0,0,0,2,0
CF,RW33,53.493164,50.183675,0,IAZ,148.4,2.1,328.0,5.0,1,438,0,0,0,0,3,0
CA,0,328.0,2,1050,0,1,220,0,0,0
DF,WW337,53.416278,49.907361,1, ,0.0,0.0,2,2530,0,1,220,0,0,0

APPTR,I33-X,33,MOF1
IF,MOF,53.510139,50.177167, ,0.0,0.0,1,3430,0,1,220,0,1,0
FD,MOF,53.510139,50.177167,0,MOF,0.0,9.8,170.0,9.8,1,2360,0,0,0,0,0,0
CF,CF33,53.400258,50.239064,1,IAZ,148.4,8.1,328.0,3.0,1,1870,0,0,0,0,0,0

APPTR,I33-X,33,MOF2
IF,MOF,53.510139,50.177167, ,0.0,0.0,1,3430,0,1,220,0,1,0
FD,MOF,53.510139,50.177167,0,MOF,0.0,9.8,158.0,9.8,1,2360,0,0,0,0,0,0
CF,CF33,53.400258,50.239064,1,IAZ,148.4,8.1,328.0,3.0,1,1870,0,0,0,0,0,0

FINAL,I33-X,33,I,3
IF,CF33,53.400258,50.239064,IAZ,148.4,8.1,1,1870,0,1,220,0,0,0
CF,FF33,53.415278,50.230000,0,IAZ,148.4,7.1,328.0,1.0,1,1870,0,0,0,0,2,0
CF,RW33,53.493164,50.183675,0,IAZ,148.4,2.1,328.0,5.0,1,438,0,0,0,0,3,0
FD,RW33,53.493164,50.183675,0,MOF,155.1,4.3,328.0,4.3,0,0,0,0,0,0,0,0
DF,MOF,53.510139,50.177167,1, ,0.0,0.0,2,2360,0,1,220,0,0,0

APPTR,I33-Y,33,AZ1
IF,AZ,53.460917,50.202972, ,0.0,0.0,1,3430,0,1,225,0,1,0
FC,AZ,53.460917,50.202972,0,MOF,0.0,0.0,182.0,7.2,1,2360,0,0,0,0,0,1
CF,CF33,53.400258,50.239064,1,IAZ,148.4,8.1,328.0,3.0,1,1870,0,0,0,0,0,0

APPTR,I33-Y,33,AZ2
IF,AZ,53.460917,50.202972, ,0.0,0.0,1,3430,0,1,225,0,1,0
FC,AZ,53.460917,50.202972,0,MOF,0.0,0.0,164.0,6.7,1,2360,0,0,0,0,0,1
CF,CF33,53.400258,50.239064,1,IAZ,148.4,8.1,328.0,3.0,1,1870,0,0,0,0,0,0

FINAL,I33-Y,33,I,3
IF,CF33,53.400258,50.239064,IAZ,148.4,8.1,1,1870,0,1,225,0,0,0
CF,FF33,53.415278,50.230000,0,IAZ,148.4,7.1,328.0,1.0,1,1870,0,0,0,0,2,0
CF,RW33,53.493164,50.183675,0,IAZ,148.4,2.1,328.0,5.0,1,438,0,0,0,0,3,0
CA,0,328.0,2,2030,0,0,0,0,0,0
DF,AZ,53.460917,50.202972,1, ,0.0,0.0,2,2360,0,1,225,0,0,0

APPTR,I33-Z,33,URUKA
IF,URUKA,53.266667,50.431667, ,0.0,0.0,2,3020,0,0,0,0,1,0
TF,WW433,53.343722,50.272639,0,IAZ,0.0,0.0,0.0,0.0,2,2200,0,1,205,0,1,0

APPTR,I33-Z,33,WW533
IF,WW533,53.287833,50.132833, ,0.0,0.0,2,2200,0,0,0,0,1,0
TF,WW433,53.343722,50.272639,0,IAZ,0.0,0.0,0.0,0.0,2,2200,0,1,205,0,1,0

APPTR,I33-Z,33,WW933
IF,WW933,53.335694,50.435639, ,0.0,0.0,2,2200,0,0,0,0,1,0
TF,WW433,53.343722,50.272639,0,IAZ,0.0,0.0,0.0,0.0,2,2200,0,1,205,0,1,0

FINAL,I33-Z,33,I,3
IF,WW433,53.343722,50.272639,IAZ,148.4,11.7,2,2200,0,1,205,0,0,0
CF,FF33,53.415278,50.230000,0,IAZ,148.4,7.1,328.0,4.6,1,1870,0,0,0,0,2,0
CF,RW33,53.493164,50.183675,0,IAZ,148.4,2.1,328.0,5.0,1,438,0,0,0,0,3,0
CA,0,328.0,2,1050,0,1,220,0,0,0
DF,WW337,53.416278,49.907361,1, ,0.0,0.0,2,2530,0,0,0,0,0,0
TF,WW533,53.287833,50.132833,0, ,0.0,0.0,0.0,0.0,0,0,0,0,0,0,0,0

APPTR,J05,05,WW305
IF,WW305,53.443417,49.790472, ,0.0,0.0,2,2610,0,0,0,0,1,0
TF,WW205,53.423472,49.906139,0,G05A,0.0,0.0,0.0,0.0,2,2610,0,0,0,0,1,0

FINAL,J05,05,G,3
IF,WW205,53.423472,49.906139,G05A,0.0,0.0,2,2610,0,0,0,0,0,0
TF,WW005,53.459139,50.014944,0,G05A,0.0,0.0,49.0,4.3,1,2120,0,0,0,0,2,0
TF,RW05,53.498394,50.134928,0,G05A,0.0,0.0,49.0,5.0,1,534,0,0,0,0,3,1
CF,WW051,53.553944,50.305778,0,MOF,48.2,5.3,49.0,7.0,0,0,0,1,210,0,0,0
TF,WW061,53.643222,50.224083,0, ,0.0,0.0,0.0,0.0,0,0,0,0,0,0,0,0
TF,WW071,53.603806,49.787389,0, ,0.0,0.0,0.0,0.0,2,2610,0,1,220,0,0,0
TF,WW305,53.443417,49.790472,0, ,0.0,0.0,0.0,0.0,2,2610,0,0,0,0,0,0

FINAL,J05-Y,05,G,3
IF,WW205,53.423472,49.906139,G05A,0.0,0.0,2,2610,0,1,220,0,0,0
TF,WW005,53.459139,50.014944,0,G05A,0.0,0.0,49.0,4.5,1,2120,0,0,0,0,2,0
TF,RW05,53.498394,50.134928,0,G05A,0.0,0.0,49.0,4.9,1,534,0,0,0,0,3,1
CF,WW051,53.553944,50.305778,0,MOF,48.2,5.3,49.0,7.0,0,0,0,1,210,0,0,0
TF,WW061,53.643222,50.224083,0, ,0.0,0.0,0.0,0.0,0,0,0,0,0,0,0,0
TF,WW071,53.603806,49.787389,0, ,0.0,0.0,0.0,0.0,2,2610,0,1,220,0,0,0

APPTR,J15,15,WW315
IF,WW315,53.704278,49.965750, ,0.0,0.0,2,2070,0,0,0,0,1,0
TF,WW215,53.673611,50.075333,0,G15A,0.0,0.0,0.0,0.0,2,1900,0,0,0,0,1,0

APPTR,J15,15,WW415
IF,WW415,53.784417,50.008306, ,0.0,0.0,2,2070,0,0,0,0,1,0
TF,WW215,53.673611,50.075333,0,G15A,0.0,0.0,0.0,0.0,2,1900,0,0,0,0,1,0

APPTR,J15,15,WW515
IF,WW515,53.738611,50.127139, ,0.0,0.0,2,2070,0,0,0,0,1,0
TF,WW215,53.673611,50.075333,0,G15A,0.0,0.0,0.0,0.0,2,1900,0,0,0,0,1,0

FINAL,J15,15,G,3
IF,WW215,53.673611,50.075333,G15A,0.0,0.0,2,1900,0,0,0,0,0,0
TF,WW015,53.596417,50.121750,0,G15A,0.0,0.0,148.0,4.9,1,1900,0,0,0,0,2,0
TF,RW15,53.518564,50.168486,0,G15A,0.0,0.0,148.0,5.0,1,470,0,0,0,0,3,1
CA,0,148.0,2,1080,0,1,220,0,0,0
DF,WW016,53.591278,49.876361,2, ,0.0,0.0,2,2560,0,1,220,0,0,0
TF,WW315,53.704278,49.965750,0, ,0.0,0.0,0.0,0.0,0,0,0,0,0,0,0,0

FINAL,J15-Y,15,G,3
IF,WW141,53.649889,50.089639,G15A,0.0,0.0,2,1900,0,1,220,0,0,0
TF,WW015,53.596417,50.121750,0,G15A,0.0,0.0,148.0,3.4,1,1900,0,0,0,0,2,0
TF,RW15,53.518564,50.168486,0,G15A,0.0,0.0,148.0,5.0,1,470,0,0,0,0,3,1
CA,0,148.0,2,1080,0,1,220,0,0,0
DF,WW016,53.591278,49.876361,2, ,0.0,0.0,2,2560,0,1,220,0,0,0

APPTR,J23,23,WW323
IF,WW323,53.568083,50.529111, ,0.0,0.0,2,2060,0,0,0,0,1,0
TF,WW223,53.588639,50.413306,0,G23A,0.0,0.0,0.0,0.0,2,1890,0,0,0,0,1,0

APPTR,J23,23,WW423
IF,WW423,53.656806,50.625778, ,0.0,0.0,2,5000,0,0,0,0,1,0
TF,WW223,53.588639,50.413306,0,G23A,0.0,0.0,0.0,0.0,2,1890,0,0,0,0,1,0

APPTR,J23,23,WW523
IF,WW523,53.657556,50.447806, ,0.0,0.0,2,2060,0,0,0,0,1,0
TF,WW223,53.588639,50.413306,0,G23A,0.0,0.0,0.0,0.0,2,1890,0,0,0,0,1,0

FINAL,J23,23,G,3
IF,WW223,53.588639,50.413306,G23A,0.0,0.0,2,1890,0,0,0,0,0,0
TF,WW023,53.548833,50.290472,0,G23A,0.0,0.0,229.0,5.0,1,1890,0,0,0,0,2,0
TF,RW23,53.509397,50.168708,0,G23A,0.0,0.0,229.0,5.0,1,463,0,0,0,0,3,1
CF,WW024,53.469056,50.045111,0,MOF,230.5,5.3,229.0,5.1,0,0,0,1,220,0,0,0
TF,WW723,53.558194,49.963000,0, ,0.0,0.0,0.0,0.0,0,0,0,0,0,0,0,0
TF,WW026,53.755139,50.245694,0, ,0.0,0.0,0.0,0.0,2,2060,0,1,220,0,0,0
TF,WW523,53.657556,50.447806,0, ,0.0,0.0,0.0,0.0,2,2060,0,0,0,0,0,0

FINAL,J23-Y,23,G,3
IF,WW221,53.576194,50.374250,G23A,0.0,0.0,2,1890,0,1,220,0,0,0
TF,WW023,53.548833,50.290472,0,G23A,0.0,0.0,229.0,3.4,1,1890,0,0,0,0,2,0
TF,RW23,53.509397,50.168708,0,G23A,0.0,0.0,229.0,5.0,1,463,0,0,0,0,3,1
CF,WW024,53.469056,50.045111,0,MOF,230.5,5.3,229.0,5.1,0,0,0,1,220,0,0,0
TF,WW723,53.558194,49.963000,0, ,0.0,0.0,0.0,0.0,0,0,0,0,0,0,0,0
TF,WW026,53.755139,50.245694,0, ,0.0,0.0,0.0,0.0,2,2060,0,1,220,0,0,0

APPTR,J33,33,URUKA
IF,URUKA,53.266667,50.431667, ,0.0,0.0,2,3020,0,0,0,0,1,0
TF,WW433,53.343722,50.272639,0,G33A,0.0,0.0,0.0,0.0,2,2200,0,1,205,0,1,0

APPTR,J33,33,WW533
IF,WW533,53.287833,50.132833, ,0.0,0.0,2,2200,0,0,0,0,1,0
TF,WW433,53.343722,50.272639,0,G33A,0.0,0.0,0.0,0.0,2,2200,0,1,205,0,1,0

APPTR,J33,33,WW933
IF,WW933,53.335694,50.435639, ,0.0,0.0,2,2200,0,0,0,0,1,0
TF,WW433,53.343722,50.272639,0,G33A,0.0,0.0,0.0,0.0,2,2200,0,1,205,0,1,0

FINAL,J33,33,G,3
IF,WW433,53.343722,50.272639,G33A,0.0,0.0,2,2200,0,1,205,0,0,0
TF,WW033,53.415278,50.230056,0,G33A,0.0,0.0,328.0,4.6,1,1870,0,0,0,0,2,0
TF,RW33,53.493164,50.183675,0,G33A,0.0,0.0,328.0,5.0,1,438,0,0,0,0,3,1
CA,0,328.0,2,1050,0,1,220,0,0,0
DF,WW337,53.416278,49.907361,1, ,0.0,0.0,2,2530,0,1,220,0,0,0
TF,WW533,53.287833,50.132833,0, ,0.0,0.0,0.0,0.0,0,0,0,0,0,0,0,0

FINAL,J33-Y,33,G,3
IF,WW321,53.361778,50.261944,G33A,0.0,0.0,2,1870,0,1,220,0,0,0
TF,WW033,53.415278,50.230056,0,G33A,0.0,0.0,328.0,3.4,1,1870,0,0,0,0,2,0
TF,RW33,53.493164,50.183675,0,G33A,0.0,0.0,328.0,5.0,1,438,0,0,0,0,3,1
CA,0,328.0,2,1050,0,1,220,0,0,0
DF,WW337,53.416278,49.907361,1, ,0.0,0.0,2,2530,0,1,220,0,0,0

APPTR,N05-X,05,B1
IF,B,53.493722,50.120444, ,0.0,0.0,1,3430,0,1,220,0,1,0
FC,B,53.493722,50.120444,0,MOF,0.0,0.0,250.0,8.8,1,2610,0,0,0,0,0,1
CF,FN05X,53.445792,49.975878,1,MOF,229.9,8.2,49.0,3.0,1,2610,0,0,0,0,0,0

APPTR,N05-X,05,B2
IF,B,53.493722,50.120444, ,0.0,0.0,1,3430,0,1,220,0,1,0
FC,B,53.493722,50.120444,0,MOF,0.0,0.0,239.0,8.2,1,2610,0,0,0,0,0,1
CF,FN05X,53.445792,49.975878,1,MOF,229.9,8.2,49.0,3.0,1,2610,0,0,0,0,0,0

FINAL,N05-X,05,N,2
IF,FN05X,53.445792,49.975878,B,0.0,0.0,1,2610,0,0,0,0,2,0
CF,B,53.493722,50.120444,0,B,0.0,0.0,49.0,5.9,1,722,0,0,0,0,3,0
CA,0,49.0,2,2120,0,0,0,0,0,0
DF,B,53.493722,50.120444,1, ,0.0,0.0,2,2610,0,1,220,0,0,0

APPTR,N15-Y,15,W
IF,W,53.527167,50.163306, ,0.0,0.0,1,3430,0,1,240,0,1,0
FC,W,53.527167,50.163306,0,MOF,0.0,0.0,346.0,6.0,1,2070,0,0,0,0,0,1
CF,FQ15,53.597119,50.120853,1,MOF,326.9,5.6,148.0,2.0,1,2070,0,0,0,0,0,0

FINAL,N15-Y,15,N,2
IF,FQ15,53.597119,50.120853,W,0.0,0.0,1,2070,0,0,0,0,2,0
CF,W,53.527167,50.163306,0,W,0.0,0.0,148.0,4.5,1,646,0,0,0,0,3,0
CA,0,148.0,2,1410,0,0,0,0,0,0
DF,W,53.527167,50.163306,1, ,0.0,0.0,2,2070,0,1,240,0,0,0

FINAL,N23-X,23,N,2
IF,FN23X,53.549797,50.291478,F,0.0,0.0,1,2060,0,1,225,0,2,0
CF,F,53.514028,50.182972,0,F,0.0,0.0,229.0,4.4,1,648,0,0,0,0,3,0
CA,0,229.0,2,1400,0,0,0,0,0,0
DF,F,53.514028,50.182972,2, ,0.0,0.0,2,2060,0,1,225,0,0,0

FINAL,N33-X,33,N,2
IF,FN33X,53.398678,50.241347,A,0.0,0.0,1,2360,0,1,220,0,2,0
CF,A,53.484278,50.188972,0,A,0.0,0.0,328.0,5.5,1,610,0,0,0,0,3,0
CA,0,328.0,2,2030,0,0,0,0,0,0
DF,A,53.484278,50.188972,1, ,0.0,0.0,2,2360,0,1,220,0,0,0

APPTR,Q05,05,BE1
IF,BE,53.479500,50.076472, ,0.0,0.0,1,3430,0,1,225,0,1,0
FD,BE,53.479500,50.076472,0,MOF,231.0,12.6,255.0,12.6,1,2610,0,0,0,0,0,0
CF,FQ05,53.458103,50.011847,1,MOF,230.3,6.7,49.0,7.0,1,2120,0,0,0,0,0,0

APPTR,Q05,05,BE2
IF,BE,53.479500,50.076472, ,0.0,0.0,1,3430,0,1,225,0,1,0
FD,BE,53.479500,50.076472,0,MOF,231.0,12.6,241.0,12.6,1,2610,0,0,0,0,0,0
CF,FQ05,53.458103,50.011847,1,MOF,230.3,6.7,49.0,7.0,1,2120,0,0,0,0,0,0

FINAL,Q05,05,N,2
IF,FQ05,53.458103,50.011847,BE,0.0,0.0,1,2120,0,0,0,0,2,0
CF,RW05,53.498394,50.134928,0,MOF,0.0,1.7,49.0,5.0,1,534,0,0,0,0,3,0
FD,RW05,53.498394,50.134928,0,MOF,233.0,4.0,49.0,4.0,0,0,0,0,0,0,0,0
DF,BE,53.479500,50.076472,1, ,0.0,0.0,2,2610,0,1,225,0,0,0

APPTR,Q05-Y,05,B1
IF,B,53.493722,50.120444, ,0.0,0.0,1,3430,0,1,225,0,1,0
FD,B,53.493722,50.120444,0,MOF,232.1,12.0,250.0,12.0,1,2610,0,0,0,0,0,0
CF,FQ05,53.458103,50.011847,1,MOF,230.3,6.7,49.0,6.0,1,2120,0,0,0,0,0,0

APPTR,Q05-Y,05,B2
IF,B,53.493722,50.120444, ,0.0,0.0,1,3430,0,1,225,0,1,0
FD,B,53.493722,50.120444,0,MOF,232.1,12.0,239.0,12.0,1,2610,0,0,0,0,0,0
CF,FQ05,53.458103,50.011847,1,MOF,230.3,6.7,49.0,6.0,1,2120,0,0,0,0,0,0

FINAL,Q05-Y,05,N,2
IF,FQ05,53.458103,50.011847,B,0.0,0.0,1,2120,0,0,0,0,2,0
CF,B,53.493722,50.120444,0,MOF,0.0,2.3,49.0,4.4,1,722,0,0,0,0,3,0
FD,B,53.493722,50.120444,0,MOF,232.1,4.0,49.0,4.0,0,0,0,0,0,0,0,0
DF,B,53.493722,50.120444,1, ,0.0,0.0,2,2610,0,1,225,0,0,0

FINAL,Q15,15,N,3
IF,FQ15,53.597119,50.120853,WG,0.0,0.0,1,1900,0,1,240,0,2,0
CF,WG,53.553028,50.147833,0,WG,0.0,0.0,148.0,2.8,2,1110,0,0,0,0,0,0
CF,RW15,53.518564,50.168486,0,MOF,0.0,0.6,148.0,2.2,1,470,0,0,0,0,3,0
CF,D148D,53.445425,50.213419,0,MOF,149.5,4.1,148.0,4.7,0,0,0,0,0,0,0,1
DF,WG,53.553028,50.147833,1, ,0.0,0.0,2,2390,0,1,240,0,0,0

APPTR,Q15-X,15,W
IF,W,53.527167,50.163306, ,0.0,0.0,1,3430,0,1,240,0,1,0
FD,W,53.527167,50.163306,0,MOF,322.1,10.6,338.0,10.6,1,2390,0,0,0,0,0,0
CF,FQ15,53.597119,50.120853,1,MOF,326.9,5.6,148.0,6.0,1,1900,0,0,0,0,0,0

FINAL,Q15-X,15,N,3
IF,FQ15,53.597119,50.120853,W,0.0,0.0,1,1900,0,0,0,0,2,0
CF,24DME,53.547022,50.151167,0,W,0.0,0.0,148.0,3.2,2,1000,0,0,0,0,0,0
CF,W,53.527167,50.163306,0,MOF,0.0,1.1,148.0,1.3,1,628,0,0,0,0,3,0
CF,D148D,53.445425,50.213419,0,MOF,149.5,4.1,148.0,5.2,0,0,0,0,0,0,0,1
DF,W,53.527167,50.163306,1, ,0.0,0.0,2,2390,0,1,240,0,0,0

FINAL,Q23,23,N,2
IF,FQ23,53.549408,50.290775,FK,0.0,0.0,1,1890,0,1,225,0,2,0
CF,MQ23,53.515783,50.188892,0,MOF,0.0,0.5,229.0,4.2,1,698,0,0,0,0,3,0
FD,MQ23,53.515783,50.188892,0,MOF,39.1,3.5,229.0,3.5,0,0,0,0,0,0,0,0
DF,FK,53.526278,50.220639,2, ,0.0,0.0,2,2390,0,1,225,0,0,0

FINAL,Q23-Y,23,N,2
IF,FQ23,53.549408,50.290775,F,0.0,0.0,1,1890,0,1,225,0,2,0
CF,F,53.514028,50.182972,0,MOF,0.0,0.3,229.0,4.4,1,630,0,0,0,0,3,0
FD,F,53.514028,50.182972,0,MOF,29.7,3.5,229.0,3.5,0,0,0,0,0,0,0,0
DF,F,53.514028,50.182972,2, ,0.0,0.0,2,2390,0,1,225,0,0,0

APPTR,Q33,33,AZ1
IF,AZ,53.460917,50.202972, ,0.0,0.0,1,3430,0,1,220,0,1,0
FD,AZ,53.460917,50.202972,0,MOF,150.6,11.0,175.0,11.0,1,2360,0,0,0,0,0,0
CF,FQ33,53.415564,50.230597,1,MOF,149.4,6.0,328.0,6.0,1,1870,0,0,0,0,0,0

APPTR,Q33,33,AZ2
IF,AZ,53.460917,50.202972, ,0.0,0.0,1,3430,0,1,220,0,1,0
FD,AZ,53.460917,50.202972,0,MOF,150.6,11.0,161.0,11.0,1,2360,0,0,0,0,0,0
CF,FQ33,53.415564,50.230597,1,MOF,149.4,6.0,328.0,6.0,1,1870,0,0,0,0,0,0

FINAL,Q33,33,N,2
IF,FQ33,53.415564,50.230597,AZ,0.0,0.0,1,1870,0,0,0,0,2,0
CF,RW33,53.493164,50.183675,0,MOF,0.0,0.0,328.0,5.0,1,438,0,0,0,0,3,0
FD,RW33,53.493164,50.183675,0,MOF,155.1,4.3,328.0,4.3,0,0,0,0,0,0,0,0
DF,AZ,53.460917,50.202972,1, ,0.0,0.0,2,2360,0,1,220,0,0,0

FINAL,Q33-Y,33,N,2
IF,FQ33,53.415564,50.230597,A,0.0,0.0,1,1870,0,1,220,0,2,0
CF,A,53.484278,50.188972,0,MOF,0.0,1.6,328.0,4.4,1,596,0,0,0,0,3,0
FD,A,53.484278,50.188972,0,MOF,152.5,4.3,328.0,4.3,0,0,0,0,0,0,0,0
DF,A,53.484278,50.188972,1, ,0.0,0.0,2,2360,0,1,220,0,0,0

APPTR,R05,05,WW305
IF,WW305,53.443417,49.790472, ,0.0,0.0,2,2610,0,0,0,0,1,0
TF,WW205,53.423472,49.906139,0, ,0.0,0.0,0.0,0.0,2,2610,0,0,0,0,1,0

FINAL,R05,05,R,3
IF,WW205,53.423472,49.906139, ,0.0,0.0,2,2610,0,0,0,0,0,0
TF,WW105,53.458111,50.011667,0, ,0.0,0.0,49.0,4.3,1,2120,0,0,0,0,2,0
TF,RW05,53.498394,50.134928,0, ,0.0,0.0,49.0,5.0,1,534,0,0,0,0,3,1
CF,WW051,53.553944,50.305778,0,MOF,48.2,5.3,49.0,7.0,0,0,0,1,210,0,0,0
TF,WW061,53.643222,50.224083,0, ,0.0,0.0,0.0,0.0,0,0,0,1,220,0,0,0
TF,WW071,53.603806,49.787389,0, ,0.0,0.0,0.0,0.0,2,2610,0,1,220,0,0,0
TF,WW305,53.443417,49.790472,0, ,0.0,0.0,0.0,0.0,2,2610,0,0,0,0,0,0

APPTR,R05-X,05,PIMON
IF,PIMON,53.683333,49.431667, ,0.0,0.0,2,7000,0,1,250,0,1,0
TF,WW954,53.480306,49.726111,0, ,0.0,0.0,0.0,0.0,2,2780,0,1,220,0,1,0

FINAL,R05-X,05,R,5
IF,WW954,53.480306,49.726111, ,0.0,0.0,2,2780,0,1,220,0,0,0
TF,WW953,53.466694,49.952500,0, ,0.0,0.0,84.0,8.2,1,2780,0,0,0,0,2,0
TF,WW952,53.463667,50.001917,0, ,0.0,0.0,84.0,1.8,0,0,0,0,0,0,0,0
RF,WW951,53.468750,50.044167,1,WW018,50.3,2.6,0,0,0,0,0,0,0,0
TF,RW05,53.498394,50.134928,0, ,0.0,0.0,49.0,3.7,1,526,0,0,0,0,3,1
TF,WW955,53.534417,50.245722,0, ,0.0,0.0,49.0,4.5,0,0,0,1,220,0,0,0
RF,WW956,53.658278,50.165722,1,WW019,245.6,4.0,0,0,0,0,0,0,0,0
TF,WW071,53.603806,49.787389,0, ,0.0,0.0,0.0,0.0,2,2780,0,1,220,0,0,0
HM,WW071,53.603806,49.787389,2, ,0.0,0.0,199.0,04.3,2,2780,0,1,220,0,0,0,0

FINAL,R05-Z,05,R,3
IF,WW205,53.423472,49.906139, ,0.0,0.0,2,2610,0,1,220,0,1,0
TF,WW105,53.458111,50.011667,0, ,0.0,0.0,49.0,4.3,1,2120,0,0,0,0,2,0
TF,RW05,53.498394,50.134928,0, ,0.0,0.0,49.0,5.0,1,526,0,0,0,0,3,1
CF,WW051,53.553944,50.305778,0,MOF,48.2,5.3,49.0,7.0,0,0,0,1,210,0,0,0
TF,WW061,53.643222,50.224083,0, ,0.0,0.0,0.0,0.0,0,0,0,0,0,0,0,0
TF,WW071,53.603806,49.787389,0, ,0.0,0.0,0.0,0.0,2,2610,0,1,220,0,0,0

APPTR,R15,15,WW315
IF,WW315,53.704278,49.965750, ,0.0,0.0,2,2070,0,0,0,0,1,0
TF,WW215,53.673611,50.075333,0, ,0.0,0.0,0.0,0.0,2,1900,0,0,0,0,1,0

APPTR,R15,15,WW415
IF,WW415,53.784417,50.008306, ,0.0,0.0,2,2070,0,0,0,0,1,0
TF,WW215,53.673611,50.075333,0, ,0.0,0.0,0.0,0.0,2,1900,0,0,0,0,1,0

APPTR,R15,15,WW515
IF,WW515,53.738611,50.127139, ,0.0,0.0,2,2070,0,0,0,0,1,0
TF,WW215,53.673611,50.075333,0, ,0.0,0.0,0.0,0.0,2,1900,0,0,0,0,1,0

FINAL,R15,15,R,4
IF,WW215,53.673611,50.075333, ,0.0,0.0,2,1900,0,0,0,0,0,0
TF,WW115,53.596917,50.121500,0, ,0.0,0.0,148.0,4.9,1,1900,0,0,0,0,2,0
TF,WW116,53.547389,50.151222,0, ,0.0,0.0,148.0,3.2,2,1000,0,0,0,0,0,0
TF,RW15,53.518564,50.168486,0, ,0.0,0.0,148.0,1.8,1,470,0,0,0,0,3,1
CA,0,148.0,2,1080,0,1,220,0,0,0
DF,WW016,53.591278,49.876361,2, ,0.0,0.0,2,2560,0,1,220,0,0,0
TF,WW315,53.704278,49.965750,0, ,0.0,0.0,0.0,0.0,0,0,0,0,0,0,0,0

APPTR,R15-X,15,LATKI
IF,LATKI,54.216667,50.465000, ,0.0,0.0,2,7000,0,1,250,0,1,0
TF,WW916,54.057778,50.295833,0, ,0.0,0.0,0.0,0.0,0,0,0,0,0,0,0,0
TF,WW914,53.919778,50.302000,0, ,0.0,0.0,0.0,0.0,0,0,0,0,0,0,0,0
RF,WW913,53.755694,50.207944,2,WW011,195.5,15.0,2,3210,0,1,220,0,1,0
RF,WW912,53.656750,50.125056,1,WW012,349.1,15.3,1,3210,0,0,0,0,0,0

FINAL,R15-X,15,R,3
IF,WW912,53.656750,50.125056, ,0.0,0.0,1,3210,0,0,0,0,2,0
RF,WW911,53.580250,50.131500,1,WW013,149.5,8.0,0,0,0,0,0,0,0,0
TF,RW15,53.518564,50.168486,0, ,0.0,0.0,148.0,3.9,1,470,0,0,0,0,3,1
TF,WW941,53.455028,50.206417,0, ,0.0,0.0,0.0,0.0,0,0,0,1,220,0,0,0
RF,WW942,53.424944,50.029722,2,WW014,336.9,3.3,0,0,0,0,0,0,0,0
TF,WW943,53.443444,50.023000,0, ,0.0,0.0,0.0,0.0,0,0,0,0,0,0,0,0
RF,WW944,53.487306,49.991972,1,WW017,315.8,7.8,0,0,0,0,0,0,0,0
TF,WW016,53.591278,49.876361,0, ,0.0,0.0,0.0,0.0,2,3210,0,1,220,0,0,0
HM,WW016,53.591278,49.876361,1, ,0.0,0.0,2.0,04.3,2,3210,0,1,220,0,0,0,0

FINAL,R15-Z,15,R,4
IF,WW141,53.649889,50.089639, ,0.0,0.0,2,1900,0,1,220,0,1,0
TF,WW115,53.596917,50.121500,0, ,0.0,0.0,148.0,3.4,1,1900,0,0,0,0,2,0
TF,WW116,53.547389,50.151222,0, ,0.0,0.0,148.0,3.2,1,1000,0,0,0,0,0,0
TF,RW15,53.518564,50.168486,0, ,0.0,0.0,148.0,1.8,1,470,0,0,0,0,3,1
CA,0,148.0,2,1080,0,1,220,0,0,0
DF,WW016,53.591278,49.876361,2, ,0.0,0.0,2,2560,0,1,220,0,0,0

APPTR,R23,23,WW323
IF,WW323,53.568083,50.529111, ,0.0,0.0,2,2060,0,0,0,0,1,0
TF,WW223,53.588639,50.413306,0, ,0.0,0.0,0.0,0.0,2,1890,0,0,0,0,1,0

APPTR,R23,23,WW423
IF,WW423,53.656806,50.625778, ,0.0,0.0,2,5000,0,0,0,0,1,0
TF,WW223,53.588639,50.413306,0, ,0.0,0.0,0.0,0.0,2,1890,0,0,0,0,1,0

APPTR,R23,23,WW523
IF,WW523,53.657556,50.447806, ,0.0,0.0,2,2060,0,0,0,0,1,0
TF,WW223,53.588639,50.413306,0, ,0.0,0.0,0.0,0.0,2,1890,0,0,0,0,1,0

FINAL,R23,23,R,3
IF,WW223,53.588639,50.413306, ,0.0,0.0,2,1890,0,0,0,0,0,0
TF,WW123,53.549194,50.291306,0, ,0.0,0.0,229.0,5.0,1,1890,0,0,0,0,2,0
TF,RW23,53.509397,50.168708,0, ,0.0,0.0,229.0,5.0,1,463,0,0,0,0,3,1
CF,WW024,53.469056,50.045111,0,MOF,230.5,5.3,229.0,5.1,0,0,0,1,220,0,0,0
TF,WW723,53.558194,49.963000,0, ,0.0,0.0,0.0,0.0,0,0,0,0,0,0,0,0
TF,WW026,53.755139,50.245694,0, ,0.0,0.0,0.0,0.0,2,2060,0,1,220,0,0,0
TF,WW523,53.657556,50.447806,0, ,0.0,0.0,0.0,0.0,2,2060,0,0,0,0,0,0

APPTR,R23-X,23,PIMON
IF,PIMON,53.683333,49.431667, ,0.0,0.0,2,7000,0,0,0,0,1,0
TF,WW928,53.569750,49.561500,0, ,0.0,0.0,0.0,0.0,0,0,0,0,0,0,0,0
TF,WW927,53.555306,49.969000,0, ,0.0,0.0,0.0,0.0,0,0,0,0,0,0,0,0
TF,WW926,53.692583,50.155528,0, ,0.0,0.0,0.0,0.0,4,5000,3210,0,0,0,0,0
RF,WW925,53.703250,50.353389,2,WW006,349.1,5.0,2,3210,0,1,220,0,1,0

FINAL,R23-X,23,R,5
IF,WW925,53.703250,50.353389, ,0.0,0.0,2,3210,0,1,220,0,0,0
RF,WW924,53.623639,50.380417,2,WW007,195.6,3.9,0,0,0,0,0,0,0,0
TF,WW922,53.594667,50.356083,0, ,0.0,0.0,195.0,2.0,1,3210,0,0,0,0,2,0
RF,WW921,53.543194,50.272667,2,WW008,230.5,7.2,0,0,0,0,0,0,0,0
TF,RW23,53.509397,50.168708,0, ,0.0,0.0,229.0,4.2,1,461,0,0,0,0,3,1
TF,WW929,53.480583,50.080444,0, ,0.0,0.0,0.0,3.6,0,0,0,1,220,0,0,0
RF,WW945,53.577361,49.956250,2,WW009,33.1,3.7,0,0,0,0,0,0,0,0
TF,WW026,53.755139,50.245694,0, ,0.0,0.0,0.0,0.0,4,5000,3210,1,220,0,0,0
HM,WW026,53.755139,50.245694,1, ,0.0,0.0,94.0,04.3,3,5000,0,1,220,0,0,0,0

FINAL,R23-Z,23,R,3
IF,WW221,53.576194,50.374250, ,0.0,0.0,2,1890,0,1,220,0,1,0
TF,WW123,53.549194,50.291306,0, ,0.0,0.0,229.0,3.4,1,1890,0,0,0,0,2,0
TF,RW23,53.509397,50.168708,0, ,0.0,0.0,229.0,5.0,1,461,0,0,0,0,3,1
CF,WW024,53.469056,50.045111,0,MOF,230.5,5.3,229.0,5.1,0,0,0,1,220,0,0,0
TF,WW723,53.558194,49.963000,0, ,0.0,0.0,0.0,0.0,0,0,0,0,0,0,0,0
TF,WW026,53.755139,50.245694,0, ,0.0,0.0,0.0,0.0,2,2060,0,1,220,0,0,0

APPTR,R33,33,URUKA
IF,URUKA,53.266667,50.431667, ,0.0,0.0,2,3020,0,0,0,0,1,0
TF,WW433,53.343722,50.272639,0, ,0.0,0.0,0.0,0.0,2,2200,0,1,205,0,1,0

APPTR,R33,33,WW533
IF,WW533,53.287833,50.132833, ,0.0,0.0,2,2200,0,0,0,0,1,0
TF,WW433,53.343722,50.272639,0, ,0.0,0.0,0.0,0.0,2,2200,0,1,205,0,1,0

APPTR,R33,33,WW933
IF,WW933,53.335694,50.435639, ,0.0,0.0,2,2200,0,0,0,0,1,0
TF,WW433,53.343722,50.272639,0, ,0.0,0.0,0.0,0.0,2,2200,0,1,205,0,1,0

FINAL,R33,33,R,3
IF,WW433,53.343722,50.272639, ,0.0,0.0,2,2200,0,1,205,0,0,0
TF,WW133,53.414778,50.230417,0, ,0.0,0.0,328.0,4.5,1,1870,0,0,0,0,2,0
TF,RW33,53.493164,50.183675,0, ,0.0,0.0,328.0,5.0,1,438,0,0,0,0,3,1
CA,0,328.0,2,1050,0,1,220,0,0,0
DF,WW337,53.416278,49.907361,1, ,0.0,0.0,2,2530,0,1,220,0,0,0
TF,WW533,53.287833,50.132833,1, ,0.0,0.0,0.0,0.0,0,0,0,0,0,0,0,0

APPTR,R33-X,33,PIMON
IF,PIMON,53.683333,49.431667, ,0.0,0.0,2,7000,0,0,0,0,1,0
TF,WW337,53.416278,49.907361,0, ,0.0,0.0,0.0,0.0,3,6000,0,1,220,0,1,0

FINAL,R33-X,33,R,7
IF,WW337,53.416278,49.907361, ,0.0,0.0,2,3180,0,1,220,0,0,0
TF,WW936,53.333361,49.934556,0, ,0.0,0.0,157.0,5.1,2,3180,0,0,0,0,0,0
RF,WW935,53.317583,50.141000,1,WW001,14.7,3.9,0,0,0,0,0,0,0,0
TF,WW934,53.359056,50.174306,0, ,0.0,0.0,14.0,2.8,1,3180,0,0,0,0,2,0
TF,WW932,53.403806,50.210278,0, ,0.0,0.0,14.0,3.0,0,0,0,0,0,0,0,0
RF,WW931,53.442750,50.213750,1,WW002,329.6,3.0,0,0,0,0,0,0,0,0
TF,RW33,53.493164,50.183675,0, ,0.0,0.0,328.0,3.2,1,438,0,0,0,0,3,1
TF,WW937,53.607556,50.115139,0, ,0.0,0.0,0.0,0.0,0,0,0,1,220,0,0,0
RF,WW938,53.645139,49.914833,1,WW003,191.0,4.7,0,0,0,0,0,0,0,0
RF,WW939,53.562250,49.859194,1,WW004,158.1,4.9,0,0,0,0,0,0,0,0
TF,WW337,53.416278,49.907361,0, ,0.0,0.0,0.0,0.0,4,6000,3180,1,220,0,0,0
HM,WW337,53.416278,49.907361,2, ,0.0,0.0,121.0,04.3,3,6000,0,1,220,0,0,0,0

FINAL,R33-Z,33,R,3
IF,WW321,53.361778,50.261944, ,0.0,0.0,2,1870,0,1,220,0,1,0
TF,WW133,53.414778,50.230417,0, ,0.0,0.0,328.0,3.4,1,1870,0,0,0,0,2,0
TF,RW33,53.493164,50.183675,0, ,0.0,0.0,328.0,5.0,1,438,0,0,0,0,3,1
CA,0,328.0,2,1050,0,1,220,0,0,0
DF,WW337,53.416278,49.907361,1, ,0.0,0.0,2,2530,0,1,220,0,0,0

