APPTR,D27,27,AAU1
IF,AAU,19.861125,75.405208, ,0.0,0.0,2,4600,0,0,0,0,0,0
FD,AAU,19.861125,75.405208,0,AAU,0.0,8.0,109.0,8.0,2,3800,0,0,0,0,0,0
CF,FD27,19.871758,75.512486,1,AAU,85.0,6.1,265.0,2.0,2,3800,0,0,0,0,0,0

APPTR,D27,27,AAU2
IF,AAU,19.861125,75.405208, ,0.0,0.0,2,4600,0,0,0,0,0,0
FD,AAU,19.861125,75.405208,0,AAU,0.0,8.0,98.0,8.0,2,3800,0,0,0,0,0,0
CF,FD27,19.871758,75.512486,1,AAU,85.0,6.1,265.0,2.0,2,3800,0,0,0,0,0,0

APPTR,D27,27,ASOGA
IF,ASOGA,19.542500,76.832222, ,0.0,0.0,0,0,0,0,0,0,0,0
TF,D104N,19.808144,75.646361,0, ,0.0,0.0,0.0,0.0,0,0,0,0,0,0,1,0
CI,0, ,0.0,284.0,0,0,0,0,0,0,0,0
AF,D085L,19.881942,75.616303,1,AAU,85.0,12.0,104.0,2,4600,0,0,0,0,1,0
CF,FD27,19.871758,75.512486,0,AAU,85.0,6.1,265.0,5.9,2,3800,0,0,0,0,0,0

APPTR,D27,27,DUBOX
IF,DUBOX,20.370833,76.832222, ,0.0,0.0,0,0,0,0,0,0,0,0
TF,D069P,19.956639,75.669603,0, ,0.0,0.0,0.0,0.0,0,0,0,1,180,0,1,0
TF,D085L,19.881942,75.616303,0, ,0.0,0.0,0.0,0.0,2,4600,0,0,0,0,1,0
CF,FD27,19.871758,75.512486,0,AAU,85.0,6.1,265.0,5.9,2,3800,0,0,0,0,0,0

APPTR,D27,27,JLG
IF,JLG,20.964139,75.633611, ,0.0,0.0,0,0,0,0,0,0,0,0
TF,D011N,20.090981,75.452569,0, ,0.0,0.0,0.0,0.0,0,0,0,0,0,0,1,0
CI,0, ,0.0,191.0,0,0,0,0,0,0,0,0
AF,D085L,19.881942,75.616303,2,AAU,85.0,12.0,11.0,2,4600,0,0,0,0,1,0
CF,FD27,19.871758,75.512486,0,AAU,85.0,6.1,265.0,5.9,2,3800,0,0,0,0,0,0

FINAL,D27,27,D,3
IF,FD27,19.871758,75.512486,AAU,85.0,6.1,2,3800,0,0,0,0,2,0
CF,45VOR,19.868975,75.484344,0,AAU,85.0,4.5,265.0,1.6,2,3290,0,0,0,0,0,0
CF,RW27,19.863158,75.409053,0,AAU,61.8,0.3,265.0,4.3,1,1937,0,0,0,0,3,0
CF,AAU,19.861125,75.405208,0,AAU,0.0,0.0,265.0,0.3,0,0,0,0,0,0,0,1
FA,AAU,19.861125,75.405208,0,AAU,0.0,0.0,265.0,2,4000,0,0,0,0,0,0
DF,AAU,19.861125,75.405208,2, ,0.0,0.0,1,4600,0,0,0,0,0,0
HM,AAU,19.861125,75.405208,2, ,0.0,0.0,109.0,04.3,2,4600,0,0,0,0,0,0,0

APPTR,I27-Y,27,AU
IF,AU,19.860444,75.398556, ,0.0,0.0,2,4600,0,0,0,0,0,0
FC,AU,19.860444,75.398556,0,AAU,0.0,0.0,87.0,3.0,0,0,0,0,0,0,0,0
CF,D090I,19.865261,75.530394,0,AAU,89.0,7.1,90.0,5.0,2,3800,0,0,0,0,0,0
FC,D090I,19.865261,75.530394,0,AAU,0.0,0.0,135.0,4.4,0,0,0,0,0,0,0,1
CF,CI27Y,19.865594,75.547953,1,IAUR,90.0,9.6,270.0,4.0,2,3800,0,0,0,0,0,0

FINAL,I27-Y,27,I,3
IF,CI27Y,19.865594,75.547953,IAUR,90.0,9.6,2,3800,0,0,0,0,0,0
CF,FI27,19.865036,75.512594,0,IAUR,90.0,7.6,270.0,2.0,1,3800,0,0,0,0,2,0
CF,RW27,19.863158,75.409053,0,IAUR,90.4,1.7,270.0,5.9,1,1937,0,0,0,0,3,0
FA,RW27,19.863158,75.409053,0,AAU,0.0,0.0,270.0,2,4000,0,0,0,0,0,0
DF,AU,19.860444,75.398556,2, ,0.0,0.0,1,4600,0,0,0,0,0,0
HM,AU,19.860444,75.398556,2, ,0.0,0.0,87.0,04.3,2,4600,0,0,0,0,0,0,0

APPTR,I27-Z,27,AAU
IF,AAU,19.861125,75.405208, ,0.0,0.0,2,4600,0,0,0,0,0,0
FC,AAU,19.861125,75.405208,0,AAU,0.0,0.0,86.0,2.0,0,0,0,0,0,0,0,0
CF,D090I,19.865261,75.530394,0,AAU,89.0,7.1,90.0,6.0,2,3800,0,0,0,0,0,0
FC,D090I,19.865261,75.530394,0,AAU,0.0,0.0,135.0,4.4,0,0,0,0,0,0,0,1
VI,1,IAUR,0.0,315.0,2,3800,0,0,0,0,0,0

APPTR,I27-Z,27,ASOGA
IF,ASOGA,19.542500,76.832222, ,0.0,0.0,0,0,0,0,0,0,0,0
TF,D104R,19.792961,75.715217,0, ,0.0,0.0,0.0,0.0,0,0,0,1,180,0,1,0
CF,CI27Z,19.866944,75.635119,0,IAUR,90.0,14.5,315.0,6.3,2,4600,0,0,0,0,1,0

APPTR,I27-Z,27,DUBOX
IF,DUBOX,20.370833,76.832222, ,0.0,0.0,0,0,0,0,0,0,0,0
TF,D069U,19.986417,75.752281,0, ,0.0,0.0,0.0,0.0,0,0,0,1,180,0,1,0
FC,D069U,19.986417,75.752281,0,AAU,0.0,0.0,225.0,5.7,0,0,0,0,0,0,0,0
CF,CI27Z,19.866944,75.635119,0,IAUR,90.0,14.5,225.0,4.0,2,4600,0,0,0,0,1,0

APPTR,I27-Z,27,JLG
IF,JLG,20.964139,75.633611, ,0.0,0.0,0,0,0,0,0,0,0,0
TF,D011O,20.107403,75.455956,0, ,0.0,0.0,0.0,0.0,0,0,0,0,0,0,1,0
CI,0, ,0.0,191.0,0,0,0,0,0,0,0,0
AF,D081M,19.898703,75.631681,2,AAU,81.0,13.0,11.0,2,4600,0,0,0,0,0,0
VI,0,IAUR,0.0,240.0,2,3800,0,0,0,0,0,0

FINAL,I27-Z,27,I,3
IF,CI27Z,19.866944,75.635119,IAUR,90.0,14.5,2,4600,0,0,0,0,0,0
CF,FI27,19.865036,75.512594,0,IAUR,90.0,7.6,270.0,6.9,1,3800,0,0,0,0,2,0
CF,RW27,19.863158,75.409053,0,IAUR,90.4,1.7,270.0,5.9,1,1937,0,0,0,0,3,0
FA,RW27,19.863158,75.409053,0,AAU,0.0,0.0,270.0,2,4000,0,0,0,0,0,0
DF,AAU,19.861125,75.405208,2, ,0.0,0.0,1,4600,0,0,0,0,0,0
HM,AAU,19.861125,75.405208,2, ,0.0,0.0,86.0,04.3,2,4600,0,0,0,0,0,0,0

