SID,ALBA1B,09,5
VA,0,90.0,2,520,0,0,0,0,0,0
DF,MB397,19.089656,72.938161,0, ,0.0,0.0,2,1000,0,0,0,0,0,1

SID,ALBA1B,AAU,6
IF,MB397,19.089656,72.938161, ,0.0,0.0,2,1000,0,0,0,0,0,0
TF,ALBAP,19.366058,73.026681,0, ,0.0,0.0,0.0,0.0,1,7000,0,0,0,0,0,0
TF,SEKVI,19.592778,73.684167,0, ,0.0,0.0,0.0,0.0,0,0,0,0,0,0,0,0
TF,KAKPO,19.760000,74.015833,0, ,0.0,0.0,0.0,0.0,0,0,0,0,0,0,0,0
TF,MB366,20.004150,74.698708,0, ,0.0,0.0,0.0,0.0,0,0,0,0,0,0,0,0
TF,AAU,19.861125,75.405208,0, ,0.0,0.0,0.0,0.0,0,0,0,0,0,0,0,0

SID,ALBA1B,BETKU,6
IF,MB397,19.089656,72.938161, ,0.0,0.0,2,1000,0,0,0,0,0,0
TF,ALBAP,19.366058,73.026681,0, ,0.0,0.0,0.0,0.0,3,7000,0,0,0,0,0,0
TF,XOPAL,19.462444,72.889775,0, ,0.0,0.0,0.0,0.0,3,9000,0,0,0,0,0,0
TF,MB381,20.013594,72.458847,0, ,0.0,0.0,0.0,0.0,0,0,0,0,0,0,0,0
TF,BETKU,20.477417,72.016236,0, ,0.0,0.0,0.0,0.0,0,0,0,0,0,0,0,0

SID,ALBA1B,EXOLU,6
IF,MB397,19.089656,72.938161, ,0.0,0.0,2,1000,0,0,0,0,0,0
TF,ALBAP,19.366058,73.026681,0, ,0.0,0.0,0.0,0.0,3,7000,0,0,0,0,0,0
TF,XOPAL,19.462444,72.889775,0, ,0.0,0.0,0.0,0.0,3,9000,0,0,0,0,0,0
TF,MB381,20.013594,72.458847,0, ,0.0,0.0,0.0,0.0,0,0,0,0,0,0,0,0
TF,EXOLU,20.213889,71.569444,0, ,0.0,0.0,0.0,0.0,0,0,0,0,0,0,0,0

SID,ALBA1B,ISRIS,6
IF,MB397,19.089656,72.938161, ,0.0,0.0,2,1000,0,0,0,0,0,0
TF,ALBAP,19.366058,73.026681,0, ,0.0,0.0,0.0,0.0,3,7000,0,0,0,0,0,0
TF,XOPAL,19.462444,72.889775,0, ,0.0,0.0,0.0,0.0,3,9000,0,0,0,0,0,0
TF,MB361,20.083489,72.859903,0, ,0.0,0.0,0.0,0.0,0,0,0,0,0,0,0,0
TF,ISRIS,20.758056,72.946389,0, ,0.0,0.0,0.0,0.0,0,0,0,0,0,0,0,0

SID,ALBA1B,KAKPO,6
IF,MB397,19.089656,72.938161, ,0.0,0.0,2,1000,0,0,0,0,0,0
TF,ALBAP,19.366058,73.026681,0, ,0.0,0.0,0.0,0.0,1,7000,0,0,0,0,0,0
TF,SEKVI,19.592778,73.684167,0, ,0.0,0.0,0.0,0.0,0,0,0,0,0,0,0,0
TF,KAKPO,19.760000,74.015833,0, ,0.0,0.0,0.0,0.0,0,0,0,0,0,0,0,0

SID,ALBA1B,POSIN,6
IF,MB397,19.089656,72.938161, ,0.0,0.0,2,1000,0,0,0,0,0,0
TF,ALBAP,19.366058,73.026681,0, ,0.0,0.0,0.0,0.0,1,7000,0,0,0,0,0,0
TF,SEKVI,19.592778,73.684167,0, ,0.0,0.0,0.0,0.0,0,0,0,0,0,0,0,0
TF,KAKPO,19.760000,74.015833,0, ,0.0,0.0,0.0,0.0,0,0,0,0,0,0,0,0
TF,MB366,20.004150,74.698708,0, ,0.0,0.0,0.0,0.0,0,0,0,0,0,0,0,0
TF,POSIN,20.278608,75.457650,0, ,0.0,0.0,0.0,0.0,0,0,0,0,0,0,0,0

SID,ANOL1A,27,5
VA,0,270.0,2,530,0,0,0,0,0,0
DF,MB364,19.087050,72.751211,0, ,0.0,0.0,2,2600,0,0,0,0,0,1

SID,ANOL1A,AAU,6
IF,MB364,19.087050,72.751211, ,0.0,0.0,2,2600,0,0,0,0,0,0
TF,ANOLI,19.301078,72.739314,0, ,0.0,0.0,0.0,0.0,3,7000,0,0,0,0,0,1
TF,XOPAL,19.462444,72.889775,0, ,0.0,0.0,0.0,0.0,0,0,0,0,0,0,0,0
TF,MB373,19.498625,73.066267,0, ,0.0,0.0,0.0,0.0,0,0,0,0,0,0,0,0
TF,MB365,19.561028,73.361864,0, ,0.0,0.0,0.0,0.0,1,10000,0,0,0,0,0,0
TF,SEKVI,19.592778,73.684167,0, ,0.0,0.0,0.0,0.0,0,0,0,0,0,0,0,0
TF,KAKPO,19.760000,74.015833,0, ,0.0,0.0,0.0,0.0,0,0,0,0,0,0,0,0
TF,MB366,20.004150,74.698708,0, ,0.0,0.0,0.0,0.0,0,0,0,0,0,0,0,0
TF,AAU,19.861125,75.405208,0, ,0.0,0.0,0.0,0.0,0,0,0,0,0,0,0,0

SID,ANOL1A,BETKU,6
IF,MB364,19.087050,72.751211, ,0.0,0.0,2,2600,0,0,0,0,0,0
TF,ANOLI,19.301078,72.739314,0, ,0.0,0.0,0.0,0.0,3,7000,0,0,0,0,0,0
TF,MB399,19.493667,72.665600,0, ,0.0,0.0,0.0,0.0,1,10000,0,0,0,0,0,0
TF,MB381,20.013594,72.458847,0, ,0.0,0.0,0.0,0.0,0,0,0,0,0,0,0,0
TF,BETKU,20.477417,72.016236,0, ,0.0,0.0,0.0,0.0,0,0,0,0,0,0,0,0

SID,ANOL1A,EXOLU,6
IF,MB364,19.087050,72.751211, ,0.0,0.0,2,2600,0,0,0,0,0,0
TF,ANOLI,19.301078,72.739314,0, ,0.0,0.0,0.0,0.0,3,7000,0,0,0,0,0,0
TF,MB399,19.493667,72.665600,0, ,0.0,0.0,0.0,0.0,1,10000,0,0,0,0,0,0
TF,MB381,20.013594,72.458847,0, ,0.0,0.0,0.0,0.0,0,0,0,0,0,0,0,0
TF,EXOLU,20.213889,71.569444,0, ,0.0,0.0,0.0,0.0,0,0,0,0,0,0,0,0

SID,ANOL1A,ISRIS,6
IF,MB364,19.087050,72.751211, ,0.0,0.0,2,2600,0,0,0,0,0,0
TF,ANOLI,19.301078,72.739314,0, ,0.0,0.0,0.0,0.0,3,7000,0,0,0,0,0,0
TF,MB361,20.083489,72.859903,0, ,0.0,0.0,0.0,0.0,0,0,0,0,0,0,0,0
TF,ISRIS,20.758056,72.946389,0, ,0.0,0.0,0.0,0.0,0,0,0,0,0,0,0,0

SID,ANOL1A,KAKPO,6
IF,MB364,19.087050,72.751211, ,0.0,0.0,2,2600,0,0,0,0,0,0
TF,ANOLI,19.301078,72.739314,0, ,0.0,0.0,0.0,0.0,3,7000,0,0,0,0,0,0
TF,XOPAL,19.462444,72.889775,0, ,0.0,0.0,0.0,0.0,0,0,0,0,0,0,0,0
TF,MB373,19.498625,73.066267,0, ,0.0,0.0,0.0,0.0,0,0,0,0,0,0,0,0
TF,MB365,19.561028,73.361864,0, ,0.0,0.0,0.0,0.0,1,10000,0,0,0,0,0,0
TF,SEKVI,19.592778,73.684167,0, ,0.0,0.0,0.0,0.0,0,0,0,0,0,0,0,0
TF,KAKPO,19.760000,74.015833,0, ,0.0,0.0,0.0,0.0,0,0,0,0,0,0,0,0

SID,ANOL1A,POSIN,6
IF,MB364,19.087050,72.751211, ,0.0,0.0,2,2600,0,0,0,0,0,0
TF,ANOLI,19.301078,72.739314,0, ,0.0,0.0,0.0,0.0,3,7000,0,0,0,0,0,1
TF,XOPAL,19.462444,72.889775,0, ,0.0,0.0,0.0,0.0,0,0,0,0,0,0,0,0
TF,MB373,19.498625,73.066267,0, ,0.0,0.0,0.0,0.0,0,0,0,0,0,0,0,0
TF,MB365,19.561028,73.361864,0, ,0.0,0.0,0.0,0.0,1,10000,0,0,0,0,0,0
TF,SEKVI,19.592778,73.684167,0, ,0.0,0.0,0.0,0.0,0,0,0,0,0,0,0,0
TF,KAKPO,19.760000,74.015833,0, ,0.0,0.0,0.0,0.0,0,0,0,0,0,0,0,0
TF,MB366,20.004150,74.698708,0, ,0.0,0.0,0.0,0.0,0,0,0,0,0,0,0,0
TF,POSIN,20.278608,75.457650,0, ,0.0,0.0,0.0,0.0,0,0,0,0,0,0,0,0

SID,ANOL1D,32,5
VA,0,316.0,2,530,0,0,0,0,0,0
DF,MB380,19.154397,72.796697,0, ,0.0,0.0,2,2600,0,0,0,0,0,1
TF,ANOLI,19.301078,72.739314,0, ,0.0,0.0,0.0,0.0,0,0,0,0,0,0,0,0

SID,ANOL1D,BETKU,6
IF,ANOLI,19.301078,72.739314, ,0.0,0.0,1,7000,0,0,0,0,0,0
TF,MB399,19.493667,72.665600,0, ,0.0,0.0,0.0,0.0,1,10000,0,0,0,0,0,0
TF,MB381,20.013594,72.458847,0, ,0.0,0.0,0.0,0.0,0,0,0,0,0,0,0,0
TF,BETKU,20.477417,72.016236,0, ,0.0,0.0,0.0,0.0,0,0,0,0,0,0,0,0

SID,ANOL1D,EXOLU,6
IF,ANOLI,19.301078,72.739314, ,0.0,0.0,1,7000,0,0,0,0,0,0
TF,MB399,19.493667,72.665600,0, ,0.0,0.0,0.0,0.0,1,10000,0,0,0,0,0,0
TF,MB381,20.013594,72.458847,0, ,0.0,0.0,0.0,0.0,0,0,0,0,0,0,0,0
TF,EXOLU,20.213889,71.569444,0, ,0.0,0.0,0.0,0.0,0,0,0,0,0,0,0,0

SID,ANOL1D,ISRIS,6
IF,ANOLI,19.301078,72.739314, ,0.0,0.0,0,0,0,0,0,0,0,0
TF,MB361,20.083489,72.859903,0, ,0.0,0.0,0.0,0.0,0,0,0,0,0,0,0,0
TF,ISRIS,20.758056,72.946389,0, ,0.0,0.0,0.0,0.0,0,0,0,0,0,0,0,0

SID,BBB1C,14,5
VA,0,135.0,2,540,0,0,0,0,0,0
DF,MB371,18.984122,72.981006,0, ,0.0,0.0,2,4000,0,0,0,0,0,1
DF,BBB,19.086169,72.874703,2, ,0.0,0.0,1,8000,0,0,0,0,0,0
TF,XOPAL,19.462444,72.889775,0, ,0.0,0.0,0.0,0.0,1,8000,0,0,0,0,0,0

SID,BBB1C,AAU,6
IF,XOPAL,19.462444,72.889775, ,0.0,0.0,1,8000,0,0,0,0,0,0
TF,MB365,19.561028,73.361864,0, ,0.0,0.0,0.0,0.0,3,10000,0,0,0,0,0,0
TF,SEKVI,19.592778,73.684167,0, ,0.0,0.0,0.0,0.0,0,0,0,0,0,0,0,0
TF,KAKPO,19.760000,74.015833,0, ,0.0,0.0,0.0,0.0,0,0,0,0,0,0,0,0
TF,MB366,20.004150,74.698708,0, ,0.0,0.0,0.0,0.0,0,0,0,0,0,0,0,0
TF,AAU,19.861125,75.405208,0, ,0.0,0.0,0.0,0.0,0,0,0,0,0,0,0,0

SID,BBB1C,BETKU,6
IF,XOPAL,19.462444,72.889775, ,0.0,0.0,1,8000,0,0,0,0,0,0
TF,MB381,20.013594,72.458847,0, ,0.0,0.0,0.0,0.0,3,18000,0,0,0,0,0,0
TF,BETKU,20.477417,72.016236,0, ,0.0,0.0,0.0,0.0,0,0,0,0,0,0,0,0

SID,BBB1C,EXOLU,6
IF,XOPAL,19.462444,72.889775, ,0.0,0.0,1,8000,0,0,0,0,0,0
TF,MB381,20.013594,72.458847,0, ,0.0,0.0,0.0,0.0,3,18000,0,0,0,0,0,0
TF,EXOLU,20.213889,71.569444,0, ,0.0,0.0,0.0,0.0,0,0,0,0,0,0,0,0

SID,BBB1C,ISRIS,6
IF,XOPAL,19.462444,72.889775, ,0.0,0.0,1,8000,0,0,0,0,0,0
TF,MB361,20.083489,72.859903,0, ,0.0,0.0,0.0,0.0,0,0,0,0,0,0,0,0
TF,ISRIS,20.758056,72.946389,0, ,0.0,0.0,0.0,0.0,0,0,0,0,0,0,0,0

SID,BBB1C,KAKPO,6
IF,XOPAL,19.462444,72.889775, ,0.0,0.0,1,8000,0,0,0,0,0,0
TF,MB365,19.561028,73.361864,0, ,0.0,0.0,0.0,0.0,3,10000,0,0,0,0,0,0
TF,SEKVI,19.592778,73.684167,0, ,0.0,0.0,0.0,0.0,0,0,0,0,0,0,0,0
TF,KAKPO,19.760000,74.015833,0, ,0.0,0.0,0.0,0.0,0,0,0,0,0,0,0,0

SID,BBB1C,POSIN,6
IF,XOPAL,19.462444,72.889775, ,0.0,0.0,1,8000,0,0,0,0,0,0
TF,MB365,19.561028,73.361864,0, ,0.0,0.0,0.0,0.0,3,10000,0,0,0,0,0,0
TF,SEKVI,19.592778,73.684167,0, ,0.0,0.0,0.0,0.0,0,0,0,0,0,0,0,0
TF,KAKPO,19.760000,74.015833,0, ,0.0,0.0,0.0,0.0,0,0,0,0,0,0,0,0
TF,MB366,20.004150,74.698708,0, ,0.0,0.0,0.0,0.0,0,0,0,0,0,0,0,0
TF,POSIN,20.278608,75.457650,0, ,0.0,0.0,0.0,0.0,0,0,0,0,0,0,0,0

SID,DOGA1B,09,5
VA,0,90.0,2,520,0,0,0,0,0,0
DF,MB397,19.089656,72.938161,0, ,0.0,0.0,2,1000,0,0,0,0,0,1
TF,DOGAP,18.809167,73.416667,0, ,0.0,0.0,0.0,0.0,0,0,0,0,0,0,0,0
TF,PPN,18.584556,73.912431,0, ,0.0,0.0,0.0,0.0,2,25000,0,0,0,0,0,0

SID,DOGA1C,14,5
VA,0,135.0,2,540,0,0,0,0,0,0
DF,MB053,19.020611,72.942508,0, ,0.0,0.0,1,2100,0,0,0,0,0,1
TF,DOGAP,18.809167,73.416667,0, ,0.0,0.0,0.0,0.0,0,0,0,0,0,0,0,0
TF,PPN,18.584556,73.912431,0, ,0.0,0.0,0.0,0.0,0,0,0,0,0,0,0,0

SID,ONAG1B,09,5
VA,0,90.0,2,520,0,0,0,0,0,0
DF,MB397,19.089656,72.938161,0, ,0.0,0.0,2,1000,0,0,0,0,0,1
TF,ONAGI,18.887042,72.989058,0, ,0.0,0.0,0.0,0.0,3,7000,0,0,0,0,0,0

SID,ONAG1B,BBM,6
IF,ONAGI,18.887042,72.989058, ,0.0,0.0,3,7000,0,0,0,0,0,0
TF,MB390,18.679178,72.989439,0, ,0.0,0.0,0.0,0.0,1,7000,0,0,0,0,0,0
TF,MB362,18.086656,72.982139,0, ,0.0,0.0,0.0,0.0,0,0,0,0,0,0,0,0
TF,BBM,15.857128,74.619292,0, ,0.0,0.0,0.0,0.0,0,0,0,0,0,0,0,0

SID,ONAG1B,BISET,6
IF,ONAGI,18.887042,72.989058, ,0.0,0.0,3,7000,0,0,0,0,0,0
TF,VEVAK,18.777167,72.742861,0, ,0.0,0.0,0.0,0.0,1,7000,0,0,0,0,0,0
TF,MB377,18.773889,72.420311,0, ,0.0,0.0,0.0,0.0,2,13000,0,0,0,0,0,0
TF,ARIRA,18.750067,71.104139,0, ,0.0,0.0,0.0,0.0,0,0,0,0,0,0,0,0
TF,BISET,18.389167,69.301667,0, ,0.0,0.0,0.0,0.0,0,0,0,0,0,0,0,0

SID,ONAG1B,BIXOR,6
IF,ONAGI,18.887042,72.989058, ,0.0,0.0,3,7000,0,0,0,0,0,0
TF,MB390,18.679178,72.989439,0, ,0.0,0.0,0.0,0.0,1,7000,0,0,0,0,0,0
TF,MB362,18.086656,72.982139,0, ,0.0,0.0,0.0,0.0,0,0,0,0,0,0,0,0
TF,BIXOR,17.401028,73.815944,0, ,0.0,0.0,0.0,0.0,0,0,0,0,0,0,0,0
TF,AGELA,16.606667,75.465833,0, ,0.0,0.0,0.0,0.0,0,0,0,0,0,0,0,0

SID,ONAG1B,DARMI,6
IF,ONAGI,18.887042,72.989058, ,0.0,0.0,3,7000,0,0,0,0,0,0
TF,VEVAK,18.777167,72.742861,0, ,0.0,0.0,0.0,0.0,1,7000,0,0,0,0,0,0
TF,MB377,18.773889,72.420311,0, ,0.0,0.0,0.0,0.0,2,13000,0,0,0,0,0,0
TF,ARIRA,18.750067,71.104139,0, ,0.0,0.0,0.0,0.0,0,0,0,0,0,0,0,0
TF,DARMI,17.795000,70.577500,0, ,0.0,0.0,0.0,0.0,0,0,0,0,0,0,0,0

SID,ONAG1B,EPKOS,6
IF,ONAGI,18.887042,72.989058, ,0.0,0.0,3,7000,0,0,0,0,0,0
TF,MB390,18.679178,72.989439,0, ,0.0,0.0,0.0,0.0,1,7000,0,0,0,0,0,0
TF,MB362,18.086656,72.982139,0, ,0.0,0.0,0.0,0.0,0,0,0,0,0,0,0,0
TF,EPKOS,16.885556,74.120278,0, ,0.0,0.0,0.0,0.0,0,0,0,0,0,0,0,0

SID,ONAG1B,ERVIS,6
IF,ONAGI,18.887042,72.989058, ,0.0,0.0,3,7000,0,0,0,0,0,0
TF,MB389,18.670389,72.877231,0, ,0.0,0.0,0.0,0.0,1,7000,0,0,0,0,0,0
TF,ERVIS,17.091111,72.053889,0, ,0.0,0.0,0.0,0.0,0,0,0,0,0,0,0,0

SID,ONAG1B,GUNDI,6
IF,ONAGI,18.887042,72.989058, ,0.0,0.0,3,7000,0,0,0,0,0,0
TF,ONAPA,18.465819,72.617156,0, ,0.0,0.0,0.0,0.0,0,0,0,0,0,0,0,0
TF,GUNDI,17.360278,71.493333,0, ,0.0,0.0,0.0,0.0,0,0,0,0,0,0,0,0

SID,ONAG1B,IGMAR,6
IF,ONAGI,18.887042,72.989058, ,0.0,0.0,3,7000,0,0,0,0,0,0
TF,MB390,18.679178,72.989439,0, ,0.0,0.0,0.0,0.0,1,7000,0,0,0,0,0,0
TF,MB362,18.086656,72.982139,0, ,0.0,0.0,0.0,0.0,0,0,0,0,0,0,0,0
TF,BIXOR,17.401028,73.815944,0, ,0.0,0.0,0.0,0.0,0,0,0,0,0,0,0,0
TF,IGMAR,15.721667,75.998889,0, ,0.0,0.0,0.0,0.0,0,0,0,0,0,0,0,0

SID,ONAG1B,MABTA,6
IF,ONAGI,18.887042,72.989058, ,0.0,0.0,3,7000,0,0,0,0,0,0
TF,MB390,18.679178,72.989439,0, ,0.0,0.0,0.0,0.0,1,7000,0,0,0,0,0,0
TF,MB362,18.086656,72.982139,0, ,0.0,0.0,0.0,0.0,0,0,0,0,0,0,0,0
TF,BEKUT,17.722500,73.218056,0, ,0.0,0.0,0.0,0.0,0,0,0,0,0,0,0,0
TF,MABTA,17.141389,73.362778,0, ,0.0,0.0,0.0,0.0,0,0,0,0,0,0,0,0

SID,ONAG1B,SAKUN,6
IF,ONAGI,18.887042,72.989058, ,0.0,0.0,3,7000,0,0,0,0,0,0
TF,VEVAK,18.777167,72.742861,0, ,0.0,0.0,0.0,0.0,1,7000,0,0,0,0,0,0
TF,MB377,18.773889,72.420311,0, ,0.0,0.0,0.0,0.0,2,13000,0,0,0,0,0,0
TF,SAKUN,19.607500,71.196944,0, ,0.0,0.0,0.0,0.0,0,0,0,0,0,0,0,0

SID,RAXE1A,27,5
VA,0,270.0,2,530,0,0,0,0,0,0
DF,MB364,19.087050,72.751211,0, ,0.0,0.0,2,2600,0,0,0,0,0,0
TF,RAXET,19.156675,72.097561,0, ,0.0,0.0,0.0,0.0,0,0,0,0,0,0,0,0

SID,RAXE1A,BISET,6
IF,RAXET,19.156675,72.097561, ,0.0,0.0,0,0,0,0,0,0,0,0
TF,BISET,18.389167,69.301667,0, ,0.0,0.0,0.0,0.0,0,0,0,0,0,0,0,0

SID,RAXE1A,DARMI,6
IF,RAXET,19.156675,72.097561, ,0.0,0.0,0,0,0,0,0,0,0,0
TF,MB370,18.891564,71.831803,0, ,0.0,0.0,0.0,0.0,0,0,0,0,0,0,0,0
TF,DARMI,17.795000,70.577500,0, ,0.0,0.0,0.0,0.0,0,0,0,0,0,0,0,0

SID,RAXE1A,SAKUN,6
IF,RAXET,19.156675,72.097561, ,0.0,0.0,0,0,0,0,0,0,0,0
TF,SAKUN,19.607500,71.196944,0, ,0.0,0.0,0.0,0.0,0,0,0,0,0,0,0,0

SID,RAXE1C,14,5
VA,0,135.0,2,540,0,0,0,0,0,0
DF,MB053,19.020611,72.942508,0, ,0.0,0.0,2,2100,0,0,0,0,0,1
TF,ONAGI,18.887042,72.989058,0, ,0.0,0.0,0.0,0.0,0,0,0,0,0,0,0,0

SID,RAXE1C,BISET,6
IF,ONAGI,18.887042,72.989058, ,0.0,0.0,0,0,0,0,0,0,0,0
TF,VEVAK,18.777167,72.742861,0, ,0.0,0.0,0.0,0.0,3,7000,0,0,0,0,0,0
TF,LAPOM,18.916850,72.571142,0, ,0.0,0.0,0.0,0.0,0,0,0,0,0,0,0,0
TF,MB388,19.012103,72.386264,0, ,0.0,0.0,0.0,0.0,1,8000,0,0,0,0,0,0
TF,RAXET,19.156675,72.097561,0, ,0.0,0.0,0.0,0.0,0,0,0,0,0,0,0,0
TF,BISET,18.389167,69.301667,0, ,0.0,0.0,0.0,0.0,0,0,0,0,0,0,0,0

SID,RAXE1C,DARMI,6
IF,ONAGI,18.887042,72.989058, ,0.0,0.0,0,0,0,0,0,0,0,0
TF,VEVAK,18.777167,72.742861,0, ,0.0,0.0,0.0,0.0,3,7000,0,0,0,0,0,0
TF,LAPOM,18.916850,72.571142,0, ,0.0,0.0,0.0,0.0,0,0,0,0,0,0,0,0
TF,MB388,19.012103,72.386264,0, ,0.0,0.0,0.0,0.0,1,8000,0,0,0,0,0,0
TF,RAXET,19.156675,72.097561,0, ,0.0,0.0,0.0,0.0,0,0,0,0,0,0,0,0
TF,DARMI,17.795000,70.577500,0, ,0.0,0.0,0.0,0.0,0,0,0,0,0,0,0,0

SID,RAXE1C,SAKUN,6
IF,ONAGI,18.887042,72.989058, ,0.0,0.0,0,0,0,0,0,0,0,0
TF,VEVAK,18.777167,72.742861,0, ,0.0,0.0,0.0,0.0,3,7000,0,0,0,0,0,0
TF,LAPOM,18.916850,72.571142,0, ,0.0,0.0,0.0,0.0,0,0,0,0,0,0,0,0
TF,MB388,19.012103,72.386264,0, ,0.0,0.0,0.0,0.0,1,8000,0,0,0,0,0,0
TF,RAXET,19.156675,72.097561,0, ,0.0,0.0,0.0,0.0,3,10000,0,0,0,0,0,0
TF,SAKUN,19.607500,71.196944,0, ,0.0,0.0,0.0,0.0,0,0,0,0,0,0,0,0

SID,RAXE1D,32,5
VA,0,316.0,2,530,0,0,0,0,0,0
DF,MB380,19.154397,72.796697,0, ,0.0,0.0,2,2600,0,0,0,0,0,1
TF,RAXET,19.156675,72.097561,0, ,0.0,0.0,0.0,0.0,1,7000,0,0,0,0,0,0

SID,RAXE1D,BISET,6
IF,RAXET,19.156675,72.097561, ,0.0,0.0,1,7000,0,0,0,0,0,0
TF,BISET,18.389167,69.301667,0, ,0.0,0.0,0.0,0.0,0,0,0,0,0,0,0,0

SID,RAXE1D,DARMI,6
IF,RAXET,19.156675,72.097561, ,0.0,0.0,1,7000,0,0,0,0,0,0
TF,MB370,18.891564,71.831803,0, ,0.0,0.0,0.0,0.0,0,0,0,0,0,0,0,0
TF,DARMI,17.795000,70.577500,0, ,0.0,0.0,0.0,0.0,0,0,0,0,0,0,0,0

SID,RAXE1D,SAKUN,6
IF,RAXET,19.156675,72.097561, ,0.0,0.0,1,7000,0,0,0,0,0,0
TF,SAKUN,19.607500,71.196944,0, ,0.0,0.0,0.0,0.0,0,0,0,0,0,0,0,0

SID,REVK1C,14,5
VA,0,135.0,2,540,0,0,0,0,0,0
DF,MB053,19.020611,72.942508,0, ,0.0,0.0,2,2100,0,0,0,0,0,1
TF,SABKA,18.782242,72.957075,0, ,0.0,0.0,0.0,0.0,0,0,0,0,0,0,0,0

SID,REVK1C,BBM,6
IF,SABKA,18.782242,72.957075, ,0.0,0.0,0,0,0,0,0,0,0,0
TF,REVKA,18.675192,72.960931,0, ,0.0,0.0,0.0,0.0,1,7000,0,0,0,0,0,0
TF,MB362,18.086656,72.982139,0, ,0.0,0.0,0.0,0.0,0,0,0,0,0,0,0,0
TF,BBM,15.857128,74.619292,0, ,0.0,0.0,0.0,0.0,0,0,0,0,0,0,0,0

SID,REVK1C,BIXOR,6
IF,SABKA,18.782242,72.957075, ,0.0,0.0,0,0,0,0,0,0,0,0
TF,REVKA,18.675192,72.960931,0, ,0.0,0.0,0.0,0.0,1,7000,0,0,0,0,0,0
TF,MB362,18.086656,72.982139,0, ,0.0,0.0,0.0,0.0,0,0,0,0,0,0,0,0
TF,BIXOR,17.401028,73.815944,0, ,0.0,0.0,0.0,0.0,0,0,0,0,0,0,0,0
TF,AGELA,16.606667,75.465833,0, ,0.0,0.0,0.0,0.0,0,0,0,0,0,0,0,0

SID,REVK1C,EPKOS,6
IF,SABKA,18.782242,72.957075, ,0.0,0.0,0,0,0,0,0,0,0,0
TF,REVKA,18.675192,72.960931,0, ,0.0,0.0,0.0,0.0,1,7000,0,0,0,0,0,0
TF,MB362,18.086656,72.982139,0, ,0.0,0.0,0.0,0.0,0,0,0,0,0,0,0,0
TF,EPKOS,16.885556,74.120278,0, ,0.0,0.0,0.0,0.0,0,0,0,0,0,0,0,0

SID,REVK1C,ERVIS,6
IF,SABKA,18.782242,72.957075, ,0.0,0.0,0,0,0,0,0,0,0,0
TF,REVKA,18.675192,72.960931,0, ,0.0,0.0,0.0,0.0,1,7000,0,0,0,0,0,0
TF,OSATA,18.419836,72.856356,0, ,0.0,0.0,0.0,0.0,0,0,0,0,0,0,0,0
TF,ERVIS,17.091111,72.053889,0, ,0.0,0.0,0.0,0.0,0,0,0,0,0,0,0,0

SID,REVK1C,GUNDI,6
IF,SABKA,18.782242,72.957075, ,0.0,0.0,0,0,0,0,0,0,0,0
TF,REVKA,18.675192,72.960931,0, ,0.0,0.0,0.0,0.0,1,7000,0,0,0,0,0,0
TF,OSATA,18.419836,72.856356,0, ,0.0,0.0,0.0,0.0,0,0,0,0,0,0,0,0
TF,GUNDI,17.360278,71.493333,0, ,0.0,0.0,0.0,0.0,0,0,0,0,0,0,0,0

SID,REVK1C,IGMAR,6
IF,SABKA,18.782242,72.957075, ,0.0,0.0,0,0,0,0,0,0,0,0
TF,REVKA,18.675192,72.960931,0, ,0.0,0.0,0.0,0.0,1,7000,0,0,0,0,0,0
TF,MB362,18.086656,72.982139,0, ,0.0,0.0,0.0,0.0,0,0,0,0,0,0,0,0
TF,BIXOR,17.401028,73.815944,0, ,0.0,0.0,0.0,0.0,0,0,0,0,0,0,0,0
TF,IGMAR,15.721667,75.998889,0, ,0.0,0.0,0.0,0.0,0,0,0,0,0,0,0,0

SID,REVK1C,MABTA,6
IF,SABKA,18.782242,72.957075, ,0.0,0.0,0,0,0,0,0,0,0,0
TF,REVKA,18.675192,72.960931,0, ,0.0,0.0,0.0,0.0,1,7000,0,0,0,0,0,0
TF,MB362,18.086656,72.982139,0, ,0.0,0.0,0.0,0.0,0,0,0,0,0,0,0,0
TF,BEKUT,17.722500,73.218056,0, ,0.0,0.0,0.0,0.0,0,0,0,0,0,0,0,0
TF,MABTA,17.141389,73.362778,0, ,0.0,0.0,0.0,0.0,0,0,0,0,0,0,0,0

SID,SABK1C,14,5
VA,0,135.0,2,540,0,0,0,0,0,0
DF,MB053,19.020611,72.942508,0, ,0.0,0.0,2,2100,0,0,0,0,0,1

SID,SABK1C,BBM,6
IF,MB053,19.020611,72.942508, ,0.0,0.0,2,2100,0,0,0,0,0,0
TF,SABKA,18.782242,72.957075,0, ,0.0,0.0,0.0,0.0,2,8000,0,0,0,0,0,0
TF,MB362,18.086656,72.982139,0, ,0.0,0.0,0.0,0.0,0,0,0,0,0,0,0,0
TF,BBM,15.857128,74.619292,0, ,0.0,0.0,0.0,0.0,0,0,0,0,0,0,0,0

SID,SABK1C,BIXOR,6
IF,MB053,19.020611,72.942508, ,0.0,0.0,2,2100,0,0,0,0,0,0
TF,SABKA,18.782242,72.957075,0, ,0.0,0.0,0.0,0.0,0,0,0,0,0,0,0,0
TF,MB362,18.086656,72.982139,0, ,0.0,0.0,0.0,0.0,0,0,0,0,0,0,0,0
TF,BIXOR,17.401028,73.815944,0, ,0.0,0.0,0.0,0.0,0,0,0,0,0,0,0,0
TF,AGELA,16.606667,75.465833,0, ,0.0,0.0,0.0,0.0,0,0,0,0,0,0,0,0

SID,SABK1C,EPKOS,6
IF,MB053,19.020611,72.942508, ,0.0,0.0,2,2100,0,0,0,0,0,0
TF,SABKA,18.782242,72.957075,0, ,0.0,0.0,0.0,0.0,0,0,0,0,0,0,0,0
TF,MB362,18.086656,72.982139,0, ,0.0,0.0,0.0,0.0,0,0,0,0,0,0,0,0
TF,EPKOS,16.885556,74.120278,0, ,0.0,0.0,0.0,0.0,0,0,0,0,0,0,0,0

SID,SABK1C,IGMAR,6
IF,MB053,19.020611,72.942508, ,0.0,0.0,2,2100,0,0,0,0,0,0
TF,SABKA,18.782242,72.957075,0, ,0.0,0.0,0.0,0.0,0,0,0,0,0,0,0,0
TF,MB362,18.086656,72.982139,0, ,0.0,0.0,0.0,0.0,0,0,0,0,0,0,0,0
TF,BIXOR,17.401028,73.815944,0, ,0.0,0.0,0.0,0.0,0,0,0,0,0,0,0,0
TF,IGMAR,15.721667,75.998889,0, ,0.0,0.0,0.0,0.0,0,0,0,0,0,0,0,0

SID,SABK1C,MABTA,6
IF,MB053,19.020611,72.942508, ,0.0,0.0,2,2100,0,0,0,0,0,0
TF,SABKA,18.782242,72.957075,0, ,0.0,0.0,0.0,0.0,2,8000,0,0,0,0,0,0
TF,MB362,18.086656,72.982139,0, ,0.0,0.0,0.0,0.0,0,0,0,0,0,0,0,0
TF,BEKUT,17.722500,73.218056,0, ,0.0,0.0,0.0,0.0,0,0,0,0,0,0,0,0
TF,MABTA,17.141389,73.362778,0, ,0.0,0.0,0.0,0.0,0,0,0,0,0,0,0,0

SID,SABK1C,PPN,6
IF,MB053,19.020611,72.942508, ,0.0,0.0,2,2100,0,0,0,0,0,0
TF,SABKA,18.782242,72.957075,0, ,0.0,0.0,0.0,0.0,1,8000,0,0,0,0,0,0
TF,DOGAP,18.809167,73.416667,0, ,0.0,0.0,0.0,0.0,0,0,0,0,0,0,0,0
TF,PPN,18.584556,73.912431,0, ,0.0,0.0,0.0,0.0,2,25000,0,0,0,0,0,0

SID,VEVA1A,27,5
VA,0,270.0,2,530,0,0,0,0,0,0
DF,MB364,19.087050,72.751211,0, ,0.0,0.0,2,2600,0,0,0,0,0,1
TF,VEVAK,18.777167,72.742861,0, ,0.0,0.0,0.0,0.0,3,7000,0,0,0,0,0,0

SID,VEVA1A,BBM,6
IF,VEVAK,18.777167,72.742861, ,0.0,0.0,3,7000,0,0,0,0,0,0
TF,MB362,18.086656,72.982139,0, ,0.0,0.0,0.0,0.0,0,0,0,0,0,0,0,0
TF,BBM,15.857128,74.619292,0, ,0.0,0.0,0.0,0.0,0,0,0,0,0,0,0,0

SID,VEVA1A,BIXOR,6
IF,VEVAK,18.777167,72.742861, ,0.0,0.0,3,7000,0,0,0,0,0,0
TF,MB362,18.086656,72.982139,0, ,0.0,0.0,0.0,0.0,0,0,0,0,0,0,0,0
TF,BIXOR,17.401028,73.815944,0, ,0.0,0.0,0.0,0.0,0,0,0,0,0,0,0,0
TF,AGELA,16.606667,75.465833,0, ,0.0,0.0,0.0,0.0,0,0,0,0,0,0,0,0

SID,VEVA1A,EPKOS,6
IF,VEVAK,18.777167,72.742861, ,0.0,0.0,3,7000,0,0,0,0,0,0
TF,MB362,18.086656,72.982139,0, ,0.0,0.0,0.0,0.0,0,0,0,0,0,0,0,0
TF,EPKOS,16.885556,74.120278,0, ,0.0,0.0,0.0,0.0,0,0,0,0,0,0,0,0

SID,VEVA1A,ERVIS,6
IF,VEVAK,18.777167,72.742861, ,0.0,0.0,3,7000,0,0,0,0,0,0
TF,ONAPA,18.465819,72.617156,0, ,0.0,0.0,0.0,0.0,0,0,0,0,0,0,0,0
TF,ERVIS,17.091111,72.053889,0, ,0.0,0.0,0.0,0.0,0,0,0,0,0,0,0,0

SID,VEVA1A,GUNDI,6
IF,VEVAK,18.777167,72.742861, ,0.0,0.0,3,7000,0,0,0,0,0,0
TF,ONAPA,18.465819,72.617156,0, ,0.0,0.0,0.0,0.0,0,0,0,0,0,0,0,0
TF,GUNDI,17.360278,71.493333,0, ,0.0,0.0,0.0,0.0,0,0,0,0,0,0,0,0

SID,VEVA1A,IGMAR,6
IF,VEVAK,18.777167,72.742861, ,0.0,0.0,3,7000,0,0,0,0,0,0
TF,MB362,18.086656,72.982139,0, ,0.0,0.0,0.0,0.0,0,0,0,0,0,0,0,0
TF,BIXOR,17.401028,73.815944,0, ,0.0,0.0,0.0,0.0,0,0,0,0,0,0,0,0
TF,IGMAR,15.721667,75.998889,0, ,0.0,0.0,0.0,0.0,0,0,0,0,0,0,0,0

SID,VEVA1A,MABTA,6
IF,VEVAK,18.777167,72.742861, ,0.0,0.0,3,7000,0,0,0,0,0,0
TF,MB362,18.086656,72.982139,0, ,0.0,0.0,0.0,0.0,0,0,0,0,0,0,0,0
TF,BEKUT,17.722500,73.218056,0, ,0.0,0.0,0.0,0.0,0,0,0,0,0,0,0,0
TF,MABTA,17.141389,73.362778,0, ,0.0,0.0,0.0,0.0,0,0,0,0,0,0,0,0

SID,VEVA1A,PPN,6
IF,VEVAK,18.777167,72.742861, ,0.0,0.0,3,7000,0,0,0,0,0,0
TF,SABKA,18.782242,72.957075,0, ,0.0,0.0,0.0,0.0,1,9000,0,0,0,0,0,0
TF,DOGAP,18.809167,73.416667,0, ,0.0,0.0,0.0,0.0,0,0,0,0,0,0,0,0
TF,PPN,18.584556,73.912431,0, ,0.0,0.0,0.0,0.0,2,25000,0,0,0,0,0,0

SID,VEVA1D,32,5
VA,0,316.0,2,530,0,0,0,0,0,0
DF,MB380,19.154397,72.796697,0, ,0.0,0.0,2,2600,0,0,0,0,0,1
TF,VEVAK,18.777167,72.742861,1, ,0.0,0.0,0.0,0.0,1,7000,0,0,0,0,0,0

SID,VEVA1D,BBM,6
IF,VEVAK,18.777167,72.742861, ,0.0,0.0,1,7000,0,0,0,0,0,0
TF,OSATA,18.419836,72.856356,0, ,0.0,0.0,0.0,0.0,0,0,0,0,0,0,0,0
TF,MB362,18.086656,72.982139,0, ,0.0,0.0,0.0,0.0,0,0,0,0,0,0,0,0
TF,BBM,15.857128,74.619292,0, ,0.0,0.0,0.0,0.0,0,0,0,0,0,0,0,0

SID,VEVA1D,BIXOR,6
IF,VEVAK,18.777167,72.742861, ,0.0,0.0,1,7000,0,0,0,0,0,0
TF,OSATA,18.419836,72.856356,0, ,0.0,0.0,0.0,0.0,0,0,0,0,0,0,0,0
TF,MB362,18.086656,72.982139,0, ,0.0,0.0,0.0,0.0,0,0,0,0,0,0,0,0
TF,BIXOR,17.401028,73.815944,0, ,0.0,0.0,0.0,0.0,0,0,0,0,0,0,0,0
TF,AGELA,16.606667,75.465833,0, ,0.0,0.0,0.0,0.0,0,0,0,0,0,0,0,0

SID,VEVA1D,EPKOS,6
IF,VEVAK,18.777167,72.742861, ,0.0,0.0,1,7000,0,0,0,0,0,0
TF,MB362,18.086656,72.982139,0, ,0.0,0.0,0.0,0.0,0,0,0,0,0,0,0,0
TF,EPKOS,16.885556,74.120278,0, ,0.0,0.0,0.0,0.0,0,0,0,0,0,0,0,0

SID,VEVA1D,ERVIS,6
IF,VEVAK,18.777167,72.742861, ,0.0,0.0,1,7000,0,0,0,0,0,0
TF,ONAPA,18.465819,72.617156,0, ,0.0,0.0,0.0,0.0,0,0,0,0,0,0,0,0
TF,ERVIS,17.091111,72.053889,0, ,0.0,0.0,0.0,0.0,0,0,0,0,0,0,0,0

SID,VEVA1D,GUNDI,6
IF,VEVAK,18.777167,72.742861, ,0.0,0.0,1,7000,0,0,0,0,0,0
TF,ONAPA,18.465819,72.617156,0, ,0.0,0.0,0.0,0.0,0,0,0,0,0,0,0,0
TF,GUNDI,17.360278,71.493333,0, ,0.0,0.0,0.0,0.0,0,0,0,0,0,0,0,0

SID,VEVA1D,IGMAR,6
IF,VEVAK,18.777167,72.742861, ,0.0,0.0,1,7000,0,0,0,0,0,0
TF,OSATA,18.419836,72.856356,0, ,0.0,0.0,0.0,0.0,0,0,0,0,0,0,0,0
TF,MB362,18.086656,72.982139,0, ,0.0,0.0,0.0,0.0,0,0,0,0,0,0,0,0
TF,BIXOR,17.401028,73.815944,0, ,0.0,0.0,0.0,0.0,0,0,0,0,0,0,0,0
TF,IGMAR,15.721667,75.998889,0, ,0.0,0.0,0.0,0.0,0,0,0,0,0,0,0,0

SID,VEVA1D,MABTA,6
IF,VEVAK,18.777167,72.742861, ,0.0,0.0,1,7000,0,0,0,0,0,0
TF,OSATA,18.419836,72.856356,0, ,0.0,0.0,0.0,0.0,0,0,0,0,0,0,0,0
TF,MB362,18.086656,72.982139,0, ,0.0,0.0,0.0,0.0,0,0,0,0,0,0,0,0
TF,BEKUT,17.722500,73.218056,0, ,0.0,0.0,0.0,0.0,0,0,0,0,0,0,0,0
TF,MABTA,17.141389,73.362778,0, ,0.0,0.0,0.0,0.0,0,0,0,0,0,0,0,0

SID,VIDA1C,14,5
VA,0,135.0,2,540,0,0,0,0,0,0
DF,MB053,19.020611,72.942508,0, ,0.0,0.0,2,2100,0,0,0,0,0,1
TF,VIDAG,19.117964,73.087303,0, ,0.0,0.0,0.0,0.0,0,0,0,0,0,0,0,0

SID,VIDA1C,AAU,6
IF,VIDAG,19.117964,73.087303, ,0.0,0.0,0,0,0,0,0,0,0,0
TF,MB398,19.453361,73.462614,0, ,0.0,0.0,0.0,0.0,3,10000,0,0,0,0,0,0
TF,SEKVI,19.592778,73.684167,0, ,0.0,0.0,0.0,0.0,0,0,0,0,0,0,0,0
TF,KAKPO,19.760000,74.015833,0, ,0.0,0.0,0.0,0.0,0,0,0,0,0,0,0,0
TF,MB366,20.004150,74.698708,0, ,0.0,0.0,0.0,0.0,0,0,0,0,0,0,0,0
TF,AAU,19.861125,75.405208,0, ,0.0,0.0,0.0,0.0,0,0,0,0,0,0,0,0

SID,VIDA1C,BETKU,6
IF,VIDAG,19.117964,73.087303, ,0.0,0.0,0,0,0,0,0,0,0,0
TF,XOPAL,19.462444,72.889775,0, ,0.0,0.0,0.0,0.0,1,7000,0,0,0,0,0,0
TF,MB381,20.013594,72.458847,0, ,0.0,0.0,0.0,0.0,3,10000,0,0,0,0,0,0
TF,BETKU,20.477417,72.016236,0, ,0.0,0.0,0.0,0.0,0,0,0,0,0,0,0,0

SID,VIDA1C,EXOLU,6
IF,VIDAG,19.117964,73.087303, ,0.0,0.0,0,0,0,0,0,0,0,0
TF,XOPAL,19.462444,72.889775,0, ,0.0,0.0,0.0,0.0,1,7000,0,0,0,0,0,0
TF,MB381,20.013594,72.458847,0, ,0.0,0.0,0.0,0.0,3,10000,0,0,0,0,0,0
TF,EXOLU,20.213889,71.569444,0, ,0.0,0.0,0.0,0.0,0,0,0,0,0,0,0,0

SID,VIDA1C,ISRIS,6
IF,VIDAG,19.117964,73.087303, ,0.0,0.0,0,0,0,0,0,0,0,0
TF,XOPAL,19.462444,72.889775,0, ,0.0,0.0,0.0,0.0,1,7000,0,0,0,0,0,0
TF,MB361,20.083489,72.859903,0, ,0.0,0.0,0.0,0.0,3,10000,0,0,0,0,0,0
TF,ISRIS,20.758056,72.946389,0, ,0.0,0.0,0.0,0.0,0,0,0,0,0,0,0,0

SID,VIDA1C,KAKPO,6
IF,VIDAG,19.117964,73.087303, ,0.0,0.0,0,0,0,0,0,0,0,0
TF,MB398,19.453361,73.462614,0, ,0.0,0.0,0.0,0.0,3,10000,0,0,0,0,0,0
TF,SEKVI,19.592778,73.684167,0, ,0.0,0.0,0.0,0.0,0,0,0,0,0,0,0,0
TF,KAKPO,19.760000,74.015833,0, ,0.0,0.0,0.0,0.0,0,0,0,0,0,0,0,0

SID,VIDA1C,POSIN,6
IF,VIDAG,19.117964,73.087303, ,0.0,0.0,0,0,0,0,0,0,0,0
TF,MB398,19.453361,73.462614,0, ,0.0,0.0,0.0,0.0,3,10000,0,0,0,0,0,0
TF,SEKVI,19.592778,73.684167,0, ,0.0,0.0,0.0,0.0,0,0,0,0,0,0,0,0
TF,KAKPO,19.760000,74.015833,0, ,0.0,0.0,0.0,0.0,0,0,0,0,0,0,0,0
TF,MB366,20.004150,74.698708,0, ,0.0,0.0,0.0,0.0,0,0,0,0,0,0,0,0
TF,POSIN,20.278608,75.457650,0, ,0.0,0.0,0.0,0.0,0,0,0,0,0,0,0,0

SID,XOPA1D,32,5
VA,0,316.0,2,530,0,0,0,0,0,0
DF,MB380,19.154397,72.796697,0, ,0.0,0.0,2,2600,0,0,0,0,0,1
TF,ANOLI,19.301078,72.739314,0, ,0.0,0.0,0.0,0.0,0,0,0,0,0,0,0,0

SID,XOPA1D,AAU,6
IF,ANOLI,19.301078,72.739314, ,0.0,0.0,0,0,0,0,0,0,0,0
TF,XOPAL,19.462444,72.889775,0, ,0.0,0.0,0.0,0.0,0,0,0,0,0,0,0,0
TF,MB365,19.561028,73.361864,0, ,0.0,0.0,0.0,0.0,1,10000,0,0,0,0,0,0
TF,SEKVI,19.592778,73.684167,0, ,0.0,0.0,0.0,0.0,0,0,0,0,0,0,0,0
TF,KAKPO,19.760000,74.015833,0, ,0.0,0.0,0.0,0.0,0,0,0,0,0,0,0,0
TF,MB366,20.004150,74.698708,0, ,0.0,0.0,0.0,0.0,0,0,0,0,0,0,0,0
TF,AAU,19.861125,75.405208,0, ,0.0,0.0,0.0,0.0,0,0,0,0,0,0,0,0

SID,XOPA1D,KAKPO,6
IF,ANOLI,19.301078,72.739314, ,0.0,0.0,0,0,0,0,0,0,0,0
TF,XOPAL,19.462444,72.889775,0, ,0.0,0.0,0.0,0.0,0,0,0,0,0,0,0,0
TF,MB365,19.561028,73.361864,0, ,0.0,0.0,0.0,0.0,1,10000,0,0,0,0,0,0
TF,SEKVI,19.592778,73.684167,0, ,0.0,0.0,0.0,0.0,0,0,0,0,0,0,0,0
TF,KAKPO,19.760000,74.015833,0, ,0.0,0.0,0.0,0.0,0,0,0,0,0,0,0,0

SID,XOPA1D,POSIN,6
IF,ANOLI,19.301078,72.739314, ,0.0,0.0,0,0,0,0,0,0,0,0
TF,XOPAL,19.462444,72.889775,0, ,0.0,0.0,0.0,0.0,0,0,0,0,0,0,0,0
TF,MB365,19.561028,73.361864,0, ,0.0,0.0,0.0,0.0,1,10000,0,0,0,0,0,0
TF,SEKVI,19.592778,73.684167,0, ,0.0,0.0,0.0,0.0,0,0,0,0,0,0,0,0
TF,KAKPO,19.760000,74.015833,0, ,0.0,0.0,0.0,0.0,0,0,0,0,0,0,0,0
TF,MB366,20.004150,74.698708,0, ,0.0,0.0,0.0,0.0,0,0,0,0,0,0,0,0
TF,POSIN,20.278608,75.457650,0, ,0.0,0.0,0.0,0.0,0,0,0,0,0,0,0,0

SID,XOPA1D,PPN,6
IF,ANOLI,19.301078,72.739314, ,0.0,0.0,0,0,0,0,0,0,0,0
TF,XOPAL,19.462444,72.889775,0, ,0.0,0.0,0.0,0.0,0,0,0,0,0,0,0,0
TF,MB402,19.344589,73.029311,0, ,0.0,0.0,0.0,0.0,0,0,0,0,0,0,0,0
TF,MB382,19.259147,73.113181,0, ,0.0,0.0,0.0,0.0,1,10000,0,0,0,0,0,0
TF,MB383,19.173728,73.197031,0, ,0.0,0.0,0.0,0.0,1,12000,0,0,0,0,0,0
TF,DOGAP,18.809167,73.416667,0, ,0.0,0.0,0.0,0.0,0,0,0,0,0,0,0,0
TF,PPN,18.584556,73.912431,0, ,0.0,0.0,0.0,0.0,2,25000,0,0,0,0,0,0

STAR,EMRA1A,APUSU,4
IF,APUSU,18.001000,76.428917, ,0.0,0.0,0,0,0,0,0,0,0,0
TF,MELAX,19.498636,75.632500,0, ,0.0,0.0,0.0,0.0,0,0,0,0,0,0,0,0
TF,OPAKA,19.605833,74.549444,0, ,0.0,0.0,0.0,0.0,0,0,0,0,0,0,0,0
TF,EMRAK,19.420442,73.871094,0, ,0.0,0.0,0.0,0.0,2,12000,0,1,250,0,0,0

STAR,EMRA1A,OPAKA,4
IF,OPAKA,19.605833,74.549444, ,0.0,0.0,0,0,0,0,0,0,0,0
TF,EMRAK,19.420442,73.871094,0, ,0.0,0.0,0.0,0.0,2,12000,0,1,250,0,0,0

STAR,EMRA1A,27,5
IF,EMRAK,19.420442,73.871094, ,0.0,0.0,2,12000,0,1,250,0,0,0
TF,MB403,19.215275,73.473181,0, ,0.0,0.0,0.0,0.0,1,8000,0,1,210,0,0,1
VM,19.091667,72.866111,0,180.0,0,0,0,0,0,0,0,0

STAR,EMRA1B,APUSU,4
IF,APUSU,18.001000,76.428917, ,0.0,0.0,0,0,0,0,0,0,0,0
TF,MELAX,19.498636,75.632500,0, ,0.0,0.0,0.0,0.0,0,0,0,0,0,0,0,0
TF,OPAKA,19.605833,74.549444,0, ,0.0,0.0,0.0,0.0,0,0,0,0,0,0,0,0
TF,EMRAK,19.420442,73.871094,0, ,0.0,0.0,0.0,0.0,2,12000,0,1,250,0,0,0

STAR,EMRA1B,OPAKA,4
IF,OPAKA,19.605833,74.549444, ,0.0,0.0,0,0,0,0,0,0,0,0
TF,EMRAK,19.420442,73.871094,0, ,0.0,0.0,0.0,0.0,2,12000,0,1,250,0,0,0

STAR,EMRA1B,09,5
IF,EMRAK,19.420442,73.871094, ,0.0,0.0,2,12000,0,1,250,0,0,0
TF,MB391,19.212197,73.142919,0, ,0.0,0.0,0.0,0.0,1,11000,0,1,250,0,0,0
TF,MB375,19.215100,72.334744,0, ,0.0,0.0,0.0,0.0,0,0,0,0,0,0,0,1
VM,19.091667,72.866111,1,180.0,0,0,0,0,0,0,0,0

STAR,EMRA1C,APUSU,4
IF,APUSU,18.001000,76.428917, ,0.0,0.0,0,0,0,0,0,0,0,0
TF,MELAX,19.498636,75.632500,0, ,0.0,0.0,0.0,0.0,0,0,0,0,0,0,0,0
TF,OPAKA,19.605833,74.549444,0, ,0.0,0.0,0.0,0.0,0,0,0,0,0,0,0,0
TF,EMRAK,19.420442,73.871094,0, ,0.0,0.0,0.0,0.0,2,12000,0,1,250,0,0,0

STAR,EMRA1C,OPAKA,4
IF,OPAKA,19.605833,74.549444, ,0.0,0.0,0,0,0,0,0,0,0,0
TF,EMRAK,19.420442,73.871094,0, ,0.0,0.0,0.0,0.0,2,12000,0,1,250,0,0,0

STAR,EMRA1C,14,5
IF,EMRAK,19.420442,73.871094, ,0.0,0.0,2,12000,0,1,250,0,0,0
TF,MB403,19.215275,73.473181,0, ,0.0,0.0,0.0,0.0,1,10000,0,0,0,0,0,0
TF,MB368,19.208922,73.031950,0, ,0.0,0.0,0.0,0.0,1,10000,0,1,250,0,0,0
TF,MB386,19.307422,72.823681,0, ,0.0,0.0,0.0,0.0,0,0,0,0,0,0,0,0
TF,MB384,19.452608,72.668364,0, ,0.0,0.0,0.0,0.0,0,0,0,0,0,0,0,0
TF,MB387,19.544939,72.549839,0, ,0.0,0.0,0.0,0.0,0,0,0,0,0,0,0,1
VM,19.091667,72.866111,0,230.0,0,0,0,0,0,0,0,0

STAR,EMRA1D,APUSU,4
IF,APUSU,18.001000,76.428917, ,0.0,0.0,0,0,0,0,0,0,0,0
TF,MELAX,19.498636,75.632500,0, ,0.0,0.0,0.0,0.0,0,0,0,0,0,0,0,0
TF,OPAKA,19.605833,74.549444,0, ,0.0,0.0,0.0,0.0,0,0,0,0,0,0,0,0
TF,EMRAK,19.420442,73.871094,0, ,0.0,0.0,0.0,0.0,2,12000,0,1,250,0,0,0

STAR,EMRA1D,OPAKA,4
IF,OPAKA,19.605833,74.549444, ,0.0,0.0,0,0,0,0,0,0,0,0
TF,EMRAK,19.420442,73.871094,0, ,0.0,0.0,0.0,0.0,2,12000,0,1,250,0,0,0

STAR,EMRA1D,32,5
IF,EMRAK,19.420442,73.871094, ,0.0,0.0,2,12000,0,1,250,0,0,0
TF,MB403,19.215275,73.473181,0, ,0.0,0.0,0.0,0.0,1,7000,0,0,0,0,0,0
TF,MB363,18.973081,73.169092,0, ,0.0,0.0,0.0,0.0,0,0,0,0,0,0,0,1
VM,19.091667,72.866111,0,230.0,0,0,0,0,0,0,0,0

STAR,IGBA1A,27,5
IF,SG,21.167500,73.565833, ,0.0,0.0,0,0,0,0,0,0,0,0
TF,AKTIV,20.248056,73.258333,0, ,0.0,0.0,0.0,0.0,0,0,0,0,0,0,0,0
TF,IGBAN,20.046950,73.194617,0, ,0.0,0.0,0.0,0.0,2,12000,0,1,230,0,0,0
TF,MB392,19.518522,73.149958,0, ,0.0,0.0,0.0,0.0,1,11000,0,1,230,0,0,0
TF,MB391,19.212197,73.142919,0, ,0.0,0.0,0.0,0.0,1,11000,0,1,210,0,0,0
TF,MB403,19.215275,73.473181,0, ,0.0,0.0,0.0,0.0,1,8000,0,1,210,0,0,1
VM,19.091667,72.866111,0,180.0,0,0,0,0,0,0,0,0

STAR,IGBA1B,09,5
IF,SG,21.167500,73.565833, ,0.0,0.0,0,0,0,0,0,0,0,0
TF,AKTIV,20.248056,73.258333,0, ,0.0,0.0,0.0,0.0,0,0,0,0,0,0,0,0
TF,IGBAN,20.046950,73.194617,0, ,0.0,0.0,0.0,0.0,2,12000,0,1,230,0,0,0
TF,MB376,19.213908,72.807292,0, ,0.0,0.0,0.0,0.0,1,10000,0,1,210,0,0,0
TF,MB375,19.215100,72.334744,0, ,0.0,0.0,0.0,0.0,0,0,0,0,0,0,0,1
VM,19.091667,72.866111,1,180.0,0,0,0,0,0,0,0,0

STAR,IGBA1C,14,5
IF,SG,21.167500,73.565833, ,0.0,0.0,0,0,0,0,0,0,0,0
TF,AKTIV,20.248056,73.258333,0, ,0.0,0.0,0.0,0.0,0,0,0,0,0,0,0,0
TF,IGBAN,20.046950,73.194617,0, ,0.0,0.0,0.0,0.0,2,12000,0,1,250,0,0,0
TF,MB402,19.344589,73.029311,0, ,0.0,0.0,0.0,0.0,1,9000,0,1,210,0,0,0
TF,MB386,19.307422,72.823681,0, ,0.0,0.0,0.0,0.0,1,9000,0,1,210,0,0,0
TF,MB384,19.452608,72.668364,0, ,0.0,0.0,0.0,0.0,1,9000,0,1,210,0,0,0
TF,MB387,19.544939,72.549839,0, ,0.0,0.0,0.0,0.0,1,9000,0,1,210,0,0,1
VM,19.091667,72.866111,0,230.0,0,0,0,0,0,0,0,0

STAR,IGBA1D,32,5
IF,SG,21.167500,73.565833, ,0.0,0.0,0,0,0,0,0,0,0,0
TF,AKTIV,20.248056,73.258333,0, ,0.0,0.0,0.0,0.0,0,0,0,0,0,0,0,0
TF,IGBAN,20.046950,73.194617,0, ,0.0,0.0,0.0,0.0,2,12000,0,1,250,0,0,0
TF,MB402,19.344589,73.029311,0, ,0.0,0.0,0.0,0.0,0,0,0,0,0,0,0,0
TF,MB385,19.138506,72.990047,0, ,0.0,0.0,0.0,0.0,1,11000,0,0,0,0,0,0
TF,MB363,18.973081,73.169092,0, ,0.0,0.0,0.0,0.0,1,9000,0,1,210,0,0,1
VM,19.091667,72.866111,2,230.0,0,0,0,0,0,0,0,0

STAR,KETO1A,BISET,4
IF,BISET,18.389167,69.301667, ,0.0,0.0,0,0,0,0,0,0,0,0
TF,KETOR,18.427686,72.074039,0, ,0.0,0.0,0.0,0.0,2,12000,0,1,250,0,0,0

STAR,KETO1A,DARMI,4
IF,DARMI,17.795000,70.577500, ,0.0,0.0,0,0,0,0,0,0,0,0
TF,KETOR,18.427686,72.074039,0, ,0.0,0.0,0.0,0.0,2,12000,0,1,250,0,0,0

STAR,KETO1A,ERVIS,4
IF,ERVIS,17.091111,72.053889, ,0.0,0.0,0,0,0,0,0,0,0,0
TF,KETOR,18.427686,72.074039,0, ,0.0,0.0,0.0,0.0,2,12000,0,1,250,0,0,0

STAR,KETO1A,GUNDI,4
IF,GUNDI,17.360278,71.493333, ,0.0,0.0,0,0,0,0,0,0,0,0
TF,KETOR,18.427686,72.074039,0, ,0.0,0.0,0.0,0.0,2,12000,0,1,250,0,0,0

STAR,KETO1A,KABSO,4
IF,OKILA,16.592778,73.107778, ,0.0,0.0,0,0,0,0,0,0,0,0
TF,KABSO,17.087500,72.819444,0, ,0.0,0.0,0.0,0.0,0,0,0,0,0,0,0,0
TF,KETOR,18.427686,72.074039,0, ,0.0,0.0,0.0,0.0,2,12000,0,1,250,0,0,0

STAR,KETO1A,SUGID,4
IF,SUGID,19.550833,69.349722, ,0.0,0.0,0,0,0,0,0,0,0,0
TF,AROTA,19.134167,70.216389,0, ,0.0,0.0,0.0,0.0,0,0,0,0,0,0,0,0
TF,KETOR,18.427686,72.074039,0, ,0.0,0.0,0.0,0.0,2,12000,0,1,250,0,0,0

STAR,KETO1A,27,5
IF,KETOR,18.427686,72.074039, ,0.0,0.0,2,12000,0,0,0,0,0,0
TF,MB393,18.905972,72.614614,0, ,0.0,0.0,0.0,0.0,0,0,0,0,0,0,0,0
TF,MB394,18.927200,73.151897,0, ,0.0,0.0,0.0,0.0,1,10000,0,1,210,0,0,0
TF,MB395,18.936575,73.379472,0, ,0.0,0.0,0.0,0.0,0,0,0,0,0,0,0,1
VM,19.091667,72.866111,0,360.0,0,0,0,0,0,0,0,0

STAR,KETO1B,BISET,4
IF,BISET,18.389167,69.301667, ,0.0,0.0,0,0,0,0,0,0,0,0
TF,KETOR,18.427686,72.074039,0, ,0.0,0.0,0.0,0.0,2,12000,0,1,250,0,0,0

STAR,KETO1B,DARMI,4
IF,DARMI,17.795000,70.577500, ,0.0,0.0,0,0,0,0,0,0,0,0
TF,KETOR,18.427686,72.074039,0, ,0.0,0.0,0.0,0.0,2,12000,0,1,250,0,0,0

STAR,KETO1B,ERVIS,4
IF,ERVIS,17.091111,72.053889, ,0.0,0.0,0,0,0,0,0,0,0,0
TF,KETOR,18.427686,72.074039,0, ,0.0,0.0,0.0,0.0,2,12000,0,1,250,0,0,0

STAR,KETO1B,GUNDI,4
IF,GUNDI,17.360278,71.493333, ,0.0,0.0,0,0,0,0,0,0,0,0
TF,KETOR,18.427686,72.074039,0, ,0.0,0.0,0.0,0.0,2,12000,0,1,250,0,0,0

STAR,KETO1B,KABSO,4
IF,OKILA,16.592778,73.107778, ,0.0,0.0,0,0,0,0,0,0,0,0
TF,KABSO,17.087500,72.819444,0, ,0.0,0.0,0.0,0.0,0,0,0,0,0,0,0,0
TF,KETOR,18.427686,72.074039,0, ,0.0,0.0,0.0,0.0,2,12000,0,1,250,0,0,0

STAR,KETO1B,SUGID,4
IF,SUGID,19.550833,69.349722, ,0.0,0.0,0,0,0,0,0,0,0,0
TF,AROTA,19.134167,70.216389,0, ,0.0,0.0,0.0,0.0,0,0,0,0,0,0,0,0
TF,KETOR,18.427686,72.074039,0, ,0.0,0.0,0.0,0.0,2,12000,0,1,250,0,0,0

STAR,KETO1B,09,5
IF,KETOR,18.427686,72.074039, ,0.0,0.0,2,12000,0,0,0,0,0,0
TF,MB374,18.952228,72.414356,0, ,0.0,0.0,0.0,0.0,1,7000,0,1,210,0,0,1
VM,19.091667,72.866111,0,360.0,0,0,0,0,0,0,0,0

STAR,KETO1C,BISET,4
IF,BISET,18.389167,69.301667, ,0.0,0.0,0,0,0,0,0,0,0,0
TF,KETOR,18.427686,72.074039,0, ,0.0,0.0,0.0,0.0,2,12000,0,1,250,0,0,0

STAR,KETO1C,DARMI,4
IF,DARMI,17.795000,70.577500, ,0.0,0.0,0,0,0,0,0,0,0,0
TF,KETOR,18.427686,72.074039,0, ,0.0,0.0,0.0,0.0,2,12000,0,1,250,0,0,0

STAR,KETO1C,ERVIS,4
IF,ERVIS,17.091111,72.053889, ,0.0,0.0,0,0,0,0,0,0,0,0
TF,KETOR,18.427686,72.074039,0, ,0.0,0.0,0.0,0.0,2,12000,0,1,250,0,0,0

STAR,KETO1C,GUNDI,4
IF,GUNDI,17.360278,71.493333, ,0.0,0.0,0,0,0,0,0,0,0,0
TF,KETOR,18.427686,72.074039,0, ,0.0,0.0,0.0,0.0,2,12000,0,1,250,0,0,0

STAR,KETO1C,KABSO,4
IF,OKILA,16.592778,73.107778, ,0.0,0.0,0,0,0,0,0,0,0,0
TF,KABSO,17.087500,72.819444,0, ,0.0,0.0,0.0,0.0,0,0,0,0,0,0,0,0
TF,KETOR,18.427686,72.074039,0, ,0.0,0.0,0.0,0.0,2,12000,0,1,250,0,0,0

STAR,KETO1C,SUGID,4
IF,SUGID,19.550833,69.349722, ,0.0,0.0,0,0,0,0,0,0,0,0
TF,AROTA,19.134167,70.216389,0, ,0.0,0.0,0.0,0.0,0,0,0,0,0,0,0,0
TF,KETOR,18.427686,72.074039,0, ,0.0,0.0,0.0,0.0,2,12000,0,1,250,0,0,0

STAR,KETO1C,14,5
IF,KETOR,18.427686,72.074039, ,0.0,0.0,2,12000,0,0,0,0,0,0
TF,LAPOM,18.916850,72.571142,0, ,0.0,0.0,0.0,0.0,1,9000,0,1,210,0,0,0
TF,MB408,19.072958,72.707964,0, ,0.0,0.0,0.0,0.0,1,9000,0,1,210,0,0,0
TF,MB407,19.295664,72.466325,0, ,0.0,0.0,0.0,0.0,1,8000,0,1,210,0,0,1
VM,19.091667,72.866111,2,50.0,0,0,0,0,0,0,0,0

STAR,KETO1D,BISET,4
IF,BISET,18.389167,69.301667, ,0.0,0.0,0,0,0,0,0,0,0,0
TF,KETOR,18.427686,72.074039,0, ,0.0,0.0,0.0,0.0,2,12000,0,1,250,0,0,0

STAR,KETO1D,DARMI,4
IF,DARMI,17.795000,70.577500, ,0.0,0.0,0,0,0,0,0,0,0,0
TF,KETOR,18.427686,72.074039,0, ,0.0,0.0,0.0,0.0,2,12000,0,1,250,0,0,0

STAR,KETO1D,ERVIS,4
IF,ERVIS,17.091111,72.053889, ,0.0,0.0,0,0,0,0,0,0,0,0
TF,KETOR,18.427686,72.074039,0, ,0.0,0.0,0.0,0.0,2,12000,0,1,250,0,0,0

STAR,KETO1D,GUNDI,4
IF,GUNDI,17.360278,71.493333, ,0.0,0.0,0,0,0,0,0,0,0,0
TF,KETOR,18.427686,72.074039,0, ,0.0,0.0,0.0,0.0,2,12000,0,1,250,0,0,0

STAR,KETO1D,KABSO,4
IF,OKILA,16.592778,73.107778, ,0.0,0.0,0,0,0,0,0,0,0,0
TF,KABSO,17.087500,72.819444,0, ,0.0,0.0,0.0,0.0,0,0,0,0,0,0,0,0
TF,KETOR,18.427686,72.074039,0, ,0.0,0.0,0.0,0.0,2,12000,0,1,250,0,0,0

STAR,KETO1D,SUGID,4
IF,SUGID,19.550833,69.349722, ,0.0,0.0,0,0,0,0,0,0,0,0
TF,AROTA,19.134167,70.216389,0, ,0.0,0.0,0.0,0.0,0,0,0,0,0,0,0,0
TF,KETOR,18.427686,72.074039,0, ,0.0,0.0,0.0,0.0,2,12000,0,1,250,0,0,0

STAR,KETO1D,32,5
IF,KETOR,18.427686,72.074039, ,0.0,0.0,2,12000,0,1,250,0,0,0
TF,LAPOM,18.916850,72.571142,0, ,0.0,0.0,0.0,0.0,1,8000,0,1,210,0,0,0
TF,MB409,18.878883,72.917428,0, ,0.0,0.0,0.0,0.0,1,8000,0,1,210,0,0,0
TF,MB404,18.755428,73.051647,0, ,0.0,0.0,0.0,0.0,0,0,0,1,210,0,0,1
VM,19.091667,72.866111,0,50.0,0,0,0,0,0,0,0,0

STAR,MOLG1A,27,5
IF,AGELA,16.606667,75.465833, ,0.0,0.0,0,0,0,0,0,0,0,0
TF,MOLGO,18.160556,73.385000,0, ,0.0,0.0,0.0,0.0,2,12000,0,1,250,0,0,0
TF,MB372,18.665919,73.158719,0, ,0.0,0.0,0.0,0.0,1,7000,0,1,210,0,0,0
TF,MB394,18.927200,73.151897,0, ,0.0,0.0,0.0,0.0,0,0,0,0,0,0,0,0
TF,MB395,18.936575,73.379472,0, ,0.0,0.0,0.0,0.0,0,0,0,0,0,0,0,1
VM,19.091667,72.866111,0,360.0,0,0,0,0,0,0,0,0

STAR,MOLG1B,09,5
IF,AGELA,16.606667,75.465833, ,0.0,0.0,0,0,0,0,0,0,0,0
TF,MOLGO,18.160556,73.385000,0, ,0.0,0.0,0.0,0.0,2,12000,0,1,250,0,0,0
TF,MB372,18.665919,73.158719,0, ,0.0,0.0,0.0,0.0,0,0,0,0,0,0,0,0
TF,ONAGI,18.887042,72.989058,0, ,0.0,0.0,0.0,0.0,0,0,0,0,0,0,0,0
TF,MB396,18.914525,72.743686,0, ,0.0,0.0,0.0,0.0,1,10000,0,0,0,0,0,0
TF,MB374,18.952228,72.414356,0, ,0.0,0.0,0.0,0.0,1,9000,0,0,0,0,0,1
VM,19.091667,72.866111,0,360.0,0,0,0,0,0,0,0,0

STAR,MOLG1C,14,5
IF,AGELA,16.606667,75.465833, ,0.0,0.0,0,0,0,0,0,0,0,0
TF,MOLGO,18.160556,73.385000,0, ,0.0,0.0,0.0,0.0,2,12000,0,1,250,0,0,0
TF,MB372,18.665919,73.158719,0, ,0.0,0.0,0.0,0.0,1,10000,0,0,0,0,0,0
TF,MB408,19.072958,72.707964,0, ,0.0,0.0,0.0,0.0,0,0,0,0,0,0,0,0
TF,MB407,19.295664,72.466325,0, ,0.0,0.0,0.0,0.0,0,0,0,0,0,0,0,1
VM,19.091667,72.866111,2,50.0,0,0,0,0,0,0,0,0

STAR,MOLG1D,32,5
IF,AGELA,16.606667,75.465833, ,0.0,0.0,0,0,0,0,0,0,0,0
TF,MOLGO,18.160556,73.385000,0, ,0.0,0.0,0.0,0.0,2,12000,0,1,250,0,0,0
TF,MB372,18.665919,73.158719,0, ,0.0,0.0,0.0,0.0,1,10000,0,0,0,0,0,1
VM,19.091667,72.866111,0,50.0,0,0,0,0,0,0,0,0

STAR,POKO1A,BETKU,4
IF,BETKU,20.477417,72.016236, ,0.0,0.0,0,0,0,0,0,0,0,0
TF,POKON,19.771964,72.077078,0, ,0.0,0.0,0.0,0.0,2,12000,0,0,0,0,0,0

STAR,POKO1A,BOFIN,4
IF,BOFIN,20.712406,72.458872, ,0.0,0.0,0,0,0,0,0,0,0,0
TF,POKON,19.771964,72.077078,0, ,0.0,0.0,0.0,0.0,1,19000,0,0,0,0,0,0

STAR,POKO1A,EXOLU,4
IF,EXOLU,20.213889,71.569444, ,0.0,0.0,0,0,0,0,0,0,0,0
TF,POKON,19.771964,72.077078,0, ,0.0,0.0,0.0,0.0,2,12000,0,0,0,0,0,0

STAR,POKO1A,27,5
IF,POKON,19.771964,72.077078, ,0.0,0.0,0,0,0,0,0,0,0,0
TF,MB379,19.215875,72.603767,0, ,0.0,0.0,0.0,0.0,0,0,0,0,0,0,0,0
TF,MB391,19.212197,73.142919,0, ,0.0,0.0,0.0,0.0,1,11000,0,1,250,0,0,0
TF,MB403,19.215275,73.473181,0, ,0.0,0.0,0.0,0.0,1,8000,0,1,210,0,0,1
VM,19.091667,72.866111,0,180.0,0,0,0,0,0,0,0,0

STAR,POKO1B,BETKU,4
IF,BETKU,20.477417,72.016236, ,0.0,0.0,0,0,0,0,0,0,0,0
TF,POKON,19.771964,72.077078,0, ,0.0,0.0,0.0,0.0,1,12000,0,1,250,0,0,0

STAR,POKO1B,BOFIN,4
IF,BOFIN,20.712406,72.458872, ,0.0,0.0,0,0,0,0,0,0,0,0
TF,POKON,19.771964,72.077078,0, ,0.0,0.0,0.0,0.0,1,19000,0,1,250,0,0,0

STAR,POKO1B,EXOLU,4
IF,EXOLU,20.213889,71.569444, ,0.0,0.0,0,0,0,0,0,0,0,0
TF,POKON,19.771964,72.077078,0, ,0.0,0.0,0.0,0.0,1,12000,0,1,250,0,0,0

STAR,POKO1B,09,5
IF,POKON,19.771964,72.077078, ,0.0,0.0,2,12000,0,1,250,0,0,0
TF,MB375,19.215100,72.334744,0, ,0.0,0.0,0.0,0.0,1,8000,0,1,210,0,0,1
VM,19.091667,72.866111,0,180.0,0,0,0,0,0,0,0,0

STAR,POKO1C,BETKU,4
IF,BETKU,20.477417,72.016236, ,0.0,0.0,0,0,0,0,0,0,0,0
TF,POKON,19.771964,72.077078,0, ,0.0,0.0,0.0,0.0,1,12000,0,1,250,0,0,0

STAR,POKO1C,BOFIN,4
IF,BOFIN,20.712406,72.458872, ,0.0,0.0,0,0,0,0,0,0,0,0
TF,POKON,19.771964,72.077078,0, ,0.0,0.0,0.0,0.0,1,12000,0,1,250,0,0,0

STAR,POKO1C,EXOLU,4
IF,EXOLU,20.213889,71.569444, ,0.0,0.0,0,0,0,0,0,0,0,0
TF,POKON,19.771964,72.077078,0, ,0.0,0.0,0.0,0.0,1,12000,0,1,250,0,0,0

STAR,POKO1C,14,5
IF,POKON,19.771964,72.077078, ,0.0,0.0,1,12000,0,0,0,0,0,0
TF,MB406,19.522522,72.374883,0, ,0.0,0.0,0.0,0.0,1,7000,0,1,210,0,0,1
VM,19.091667,72.866111,0,132.0,0,0,0,0,0,0,0,0

STAR,POKO1D,BETKU,4
IF,BETKU,20.477417,72.016236, ,0.0,0.0,0,0,0,0,0,0,0,0
TF,POKON,19.771964,72.077078,0, ,0.0,0.0,0.0,0.0,1,12000,0,1,250,0,0,0

STAR,POKO1D,BOFIN,4
IF,BOFIN,20.712406,72.458872, ,0.0,0.0,0,0,0,0,0,0,0,0
TF,POKON,19.771964,72.077078,0, ,0.0,0.0,0.0,0.0,1,12000,0,1,250,0,0,0

STAR,POKO1D,EXOLU,4
IF,EXOLU,20.213889,71.569444, ,0.0,0.0,0,0,0,0,0,0,0,0
TF,POKON,19.771964,72.077078,0, ,0.0,0.0,0.0,0.0,1,12000,0,1,250,0,0,0

STAR,POKO1D,32,5
IF,POKON,19.771964,72.077078, ,0.0,0.0,1,12000,0,1,250,0,0,0
TF,MB405,19.280919,72.478064,0, ,0.0,0.0,0.0,0.0,1,11000,0,1,250,0,0,0
TF,MB409,18.878883,72.917428,0, ,0.0,0.0,0.0,0.0,0,0,0,0,0,0,0,0
TF,MB404,18.755428,73.051647,0, ,0.0,0.0,0.0,0.0,0,0,0,0,0,0,0,1
VM,19.091667,72.866111,0,50.0,0,0,0,0,0,0,0,0

APPTR,D09,09,AKTIV
IF,AKTIV,20.248056,73.258333, ,0.0,0.0,0,0,0,0,0,0,0,0
TF,D018Q,19.357697,72.963833,0, ,0.0,0.0,0.0,0.0,0,0,0,0,0,0,1,0
CI,0, ,0.0,198.0,0,0,0,0,0,0,0,0
AF,D274O,19.099114,72.611067,1,BBB,274.0,15.0,18.0,2,3800,0,0,0,0,1,0
CF,FD09,19.094411,72.707736,0,BBB,274.0,9.5,94.0,5.5,2,2600,0,0,0,0,0,0

APPTR,D09,09,BBB1
IF,BBB,19.086169,72.874703, ,0.0,0.0,2,3800,0,0,0,0,0,0
FD,BBB,19.086169,72.874703,0,BBB,0.0,12.0,294.0,12.0,2,2600,0,0,0,0,0,0
CF,FD09,19.094411,72.707736,1,BBB,274.0,9.5,94.0,3.0,2,2600,0,0,0,0,0,0

APPTR,D09,09,BBB2
IF,BBB,19.086169,72.874703, ,0.0,0.0,2,3800,0,0,0,0,0,0
FD,BBB,19.086169,72.874703,0,BBB,0.0,11.0,283.0,11.0,2,2600,0,0,0,0,0,0
CF,FD09,19.094411,72.707736,1,BBB,274.0,9.5,94.0,2.0,2,2600,0,0,0,0,0,0

APPTR,D09,09,BISET
IF,BISET,18.389167,69.301667, ,0.0,0.0,0,0,0,0,0,0,0,0
TF,D260U,19.018800,72.512064,0, ,0.0,0.0,0.0,0.0,0,0,0,0,0,0,1,0
TF,D274O,19.099114,72.611067,0, ,0.0,0.0,0.0,0.0,2,3800,0,0,0,0,0,0
CF,FD09,19.094411,72.707736,0,BBB,274.0,9.5,94.0,5.5,2,2600,0,0,0,0,0,0

APPTR,D09,09,BOFIN
IF,BOFIN,20.712406,72.458872, ,0.0,0.0,0,0,0,0,0,0,0,0
TF,D347Q,19.362692,72.804617,0, ,0.0,0.0,0.0,0.0,0,0,0,0,0,0,1,0
CI,0, ,0.0,167.0,0,0,0,0,0,0,0,0
AF,D274O,19.099114,72.611067,1,BBB,274.0,15.0,347.0,2,3800,0,0,0,0,1,0
CF,FD09,19.094411,72.707736,0,BBB,274.0,9.5,94.0,5.5,2,2600,0,0,0,0,0,0

APPTR,D09,09,DARMI
IF,DARMI,17.795000,70.577500, ,0.0,0.0,0,0,0,0,0,0,0,0
TF,D241Q,18.943225,72.616164,0, ,0.0,0.0,0.0,0.0,0,0,0,0,0,0,1,0
CI,0, ,0.0,61.0,0,0,0,0,0,0,0,0
AF,D274O,19.099114,72.611067,2,BBB,274.0,15.0,241.0,2,3800,0,0,0,0,1,0
CF,FD09,19.094411,72.707736,0,BBB,274.0,9.5,94.0,5.5,2,2600,0,0,0,0,0,0

APPTR,D09,09,ERVIS
IF,ERVIS,17.091111,72.053889, ,0.0,0.0,0,0,0,0,0,0,0,0
TF,D202Q,18.821689,72.764708,0, ,0.0,0.0,0.0,0.0,0,0,0,0,0,0,1,0
CI,0, ,0.0,22.0,0,0,0,0,0,0,0,0
AF,D274O,19.099114,72.611067,2,BBB,274.0,15.0,202.0,2,3800,0,0,0,0,1,0
CF,FD09,19.094411,72.707736,0,BBB,274.0,9.5,94.0,5.5,2,2600,0,0,0,0,0,0

APPTR,D09,09,EXOLU
IF,EXOLU,20.213889,71.569444, ,0.0,0.0,0,0,0,0,0,0,0,0
TF,D313Q,19.278486,72.654158,0, ,0.0,0.0,0.0,0.0,0,0,0,0,0,0,1,0
CI,0, ,0.0,133.0,0,0,0,0,0,0,0,0
AF,D274O,19.099114,72.611067,1,BBB,274.0,15.0,313.0,2,3800,0,0,0,0,1,0
CF,FD09,19.094411,72.707736,0,BBB,274.0,9.5,94.0,5.5,2,2600,0,0,0,0,0,0

APPTR,D09,09,GUNDI
IF,GUNDI,17.360278,71.493333, ,0.0,0.0,0,0,0,0,0,0,0,0
TF,D218Q,18.860814,72.692286,0, ,0.0,0.0,0.0,0.0,0,0,0,0,0,0,1,0
CI,0, ,0.0,38.0,0,0,0,0,0,0,0,0
AF,D274O,19.099114,72.611067,2,BBB,274.0,15.0,218.0,2,3800,0,0,0,0,1,0
CF,FD09,19.094411,72.707736,0,BBB,274.0,9.5,94.0,5.5,2,2600,0,0,0,0,0,0

APPTR,D09,09,KABSO
IF,KABSO,17.087500,72.819444, ,0.0,0.0,0,0,0,0,0,0,0,0
TF,D182Q,18.801833,72.866761,0, ,0.0,0.0,0.0,0.0,0,0,0,0,0,0,1,0
CI,0, ,0.0,2.0,0,0,0,0,0,0,0,0
AF,D274O,19.099114,72.611067,2,BBB,274.0,15.0,182.0,2,3800,0,0,0,0,1,0
CF,FD09,19.094411,72.707736,0,BBB,274.0,9.5,94.0,5.5,2,2600,0,0,0,0,0,0

APPTR,D09,09,MOLGO
IF,MOLGO,18.160556,73.385000, ,0.0,0.0,0,0,0,0,0,0,0,0
TF,D153Q,18.834531,73.014061,0, ,0.0,0.0,0.0,0.0,0,0,0,0,0,0,1,0
CI,0, ,0.0,333.0,0,0,0,0,0,0,0,0
AF,D274O,19.099114,72.611067,2,BBB,274.0,15.0,153.0,2,3800,0,0,0,0,1,0
CF,FD09,19.094411,72.707736,0,BBB,274.0,9.5,94.0,5.5,2,2600,0,0,0,0,0,0

FINAL,D09,09,D,2
IF,FD09,19.094411,72.707736,BBB,274.0,9.5,2,2600,0,0,0,0,2,0
CF,MD09,19.088350,72.830764,0,BBB,274.0,2.5,94.0,7.0,1,405,0,0,0,0,3,0
CF,BBB,19.086169,72.874703,0,BBB,0.0,0.0,94.0,2.5,0,0,0,0,0,0,0,0
FA,BBB,19.086169,72.874703,0,BBB,0.0,0.0,94.0,2,2000,0,0,0,0,0,0
DF,BBB,19.086169,72.874703,1, ,0.0,0.0,1,3800,0,0,0,0,0,0
HM,BBB,19.086169,72.874703,2, ,0.0,0.0,294.0,04.3,2,3800,0,0,0,0,0,0,0

APPTR,D14,14,AKTIV
IF,AKTIV,20.248056,73.258333, ,0.0,0.0,0,0,0,0,0,0,0,0
TF,D018Q,19.357697,72.963833,0, ,0.0,0.0,0.0,0.0,0,0,0,0,0,0,1,0
CI,0, ,0.0,198.0,0,0,0,0,0,0,0,0
AF,D311O,19.247372,72.672286,1,BBB,311.0,15.0,18.0,2,3800,0,0,0,0,1,0
CF,FD14,19.182917,72.753300,0,BBB,311.0,9.0,131.0,6.0,2,2600,0,0,0,0,0,0

APPTR,D14,14,BBB1
IF,BBB,19.086169,72.874703, ,0.0,0.0,2,3800,0,0,0,0,0,0
FD,BBB,19.086169,72.874703,0,BBB,0.0,11.0,329.0,11.0,2,2600,0,0,0,0,0,0
CF,FD14,19.182917,72.753300,1,BBB,311.0,9.0,131.0,2.0,2,2600,0,0,0,0,0,0

APPTR,D14,14,BBB2
IF,BBB,19.086169,72.874703, ,0.0,0.0,2,3800,0,0,0,0,0,0
FD,BBB,19.086169,72.874703,0,BBB,0.0,11.0,319.0,11.0,2,2600,0,0,0,0,0,0
CF,FD14,19.182917,72.753300,1,BBB,311.0,9.0,131.0,2.0,2,2600,0,0,0,0,0,0

APPTR,D14,14,BISET
IF,BISET,18.389167,69.301667, ,0.0,0.0,0,0,0,0,0,0,0,0
TF,D260Q,19.031689,72.581114,0, ,0.0,0.0,0.0,0.0,0,0,0,0,0,0,1,0
CI,0, ,0.0,80.0,0,0,0,0,0,0,0,0
AF,D311O,19.247372,72.672286,2,BBB,311.0,15.0,260.0,2,3800,0,0,0,0,1,0
CF,FD14,19.182917,72.753300,0,BBB,311.0,9.0,131.0,6.0,2,2600,0,0,0,0,0,0

APPTR,D14,14,BOFIN
IF,BOFIN,20.712406,72.458872, ,0.0,0.0,0,0,0,0,0,0,0,0
TF,D347Q,19.362692,72.804617,0, ,0.0,0.0,0.0,0.0,0,0,0,0,0,0,1,0
CI,0, ,0.0,167.0,0,0,0,0,0,0,0,0
AF,D311O,19.247372,72.672286,1,BBB,311.0,15.0,347.0,2,3800,0,0,0,0,1,0
CF,FD14,19.182917,72.753300,0,BBB,311.0,9.0,131.0,6.0,2,2600,0,0,0,0,0,0

APPTR,D14,14,D045Q
IF,D045Q,19.290647,73.082781, ,0.0,0.0,0,0,0,0,0,0,1,0
CI,0, ,0.0,225.0,0,0,0,0,0,0,0,0
AF,D311O,19.247372,72.672286,1,BBB,311.0,15.0,45.0,2,3800,0,0,0,0,1,0
CF,FD14,19.182917,72.753300,0,BBB,311.0,9.0,131.0,6.0,2,2600,0,0,0,0,0,0

APPTR,D14,14,DARMI
IF,DARMI,17.795000,70.577500, ,0.0,0.0,0,0,0,0,0,0,0,0
TF,D241Q,18.943225,72.616164,0, ,0.0,0.0,0.0,0.0,0,0,0,0,0,0,1,0
CI,0, ,0.0,61.0,0,0,0,0,0,0,0,0
AF,D311O,19.247372,72.672286,2,BBB,311.0,15.0,241.0,2,3800,0,0,0,0,1,0
CF,FD14,19.182917,72.753300,0,BBB,311.0,9.0,131.0,6.0,2,2600,0,0,0,0,0,0

APPTR,D14,14,EMRAK
IF,EMRAK,19.420442,73.871094, ,0.0,0.0,0,0,0,0,0,0,0,0
TF,D071Q,19.181450,73.156669,0, ,0.0,0.0,0.0,0.0,0,0,0,0,0,0,1,0
CI,0, ,0.0,251.0,0,0,0,0,0,0,0,0
AF,D311O,19.247372,72.672286,1,BBB,311.0,15.0,71.0,2,3800,0,0,0,0,1,0
CF,FD14,19.182917,72.753300,0,BBB,311.0,9.0,131.0,6.0,2,2600,0,0,0,0,0,0

APPTR,D14,14,ERVIS
IF,ERVIS,17.091111,72.053889, ,0.0,0.0,0,0,0,0,0,0,0,0
TF,D202Q,18.821689,72.764708,0, ,0.0,0.0,0.0,0.0,0,0,0,0,0,0,1,0
CI,0, ,0.0,22.0,0,0,0,0,0,0,0,0
AF,D311O,19.247372,72.672286,2,BBB,311.0,15.0,202.0,2,3800,0,0,0,0,1,0
CF,FD14,19.182917,72.753300,0,BBB,311.0,9.0,131.0,6.0,2,2600,0,0,0,0,0,0

APPTR,D14,14,EXOLU
IF,EXOLU,20.213889,71.569444, ,0.0,0.0,0,0,0,0,0,0,0,0
TF,D313T,19.312397,72.615186,0, ,0.0,0.0,0.0,0.0,0,0,0,0,0,0,1,0
TF,D311O,19.247372,72.672286,0, ,0.0,0.0,0.0,0.0,2,3800,0,0,0,0,1,0
CF,FD14,19.182917,72.753300,0,BBB,311.0,9.0,131.0,6.0,2,2600,0,0,0,0,0,0

APPTR,D14,14,GUNDI
IF,GUNDI,17.360278,71.493333, ,0.0,0.0,0,0,0,0,0,0,0,0
TF,D218Q,18.860814,72.692286,0, ,0.0,0.0,0.0,0.0,0,0,0,0,0,0,1,0
CI,0, ,0.0,38.0,0,0,0,0,0,0,0,0
AF,D311O,19.247372,72.672286,2,BBB,311.0,15.0,218.0,2,3800,0,0,0,0,1,0
CF,FD14,19.182917,72.753300,0,BBB,311.0,9.0,131.0,6.0,2,2600,0,0,0,0,0,0

APPTR,D14,14,OPAKA
IF,OPAKA,19.605833,74.549444, ,0.0,0.0,0,0,0,0,0,0,0,0
TF,D073Q,19.175628,73.158767,0, ,0.0,0.0,0.0,0.0,0,0,0,0,0,0,1,0
CI,0, ,0.0,253.0,0,0,0,0,0,0,0,0
AF,D311O,19.247372,72.672286,1,BBB,311.0,15.0,73.0,2,3800,0,0,0,0,1,0
CF,FD14,19.182917,72.753300,0,BBB,311.0,9.0,131.0,6.0,2,2600,0,0,0,0,0,0

FINAL,D14,14,D,3
IF,FD14,19.182917,72.753300,BBB,311.0,9.0,2,2600,0,0,0,0,2,0
CF,50VO2,19.139928,72.807272,0,BBB,311.0,5.0,131.0,4.0,2,1350,0,0,0,0,0,0
CF,MD14,19.107675,72.847736,0,BBB,311.0,2.0,131.0,3.0,1,403,0,0,0,0,3,0
CF,BBB,19.086169,72.874703,0,BBB,0.0,0.0,131.0,2.0,0,0,0,0,0,0,0,0
FA,BBB,19.086169,72.874703,0,BBB,0.0,0.0,131.0,2,2600,0,0,0,0,0,0
DF,BBB,19.086169,72.874703,1, ,0.0,0.0,1,3800,0,0,0,0,0,0
HM,BBB,19.086169,72.874703,2, ,0.0,0.0,329.0,04.3,2,3800,0,0,0,0,0,0,0

APPTR,D27,27,AKTIV
IF,AKTIV,20.248056,73.258333, ,0.0,0.0,0,0,0,0,0,0,0,0
TF,D018P,19.341725,72.958583,0, ,0.0,0.0,0.0,0.0,0,0,0,0,0,0,1,0
CI,0, ,0.0,198.0,0,0,0,0,0,0,0,0
AF,D081N,19.126681,73.117394,2,BBB,81.0,14.0,18.0,2,3800,0,0,0,0,1,0
CF,FD27,19.109358,73.013369,0,BBB,81.0,8.0,261.0,6.0,2,2600,0,0,0,0,0,0

APPTR,D27,27,AVKOR
IF,AVKOR,18.034444,73.965833, ,0.0,0.0,0,0,0,0,0,0,0,0
TF,D136P,18.896767,73.073581,0, ,0.0,0.0,0.0,0.0,0,0,0,0,0,0,1,0
CI,0, ,0.0,316.0,0,0,0,0,0,0,0,0
AF,D081N,19.126681,73.117394,1,BBB,81.0,14.0,136.0,2,3800,0,0,0,0,1,0
CF,FD27,19.109358,73.013369,0,BBB,81.0,8.0,261.0,6.0,2,2600,0,0,0,0,0,0

APPTR,D27,27,BBB1
IF,BBB,19.086169,72.874703, ,0.0,0.0,2,3800,0,0,0,0,0,0
FD,BBB,19.086169,72.874703,0,BBB,0.0,10.0,62.0,10.0,2,2600,0,0,0,0,0,0
CF,FD27,19.109358,73.013369,2,BBB,81.0,8.0,261.0,2.0,2,2600,0,0,0,0,0,0

APPTR,D27,27,BBB2
IF,BBB,19.086169,72.874703, ,0.0,0.0,2,3800,0,0,0,0,0,0
FD,BBB,19.086169,72.874703,0,BBB,0.0,10.0,71.0,10.0,2,2600,0,0,0,0,0,0
CF,FD27,19.109358,73.013369,2,BBB,81.0,8.0,261.0,2.0,2,2600,0,0,0,0,0,0

APPTR,D27,27,BOFIN
IF,BOFIN,20.712406,72.458872, ,0.0,0.0,0,0,0,0,0,0,0,0
TF,D347P,19.346425,72.808744,0, ,0.0,0.0,0.0,0.0,0,0,0,0,0,0,1,0
CI,0, ,0.0,167.0,0,0,0,0,0,0,0,0
AF,D081N,19.126681,73.117394,2,BBB,81.0,14.0,347.0,2,3800,0,0,0,0,1,0
CF,FD27,19.109358,73.013369,0,BBB,81.0,8.0,261.0,6.0,2,2600,0,0,0,0,0,0

APPTR,D27,27,EMRAK
IF,EMRAK,19.420442,73.871094, ,0.0,0.0,0,0,0,0,0,0,0,0
TF,D071P,19.175858,73.140072,0, ,0.0,0.0,0.0,0.0,0,0,0,0,0,0,1,0
CI,0, ,0.0,251.0,0,0,0,0,0,0,0,0
AF,D081N,19.126681,73.117394,2,BBB,81.0,14.0,71.0,2,3800,0,0,0,0,1,0
CF,FD27,19.109358,73.013369,0,BBB,81.0,8.0,261.0,6.0,2,2600,0,0,0,0,0,0

APPTR,D27,27,ERVIS
IF,ERVIS,17.091111,72.053889, ,0.0,0.0,0,0,0,0,0,0,0,0
TF,D202P,18.837247,72.771169,0, ,0.0,0.0,0.0,0.0,0,0,0,0,0,0,1,0
CI,0, ,0.0,22.0,0,0,0,0,0,0,0,0
AF,D081N,19.126681,73.117394,1,BBB,81.0,14.0,202.0,2,3800,0,0,0,0,1,0
CF,FD27,19.109358,73.013369,0,BBB,81.0,8.0,261.0,6.0,2,2600,0,0,0,0,0,0

APPTR,D27,27,EXOLU
IF,EXOLU,20.213889,71.569444, ,0.0,0.0,0,0,0,0,0,0,0,0
TF,D313P,19.267181,72.667147,0, ,0.0,0.0,0.0,0.0,0,0,0,0,0,0,1,0
CI,0, ,0.0,133.0,0,0,0,0,0,0,0,0
AF,D081N,19.126681,73.117394,2,BBB,81.0,14.0,313.0,2,3800,0,0,0,0,1,0
CF,FD27,19.109358,73.013369,0,BBB,81.0,8.0,261.0,6.0,2,2600,0,0,0,0,0,0

APPTR,D27,27,GUNDI
IF,GUNDI,17.360278,71.493333, ,0.0,0.0,0,0,0,0,0,0,0,0
TF,D218P,18.874075,72.703003,0, ,0.0,0.0,0.0,0.0,0,0,0,0,0,0,1,0
CI,0, ,0.0,38.0,0,0,0,0,0,0,0,0
AF,D081N,19.126681,73.117394,1,BBB,81.0,14.0,218.0,2,3800,0,0,0,0,1,0
CF,FD27,19.109358,73.013369,0,BBB,81.0,8.0,261.0,6.0,2,2600,0,0,0,0,0,0

APPTR,D27,27,KABSO
IF,KABSO,17.087500,72.819444, ,0.0,0.0,0,0,0,0,0,0,0,0
TF,D182P,18.818561,72.867228,0, ,0.0,0.0,0.0,0.0,0,0,0,0,0,0,1,0
CI,0, ,0.0,2.0,0,0,0,0,0,0,0,0
AF,D081N,19.126681,73.117394,1,BBB,81.0,14.0,182.0,2,3800,0,0,0,0,1,0
CF,FD27,19.109358,73.013369,0,BBB,81.0,8.0,261.0,6.0,2,2600,0,0,0,0,0,0

APPTR,D27,27,MOLGO
IF,MOLGO,18.160556,73.385000, ,0.0,0.0,0,0,0,0,0,0,0,0
TF,D153P,18.849753,73.006706,0, ,0.0,0.0,0.0,0.0,0,0,0,0,0,0,1,0
CI,0, ,0.0,333.0,0,0,0,0,0,0,0,0
AF,D081N,19.126681,73.117394,1,BBB,81.0,14.0,153.0,2,3800,0,0,0,0,1,0
CF,FD27,19.109358,73.013369,0,BBB,81.0,8.0,261.0,6.0,2,2600,0,0,0,0,0,0

APPTR,D27,27,OPAKA
IF,OPAKA,19.605833,74.549444, ,0.0,0.0,0,0,0,0,0,0,0,0
TF,D073P,19.170378,73.142050,0, ,0.0,0.0,0.0,0.0,0,0,0,0,0,0,1,1
DF,D081N,19.126681,73.117394,1, ,0.0,0.0,2,3800,0,0,0,0,1,0
CF,FD27,19.109358,73.013369,0,BBB,81.0,8.0,261.0,6.0,2,2600,0,0,0,0,0,0

APPTR,D27,27,PPN
IF,PPN,18.584556,73.912431, ,0.0,0.0,0,0,0,0,0,0,0,0
TF,D118P,18.965517,73.125967,0, ,0.0,0.0,0.0,0.0,0,0,0,0,0,0,1,0
CI,0, ,0.0,298.0,0,0,0,0,0,0,0,0
AF,D081N,19.126681,73.117394,1,BBB,81.0,14.0,118.0,2,3800,0,0,0,0,1,0
CF,FD27,19.109358,73.013369,0,BBB,81.0,8.0,261.0,6.0,2,2600,0,0,0,0,0,0

FINAL,D27,27,D,3
IF,FD27,19.109358,73.013369,BBB,81.0,8.0,2,2600,0,0,0,0,2,0
CF,ED27,19.086469,72.876514,0,BBB,81.1,0.1,261.0,7.9,1,77,0,0,0,0,0,1
CF,BBB,19.086169,72.874703,0,BBB,0.0,0.0,261.0,0.1,2,440,0,0,0,0,3,1
FA,BBB,19.086169,72.874703,0,BBB,0.0,0.0,261.0,2,2000,0,0,0,0,0,0
DF,BBB,19.086169,72.874703,2, ,0.0,0.0,1,3800,0,0,0,0,0,0
HM,BBB,19.086169,72.874703,1, ,0.0,0.0,56.0,04.3,2,3800,0,0,0,0,0,0,0

APPTR,D32,32,BBB1
IF,BBB,19.086169,72.874703, ,0.0,0.0,2,3800,0,1,210,0,0,0
FD,BBB,19.086169,72.874703,0,BBB,0.0,9.5,161.0,9.5,2,2600,0,0,0,0,0,0
CF,FD32,18.990022,72.959492,1,BBB,141.0,7.5,321.0,2.0,2,2600,0,0,0,0,0,0

APPTR,D32,32,BBB2
IF,BBB,19.086169,72.874703, ,0.0,0.0,2,3800,0,1,210,0,0,0
FD,BBB,19.086169,72.874703,0,BBB,0.0,9.5,151.0,9.5,2,2600,0,0,0,0,0,0
CF,FD32,18.990022,72.959492,1,BBB,141.0,7.5,321.0,2.0,2,2600,0,0,0,0,0,0

APPTR,D32,32,D013P
IF,D013P,19.348003,72.933336, ,0.0,0.0,0,0,0,0,0,0,1,0
CI,0, ,0.0,193.0,0,0,0,0,0,0,0,0
AF,D141N,18.906664,73.032900,2,BBB,141.0,14.0,13.0,2,3800,0,1,210,0,1,0
CF,FD32,18.990022,72.959492,0,BBB,141.0,7.5,321.0,6.5,2,2600,0,0,0,0,0,0

APPTR,D32,32,D246P
IF,D246P,18.972858,72.619681, ,0.0,0.0,0,0,0,0,0,0,1,0
CI,0, ,0.0,66.0,0,0,0,0,0,0,0,0
AF,D141N,18.906664,73.032900,1,BBB,141.0,14.0,246.0,2,3800,0,1,210,0,1,0
CF,FD32,18.990022,72.959492,0,BBB,141.0,7.5,321.0,6.5,2,2600,0,0,0,0,0,0

FINAL,D32,32,D,4
IF,FD32,18.990022,72.959492,BBB,141.0,7.5,2,2600,0,0,0,0,2,0
CF,38VOR,19.037458,72.917675,0,BBB,141.0,3.8,321.0,3.7,2,1330,0,0,0,0,0,0
CF,28VOR,19.050278,72.906369,0,BBB,141.0,2.8,321.0,1.0,2,980,0,0,0,0,0,0
CF,MD32,19.073350,72.886011,0,BBB,141.0,0.0,321.0,1.8,1,345,0,0,0,0,3,0
CA,0,321.0,2,2600,0,0,0,0,0,0
DF,BBB,19.086169,72.874703,2, ,0.0,0.0,1,3800,0,0,0,0,0,0
HM,BBB,19.086169,72.874703,1, ,0.0,0.0,161.0,04.3,2,3800,0,0,0,0,0,0,0

APPTR,I09,09,AKTIV
IF,AKTIV,20.248056,73.258333, ,0.0,0.0,0,0,0,0,0,0,0,0
TF,D018Q,19.357697,72.963833,0, ,0.0,0.0,0.0,0.0,0,0,0,0,0,0,1,0
CI,0, ,0.0,198.0,0,0,0,0,0,0,0,0
AF,D278O,19.116567,72.612644,1,BBB,278.0,15.0,18.0,2,3800,0,0,0,0,0,0
CI,0,IBOM,0.0,120.0,0,0,0,0,0,0,0,0

APPTR,I09,09,BBB
IF,BBB,19.086169,72.874703, ,0.0,0.0,2,3800,0,0,0,0,0,0
FC,BBB,19.086169,72.874703,0,BBB,0.0,0.0,273.0,3.2,0,0,0,0,0,0,0,0
CF,FI09,19.085803,72.709994,0,BBB,270.9,9.4,270.0,6.1,2,2600,0,0,0,0,0,0
FC,FI09,19.085803,72.709994,0,BBB,0.0,0.0,225.0,4.4,0,0,0,0,0,0,0,1
CI,2,IBOM,0.0,45.0,0,0,0,0,0,0,0,0

APPTR,I09,09,BISET
IF,BISET,18.389167,69.301667, ,0.0,0.0,0,0,0,0,0,0,0,0
TF,D260U,19.018800,72.512064,0, ,0.0,0.0,0.0,0.0,0,0,0,0,0,0,1,1
CI,0, ,0.0,45.0,2,3800,0,0,0,0,0,0
CF,CI09,19.083800,72.610761,0,IBOM,269.9,15.4,90.0,3.0,2,3800,0,0,0,0,1,0

APPTR,I09,09,BOFIN
IF,BOFIN,20.712406,72.458872, ,0.0,0.0,0,0,0,0,0,0,0,0
TF,D347Q,19.362692,72.804617,0, ,0.0,0.0,0.0,0.0,0,0,0,0,0,0,1,0
CI,0, ,0.0,167.0,0,0,0,0,0,0,0,0
AF,D278O,19.116567,72.612644,1,BBB,278.0,15.0,347.0,2,3800,0,0,0,0,0,0
CI,0,IBOM,0.0,120.0,0,0,0,0,0,0,0,0

APPTR,I09,09,DARMI
IF,DARMI,17.795000,70.577500, ,0.0,0.0,0,0,0,0,0,0,0,0
TF,D241Q,18.943225,72.616164,0, ,0.0,0.0,0.0,0.0,0,0,0,0,0,0,1,0
CI,0, ,0.0,61.0,0,0,0,0,0,0,0,0
AF,D262O,19.046722,72.614036,2,BBB,262.0,15.0,241.0,2,3800,0,0,0,0,0,0
CI,0,IBOM,0.0,60.0,0,0,0,0,0,0,0,0

APPTR,I09,09,ERVIS
IF,ERVIS,17.091111,72.053889, ,0.0,0.0,0,0,0,0,0,0,0,0
TF,D202Q,18.821689,72.764708,0, ,0.0,0.0,0.0,0.0,0,0,0,0,0,0,1,0
CI,0, ,0.0,22.0,0,0,0,0,0,0,0,0
AF,D262O,19.046722,72.614036,2,BBB,262.0,15.0,202.0,2,3800,0,0,0,0,0,0
CI,0,IBOM,0.0,60.0,0,0,0,0,0,0,0,0

APPTR,I09,09,EXOLU
IF,EXOLU,20.213889,71.569444, ,0.0,0.0,0,0,0,0,0,0,0,0
TF,D313Q,19.278486,72.654158,0, ,0.0,0.0,0.0,0.0,0,0,0,0,0,0,1,0
CI,0, ,0.0,133.0,0,0,0,0,0,0,0,0
AF,D278O,19.116567,72.612644,1,BBB,278.0,15.0,313.0,2,3800,0,0,0,0,0,0
CI,0,IBOM,0.0,120.0,0,0,0,0,0,0,0,0

APPTR,I09,09,GUNDI
IF,GUNDI,17.360278,71.493333, ,0.0,0.0,0,0,0,0,0,0,0,0
TF,D218Q,18.860814,72.692286,0, ,0.0,0.0,0.0,0.0,0,0,0,0,0,0,1,0
CI,0, ,0.0,38.0,0,0,0,0,0,0,0,0
AF,D262O,19.046722,72.614036,2,BBB,262.0,15.0,218.0,2,3800,0,0,0,0,0,0
CI,0,IBOM,0.0,60.0,0,0,0,0,0,0,0,0

APPTR,I09,09,KABSO
IF,KABSO,17.087500,72.819444, ,0.0,0.0,0,0,0,0,0,0,0,0
TF,D182Q,18.801833,72.866761,0, ,0.0,0.0,0.0,0.0,0,0,0,0,0,0,1,0
CI,0, ,0.0,2.0,0,0,0,0,0,0,0,0
AF,D262O,19.046722,72.614036,2,BBB,262.0,15.0,182.0,2,3800,0,0,0,0,0,0
CI,0,IBOM,0.0,60.0,0,0,0,0,0,0,0,0

APPTR,I09,09,MOLGO
IF,MOLGO,18.160556,73.385000, ,0.0,0.0,0,0,0,0,0,0,0,0
TF,D153Q,18.834531,73.014061,0, ,0.0,0.0,0.0,0.0,0,0,0,0,0,0,1,0
CI,0, ,0.0,333.0,0,0,0,0,0,0,0,0
AF,D262O,19.046722,72.614036,2,BBB,262.0,15.0,153.0,2,3800,0,0,0,0,0,0
CI,0,IBOM,0.0,60.0,0,0,0,0,0,0,0,0

FINAL,I09,09,I,3
IF,CI09,19.083800,72.610761,IBOM,269.9,15.4,2,3800,0,0,0,0,0,0
CF,FI09,19.085803,72.709994,0,IBOM,269.9,9.7,90.0,5.6,1,2600,0,0,0,0,2,0
CF,RW09,19.088456,72.849247,0,IBOM,269.9,1.8,90.0,7.9,1,70,0,0,0,0,3,0
FA,RW09,19.088456,72.849247,0,BBB,0.0,0.0,90.0,2,1000,0,0,0,0,0,0
DF,BBB,19.086169,72.874703,1, ,0.0,0.0,1,3800,0,1,210,0,0,0
HM,BBB,19.086169,72.874703,2, ,0.0,0.0,273.0,04.3,2,3800,0,0,0,0,0,0,0

APPTR,I14,14,AKTIV
IF,AKTIV,20.248056,73.258333, ,0.0,0.0,0,0,0,0,0,0,0,0
TF,D018Q,19.357697,72.963833,0, ,0.0,0.0,0.0,0.0,0,0,0,0,0,0,1,0
CI,0, ,0.0,198.0,0,0,0,0,0,0,0,0
AF,D323O,19.283858,72.711986,1,BBB,323.0,15.0,18.0,2,3800,0,0,0,0,0,0
CI,0,IBBY,0.0,165.0,0,0,0,0,0,0,0,0

APPTR,I14,14,BBB
IF,BBB,19.086169,72.874703, ,0.0,0.0,2,3800,0,0,0,0,0,0
CI,0, ,0.0,310.0,0,0,0,0,0,0,0,0
CF,FI14,19.187544,72.759181,0,BBB,313.7,8.9,315.0,7.0,2,2600,0,0,0,0,0,0
FC,FI14,19.187544,72.759181,0,BBB,0.0,0.0,360.0,4.4,0,0,0,0,0,0,0,1
CI,1,IBBY,0.0,180.0,0,0,0,0,0,0,0,0

APPTR,I14,14,BISET
IF,BISET,18.389167,69.301667, ,0.0,0.0,0,0,0,0,0,0,0,0
TF,D260Q,19.031689,72.581114,0, ,0.0,0.0,0.0,0.0,0,0,0,0,0,0,1,0
CI,0, ,0.0,80.0,0,0,0,0,0,0,0,0
AF,D307O,19.233556,72.660950,2,BBB,307.0,15.0,260.0,2,3800,0,0,0,0,0,0
CI,0,IBBY,0.0,105.0,0,0,0,0,0,0,0,0

APPTR,I14,14,BOFIN
IF,BOFIN,20.712406,72.458872, ,0.0,0.0,0,0,0,0,0,0,0,0
TF,D347Q,19.362692,72.804617,0, ,0.0,0.0,0.0,0.0,0,0,0,0,0,0,1,0
CI,0, ,0.0,167.0,0,0,0,0,0,0,0,0
AF,D323O,19.283858,72.711986,1,BBB,323.0,15.0,347.0,2,3800,0,0,0,0,0,0
CI,0,IBBY,0.0,165.0,0,0,0,0,0,0,0,0

APPTR,I14,14,D045Q
IF,D045Q,19.290647,73.082781, ,0.0,0.0,0,0,0,0,0,0,1,0
CI,0, ,0.0,225.0,0,0,0,0,0,0,0,0
AF,D323O,19.283858,72.711986,1,BBB,323.0,15.0,45.0,2,3800,0,0,0,0,0,0
CI,0,IBBY,0.0,165.0,0,0,0,0,0,0,0,0

APPTR,I14,14,DARMI
IF,DARMI,17.795000,70.577500, ,0.0,0.0,0,0,0,0,0,0,0,0
TF,D241Q,18.943225,72.616164,0, ,0.0,0.0,0.0,0.0,0,0,0,0,0,0,1,0
CI,0, ,0.0,61.0,0,0,0,0,0,0,0,0
AF,D307O,19.233556,72.660950,2,BBB,307.0,15.0,241.0,2,3800,0,0,0,0,0,0
CI,0,IBBY,0.0,105.0,0,0,0,0,0,0,0,0

APPTR,I14,14,ERVIS
IF,ERVIS,17.091111,72.053889, ,0.0,0.0,0,0,0,0,0,0,0,0
TF,D202Q,18.821689,72.764708,0, ,0.0,0.0,0.0,0.0,0,0,0,0,0,0,1,0
CI,0, ,0.0,22.0,0,0,0,0,0,0,0,0
AF,D307O,19.233556,72.660950,2,BBB,307.0,15.0,202.0,2,3800,0,0,0,0,0,0
CI,0,IBBY,0.0,105.0,0,0,0,0,0,0,0,0

APPTR,I14,14,EXOLU
IF,EXOLU,20.213889,71.569444, ,0.0,0.0,0,0,0,0,0,0,0,0
TF,D313T,19.312397,72.615186,0, ,0.0,0.0,0.0,0.0,0,0,0,0,0,0,1,0
CF,CI14,19.257689,72.681867,0,IBBY,314.7,15.4,132.0,5.0,2,3800,0,0,0,0,1,0

APPTR,I14,14,GUNDI
IF,GUNDI,17.360278,71.493333, ,0.0,0.0,0,0,0,0,0,0,0,0
TF,D218Q,18.860814,72.692286,0, ,0.0,0.0,0.0,0.0,0,0,0,0,0,0,1,0
CI,0, ,0.0,38.0,0,0,0,0,0,0,0,0
AF,D307O,19.233556,72.660950,2,BBB,307.0,15.0,218.0,2,3800,0,0,0,0,0,0
CI,0,IBBY,0.0,105.0,0,0,0,0,0,0,0,0

APPTR,I14,14,KABSO
IF,KABSO,17.087500,72.819444, ,0.0,0.0,0,0,0,0,0,0,0,0
TF,D182Q,18.801833,72.866761,0, ,0.0,0.0,0.0,0.0,0,0,0,0,0,0,1,0
CI,0, ,0.0,2.0,0,0,0,0,0,0,0,0
AF,D307O,19.233556,72.660950,2,BBB,307.0,15.0,182.0,2,3800,0,0,0,0,0,0
CI,0,IBBY,0.0,105.0,0,0,0,0,0,0,0,0

FINAL,I14,14,I,3
IF,CI14,19.257689,72.681867,IBBY,314.7,15.4,2,3800,0,0,0,0,0,0
CF,FI14,19.187544,72.759181,0,IBBY,314.7,9.3,135.0,6.1,1,2600,0,0,0,0,2,0
CF,RW14,19.096011,72.859919,0,IBBY,314.7,1.4,135.0,7.9,1,90,0,0,0,0,3,0
FA,RW14,19.096011,72.859919,0,BBB,0.0,0.0,135.0,2,1200,0,0,0,0,0,0
CI,1, ,0.0,15.0,0,0,0,0,0,0,0,0
FA,BBB,19.086169,72.874703,0,BBB,0.0,0.0,60.0,2,2800,0,0,0,0,0,0
DF,BBB,19.086169,72.874703,1, ,0.0,0.0,1,3800,0,0,0,0,0,0
HM,BBB,19.086169,72.874703,2, ,0.0,0.0,310.0,04.3,2,3800,0,0,0,0,0,0,0

APPTR,I27-Y,27,AKTIV
IF,AKTIV,20.248056,73.258333, ,0.0,0.0,0,0,0,0,0,0,0,0
TF,D018Q,19.357697,72.963833,0, ,0.0,0.0,0.0,0.0,0,0,0,0,0,0,1,0
CI,0, ,0.0,198.0,0,0,0,0,0,0,0,0
AF,D080O,19.133872,73.133903,2,BBB,80.0,15.0,18.0,2,3800,0,0,0,0,0,0
CI,0,ISCZ,0.0,240.0,0,0,0,0,0,0,0,0

APPTR,I27-Y,27,AVKOR
IF,AVKOR,18.034444,73.965833, ,0.0,0.0,0,0,0,0,0,0,0,0
TF,D136Q,18.884472,73.085519,0, ,0.0,0.0,0.0,0.0,0,0,0,0,0,0,1,0
CI,0, ,0.0,316.0,0,0,0,0,0,0,0,0
AF,D100O,19.046722,73.135367,1,BBB,100.0,15.0,136.0,2,3800,0,0,0,0,0,0
CI,0,ISCZ,0.0,300.0,0,0,0,0,0,0,0,0

APPTR,I27-Y,27,BOFIN
IF,BOFIN,20.712406,72.458872, ,0.0,0.0,0,0,0,0,0,0,0,0
TF,D347Q,19.362692,72.804617,0, ,0.0,0.0,0.0,0.0,0,0,0,0,0,0,1,0
CI,0, ,0.0,167.0,0,0,0,0,0,0,0,0
AF,D080O,19.133872,73.133903,2,BBB,80.0,15.0,347.0,2,3800,0,0,0,0,0,0
CI,0,ISCZ,0.0,240.0,0,0,0,0,0,0,0,0

APPTR,I27-Y,27,EMRAK
IF,EMRAK,19.420442,73.871094, ,0.0,0.0,0,0,0,0,0,0,0,0
TF,D071Q,19.181450,73.156669,0, ,0.0,0.0,0.0,0.0,0,0,0,0,0,0,1,0
CI,0, ,0.0,251.0,0,0,0,0,0,0,0,0
AF,D080O,19.133872,73.133903,2,BBB,80.0,15.0,71.0,2,3800,0,0,0,0,0,0
CI,0,ISCZ,0.0,240.0,0,0,0,0,0,0,0,0

APPTR,I27-Y,27,ERVIS
IF,ERVIS,17.091111,72.053889, ,0.0,0.0,0,0,0,0,0,0,0,0
TF,D202Q,18.821689,72.764708,0, ,0.0,0.0,0.0,0.0,0,0,0,0,0,0,1,0
CI,0, ,0.0,22.0,0,0,0,0,0,0,0,0
AF,D100O,19.046722,73.135367,1,BBB,100.0,15.0,202.0,2,3800,0,0,0,0,0,0
CI,0,ISCZ,0.0,300.0,0,0,0,0,0,0,0,0

APPTR,I27-Y,27,EXOLU
IF,EXOLU,20.213889,71.569444, ,0.0,0.0,0,0,0,0,0,0,0,0
TF,D313Q,19.278486,72.654158,0, ,0.0,0.0,0.0,0.0,0,0,0,0,0,0,1,0
CI,0, ,0.0,133.0,0,0,0,0,0,0,0,0
AF,D080O,19.133872,73.133903,2,BBB,80.0,15.0,313.0,2,3800,0,0,0,0,0,0
CI,0,ISCZ,0.0,240.0,0,0,0,0,0,0,0,0

APPTR,I27-Y,27,GUNDI
IF,GUNDI,17.360278,71.493333, ,0.0,0.0,0,0,0,0,0,0,0,0
TF,D218Q,18.860814,72.692286,0, ,0.0,0.0,0.0,0.0,0,0,0,0,0,0,1,0
CI,0, ,0.0,38.0,0,0,0,0,0,0,0,0
AF,D100O,19.046722,73.135367,1,BBB,100.0,15.0,218.0,2,3800,0,0,0,0,0,0
CI,0,ISCZ,0.0,300.0,0,0,0,0,0,0,0,0

APPTR,I27-Y,27,KABSO
IF,KABSO,17.087500,72.819444, ,0.0,0.0,0,0,0,0,0,0,0,0
TF,D182Q,18.801833,72.866761,0, ,0.0,0.0,0.0,0.0,0,0,0,0,0,0,1,0
CI,0, ,0.0,2.0,0,0,0,0,0,0,0,0
AF,D100O,19.046722,73.135367,1,BBB,100.0,15.0,182.0,2,3800,0,0,0,0,0,0
CI,0,ISCZ,0.0,300.0,0,0,0,0,0,0,0,0

APPTR,I27-Y,27,MOLGO
IF,MOLGO,18.160556,73.385000, ,0.0,0.0,0,0,0,0,0,0,0,0
TF,D153Q,18.834531,73.014061,0, ,0.0,0.0,0.0,0.0,0,0,0,0,0,0,1,0
CI,0, ,0.0,333.0,0,0,0,0,0,0,0,0
AF,D100O,19.046722,73.135367,1,BBB,100.0,15.0,153.0,2,3800,0,0,0,0,0,0
CI,0,ISCZ,0.0,300.0,0,0,0,0,0,0,0,0

APPTR,I27-Y,27,OPAKA
IF,OPAKA,19.605833,74.549444, ,0.0,0.0,0,0,0,0,0,0,0,0
TF,D073Q,19.175628,73.158767,0, ,0.0,0.0,0.0,0.0,0,0,0,0,0,0,1,0
CI,0, ,0.0,253.0,0,0,0,0,0,0,0,0
AF,D080O,19.133872,73.133903,2,BBB,80.0,15.0,73.0,2,3800,0,0,0,0,0,0
CI,0,ISCZ,0.0,240.0,0,0,0,0,0,0,0,0

APPTR,I27-Y,27,PPN
IF,PPN,18.584556,73.912431, ,0.0,0.0,0,0,0,0,0,0,0,0
TF,D118Q,18.957967,73.141658,0, ,0.0,0.0,0.0,0.0,0,0,0,0,0,0,1,0
CI,0, ,0.0,298.0,0,0,0,0,0,0,0,0
AF,D100O,19.046722,73.135367,1,BBB,100.0,15.0,118.0,2,3800,0,0,0,0,0,0
CI,0,ISCZ,0.0,300.0,0,0,0,0,0,0,0,0

FINAL,I27-Y,27,I,3
IF,CI27Y,19.090975,73.136883,ISCZ,90.5,16.6,2,3800,0,0,0,0,0,0
CF,FI27,19.090167,73.033056,0,ISCZ,90.5,10.7,270.0,5.9,1,2900,0,0,0,0,2,0
CF,RW27,19.088831,72.876078,0,ISCZ,90.5,1.8,270.0,8.9,1,77,0,0,0,0,3,0
FA,RW27,19.088831,72.876078,0,BBB,0.0,0.0,270.0,2,700,0,0,0,0,0,0
VA,0,230.0,2,2600,0,0,0,0,0,0
DF,BBB,19.086169,72.874703,1, ,0.0,0.0,1,3800,0,0,0,0,0,0
HM,BBB,19.086169,72.874703,1, ,0.0,0.0,78.0,04.3,2,3800,0,0,0,0,0,0,0

APPTR,I27-Z,27,BBB1
IF,BBB,19.086169,72.874703, ,0.0,0.0,2,3800,0,0,0,0,0,0
FD,BBB,19.086169,72.874703,0,BBB,0.0,12.0,78.0,12.0,2,2900,0,0,0,0,0,0
CF,CI27Z,19.090447,73.068250,2,ISCZ,90.5,12.7,270.0,2.0,2,2900,0,0,0,0,0,0

APPTR,I27-Z,27,BBB2
IF,BBB,19.086169,72.874703, ,0.0,0.0,2,3800,0,0,0,0,0,0
FD,BBB,19.086169,72.874703,0,BBB,0.0,11.0,82.0,11.0,2,2900,0,0,0,0,0,0
CF,CI27Z,19.090447,73.068250,2,ISCZ,90.5,12.7,270.0,1.0,2,2900,0,0,0,0,0,0

FINAL,I27-Z,27,I,3
IF,CI27Z,19.090447,73.068250,ISCZ,90.5,12.7,2,2900,0,0,0,0,0,0
CF,FI27,19.090167,73.033056,0,ISCZ,90.5,10.7,270.0,2.0,1,2900,0,0,0,0,2,0
CF,RW27,19.088831,72.876078,0,ISCZ,90.5,1.8,270.0,8.9,1,77,0,0,0,0,3,0
FA,RW27,19.088831,72.876078,0,BBB,0.0,0.0,270.0,2,700,0,0,0,0,0,0
VA,0,230.0,2,2600,0,0,0,0,0,0
DF,BBB,19.086169,72.874703,1, ,0.0,0.0,1,3800,0,0,0,0,0,0
HM,BBB,19.086169,72.874703,1, ,0.0,0.0,78.0,04.3,2,3800,0,0,0,0,0,0,0

