APPTR,D12,12,BOBET
IF,BOBET,24.008889,78.544444, ,0.0,0.0,0,0,0,0,0,0,0,0
TF,D058O,23.420497,77.562906,0, ,0.0,0.0,0.0,0.0,0,0,0,0,0,0,1,0
CI,0, ,0.0,238.0,0,0,0,0,0,0,0,0
AF,D302M,23.397822,77.136114,1,BPL,302.0,13.0,58.0,2,3800,0,0,0,0,1,0
CF,FD12,23.350056,77.219128,0,BPL,302.0,7.6,122.0,5.4,2,3800,0,0,0,0,0,0

APPTR,D12,12,BPL1
FD,BPL,23.282750,77.335861,0,BPL,0.0,10.0,321.0,10.0,2,3800,0,0,0,0,0,0
CF,FD12,23.350056,77.219128,1,BPL,302.0,7.6,122.0,3.0,2,3800,0,0,0,0,0,0

APPTR,D12,12,BPL2
FD,BPL,23.282750,77.335861,0,BPL,0.0,10.0,312.0,10.0,2,3800,0,0,0,0,0,0
CF,FD12,23.350056,77.219128,1,BPL,302.0,7.6,122.0,3.0,2,3800,0,0,0,0,0,0

APPTR,D12,12,OSEPU
IF,OSEPU,23.153889,76.985278, ,0.0,0.0,0,0,0,0,0,0,0,0
TF,D248O,23.190131,77.083597,0, ,0.0,0.0,0.0,0.0,0,0,0,0,0,0,1,0
CI,0, ,0.0,68.0,0,0,0,0,0,0,0,0
AF,D302M,23.397822,77.136114,2,BPL,302.0,13.0,248.0,2,3800,0,0,0,0,1,0
CF,FD12,23.350056,77.219128,0,BPL,302.0,7.6,122.0,5.4,2,3800,0,0,0,0,0,0

FINAL,D12,12,D,2
IF,FD12,23.350056,77.219128,BPL,302.0,7.6,2,3800,0,0,0,0,2,0
CF,MD12,23.300469,77.305153,0,BPL,302.0,2.0,122.0,5.6,1,2017,0,0,0,0,3,0
FA,MD12,23.300469,77.305153,0,BPL,0.0,0.0,122.0,2,3800,0,0,0,0,0,0
DF,BPL,23.282750,77.335861,2, ,0.0,0.0,1,3800,0,0,0,0,0,0
HM,BPL,23.282750,77.335861,2, ,0.0,0.0,321.0,04.3,2,3800,0,0,0,0,0,0,0

APPTR,D30,30,BPL1
FD,BPL,23.282750,77.335861,0,BPL,0.0,9.0,131.0,9.0,2,3800,0,0,0,0,0,0
CF,FD30,23.244386,77.449800,1,BPL,110.0,6.7,290.0,3.0,2,3800,0,0,0,0,0,0

APPTR,D30,30,BPL2
FD,BPL,23.282750,77.335861,0,BPL,0.0,9.0,121.0,9.0,2,3800,0,0,0,0,0,0
CF,FD30,23.244386,77.449800,1,BPL,110.0,6.7,290.0,3.0,2,3800,0,0,0,0,0,0

APPTR,D30,30,BULDI
IF,BULDI,24.412778,76.930556, ,0.0,0.0,0,0,0,0,0,0,0,0
TF,D342N,23.505164,77.256672,0, ,0.0,0.0,0.0,0.0,0,0,0,0,0,0,1,0
CI,0, ,0.0,162.0,0,0,0,0,0,0,0,0
AF,D110L,23.213981,77.539883,2,BPL,110.0,12.0,342.0,2,3800,0,0,0,0,1,0
CF,FD30,23.244386,77.449800,0,BPL,110.0,6.7,290.0,5.3,2,3800,0,0,0,0,0,0

APPTR,D30,30,OSEPU
IF,OSEPU,23.153889,76.985278, ,0.0,0.0,0,0,0,0,0,0,0,0
TF,D248N,23.196317,77.100403,0, ,0.0,0.0,0.0,0.0,0,0,0,0,0,0,1,0
CI,0, ,0.0,68.0,0,0,0,0,0,0,0,0
AF,D110L,23.213981,77.539883,1,BPL,110.0,12.0,248.0,2,3800,0,0,0,0,1,0
CF,FD30,23.244386,77.449800,0,BPL,110.0,6.7,290.0,5.3,2,3800,0,0,0,0,0,0

FINAL,D30,30,D,2
IF,FD30,23.244386,77.449800,BPL,110.0,6.7,2,3800,0,0,0,0,2,0
CF,MD30,23.268444,77.378383,0,BPL,110.0,2.5,290.0,4.2,1,2470,0,0,0,0,3,0
FA,MD30,23.268444,77.378383,0,BPL,0.0,0.0,290.0,2,3800,0,0,0,0,0,0
DF,BPL,23.282750,77.335861,2, ,0.0,0.0,1,3800,0,0,0,0,0,0
HM,BPL,23.282750,77.335861,1, ,0.0,0.0,131.0,04.3,2,3800,0,0,0,0,0,0,0

APPTR,I30-Z,30,BPL
IF,BPL,23.282750,77.335861, ,0.0,0.0,2,3800,0,0,0,0,0,0
TF,FI30,23.233114,77.444911,0, ,0.0,0.0,0.0,0.0,2,3800,0,0,0,0,0,0
FC,FI30,23.233114,77.444911,0,BPL,0.0,0.0,163.0,4.4,2,3800,0,0,0,0,0,1
CI,1,IBPH,0.0,343.0,0,0,0,0,0,0,0,0

APPTR,I30-Z,30,BULDI
IF,BULDI,24.412778,76.930556, ,0.0,0.0,0,0,0,0,0,0,0,0
TF,D342N,23.505164,77.256672,0, ,0.0,0.0,0.0,0.0,0,0,0,0,0,0,1,0
CI,0, ,0.0,162.0,0,0,0,0,0,0,0,0
AF,D108L,23.220600,77.542361,2,BPL,108.0,12.0,342.0,2,3800,0,0,0,0,0,0
VI,0,IBPH,0.0,268.0,0,0,0,0,0,0,0,0

APPTR,I30-Z,30,OSEPU
IF,OSEPU,23.153889,76.985278, ,0.0,0.0,0,0,0,0,0,0,0,0
TF,D248N,23.196317,77.100403,0, ,0.0,0.0,0.0,0.0,0,0,0,0,0,0,1,0
CI,0, ,0.0,68.0,0,0,0,0,0,0,0,0
AF,D128L,23.159108,77.506881,1,BPL,128.0,12.0,248.0,2,3800,0,0,0,0,0,0
VI,0,IBPH,0.0,328.0,0,0,0,0,0,0,0,0

FINAL,I30-Z,30,I,3
IF,CI30Z,23.192039,77.529478,IBPH,117.7,13.4,2,3800,0,0,0,0,0,0
CF,FI30,23.233114,77.444911,0,IBPH,117.7,8.1,298.0,5.3,1,3800,0,0,0,0,2,0
CF,RW30,23.283081,77.341839,0,IBPH,117.7,1.7,298.0,6.4,1,1769,0,0,0,0,3,0
FA,RW30,23.283081,77.341839,0,BPL,0.0,0.0,298.0,2,3800,0,0,0,0,0,0
DF,BPL,23.282750,77.335861,2, ,0.0,0.0,1,3800,0,0,0,0,0,0
HM,BPL,23.282750,77.335861,2, ,0.0,0.0,116.0,04.3,2,3800,0,0,0,0,0,0,0

APPTR,R12-Y,12,BP401
IF,BP401,23.452242,77.187181, ,0.0,0.0,4,4000,3800,1,210,0,1,0
TF,BP404,23.378189,77.145111,0, ,0.0,0.0,0.0,0.0,2,3800,0,1,185,0,1,0

APPTR,R12-Y,12,BP402
IF,BP402,23.416900,77.064817, ,0.0,0.0,4,4000,3800,1,210,0,1,0
TF,BP404,23.378189,77.145111,0, ,0.0,0.0,0.0,0.0,2,3800,0,1,185,0,1,0

APPTR,R12-Y,12,BP403
IF,BP403,23.304128,77.103086, ,0.0,0.0,4,4000,3800,1,210,0,1,0
TF,BP404,23.378189,77.145111,0, ,0.0,0.0,0.0,0.0,2,3800,0,1,185,0,1,0

APPTR,R12-Y,12,BP404
HF,BP404,23.378189,77.145111,2, ,0.0,0.0,118.0,04.3,2,3800,0,1,230,0,0,0,0

FINAL,R12-Y,12,R,3
IF,BP404,23.378189,77.145111, ,0.0,0.0,2,3800,0,1,185,0,0,0
TF,BP405,23.339447,77.225336,0, ,0.0,0.0,118.0,5.0,1,3600,0,1,165,0,2,0
TF,RW12,23.294586,77.318078,0, ,0.0,0.0,118.0,5.8,1,1764,0,0,0,0,3,1
TF,RAJAN,23.199275,77.514542,0, ,0.0,0.0,0.0,0.0,1,3800,0,0,0,0,0,1
HM,RAJAN,23.199275,77.514542,2, ,0.0,0.0,298.0,04.3,2,3800,0,1,230,0,0,0,0

APPTR,R30-Y,30,BP501
IF,BP501,23.273281,77.556653, ,0.0,0.0,4,4000,3800,1,210,0,1,0
TF,BP504,23.199275,77.514542,0, ,0.0,0.0,0.0,0.0,2,3800,0,1,185,0,1,0

APPTR,R30-Y,30,BP502
IF,BP502,23.160347,77.594586, ,0.0,0.0,4,4000,3800,1,210,0,1,0
TF,BP504,23.199275,77.514542,0, ,0.0,0.0,0.0,0.0,2,3800,0,1,185,0,1,0

APPTR,R30-Y,30,BP503
IF,BP503,23.125258,77.472475, ,0.0,0.0,4,4000,3800,1,210,0,1,0
TF,BP504,23.199275,77.514542,0, ,0.0,0.0,0.0,0.0,2,3800,0,1,185,0,1,0

APPTR,R30-Y,30,BP504
HF,BP504,23.199275,77.514542,2, ,0.0,0.0,298.0,04.3,2,3800,0,1,230,0,0,0,0

FINAL,R30-Y,30,R,3
IF,BP504,23.199275,77.514542, ,0.0,0.0,2,3800,0,1,185,0,0,0
TF,BP505,23.238167,77.434456,0, ,0.0,0.0,298.0,5.0,1,3600,0,1,165,0,2,0
TF,RW30,23.283081,77.341839,0, ,0.0,0.0,298.0,5.8,1,1762,0,0,0,0,3,1
TF,BP005,23.378189,77.145111,0, ,0.0,0.0,0.0,0.0,2,3800,0,0,0,0,0,1
HM,BP005,23.378189,77.145111,2, ,0.0,0.0,118.0,04.3,2,3800,0,1,230,0,0,0,0

