APPTR,D07,07,BVR1
FD,BVR,21.752181,72.190325,0,BVR,0.0,9.0,271.0,9.0,2,2100,0,0,0,0,0,0
CF,FD07,21.716475,72.072858,1,BVR,252.0,6.9,72.0,2.0,2,2100,0,0,0,0,0,0

APPTR,D07,07,BVR2
FD,BVR,21.752181,72.190325,0,BVR,0.0,9.0,262.0,9.0,2,2100,0,0,0,0,0,0
CF,FD07,21.716475,72.072858,1,BVR,252.0,6.9,72.0,2.0,2,2100,0,0,0,0,0,0

APPTR,D07,07,RKT
IF,RKT,22.313083,70.778250, ,0.0,0.0,0,0,0,0,0,0,0,0
TF,D293N,21.844792,71.960028,0, ,0.0,0.0,0.0,0.0,0,0,0,0,0,0,1,0
CI,0, ,0.0,113.0,0,0,0,0,0,0,0,0
AF,D252L,21.690031,71.986075,1,BVR,252.0,12.0,293.0,2,2100,0,0,0,0,1,0
TF,FD07,21.716475,72.072858,0, ,0.0,0.0,0.0,0.0,2,2100,0,0,0,0,0,0

FINAL,D07,07,D,2
IF,FD07,21.716475,72.072858,BVR,252.0,6.9,2,2100,0,0,0,0,2,0
CF,MD07,21.747011,72.173294,0,BVR,252.0,0.0,72.0,5.9,1,208,0,0,0,0,3,0
FA,MD07,21.747011,72.173294,0,BVR,0.0,0.0,72.0,2,2100,0,0,0,0,0,0
DF,BVR,21.752181,72.190325,2, ,0.0,0.0,1,2100,0,0,0,0,0,0
HM,BVR,21.752181,72.190325,2, ,0.0,0.0,271.0,04.3,2,2100,0,0,0,0,0,0,0

APPTR,D25,25,AAE
IF,AAE,23.068231,72.629083, ,0.0,0.0,0,0,0,0,0,0,0,0
TF,D018N,21.975925,72.264306,0, ,0.0,0.0,0.0,0.0,0,0,0,0,0,0,1,0
CI,0, ,0.0,198.0,0,0,0,0,0,0,0,0
AF,D065L,21.836889,72.385158,2,BVR,65.0,12.0,18.0,2,2100,0,0,0,0,1,0
TF,FD25,21.798800,72.297453,0, ,0.0,0.0,0.0,0.0,2,2100,0,0,0,0,0,0

APPTR,D25,25,APANO
IF,APANO,21.583889,72.982778, ,0.0,0.0,0,0,0,0,0,0,0,0
TF,D103N,21.700706,72.434806,0, ,0.0,0.0,0.0,0.0,0,0,0,0,0,0,1,0
CI,0, ,0.0,283.0,0,0,0,0,0,0,0,0
AF,D065L,21.836889,72.385158,1,BVR,65.0,12.0,103.0,2,2100,0,0,0,0,1,0
TF,FD25,21.798800,72.297453,0, ,0.0,0.0,0.0,0.0,2,2100,0,0,0,0,0,0

APPTR,D25,25,BVR1
FD,BVR,21.752181,72.190325,0,BVR,0.0,9.0,46.0,9.0,2,2100,0,0,0,0,0,0
CF,FD25,21.798800,72.297453,2,BVR,65.0,6.6,245.0,3.0,2,2100,0,0,0,0,0,0

APPTR,D25,25,BVR2
FD,BVR,21.752181,72.190325,0,BVR,0.0,9.0,55.0,9.0,2,2100,0,0,0,0,0,0
CF,FD25,21.798800,72.297453,2,BVR,65.0,6.6,245.0,3.0,2,2100,0,0,0,0,0,0

FINAL,D25,25,D,2
IF,FD25,21.798800,72.297453,BVR,65.0,6.6,2,2100,0,0,0,0,2,0
CF,MD25,21.759247,72.206550,0,BVR,65.0,0.0,245.0,5.6,1,301,0,0,0,0,3,0
FA,MD25,21.759247,72.206550,0,BVR,0.0,0.0,245.0,2,2100,0,0,0,0,0,0
DF,BVR,21.752181,72.190325,1, ,0.0,0.0,1,2100,0,0,0,0,0,0
HM,BVR,21.752181,72.190325,2, ,0.0,0.0,46.0,04.3,2,2100,0,0,0,0,0,0,0

APPTR,I25,25,AAE
IF,AAE,23.068231,72.629083, ,0.0,0.0,0,0,0,0,0,0,0,0
TF,D018N,21.975925,72.264306,0, ,0.0,0.0,0.0,0.0,0,0,0,0,0,0,1,0
CI,0, ,0.0,198.0,0,0,0,0,0,0,0,0
AF,D057L,21.861397,72.370647,2,BVR,57.0,12.0,18.0,2,2100,0,0,0,0,0,0
VI,0,IBHN,0.0,218.0,0,0,0,0,0,0,0,0

APPTR,I25,25,APANO
IF,APANO,21.583889,72.982778, ,0.0,0.0,0,0,0,0,0,0,0,0
TF,D103N,21.700706,72.434806,0, ,0.0,0.0,0.0,0.0,0,0,0,0,0,0,1,0
CI,0, ,0.0,283.0,0,0,0,0,0,0,0,0
AF,D079L,21.790344,72.401281,1,BVR,79.0,12.0,103.0,2,2100,0,0,0,0,0,0
VI,0,IBHN,0.0,278.0,0,0,0,0,0,0,0,0

APPTR,I25,25,BVR
IF,BVR,21.752181,72.190325, ,0.0,0.0,2,2100,0,0,0,0,0,0
CI,0, ,0.0,65.0,0,0,0,0,0,0,0,0
CF,FI25,21.795375,72.299597,0,BVR,67.0,6.6,68.0,6.0,2,2100,0,0,0,0,0,0
FC,FI25,21.795375,72.299597,0,BVR,0.0,0.0,113.0,4.4,0,0,0,0,0,0,0,1
CI,1,IBHN,0.0,293.0,2,2100,0,0,0,0,0,0

FINAL,I25,25,I,3
IF,CI25,21.829086,72.388750,IBHN,67.9,12.8,2,2100,0,0,0,0,0,0
CF,FI25,21.795375,72.299597,0,IBHN,67.9,7.4,248.0,5.4,1,2100,0,0,0,0,2,0
CF,RW25,21.755461,72.194258,0,IBHN,67.9,1.1,248.0,6.3,1,72,0,0,0,0,3,0
FA,RW25,21.755461,72.194258,0,BVR,0.0,0.0,248.0,2,2100,0,0,0,0,0,0
DF,BVR,21.752181,72.190325,2, ,0.0,0.0,1,2100,0,0,0,0,0,0
HM,BVR,21.752181,72.190325,2, ,0.0,0.0,65.0,04.3,2,2100,0,0,0,0,0,0,0

