APPTR,D04,04,GDA1
IF,GDA,21.532167,80.293528, ,0.0,0.0,2,3800,0,0,0,0,0,0
FD,GDA,21.532167,80.293528,0,GDA,0.0,7.0,248.0,7.0,2,2500,0,0,0,0,0,0
CF,FD04,21.460056,80.224181,1,GDA,222.0,5.8,42.0,2.0,2,2500,0,0,0,0,0,0

APPTR,D04,04,GDA2
IF,GDA,21.532167,80.293528, ,0.0,0.0,2,3800,0,0,0,0,0,0
FD,GDA,21.532167,80.293528,0,GDA,0.0,7.0,235.0,7.0,2,2500,0,0,0,0,0,0
CF,FD04,21.460056,80.224181,1,GDA,222.0,5.8,42.0,2.0,2,2500,0,0,0,0,0,0

FINAL,D04,04,D,2
IF,FD04,21.460056,80.224181,GDA,222.0,5.8,2,2500,0,0,0,0,2,0
CF,MD04,21.504817,80.267214,0,GDA,222.0,2.2,42.0,3.6,1,1396,0,0,0,0,3,0
CA,0,42.0,2,3000,0,0,0,0,0,0
DF,GDA,21.532167,80.293528,2, ,0.0,0.0,1,3800,0,0,0,0,0,0
HM,GDA,21.532167,80.293528,1, ,0.0,0.0,248.0,04.3,2,3800,0,0,0,0,0,0,0

APPTR,D22,22,GDA1
IF,GDA,21.532167,80.293528, ,0.0,0.0,2,3800,0,0,0,0,0,0
FD,GDA,21.532167,80.293528,0,GDA,0.0,8.0,72.0,8.0,2,3000,0,0,0,0,0,0
CF,FD22,21.600181,80.377217,1,GDA,49.0,6.2,229.0,2.0,2,3000,0,0,0,0,0,0

APPTR,D22,22,GDA2
IF,GDA,21.532167,80.293528, ,0.0,0.0,2,3800,0,0,0,0,0,0
FD,GDA,21.532167,80.293528,0,GDA,0.0,8.0,60.0,8.0,2,3000,0,0,0,0,0,0
CF,FD22,21.600181,80.377217,1,GDA,49.0,6.2,229.0,2.0,2,3000,0,0,0,0,0,0

FINAL,D22,22,D,2
IF,FD22,21.600181,80.377217,GDA,49.0,6.2,2,3000,0,0,0,0,2,0
CF,MD22,21.543139,80.307019,0,GDA,49.0,0.0,229.0,5.2,1,1352,0,0,0,0,3,0
CA,0,229.0,2,3000,0,0,0,0,0,0
DF,GDA,21.532167,80.293528,2, ,0.0,0.0,1,3800,0,0,0,0,0,0
HM,GDA,21.532167,80.293528,1, ,0.0,0.0,72.0,04.3,2,3800,0,0,0,0,0,0,0

