APPTR,D06,06,DABKI
IF,DABKI,23.240556,78.688333, ,0.0,0.0,0,0,0,0,0,0,0,0
TF,D273S,23.195867,79.716397,0, ,0.0,0.0,0.0,0.0,0,0,0,0,0,0,1,0
CI,0, ,0.0,93.0,0,0,0,0,0,0,0,0
AF,D248Q,23.072686,79.774753,1,JJB,248.0,17.0,273.0,2,3700,0,0,0,0,0,0
CF,CD06,23.073911,79.854133,0,JJB,241.0,13.0,61.0,4.0,2,3700,0,0,0,0,1,0

APPTR,D06,06,DOSAT
IF,DOSAT,21.692500,81.306667, ,0.0,0.0,0,0,0,0,0,0,0,0
TF,D142O,22.982169,80.227117,0, ,0.0,0.0,0.0,0.0,0,0,0,0,0,0,1,0
CI,0, ,0.0,322.0,0,0,0,0,0,0,0,0
AF,CD06,23.073911,79.854133,2,JJB,241.0,13.0,142.0,2,3700,0,0,0,0,1,0

APPTR,D06,06,KKJ
IF,KKJ,24.803000,79.913000, ,0.0,0.0,0,0,0,0,0,0,0,0
TF,D356S,23.496097,80.031331,0, ,0.0,0.0,0.0,0.0,0,0,0,0,0,0,1,0
CI,0, ,0.0,176.0,0,0,0,0,0,0,0,0
AF,D248Q,23.072686,79.774753,1,JJB,248.0,17.0,356.0,2,3700,0,0,0,0,0,0
CF,CD06,23.073911,79.854133,0,JJB,241.0,13.0,61.0,4.0,2,3700,0,0,0,0,1,0

APPTR,D06,06,SABAP
IF,SABAP,22.551389,79.832222, ,0.0,0.0,0,0,0,0,0,0,0,0
TF,D199O,22.941664,79.973278,0, ,0.0,0.0,0.0,0.0,0,0,0,0,0,0,1,0
CI,0, ,0.0,19.0,0,0,0,0,0,0,0,0
AF,CD06,23.073911,79.854133,2,JJB,241.0,13.0,199.0,2,3700,0,0,0,0,1,0

FINAL,D06,06,D,3
IF,CD06,23.073911,79.854133,JJB,241.0,13.0,2,3700,0,0,0,0,0,0
CF,FD06,23.131581,79.966333,0,JJB,241.0,5.9,61.0,7.1,2,3200,0,0,0,0,2,0
CF,MD06,23.167281,80.035911,0,JJB,241.0,1.5,61.0,4.4,1,1802,0,0,0,0,3,0
CF,JJB,23.179444,80.059642,0,JJB,0.0,0.0,61.0,1.5,2,2030,0,0,0,0,0,0
VI,2, ,0.0,229.0,0,0,0,0,0,0,0,0
CF,D199O,22.941664,79.973278,0,JJB,198.6,15.0,199.0,9.0,1,3700,0,0,0,0,0,0
HM,D199O,22.941664,79.973278,2, ,0.0,0.0,19.0,04.3,2,3700,0,0,0,0,0,0,0

APPTR,D24,24,D096O
IF,D096O,23.152992,80.329431, ,0.0,0.0,2,4000,0,0,0,0,0,0
CI,0, ,0.0,276.0,0,0,0,0,0,0,0,0
AF,CD24,23.304019,80.252444,1,JJB,55.0,13.0,96.0,2,3700,0,0,0,0,1,0

APPTR,D24,24,DABKI
IF,DABKI,23.240556,78.688333, ,0.0,0.0,0,0,0,0,0,0,0,0
TF,D273O,23.192469,79.788667,0, ,0.0,0.0,0.0,0.0,0,0,0,0,0,0,1,0
CI,0, ,0.0,93.0,0,0,0,0,0,0,0,0
AF,CD24,23.304019,80.252444,2,JJB,55.0,13.0,273.0,2,3700,0,0,0,0,1,0

APPTR,D24,24,DOSAT
IF,DOSAT,21.692500,81.306667, ,0.0,0.0,0,0,0,0,0,0,0,0
TF,D142O,22.982169,80.227117,0, ,0.0,0.0,0.0,0.0,0,0,0,0,0,0,1,0
CI,0, ,0.0,322.0,0,0,0,0,0,0,0,0
AF,CD24,23.304019,80.252444,1,JJB,55.0,13.0,142.0,2,3700,0,0,0,0,1,0

APPTR,D24,24,IBUDA
IF,IBUDA,23.067222,82.164722, ,0.0,0.0,0,0,0,0,0,0,0,0
TF,D093O,23.166583,80.330600,0, ,0.0,0.0,0.0,0.0,0,0,0,0,0,0,1,0
CI,0, ,0.0,273.0,0,0,0,0,0,0,0,0
AF,CD24,23.304019,80.252444,1,JJB,55.0,13.0,93.0,2,3700,0,0,0,0,1,0

APPTR,D24,24,KKJ
IF,KKJ,24.803000,79.913000, ,0.0,0.0,0,0,0,0,0,0,0,0
TF,D356O,23.429433,80.037300,0, ,0.0,0.0,0.0,0.0,0,0,0,0,0,0,1,0
CI,0, ,0.0,176.0,0,0,0,0,0,0,0,0
AF,CD24,23.304019,80.252444,2,JJB,55.0,13.0,356.0,2,3700,0,0,0,0,1,0

APPTR,D24,24,SABAP
IF,SABAP,22.551389,79.832222, ,0.0,0.0,0,0,0,0,0,0,0,0
TF,D199O,22.941664,79.973278,0, ,0.0,0.0,0.0,0.0,0,0,0,0,0,0,1,0
CI,0, ,0.0,19.0,0,0,0,0,0,0,0,0
AF,CD24,23.304019,80.252444,1,JJB,55.0,13.0,199.0,2,3700,0,0,0,0,1,0

FINAL,D24,24,D,3
IF,CD24,23.304019,80.252444,JJB,55.0,13.0,2,3700,0,0,0,0,0,0
CF,FD24,23.227383,80.133753,0,JJB,55.0,5.0,235.0,8.0,2,3200,0,0,0,0,2,0
CF,MD24,23.189033,80.074458,0,JJB,55.0,0.0,235.0,4.0,1,1952,0,0,0,0,3,0
CA,0,235.0,2,2030,0,0,0,0,0,0
VI,1, ,0.0,66.0,0,0,0,0,0,0,0,0
CF,D096O,23.152992,80.329431,0,JJB,96.0,15.0,96.0,9.0,1,4000,0,0,0,0,0,0
HM,D096O,23.152992,80.329431,1, ,0.0,0.0,276.0,04.3,2,4000,0,0,0,0,0,0,0

APPTR,R06-Y,06,JB403
IF,JB403,22.992514,79.723619, ,0.0,0.0,2,3700,0,0,0,0,1,0
TF,JB402,23.053539,79.831547,0, ,0.0,0.0,0.0,0.0,2,3700,0,0,0,0,1,0

APPTR,R06-Y,06,JB404
IF,JB404,23.150286,79.760303, ,0.0,0.0,2,3700,0,0,0,0,1,0
TF,JB402,23.053539,79.831547,0, ,0.0,0.0,0.0,0.0,2,3700,0,0,0,0,1,0

APPTR,R06-Y,06,JB405
IF,JB405,22.953606,79.897403, ,0.0,0.0,2,3700,0,0,0,0,1,0
TF,JB402,23.053539,79.831547,0, ,0.0,0.0,0.0,0.0,2,3700,0,0,0,0,1,0

FINAL,R06-Y,06,R,3
IF,JB402,23.053539,79.831547, ,0.0,0.0,2,3700,0,0,0,0,0,0
TF,JB401,23.114492,79.939572,0, ,0.0,0.0,59.0,7.0,1,3700,0,0,0,0,2,0
TF,RW06,23.173111,80.043683,0, ,0.0,0.0,59.0,6.7,1,1625,0,0,0,0,3,1
CF,JB406,23.228106,80.141544,0,JJB,57.3,5.4,59.0,6.3,0,0,0,1,210,0,0,0
TF,JB407,23.128044,80.207258,0, ,0.0,0.0,0.0,0.0,0,0,0,1,210,0,0,0
TF,JB405,22.953606,79.897403,0, ,0.0,0.0,0.0,0.0,0,0,0,1,210,0,0,0
TF,JB402,23.053539,79.831547,0, ,0.0,0.0,0.0,0.0,1,3700,0,1,210,0,0,0
HM,JB402,23.053539,79.831547,2, ,0.0,0.0,59.0,04.3,2,3700,0,1,230,0,0,0,0

APPTR,R24-Y,24,JB503
IF,JB503,23.360922,80.378683, ,0.0,0.0,2,3700,0,0,0,0,1,0
TF,JB502,23.300275,80.270261,0, ,0.0,0.0,0.0,0.0,2,3700,0,0,0,0,1,0

APPTR,R24-Y,24,JB504
IF,JB504,23.400358,80.204511, ,0.0,0.0,2,3700,0,0,0,0,1,0
TF,JB502,23.300275,80.270261,0, ,0.0,0.0,0.0,0.0,2,3700,0,0,0,0,1,0

APPTR,R24-Y,24,JB505
IF,JB505,23.200161,80.335914, ,0.0,0.0,2,3700,0,0,0,0,1,0
TF,JB502,23.300275,80.270261,0, ,0.0,0.0,0.0,0.0,2,3700,0,0,0,0,1,0

FINAL,R24-Y,24,R,3
IF,JB502,23.300275,80.270261, ,0.0,0.0,2,3700,0,0,0,0,0,0
TF,JB501,23.239550,80.161939,0, ,0.0,0.0,239.0,7.0,1,3700,0,0,0,0,2,0
TF,RW24,23.182442,80.060275,0, ,0.0,0.0,239.0,6.6,1,1676,0,0,0,0,3,1
CF,JB506,23.121575,79.952142,0,JJB,239.8,6.9,239.0,7.0,0,0,0,1,210,0,0,0
TF,JB507,23.021592,80.017942,0, ,0.0,0.0,0.0,0.0,0,0,0,1,210,0,0,0
TF,JB505,23.200161,80.335914,0, ,0.0,0.0,0.0,0.0,0,0,0,1,210,0,0,0
TF,JB502,23.300275,80.270261,0, ,0.0,0.0,0.0,0.0,1,3700,0,1,210,0,0,0
HM,JB502,23.300275,80.270261,1, ,0.0,0.0,239.0,04.3,2,3700,0,1,230,0,0,0,0

