APPTR,D28-Z,28,D115Y
IF,D115Y,18.413992,74.312767, ,0.0,0.0,2,6700,0,0,0,0,1,0
TF,D099L,18.556494,74.120900,0, ,0.0,0.0,0.0,0.0,2,3800,0,0,0,0,1,0
CF,FD28Z,18.568683,74.030572,0,PPN,99.0,6.8,279.0,5.2,2,3800,0,0,0,0,0,0

APPTR,D28-Z,28,D175N
IF,D175N,18.351583,73.938072, ,0.0,0.0,2,6700,0,0,0,0,1,0
CI,0, ,0.0,355.0,0,0,0,0,0,0,0,0
AF,D130L,18.458125,74.075942,1,PPN,130.0,12.0,175.0,2,4700,0,0,0,0,0,0
AF,D099L,18.556494,74.120900,1,PPN,99.0,12.0,130.0,2,3800,0,0,0,0,1,0
CF,FD28Z,18.568683,74.030572,0,PPN,99.0,6.8,279.0,5.2,2,3800,0,0,0,0,0,0

APPTR,D28-Z,28,D296N
IF,D296N,18.683419,73.689667, ,0.0,0.0,2,6300,0,0,0,0,1,0
CI,0, ,0.0,116.0,0,0,0,0,0,0,0,0
AF,D360L,18.785306,73.908750,2,PPN,360.0,12.0,296.0,2,6300,0,0,0,0,0,0
AF,D099L,18.556494,74.120900,2,PPN,99.0,12.0,360.0,2,3800,0,0,0,0,1,0
CF,FD28Z,18.568683,74.030572,0,PPN,99.0,6.8,279.0,5.2,2,3800,0,0,0,0,0,0

APPTR,D28-Z,28,D298N
IF,D298N,18.690772,73.693419, ,0.0,0.0,2,6300,0,0,0,0,1,0
CI,0, ,0.0,118.0,0,0,0,0,0,0,0,0
AF,D360L,18.785306,73.908750,2,PPN,360.0,12.0,298.0,2,6300,0,0,0,0,0,0
AF,D099L,18.556494,74.120900,2,PPN,99.0,12.0,360.0,2,3800,0,0,0,0,1,0
CF,FD28Z,18.568683,74.030572,0,PPN,99.0,6.8,279.0,5.2,2,3800,0,0,0,0,0,0

APPTR,D28-Z,28,PPN1
IF,PPN,18.584556,73.912431, ,0.0,0.0,2,6000,0,0,0,0,0,0
FD,PPN,18.584556,73.912431,0,PPN,0.0,10.0,126.0,10.0,2,3800,0,0,0,0,0,0
CF,FD28Z,18.568683,74.030572,1,PPN,99.0,6.8,279.0,4.0,2,3800,0,0,0,0,0,0

APPTR,D28-Z,28,PPN2
IF,PPN,18.584556,73.912431, ,0.0,0.0,2,6000,0,0,0,0,0,0
FD,PPN,18.584556,73.912431,0,PPN,0.0,10.0,111.0,10.0,2,3800,0,0,0,0,0,0
CF,FD28Z,18.568683,74.030572,1,PPN,99.0,6.8,279.0,4.0,2,3800,0,0,0,0,0,0

FINAL,D28-Z,28,D,2
IF,FD28Z,18.568683,74.030572,PPN,99.0,6.8,2,3800,0,0,0,0,2,0
CF,MD28Z,18.579894,73.947181,0,PPN,99.0,2.0,279.0,4.8,1,2283,0,0,0,0,3,0
CA,0,279.0,2,2350,0,0,0,0,0,0
VA,0,310.0,2,4500,0,0,0,0,0,0
DF,PPN,18.584556,73.912431,2, ,0.0,0.0,1,6000,0,0,0,0,0,0
HM,PPN,18.584556,73.912431,1, ,0.0,0.0,126.0,04.3,2,6000,0,0,0,0,0,0,0

APPTR,I28-Z,28,D115Y
IF,D115Y,18.413992,74.312767, ,0.0,0.0,2,6700,0,0,0,0,1,0
FC,D115Y,18.413992,74.312767,0,PPN,0.0,0.0,310.0,10.3,0,0,0,0,0,0,0,0
CF,CI28Z,18.569144,74.122367,0,IPUN,94.8,12.5,310.0,4.0,2,3800,0,0,0,0,1,0

APPTR,I28-Z,28,D175N
IF,D175N,18.351583,73.938072, ,0.0,0.0,2,6700,0,0,0,0,1,0
CI,0, ,0.0,355.0,0,0,0,0,0,0,0,0
AF,D130L,18.458125,74.075942,1,PPN,130.0,12.0,175.0,2,4700,0,0,0,0,0,0
AF,D105L,18.535869,74.116672,1,PPN,105.0,12.0,130.0,2,3800,0,0,0,0,0,0
VI,0,IPUN,0.0,305.0,0,0,0,0,0,0,0,0

APPTR,I28-Z,28,D296N
IF,D296N,18.683419,73.689667, ,0.0,0.0,2,6300,0,0,0,0,1,0
CI,0, ,0.0,116.0,0,0,0,0,0,0,0,0
AF,D360L,18.785306,73.908750,2,PPN,360.0,12.0,296.0,2,6300,0,0,0,0,0,0
AF,D085L,18.605425,74.121856,2,PPN,85.0,12.0,360.0,2,3800,0,0,0,0,0,0
VI,0,IPUN,0.0,245.0,0,0,0,0,0,0,0,0

APPTR,I28-Z,28,D298N
IF,D298N,18.690772,73.693419, ,0.0,0.0,2,6300,0,0,0,0,1,0
CI,0, ,0.0,118.0,0,0,0,0,0,0,0,0
AF,D360L,18.785306,73.908750,2,PPN,360.0,12.0,298.0,2,6300,0,0,0,0,0,0
AF,D085L,18.605425,74.121856,2,PPN,85.0,12.0,360.0,2,3800,0,0,0,0,0,0
VI,0,IPUN,0.0,245.0,0,0,0,0,0,0,0,0

APPTR,I28-Z,28,PPN1
IF,PPN,18.584556,73.912431, ,0.0,0.0,2,6000,0,0,0,0,0,0
FD,PPN,18.584556,73.912431,0,PPN,0.0,10.0,122.0,10.0,2,3800,0,0,0,0,0,0
VI,1,IPUN,0.0,305.0,0,0,0,0,0,0,0,0

APPTR,I28-Z,28,PPN2
IF,PPN,18.584556,73.912431, ,0.0,0.0,2,6000,0,0,0,0,0,0
FD,PPN,18.584556,73.912431,0,PPN,0.0,10.0,107.0,10.0,2,3800,0,0,0,0,0,0
VI,1,IPUN,0.0,305.0,0,0,0,0,0,0,0,0

FINAL,I28-Z,28,I,3
IF,CI28Z,18.569144,74.122367,IPUN,94.8,12.5,2,3800,0,0,0,0,0,0
CF,FI28,18.575128,74.028889,0,IPUN,94.8,7.1,275.0,5.3,1,3800,0,0,0,0,2,0
CF,RW28,18.581389,73.930278,0,IPUN,94.8,1.5,275.0,5.6,1,1982,0,0,0,0,3,0
CA,0,275.0,2,2350,0,0,0,0,0,0
VA,0,310.0,2,4500,0,0,0,0,0,0
DF,PPN,18.584556,73.912431,2, ,0.0,0.0,1,6000,0,0,0,0,0,0
HM,PPN,18.584556,73.912431,1, ,0.0,0.0,122.0,04.3,2,6000,0,0,0,0,0,0,0

APPTR,S28-Y,28,PPN1
IF,PPN,18.584556,73.912431, ,0.0,0.0,2,6000,0,0,0,0,0,0
FC,PPN,18.584556,73.912431,0,PPN,0.0,0.0,126.0,7.0,2,3800,0,0,0,0,0,1
CF,FS28Y,18.568817,74.029572,1,PPN,99.0,6.7,279.0,1.0,2,3800,0,0,0,0,0,0

APPTR,S28-Y,28,PPN2
IF,PPN,18.584556,73.912431, ,0.0,0.0,2,6000,0,0,0,0,0,0
FC,PPN,18.584556,73.912431,0,PPN,0.0,0.0,111.0,7.0,2,3800,0,0,0,0,0,1
CF,FS28Y,18.568817,74.029572,1,PPN,99.0,6.7,279.0,1.0,2,3800,0,0,0,0,0,0

FINAL,S28-Y,28,D,2
IF,FS28Y,18.568817,74.029572,PPN,99.0,6.7,2,3800,0,0,0,0,2,0
CF,RW28,18.581389,73.930278,0,PPN,101.5,0.0,279.0,5.7,1,1982,0,0,0,0,3,0
CF,PPN,18.584556,73.912431,0,PPN,0.0,0.0,279.0,1.0,0,0,0,0,0,0,0,1
VA,0,310.0,2,4500,0,0,0,0,0,0
DF,PPN,18.584556,73.912431,2, ,0.0,0.0,1,6000,0,0,0,0,0,0
HM,PPN,18.584556,73.912431,1, ,0.0,0.0,126.0,04.3,2,6000,0,0,0,0,0,0,0

