APPTR,D23-Z,23,AAE
IF,AAE,23.068231,72.629083, ,0.0,0.0,0,0,0,0,0,0,0,0
TF,D066O,22.415294,71.024567,0, ,0.0,0.0,0.0,0.0,0,0,0,1,180,0,1,1
CI,0, ,0.0,279.0,0,0,0,0,0,0,0,0
CF,D054J,22.411322,70.923769,0,RKT,54.0,10.0,234.0,2.0,2,2200,0,0,0,0,1,0
TF,FF23,22.361236,70.849528,0, ,0.0,0.0,0.0,0.0,2,1900,0,0,0,0,0,0

APPTR,D23-Z,23,BHU
IF,BHU,23.280244,69.665758, ,0.0,0.0,0,0,0,0,0,0,0,0
TF,D314L,22.450831,70.621300,0, ,0.0,0.0,0.0,0.0,0,0,0,0,0,0,1,0
CI,0, ,0.0,134.0,0,0,0,0,0,0,0,0
AF,D054J,22.411322,70.923769,2,RKT,54.0,10.0,314.0,2,2200,0,0,0,0,1,0
TF,FF23,22.361236,70.849528,0, ,0.0,0.0,0.0,0.0,2,1900,0,0,0,0,0,0

APPTR,D23-Z,23,BUDGO
IF,BUDGO,20.948889,71.701667, ,0.0,0.0,0,0,0,0,0,0,0,0
TF,D148L,22.143772,70.894006,0, ,0.0,0.0,0.0,0.0,0,0,0,0,0,0,1,0
CI,0, ,0.0,328.0,0,0,0,0,0,0,0,0
AF,D113J,22.247647,70.943631,1,RKT,113.0,10.0,148.0,0,0,0,0,0,0,0,0
AF,D054J,22.411322,70.923769,1,RKT,54.0,10.0,113.0,2,2200,0,0,0,0,1,0
TF,FF23,22.361236,70.849528,0, ,0.0,0.0,0.0,0.0,2,1900,0,0,0,0,0,0

APPTR,D23-Z,23,BVR
IF,BVR,21.752181,72.190325, ,0.0,0.0,0,0,0,0,0,0,0,0
TF,D113L,22.235153,70.976967,0, ,0.0,0.0,0.0,0.0,0,0,0,0,0,0,1,0
CI,0, ,0.0,293.0,0,0,0,0,0,0,0,0
AF,D054J,22.411322,70.923769,1,RKT,54.0,10.0,113.0,2,2200,0,0,0,0,1,0
TF,FF23,22.361236,70.849528,0, ,0.0,0.0,0.0,0.0,2,1900,0,0,0,0,0,0

APPTR,D23-Z,23,JNR
IF,JNR,22.466111,70.017444, ,0.0,0.0,0,0,0,0,0,0,0,0
TF,D283L,22.355869,70.567478,0, ,0.0,0.0,0.0,0.0,0,0,0,0,0,0,1,0
CI,0, ,0.0,103.0,0,0,0,0,0,0,0,0
AF,D054J,22.411322,70.923769,2,RKT,54.0,10.0,283.0,2,2200,0,0,0,0,1,0
TF,FF23,22.361236,70.849528,0, ,0.0,0.0,0.0,0.0,2,1900,0,0,0,0,0,0

APPTR,D23-Z,23,LAXOM
IF,LAXOM,22.808333,70.833333, ,0.0,0.0,0,0,0,0,0,0,0,0
TF,D006L,22.512717,70.800406,0, ,0.0,0.0,0.0,0.0,0,0,0,0,0,0,1,0
CI,0, ,0.0,186.0,0,0,0,0,0,0,0,0
AF,D054J,22.411322,70.923769,2,RKT,54.0,10.0,6.0,2,2200,0,0,0,0,1,0
TF,FF23,22.361236,70.849528,0, ,0.0,0.0,0.0,0.0,2,1900,0,0,0,0,0,0

APPTR,D23-Z,23,RKT1
IF,RKT,22.313083,70.778250, ,0.0,0.0,2,2200,0,0,0,0,0,0
FD,RKT,22.313083,70.778250,0,RKT,0.0,7.0,33.0,7.0,2,1900,0,0,0,0,0,0
CF,FF23,22.361236,70.849528,2,RKT,54.0,4.9,234.0,3.0,2,1900,0,0,0,0,0,0

APPTR,D23-Z,23,RKT2
IF,RKT,22.313083,70.778250, ,0.0,0.0,2,2200,0,0,0,0,0,0
FD,RKT,22.313083,70.778250,0,RKT,0.0,7.0,42.0,7.0,2,1900,0,0,0,0,0,0
CF,FF23,22.361236,70.849528,2,RKT,54.0,4.9,234.0,3.0,2,1900,0,0,0,0,0,0

FINAL,D23-Z,23,D,3
IF,FF23,22.361236,70.849528,RKT,54.0,4.9,2,1900,0,0,0,0,2,0
CF,EP23,22.316844,70.783814,0,RKT,54.0,0.4,234.0,4.5,1,478,0,0,0,0,0,1
CF,RKT,22.313083,70.778250,0,RKT,0.0,0.0,234.0,0.4,2,850,0,0,0,0,3,1
FA,RKT,22.313083,70.778250,0,RKT,0.0,0.0,234.0,2,1700,0,0,0,0,0,0
DF,RKT,22.313083,70.778250,2, ,0.0,0.0,1,2200,0,0,0,0,0,0
HM,RKT,22.313083,70.778250,2, ,0.0,0.0,33.0,04.3,2,2200,0,0,0,0,0,0,0

APPTR,I23-Y,23,RK
IF,RK,22.310694,70.786372, ,0.0,0.0,2,2200,0,0,0,0,0,0
CI,0, ,0.0,42.0,0,0,0,0,0,0,0,0
CF,D047G,22.381111,70.862531,0,RKT,49.0,6.2,47.0,5.0,2,2000,0,0,0,0,0,0
FC,D047G,22.381111,70.862531,0,RKT,0.0,0.0,92.0,4.4,2,2000,0,0,0,0,0,1
CF,CI23Y,22.392500,70.875700,1,IRAJ,47.0,7.9,227.0,4.0,2,2000,0,0,0,0,0,0

FINAL,I23-Y,23,I,3
IF,CI23Y,22.392500,70.875700,IRAJ,47.0,7.9,2,2000,0,0,0,0,0,0
CF,FI23,22.369719,70.849364,0,IRAJ,47.0,5.9,227.0,2.0,1,2000,0,0,0,0,2,0
CF,RW23,22.314506,70.785594,0,IRAJ,47.0,0.0,227.0,4.8,1,478,0,0,0,0,3,0
FA,RW23,22.314506,70.785594,0,RKT,0.0,0.0,227.0,2,1700,0,0,0,0,0,0
DF,RK,22.310694,70.786372,2, ,0.0,0.0,1,2200,0,0,0,0,0,0
HM,RK,22.310694,70.786372,2, ,0.0,0.0,42.0,04.3,2,2200,0,0,0,0,0,0,0

APPTR,I23-Z,23,AAE
IF,AAE,23.068231,72.629083, ,0.0,0.0,0,0,0,0,0,0,0,0
TF,D066R,22.435694,71.073875,0, ,0.0,0.0,0.0,0.0,0,0,0,1,180,0,1,1
CI,0, ,0.0,273.0,0,0,0,0,0,0,0,0
CF,CI23Z,22.424389,70.912583,0,IRAJ,47.0,10.7,227.0,2.0,2,2200,0,0,0,0,1,0

APPTR,I23-Z,23,BHU
IF,BHU,23.280244,69.665758, ,0.0,0.0,0,0,0,0,0,0,0,0
TF,D314L,22.450831,70.621300,0, ,0.0,0.0,0.0,0.0,0,0,0,0,0,0,1,0
CI,0, ,0.0,134.0,0,0,0,0,0,0,0,0
AF,D035J,22.450050,70.881450,2,RKT,35.0,10.0,314.0,2,2200,0,0,0,0,0,0
VI,0,IRAJ,0.0,197.0,0,0,0,0,0,0,0,0

APPTR,I23-Z,23,BUDGO
IF,BUDGO,20.948889,71.701667, ,0.0,0.0,0,0,0,0,0,0,0,0
TF,D148L,22.143772,70.894006,0, ,0.0,0.0,0.0,0.0,0,0,0,0,0,0,1,0
CI,0, ,0.0,328.0,0,0,0,0,0,0,0,0
AF,D113J,22.247647,70.943631,1,RKT,113.0,10.0,148.0,0,0,0,0,0,0,0,0
AF,D059J,22.399147,70.932417,1,RKT,59.0,10.0,113.0,2,2200,0,0,0,0,0,0
VI,0,IRAJ,0.0,257.0,0,0,0,0,0,0,0,0

APPTR,I23-Z,23,BVR
IF,BVR,21.752181,72.190325, ,0.0,0.0,0,0,0,0,0,0,0,0
TF,D113L,22.235153,70.976967,0, ,0.0,0.0,0.0,0.0,0,0,0,0,0,0,1,0
CI,0, ,0.0,293.0,0,0,0,0,0,0,0,0
AF,D059J,22.399147,70.932417,1,RKT,59.0,10.0,113.0,2,2200,0,0,0,0,0,0
VI,0,IRAJ,0.0,257.0,0,0,0,0,0,0,0,0

APPTR,I23-Z,23,JNR
IF,JNR,22.466111,70.017444, ,0.0,0.0,0,0,0,0,0,0,0,0
TF,D283L,22.355869,70.567478,0, ,0.0,0.0,0.0,0.0,0,0,0,0,0,0,1,0
CI,0, ,0.0,103.0,0,0,0,0,0,0,0,0
AF,D035J,22.450050,70.881450,2,RKT,35.0,10.0,283.0,2,2200,0,0,0,0,0,0
VI,0,IRAJ,0.0,197.0,0,0,0,0,0,0,0,0

APPTR,I23-Z,23,LAXOM
IF,LAXOM,22.808333,70.833333, ,0.0,0.0,0,0,0,0,0,0,0,0
TF,D006L,22.512717,70.800406,0, ,0.0,0.0,0.0,0.0,0,0,0,0,0,0,1,0
CI,0, ,0.0,186.0,0,0,0,0,0,0,0,0
AF,D035J,22.450050,70.881450,2,RKT,35.0,10.0,6.0,2,2200,0,0,0,0,0,0
VI,0,IRAJ,0.0,197.0,0,0,0,0,0,0,0,0

APPTR,I23-Z,23,RKT
IF,RKT,22.313083,70.778250, ,0.0,0.0,2,2200,0,0,0,0,0,0
CI,0, ,0.0,52.0,0,0,0,0,0,0,0,0
CF,D047G,22.381111,70.862531,0,RKT,49.0,6.2,47.0,5.0,2,2000,0,0,0,0,0,0
FC,D047G,22.381111,70.862531,0,RKT,0.0,0.0,92.0,4.4,2,2000,0,0,0,0,0,1
CI,1,IRAJ,0.0,272.0,2,2000,0,0,0,0,0,0

FINAL,I23-Z,23,I,3
IF,CI23Z,22.424389,70.912583,IRAJ,47.0,10.7,2,2200,0,0,0,0,0,0
CF,FI23,22.369719,70.849364,0,IRAJ,47.0,5.9,227.0,4.8,1,2000,0,0,0,0,2,0
CF,RW23,22.314506,70.785594,0,IRAJ,47.0,0.0,227.0,4.8,1,478,0,0,0,0,3,0
FA,RW23,22.314506,70.785594,0,RKT,0.0,0.0,227.0,2,1700,0,0,0,0,0,0
DF,RKT,22.313083,70.778250,2, ,0.0,0.0,1,2200,0,0,0,0,0,0
HM,RKT,22.313083,70.778250,2, ,0.0,0.0,52.0,04.3,2,2200,0,0,0,0,0,0,0

