APPTR,D09,09,SRD1
FD,SRD,19.688281,74.396467,0,SRD,0.0,10.0,290.0,10.0,2,4000,0,0,0,0,1,0
CF,FD09,19.683492,74.253486,1,SRD,269.0,8.1,89.0,2.0,2,4000,0,0,0,0,0,0

APPTR,D09,09,SRD2
FD,SRD,19.688281,74.396467,0,SRD,0.0,10.0,279.0,10.0,2,4000,0,0,0,0,1,0
CF,FD09,19.683492,74.253486,1,SRD,269.0,8.1,89.0,2.0,2,4000,0,0,0,0,0,0

FINAL,D09,09,D,2
IF,FD09,19.683492,74.253486,SRD,269.0,8.1,2,4000,0,0,0,0,2,0
CF,MD09,19.687106,74.361161,0,SRD,269.0,2.0,89.0,6.1,1,2061,0,0,0,0,3,0
FA,MD09,19.687106,74.361161,0,SRD,0.0,0.0,89.0,2,4000,0,0,0,0,0,0
DF,SRD,19.688281,74.396467,2, ,0.0,0.0,1,4000,0,0,0,0,0,0
HM,SRD,19.688281,74.396467,2, ,0.0,0.0,290.0,04.3,2,4000,0,0,0,0,0,0,0

APPTR,D27,27,SRD1
FD,SRD,19.688281,74.396467,0,SRD,0.0,8.0,115.0,8.0,2,4000,0,0,0,0,1,0
CF,FD27,19.691750,74.502383,1,SRD,89.0,6.0,269.0,2.0,2,4000,0,0,0,0,0,0

APPTR,D27,27,SRD2
FD,SRD,19.688281,74.396467,0,SRD,0.0,8.0,101.0,8.0,2,4000,0,0,0,0,1,0
CF,FD27,19.691750,74.502383,1,SRD,89.0,6.0,269.0,2.0,2,4000,0,0,0,0,0,0

FINAL,D27,27,D,2
IF,FD27,19.691750,74.502383,SRD,89.0,6.0,2,4000,0,0,0,0,2,0
CF,SRD,19.688281,74.396467,0,SRD,0.0,0.0,269.0,6.0,1,2094,0,0,0,0,3,0
FA,SRD,19.688281,74.396467,0,SRD,0.0,0.0,269.0,2,3000,0,0,0,0,0,0
DF,SRD,19.688281,74.396467,2, ,0.0,0.0,1,4000,0,0,0,0,0,0
HM,SRD,19.688281,74.396467,2, ,0.0,0.0,115.0,04.3,2,4000,0,0,0,0,0,0,0

