APPTR,D04,04,BVR
IF,BVR,21.752181,72.190325, ,0.0,0.0,0,0,0,0,0,0,0,0
TF,D321M,21.280392,72.595419,0, ,0.0,0.0,0.0,0.0,0,0,0,0,0,0,1,0
CI,0, ,0.0,141.0,0,0,0,0,0,0,0,0
AF,D227K,20.985089,72.597044,1,SUR,227.0,11.0,321.0,2,2100,0,0,0,0,1,0
TF,FD04,21.050161,72.671264,0, ,0.0,0.0,0.0,0.0,2,1600,0,0,0,0,0,0

APPTR,D04,04,ISRIS
IF,ISRIS,20.758056,72.946389, ,0.0,0.0,0,0,0,0,0,0,0,0
TF,D152M,20.920053,72.851853,0, ,0.0,0.0,0.0,0.0,0,0,0,0,0,0,1,0
CI,0, ,0.0,332.0,0,0,0,0,0,0,0,0
AF,D227K,20.985089,72.597044,2,SUR,227.0,11.0,152.0,2,2100,0,0,0,0,1,0
TF,FD04,21.050161,72.671264,0, ,0.0,0.0,0.0,0.0,2,1600,0,0,0,0,0,0

APPTR,D04,04,SUR1
IF,SUR,21.110639,72.740333, ,0.0,0.0,2,2100,0,0,0,0,0,0
FD,SUR,21.110639,72.740333,0,SUR,0.0,7.0,252.0,7.0,2,1600,0,0,0,0,0,0
CF,FD04,21.050161,72.671264,1,SUR,227.0,5.3,47.0,2.0,2,1600,0,0,0,0,0,0

APPTR,D04,04,SUR2
IF,SUR,21.110639,72.740333, ,0.0,0.0,2,2100,0,0,0,0,0,0
FD,SUR,21.110639,72.740333,0,SUR,0.0,7.0,240.0,7.0,2,1600,0,0,0,0,0,0
CF,FD04,21.050161,72.671264,1,SUR,227.0,5.3,47.0,2.0,2,1600,0,0,0,0,0,0

FINAL,D04,04,D,2
IF,FD04,21.050161,72.671264,SUR,227.0,5.3,2,1600,0,0,0,0,2,0
CF,RW04,21.106247,72.733878,0,SUR,234.1,0.5,47.0,4.9,1,74,0,0,0,0,3,0
CF,SUR,21.110639,72.740333,0,SUR,0.0,0.0,47.0,0.5,0,0,0,0,0,0,0,1
FA,SUR,21.110639,72.740333,0,SUR,0.0,0.0,47.0,2,2100,0,0,0,0,0,0
DF,SUR,21.110639,72.740333,2, ,0.0,0.0,1,2100,0,0,0,0,0,0
HM,SUR,21.110639,72.740333,1, ,0.0,0.0,252.0,04.3,2,2100,0,0,0,0,0,0,0

APPTR,D22,22,BVR
IF,BVR,21.752181,72.190325, ,0.0,0.0,0,0,0,0,0,0,0,0
TF,D321M,21.280392,72.595419,0, ,0.0,0.0,0.0,0.0,0,0,0,0,0,0,1,0
CI,0, ,0.0,141.0,0,0,0,0,0,0,0,0
AF,D041K,21.249453,72.869097,2,SUR,41.0,11.0,321.0,2,2100,0,0,0,0,1,0
TF,FD22,21.173747,72.798831,0, ,0.0,0.0,0.0,0.0,2,1400,0,0,0,0,0,0

APPTR,D22,22,ISRIS
IF,ISRIS,20.758056,72.946389, ,0.0,0.0,0,0,0,0,0,0,0,0
TF,D152M,20.920053,72.851853,0, ,0.0,0.0,0.0,0.0,0,0,0,0,0,0,1,0
CI,0, ,0.0,332.0,0,0,0,0,0,0,0,0
AF,D041K,21.249453,72.869097,1,SUR,41.0,11.0,152.0,2,2100,0,0,0,0,1,0
TF,FD22,21.173747,72.798831,0, ,0.0,0.0,0.0,0.0,2,1400,0,0,0,0,0,0

APPTR,D22,22,SG
IF,SG,21.167500,73.565833, ,0.0,0.0,0,0,0,0,0,0,0,0
TF,D086M,21.126967,72.971431,0, ,0.0,0.0,0.0,0.0,0,0,0,0,0,0,1,0
CI,0, ,0.0,266.0,0,0,0,0,0,0,0,0
AF,D041K,21.249453,72.869097,1,SUR,41.0,11.0,86.0,2,2100,0,0,0,0,1,0
TF,FD22,21.173747,72.798831,0, ,0.0,0.0,0.0,0.0,2,1400,0,0,0,0,0,0

APPTR,D22,22,SUR1
IF,SUR,21.110639,72.740333, ,0.0,0.0,2,2100,0,0,0,0,0,0
FD,SUR,21.110639,72.740333,0,SUR,0.0,7.0,66.0,7.0,2,1400,0,0,0,0,0,0
CF,FD22,21.173747,72.798831,1,SUR,41.0,5.0,221.0,2.0,2,1400,0,0,0,0,0,0

APPTR,D22,22,SUR2
IF,SUR,21.110639,72.740333, ,0.0,0.0,2,2100,0,0,0,0,0,0
FD,SUR,21.110639,72.740333,0,SUR,0.0,7.0,54.0,7.0,2,1400,0,0,0,0,0,0
CF,FD22,21.173747,72.798831,1,SUR,41.0,5.0,221.0,2.0,2,1400,0,0,0,0,0,0

FINAL,D22,22,D,3
IF,FD22,21.173747,72.798831,SUR,41.0,5.0,2,1400,0,0,0,0,2,0
CF,29VOR,21.147244,72.774256,0,SUR,41.0,2.9,221.0,2.1,2,740,0,0,0,0,0,0
CF,RW22,21.121375,72.748897,0,SUR,36.8,0.8,221.0,2.1,1,77,0,0,0,0,3,0
CF,SUR,21.110639,72.740333,0,SUR,0.0,0.0,221.0,0.8,0,0,0,0,0,0,0,1
FA,SUR,21.110639,72.740333,0,SUR,0.0,0.0,221.0,2,2100,0,0,0,0,0,0
DF,SUR,21.110639,72.740333,1, ,0.0,0.0,1,2100,0,0,0,0,0,0
HM,SUR,21.110639,72.740333,2, ,0.0,0.0,66.0,04.3,2,2100,0,0,0,0,0,0,0

APPTR,I22,22,BVR
IF,BVR,21.752181,72.190325, ,0.0,0.0,0,0,0,0,0,0,0,0
TF,D321O,21.306514,72.573119,0, ,0.0,0.0,0.0,0.0,0,0,0,0,0,0,1,0
CI,0, ,0.0,141.0,0,0,0,0,0,0,0,0
AF,D034M,21.290867,72.870081,2,SUR,34.0,13.0,321.0,2,3100,0,0,0,0,0,0
VI,0,ISUT,0.0,193.0,0,0,0,0,0,0,0,0

APPTR,I22,22,ISRIS
IF,ISRIS,20.758056,72.946389, ,0.0,0.0,0,0,0,0,0,0,0,0
TF,D152O,20.890692,72.868919,0, ,0.0,0.0,0.0,0.0,0,0,0,0,0,0,1,0
CI,0, ,0.0,332.0,0,0,0,0,0,0,0,0
AF,D052M,21.244419,72.923114,1,SUR,52.0,13.0,152.0,2,3100,0,0,0,0,0,0
VI,0,ISUT,0.0,253.0,0,0,0,0,0,0,0,0

APPTR,I22,22,SG
IF,SG,21.167500,73.565833, ,0.0,0.0,0,0,0,0,0,0,0,0
TF,D086O,21.129450,73.006992,0, ,0.0,0.0,0.0,0.0,0,0,0,0,0,0,1,0
CI,0, ,0.0,266.0,0,0,0,0,0,0,0,0
AF,D052M,21.244419,72.923114,1,SUR,52.0,13.0,86.0,2,3100,0,0,0,0,0,0
VI,0,ISUT,0.0,253.0,0,0,0,0,0,0,0,0

APPTR,I22,22,SUR1
IF,SUR,21.110639,72.740333, ,0.0,0.0,2,3100,0,0,0,0,0,0
FD,SUR,21.110639,72.740333,0,SUR,0.0,10.0,62.0,10.0,2,2100,0,0,0,0,0,0
VI,1,ISUT,0.0,253.0,2,2100,0,0,0,0,0,0

APPTR,I22,22,SUR2
IF,SUR,21.110639,72.740333, ,0.0,0.0,2,3100,0,0,0,0,0,0
FD,SUR,21.110639,72.740333,0,SUR,0.0,10.0,52.0,10.0,2,2100,0,0,0,0,0,0
VI,1,ISUT,0.0,253.0,2,2100,0,0,0,0,0,0

FINAL,I22,22,I,3
IF,CI22,21.270631,72.897303,ISUT,43.0,13.6,2,3100,0,0,0,0,0,0
CF,FI22,21.198575,72.825642,0,ISUT,43.0,7.7,223.0,5.9,1,2100,0,0,0,0,2,0
CF,RW22,21.121375,72.748897,0,ISUT,43.0,1.4,223.0,6.3,1,77,0,0,0,0,3,0
FA,RW22,21.121375,72.748897,0,SUR,0.0,0.0,223.0,2,2100,0,0,0,0,0,0
DF,SUR,21.110639,72.740333,1, ,0.0,0.0,1,3100,0,0,0,0,0,0
HM,SUR,21.110639,72.740333,2, ,0.0,0.0,62.0,04.3,2,3100,0,0,0,0,0,0,0

APPTR,R04-Y,04,AVNUX
IF,AVNUX,21.032144,72.490056, ,0.0,0.0,4,6000,3100,1,210,0,1,0
TF,VATSA,20.952431,72.581386,0, ,0.0,0.0,0.0,0.0,2,3100,0,1,210,0,0,0

APPTR,R04-Y,04,ONONO
IF,ONONO,20.872669,72.672619, ,0.0,0.0,4,6000,3100,1,210,0,1,0
TF,VATSA,20.952431,72.581386,0, ,0.0,0.0,0.0,0.0,2,3100,0,1,210,0,0,0

APPTR,R04-Y,04,VIBEK
IF,VIBEK,20.866689,72.496575, ,0.0,0.0,4,6000,3100,1,210,0,1,0
TF,VATSA,20.952431,72.581386,0, ,0.0,0.0,0.0,0.0,2,3100,0,1,210,0,0,0

FINAL,R04-Y,04,R,3
IF,VATSA,20.952431,72.581386, ,0.0,0.0,2,3100,0,1,210,0,0,0
TF,SU408,21.024253,72.652533,0, ,0.0,0.0,43.0,5.9,1,2100,0,0,0,0,2,0
TF,RW04,21.106247,72.733878,0, ,0.0,0.0,43.0,6.7,1,74,0,0,0,0,3,1
DF,SU406,21.271569,72.898286,0, ,0.0,0.0,0,0,0,1,200,0,0,0
TF,SU407,21.191639,72.989544,0, ,0.0,0.0,0.0,0.0,0,0,0,1,200,0,0,0
TF,ONONO,20.872669,72.672619,0, ,0.0,0.0,0.0,0.0,0,0,0,0,0,0,0,0
TF,VATSA,20.952431,72.581386,0, ,0.0,0.0,0.0,0.0,1,3100,0,0,0,0,0,0
HM,VATSA,20.952431,72.581386,2, ,0.0,0.0,43.0,04.3,2,3100,0,1,230,0,0,0,0

APPTR,R22-Y,22,LILTU
IF,LILTU,21.356231,72.982619, ,0.0,0.0,4,6000,3100,1,210,0,1,0
TF,POTIA,21.270658,72.897336,0, ,0.0,0.0,0.0,0.0,2,3100,0,1,210,0,0,0

APPTR,R22-Y,22,MAKAV
IF,MAKAV,21.190739,72.988603, ,0.0,0.0,4,6000,3100,1,210,0,1,0
TF,POTIA,21.270658,72.897336,0, ,0.0,0.0,0.0,0.0,2,3100,0,1,210,0,0,0

APPTR,R22-Y,22,URGOP
IF,URGOP,21.350525,72.805967, ,0.0,0.0,4,6000,3100,1,210,0,1,0
TF,POTIA,21.270658,72.897336,0, ,0.0,0.0,0.0,0.0,2,3100,0,1,210,0,0,0

FINAL,R22-Y,22,R,3
IF,POTIA,21.270658,72.897336, ,0.0,0.0,2,3100,0,1,210,0,0,0
TF,SU508,21.203133,72.830139,0, ,0.0,0.0,223.0,5.5,1,2100,0,0,0,0,2,0
TF,RW22,21.121375,72.748897,0, ,0.0,0.0,223.0,6.7,1,78,0,0,0,0,3,1
DF,SU506,20.952436,72.581431,0, ,0.0,0.0,0,0,0,1,200,0,0,0
TF,SU507,20.872686,72.672675,0, ,0.0,0.0,0.0,0.0,0,0,0,1,200,0,0,0
TF,MAKAV,21.190739,72.988603,0, ,0.0,0.0,0.0,0.0,0,0,0,0,0,0,0,0
TF,POTIA,21.270658,72.897336,0, ,0.0,0.0,0.0,0.0,1,3100,0,0,0,0,0,0
HM,POTIA,21.270658,72.897336,1, ,0.0,0.0,223.0,04.3,2,3100,0,1,230,0,0,0,0

