APPTR,D26,26,AAE
IF,AAE,23.068231,72.629083, ,0.0,0.0,0,0,0,0,0,0,0,0
TF,D217O,24.413103,73.728328,0, ,0.0,0.0,0.0,0.0,0,0,0,0,0,0,1,0
CI,0, ,0.0,37.0,0,0,0,0,0,0,0,0
AF,D170M,24.398775,73.935325,1,UUD,170.0,13.0,217.0,2,4700,0,0,0,0,0,0
AF,D074M,24.672578,74.122764,1,UUD,74.0,13.0,170.0,2,4000,0,0,0,0,1,0
CF,FD26,24.645508,74.018964,0,UUD,74.0,7.1,254.0,5.9,2,3700,0,0,0,0,0,0

APPTR,D26,26,ARADO
IF,ARADO,24.026667,73.719722, ,0.0,0.0,0,0,0,0,0,0,0,0
TF,D195O,24.370892,73.821925,0, ,0.0,0.0,0.0,0.0,0,0,0,0,0,0,1,0
CI,0, ,0.0,15.0,0,0,0,0,0,0,0,0
AF,D170M,24.398775,73.935325,1,UUD,170.0,13.0,195.0,2,4700,0,0,0,0,0,0
AF,D074M,24.672578,74.122764,1,UUD,74.0,13.0,170.0,2,4000,0,0,0,0,1,0
CF,FD26,24.645508,74.018964,0,UUD,74.0,7.1,254.0,5.9,2,3700,0,0,0,0,0,0

APPTR,D26,26,JDP
IF,JDP,26.249506,73.043258, ,0.0,0.0,0,0,0,0,0,0,0,0
TF,D335O,24.839928,73.777572,0, ,0.0,0.0,0.0,0.0,0,0,0,0,0,0,1,0
CI,0, ,0.0,155.0,0,0,0,0,0,0,0,0
AF,D074M,24.672578,74.122764,2,UUD,74.0,13.0,335.0,2,4000,0,0,0,0,1,0
CF,FD26,24.645508,74.018964,0,UUD,74.0,7.1,254.0,5.9,2,3700,0,0,0,0,0,0

APPTR,D26,26,NIKOT
IF,NIKOT,25.881111,75.440000, ,0.0,0.0,0,0,0,0,0,0,0,0
TF,D048O,24.781753,74.097031,0, ,0.0,0.0,0.0,0.0,0,0,0,0,0,0,1,0
CI,0, ,0.0,228.0,0,0,0,0,0,0,0,0
AF,D074M,24.672578,74.122764,2,UUD,74.0,13.0,48.0,2,4000,0,0,0,0,1,0
CF,FD26,24.645508,74.018964,0,UUD,74.0,7.1,254.0,5.9,2,3700,0,0,0,0,0,0

APPTR,D26,26,PRA
IF,PRA,24.037222,74.743889, ,0.0,0.0,0,0,0,0,0,0,0,0
TF,D126O,24.464208,74.114950,0, ,0.0,0.0,0.0,0.0,0,0,0,0,0,0,1,0
CI,0, ,0.0,306.0,0,0,0,0,0,0,0,0
AF,D074M,24.672578,74.122764,1,UUD,74.0,13.0,126.0,2,4000,0,0,0,0,1,0
CF,FD26,24.645508,74.018964,0,UUD,74.0,7.1,254.0,5.9,2,3700,0,0,0,0,0,0

APPTR,D26,26,UUD1
IF,UUD,24.612833,73.894111, ,0.0,0.0,2,4700,0,0,0,0,0,0
FD,UUD,24.612833,73.894111,0,UUD,0.0,9.0,53.0,9.0,2,3700,0,0,0,0,0,0
CF,FD26,24.645508,74.018964,2,UUD,74.0,7.1,254.0,2.0,2,3700,0,0,0,0,0,0

APPTR,D26,26,UUD2
IF,UUD,24.612833,73.894111, ,0.0,0.0,2,4700,0,0,0,0,0,0
FD,UUD,24.612833,73.894111,0,UUD,0.0,9.0,66.0,9.0,2,3700,0,0,0,0,0,0
CF,FD26,24.645508,74.018964,2,UUD,74.0,7.1,254.0,2.0,2,3700,0,0,0,0,0,0

FINAL,D26,26,D,2
IF,FD26,24.645508,74.018964,UUD,74.0,7.1,2,3700,0,0,0,0,2,0
CF,MD26,24.617447,73.911692,0,UUD,74.0,0.0,254.0,6.1,1,1781,0,0,0,0,3,0
FA,MD26,24.617447,73.911692,0,UUD,0.0,0.0,254.0,2,3000,0,0,0,0,0,0
DF,UUD,24.612833,73.894111,1, ,0.0,0.0,1,4700,0,0,0,0,0,0
HM,UUD,24.612833,73.894111,2, ,0.0,0.0,53.0,04.3,2,4700,0,0,0,0,0,0,0

APPTR,I26-Y,26,LU
IF,LU,24.620833,73.892500, ,0.0,0.0,2,4700,0,0,0,0,0,0
CI,0, ,0.0,86.0,0,0,0,0,0,0,0,0
CF,FI26,24.634292,74.020306,0,UUD,79.4,7.0,82.0,5.0,2,3700,0,0,0,0,0,0
FC,FI26,24.634292,74.020306,0,UUD,0.0,0.0,127.0,4.4,0,0,0,0,0,0,0,1
CF,CI26Y,24.639147,74.056503,1,IUDR,81.6,9.7,262.0,3.0,2,3700,0,0,0,0,0,0

FINAL,I26-Y,26,I,3
IF,CI26Y,24.639147,74.056503,IUDR,81.6,9.7,2,3700,0,0,0,0,0,0
CF,FI26,24.634292,74.020306,0,IUDR,81.6,7.7,262.0,2.0,1,3700,0,0,0,0,2,0
CF,RW26,24.619067,73.907286,0,IUDR,81.6,1.4,262.0,6.2,1,1714,0,0,0,0,3,0
FA,RW26,24.619067,73.907286,0,UUD,0.0,0.0,262.0,2,3000,0,0,0,0,0,0
DF,LU,24.620833,73.892500,1, ,0.0,0.0,1,4700,0,0,0,0,0,0
HM,LU,24.620833,73.892500,2, ,0.0,0.0,86.0,04.3,2,4700,0,0,0,0,0,0,0

APPTR,I26-Z,26,AAE
IF,AAE,23.068231,72.629083, ,0.0,0.0,0,0,0,0,0,0,0,0
TF,D217O,24.413103,73.728328,0, ,0.0,0.0,0.0,0.0,0,0,0,0,0,0,1,0
CI,0, ,0.0,37.0,0,0,0,0,0,0,0,0
AF,D170M,24.398775,73.935325,1,UUD,170.0,13.0,217.0,2,4700,0,0,0,0,0,0
AF,D091M,24.608858,74.131822,1,UUD,91.0,13.0,170.0,2,4000,0,0,0,0,0,0
VI,0,IUDR,0.0,292.0,0,0,0,0,0,0,0,0

APPTR,I26-Z,26,ARADO
IF,ARADO,24.026667,73.719722, ,0.0,0.0,0,0,0,0,0,0,0,0
TF,D195O,24.370892,73.821925,0, ,0.0,0.0,0.0,0.0,0,0,0,0,0,0,1,0
CI,0, ,0.0,15.0,0,0,0,0,0,0,0,0
AF,D170M,24.398775,73.935325,1,UUD,170.0,13.0,195.0,2,4700,0,0,0,0,0,0
AF,D091M,24.608858,74.131822,1,UUD,91.0,13.0,170.0,2,4000,0,0,0,0,0,0
VI,0,IUDR,0.0,292.0,0,0,0,0,0,0,0,0

APPTR,I26-Z,26,JDP
IF,JDP,26.249506,73.043258, ,0.0,0.0,0,0,0,0,0,0,0,0
TF,D335O,24.839928,73.777572,0, ,0.0,0.0,0.0,0.0,0,0,0,0,0,0,1,0
CI,0, ,0.0,155.0,0,0,0,0,0,0,0,0
AF,D073M,24.676217,74.121592,2,UUD,73.0,13.0,335.0,2,4000,0,0,0,0,0,0
VI,0,IUDR,0.0,232.0,0,0,0,0,0,0,0,0

APPTR,I26-Z,26,NIKOT
IF,NIKOT,25.881111,75.440000, ,0.0,0.0,0,0,0,0,0,0,0,0
TF,D048O,24.781753,74.097031,0, ,0.0,0.0,0.0,0.0,0,0,0,0,0,0,1,0
CI,0, ,0.0,228.0,0,0,0,0,0,0,0,0
AF,D073M,24.676217,74.121592,2,UUD,73.0,13.0,48.0,2,4000,0,0,0,0,0,0
VI,0,IUDR,0.0,232.0,0,0,0,0,0,0,0,0

APPTR,I26-Z,26,PRA
IF,PRA,24.037222,74.743889, ,0.0,0.0,0,0,0,0,0,0,0,0
TF,D126O,24.464208,74.114950,0, ,0.0,0.0,0.0,0.0,0,0,0,0,0,0,1,0
CI,0, ,0.0,306.0,0,0,0,0,0,0,0,0
AF,D091M,24.608858,74.131822,1,UUD,91.0,13.0,126.0,2,4000,0,0,0,0,0,0
VI,0,IUDR,0.0,292.0,0,0,0,0,0,0,0,0

APPTR,I26-Z,26,UUD
IF,UUD,24.612833,73.894111, ,0.0,0.0,2,4700,0,0,0,0,0,0
CI,0, ,0.0,78.0,0,0,0,0,0,0,0,0
CF,FI26,24.634292,74.020306,0,UUD,79.4,7.0,82.0,3.0,2,3700,0,0,0,0,0,0
FC,FI26,24.634292,74.020306,0,UUD,0.0,0.0,127.0,4.4,0,0,0,0,0,0,0,1
CI,1,IUDR,0.0,307.0,0,0,0,0,0,0,0,0

FINAL,I26-Z,26,I,3
IF,CI26Z,24.648814,74.128722,IUDR,81.6,13.7,2,4000,0,0,0,0,0,0
CF,FI26,24.634292,74.020306,0,IUDR,81.6,7.7,262.0,6.0,1,3700,0,0,0,0,2,0
CF,RW26,24.619067,73.907286,0,IUDR,81.6,1.4,262.0,6.2,1,1714,0,0,0,0,3,0
FA,RW26,24.619067,73.907286,0,UUD,0.0,0.0,262.0,2,3000,0,0,0,0,0,0
DF,UUD,24.612833,73.894111,1, ,0.0,0.0,1,4700,0,0,0,0,0,0
HM,UUD,24.612833,73.894111,2, ,0.0,0.0,78.0,04.3,2,4700,0,0,0,0,0,0,0

