APPTR,N06,06,CHB
HF,CHB,8.533333,81.183333,2, ,0.0,0.0,246.0,04.3,2,2000,0,0,0,0,0,0,0
TF,D246C,8.508078,81.131325,0, ,0.0,0.0,0.0,0.0,2,1200,0,0,0,0,0,0
FC,D246C,8.508078,81.131325,0,CHB,0.0,0.0,201.0,4.4,2,1200,0,0,0,0,0,1
CF,FN06,8.492656,81.099578,2,CHB,246.0,5.5,66.0,3.0,2,1200,0,0,0,0,0,0

FINAL,N06,06,N,2
IF,FN06,8.492656,81.099578,CHB,0.0,0.0,2,1200,0,0,0,0,2,0
CF,MN06,8.503669,81.122253,0,CHB,0.0,0.0,66.0,1.5,1,1174,0,0,0,0,3,0
CF,CHB,8.533333,81.183333,0,CHB,0.0,0.0,66.0,4.0,2,1174,0,0,0,0,0,1
CA,0,66.0,2,1500,0,0,0,0,0,0

APPTR,N24,24,CHB
IF,CHB,8.533333,81.183333, ,0.0,0.0,2,2500,0,0,0,0,0,0
TF,CN24,8.601747,81.274569,0, ,0.0,0.0,0.0,0.0,2,1000,0,0,0,0,0,0
FC,CN24,8.601747,81.274569,0,CHB,0.0,0.0,10.0,4.4,2,1000,0,0,0,0,0,1
CF,CN24,8.601747,81.274569,2,CHB,55.0,6.8,235.0,5.0,2,1000,0,0,0,0,0,0

FINAL,N24,24,N,3
IF,CN24,8.601747,81.274569,CHB,0.0,0.0,2,1000,0,0,0,0,0,0
CF,FN24,8.575553,81.239631,0,CHB,0.0,0.0,235.0,2.6,2,1000,0,0,0,0,2,0
CF,MN24,8.559431,81.218131,0,CHB,0.0,0.0,235.0,1.6,1,677,0,0,0,0,3,0
CF,CHB,8.533333,81.183333,0,CHB,0.0,0.0,235.0,2.6,0,0,0,0,0,0,0,0
VA,0,179.0,2,1500,0,0,0,0,0,0

