APPTR,D10,10,BBN
IF,BBN,25.454208,82.859508, ,0.0,0.0,0,0,0,0,0,0,0,0
TF,D291N,24.825597,84.704467,0, ,0.0,0.0,0.0,0.0,0,0,0,0,0,0,1,0
TF,D295L,24.826519,84.744650,0, ,0.0,0.0,0.0,0.0,2,2900,0,0,0,0,1,0
CF,FD10,24.788456,84.834344,0,GGC,295.0,6.6,115.0,5.4,2,2400,0,0,0,0,0,0

APPTR,D10,10,GGC1
IF,GGC,24.741861,84.943897, ,0.0,0.0,2,2900,0,0,0,0,0,0
FD,GGC,24.741861,84.943897,0,GGC,0.0,9.0,315.0,9.0,2,2400,0,0,0,0,0,0
CF,FD10,24.788456,84.834344,1,GGC,295.0,6.6,115.0,3.0,2,2400,0,0,0,0,0,0

APPTR,D10,10,GGC2
IF,GGC,24.741861,84.943897, ,0.0,0.0,2,2900,0,0,0,0,0,0
FD,GGC,24.741861,84.943897,0,GGC,0.0,9.0,305.0,9.0,2,2400,0,0,0,0,0,0
CF,FD10,24.788456,84.834344,1,GGC,295.0,6.6,115.0,3.0,2,2400,0,0,0,0,0,0

APPTR,D10,10,PPT
IF,PPT,25.590417,85.089917, ,0.0,0.0,0,0,0,0,0,0,0,0
TF,D009N,24.973128,84.983489,0, ,0.0,0.0,0.0,0.0,0,0,0,0,0,0,1,0
CI,0, ,0.0,189.0,0,0,0,0,0,0,0,0
AF,D295L,24.826519,84.744650,1,GGC,295.0,12.0,9.0,2,2900,0,0,0,0,1,0
CF,FD10,24.788456,84.834344,0,GGC,295.0,6.6,115.0,5.4,2,2400,0,0,0,0,0,0

APPTR,D10,10,RRC
IF,RRC,23.308694,85.326611, ,0.0,0.0,0,0,0,0,0,0,0,0
TF,D166N,24.514583,85.005181,0, ,0.0,0.0,0.0,0.0,0,0,0,0,0,0,1,0
CI,0, ,0.0,346.0,0,0,0,0,0,0,0,0
AF,D295L,24.826519,84.744650,2,GGC,295.0,12.0,166.0,2,2900,0,0,0,0,1,0
CF,FD10,24.788456,84.834344,0,GGC,295.0,6.6,115.0,5.4,2,2400,0,0,0,0,0,0

FINAL,D10,10,D,3
IF,FD10,24.788456,84.834344,GGC,295.0,6.6,2,2400,0,0,0,0,2,0
CF,ED10,24.744208,84.938381,0,GGC,295.0,0.3,115.0,6.3,1,409,0,0,0,0,0,1
CF,GGC,24.741861,84.943897,0,GGC,0.0,0.0,115.0,0.3,2,790,0,0,0,0,3,1
FA,GGC,24.741861,84.943897,0,GGC,0.0,0.0,115.0,2,2200,0,0,0,0,0,0
DF,GGC,24.741861,84.943897,2, ,0.0,0.0,1,2900,0,0,0,0,0,0
HM,GGC,24.741861,84.943897,2, ,0.0,0.0,315.0,04.3,2,2900,0,0,0,0,0,0,0

APPTR,D28,28,GGC1
IF,GGC,24.741861,84.943897, ,0.0,0.0,2,2900,0,0,0,0,0,0
FD,GGC,24.741861,84.943897,0,GGC,0.0,10.0,79.0,10.0,2,2700,0,0,0,0,0,0
CF,FD28,24.725283,85.091064,2,GGC,97.0,8.1,277.0,2.0,2,2700,0,0,0,0,0,0

APPTR,D28,28,GGC2
IF,GGC,24.741861,84.943897, ,0.0,0.0,2,2900,0,0,0,0,0,0
FD,GGC,24.741861,84.943897,0,GGC,0.0,10.0,88.0,10.0,2,2700,0,0,0,0,0,0
CF,FD28,24.725283,85.091064,2,GGC,97.0,8.1,277.0,2.0,2,2700,0,0,0,0,0,0

APPTR,D28,28,PPT
IF,PPT,25.590417,85.089917, ,0.0,0.0,0,0,0,0,0,0,0,0
TF,D009P,25.006164,84.989156,0, ,0.0,0.0,0.0,0.0,0,0,0,0,0,0,1,0
CI,0, ,0.0,189.0,0,0,0,0,0,0,0,0
AF,D088N,24.749811,85.200064,2,GGC,88.0,14.0,9.0,2,2900,0,1,170,0,0,0
CF,FD28,24.725283,85.091064,0,GGC,97.0,8.1,277.0,6.0,2,2700,0,0,0,0,0,0

APPTR,D28,28,RRC
IF,RRC,23.308694,85.326611, ,0.0,0.0,0,0,0,0,0,0,0,0
TF,D166P,24.482114,85.013919,0, ,0.0,0.0,0.0,0.0,0,0,0,0,0,0,1,0
CI,0, ,0.0,346.0,0,0,0,0,0,0,0,0
AF,D106N,24.677139,85.190147,1,GGC,106.0,14.0,166.0,2,2900,0,1,170,0,0,0
CF,FD28,24.725283,85.091064,0,GGC,97.0,8.1,277.0,6.0,2,2700,0,0,0,0,0,0

APPTR,D28,28,TEPAL
IF,TEPAL,23.811667,86.434167, ,0.0,0.0,0,0,0,0,0,0,0,0
TF,D124P,24.592289,85.186614,0, ,0.0,0.0,0.0,0.0,0,0,0,0,0,0,1,0
CI,0, ,0.0,304.0,0,0,0,0,0,0,0,0
AF,D106N,24.677139,85.190147,1,GGC,106.0,14.0,124.0,2,2900,0,1,170,0,0,0
CF,FD28,24.725283,85.091064,0,GGC,97.0,8.1,277.0,6.0,2,2700,0,0,0,0,0,0

FINAL,D28,28,D,3
IF,FD28,24.725283,85.091064,GGC,97.0,8.1,2,2700,0,0,0,0,2,0
CF,40VOR,24.733692,85.016575,0,GGC,97.0,4.0,277.0,4.1,2,1410,0,0,0,0,0,0
CF,RW28,24.741886,84.960831,0,GGC,89.9,0.9,277.0,3.1,1,432,0,0,0,0,3,0
CF,GGC,24.741861,84.943897,0,GGC,0.0,0.0,277.0,0.9,0,0,0,0,0,0,0,1
FA,GGC,24.741861,84.943897,0,GGC,0.0,0.0,277.0,2,2900,0,0,0,0,0,0
DF,GGC,24.741861,84.943897,2, ,0.0,0.0,1,2900,0,0,0,0,0,0
HM,GGC,24.741861,84.943897,1, ,0.0,0.0,79.0,04.3,2,2900,0,0,0,0,0,0,0

APPTR,I28,28,GGC1
IF,GGC,24.741861,84.943897, ,0.0,0.0,2,2900,0,0,0,0,0,0
FD,GGC,24.741861,84.943897,0,GGC,0.0,11.0,88.0,11.0,2,2700,0,0,0,0,0,0
VI,2,IGYA,0.0,254.0,0,0,0,0,0,0,0,0

APPTR,I28,28,GGC2
IF,GGC,24.741861,84.943897, ,0.0,0.0,2,2900,0,0,0,0,0,0
FD,GGC,24.741861,84.943897,0,GGC,0.0,11.0,96.0,11.0,2,2700,0,0,0,0,0,0
VI,2,IGYA,0.0,254.0,0,0,0,0,0,0,0,0

APPTR,I28,28,PPT
IF,PPT,25.590417,85.089917, ,0.0,0.0,0,0,0,0,0,0,0,0
TF,D009P,25.006164,84.989156,0, ,0.0,0.0,0.0,0.0,0,0,0,0,0,0,1,0
CI,0, ,0.0,189.0,0,0,0,0,0,0,0,0
AF,D095N,24.721242,85.199186,2,GGC,95.0,14.0,9.0,2,2900,0,1,170,0,0,0
VI,0,IGYA,0.0,254.0,0,0,0,0,0,0,0,0

APPTR,I28,28,RRC
IF,RRC,23.308694,85.326611, ,0.0,0.0,0,0,0,0,0,0,0,0
TF,D166P,24.482114,85.013919,0, ,0.0,0.0,0.0,0.0,0,0,0,0,0,0,1,0
CI,0, ,0.0,346.0,0,0,0,0,0,0,0,0
AF,D112N,24.653986,85.181375,1,GGC,112.0,14.0,166.0,2,2900,0,1,170,0,0,0
VI,0,IGYA,0.0,314.0,0,0,0,0,0,0,0,0

APPTR,I28,28,TEPAL
IF,TEPAL,23.811667,86.434167, ,0.0,0.0,0,0,0,0,0,0,0,0
TF,D124P,24.592289,85.186614,0, ,0.0,0.0,0.0,0.0,0,0,0,0,0,0,1,0
CI,0, ,0.0,304.0,0,0,0,0,0,0,0,0
AF,D112N,24.653986,85.181375,1,GGC,112.0,14.0,124.0,2,2900,0,1,170,0,0,0
VI,0,IGYA,0.0,314.0,0,0,0,0,0,0,0,0

FINAL,I28,28,I,3
IF,CI28,24.689986,85.193872,IGYA,103.6,14.4,2,2900,0,0,0,0,0,0
CF,FI28,24.713675,85.087731,0,IGYA,103.6,8.4,284.0,6.0,1,2700,0,0,0,0,2,0
CF,RW28,24.741886,84.960831,0,IGYA,103.6,1.3,284.0,7.1,1,432,0,0,0,0,3,0
FA,RW28,24.741886,84.960831,0,GGC,0.0,0.0,284.0,2,2900,0,0,0,0,0,0
DF,GGC,24.741861,84.943897,2, ,0.0,0.0,1,2900,0,0,0,0,0,0
HM,GGC,24.741861,84.943897,1, ,0.0,0.0,88.0,04.3,2,2900,0,0,0,0,0,0,0

