APPTR,D24,24,JRS1
IF,JRS,21.915917,84.061778, ,0.0,0.0,2,3700,0,0,0,0,0,0
FD,JRS,21.915917,84.061778,0,JRS,0.0,8.0,81.0,8.0,2,2800,0,0,0,0,0,0
CF,FD24,21.971725,84.157581,1,JRS,58.0,6.3,238.0,2.0,2,2800,0,0,0,0,0,0

APPTR,D24,24,JRS2
IF,JRS,21.915917,84.061778, ,0.0,0.0,2,3700,0,0,0,0,0,0
FD,JRS,21.915917,84.061778,0,JRS,0.0,8.0,70.0,8.0,2,2800,0,0,0,0,0,0
CF,FD24,21.971725,84.157581,1,JRS,58.0,6.3,238.0,2.0,2,2800,0,0,0,0,0,0

FINAL,D24,24,D,2
IF,FD24,21.971725,84.157581,JRS,58.0,6.3,2,2800,0,0,0,0,2,0
CF,MD24,21.924778,84.076978,0,JRS,58.0,0.0,238.0,5.3,1,1106,0,0,0,0,3,0
CA,0,238.0,2,2800,0,0,0,0,0,0
DF,JRS,21.915917,84.061778,2, ,0.0,0.0,1,3700,0,0,0,0,0,0
HM,JRS,21.915917,84.061778,1, ,0.0,0.0,81.0,04.3,2,3700,0,0,0,0,0,0,0

APPTR,N24,24,JH1
IF,JH,21.921806,84.034611, ,0.0,0.0,2,3700,0,1,200,0,0,0
FC,JH,21.921806,84.034611,0,JH,0.0,0.0,97.0,8.3,2,2800,0,0,0,0,0,1
CF,FN24,21.948392,84.169022,1,JH,78.0,7.7,258.0,1.0,2,2800,0,0,0,0,0,0

APPTR,N24,24,JH2
IF,JH,21.921806,84.034611, ,0.0,0.0,2,3700,0,1,200,0,0,0
FC,JH,21.921806,84.034611,0,JH,0.0,0.0,89.0,8.3,2,2800,0,0,0,0,0,1
CF,FN24,21.948392,84.169022,1,JH,78.0,7.7,258.0,1.0,2,2800,0,0,0,0,0,0

FINAL,N24,24,N,2
IF,FN24,21.948392,84.169022,JH,0.0,0.0,2,2800,0,0,0,0,2,0
CF,JH,21.921806,84.034611,0,JH,0.0,0.0,258.0,7.7,1,1780,0,0,0,0,3,0
FA,JH,21.921806,84.034611,0,JH,0.0,0.0,258.0,2,3700,0,0,0,0,0,0
DF,JH,21.921806,84.034611,2, ,0.0,0.0,1,3700,0,0,0,0,0,0
HM,JH,21.921806,84.034611,1, ,0.0,0.0,97.0,04.3,2,3700,0,0,0,0,0,0,0

