APPTR,D16,16,AAR1
IF,AAR,31.728022,74.785911, ,0.0,0.0,2,2800,0,1,185,0,0,0
FD,AAR,31.728022,74.785911,0,AAR,0.0,5.0,11.0,5.0,2,2100,0,0,0,0,0,0
CF,FS16,31.792600,74.765636,1,AAR,343.0,4.0,163.0,1.0,2,2100,0,0,0,0,0,0

APPTR,D16,16,AAR2
IF,AAR,31.728022,74.785911, ,0.0,0.0,2,2800,0,1,185,0,0,0
FD,AAR,31.728022,74.785911,0,AAR,0.0,5.0,1.0,5.0,2,2100,0,0,0,0,0,0
CF,FS16,31.792600,74.765636,1,AAR,343.0,4.0,163.0,1.0,2,2100,0,0,0,0,0,0

FINAL,D16,16,D,2
IF,FS16,31.792600,74.765636,AAR,343.0,4.0,2,2100,0,0,0,0,2,0
CF,MS16,31.744203,74.780822,0,AAR,343.0,0.0,163.0,3.0,1,1173,0,0,0,0,3,0
CA,0,163.0,2,2000,0,0,0,0,0,0
DF,AAR,31.728022,74.785911,1, ,0.0,0.0,1,2800,0,0,0,0,0,0
HM,AAR,31.728022,74.785911,2, ,0.0,0.0,11.0,04.3,0,0,0,0,0,0,0,0,0

APPTR,D34,34,AAR1
IF,AAR,31.728022,74.785911, ,0.0,0.0,2,2800,0,0,0,0,0,0
FD,AAR,31.728022,74.785911,0,AAR,0.0,10.0,136.0,10.0,2,2500,0,0,0,0,0,0
CF,CD34,31.574294,74.862114,2,AAR,155.0,10.0,335.0,1.0,2,2500,0,0,0,0,0,0

APPTR,D34,34,AAR2
IF,AAR,31.728022,74.785911, ,0.0,0.0,2,2800,0,0,0,0,0,0
FD,AAR,31.728022,74.785911,0,AAR,0.0,10.0,146.0,10.0,2,2500,0,0,0,0,0,0
CF,CD34,31.574294,74.862114,2,AAR,155.0,10.0,335.0,1.0,2,2500,0,0,0,0,0,0

APPTR,D34,34,ANPOL
IF,ANPOL,31.268333,75.310278, ,0.0,0.0,0,0,0,0,0,0,0,0
TF,D134O,31.549100,74.990908,0, ,0.0,0.0,0.0,0.0,0,0,0,0,0,0,1,0
CI,0, ,0.0,314.0,0,0,0,0,0,0,0,0
AF,D155M,31.528153,74.884933,2,AAR,155.0,13.0,134.0,2,2800,0,0,0,0,0,0
CF,CD34,31.574294,74.862114,0,AAR,155.0,10.0,335.0,3.0,2,2500,0,0,0,0,0,0

APPTR,D34,34,ASARI
IF,ASARI,30.804167,75.158611, ,0.0,0.0,0,0,0,0,0,0,0,0
TF,D159T,31.412556,74.914050,0, ,0.0,0.0,0.0,0.0,0,0,0,0,0,0,1,1
CI,0, ,0.0,20.0,0,0,0,0,0,0,0,0
CF,D155M,31.528153,74.884933,0,AAR,155.0,13.0,335.0,6.0,2,2800,0,0,0,0,0,0
CF,CD34,31.574294,74.862114,0,AAR,155.0,10.0,335.0,3.0,2,2500,0,0,0,0,0,0

APPTR,D34,34,BOLUX
IF,BOLUX,30.787222,75.073889, ,0.0,0.0,0,0,0,0,0,0,0,0
TF,D164T,31.405078,74.885433,0, ,0.0,0.0,0.0,0.0,0,0,0,0,0,0,1,1
CI,0, ,0.0,20.0,0,0,0,0,0,0,0,0
CF,D155M,31.528153,74.884933,0,AAR,155.0,13.0,335.0,5.0,2,2800,0,0,0,0,0,0
CF,CD34,31.574294,74.862114,0,AAR,155.0,10.0,335.0,3.0,2,2500,0,0,0,0,0,0

APPTR,D34,34,KIKED
IF,KIKED,31.880278,75.512500, ,0.0,0.0,0,0,0,0,0,0,0,0
TF,D074O,31.788256,75.070531,0, ,0.0,0.0,0.0,0.0,0,0,0,0,0,0,1,0
CI,0, ,0.0,254.0,0,0,0,0,0,0,0,0
AF,D155M,31.528153,74.884933,2,AAR,155.0,13.0,74.0,2,2800,0,0,0,0,0,0
CF,CD34,31.574294,74.862114,0,AAR,155.0,10.0,335.0,3.0,2,2500,0,0,0,0,0,0

APPTR,D34,34,RABAN
IF,RABAN,31.592222,74.580833, ,0.0,0.0,0,0,0,0,0,0,0,0
TF,AAR,31.728022,74.785911,0, ,0.0,0.0,0.0,0.0,2,3800,0,0,0,0,0,0
FD,AAR,31.728022,74.785911,0,AAR,0.0,11.0,90.0,11.0,2,3800,0,0,0,0,0,0
CI,0, ,0.0,90.0,0,0,0,0,0,0,0,0
AF,D155M,31.528153,74.884933,2,AAR,155.0,13.0,90.0,2,2800,0,0,0,0,0,0
CF,CD34,31.574294,74.862114,0,AAR,155.0,10.0,335.0,3.0,2,2500,0,0,0,0,0,0

FINAL,D34,34,D,3
IF,CD34,31.574294,74.862114,AAR,155.0,10.0,2,2500,0,0,0,0,0,0
CF,FD34,31.614281,74.842317,0,AAR,155.0,7.4,335.0,2.6,2,2500,0,0,0,0,2,0
CF,MD34,31.681942,74.808778,0,AAR,155.0,3.0,335.0,4.4,1,1091,0,0,0,0,3,0
CF,AAR,31.728022,74.785911,0,AAR,0.0,0.0,335.0,3.0,0,0,0,0,0,0,0,0
FD,AAR,31.728022,74.785911,0,AAR,0.0,3.0,335.0,3.0,0,0,0,0,0,0,0,0
DF,AAR,31.728022,74.785911,2, ,0.0,0.0,1,2800,0,0,0,0,0,0
HM,AAR,31.728022,74.785911,1, ,0.0,0.0,136.0,04.3,2,2800,0,0,0,0,0,0,0

APPTR,I34-Y,34,AR
IF,AR,31.687253,74.808006, ,0.0,0.0,2,2800,0,0,0,0,0,0
TF,D156I,31.590750,74.854703,0, ,0.0,0.0,0.0,0.0,2,2300,0,0,0,0,0,0
FC,D156I,31.590750,74.854703,0,AAR,0.0,0.0,201.0,4.4,0,0,0,0,0,0,0,1
CF,CI34Y,31.592292,74.853958,1,IAMR,155.5,8.9,336.0,5.0,2,2300,0,0,0,0,0,0

FINAL,I34-Y,34,I,3
IF,CI34Y,31.592292,74.853958,IAMR,155.5,8.9,2,2300,0,0,0,0,0,0
CF,FI34,31.623167,74.839056,0,IAMR,155.5,6.9,336.0,2.0,1,2300,0,0,0,0,2,0
CF,RW34,31.696014,74.803850,0,IAMR,155.6,2.1,336.0,4.7,1,809,0,0,0,0,3,0
CF,D336D,31.760742,74.773239,0,AAR,339.7,2.1,336.0,4.2,0,0,0,0,0,0,0,1
DF,AR,31.687253,74.808006,2, ,0.0,0.0,1,2800,0,0,0,0,0,0
HM,AR,31.687253,74.808006,1, ,0.0,0.0,156.0,04.3,2,2800,0,0,0,0,0,0,0

APPTR,I34-Z,34,AAR
IF,AAR,31.728022,74.785911, ,0.0,0.0,2,2800,0,0,0,0,0,0
TF,D156I,31.590750,74.854703,0, ,0.0,0.0,0.0,0.0,2,2300,0,0,0,0,0,0
FC,D156I,31.590750,74.854703,0,AAR,0.0,0.0,201.0,4.4,2,2300,0,0,0,0,0,1
VI,1,IAMR,0.0,21.0,0,0,0,0,0,0,0,0

APPTR,I34-Z,34,ANPOL
IF,ANPOL,31.268333,75.310278, ,0.0,0.0,0,0,0,0,0,0,0,0
TF,D134O,31.549100,74.990908,0, ,0.0,0.0,0.0,0.0,0,0,0,0,0,0,1,0
CI,0, ,0.0,314.0,0,0,0,0,0,0,0,0
AF,D147M,31.541892,74.916469,2,AAR,147.0,13.0,134.0,2,2800,0,0,0,0,0,0
VI,0,IAMR,0.0,306.0,0,0,0,0,0,0,0,0

APPTR,I34-Z,34,ASARI
IF,ASARI,30.804167,75.158611, ,0.0,0.0,0,0,0,0,0,0,0,0
TF,D159T,31.412556,74.914050,0, ,0.0,0.0,0.0,0.0,0,0,0,0,0,0,1,1
CI,0, ,0.0,21.0,0,0,0,0,0,0,0,0
CF,CI34Z,31.528994,74.884481,0,IAMR,155.5,13.0,336.0,7.0,2,2800,0,0,0,0,1,0

APPTR,I34-Z,34,BOLUX
IF,BOLUX,30.787222,75.073889, ,0.0,0.0,0,0,0,0,0,0,0,0
TF,D164T,31.405078,74.885433,0, ,0.0,0.0,0.0,0.0,0,0,0,0,0,0,1,1
CI,0, ,0.0,21.0,0,0,0,0,0,0,0,0
CF,CI34Z,31.528994,74.884481,0,IAMR,155.5,13.0,336.0,5.0,2,2800,0,0,0,0,1,0

APPTR,I34-Z,34,CI34Z
HF,CI34Z,31.528994,74.884481,2, ,0.0,0.0,336.0,04.3,2,2800,0,0,0,0,0,0,0

APPTR,I34-Z,34,KIKED
IF,KIKED,31.880278,75.512500, ,0.0,0.0,0,0,0,0,0,0,0,0
TF,D074O,31.788256,75.070531,0, ,0.0,0.0,0.0,0.0,0,0,0,0,0,0,1,0
CI,0, ,0.0,254.0,0,0,0,0,0,0,0,0
AF,D147M,31.541892,74.916469,2,AAR,147.0,13.0,74.0,2,2800,0,0,0,0,0,0
VI,0,IAMR,0.0,306.0,0,0,0,0,0,0,0,0

APPTR,I34-Z,34,RABAN
IF,RABAN,31.592222,74.580833, ,0.0,0.0,0,0,0,0,0,0,0,0
TF,AAR,31.728022,74.785911,0, ,0.0,0.0,0.0,0.0,2,3800,0,0,0,0,0,0
FD,AAR,31.728022,74.785911,0,AAR,0.0,11.0,90.0,11.0,2,3800,0,0,0,0,0,0
CI,0, ,0.0,90.0,0,0,0,0,0,0,0,0
AF,D147M,31.541892,74.916469,2,AAR,147.0,13.0,90.0,2,2800,0,0,0,0,0,0
VI,0,IAMR,0.0,306.0,0,0,0,0,0,0,0,0

FINAL,I34-Z,34,I,3
IF,CI34Z,31.528994,74.884481,IAMR,155.5,13.0,2,2800,0,0,0,0,0,0
CF,FI34,31.623167,74.839056,0,IAMR,155.5,6.9,336.0,6.1,1,2300,0,0,0,0,2,0
CF,RW34,31.696014,74.803850,0,IAMR,155.6,2.1,336.0,4.7,1,809,0,0,0,0,3,0
CF,D336D,31.760742,74.773239,0,AAR,339.7,2.1,336.0,4.2,0,0,0,0,0,0,0,1
DF,AAR,31.728022,74.785911,2, ,0.0,0.0,1,2800,0,0,0,0,0,0
HM,AAR,31.728022,74.785911,1, ,0.0,0.0,136.0,04.3,2,2800,0,0,0,0,0,0,0

