APPTR,D08,08,SP
IF,SP,29.999911,77.432008, ,0.0,0.0,0,0,0,0,0,0,0,0
TF,DDN30,30.047133,77.613847,0, ,0.0,0.0,0.0,0.0,0,0,0,1,185,0,1,0
TF,D254O,30.123758,77.888367,0, ,0.0,0.0,0.0,0.0,2,5600,0,0,0,0,1,0
TF,DABGO,30.145544,77.981144,0, ,0.0,0.0,0.0,0.0,2,4100,0,0,0,0,0,0
CF,FD08,30.158583,78.036831,0,DDN,254.0,7.0,74.0,3.0,2,4100,0,0,0,0,0,0

FINAL,D08,08,D,2
IF,FD08,30.158583,78.036831,DDN,254.0,7.0,2,4100,0,0,0,0,2,0
CF,MD08,30.184589,78.148247,0,DDN,254.0,0.0,74.0,6.0,1,2218,0,0,0,0,3,0
CF,DDN,30.188917,78.166833,0,DDN,0.0,0.0,74.0,1.0,2,2260,0,0,0,0,0,1
CI,2, ,0.0,284.0,0,0,0,1,185,0,0,0
CF,DABGO,30.145544,77.981144,0,DDN,254.0,10.0,254.0,7.0,1,5600,0,0,0,0,0,0
HM,DABGO,30.145544,77.981144,2, ,0.0,0.0,74.0,05,2,5600,0,0,0,0,0,0,0

APPTR,L08,08,DABGO
IF,DABGO,30.145544,77.981144, ,0.0,0.0,2,5600,0,1,185,0,0,0
HF,DABGO,30.145544,77.981144,2, ,0.0,0.0,74.0,05,2,4100,0,0,0,0,0,0,0
CF,CF08,30.163844,78.017158,0,IDUN,258.6,9.4,78.0,2.2,2,4100,0,0,0,0,0,0

APPTR,L08,08,SP
IF,SP,29.999911,77.432008, ,0.0,0.0,0,0,0,0,0,0,0,0
TF,DDN30,30.047133,77.613847,0, ,0.0,0.0,0.0,0.0,0,0,0,1,185,0,1,0
TF,D254O,30.123758,77.888367,0, ,0.0,0.0,0.0,0.0,2,5600,0,0,0,0,1,0
CF,DABGO,30.145544,77.981144,0,DDN,254.0,10.0,74.0,5.0,2,4100,0,0,0,0,0,1
CF,CF08,30.163844,78.017158,0,IDUN,258.6,9.4,78.0,2.2,2,4100,0,0,0,0,0,0

FINAL,L08,08,D,3
IF,CF08,30.163844,78.017158,IDUN,258.6,9.4,2,4100,0,0,0,0,0,0
CF,FF08,30.166789,78.036094,0,IDUN,258.6,8.4,78.0,1.0,2,4100,0,0,0,0,2,0
CF,ML08,30.185889,78.155214,0,IDUN,258.6,2.1,78.0,6.3,1,2101,0,0,0,0,3,0
CF,D258A,30.187778,78.167078,0,DDN,168.0,0.1,78.0,0.6,0,0,0,0,0,0,0,1
VI,2, ,0.0,290.0,0,0,0,0,0,0,0,0
CF,DABGO,30.145544,77.981144,0,DDN,254.0,10.0,254.0,5.0,1,5600,0,1,185,0,0,0
HM,DABGO,30.145544,77.981144,2, ,0.0,0.0,74.0,05,2,5600,0,0,0,0,0,0,0

