APPTR,D09,09,BUBNU
IF,BUBNU,26.440278,75.071944, ,0.0,0.0,0,0,0,0,0,0,0,0
TF,D240P,26.695567,75.577811,0, ,0.0,0.0,0.0,0.0,0,0,0,0,0,0,1,0
CI,0, ,0.0,60.0,0,0,0,0,0,0,0,0
AF,D264N,26.801053,75.578708,2,JJP,264.0,14.0,240.0,2,3800,0,0,0,0,1,0
TF,FD09,26.811167,75.684283,0, ,0.0,0.0,0.0,0.0,2,3300,0,0,0,0,0,0

APPTR,D09,09,EPDAD
IF,EPDAD,24.641667,75.791944, ,0.0,0.0,0,0,0,0,0,0,0,0
TF,D181P,26.558358,75.832314,0, ,0.0,0.0,0.0,0.0,0,0,0,0,0,0,1,0
CI,0, ,0.0,1.0,0,0,0,0,0,0,0,0
AF,D264N,26.801053,75.578708,2,JJP,264.0,14.0,181.0,2,3800,0,0,0,0,1,0
TF,FD09,26.811167,75.684283,0, ,0.0,0.0,0.0,0.0,2,3300,0,0,0,0,0,0

APPTR,D09,09,IGOLU
IF,IGOLU,27.523056,76.313889, ,0.0,0.0,0,0,0,0,0,0,0,0
TF,D031P,27.054208,75.993172,0, ,0.0,0.0,0.0,0.0,0,0,0,0,0,0,1,0
CI,0, ,0.0,211.0,0,0,0,0,0,0,0,0
AF,D264N,26.801053,75.578708,1,JJP,264.0,14.0,31.0,2,3800,0,0,0,0,1,0
TF,FD09,26.811167,75.684283,0, ,0.0,0.0,0.0,0.0,2,3300,0,0,0,0,0,0

APPTR,D09,09,JJP1
IF,JJP,26.825753,75.838053, ,0.0,0.0,2,3800,0,0,0,0,1,0
FD,JJP,26.825753,75.838053,0,JJP,0.0,11.0,245.0,11.0,2,3300,0,0,0,0,0,0
CF,FD09,26.811167,75.684283,2,JJP,264.0,8.3,84.0,3.0,2,3300,0,0,0,0,0,0

APPTR,D09,09,JJP2
IF,JJP,26.825753,75.838053, ,0.0,0.0,2,3800,0,0,0,0,1,0
FD,JJP,26.825753,75.838053,0,JJP,0.0,10.0,254.0,10.0,2,3300,0,0,0,0,0,0
CF,FD09,26.811167,75.684283,2,JJP,264.0,8.3,84.0,2.0,2,3300,0,0,0,0,0,0

APPTR,D09,09,UKBAB
IF,UKBAB,26.196389,74.912778, ,0.0,0.0,0,0,0,0,0,0,0,0
TF,D232P,26.665036,75.599956,0, ,0.0,0.0,0.0,0.0,0,0,0,0,0,0,1,0
CI,0, ,0.0,52.0,0,0,0,0,0,0,0,0
AF,D264N,26.801053,75.578708,2,JJP,264.0,14.0,232.0,2,3800,0,0,0,0,1,0
TF,FD09,26.811167,75.684283,0, ,0.0,0.0,0.0,0.0,2,3300,0,0,0,0,0,0

FINAL,D09,09,D,2
IF,FD09,26.811167,75.684283,JJP,264.0,8.3,2,3300,0,0,0,0,2,0
CF,RW09,26.823022,75.799283,0,JJP,265.5,2.1,84.0,6.2,1,1317,0,0,0,0,3,0
FA,RW09,26.823022,75.799283,0,JJP,0.0,0.0,84.0,2,3300,0,0,0,0,0,0
DF,JJP,26.825753,75.838053,1, ,0.0,0.0,1,3800,0,0,0,0,0,0
HM,JJP,26.825753,75.838053,1, ,0.0,0.0,245.0,04.3,2,3800,0,0,0,0,0,0,0

APPTR,D27,27,BUBNU
IF,BUBNU,26.440278,75.071944, ,0.0,0.0,0,0,0,0,0,0,0,0
TF,D240N,26.711864,75.610308,0, ,0.0,0.0,0.0,0.0,0,0,0,0,0,0,1,0
CI,0, ,0.0,60.0,0,0,0,0,0,0,0,0
AF,D083L,26.850022,76.060000,1,JJP,83.0,12.0,240.0,2,3800,0,0,0,0,1,0
TF,FD27,26.837931,75.949014,0, ,0.0,0.0,0.0,0.0,2,3300,0,0,0,0,0,0

APPTR,D27,27,EPDAD
IF,EPDAD,24.641667,75.791944, ,0.0,0.0,0,0,0,0,0,0,0,0
TF,D181N,26.591783,75.833028,0, ,0.0,0.0,0.0,0.0,0,0,0,0,0,0,1,0
CI,0, ,0.0,1.0,0,0,0,0,0,0,0,0
AF,D083L,26.850022,76.060000,1,JJP,83.0,12.0,181.0,2,3800,0,0,0,0,1,0
TF,FD27,26.837931,75.949014,0, ,0.0,0.0,0.0,0.0,2,3300,0,0,0,0,0,0

APPTR,D27,27,IGOLU
IF,IGOLU,27.523056,76.313889, ,0.0,0.0,0,0,0,0,0,0,0,0
TF,D031N,27.025661,75.973747,0, ,0.0,0.0,0.0,0.0,0,0,0,0,0,0,1,0
CI,0, ,0.0,211.0,0,0,0,0,0,0,0,0
AF,D083L,26.850022,76.060000,2,JJP,83.0,12.0,31.0,2,3800,0,0,0,0,1,0
TF,FD27,26.837931,75.949014,0, ,0.0,0.0,0.0,0.0,2,3300,0,0,0,0,0,0

APPTR,D27,27,JJP1
IF,JJP,26.825753,75.838053, ,0.0,0.0,2,3800,0,0,0,0,1,0
FD,JJP,26.825753,75.838053,0,JJP,0.0,8.0,109.0,8.0,2,3300,0,0,0,0,0,0
CF,FD27,26.837931,75.949014,1,JJP,83.0,6.0,263.0,2.0,2,3300,0,0,0,0,0,0

APPTR,D27,27,JJP2
IF,JJP,26.825753,75.838053, ,0.0,0.0,2,3800,0,0,0,0,1,0
FD,JJP,26.825753,75.838053,0,JJP,0.0,7.0,97.0,7.0,2,3300,0,0,0,0,0,0
CF,FD27,26.837931,75.949014,1,JJP,83.0,6.0,263.0,1.0,2,3300,0,0,0,0,0,0

APPTR,D27,27,POSIG
IF,POSIG,27.216944,77.581944, ,0.0,0.0,0,0,0,0,0,0,0,0
TF,D075T,26.908747,76.199128,0, ,0.0,0.0,0.0,0.0,0,0,0,0,0,0,1,0
TF,D083L,26.850022,76.060000,0, ,0.0,0.0,0.0,0.0,2,3800,0,0,0,0,1,0
TF,FD27,26.837931,75.949014,0, ,0.0,0.0,0.0,0.0,2,3300,0,0,0,0,0,0

APPTR,D27,27,UKBAB
IF,UKBAB,26.196389,74.912778, ,0.0,0.0,0,0,0,0,0,0,0,0
TF,D232N,26.685147,75.629681,0, ,0.0,0.0,0.0,0.0,0,0,0,0,0,0,1,0
CI,0, ,0.0,52.0,0,0,0,0,0,0,0,0
AF,D083L,26.850022,76.060000,1,JJP,83.0,12.0,232.0,2,3800,0,0,0,0,1,0
TF,FD27,26.837931,75.949014,0, ,0.0,0.0,0.0,0.0,2,3300,0,0,0,0,0,0

FINAL,D27,27,D,2
IF,FD27,26.837931,75.949014,JJP,83.0,6.0,2,3300,0,0,0,0,2,0
CF,MD27,26.827789,75.856542,0,JJP,83.0,0.0,263.0,5.0,1,1700,0,0,0,0,3,0
FA,MD27,26.827789,75.856542,0,JJP,0.0,0.0,263.0,2,3300,0,0,0,0,0,0
DF,JJP,26.825753,75.838053,1, ,0.0,0.0,1,3800,0,0,0,0,0,0
HM,JJP,26.825753,75.838053,2, ,0.0,0.0,109.0,04.3,2,3800,0,0,0,0,0,0,0

FINAL,I27-Y,27,I,3
IF,CI27Y,26.840603,75.987606,IJIP,84.0,10.4,2,3300,0,0,0,0,0,0
CF,FI27,26.837164,75.950539,0,IJIP,84.0,8.4,264.0,2.0,1,3300,0,0,0,0,2,0
CF,RW27,26.826225,75.833372,0,IJIP,84.0,2.0,264.0,6.3,1,1303,0,0,0,0,3,0
FA,RW27,26.826225,75.833372,0,JJP,0.0,0.0,264.0,2,3300,0,0,0,0,0,0
DF,JI,26.831333,75.897500,1, ,0.0,0.0,1,3800,0,0,0,0,0,0
HM,JI,26.831333,75.897500,1, ,0.0,0.0,264.0,04.3,2,3800,0,0,0,0,0,0,0

APPTR,I27-Z,27,BUBNU
IF,BUBNU,26.440278,75.071944, ,0.0,0.0,0,0,0,0,0,0,0,0
TF,D240N,26.711864,75.610308,0, ,0.0,0.0,0.0,0.0,0,0,0,0,0,0,1,0
CI,0, ,0.0,60.0,0,0,0,0,0,0,0,0
AF,D094L,26.811586,76.061044,1,JJP,94.0,12.0,240.0,2,3800,0,0,0,0,0,0
VI,0,IJIP,0.0,294.0,0,0,0,0,0,0,0,0

APPTR,I27-Z,27,EPDAD
IF,EPDAD,24.641667,75.791944, ,0.0,0.0,0,0,0,0,0,0,0,0
TF,D181N,26.591783,75.833028,0, ,0.0,0.0,0.0,0.0,0,0,0,0,0,0,1,0
CI,0, ,0.0,1.0,0,0,0,0,0,0,0,0
AF,D094L,26.811586,76.061044,1,JJP,94.0,12.0,181.0,2,3800,0,0,0,0,0,0
VI,0,IJIP,0.0,294.0,0,0,0,0,0,0,0,0

APPTR,I27-Z,27,IGOLU
IF,IGOLU,27.523056,76.313889, ,0.0,0.0,0,0,0,0,0,0,0,0
TF,D031N,27.025661,75.973747,0, ,0.0,0.0,0.0,0.0,0,0,0,0,0,0,1,0
CI,0, ,0.0,211.0,0,0,0,0,0,0,0,0
AF,D074L,26.880875,76.053061,2,JJP,74.0,12.0,31.0,2,3800,0,0,0,0,0,0
VI,0,IJIP,0.0,234.0,0,0,0,0,0,0,0,0

APPTR,I27-Z,27,JJP1
IF,JJP,26.825753,75.838053, ,0.0,0.0,2,3800,0,0,0,0,1,0
FD,JJP,26.825753,75.838053,0,JJP,0.0,9.0,107.0,9.0,2,3300,0,0,0,0,0,0
CI,1,IJIP,0.0,294.0,2,3300,0,0,0,0,0,0

APPTR,I27-Z,27,JJP2
IF,JJP,26.825753,75.838053, ,0.0,0.0,2,3800,0,0,0,0,1,0
FD,JJP,26.825753,75.838053,0,JJP,0.0,9.0,95.0,9.0,2,3300,0,0,0,0,0,0
CI,1,IJIP,0.0,294.0,2,3300,0,0,0,0,0,0

APPTR,I27-Z,27,POSIG
IF,POSIG,27.216944,77.581944, ,0.0,0.0,0,0,0,0,0,0,0,0
TF,D075T,26.908747,76.199128,0, ,0.0,0.0,0.0,0.0,0,0,0,0,0,0,1,0
FC,D075T,26.908747,76.199128,0,JJP,0.0,0.0,243.0,4.3,2,3800,0,0,0,0,0,0
CF,CI27Z,26.847317,76.060264,0,IJIP,84.0,14.3,243.0,4.0,2,3800,0,0,0,0,1,0

APPTR,I27-Z,27,UKBAB
IF,UKBAB,26.196389,74.912778, ,0.0,0.0,0,0,0,0,0,0,0,0
TF,D232N,26.685147,75.629681,0, ,0.0,0.0,0.0,0.0,0,0,0,0,0,0,1,0
CI,0, ,0.0,52.0,0,0,0,0,0,0,0,0
AF,D094L,26.811586,76.061044,1,JJP,94.0,12.0,232.0,2,3800,0,0,0,0,0,0
VI,0,IJIP,0.0,294.0,0,0,0,0,0,0,0,0

FINAL,I27-Z,27,I,3
IF,CI27Z,26.847317,76.060264,IJIP,84.0,14.3,2,3800,0,0,0,0,0,0
CF,FI27,26.837164,75.950539,0,IJIP,84.0,8.4,264.0,5.9,1,3300,0,0,0,0,2,0
CF,RW27,26.826225,75.833372,0,IJIP,84.0,2.0,264.0,6.3,1,1303,0,0,0,0,3,0
FA,RW27,26.826225,75.833372,0,JJP,0.0,0.0,264.0,2,3300,0,0,0,0,0,0
DF,JJP,26.825753,75.838053,1, ,0.0,0.0,1,3800,0,0,0,0,0,0
HM,JJP,26.825753,75.838053,2, ,0.0,0.0,107.0,04.3,2,3800,0,0,0,0,0,0,0

APPTR,R27-Y,27,JP502
HF,JP502,26.849497,76.083814,1, ,0.0,0.0,264.0,04.3,2,3800,0,1,230,0,0,0,0

APPTR,R27-Y,27,JP503
IF,JP503,26.965889,76.070489, ,0.0,0.0,2,5000,0,1,210,0,1,0
TF,JP502,26.849497,76.083814,0, ,0.0,0.0,0.0,0.0,2,3800,0,1,210,0,1,0

APPTR,R27-Y,27,JP504
IF,JP504,26.861378,76.213589, ,0.0,0.0,2,5000,0,1,210,0,1,0
TF,JP502,26.849497,76.083814,0, ,0.0,0.0,0.0,0.0,2,3800,0,1,210,0,1,0

APPTR,R27-Y,27,JP505
IF,JP505,26.733106,76.097114, ,0.0,0.0,2,5000,0,1,210,0,1,0
TF,JP502,26.849497,76.083814,0, ,0.0,0.0,0.0,0.0,2,3800,0,1,210,0,1,0

FINAL,R27-Y,27,R,3
IF,JP502,26.849497,76.083814, ,0.0,0.0,2,3800,0,1,210,0,0,0
TF,JP501,26.837497,75.954069,0, ,0.0,0.0,264.0,7.0,1,3300,0,0,0,0,2,0
TF,RW27,26.826225,75.833372,0, ,0.0,0.0,264.0,6.5,1,1298,0,0,0,0,3,1
TF,JP506,26.813994,75.703681,0, ,0.0,0.0,0.0,0.0,0,0,0,1,210,0,0,0
TF,JP507,26.697639,75.717364,0, ,0.0,0.0,0.0,0.0,0,0,0,1,210,0,0,0
TF,JP505,26.733106,76.097114,0, ,0.0,0.0,0.0,0.0,0,0,0,1,210,0,0,0
TF,JP502,26.849497,76.083814,0, ,0.0,0.0,0.0,0.0,0,0,0,1,210,0,0,0
HM,JP502,26.849497,76.083814,1, ,0.0,0.0,264.0,04.3,2,3800,0,1,230,0,0,0,0

