FINAL,D09,09,D,3
IF,FD09,17.443339,78.348325,HHY,265.0,6.3,2,3800,0,0,0,0,2,0
CF,34VOR,17.448431,78.398603,0,HHY,265.0,3.4,85.0,2.9,2,2880,0,0,0,0,0,0
CF,MD09,17.452639,78.440214,0,HHY,265.0,0.0,85.0,2.4,1,2118,0,0,0,0,3,0
FA,MD09,17.452639,78.440214,0,HHY,0.0,0.0,85.0,2,3800,0,0,0,0,0,0
DF,HHY,17.454389,78.457556,2, ,0.0,0.0,0,0,0,0,0,0,0,0
HM,HHY,17.454389,78.457556,2, ,0.0,0.0,85.0,04.3,2,3800,0,0,0,0,0,0,0

FINAL,D27,27,D,3
IF,FD27,17.452011,78.590011,HHY,92.1,7.6,2,3800,0,0,0,0,2,0
CF,46VOR,17.453028,78.537742,0,HHY,92.0,4.6,272.0,3.0,2,2880,0,0,0,0,0,0
CF,MD27,17.453800,78.492419,0,HHY,92.0,2.0,272.0,2.6,1,2047,0,0,0,0,3,0
FA,MD27,17.453800,78.492419,0,HHY,0.0,0.0,272.0,2,3800,0,0,0,0,0,0
DF,HHY,17.454389,78.457556,1, ,0.0,0.0,0,0,0,0,0,0,0,0
HM,HHY,17.454389,78.457556,1, ,0.0,0.0,272.0,04.3,2,3800,0,0,0,0,0,0,0

APPTR,I27-Z,27,HHY
IF,HHY,17.454389,78.457556, ,0.0,0.0,2,3800,0,0,0,0,0,0
TF,FI27,17.455306,78.587606,0, ,0.0,0.0,0.0,0.0,2,3800,0,0,0,0,0,0
FC,FI27,17.455306,78.587606,0,HHY,0.0,0.0,135.0,4.4,0,0,0,0,0,0,0,1
CF,CI27,17.455919,78.622469,1,IHYD,89.9,9.8,270.0,3.0,2,3800,0,0,0,0,0,0

FINAL,I27-Z,27,I,3
IF,CI27,17.455919,78.622469,IHYD,89.9,9.8,2,3800,0,0,0,0,0,0
CF,FI27,17.455306,78.587606,0,IHYD,89.9,7.8,270.0,2.0,1,3800,0,0,0,0,2,0
CF,RW27,17.453322,78.477081,0,IHYD,89.9,1.5,270.0,6.3,1,1768,0,0,0,0,3,0
FA,RW27,17.453322,78.477081,0,HHY,0.0,0.0,270.0,2,3800,0,0,0,0,0,0
DF,HHY,17.454389,78.457556,1, ,0.0,0.0,0,0,0,0,0,0,0,0
HM,HHY,17.454389,78.457556,2, ,0.0,0.0,90.0,04.3,2,3800,0,0,0,0,0,0,0

