APPTR,D09-Z,09,CCB
IF,CCB,11.033583,77.048306, ,0.0,0.0,0,0,0,0,0,0,0,0
TF,D322R,10.060225,77.891547,0, ,0.0,0.0,0.0,0.0,0,0,0,1,185,0,1,0
TF,D322M,9.996586,77.946431,0, ,0.0,0.0,0.0,0.0,0,0,0,0,0,0,0,0
CI,0, ,0.0,142.0,0,0,0,0,0,0,0,0
AF,D277K,9.847083,77.904008,1,MDI,277.0,11.0,322.0,2,3000,0,0,0,0,1,0
TF,FD09Z,9.838658,78.001567,0, ,0.0,0.0,0.0,0.0,2,2000,0,0,0,0,0,0

APPTR,D09-Z,09,CLC
IF,CLC,11.134169,75.956583, ,0.0,0.0,0,0,0,0,0,0,0,0
TF,D304R,9.990156,77.830842,0, ,0.0,0.0,0.0,0.0,0,0,0,1,185,0,1,0
TF,D304M,9.945989,77.902583,0, ,0.0,0.0,0.0,0.0,0,0,0,0,0,0,0,0
CI,0, ,0.0,124.0,0,0,0,0,0,0,0,0
AF,D277K,9.847083,77.904008,1,MDI,277.0,11.0,304.0,2,3000,0,0,0,0,1,0
TF,FD09Z,9.838658,78.001567,0, ,0.0,0.0,0.0,0.0,2,2000,0,0,0,0,0,0

APPTR,D09-Z,09,DODSI
IF,DODSI,9.904722,76.993611, ,0.0,0.0,0,0,0,0,0,0,0,0
TF,D276R,9.851817,77.785839,0, ,0.0,0.0,0.0,0.0,0,0,0,1,185,0,1,0
TF,D276M,9.846083,77.870061,0, ,0.0,0.0,0.0,0.0,0,0,0,0,0,0,0,0
TF,D277K,9.847083,77.904008,0, ,0.0,0.0,0.0,0.0,2,3000,0,0,0,0,1,0
TF,FD09Z,9.838658,78.001567,0, ,0.0,0.0,0.0,0.0,2,2000,0,0,0,0,0,0

APPTR,D09-Z,09,GUTEG
IF,GUTEG,9.183333,77.531667, ,0.0,0.0,0,0,0,0,0,0,0,0
TF,D222M,9.665656,77.946408,0, ,0.0,0.0,0.0,0.0,0,0,0,1,185,0,1,0
CI,0, ,0.0,42.0,0,0,0,0,0,0,0,0
AF,D277K,9.847083,77.904008,2,MDI,277.0,11.0,222.0,2,3000,0,0,0,0,1,0
TF,FD09Z,9.838658,78.001567,0, ,0.0,0.0,0.0,0.0,2,2000,0,0,0,0,0,0

APPTR,D09-Z,09,MDI1
IF,MDI,9.831083,78.089028, ,0.0,0.0,2,3500,0,1,185,0,0,0
FD,MDI,9.831083,78.089028,0,MDI,0.0,7.0,250.0,7.0,2,2000,0,0,0,0,0,0
CF,FD09Z,9.838658,78.001567,2,MDI,277.0,5.2,97.0,2.0,2,2000,0,0,0,0,0,0

APPTR,D09-Z,09,MDI2
IF,MDI,9.831083,78.089028, ,0.0,0.0,2,3500,0,1,185,0,0,0
FD,MDI,9.831083,78.089028,0,MDI,0.0,7.0,265.0,7.0,2,2000,0,0,0,0,0,0
CF,FD09Z,9.838658,78.001567,2,MDI,277.0,5.2,97.0,2.0,2,2000,0,0,0,0,0,0

APPTR,D09-Z,09,TTR
IF,TTR,10.768675,78.724794, ,0.0,0.0,0,0,0,0,0,0,0,0
TF,D036T,10.109228,78.277153,0, ,0.0,0.0,0.0,0.0,0,0,0,1,185,0,1,0
TF,D036M,10.011889,78.211272,0, ,0.0,0.0,0.0,0.0,2,4000,0,0,0,0,0,0
CI,0, ,0.0,216.0,0,0,0,0,0,0,0,0
AF,D322K,9.972156,77.969600,1,MDI,322.0,11.0,36.0,2,3500,0,0,0,0,0,0
AF,D277K,9.847083,77.904008,1,MDI,277.0,11.0,322.0,2,3000,0,0,0,0,1,0
TF,FD09Z,9.838658,78.001567,0, ,0.0,0.0,0.0,0.0,2,2000,0,0,0,0,0,0

FINAL,D09-Z,09,D,2
IF,FD09Z,9.838658,78.001567,MDI,277.0,5.2,2,2000,0,0,0,0,2,0
CF,RW09,9.833728,78.080842,0,MDI,290.0,0.5,97.0,4.7,1,512,0,0,0,0,3,0
CF,MDI,9.831083,78.089028,0,MDI,0.0,0.0,97.0,0.5,0,0,0,0,0,0,0,1
FA,MDI,9.831083,78.089028,0,MDI,0.0,0.0,97.0,2,2000,0,0,0,0,0,0
DF,MDI,9.831083,78.089028,2, ,0.0,0.0,1,3500,0,0,0,0,0,0
HM,MDI,9.831083,78.089028,1, ,0.0,0.0,250.0,04.3,2,3500,0,0,0,0,0,0,0

APPTR,D27-Z,27,DEMON
IF,DEMON,8.558056,78.940000, ,0.0,0.0,0,0,0,0,0,0,0,0
TF,D149M,9.649883,78.210617,0, ,0.0,0.0,0.0,0.0,0,0,0,0,0,0,1,0
CI,0, ,0.0,329.0,0,0,0,0,0,0,0,0
AF,D082K,9.863017,78.271939,1,MDI,82.0,11.0,149.0,2,3000,0,0,0,0,1,0
TF,FD27Z,9.847061,78.180478,0, ,0.0,0.0,0.0,0.0,2,2000,0,0,0,0,0,0

APPTR,D27-Z,27,GUTEG
IF,GUTEG,9.183333,77.531667, ,0.0,0.0,0,0,0,0,0,0,0,0
TF,D222M,9.665656,77.946408,0, ,0.0,0.0,0.0,0.0,0,0,0,0,0,0,1,0
CI,0, ,0.0,42.0,0,0,0,0,0,0,0,0
AF,D082K,9.863017,78.271939,1,MDI,82.0,11.0,222.0,2,3000,0,0,0,0,1,0
TF,FD27Z,9.847061,78.180478,0, ,0.0,0.0,0.0,0.0,2,2000,0,0,0,0,0,0

APPTR,D27-Z,27,MDI1
IF,MDI,9.831083,78.089028, ,0.0,0.0,2,3500,0,0,0,0,0,0
FD,MDI,9.831083,78.089028,0,MDI,0.0,7.0,109.0,7.0,2,2000,0,0,0,0,0,0
CF,FD27Z,9.847061,78.180478,1,MDI,82.0,5.5,262.0,2.0,2,2000,0,0,0,0,0,0

APPTR,D27-Z,27,MDI2
IF,MDI,9.831083,78.089028, ,0.0,0.0,2,3500,0,0,0,0,0,0
FD,MDI,9.831083,78.089028,0,MDI,0.0,7.0,94.0,7.0,2,2000,0,0,0,0,0,0
CF,FD27Z,9.847061,78.180478,1,MDI,82.0,5.5,262.0,2.0,2,2000,0,0,0,0,0,0

APPTR,D27-Z,27,TTR
IF,TTR,10.768675,78.724794, ,0.0,0.0,0,0,0,0,0,0,0,0
TF,D036T,10.109228,78.277153,0, ,0.0,0.0,0.0,0.0,0,0,0,0,0,0,1,0
TF,D036M,10.011889,78.211272,0, ,0.0,0.0,0.0,0.0,2,4000,0,0,0,0,0,0
CI,0, ,0.0,216.0,0,0,0,0,0,0,0,0
AF,D082K,9.863017,78.271939,2,MDI,82.0,11.0,36.0,2,3000,0,0,0,0,1,0
TF,FD27Z,9.847061,78.180478,0, ,0.0,0.0,0.0,0.0,2,2000,0,0,0,0,0,0

FINAL,D27-Z,27,D,2
IF,FD27Z,9.847061,78.180478,MDI,82.0,5.5,2,2000,0,0,0,0,2,0
CF,RW27,9.835194,78.101047,0,MDI,73.0,0.8,262.0,4.8,1,484,0,0,0,0,3,0
CF,MDI,9.831083,78.089028,0,MDI,0.0,0.0,262.0,0.8,0,0,0,0,0,0,0,1
FA,MDI,9.831083,78.089028,0,MDI,0.0,0.0,262.0,2,2000,0,0,0,0,0,0
DF,MDI,9.831083,78.089028,1, ,0.0,0.0,1,3500,0,0,0,0,0,0
HM,MDI,9.831083,78.089028,2, ,0.0,0.0,109.0,04.3,2,3500,0,0,0,0,0,0,0

APPTR,I27,27,DEMON
IF,DEMON,8.558056,78.940000, ,0.0,0.0,0,0,0,0,0,0,0,0
TF,D149M,9.649883,78.210617,0, ,0.0,0.0,0.0,0.0,0,0,0,0,0,0,1,0
CI,0, ,0.0,329.0,0,0,0,0,0,0,0,0
AF,D098K,9.811778,78.273714,1,MDI,98.0,11.0,149.0,2,3000,0,0,0,0,0,0
VI,0,IMDR,0.0,298.0,2,2000,0,0,0,0,0,0

APPTR,I27,27,GUTEG
IF,GUTEG,9.183333,77.531667, ,0.0,0.0,0,0,0,0,0,0,0,0
TF,D222M,9.665656,77.946408,0, ,0.0,0.0,0.0,0.0,0,0,0,0,0,0,0,0
CI,0, ,0.0,42.0,0,0,0,0,0,0,0,0
AF,D098K,9.811778,78.273714,1,MDI,98.0,11.0,222.0,2,3000,0,0,0,0,0,0
VI,0,IMDR,0.0,298.0,2,2000,0,0,0,0,0,0

APPTR,I27,27,MDI1
IF,MDI,9.831083,78.089028, ,0.0,0.0,2,3500,0,0,0,0,0,0
FD,MDI,9.831083,78.089028,0,MDI,0.0,9.0,111.0,9.0,2,2000,0,0,0,0,0,0
CI,1,IMDR,0.0,298.0,2,2000,0,0,0,0,0,0

APPTR,I27,27,MDI2
IF,MDI,9.831083,78.089028, ,0.0,0.0,2,3500,0,0,0,0,0,0
FD,MDI,9.831083,78.089028,0,MDI,0.0,9.0,100.0,9.0,2,2000,0,0,0,0,0,0
CI,1,IMDR,0.0,298.0,2,2000,0,0,0,0,0,0

APPTR,I27,27,TTR
IF,TTR,10.768675,78.724794, ,0.0,0.0,0,0,0,0,0,0,0,0
TF,D036T,10.109228,78.277153,0, ,0.0,0.0,0.0,0.0,0,0,0,0,0,0,1,0
TF,D036M,10.011889,78.211272,0, ,0.0,0.0,0.0,0.0,2,4000,0,0,0,0,0,0
CI,0, ,0.0,216.0,0,0,0,0,0,0,0,0
AF,D078K,9.875592,78.269250,2,MDI,78.0,11.0,36.0,2,3000,0,0,0,0,0,0
VI,0,IMDR,0.0,238.0,2,2000,0,0,0,0,0,0

FINAL,I27,27,I,3
IF,CI27,9.847717,78.274047,IMDR,87.8,11.6,2,3000,0,0,0,0,0,0
CF,FI27,9.840986,78.180925,0,IMDR,87.8,6.1,268.0,5.5,1,2000,0,0,0,0,2,0
CF,RW27,9.835194,78.101047,0,IMDR,87.8,1.4,268.0,4.7,1,484,0,0,0,0,3,0
FA,RW27,9.835194,78.101047,0,MDI,0.0,0.0,268.0,2,2000,0,0,0,0,0,0
DF,MDI,9.831083,78.089028,1, ,0.0,0.0,1,3500,0,0,0,0,0,0
HM,MDI,9.831083,78.089028,2, ,0.0,0.0,111.0,04.3,2,3500,0,0,0,0,0,0,0

APPTR,N27,27,MD1
IF,MD,9.842183,78.100219, ,0.0,0.0,2,3500,0,0,0,0,0,0
FC,MD,9.842183,78.100219,0,MDI,0.0,0.0,88.0,8.8,2,2000,0,0,0,0,0,1
CF,FN27,9.816631,78.179478,2,MDI,101.1,5.4,290.0,4.0,2,2000,0,0,0,0,0,0

APPTR,N27,27,MD2
IF,MD,9.842183,78.100219, ,0.0,0.0,2,3500,0,0,0,0,0,0
FC,MD,9.842183,78.100219,0,MDI,0.0,0.0,98.0,8.8,2,2000,0,0,0,0,0,1
CF,FN27,9.816631,78.179478,2,MDI,101.1,5.4,290.0,2.0,2,2000,0,0,0,0,0,0

FINAL,N27,27,N,3
IF,FN27,9.816631,78.179478,MD,0.0,0.0,2,2000,0,0,0,0,2,0
CF,EN27,9.841272,78.103039,0,MD,0.0,0.0,290.0,4.8,1,484,0,0,0,0,0,1
CF,MD,9.842183,78.100219,0,MD,0.0,0.0,290.0,0.2,2,870,0,0,0,0,3,1
FA,MD,9.842183,78.100219,0,MDI,0.0,0.0,275.0,2,2000,0,0,0,0,0,0
DF,MD,9.842183,78.100219,1, ,0.0,0.0,1,3500,0,0,0,0,0,0
HM,MD,9.842183,78.100219,2, ,0.0,0.0,88.0,04.3,2,3500,0,0,0,0,0,0,0

