APPTR,D04,04,KIBUD
IF,KIBUD,14.047500,91.829722, ,0.0,0.0,0,0,0,0,0,0,0,0
TF,D341Q,11.916381,92.644853,0, ,0.0,0.0,0.0,0.0,0,0,0,0,0,0,1,0
CI,0, ,0.0,161.0,0,0,0,0,0,0,0,0
AF,D228O,11.478386,92.559619,1,PPB,228.0,15.0,341.0,2,2700,0,0,0,0,1,0
CF,FD04,11.540081,92.626631,0,PPB,228.0,9.6,48.0,5.4,2,2600,0,0,0,0,0,0

APPTR,D04,04,LEGIN
IF,LEGIN,11.860000,91.297222, ,0.0,0.0,0,0,0,0,0,0,0,0
TF,D279Q,11.691783,92.460244,0, ,0.0,0.0,0.0,0.0,0,0,0,0,0,0,1,0
CI,0, ,0.0,99.0,0,0,0,0,0,0,0,0
AF,D228O,11.478386,92.559619,1,PPB,228.0,15.0,279.0,2,2700,0,0,0,0,1,0
CF,FD04,11.540081,92.626631,0,PPB,228.0,9.6,48.0,5.4,2,2600,0,0,0,0,0,0

APPTR,D04,04,PPB
FD,PPB,11.649722,92.745833,0,PPB,0.0,10.0,250.0,10.0,2,2600,0,0,0,0,0,0
CF,FD04,11.540081,92.626631,1,PPB,228.0,9.6,48.0,1.0,2,2600,0,0,0,0,0,0

FINAL,D04,04,D,3
IF,FD04,11.540081,92.626631,PPB,228.0,9.6,2,2600,0,0,0,0,2,0
CF,50VOR,11.592622,92.683736,0,PPB,228.0,5.0,48.0,4.6,2,1160,0,0,0,0,0,0
CF,RW04,11.629478,92.720858,0,PPB,231.6,1.9,48.0,3.1,1,132,0,0,0,0,3,0
CF,PPB,11.649722,92.745833,0,PPB,0.0,0.0,48.0,1.9,0,0,0,0,0,0,0,0
FA,PPB,11.649722,92.745833,0,PPB,0.0,0.0,48.0,2,2700,0,0,0,0,0,0
DF,PPB,11.649722,92.745833,2, ,0.0,0.0,1,2700,0,0,0,0,0,0
HM,PPB,11.649722,92.745833,2, ,0.0,0.0,250.0,04.3,2,2700,0,0,0,0,0,0,0

APPTR,L04,04,KIBUD
IF,KIBUD,14.047500,91.829722, ,0.0,0.0,0,0,0,0,0,0,0,0
TF,D341Q,11.916381,92.644853,0, ,0.0,0.0,0.0,0.0,0,0,0,0,0,0,1,0
CI,0, ,0.0,161.0,0,0,0,0,0,0,0,0
AF,D228O,11.478386,92.559619,1,PPB,228.0,15.0,341.0,2,2700,0,0,0,0,0,0
VI,0,IPBR,0.0,68.0,0,0,0,0,0,0,0,0

APPTR,L04,04,LEGIN
IF,LEGIN,11.860000,91.297222, ,0.0,0.0,0,0,0,0,0,0,0,0
TF,D279Q,11.691783,92.460244,0, ,0.0,0.0,0.0,0.0,0,0,0,0,0,0,1,0
CI,0, ,0.0,99.0,0,0,0,0,0,0,0,0
AF,D228O,11.478386,92.559619,1,PPB,228.0,15.0,279.0,2,2700,0,0,0,0,0,0
VI,0,IPBR,0.0,68.0,0,0,0,0,0,0,0,0

FINAL,L04,04,D,4
IF,CL04,11.452058,92.588469,IPBR,217.4,15.0,2,2700,0,0,0,0,0,0
CF,FF04,11.550506,92.661903,0,IPBR,217.4,7.7,38.0,7.3,2,2000,0,0,0,0,2,0
CF,50LOC,11.586914,92.689078,0,IPBR,217.4,5.0,38.0,2.7,2,1140,0,0,0,0,0,0
CF,ML04,11.627364,92.719281,0,IPBR,217.4,2.0,38.0,3.0,1,182,0,0,0,0,3,0
FA,ML04,11.627364,92.719281,0,PPB,0.0,0.0,38.0,2,2700,0,0,0,0,0,0
DF,PPB,11.649722,92.745833,2, ,0.0,0.0,1,2700,0,0,0,0,0,0
HM,PPB,11.649722,92.745833,2, ,0.0,0.0,230.0,04.3,2,2700,0,0,0,0,0,0,0

APPTR,S04,04,PPB
FC,PPB,11.649722,92.745833,0,PPB,0.0,0.0,250.0,10.5,2,2600,0,0,0,0,0,1
CF,FS04,11.539586,92.626092,1,PPB,228.0,9.6,48.0,1.0,2,2600,0,0,0,0,0,0

FINAL,S04,04,D,2
IF,FS04,11.539586,92.626092,PPB,228.0,9.6,2,2600,0,0,0,0,2,0
CF,RW04,11.629478,92.720858,0,PPB,231.6,1.9,48.0,7.7,1,132,0,0,0,0,3,0
CF,PPB,11.649722,92.745833,0,PPB,0.0,0.0,48.0,1.9,0,0,0,0,0,0,0,1
FA,PPB,11.649722,92.745833,0,PPB,0.0,0.0,48.0,2,2700,0,0,0,0,0,0
DF,PPB,11.649722,92.745833,2, ,0.0,0.0,1,2700,0,0,0,0,0,0
HM,PPB,11.649722,92.745833,2, ,0.0,0.0,250.0,04.3,2,2700,0,0,0,0,0,0,0

