APPTR,N03,03,KD
IF,KD,1.854444,73.520806, ,0.0,0.0,0,0,0,1,140,0,1,0
FC,KD,1.854444,73.520806,0,KD,0.0,0.0,200.0,4.7,2,1000,0,0,0,0,0,1
CF,FN03,1.798453,73.483272,2,KD,218.0,4.0,38.0,1.0,2,1000,0,0,0,0,0,0

FINAL,N03,03,N,2
IF,FN03,1.798453,73.483272,KD,0.0,0.0,2,1000,0,0,0,0,2,0
CF,KD,1.854444,73.520806,0,KD,0.0,0.0,38.0,4.0,1,390,0,0,0,0,3,0
CA,0,38.0,2,1500,0,0,0,0,0,0
DF,KD,1.854444,73.520806,1, ,0.0,0.0,1,2000,0,1,140,0,0,0

APPTR,N21,21,KD
IF,KD,1.854444,73.520806, ,0.0,0.0,0,0,0,1,140,0,1,0
FC,KD,1.854444,73.520806,0,KD,0.0,0.0,42.0,4.7,2,1000,0,0,0,0,0,1
CF,FN21,1.927642,73.547283,1,KD,24.0,4.7,204.0,1.0,2,1000,0,0,0,0,0,0

FINAL,N21,21,N,2
IF,FN21,1.927642,73.547283,KD,0.0,0.0,2,1000,0,0,0,0,2,0
CF,RW21,1.865067,73.523503,0,KD,0.0,0.0,204.0,4.0,1,54,0,0,0,0,3,0
TF,KD,1.854444,73.520806,0, ,0.0,0.0,0.0,0.0,0,0,0,0,0,0,0,1
CA,0,204.0,2,1500,0,1,140,0,0,0
DF,KD,1.854444,73.520806,2, ,0.0,0.0,1,2000,0,0,0,0,0,0

APPTR,R03,03,BOTMA
IF,BOTMA,1.759111,73.381722, ,0.0,0.0,0,0,0,0,0,0,1,0
TF,MK411,1.723333,73.457000,0, ,0.0,0.0,0.0,0.0,2,1700,0,0,0,0,1,0

APPTR,R03,03,POMIL
IF,POMIL,1.687583,73.532250, ,0.0,0.0,0,0,0,0,0,0,1,0
TF,MK411,1.723333,73.457000,0, ,0.0,0.0,0.0,0.0,2,1700,0,0,0,0,1,0

FINAL,R03,03,R,3
IF,MK411,1.723333,73.457000, ,0.0,0.0,2,1700,0,0,0,0,0,0
TF,MK412,1.776333,73.481861,0, ,0.0,0.0,29.0,3.5,2,1700,0,0,0,0,2,0
TF,RW03,1.855100,73.518825,0, ,0.0,0.0,29.0,5.2,1,54,0,0,0,0,3,1
CA,0,29.0,2,1000,0,0,0,0,0,0
DF,POMIL,1.687583,73.532250,2, ,0.0,0.0,0,0,0,0,0,0,0,0
HM,POMIL,1.687583,73.532250,2, ,0.0,0.0,299.0,04.3,2,3000,0,0,0,0,0,0,0

APPTR,R21,21,SULRA
IF,SULRA,1.961056,73.660611, ,0.0,0.0,0,0,0,0,0,0,1,0
TF,MK413,1.996833,73.585361,0, ,0.0,0.0,0.0,0.0,2,1700,0,0,0,0,1,0

APPTR,R21,21,TAVES
IF,TAVES,2.032583,73.510083, ,0.0,0.0,0,0,0,0,0,0,1,0
TF,MK413,1.996833,73.585361,0, ,0.0,0.0,0.0,0.0,2,1700,0,0,0,0,1,0

FINAL,R21,21,R,3
IF,MK413,1.996833,73.585361, ,0.0,0.0,2,1700,0,0,0,0,0,0
TF,MK414,1.943833,73.560472,0, ,0.0,0.0,209.0,3.5,2,1700,0,0,0,0,2,0
TF,RW21,1.865067,73.523503,0, ,0.0,0.0,209.0,5.2,1,54,0,0,0,0,3,1
CA,0,209.0,2,1000,0,0,0,0,0,0
DF,SULRA,1.961056,73.660611,1, ,0.0,0.0,0,0,0,0,0,0,0,0
HM,SULRA,1.961056,73.660611,2, ,0.0,0.0,299.0,04.3,2,3000,0,0,0,0,0,0,0

