SID,ISBE1A,09,5
CF,GOVNO,16.700472,98.586861,0,PSL,268.8,98.2,90.0,2.0,2,1400,0,1,210,0,0,1
TF,NOBIX,16.777083,98.819694,0, ,0.0,0.0,0.0,0.0,2,7000,0,0,0,0,0,0
TF,ISBEL,16.798400,98.894692,0, ,0.0,0.0,0.0,0.0,2,8000,0,0,0,0,0,0

SID,ISBE1B,09,5
CF,GOVNO,16.700472,98.586861,0,PSL,268.8,98.2,90.0,2.0,2,1400,0,1,210,0,0,1
TF,MEKUB,16.556861,98.676000,0, ,0.0,0.0,0.0,0.0,2,5000,0,0,0,0,0,0
TF,MADMO,16.558750,98.814778,0, ,0.0,0.0,0.0,0.0,2,7000,0,0,0,0,0,0
TF,NOBIX,16.777083,98.819694,0, ,0.0,0.0,0.0,0.0,2,7000,0,0,0,0,0,0
TF,ISBEL,16.798400,98.894692,0, ,0.0,0.0,0.0,0.0,2,8000,0,0,0,0,0,0

SID,LILR1A,09,5
CF,GOVNO,16.700472,98.586861,0,PSL,268.8,98.2,90.0,2.0,2,1400,0,1,210,0,0,1
TF,POROD,16.922083,98.586861,0, ,0.0,0.0,0.0,0.0,2,6000,0,0,0,0,0,0
TF,LILRI,17.059200,98.614608,0, ,0.0,0.0,0.0,0.0,2,8000,0,0,0,0,0,0

APPTR,D27,27,ISBEL
IF,ISBEL,16.798400,98.894692, ,0.0,0.0,1,7000,0,0,0,0,1,0
TF,OLKAR,16.714911,98.818853,0, ,0.0,0.0,0.0,0.0,1,5000,0,0,0,0,0,0

APPTR,D27,27,LILRI
IF,LILRI,17.059200,98.614608, ,0.0,0.0,1,7000,0,0,0,0,1,0
TF,D012T,17.026350,98.607958,0, ,0.0,0.0,0.0,0.0,0,0,0,0,0,0,0,0
CI,0, ,0.0,192.0,0,0,0,0,0,0,0,0
AF,SUKEN,16.913756,98.759572,2,MST,45.2,18.0,12.0,2,5000,0,0,0,0,0,0
AF,D087R,16.717022,98.853519,2,MST,87.3,18.0,45.0,0,0,0,0,0,0,0,0
TF,OLKAR,16.714911,98.818853,0, ,0.0,0.0,0.0,0.0,1,5000,0,0,0,0,0,0

FINAL,D27,27,D,5
IF,OLKAR,16.714911,98.818853,MST,87.3,16.0,1,5000,0,0,0,0,0,0
CF,FF27,16.707478,98.697539,0,MST,87.3,9.0,267.0,7.0,1,3600,0,0,0,0,2,0
CF,PM302,16.705661,98.668078,0,MST,87.3,7.3,267.0,1.7,1,3020,0,0,0,0,0,0
CF,PM301,16.703089,98.626489,0,MST,87.3,4.9,267.0,2.4,1,2200,0,0,0,0,0,0
CF,MA27,16.700439,98.585131,0,MST,87.4,2.5,267.0,2.4,1,1373,0,0,0,0,3,1
DF,VETEG,16.816092,98.565447,2, ,0.0,0.0,0,0,0,1,180,0,0,0
TF,UPSIM,16.960644,98.594664,0, ,0.0,0.0,0.0,0.0,2,4000,0,1,200,0,0,0
CI,0, ,0.0,12.0,0,0,0,0,0,0,0,0
AF,SUKEN,16.913756,98.759572,2,MST,45.2,18.0,12.0,2,5000,0,0,0,0,0,0
AF,D087R,16.717022,98.853519,2,MST,87.3,18.0,45.0,0,0,0,0,0,0,0,0
TF,OLKAR,16.714911,98.818853,0, ,0.0,0.0,0.0,0.0,1,5000,0,0,0,0,0,0
HM,OLKAR,16.714911,98.818853,2, ,0.0,0.0,267.0,04.3,2,5000,0,1,200,0,0,0,0

APPTR,R27,27,BEKDU
IF,BEKDU,16.643022,98.884242, ,0.0,0.0,1,7000,0,1,200,0,1,0
TF,EGUNA,16.703708,98.819531,0, ,0.0,0.0,0.0,0.0,1,5000,0,1,200,0,0,0

APPTR,R27,27,ISBEL
IF,ISBEL,16.798400,98.894692, ,0.0,0.0,1,7000,0,1,240,0,1,0
TF,EGUNA,16.703708,98.819531,0, ,0.0,0.0,0.0,0.0,1,5000,0,1,200,0,0,0

APPTR,R27,27,LILRI
IF,LILRI,17.059200,98.614608, ,0.0,0.0,1,7000,0,1,240,0,1,0
TF,DOMPO,16.899700,98.750669,0, ,0.0,0.0,0.0,0.0,2,5000,0,0,0,0,0,0
TF,PAVNA,16.820842,98.817842,0, ,0.0,0.0,0.0,0.0,1,5000,0,0,0,0,0,0
TF,EGUNA,16.703708,98.819531,0, ,0.0,0.0,0.0,0.0,1,5000,0,1,200,0,0,0

FINAL,R27,27,R,5
IF,EGUNA,16.703708,98.819531, ,0.0,0.0,1,5000,0,1,200,0,0,0
TF,MERES,16.702047,98.697989,0, ,0.0,0.0,270.0,7.0,1,3600,0,0,0,0,2,0
TF,PM202,16.701583,98.665000,0, ,0.0,0.0,270.0,1.9,1,2950,0,0,0,0,0,0
TF,PM201,16.701039,98.626800,0, ,0.0,0.0,270.0,2.2,1,2200,0,0,0,0,0,0
TF,SURUN,16.700439,98.585131,0, ,0.0,0.0,270.0,2.4,1,1372,0,0,0,0,3,1
DF,VETEG,16.816092,98.565447,2, ,0.0,0.0,0,0,0,1,180,0,0,0
TF,EMSIK,16.897606,98.601647,0, ,0.0,0.0,0.0,0.0,2,4000,0,1,200,0,0,0
TF,DOMPO,16.899700,98.750669,0, ,0.0,0.0,0.0,0.0,2,5000,0,0,0,0,0,0
TF,PAVNA,16.820842,98.817842,0, ,0.0,0.0,0.0,0.0,1,5000,0,0,0,0,0,0
TF,EGUNA,16.703708,98.819531,0, ,0.0,0.0,0.0,0.0,1,5000,0,1,200,0,0,0
HM,EGUNA,16.703708,98.819531,2, ,0.0,0.0,270.0,04.3,2,5000,0,1,200,0,0,0,0

