SID,LOCH1A,07,2
VA,0,74.0,2,1000,0,0,0,0,0,0
VI,2, ,0.0,181.0,0,0,0,0,0,0,0,0
CF,LOCHA,20.656667,106.953611,0,CBI,128.3,16.0,128.0,12.0,2,7000,0,0,0,0,0,0

SID,LOCH1B,25,2
VA,0,254.0,2,1000,0,0,0,0,0,0
VI,1, ,0.0,91.0,0,0,0,0,0,0,0,0
CF,LOCHA,20.656667,106.953611,0,CBI,128.3,16.0,128.0,10.0,2,7000,0,0,0,0,0,0

SID,PHUT1A,07,2
VA,0,74.0,2,1000,0,0,0,0,0,0
DF,CBI,20.815492,106.724392,2, ,0.0,0.0,0,0,0,0,0,0,0,0
TF,PHUTA,20.929722,106.460556,0, ,0.0,0.0,0.0,0.0,2,7000,0,0,0,0,0,0

SID,PHUT1B,25,2
VA,0,254.0,2,1000,0,0,0,0,0,0
DF,PHUTA,20.929722,106.460556,0, ,0.0,0.0,2,7000,0,0,0,0,0,0

SID,VANU1A,07,2
VA,0,74.0,2,1000,0,0,0,0,0,0
VI,2, ,0.0,211.0,0,0,0,0,0,0,0,0
CF,VANUC,20.549722,106.721667,0,CBI,182.6,15.9,182.0,8.0,2,9000,0,0,0,0,0,0

SID,VANU1B,25,2
VA,0,254.0,2,1000,0,0,0,0,0,0
VI,1, ,0.0,151.0,0,0,0,0,0,0,0,0
CF,VANUC,20.549722,106.721667,0,CBI,182.6,15.9,182.0,9.0,2,9000,0,0,0,0,0,0

SID,VIBA1A,07,2
VA,0,74.0,2,1000,0,0,0,0,0,0
VI,2, ,0.0,251.0,0,0,0,0,0,0,0,0
CF,VIBAO,20.655000,106.496389,0,CBI,235.2,16.0,235.0,2.0,2,7000,0,0,0,0,0,0
TF,NAH,20.387225,106.117739,0, ,0.0,0.0,0.0,0.0,0,0,0,0,0,0,0,0

SID,VIBA1B,25,2
VA,0,254.0,2,1000,0,0,0,0,0,0
VI,0, ,0.0,221.0,0,0,0,0,0,0,0,0
CF,VIBAO,20.655000,106.496389,0,CBI,235.2,16.0,235.0,12.0,2,7000,0,0,0,0,0,0
TF,NAH,20.387225,106.117739,0, ,0.0,0.0,0.0,0.0,0,0,0,0,0,0,0,0

APPTR,D07-Y,07,LOCH1
IF,LOCHA,20.656667,106.953611, ,0.0,0.0,2,5000,0,0,0,0,0,0
TF,CBI,20.815492,106.724392,0, ,0.0,0.0,0.0,0.0,2,5000,0,0,0,0,1,0
FD,CBI,20.815492,106.724392,0,CBI,0.0,12.0,233.0,12.0,2,3000,0,0,0,0,0,0
CF,CD07Y,20.760039,106.519242,2,CBI,256.0,12.0,76.0,1.0,2,3000,0,0,0,0,1,0

APPTR,D07-Y,07,LOCH2
IF,LOCHA,20.656667,106.953611, ,0.0,0.0,2,5000,0,0,0,0,0,0
TF,CBI,20.815492,106.724392,0, ,0.0,0.0,0.0,0.0,2,5000,0,0,0,0,1,0
FD,CBI,20.815492,106.724392,0,CBI,0.0,12.0,244.0,12.0,2,3000,0,0,0,0,0,0
CF,CD07Y,20.760039,106.519242,2,CBI,256.0,12.0,76.0,1.0,2,3000,0,0,0,0,1,0

APPTR,D07-Y,07,PHUT1
IF,PHUTA,20.929722,106.460556, ,0.0,0.0,2,5000,0,0,0,0,0,0
TF,CBI,20.815492,106.724392,0, ,0.0,0.0,0.0,0.0,2,5000,0,0,0,0,1,0
FD,CBI,20.815492,106.724392,2,CBI,0.0,12.0,233.0,12.0,2,3000,0,0,0,0,0,0
CF,CD07Y,20.760039,106.519242,2,CBI,256.0,12.0,76.0,1.0,2,3000,0,0,0,0,1,0

APPTR,D07-Y,07,PHUT2
IF,PHUTA,20.929722,106.460556, ,0.0,0.0,2,5000,0,0,0,0,0,0
TF,CBI,20.815492,106.724392,0, ,0.0,0.0,0.0,0.0,2,5000,0,0,0,0,1,0
FD,CBI,20.815492,106.724392,2,CBI,0.0,12.0,244.0,12.0,2,3000,0,0,0,0,0,0
CF,CD07Y,20.760039,106.519242,2,CBI,256.0,12.0,76.0,1.0,2,3000,0,0,0,0,1,0

APPTR,D07-Y,07,VANU1
IF,VANUC,20.549722,106.721667, ,0.0,0.0,2,5000,0,0,0,0,0,0
TF,CBI,20.815492,106.724392,0, ,0.0,0.0,0.0,0.0,2,5000,0,0,0,0,1,0
FD,CBI,20.815492,106.724392,1,CBI,0.0,12.0,233.0,12.0,2,3000,0,0,0,0,0,0
CF,CD07Y,20.760039,106.519242,2,CBI,256.0,12.0,76.0,1.0,2,3000,0,0,0,0,1,0

APPTR,D07-Y,07,VANU2
IF,VANUC,20.549722,106.721667, ,0.0,0.0,2,5000,0,0,0,0,0,0
TF,CBI,20.815492,106.724392,0, ,0.0,0.0,0.0,0.0,2,5000,0,0,0,0,1,0
FD,CBI,20.815492,106.724392,1,CBI,0.0,12.0,244.0,12.0,2,3000,0,0,0,0,0,0
CF,CD07Y,20.760039,106.519242,2,CBI,256.0,12.0,76.0,1.0,2,3000,0,0,0,0,1,0

APPTR,D07-Y,07,VIBA1
IF,VIBAO,20.655000,106.496389, ,0.0,0.0,2,5000,0,0,0,0,0,0
TF,CBI,20.815492,106.724392,0, ,0.0,0.0,0.0,0.0,2,5000,0,0,0,0,1,0
FD,CBI,20.815492,106.724392,2,CBI,0.0,12.0,233.0,12.0,2,3000,0,0,0,0,0,0
CF,CD07Y,20.760039,106.519242,2,CBI,256.0,12.0,76.0,1.0,2,3000,0,0,0,0,1,0

APPTR,D07-Y,07,VIBA2
IF,VIBAO,20.655000,106.496389, ,0.0,0.0,2,5000,0,0,0,0,0,0
TF,CBI,20.815492,106.724392,0, ,0.0,0.0,0.0,0.0,2,5000,0,0,0,0,1,0
FD,CBI,20.815492,106.724392,1,CBI,0.0,12.0,244.0,12.0,2,3000,0,0,0,0,0,0
CF,CD07Y,20.760039,106.519242,2,CBI,256.0,12.0,76.0,1.0,2,3000,0,0,0,0,1,0

FINAL,D07-Y,07,D,4
IF,CD07Y,20.760039,106.519242,CBI,256.0,12.0,2,3000,0,0,0,0,0,0
CF,FD07,20.785483,106.613250,0,CBI,256.0,6.5,76.0,5.5,2,1850,0,0,0,0,2,0
CF,35VOR,20.799342,106.664539,0,CBI,256.0,3.5,76.0,3.0,2,900,0,0,0,0,0,0
CF,MD07,20.805342,106.686769,0,CBI,256.0,2.2,76.0,1.3,1,485,0,0,0,0,3,0
CF,CBI,20.815492,106.724392,0,CBI,0.0,0.0,76.0,2.2,0,0,0,0,0,0,0,0
FA,CBI,20.815492,106.724392,0,CBI,0.0,0.0,76.0,2,1350,0,0,0,0,0,0
DF,CBI,20.815492,106.724392,2, ,0.0,0.0,1,5000,0,0,0,0,0,0
HM,CBI,20.815492,106.724392,1, ,0.0,0.0,233.0,04.3,2,5000,0,0,0,0,0,0,0

APPTR,D07-Z,07,PHUTA
IF,PHUTA,20.929722,106.460556, ,0.0,0.0,2,5000,0,0,0,0,1,0
CI,0, ,0.0,116.0,0,0,0,0,0,0,0,0
AF,D267M,20.796383,106.494014,1,CBI,267.0,13.0,296.0,2,3600,0,0,0,0,0,0
AF,CD07Z,20.755406,106.502153,1,CBI,256.0,13.0,267.0,2,3000,0,0,0,0,1,0

APPTR,D07-Z,07,VANUC
IF,VANUC,20.549722,106.721667, ,0.0,0.0,2,5000,0,0,0,0,1,0
CI,0, ,0.0,2.0,0,0,0,0,0,0,0,0
AF,D225M,20.656375,106.566819,2,CBI,225.0,13.0,182.0,2,4300,0,0,0,0,0,0
AF,CD07Z,20.755406,106.502153,2,CBI,256.0,13.0,225.0,2,3000,0,0,0,0,1,0

APPTR,D07-Z,07,VIBAO
IF,VIBAO,20.655000,106.496389, ,0.0,0.0,2,4000,0,0,0,0,1,0
CI,0, ,0.0,55.0,0,0,0,0,0,0,0,0
AF,CD07Z,20.755406,106.502153,2,CBI,256.0,13.0,235.0,2,3000,0,0,0,0,1,0

FINAL,D07-Z,07,D,4
IF,CD07Z,20.755406,106.502153,CBI,256.0,13.0,2,3000,0,0,0,0,0,0
CF,FD07,20.785483,106.613250,0,CBI,256.0,6.5,76.0,6.5,2,1850,0,0,0,0,2,0
CF,35VOR,20.799342,106.664539,0,CBI,256.0,3.5,76.0,3.0,2,900,0,0,0,0,0,0
CF,MD07,20.805342,106.686769,0,CBI,256.0,2.2,76.0,1.3,1,485,0,0,0,0,3,0
CF,CBI,20.815492,106.724392,0,CBI,0.0,0.0,76.0,2.2,0,0,0,0,0,0,0,0
FA,CBI,20.815492,106.724392,0,CBI,0.0,0.0,76.0,2,1350,0,0,0,0,0,0
DF,CBI,20.815492,106.724392,2, ,0.0,0.0,1,5000,0,0,0,0,0,0
HM,CBI,20.815492,106.724392,1, ,0.0,0.0,233.0,04.3,2,5000,0,0,0,0,0,0,0

APPTR,D25,25,LOCHA
IF,LOCHA,20.656667,106.953611, ,0.0,0.0,2,5000,0,0,0,0,0,0
TF,CBI,20.815492,106.724392,0, ,0.0,0.0,0.0,0.0,2,5000,0,0,0,0,1,0
FD,CBI,20.815492,106.724392,2,CBI,0.0,10.0,97.0,10.0,2,2360,0,0,0,0,0,0
CF,CD25,20.875356,106.890550,1,CBI,71.0,10.0,251.0,1.0,2,2360,0,0,0,0,1,0

APPTR,D25,25,PHUTA
IF,PHUTA,20.929722,106.460556, ,0.0,0.0,2,5000,0,0,0,0,0,0
TF,CBI,20.815492,106.724392,0, ,0.0,0.0,0.0,0.0,2,5000,0,0,0,0,1,0
FD,CBI,20.815492,106.724392,0,CBI,0.0,10.0,97.0,10.0,2,2360,0,0,0,0,0,0
CF,CD25,20.875356,106.890550,1,CBI,71.0,10.0,251.0,1.0,2,2360,0,0,0,0,1,0

APPTR,D25,25,VANUC
IF,VANUC,20.549722,106.721667, ,0.0,0.0,2,5000,0,0,0,0,0,0
TF,CBI,20.815492,106.724392,0, ,0.0,0.0,0.0,0.0,2,5000,0,0,0,0,1,0
FD,CBI,20.815492,106.724392,2,CBI,0.0,10.0,97.0,10.0,2,2360,0,0,0,0,0,0
CF,CD25,20.875356,106.890550,1,CBI,71.0,10.0,251.0,1.0,2,2360,0,0,0,0,1,0

APPTR,D25,25,VIBAO
IF,VIBAO,20.655000,106.496389, ,0.0,0.0,2,5000,0,0,0,0,0,0
TF,CBI,20.815492,106.724392,0, ,0.0,0.0,0.0,0.0,2,5000,0,0,0,0,1,0
FD,CBI,20.815492,106.724392,0,CBI,0.0,10.0,97.0,10.0,2,2360,0,0,0,0,0,0
CF,CD25,20.875356,106.890550,1,CBI,71.0,10.0,251.0,1.0,2,2360,0,0,0,0,1,0

FINAL,D25,25,D,3
IF,CD25,20.875356,106.890550,CBI,71.0,10.0,2,2360,0,0,0,0,0,0
CF,FD25,20.850233,106.820747,0,CBI,71.0,5.8,251.0,4.2,2,1920,0,0,0,0,2,0
CF,MD25,20.826278,106.754289,0,CBI,71.0,1.8,251.0,4.0,1,434,0,0,0,0,3,0
CF,CBI,20.815492,106.724392,0,CBI,0.0,0.0,251.0,1.8,0,0,0,0,0,0,0,0
FA,CBI,20.815492,106.724392,0,CBI,0.0,0.0,251.0,2,1350,0,0,0,0,0,0
DF,CBI,20.815492,106.724392,1, ,0.0,0.0,1,5000,0,0,0,0,0,0
HM,CBI,20.815492,106.724392,2, ,0.0,0.0,97.0,04.3,2,5000,0,0,0,0,0,0,0

APPTR,I07-Y,07,LOCH1
IF,LOCHA,20.656667,106.953611, ,0.0,0.0,2,5000,0,0,0,0,0,0
TF,CBI,20.815492,106.724392,0, ,0.0,0.0,0.0,0.0,2,5000,0,0,0,0,1,0
FD,CBI,20.815492,106.724392,0,CBI,0.0,12.0,233.0,12.0,2,3000,0,0,0,0,0,0
CF,CI07Y,20.756075,106.520469,2,ICB,254.3,12.9,74.0,1.0,2,3000,0,0,0,0,1,0

APPTR,I07-Y,07,LOCH2
IF,LOCHA,20.656667,106.953611, ,0.0,0.0,2,5000,0,0,0,0,0,0
TF,CBI,20.815492,106.724392,0, ,0.0,0.0,0.0,0.0,2,5000,0,0,0,0,1,0
FD,CBI,20.815492,106.724392,0,CBI,0.0,12.0,244.0,12.0,2,3000,0,0,0,0,0,0
CF,CI07Y,20.756075,106.520469,2,ICB,254.3,12.9,74.0,1.0,2,3000,0,0,0,0,1,0

APPTR,I07-Y,07,PHUT1
IF,PHUTA,20.929722,106.460556, ,0.0,0.0,2,5000,0,0,0,0,0,0
TF,CBI,20.815492,106.724392,0, ,0.0,0.0,0.0,0.0,2,5000,0,0,0,0,1,0
FD,CBI,20.815492,106.724392,2,CBI,0.0,12.0,233.0,12.0,2,3000,0,0,0,0,0,0
CF,CI07Y,20.756075,106.520469,2,ICB,254.3,12.9,74.0,1.0,2,3000,0,0,0,0,1,0

APPTR,I07-Y,07,PHUT2
IF,PHUTA,20.929722,106.460556, ,0.0,0.0,2,5000,0,0,0,0,0,0
TF,CBI,20.815492,106.724392,0, ,0.0,0.0,0.0,0.0,2,5000,0,0,0,0,1,0
FD,CBI,20.815492,106.724392,2,CBI,0.0,12.0,244.0,12.0,2,3000,0,0,0,0,0,0
CF,CI07Y,20.756075,106.520469,2,ICB,254.3,12.9,74.0,1.0,2,3000,0,0,0,0,1,0

APPTR,I07-Y,07,VANU1
IF,VANUC,20.549722,106.721667, ,0.0,0.0,2,5000,0,0,0,0,0,0
TF,CBI,20.815492,106.724392,0, ,0.0,0.0,0.0,0.0,2,5000,0,0,0,0,1,0
FD,CBI,20.815492,106.724392,1,CBI,0.0,12.0,233.0,12.0,2,3000,0,0,0,0,0,0
CF,CI07Y,20.756075,106.520469,2,ICB,254.3,12.9,74.0,1.0,2,3000,0,0,0,0,1,0

APPTR,I07-Y,07,VANU2
IF,VANUC,20.549722,106.721667, ,0.0,0.0,2,5000,0,0,0,0,0,0
TF,CBI,20.815492,106.724392,0, ,0.0,0.0,0.0,0.0,2,5000,0,0,0,0,1,0
FD,CBI,20.815492,106.724392,1,CBI,0.0,12.0,244.0,12.0,2,3000,0,0,0,0,0,0
CF,CI07Y,20.756075,106.520469,2,ICB,254.3,12.9,74.0,1.0,2,3000,0,0,0,0,1,0

APPTR,I07-Y,07,VIBA1
IF,VIBAO,20.655000,106.496389, ,0.0,0.0,2,5000,0,0,0,0,0,0
TF,CBI,20.815492,106.724392,0, ,0.0,0.0,0.0,0.0,2,5000,0,0,0,0,1,0
FD,CBI,20.815492,106.724392,2,CBI,0.0,12.0,233.0,12.0,2,3000,0,0,0,0,0,0
CF,CI07Y,20.756075,106.520469,2,ICB,254.3,12.9,74.0,1.0,2,3000,0,0,0,0,1,0

APPTR,I07-Y,07,VIBA2
IF,VIBAO,20.655000,106.496389, ,0.0,0.0,2,5000,0,0,0,0,0,0
TF,CBI,20.815492,106.724392,0, ,0.0,0.0,0.0,0.0,2,5000,0,0,0,0,1,0
FD,CBI,20.815492,106.724392,1,CBI,0.0,12.0,244.0,12.0,2,3000,0,0,0,0,0,0
CF,CI07Y,20.756075,106.520469,2,ICB,254.3,12.9,74.0,1.0,2,3000,0,0,0,0,1,0

FINAL,I07-Y,07,I,3
IF,CI07Y,20.756075,106.520469,ICB,254.3,12.9,2,3000,0,0,0,0,0,0
CF,FF07,20.782658,106.608903,0,ICB,254.3,7.7,74.0,5.2,1,1960,0,0,0,0,2,0
CF,RW07,20.812742,106.709194,0,ICB,254.3,1.8,74.0,5.9,1,60,0,0,0,0,3,0
VA,0,74.0,2,1350,0,0,0,0,0,0
DF,CBI,20.815492,106.724392,2, ,0.0,0.0,1,5000,0,0,0,0,0,0
HM,CBI,20.815492,106.724392,1, ,0.0,0.0,233.0,04.3,2,5000,0,0,0,0,0,0,0

APPTR,I07-Z,07,PHUTA
IF,PHUTA,20.929722,106.460556, ,0.0,0.0,2,5000,0,0,0,0,1,0
TF,D296M,20.906508,106.514275,0, ,0.0,0.0,0.0,0.0,0,0,0,0,0,0,0,0
AF,D265M,20.788833,106.494869,1,CBI,265.0,13.0,296.0,2,3600,0,0,0,0,0,0
VI,0,ICB,0.0,104.0,0,0,0,0,0,0,0,0

APPTR,I07-Z,07,VANUC
IF,VANUC,20.549722,106.721667, ,0.0,0.0,2,5000,0,0,0,0,1,0
CI,0, ,0.0,2.0,0,0,0,0,0,0,0,0
AF,D225M,20.656375,106.566819,2,CBI,225.0,13.0,182.0,2,4300,0,0,0,0,0,0
AF,D247M,20.723458,106.514903,2,CBI,247.0,13.0,225.0,2,3000,0,0,0,0,0,0
VI,0,ICB,0.0,44.0,0,0,0,0,0,0,0,0

APPTR,I07-Z,07,VIBAO
IF,VIBAO,20.655000,106.496389, ,0.0,0.0,2,4000,0,0,0,0,1,0
CI,0, ,0.0,55.0,0,0,0,0,0,0,0,0
AF,D247M,20.723458,106.514903,2,CBI,247.0,13.0,235.0,2,3000,0,0,0,0,0,0
VI,0,ICB,0.0,44.0,0,0,0,0,0,0,0,0

FINAL,I07-Z,07,I,3
IF,CI07Z,20.750978,106.503531,ICB,254.3,13.9,2,3000,0,0,0,0,0,0
CF,FF07,20.782658,106.608903,0,ICB,254.3,7.7,74.0,6.2,1,1960,0,0,0,0,2,0
CF,RW07,20.812742,106.709194,0,ICB,254.3,1.8,74.0,5.9,1,60,0,0,0,0,3,0
VA,0,74.0,2,1350,0,0,0,0,0,0
DF,CBI,20.815492,106.724392,2, ,0.0,0.0,1,5000,0,0,0,0,0,0
HM,CBI,20.815492,106.724392,1, ,0.0,0.0,233.0,04.3,2,5000,0,0,0,0,0,0,0

