SID,ANHO2C,06,2
CD, ,0,0,0,TRN,0,0.0,60.0,5.0,0,0,0,0,0,0,0,0
DF,TRN,10.083361,105.705481,1, ,0.0,0.0,0,0,0,0,0,0,0,0
TF,GIANA,9.858889,105.858889,0, ,0.0,0.0,0.0,0.0,0,0,0,0,0,0,0,0
TF,ANHOA,9.787222,105.908333,0, ,0.0,0.0,0.0,0.0,2,10000,0,1,250,0,0,0

SID,ANHO2D,24,2
CD, ,0,0,0,TRN,0,0.0,240.0,5.0,0,0,0,0,0,0,0,0
DF,TRN,10.083361,105.705481,2, ,0.0,0.0,0,0,0,0,0,0,0,0
TF,GIANA,9.858889,105.858889,0, ,0.0,0.0,0.0,0.0,0,0,0,0,0,0,0,0
TF,ANHOA,9.787222,105.908333,0, ,0.0,0.0,0.0,0.0,2,10000,0,1,250,0,0,0

SID,CANT3C,06,2
CD, ,0,0,0,TRN,0,0.0,60.0,5.0,0,0,0,0,0,0,0,0
DF,TRN,10.083361,105.705481,2, ,0.0,0.0,0,0,0,0,0,0,0,0
TF,CANTO,10.318333,105.568611,0, ,0.0,0.0,0.0,0.0,2,10000,0,1,250,0,0,0
TF,VIMBU,10.409167,105.514444,0, ,0.0,0.0,0.0,0.0,0,0,0,0,0,0,0,0

SID,CANT3D,24,2
CD, ,0,0,0,TRN,0,0.0,240.0,5.0,0,0,0,0,0,0,0,0
DF,TRN,10.083361,105.705481,1, ,0.0,0.0,0,0,0,0,0,0,0,0
TF,CANTO,10.318333,105.568611,0, ,0.0,0.0,0.0,0.0,2,10000,0,1,250,0,0,0
TF,VIMBU,10.409167,105.514444,0, ,0.0,0.0,0.0,0.0,0,0,0,0,0,0,0,0

SID,CHUT4C,06,2
CD, ,0,0,0,TRN,0,0.0,60.0,5.0,0,0,0,0,0,0,0,0
CI,0, ,0.0,13.0,0,0,0,0,0,0,0,0
CF,CHUTA,10.283333,105.890556,0,TRN,42.5,16.2,43.0,8.0,2,4000,0,0,0,0,0,0
TF,CUCHI,10.897778,106.461111,0, ,0.0,0.0,0.0,0.0,0,0,0,0,0,0,0,0

SID,CHUT4D,24,2
CD, ,0,0,0,TRN,0,0.0,240.0,5.0,0,0,0,0,0,0,0,0
DF,TRN,10.083361,105.705481,1, ,0.0,0.0,0,0,0,0,0,0,0,0
TF,CHUTA,10.283333,105.890556,0, ,0.0,0.0,0.0,0.0,2,4000,0,1,250,0,0,0
TF,CUCHI,10.897778,106.461111,0, ,0.0,0.0,0.0,0.0,0,0,0,0,0,0,0,0

SID,DOTH4C,06,2
CD, ,0,0,0,TRN,0,0.0,60.0,5.0,0,0,0,0,0,0,0,0
DF,TRN,10.083361,105.705481,2, ,0.0,0.0,0,0,0,0,0,0,0,0
TF,DOTHA,10.025556,105.438056,0, ,0.0,0.0,0.0,0.0,2,4000,0,1,250,0,0,0
TF,RG,9.959417,105.133111,0, ,0.0,0.0,0.0,0.0,0,0,0,0,0,0,0,0

SID,DOTH4D,24,2
CD, ,0,0,0,TRN,0,0.0,240.0,5.0,0,0,0,0,0,0,0,0
CI,0, ,0.0,288.0,0,0,0,0,0,0,0,0
CF,DOTHA,10.025556,105.438056,0,TRN,257.7,16.2,258.0,8.0,2,4000,0,0,0,0,0,0
TF,RG,9.959417,105.133111,0, ,0.0,0.0,0.0,0.0,0,0,0,0,0,0,0,0

SID,VINL3C,06,2
CD, ,0,0,0,TRN,0,0.0,60.0,5.0,0,0,0,0,0,0,0,0
CF,VINLO,10.251389,105.920278,0,TRN,51.7,16.2,52.0,11.0,2,4000,0,0,0,0,0,0
TF,KANTA,10.392778,106.098611,0, ,0.0,0.0,0.0,0.0,0,0,0,0,0,0,0,0

SID,VINL3D,24,2
CD, ,0,0,0,TRN,0,0.0,240.0,5.0,0,0,0,0,0,0,0,0
DF,TRN,10.083361,105.705481,1, ,0.0,0.0,0,0,0,0,0,0,0,0
TF,VINLO,10.251389,105.920278,0, ,0.0,0.0,0.0,0.0,2,4000,0,1,250,0,0,0
TF,KANTA,10.392778,106.098611,0, ,0.0,0.0,0.0,0.0,0,0,0,0,0,0,0,0

SID,XUTH3C,06,2
CD, ,0,0,0,TRN,0,0.0,60.0,5.0,0,0,0,0,0,0,0,0
DF,TRN,10.083361,105.705481,1, ,0.0,0.0,0,0,0,0,0,0,0,0
TF,XUTHO,9.849722,105.566667,0, ,0.0,0.0,0.0,0.0,2,4000,0,1,250,0,0,0
TF,QL,9.176194,105.176694,0, ,0.0,0.0,0.0,0.0,0,0,0,0,0,0,0,0

SID,XUTH4D,24,2
CD, ,0,0,0,TRN,0,0.0,240.0,5.0,0,0,0,0,0,0,0,0
CI,0, ,0.0,180.0,0,0,0,0,0,0,0,0
CF,XUTHO,9.849722,105.566667,0,TRN,210.5,16.2,210.0,6.0,2,4000,0,0,0,0,0,0
TF,QL,9.176194,105.176694,0, ,0.0,0.0,0.0,0.0,0,0,0,0,0,0,0,0

STAR,ANHO1A,ALL,2
IF,ANHOA,9.787222,105.908333, ,0.0,0.0,2,10000,0,0,0,0,0,0
TF,GIANA,9.858889,105.858889,0, ,0.0,0.0,0.0,0.0,0,0,0,0,0,0,0,0
TF,TRN,10.083361,105.705481,0, ,0.0,0.0,0.0,0.0,1,4000,0,0,0,0,0,0

STAR,CANT2A,ALL,2
IF,VIMBU,10.409167,105.514444, ,0.0,0.0,0,0,0,0,0,0,0,0
TF,CANTO,10.318333,105.568611,0, ,0.0,0.0,0.0,0.0,2,10000,0,0,0,0,0,0
TF,TRN,10.083361,105.705481,0, ,0.0,0.0,0.0,0.0,1,4000,0,0,0,0,0,0

STAR,CHUT3A,ALL,2
IF,CUCHI,10.897778,106.461111, ,0.0,0.0,0,0,0,0,0,0,0,0
TF,CHUTA,10.283333,105.890556,0, ,0.0,0.0,0.0,0.0,0,0,0,0,0,0,0,0
TF,TRN,10.083361,105.705481,0, ,0.0,0.0,0.0,0.0,1,4000,0,0,0,0,0,0

STAR,DOTH3A,ALL,2
IF,RG,9.959417,105.133111, ,0.0,0.0,0,0,0,0,0,0,0,0
TF,DOTHA,10.025556,105.438056,0, ,0.0,0.0,0.0,0.0,0,0,0,0,0,0,0,0
TF,TRN,10.083361,105.705481,0, ,0.0,0.0,0.0,0.0,1,4000,0,0,0,0,0,0

STAR,VINL3A,ALL,2
IF,KANTA,10.392778,106.098611, ,0.0,0.0,0,0,0,0,0,0,0,0
TF,VINLO,10.251389,105.920278,0, ,0.0,0.0,0.0,0.0,0,0,0,0,0,0,0,0
TF,TRN,10.083361,105.705481,0, ,0.0,0.0,0.0,0.0,1,4000,0,0,0,0,0,0

STAR,XUTH3A,ALL,2
IF,QL,9.176194,105.176694, ,0.0,0.0,0,0,0,0,0,0,0,0
TF,XUTHO,9.849722,105.566667,0, ,0.0,0.0,0.0,0.0,0,0,0,0,0,0,0,0
TF,TRN,10.083361,105.705481,0, ,0.0,0.0,0.0,0.0,1,4000,0,0,0,0,0,0

APPTR,D06,06,ANHOA
IF,ANHOA,9.787222,105.908333, ,0.0,0.0,0,0,0,0,0,0,0,0
CF,GIANA,9.858889,105.858889,0,TRN,145.9,16.2,326.0,5.2,0,0,0,0,0,0,0,0
CF,D146N,9.894547,105.833900,0,TRN,146.0,13.6,326.0,2.6,2,4000,0,0,0,0,1,0
CI,0, ,0.0,326.0,0,0,0,0,0,0,0,0
AF,D236L,9.974708,105.543044,2,TRN,236.0,11.6,146.0,2,2000,0,0,0,0,1,0
CF,CF06,9.993447,105.571044,0,TRN,236.0,9.6,56.0,2.0,2,2000,0,0,0,0,0,0

APPTR,D06,06,DOTHA
IF,DOTHA,10.025556,105.438056, ,0.0,0.0,0,0,0,0,0,0,0,0
CF,D258N,10.035939,105.480744,0,TRN,258.0,13.6,78.0,2.6,2,3000,0,0,0,0,1,0
CI,0, ,0.0,78.0,0,0,0,0,0,0,0,0
AF,D236L,9.974708,105.543044,1,TRN,236.0,11.6,258.0,2,2000,0,0,0,0,1,0
CF,CF06,9.993447,105.571044,0,TRN,236.0,9.6,56.0,2.0,2,2000,0,0,0,0,0,0

APPTR,D06,06,TRN1
IF,TRN,10.083361,105.705481, ,0.0,0.0,2,4000,0,0,0,0,1,0
FD,TRN,10.083361,105.705481,0,TRN,0.0,9.6,208.0,9.6,2,2000,0,0,0,0,0,0
CF,CF06,9.993447,105.571044,2,TRN,236.0,9.6,56.0,1.0,2,2000,0,0,0,0,0,0

APPTR,D06,06,TRN2
IF,TRN,10.083361,105.705481, ,0.0,0.0,2,4000,0,0,0,0,1,0
FD,TRN,10.083361,105.705481,0,TRN,0.0,9.6,224.0,9.6,2,2000,0,0,0,0,0,0
CF,CF06,9.993447,105.571044,2,TRN,236.0,9.6,56.0,1.0,2,2000,0,0,0,0,0,0

APPTR,D06,06,XUTHO
IF,XUTHO,9.849722,105.566667, ,0.0,0.0,0,0,0,0,0,0,0,0
CF,D210N,9.886131,105.590653,0,TRN,210.0,13.6,30.0,2.6,2,3000,0,0,0,0,1,0
CI,0, ,0.0,30.0,0,0,0,0,0,0,0,0
AF,D236L,9.974708,105.543044,2,TRN,236.0,11.6,210.0,2,2000,0,0,0,0,1,0
CF,CF06,9.993447,105.571044,0,TRN,236.0,9.6,56.0,2.0,2,2000,0,0,0,0,0,0

FINAL,D06,06,D,3
IF,CF06,9.993447,105.571044,TRN,236.0,9.6,2,2000,0,0,0,0,0,0
CF,FD06,10.021550,105.613047,0,TRN,236.0,6.6,56.0,3.0,2,2000,0,0,0,0,2,0
CF,MD06,10.066506,105.680267,0,TRN,236.0,1.8,56.0,4.8,1,445,0,0,0,0,3,0
CF,TRN,10.083361,105.705481,0,TRN,0.0,0.0,56.0,1.8,0,0,0,0,0,0,0,0
CA,0,56.0,2,2000,0,0,0,0,0,0
VI,1, ,0.0,230.0,0,0,0,0,0,0,0,0
CF,TRN,10.083361,105.705481,0,TRN,0.0,0.0,200.0,6.0,1,4000,0,0,0,0,0,0
HM,TRN,10.083361,105.705481,2, ,0.0,0.0,208.0,04.3,2,4000,0,0,0,0,0,0,0

APPTR,D24,24,ANHOA
IF,ANHOA,9.787222,105.908333, ,0.0,0.0,0,0,0,0,0,0,0,0
CF,GIANA,9.858889,105.858889,0,TRN,145.9,16.2,326.0,5.2,0,0,0,0,0,0,0,0
CF,D146N,9.894547,105.833900,0,TRN,146.0,13.6,326.0,2.6,2,4000,0,0,0,0,1,0
CI,0, ,0.0,326.0,0,0,0,0,0,0,0,0
AF,D063K,10.166936,105.871122,1,TRN,63.0,11.0,146.0,2,2000,0,0,0,0,1,0
CF,CD24,10.151747,105.841000,0,TRN,63.0,9.0,243.0,2.0,2,2000,0,0,0,0,0,0

APPTR,D24,24,CHUTA
IF,CHUTA,10.283333,105.890556, ,0.0,0.0,2,4000,0,0,0,0,1,0
CF,D063K,10.166936,105.871122,0,TRN,63.0,11.0,189.0,7.1,2,2000,0,0,0,0,1,0
CF,CD24,10.151747,105.841000,0,TRN,63.0,9.0,243.0,2.0,2,2000,0,0,0,0,0,0

APPTR,D24,24,TRN1
IF,TRN,10.083361,105.705481, ,0.0,0.0,2,4000,0,0,0,0,1,0
FD,TRN,10.083361,105.705481,0,TRN,0.0,9.0,35.0,9.0,2,2000,0,0,0,0,0,0
CF,CD24,10.151747,105.841000,2,TRN,63.0,9.0,243.0,1.0,2,2000,0,0,0,0,0,0

APPTR,D24,24,TRN2
IF,TRN,10.083361,105.705481, ,0.0,0.0,2,4000,0,0,0,0,1,0
FD,TRN,10.083361,105.705481,0,TRN,0.0,9.0,51.0,9.0,2,2000,0,0,0,0,0,0
CF,CD24,10.151747,105.841000,2,TRN,63.0,9.0,243.0,1.0,2,2000,0,0,0,0,0,0

APPTR,D24,24,VINLO
IF,VINLO,10.251389,105.920278, ,0.0,0.0,2,4000,0,0,0,0,1,0
CF,D063K,10.166936,105.871122,0,TRN,63.0,11.0,210.0,5.8,2,2000,0,0,0,0,1,0
CF,CD24,10.151747,105.841000,0,TRN,63.0,9.0,243.0,2.0,2,2000,0,0,0,0,0,0

FINAL,D24,24,D,3
IF,CD24,10.151747,105.841000,TRN,63.0,9.0,2,2000,0,0,0,0,0,0
CF,FD24,10.137314,105.812386,0,TRN,63.0,7.1,243.0,1.9,2,2000,0,0,0,0,2,0
CF,MD24,10.100842,105.740106,0,TRN,63.0,2.3,243.0,4.8,1,465,0,0,0,0,3,0
CF,TRN,10.083361,105.705481,0,TRN,0.0,0.0,243.0,2.3,0,0,0,0,0,0,0,0
CA,0,243.0,2,2000,0,0,0,0,0,0
VI,1, ,0.0,45.0,0,0,0,0,0,0,0,0
CF,TRN,10.083361,105.705481,0,TRN,0.0,0.0,15.0,6.0,1,4000,0,0,0,0,0,0
HM,TRN,10.083361,105.705481,1, ,0.0,0.0,35.0,04.3,2,4000,0,0,0,0,0,0,0

APPTR,I06,06,ANHOA
IF,ANHOA,9.787222,105.908333, ,0.0,0.0,0,0,0,0,0,0,0,0
TF,GIANA,9.858889,105.858889,0, ,0.0,0.0,0.0,0.0,0,0,0,0,0,0,0,0
TF,D146N,9.894547,105.833900,0, ,0.0,0.0,0.0,0.0,2,4000,0,0,0,0,1,0
CI,0, ,0.0,326.0,0,0,0,0,0,0,0,0
AF,D240L,9.984897,105.536647,2,TRN,239.5,11.6,146.0,2,2000,0,0,0,0,1,0
CF,CI06,10.001636,105.565908,0,ICT,240.0,10.8,60.0,2.0,2,2000,0,0,0,0,0,0

APPTR,I06,06,DOTHA
IF,DOTHA,10.025556,105.438056, ,0.0,0.0,0,0,0,0,0,0,0,0
CF,D258N,10.035939,105.480744,0,TRN,258.0,13.6,78.0,2.6,2,3000,0,0,0,0,1,0
CI,0, ,0.0,78.0,0,0,0,0,0,0,0,0
AF,D240L,9.984897,105.536647,1,TRN,239.5,11.6,258.0,2,2000,0,0,0,0,1,0
CF,CI06,10.001636,105.565908,0,ICT,240.0,10.8,60.0,2.0,2,2000,0,0,0,0,0,0

APPTR,I06,06,TRN1
IF,TRN,10.083361,105.705481, ,0.0,0.0,2,4000,0,0,0,0,1,0
FD,TRN,10.083361,105.705481,0,TRN,0.0,9.6,208.0,9.6,2,2000,0,0,0,0,0,0
CF,CI06,10.001636,105.565908,2,ICT,240.0,10.8,60.0,1.0,2,2000,0,0,0,0,0,0

APPTR,I06,06,TRN2
IF,TRN,10.083361,105.705481, ,0.0,0.0,2,4000,0,0,0,0,1,0
FD,TRN,10.083361,105.705481,0,TRN,0.0,9.6,226.0,9.6,2,2000,0,0,0,0,0,0
CF,CI06,10.001636,105.565908,2,ICT,240.0,10.8,60.0,1.0,2,2000,0,0,0,0,0,0

APPTR,I06,06,XUTHO
IF,XUTHO,9.849722,105.566667, ,0.0,0.0,0,0,0,0,0,0,0,0
CF,D210N,9.886131,105.590653,0,TRN,210.0,13.6,30.0,2.6,2,3000,0,0,0,0,1,0
CI,0, ,0.0,30.0,0,0,0,0,0,0,0,0
AF,D240L,9.984897,105.536647,2,TRN,239.5,11.6,210.0,2,2000,0,0,0,0,1,0
CF,CI06,10.001636,105.565908,0,ICT,240.0,10.8,60.0,2.0,2,2000,0,0,0,0,0,0

FINAL,I06,06,I,3
IF,CI06,10.001636,105.565908,ICT,240.0,10.8,2,2000,0,0,0,0,0,0
CF,FF06,10.026406,105.609217,0,ICT,240.0,7.8,60.0,3.0,1,2000,0,0,0,0,2,0
CF,RW06,10.076947,105.697633,0,ICT,240.0,1.8,60.0,6.0,1,62,0,0,0,0,3,0
CA,0,60.0,2,2000,0,0,0,0,0,0
VI,1, ,0.0,230.0,0,0,0,0,0,0,0,0
CF,TRN,10.083361,105.705481,0,TRN,0.0,0.0,200.0,5.0,1,4000,0,0,0,0,0,0
HM,TRN,10.083361,105.705481,2, ,0.0,0.0,208.0,04.3,2,4000,0,0,0,0,0,0,0

