SID,ANTH1A,09,2
CA,0,93.0,2,550,0,0,0,0,0,0
FA,HUE,16.402328,107.701775,0,HUE,0.0,0.0,93.0,2,1970,0,0,0,0,0,0
DF,D359J,16.569444,107.695833,1, ,0.0,0.0,0,0,0,0,0,0,0,0
TF,ANTHU,16.671111,107.693056,0, ,0.0,0.0,0.0,0.0,2,5910,0,0,0,0,0,0
TF,HAMIN,17.129722,107.677778,0, ,0.0,0.0,0.0,0.0,0,0,0,0,0,0,0,0

SID,ANTH1C,27,2
CA,0,273.0,2,550,0,0,0,0,0,0
FA,HUE,16.402328,107.701775,0,HUE,0.0,0.0,273.0,2,990,0,0,0,0,0,0
DF,D359J,16.569444,107.695833,2, ,0.0,0.0,0,0,0,0,0,0,0,0
TF,ANTHU,16.671111,107.693056,0, ,0.0,0.0,0.0,0.0,2,5910,0,0,0,0,0,0
TF,HAMIN,17.129722,107.677778,0, ,0.0,0.0,0.0,0.0,0,0,0,0,0,0,0,0

SID,ANTH1D,27,2
CA,0,273.0,2,1650,0,0,0,0,0,0
DF,ANTHU,16.671111,107.693056,2, ,0.0,0.0,2,5910,0,0,0,0,0,0
TF,HAMIN,17.129722,107.677778,0, ,0.0,0.0,0.0,0.0,0,0,0,0,0,0,0,0

SID,ANTH1F,09,5
CF,PB901,16.393417,107.837444,0,HUE,94.9,7.8,94.0,7.0,2,1970,0,0,0,0,0,1
DF,ANTHU,16.671111,107.693056,1, ,0.0,0.0,2,7060,0,0,0,0,0,0

SID,ANTH1F,NIV1B,6
IF,ANTHU,16.671111,107.693056, ,0.0,0.0,2,7060,0,0,0,0,0,0
TF,VIDEN,17.020556,107.365556,0, ,0.0,0.0,0.0,0.0,0,0,0,0,0,0,0,0
TF,NIVEN,17.884444,106.928889,0, ,0.0,0.0,0.0,0.0,2,29000,0,0,0,0,0,0

SID,ANTH2B,09,2
CA,0,93.0,2,1970,0,0,0,0,0,0
DF,ANTHU,16.671111,107.693056,1, ,0.0,0.0,2,5910,0,0,0,0,0,0
TF,HAMIN,17.129722,107.677778,0, ,0.0,0.0,0.0,0.0,0,0,0,0,0,0,0,0

SID,BACM1A,09,2
CA,0,93.0,2,550,0,0,0,0,0,0
CF,D093J,16.396417,107.875044,0,HUE,93.0,10.0,93.0,10.0,0,0,0,0,0,0,0,1
DF,BACMA,16.240000,107.932778,0, ,0.0,0.0,2,7710,0,0,0,0,0,0
TF,DAN,16.052764,108.198228,0, ,0.0,0.0,0.0,0.0,0,0,0,0,0,0,0,0

SID,BACM1B,09,2
CA,0,93.0,2,550,0,0,0,0,0,0
FA,HUE,16.402328,107.701775,0,HUE,0.0,0.0,93.0,2,1970,0,0,0,0,0,0
DF,HUE,16.402328,107.701775,1, ,0.0,0.0,2,3940,0,0,0,0,0,0
TF,BACMA,16.240000,107.932778,0, ,0.0,0.0,0.0,0.0,2,7710,0,0,0,0,0,0
TF,DAN,16.052764,108.198228,0, ,0.0,0.0,0.0,0.0,0,0,0,0,0,0,0,0

SID,BACM1C,27,2
CA,0,273.0,2,550,0,0,0,0,0,0
FA,HUE,16.402328,107.701775,0,HUE,0.0,0.0,273.0,2,990,0,0,0,0,0,0
DF,HUE,16.402328,107.701775,2, ,0.0,0.0,2,3290,0,0,0,0,0,0
TF,BACMA,16.240000,107.932778,0, ,0.0,0.0,0.0,0.0,2,7710,0,0,0,0,0,0
TF,DAN,16.052764,108.198228,0, ,0.0,0.0,0.0,0.0,0,0,0,0,0,0,0,0

SID,BACM1D,27,2
CA,0,273.0,2,1970,0,0,0,0,0,0
DF,PB,16.395864,107.771978,2, ,0.0,0.0,2,4930,0,0,0,0,0,0
TF,BACMA,16.240000,107.932778,0, ,0.0,0.0,0.0,0.0,2,7710,0,0,0,0,0,0
TF,DAN,16.052764,108.198228,0, ,0.0,0.0,0.0,0.0,0,0,0,0,0,0,0,0

SID,BACM2B,09,2
CA,0,93.0,2,3290,0,0,0,0,0,0
DF,BACMA,16.240000,107.932778,0, ,0.0,0.0,2,7710,0,0,0,0,0,0
TF,DAN,16.052764,108.198228,0, ,0.0,0.0,0.0,0.0,0,0,0,0,0,0,0,0

SID,HUTR1A,09,2
CA,0,93.0,2,550,0,0,0,0,0,0
FA,HUE,16.402328,107.701775,0,HUE,0.0,0.0,93.0,2,1970,0,0,0,0,0,0
DF,HUE,16.402328,107.701775,1, ,0.0,0.0,2,3940,0,0,0,0,0,0
TF,HUTRO,16.419444,107.422500,0, ,0.0,0.0,0.0,0.0,2,8860,0,0,0,0,0,0
TF,TORED,16.463611,106.675556,0, ,0.0,0.0,0.0,0.0,2,12000,0,0,0,0,0,0

SID,HUTR1B,09,2
CA,0,93.0,2,3290,0,0,0,0,0,0
DF,PB,16.395864,107.771978,1, ,0.0,0.0,0,0,0,0,0,0,0,0
TF,HUTRO,16.419444,107.422500,0, ,0.0,0.0,0.0,0.0,2,8860,0,0,0,0,0,0
TF,TORED,16.463611,106.675556,0, ,0.0,0.0,0.0,0.0,2,12000,0,0,0,0,0,0

SID,HUTR1C,27,2
CA,0,273.0,2,550,0,0,0,0,0,0
FA,HUE,16.402328,107.701775,0,HUE,0.0,0.0,273.0,2,990,0,0,0,0,0,0
DF,D321E,16.466772,107.646467,0, ,0.0,0.0,0,0,0,0,0,0,0,0
VA,2,90.0,2,2960,0,0,0,0,0,0
DF,HUE,16.402328,107.701775,2, ,0.0,0.0,2,5910,0,0,0,0,0,0
TF,HUTRO,16.419444,107.422500,0, ,0.0,0.0,0.0,0.0,2,8860,0,0,0,0,0,0
TF,TORED,16.463611,106.675556,0, ,0.0,0.0,0.0,0.0,2,12000,0,0,0,0,0,0

SID,HUTR1D,27,2
CA,0,273.0,2,1970,0,0,0,0,0,0
DF,PB,16.395864,107.771978,2, ,0.0,0.0,2,4930,0,0,0,0,0,1
DF,HUTRO,16.419444,107.422500,2, ,0.0,0.0,2,8860,0,0,0,0,0,0
TF,TORED,16.463611,106.675556,0, ,0.0,0.0,0.0,0.0,2,12000,0,0,0,0,0,0

SID,HUTR1E,27,5
CF,PB502,16.410111,107.525500,0,HUE,273.6,10.2,274.0,9.6,2,3940,0,0,0,0,0,0
TF,HUTRO,16.419444,107.422500,0, ,0.0,0.0,0.0,0.0,4,12000,7060,0,0,0,0,0

SID,HUTR1E,DIL1A,6
IF,HUTRO,16.419444,107.422500, ,0.0,0.0,4,12000,7060,0,0,0,0,0
TF,DILAO,16.437361,107.124694,0, ,0.0,0.0,0.0,0.0,2,12000,0,0,0,0,0,0

SID,HUTR1F,09,5
CF,PB901,16.393417,107.837444,0,HUE,94.9,7.8,94.0,7.0,2,1970,0,0,0,0,0,1
DF,HUTRO,16.419444,107.422500,1, ,0.0,0.0,4,12000,7060,0,0,0,0,0

SID,HUTR1F,DIL1A,6
IF,HUTRO,16.419444,107.422500, ,0.0,0.0,4,12000,7060,0,0,0,0,0
TF,DILAO,16.437361,107.124694,0, ,0.0,0.0,0.0,0.0,2,12000,0,0,0,0,0,0

SID,PHUV1A,09,2
CA,0,93.0,2,550,0,0,0,0,0,0
FA,HUE,16.402328,107.701775,0,HUE,0.0,0.0,93.0,2,1970,0,0,0,0,0,0
DF,D321J,16.530556,107.590278,1, ,0.0,0.0,0,0,0,0,0,0,0,0
TF,PHUVA,16.607778,107.525278,0, ,0.0,0.0,0.0,0.0,2,5910,0,0,0,0,0,0
TF,KONCO,17.000000,107.186944,0, ,0.0,0.0,0.0,0.0,0,0,0,0,0,0,0,0

SID,PHUV1C,27,2
CA,0,273.0,2,550,0,0,0,0,0,0
FA,HUE,16.402328,107.701775,0,HUE,0.0,0.0,273.0,2,990,0,0,0,0,0,0
DF,D321J,16.530556,107.590278,0, ,0.0,0.0,0,0,0,0,0,0,0,0
TF,PHUVA,16.607778,107.525278,0, ,0.0,0.0,0.0,0.0,2,5910,0,0,0,0,0,0
TF,KONCO,17.000000,107.186944,0, ,0.0,0.0,0.0,0.0,0,0,0,0,0,0,0,0

SID,PHUV1D,27,2
CA,0,273.0,2,1650,0,0,0,0,0,0
DF,PHUVA,16.607778,107.525278,0, ,0.0,0.0,2,5910,0,0,0,0,0,0
TF,KONCO,17.000000,107.186944,0, ,0.0,0.0,0.0,0.0,0,0,0,0,0,0,0,0

SID,PHUV1E,27,5
CF,PB502,16.410111,107.525500,0,HUE,273.6,10.2,274.0,9.6,2,3940,0,0,0,0,0,0
TF,PHUVA,16.607778,107.525278,0, ,0.0,0.0,0.0,0.0,3,7060,0,0,0,0,0,0

SID,PHUV1E,HAM1A,6
IF,PHUVA,16.607778,107.525278, ,0.0,0.0,3,7060,0,0,0,0,0,0
TF,HAMIN,17.129722,107.677778,0, ,0.0,0.0,0.0,0.0,0,0,0,0,0,0,0,0

SID,PHUV1E,KON1A,6
IF,PHUVA,16.607778,107.525278, ,0.0,0.0,3,7060,0,0,0,0,0,0
TF,KONCO,17.000000,107.186944,0, ,0.0,0.0,0.0,0.0,2,10000,0,0,0,0,0,0

SID,PHUV1E,NIV1A,6
IF,PHUVA,16.607778,107.525278, ,0.0,0.0,3,7060,0,0,0,0,0,0
TF,VIDEN,17.020556,107.365556,0, ,0.0,0.0,0.0,0.0,0,0,0,0,0,0,0,0
TF,NIVEN,17.884444,106.928889,0, ,0.0,0.0,0.0,0.0,2,29000,0,0,0,0,0,0

SID,PHUV1F,09,5
CF,PB901,16.393417,107.837444,0,HUE,94.9,7.8,94.0,7.0,2,1970,0,0,0,0,0,1
DF,PHUVA,16.607778,107.525278,1, ,0.0,0.0,2,9030,0,0,0,0,0,0

SID,PHUV1F,KON1A,6
IF,PHUVA,16.607778,107.525278, ,0.0,0.0,2,9030,0,0,0,0,0,0
TF,KONCO,17.000000,107.186944,0, ,0.0,0.0,0.0,0.0,2,10000,0,0,0,0,0,0

SID,PHUV2B,09,2
CA,0,93.0,2,1970,0,0,0,0,0,0
DF,PHUVA,16.607778,107.525278,1, ,0.0,0.0,2,5910,0,0,0,0,0,0
TF,KONCO,17.000000,107.186944,0, ,0.0,0.0,0.0,0.0,0,0,0,0,0,0,0,0

STAR,ANTH1A,27,2
IF,HAMIN,17.129722,107.677778, ,0.0,0.0,0,0,0,0,0,0,0,0
TF,ANTHU,16.671111,107.693056,0, ,0.0,0.0,0.0,0.0,2,7060,0,0,0,0,0,0
TF,HUE,16.402328,107.701775,0, ,0.0,0.0,0.0,0.0,1,7060,0,0,0,0,0,0

STAR,ANTH1B,27,2
IF,HAMIN,17.129722,107.677778, ,0.0,0.0,0,0,0,0,0,0,0,0
TF,ANTHU,16.671111,107.693056,0, ,0.0,0.0,0.0,0.0,2,7060,0,0,0,0,0,0
TF,PB,16.395864,107.771978,0, ,0.0,0.0,0.0,0.0,1,6240,0,0,0,0,0,0

STAR,BACM1A,27,2
IF,DAN,16.052764,108.198228, ,0.0,0.0,0,0,0,0,0,0,0,0
TF,BACMA,16.240000,107.932778,0, ,0.0,0.0,0.0,0.0,2,7710,0,0,0,0,0,0
TF,HUE,16.402328,107.701775,0, ,0.0,0.0,0.0,0.0,1,7060,0,0,0,0,0,0

STAR,BACM1B,27,2
IF,DAN,16.052764,108.198228, ,0.0,0.0,0,0,0,0,0,0,0,0
TF,BACMA,16.240000,107.932778,0, ,0.0,0.0,0.0,0.0,2,7710,0,0,0,0,0,0
TF,PB,16.395864,107.771978,0, ,0.0,0.0,0.0,0.0,1,6240,0,0,0,0,0,0

STAR,BIPH1A,HAM1B,4
IF,HAMIN,17.129722,107.677778, ,0.0,0.0,0,0,0,0,0,0,0,0
TF,BIPHU,16.627333,107.856306,0, ,0.0,0.0,0.0,0.0,2,6070,0,0,0,0,0,0

STAR,BIPH1A,27,6
IF,BIPHU,16.627333,107.856306, ,0.0,0.0,2,6070,0,0,0,0,0,0
TF,PB402,16.507444,107.898806,0, ,0.0,0.0,0.0,0.0,2,3940,0,0,0,0,0,0

STAR,HUTR1A,27,2
IF,TORED,16.463611,106.675556, ,0.0,0.0,2,12000,0,0,0,0,0,0
TF,HUTRO,16.419444,107.422500,0, ,0.0,0.0,0.0,0.0,2,8860,0,0,0,0,0,0
TF,HUE,16.402328,107.701775,0, ,0.0,0.0,0.0,0.0,1,7060,0,0,0,0,0,0

STAR,HUTR1B,27,2
IF,TORED,16.463611,106.675556, ,0.0,0.0,2,12000,0,0,0,0,0,0
TF,HUTRO,16.419444,107.422500,0, ,0.0,0.0,0.0,0.0,2,8860,0,0,0,0,0,0
TF,PB,16.395864,107.771978,0, ,0.0,0.0,0.0,0.0,1,6240,0,0,0,0,0,0

STAR,HUTR2C,27,5
IF,HUTRO,16.419444,107.422500, ,0.0,0.0,2,13000,0,0,0,0,0,0
TF,PB405,16.520472,107.656306,0, ,0.0,0.0,0.0,0.0,2,8040,0,0,0,0,0,0
TF,PB403,16.514000,107.777556,0, ,0.0,0.0,0.0,0.0,2,6070,0,0,0,0,0,0
TF,PB402,16.507444,107.898806,0, ,0.0,0.0,0.0,0.0,2,3940,0,0,0,0,0,0

STAR,NAMB1A,LAT1A,1
IF,LATOM,14.879444,107.843611, ,0.0,0.0,2,29000,0,0,0,0,0,0
TF,PATNO,15.965000,107.885000,0, ,0.0,0.0,0.0,0.0,2,12000,0,0,0,0,0,0
TF,NAMBI,16.143889,107.797222,0, ,0.0,0.0,0.0,0.0,2,8040,0,0,0,0,0,0

STAR,NAMB1A,27,2
IF,NAMBI,16.143889,107.797222, ,0.0,0.0,2,8040,0,0,0,0,0,0
TF,HUE,16.402328,107.701775,0, ,0.0,0.0,0.0,0.0,1,7060,0,0,0,0,0,0

STAR,NAMB1B,LAT1A,1
IF,LATOM,14.879444,107.843611, ,0.0,0.0,2,29000,0,0,0,0,0,0
TF,PATNO,15.965000,107.885000,0, ,0.0,0.0,0.0,0.0,2,12000,0,0,0,0,0,0
TF,NAMBI,16.143889,107.797222,0, ,0.0,0.0,0.0,0.0,2,8040,0,0,0,0,0,0

STAR,NAMB1B,27,2
IF,NAMBI,16.143889,107.797222, ,0.0,0.0,2,8040,0,0,0,0,0,0
TF,PB,16.395864,107.771978,0, ,0.0,0.0,0.0,0.0,1,6240,0,0,0,0,0,0

STAR,PHAD2A,DAN1A,4
IF,DAN,16.052764,108.198228, ,0.0,0.0,2,10000,0,0,0,0,0,0
TF,PHADE,16.153917,107.823528,0, ,0.0,0.0,0.0,0.0,2,8040,0,0,0,0,0,0

STAR,PHAD2A,KUM1C,4
IF,KUMUN,14.971417,108.807583, ,0.0,0.0,0,0,0,0,0,0,0,0
TF,NOCKA,15.419444,108.046583,0, ,0.0,0.0,0.0,0.0,2,10000,0,0,0,0,0,0
TF,VIDAN,15.750917,107.998472,0, ,0.0,0.0,0.0,0.0,3,16000,0,0,0,0,0,0
TF,PHADE,16.153917,107.823528,0, ,0.0,0.0,0.0,0.0,2,8040,0,0,0,0,0,0

STAR,PHAD2A,LAT1B,4
IF,LATOM,14.879444,107.843611, ,0.0,0.0,0,0,0,0,0,0,0,0
TF,NOCKA,15.419444,108.046583,0, ,0.0,0.0,0.0,0.0,2,10000,0,0,0,0,0,0
TF,VIDAN,15.750917,107.998472,0, ,0.0,0.0,0.0,0.0,3,16000,0,0,0,0,0,0
TF,PHADE,16.153917,107.823528,0, ,0.0,0.0,0.0,0.0,2,8040,0,0,0,0,0,0

STAR,PHAD2A,SAD1D,4
IF,SADIN,15.080000,108.177222, ,0.0,0.0,0,0,0,0,0,0,0,0
TF,NOCKA,15.419444,108.046583,0, ,0.0,0.0,0.0,0.0,2,10000,0,0,0,0,0,0
TF,VIDAN,15.750917,107.998472,0, ,0.0,0.0,0.0,0.0,3,16000,0,0,0,0,0,0
TF,PHADE,16.153917,107.823528,0, ,0.0,0.0,0.0,0.0,2,8040,0,0,0,0,0,0

STAR,PHAD2A,VIL1C,4
IF,VILOT,15.038611,108.111667, ,0.0,0.0,0,0,0,0,0,0,0,0
TF,NOCKA,15.419444,108.046583,0, ,0.0,0.0,0.0,0.0,2,10000,0,0,0,0,0,0
TF,VIDAN,15.750917,107.998472,0, ,0.0,0.0,0.0,0.0,3,16000,0,0,0,0,0,0
TF,PHADE,16.153917,107.823528,0, ,0.0,0.0,0.0,0.0,2,8040,0,0,0,0,0,0

STAR,PHAD2A,27,6
IF,PHADE,16.153917,107.823528, ,0.0,0.0,2,8040,0,0,0,0,0,0
TF,PB404,16.280083,107.763917,0, ,0.0,0.0,0.0,0.0,2,8040,0,0,0,0,0,0
TF,PB403,16.514000,107.777556,0, ,0.0,0.0,0.0,0.0,2,6070,0,0,0,0,0,0
TF,PB402,16.507444,107.898806,0, ,0.0,0.0,0.0,0.0,2,3940,0,0,0,0,0,0

STAR,PHUV1A,27,2
IF,KONCO,17.000000,107.186944, ,0.0,0.0,0,0,0,0,0,0,0,0
TF,PHUVA,16.607778,107.525278,0, ,0.0,0.0,0.0,0.0,2,7060,0,0,0,0,0,0
TF,HUE,16.402328,107.701775,0, ,0.0,0.0,0.0,0.0,1,7060,0,0,0,0,0,0

STAR,PHUV1B,27,2
IF,KONCO,17.000000,107.186944, ,0.0,0.0,0,0,0,0,0,0,0,0
TF,PHUVA,16.607778,107.525278,0, ,0.0,0.0,0.0,0.0,2,7060,0,0,0,0,0,0
TF,PB,16.395864,107.771978,0, ,0.0,0.0,0.0,0.0,1,6240,0,0,0,0,0,0

APPTR,D27,27,ANTHU
IF,ANTHU,16.671111,107.693056, ,0.0,0.0,2,7060,0,0,0,0,1,0
CI,0, ,0.0,179.0,0,0,0,0,0,0,0,0
AF,D096M,16.383244,107.926289,2,HUE,96.0,13.0,359.0,0,0,0,0,0,0,0,0
TF,CS27,16.386197,107.891750,0, ,0.0,0.0,0.0,0.0,2,2960,0,0,0,0,0,0

APPTR,D27,27,HUE
IF,HUE,16.402328,107.701775, ,0.0,0.0,2,7060,0,0,0,0,1,0
TF,D066K,16.480056,107.874692,0, ,0.0,0.0,0.0,0.0,2,3940,0,0,0,0,0,1
CI,0, ,0.0,66.0,0,0,0,0,0,0,0,0
AF,D096M,16.383244,107.926289,2,HUE,96.0,13.0,66.0,0,0,0,0,0,0,0,0
TF,CS27,16.386197,107.891750,0, ,0.0,0.0,0.0,0.0,2,2960,0,0,0,0,0,0

APPTR,D27,27,PHUVA
IF,PHUVA,16.607778,107.525278, ,0.0,0.0,2,7060,0,0,0,0,1,0
CI,0, ,0.0,141.0,0,0,0,0,0,0,0,0
AF,D096M,16.383244,107.926289,2,HUE,96.0,13.0,321.0,0,0,0,0,0,0,0,0
TF,CS27,16.386197,107.891750,0, ,0.0,0.0,0.0,0.0,2,2960,0,0,0,0,0,0

FINAL,D27,27,D,3
IF,CS27,16.386197,107.891750,HUE,96.0,11.0,2,2960,0,0,0,0,0,0
CF,FS27,16.392083,107.822672,0,HUE,96.0,7.0,276.0,4.0,2,1970,0,0,0,0,2,0
CF,MS27,16.399408,107.736317,0,HUE,96.0,2.0,276.0,5.0,1,419,0,0,0,0,3,0
CF,HUE,16.402328,107.701775,0,HUE,0.0,0.0,276.0,2.0,0,0,0,0,0,0,0,0
FA,HUE,16.402328,107.701775,0,HUE,0.0,0.0,276.0,2,550,0,0,0,0,0,0
DF,HUE,16.402328,107.701775,2, ,0.0,0.0,2,7060,0,0,0,0,0,0
HM,HUE,16.402328,107.701775,1, ,0.0,0.0,66.0,04.3,0,0,0,0,0,0,0,0,0

APPTR,I27-X,27,PB
IF,PB,16.395864,107.771978, ,0.0,0.0,2,6240,0,0,0,0,1,0
HF,PB,16.395864,107.771978,2, ,0.0,0.0,273.0,10.5,2,2960,0,1,220,0,0,0,0

FINAL,I27-X,27,I,3
IF,CI27,16.387022,107.954539,PBA,94.2,15.4,2,2960,0,0,0,0,0,0
CF,FI27X,16.391558,107.871456,0,PBA,94.2,10.6,274.0,4.8,1,2953,0,0,0,0,2,0
CF,RW27,16.399942,107.716344,0,PBA,94.2,1.6,274.0,9.0,1,62,0,0,0,0,3,0
CA,0,274.0,2,550,0,0,0,0,0,0
DF,PB,16.395864,107.771978,2, ,0.0,0.0,2,6240,0,0,0,0,0,0
HM,PB,16.395864,107.771978,2, ,0.0,0.0,273.0,04.3,2,6240,0,0,0,0,0,0,0

APPTR,I27-Y,27,PB402
IF,PB402,16.507444,107.898806, ,0.0,0.0,2,3940,0,0,0,0,1,0
TF,PB401,16.390444,107.891972,0,PBA,0.0,0.0,0.0,0.0,1,2470,0,0,0,0,1,0

FINAL,I27-Y,27,I,3
IF,PB401,16.390444,107.891972,PBA,94.2,11.8,1,2470,0,0,0,0,0,0
CF,FF27,16.394292,107.821208,0,PBA,94.2,7.7,274.0,4.1,1,1969,0,0,0,0,2,0
CF,RW27,16.399942,107.716344,0,PBA,94.2,1.6,274.0,6.1,1,62,0,0,0,0,3,1
DF,PB601,16.403639,107.647139,0, ,0.0,0.0,0,0,0,0,0,0,0,0
TF,PB602,16.654056,107.661861,0, ,0.0,0.0,0.0,0.0,2,2960,0,0,0,0,0,0
HM,PB602,16.654056,107.661861,1, ,0.0,0.0,124.0,04.3,2,2960,0,1,230,0,0,0,0

APPTR,I27-Z,27,ANTHU
IF,ANTHU,16.671111,107.693056, ,0.0,0.0,2,7060,0,0,0,0,1,0
CI,0, ,0.0,179.0,0,0,0,0,0,0,0,0
AF,D094M,16.388547,107.926672,2,HUE,94.6,13.0,359.0,0,0,0,0,0,0,0,0
CF,CF27,16.390436,107.892053,0,PBA,93.0,11.8,274.0,2.0,2,2960,0,0,0,0,0,0

APPTR,I27-Z,27,HUE
IF,HUE,16.402328,107.701775, ,0.0,0.0,2,7060,0,0,0,0,1,0
TF,D065K,16.482958,107.873261,0, ,0.0,0.0,0.0,0.0,2,3940,0,0,0,0,0,1
CI,0, ,0.0,65.0,0,0,0,0,0,0,0,0
AF,D094M,16.388547,107.926672,2,HUE,94.6,13.0,65.0,0,0,0,0,0,0,0,0
CF,CF27,16.390436,107.892053,0,PBA,94.2,11.8,274.0,2.0,2,2960,0,0,0,0,0,0

APPTR,I27-Z,27,PHUVA
IF,PHUVA,16.607778,107.525278, ,0.0,0.0,2,7060,0,0,0,0,1,0
CI,0, ,0.0,141.0,0,0,0,0,0,0,0,0
AF,D094M,16.388547,107.926672,2,HUE,94.6,13.0,321.0,0,0,0,0,0,0,0,0
CF,CF27,16.390436,107.892053,0,PBA,94.2,11.8,274.0,2.0,2,2960,0,0,0,0,0,0

FINAL,I27-Z,27,I,3
IF,CF27,16.390436,107.892053,PBA,94.2,11.8,2,2960,0,0,0,0,0,0
CF,FF27,16.394292,107.821208,0,PBA,94.2,7.7,274.0,4.1,1,1969,0,0,0,0,2,0
CF,RW27,16.399942,107.716344,0,PBA,94.2,1.6,274.0,6.1,1,62,0,0,0,0,3,0
CF,D274A,16.401314,107.691947,0,HUE,264.9,0.6,274.0,1.4,0,0,0,0,0,0,0,1
DF,HUE,16.402328,107.701775,2, ,0.0,0.0,1,7060,0,0,0,0,0,0
HM,HUE,16.402328,107.701775,1, ,0.0,0.0,65.0,04.3,2,7060,0,0,0,0,0,0,0

APPTR,R27,27,PB402
IF,PB402,16.507444,107.898806, ,0.0,0.0,2,3940,0,0,0,0,1,0
TF,PB401,16.390444,107.891972,0, ,0.0,0.0,0.0,0.0,1,2470,0,0,0,0,1,0

FINAL,R27,27,R,3
IF,PB401,16.390444,107.891972, ,0.0,0.0,1,2470,0,0,0,0,0,0
TF,PB400,16.395278,107.802750,0, ,0.0,0.0,274.0,5.2,1,1650,0,0,0,0,2,0
TF,PB600,16.398889,107.735389,0, ,0.0,0.0,274.0,3.9,1,413,0,0,0,0,3,1
DF,PB601,16.403639,107.647139,0, ,0.0,0.0,0,0,0,0,0,0,0,0
TF,PB602,16.654056,107.661861,0, ,0.0,0.0,0.0,0.0,2,2960,0,0,0,0,0,0
HM,PB602,16.654056,107.661861,1, ,0.0,0.0,124.0,04.3,2,2960,0,1,230,0,0,0,0

