SID,BANM2A,15,2
VA,0,148.0,2,4270,0,0,0,0,0,0
DF,BANME,13.735000,108.883611,2, ,0.0,0.0,0,0,0,0,0,0,0,0
TF,NOBID,13.312222,108.581944,0, ,0.0,0.0,0.0,0.0,0,0,0,0,0,0,0,0

SID,BANM2B,33,2
VA,0,328.0,2,4270,0,0,0,0,0,0
DF,PCA,13.957222,109.042667,2, ,0.0,0.0,0,0,0,0,0,0,0,0
TF,BANME,13.735000,108.883611,0, ,0.0,0.0,0.0,0.0,0,0,0,0,0,0,0,0
TF,NOBID,13.312222,108.581944,0, ,0.0,0.0,0.0,0.0,0,0,0,0,0,0,0,0

SID,CAMR1A,15,2
VA,0,148.0,2,4270,0,0,0,0,0,0
DF,CAMRI,13.687222,109.067222,0, ,0.0,0.0,0,0,0,0,0,0,0,0
TF,KAMGO,13.287500,109.101389,0, ,0.0,0.0,0.0,0.0,0,0,0,0,0,0,0,0

SID,CAMR1B,33,2
VA,0,328.0,2,4270,0,0,0,0,0,0
DF,PCA,13.957222,109.042667,2, ,0.0,0.0,0,0,0,0,0,0,0,0
TF,CAMRI,13.687222,109.067222,0, ,0.0,0.0,0.0,0.0,0,0,0,0,0,0,0,0
TF,KAMGO,13.287500,109.101389,0, ,0.0,0.0,0.0,0.0,0,0,0,0,0,0,0,0

SID,PHUM2A,15,2
VA,0,148.0,2,4270,0,0,0,0,0,0
DF,PHUMY,14.221667,108.981667,1, ,0.0,0.0,0,0,0,0,0,0,0,0
TF,CQ,15.412278,108.704472,0, ,0.0,0.0,0.0,0.0,0,0,0,0,0,0,0,0

SID,PHUM2B,33,2
VA,0,328.0,2,4270,0,0,0,0,0,0
DF,PHUMY,14.221667,108.981667,0, ,0.0,0.0,0,0,0,0,0,0,0,0
TF,CQ,15.412278,108.704472,0, ,0.0,0.0,0.0,0.0,0,0,0,0,0,0,0,0

APPTR,D33,33,BANME
IF,BANME,13.735000,108.883611, ,0.0,0.0,2,6070,0,0,0,0,1,0
CI,0, ,0.0,36.0,0,0,0,0,0,0,0,0
AF,D191N,13.726425,109.001039,1,PCA,191.0,14.0,216.0,2,5090,0,0,0,0,0,0
AF,D149N,13.758444,109.169714,1,PCA,149.0,14.0,191.0,0,0,0,0,0,0,0,0
CF,CF33,13.786847,109.151578,0,PCA,149.0,12.0,329.0,2.0,2,3120,0,0,0,0,1,0

APPTR,D33,33,CAMRI
IF,CAMRI,13.687222,109.067222, ,0.0,0.0,2,6070,0,0,0,0,1,0
CI,0, ,0.0,356.0,0,0,0,0,0,0,0,0
AF,D149N,13.758444,109.169714,1,PCA,149.0,14.0,176.0,0,0,0,0,0,0,0,0
CF,CF33,13.786847,109.151578,0,PCA,149.0,12.0,329.0,2.0,2,3120,0,0,0,0,1,0

APPTR,D33,33,PCA1
IF,PCA,13.957222,109.042667, ,0.0,0.0,2,6070,0,0,0,0,1,0
FD,PCA,13.957222,109.042667,0,PCA,0.0,12.0,125.0,12.0,2,3120,0,0,0,0,0,0
CF,CF33,13.786847,109.151578,2,PCA,149.0,12.0,329.0,1.0,2,3120,0,0,0,0,1,0

APPTR,D33,33,PCA2
IF,PCA,13.957222,109.042667, ,0.0,0.0,2,6070,0,0,0,0,1,0
FD,PCA,13.957222,109.042667,0,PCA,0.0,12.0,140.0,12.0,2,3120,0,0,0,0,0,0
CF,CF33,13.786847,109.151578,2,PCA,149.0,12.0,329.0,1.0,2,3120,0,0,0,0,1,0

FINAL,D33,33,D,3
IF,CF33,13.786847,109.151578,PCA,149.0,12.0,2,3120,0,0,0,0,0,0
CF,FF33,13.862103,109.103494,0,PCA,149.0,6.7,329.0,5.3,2,1970,0,0,0,0,2,0
CF,MA33,13.927408,109.061736,0,PCA,149.0,2.1,329.0,4.6,1,510,0,0,0,0,3,0
TF,PCA,13.957222,109.042667,0, ,0.0,0.0,0.0,0.0,0,0,0,0,0,0,0,0
CA,0,329.0,2,3290,0,0,0,0,0,0
DF,PCA,13.957222,109.042667,2, ,0.0,0.0,2,6070,0,0,0,0,0,0
HM,PCA,13.957222,109.042667,2, ,0.0,0.0,125.0,04.3,2,6070,0,0,0,0,0,0,0

APPTR,I33,33,BANME
IF,BANME,13.735000,108.883611, ,0.0,0.0,2,6070,0,0,0,0,1,0
CI,0, ,0.0,36.0,0,0,0,0,0,0,0,0
AF,D191N,13.726425,109.001039,1,PCA,191.0,14.0,216.0,2,5090,0,0,0,0,0,0
AF,D148N,13.760642,109.173244,1,PCA,148.0,14.0,191.0,0,0,0,0,0,0,0,0
CF,CI33,13.788728,109.154603,0,IPC,147.6,12.9,328.0,2.0,2,3120,0,0,0,0,1,0

APPTR,I33,33,CAMRI
IF,CAMRI,13.687222,109.067222, ,0.0,0.0,2,6070,0,0,0,0,1,0
CI,0, ,0.0,356.0,0,0,0,0,0,0,0,0
AF,D148N,13.760642,109.173244,1,PCA,148.0,14.0,176.0,0,0,0,0,0,0,0,0
CF,CI33,13.788728,109.154603,0,IPC,147.6,12.9,328.0,2.0,2,3120,0,0,0,0,1,0

APPTR,I33,33,PCA1
IF,PCA,13.957222,109.042667, ,0.0,0.0,2,6070,0,0,0,0,1,0
FD,PCA,13.957222,109.042667,0,PCA,0.0,12.0,124.0,12.0,2,3120,0,0,0,0,0,0
CF,CI33,13.788728,109.154603,2,IPC,147.6,12.9,328.0,1.0,2,3120,0,0,0,0,1,0

APPTR,I33,33,PCA2
IF,PCA,13.957222,109.042667, ,0.0,0.0,2,6070,0,0,0,0,1,0
FD,PCA,13.957222,109.042667,0,PCA,0.0,12.0,139.0,12.0,2,3120,0,0,0,0,0,0
CF,CI33,13.788728,109.154603,2,IPC,147.6,12.9,328.0,1.0,2,3120,0,0,0,0,1,0

FINAL,I33,33,I,3
IF,CI33,13.788728,109.154603,IPC,147.6,12.9,2,3120,0,0,0,0,0,0
CF,FI33,13.862617,109.103544,0,IPC,148.0,7.6,328.0,5.3,1,1970,0,0,0,0,2,0
CF,RW33,13.943422,109.050081,0,IPC,147.6,1.8,328.0,5.7,1,136,0,0,0,0,3,0
TF,PCA,13.957222,109.042667,0, ,0.0,0.0,0.0,0.0,0,0,0,0,0,0,0,0
CA,0,328.0,2,3290,0,0,0,0,0,0
DF,PCA,13.957222,109.042667,2, ,0.0,0.0,2,6070,0,0,0,0,0,0
HM,PCA,13.957222,109.042667,2, ,0.0,0.0,124.0,04.3,2,6070,0,0,0,0,0,0,0

APPTR,N33,33,PC
HF,PC,13.867750,109.101167,2,PCA,0.0,0.0,330.0,04.3,2,4930,0,1,220,0,1,0,0

FINAL,N33,33,N,3
IF,CN33,13.810353,109.136453,PC,0.0,0.0,2,2960,0,0,0,0,0,0
CF,PC,13.867750,109.101167,0,PC,0.0,0.0,330.0,4.0,2,2220,0,0,0,0,2,0
CF,C,13.935778,109.055222,0,PC,0.0,0.0,330.0,4.9,1,350,0,0,0,0,3,0
CA,0,330.0,2,2960,0,0,0,0,0,0
DF,PC,13.867750,109.101167,1, ,0.0,0.0,2,4930,0,0,0,0,0,0
HM,PC,13.867750,109.101167,2, ,0.0,0.0,330.0,04.3,2,4930,0,1,220,0,0,0,0

