SID,EMON1A,03,5
CA,0,29.0,2,550,0,0,0,0,0,0
CF,AULIA,-4.958194,119.558694,0,MKS,21.3,5.1,359.0,6.0,0,0,0,0,0,0,0,0
TF,TANTI,-4.819083,119.531583,0, ,0.0,0.0,0.0,0.0,0,0,0,0,0,0,0,0
TF,WARNA,-4.784306,119.756000,2, ,0.0,0.0,0.0,0.0,2,8000,0,0,0,0,0,0
TF,IBAHI,-4.913306,119.964083,0, ,0.0,0.0,0.0,0.0,2,13000,0,0,0,0,0,0
TF,IMANU,-4.873083,120.258083,0, ,0.0,0.0,0.0,0.0,0,0,0,0,0,0,0,0
TF,AQILA,-4.802111,120.862500,0, ,0.0,0.0,0.0,0.0,2,23000,0,0,0,0,0,0
TF,ELQIU,-5.134500,121.521694,0, ,0.0,0.0,0.0,0.0,0,0,0,0,0,0,0,0
TF,EMONA,-5.265000,124.216667,0, ,0.0,0.0,0.0,0.0,0,0,0,0,0,0,0,0

SID,EMON1B,21,5
CF,YANKA,-5.137194,119.518139,0,MKS,183.6,6.0,209.0,4.0,0,0,0,0,0,0,0,0
TF,AINDI,-5.412694,119.518889,0, ,0.0,0.0,0.0,0.0,2,6000,0,0,0,0,0,0
TF,APURA,-5.419111,119.774389,0, ,0.0,0.0,0.0,0.0,2,11000,0,0,0,0,0,0
TF,DITIA,-5.299306,120.038111,0, ,0.0,0.0,0.0,0.0,2,16000,0,0,0,0,0,0
TF,AYAMA,-5.230306,120.189806,0, ,0.0,0.0,0.0,0.0,0,0,0,0,0,0,0,0
TF,ELQIU,-5.134500,121.521694,0, ,0.0,0.0,0.0,0.0,0,0,0,0,0,0,0,0
TF,EMONA,-5.265000,124.216667,0, ,0.0,0.0,0.0,0.0,0,0,0,0,0,0,0,0

SID,ENDO1A,03,5
CA,0,29.0,2,550,0,0,0,0,0,0
CF,AULIA,-4.958194,119.558694,0,MKS,21.3,5.1,359.0,6.0,0,0,0,0,0,0,0,0
TF,LUHAK,-4.937694,118.743194,0, ,0.0,0.0,0.0,0.0,3,14000,0,0,0,0,0,0
TF,SATIR,-5.243111,118.358889,0, ,0.0,0.0,0.0,0.0,2,24000,0,0,0,0,0,0
TF,DARIT,-5.563389,118.120389,0, ,0.0,0.0,0.0,0.0,0,0,0,0,0,0,0,0
TF,ENDOG,-5.876861,117.201500,0, ,0.0,0.0,0.0,0.0,0,0,0,0,0,0,0,0

SID,ENDO1B,21,5
CF,YANKA,-5.137194,119.518139,0,MKS,183.6,6.0,209.0,4.0,0,0,0,0,0,0,0,0
TF,ADAVI,-5.137000,118.820889,0, ,0.0,0.0,0.0,0.0,3,16000,0,0,0,0,0,0
TF,ENDOG,-5.876861,117.201500,0, ,0.0,0.0,0.0,0.0,0,0,0,0,0,0,0,0

SID,GAMA1A,03,5
CA,0,29.0,2,550,0,0,0,0,0,0
CF,AULIA,-4.958194,119.558694,0,MKS,21.3,5.1,359.0,6.0,0,0,0,0,0,0,0,0
TF,TANTI,-4.819083,119.531583,0, ,0.0,0.0,0.0,0.0,0,0,0,0,0,0,0,0
TF,WICAK,-4.532389,118.752694,0, ,0.0,0.0,0.0,0.0,3,17000,0,0,0,0,0,0
TF,AFIKA,-4.172306,118.560389,0, ,0.0,0.0,0.0,0.0,2,24000,0,0,0,0,0,0
TF,MIRED,-3.895194,118.412389,0, ,0.0,0.0,0.0,0.0,0,0,0,0,0,0,0,0
TF,IKOWA,-3.122583,117.999583,0, ,0.0,0.0,0.0,0.0,0,0,0,0,0,0,0,0
TF,GAMAL,-2.863750,118.039000,0, ,0.0,0.0,0.0,0.0,0,0,0,0,0,0,0,0

SID,GAMA1B,21,5
CF,YANKA,-5.137194,119.518139,0,MKS,183.6,6.0,209.0,4.0,0,0,0,0,0,0,0,0
TF,ADAVI,-5.137000,118.820889,0, ,0.0,0.0,0.0,0.0,3,16000,0,0,0,0,0,0
TF,WAIDI,-4.653889,118.726000,0, ,0.0,0.0,0.0,0.0,2,24000,0,0,0,0,0,0
TF,ARAYA,-4.326694,118.662389,0, ,0.0,0.0,0.0,0.0,0,0,0,0,0,0,0,0
TF,IKOWA,-3.122583,117.999583,0, ,0.0,0.0,0.0,0.0,0,0,0,0,0,0,0,0
TF,GAMAL,-2.863750,118.039000,0, ,0.0,0.0,0.0,0.0,0,0,0,0,0,0,0,0

SID,GURN1A,03,5
CA,0,29.0,2,550,0,0,0,0,0,0
CF,AULIA,-4.958194,119.558694,0,MKS,21.3,5.1,359.0,6.0,0,0,0,0,0,0,0,0
TF,TANTI,-4.819083,119.531583,0, ,0.0,0.0,0.0,0.0,0,0,0,0,0,0,0,0
TF,WICAK,-4.532389,118.752694,0, ,0.0,0.0,0.0,0.0,3,17000,0,0,0,0,0,0
TF,UMARA,-4.401000,118.395889,0, ,0.0,0.0,0.0,0.0,2,24000,0,0,0,0,0,0
TF,GURNI,-3.980028,117.252278,0, ,0.0,0.0,0.0,0.0,0,0,0,0,0,0,0,0

SID,GURN1B,21,5
CF,YANKA,-5.137194,119.518139,0,MKS,183.6,6.0,209.0,4.0,0,0,0,0,0,0,0,0
TF,ADAVI,-5.137000,118.820889,0, ,0.0,0.0,0.0,0.0,3,16000,0,0,0,0,0,0
TF,GURNI,-3.980028,117.252278,0, ,0.0,0.0,0.0,0.0,0,0,0,0,0,0,0,0

SID,HASAN1,31,2
DF,MKS,-5.037811,119.526189,0, ,0.0,0.0,2,800,0,0,0,0,0,0

SID,HASAN1,ENDOG,3
IF,MKS,-5.037811,119.526189, ,0.0,0.0,2,800,0,0,0,0,0,0
TF,00MK6,-5.181628,117.862067,0, ,0.0,0.0,0.0,0.0,0,0,0,0,0,0,0,0
VI,0, ,0.0,219.0,0,0,0,0,0,0,0,0
CF,ENDOG,-5.876861,117.201500,0,MKS,249.1,147.9,249.0,6.0,0,0,0,0,0,0,0,0

SID,HASAN1,GAMAL,3
IF,MKS,-5.037811,119.526189, ,0.0,0.0,2,800,0,0,0,0,0,0
TF,GAMAL,-2.863750,118.039000,0, ,0.0,0.0,0.0,0.0,0,0,0,0,0,0,0,0

SID,HASAN1,LIPOT,3
IF,MKS,-5.037811,119.526189, ,0.0,0.0,2,800,0,0,0,0,0,0
TF,00MK4,-6.134389,118.262742,0, ,0.0,0.0,0.0,0.0,0,0,0,0,0,0,0,0
TF,LIPOT,-6.680889,117.629944,0, ,0.0,0.0,0.0,0.0,0,0,0,0,0,0,0,0

SID,HASAN1,OVINA,3
IF,MKS,-5.037811,119.526189, ,0.0,0.0,2,800,0,0,0,0,0,0
TF,00MK6,-5.181628,117.862067,0, ,0.0,0.0,0.0,0.0,0,0,0,0,0,0,0,0
VI,0, ,0.0,228.0,0,0,0,0,0,0,0,0
CF,OVINA,-5.525992,117.067883,0,MKS,257.7,150.0,258.0,31.0,0,0,0,0,0,0,0,0

SID,HASAN2,31,2
VA,0,310.0,2,3000,0,0,0,0,0,0
DF,MKS,-5.037811,119.526189,1, ,0.0,0.0,2,9000,0,0,0,0,0,0

SID,HASAN2,KANIP,3
IF,MKS,-5.037811,119.526189, ,0.0,0.0,2,9000,0,0,0,0,0,0
TF,KANIP,-3.099833,121.118111,0, ,0.0,0.0,0.0,0.0,0,0,0,0,0,0,0,0

SID,HASAN2,MILAT,3
IF,MKS,-5.037811,119.526189, ,0.0,0.0,2,9000,0,0,0,0,0,0
TF,00MK1,-4.503333,121.108333,0, ,0.0,0.0,0.0,0.0,0,0,0,0,0,0,0,0
TF,MILAT,-4.260417,121.906972,0, ,0.0,0.0,0.0,0.0,0,0,0,0,0,0,0,0

SID,HASAN2,NABAT,3
IF,MKS,-5.037811,119.526189, ,0.0,0.0,2,9000,0,0,0,0,0,0
TF,00MK2,-4.803333,121.180000,0, ,0.0,0.0,0.0,0.0,0,0,0,0,0,0,0,0
TF,NABAT,-4.645472,121.999833,0, ,0.0,0.0,0.0,0.0,0,0,0,0,0,0,0,0

SID,HASAN2,NETTO,3
IF,MKS,-5.037811,119.526189, ,0.0,0.0,2,9000,0,0,0,0,0,0
TF,MK30G,-5.440486,119.825925,0, ,0.0,0.0,0.0,0.0,2,12000,0,0,0,0,0,0
TF,NETTO,-7.049472,121.029111,0, ,0.0,0.0,0.0,0.0,0,0,0,0,0,0,0,0

SID,HASAN2,RINTO,3
IF,MKS,-5.037811,119.526189, ,0.0,0.0,2,9000,0,0,0,0,0,0
TF,MK30F,-5.294919,119.956733,0, ,0.0,0.0,0.0,0.0,2,12000,0,0,0,0,0,0
TF,00MK3,-5.893333,120.963333,0, ,0.0,0.0,0.0,0.0,0,0,0,0,0,0,0,0
TF,RINTO,-6.320167,121.682583,0, ,0.0,0.0,0.0,0.0,0,0,0,0,0,0,0,0

SID,HASAN3,31,2
DF,MKS,-5.037811,119.526189,0, ,0.0,0.0,0,0,0,0,0,0,0,0
FA,MKS,-5.037811,119.526189,0,MKS,0.0,0.0,359.0,2,3000,0,0,0,0,0,0
VI,2, ,0.0,179.0,0,0,0,0,0,0,0,0
CF,MKS,-5.037811,119.526189,0,MKS,0.0,0.0,239.0,5.0,2,6000,0,0,0,0,0,0

SID,HASAN3,ENDOG,3
IF,MKS,-5.037811,119.526189, ,0.0,0.0,2,6000,0,0,0,0,0,0
TF,00MK4,-6.134389,118.262742,0, ,0.0,0.0,0.0,0.0,0,0,0,0,0,0,0,0
VI,0, ,0.0,294.0,0,0,0,0,0,0,0,0
CF,ENDOG,-5.876861,117.201500,0,MKS,249.1,147.9,249.0,17.0,0,0,0,0,0,0,0,0

SID,HASAN3,LIPOT,3
IF,MKS,-5.037811,119.526189, ,0.0,0.0,2,6000,0,0,0,0,0,0
TF,00MK4,-6.134389,118.262742,0, ,0.0,0.0,0.0,0.0,0,0,0,0,0,0,0,0
TF,LIPOT,-6.680889,117.629944,0, ,0.0,0.0,0.0,0.0,0,0,0,0,0,0,0,0

SID,HASAN3,OVINA,3
IF,MKS,-5.037811,119.526189, ,0.0,0.0,2,6000,0,0,0,0,0,0
TF,00MK4,-6.134389,118.262742,0, ,0.0,0.0,0.0,0.0,0,0,0,0,0,0,0,0
VI,0, ,0.0,303.0,0,0,0,0,0,0,0,0
CF,OVINA,-5.525992,117.067883,0,MKS,257.7,150.0,258.0,12.0,0,0,0,0,0,0,0,0

SID,HASAN4,31,2
DF,MKS,-5.037811,119.526189,0, ,0.0,0.0,0,0,0,0,0,0,0,0
FA,MKS,-5.037811,119.526189,0,MKS,0.0,0.0,359.0,2,6000,0,0,0,0,0,0
VI,0, ,0.0,294.0,0,0,0,0,0,0,0,0
CF,GAMAL,-2.863750,118.039000,0,MKS,324.5,157.5,324.0,138.0,0,0,0,0,0,0,0,0

SID,KANI1A,03,5
CA,0,29.0,2,550,0,0,0,0,0,0
CF,AULIA,-4.958194,119.558694,0,MKS,21.3,5.1,359.0,6.0,0,0,0,0,0,0,0,0
TF,TANTI,-4.819083,119.531583,0, ,0.0,0.0,0.0,0.0,0,0,0,0,0,0,0,0
TF,WARNA,-4.784306,119.756000,2, ,0.0,0.0,0.0,0.0,2,8000,0,0,0,0,0,0
TF,IBAHI,-4.913306,119.964083,0, ,0.0,0.0,0.0,0.0,2,13000,0,0,0,0,0,0
TF,ANAWA,-4.481500,120.751583,0, ,0.0,0.0,0.0,0.0,2,23000,0,0,0,0,0,0
TF,TIWUL,-4.222806,121.223306,0, ,0.0,0.0,0.0,0.0,0,0,0,0,0,0,0,0
TF,KANIP,-3.099833,121.118111,0, ,0.0,0.0,0.0,0.0,0,0,0,0,0,0,0,0

SID,KANI1B,21,5
CF,YANKA,-5.137194,119.518139,0,MKS,183.6,6.0,209.0,4.0,0,0,0,0,0,0,0,0
TF,AINDI,-5.412694,119.518889,0, ,0.0,0.0,0.0,0.0,2,6000,0,0,0,0,0,0
TF,APURA,-5.419111,119.774389,0, ,0.0,0.0,0.0,0.0,2,11000,0,0,0,0,0,0
TF,DITIA,-5.299306,120.038111,0, ,0.0,0.0,0.0,0.0,2,16000,0,0,0,0,0,0
TF,AYAMA,-5.230306,120.189806,0, ,0.0,0.0,0.0,0.0,0,0,0,0,0,0,0,0
TF,IMANI,-5.101611,120.506889,0, ,0.0,0.0,0.0,0.0,2,25000,0,0,0,0,0,0
TF,NATAN,-4.612611,121.032611,0, ,0.0,0.0,0.0,0.0,0,0,0,0,0,0,0,0
TF,KANIP,-3.099833,121.118111,0, ,0.0,0.0,0.0,0.0,0,0,0,0,0,0,0,0

SID,KEND1A,03,5
CA,0,29.0,2,550,0,0,0,0,0,0
CF,AULIA,-4.958194,119.558694,0,MKS,21.3,5.1,359.0,6.0,0,0,0,0,0,0,0,0
TF,TANTI,-4.819083,119.531583,0, ,0.0,0.0,0.0,0.0,0,0,0,0,0,0,0,0
TF,WARNA,-4.784306,119.756000,2, ,0.0,0.0,0.0,0.0,2,8000,0,0,0,0,0,0
TF,IBAHI,-4.913306,119.964083,0, ,0.0,0.0,0.0,0.0,2,13000,0,0,0,0,0,0
TF,ANAWA,-4.481500,120.751583,0, ,0.0,0.0,0.0,0.0,2,23000,0,0,0,0,0,0
TF,TIWUL,-4.222806,121.223306,0, ,0.0,0.0,0.0,0.0,0,0,0,0,0,0,0,0
TF,KENDO,-3.280639,122.463889,0, ,0.0,0.0,0.0,0.0,0,0,0,0,0,0,0,0

SID,KEND1B,21,5
CF,YANKA,-5.137194,119.518139,0,MKS,183.6,6.0,209.0,4.0,0,0,0,0,0,0,0,0
TF,AINDI,-5.412694,119.518889,0, ,0.0,0.0,0.0,0.0,2,6000,0,0,0,0,0,0
TF,APURA,-5.419111,119.774389,0, ,0.0,0.0,0.0,0.0,2,11000,0,0,0,0,0,0
TF,DITIA,-5.299306,120.038111,0, ,0.0,0.0,0.0,0.0,2,16000,0,0,0,0,0,0
TF,AYAMA,-5.230306,120.189806,0, ,0.0,0.0,0.0,0.0,0,0,0,0,0,0,0,0
TF,IMANI,-5.101611,120.506889,0, ,0.0,0.0,0.0,0.0,2,25000,0,0,0,0,0,0
TF,NATAN,-4.612611,121.032611,0, ,0.0,0.0,0.0,0.0,0,0,0,0,0,0,0,0
TF,KENDO,-3.280639,122.463889,0, ,0.0,0.0,0.0,0.0,0,0,0,0,0,0,0,0

SID,KEVO1A,03,5
CA,0,29.0,2,550,0,0,0,0,0,0
CF,AULIA,-4.958194,119.558694,0,MKS,21.3,5.1,359.0,6.0,0,0,0,0,0,0,0,0
TF,LUHAK,-4.937694,118.743194,0, ,0.0,0.0,0.0,0.0,3,14000,0,0,0,0,0,0
TF,FRINA,-4.895000,117.049000,0, ,0.0,0.0,0.0,0.0,0,0,0,0,0,0,0,0
TF,TUGIO,-4.603194,116.667111,0, ,0.0,0.0,0.0,0.0,0,0,0,0,0,0,0,0
TF,KEVOK,-4.340944,114.941750,0, ,0.0,0.0,0.0,0.0,0,0,0,0,0,0,0,0

SID,KEVO1B,21,5
CF,YANKA,-5.137194,119.518139,0,MKS,183.6,6.0,209.0,4.0,0,0,0,0,0,0,0,0
TF,ADAVI,-5.137000,118.820889,0, ,0.0,0.0,0.0,0.0,3,16000,0,0,0,0,0,0
TF,PONGE,-5.137000,117.862500,0, ,0.0,0.0,0.0,0.0,0,0,0,0,0,0,0,0
TF,TUGIO,-4.603194,116.667111,0, ,0.0,0.0,0.0,0.0,0,0,0,0,0,0,0,0
TF,KEVOK,-4.340944,114.941750,0, ,0.0,0.0,0.0,0.0,0,0,0,0,0,0,0,0

SID,LIPO1A,03,5
CA,0,29.0,2,550,0,0,0,0,0,0
CF,AULIA,-4.958194,119.558694,0,MKS,21.3,5.1,359.0,6.0,0,0,0,0,0,0,0,0
TF,LUHAK,-4.937694,118.743194,0, ,0.0,0.0,0.0,0.0,3,14000,0,0,0,0,0,0
TF,SATIR,-5.243111,118.358889,0, ,0.0,0.0,0.0,0.0,2,24000,0,0,0,0,0,0
TF,DARIT,-5.563389,118.120389,0, ,0.0,0.0,0.0,0.0,0,0,0,0,0,0,0,0
TF,LIPOT,-6.680889,117.629944,0, ,0.0,0.0,0.0,0.0,0,0,0,0,0,0,0,0

SID,LIPO1B,21,5
CF,YANKA,-5.137194,119.518139,0,MKS,183.6,6.0,209.0,4.0,0,0,0,0,0,0,0,0
TF,YAYAN,-5.332306,119.122111,0, ,0.0,0.0,0.0,0.0,0,0,0,0,0,0,0,0
TF,LIPOT,-6.680889,117.629944,0, ,0.0,0.0,0.0,0.0,0,0,0,0,0,0,0,0

SID,MILA1A,03,5
CA,0,29.0,2,550,0,0,0,0,0,0
CF,AULIA,-4.958194,119.558694,0,MKS,21.3,5.1,359.0,6.0,0,0,0,0,0,0,0,0
TF,TANTI,-4.819083,119.531583,0, ,0.0,0.0,0.0,0.0,0,0,0,0,0,0,0,0
TF,WARNA,-4.784306,119.756000,2, ,0.0,0.0,0.0,0.0,2,8000,0,0,0,0,0,0
TF,IBAHI,-4.913306,119.964083,0, ,0.0,0.0,0.0,0.0,2,13000,0,0,0,0,0,0
TF,YUDIA,-4.631306,120.803389,0, ,0.0,0.0,0.0,0.0,2,23000,0,0,0,0,0,0
TF,IKAIL,-4.463694,121.302083,0, ,0.0,0.0,0.0,0.0,0,0,0,0,0,0,0,0
TF,MILAT,-4.260417,121.906972,0, ,0.0,0.0,0.0,0.0,0,0,0,0,0,0,0,0

SID,MILA1B,21,5
CF,YANKA,-5.137194,119.518139,0,MKS,183.6,6.0,209.0,4.0,0,0,0,0,0,0,0,0
TF,AINDI,-5.412694,119.518889,0, ,0.0,0.0,0.0,0.0,2,6000,0,0,0,0,0,0
TF,APURA,-5.419111,119.774389,0, ,0.0,0.0,0.0,0.0,2,11000,0,0,0,0,0,0
TF,DITIA,-5.299306,120.038111,0, ,0.0,0.0,0.0,0.0,2,16000,0,0,0,0,0,0
TF,AYAMA,-5.230306,120.189806,0, ,0.0,0.0,0.0,0.0,0,0,0,0,0,0,0,0
TF,IMANI,-5.101611,120.506889,0, ,0.0,0.0,0.0,0.0,2,25000,0,0,0,0,0,0
TF,MILAT,-4.260417,121.906972,0, ,0.0,0.0,0.0,0.0,0,0,0,0,0,0,0,0

SID,NABA1A,03,5
CA,0,29.0,2,550,0,0,0,0,0,0
CF,AULIA,-4.958194,119.558694,0,MKS,21.3,5.1,359.0,6.0,0,0,0,0,0,0,0,0
TF,TANTI,-4.819083,119.531583,0, ,0.0,0.0,0.0,0.0,0,0,0,0,0,0,0,0
TF,WARNA,-4.784306,119.756000,2, ,0.0,0.0,0.0,0.0,2,8000,0,0,0,0,0,0
TF,IBAHI,-4.913306,119.964083,0, ,0.0,0.0,0.0,0.0,2,13000,0,0,0,0,0,0
TF,IMANU,-4.873083,120.258083,0, ,0.0,0.0,0.0,0.0,0,0,0,0,0,0,0,0
TF,AQILA,-4.802111,120.862500,0, ,0.0,0.0,0.0,0.0,2,23000,0,0,0,0,0,0
TF,NABAT,-4.645472,121.999833,0, ,0.0,0.0,0.0,0.0,0,0,0,0,0,0,0,0

SID,NABA1B,21,5
CF,YANKA,-5.137194,119.518139,0,MKS,183.6,6.0,209.0,4.0,0,0,0,0,0,0,0,0
TF,AINDI,-5.412694,119.518889,0, ,0.0,0.0,0.0,0.0,2,6000,0,0,0,0,0,0
TF,APURA,-5.419111,119.774389,0, ,0.0,0.0,0.0,0.0,2,11000,0,0,0,0,0,0
TF,DITIA,-5.299306,120.038111,0, ,0.0,0.0,0.0,0.0,2,16000,0,0,0,0,0,0
TF,AYAMA,-5.230306,120.189806,0, ,0.0,0.0,0.0,0.0,0,0,0,0,0,0,0,0
TF,IMANI,-5.101611,120.506889,0, ,0.0,0.0,0.0,0.0,2,25000,0,0,0,0,0,0
TF,NABAT,-4.645472,121.999833,0, ,0.0,0.0,0.0,0.0,0,0,0,0,0,0,0,0

SID,NETO1A,03,5
CA,0,29.0,2,550,0,0,0,0,0,0
CF,AULIA,-4.958194,119.558694,0,MKS,21.3,5.1,359.0,6.0,0,0,0,0,0,0,0,0
TF,TANTI,-4.819083,119.531583,0, ,0.0,0.0,0.0,0.0,0,0,0,0,0,0,0,0
TF,WARNA,-4.784306,119.756000,2, ,0.0,0.0,0.0,0.0,2,8000,0,0,0,0,0,0
TF,IBAHI,-4.913306,119.964083,0, ,0.0,0.0,0.0,0.0,2,13000,0,0,0,0,0,0
TF,IMANU,-4.873083,120.258083,0, ,0.0,0.0,0.0,0.0,0,0,0,0,0,0,0,0
TF,DEKOI,-5.012194,120.492306,0, ,0.0,0.0,0.0,0.0,0,0,0,0,0,0,0,0
TF,APUGO,-5.318806,120.623194,0, ,0.0,0.0,0.0,0.0,3,18000,0,0,0,0,0,0
TF,JIWIT,-5.975889,120.903806,0, ,0.0,0.0,0.0,0.0,0,0,0,0,0,0,0,0
TF,NETTO,-7.049472,121.029111,0, ,0.0,0.0,0.0,0.0,0,0,0,0,0,0,0,0

SID,NETO1B,21,5
CF,YANKA,-5.137194,119.518139,0,MKS,183.6,6.0,209.0,4.0,0,0,0,0,0,0,0,0
TF,AINDI,-5.412694,119.518889,0, ,0.0,0.0,0.0,0.0,2,6000,0,0,0,0,0,0
TF,APURA,-5.419111,119.774389,0, ,0.0,0.0,0.0,0.0,2,11000,0,0,0,0,0,0
TF,NETTO,-7.049472,121.029111,0, ,0.0,0.0,0.0,0.0,0,0,0,0,0,0,0,0

SID,RINT1A,03,5
CA,0,29.0,2,550,0,0,0,0,0,0
CF,AULIA,-4.958194,119.558694,0,MKS,21.3,5.1,359.0,6.0,0,0,0,0,0,0,0,0
TF,TANTI,-4.819083,119.531583,0, ,0.0,0.0,0.0,0.0,0,0,0,0,0,0,0,0
TF,WARNA,-4.784306,119.756000,2, ,0.0,0.0,0.0,0.0,2,8000,0,0,0,0,0,0
TF,IBAHI,-4.913306,119.964083,0, ,0.0,0.0,0.0,0.0,2,13000,0,0,0,0,0,0
TF,IMANU,-4.873083,120.258083,0, ,0.0,0.0,0.0,0.0,0,0,0,0,0,0,0,0
TF,DEKOI,-5.012194,120.492306,0, ,0.0,0.0,0.0,0.0,0,0,0,0,0,0,0,0
TF,APUGO,-5.318806,120.623194,0, ,0.0,0.0,0.0,0.0,3,18000,0,0,0,0,0,0
TF,JIWIT,-5.975889,120.903806,0, ,0.0,0.0,0.0,0.0,0,0,0,0,0,0,0,0
TF,RINTO,-6.320167,121.682583,0, ,0.0,0.0,0.0,0.0,0,0,0,0,0,0,0,0

SID,RINT1B,21,5
CF,YANKA,-5.137194,119.518139,0,MKS,183.6,6.0,209.0,4.0,0,0,0,0,0,0,0,0
TF,AINDI,-5.412694,119.518889,0, ,0.0,0.0,0.0,0.0,2,6000,0,0,0,0,0,0
TF,APURA,-5.419111,119.774389,0, ,0.0,0.0,0.0,0.0,2,11000,0,0,0,0,0,0
TF,ZAINI,-5.789111,120.427000,0, ,0.0,0.0,0.0,0.0,0,0,0,0,0,0,0,0
TF,IDILA,-6.234194,121.211889,0, ,0.0,0.0,0.0,0.0,0,0,0,0,0,0,0,0
TF,RINTO,-6.320167,121.682583,0, ,0.0,0.0,0.0,0.0,0,0,0,0,0,0,0,0

SID,RUDA1A,03,5
CA,0,29.0,2,550,0,0,0,0,0,0
CF,AULIA,-4.958194,119.558694,0,MKS,21.3,5.1,359.0,6.0,0,0,0,0,0,0,0,0
TF,TANTI,-4.819083,119.531583,0, ,0.0,0.0,0.0,0.0,0,0,0,0,0,0,0,0
TF,WICAK,-4.532389,118.752694,0, ,0.0,0.0,0.0,0.0,3,17000,0,0,0,0,0,0
TF,AFIKA,-4.172306,118.560389,0, ,0.0,0.0,0.0,0.0,2,24000,0,0,0,0,0,0
TF,MIRED,-3.895194,118.412389,0, ,0.0,0.0,0.0,0.0,0,0,0,0,0,0,0,0
TF,RUDAL,-2.662472,118.711917,0, ,0.0,0.0,0.0,0.0,0,0,0,0,0,0,0,0

SID,RUDA1B,21,5
CF,YANKA,-5.137194,119.518139,0,MKS,183.6,6.0,209.0,4.0,0,0,0,0,0,0,0,0
TF,ADAVI,-5.137000,118.820889,0, ,0.0,0.0,0.0,0.0,3,16000,0,0,0,0,0,0
TF,WAIDI,-4.653889,118.726000,0, ,0.0,0.0,0.0,0.0,2,24000,0,0,0,0,0,0
TF,ARAYA,-4.326694,118.662389,0, ,0.0,0.0,0.0,0.0,0,0,0,0,0,0,0,0
TF,RUDAL,-2.662472,118.711917,0, ,0.0,0.0,0.0,0.0,0,0,0,0,0,0,0,0

SID,TABI1A,03,5
CA,0,29.0,2,550,0,0,0,0,0,0
CF,AULIA,-4.958194,119.558694,0,MKS,21.3,5.1,359.0,6.0,0,0,0,0,0,0,0,0
TF,LUHAK,-4.937694,118.743194,0, ,0.0,0.0,0.0,0.0,3,14000,0,0,0,0,0,0
TF,PONGE,-5.137000,117.862500,0, ,0.0,0.0,0.0,0.0,0,0,0,0,0,0,0,0
TF,TABIS,-5.193722,117.025583,0, ,0.0,0.0,0.0,0.0,0,0,0,0,0,0,0,0

SID,TABI1B,21,5
CF,YANKA,-5.137194,119.518139,0,MKS,183.6,6.0,209.0,4.0,0,0,0,0,0,0,0,0
TF,ADAVI,-5.137000,118.820889,0, ,0.0,0.0,0.0,0.0,3,16000,0,0,0,0,0,0
TF,PONGE,-5.137000,117.862500,0, ,0.0,0.0,0.0,0.0,0,0,0,0,0,0,0,0
TF,TABIS,-5.193722,117.025583,0, ,0.0,0.0,0.0,0.0,0,0,0,0,0,0,0,0

STAR,ALFA,ALL,2
IF,RUDAL,-2.662472,118.711917, ,0.0,0.0,0,0,0,0,0,0,0,0

STAR,ALFA,13,3
IF,RUDAL,-2.662472,118.711917, ,0.0,0.0,0,0,0,0,0,0,0,0
TF,MKS,-5.037811,119.526189,0, ,0.0,0.0,0.0,0.0,0,0,0,0,0,0,0,0

STAR,ALFA,31,3
IF,RUDAL,-2.662472,118.711917, ,0.0,0.0,0,0,0,0,0,0,0,0
TF,MKS,-5.037811,119.526189,0, ,0.0,0.0,0.0,0.0,0,0,0,0,0,0,0,0

STAR,BRAVO,ALL,2
IF,KANIP,-3.099833,121.118111, ,0.0,0.0,0,0,0,0,0,0,0,0

STAR,BRAVO,13,3
IF,KANIP,-3.099833,121.118111, ,0.0,0.0,0,0,0,0,0,0,0,0
TF,MKS,-5.037811,119.526189,0, ,0.0,0.0,0.0,0.0,0,0,0,0,0,0,0,0

STAR,BRAVO,31,3
IF,KANIP,-3.099833,121.118111, ,0.0,0.0,0,0,0,0,0,0,0,0
TF,MKS,-5.037811,119.526189,0, ,0.0,0.0,0.0,0.0,0,0,0,0,0,0,0,0

STAR,CHARLI,ALL,2
IF,MILAT,-4.260417,121.906972, ,0.0,0.0,0,0,0,0,0,0,0,0

STAR,CHARLI,13,3
IF,MILAT,-4.260417,121.906972, ,0.0,0.0,0,0,0,0,0,0,0,0
TF,00MK1,-4.503333,121.108333,0, ,0.0,0.0,0.0,0.0,0,0,0,0,0,0,0,0
TF,MK60A,-4.460939,120.346333,0, ,0.0,0.0,0.0,0.0,0,0,0,0,0,0,0,0
TF,MKS,-5.037811,119.526189,0, ,0.0,0.0,0.0,0.0,0,0,0,0,0,0,0,0

STAR,CHARLI,31,3
IF,MILAT,-4.260417,121.906972, ,0.0,0.0,0,0,0,0,0,0,0,0
TF,00MK1,-4.503333,121.108333,0, ,0.0,0.0,0.0,0.0,0,0,0,0,0,0,0,0
TF,MK60A,-4.460939,120.346333,0, ,0.0,0.0,0.0,0.0,0,0,0,0,0,0,0,0
TF,MKS,-5.037811,119.526189,0, ,0.0,0.0,0.0,0.0,0,0,0,0,0,0,0,0

STAR,DELTA,NABAT,1
IF,NABAT,-4.645472,121.999833, ,0.0,0.0,0,0,0,0,0,0,0,0
TF,00MK2,-4.803333,121.180000,0, ,0.0,0.0,0.0,0.0,0,0,0,0,0,0,0,0
TF,MK60B,-5.228794,120.510131,0, ,0.0,0.0,0.0,0.0,0,0,0,0,0,0,0,0

STAR,DELTA,RINTO,1
IF,RINTO,-6.320167,121.682583, ,0.0,0.0,0,0,0,0,0,0,0,0
TF,00MK3,-5.893333,120.963333,0, ,0.0,0.0,0.0,0.0,0,0,0,0,0,0,0,0
TF,MK60B,-5.228794,120.510131,0, ,0.0,0.0,0.0,0.0,0,0,0,0,0,0,0,0

STAR,DELTA,ALL,2
IF,MK60B,-5.228794,120.510131, ,0.0,0.0,0,0,0,0,0,0,0,0

STAR,DELTA,13,3
IF,MK60B,-5.228794,120.510131, ,0.0,0.0,0,0,0,0,0,0,0,0
TF,MKS,-5.037811,119.526189,0, ,0.0,0.0,0.0,0.0,0,0,0,0,0,0,0,0

STAR,DELTA,31,3
IF,MK60B,-5.228794,120.510131, ,0.0,0.0,0,0,0,0,0,0,0,0
TF,MKS,-5.037811,119.526189,0, ,0.0,0.0,0.0,0.0,0,0,0,0,0,0,0,0

STAR,ECHO,LIPOT,1
IF,LIPOT,-6.680889,117.629944, ,0.0,0.0,0,0,0,0,0,0,0,0
TF,00MK4,-6.134389,118.262742,0, ,0.0,0.0,0.0,0.0,0,0,0,0,0,0,0,0
TF,MK60C,-5.379397,118.583547,0, ,0.0,0.0,0.0,0.0,0,0,0,0,0,0,0,0

STAR,ECHO,OVINA,1
IF,OVINA,-5.525992,117.067883, ,0.0,0.0,0,0,0,0,0,0,0,0
TF,00MK5,-5.364358,117.887717,0, ,0.0,0.0,0.0,0.0,0,0,0,0,0,0,0,0
TF,MK60C,-5.379397,118.583547,0, ,0.0,0.0,0.0,0.0,0,0,0,0,0,0,0,0

STAR,ECHO,ALL,2
IF,MK60C,-5.379397,118.583547, ,0.0,0.0,0,0,0,0,0,0,0,0

STAR,ECHO,13,3
IF,MK60C,-5.379397,118.583547, ,0.0,0.0,0,0,0,0,0,0,0,0
TF,MKS,-5.037811,119.526189,0, ,0.0,0.0,0.0,0.0,0,0,0,0,0,0,0,0

STAR,ECHO,31,3
IF,MK60C,-5.379397,118.583547, ,0.0,0.0,0,0,0,0,0,0,0,0
TF,MKS,-5.037811,119.526189,0, ,0.0,0.0,0.0,0.0,0,0,0,0,0,0,0,0

STAR,EMON1C,03,5
IF,EMONA,-5.265000,124.216667, ,0.0,0.0,0,0,0,0,0,0,0,0
TF,ELQIU,-5.134500,121.521694,0, ,0.0,0.0,0.0,0.0,0,0,0,0,0,0,0,0
TF,AZWIN,-5.147194,121.125194,0, ,0.0,0.0,0.0,0.0,0,0,0,0,0,0,0,0
TF,MAULA,-5.160083,120.724306,0, ,0.0,0.0,0.0,0.0,0,0,0,0,0,0,0,0
TF,SAFRU,-5.170806,120.391083,0, ,0.0,0.0,0.0,0.0,2,19000,0,0,0,0,0,0
TF,ALVIA,-5.182000,120.044306,0, ,0.0,0.0,0.0,0.0,4,14000,12000,0,0,0,0,0
TF,EROEL,-5.189611,119.809000,0, ,0.0,0.0,0.0,0.0,2,11000,0,0,0,0,0,0
TF,ALEAS,-5.383889,119.595194,0, ,0.0,0.0,0.0,0.0,2,7000,0,0,0,0,0,0
TF,BADOK,-5.292931,119.428325,0, ,0.0,0.0,0.0,0.0,2,4000,0,0,0,0,0,0

STAR,EMON1D,21,5
IF,EMONA,-5.265000,124.216667, ,0.0,0.0,0,0,0,0,0,0,0,0
TF,ELQIU,-5.134500,121.521694,0, ,0.0,0.0,0.0,0.0,0,0,0,0,0,0,0,0
TF,AMSUL,-5.065889,120.904389,0, ,0.0,0.0,0.0,0.0,3,24000,0,0,0,0,0,0
TF,REAGA,-4.962583,119.974889,0, ,0.0,0.0,0.0,0.0,4,12000,10000,0,0,0,0,0
TF,UYOSO,-4.647917,119.731833,0, ,0.0,0.0,0.0,0.0,2,8000,0,0,0,0,0,0
TF,ARAJA,-4.723556,119.630583,0, ,0.0,0.0,0.0,0.0,2,6000,0,0,0,0,0,0

STAR,ENDO1C,03,5
IF,ENDOG,-5.876861,117.201500, ,0.0,0.0,0,0,0,0,0,0,0,0
TF,YAMIN,-5.800194,118.442889,0, ,0.0,0.0,0.0,0.0,0,0,0,0,0,0,0,0
TF,EMYRE,-5.295000,118.909083,0, ,0.0,0.0,0.0,0.0,2,13000,0,0,0,0,0,0
TF,BADOK,-5.292931,119.428325,0, ,0.0,0.0,0.0,0.0,2,4000,0,0,0,0,0,0

STAR,ENDO1D,21,5
IF,ENDOG,-5.876861,117.201500, ,0.0,0.0,0,0,0,0,0,0,0,0
TF,UMAYA,-5.657083,118.505000,0, ,0.0,0.0,0.0,0.0,0,0,0,0,0,0,0,0
TF,AYONO,-5.426889,118.753000,0, ,0.0,0.0,0.0,0.0,0,0,0,0,0,0,0,0
TF,AFITA,-5.137000,119.065306,0, ,0.0,0.0,0.0,0.0,0,0,0,0,0,0,0,0
TF,ABINU,-4.978806,119.117889,0, ,0.0,0.0,0.0,0.0,2,17000,0,0,0,0,0,0
TF,ARINA,-4.677389,119.217694,0, ,0.0,0.0,0.0,0.0,4,12000,10000,0,0,0,0,0
TF,KAILI,-4.661583,119.552194,0, ,0.0,0.0,0.0,0.0,0,0,0,0,0,0,0,0
TF,ARAJA,-4.723556,119.630583,0, ,0.0,0.0,0.0,0.0,2,6000,0,0,0,0,0,0

STAR,GAMA1C,03,5
IF,GAMAL,-2.863750,118.039000, ,0.0,0.0,0,0,0,0,0,0,0,0
TF,IYANI,-2.982472,118.235972,0, ,0.0,0.0,0.0,0.0,0,0,0,0,0,0,0,0
TF,NOPAR,-4.197500,118.909083,0, ,0.0,0.0,0.0,0.0,0,0,0,0,0,0,0,0
TF,DAVAR,-4.756889,118.909083,0, ,0.0,0.0,0.0,0.0,2,18000,0,0,0,0,0,0
TF,MARYA,-5.108500,118.909083,0, ,0.0,0.0,0.0,0.0,2,15000,0,0,0,0,0,0
TF,EMYRE,-5.295000,118.909083,0, ,0.0,0.0,0.0,0.0,2,13000,0,0,0,0,0,0
TF,BADOK,-5.292931,119.428325,0, ,0.0,0.0,0.0,0.0,2,4000,0,0,0,0,0,0

STAR,GAMA1D,21,5
IF,GAMAL,-2.863750,118.039000, ,0.0,0.0,0,0,0,0,0,0,0,0
TF,IYANI,-2.982472,118.235972,0, ,0.0,0.0,0.0,0.0,0,0,0,0,0,0,0,0
TF,ARINA,-4.677389,119.217694,0, ,0.0,0.0,0.0,0.0,4,12000,10000,0,0,0,0,0
TF,KAILI,-4.661583,119.552194,0, ,0.0,0.0,0.0,0.0,0,0,0,0,0,0,0,0
TF,ARAJA,-4.723556,119.630583,0, ,0.0,0.0,0.0,0.0,2,6000,0,0,0,0,0,0

STAR,GURN1C,03,5
IF,GURNI,-3.980028,117.252278, ,0.0,0.0,0,0,0,0,0,0,0,0
TF,YUDHO,-4.712889,118.267306,0, ,0.0,0.0,0.0,0.0,0,0,0,0,0,0,0,0
TF,DAVAR,-4.756889,118.909083,0, ,0.0,0.0,0.0,0.0,2,18000,0,0,0,0,0,0
TF,MARYA,-5.108500,118.909083,0, ,0.0,0.0,0.0,0.0,2,15000,0,0,0,0,0,0
TF,EMYRE,-5.295000,118.909083,0, ,0.0,0.0,0.0,0.0,2,13000,0,0,0,0,0,0
TF,BADOK,-5.292931,119.428325,0, ,0.0,0.0,0.0,0.0,2,4000,0,0,0,0,0,0

STAR,GURN1D,21,5
IF,GURNI,-3.980028,117.252278, ,0.0,0.0,0,0,0,0,0,0,0,0
TF,ERAFI,-4.435194,118.533889,0, ,0.0,0.0,0.0,0.0,3,23000,0,0,0,0,0,0
TF,ARINA,-4.677389,119.217694,0, ,0.0,0.0,0.0,0.0,4,12000,10000,0,0,0,0,0
TF,KAILI,-4.661583,119.552194,0, ,0.0,0.0,0.0,0.0,0,0,0,0,0,0,0,0
TF,ARAJA,-4.723556,119.630583,0, ,0.0,0.0,0.0,0.0,2,6000,0,0,0,0,0,0

STAR,KANI1C,03,5
IF,KANIP,-3.099833,121.118111, ,0.0,0.0,0,0,0,0,0,0,0,0
TF,ELSIA,-3.424000,121.441306,0, ,0.0,0.0,0.0,0.0,0,0,0,0,0,0,0,0
TF,GIRAM,-3.869083,121.462306,0, ,0.0,0.0,0.0,0.0,0,0,0,0,0,0,0,0
TF,HAFSA,-4.241889,121.480000,0, ,0.0,0.0,0.0,0.0,0,0,0,0,0,0,0,0
TF,DENIA,-4.719083,121.502611,0, ,0.0,0.0,0.0,0.0,0,0,0,0,0,0,0,0
TF,AZWIN,-5.147194,121.125194,0, ,0.0,0.0,0.0,0.0,0,0,0,0,0,0,0,0
TF,MAULA,-5.160083,120.724306,0, ,0.0,0.0,0.0,0.0,0,0,0,0,0,0,0,0
TF,SAFRU,-5.170806,120.391083,0, ,0.0,0.0,0.0,0.0,2,19000,0,0,0,0,0,0
TF,ALVIA,-5.182000,120.044306,0, ,0.0,0.0,0.0,0.0,4,14000,12000,0,0,0,0,0
TF,EROEL,-5.189611,119.809000,0, ,0.0,0.0,0.0,0.0,2,11000,0,0,0,0,0,0
TF,ALEAS,-5.383889,119.595194,0, ,0.0,0.0,0.0,0.0,2,7000,0,0,0,0,0,0
TF,BADOK,-5.292931,119.428325,0, ,0.0,0.0,0.0,0.0,2,4000,0,0,0,0,0,0

STAR,KANI1D,21,5
IF,KANIP,-3.099833,121.118111, ,0.0,0.0,0,0,0,0,0,0,0,0
TF,GOLUT,-4.382611,121.139694,0, ,0.0,0.0,0.0,0.0,0,0,0,0,0,0,0,0
TF,MITHA,-4.647111,120.821889,0, ,0.0,0.0,0.0,0.0,0,0,0,0,0,0,0,0
TF,REAGA,-4.962583,119.974889,0, ,0.0,0.0,0.0,0.0,4,12000,10000,0,0,0,0,0
TF,UYOSO,-4.647917,119.731833,0, ,0.0,0.0,0.0,0.0,2,8000,0,0,0,0,0,0
TF,ARAJA,-4.723556,119.630583,0, ,0.0,0.0,0.0,0.0,2,6000,0,0,0,0,0,0

STAR,KEND1C,03,5
IF,KENDO,-3.280639,122.463889, ,0.0,0.0,0,0,0,0,0,0,0,0
TF,MILAT,-4.260417,121.906972,0, ,0.0,0.0,0.0,0.0,0,0,0,0,0,0,0,0
TF,DENIA,-4.719083,121.502611,0, ,0.0,0.0,0.0,0.0,0,0,0,0,0,0,0,0
TF,AZWIN,-5.147194,121.125194,0, ,0.0,0.0,0.0,0.0,0,0,0,0,0,0,0,0
TF,MAULA,-5.160083,120.724306,0, ,0.0,0.0,0.0,0.0,0,0,0,0,0,0,0,0
TF,SAFRU,-5.170806,120.391083,0, ,0.0,0.0,0.0,0.0,2,19000,0,0,0,0,0,0
TF,ALVIA,-5.182000,120.044306,0, ,0.0,0.0,0.0,0.0,4,14000,12000,0,0,0,0,0
TF,EROEL,-5.189611,119.809000,0, ,0.0,0.0,0.0,0.0,2,11000,0,0,0,0,0,0
TF,ALEAS,-5.383889,119.595194,0, ,0.0,0.0,0.0,0.0,2,7000,0,0,0,0,0,0
TF,BADOK,-5.292931,119.428325,0, ,0.0,0.0,0.0,0.0,2,4000,0,0,0,0,0,0

STAR,KEND1D,21,5
IF,KENDO,-3.280639,122.463889, ,0.0,0.0,0,0,0,0,0,0,0,0
TF,GOLUT,-4.382611,121.139694,0, ,0.0,0.0,0.0,0.0,0,0,0,0,0,0,0,0
TF,MITHA,-4.647111,120.821889,0, ,0.0,0.0,0.0,0.0,0,0,0,0,0,0,0,0
TF,REAGA,-4.962583,119.974889,0, ,0.0,0.0,0.0,0.0,4,12000,10000,0,0,0,0,0
TF,UYOSO,-4.647917,119.731833,0, ,0.0,0.0,0.0,0.0,2,8000,0,0,0,0,0,0
TF,ARAJA,-4.723556,119.630583,0, ,0.0,0.0,0.0,0.0,2,6000,0,0,0,0,0,0

STAR,KEVO1C,03,5
IF,KEVOK,-4.340944,114.941750, ,0.0,0.0,0,0,0,0,0,0,0,0
TF,TUGIO,-4.603194,116.667111,0, ,0.0,0.0,0.0,0.0,0,0,0,0,0,0,0,0
TF,YUDHO,-4.712889,118.267306,0, ,0.0,0.0,0.0,0.0,0,0,0,0,0,0,0,0
TF,DAVAR,-4.756889,118.909083,0, ,0.0,0.0,0.0,0.0,2,18000,0,0,0,0,0,0
TF,MARYA,-5.108500,118.909083,0, ,0.0,0.0,0.0,0.0,2,15000,0,0,0,0,0,0
TF,EMYRE,-5.295000,118.909083,0, ,0.0,0.0,0.0,0.0,2,13000,0,0,0,0,0,0
TF,BADOK,-5.292931,119.428325,0, ,0.0,0.0,0.0,0.0,2,4000,0,0,0,0,0,0

STAR,KEVO1D,21,5
IF,KEVOK,-4.340944,114.941750, ,0.0,0.0,0,0,0,0,0,0,0,0
TF,TUGIO,-4.603194,116.667111,0, ,0.0,0.0,0.0,0.0,0,0,0,0,0,0,0,0
TF,ERAFI,-4.435194,118.533889,0, ,0.0,0.0,0.0,0.0,3,23000,0,0,0,0,0,0
TF,ARINA,-4.677389,119.217694,0, ,0.0,0.0,0.0,0.0,4,12000,10000,0,0,0,0,0
TF,KAILI,-4.661583,119.552194,0, ,0.0,0.0,0.0,0.0,0,0,0,0,0,0,0,0
TF,ARAJA,-4.723556,119.630583,0, ,0.0,0.0,0.0,0.0,2,6000,0,0,0,0,0,0

STAR,LIPO1C,03,5
IF,LIPOT,-6.680889,117.629944, ,0.0,0.0,0,0,0,0,0,0,0,0
TF,YAMIN,-5.800194,118.442889,0, ,0.0,0.0,0.0,0.0,0,0,0,0,0,0,0,0
TF,EMYRE,-5.295000,118.909083,0, ,0.0,0.0,0.0,0.0,2,13000,0,0,0,0,0,0
TF,BADOK,-5.292931,119.428325,0, ,0.0,0.0,0.0,0.0,2,4000,0,0,0,0,0,0

STAR,LIPO1D,21,5
IF,LIPOT,-6.680889,117.629944, ,0.0,0.0,0,0,0,0,0,0,0,0
TF,ARAUF,-5.983306,118.153583,0, ,0.0,0.0,0.0,0.0,0,0,0,0,0,0,0,0
TF,UMAYA,-5.657083,118.505000,0, ,0.0,0.0,0.0,0.0,0,0,0,0,0,0,0,0
TF,AYONO,-5.426889,118.753000,0, ,0.0,0.0,0.0,0.0,0,0,0,0,0,0,0,0
TF,AFITA,-5.137000,119.065306,0, ,0.0,0.0,0.0,0.0,0,0,0,0,0,0,0,0
TF,ABINU,-4.978806,119.117889,0, ,0.0,0.0,0.0,0.0,2,17000,0,0,0,0,0,0
TF,ARINA,-4.677389,119.217694,0, ,0.0,0.0,0.0,0.0,4,12000,10000,0,0,0,0,0
TF,KAILI,-4.661583,119.552194,0, ,0.0,0.0,0.0,0.0,0,0,0,0,0,0,0,0
TF,ARAJA,-4.723556,119.630583,0, ,0.0,0.0,0.0,0.0,2,6000,0,0,0,0,0,0

STAR,MILA1C,03,5
IF,MILAT,-4.260417,121.906972, ,0.0,0.0,0,0,0,0,0,0,0,0
TF,DENIA,-4.719083,121.502611,0, ,0.0,0.0,0.0,0.0,0,0,0,0,0,0,0,0
TF,AZWIN,-5.147194,121.125194,0, ,0.0,0.0,0.0,0.0,0,0,0,0,0,0,0,0
TF,MAULA,-5.160083,120.724306,0, ,0.0,0.0,0.0,0.0,0,0,0,0,0,0,0,0
TF,SAFRU,-5.170806,120.391083,0, ,0.0,0.0,0.0,0.0,2,19000,0,0,0,0,0,0
TF,ALVIA,-5.182000,120.044306,0, ,0.0,0.0,0.0,0.0,4,14000,12000,0,0,0,0,0
TF,EROEL,-5.189611,119.809000,0, ,0.0,0.0,0.0,0.0,2,11000,0,0,0,0,0,0
TF,ALEAS,-5.383889,119.595194,0, ,0.0,0.0,0.0,0.0,2,7000,0,0,0,0,0,0
TF,BADOK,-5.292931,119.428325,0, ,0.0,0.0,0.0,0.0,2,4000,0,0,0,0,0,0

STAR,MILA1D,21,5
IF,MILAT,-4.260417,121.906972, ,0.0,0.0,0,0,0,0,0,0,0,0
TF,MITHA,-4.647111,120.821889,0, ,0.0,0.0,0.0,0.0,0,0,0,0,0,0,0,0
TF,REAGA,-4.962583,119.974889,0, ,0.0,0.0,0.0,0.0,4,12000,10000,0,0,0,0,0
TF,UYOSO,-4.647917,119.731833,0, ,0.0,0.0,0.0,0.0,2,8000,0,0,0,0,0,0
TF,ARAJA,-4.723556,119.630583,0, ,0.0,0.0,0.0,0.0,2,6000,0,0,0,0,0,0

STAR,NABA1C,03,5
IF,NABAT,-4.645472,121.999833, ,0.0,0.0,0,0,0,0,0,0,0,0
TF,ELQIU,-5.134500,121.521694,0, ,0.0,0.0,0.0,0.0,0,0,0,0,0,0,0,0
TF,AZWIN,-5.147194,121.125194,0, ,0.0,0.0,0.0,0.0,0,0,0,0,0,0,0,0
TF,MAULA,-5.160083,120.724306,0, ,0.0,0.0,0.0,0.0,0,0,0,0,0,0,0,0
TF,SAFRU,-5.170806,120.391083,0, ,0.0,0.0,0.0,0.0,2,19000,0,0,0,0,0,0
TF,ALVIA,-5.182000,120.044306,0, ,0.0,0.0,0.0,0.0,4,14000,12000,0,0,0,0,0
TF,EROEL,-5.189611,119.809000,0, ,0.0,0.0,0.0,0.0,2,11000,0,0,0,0,0,0
TF,ALEAS,-5.383889,119.595194,0, ,0.0,0.0,0.0,0.0,2,7000,0,0,0,0,0,0
TF,BADOK,-5.292931,119.428325,0, ,0.0,0.0,0.0,0.0,2,4000,0,0,0,0,0,0

STAR,NABA1D,21,5
IF,NABAT,-4.645472,121.999833, ,0.0,0.0,0,0,0,0,0,0,0,0
TF,MITHA,-4.647111,120.821889,0, ,0.0,0.0,0.0,0.0,0,0,0,0,0,0,0,0
TF,REAGA,-4.962583,119.974889,0, ,0.0,0.0,0.0,0.0,4,12000,10000,0,0,0,0,0
TF,UYOSO,-4.647917,119.731833,0, ,0.0,0.0,0.0,0.0,2,8000,0,0,0,0,0,0
TF,ARAJA,-4.723556,119.630583,0, ,0.0,0.0,0.0,0.0,2,6000,0,0,0,0,0,0

STAR,NETO1C,03,5
IF,NETTO,-7.049472,121.029111, ,0.0,0.0,0,0,0,0,0,0,0,0
TF,ALVIA,-5.182000,120.044306,0, ,0.0,0.0,0.0,0.0,4,14000,12000,0,0,0,0,0
TF,EROEL,-5.189611,119.809000,0, ,0.0,0.0,0.0,0.0,2,11000,0,0,0,0,0,0
TF,ALEAS,-5.383889,119.595194,0, ,0.0,0.0,0.0,0.0,2,7000,0,0,0,0,0,0
TF,BADOK,-5.292931,119.428325,0, ,0.0,0.0,0.0,0.0,2,4000,0,0,0,0,0,0

STAR,NETO1D,21,5
IF,NETTO,-7.049472,121.029111, ,0.0,0.0,0,0,0,0,0,0,0,0
TF,IMADE,-5.548611,120.445194,0, ,0.0,0.0,0.0,0.0,0,0,0,0,0,0,0,0
TF,AQIBA,-5.359694,120.293583,0, ,0.0,0.0,0.0,0.0,3,15000,0,0,0,0,0,0
TF,REAGA,-4.962583,119.974889,0, ,0.0,0.0,0.0,0.0,4,12000,10000,0,0,0,0,0
TF,UYOSO,-4.647917,119.731833,0, ,0.0,0.0,0.0,0.0,2,8000,0,0,0,0,0,0
TF,ARAJA,-4.723556,119.630583,0, ,0.0,0.0,0.0,0.0,2,6000,0,0,0,0,0,0

STAR,OVIN1C,03,5
IF,OVINA,-5.525992,117.067883, ,0.0,0.0,0,0,0,0,0,0,0,0
TF,NAZUL,-5.397306,118.094000,0, ,0.0,0.0,0.0,0.0,3,23000,0,0,0,0,0,0
TF,EMYRE,-5.295000,118.909083,0, ,0.0,0.0,0.0,0.0,2,13000,0,0,0,0,0,0
TF,BADOK,-5.292931,119.428325,0, ,0.0,0.0,0.0,0.0,2,4000,0,0,0,0,0,0

STAR,OVIN1D,21,5
IF,OVINA,-5.525992,117.067883, ,0.0,0.0,0,0,0,0,0,0,0,0
TF,AYONO,-5.426889,118.753000,0, ,0.0,0.0,0.0,0.0,0,0,0,0,0,0,0,0
TF,AFITA,-5.137000,119.065306,0, ,0.0,0.0,0.0,0.0,0,0,0,0,0,0,0,0
TF,ABINU,-4.978806,119.117889,0, ,0.0,0.0,0.0,0.0,2,17000,0,0,0,0,0,0
TF,ARINA,-4.677389,119.217694,0, ,0.0,0.0,0.0,0.0,4,12000,10000,0,0,0,0,0
TF,KAILI,-4.661583,119.552194,0, ,0.0,0.0,0.0,0.0,0,0,0,0,0,0,0,0
TF,ARAJA,-4.723556,119.630583,0, ,0.0,0.0,0.0,0.0,2,6000,0,0,0,0,0,0

STAR,RINT1C,03,5
IF,RINTO,-6.320167,121.682583, ,0.0,0.0,0,0,0,0,0,0,0,0
TF,MAULA,-5.160083,120.724306,0, ,0.0,0.0,0.0,0.0,0,0,0,0,0,0,0,0
TF,SAFRU,-5.170806,120.391083,0, ,0.0,0.0,0.0,0.0,2,19000,0,0,0,0,0,0
TF,ALVIA,-5.182000,120.044306,0, ,0.0,0.0,0.0,0.0,4,14000,12000,0,0,0,0,0
TF,EROEL,-5.189611,119.809000,0, ,0.0,0.0,0.0,0.0,2,11000,0,0,0,0,0,0
TF,ALEAS,-5.383889,119.595194,0, ,0.0,0.0,0.0,0.0,2,7000,0,0,0,0,0,0
TF,BADOK,-5.292931,119.428325,0, ,0.0,0.0,0.0,0.0,2,4000,0,0,0,0,0,0

STAR,RINT1D,21,5
IF,RINTO,-6.320167,121.682583, ,0.0,0.0,0,0,0,0,0,0,0,0
TF,IMADE,-5.548611,120.445194,0, ,0.0,0.0,0.0,0.0,0,0,0,0,0,0,0,0
TF,AQIBA,-5.359694,120.293583,0, ,0.0,0.0,0.0,0.0,3,15000,0,0,0,0,0,0
TF,REAGA,-4.962583,119.974889,0, ,0.0,0.0,0.0,0.0,4,12000,10000,0,0,0,0,0
TF,UYOSO,-4.647917,119.731833,0, ,0.0,0.0,0.0,0.0,2,8000,0,0,0,0,0,0
TF,ARAJA,-4.723556,119.630583,0, ,0.0,0.0,0.0,0.0,2,6000,0,0,0,0,0,0

STAR,ZELD1C,03,5
IF,ZELDY,-2.505000,118.967500, ,0.0,0.0,0,0,0,0,0,0,0,0
TF,NINCY,-3.472111,118.784806,0, ,0.0,0.0,0.0,0.0,0,0,0,0,0,0,0,0
TF,NOPAR,-4.197500,118.909083,0, ,0.0,0.0,0.0,0.0,0,0,0,0,0,0,0,0
TF,DAVAR,-4.756889,118.909083,0, ,0.0,0.0,0.0,0.0,2,18000,0,0,0,0,0,0
TF,MARYA,-5.108500,118.909083,0, ,0.0,0.0,0.0,0.0,2,15000,0,0,0,0,0,0
TF,EMYRE,-5.295000,118.909083,0, ,0.0,0.0,0.0,0.0,2,13000,0,0,0,0,0,0
TF,BADOK,-5.292931,119.428325,0, ,0.0,0.0,0.0,0.0,2,4000,0,0,0,0,0,0

STAR,ZELD1D,21,5
IF,ZELDY,-2.505000,118.967500, ,0.0,0.0,0,0,0,0,0,0,0,0
TF,NINCY,-3.472111,118.784806,0, ,0.0,0.0,0.0,0.0,0,0,0,0,0,0,0,0
TF,ARINA,-4.677389,119.217694,0, ,0.0,0.0,0.0,0.0,4,12000,10000,0,0,0,0,0
TF,KAILI,-4.661583,119.552194,0, ,0.0,0.0,0.0,0.0,0,0,0,0,0,0,0,0
TF,ARAJA,-4.723556,119.630583,0, ,0.0,0.0,0.0,0.0,2,6000,0,0,0,0,0,0

APPTR,D03,03,BADOK
IF,BADOK,-5.292931,119.428325, ,0.0,0.0,2,4000,0,0,0,0,1,0
TF,CD03,-5.238025,119.460114,0, ,0.0,0.0,0.0,0.0,2,2800,0,0,0,0,1,0

FINAL,D03,03,D,3
IF,CD03,-5.238025,119.460114,MAK,209.0,12.8,2,2800,0,0,0,0,0,0
CF,FD03,-5.180014,119.493533,0,MAK,209.0,8.8,29.0,4.0,2,2000,0,0,0,0,2,0
CF,RW03,-5.092286,119.544031,0,MAK,209.0,2.8,29.0,6.0,1,90,0,0,0,0,3,0
CF,MAK,-5.052383,119.567036,0,MAK,0.0,0.0,29.0,2.8,0,0,0,0,0,0,0,1
TF,COPAK,-4.779133,119.590933,0, ,0.0,0.0,0.0,0.0,2,5000,0,0,0,0,0,0
HM,COPAK,-4.779133,119.590933,2, ,0.0,0.0,184.0,04.3,0,0,0,0,0,0,0,0,0

APPTR,D13,13,MKS
IF,MKS,-5.037811,119.526189, ,0.0,0.0,2,10000,0,0,0,0,0,0
FD,MKS,-5.037811,119.526189,0,MKS,0.0,8.4,276.0,8.4,0,0,0,0,0,0,0,0
CF,FD13,-4.953136,119.414161,2,MKS,306.0,8.4,126.0,1.0,2,3000,0,0,0,0,0,0

FINAL,D13,13,D,5
IF,FD13,-4.953136,119.414161,MKS,306.0,8.4,2,3000,0,0,0,0,2,0
CF,60VOR,-4.977331,119.446167,0,MKS,306.0,6.0,126.0,2.4,2,2340,0,0,0,0,0,0
CF,40VOR,-4.997492,119.472839,0,MKS,306.0,4.0,126.0,2.0,2,1754,0,0,0,0,0,0
CF,20VOR,-5.017650,119.499511,0,MKS,306.0,2.0,126.0,2.0,2,1174,0,0,0,0,0,0
CF,MKS,-5.037811,119.526189,0,MKS,0.0,0.0,126.0,2.0,1,556,0,0,0,0,3,0
VM,0,0,1,306.0,2,2500,0,0,0,0,0,0

APPTR,D21,21,ARAJA
IF,ARAJA,-4.723556,119.630583, ,0.0,0.0,2,6000,0,0,0,0,1,0
CF,OPENG,-4.772897,119.621186,0,MAK,10.0,17.0,190.0,3.0,2,5300,0,0,0,0,0,0
CF,KABIB,-4.900167,119.654778,0,MAK,29.0,10.5,164.0,7.9,2,3200,0,0,0,0,1,0

FINAL,D21,21,D,3
IF,KABIB,-4.900167,119.654778,MAK,29.0,10.5,2,3200,0,0,0,0,0,0
CF,FD21,-4.966806,119.616297,0,MAK,29.0,5.9,209.0,4.6,2,2300,0,0,0,0,2,0
CF,RW21,-5.068031,119.558014,0,MAK,209.0,1.1,209.0,7.0,1,93,0,0,0,0,3,0
CF,BADOK,-5.292931,119.428325,0,MAK,209.0,16.6,209.0,15.5,2,4000,0,0,0,0,0,0

APPTR,I03,03,BADOK
IF,BADOK,-5.292931,119.428325, ,0.0,0.0,2,4000,0,0,0,0,1,0
CF,CI03,-5.237961,119.460008,0,IUJP,209.0,12.0,29.0,3.8,2,2800,0,0,0,0,1,0

FINAL,I03,03,I,3
IF,CI03,-5.237961,119.460008,IUJP,209.0,12.0,2,2800,0,0,0,0,0,0
CF,FI03,-5.179969,119.493461,0,IUJP,209.0,8.0,29.0,4.0,1,2000,0,0,0,0,2,0
CF,RW03,-5.092286,119.544031,0,IUJP,209.0,1.9,29.0,6.1,1,90,0,0,0,0,3,0
CF,MAK,-5.052383,119.567036,0,MAK,0.0,0.0,29.0,2.8,0,0,0,0,0,0,0,0
TF,COPAK,-4.779133,119.590933,0, ,0.0,0.0,0.0,0.0,2,5000,0,0,0,0,0,0
HM,COPAK,-4.779133,119.590933,2, ,0.0,0.0,184.0,04.3,2,5000,0,0,0,0,0,0,0

FINAL,I13,13,I,3
IF,CF13,-4.972233,119.450250,IUPG,309.7,9.0,2,1500,0,0,0,0,0,0
CF,FF13,-5.001597,119.484322,0,IUPG,309.7,6.3,129.0,2.7,1,1500,0,0,0,0,2,0
CF,RW13,-5.054289,119.545478,0,IUPG,309.7,1.5,129.0,4.8,1,94,0,0,0,0,3,0
CA,0,129.0,2,550,0,0,0,0,0,0
VM,0,0,1,309.0,2,2500,0,0,0,0,0,0

APPTR,I21,21,ARAJA
IF,ARAJA,-4.723556,119.630583, ,0.0,0.0,2,6000,0,0,0,0,1,0
CF,OPENG,-4.772897,119.621186,0,MAK,10.0,17.0,190.0,3.0,2,5300,0,0,0,0,0,0
CF,KABIB,-4.900167,119.654778,0,IMAK,29.0,13.4,164.0,7.9,2,3200,0,0,0,0,1,0

FINAL,I21,21,I,3
IF,KABIB,-4.900167,119.654778,IMAK,29.0,13.4,2,3200,0,0,0,0,0,0
CF,FI21,-4.981111,119.608111,0,IMAK,29.0,7.8,209.0,5.6,1,2000,0,0,0,0,2,0
CF,RW21,-5.068031,119.558014,0,IMAK,29.0,1.8,209.0,6.0,1,93,0,0,0,0,3,0
CF,BADOK,-5.292931,119.428325,0,MAK,209.0,16.6,209.0,15.5,2,4000,0,0,0,0,0,0

FINAL,L13,13,D,3
IF,CF13,-4.972233,119.450250,IUPG,309.7,9.0,2,1500,0,0,0,0,0,0
CF,FF13,-5.001597,119.484322,0,IUPG,309.7,6.3,129.0,2.7,2,1500,0,0,0,0,2,0
CF,MM13,-5.048194,119.538417,0,IUPG,309.7,2.0,129.0,4.3,1,267,0,0,0,0,3,0
CA,0,129.0,2,550,0,0,0,0,0,0
VM,0,0,1,309.0,2,2500,0,0,0,0,0,0

APPTR,N13,13,OJ
IF,OJ,-5.082456,119.518792, ,0.0,0.0,2,12000,0,0,0,0,0,0
FC,OJ,-5.082456,119.518792,0,MKS,0.0,0.0,264.0,7.0,0,0,0,0,0,0,0,1
CF,FN13,-5.148161,119.425189,1,MKS,221.9,9.0,54.0,1.0,2,3000,0,0,0,0,0,0

FINAL,N13,13,N,2
IF,FN13,-5.148161,119.425189,OJ,0.0,0.0,2,3000,0,0,0,0,2,0
CF,OJ,-5.082456,119.518792,0,OJ,0.0,0.0,54.0,6.8,1,833,0,0,0,0,3,0
VA,1,234.0,2,2500,0,0,0,0,0,0

APPTR,R21,21,ARAJA
IF,ARAJA,-4.723556,119.630583, ,0.0,0.0,2,6000,0,0,0,0,1,0
TF,KABIB,-4.900167,119.654778,0, ,0.0,0.0,0.0,0.0,2,3100,0,0,0,0,1,0

FINAL,R21,21,R,3
IF,KABIB,-4.900167,119.654778, ,0.0,0.0,2,3100,0,0,0,0,0,0
TF,AA501,-4.963972,119.618000,0, ,0.0,0.0,209.0,4.4,2,2300,0,0,0,0,2,0
TF,RW21,-5.068031,119.558014,0, ,0.0,0.0,209.0,7.2,1,91,0,0,0,0,3,1
DF,BADOK,-5.292931,119.428325,0, ,0.0,0.0,2,4000,0,0,0,0,0,0
HM,BADOK,-5.292931,119.428325,1, ,0.0,0.0,30.0,04.3,2,4000,0,1,220,0,0,0,0

