STAR,NQ,ALL,2
IF,NQ,-8.474331,117.404736, ,0.0,0.0,0,0,0,0,0,0,0,0
TF,NMA,-8.534144,118.691567,0, ,0.0,0.0,0.0,0.0,0,0,0,0,0,0,0,0
TF,TELUK,-8.199503,118.678392,1, ,0.0,0.0,0.0,0.0,0,0,0,0,0,0,0,0

STAR,RG,ALL,2
IF,RG,-8.599322,120.479997, ,0.0,0.0,0,0,0,0,0,0,0,0
TF,NMA,-8.534144,118.691567,0, ,0.0,0.0,0.0,0.0,0,0,0,0,0,0,0,0
TF,TELUK,-8.199503,118.678392,0, ,0.0,0.0,0.0,0.0,0,0,0,0,0,0,0,0

STAR,UNSEP,ALL,2
IF,UNSEP,-6.960800,125.802200, ,0.0,0.0,0,0,0,0,0,0,0,0
TF,NMA,-8.534144,118.691567,0, ,0.0,0.0,0.0,0.0,0,0,0,0,0,0,0,0
TF,TELUK,-8.199503,118.678392,0, ,0.0,0.0,0.0,0.0,0,0,0,0,0,0,0,0

APPTR,R14-R,14,TELUK
HF,TELUK,-8.199503,118.678392,2, ,0.0,0.0,177.0,04.3,2,7000,0,0,0,0,1,0,0

FINAL,R14-R,14,R,2
IF,TELUK,-8.199503,118.678392,NMA,356.8,20.0,2,7000,0,0,0,0,2,0
CF,NMA,-8.534144,118.691567,0,NMA,0.0,0.0,177.0,20.0,1,1950,0,0,0,0,3,0
VI,2, ,0.0,27.0,0,0,0,0,0,0,0,0
CF,TELUK,-8.199503,118.678392,0,NMA,356.8,20.0,357.0,14.0,2,7000,0,0,0,0,0,0

APPTR,R32-R,32,TELUK
HF,TELUK,-8.199503,118.678392,2, ,0.0,0.0,177.0,04.3,2,7000,0,0,0,0,1,0,0

FINAL,R32-R,32,R,2
IF,TELUK,-8.199503,118.678392,NMA,356.8,20.0,2,7000,0,0,0,0,2,0
CF,NMA,-8.534144,118.691567,0,NMA,0.0,0.0,177.0,20.0,1,1950,0,0,0,0,3,0
VI,2, ,0.0,27.0,0,0,0,0,0,0,0,0
CF,TELUK,-8.199503,118.678392,0,NMA,356.8,20.0,357.0,14.0,2,7000,0,0,0,0,0,0

