SID,ANGS3A,09,5
CF,BAWAL,-8.734361,115.509639,0,BLI,86.3,20.6,87.0,20.0,0,0,0,0,0,0,0,0
TF,CODOT,-8.945194,115.823306,0, ,0.0,0.0,0.0,0.0,3,8000,0,0,0,0,0,0
TF,DAMBO,-9.128611,116.560194,0, ,0.0,0.0,0.0,0.0,2,24000,0,0,0,0,0,0
TF,ANGSA,-9.106111,117.066667,0, ,0.0,0.0,0.0,0.0,0,0,0,0,0,0,0,0

SID,ANGS3B,27,5
CF,LEBAH,-8.746800,114.921800,0,BLI,269.9,14.4,269.0,14.0,0,0,0,0,0,0,0,0
TF,RUBAH,-9.419000,115.003500,1, ,0.0,0.0,0.0,0.0,3,17000,0,0,0,0,0,0
TF,SANCA,-9.419500,115.829200,0, ,0.0,0.0,0.0,0.0,2,24000,0,0,0,0,0,0
TF,ANGSA,-9.106111,117.066667,0, ,0.0,0.0,0.0,0.0,0,0,0,0,0,0,0,0

SID,BADA3A,09,5
CF,BAWAL,-8.734361,115.509639,0,BLI,86.3,20.6,87.0,20.0,0,0,0,0,0,0,0,0
TF,BERUG,-8.549194,115.695611,0, ,0.0,0.0,0.0,0.0,2,7000,0,0,0,0,0,0
TF,BETET,-8.445472,115.682972,0, ,0.0,0.0,0.0,0.0,0,0,0,0,0,0,0,0
TF,PUPUS,-7.976778,115.654639,0, ,0.0,0.0,0.0,0.0,2,20000,0,0,0,0,0,0
TF,BUAYA,-7.561583,115.629583,0, ,0.0,0.0,0.0,0.0,2,24000,0,0,0,0,0,0
TF,BADAK,-6.877222,115.611111,0, ,0.0,0.0,0.0,0.0,0,0,0,0,0,0,0,0

SID,BADA3B,27,5
CF,LEBAH,-8.746800,114.921800,0,BLI,269.9,14.4,269.0,14.0,0,0,0,0,0,0,0,0
TF,LIPAS,-8.799233,114.131603,0, ,0.0,0.0,0.0,0.0,3,13000,0,0,0,0,0,0
TF,LINTA,-8.481722,114.040081,0, ,0.0,0.0,0.0,0.0,0,0,0,0,0,0,0,0
TF,MACAN,-8.202658,114.163631,0, ,0.0,0.0,0.0,0.0,2,24000,0,0,0,0,0,0
TF,MANUK,-7.964700,114.267900,0, ,0.0,0.0,0.0,0.0,0,0,0,0,0,0,0,0
TF,BADAK,-6.877222,115.611111,0, ,0.0,0.0,0.0,0.0,0,0,0,0,0,0,0,0

SID,BATU2A,09,5
CF,BAWAL,-8.734361,115.509639,0,BLI,86.3,20.6,87.0,20.0,0,0,0,0,0,0,0,0
TF,BERUG,-8.549194,115.695611,0, ,0.0,0.0,0.0,0.0,2,7000,0,0,0,0,0,0
TF,BETET,-8.445472,115.682972,0, ,0.0,0.0,0.0,0.0,0,0,0,0,0,0,0,0
TF,BANGO,-8.457889,115.287972,0, ,0.0,0.0,0.0,0.0,2,10000,0,0,0,0,0,0
TF,BIPOK,-8.467389,114.985694,0, ,0.0,0.0,0.0,0.0,0,0,0,0,0,0,0,0
TF,MUTON,-8.353028,114.915667,0, ,0.0,0.0,0.0,0.0,0,0,0,0,0,0,0,0
TF,MERDI,-7.901472,114.647694,0, ,0.0,0.0,0.0,0.0,2,24000,0,0,0,0,0,0
TF,SIFAH,-7.640000,114.505889,0, ,0.0,0.0,0.0,0.0,0,0,0,0,0,0,0,0
TF,BATUR,-7.562972,114.296444,0, ,0.0,0.0,0.0,0.0,0,0,0,0,0,0,0,0

SID,BATU2B,27,5
CF,LEBAH,-8.746800,114.921800,0,BLI,269.9,14.4,269.0,14.0,0,0,0,0,0,0,0,0
TF,LIPAS,-8.799233,114.131603,0, ,0.0,0.0,0.0,0.0,3,13000,0,0,0,0,0,0
TF,LINTA,-8.481722,114.040081,0, ,0.0,0.0,0.0,0.0,0,0,0,0,0,0,0,0
TF,MACAN,-8.202658,114.163631,0, ,0.0,0.0,0.0,0.0,2,24000,0,0,0,0,0,0
TF,MANUK,-7.964700,114.267900,0, ,0.0,0.0,0.0,0.0,0,0,0,0,0,0,0,0
TF,BATUR,-7.562972,114.296444,0, ,0.0,0.0,0.0,0.0,0,0,0,0,0,0,0,0

SID,BERU1C,09,5
CF,BAWAL,-8.734361,115.509639,0,BLI,86.3,20.6,87.0,20.0,0,0,0,0,0,0,0,0
TF,BERUG,-8.549194,115.695611,0, ,0.0,0.0,0.0,0.0,2,7000,0,0,0,0,0,0

SID,GAGA3A,09,5
CF,BAWAL,-8.734361,115.509639,0,BLI,86.3,20.6,87.0,20.0,0,0,0,0,0,0,0,0
TF,GUANA,-8.912083,115.507167,2, ,0.0,0.0,0.0,0.0,3,8000,0,0,0,0,0,0
TF,ELADA,-9.542778,115.496667,0, ,0.0,0.0,0.0,0.0,3,16000,0,0,0,0,0,0
TF,GIBAS,-9.856972,115.995389,0, ,0.0,0.0,0.0,0.0,2,24000,0,0,0,0,0,0
TF,GAGAK,-10.162500,116.482222,0, ,0.0,0.0,0.0,0.0,0,0,0,0,0,0,0,0

SID,GAGA3B,27,5
CF,LEBAH,-8.746800,114.921800,0,BLI,269.9,14.4,269.0,14.0,0,0,0,0,0,0,0,0
TF,RUBAH,-9.419000,115.003500,1, ,0.0,0.0,0.0,0.0,3,17000,0,0,0,0,0,0
TF,SANCA,-9.419500,115.829200,0, ,0.0,0.0,0.0,0.0,2,24000,0,0,0,0,0,0
TF,GAGAK,-10.162500,116.482222,0, ,0.0,0.0,0.0,0.0,0,0,0,0,0,0,0,0

SID,GAJA3A,09,5
CF,BAWAL,-8.734361,115.509639,0,BLI,86.3,20.6,87.0,20.0,0,0,0,0,0,0,0,0
TF,BERUG,-8.549194,115.695611,0, ,0.0,0.0,0.0,0.0,2,7000,0,0,0,0,0,0
TF,BETET,-8.445472,115.682972,0, ,0.0,0.0,0.0,0.0,0,0,0,0,0,0,0,0
TF,PUPUS,-7.976778,115.654639,0, ,0.0,0.0,0.0,0.0,2,20000,0,0,0,0,0,0
TF,BUAYA,-7.561583,115.629583,0, ,0.0,0.0,0.0,0.0,2,24000,0,0,0,0,0,0
TF,GAJAH,-6.985833,115.936389,0, ,0.0,0.0,0.0,0.0,0,0,0,0,0,0,0,0

SID,GAJA3B,27,5
CF,LEBAH,-8.746800,114.921800,0,BLI,269.9,14.4,269.0,14.0,0,0,0,0,0,0,0,0
TF,LIPAS,-8.799233,114.131603,0, ,0.0,0.0,0.0,0.0,3,13000,0,0,0,0,0,0
TF,LINTA,-8.481722,114.040081,0, ,0.0,0.0,0.0,0.0,0,0,0,0,0,0,0,0
TF,MACAN,-8.202658,114.163631,0, ,0.0,0.0,0.0,0.0,2,24000,0,0,0,0,0,0
TF,MANUK,-7.964700,114.267900,0, ,0.0,0.0,0.0,0.0,0,0,0,0,0,0,0,0
TF,GAJAH,-6.985833,115.936389,0, ,0.0,0.0,0.0,0.0,0,0,0,0,0,0,0,0

SID,GALK4A,09,5
CF,BAWAL,-8.734361,115.509639,0,BLI,86.3,20.6,87.0,20.0,0,0,0,0,0,0,0,0
TF,BERUG,-8.549194,115.695611,0, ,0.0,0.0,0.0,0.0,2,7000,0,0,0,0,0,0
TF,BETET,-8.445472,115.682972,0, ,0.0,0.0,0.0,0.0,0,0,0,0,0,0,0,0
TF,PUPUS,-7.976778,115.654639,0, ,0.0,0.0,0.0,0.0,2,20000,0,0,0,0,0,0
TF,BUAYA,-7.561583,115.629583,0, ,0.0,0.0,0.0,0.0,2,24000,0,0,0,0,0,0
TF,GALKO,-6.826528,115.081639,0, ,0.0,0.0,0.0,0.0,0,0,0,0,0,0,0,0

SID,GALK4B,27,5
CF,LEBAH,-8.746800,114.921800,0,BLI,269.9,14.4,269.0,14.0,0,0,0,0,0,0,0,0
TF,LIPAS,-8.799233,114.131603,0, ,0.0,0.0,0.0,0.0,3,13000,0,0,0,0,0,0
TF,LINTA,-8.481722,114.040081,0, ,0.0,0.0,0.0,0.0,0,0,0,0,0,0,0,0
TF,MACAN,-8.202658,114.163631,0, ,0.0,0.0,0.0,0.0,2,24000,0,0,0,0,0,0
TF,MANUK,-7.964700,114.267900,0, ,0.0,0.0,0.0,0.0,0,0,0,0,0,0,0,0
TF,GALKO,-6.826528,115.081639,0, ,0.0,0.0,0.0,0.0,0,0,0,0,0,0,0,0

SID,JALA3A,09,5
CF,BAWAL,-8.734361,115.509639,0,BLI,86.3,20.6,87.0,20.0,0,0,0,0,0,0,0,0
TF,GUANA,-8.912083,115.507167,2, ,0.0,0.0,0.0,0.0,3,8000,0,0,0,0,0,0
TF,ELADA,-9.542778,115.496667,0, ,0.0,0.0,0.0,0.0,3,16000,0,0,0,0,0,0
TF,GEMAK,-9.967500,115.489694,0, ,0.0,0.0,0.0,0.0,2,24000,0,0,0,0,0,0
TF,JALAK,-10.676111,115.155556,0, ,0.0,0.0,0.0,0.0,0,0,0,0,0,0,0,0

SID,JALA3B,27,5
CF,LEBAH,-8.746800,114.921800,0,BLI,269.9,14.4,269.0,14.0,0,0,0,0,0,0,0,0
TF,RUBAH,-9.419000,115.003500,1, ,0.0,0.0,0.0,0.0,3,17000,0,0,0,0,0,0
TF,SEMUT,-9.881936,115.059408,0, ,0.0,0.0,0.0,0.0,2,24000,0,0,0,0,0,0
TF,JALAK,-10.676111,115.155556,0, ,0.0,0.0,0.0,0.0,0,0,0,0,0,0,0,0

SID,MALE3A,09,5
CF,BAWAL,-8.734361,115.509639,0,BLI,86.3,20.6,87.0,20.0,0,0,0,0,0,0,0,0
TF,GUANA,-8.912083,115.507167,2, ,0.0,0.0,0.0,0.0,3,8000,0,0,0,0,0,0
TF,ELADA,-9.542778,115.496667,0, ,0.0,0.0,0.0,0.0,3,16000,0,0,0,0,0,0
TF,GAPIH,-10.039389,115.810472,0, ,0.0,0.0,0.0,0.0,2,24000,0,0,0,0,0,0
TF,MALEO,-10.451944,116.071944,0, ,0.0,0.0,0.0,0.0,0,0,0,0,0,0,0,0

SID,MALE3B,27,5
CF,LEBAH,-8.746800,114.921800,0,BLI,269.9,14.4,269.0,14.0,0,0,0,0,0,0,0,0
TF,RUBAH,-9.419000,115.003500,1, ,0.0,0.0,0.0,0.0,3,17000,0,0,0,0,0,0
TF,SANCA,-9.419500,115.829200,0, ,0.0,0.0,0.0,0.0,2,24000,0,0,0,0,0,0
TF,MALEO,-10.451944,116.071944,0, ,0.0,0.0,0.0,0.0,0,0,0,0,0,0,0,0

SID,MURA3A,09,5
CF,BAWAL,-8.734361,115.509639,0,BLI,86.3,20.6,87.0,20.0,0,0,0,0,0,0,0,0
TF,GUANA,-8.912083,115.507167,2, ,0.0,0.0,0.0,0.0,3,8000,0,0,0,0,0,0
TF,ELADA,-9.542778,115.496667,0, ,0.0,0.0,0.0,0.0,3,16000,0,0,0,0,0,0
TF,GEMAK,-9.967500,115.489694,0, ,0.0,0.0,0.0,0.0,2,24000,0,0,0,0,0,0
TF,MURAI,-10.606389,115.680556,0, ,0.0,0.0,0.0,0.0,0,0,0,0,0,0,0,0

SID,MURA3B,27,5
CF,LEBAH,-8.746800,114.921800,0,BLI,269.9,14.4,269.0,14.0,0,0,0,0,0,0,0,0
TF,RUBAH,-9.419000,115.003500,1, ,0.0,0.0,0.0,0.0,3,17000,0,0,0,0,0,0
TF,SANCA,-9.419500,115.829200,0, ,0.0,0.0,0.0,0.0,2,24000,0,0,0,0,0,0
TF,MURAI,-10.606389,115.680556,2, ,0.0,0.0,0.0,0.0,0,0,0,0,0,0,0,0

SID,OKAN1A,09,5
CF,BAWAL,-8.734361,115.509639,0,BLI,86.3,20.6,87.0,20.0,0,0,0,0,0,0,0,0
TF,BERUG,-8.549194,115.695611,0, ,0.0,0.0,0.0,0.0,2,7000,0,0,0,0,0,0
TF,BETET,-8.445472,115.682972,0, ,0.0,0.0,0.0,0.0,0,0,0,0,0,0,0,0
TF,BANGO,-8.457889,115.287972,0, ,0.0,0.0,0.0,0.0,2,10000,0,0,0,0,0,0
TF,BIPOK,-8.467389,114.985694,0, ,0.0,0.0,0.0,0.0,0,0,0,0,0,0,0,0
TF,MUTON,-8.353028,114.915667,0, ,0.0,0.0,0.0,0.0,1,16000,0,0,0,0,0,0
TF,MERDI,-7.901472,114.647694,0, ,0.0,0.0,0.0,0.0,1,16000,0,0,0,0,0,0
TF,OKANG,-7.752806,114.084361,0, ,0.0,0.0,0.0,0.0,1,16000,0,0,0,0,0,0

SID,OKAN1B,09,5
CF,BAWAL,-8.734361,115.509639,0,BLI,86.3,20.6,87.0,20.0,0,0,0,0,0,0,0,0
TF,BERUG,-8.549194,115.695611,0, ,0.0,0.0,0.0,0.0,2,7000,0,0,0,0,0,0
TF,BETET,-8.445472,115.682972,0, ,0.0,0.0,0.0,0.0,0,0,0,0,0,0,0,0
TF,BANGO,-8.457889,115.287972,0, ,0.0,0.0,0.0,0.0,2,10000,0,0,0,0,0,0
TF,BIPOK,-8.467389,114.985694,0, ,0.0,0.0,0.0,0.0,0,0,0,0,0,0,0,0
TF,MUTON,-8.353028,114.915667,0, ,0.0,0.0,0.0,0.0,0,0,0,0,0,0,0,0
TF,MERDI,-7.901472,114.647694,0, ,0.0,0.0,0.0,0.0,2,24000,0,0,0,0,0,0
TF,OKANG,-7.752806,114.084361,0, ,0.0,0.0,0.0,0.0,0,0,0,0,0,0,0,0

SID,OKAN1C,27,5
CF,LEBAH,-8.746800,114.921800,0,BLI,269.9,14.4,269.0,14.0,0,0,0,0,0,0,0,0
TF,LEMUR,-8.567525,114.816989,0, ,0.0,0.0,0.0,0.0,0,0,0,0,0,0,0,0
TF,SURIF,-8.525500,114.436194,0, ,0.0,0.0,0.0,0.0,0,0,0,0,0,0,0,0
TF,LINTA,-8.481722,114.040081,0, ,0.0,0.0,0.0,0.0,3,13000,0,0,0,0,0,0
TF,MACAN,-8.202658,114.163631,2, ,0.0,0.0,0.0,0.0,0,0,0,0,0,0,0,0
TF,MANUK,-7.964700,114.267900,0, ,0.0,0.0,0.0,0.0,3,16000,0,0,0,0,0,0
TF,OKANG,-7.752806,114.084361,0, ,0.0,0.0,0.0,0.0,0,0,0,0,0,0,0,0

SID,OKAN1D,27,5
CF,LEBAH,-8.746800,114.921800,0,BLI,269.9,14.4,269.0,14.0,0,0,0,0,0,0,0,0
TF,LIPAS,-8.799233,114.131603,0, ,0.0,0.0,0.0,0.0,3,13000,0,0,0,0,0,0
TF,LINTA,-8.481722,114.040081,0, ,0.0,0.0,0.0,0.0,0,0,0,0,0,0,0,0
TF,MACAN,-8.202658,114.163631,0, ,0.0,0.0,0.0,0.0,2,24000,0,0,0,0,0,0
TF,MANUK,-7.964700,114.267900,0, ,0.0,0.0,0.0,0.0,0,0,0,0,0,0,0,0
TF,OKANG,-7.752806,114.084361,0, ,0.0,0.0,0.0,0.0,0,0,0,0,0,0,0,0

SID,PAND3A,09,5
CF,BAWAL,-8.734361,115.509639,0,BLI,86.3,20.6,87.0,20.0,0,0,0,0,0,0,0,0
TF,BERUG,-8.549194,115.695611,0, ,0.0,0.0,0.0,0.0,2,7000,0,0,0,0,0,0
TF,BANDE,-8.310333,116.324250,0, ,0.0,0.0,0.0,0.0,2,15000,0,0,0,0,0,0
TF,CAMAR,-8.204889,116.600694,0, ,0.0,0.0,0.0,0.0,2,24000,0,0,0,0,0,0
TF,PANDA,-8.063611,116.970000,0, ,0.0,0.0,0.0,0.0,0,0,0,0,0,0,0,0

SID,PAND3B,27,5
CA,0,267.0,2,3000,0,0,0,0,0,0
DF,OSKAT,-8.963500,115.184400,1, ,0.0,0.0,2,9000,0,0,0,0,0,0
TF,PAKIT,-8.606800,115.437000,1, ,0.0,0.0,0.0,0.0,2,12000,0,0,0,0,0,0
TF,SIDEM,-8.630306,116.109611,0, ,0.0,0.0,0.0,0.0,2,24000,0,0,0,0,0,0
TF,PANDA,-8.063611,116.970000,0, ,0.0,0.0,0.0,0.0,0,0,0,0,0,0,0,0

SID,PATI1C,27,5
CA,0,267.0,2,3000,0,0,0,0,0,0
DF,OSKAT,-8.963500,115.184400,1, ,0.0,0.0,2,9000,0,0,0,0,0,0
TF,PAKIT,-8.606800,115.437000,1, ,0.0,0.0,0.0,0.0,4,10000,9000,0,0,0,0,0
TF,PATIN,-8.419211,115.684356,0, ,0.0,0.0,0.0,0.0,3,11000,0,0,0,0,0,0

SID,PEDE3A,09,5
CF,BAWAL,-8.734361,115.509639,0,BLI,86.3,20.6,87.0,20.0,0,0,0,0,0,0,0,0
TF,BERUG,-8.549194,115.695611,0, ,0.0,0.0,0.0,0.0,2,7000,0,0,0,0,0,0
TF,BETET,-8.445472,115.682972,0, ,0.0,0.0,0.0,0.0,0,0,0,0,0,0,0,0
TF,PUPUS,-7.976778,115.654639,0, ,0.0,0.0,0.0,0.0,2,20000,0,0,0,0,0,0
TF,BUAYA,-7.561583,115.629583,0, ,0.0,0.0,0.0,0.0,2,24000,0,0,0,0,0,0
TF,PEDET,-7.510833,116.642222,0, ,0.0,0.0,0.0,0.0,0,0,0,0,0,0,0,0

SID,PEDE3B,27,5
CA,0,267.0,2,3000,0,0,0,0,0,0
DF,OSKAT,-8.963500,115.184400,1, ,0.0,0.0,2,9000,0,0,0,0,0,0
TF,PAKIT,-8.606800,115.437000,1, ,0.0,0.0,0.0,0.0,2,12000,0,0,0,0,0,0
TF,SIDEM,-8.630306,116.109611,0, ,0.0,0.0,0.0,0.0,2,24000,0,0,0,0,0,0
TF,PEDET,-7.510833,116.642222,0, ,0.0,0.0,0.0,0.0,0,0,0,0,0,0,0,0

SID,PESU2A,09,5
CF,BAWAL,-8.734361,115.509639,0,BLI,86.3,20.6,87.0,20.0,0,0,0,0,0,0,0,0
TF,BERUG,-8.549194,115.695611,0, ,0.0,0.0,0.0,0.0,2,7000,0,0,0,0,0,0
TF,TIREX,-8.556667,116.368639,0, ,0.0,0.0,0.0,0.0,2,15000,0,0,0,0,0,0
TF,CICAK,-8.559583,116.664861,0, ,0.0,0.0,0.0,0.0,0,0,0,0,0,0,0,0
TF,PESUT,-8.563306,117.082889,0, ,0.0,0.0,0.0,0.0,0,0,0,0,0,0,0,0

SID,PESU2B,09,5
CF,BAWAL,-8.734361,115.509639,0,BLI,86.3,20.6,87.0,20.0,0,0,0,0,0,0,0,0
TF,BERUG,-8.549194,115.695611,0, ,0.0,0.0,0.0,0.0,2,7000,0,0,0,0,0,0
TF,TIREX,-8.556667,116.368639,0, ,0.0,0.0,0.0,0.0,2,22000,0,0,0,0,0,0
TF,CICAK,-8.559583,116.664861,0, ,0.0,0.0,0.0,0.0,2,24000,0,0,0,0,0,0
TF,PESUT,-8.563306,117.082889,0, ,0.0,0.0,0.0,0.0,0,0,0,0,0,0,0,0

SID,PESU2C,27,5
CA,0,267.0,2,3000,0,0,0,0,0,0
DF,OSKAT,-8.963500,115.184400,1, ,0.0,0.0,2,9000,0,0,0,0,0,0
TF,PAKIT,-8.606800,115.437000,1, ,0.0,0.0,0.0,0.0,2,12000,0,0,0,0,0,0
TF,SIDEM,-8.630306,116.109611,0, ,0.0,0.0,0.0,0.0,1,17000,0,0,0,0,0,0
TF,PESUT,-8.563306,117.082889,0, ,0.0,0.0,0.0,0.0,1,17000,0,0,0,0,0,0

SID,PESU2D,27,5
CA,0,267.0,2,3000,0,0,0,0,0,0
DF,OSKAT,-8.963500,115.184400,1, ,0.0,0.0,2,9000,0,0,0,0,0,0
TF,PAKIT,-8.606800,115.437000,1, ,0.0,0.0,0.0,0.0,2,12000,0,0,0,0,0,0
TF,SIDEM,-8.630306,116.109611,0, ,0.0,0.0,0.0,0.0,2,24000,0,0,0,0,0,0
TF,PESUT,-8.563306,117.082889,0, ,0.0,0.0,0.0,0.0,0,0,0,0,0,0,0,0

SID,SRIT3A,09,5
CF,BAWAL,-8.734361,115.509639,0,BLI,86.3,20.6,87.0,20.0,0,0,0,0,0,0,0,0
TF,CODOT,-8.945194,115.823306,0, ,0.0,0.0,0.0,0.0,3,8000,0,0,0,0,0,0
TF,DAMBO,-9.128611,116.560194,0, ,0.0,0.0,0.0,0.0,2,24000,0,0,0,0,0,0
TF,SRITI,-9.738056,116.827222,0, ,0.0,0.0,0.0,0.0,0,0,0,0,0,0,0,0

SID,SRIT3B,27,5
CF,LEBAH,-8.746800,114.921800,0,BLI,269.9,14.4,269.0,14.0,0,0,0,0,0,0,0,0
TF,RUBAH,-9.419000,115.003500,1, ,0.0,0.0,0.0,0.0,3,17000,0,0,0,0,0,0
TF,SANCA,-9.419500,115.829200,0, ,0.0,0.0,0.0,0.0,2,24000,0,0,0,0,0,0
TF,SRITI,-9.738056,116.827222,0, ,0.0,0.0,0.0,0.0,0,0,0,0,0,0,0,0

SID,SRON1A,09,5
CF,BAWAL,-8.734361,115.509639,0,BLI,86.3,20.6,87.0,20.0,0,0,0,0,0,0,0,0
TF,BERUG,-8.549194,115.695611,0, ,0.0,0.0,0.0,0.0,2,7000,0,0,0,0,0,0
TF,BETET,-8.445472,115.682972,0, ,0.0,0.0,0.0,0.0,0,0,0,0,0,0,0,0
TF,BANGO,-8.457889,115.287972,0, ,0.0,0.0,0.0,0.0,2,10000,0,0,0,0,0,0
TF,BIPOK,-8.467389,114.985694,0, ,0.0,0.0,0.0,0.0,0,0,0,0,0,0,0,0
TF,KAREO,-8.551611,114.734889,0, ,0.0,0.0,0.0,0.0,0,0,0,0,0,0,0,0
TF,POLEM,-8.532611,114.537806,0, ,0.0,0.0,0.0,0.0,2,10000,0,0,0,0,0,0
TF,SURIF,-8.525500,114.436194,0, ,0.0,0.0,0.0,0.0,0,0,0,0,0,0,0,0
TF,SRONO,-8.442778,114.401250,0, ,0.0,0.0,0.0,0.0,0,0,0,0,0,0,0,0

SID,SRON1B,27,5
CF,LEBAH,-8.746800,114.921800,0,BLI,269.9,14.4,269.0,14.0,0,0,0,0,0,0,0,0
TF,LEMUR,-8.567525,114.816989,0, ,0.0,0.0,0.0,0.0,0,0,0,0,0,0,0,0
TF,SURIF,-8.525500,114.436194,0, ,0.0,0.0,0.0,0.0,0,0,0,0,0,0,0,0
TF,SRONO,-8.442778,114.401250,0, ,0.0,0.0,0.0,0.0,0,0,0,0,0,0,0,0

SID,TIRA3A,09,5
CF,BAWAL,-8.734361,115.509639,0,BLI,86.3,20.6,87.0,20.0,0,0,0,0,0,0,0,0
TF,BERUG,-8.549194,115.695611,0, ,0.0,0.0,0.0,0.0,2,7000,0,0,0,0,0,0
TF,BETET,-8.445472,115.682972,0, ,0.0,0.0,0.0,0.0,0,0,0,0,0,0,0,0
TF,BANGO,-8.457889,115.287972,0, ,0.0,0.0,0.0,0.0,2,10000,0,0,0,0,0,0
TF,BIPOK,-8.467389,114.985694,0, ,0.0,0.0,0.0,0.0,0,0,0,0,0,0,0,0
TF,MUTON,-8.353028,114.915667,0, ,0.0,0.0,0.0,0.0,0,0,0,0,0,0,0,0
TF,MERDI,-7.901472,114.647694,0, ,0.0,0.0,0.0,0.0,2,24000,0,0,0,0,0,0
TF,SIFAH,-7.640000,114.505889,0, ,0.0,0.0,0.0,0.0,0,0,0,0,0,0,0,0
TF,TIRAS,-7.456111,114.406111,0, ,0.0,0.0,0.0,0.0,0,0,0,0,0,0,0,0

SID,TIRA3B,27,5
CF,LEBAH,-8.746800,114.921800,0,BLI,269.9,14.4,269.0,14.0,0,0,0,0,0,0,0,0
TF,LIPAS,-8.799233,114.131603,0, ,0.0,0.0,0.0,0.0,3,13000,0,0,0,0,0,0
TF,LINTA,-8.481722,114.040081,0, ,0.0,0.0,0.0,0.0,0,0,0,0,0,0,0,0
TF,MACAN,-8.202658,114.163631,0, ,0.0,0.0,0.0,0.0,2,24000,0,0,0,0,0,0
TF,MANUK,-7.964700,114.267900,0, ,0.0,0.0,0.0,0.0,0,0,0,0,0,0,0,0
TF,TIRAS,-7.456111,114.406111,0, ,0.0,0.0,0.0,0.0,0,0,0,0,0,0,0,0

SID,WALE3A,09,5
CF,BAWAL,-8.734361,115.509639,0,BLI,86.3,20.6,87.0,20.0,0,0,0,0,0,0,0,0
TF,CODOT,-8.945194,115.823306,0, ,0.0,0.0,0.0,0.0,3,8000,0,0,0,0,0,0
TF,DAMBO,-9.128611,116.560194,0, ,0.0,0.0,0.0,0.0,2,24000,0,0,0,0,0,0
TF,WALET,-9.270000,117.028333,0, ,0.0,0.0,0.0,0.0,0,0,0,0,0,0,0,0

SID,WALE3B,27,5
CF,LEBAH,-8.746800,114.921800,0,BLI,269.9,14.4,269.0,14.0,0,0,0,0,0,0,0,0
TF,RUBAH,-9.419000,115.003500,1, ,0.0,0.0,0.0,0.0,3,17000,0,0,0,0,0,0
TF,SANCA,-9.419500,115.829200,0, ,0.0,0.0,0.0,0.0,2,24000,0,0,0,0,0,0
TF,WALET,-9.270000,117.028333,0, ,0.0,0.0,0.0,0.0,0,0,0,0,0,0,0,0

STAR,ANGS3C,09,5
IF,ANGSA,-9.106111,117.066667, ,0.0,0.0,3,23000,0,0,0,0,0,0
TF,MEONG,-9.321611,116.743111,0, ,0.0,0.0,0.0,0.0,0,0,0,0,0,0,0,0
TF,LALAT,-9.415306,116.221889,0, ,0.0,0.0,0.0,0.0,0,0,0,0,0,0,0,0
TF,KOALA,-9.399444,115.414667,0, ,0.0,0.0,0.0,0.0,2,17000,0,0,0,0,0,0
TF,KOBRA,-9.390111,114.946389,0, ,0.0,0.0,0.0,0.0,2,10000,0,0,0,0,0,0
TF,TAPOS,-9.049750,114.928806,0, ,0.0,0.0,0.0,0.0,3,4000,0,0,0,0,0,0
TF,KHUTA,-8.754667,114.910861,0, ,0.0,0.0,0.0,0.0,2,3000,0,0,0,0,0,0

STAR,ANGS3D,27,5
IF,ANGSA,-9.106111,117.066667, ,0.0,0.0,3,23000,0,0,0,0,0,0
TF,TIKUS,-8.937500,115.821611,0, ,0.0,0.0,0.0,0.0,2,8000,0,0,0,0,0,0
TF,BENOA,-8.739167,115.398333,0, ,0.0,0.0,0.0,0.0,2,3000,0,0,0,0,0,0

STAR,BADA3C,09,5
IF,BADAK,-6.877222,115.611111, ,0.0,0.0,3,23000,0,0,0,0,0,0
TF,KERBO,-7.388111,115.123806,0, ,0.0,0.0,0.0,0.0,0,0,0,0,0,0,0,0
TF,KECOA,-7.882000,115.160889,0, ,0.0,0.0,0.0,0.0,0,0,0,0,0,0,0,0
TF,MANIZ,-8.064722,114.893500,0, ,0.0,0.0,0.0,0.0,3,15000,0,0,0,0,0,0
TF,KASAP,-8.259556,114.607806,0, ,0.0,0.0,0.0,0.0,2,10000,0,0,0,0,0,0
TF,KADIP,-8.459417,114.694750,0, ,0.0,0.0,0.0,0.0,4,9000,6000,0,0,0,0,0
TF,KAREO,-8.551611,114.734889,0, ,0.0,0.0,0.0,0.0,0,0,0,0,0,0,0,0
TF,KHUTA,-8.754667,114.910861,0, ,0.0,0.0,0.0,0.0,2,3000,0,0,0,0,0,0

STAR,BADA3D,27,5
IF,BADAK,-6.877222,115.611111, ,0.0,0.0,0,0,0,0,0,0,0,0
TF,SOANG,-7.585917,115.590778,0, ,0.0,0.0,0.0,0.0,3,23000,0,0,0,0,0,0
TF,AGUNG,-7.991500,115.684389,0, ,0.0,0.0,0.0,0.0,2,18000,0,0,0,0,0,0
TF,KEPIK,-8.309306,115.844111,0, ,0.0,0.0,0.0,0.0,2,15000,0,0,0,0,0,0
TF,TAWES,-8.417972,115.684306,0, ,0.0,0.0,0.0,0.0,2,12000,0,0,0,0,0,0
TF,TAWON,-8.625500,115.584000,0, ,0.0,0.0,0.0,0.0,2,7000,0,0,0,0,0,0
TF,BENOA,-8.739167,115.398333,0, ,0.0,0.0,0.0,0.0,2,3000,0,0,0,0,0,0

STAR,GAGA3C,09,5
IF,GAGAK,-10.162500,116.482222, ,0.0,0.0,3,23000,0,0,0,0,0,0
TF,LALAT,-9.415306,116.221889,0, ,0.0,0.0,0.0,0.0,0,0,0,0,0,0,0,0
TF,KOALA,-9.399444,115.414667,0, ,0.0,0.0,0.0,0.0,2,17000,0,0,0,0,0,0
TF,KOBRA,-9.390111,114.946389,0, ,0.0,0.0,0.0,0.0,2,10000,0,0,0,0,0,0
TF,TAPOS,-9.049750,114.928806,0, ,0.0,0.0,0.0,0.0,3,4000,0,0,0,0,0,0
TF,KHUTA,-8.754667,114.910861,0, ,0.0,0.0,0.0,0.0,2,3000,0,0,0,0,0,0

STAR,GAGA3D,27,5
IF,GAGAK,-10.162500,116.482222, ,0.0,0.0,0,0,0,0,0,0,0,0
TF,TUPAI,-9.756194,116.009194,0, ,0.0,0.0,0.0,0.0,3,23000,0,0,0,0,0,0
TF,UMANG,-9.419500,115.829194,0, ,0.0,0.0,0.0,0.0,0,0,0,0,0,0,0,0
TF,TIKUS,-8.937500,115.821611,0, ,0.0,0.0,0.0,0.0,2,8000,0,0,0,0,0,0
TF,BENOA,-8.739167,115.398333,0, ,0.0,0.0,0.0,0.0,2,3000,0,0,0,0,0,0

STAR,GAJA3C,09,5
IF,GAJAH,-6.985833,115.936389, ,0.0,0.0,3,23000,0,0,0,0,0,0
TF,KERBO,-7.388111,115.123806,0, ,0.0,0.0,0.0,0.0,0,0,0,0,0,0,0,0
TF,KECOA,-7.882000,115.160889,0, ,0.0,0.0,0.0,0.0,0,0,0,0,0,0,0,0
TF,MANIZ,-8.064722,114.893500,0, ,0.0,0.0,0.0,0.0,3,15000,0,0,0,0,0,0
TF,KASAP,-8.259556,114.607806,0, ,0.0,0.0,0.0,0.0,2,10000,0,0,0,0,0,0
TF,KADIP,-8.459417,114.694750,0, ,0.0,0.0,0.0,0.0,4,9000,6000,0,0,0,0,0
TF,KAREO,-8.551611,114.734889,0, ,0.0,0.0,0.0,0.0,0,0,0,0,0,0,0,0
TF,KHUTA,-8.754667,114.910861,0, ,0.0,0.0,0.0,0.0,2,3000,0,0,0,0,0,0

STAR,GAJA3D,27,5
IF,GAJAH,-6.985833,115.936389, ,0.0,0.0,0,0,0,0,0,0,0,0
TF,SOANG,-7.585917,115.590778,0, ,0.0,0.0,0.0,0.0,3,23000,0,0,0,0,0,0
TF,AGUNG,-7.991500,115.684389,0, ,0.0,0.0,0.0,0.0,2,18000,0,0,0,0,0,0
TF,KEPIK,-8.309306,115.844111,0, ,0.0,0.0,0.0,0.0,2,15000,0,0,0,0,0,0
TF,TAWES,-8.417972,115.684306,0, ,0.0,0.0,0.0,0.0,2,12000,0,0,0,0,0,0
TF,TAWON,-8.625500,115.584000,0, ,0.0,0.0,0.0,0.0,2,7000,0,0,0,0,0,0
TF,BENOA,-8.739167,115.398333,0, ,0.0,0.0,0.0,0.0,2,3000,0,0,0,0,0,0

STAR,GALK4C,09,5
IF,GALKO,-6.826528,115.081639, ,0.0,0.0,3,23000,0,0,0,0,0,0
TF,KERBO,-7.388111,115.123806,0, ,0.0,0.0,0.0,0.0,0,0,0,0,0,0,0,0
TF,KECOA,-7.882000,115.160889,0, ,0.0,0.0,0.0,0.0,0,0,0,0,0,0,0,0
TF,MANIZ,-8.064722,114.893500,0, ,0.0,0.0,0.0,0.0,3,15000,0,0,0,0,0,0
TF,KASAP,-8.259556,114.607806,0, ,0.0,0.0,0.0,0.0,2,10000,0,0,0,0,0,0
TF,KADIP,-8.459417,114.694750,0, ,0.0,0.0,0.0,0.0,4,9000,6000,0,0,0,0,0
TF,KAREO,-8.551611,114.734889,0, ,0.0,0.0,0.0,0.0,0,0,0,0,0,0,0,0
TF,KHUTA,-8.754667,114.910861,0, ,0.0,0.0,0.0,0.0,2,3000,0,0,0,0,0,0

STAR,GALK4D,27,5
IF,GALKO,-6.826528,115.081639, ,0.0,0.0,0,0,0,0,0,0,0,0
TF,SOANG,-7.585917,115.590778,0, ,0.0,0.0,0.0,0.0,3,23000,0,0,0,0,0,0
TF,AGUNG,-7.991500,115.684389,0, ,0.0,0.0,0.0,0.0,2,18000,0,0,0,0,0,0
TF,KEPIK,-8.309306,115.844111,0, ,0.0,0.0,0.0,0.0,2,15000,0,0,0,0,0,0
TF,TAWES,-8.417972,115.684306,0, ,0.0,0.0,0.0,0.0,2,12000,0,0,0,0,0,0
TF,TAWON,-8.625500,115.584000,0, ,0.0,0.0,0.0,0.0,2,7000,0,0,0,0,0,0
TF,BENOA,-8.739167,115.398333,0, ,0.0,0.0,0.0,0.0,2,3000,0,0,0,0,0,0

STAR,JALA3C,09,5
IF,JALAK,-10.676111,115.155556, ,0.0,0.0,3,23000,0,0,0,0,0,0
TF,LALER,-9.993417,115.044889,0, ,0.0,0.0,0.0,0.0,0,0,0,0,0,0,0,0
TF,KOBRA,-9.390111,114.946389,0, ,0.0,0.0,0.0,0.0,2,10000,0,0,0,0,0,0
TF,TAPOS,-9.049750,114.928806,0, ,0.0,0.0,0.0,0.0,3,4000,0,0,0,0,0,0
TF,KHUTA,-8.754667,114.910861,0, ,0.0,0.0,0.0,0.0,2,3000,0,0,0,0,0,0

STAR,JALA3D,27,5
IF,JALAK,-10.676111,115.155556, ,0.0,0.0,0,0,0,0,0,0,0,0
TF,ZEBRA,-10.039306,115.404694,0, ,0.0,0.0,0.0,0.0,3,23000,0,0,0,0,0,0
TF,UMANG,-9.419500,115.829194,0, ,0.0,0.0,0.0,0.0,0,0,0,0,0,0,0,0
TF,TIKUS,-8.937500,115.821611,0, ,0.0,0.0,0.0,0.0,2,8000,0,0,0,0,0,0
TF,BENOA,-8.739167,115.398333,0, ,0.0,0.0,0.0,0.0,2,3000,0,0,0,0,0,0

STAR,KIDU1A,09,5
IF,KIDUL,-9.009444,114.232778, ,0.0,0.0,0,0,0,0,0,0,0,0
TF,KATAK,-8.846694,114.686111,0, ,0.0,0.0,0.0,0.0,2,5000,0,0,0,0,0,0
TF,KHUTA,-8.754667,114.910861,0, ,0.0,0.0,0.0,0.0,2,3000,0,0,0,0,0,0

STAR,KIDU1B,27,5
IF,KIDUL,-9.009444,114.232778, ,0.0,0.0,0,0,0,0,0,0,0,0
TF,LASIK,-9.108306,115.127111,0, ,0.0,0.0,0.0,0.0,2,18000,0,0,0,0,0,0
TF,KURMO,-9.148306,115.525111,0, ,0.0,0.0,0.0,0.0,2,11000,0,0,0,0,0,0
TF,TIKUS,-8.937500,115.821611,0, ,0.0,0.0,0.0,0.0,2,8000,0,0,0,0,0,0
TF,BENOA,-8.739167,115.398333,1, ,0.0,0.0,0.0,0.0,2,3000,0,0,0,0,0,0

STAR,MALE3C,09,5
IF,MALEO,-10.451944,116.071944, ,0.0,0.0,3,23000,0,0,0,0,0,0
TF,LALER,-9.993417,115.044889,0, ,0.0,0.0,0.0,0.0,0,0,0,0,0,0,0,0
TF,KOBRA,-9.390111,114.946389,0, ,0.0,0.0,0.0,0.0,2,10000,0,0,0,0,0,0
TF,TAPOS,-9.049750,114.928806,0, ,0.0,0.0,0.0,0.0,3,4000,0,0,0,0,0,0
TF,KHUTA,-8.754667,114.910861,0, ,0.0,0.0,0.0,0.0,2,3000,0,0,0,0,0,0

STAR,MALE3D,27,5
IF,MALEO,-10.451944,116.071944, ,0.0,0.0,0,0,0,0,0,0,0,0
TF,TUPAI,-9.756194,116.009194,0, ,0.0,0.0,0.0,0.0,3,23000,0,0,0,0,0,0
TF,UMANG,-9.419500,115.829194,0, ,0.0,0.0,0.0,0.0,0,0,0,0,0,0,0,0
TF,TIKUS,-8.937500,115.821611,0, ,0.0,0.0,0.0,0.0,2,8000,0,0,0,0,0,0
TF,BENOA,-8.739167,115.398333,0, ,0.0,0.0,0.0,0.0,2,3000,0,0,0,0,0,0

STAR,MURA3C,09,5
IF,MURAI,-10.606389,115.680556, ,0.0,0.0,3,23000,0,0,0,0,0,0
TF,LALER,-9.993417,115.044889,0, ,0.0,0.0,0.0,0.0,0,0,0,0,0,0,0,0
TF,KOBRA,-9.390111,114.946389,0, ,0.0,0.0,0.0,0.0,2,10000,0,0,0,0,0,0
TF,TAPOS,-9.049750,114.928806,0, ,0.0,0.0,0.0,0.0,3,4000,0,0,0,0,0,0
TF,KHUTA,-8.754667,114.910861,0, ,0.0,0.0,0.0,0.0,2,3000,0,0,0,0,0,0

STAR,MURA3D,27,5
IF,MURAI,-10.606389,115.680556, ,0.0,0.0,0,0,0,0,0,0,0,0
TF,ZEBRA,-10.039306,115.404694,0, ,0.0,0.0,0.0,0.0,3,23000,0,0,0,0,0,0
TF,UMANG,-9.419500,115.829194,0, ,0.0,0.0,0.0,0.0,0,0,0,0,0,0,0,0
TF,TIKUS,-8.937500,115.821611,0, ,0.0,0.0,0.0,0.0,2,8000,0,0,0,0,0,0
TF,BENOA,-8.739167,115.398333,0, ,0.0,0.0,0.0,0.0,2,3000,0,0,0,0,0,0

STAR,PAND3C,09,5
IF,PANDA,-8.063611,116.970000, ,0.0,0.0,3,23000,0,0,0,0,0,0
TF,KEWAN,-7.829611,116.280000,0, ,0.0,0.0,0.0,0.0,0,0,0,0,0,0,0,0
TF,GERAF,-7.854556,115.754917,0, ,0.0,0.0,0.0,0.0,3,19000,0,0,0,0,0,0
TF,KECOA,-7.882000,115.160889,0, ,0.0,0.0,0.0,0.0,0,0,0,0,0,0,0,0
TF,MANIZ,-8.064722,114.893500,0, ,0.0,0.0,0.0,0.0,3,15000,0,0,0,0,0,0
TF,KASAP,-8.259556,114.607806,0, ,0.0,0.0,0.0,0.0,2,10000,0,0,0,0,0,0
TF,KADIP,-8.459417,114.694750,0, ,0.0,0.0,0.0,0.0,4,9000,6000,0,0,0,0,0
TF,KAREO,-8.551611,114.734889,0, ,0.0,0.0,0.0,0.0,0,0,0,0,0,0,0,0
TF,KHUTA,-8.754667,114.910861,0, ,0.0,0.0,0.0,0.0,2,3000,0,0,0,0,0,0

STAR,PAND3D,27,5
IF,PANDA,-8.063611,116.970000, ,0.0,0.0,0,0,0,0,0,0,0,0
TF,TEPUS,-7.952889,116.576611,0, ,0.0,0.0,0.0,0.0,3,23000,0,0,0,0,0,0
TF,KEPIK,-8.309306,115.844111,0, ,0.0,0.0,0.0,0.0,2,15000,0,0,0,0,0,0
TF,TAWES,-8.417972,115.684306,0, ,0.0,0.0,0.0,0.0,2,12000,0,0,0,0,0,0
TF,TAWON,-8.625500,115.584000,0, ,0.0,0.0,0.0,0.0,2,7000,0,0,0,0,0,0
TF,BENOA,-8.739167,115.398333,0, ,0.0,0.0,0.0,0.0,2,3000,0,0,0,0,0,0

STAR,PEDE3C,09,5
IF,PEDET,-7.510833,116.642222, ,0.0,0.0,3,23000,0,0,0,0,0,0
TF,KEWAN,-7.829611,116.280000,0, ,0.0,0.0,0.0,0.0,0,0,0,0,0,0,0,0
TF,GERAF,-7.854556,115.754917,0, ,0.0,0.0,0.0,0.0,3,19000,0,0,0,0,0,0
TF,KECOA,-7.882000,115.160889,0, ,0.0,0.0,0.0,0.0,0,0,0,0,0,0,0,0
TF,MANIZ,-8.064722,114.893500,0, ,0.0,0.0,0.0,0.0,3,15000,0,0,0,0,0,0
TF,KASAP,-8.259556,114.607806,0, ,0.0,0.0,0.0,0.0,2,10000,0,0,0,0,0,0
TF,KADIP,-8.459417,114.694750,0, ,0.0,0.0,0.0,0.0,4,9000,6000,0,0,0,0,0
TF,KAREO,-8.551611,114.734889,0, ,0.0,0.0,0.0,0.0,0,0,0,0,0,0,0,0
TF,KHUTA,-8.754667,114.910861,0, ,0.0,0.0,0.0,0.0,2,3000,0,0,0,0,0,0

STAR,PEDE3D,27,5
IF,PEDET,-7.510833,116.642222, ,0.0,0.0,0,0,0,0,0,0,0,0
TF,TEPUS,-7.952889,116.576611,0, ,0.0,0.0,0.0,0.0,3,23000,0,0,0,0,0,0
TF,KEPIK,-8.309306,115.844111,0, ,0.0,0.0,0.0,0.0,2,15000,0,0,0,0,0,0
TF,TAWES,-8.417972,115.684306,0, ,0.0,0.0,0.0,0.0,2,12000,0,0,0,0,0,0
TF,TAWON,-8.625500,115.584000,0, ,0.0,0.0,0.0,0.0,2,7000,0,0,0,0,0,0
TF,BENOA,-8.739167,115.398333,0, ,0.0,0.0,0.0,0.0,2,3000,0,0,0,0,0,0

STAR,PESU2E,09,5
IF,PESUT,-8.563306,117.082889, ,0.0,0.0,3,23000,0,0,0,0,0,0
TF,LAMBA,-8.772333,116.294056,0, ,0.0,0.0,0.0,0.0,0,0,0,0,0,0,0,0
TF,CODOT,-8.945194,115.823306,0, ,0.0,0.0,0.0,0.0,2,18000,0,0,0,0,0,0
TF,LARON,-8.956278,115.590167,0, ,0.0,0.0,0.0,0.0,0,0,0,0,0,0,0,0
TF,KODOK,-8.972222,115.248556,0, ,0.0,0.0,0.0,0.0,2,9000,0,0,0,0,0,0
TF,TAPAL,-9.009528,114.796167,0, ,0.0,0.0,0.0,0.0,0,0,0,0,0,0,0,0
TF,KATAK,-8.846694,114.686111,0, ,0.0,0.0,0.0,0.0,2,5000,0,0,0,0,0,0
TF,KHUTA,-8.754667,114.910861,2, ,0.0,0.0,0.0,0.0,2,3000,0,0,0,0,0,0

STAR,PESU2F,27,5
IF,PESUT,-8.563306,117.082889, ,0.0,0.0,3,23000,0,0,0,0,0,0
TF,LAMBA,-8.772333,116.294056,0, ,0.0,0.0,0.0,0.0,1,18000,0,0,0,0,0,0
TF,TIKUS,-8.937500,115.821611,0, ,0.0,0.0,0.0,0.0,2,8000,0,0,0,0,0,0
TF,BENOA,-8.739167,115.398333,0, ,0.0,0.0,0.0,0.0,2,3000,0,0,0,0,0,0

STAR,RABO4E,09,5
IF,RABOL,-8.021417,113.895694, ,0.0,0.0,0,0,0,0,0,0,0,0
TF,KADAL,-8.660500,114.129111,0, ,0.0,0.0,0.0,0.0,2,15000,0,0,0,0,0,0
TF,KATAK,-8.846694,114.686111,0, ,0.0,0.0,0.0,0.0,2,5000,0,0,0,0,0,0
TF,KHUTA,-8.754667,114.910861,0, ,0.0,0.0,0.0,0.0,2,3000,0,0,0,0,0,0

STAR,RABO4F,27,5
IF,RABOL,-8.021417,113.895694, ,0.0,0.0,3,23000,0,0,0,0,0,0
TF,SIDAT,-8.244889,114.537694,0, ,0.0,0.0,0.0,0.0,2,17000,0,0,0,0,0,0
TF,SINGA,-8.479611,114.755306,0, ,0.0,0.0,0.0,0.0,2,14000,0,0,0,0,0,0
TF,SIPUS,-8.480694,115.398333,0, ,0.0,0.0,0.0,0.0,3,8000,0,0,0,0,0,0
TF,BENOA,-8.739167,115.398333,0, ,0.0,0.0,0.0,0.0,2,3000,0,0,0,0,0,0

STAR,SRIT3C,09,5
IF,SRITI,-9.738056,116.827222, ,0.0,0.0,3,23000,0,0,0,0,0,0
TF,LALAT,-9.415306,116.221889,0, ,0.0,0.0,0.0,0.0,0,0,0,0,0,0,0,0
TF,KOALA,-9.399444,115.414667,0, ,0.0,0.0,0.0,0.0,2,17000,0,0,0,0,0,0
TF,KOBRA,-9.390111,114.946389,0, ,0.0,0.0,0.0,0.0,2,10000,0,0,0,0,0,0
TF,TAPOS,-9.049750,114.928806,0, ,0.0,0.0,0.0,0.0,3,4000,0,0,0,0,0,0
TF,KHUTA,-8.754667,114.910861,0, ,0.0,0.0,0.0,0.0,2,3000,0,0,0,0,0,0

STAR,SRIT3D,27,5
IF,SRITI,-9.738056,116.827222, ,0.0,0.0,0,0,0,0,0,0,0,0
TF,SAYAP,-9.526000,116.575806,0, ,0.0,0.0,0.0,0.0,3,23000,0,0,0,0,0,0
TF,TIKUS,-8.937500,115.821611,0, ,0.0,0.0,0.0,0.0,2,8000,0,0,0,0,0,0
TF,BENOA,-8.739167,115.398333,0, ,0.0,0.0,0.0,0.0,2,3000,0,0,0,0,0,0

STAR,TIRA3C,09,5
IF,TIRAS,-7.456111,114.406111, ,0.0,0.0,3,23000,0,0,0,0,0,0
TF,ENTAS,-7.712944,114.370306,0, ,0.0,0.0,0.0,0.0,0,0,0,0,0,0,0,0
TF,CIMIT,-7.952250,114.474194,0, ,0.0,0.0,0.0,0.0,2,17000,0,0,0,0,0,0
TF,KASAP,-8.259556,114.607806,0, ,0.0,0.0,0.0,0.0,2,10000,0,0,0,0,0,0
TF,KADIP,-8.459417,114.694750,0, ,0.0,0.0,0.0,0.0,4,9000,6000,0,0,0,0,0
TF,KAREO,-8.551611,114.734889,0, ,0.0,0.0,0.0,0.0,0,0,0,0,0,0,0,0
TF,KHUTA,-8.754667,114.910861,0, ,0.0,0.0,0.0,0.0,2,3000,0,0,0,0,0,0

STAR,TIRA3D,27,5
IF,TIRAS,-7.456111,114.406111, ,0.0,0.0,3,23000,0,0,0,0,0,0
TF,SIDAT,-8.244889,114.537694,0, ,0.0,0.0,0.0,0.0,2,17000,0,0,0,0,0,0
TF,SINGA,-8.479611,114.755306,0, ,0.0,0.0,0.0,0.0,2,14000,0,0,0,0,0,0
TF,SIPUS,-8.480694,115.398333,0, ,0.0,0.0,0.0,0.0,3,8000,0,0,0,0,0,0
TF,BENOA,-8.739167,115.398333,0, ,0.0,0.0,0.0,0.0,2,3000,0,0,0,0,0,0

STAR,UDON1A,09,5
IF,UDONO,-7.004583,113.891000, ,0.0,0.0,0,0,0,0,0,0,0,0
TF,TIRAS,-7.456111,114.406111,0, ,0.0,0.0,0.0,0.0,3,23000,0,0,0,0,0,0
TF,ENTAS,-7.712944,114.370306,0, ,0.0,0.0,0.0,0.0,0,0,0,0,0,0,0,0
TF,CIMIT,-7.952250,114.474194,0, ,0.0,0.0,0.0,0.0,2,17000,0,0,0,0,0,0
TF,KASAP,-8.259556,114.607806,0, ,0.0,0.0,0.0,0.0,2,10000,0,0,0,0,0,0
TF,KADIP,-8.459417,114.694750,0, ,0.0,0.0,0.0,0.0,4,9000,6000,0,0,0,0,0
TF,KAREO,-8.551611,114.734889,0, ,0.0,0.0,0.0,0.0,0,0,0,0,0,0,0,0
TF,KHUTA,-8.754667,114.910861,0, ,0.0,0.0,0.0,0.0,2,3000,0,0,0,0,0,0

STAR,UDON1B,27,5
IF,UDONO,-7.004583,113.891000, ,0.0,0.0,0,0,0,0,0,0,0,0
TF,TIRAS,-7.456111,114.406111,0, ,0.0,0.0,0.0,0.0,3,23000,0,0,0,0,0,0
TF,SIDAT,-8.244889,114.537694,0, ,0.0,0.0,0.0,0.0,2,17000,0,0,0,0,0,0
TF,SINGA,-8.479611,114.755306,0, ,0.0,0.0,0.0,0.0,2,14000,0,0,0,0,0,0
TF,SIPUS,-8.480694,115.398333,0, ,0.0,0.0,0.0,0.0,3,8000,0,0,0,0,0,0
TF,BENOA,-8.739167,115.398333,0, ,0.0,0.0,0.0,0.0,2,3000,0,0,0,0,0,0

STAR,WALE3C,09,5
IF,WALET,-9.270000,117.028333, ,0.0,0.0,3,23000,0,0,0,0,0,0
TF,MEONG,-9.321611,116.743111,0, ,0.0,0.0,0.0,0.0,0,0,0,0,0,0,0,0
TF,LALAT,-9.415306,116.221889,0, ,0.0,0.0,0.0,0.0,0,0,0,0,0,0,0,0
TF,KOALA,-9.399444,115.414667,0, ,0.0,0.0,0.0,0.0,2,17000,0,0,0,0,0,0
TF,KOBRA,-9.390111,114.946389,0, ,0.0,0.0,0.0,0.0,2,10000,0,0,0,0,0,0
TF,TAPOS,-9.049750,114.928806,0, ,0.0,0.0,0.0,0.0,3,4000,0,0,0,0,0,0
TF,KHUTA,-8.754667,114.910861,0, ,0.0,0.0,0.0,0.0,2,3000,0,0,0,0,0,0

STAR,WALE3D,27,5
IF,WALET,-9.270000,117.028333, ,0.0,0.0,0,0,0,0,0,0,0,0
TF,SAYAP,-9.526000,116.575806,0, ,0.0,0.0,0.0,0.0,3,23000,0,0,0,0,0,0
TF,TIKUS,-8.937500,115.821611,0, ,0.0,0.0,0.0,0.0,2,8000,0,0,0,0,0,0
TF,BENOA,-8.739167,115.398333,0, ,0.0,0.0,0.0,0.0,2,3000,0,0,0,0,0,0

APPTR,D09,09,KHUTA
IF,KHUTA,-8.754667,114.910861, ,0.0,0.0,2,3000,0,0,0,0,1,0
TF,CD09,-8.753822,114.973133,0, ,0.0,0.0,0.0,0.0,2,2500,0,0,0,0,1,0

FINAL,D09,09,D,3
IF,CD09,-8.753822,114.973133,BLI,268.0,11.3,2,2500,0,0,0,0,0,0
CF,FD09,-8.752164,115.070744,0,BLI,268.0,5.5,88.0,5.8,2,1650,0,0,0,0,2,0
CF,MD09,-8.751006,115.138061,0,BLI,268.0,1.5,88.0,4.0,1,361,0,0,0,0,3,0
VA,0,88.0,2,2000,0,0,0,0,0,0
CI,2, ,0.0,298.0,0,0,0,0,0,0,0,0
CF,KHUTA,-8.754667,114.910861,0,BLI,268.1,15.0,268.0,10.0,2,3000,0,0,0,0,0,0

APPTR,D27,27,BENOA
IF,BENOA,-8.739167,115.398333, ,0.0,0.0,2,3000,0,0,0,0,1,0
TF,CD27,-8.741589,115.334747,0, ,0.0,0.0,0.0,0.0,2,2500,0,0,0,0,1,0

FINAL,D27,27,D,3
IF,CD27,-8.741589,115.334747,BLI,86.0,10.2,2,2500,0,0,0,0,0,0
CF,FD27,-8.745297,115.264153,0,BLI,86.0,6.0,266.0,4.2,2,1650,0,0,0,0,2,0
CF,MD27,-8.748725,115.198603,0,BLI,86.0,2.1,266.0,3.9,1,393,0,0,0,0,3,0
CF,BLI,-8.750569,115.163306,0,BLI,0.0,0.0,266.0,2.1,0,0,0,0,0,0,0,0
VA,0,266.0,2,2000,0,0,0,0,0,0
DF,BLI,-8.750569,115.163306,1, ,0.0,0.0,2,5000,0,0,0,0,0,0
TF,BENOA,-8.739167,115.398333,0, ,0.0,0.0,0.0,0.0,2,6000,0,0,0,0,0,0

APPTR,I27,27,BENOA
IF,BENOA,-8.739167,115.398333, ,0.0,0.0,2,3000,0,0,0,0,1,0
CF,CI27,-8.741425,115.341278,0,IDPS,86.7,11.2,267.0,3.4,2,2500,0,0,0,0,1,0

FINAL,I27,27,I,3
IF,CI27,-8.741425,115.341278,IDPS,86.7,11.2,2,2500,0,0,0,0,0,0
CF,FI27,-8.743889,115.282917,0,IDPS,86.7,7.8,267.0,3.5,1,2000,0,0,0,0,2,0
CF,RW27,-8.747881,115.181075,0,IDPS,86.7,1.7,267.0,6.1,1,72,0,0,0,0,3,0
CF,DER27,-8.748803,115.153853,0,BLI,279.6,0.6,267.0,1.6,0,0,0,0,0,0,0,0
FA,DER27,-8.748803,115.153853,0,BLI,0.0,0.0,267.0,2,1500,0,0,0,0,0,0
DF,BLI,-8.750569,115.163306,1, ,0.0,0.0,2,5000,0,0,0,0,0,0
TF,BENOA,-8.739167,115.398333,0, ,0.0,0.0,0.0,0.0,2,6000,0,0,0,0,0,0

APPTR,R09,09,KHUTA
IF,KHUTA,-8.754667,114.910861, ,0.0,0.0,2,3000,0,0,0,0,1,0
TF,DD403,-8.755167,114.993583,0, ,0.0,0.0,0.0,0.0,2,2500,0,0,0,0,1,0

FINAL,R09,09,R,3
IF,DD403,-8.755167,114.993583, ,0.0,0.0,2,2500,0,0,0,0,0,0
TF,DD404,-8.752417,115.064222,0, ,0.0,0.0,87.0,4.2,2,1700,0,0,0,0,2,0
TF,RW09,-8.748944,115.153822,0, ,0.0,0.0,87.0,5.3,1,61,0,0,0,0,3,1
CA,0,87.0,2,2000,0,0,0,0,0,0
DF,KHUTA,-8.754667,114.910861,2, ,0.0,0.0,1,3000,0,0,0,0,0,0
HM,KHUTA,-8.754667,114.910861,2, ,0.0,0.0,88.0,04.3,2,3000,0,0,0,0,0,0,0

APPTR,R27,27,BENOA
IF,BENOA,-8.739167,115.398333, ,0.0,0.0,2,3000,0,0,0,0,1,0
TF,DD602,-8.741472,115.335778,0, ,0.0,0.0,0.0,0.0,2,2500,0,0,0,0,1,0

FINAL,R27,27,R,3
IF,DD602,-8.741472,115.335778, ,0.0,0.0,2,2500,0,0,0,0,0,0
TF,DD603,-8.744333,115.265139,0, ,0.0,0.0,267.0,4.2,2,1600,0,0,0,0,2,0
TF,RW27,-8.747881,115.181075,0, ,0.0,0.0,267.0,5.0,1,62,0,0,0,0,3,1
CA,0,267.0,2,3000,0,0,0,0,0,0
DF,DD604,-8.871389,115.162667,1, ,0.0,0.0,2,5000,0,0,0,0,0,0
TF,BENOA,-8.739167,115.398333,0, ,0.0,0.0,0.0,0.0,1,6000,0,0,0,0,0,0
HM,BENOA,-8.739167,115.398333,1, ,0.0,0.0,266.0,04.3,0,0,0,0,0,0,0,0,0

