SID,ARIN1A,33,5
CF,IPNUR,-0.731944,119.826667,0,PAL,335.9,10.0,335.0,12.0,0,0,0,0,0,0,0,0
TF,MIILA,-0.798889,119.658611,0, ,0.0,0.0,0.0,0.0,4,7000,5000,0,0,0,0,0
TF,CEPPI,-1.093889,119.666944,0, ,0.0,0.0,0.0,0.0,2,10000,0,0,0,0,0,0
TF,WADHI,-1.093889,119.960000,0, ,0.0,0.0,0.0,0.0,0,0,0,0,0,0,0,0
TF,WIGRO,-1.097222,121.481944,0, ,0.0,0.0,0.0,0.0,0,0,0,0,0,0,0,0
TF,ARINI,-0.890000,121.769167,0, ,0.0,0.0,0.0,0.0,0,0,0,0,0,0,0,0

SID,DARB1C,15,5
VA,0,155.0,2,700,0,0,0,0,0,0
DF,KLEDO,-1.076389,119.900278,0, ,0.0,0.0,0,0,0,0,0,0,0,0
TF,PALBA,-1.210833,119.920278,0, ,0.0,0.0,0.0,0.0,2,5500,0,0,0,0,0,0
TF,BAGOR,-1.438333,119.687222,0, ,0.0,0.0,0.0,0.0,2,12000,0,0,0,0,0,0
TF,HENRA,-1.304444,119.168333,0, ,0.0,0.0,0.0,0.0,3,22000,0,0,0,0,0,0
TF,DARBA,-1.140278,118.532778,0, ,0.0,0.0,0.0,0.0,0,0,0,0,0,0,0,0

SID,DARB1D,33,5
CF,IPNUR,-0.731944,119.826667,0,PAL,335.9,10.0,335.0,12.0,0,0,0,0,0,0,0,0
TF,MIILA,-0.798889,119.658611,0, ,0.0,0.0,0.0,0.0,4,7000,5000,0,0,0,0,0
TF,DORIA,-0.966428,119.236531,0, ,0.0,0.0,0.0,0.0,3,13000,0,0,0,0,0,0
TF,DARBA,-1.140278,118.532778,0, ,0.0,0.0,0.0,0.0,0,0,0,0,0,0,0,0

SID,TATO1A,33,5
CF,IPNUR,-0.731944,119.826667,0,PAL,335.9,10.0,335.0,12.0,0,0,0,0,0,0,0,0
TF,KIPER,-0.244722,119.610000,0, ,0.0,0.0,0.0,0.0,3,7000,0,0,0,0,0,0
TF,TATOB,-0.122222,119.555833,0, ,0.0,0.0,0.0,0.0,3,12000,0,0,0,0,0,0

SID,WAND1A,33,5
CF,IPNUR,-0.731944,119.826667,0,PAL,335.9,10.0,335.0,12.0,0,0,0,0,0,0,0,0
TF,MIILA,-0.798889,119.658611,0, ,0.0,0.0,0.0,0.0,4,7000,5000,0,0,0,0,0
TF,CEPPI,-1.093889,119.666944,0, ,0.0,0.0,0.0,0.0,2,10000,0,0,0,0,0,0
TF,WADHI,-1.093889,119.960000,0, ,0.0,0.0,0.0,0.0,0,0,0,0,0,0,0,0
TF,PURRI,-0.716667,120.659722,0, ,0.0,0.0,0.0,0.0,2,15000,0,0,0,0,0,0
TF,SUTOP,-0.401667,121.245833,0, ,0.0,0.0,0.0,0.0,0,0,0,0,0,0,0,0
TF,WANDA,-0.134167,121.379167,0, ,0.0,0.0,0.0,0.0,0,0,0,0,0,0,0,0

SID,ZELD1A,15,5
VA,0,155.0,2,700,0,0,0,0,0,0
DF,KLEDO,-1.076389,119.900278,0, ,0.0,0.0,0,0,0,0,0,0,0,0
TF,PALBA,-1.210833,119.920278,0, ,0.0,0.0,0.0,0.0,2,5500,0,0,0,0,0,0
TF,BAGOR,-1.438333,119.687222,0, ,0.0,0.0,0.0,0.0,2,12000,0,0,0,0,0,0
TF,ZELDY,-2.505000,118.967500,0, ,0.0,0.0,0.0,0.0,0,0,0,0,0,0,0,0

SID,ZELD1B,33,5
CF,IPNUR,-0.731944,119.826667,0,PAL,335.9,10.0,335.0,12.0,0,0,0,0,0,0,0,0
TF,MIILA,-0.798889,119.658611,0, ,0.0,0.0,0.0,0.0,4,7000,5000,0,0,0,0,0
TF,CEPPI,-1.093889,119.666944,0, ,0.0,0.0,0.0,0.0,2,10000,0,0,0,0,0,0
TF,ZELDY,-2.505000,118.967500,0, ,0.0,0.0,0.0,0.0,0,0,0,0,0,0,0,0

STAR,ARIN1B,15,5
IF,ARINI,-0.890000,121.769167, ,0.0,0.0,0,0,0,0,0,0,0,0
TF,ATHAR,-0.679722,120.967778,0, ,0.0,0.0,0.0,0.0,3,14000,0,0,0,0,0,0
TF,KONRO,-0.442500,120.062778,0, ,0.0,0.0,0.0,0.0,2,13000,0,0,0,0,0,0
TF,DONGA,-0.579164,119.759000,0, ,0.0,0.0,0.0,0.0,2,8000,0,0,0,0,0,0

STAR,RUDA1E,15,5
IF,RUDAL,-2.662472,118.711917, ,0.0,0.0,0,0,0,0,0,0,0,0
TF,ABIJU,-1.263889,119.246111,0, ,0.0,0.0,0.0,0.0,2,23000,0,0,0,0,0,0
TF,COTTO,-0.715833,119.455278,0, ,0.0,0.0,0.0,0.0,2,14000,0,0,0,0,0,0
TF,DONGA,-0.579164,119.759000,0, ,0.0,0.0,0.0,0.0,2,8000,0,0,0,0,0,0

STAR,SIPA1C,15,5
IF,SIPAK,-0.907500,118.505833, ,0.0,0.0,0,0,0,0,0,0,0,0
TF,COTTO,-0.715833,119.455278,0, ,0.0,0.0,0.0,0.0,2,14000,0,0,0,0,0,0
TF,DONGA,-0.579164,119.759000,0, ,0.0,0.0,0.0,0.0,2,8000,0,0,0,0,0,0

STAR,TATO1B,15,5
IF,TATOB,-0.122222,119.555833, ,0.0,0.0,0,0,0,0,0,0,0,0
TF,GAHRU,-0.290000,119.995833,0, ,0.0,0.0,0.0,0.0,0,0,0,0,0,0,0,0
TF,KONRO,-0.442500,120.062778,0, ,0.0,0.0,0.0,0.0,2,13000,0,0,0,0,0,0
TF,DONGA,-0.579164,119.759000,0, ,0.0,0.0,0.0,0.0,2,8000,0,0,0,0,0,0

STAR,WAND1B,15,5
IF,WANDA,-0.134167,121.379167, ,0.0,0.0,0,0,0,0,0,0,0,0
TF,KONRO,-0.442500,120.062778,0, ,0.0,0.0,0.0,0.0,2,13000,0,0,0,0,0,0
TF,DONGA,-0.579164,119.759000,0, ,0.0,0.0,0.0,0.0,2,8000,0,0,0,0,0,0

APPTR,D15,15,DONGA
IF,DONGA,-0.579164,119.759000, ,0.0,0.0,2,8000,0,0,0,0,1,0
TF,CF15,-0.732000,119.827047,0, ,0.0,0.0,0.0,0.0,2,3500,0,0,0,0,1,0

FINAL,D15,15,D,3
IF,CF15,-0.732000,119.827047,PAL,336.0,10.0,2,3500,0,0,0,0,0,0
CF,FF15,-0.822275,119.866975,0,PAL,336.0,4.1,156.0,5.9,2,2050,0,0,0,0,2,0
CF,MA15,-0.877358,119.891336,0,PAL,336.0,0.5,156.0,3.6,1,942,0,0,0,0,3,0
CF,PAL,-0.885011,119.894722,0,PAL,0.0,0.0,156.0,0.5,0,0,0,0,0,0,0,0
FD,PAL,-0.885011,119.894722,0,PAL,0.0,3.5,156.0,3.5,2,1400,0,0,0,0,0,0
DF,PAL,-0.885011,119.894722,2, ,0.0,0.0,0,0,0,0,0,0,0,0
TF,DONGA,-0.579164,119.759000,0, ,0.0,0.0,0.0,0.0,2,8000,0,1,185,0,0,0

APPTR,R15,15,DONGA
IF,DONGA,-0.579164,119.759000, ,0.0,0.0,2,8000,0,0,0,0,1,0
TF,FF401,-0.729694,119.825667,0, ,0.0,0.0,0.0,0.0,2,3500,0,0,0,0,1,0

FINAL,R15,15,R,3
IF,FF401,-0.729694,119.825667, ,0.0,0.0,2,3500,0,0,0,0,0,0
TF,TOKOL,-0.821417,119.866472,0, ,0.0,0.0,155.0,6.0,2,2050,0,0,0,0,2,0
TF,RW15,-0.906369,119.904247,0, ,0.0,0.0,155.0,5.7,1,338,0,0,0,0,3,1
DF,TOKOL,-0.821417,119.866472,2, ,0.0,0.0,0,0,0,1,200,0,0,0
TF,DONGA,-0.579164,119.759000,0, ,0.0,0.0,0.0,0.0,1,8000,0,0,0,0,0,0

