APPTR,D04,04,KINTO
IF,KINTO,-1.250083,122.626083, ,0.0,0.0,2,4500,0,0,0,0,1,0
CF,CD04,-1.195400,122.663247,0,LWK,214.0,12.8,34.0,4.0,2,3100,0,0,0,0,1,0

FINAL,D04,04,D,3
IF,CD04,-1.195400,122.663247,LWK,214.0,12.8,2,3100,0,0,0,0,0,0
CF,FD04,-1.126803,122.710972,0,LWK,214.0,7.8,34.0,5.0,2,2000,0,0,0,0,2,0
CF,RW04,-1.043658,122.768508,0,LWK,214.5,1.8,34.0,6.0,1,112,0,0,0,0,3,0
CF,LWK,-1.019778,122.785417,0,LWK,0.0,0.0,34.0,1.8,0,0,0,0,0,0,0,1
VI,2, ,0.0,244.0,0,0,0,0,0,0,0,0
CF,KINTO,-1.250083,122.626083,0,LWK,213.9,16.8,214.0,10.0,1,4500,0,0,0,0,0,0

