SID,BDM1A,13,2
VA,0,132.0,2,1500,0,0,0,0,0,0
VI,0, ,0.0,110.0,0,0,0,0,0,0,0,0
IF,SPT,-2.497581,112.971369, ,0.0,0.0,0,0,0,0,0,0,0,0
TF,BDM,-3.436800,114.731486,0, ,0.0,0.0,0.0,0.0,0,0,0,0,0,0,0,0

SID,BDM1B,31,2
VA,0,312.0,2,1500,0,0,0,0,0,0
VI,2, ,0.0,160.0,0,0,0,0,0,0,0,0
IF,SPT,-2.497581,112.971369, ,0.0,0.0,0,0,0,0,0,0,0,0
TF,BDM,-3.436800,114.731486,0, ,0.0,0.0,0.0,0.0,0,0,0,0,0,0,0,0

SID,LAMU1E,13,2
VA,0,132.0,2,1500,0,0,0,0,0,0
VI,0, ,0.0,215.0,0,0,0,0,0,0,0,0
CF,LAMUD,-3.040322,112.308506,0,SPT,229.8,51.3,244.0,37.0,0,0,0,0,0,0,0,0

SID,LAMU1F,31,2
VA,0,312.0,2,1500,0,0,0,0,0,0
VI,1, ,0.0,200.0,0,0,0,0,0,0,0,0
CF,LAMUD,-3.040322,112.308506,0,SPT,229.8,51.3,244.0,30.0,0,0,0,0,0,0,0,0

SID,NOMA1C,13,2
VA,0,132.0,2,1500,0,0,0,0,0,0
VI,1, ,0.0,315.0,0,0,0,0,0,0,0,0
IF,BDM,-3.436800,114.731486, ,0.0,0.0,0,0,0,0,0,0,0,0
TF,NOMAD,-1.467931,111.590325,0, ,0.0,0.0,0.0,0.0,0,0,0,0,0,0,0,0

SID,NOMA1D,31,2
VA,0,312.0,2,1500,0,0,0,0,0,0
VI,0, ,0.0,325.0,0,0,0,0,0,0,0,0
IF,BDM,-3.436800,114.731486, ,0.0,0.0,0,0,0,0,0,0,0,0
TF,NOMAD,-1.467931,111.590325,0, ,0.0,0.0,0.0,0.0,0,0,0,0,0,0,0,0

SID,PKN1A,13,2
VA,0,132.0,2,1500,0,0,0,0,0,0
VI,2, ,0.0,305.0,0,0,0,0,0,0,0,0
IF,SPT,-2.497581,112.971369, ,0.0,0.0,0,0,0,0,0,0,0,0
TF,PKN,-2.718472,111.687708,0, ,0.0,0.0,0.0,0.0,0,0,0,0,0,0,0,0

SID,PKN1B,31,2
VA,0,312.0,2,1500,0,0,0,0,0,0
VI,1, ,0.0,215.0,0,0,0,0,0,0,0,0
IF,SPT,-2.497581,112.971369, ,0.0,0.0,0,0,0,0,0,0,0,0
TF,PKN,-2.718472,111.687708,0, ,0.0,0.0,0.0,0.0,0,0,0,0,0,0,0,0

SID,PKY1A,13,2
VA,0,132.0,2,1500,0,0,0,0,0,0
VI,1, ,0.0,30.0,0,0,0,0,0,0,0,0
CF,PKY,-2.243483,113.949067,0,SPT,74.5,60.7,75.0,54.0,0,0,0,0,0,0,0,0

SID,PKY1B,31,2
VA,0,312.0,2,1500,0,0,0,0,0,0
VI,2, ,0.0,120.0,0,0,0,0,0,0,0,0
CF,PKY,-2.243483,113.949067,0,SPT,74.5,60.7,75.0,55.0,0,0,0,0,0,0,0,0

STAR,BDM1C,13,2
IF,BDM,-3.436800,114.731486, ,0.0,0.0,0,0,0,0,0,0,0,0
TF,SP30B,-2.733389,113.412511,0, ,0.0,0.0,0.0,0.0,0,0,0,0,0,0,0,0
TF,SPT,-2.497581,112.971369,0, ,0.0,0.0,0.0,0.0,0,0,0,0,0,0,0,0
TF,NIBUN,-2.383536,112.849406,0, ,0.0,0.0,0.0,0.0,1,2500,0,0,0,0,0,0

STAR,BDM1D,31,2
IF,BDM,-3.436800,114.731486, ,0.0,0.0,0,0,0,0,0,0,0,0
TF,SP30B,-2.733389,113.412511,0, ,0.0,0.0,0.0,0.0,0,0,0,0,0,0,0,0
TF,D121T,-2.669447,113.244897,0, ,0.0,0.0,0.0,0.0,0,0,0,0,0,0,0,0
TF,DAWAI,-2.611575,113.093278,0, ,0.0,0.0,0.0,0.0,1,2500,0,0,0,0,0,0

STAR,LAMU1G,13,2
IF,LAMUD,-3.040322,112.308506, ,0.0,0.0,0,0,0,0,0,0,0,0
TF,SP30D,-2.876725,112.643486,0, ,0.0,0.0,0.0,0.0,0,0,0,0,0,0,0,0
TF,SPT,-2.497581,112.971369,0, ,0.0,0.0,0.0,0.0,0,0,0,0,0,0,0,0
TF,NIBUN,-2.383536,112.849406,0, ,0.0,0.0,0.0,0.0,1,2500,0,0,0,0,0,0

STAR,LAMU1H,31,2
IF,LAMUD,-3.040322,112.308506, ,0.0,0.0,0,0,0,0,0,0,0,0
TF,SP30D,-2.876725,112.643486,0, ,0.0,0.0,0.0,0.0,0,0,0,0,0,0,0,0
TF,SPT,-2.497581,112.971369,0, ,0.0,0.0,0.0,0.0,0,0,0,0,0,0,0,0
TF,DAWAI,-2.611575,113.093278,2, ,0.0,0.0,0.0,0.0,1,2500,0,0,0,0,0,0

STAR,NOMA1E,13,2
IF,NOMAD,-1.467931,111.590325, ,0.0,0.0,0,0,0,0,0,0,0,0
TF,SP30F,-2.198533,112.569900,0, ,0.0,0.0,0.0,0.0,0,0,0,0,0,0,0,0
TF,NIBUN,-2.383536,112.849406,0, ,0.0,0.0,0.0,0.0,1,2500,0,0,0,0,0,0

STAR,NOMA1F,31,2
IF,NOMAD,-1.467931,111.590325, ,0.0,0.0,0,0,0,0,0,0,0,0
TF,SP30F,-2.198533,112.569900,0, ,0.0,0.0,0.0,0.0,0,0,0,0,0,0,0,0
TF,SPT,-2.497581,112.971369,0, ,0.0,0.0,0.0,0.0,0,0,0,0,0,0,0,0
TF,DAWAI,-2.611575,113.093278,0, ,0.0,0.0,0.0,0.0,1,2500,0,0,0,0,0,0

STAR,PKN1C,13,2
IF,PKN,-2.718472,111.687708, ,0.0,0.0,0,0,0,0,0,0,0,0
TF,SP30E,-2.582475,112.478917,0, ,0.0,0.0,0.0,0.0,0,0,0,0,0,0,0,0
TF,D275Q,-2.468164,112.693450,0, ,0.0,0.0,0.0,0.0,0,0,0,0,0,0,0,0
TF,NIBUN,-2.383536,112.849406,0, ,0.0,0.0,0.0,0.0,1,2500,0,0,0,0,0,0

STAR,PKN1D,31,2
IF,PKN,-2.718472,111.687708, ,0.0,0.0,0,0,0,0,0,0,0,0
TF,SP30E,-2.582475,112.478917,0, ,0.0,0.0,0.0,0.0,0,0,0,0,0,0,0,0
TF,SPT,-2.497581,112.971369,0, ,0.0,0.0,0.0,0.0,0,0,0,0,0,0,0,0
TF,DAWAI,-2.611575,113.093278,0, ,0.0,0.0,0.0,0.0,1,2500,0,0,0,0,0,0

STAR,PKY1C,13,2
IF,PKY,-2.243483,113.949067, ,0.0,0.0,0,0,0,0,0,0,0,0
TF,SP30A,-2.371967,113.455028,0, ,0.0,0.0,0.0,0.0,0,0,0,0,0,0,0,0
TF,SPT,-2.497581,112.971369,0, ,0.0,0.0,0.0,0.0,0,0,0,0,0,0,0,0
TF,NIBUN,-2.383536,112.849406,0, ,0.0,0.0,0.0,0.0,1,2500,0,0,0,0,0,0

STAR,PKY1D,31,2
IF,PKY,-2.243483,113.949067, ,0.0,0.0,0,0,0,0,0,0,0,0
TF,SP30A,-2.371967,113.455028,0, ,0.0,0.0,0.0,0.0,0,0,0,0,0,0,0,0
TF,D084T,-2.467672,113.310569,0, ,0.0,0.0,0.0,0.0,0,0,0,0,0,0,0,0
TF,D105M,-2.556644,113.176231,0, ,0.0,0.0,0.0,0.0,0,0,0,0,0,0,0,0
TF,DAWAI,-2.611575,113.093278,0, ,0.0,0.0,0.0,0.0,1,2500,0,0,0,0,0,0

APPTR,D13,13,NIBUN
HF,NIBUN,-2.383536,112.849406,1, ,0.0,0.0,132.0,04.3,2,2500,0,0,0,0,0,0,0

FINAL,D13,13,D,3
IF,NIBUN,-2.383536,112.849406,SPT,311.9,10.0,2,2500,0,0,0,0,0,0
CF,FF13,-2.421033,112.889733,0,SPT,312.0,6.7,132.0,3.3,2,2000,0,0,0,0,2,0
CF,MA13,-2.480433,112.953061,0,SPT,312.0,1.5,132.0,5.2,1,425,0,0,0,0,3,0
CA,0,132.0,2,1000,0,0,0,0,0,0
VI,1, ,0.0,282.0,0,0,0,0,0,0,0,0
CF,NIBUN,-2.383536,112.849406,0,SPT,311.9,10.0,312.0,3.5,1,2500,0,0,0,0,0,0
HM,NIBUN,-2.383536,112.849406,1, ,0.0,0.0,132.0,04.3,2,2500,0,0,0,0,0,0,0

APPTR,D31,31,DAWAI
HF,DAWAI,-2.611575,113.093278,2, ,0.0,0.0,312.0,04.3,2,2500,0,0,0,0,0,0,0

FINAL,D31,31,D,3
IF,DAWAI,-2.611575,113.093278,SPT,131.9,10.0,2,2500,0,0,0,0,0,0
CF,FF31,-2.577525,113.056586,0,SPT,132.0,7.0,312.0,3.0,2,2000,0,0,0,0,2,0
CF,MA31,-2.518128,112.993253,0,SPT,132.0,1.8,312.0,5.2,1,405,0,0,0,0,3,0
CA,0,312.0,2,1000,0,0,0,0,0,0
VI,2, ,0.0,162.0,0,0,0,0,0,0,0,0
CF,DAWAI,-2.611575,113.093278,0,SPT,131.9,10.0,132.0,3.0,1,2500,0,0,0,0,0,0
HM,DAWAI,-2.611575,113.093278,2, ,0.0,0.0,312.0,04.3,2,2500,0,0,0,0,0,0,0

