SID,CA2L,11,5
VA,0,109.0,2,500,0,0,0,0,0,0
DF,NASWA,-8.057861,110.096083,0, ,0.0,0.0,0,0,0,1,230,0,0,0
TF,MATUR,-8.357056,110.235417,0, ,0.0,0.0,0.0,0.0,2,11000,0,0,0,0,0,0
TF,SUWUN,-8.438528,110.069528,0, ,0.0,0.0,0.0,0.0,2,14000,0,0,0,0,0,0
TF,WAHYU,-8.288333,109.995139,0, ,0.0,0.0,0.0,0.0,2,17000,0,0,0,0,0,0
TF,AUDIA,-7.894944,109.971056,0, ,0.0,0.0,0.0,0.0,0,0,0,0,0,0,0,0
TF,VEREL,-7.650222,109.875472,0, ,0.0,0.0,0.0,0.0,0,0,0,0,0,0,0,0
TF,NOPEM,-7.526111,109.805306,0, ,0.0,0.0,0.0,0.0,0,0,0,0,0,0,0,0
TF,AFNOP,-7.453194,109.764083,0, ,0.0,0.0,0.0,0.0,0,0,0,0,0,0,0,0
TF,PIRGO,-7.275417,109.479750,0, ,0.0,0.0,0.0,0.0,0,0,0,0,0,0,0,0
TF,HUSNE,-7.097444,109.195667,0, ,0.0,0.0,0.0,0.0,0,0,0,0,0,0,0,0
TF,CA,-6.697981,108.559758,0, ,0.0,0.0,0.0,0.0,0,0,0,0,0,0,0,0

SID,CA2M,29,5
VA,0,289.0,2,500,0,0,0,0,0,0
DF,VEREL,-7.650222,109.875472,0, ,0.0,0.0,0,0,0,0,0,0,0,0
TF,NOPEM,-7.526111,109.805306,0, ,0.0,0.0,0.0,0.0,3,7000,0,0,0,0,0,0
TF,AFNOP,-7.453194,109.764083,0, ,0.0,0.0,0.0,0.0,0,0,0,0,0,0,0,0
TF,PIRGO,-7.275417,109.479750,0, ,0.0,0.0,0.0,0.0,0,0,0,0,0,0,0,0
TF,HUSNE,-7.097444,109.195667,0, ,0.0,0.0,0.0,0.0,0,0,0,0,0,0,0,0
TF,CA,-6.697981,108.559758,0, ,0.0,0.0,0.0,0.0,0,0,0,0,0,0,0,0

SID,CLP2F,11,5
VA,0,109.0,2,500,0,0,0,0,0,0
DF,NASWA,-8.057861,110.096083,0, ,0.0,0.0,0,0,0,1,230,0,0,0
TF,ROVIN,-8.135056,109.863389,0, ,0.0,0.0,0.0,0.0,3,5000,0,0,0,0,0,0
TF,BRAMA,-8.123889,109.587222,0, ,0.0,0.0,0.0,0.0,0,0,0,0,0,0,0,0
TF,CLP,-7.644667,109.035806,0, ,0.0,0.0,0.0,0.0,0,0,0,0,0,0,0,0

SID,CLP2G,29,5
VA,0,289.0,2,500,0,0,0,0,0,0
DF,PAWON,-7.983556,109.845833,0, ,0.0,0.0,0,0,0,0,0,0,0,0
TF,SERMO,-8.045333,109.782778,0, ,0.0,0.0,0.0,0.0,3,5000,0,0,0,0,0,0
TF,BRAMA,-8.123889,109.587222,0, ,0.0,0.0,0.0,0.0,0,0,0,0,0,0,0,0
TF,CLP,-7.644667,109.035806,0, ,0.0,0.0,0.0,0.0,0,0,0,0,0,0,0,0

SID,PROG1A,11,5
VA,0,109.0,2,500,0,0,0,0,0,0
DF,NASWA,-8.057861,110.096083,0, ,0.0,0.0,0,0,0,1,230,0,0,0
TF,MATUR,-8.357056,110.235417,0, ,0.0,0.0,0.0,0.0,2,11000,0,0,0,0,0,0
TF,PROGO,-9.027222,110.766667,0, ,0.0,0.0,0.0,0.0,0,0,0,0,0,0,0,0

SID,PROG1B,29,5
VA,0,289.0,2,500,0,0,0,0,0,0
DF,PAWON,-7.983556,109.845833,0, ,0.0,0.0,0,0,0,0,0,0,0,0
TF,SERMO,-8.045333,109.782778,0, ,0.0,0.0,0.0,0.0,3,5000,0,0,0,0,0,0
TF,BRAMA,-8.123889,109.587222,0, ,0.0,0.0,0.0,0.0,0,0,0,0,0,0,0,0
TF,BETHA,-8.253361,109.552722,0, ,0.0,0.0,0.0,0.0,2,11000,0,0,0,0,0,0
TF,RINOH,-8.307750,109.756528,0, ,0.0,0.0,0.0,0.0,2,15000,0,0,0,0,0,0
TF,KYERA,-8.668694,110.262333,0, ,0.0,0.0,0.0,0.0,0,0,0,0,0,0,0,0
TF,PROGO,-9.027222,110.766667,0, ,0.0,0.0,0.0,0.0,0,0,0,0,0,0,0,0

SID,SO2A,11,5
VA,0,109.0,2,500,0,0,0,0,0,0
DF,NASWA,-8.057861,110.096083,0, ,0.0,0.0,0,0,0,1,230,0,0,0
TF,MATUR,-8.357056,110.235417,0, ,0.0,0.0,0.0,0.0,2,11000,0,0,0,0,0,0
TF,SUWUN,-8.438528,110.069528,0, ,0.0,0.0,0.0,0.0,2,14000,0,0,0,0,0,0
TF,WAHYU,-8.288333,109.995139,0, ,0.0,0.0,0.0,0.0,2,17000,0,0,0,0,0,0
TF,AUDIA,-7.894944,109.971056,0, ,0.0,0.0,0.0,0.0,0,0,0,0,0,0,0,0
TF,ASRIS,-7.761333,109.977111,0, ,0.0,0.0,0.0,0.0,0,0,0,0,0,0,0,0
TF,IFADI,-7.791167,110.225889,2, ,0.0,0.0,0.0,0.0,2,24000,0,0,0,0,0,0
TF,JOG,-7.800331,110.309342,0, ,0.0,0.0,0.0,0.0,0,0,0,0,0,0,0,0
TF,OF,-7.784317,110.434119,0, ,0.0,0.0,0.0,0.0,0,0,0,0,0,0,0,0
TF,SO,-7.512136,110.746558,0, ,0.0,0.0,0.0,0.0,0,0,0,0,0,0,0,0

SID,SO2B,29,5
VA,0,289.0,2,500,0,0,0,0,0,0
DF,PAWON,-7.983556,109.845833,0, ,0.0,0.0,0,0,0,0,0,0,0,0
TF,SERMO,-8.045333,109.782778,0, ,0.0,0.0,0.0,0.0,3,5000,0,0,0,0,0,0
TF,BRAMA,-8.123889,109.587222,0, ,0.0,0.0,0.0,0.0,0,0,0,0,0,0,0,0
TF,BETHA,-8.253361,109.552722,0, ,0.0,0.0,0.0,0.0,2,11000,0,0,0,0,0,0
TF,RINOH,-8.307750,109.756528,0, ,0.0,0.0,0.0,0.0,2,15000,0,0,0,0,0,0
TF,ASRIS,-7.761333,109.977111,0, ,0.0,0.0,0.0,0.0,0,0,0,0,0,0,0,0
TF,IFADI,-7.791167,110.225889,0, ,0.0,0.0,0.0,0.0,2,24000,0,0,0,0,0,0
TF,JOG,-7.800331,110.309342,0, ,0.0,0.0,0.0,0.0,0,0,0,0,0,0,0,0
TF,OF,-7.784317,110.434119,0, ,0.0,0.0,0.0,0.0,0,0,0,0,0,0,0,0
TF,SO,-7.512136,110.746558,0, ,0.0,0.0,0.0,0.0,0,0,0,0,0,0,0,0

STAR,CLP2H,ALL,5
IF,CLP,-7.644667,109.035806, ,0.0,0.0,0,0,0,0,0,0,0,0
TF,ASRIS,-7.761333,109.977111,0, ,0.0,0.0,0.0,0.0,3,15000,0,0,0,0,0,0
TF,AGABE,-8.025167,109.906750,2, ,0.0,0.0,0.0,0.0,2,13000,0,0,0,0,0,0
TF,ABDEG,-8.176806,109.866722,0, ,0.0,0.0,0.0,0.0,0,0,0,0,0,0,0,0
TF,GUDEG,-8.203889,109.989806,1, ,0.0,0.0,0.0,0.0,2,8000,0,0,0,0,0,0

STAR,SO2C,ALL,5
IF,SO,-7.512136,110.746558, ,0.0,0.0,2,23000,0,0,0,0,0,0
TF,OF,-7.784317,110.434119,0, ,0.0,0.0,0.0,0.0,2,21000,0,0,0,0,0,0
TF,JOG,-7.800331,110.309342,0, ,0.0,0.0,0.0,0.0,3,21000,0,0,0,0,0,0
TF,ASRIS,-7.761333,109.977111,0, ,0.0,0.0,0.0,0.0,3,15000,0,0,0,0,0,0
TF,AGABE,-8.025167,109.906750,0, ,0.0,0.0,0.0,0.0,2,13000,0,0,0,0,0,0
TF,ABDEG,-8.176806,109.866722,0, ,0.0,0.0,0.0,0.0,0,0,0,0,0,0,0,0
TF,GUDEG,-8.203889,109.989806,1, ,0.0,0.0,0.0,0.0,2,8000,0,0,0,0,0,0

APPTR,R11,11,GUDEG
IF,GUDEG,-8.203889,109.989806, ,0.0,0.0,2,8000,0,0,0,0,1,0
TF,BOTAX,-8.122139,110.007917,0, ,0.0,0.0,0.0,0.0,0,0,0,1,230,0,0,0
TF,ASIAM,-8.050250,109.964861,0, ,0.0,0.0,0.0,0.0,2,6000,0,0,0,0,0,0
TF,KATON,-7.935694,109.896250,0, ,0.0,0.0,0.0,0.0,2,3000,0,1,200,0,0,0
TF,HK402,-7.857083,109.925139,0, ,0.0,0.0,0.0,0.0,2,1800,0,1,200,0,1,0

FINAL,R11,11,R,3
IF,HK402,-7.857083,109.925139, ,0.0,0.0,2,1800,0,1,200,0,0,0
TF,HK401,-7.877222,109.980333,0, ,0.0,0.0,109.0,3.5,2,1300,0,0,0,0,2,0
TF,RW11,-7.900258,110.043411,0, ,0.0,0.0,109.0,4.0,1,74,0,0,0,0,3,1
CA,0,109.0,2,1000,0,0,0,0,0,0
DF,GUDEG,-8.203889,109.989806,2, ,0.0,0.0,1,6000,0,0,0,0,0,0
HM,GUDEG,-8.203889,109.989806,1, ,0.0,0.0,12.0,04.3,2,8000,0,0,0,0,0,0,0

APPTR,R29,29,GUDEG
IF,GUDEG,-8.203889,109.989806, ,0.0,0.0,2,8000,0,0,0,0,1,0
TF,BOTAX,-8.122139,110.007917,0, ,0.0,0.0,0.0,0.0,0,0,0,1,230,0,0,0
TF,DEHEN,-8.019722,110.134639,0, ,0.0,0.0,0.0,0.0,2,2500,0,1,200,0,0,0
TF,HK502,-7.962167,110.175194,0, ,0.0,0.0,0.0,0.0,2,1300,0,1,200,0,1,0

FINAL,R29,29,R,3
IF,HK502,-7.962167,110.175194, ,0.0,0.0,2,1300,0,1,200,0,0,0
TF,HK501,-7.933278,110.133944,0, ,0.0,0.0,304.0,3.0,2,1300,0,0,0,0,2,0
TF,RW29,-7.910358,110.071089,0, ,0.0,0.0,289.0,4.0,1,74,0,0,0,0,3,1
CA,0,289.0,2,1000,0,0,0,0,0,0
DF,GUDEG,-8.203889,109.989806,1, ,0.0,0.0,1,6000,0,0,0,0,0,0
HM,GUDEG,-8.203889,109.989806,1, ,0.0,0.0,12.0,04.3,2,8000,0,0,0,0,0,0,0

