SID,ALPO1A,18,5
CF,MM600,1.537361,124.925917,0,MNO,186.2,1.1,182.0,1.4,0,0,0,0,0,0,0,0
TF,MM601,1.519917,124.923806,0, ,0.0,0.0,0.0,0.0,2,400,0,0,0,0,0,0
RF,MM602,1.498056,124.915389,2,MM960,236.4,2.8,2,1200,0,1,210,0,0,0
RF,MM608,1.478389,124.884472,2,MM965,258.8,2.9,2,1600,0,1,230,0,0,0
TF,MM613,1.449556,124.722361,0, ,0.0,0.0,0.0,0.0,2,4000,0,0,0,0,0,0
TF,MM614,1.428778,124.605472,0, ,0.0,0.0,0.0,0.0,2,5000,0,0,0,0,0,0
RF,MM615,1.416611,124.575222,1,MM961,235.1,4.8,0,0,0,1,250,0,0,0
TF,MM616,1.336694,124.455528,0, ,0.0,0.0,0.0,0.0,2,9000,0,0,0,0,0,0
TF,ALPON,1.068528,124.162306,0, ,0.0,0.0,0.0,0.0,0,0,0,0,0,0,0,0
TF,GONTA,0.813539,123.369856,0, ,0.0,0.0,0.0,0.0,0,0,0,0,0,0,0,0

SID,ALPO1B,36,5
CF,MM501,1.566833,124.926889,0,MNO,355.3,0.7,2.0,0.3,0,0,0,0,0,0,0,0
RF,MM502,1.598000,124.899194,1,MM999,273.4,1.8,2,1000,0,1,190,0,0,0
TF,MM503,1.601528,124.855083,0, ,0.0,0.0,0.0,0.0,0,0,0,0,0,0,0,0
RF,MM504,1.593306,124.821583,1,MM998,236.7,3.3,2,3000,0,1,230,0,0,0
TF,MM505,1.566667,124.779222,0, ,0.0,0.0,0.0,0.0,2,4000,0,0,0,0,0,0
TF,MM706,1.476778,124.636278,0, ,0.0,0.0,0.0,0.0,2,5000,0,0,0,0,0,0
TF,MM707,1.323250,124.455083,0, ,0.0,0.0,0.0,0.0,2,8000,0,0,0,0,0,0
TF,ALPON,1.068528,124.162306,0, ,0.0,0.0,0.0,0.0,0,0,0,0,0,0,0,0
TF,GONTA,0.813539,123.369856,0, ,0.0,0.0,0.0,0.0,0,0,0,0,0,0,0,0

SID,BIARO1,18,2
CA,0,181.0,2,770,0,0,0,0,0,0
DF,MD,1.480828,124.838539,0, ,0.0,0.0,0,0,0,0,0,0,0,0
FA,MD,1.480828,124.838539,0,MNO,0.0,0.0,269.0,2,4000,0,0,0,0,0,0
VI,2, ,0.0,40.0,0,0,0,0,0,0,0,0
CF,BIARO,3.191667,125.246667,0,MNO,11.1,99.6,10.0,81.0,0,0,0,0,0,0,0,0

SID,CATU1A,18,5
CF,MM600,1.537361,124.925917,0,MNO,186.2,1.1,182.0,1.4,0,0,0,0,0,0,0,0
TF,MM601,1.519917,124.923806,0, ,0.0,0.0,0.0,0.0,2,400,0,0,0,0,0,0
RF,MM602,1.498056,124.915389,2,MM960,236.4,2.8,2,1200,0,1,210,0,0,0
RF,MM608,1.478389,124.884472,2,MM965,271.7,2.9,2,1600,0,1,230,0,0,0
RF,MM609,1.479472,124.862889,2,MM965,284.8,2.9,0,0,0,0,0,0,0,0
TF,MM610,1.507500,124.764750,0, ,0.0,0.0,0.0,0.0,2,3000,0,0,0,0,0,0
RF,MM611,1.577083,124.727972,2,MM966,16.9,3.3,2,4000,0,1,230,0,0,0
TF,MM612,1.664611,124.756500,0, ,0.0,0.0,0.0,0.0,2,5000,0,0,0,0,0,0
TF,BONDA,2.044894,124.880436,0, ,0.0,0.0,0.0,0.0,2,9000,0,0,0,0,0,0
TF,CATUR,2.158861,124.907750,0, ,0.0,0.0,0.0,0.0,0,0,0,0,0,0,0,0

SID,CATU1B,36,5
CF,MM501,1.566833,124.926889,0,MNO,355.3,0.7,2.0,0.3,0,0,0,0,0,0,0,0
RF,MM502,1.598000,124.899194,1,MM999,329.3,1.8,2,1000,0,1,190,0,0,0
RF,MM507,1.675083,124.855417,2,MM996,24.6,3.2,2,3000,0,1,230,0,0,0
TF,MM713,1.739389,124.886500,0, ,0.0,0.0,0.0,0.0,2,4000,0,0,0,0,0,0
TF,MM714,1.825694,124.958306,0, ,0.0,0.0,0.0,0.0,2,6000,0,0,0,0,0,0
TF,CATUR,2.158861,124.907750,0, ,0.0,0.0,0.0,0.0,2,8000,0,0,0,0,0,0

SID,DEP36,36,2
CF,MNO02,1.580300,124.927322,0,MNO,358.8,1.5,1.0,2.0,2,675,0,1,185,0,0,0
TF,MNO04,1.593128,124.881283,0, ,0.0,0.0,0.0,0.0,2,4000,0,0,0,0,0,0
FM,MNO04,1.593128,124.881283,0,MNO,0.0,0.0,309.0,0,0,0,0,0,0,0,0

SID,GONTA1,18,2
CA,0,181.0,2,770,0,0,0,0,0,0
DF,MD,1.480828,124.838539,0, ,0.0,0.0,0,0,0,0,0,0,0,0
TF,MNO60,1.480639,123.932022,0, ,0.0,0.0,0.0,0.0,0,0,0,0,0,0,0,0
TF,GONTA,0.813539,123.369856,0, ,0.0,0.0,0.0,0.0,0,0,0,0,0,0,0,0

SID,JULA1A,18,5
CF,MM600,1.537361,124.925917,0,MNO,186.2,1.1,182.0,1.4,0,0,0,0,0,0,0,0
TF,MM601,1.519917,124.923806,0, ,0.0,0.0,0.0,0.0,2,400,0,0,0,0,0,0
RF,MM602,1.498056,124.915389,2,MM960,163.8,2.8,2,1200,0,1,210,0,0,0
RF,MM603,1.425889,124.934722,1,MM962,113.4,2.9,2,2200,0,1,210,0,0,0
TF,MM604,1.363667,125.071139,0, ,0.0,0.0,0.0,0.0,2,4000,0,0,0,0,0,0
TF,MM605,1.193611,125.436556,0, ,0.0,0.0,0.0,0.0,2,8000,0,0,0,0,0,0
TF,JULAS,1.169111,125.772306,0, ,0.0,0.0,0.0,0.0,0,0,0,0,0,0,0,0
TF,HALMO,1.014706,126.590431,0, ,0.0,0.0,0.0,0.0,0,0,0,0,0,0,0,0

SID,JULA1B,36,5
CF,MM501,1.566833,124.926889,0,MNO,355.3,0.7,2.0,0.3,0,0,0,0,0,0,0,0
RF,MM502,1.598000,124.899194,1,MM999,273.4,1.8,2,1000,0,1,190,0,0,0
TF,MM503,1.601528,124.855083,0, ,0.0,0.0,0.0,0.0,0,0,0,0,0,0,0,0
RF,MM504,1.593306,124.821583,1,MM998,174.9,3.3,2,3000,0,1,230,0,0,0
RF,MM506,1.473306,124.829750,1,MM997,113.2,4.1,2,7000,0,1,230,0,0,0
TF,MM603,1.425889,124.934722,0, ,0.0,0.0,0.0,0.0,2,8000,0,0,0,0,0,0
TF,MM604,1.363667,125.071139,0, ,0.0,0.0,0.0,0.0,2,10000,0,0,0,0,0,0
TF,MM605,1.193611,125.436556,0, ,0.0,0.0,0.0,0.0,2,10000,0,0,0,0,0,0
TF,JULAS,1.169111,125.772306,0, ,0.0,0.0,0.0,0.0,2,10000,0,0,0,0,0,0
TF,HALMO,1.014706,126.590431,0, ,0.0,0.0,0.0,0.0,0,0,0,0,0,0,0,0

SID,LOKO1A,18,5
CF,MM600,1.537361,124.925917,0,MNO,186.2,1.1,182.0,1.4,0,0,0,0,0,0,0,0
TF,MM601,1.519917,124.923806,0, ,0.0,0.0,0.0,0.0,2,400,0,0,0,0,0,0
RF,MM602,1.498056,124.915389,2,MM960,236.4,2.8,2,1200,0,1,210,0,0,0
RF,MM608,1.478389,124.884472,2,MM965,258.8,2.9,2,1600,0,1,230,0,0,0
TF,MM613,1.449556,124.722361,0, ,0.0,0.0,0.0,0.0,2,4000,0,0,0,0,0,0
TF,MM614,1.428778,124.605472,0, ,0.0,0.0,0.0,0.0,2,5000,0,0,0,0,0,0
RF,MM615,1.416611,124.575222,1,MM961,235.1,4.8,0,0,0,1,250,0,0,0
TF,MM616,1.336694,124.455528,0, ,0.0,0.0,0.0,0.0,2,9000,0,0,0,0,0,0
TF,LOKON,0.697889,124.401611,0, ,0.0,0.0,0.0,0.0,0,0,0,0,0,0,0,0
TF,LUANG,0.072222,123.848611,0, ,0.0,0.0,0.0,0.0,0,0,0,0,0,0,0,0

SID,LOKO1B,36,5
CF,MM501,1.566833,124.926889,0,MNO,355.3,0.7,2.0,0.3,0,0,0,0,0,0,0,0
RF,MM502,1.598000,124.899194,1,MM999,273.4,1.8,2,1000,0,1,190,0,0,0
TF,MM503,1.601528,124.855083,0, ,0.0,0.0,0.0,0.0,0,0,0,0,0,0,0,0
RF,MM504,1.593306,124.821583,1,MM998,236.7,3.3,2,3000,0,1,230,0,0,0
TF,MM505,1.566667,124.779222,0, ,0.0,0.0,0.0,0.0,2,4000,0,0,0,0,0,0
TF,MM706,1.476778,124.636278,0, ,0.0,0.0,0.0,0.0,2,5000,0,0,0,0,0,0
TF,MM707,1.323250,124.455083,0, ,0.0,0.0,0.0,0.0,2,8000,0,0,0,0,0,0
TF,LOKON,0.697889,124.401611,0, ,0.0,0.0,0.0,0.0,0,0,0,0,0,0,0,0
TF,LUANG,0.072222,123.848611,0, ,0.0,0.0,0.0,0.0,0,0,0,0,0,0,0,0

SID,LUANG1,18,2
CA,0,181.0,2,770,0,0,0,0,0,0
DF,MD,1.480828,124.838539,0, ,0.0,0.0,0,0,0,0,0,0,0,1
DF,MD,1.480828,124.838539,2, ,0.0,0.0,0,0,0,0,0,0,0,0
TF,MN30B,1.237956,124.540578,0, ,0.0,0.0,0.0,0.0,1,8000,0,0,0,0,0,0
VI,0, ,0.0,170.0,0,0,0,0,0,0,0,0
CF,LUANG,0.072222,123.848611,0,MNO,216.2,109.8,215.0,72.0,0,0,0,0,0,0,0,0

SID,MD1,18,2
CA,0,181.0,2,770,0,0,0,0,0,0
DF,MD,1.480828,124.838539,0, ,0.0,0.0,0,0,0,0,0,0,0,0

SID,MD1,GONTA,3
IF,MD,1.480828,124.838539, ,0.0,0.0,0,0,0,0,0,0,0,0
TF,GONTA,0.813539,123.369856,0, ,0.0,0.0,0.0,0.0,0,0,0,0,0,0,0,0

SID,MD1,TOSTY,3
IF,MD,1.480828,124.838539, ,0.0,0.0,0,0,0,0,0,0,0,0
TF,TOSTY,0.938753,123.335336,0, ,0.0,0.0,0.0,0.0,0,0,0,0,0,0,0,0

SID,MNO1,18,2
CA,0,181.0,2,770,0,0,0,0,0,0
DF,MD,1.480828,124.838539,0, ,0.0,0.0,0,0,0,0,0,0,0,1
DF,MNO,1.555183,124.927847,2, ,0.0,0.0,2,8000,0,0,0,0,0,0
TF,MN30A,1.555122,125.427139,0, ,0.0,0.0,0.0,0.0,0,0,0,0,0,0,0,0

SID,MNO1,HALMO,3
IF,MN30A,1.555122,125.427139, ,0.0,0.0,0,0,0,0,0,0,0,0
TF,HALMO,1.014706,126.590431,0, ,0.0,0.0,0.0,0.0,0,0,0,0,0,0,0,0

SID,MNO1,RUMBO,3
IF,MN30A,1.555122,125.427139, ,0.0,0.0,0,0,0,0,0,0,0,0
TF,RUMBO,-0.057306,125.896919,0, ,0.0,0.0,0.0,0.0,0,0,0,0,0,0,0,0

SID,MNO1,SOSOK,3
IF,MN30A,1.555122,125.427139, ,0.0,0.0,0,0,0,0,0,0,0,0
TF,SOSOK,0.776761,126.527778,0, ,0.0,0.0,0.0,0.0,0,0,0,0,0,0,0,0

SID,PAND1A,18,5
CF,MM600,1.537361,124.925917,0,MNO,186.2,1.1,182.0,1.4,0,0,0,0,0,0,0,0
TF,MM601,1.519917,124.923806,0, ,0.0,0.0,0.0,0.0,2,400,0,0,0,0,0,0
RF,MM602,1.498056,124.915389,2,MM960,236.4,2.8,2,1200,0,1,210,0,0,0
RF,MM608,1.478389,124.884472,2,MM965,258.8,2.9,2,1600,0,1,230,0,0,0
TF,MM613,1.449556,124.722361,0, ,0.0,0.0,0.0,0.0,2,4000,0,0,0,0,0,0
TF,MM614,1.428778,124.605472,0, ,0.0,0.0,0.0,0.0,2,5000,0,0,0,0,0,0
RF,MM615,1.416611,124.575222,1,MM961,235.1,4.8,0,0,0,1,250,0,0,0
TF,MM616,1.336694,124.455528,0, ,0.0,0.0,0.0,0.0,2,9000,0,0,0,0,0,0
TF,PANDI,1.131139,124.145056,0, ,0.0,0.0,0.0,0.0,0,0,0,0,0,0,0,0
TF,TOSTY,0.938753,123.335336,0, ,0.0,0.0,0.0,0.0,0,0,0,0,0,0,0,0

SID,PAND1B,36,5
CF,MM501,1.566833,124.926889,0,MNO,355.3,0.7,2.0,0.3,0,0,0,0,0,0,0,0
RF,MM502,1.598000,124.899194,1,MM999,273.4,1.8,2,1000,0,1,190,0,0,0
TF,MM503,1.601528,124.855083,0, ,0.0,0.0,0.0,0.0,0,0,0,0,0,0,0,0
RF,MM504,1.593306,124.821583,1,MM998,236.7,3.3,2,3000,0,1,230,0,0,0
TF,MM505,1.566667,124.779222,0, ,0.0,0.0,0.0,0.0,2,4000,0,0,0,0,0,0
TF,MM706,1.476778,124.636278,0, ,0.0,0.0,0.0,0.0,2,5000,0,0,0,0,0,0
TF,MM707,1.323250,124.455083,0, ,0.0,0.0,0.0,0.0,2,8000,0,0,0,0,0,0
TF,PANDI,1.131139,124.145056,0, ,0.0,0.0,0.0,0.0,0,0,0,0,0,0,0,0
TF,TOSTY,0.938753,123.335336,0, ,0.0,0.0,0.0,0.0,0,0,0,0,0,0,0,0

SID,SIGA1A,18,5
CF,MM600,1.537361,124.925917,0,MNO,186.2,1.1,182.0,1.4,0,0,0,0,0,0,0,0
TF,MM601,1.519917,124.923806,0, ,0.0,0.0,0.0,0.0,2,400,0,0,0,0,0,0
RF,MM602,1.498056,124.915389,2,MM960,163.8,2.8,2,1200,0,1,210,0,0,0
RF,MM603,1.425889,124.934722,1,MM962,113.4,2.9,2,2200,0,1,210,0,0,0
TF,MM604,1.363667,125.071139,0, ,0.0,0.0,0.0,0.0,2,4000,0,0,0,0,0,0
TF,MM605,1.193611,125.436556,0, ,0.0,0.0,0.0,0.0,2,8000,0,0,0,0,0,0
TF,SIGAR,1.050139,125.741000,0, ,0.0,0.0,0.0,0.0,0,0,0,0,0,0,0,0
TF,SOSOK,0.776761,126.527778,0, ,0.0,0.0,0.0,0.0,0,0,0,0,0,0,0,0

SID,SIGA1B,36,5
CF,MM501,1.566833,124.926889,0,MNO,355.3,0.7,2.0,0.3,0,0,0,0,0,0,0,0
RF,MM502,1.598000,124.899194,1,MM999,273.4,1.8,2,1000,0,1,190,0,0,0
TF,MM503,1.601528,124.855083,0, ,0.0,0.0,0.0,0.0,0,0,0,0,0,0,0,0
RF,MM504,1.593306,124.821583,1,MM998,174.9,3.3,2,3000,0,1,230,0,0,0
RF,MM506,1.473306,124.829750,1,MM997,113.2,4.1,2,7000,0,1,230,0,0,0
TF,MM603,1.425889,124.934722,0, ,0.0,0.0,0.0,0.0,2,8000,0,0,0,0,0,0
TF,MM604,1.363667,125.071139,0, ,0.0,0.0,0.0,0.0,2,10000,0,0,0,0,0,0
TF,MM605,1.193611,125.436556,0, ,0.0,0.0,0.0,0.0,2,10000,0,0,0,0,0,0
TF,SIGAR,1.050139,125.741000,0, ,0.0,0.0,0.0,0.0,2,10000,0,0,0,0,0,0
TF,SOSOK,0.776761,126.527778,0, ,0.0,0.0,0.0,0.0,0,0,0,0,0,0,0,0

SID,SOPU1A,18,5
CF,MM600,1.537361,124.925917,0,MNO,186.2,1.1,182.0,1.4,0,0,0,0,0,0,0,0
TF,MM601,1.519917,124.923806,0, ,0.0,0.0,0.0,0.0,2,400,0,0,0,0,0,0
RF,MM602,1.498056,124.915389,2,MM960,163.8,2.8,2,1200,0,1,210,0,0,0
RF,MM603,1.425889,124.934722,1,MM962,113.4,2.9,2,2200,0,1,210,0,0,0
TF,MM604,1.363667,125.071139,0, ,0.0,0.0,0.0,0.0,2,4000,0,0,0,0,0,0
RF,MM606,1.327222,125.109194,2,MM963,149.4,4.8,2,5000,0,1,250,0,0,0
TF,MM617,1.193194,125.184778,0, ,0.0,0.0,0.0,0.0,2,7000,0,0,0,0,0,0
TF,MM607,0.970333,125.310444,0, ,0.0,0.0,0.0,0.0,2,8000,0,0,0,0,0,0
TF,SOPUT,0.633111,125.425639,0, ,0.0,0.0,0.0,0.0,0,0,0,0,0,0,0,0
TF,RUMBO,-0.057306,125.896919,0, ,0.0,0.0,0.0,0.0,0,0,0,0,0,0,0,0

SID,SOPU1B,36,5
CF,MM501,1.566833,124.926889,0,MNO,355.3,0.7,2.0,0.3,0,0,0,0,0,0,0,0
RF,MM502,1.598000,124.899194,1,MM999,273.4,1.8,2,1000,0,1,190,0,0,0
TF,MM503,1.601528,124.855083,0, ,0.0,0.0,0.0,0.0,0,0,0,0,0,0,0,0
RF,MM504,1.593306,124.821583,1,MM998,174.9,3.3,2,3000,0,1,230,0,0,0
RF,MM506,1.473306,124.829750,1,MM997,113.2,4.1,2,7000,0,1,230,0,0,0
TF,MM603,1.425889,124.934722,0, ,0.0,0.0,0.0,0.0,2,8000,0,0,0,0,0,0
TF,MM604,1.363667,125.071139,0, ,0.0,0.0,0.0,0.0,2,10000,0,0,0,0,0,0
RF,MM606,1.327222,125.109194,2,MM963,149.4,4.8,2,10000,0,1,230,0,0,0
TF,MM617,1.193194,125.184778,0, ,0.0,0.0,0.0,0.0,2,10000,0,0,0,0,0,0
TF,MM607,0.970333,125.310444,0, ,0.0,0.0,0.0,0.0,2,10000,0,0,0,0,0,0
TF,SOPUT,0.633111,125.425639,0, ,0.0,0.0,0.0,0.0,0,0,0,0,0,0,0,0
TF,RUMBO,-0.057306,125.896919,0, ,0.0,0.0,0.0,0.0,0,0,0,0,0,0,0,0

SID,TOSTY1,18,2
CA,0,181.0,2,770,0,0,0,0,0,0
DF,MD,1.480828,124.838539,0, ,0.0,0.0,0,0,0,0,0,0,0,0
TF,MNO60,1.480639,123.932022,0, ,0.0,0.0,0.0,0.0,0,0,0,0,0,0,0,0
TF,TOSTY,0.938753,123.335336,0, ,0.0,0.0,0.0,0.0,0,0,0,0,0,0,0,0

STAR,ALPO1C,18,5
IF,GONTA,0.813539,123.369856, ,0.0,0.0,0,0,0,0,0,0,0,0
TF,ALPON,1.068528,124.162306,0, ,0.0,0.0,0.0,0.0,0,0,0,0,0,0,0,0

STAR,ALPO1D,36,5
IF,GONTA,0.813539,123.369856, ,0.0,0.0,0,0,0,0,0,0,0,0
TF,ALPON,1.068528,124.162306,0, ,0.0,0.0,0.0,0.0,0,0,0,0,0,0,0,0

STAR,BANTE1,18,2
IF,LUANG,0.072222,123.848611, ,0.0,0.0,0,0,0,0,0,0,0,0
TF,MWB,1.323250,124.954892,0, ,0.0,0.0,0.0,0.0,0,0,0,0,0,0,0,0

STAR,BIARO2,ALL,2
IF,PEDNO,4.000000,125.350000, ,0.0,0.0,0,0,0,0,0,0,0,0
TF,BONDA,2.044894,124.880436,0, ,0.0,0.0,0.0,0.0,2,10000,0,0,0,0,0,0
TF,MWB,1.323250,124.954892,0, ,0.0,0.0,0.0,0.0,1,8000,0,0,0,0,0,0

STAR,BINTA1,18,2
IF,GONTA,0.813539,123.369856, ,0.0,0.0,0,0,0,0,0,0,0,0
TF,MWB,1.323250,124.954892,0, ,0.0,0.0,0.0,0.0,1,10000,0,0,0,0,0,0

STAR,BOND1A,18,5
IF,BONDA,2.044894,124.880436, ,0.0,0.0,2,8000,0,0,0,0,0,0
TF,UMALA,1.823028,124.903306,0, ,0.0,0.0,0.0,0.0,2,5000,0,0,0,0,0,0

STAR,BOND1B,36,5
IF,BONDA,2.044894,124.880436, ,0.0,0.0,2,11000,0,0,0,0,0,0
TF,UMALA,1.823028,124.903306,0, ,0.0,0.0,0.0,0.0,2,9000,0,0,0,0,0,0

STAR,GURED1,18,2
IF,SOSOK,0.776761,126.527778, ,0.0,0.0,0,0,0,0,0,0,0,0
TF,MWB,1.323250,124.954892,0, ,0.0,0.0,0.0,0.0,0,0,0,0,0,0,0,0

STAR,JULA1C,18,5
IF,HALMO,1.014706,126.590431, ,0.0,0.0,0,0,0,0,0,0,0,0
TF,JULAS,1.169111,125.772306,0, ,0.0,0.0,0.0,0.0,0,0,0,0,0,0,0,0

STAR,JULA1D,36,5
IF,HALMO,1.014706,126.590431, ,0.0,0.0,0,0,0,0,0,0,0,0
TF,JULAS,1.169111,125.772306,0, ,0.0,0.0,0.0,0.0,0,0,0,0,0,0,0,0

STAR,LOKO1C,18,5
IF,LUANG,0.072222,123.848611, ,0.0,0.0,0,0,0,0,0,0,0,0
TF,LOKON,0.697889,124.401611,0, ,0.0,0.0,0.0,0.0,0,0,0,0,0,0,0,0

STAR,LOKO1D,36,5
IF,LUANG,0.072222,123.848611, ,0.0,0.0,0,0,0,0,0,0,0,0
TF,LOKON,0.697889,124.401611,0, ,0.0,0.0,0.0,0.0,0,0,0,0,0,0,0,0

STAR,MAYU1,18,2
IF,HALMO,1.014706,126.590431, ,0.0,0.0,0,0,0,0,0,0,0,0
TF,MWB,1.323250,124.954892,0, ,0.0,0.0,0.0,0.0,0,0,0,0,0,0,0,0

STAR,PAND1C,18,5
IF,TOSTY,0.938753,123.335336, ,0.0,0.0,0,0,0,0,0,0,0,0
TF,PANDI,1.131139,124.145056,0, ,0.0,0.0,0.0,0.0,0,0,0,0,0,0,0,0

STAR,PAND1D,36,5
IF,TOSTY,0.938753,123.335336, ,0.0,0.0,0,0,0,0,0,0,0,0
TF,PANDI,1.131139,124.145056,0, ,0.0,0.0,0.0,0.0,0,0,0,0,0,0,0,0

STAR,SIGA1C,18,5
IF,SOSOK,0.776761,126.527778, ,0.0,0.0,0,0,0,0,0,0,0,0
TF,SIGAR,1.050139,125.741000,0, ,0.0,0.0,0.0,0.0,0,0,0,0,0,0,0,0

STAR,SIGA1D,36,5
IF,SOSOK,0.776761,126.527778, ,0.0,0.0,0,0,0,0,0,0,0,0
TF,SIGAR,1.050139,125.741000,0, ,0.0,0.0,0.0,0.0,0,0,0,0,0,0,0,0

STAR,SOPU1C,18,5
IF,RUMBO,-0.057306,125.896919, ,0.0,0.0,0,0,0,0,0,0,0,0
TF,SOPUT,0.633111,125.425639,0, ,0.0,0.0,0.0,0.0,0,0,0,0,0,0,0,0

STAR,SOPU1D,36,5
IF,RUMBO,-0.057306,125.896919, ,0.0,0.0,0,0,0,0,0,0,0,0
TF,SOPUT,0.633111,125.425639,0, ,0.0,0.0,0.0,0.0,0,0,0,0,0,0,0,0

STAR,TUMPA1,18,2
IF,TOSTY,0.938753,123.335336, ,0.0,0.0,0,0,0,0,0,0,0,0
TF,MWB,1.323250,124.954892,0, ,0.0,0.0,0.0,0.0,1,10000,0,0,0,0,0,0

STAR,WEMBE1,18,2
IF,RUMBO,-0.057306,125.896919, ,0.0,0.0,0,0,0,0,0,0,0,0
TF,MWB,1.323250,124.954892,0, ,0.0,0.0,0.0,0.0,0,0,0,0,0,0,0,0

APPTR,I18,18,MNO1
IF,MNO,1.555183,124.927847, ,0.0,0.0,2,4500,0,0,0,0,1,0
FD,MNO,1.555183,124.927847,0,MNO,0.0,7.0,338.0,7.0,2,2300,0,1,250,0,0,0
VI,2,IMNO,0.0,151.0,2,2300,0,0,0,0,0,0

APPTR,I18,18,MNO2
IF,MNO,1.555183,124.927847, ,0.0,0.0,2,4500,0,0,0,0,1,0
FD,MNO,1.555183,124.927847,0,MNO,0.0,7.0,346.0,7.0,2,2300,0,1,250,0,0,0
VI,2,IMNO,0.0,151.0,2,2300,0,0,0,0,0,0

APPTR,I18,18,MWB1
IF,MWB,1.323250,124.954892, ,0.0,0.0,2,10000,0,0,0,0,1,0
TF,MNO,1.555183,124.927847,0, ,0.0,0.0,0.0,0.0,2,4500,0,0,0,0,0,0
FD,MNO,1.555183,124.927847,0,MNO,0.0,7.0,338.0,7.0,2,2300,0,1,250,0,0,0
VI,2,IMNO,0.0,151.0,2,2300,0,0,0,0,0,0

APPTR,I18,18,MWB2
IF,MWB,1.323250,124.954892, ,0.0,0.0,2,10000,0,0,0,0,1,0
TF,MNO,1.555183,124.927847,0, ,0.0,0.0,0.0,0.0,2,4500,0,0,0,0,0,0
FD,MNO,1.555183,124.927847,0,MNO,0.0,7.0,346.0,7.0,2,2300,0,1,250,0,0,0
VI,2,IMNO,0.0,151.0,2,2300,0,0,0,0,0,0

FINAL,I18,18,I,3
IF,CI18,1.714228,124.931544,IMNO,1.8,10.6,2,2300,0,0,0,0,0,0
CF,FI18,1.664003,124.929956,0,IMNO,1.8,7.6,181.0,3.0,1,2300,0,0,0,0,2,0
CF,RW18,1.561314,124.926703,0,IMNO,1.8,1.5,181.0,6.1,1,325,0,0,0,0,3,0
CA,0,181.0,2,770,0,0,0,0,0,0
CD, ,0,0,0,MNO,0,0.0,179.0,4.5,0,0,0,0,0,0,0,0
CF,MD,1.480828,124.838539,2,MNO,230.4,7.0,304.0,3.0,0,0,0,1,250,0,0,0

APPTR,I36,36,MNO1
IF,MNO,1.555183,124.927847, ,0.0,0.0,2,4500,0,0,0,0,1,0
FD,MNO,1.555183,124.927847,0,MNO,0.0,6.7,205.0,6.7,2,3000,0,1,185,0,0,0
VI,1,ITDO,0.0,31.0,2,2200,0,0,0,0,0,0

APPTR,I36,36,MNO2
IF,MNO,1.555183,124.927847, ,0.0,0.0,2,4500,0,0,0,0,1,0
FD,MNO,1.555183,124.927847,0,MNO,0.0,6.7,199.0,6.7,2,3000,0,1,185,0,0,0
VI,1,ITDO,0.0,31.0,2,2200,0,0,0,0,0,0

APPTR,I36,36,MWB1
IF,MWB,1.323250,124.954892, ,0.0,0.0,2,10000,0,0,0,0,1,0
TF,MNO,1.555183,124.927847,0, ,0.0,0.0,0.0,0.0,2,4500,0,0,0,0,0,0
HF,MNO,1.555183,124.927847,2, ,0.0,0.0,203.0,04.3,2,4500,0,1,185,0,0,0,0
FD,MNO,1.555183,124.927847,0,MNO,0.0,6.7,205.0,6.7,2,3000,0,1,185,0,0,0
VI,1,ITDO,0.0,31.0,2,2200,0,0,0,0,0,0

APPTR,I36,36,MWB2
IF,MWB,1.323250,124.954892, ,0.0,0.0,2,10000,0,0,0,0,1,0
TF,MNO,1.555183,124.927847,0, ,0.0,0.0,0.0,0.0,2,4500,0,0,0,0,0,0
HF,MNO,1.555183,124.927847,2, ,0.0,0.0,203.0,04.3,2,4500,0,1,185,0,0,0,0
FD,MNO,1.555183,124.927847,0,MNO,0.0,6.7,199.0,6.7,2,3000,0,1,185,0,0,0
VI,1,ITDO,0.0,31.0,2,2200,0,0,0,0,0,0

FINAL,I36,36,I,3
IF,CF36,1.392844,124.920869,ITDO,182.0,10.1,2,2200,0,0,0,0,0,0
CF,FF36,1.443064,124.922619,0,ITDO,182.0,7.1,1.0,3.0,1,2200,0,0,0,0,2,0
CF,RW36,1.537361,124.925908,0,ITDO,182.0,1.5,1.0,5.6,1,319,0,0,0,0,3,0
CA,0,1.0,2,770,0,0,0,0,0,0
FM,MNO,1.555183,124.927847,0,MNO,0.0,0.0,352.0,0,0,0,0,0,0,0,0

FINAL,Q18-B,18,N,2
IF,MD,1.480828,124.838539,PN,0.0,0.0,2,2300,0,0,0,0,2,0
CF,PN,1.493619,124.909483,0,PN,0.0,0.0,78.0,4.3,1,980,0,0,0,0,3,0
CA,0,78.0,2,1300,0,0,0,0,0,0
FA,PN,1.493619,124.909483,1,MNO,0.0,0.0,348.0,2,5500,0,0,0,0,0,0
CF,MD,1.480828,124.838539,1,MNO,230.4,7.0,198.0,8.0,0,0,0,0,0,0,0,0

FINAL,Q36-B,36,N,2
IF,MD,1.480828,124.838539,PN,0.0,0.0,2,2300,0,0,0,0,2,0
CF,PN,1.493619,124.909483,0,PN,0.0,0.0,78.0,4.3,1,980,0,0,0,0,3,0
CA,0,78.0,2,1300,0,0,0,0,0,0
FA,PN,1.493619,124.909483,1,MNO,0.0,0.0,348.0,2,5500,0,0,0,0,0,0
CF,MD,1.480828,124.838539,1,MNO,230.4,7.0,198.0,8.0,0,0,0,0,0,0,0,0

APPTR,R18,18,ALPON
IF,ALPON,1.068528,124.162306, ,0.0,0.0,0,0,0,0,0,0,0,0
TF,MM807,1.151361,124.485806,0, ,0.0,0.0,0.0,0.0,2,11000,0,0,0,0,0,0
TF,MM532,1.343306,124.686889,0, ,0.0,0.0,0.0,0.0,2,8000,0,0,0,0,0,0
TF,TAKIM,1.488861,124.769194,0, ,0.0,0.0,0.0,0.0,2,6500,0,1,220,0,1,0
TF,MM530,1.645056,124.823806,0, ,0.0,0.0,0.0,0.0,2,3000,0,1,210,0,1,0
RF,MM527,1.649333,124.914722,2,MM901,118.1,3.0,2,2100,0,1,210,0,0,0

APPTR,R18,18,JULAS
IF,JULAS,1.169111,125.772306, ,0.0,0.0,0,0,0,0,0,0,0,0
TF,MM803,1.176306,125.432278,0, ,0.0,0.0,0.0,0.0,2,11000,0,0,0,0,0,0
TF,PETIR,1.483278,125.096528,0, ,0.0,0.0,0.0,0.0,2,8000,0,1,220,0,1,0
TF,MM535,1.613889,125.038194,0, ,0.0,0.0,0.0,0.0,2,5000,0,0,0,0,0,0
TF,MM534,1.690278,125.004083,0, ,0.0,0.0,0.0,0.0,2,4000,0,1,210,0,0,0
RF,MM533,1.714639,124.938194,1,MM902,198.6,3.0,2,2600,0,1,210,0,1,0
RF,MM527,1.649333,124.914722,1,MM902,207.2,3.0,2,2100,0,1,210,0,0,0

APPTR,R18,18,LOKON
IF,LOKON,0.697889,124.401611, ,0.0,0.0,0,0,0,0,0,0,0,0
TF,MM807,1.151361,124.485806,0, ,0.0,0.0,0.0,0.0,2,11000,0,0,0,0,0,0
TF,MM532,1.343306,124.686889,0, ,0.0,0.0,0.0,0.0,2,8000,0,0,0,0,0,0
TF,TAKIM,1.488861,124.769194,0, ,0.0,0.0,0.0,0.0,2,6500,0,1,220,0,1,0
TF,MM530,1.645056,124.823806,0, ,0.0,0.0,0.0,0.0,2,3000,0,1,210,0,1,0
RF,MM527,1.649333,124.914722,2,MM901,234.9,3.0,2,2100,0,1,210,0,0,0

APPTR,R18,18,PANDI
IF,PANDI,1.131139,124.145056, ,0.0,0.0,0,0,0,0,0,0,0,0
TF,MM807,1.151361,124.485806,0, ,0.0,0.0,0.0,0.0,2,11000,0,0,0,0,0,0
TF,MM532,1.343306,124.686889,0, ,0.0,0.0,0.0,0.0,2,8000,0,0,0,0,0,0
TF,TAKIM,1.488861,124.769194,0, ,0.0,0.0,0.0,0.0,2,6500,0,1,220,0,1,0
TF,MM530,1.645056,124.823806,0, ,0.0,0.0,0.0,0.0,2,3000,0,1,210,0,1,0
RF,MM527,1.649333,124.914722,2,MM901,124.8,3.0,2,2100,0,1,210,0,0,0

APPTR,R18,18,SIGAR
IF,SIGAR,1.050139,125.741000, ,0.0,0.0,0,0,0,0,0,0,0,0
TF,MM803,1.176306,125.432278,0, ,0.0,0.0,0.0,0.0,2,11000,0,0,0,0,0,0
TF,PETIR,1.483278,125.096528,0, ,0.0,0.0,0.0,0.0,2,8000,0,1,220,0,1,0
TF,MM535,1.613889,125.038194,0, ,0.0,0.0,0.0,0.0,2,5000,0,0,0,0,0,0
TF,MM534,1.690278,125.004083,0, ,0.0,0.0,0.0,0.0,2,4000,0,1,210,0,0,0
RF,MM533,1.714639,124.938194,1,MM902,198.6,3.0,2,2600,0,1,210,0,1,0
RF,MM527,1.649333,124.914722,1,MM902,152.1,3.0,2,2100,0,1,210,0,0,0

APPTR,R18,18,SOPUT
IF,SOPUT,0.633111,125.425639, ,0.0,0.0,0,0,0,0,0,0,0,0
TF,MM803,1.176306,125.432278,0, ,0.0,0.0,0.0,0.0,2,11000,0,0,0,0,0,0
TF,PETIR,1.483278,125.096528,0, ,0.0,0.0,0.0,0.0,2,8000,0,1,220,0,1,0
TF,MM535,1.613889,125.038194,0, ,0.0,0.0,0.0,0.0,2,5000,0,0,0,0,0,0
TF,MM534,1.690278,125.004083,0, ,0.0,0.0,0.0,0.0,2,4000,0,1,210,0,0,0
RF,MM533,1.714639,124.938194,1,MM902,198.6,3.0,2,2600,0,1,210,0,1,0
RF,MM527,1.649333,124.914722,1,MM902,355.1,3.0,2,2100,0,1,210,0,0,0

APPTR,R18,18,UMALA
IF,UMALA,1.823028,124.903306, ,0.0,0.0,2,5000,0,0,0,0,1,0
TF,MM529,1.731194,124.888806,0, ,0.0,0.0,0.0,0.0,2,3000,0,1,210,0,0,0
RF,MM528,1.694944,124.893806,1,MM903,154.2,3.8,2,2500,0,1,210,0,1,0
TF,MM527,1.649333,124.914722,0, ,0.0,0.0,0.0,0.0,2,2100,0,1,210,0,0,0

FINAL,R18,18,R,4
IF,MM527,1.649333,124.914722, ,0.0,0.0,2,2100,0,1,210,0,2,0
TF,MM526,1.625778,124.925500,0, ,0.0,0.0,155.0,1.6,2,1595,0,0,0,0,0,0
RF,MM525,1.611528,124.928361,2,MM904,180.7,1.9,2,1307,0,1,165,0,0,0
TF,RW18,1.561314,124.926703,0, ,0.0,0.0,182.0,3.0,1,315,0,0,0,0,3,1
TF,MM524,1.537361,124.925917,0, ,0.0,0.0,0.0,0.0,0,0,0,0,0,0,0,0
RF,MM523,1.484528,124.819722,2,MM905,304.5,4.0,0,0,0,1,230,0,0,0
TF,MM522,1.553278,124.723722,0, ,0.0,0.0,0.0,0.0,0,0,0,0,0,0,0,0
RF,MM521,1.451250,124.733167,1,MM906,42.6,4.0,0,0,0,1,230,0,0,0
TF,TAKIM,1.488861,124.769194,0, ,0.0,0.0,0.0,0.0,2,6500,0,1,220,0,0,0
HM,TAKIM,1.488861,124.769194,1, ,0.0,0.0,14.0,04.3,2,6500,0,1,220,0,0,0,0

APPTR,R36,36,ALPON
IF,ALPON,1.068528,124.162306, ,0.0,0.0,0,0,0,0,0,0,0,0
TF,MM807,1.151361,124.485806,0, ,0.0,0.0,0.0,0.0,2,11000,0,0,0,0,0,0
TF,DANES,1.372889,124.662028,0, ,0.0,0.0,0.0,0.0,2,6000,0,0,0,0,1,0
TF,MM662,1.451667,124.768194,0, ,0.0,0.0,0.0,0.0,2,3500,0,0,0,0,0,0
RF,MM661,1.461667,124.797833,2,MM912,90.1,2.8,2,3000,0,1,210,0,0,0
TF,MM660,1.459972,124.873806,0, ,0.0,0.0,0.0,0.0,2,1900,0,1,210,0,1,0
RF,MM659,1.476194,124.910111,1,MM913,108.4,2.8,2,1600,0,1,210,0,0,0

APPTR,R36,36,JULAS
IF,JULAS,1.169111,125.772306, ,0.0,0.0,0,0,0,0,0,0,0,0
TF,MM803,1.176306,125.432278,0, ,0.0,0.0,0.0,0.0,2,11000,0,0,0,0,0,0
TF,SAMAH,1.234944,125.217000,0, ,0.0,0.0,0.0,0.0,2,7000,0,0,0,0,1,0
TF,MM670,1.375528,125.051806,0, ,0.0,0.0,0.0,0.0,2,4500,0,1,210,0,0,0
RF,MM669,1.389917,125.020056,1,MM911,277.0,3.8,2,4000,0,1,210,0,0,0
TF,MM668,1.401861,124.937694,0, ,0.0,0.0,0.0,0.0,2,2500,0,0,0,0,1,0
RF,MM667,1.438028,124.900000,2,MM916,13.7,2.7,2,1900,0,1,210,0,0,0
RF,MM659,1.476194,124.910111,2,MM916,212.0,2.7,2,1600,0,1,210,0,0,0

APPTR,R36,36,LOKON
IF,LOKON,0.697889,124.401611, ,0.0,0.0,0,0,0,0,0,0,0,0
TF,MM807,1.151361,124.485806,0, ,0.0,0.0,0.0,0.0,2,11000,0,0,0,0,0,0
TF,DANES,1.372889,124.662028,0, ,0.0,0.0,0.0,0.0,2,6000,0,0,0,0,1,0
TF,MM662,1.451667,124.768194,0, ,0.0,0.0,0.0,0.0,2,3500,0,0,0,0,0,0
RF,MM661,1.461667,124.797833,2,MM912,90.1,2.8,2,3000,0,1,210,0,0,0
TF,MM660,1.459972,124.873806,0, ,0.0,0.0,0.0,0.0,2,1900,0,1,210,0,1,0
RF,MM659,1.476194,124.910111,1,MM913,244.6,2.8,2,1600,0,1,210,0,0,0

APPTR,R36,36,PANDI
IF,PANDI,1.131139,124.145056, ,0.0,0.0,0,0,0,0,0,0,0,0
TF,MM807,1.151361,124.485806,0, ,0.0,0.0,0.0,0.0,2,11000,0,0,0,0,0,0
TF,DANES,1.372889,124.662028,0, ,0.0,0.0,0.0,0.0,2,6000,0,0,0,0,1,0
TF,MM662,1.451667,124.768194,0, ,0.0,0.0,0.0,0.0,2,3500,0,0,0,0,0,0
RF,MM661,1.461667,124.797833,2,MM912,90.1,2.8,2,3000,0,1,210,0,0,0
TF,MM660,1.459972,124.873806,0, ,0.0,0.0,0.0,0.0,2,1900,0,1,210,0,1,0
RF,MM659,1.476194,124.910111,1,MM913,116.0,2.8,2,1600,0,1,210,0,0,0

APPTR,R36,36,SIGAR
IF,SIGAR,1.050139,125.741000, ,0.0,0.0,0,0,0,0,0,0,0,0
TF,MM803,1.176306,125.432278,0, ,0.0,0.0,0.0,0.0,2,11000,0,0,0,0,0,0
TF,SAMAH,1.234944,125.217000,0, ,0.0,0.0,0.0,0.0,2,7000,0,0,0,0,1,0
TF,MM670,1.375528,125.051806,0, ,0.0,0.0,0.0,0.0,2,4500,0,1,210,0,0,0
RF,MM669,1.389917,125.020056,1,MM911,277.0,3.8,2,4000,0,1,210,0,0,0
TF,MM668,1.401861,124.937694,0, ,0.0,0.0,0.0,0.0,2,2500,0,0,0,0,1,0
RF,MM667,1.438028,124.900000,2,MM916,13.7,2.7,2,1900,0,1,210,0,0,0
RF,MM659,1.476194,124.910111,2,MM916,147.4,2.7,2,1600,0,1,210,0,0,0

APPTR,R36,36,SOPUT
IF,SOPUT,0.633111,125.425639, ,0.0,0.0,0,0,0,0,0,0,0,0
TF,MM803,1.176306,125.432278,0, ,0.0,0.0,0.0,0.0,2,11000,0,0,0,0,0,0
TF,SAMAH,1.234944,125.217000,0, ,0.0,0.0,0.0,0.0,2,7000,0,0,0,0,1,0
TF,MM670,1.375528,125.051806,0, ,0.0,0.0,0.0,0.0,2,4500,0,1,210,0,0,0
RF,MM669,1.389917,125.020056,1,MM911,277.0,3.8,2,4000,0,1,210,0,0,0
TF,MM668,1.401861,124.937694,0, ,0.0,0.0,0.0,0.0,2,2500,0,0,0,0,1,0
RF,MM667,1.438028,124.900000,2,MM916,13.7,2.7,2,1900,0,1,210,0,0,0
RF,MM659,1.476194,124.910111,2,MM916,357.7,2.7,2,1600,0,1,210,0,0,0

APPTR,R36,36,UMALA
IF,UMALA,1.823028,124.903306, ,0.0,0.0,2,9000,0,0,0,0,0,0
TF,NAKEN,1.623861,124.831917,0, ,0.0,0.0,0.0,0.0,2,5000,0,0,0,0,1,0
TF,MM664,1.508333,124.828278,0, ,0.0,0.0,0.0,0.0,2,3000,0,1,210,0,0,0
RF,MM660,1.459972,124.873806,1,MM913,64.8,2.8,2,1900,0,1,210,0,1,0
RF,MM659,1.476194,124.910111,1,MM913,358.8,2.8,2,1600,0,1,210,0,0,0

FINAL,R36,36,R,4
IF,MM659,1.476194,124.910111, ,0.0,0.0,2,1600,0,1,210,0,2,0
TF,MM658,1.484556,124.917278,0, ,0.0,0.0,41.0,0.7,2,1381,0,0,0,0,0,0
RF,MM657,1.503889,124.924806,1,MM914,0.7,1.9,2,967,0,1,165,0,0,0
TF,RW36,1.537361,124.925908,0, ,0.0,0.0,2.0,2.0,1,309,0,0,0,0,3,1
TF,MM656,1.555806,124.926528,0, ,0.0,0.0,0.0,0.0,0,0,0,0,0,0,0,0
RF,MM655,1.599278,124.890639,1,MM915,277.6,2.5,0,0,0,1,210,0,0,0
TF,MM654,1.609889,124.821472,0, ,0.0,0.0,0.0,0.0,0,0,0,0,0,0,0,0
TF,MM653,1.619528,124.760389,0, ,0.0,0.0,0.0,0.0,0,0,0,0,0,0,0,0
RF,MM652,1.678500,124.710167,2,MM917,87.2,3.6,0,0,0,1,210,0,0,0
RF,MM651,1.681944,124.828556,2,MM917,175.5,3.6,0,0,0,1,210,0,0,0
TF,NAKEN,1.623861,124.831917,0, ,0.0,0.0,0.0,0.0,2,5000,0,0,0,0,0,0
HM,NAKEN,1.623861,124.831917,2, ,0.0,0.0,181.0,04.3,2,5000,0,0,0,0,0,0,0

