SID,LOLO1A,01,2
VA,0,13.0,2,1500,0,0,0,0,0,0
VI,1, ,0.0,194.0,0,0,0,0,0,0,0,0
CF,BR15B,1.947686,117.287428,0,BRZ,214.0,15.0,214.0,5.0,2,5000,0,0,0,0,0,0
VI,0, ,0.0,158.0,0,0,0,0,0,0,0,0
CF,LOLOT,0.413783,117.165478,0,BPN,6.8,100.0,188.0,83.0,0,0,0,0,0,0,0,0

SID,LOLO1B,19,2
VA,0,193.0,2,560,0,0,0,0,0,0
VI,0, ,0.0,244.0,0,0,0,0,0,0,0,0
CF,BR15B,1.947686,117.287428,0,BRZ,214.0,15.0,214.0,13.0,2,5000,0,0,0,0,0,0
VI,0, ,0.0,158.0,0,0,0,0,0,0,0,0
CF,LOLOT,0.413783,117.165478,0,BPN,6.8,100.0,188.0,83.0,0,0,0,0,0,0,0,0

SID,TRK1A,01,2
VA,0,13.0,2,1500,0,0,0,0,0,0
VI,0, ,0.0,349.0,0,0,0,0,0,0,0,0
CF,TRK,3.325606,117.561633,0,TRK,0.0,0.0,7.0,62.0,0,0,0,0,0,0,0,0

SID,TRK1B,19,2
VA,0,193.0,2,560,0,0,0,0,0,0
VI,2, ,0.0,34.0,0,0,0,0,0,0,0,0
CF,BR15A,2.404683,117.435008,0,TRK,186.9,55.5,360.0,10.0,0,0,0,0,0,0,0,0
TF,TRK,3.325606,117.561633,0, ,0.0,0.0,0.0,0.0,0,0,0,0,0,0,0,0

STAR,LOLO1C,01,2
IF,LOLOT,0.413783,117.165478, ,0.0,0.0,0,0,0,0,0,0,0,0
TF,BR30B,1.660764,117.334653,0, ,0.0,0.0,0.0,0.0,0,0,0,0,0,0,0,0
TF,TAMBI,1.834656,117.377739,0, ,0.0,0.0,0.0,0.0,0,0,0,0,0,0,0,0

STAR,LOLO1D,19,2
IF,LOLOT,0.413783,117.165478, ,0.0,0.0,0,0,0,0,0,0,0,0
TF,BR30C,1.660253,117.335375,0, ,0.0,0.0,0.0,0.0,0,0,0,0,0,0,0,0
TF,BRZ,2.153397,117.430814,0, ,0.0,0.0,0.0,0.0,0,0,0,0,0,0,0,0

STAR,TRK1C,01,2
IF,TRK,3.325606,117.561633, ,0.0,0.0,0,0,0,0,0,0,0,0
TF,BR30A,2.654731,117.465503,0, ,0.0,0.0,0.0,0.0,0,0,0,0,0,0,0,0
TF,BRZ,2.153397,117.430814,0, ,0.0,0.0,0.0,0.0,0,0,0,0,0,0,0,0
TF,TAMBI,1.834656,117.377739,0, ,0.0,0.0,0.0,0.0,0,0,0,0,0,0,0,0

STAR,TRK1D,19,2
IF,TRK,3.325606,117.561633, ,0.0,0.0,0,0,0,0,0,0,0,0
TF,BR30A,2.654731,117.465503,0, ,0.0,0.0,0.0,0.0,0,0,0,0,0,0,0,0
TF,BRZ,2.153397,117.430814,0, ,0.0,0.0,0.0,0.0,0,0,0,0,0,0,0,0

APPTR,D01,01,TAMBI
IF,TAMBI,1.834656,117.377739, ,0.0,0.0,2,6000,0,0,0,0,1,0
TF,D189Q,1.880839,117.385428,0, ,0.0,0.0,0.0,0.0,2,5100,0,0,0,0,0,0
TF,CD01,1.930394,117.393678,0, ,0.0,0.0,0.0,0.0,2,4100,0,0,0,0,1,0

FINAL,D01,01,D,3
IF,CD01,1.930394,117.393678,BRZ,188.5,13.5,2,4100,0,0,0,0,0,0
CF,FD01,2.026203,117.409631,0,BRZ,188.5,7.7,9.0,5.8,2,2300,0,0,0,0,2,0
CF,MD01,2.108136,117.423275,0,BRZ,188.5,2.7,9.0,5.0,1,692,0,0,0,0,3,0
CF,BRZ,2.153397,117.430814,0,BRZ,0.0,0.0,9.0,2.7,0,0,0,0,0,0,0,0
CA,0,9.0,2,1500,0,0,0,0,0,0
CF,TAMBI,1.834656,117.377739,2,BRZ,188.5,19.3,189.0,19.3,0,0,0,0,0,0,0,0
HM,TAMBI,1.834656,117.377739,1, ,0.0,0.0,9.0,04.3,2,6000,0,0,0,0,0,0,0

APPTR,D19,19,BRZ1
IF,BRZ,2.153397,117.430814, ,0.0,0.0,2,4000,0,0,0,0,0,0
FD,BRZ,2.153397,117.430814,0,BRZ,0.0,8.0,343.0,8.0,2,2600,0,0,0,0,0,0
CF,FD19,2.280828,117.471975,2,BRZ,17.0,8.0,197.0,1.0,2,2600,0,0,0,0,0,0

APPTR,D19,19,BRZ2
IF,BRZ,2.153397,117.430814, ,0.0,0.0,2,4000,0,0,0,0,0,0
FD,BRZ,2.153397,117.430814,0,BRZ,0.0,8.0,4.0,8.0,2,2600,0,0,0,0,0,0
CF,FD19,2.280828,117.471975,2,BRZ,17.0,8.0,197.0,1.0,2,2600,0,0,0,0,0,0

FINAL,D19,19,D,2
IF,FD19,2.280828,117.471975,BRZ,17.0,8.0,2,2600,0,0,0,0,2,0
CF,MD19,2.193042,117.443617,0,BRZ,17.0,2.5,197.0,5.5,1,820,0,0,0,0,3,0
CF,BRZ,2.153397,117.430814,0,BRZ,0.0,0.0,197.0,2.5,0,0,0,0,0,0,0,1
CA,0,197.0,2,1200,0,0,0,0,0,0
DF,BRZ,2.153397,117.430814,2, ,0.0,0.0,0,0,0,0,0,0,0,0

