SID,ENTA3K,10,5
CF,ANORA,-7.401778,112.922111,0,SBR,99.5,9.2,98.0,8.0,0,0,0,0,0,0,0,0
TF,MOSKA,-7.511083,113.427917,0, ,0.0,0.0,0.0,0.0,0,0,0,0,0,0,0,0
TF,NAMIA,-7.607722,113.877722,0, ,0.0,0.0,0.0,0.0,2,24500,0,0,0,0,0,0
TF,ENTAS,-7.712944,114.370306,0, ,0.0,0.0,0.0,0.0,0,0,0,0,0,0,0,0

SID,ENTA3L,28,5
VA,0,278.0,2,3500,0,0,0,0,0,0
DF,MATRA,-7.201222,112.859694,2, ,0.0,0.0,0,0,0,0,0,0,0,0
TF,RUGAT,-7.371889,113.169278,0, ,0.0,0.0,0.0,0.0,2,14000,0,0,0,0,0,0
TF,NAMIA,-7.607722,113.877722,0, ,0.0,0.0,0.0,0.0,2,24500,0,0,0,0,0,0
TF,ENTAS,-7.712944,114.370306,0, ,0.0,0.0,0.0,0.0,0,0,0,0,0,0,0,0

SID,FAND2F,10,5
CF,ANORA,-7.401778,112.922111,0,SBR,99.5,9.2,98.0,8.0,0,0,0,0,0,0,0,0
TF,GARDA,-7.262861,113.108861,0, ,0.0,0.0,0.0,0.0,0,0,0,0,0,0,0,0
TF,FANDO,-6.973556,113.984806,0, ,0.0,0.0,0.0,0.0,0,0,0,0,0,0,0,0

SID,FAND2G,28,5
VA,0,278.0,2,3500,0,0,0,0,0,0
DF,MATRA,-7.201222,112.859694,2, ,0.0,0.0,0,0,0,0,0,0,0,0
TF,PRONA,-7.239278,113.180611,0, ,0.0,0.0,0.0,0.0,2,14000,0,0,0,0,0,0
TF,FANDO,-6.973556,113.984806,0, ,0.0,0.0,0.0,0.0,0,0,0,0,0,0,0,0

SID,LASE5F,10,5
VA,0,98.0,2,3000,0,0,0,0,0,0
DF,BALMA,-7.127278,112.874000,1, ,0.0,0.0,0,0,0,0,0,0,0,0
TF,DORAS,-7.076278,112.589639,0, ,0.0,0.0,0.0,0.0,2,8500,0,0,0,0,0,0
TF,ERATA,-7.023222,112.295000,0, ,0.0,0.0,0.0,0.0,0,0,0,0,0,0,0,0
TF,FUSAL,-6.961750,112.139111,0, ,0.0,0.0,0.0,0.0,2,14000,0,0,0,0,0,0
TF,LASEM,-6.618333,111.615000,0, ,0.0,0.0,0.0,0.0,0,0,0,0,0,0,0,0

SID,LASE5G,28,5
CF,JERAM,-7.339472,112.538361,0,SBR,277.4,14.0,278.0,15.0,0,0,0,0,0,0,0,0
TF,KANES,-7.204306,112.342306,0, ,0.0,0.0,0.0,0.0,0,0,0,0,0,0,0,0
TF,FUSAL,-6.961750,112.139111,0, ,0.0,0.0,0.0,0.0,0,0,0,0,0,0,0,0
TF,LASEM,-6.618333,111.615000,0, ,0.0,0.0,0.0,0.0,0,0,0,0,0,0,0,0

SID,RABO3Q,10,5
CF,ANORA,-7.401778,112.922111,0,SBR,99.5,9.2,98.0,8.0,0,0,0,0,0,0,0,0
TF,MOSKA,-7.511083,113.427917,0, ,0.0,0.0,0.0,0.0,0,0,0,0,0,0,0,0
TF,BESKI,-7.788333,113.681778,0, ,0.0,0.0,0.0,0.0,3,21000,0,0,0,0,0,0
TF,RABOL,-8.021417,113.895694,0, ,0.0,0.0,0.0,0.0,0,0,0,0,0,0,0,0

SID,RABO3R,28,5
VA,0,278.0,2,3500,0,0,0,0,0,0
DF,MATRA,-7.201222,112.859694,2, ,0.0,0.0,0,0,0,0,0,0,0,0
TF,RUGAT,-7.371889,113.169278,0, ,0.0,0.0,0.0,0.0,2,14000,0,0,0,0,0,0
TF,RABOL,-8.021417,113.895694,0, ,0.0,0.0,0.0,0.0,0,0,0,0,0,0,0,0

SID,RAMP2F,10,5
CF,ANORA,-7.401778,112.922111,0,SBR,99.5,9.2,98.0,8.0,0,0,0,0,0,0,0,0
TF,GARDA,-7.262861,113.108861,0, ,0.0,0.0,0.0,0.0,0,0,0,0,0,0,0,0
TF,IMANA,-6.510361,113.285306,0, ,0.0,0.0,0.0,0.0,3,21000,0,0,0,0,0,0
TF,RAMPY,-6.250167,113.346000,0, ,0.0,0.0,0.0,0.0,0,0,0,0,0,0,0,0

SID,RAMP2G,28,5
VA,0,278.0,2,3500,0,0,0,0,0,0
DF,MATRA,-7.201222,112.859694,2, ,0.0,0.0,0,0,0,0,0,0,0,0
TF,NOBEL,-6.802389,113.062944,0, ,0.0,0.0,0.0,0.0,3,16000,0,0,0,0,0,0
TF,RAMPY,-6.250167,113.346000,0, ,0.0,0.0,0.0,0.0,0,0,0,0,0,0,0,0

STAR,BA3H,10,5
IF,BA,-6.992639,111.418972, ,0.0,0.0,0,0,0,0,0,0,0,0
TF,SABRE,-7.156611,111.998556,0, ,0.0,0.0,0.0,0.0,0,0,0,1,230,0,0,0
TF,RAMAT,-7.296722,112.326194,0, ,0.0,0.0,0.0,0.0,0,0,0,0,0,0,0,0
TF,LOTEK,-7.339500,112.538722,0, ,0.0,0.0,0.0,0.0,1,3500,0,0,0,0,0,0

STAR,BA3J,28,5
IF,BA,-6.992639,111.418972, ,0.0,0.0,0,0,0,0,0,0,0,0
TF,SABRE,-7.156611,111.998556,0, ,0.0,0.0,0.0,0.0,0,0,0,0,0,0,0,0
TF,BOLTA,-7.474667,112.334222,0, ,0.0,0.0,0.0,0.0,0,0,0,0,0,0,0,0
TF,RUJAK,-7.543333,112.683694,0, ,0.0,0.0,0.0,0.0,1,13000,0,1,230,0,0,0
TF,PETIS,-7.569833,112.819056,0, ,0.0,0.0,0.0,0.0,1,13000,0,0,0,0,0,0
TF,ALONA,-7.603861,112.993111,0, ,0.0,0.0,0.0,0.0,0,0,0,0,0,0,0,0
TF,WAKAN,-7.638139,113.168806,0, ,0.0,0.0,0.0,0.0,0,0,0,0,0,0,0,0
TF,VERSA,-7.466972,113.205611,0, ,0.0,0.0,0.0,0.0,0,0,0,0,0,0,0,0
TF,SABIT,-7.429403,113.030386,0, ,0.0,0.0,0.0,0.0,1,3500,0,0,0,0,0,0

STAR,ENTA3M,10,5
IF,ENTAS,-7.712944,114.370306, ,0.0,0.0,0,0,0,0,0,0,0,0
TF,OKANG,-7.752806,114.084361,0, ,0.0,0.0,0.0,0.0,0,0,0,0,0,0,0,0
TF,PATON,-7.728556,113.541806,0, ,0.0,0.0,0.0,0.0,2,22000,0,0,0,0,0,0
TF,HANKA,-7.654083,113.250806,0, ,0.0,0.0,0.0,0.0,0,0,0,0,0,0,0,0
TF,PETIS,-7.569833,112.819056,0, ,0.0,0.0,0.0,0.0,1,13000,0,1,230,0,0,0
TF,RUJAK,-7.543333,112.683694,0, ,0.0,0.0,0.0,0.0,1,13000,0,0,0,0,0,0
TF,FOLKA,-7.509222,112.509806,0, ,0.0,0.0,0.0,0.0,0,0,0,0,0,0,0,0
TF,EPAMA,-7.467556,112.298083,0, ,0.0,0.0,0.0,0.0,0,0,0,0,0,0,0,0
TF,RAMAT,-7.296722,112.326194,0, ,0.0,0.0,0.0,0.0,0,0,0,0,0,0,0,0
TF,LOTEK,-7.339500,112.538722,2, ,0.0,0.0,0.0,0.0,1,3500,0,0,0,0,0,0

STAR,ENTA3N,28,5
IF,ENTAS,-7.712944,114.370306, ,0.0,0.0,0,0,0,0,0,0,0,0
TF,OKANG,-7.752806,114.084361,0, ,0.0,0.0,0.0,0.0,0,0,0,0,0,0,0,0
TF,SAPAL,-7.757778,113.872361,0, ,0.0,0.0,0.0,0.0,0,0,0,0,0,0,0,0
TF,SOPRA,-7.513889,113.427306,0, ,0.0,0.0,0.0,0.0,3,13000,0,1,230,0,0,0
TF,VERSA,-7.466972,113.205611,0, ,0.0,0.0,0.0,0.0,0,0,0,0,0,0,0,0
TF,SABIT,-7.429403,113.030386,0, ,0.0,0.0,0.0,0.0,1,3500,0,0,0,0,0,0

STAR,IKAP1A,28,5
IF,IKAPI,-4.956028,113.976889, ,0.0,0.0,0,0,0,0,0,0,0,0
TF,KOLTA,-6.464725,113.827853,0, ,0.0,0.0,0.0,0.0,0,0,0,0,0,0,0,0
TF,EMARA,-6.933694,113.320250,0, ,0.0,0.0,0.0,0.0,0,0,0,0,0,0,0,0
TF,DIRGA,-7.126889,113.278722,0, ,0.0,0.0,0.0,0.0,3,10000,0,1,230,0,0,0
TF,VERSA,-7.466972,113.205611,0, ,0.0,0.0,0.0,0.0,0,0,0,0,0,0,0,0
TF,SABIT,-7.429403,113.030386,0, ,0.0,0.0,0.0,0.0,1,3500,0,0,0,0,0,0

STAR,KOLO1E,10,5
IF,KOLOT,-5.877250,112.925889, ,0.0,0.0,0,0,0,0,0,0,0,0
TF,MADUR,-6.696861,112.800194,0, ,0.0,0.0,0.0,0.0,0,0,0,0,0,0,0,0
TF,TIRUS,-6.770250,112.473278,0, ,0.0,0.0,0.0,0.0,0,0,0,1,230,0,0,0
TF,PANKA,-6.978611,112.497722,0, ,0.0,0.0,0.0,0.0,3,7500,0,0,0,0,0,0
TF,LOTEK,-7.339500,112.538722,0, ,0.0,0.0,0.0,0.0,1,3500,0,0,0,0,0,0

STAR,KOLT1E,10,5
IF,KOLTA,-6.464725,113.827853, ,0.0,0.0,0,0,0,0,0,0,0,0
TF,BAWEN,-6.610306,113.184528,0, ,0.0,0.0,0.0,0.0,2,22000,0,0,0,0,0,0
TF,MADUR,-6.696861,112.800194,0, ,0.0,0.0,0.0,0.0,0,0,0,0,0,0,0,0
TF,TIRUS,-6.770250,112.473278,0, ,0.0,0.0,0.0,0.0,0,0,0,1,230,0,0,0
TF,PANKA,-6.978611,112.497722,0, ,0.0,0.0,0.0,0.0,3,7500,0,0,0,0,0,0
TF,LOTEK,-7.339500,112.538722,0, ,0.0,0.0,0.0,0.0,1,3500,0,0,0,0,0,0

STAR,KOLT1F,28,5
IF,KOLTA,-6.464725,113.827853, ,0.0,0.0,0,0,0,0,0,0,0,0
TF,EMARA,-6.933694,113.320250,0, ,0.0,0.0,0.0,0.0,0,0,0,0,0,0,0,0
TF,DIRGA,-7.126889,113.278722,0, ,0.0,0.0,0.0,0.0,3,10000,0,1,230,0,0,0
TF,VERSA,-7.466972,113.205611,0, ,0.0,0.0,0.0,0.0,0,0,0,0,0,0,0,0
TF,SABIT,-7.429403,113.030386,0, ,0.0,0.0,0.0,0.0,1,3500,0,0,0,0,0,0

STAR,RABO3S,10,5
IF,RABOL,-8.021417,113.895694, ,0.0,0.0,0,0,0,0,0,0,0,0
TF,KORGA,-7.932111,113.678500,0, ,0.0,0.0,0.0,0.0,0,0,0,0,0,0,0,0
TF,HANKA,-7.654083,113.250806,0, ,0.0,0.0,0.0,0.0,0,0,0,0,0,0,0,0
TF,PETIS,-7.569833,112.819056,0, ,0.0,0.0,0.0,0.0,1,13000,0,1,230,0,0,0
TF,RUJAK,-7.543333,112.683694,0, ,0.0,0.0,0.0,0.0,1,13000,0,0,0,0,0,0
TF,FOLKA,-7.509222,112.509806,0, ,0.0,0.0,0.0,0.0,0,0,0,0,0,0,0,0
TF,EPAMA,-7.467556,112.298083,0, ,0.0,0.0,0.0,0.0,0,0,0,0,0,0,0,0
TF,RAMAT,-7.296722,112.326194,0, ,0.0,0.0,0.0,0.0,0,0,0,0,0,0,0,0
TF,LOTEK,-7.339500,112.538722,2, ,0.0,0.0,0.0,0.0,1,3500,0,0,0,0,0,0

STAR,RABO3T,28,5
IF,RABOL,-8.021417,113.895694, ,0.0,0.0,0,0,0,0,0,0,0,0
TF,SAPAL,-7.757778,113.872361,0, ,0.0,0.0,0.0,0.0,0,0,0,0,0,0,0,0
TF,SOPRA,-7.513889,113.427306,0, ,0.0,0.0,0.0,0.0,3,13000,0,1,230,0,0,0
TF,VERSA,-7.466972,113.205611,0, ,0.0,0.0,0.0,0.0,0,0,0,0,0,0,0,0
TF,SABIT,-7.429403,113.030386,0, ,0.0,0.0,0.0,0.0,1,3500,0,0,0,0,0,0

STAR,RUPK1D,10,5
IF,RUPKA,-5.477333,110.364806, ,0.0,0.0,0,0,0,0,0,0,0,0
TF,CELOR,-6.480528,112.305194,0, ,0.0,0.0,0.0,0.0,0,0,0,0,0,0,0,0
TF,TIRUS,-6.770250,112.473278,0, ,0.0,0.0,0.0,0.0,0,0,0,1,230,0,0,0
TF,PANKA,-6.978611,112.497722,0, ,0.0,0.0,0.0,0.0,3,7500,0,0,0,0,0,0
TF,LOTEK,-7.339500,112.538722,0, ,0.0,0.0,0.0,0.0,1,3500,0,0,0,0,0,0

STAR,RUPK1E,28,5
IF,RUPKA,-5.477333,110.364806, ,0.0,0.0,0,0,0,0,0,0,0,0
TF,TIRUS,-6.770250,112.473278,0, ,0.0,0.0,0.0,0.0,0,0,0,0,0,0,0,0
TF,LARSO,-6.892694,113.106972,0, ,0.0,0.0,0.0,0.0,2,17000,0,0,0,0,0,0
TF,EMARA,-6.933694,113.320250,0, ,0.0,0.0,0.0,0.0,0,0,0,0,0,0,0,0
TF,DIRGA,-7.126889,113.278722,2, ,0.0,0.0,0.0,0.0,3,10000,0,1,230,0,0,0
TF,VERSA,-7.466972,113.205611,0, ,0.0,0.0,0.0,0.0,0,0,0,0,0,0,0,0
TF,SABIT,-7.429403,113.030386,0, ,0.0,0.0,0.0,0.0,1,3500,0,0,0,0,0,0

STAR,SUMD1H,10,5
IF,SUMDI,-4.617319,111.229781, ,0.0,0.0,0,0,0,0,0,0,0,0
TF,CELOR,-6.480528,112.305194,0, ,0.0,0.0,0.0,0.0,0,0,0,0,0,0,0,0
TF,TIRUS,-6.770250,112.473278,0, ,0.0,0.0,0.0,0.0,0,0,0,1,230,0,0,0
TF,PANKA,-6.978611,112.497722,0, ,0.0,0.0,0.0,0.0,3,7500,0,0,0,0,0,0
TF,LOTEK,-7.339500,112.538722,0, ,0.0,0.0,0.0,0.0,1,3500,0,0,0,0,0,0

STAR,SUMD1J,28,5
IF,SUMDI,-4.617319,111.229781, ,0.0,0.0,0,0,0,0,0,0,0,0
TF,TIRUS,-6.770250,112.473278,0, ,0.0,0.0,0.0,0.0,0,0,0,0,0,0,0,0
TF,LARSO,-6.892694,113.106972,0, ,0.0,0.0,0.0,0.0,2,17000,0,0,0,0,0,0
TF,EMARA,-6.933694,113.320250,0, ,0.0,0.0,0.0,0.0,0,0,0,0,0,0,0,0
TF,DIRGA,-7.126889,113.278722,2, ,0.0,0.0,0.0,0.0,3,10000,0,1,230,0,0,0
TF,VERSA,-7.466972,113.205611,0, ,0.0,0.0,0.0,0.0,0,0,0,0,0,0,0,0
TF,SABIT,-7.429403,113.030386,0, ,0.0,0.0,0.0,0.0,1,3500,0,0,0,0,0,0

APPTR,D28,28,SABIT
IF,SABIT,-7.429403,113.030386, ,0.0,0.0,2,3500,0,1,190,0,1,0
TF,CF28,-7.417411,112.976342,0, ,0.0,0.0,0.0,0.0,2,2700,0,0,0,0,1,0

FINAL,D28,28,D,3
IF,CF28,-7.417411,112.976342,SBR,101.0,12.5,2,2700,0,0,0,0,0,0
CF,FF28,-7.402119,112.904133,0,SBR,101.0,8.1,281.0,4.4,2,2000,0,1,150,0,2,0
CF,RW28,-7.382014,112.800269,0,SBR,104.6,1.8,281.0,6.3,1,58,0,0,0,0,3,0
CF,LOTEK,-7.339500,112.538722,0,SBR,277.4,14.0,277.0,15.8,1,3500,0,0,0,0,0,0
HM,LOTEK,-7.339500,112.538722,2, ,0.0,0.0,97.0,04.3,2,3500,0,0,0,0,0,0,0

APPTR,I10,10,LOTEK
IF,LOTEK,-7.339500,112.538722, ,0.0,0.0,2,3500,0,1,190,0,1,0
CF,CF10,-7.349072,112.596878,0,ISBY,278.2,12.5,98.0,3.5,2,2700,0,0,0,0,1,0

FINAL,I10,10,I,3
IF,CF10,-7.349072,112.596878,ISBY,278.2,12.5,2,2700,0,0,0,0,0,0
CF,FF10,-7.361333,112.672833,0,ISBY,278.2,7.9,98.0,4.6,1,2000,0,1,150,0,2,0
CF,RW10,-7.377669,112.773492,0,ISBY,278.2,1.8,98.0,6.1,1,64,0,0,0,0,3,0
CA,0,98.0,2,420,0,0,0,0,0,0
CF,SABIT,-7.429403,113.030386,0,SBR,101.1,15.8,101.0,16.0,1,3500,0,0,0,0,0,0
HM,SABIT,-7.429403,113.030386,2, ,0.0,0.0,281.0,04.3,2,3500,0,0,0,0,0,0,0

APPTR,R10,10,LOTEK
IF,LOTEK,-7.339500,112.538722, ,0.0,0.0,1,3500,0,1,190,0,1,0
TF,WENAK,-7.348694,112.595194,0, ,0.0,0.0,0.0,0.0,2,2700,0,0,0,0,1,0

FINAL,R10,10,R,3
IF,WENAK,-7.348694,112.595194, ,0.0,0.0,2,2700,0,0,0,0,0,0
TF,TENAN,-7.360750,112.669361,0, ,0.0,0.0,98.0,4.5,2,2000,0,1,150,0,2,0
TF,RW10,-7.377669,112.773492,0, ,0.0,0.0,98.0,6.3,1,61,0,0,0,0,3,1
DF,SABIT,-7.429403,113.030386,0, ,0.0,0.0,2,3500,0,0,0,0,0,0
HM,SABIT,-7.429403,113.030386,2, ,0.0,0.0,281.0,04.3,2,3500,0,0,0,0,0,0,0

APPTR,R28,28,SABIT
IF,SABIT,-7.429403,113.030386, ,0.0,0.0,1,3500,0,1,190,0,1,0
TF,GOLEK,-7.410694,112.977389,0, ,0.0,0.0,0.0,0.0,2,2700,0,0,0,0,1,0

FINAL,R28,28,R,3
IF,GOLEK,-7.410694,112.977389, ,0.0,0.0,2,2700,0,0,0,0,0,0
TF,BERKA,-7.398917,112.904528,0, ,0.0,0.0,278.0,4.4,2,2000,0,1,150,0,2,0
TF,RW28,-7.382014,112.800269,0, ,0.0,0.0,278.0,6.3,1,58,0,0,0,0,3,1
DF,LOTEK,-7.339500,112.538722,0, ,0.0,0.0,2,3500,0,0,0,0,0,0
HM,LOTEK,-7.339500,112.538722,2, ,0.0,0.0,97.0,04.3,2,3500,0,0,0,0,0,0,0

