SID,APAS1A,09,2
VA,0,90.0,2,3000,0,0,0,0,0,0
DF,MIL,-0.896222,131.289783,1, ,0.0,0.0,2,4000,0,0,0,0,0,0
TF,APASI,-1.445936,129.743119,0, ,0.0,0.0,0.0,0.0,0,0,0,0,0,0,0,0

SID,APAS1B,27,2
VA,0,270.0,2,1000,0,0,0,0,0,0
VI,0, ,0.0,228.0,0,0,0,0,0,0,0,0
IF,MIL,-0.896222,131.289783, ,0.0,0.0,0,0,0,0,0,0,0,0
TF,APASI,-1.445936,129.743119,0, ,0.0,0.0,0.0,0.0,0,0,0,0,0,0,0,0

SID,APAS1E,09,2
VA,0,90.0,2,1500,0,0,0,0,0,0
VI,2, ,0.0,268.0,0,0,0,0,0,0,0,0
IF,MIL,-0.896222,131.289783, ,0.0,0.0,0,0,0,0,0,0,0,0
TF,APASI,-1.445936,129.743119,0, ,0.0,0.0,0.0,0.0,0,0,0,0,0,0,0,0

SID,FIMB1A,09,2
VA,0,90.0,2,3000,0,0,0,0,0,0
VI,1, ,0.0,268.0,0,0,0,0,0,0,0,0
IF,MIL,-0.896222,131.289783, ,0.0,0.0,0,0,0,0,0,0,0,0
TF,FIMBA,-0.140300,129.164900,0, ,0.0,0.0,0.0,0.0,0,0,0,0,0,0,0,0

SID,FIMB1B,27,2
VA,0,270.0,2,1000,0,0,0,0,0,0
VI,0, ,0.0,304.0,0,0,0,0,0,0,0,0
IF,MIL,-0.896222,131.289783, ,0.0,0.0,0,0,0,0,0,0,0,0
TF,FIMBA,-0.140300,129.164900,0, ,0.0,0.0,0.0,0.0,0,0,0,0,0,0,0,0

SID,FIMB1E,09,2
VA,0,90.0,2,1500,0,0,0,0,0,0
VI,2, ,0.0,302.0,0,0,0,0,0,0,0,0
IF,MIL,-0.896222,131.289783, ,0.0,0.0,0,0,0,0,0,0,0,0
TF,FIMBA,-0.140300,129.164900,0, ,0.0,0.0,0.0,0.0,0,0,0,0,0,0,0,0

SID,GOBA1A,09,2
VA,0,90.0,2,3000,0,0,0,0,0,0
DF,MIL,-0.896222,131.289783,1, ,0.0,0.0,2,4000,0,0,0,0,0,0
TF,GOBAL,-0.926667,129.384594,0, ,0.0,0.0,0.0,0.0,0,0,0,0,0,0,0,0

SID,GOBA1B,27,2
VA,0,270.0,2,1000,0,0,0,0,0,0
VI,0, ,0.0,257.0,0,0,0,0,0,0,0,0
IF,MIL,-0.896222,131.289783, ,0.0,0.0,0,0,0,0,0,0,0,0
TF,GOBAL,-0.926667,129.384594,0, ,0.0,0.0,0.0,0.0,0,0,0,0,0,0,0,0

SID,GOBA1E,09,2
VA,0,90.0,2,1500,0,0,0,0,0,0
VI,2, ,0.0,282.0,0,0,0,0,0,0,0,0
IF,MIL,-0.896222,131.289783, ,0.0,0.0,0,0,0,0,0,0,0,0
TF,GOBAL,-0.926667,129.384594,0, ,0.0,0.0,0.0,0.0,0,0,0,0,0,0,0,0

SID,JOLA1A,27,2
VA,0,270.0,2,1000,0,0,0,0,0,0
VI,1, ,0.0,99.0,0,0,0,0,0,0,0,0
IF,MIL,-0.896222,131.289783, ,0.0,0.0,0,0,0,0,0,0,0,0
TF,JOLAM,-2.267558,132.601586,0, ,0.0,0.0,0.0,0.0,0,0,0,0,0,0,0,0

SID,JOLA1D,09,2
VA,0,90.0,2,1500,0,0,0,0,0,0
VI,0, ,0.0,153.0,0,0,0,0,0,0,0,0
IF,MIL,-0.896222,131.289783, ,0.0,0.0,0,0,0,0,0,0,0,0
TF,JOLAM,-2.267558,132.601586,0, ,0.0,0.0,0.0,0.0,0,0,0,0,0,0,0,0

SID,PENY1A,09,2
VA,0,90.0,2,3000,0,0,0,0,0,0
DF,MIL,-0.896222,131.289783,1, ,0.0,0.0,2,4000,0,0,0,0,0,0
TF,PENNY,-1.810722,130.156442,0, ,0.0,0.0,0.0,0.0,0,0,0,0,0,0,0,0

SID,PENY1B,27,2
VA,0,270.0,2,1000,0,0,0,0,0,0
VI,0, ,0.0,195.0,0,0,0,0,0,0,0,0
IF,MIL,-0.896222,131.289783, ,0.0,0.0,0,0,0,0,0,0,0,0
TF,PENNY,-1.810722,130.156442,0, ,0.0,0.0,0.0,0.0,0,0,0,0,0,0,0,0

SID,PENY1E,09,2
VA,0,90.0,2,1500,0,0,0,0,0,0
VI,2, ,0.0,251.0,0,0,0,0,0,0,0,0
IF,MIL,-0.896222,131.289783, ,0.0,0.0,0,0,0,0,0,0,0,0
TF,PENNY,-1.810722,130.156442,0, ,0.0,0.0,0.0,0.0,0,0,0,0,0,0,0,0

SID,ZQ1A,27,2
VA,0,270.0,2,1000,0,0,0,0,0,0
VI,2, ,0.0,108.0,0,0,0,0,0,0,0,0
IF,MIL,-0.896222,131.289783, ,0.0,0.0,0,0,0,0,0,0,0,0
TF,ZQ,-0.887053,134.051767,0, ,0.0,0.0,0.0,0.0,0,0,0,0,0,0,0,0

SID,ZQ1D,09,2
VA,0,90.0,2,1500,0,0,0,0,0,0
IF,MIL,-0.896222,131.289783, ,0.0,0.0,0,0,0,0,0,0,0,0
TF,ZQ,-0.887053,134.051767,0, ,0.0,0.0,0.0,0.0,0,0,0,0,0,0,0,0

STAR,APAS1C,09,2
IF,APASI,-1.445936,129.743119, ,0.0,0.0,0,0,0,0,0,0,0,0
TF,D250Y,-1.035722,130.897564,0, ,0.0,0.0,0.0,0.0,0,0,0,0,0,0,0,0
TF,ADUAP,-0.860192,131.047178,0, ,0.0,0.0,0.0,0.0,2,3500,0,0,0,0,0,0

STAR,APAS1D,27,2
IF,APASI,-1.445936,129.743119, ,0.0,0.0,0,0,0,0,0,0,0,0
TF,MIL,-0.896222,131.289783,0, ,0.0,0.0,0.0,0.0,2,5000,0,0,0,0,0,0
TF,MIKIR,-0.885944,131.527389,0, ,0.0,0.0,0.0,0.0,2,3500,0,0,0,0,0,0

STAR,FIMB1C,09,2
IF,FIMBA,-0.140300,129.164900, ,0.0,0.0,0,0,0,0,0,0,0,0
TF,D288Y,-0.756767,130.897561,0, ,0.0,0.0,0.0,0.0,0,0,0,0,0,0,0,0
TF,ADUAP,-0.860192,131.047178,0, ,0.0,0.0,0.0,0.0,2,3500,0,0,0,0,0,0

STAR,FIMB1D,27,2
IF,FIMBA,-0.140300,129.164900, ,0.0,0.0,0,0,0,0,0,0,0,0
TF,MIL,-0.896222,131.289783,0, ,0.0,0.0,0.0,0.0,2,5000,0,0,0,0,0,0
TF,MIKIR,-0.885944,131.527389,0, ,0.0,0.0,0.0,0.0,2,3500,0,0,0,0,0,0

STAR,GOBA1C,09,2
IF,GOBAL,-0.926667,129.384594, ,0.0,0.0,0,0,0,0,0,0,0,0
TF,D268Y,-0.902953,130.873861,0, ,0.0,0.0,0.0,0.0,0,0,0,0,0,0,0,0
TF,ADUAP,-0.860192,131.047178,0, ,0.0,0.0,0.0,0.0,2,3500,0,0,0,0,0,0

STAR,GOBA1D,27,2
IF,GOBAL,-0.926667,129.384594, ,0.0,0.0,0,0,0,0,0,0,0,0
TF,MIL,-0.896222,131.289783,0, ,0.0,0.0,0.0,0.0,2,5000,0,0,0,0,0,0
TF,MIKIR,-0.885944,131.527389,0, ,0.0,0.0,0.0,0.0,2,3500,0,0,0,0,0,0

STAR,JOLA1B,09,2
IF,JOLAM,-2.267558,132.601586, ,0.0,0.0,0,0,0,0,0,0,0,0
TF,MIL,-0.896222,131.289783,0, ,0.0,0.0,0.0,0.0,0,0,0,0,0,0,0,0
TF,ADUAP,-0.860192,131.047178,0, ,0.0,0.0,0.0,0.0,2,3500,0,0,0,0,0,0

STAR,JOLA1C,27,2
IF,JOLAM,-2.267558,132.601586, ,0.0,0.0,0,0,0,0,0,0,0,0
TF,D135Y,-1.197953,131.578214,0, ,0.0,0.0,0.0,0.0,0,0,0,0,0,0,0,0
TF,MIKIR,-0.885944,131.527389,0, ,0.0,0.0,0.0,0.0,2,3500,0,0,0,0,0,0

STAR,PENY1C,09,2
IF,PENNY,-1.810722,130.156442, ,0.0,0.0,0,0,0,0,0,0,0,0
TF,D230Y,-1.158194,130.965264,0, ,0.0,0.0,0.0,0.0,0,0,0,0,0,0,0,0
TF,ADUAP,-0.860192,131.047178,0, ,0.0,0.0,0.0,0.0,2,3500,0,0,0,0,0,0

STAR,PENY1D,27,2
IF,PENNY,-1.810722,130.156442, ,0.0,0.0,0,0,0,0,0,0,0,0
TF,MIL,-0.896222,131.289783,0, ,0.0,0.0,0.0,0.0,2,5000,0,0,0,0,0,0
TF,MIKIR,-0.885944,131.527389,0, ,0.0,0.0,0.0,0.0,2,3500,0,0,0,0,0,0

STAR,ZQ1B,09,2
IF,ZQ,-0.887053,134.051767, ,0.0,0.0,0,0,0,0,0,0,0,0
TF,MIL,-0.896222,131.289783,0, ,0.0,0.0,0.0,0.0,0,0,0,0,0,0,0,0
TF,ADUAP,-0.860192,131.047178,0, ,0.0,0.0,0.0,0.0,2,3500,0,0,0,0,0,0

STAR,ZQ1C,27,2
IF,ZQ,-0.887053,134.051767, ,0.0,0.0,0,0,0,0,0,0,0,0
TF,D089Y,-0.894983,131.705756,0, ,0.0,0.0,0.0,0.0,0,0,0,0,0,0,0,0
TF,MIKIR,-0.885944,131.527389,0, ,0.0,0.0,0.0,0.0,2,3500,0,0,0,0,0,0

APPTR,D09,09,ADUAP
IF,ADUAP,-0.860192,131.047178, ,0.0,0.0,2,3500,0,0,0,0,1,0
TF,CD09,-0.873606,131.129956,0, ,0.0,0.0,0.0,0.0,2,2400,0,0,0,0,1,0

FINAL,D09,09,D,3
IF,CD09,-0.873606,131.129956,MIL,277.0,9.7,2,2400,0,0,0,0,0,0
CF,FD09,-0.882933,131.195864,0,MIL,277.0,5.7,97.0,4.0,2,1600,0,0,0,0,2,0
CF,MD09,-0.890394,131.248589,0,MIL,277.0,2.5,97.0,3.2,1,613,0,0,0,0,3,0
CA,0,97.0,2,1500,0,0,0,0,0,0
VI,2, ,0.0,307.0,0,0,0,0,0,0,0,0
CF,ADUAP,-0.860192,131.047178,0,MIL,277.4,14.7,277.0,8.0,1,3500,0,0,0,0,0,0
HM,ADUAP,-0.860192,131.047178,1, ,0.0,0.0,97.0,04.3,2,3500,0,0,0,0,0,0,0

APPTR,D27,27,MIKIR
IF,MIKIR,-0.885944,131.527389, ,0.0,0.0,2,3500,0,0,0,0,1,0
TF,CD27,-0.890139,131.462722,0, ,0.0,0.0,0.0,0.0,2,2600,0,0,0,0,1,0

FINAL,D27,27,D,4
IF,CD27,-0.890139,131.462722,MIL,87.0,10.4,2,2600,0,0,0,0,0,0
CF,FD27,-0.892478,131.396206,0,MIL,87.0,6.4,267.0,4.0,2,1850,0,0,0,0,2,0
CF,41VOR,-0.893825,131.357961,0,MIL,87.0,4.1,267.0,2.3,2,1230,0,0,0,0,0,0
CF,MD27,-0.894758,131.331353,0,MIL,87.0,2.5,267.0,1.6,1,683,0,0,0,0,3,0
CA,0,267.0,2,1500,0,0,0,0,0,0
VI,1, ,0.0,57.0,0,0,0,0,0,0,0,0
CF,MIKIR,-0.885944,131.527389,0,MIL,86.5,14.3,87.0,8.0,1,3500,0,0,0,0,0,0
HM,MIKIR,-0.885944,131.527389,1, ,0.0,0.0,267.0,04.3,2,3500,0,0,0,0,0,0,0

APPTR,R09,09,ADUAP
IF,ADUAP,-0.860192,131.047178, ,0.0,0.0,2,3500,0,0,0,0,1,0
TF,SS701,-0.883650,131.128311,0, ,0.0,0.0,0.0,0.0,2,2400,0,0,0,0,1,0

FINAL,R09,09,R,3
IF,SS701,-0.883650,131.128311, ,0.0,0.0,2,2400,0,0,0,0,0,0
TF,SS702,-0.887975,131.194706,0, ,0.0,0.0,93.0,4.0,2,1600,0,0,0,0,2,0
TF,SS703,-0.891436,131.247819,0, ,0.0,0.0,93.0,3.2,1,640,0,0,0,0,3,1
DF,SS704,-0.966497,131.124386,2, ,0.0,0.0,0,0,0,0,0,0,0,0
TF,ADUAP,-0.860192,131.047178,0, ,0.0,0.0,0.0,0.0,1,3500,0,0,0,0,0,0
HM,ADUAP,-0.860192,131.047178,1, ,0.0,0.0,97.0,04.3,2,3500,0,0,0,0,0,0,0

APPTR,R27,27,MIKIR
IF,MIKIR,-0.885944,131.527389, ,0.0,0.0,2,3500,0,0,0,0,1,0
TF,SS801,-0.900194,131.479556,0, ,0.0,0.0,0.0,0.0,2,2900,0,0,0,0,1,0

FINAL,R27,27,R,4
IF,SS801,-0.900194,131.479556, ,0.0,0.0,2,2900,0,0,0,0,0,0
TF,SS802,-0.901306,131.399153,0, ,0.0,0.0,268.0,4.8,2,1900,0,0,0,0,2,0
TF,SS803,-0.898483,131.355997,0, ,0.0,0.0,273.0,2.6,2,1100,0,0,0,0,0,0
TF,SS804,-0.896572,131.326744,0, ,0.0,0.0,273.0,1.8,1,561,0,0,0,0,3,1
CF,SS805,-0.891139,131.243725,0,MIL,275.3,2.8,273.0,5.0,0,0,0,0,0,0,0,1
DF,SS806,-1.001750,131.368778,1, ,0.0,0.0,0,0,0,0,0,0,0,0
TF,MIKIR,-0.885944,131.527389,0, ,0.0,0.0,0.0,0.0,1,3500,0,0,0,0,0,0
HM,MIKIR,-0.885944,131.527389,1, ,0.0,0.0,267.0,04.3,2,3500,0,0,0,0,0,0,0

