APPTR,R13,13,YK601
IF,YK601,-4.568028,136.290472, ,0.0,0.0,2,3000,0,0,0,0,1,0
TF,YK602,-4.603222,136.326056,0, ,0.0,0.0,0.0,0.0,2,2500,0,0,0,0,1,0

FINAL,R13,13,R,3
IF,YK602,-4.603222,136.326056, ,0.0,0.0,2,2500,0,0,0,0,0,0
TF,YK603,-4.650167,136.373667,0, ,0.0,0.0,132.0,4.0,2,1600,0,0,0,0,2,0
TF,RW13,-4.708856,136.433208,0, ,0.0,0.0,132.0,5.0,1,55,0,0,0,0,3,1
CA,0,132.0,2,510,0,0,0,0,0,0
DF,YK601,-4.568028,136.290472,2, ,0.0,0.0,1,3000,0,0,0,0,0,0
HM,YK601,-4.568028,136.290472,2, ,0.0,0.0,132.0,04.3,2,3000,0,0,0,0,0,0,0

