SID,AMBO1E,18,2
VA,0,175.0,2,3000,0,0,0,0,0,0
CI,0, ,0.0,133.0,0,0,0,0,0,0,0,0
IF,TPN,-2.724583,107.753250, ,0.0,0.0,0,0,0,0,0,0,0,0
TF,AMBOY,-4.133333,108.166667,0, ,0.0,0.0,0.0,0.0,0,0,0,0,0,0,0,0

SID,AMBO1F,36,2
VA,0,355.0,2,3000,0,0,0,0,0,0
DF,TPN,-2.724583,107.753250,1, ,0.0,0.0,2,5000,0,0,0,0,0,0
TF,AMBOY,-4.133333,108.166667,0, ,0.0,0.0,0.0,0.0,0,0,0,0,0,0,0,0

SID,SAMS1A,18,2
VA,0,175.0,2,3000,0,0,0,0,0,0
DF,TPN,-2.724583,107.753250,2, ,0.0,0.0,2,5000,0,0,0,0,0,0
TF,SAMSU,-2.053644,108.164847,0, ,0.0,0.0,0.0,0.0,0,0,0,0,0,0,0,0

SID,SAMS1B,36,2
VA,0,355.0,2,3000,0,0,0,0,0,0
CI,0, ,0.0,61.0,0,0,0,0,0,0,0,0
CF,SAMSU,-2.053644,108.164847,0,TPN,30.7,47.1,31.0,39.0,0,0,0,0,0,0,0,0

STAR,ALTA1B,18,2
IF,ALTAR,-3.721772,107.533369, ,0.0,0.0,0,0,0,0,0,0,0,0
TF,TPN,-2.724583,107.753250,0, ,0.0,0.0,0.0,0.0,0,0,0,0,0,0,0,0
TF,ANDAN,-2.514139,107.739083,0, ,0.0,0.0,0.0,0.0,2,4000,0,0,0,0,0,0

STAR,ALTA1C,36,2
IF,ALTAR,-3.721772,107.533369, ,0.0,0.0,0,0,0,0,0,0,0,0
CI,0, ,0.0,30.0,0,0,0,0,0,0,0,0
CF,BADAU,-2.992000,107.770667,0,TPN,175.3,16.0,356.0,19.0,2,4000,0,0,0,0,0,0

STAR,PKP1A,18,2
IF,PKP,-2.167192,106.142083, ,0.0,0.0,0,0,0,0,0,0,0,0
TF,TPN,-2.724583,107.753250,0, ,0.0,0.0,0.0,0.0,0,0,0,0,0,0,0,0
TF,ANDAN,-2.514139,107.739083,1, ,0.0,0.0,0.0,0.0,2,4000,0,0,0,0,0,0

STAR,PKP1B,36,2
IF,PKP,-2.167192,106.142083, ,0.0,0.0,0,0,0,0,0,0,0,0
TF,TPN,-2.724583,107.753250,0, ,0.0,0.0,0.0,0.0,0,0,0,0,0,0,0,0
TF,BADAU,-2.992000,107.770667,0, ,0.0,0.0,0.0,0.0,2,4000,0,0,0,0,0,0

APPTR,D18,18,ANDAN
IF,ANDAN,-2.514139,107.739083, ,0.0,0.0,2,4000,0,0,0,0,1,0
CF,CD18,-2.555839,107.741511,0,TPN,355.0,10.1,175.0,2.5,2,3000,0,0,0,0,1,0

FINAL,D18,18,D,3
IF,CD18,-2.555839,107.741511,TPN,355.0,10.1,2,3000,0,0,0,0,0,0
CF,FD18,-2.639381,107.747319,0,TPN,355.0,5.1,175.0,5.0,2,2000,0,0,0,0,2,0
CF,MD18,-2.712892,107.752456,0,TPN,355.1,0.7,175.0,4.4,1,605,0,0,0,0,3,0
CA,0,175.0,2,1500,0,0,0,0,0,0
VI,2, ,0.0,25.0,0,0,0,0,0,0,0,0
CF,ANDAN,-2.514139,107.739083,0,TPN,355.1,12.6,355.0,8.0,2,4000,0,0,0,0,0,0

APPTR,D36,36,BADAU
IF,BADAU,-2.992000,107.770667, ,0.0,0.0,2,4000,0,0,0,0,1,0
CF,CD36,-2.935333,107.764228,0,TPN,176.0,12.6,356.0,3.4,2,3000,0,0,0,0,1,0

FINAL,D36,36,D,3
IF,CD36,-2.935333,107.764228,TPN,176.0,12.6,2,3000,0,0,0,0,0,0
CF,FD36,-2.848267,107.761300,0,TPN,175.3,7.4,356.0,5.2,2,2000,0,0,0,0,2,0
CF,MD36,-2.774728,107.756508,0,TPN,175.3,3.0,356.0,4.4,1,572,0,0,0,0,3,0
CA,0,356.0,2,1500,0,0,0,0,0,0
VI,1, ,0.0,146.0,0,0,0,0,0,0,0,0
CF,BADAU,-2.992000,107.770667,0,TPN,175.3,16.0,176.0,8.0,2,4000,0,0,0,0,0,0

APPTR,I36,36,BADAU
IF,BADAU,-2.992000,107.770667, ,0.0,0.0,2,4000,0,0,0,0,1,0
CF,CF36,-2.933094,107.767119,0,ITPN,175.2,12.2,355.0,3.5,2,3000,0,0,0,0,1,0

FINAL,I36,36,I,3
IF,CF36,-2.933094,107.767119,ITPN,175.2,12.2,2,3000,0,0,0,0,0,0
CF,FF36,-2.848889,107.761472,0,ITPN,175.2,7.1,355.0,5.0,1,2000,0,0,0,0,2,0
CF,RW36,-2.755311,107.755258,0,ITPN,175.2,1.5,355.0,5.6,1,202,0,0,0,0,3,0
CA,0,355.0,2,1500,0,0,0,0,0,0
DF,BADAU,-2.992000,107.770667,1, ,0.0,0.0,2,4000,0,0,0,0,0,0

