SID,CARL1A,14,2
VA,0,139.0,2,1500,0,0,0,0,0,0
VI,0, ,0.0,70.0,0,0,0,0,0,0,0,0
CF,CARLI,-5.260169,106.213231,0,TKG,89.0,61.0,90.0,56.0,0,0,0,0,0,0,0,0

SID,TERK1A,14,2
VA,0,139.0,2,1500,0,0,0,0,0,0
VI,1, ,0.0,320.0,0,0,0,0,0,0,0,0
CF,TERKA,-4.234000,104.960306,0,TKG,346.1,62.9,347.0,56.0,0,0,0,0,0,0,0,0

SID,TOLI1A,14,2
VA,0,139.0,2,2000,0,0,0,0,0,0
VI,2, ,0.0,320.0,0,0,0,0,0,0,0,0
CF,TOLIT,-4.914431,104.475414,0,TKG,294.6,47.7,295.0,39.0,0,0,0,0,0,0,0,0

SID,TULI1A,14,2
VA,0,139.0,2,1500,0,0,0,0,0,0
VI,0, ,0.0,95.0,0,0,0,0,0,0,0,0
CF,TULIP,-5.423536,105.629836,0,TKG,109.5,27.8,110.0,26.0,0,0,0,0,0,0,0,0
TF,CKG,-6.187889,106.529950,0, ,0.0,0.0,0.0,0.0,0,0,0,0,0,0,0,0

SID,TUND1A,14,2
VA,0,139.0,2,2000,0,0,0,0,0,0
VI,2, ,0.0,335.0,0,0,0,0,0,0,0,0
CF,TUNDA,-4.697331,104.547450,0,TKG,309.9,51.3,310.0,43.0,0,0,0,0,0,0,0,0

STAR,CARL1B,32,2
IF,CARLI,-5.260169,106.213231, ,0.0,0.0,0,0,0,0,0,0,0,0
TF,TKG,-5.260339,105.194147,0, ,0.0,0.0,0.0,0.0,0,0,0,0,0,0,0,0

STAR,TERK1B,32,2
IF,TERKA,-4.234000,104.960306, ,0.0,0.0,0,0,0,0,0,0,0,0
TF,TKG,-5.260339,105.194147,0, ,0.0,0.0,0.0,0.0,0,0,0,0,0,0,0,0

STAR,TOLI1B,32,2
IF,TOLIT,-4.914431,104.475414, ,0.0,0.0,0,0,0,0,0,0,0,0
TF,TKG,-5.260339,105.194147,0, ,0.0,0.0,0.0,0.0,0,0,0,0,0,0,0,0

STAR,TULI1B,32,2
IF,CKG,-6.187889,106.529950, ,0.0,0.0,0,0,0,0,0,0,0,0
TF,TULIP,-5.423536,105.629836,0, ,0.0,0.0,0.0,0.0,0,0,0,0,0,0,0,0
TF,TKG,-5.260339,105.194147,0, ,0.0,0.0,0.0,0.0,0,0,0,0,0,0,0,0

STAR,TUND1B,32,2
IF,TUNDA,-4.697331,104.547450, ,0.0,0.0,0,0,0,0,0,0,0,0
TF,TKG,-5.260339,105.194147,0, ,0.0,0.0,0.0,0.0,0,0,0,0,0,0,0,0

APPTR,D32,32,TKG1
IF,TKG,-5.260339,105.194147, ,0.0,0.0,2,3000,0,0,0,0,0,0
FD,TKG,-5.260339,105.194147,0,TKG,0.0,5.2,112.0,5.2,2,2000,0,1,190,0,0,0
CF,FF32,-5.327047,105.249994,2,TKG,139.0,5.2,319.0,1.0,2,2000,0,0,0,0,0,0

APPTR,D32,32,TKG2
IF,TKG,-5.260339,105.194147, ,0.0,0.0,2,3000,0,0,0,0,0,0
FD,TKG,-5.260339,105.194147,0,TKG,0.0,5.2,122.0,5.2,2,2000,0,0,0,0,0,0
CF,FF32,-5.327047,105.249994,2,TKG,139.0,5.2,319.0,1.0,2,2000,0,0,0,0,0,0

FINAL,D32,32,D,2
IF,FF32,-5.327047,105.249994,TKG,139.0,5.2,2,2000,0,0,0,0,2,0
CF,MA32,-5.279581,105.210256,0,TKG,139.0,1.5,319.0,3.7,1,883,0,0,0,0,3,0
CA,0,319.0,2,1500,0,0,0,0,0,0
DF,TKG,-5.260339,105.194147,2, ,0.0,0.0,1,3000,0,0,0,0,0,0
HM,TKG,-5.260339,105.194147,1, ,0.0,0.0,122.0,04.3,2,3000,0,1,200,0,0,0,0

APPTR,N32,32,TF
IF,TF,-5.244925,105.178211, ,0.0,0.0,2,3000,0,0,0,0,0,0
FC,TF,-5.244925,105.178211,0,TKG,0.0,0.0,113.0,6.2,2,2300,0,1,185,0,0,1
CF,FN32,-5.318342,105.251461,2,TKG,134.3,4.9,314.0,1.0,2,2300,0,0,0,0,0,0

FINAL,N32,32,N,2
IF,FN32,-5.318342,105.251461,TF,0.0,0.0,2,2300,0,0,0,0,2,0
CF,RW32,-5.256575,105.191031,0,TF,0.0,0.0,314.0,5.2,1,312,0,0,0,0,3,0
CF,TF,-5.244925,105.178211,0,TKG,313.0,1.3,314.0,1.0,0,0,0,0,0,0,0,1
CA,0,314.0,2,1500,0,0,0,0,0,0
DF,TF,-5.244925,105.178211,2, ,0.0,0.0,1,3000,0,0,0,0,0,0
HM,TF,-5.244925,105.178211,2, ,0.0,0.0,113.0,04.3,2,3000,0,1,200,0,0,0,0

