SID,ANJU1A,23,5
VA,0,225.0,2,2000,0,0,0,0,0,0
DF,ZAIDA,3.310000,98.796694,0, ,0.0,0.0,2,5500,0,0,0,0,0,0
TF,ANJUA,2.052917,98.866167,0, ,0.0,0.0,0.0,0.0,0,0,0,0,0,0,0,0

SID,BINS1A,23,5
VA,0,225.0,2,2000,0,0,0,0,0,0
DF,ZAIDA,3.310000,98.796694,0, ,0.0,0.0,2,5500,0,0,0,0,0,0
TF,BINSA,2.755583,98.906750,0, ,0.0,0.0,0.0,0.0,0,0,0,0,0,0,0,0

SID,BOLO1A,05,5
VA,0,45.0,2,600,0,0,0,0,0,0
DF,PUJAS,3.568111,99.182639,0, ,0.0,0.0,0,0,0,0,0,0,0,0
TF,BATOR,3.305611,99.560611,0, ,0.0,0.0,0.0,0.0,2,16000,0,0,0,0,0,0
TF,SIGAP,3.024306,99.943000,0, ,0.0,0.0,0.0,0.0,2,24000,0,0,0,0,0,0
TF,BOLON,2.555694,100.768500,0, ,0.0,0.0,0.0,0.0,0,0,0,0,0,0,0,0
TF,SALAX,2.206700,101.563300,0, ,0.0,0.0,0.0,0.0,0,0,0,0,0,0,0,0

SID,BOLO1B,23,5
VA,0,225.0,2,2000,0,0,0,0,0,0
DF,KAPAR,3.078389,99.246611,0, ,0.0,0.0,2,14000,0,0,0,0,0,0
TF,SEDAM,2.628500,99.563889,0, ,0.0,0.0,0.0,0.0,2,24000,0,0,0,0,0,0
TF,TOMOK,2.514278,100.428278,0, ,0.0,0.0,0.0,0.0,0,0,0,0,0,0,0,0
TF,BOLON,2.555694,100.768500,0, ,0.0,0.0,0.0,0.0,0,0,0,0,0,0,0,0
TF,SALAX,2.206700,101.563300,0, ,0.0,0.0,0.0,0.0,0,0,0,0,0,0,0,0

SID,BUTE1A,05,5
VA,0,45.0,2,600,0,0,0,0,0,0
DF,SEGAR,3.819306,98.712306,1, ,0.0,0.0,3,5000,0,0,0,0,0,0
TF,ANBIL,3.982500,98.290806,0, ,0.0,0.0,0.0,0.0,2,13000,0,0,0,0,0,0
TF,ARSIX,4.104806,97.974806,0, ,0.0,0.0,0.0,0.0,2,20000,0,0,0,0,0,0
TF,TOKOK,3.904611,97.735889,0, ,0.0,0.0,0.0,0.0,2,24000,0,0,0,0,0,0
TF,BUTET,3.801111,96.454194,0, ,0.0,0.0,0.0,0.0,0,0,0,0,0,0,0,0
TF,BULVA,4.566667,94.000000,0, ,0.0,0.0,0.0,0.0,0,0,0,0,0,0,0,0

SID,BUTE1B,23,5
VA,0,225.0,2,2000,0,0,0,0,0,0
DF,IRJAY,3.673194,98.654306,0, ,0.0,0.0,0,0,0,0,0,0,0,0
TF,EBING,3.912694,98.412306,0, ,0.0,0.0,0.0,0.0,3,8000,0,0,0,0,0,0
TF,SAKEK,3.855611,97.877806,0, ,0.0,0.0,0.0,0.0,2,18000,0,0,0,0,0,0
TF,KURNI,3.843000,97.548694,0, ,0.0,0.0,0.0,0.0,2,24000,0,0,0,0,0,0
TF,BUTET,3.801111,96.454194,0, ,0.0,0.0,0.0,0.0,0,0,0,0,0,0,0,0
TF,BULVA,4.566667,94.000000,0, ,0.0,0.0,0.0,0.0,0,0,0,0,0,0,0,0

SID,DUAM1G,05,5
VA,0,45.0,2,600,0,0,0,0,0,0
DF,SEGAR,3.819306,98.712306,1, ,0.0,0.0,3,5000,0,0,0,0,0,0
TF,ANBIL,3.982500,98.290806,0, ,0.0,0.0,0.0,0.0,2,13000,0,0,0,0,0,0
TF,ARSIX,4.104806,97.974806,0, ,0.0,0.0,0.0,0.0,2,20000,0,0,0,0,0,0
TF,AKSIO,4.309889,97.893000,0, ,0.0,0.0,0.0,0.0,2,24000,0,0,0,0,0,0
TF,DUAMO,5.266025,97.511272,0, ,0.0,0.0,0.0,0.0,0,0,0,0,0,0,0,0

SID,DUAM1H,23,5
VA,0,225.0,2,2000,0,0,0,0,0,0
DF,IRJAY,3.673194,98.654306,0, ,0.0,0.0,0,0,0,0,0,0,0,0
TF,EBING,3.912694,98.412306,0, ,0.0,0.0,0.0,0.0,3,8000,0,0,0,0,0,0
TF,TAJIR,4.336694,97.983611,0, ,0.0,0.0,0.0,0.0,2,19000,0,0,0,0,0,0
TF,TIRAI,4.539194,97.778889,0, ,0.0,0.0,0.0,0.0,2,24000,0,0,0,0,0,0
TF,DUAMO,5.266025,97.511272,0, ,0.0,0.0,0.0,0.0,0,0,0,0,0,0,0,0

SID,GOTL2A,05,5
VA,0,45.0,2,600,0,0,0,0,0,0
DF,NOKAR,3.724861,98.956333,0, ,0.0,0.0,2,1500,0,0,0,0,0,0
TF,ROHAM,4.025694,99.250389,0, ,0.0,0.0,0.0,0.0,0,0,0,0,0,0,0,0
TF,GOTLA,4.291667,99.333333,0, ,0.0,0.0,0.0,0.0,3,17000,0,0,0,0,0,0

SID,GOTL2B,23,5
VA,0,225.0,2,2000,0,0,0,0,0,0
DF,IRJAY,3.673194,98.654306,0, ,0.0,0.0,0,0,0,0,0,0,0,0
TF,SADAY,3.783194,98.864389,2, ,0.0,0.0,0.0,0.0,2,9000,0,0,0,0,0,0
TF,DAHAM,3.899111,99.129111,0, ,0.0,0.0,0.0,0.0,2,14000,0,0,0,0,0,0
TF,BILAS,4.075306,99.336806,0, ,0.0,0.0,0.0,0.0,2,19000,0,0,0,0,0,0
TF,GOTLA,4.291667,99.333333,0, ,0.0,0.0,0.0,0.0,2,23000,0,0,0,0,0,0

SID,INAN1A,05,5
VA,0,45.0,2,600,0,0,0,0,0,0
DF,SEGAR,3.819306,98.712306,1, ,0.0,0.0,3,5000,0,0,0,0,0,0
TF,ANBIL,3.982500,98.290806,0, ,0.0,0.0,0.0,0.0,2,13000,0,0,0,0,0,0
TF,ARSIX,4.104806,97.974806,0, ,0.0,0.0,0.0,0.0,2,20000,0,0,0,0,0,0
TF,TOKOK,3.904611,97.735889,0, ,0.0,0.0,0.0,0.0,2,24000,0,0,0,0,0,0
TF,INANG,3.370111,96.482500,0, ,0.0,0.0,0.0,0.0,0,0,0,0,0,0,0,0
TF,MABIX,3.266128,94.848728,0, ,0.0,0.0,0.0,0.0,0,0,0,0,0,0,0,0

SID,INAN1B,23,5
VA,0,225.0,2,2000,0,0,0,0,0,0
DF,IRJAY,3.673194,98.654306,0, ,0.0,0.0,0,0,0,0,0,0,0,0
TF,EBING,3.912694,98.412306,0, ,0.0,0.0,0.0,0.0,3,8000,0,0,0,0,0,0
TF,SAKEK,3.855611,97.877806,0, ,0.0,0.0,0.0,0.0,2,18000,0,0,0,0,0,0
TF,GOGOS,3.581611,97.698306,0, ,0.0,0.0,0.0,0.0,2,24000,0,0,0,0,0,0
TF,OKABU,3.441667,97.606667,0, ,0.0,0.0,0.0,0.0,0,0,0,0,0,0,0,0
TF,INANG,3.370111,96.482500,0, ,0.0,0.0,0.0,0.0,0,0,0,0,0,0,0,0
TF,MABIX,3.266128,94.848728,0, ,0.0,0.0,0.0,0.0,0,0,0,0,0,0,0,0

SID,JAMI2A,05,5
VA,0,45.0,2,600,0,0,0,0,0,0
DF,PUJAS,3.568111,99.182639,0, ,0.0,0.0,0,0,0,0,0,0,0,0
TF,BATOR,3.305611,99.560611,0, ,0.0,0.0,0.0,0.0,2,16000,0,0,0,0,0,0
TF,GALOT,2.930694,99.695000,0, ,0.0,0.0,0.0,0.0,2,24000,0,0,0,0,0,0
TF,LOKBA,2.580806,99.819500,0, ,0.0,0.0,0.0,0.0,0,0,0,0,0,0,0,0
TF,JAMIS,1.453286,99.426783,0, ,0.0,0.0,0.0,0.0,0,0,0,0,0,0,0,0

SID,JAMI2B,23,5
VA,0,225.0,2,2000,0,0,0,0,0,0
DF,KAPAR,3.078389,99.246611,0, ,0.0,0.0,2,14000,0,0,0,0,0,0
TF,SAJIM,2.530306,99.307389,0, ,0.0,0.0,0.0,0.0,2,24000,0,0,0,0,0,0
TF,JAMIS,1.453286,99.426783,0, ,0.0,0.0,0.0,0.0,0,0,0,0,0,0,0,0

SID,MAIM1A,05,5
VA,0,45.0,2,600,0,0,0,0,0,0
DF,SEGAR,3.819306,98.712306,1, ,0.0,0.0,3,5000,0,0,0,0,0,0
TF,ANBIL,3.982500,98.290806,0, ,0.0,0.0,0.0,0.0,2,13000,0,0,0,0,0,0
TF,ARSIX,4.104806,97.974806,0, ,0.0,0.0,0.0,0.0,2,20000,0,0,0,0,0,0
TF,RATES,4.184111,97.770111,0, ,0.0,0.0,0.0,0.0,2,24000,0,0,0,0,0,0
TF,JILAT,4.408797,97.189617,0, ,0.0,0.0,0.0,0.0,0,0,0,0,0,0,0,0
TF,MAIMU,4.351389,96.732889,0, ,0.0,0.0,0.0,0.0,0,0,0,0,0,0,0,0
TF,MEMAK,6.000000,93.083333,0, ,0.0,0.0,0.0,0.0,0,0,0,0,0,0,0,0

SID,MAIM1B,23,5
VA,0,225.0,2,2000,0,0,0,0,0,0
DF,IRJAY,3.673194,98.654306,0, ,0.0,0.0,0,0,0,0,0,0,0,0
TF,EBING,3.912694,98.412306,0, ,0.0,0.0,0.0,0.0,3,8000,0,0,0,0,0,0
TF,SAKEK,3.855611,97.877806,0, ,0.0,0.0,0.0,0.0,2,18000,0,0,0,0,0,0
TF,SELON,3.987306,97.573611,0, ,0.0,0.0,0.0,0.0,2,24000,0,0,0,0,0,0
TF,MAIMU,4.351389,96.732889,0, ,0.0,0.0,0.0,0.0,0,0,0,0,0,0,0,0
TF,MEMAK,6.000000,93.083333,0, ,0.0,0.0,0.0,0.0,0,0,0,0,0,0,0,0

SID,MARG1A,05,5
VA,0,45.0,2,600,0,0,0,0,0,0
DF,PUJAS,3.568111,99.182639,0, ,0.0,0.0,0,0,0,0,0,0,0,0
TF,BATOR,3.305611,99.560611,0, ,0.0,0.0,0.0,0.0,2,16000,0,0,0,0,0,0
TF,GALOT,2.930694,99.695000,0, ,0.0,0.0,0.0,0.0,2,24000,0,0,0,0,0,0
TF,LOKBA,2.580806,99.819500,0, ,0.0,0.0,0.0,0.0,0,0,0,0,0,0,0,0
TF,MARGA,2.356194,100.530583,0, ,0.0,0.0,0.0,0.0,0,0,0,0,0,0,0,0
TF,MIBEL,1.397500,102.137778,0, ,0.0,0.0,0.0,0.0,0,0,0,0,0,0,0,0

SID,MARG1B,23,5
VA,0,225.0,2,2000,0,0,0,0,0,0
DF,KAPAR,3.078389,99.246611,0, ,0.0,0.0,2,14000,0,0,0,0,0,0
TF,SEDAM,2.628500,99.563889,0, ,0.0,0.0,0.0,0.0,2,24000,0,0,0,0,0,0
TF,MARGA,2.356194,100.530583,0, ,0.0,0.0,0.0,0.0,0,0,0,0,0,0,0,0
TF,MIBEL,1.397500,102.137778,0, ,0.0,0.0,0.0,0.0,0,0,0,0,0,0,0,0

SID,MEDI2A,05,5
VA,0,45.0,2,600,0,0,0,0,0,0
DF,PUJAS,3.568111,99.182639,0, ,0.0,0.0,0,0,0,0,0,0,0,0
TF,BATOR,3.305611,99.560611,0, ,0.0,0.0,0.0,0.0,2,16000,0,0,0,0,0,0
TF,GALOT,2.930694,99.695000,0, ,0.0,0.0,0.0,0.0,2,24000,0,0,0,0,0,0
TF,LOKBA,2.580806,99.819500,0, ,0.0,0.0,0.0,0.0,0,0,0,0,0,0,0,0
TF,MEDIA,1.944936,100.045667,0, ,0.0,0.0,0.0,0.0,0,0,0,0,0,0,0,0

SID,MEDI2B,23,5
VA,0,225.0,2,2000,0,0,0,0,0,0
DF,KAPAR,3.078389,99.246611,0, ,0.0,0.0,2,14000,0,0,0,0,0,0
TF,SEDAM,2.628500,99.563889,0, ,0.0,0.0,0.0,0.0,2,24000,0,0,0,0,0,0
TF,MEDIA,1.944936,100.045667,0, ,0.0,0.0,0.0,0.0,0,0,0,0,0,0,0,0

SID,OMBU1A,05,5
VA,0,45.0,2,600,0,0,0,0,0,0
DF,SEGAR,3.819306,98.712306,1, ,0.0,0.0,3,5000,0,0,0,0,0,0
TF,ANBIL,3.982500,98.290806,0, ,0.0,0.0,0.0,0.0,2,13000,0,0,0,0,0,0
TF,ARSIX,4.104806,97.974806,0, ,0.0,0.0,0.0,0.0,2,20000,0,0,0,0,0,0
TF,TOKOK,3.904611,97.735889,0, ,0.0,0.0,0.0,0.0,2,24000,0,0,0,0,0,0
TF,OKABU,3.441667,97.606667,0, ,0.0,0.0,0.0,0.0,0,0,0,0,0,0,0,0
TF,OMBUS,2.660389,97.280000,0, ,0.0,0.0,0.0,0.0,0,0,0,0,0,0,0,0
TF,MERIM,2.501947,97.030872,0, ,0.0,0.0,0.0,0.0,0,0,0,0,0,0,0,0

SID,OMBU1B,23,5
VA,0,225.0,2,2000,0,0,0,0,0,0
DF,IRJAY,3.673194,98.654306,0, ,0.0,0.0,0,0,0,0,0,0,0,0
TF,EBING,3.912694,98.412306,0, ,0.0,0.0,0.0,0.0,3,8000,0,0,0,0,0,0
TF,SAKEK,3.855611,97.877806,0, ,0.0,0.0,0.0,0.0,2,18000,0,0,0,0,0,0
TF,GOGOS,3.581611,97.698306,0, ,0.0,0.0,0.0,0.0,2,24000,0,0,0,0,0,0
TF,OKABU,3.441667,97.606667,0, ,0.0,0.0,0.0,0.0,0,0,0,0,0,0,0,0
TF,OMBUS,2.660389,97.280000,0, ,0.0,0.0,0.0,0.0,0,0,0,0,0,0,0,0
TF,MERIM,2.501947,97.030872,0, ,0.0,0.0,0.0,0.0,0,0,0,0,0,0,0,0

SID,OPUN1A,05,5
VA,0,45.0,2,600,0,0,0,0,0,0
DF,SEGAR,3.819306,98.712306,1, ,0.0,0.0,3,5000,0,0,0,0,0,0
TF,ANBIL,3.982500,98.290806,0, ,0.0,0.0,0.0,0.0,2,13000,0,0,0,0,0,0
TF,ARSIX,4.104806,97.974806,0, ,0.0,0.0,0.0,0.0,2,20000,0,0,0,0,0,0
TF,RATES,4.184111,97.770111,0, ,0.0,0.0,0.0,0.0,2,24000,0,0,0,0,0,0
TF,JILAT,4.408797,97.189617,0, ,0.0,0.0,0.0,0.0,0,0,0,0,0,0,0,0
TF,OPUNG,4.522472,97.009833,0, ,0.0,0.0,0.0,0.0,0,0,0,0,0,0,0,0
TF,BAC,5.522631,95.422219,0, ,0.0,0.0,0.0,0.0,0,0,0,0,0,0,0,0

SID,OPUN1B,23,5
VA,0,225.0,2,2000,0,0,0,0,0,0
DF,IRJAY,3.673194,98.654306,0, ,0.0,0.0,0,0,0,0,0,0,0,0
TF,EBING,3.912694,98.412306,0, ,0.0,0.0,0.0,0.0,3,8000,0,0,0,0,0,0
TF,SAKEK,3.855611,97.877806,0, ,0.0,0.0,0.0,0.0,2,18000,0,0,0,0,0,0
TF,ROGAM,4.062306,97.620694,0, ,0.0,0.0,0.0,0.0,2,24000,0,0,0,0,0,0
TF,JILAT,4.408797,97.189617,0, ,0.0,0.0,0.0,0.0,0,0,0,0,0,0,0,0
TF,OPUNG,4.522472,97.009833,0, ,0.0,0.0,0.0,0.0,0,0,0,0,0,0,0,0
TF,BAC,5.522631,95.422219,0, ,0.0,0.0,0.0,0.0,0,0,0,0,0,0,0,0

SID,PAKA1A,05,5
VA,0,45.0,2,600,0,0,0,0,0,0
DF,SEGAR,3.819306,98.712306,1, ,0.0,0.0,3,5000,0,0,0,0,0,0
TF,ANBIL,3.982500,98.290806,0, ,0.0,0.0,0.0,0.0,2,13000,0,0,0,0,0,0
TF,ARSIX,4.104806,97.974806,0, ,0.0,0.0,0.0,0.0,2,20000,0,0,0,0,0,0
TF,RATES,4.184111,97.770111,0, ,0.0,0.0,0.0,0.0,2,24000,0,0,0,0,0,0
TF,JILAT,4.408797,97.189617,0, ,0.0,0.0,0.0,0.0,0,0,0,0,0,0,0,0
TF,PAKAM,4.822000,96.971306,0, ,0.0,0.0,0.0,0.0,0,0,0,0,0,0,0,0
TF,ANSAX,6.000000,95.508300,0, ,0.0,0.0,0.0,0.0,0,0,0,0,0,0,0,0

SID,PAKA1B,23,5
VA,0,225.0,2,2000,0,0,0,0,0,0
DF,IRJAY,3.673194,98.654306,0, ,0.0,0.0,0,0,0,0,0,0,0,0
TF,EBING,3.912694,98.412306,0, ,0.0,0.0,0.0,0.0,3,8000,0,0,0,0,0,0
TF,SAKEK,3.855611,97.877806,0, ,0.0,0.0,0.0,0.0,2,18000,0,0,0,0,0,0
TF,ROGAM,4.062306,97.620694,0, ,0.0,0.0,0.0,0.0,2,24000,0,0,0,0,0,0
TF,JILAT,4.408797,97.189617,0, ,0.0,0.0,0.0,0.0,0,0,0,0,0,0,0,0
TF,PAKAM,4.822000,96.971306,0, ,0.0,0.0,0.0,0.0,0,0,0,0,0,0,0,0
TF,ANSAX,6.000000,95.508300,0, ,0.0,0.0,0.0,0.0,0,0,0,0,0,0,0,0

SID,PUGE2A,05,5
VA,0,45.0,2,600,0,0,0,0,0,0
DF,KURDE,3.630028,99.349833,0, ,0.0,0.0,0,0,0,0,0,0,0,0
TF,ORGAN,3.440806,100.131500,0, ,0.0,0.0,0.0,0.0,2,24000,0,0,0,0,0,0
TF,PUGER,3.401667,100.293333,0, ,0.0,0.0,0.0,0.0,0,0,0,0,0,0,0,0

SID,PUGE2B,23,5
VA,0,225.0,2,2000,0,0,0,0,0,0
DF,KAPAR,3.078389,99.246611,0, ,0.0,0.0,2,14000,0,0,0,0,0,0
TF,GUPER,3.203389,99.651306,0, ,0.0,0.0,0.0,0.0,3,16000,0,0,0,0,0,0
TF,BONDY,3.352500,100.134000,0, ,0.0,0.0,0.0,0.0,2,24000,0,0,0,0,0,0
TF,PUGER,3.401667,100.293333,0, ,0.0,0.0,0.0,0.0,0,0,0,0,0,0,0,0

SID,TOGA1A,05,5
VA,0,45.0,2,600,0,0,0,0,0,0
DF,PUJAS,3.568111,99.182639,0, ,0.0,0.0,0,0,0,0,0,0,0,0
TF,AMANG,2.848306,99.242556,0, ,0.0,0.0,0.0,0.0,3,11500,0,0,0,0,0,0
TF,TOGAR,2.682028,99.256389,0, ,0.0,0.0,0.0,0.0,0,0,0,0,0,0,0,0

SID,TUNJ1A,05,5
VA,0,45.0,2,600,0,0,0,0,0,0
DF,PUJAS,3.568111,99.182639,0, ,0.0,0.0,0,0,0,0,0,0,0,0
TF,BATOR,3.305611,99.560611,0, ,0.0,0.0,0.0,0.0,2,16000,0,0,0,0,0,0
TF,SIGAP,3.024306,99.943000,0, ,0.0,0.0,0.0,0.0,2,24000,0,0,0,0,0,0
TF,TUNJA,2.481111,100.679500,0, ,0.0,0.0,0.0,0.0,0,0,0,0,0,0,0,0
TF,SALAX,2.206700,101.563300,0, ,0.0,0.0,0.0,0.0,0,0,0,0,0,0,0,0

SID,TUNJ1B,23,5
VA,0,225.0,2,2000,0,0,0,0,0,0
DF,KAPAR,3.078389,99.246611,0, ,0.0,0.0,2,14000,0,0,0,0,0,0
TF,SEDAM,2.628500,99.563889,0, ,0.0,0.0,0.0,0.0,2,24000,0,0,0,0,0,0
TF,TOMOK,2.514278,100.428278,0, ,0.0,0.0,0.0,0.0,0,0,0,0,0,0,0,0
TF,TUNJA,2.481111,100.679500,0, ,0.0,0.0,0.0,0.0,0,0,0,0,0,0,0,0
TF,SALAX,2.206700,101.563300,0, ,0.0,0.0,0.0,0.0,0,0,0,0,0,0,0,0

SID,WIRA1A,05,5
VA,0,45.0,2,600,0,0,0,0,0,0
DF,PUJAS,3.568111,99.182639,0, ,0.0,0.0,0,0,0,0,0,0,0,0
TF,AMANG,2.848306,99.242556,0, ,0.0,0.0,0.0,0.0,3,11500,0,0,0,0,0,0
TF,DEBUG,2.522167,99.030694,0, ,0.0,0.0,0.0,0.0,2,16000,0,0,0,0,0,0
TF,WIRAN,1.622500,98.446222,0, ,0.0,0.0,0.0,0.0,0,0,0,0,0,0,0,0

SID,WIRA1B,23,5
VA,0,225.0,2,2000,0,0,0,0,0,0
DF,ZAIDA,3.310000,98.796694,0, ,0.0,0.0,2,5500,0,0,0,0,0,0
TF,TOBBA,2.732278,98.676861,0, ,0.0,0.0,0.0,0.0,0,0,0,0,0,0,0,0
TF,WIRAN,1.622500,98.446222,0, ,0.0,0.0,0.0,0.0,0,0,0,0,0,0,0,0

SID,YURL1A,05,5
VA,0,45.0,2,600,0,0,0,0,0,0
DF,PUJAS,3.568111,99.182639,0, ,0.0,0.0,0,0,0,0,0,0,0,0
TF,AMANG,2.848306,99.242556,0, ,0.0,0.0,0.0,0.0,3,11500,0,0,0,0,0,0
TF,YURLI,2.018972,99.076861,0, ,0.0,0.0,0.0,0.0,0,0,0,0,0,0,0,0

STAR,ANJU1B,05,5
IF,ANJUA,2.052917,98.866167, ,0.0,0.0,0,0,0,0,0,0,0,0
TF,MAHIB,2.978000,99.127194,0, ,0.0,0.0,0.0,0.0,2,13000,0,0,0,0,0,0
TF,ZAIDA,3.310000,98.796694,0, ,0.0,0.0,0.0,0.0,2,4000,0,0,0,0,0,0
TF,BAYAK,3.439336,98.673250,0, ,0.0,0.0,0.0,0.0,1,3000,0,0,0,0,0,0

STAR,BOLO1C,05,5
IF,SALAX,2.206700,101.563300, ,0.0,0.0,0,0,0,0,0,0,0,0
TF,BOLON,2.555694,100.768500,0, ,0.0,0.0,0.0,0.0,0,0,0,0,0,0,0,0
TF,MOZES,2.713747,99.931083,0, ,0.0,0.0,0.0,0.0,3,23000,0,0,0,0,0,0
TF,MAHIB,2.978000,99.127194,0, ,0.0,0.0,0.0,0.0,2,13000,0,0,0,0,0,0
TF,ZAIDA,3.310000,98.796694,0, ,0.0,0.0,0.0,0.0,2,4000,0,0,0,0,0,0
TF,BAYAK,3.439336,98.673250,0, ,0.0,0.0,0.0,0.0,1,3000,0,0,0,0,0,0

STAR,BOLO1D,23,5
IF,SALAX,2.206700,101.563300, ,0.0,0.0,0,0,0,0,0,0,0,0
TF,BOLON,2.555694,100.768500,0, ,0.0,0.0,0.0,0.0,0,0,0,0,0,0,0,0
TF,MUARA,2.631611,100.195389,0, ,0.0,0.0,0.0,0.0,3,23000,0,0,0,0,0,0
TF,MOZES,2.713747,99.931083,0, ,0.0,0.0,0.0,0.0,0,0,0,0,0,0,0,0
TF,LAWAS,3.251389,99.515389,0, ,0.0,0.0,0.0,0.0,2,17000,0,0,0,0,0,0
TF,GOMBI,3.527806,99.335250,0, ,0.0,0.0,0.0,0.0,2,10000,0,0,0,0,0,0
TF,SUNTO,3.690306,99.176000,0, ,0.0,0.0,0.0,0.0,2,6000,0,0,0,0,0,0
TF,HORAS,3.818600,99.050400,0, ,0.0,0.0,0.0,0.0,1,3000,0,0,0,0,0,0

STAR,BUTE1C,05,5
IF,BULVA,4.566667,94.000000, ,0.0,0.0,0,0,0,0,0,0,0,0
TF,BUTET,3.801111,96.454194,0, ,0.0,0.0,0.0,0.0,0,0,0,0,0,0,0,0
TF,ONASI,3.490806,97.447389,0, ,0.0,0.0,0.0,0.0,3,23000,0,0,0,0,0,0
TF,OKABU,3.441667,97.606667,0, ,0.0,0.0,0.0,0.0,0,0,0,0,0,0,0,0
TF,HILIS,3.798194,98.207611,0, ,0.0,0.0,0.0,0.0,2,11000,0,0,0,0,0,0
TF,AKING,3.562500,98.545000,0, ,0.0,0.0,0.0,0.0,2,4000,0,0,0,0,0,0
TF,BAYAK,3.439336,98.673250,0, ,0.0,0.0,0.0,0.0,1,3000,0,0,0,0,0,0

STAR,BUTE1D,23,5
IF,BULVA,4.566667,94.000000, ,0.0,0.0,0,0,0,0,0,0,0,0
TF,BUTET,3.801111,96.454194,0, ,0.0,0.0,0.0,0.0,0,0,0,0,0,0,0,0
TF,BURJU,3.573306,97.184694,0, ,0.0,0.0,0.0,0.0,3,23000,0,0,0,0,0,0
TF,OKABU,3.441667,97.606667,0, ,0.0,0.0,0.0,0.0,0,0,0,0,0,0,0,0
TF,GANCI,3.854611,98.687111,0, ,0.0,0.0,0.0,0.0,2,9000,0,0,0,0,0,0
TF,RADIN,3.945889,98.925694,0, ,0.0,0.0,0.0,0.0,2,6000,0,0,0,0,0,0
TF,HORAS,3.818600,99.050400,0, ,0.0,0.0,0.0,0.0,1,3000,0,0,0,0,0,0

STAR,DUAM1J,05,5
IF,DUAMO,5.266025,97.511272, ,0.0,0.0,0,0,0,0,0,0,0,0
TF,NAULI,4.997889,97.851806,0, ,0.0,0.0,0.0,0.0,0,0,0,0,0,0,0,0
TF,MALUM,4.751500,97.951806,0, ,0.0,0.0,0.0,0.0,3,23000,0,0,0,0,0,0
TF,KABUP,4.201025,98.175081,0, ,0.0,0.0,0.0,0.0,3,12000,0,0,0,0,0,0
TF,HILIS,3.798194,98.207611,0, ,0.0,0.0,0.0,0.0,2,11000,0,0,0,0,0,0
TF,AKING,3.562500,98.545000,0, ,0.0,0.0,0.0,0.0,2,4000,0,0,0,0,0,0
TF,BAYAK,3.439336,98.673250,0, ,0.0,0.0,0.0,0.0,1,3000,0,0,0,0,0,0

STAR,DUAM1K,23,5
IF,DUAMO,5.266025,97.511272, ,0.0,0.0,0,0,0,0,0,0,0,0
TF,OMOGA,4.723611,98.092389,0, ,0.0,0.0,0.0,0.0,3,23000,0,0,0,0,0,0
TF,ORDAM,4.486500,98.346389,0, ,0.0,0.0,0.0,0.0,0,0,0,0,0,0,0,0
TF,RADIN,3.945889,98.925694,0, ,0.0,0.0,0.0,0.0,2,6000,0,0,0,0,0,0
TF,HORAS,3.818600,99.050400,0, ,0.0,0.0,0.0,0.0,1,3000,0,0,0,0,0,0

STAR,GOTL2C,05,5
IF,GOTLA,4.291667,99.333333, ,0.0,0.0,2,21000,0,0,0,0,0,0
TF,BADRI,4.191194,99.224611,0, ,0.0,0.0,0.0,0.0,2,18000,0,0,0,0,0,0
TF,KANCA,3.732694,98.729000,0, ,0.0,0.0,0.0,0.0,2,6000,0,0,0,0,0,0
TF,AKING,3.562500,98.545000,0, ,0.0,0.0,0.0,0.0,2,4000,0,0,0,0,0,0
TF,BAYAK,3.439336,98.673250,1, ,0.0,0.0,0.0,0.0,2,3000,0,0,0,0,0,0

STAR,GOTL2D,23,5
IF,GOTLA,4.291667,99.333333, ,0.0,0.0,3,18000,0,0,0,0,0,0
TF,RADIN,3.945889,98.925694,0, ,0.0,0.0,0.0,0.0,2,6000,0,0,0,0,0,0
TF,HORAS,3.818600,99.050400,0, ,0.0,0.0,0.0,0.0,1,3000,0,0,0,0,0,0

STAR,INAN1C,05,5
IF,MABIX,3.266128,94.848728, ,0.0,0.0,0,0,0,0,0,0,0,0
TF,INANG,3.370111,96.482500,0, ,0.0,0.0,0.0,0.0,0,0,0,0,0,0,0,0
TF,PALES,3.431611,97.440500,0, ,0.0,0.0,0.0,0.0,3,23000,0,0,0,0,0,0
TF,OKABU,3.441667,97.606667,0, ,0.0,0.0,0.0,0.0,0,0,0,0,0,0,0,0
TF,HILIS,3.798194,98.207611,0, ,0.0,0.0,0.0,0.0,2,11000,0,0,0,0,0,0
TF,AKING,3.562500,98.545000,0, ,0.0,0.0,0.0,0.0,2,4000,0,0,0,0,0,0
TF,BAYAK,3.439336,98.673250,0, ,0.0,0.0,0.0,0.0,1,3000,0,0,0,0,0,0

STAR,INAN1D,23,5
IF,MABIX,3.266128,94.848728, ,0.0,0.0,0,0,0,0,0,0,0,0
TF,INANG,3.370111,96.482500,0, ,0.0,0.0,0.0,0.0,0,0,0,0,0,0,0,0
TF,LUBUK,3.415500,97.196194,0, ,0.0,0.0,0.0,0.0,3,23000,0,0,0,0,0,0
TF,OKABU,3.441667,97.606667,0, ,0.0,0.0,0.0,0.0,0,0,0,0,0,0,0,0
TF,GANCI,3.854611,98.687111,0, ,0.0,0.0,0.0,0.0,2,9000,0,0,0,0,0,0
TF,RADIN,3.945889,98.925694,0, ,0.0,0.0,0.0,0.0,2,6000,0,0,0,0,0,0
TF,HORAS,3.818600,99.050400,0, ,0.0,0.0,0.0,0.0,1,3000,0,0,0,0,0,0

STAR,JAMI2C,05,5
IF,JAMIS,1.453286,99.426783, ,0.0,0.0,0,0,0,0,0,0,0,0
TF,ABINA,2.437000,99.233500,0, ,0.0,0.0,0.0,0.0,3,23000,0,0,0,0,0,0
TF,MAHIB,2.978000,99.127194,0, ,0.0,0.0,0.0,0.0,2,13000,0,0,0,0,0,0
TF,ZAIDA,3.310000,98.796694,0, ,0.0,0.0,0.0,0.0,2,4000,0,0,0,0,0,0
TF,BAYAK,3.439336,98.673250,0, ,0.0,0.0,0.0,0.0,1,3000,0,0,0,0,0,0

STAR,JAMI2D,23,5
IF,JAMIS,1.453286,99.426783, ,0.0,0.0,0,0,0,0,0,0,0,0
TF,FIRGO,2.191694,99.722194,0, ,0.0,0.0,0.0,0.0,3,23000,0,0,0,0,0,0
TF,MOZES,2.713747,99.931083,0, ,0.0,0.0,0.0,0.0,0,0,0,0,0,0,0,0
TF,LAWAS,3.251389,99.515389,0, ,0.0,0.0,0.0,0.0,2,17000,0,0,0,0,0,0
TF,GOMBI,3.527806,99.335250,0, ,0.0,0.0,0.0,0.0,2,10000,0,0,0,0,0,0
TF,SUNTO,3.690306,99.176000,0, ,0.0,0.0,0.0,0.0,2,6000,0,0,0,0,0,0
TF,HORAS,3.818600,99.050400,0, ,0.0,0.0,0.0,0.0,1,3000,0,0,0,0,0,0

STAR,LUHU1A,23,5
IF,LUHUT,2.669194,99.274500, ,0.0,0.0,0,0,0,0,0,0,0,0
TF,TAPUT,2.853472,99.405250,0, ,0.0,0.0,0.0,0.0,3,14000,0,0,0,0,0,0
TF,GOMBI,3.527806,99.335250,0, ,0.0,0.0,0.0,0.0,2,10000,0,0,0,0,0,0
TF,SUNTO,3.690306,99.176000,0, ,0.0,0.0,0.0,0.0,2,6000,0,0,0,0,0,0
TF,HORAS,3.818600,99.050400,0, ,0.0,0.0,0.0,0.0,1,3000,0,0,0,0,0,0

STAR,MAIM1C,05,5
IF,MEMAK,6.000000,93.083333, ,0.0,0.0,0,0,0,0,0,0,0,0
TF,MAIMU,4.351389,96.732889,0, ,0.0,0.0,0.0,0.0,0,0,0,0,0,0,0,0
TF,JILAT,4.408797,97.189617,0, ,0.0,0.0,0.0,0.0,0,0,0,0,0,0,0,0
TF,AISAH,4.093694,97.443611,0, ,0.0,0.0,0.0,0.0,3,23000,0,0,0,0,0,0
TF,APARA,3.986694,97.720306,0, ,0.0,0.0,0.0,0.0,3,19000,0,0,0,0,0,0
TF,HILIS,3.798194,98.207611,0, ,0.0,0.0,0.0,0.0,2,11000,0,0,0,0,0,0
TF,AKING,3.562500,98.545000,0, ,0.0,0.0,0.0,0.0,2,4000,0,0,0,0,0,0
TF,BAYAK,3.439336,98.673250,0, ,0.0,0.0,0.0,0.0,1,3000,0,0,0,0,0,0

STAR,MAIM1D,23,5
IF,MEMAK,6.000000,93.083333, ,0.0,0.0,0,0,0,0,0,0,0,0
TF,MAIMU,4.351389,96.732889,0, ,0.0,0.0,0.0,0.0,0,0,0,0,0,0,0,0
TF,JILAT,4.408797,97.189617,0, ,0.0,0.0,0.0,0.0,3,23000,0,0,0,0,0,0
TF,NANDE,4.443000,97.698500,0, ,0.0,0.0,0.0,0.0,3,18000,0,0,0,0,0,0
TF,ORDAM,4.486500,98.346389,0, ,0.0,0.0,0.0,0.0,0,0,0,0,0,0,0,0
TF,RADIN,3.945889,98.925694,0, ,0.0,0.0,0.0,0.0,2,6000,0,0,0,0,0,0
TF,HORAS,3.818600,99.050400,0, ,0.0,0.0,0.0,0.0,1,3000,0,0,0,0,0,0

STAR,MARG1C,05,5
IF,MIBEL,1.397500,102.137778, ,0.0,0.0,0,0,0,0,0,0,0,0
TF,MARGA,2.356194,100.530583,0, ,0.0,0.0,0.0,0.0,0,0,0,0,0,0,0,0
TF,MOZES,2.713747,99.931083,0, ,0.0,0.0,0.0,0.0,3,23000,0,0,0,0,0,0
TF,MAHIB,2.978000,99.127194,0, ,0.0,0.0,0.0,0.0,2,13000,0,0,0,0,0,0
TF,ZAIDA,3.310000,98.796694,0, ,0.0,0.0,0.0,0.0,2,4000,0,0,0,0,0,0
TF,BAYAK,3.439336,98.673250,0, ,0.0,0.0,0.0,0.0,1,3000,0,0,0,0,0,0

STAR,MARG1D,23,5
IF,MIBEL,1.397500,102.137778, ,0.0,0.0,0,0,0,0,0,0,0,0
TF,MARGA,2.356194,100.530583,0, ,0.0,0.0,0.0,0.0,0,0,0,0,0,0,0,0
TF,BUHIT,2.579194,100.156694,0, ,0.0,0.0,0.0,0.0,3,23000,0,0,0,0,0,0
TF,MOZES,2.713747,99.931083,0, ,0.0,0.0,0.0,0.0,0,0,0,0,0,0,0,0
TF,LAWAS,3.251389,99.515389,0, ,0.0,0.0,0.0,0.0,2,17000,0,0,0,0,0,0
TF,GOMBI,3.527806,99.335250,0, ,0.0,0.0,0.0,0.0,2,10000,0,0,0,0,0,0
TF,SUNTO,3.690306,99.176000,0, ,0.0,0.0,0.0,0.0,2,6000,0,0,0,0,0,0
TF,HORAS,3.818600,99.050400,0, ,0.0,0.0,0.0,0.0,1,3000,0,0,0,0,0,0

STAR,MEDI2C,05,5
IF,MEDIA,1.944936,100.045667, ,0.0,0.0,0,0,0,0,0,0,0,0
TF,ZIYAN,2.266389,99.760000,0, ,0.0,0.0,0.0,0.0,3,23000,0,0,0,0,0,0
TF,MAHIB,2.978000,99.127194,0, ,0.0,0.0,0.0,0.0,2,13000,0,0,0,0,0,0
TF,ZAIDA,3.310000,98.796694,0, ,0.0,0.0,0.0,0.0,2,4000,0,0,0,0,0,0
TF,BAYAK,3.439336,98.673250,0, ,0.0,0.0,0.0,0.0,1,3000,0,0,0,0,0,0

STAR,MEDI2D,23,5
IF,MEDIA,1.944936,100.045667, ,0.0,0.0,0,0,0,0,0,0,0,0
TF,KEMPI,2.388000,99.979611,0, ,0.0,0.0,0.0,0.0,3,23000,0,0,0,0,0,0
TF,MOZES,2.713747,99.931083,0, ,0.0,0.0,0.0,0.0,0,0,0,0,0,0,0,0
TF,LAWAS,3.251389,99.515389,0, ,0.0,0.0,0.0,0.0,2,17000,0,0,0,0,0,0
TF,GOMBI,3.527806,99.335250,0, ,0.0,0.0,0.0,0.0,2,10000,0,0,0,0,0,0
TF,SUNTO,3.690306,99.176000,0, ,0.0,0.0,0.0,0.0,2,6000,0,0,0,0,0,0
TF,HORAS,3.818600,99.050400,0, ,0.0,0.0,0.0,0.0,1,3000,0,0,0,0,0,0

STAR,OMBU1C,05,5
IF,MERIM,2.501947,97.030872, ,0.0,0.0,0,0,0,0,0,0,0,0
TF,OMBUS,2.660389,97.280000,0, ,0.0,0.0,0.0,0.0,0,0,0,0,0,0,0,0
TF,INDOS,3.300500,97.517306,0, ,0.0,0.0,0.0,0.0,3,23000,0,0,0,0,0,0
TF,OKABU,3.441667,97.606667,0, ,0.0,0.0,0.0,0.0,0,0,0,0,0,0,0,0
TF,HILIS,3.798194,98.207611,0, ,0.0,0.0,0.0,0.0,2,11000,0,0,0,0,0,0
TF,AKING,3.562500,98.545000,0, ,0.0,0.0,0.0,0.0,2,4000,0,0,0,0,0,0
TF,BAYAK,3.439336,98.673250,0, ,0.0,0.0,0.0,0.0,1,3000,0,0,0,0,0,0

STAR,OMBU1D,23,5
IF,MERIM,2.501947,97.030872, ,0.0,0.0,0,0,0,0,0,0,0,0
TF,OMBUS,2.660389,97.280000,0, ,0.0,0.0,0.0,0.0,0,0,0,0,0,0,0,0
TF,OLOAN,3.088500,97.390306,0, ,0.0,0.0,0.0,0.0,3,23000,0,0,0,0,0,0
TF,OKABU,3.441667,97.606667,0, ,0.0,0.0,0.0,0.0,0,0,0,0,0,0,0,0
TF,GANCI,3.854611,98.687111,0, ,0.0,0.0,0.0,0.0,2,9000,0,0,0,0,0,0
TF,RADIN,3.945889,98.925694,0, ,0.0,0.0,0.0,0.0,2,6000,0,0,0,0,0,0
TF,HORAS,3.818600,99.050400,0, ,0.0,0.0,0.0,0.0,1,3000,0,0,0,0,0,0

STAR,OPUN1C,05,5
IF,BAC,5.522631,95.422219, ,0.0,0.0,0,0,0,0,0,0,0,0
TF,OPUNG,4.522472,97.009833,0, ,0.0,0.0,0.0,0.0,0,0,0,0,0,0,0,0
TF,JILAT,4.408797,97.189617,0, ,0.0,0.0,0.0,0.0,0,0,0,0,0,0,0,0
TF,AISAH,4.093694,97.443611,0, ,0.0,0.0,0.0,0.0,3,23000,0,0,0,0,0,0
TF,APARA,3.986694,97.720306,0, ,0.0,0.0,0.0,0.0,3,19000,0,0,0,0,0,0
TF,HILIS,3.798194,98.207611,0, ,0.0,0.0,0.0,0.0,2,11000,0,0,0,0,0,0
TF,AKING,3.562500,98.545000,0, ,0.0,0.0,0.0,0.0,2,4000,0,0,0,0,0,0
TF,BAYAK,3.439336,98.673250,0, ,0.0,0.0,0.0,0.0,1,3000,0,0,0,0,0,0

STAR,OPUN1D,23,5
IF,BAC,5.522631,95.422219, ,0.0,0.0,0,0,0,0,0,0,0,0
TF,OPUNG,4.522472,97.009833,0, ,0.0,0.0,0.0,0.0,0,0,0,0,0,0,0,0
TF,JILAT,4.408797,97.189617,0, ,0.0,0.0,0.0,0.0,3,23000,0,0,0,0,0,0
TF,NANDE,4.443000,97.698500,0, ,0.0,0.0,0.0,0.0,3,18000,0,0,0,0,0,0
TF,ORDAM,4.486500,98.346389,0, ,0.0,0.0,0.0,0.0,0,0,0,0,0,0,0,0
TF,RADIN,3.945889,98.925694,0, ,0.0,0.0,0.0,0.0,2,6000,0,0,0,0,0,0
TF,HORAS,3.818600,99.050400,0, ,0.0,0.0,0.0,0.0,1,3000,0,0,0,0,0,0

STAR,PAKA1C,05,5
IF,ANSAX,6.000000,95.508300, ,0.0,0.0,0,0,0,0,0,0,0,0
TF,PAKAM,4.822000,96.971306,0, ,0.0,0.0,0.0,0.0,0,0,0,0,0,0,0,0
TF,JILAT,4.408797,97.189617,0, ,0.0,0.0,0.0,0.0,0,0,0,0,0,0,0,0
TF,AISAH,4.093694,97.443611,0, ,0.0,0.0,0.0,0.0,3,23000,0,0,0,0,0,0
TF,APARA,3.986694,97.720306,0, ,0.0,0.0,0.0,0.0,3,19000,0,0,0,0,0,0
TF,HILIS,3.798194,98.207611,0, ,0.0,0.0,0.0,0.0,2,11000,0,0,0,0,0,0
TF,AKING,3.562500,98.545000,0, ,0.0,0.0,0.0,0.0,2,4000,0,0,0,0,0,0
TF,BAYAK,3.439336,98.673250,0, ,0.0,0.0,0.0,0.0,1,3000,0,0,0,0,0,0

STAR,PAKA1D,23,5
IF,ANSAX,6.000000,95.508300, ,0.0,0.0,0,0,0,0,0,0,0,0
TF,PAKAM,4.822000,96.971306,0, ,0.0,0.0,0.0,0.0,0,0,0,0,0,0,0,0
TF,HOSTA,4.696194,97.497889,0, ,0.0,0.0,0.0,0.0,3,23000,0,0,0,0,0,0
TF,ORDAM,4.486500,98.346389,0, ,0.0,0.0,0.0,0.0,0,0,0,0,0,0,0,0
TF,RADIN,3.945889,98.925694,0, ,0.0,0.0,0.0,0.0,2,6000,0,0,0,0,0,0
TF,HORAS,3.818600,99.050400,0, ,0.0,0.0,0.0,0.0,1,3000,0,0,0,0,0,0

STAR,PANJ1A,05,5
IF,PANJA,2.752306,99.082556, ,0.0,0.0,0,0,0,0,0,0,0,0
TF,MAHIB,2.978000,99.127194,0, ,0.0,0.0,0.0,0.0,2,13000,0,0,0,0,0,0
TF,ZAIDA,3.310000,98.796694,0, ,0.0,0.0,0.0,0.0,2,4000,0,0,0,0,0,0
TF,BAYAK,3.439336,98.673250,0, ,0.0,0.0,0.0,0.0,1,3000,0,0,0,0,0,0

STAR,PUGE2C,05,5
IF,PUGER,3.401667,100.293333, ,0.0,0.0,3,23000,0,0,0,0,0,0
TF,PUBLI,3.230111,99.820611,0, ,0.0,0.0,0.0,0.0,3,15000,0,0,0,0,0,0
TF,MAHIB,2.978000,99.127194,0, ,0.0,0.0,0.0,0.0,2,13000,0,0,0,0,0,0
TF,ZAIDA,3.310000,98.796694,0, ,0.0,0.0,0.0,0.0,2,4000,0,0,0,0,0,0
TF,BAYAK,3.439336,98.673250,0, ,0.0,0.0,0.0,0.0,1,3000,0,0,0,0,0,0

STAR,PUGE2D,23,5
IF,PUGER,3.401667,100.293333, ,0.0,0.0,3,23000,0,0,0,0,0,0
TF,GOMBI,3.527806,99.335250,0, ,0.0,0.0,0.0,0.0,2,10000,0,0,0,0,0,0
TF,SUNTO,3.690306,99.176000,0, ,0.0,0.0,0.0,0.0,2,6000,0,0,0,0,0,0
TF,HORAS,3.818600,99.050400,0, ,0.0,0.0,0.0,0.0,1,3000,0,0,0,0,0,0

STAR,SIKI1A,05,5
IF,SIKIL,2.272500,97.960833, ,0.0,0.0,0,0,0,0,0,0,0,0
TF,GEWAH,3.479211,98.197208,0, ,0.0,0.0,0.0,0.0,0,0,0,0,0,0,0,0
TF,AKING,3.562500,98.545000,0, ,0.0,0.0,0.0,0.0,2,4000,0,0,0,0,0,0
TF,BAYAK,3.439336,98.673250,0, ,0.0,0.0,0.0,0.0,1,3000,0,0,0,0,0,0

STAR,SIKI1B,23,5
IF,SIKIL,2.272500,97.960833, ,0.0,0.0,0,0,0,0,0,0,0,0
TF,GEWAH,3.479211,98.197208,0, ,0.0,0.0,0.0,0.0,0,0,0,0,0,0,0,0
TF,GANCI,3.854611,98.687111,0, ,0.0,0.0,0.0,0.0,2,9000,0,0,0,0,0,0
TF,RADIN,3.945889,98.925694,0, ,0.0,0.0,0.0,0.0,2,6000,0,0,0,0,0,0
TF,HORAS,3.818600,99.050400,0, ,0.0,0.0,0.0,0.0,1,3000,0,0,0,0,0,0

STAR,TUNJ1C,05,5
IF,SALAX,2.206700,101.563300, ,0.0,0.0,0,0,0,0,0,0,0,0
TF,TUNJA,2.481111,100.679500,0, ,0.0,0.0,0.0,0.0,0,0,0,0,0,0,0,0
TF,MOZES,2.713747,99.931083,0, ,0.0,0.0,0.0,0.0,3,23000,0,0,0,0,0,0
TF,MAHIB,2.978000,99.127194,0, ,0.0,0.0,0.0,0.0,2,13000,0,0,0,0,0,0
TF,ZAIDA,3.310000,98.796694,0, ,0.0,0.0,0.0,0.0,2,4000,0,0,0,0,0,0
TF,BAYAK,3.439336,98.673250,0, ,0.0,0.0,0.0,0.0,1,3000,0,0,0,0,0,0

STAR,TUNJ1D,23,5
IF,SALAX,2.206700,101.563300, ,0.0,0.0,0,0,0,0,0,0,0,0
TF,TUNJA,2.481111,100.679500,0, ,0.0,0.0,0.0,0.0,0,0,0,0,0,0,0,0
TF,MUARA,2.631611,100.195389,0, ,0.0,0.0,0.0,0.0,3,23000,0,0,0,0,0,0
TF,MOZES,2.713747,99.931083,0, ,0.0,0.0,0.0,0.0,0,0,0,0,0,0,0,0
TF,LAWAS,3.251389,99.515389,0, ,0.0,0.0,0.0,0.0,2,17000,0,0,0,0,0,0
TF,GOMBI,3.527806,99.335250,0, ,0.0,0.0,0.0,0.0,2,10000,0,0,0,0,0,0
TF,SUNTO,3.690306,99.176000,0, ,0.0,0.0,0.0,0.0,2,6000,0,0,0,0,0,0
TF,HORAS,3.818600,99.050400,0, ,0.0,0.0,0.0,0.0,1,3000,0,0,0,0,0,0

STAR,YURL1B,23,5
IF,YURLI,2.018972,99.076861, ,0.0,0.0,0,0,0,0,0,0,0,0
TF,TAPUT,2.853472,99.405250,0, ,0.0,0.0,0.0,0.0,3,14000,0,0,0,0,0,0
TF,GOMBI,3.527806,99.335250,0, ,0.0,0.0,0.0,0.0,2,10000,0,0,0,0,0,0
TF,SUNTO,3.690306,99.176000,0, ,0.0,0.0,0.0,0.0,2,6000,0,0,0,0,0,0
TF,HORAS,3.818600,99.050400,0, ,0.0,0.0,0.0,0.0,1,3000,0,0,0,0,0,0

APPTR,D05,05,BAYAK
IF,BAYAK,3.439336,98.673250, ,0.0,0.0,2,3000,0,0,0,0,1,0
TF,CD05,3.498669,98.732050,0, ,0.0,0.0,0.0,0.0,2,2500,0,0,0,0,1,0

FINAL,D05,05,D,3
IF,CD05,3.498669,98.732050,DES,225.0,10.0,2,2500,0,0,0,0,0,0
CF,FD05,3.550783,98.783906,0,DES,225.0,5.6,45.0,4.4,2,2000,0,0,0,0,2,0
CF,MD05,3.612369,98.845194,0,DES,225.0,0.4,45.0,5.2,1,436,0,0,0,0,3,0
CA,0,45.0,2,530,0,0,0,0,0,0
VI,0, ,0.0,319.0,0,0,0,0,0,0,0,0
CF,RIBAS,3.979600,98.780700,0,DES,349.1,22.0,349.0,18.0,1,5000,0,0,0,0,0,0

APPTR,D23,23,HORAS
IF,HORAS,3.818600,99.050400, ,0.0,0.0,2,3000,0,0,0,0,1,0
TF,CD23,3.761578,98.993739,0, ,0.0,0.0,0.0,0.0,2,2500,0,0,0,0,1,0

FINAL,D23,23,D,3
IF,CD23,3.761578,98.993739,DES,45.0,12.2,2,2500,0,0,0,0,0,0
CF,FD23,3.724872,98.957189,0,DES,45.0,9.1,225.0,3.1,2,2000,0,0,0,0,2,0
CF,MD23,3.664478,98.897061,0,DES,45.0,4.0,225.0,5.1,1,471,0,0,0,0,3,0
CA,0,225.0,2,530,0,0,0,0,0,0
VI,2, ,0.0,19.0,0,0,0,0,0,0,0,0
CF,RIBAS,3.979600,98.780700,0,DES,349.1,22.0,349.0,18.0,1,5000,0,0,0,0,0,0

APPTR,I05,05,BAYAK
IF,BAYAK,3.439336,98.673250, ,0.0,0.0,2,3000,0,0,0,0,1,0
CF,CF05,3.498858,98.731892,0,IDES,225.1,12.9,45.0,5.0,2,2500,0,0,0,0,1,0

FINAL,I05,05,I,3
IF,CF05,3.498858,98.731892,IDES,225.1,12.9,2,2500,0,0,0,0,0,0
CF,FF05,3.554244,98.787767,0,IDES,224.9,8.2,45.0,4.7,1,2000,0,0,0,0,2,0
CF,RW05,3.625900,98.858600,0,IDES,225.1,2.2,45.0,6.0,1,73,0,0,0,0,3,0
CA,0,45.0,2,530,0,0,0,0,0,0
VI,0, ,0.0,319.0,0,0,0,0,0,0,0,0
CF,RIBAS,3.979600,98.780700,0,DES,349.1,22.0,349.0,17.0,1,5000,0,0,0,0,0,0

APPTR,I23,23,HORAS
IF,HORAS,3.818600,99.050400, ,0.0,0.0,2,3000,0,0,0,0,1,0
CF,CF23,3.759292,98.991297,0,IDEL,45.0,11.4,225.0,5.0,2,2500,0,0,0,0,1,0

FINAL,I23,23,I,3
IF,CF23,3.759292,98.991297,IDEL,45.0,11.4,2,2500,0,0,0,0,0,0
CF,FF23,3.721344,98.953722,0,IDEL,45.0,8.2,225.0,3.2,1,2000,0,0,0,0,2,0
CF,RW23,3.649844,98.882461,0,IDEL,45.0,2.2,225.0,6.0,1,74,0,0,0,0,3,0
CA,0,225.0,2,530,0,0,0,0,0,0
VI,2, ,0.0,19.0,0,0,0,0,0,0,0,0
CF,RIBAS,3.979600,98.780700,0,DES,349.1,22.0,349.0,17.0,1,5000,0,0,0,0,0,0

APPTR,R05,05,BAYAK
IF,BAYAK,3.439336,98.673250, ,0.0,0.0,2,3000,0,0,0,0,1,0
TF,MM402,3.498606,98.732119,0, ,0.0,0.0,0.0,0.0,2,2500,0,0,0,0,1,0

FINAL,R05,05,R,3
IF,MM402,3.498606,98.732119, ,0.0,0.0,2,2500,0,0,0,0,0,0
TF,MM401,3.550756,98.783931,0, ,0.0,0.0,45.0,4.4,2,2000,0,0,0,0,2,0
TF,RW05,3.625900,98.858600,0, ,0.0,0.0,45.0,6.3,1,73,0,0,0,0,3,1
DF,RIBAS,3.979600,98.780700,0, ,0.0,0.0,1,5000,0,0,0,0,0,0
HM,RIBAS,3.979600,98.780700,1, ,0.0,0.0,344.0,04.3,2,5000,0,0,0,0,0,0,0

APPTR,R23,23,HORAS
IF,HORAS,3.818600,99.050400, ,0.0,0.0,2,3000,0,0,0,0,1,0
TF,MM502,3.762147,98.994275,0, ,0.0,0.0,0.0,0.0,2,2500,0,0,0,0,1,0

FINAL,R23,23,R,3
IF,MM502,3.762147,98.994275, ,0.0,0.0,2,2500,0,0,0,0,0,0
TF,MM501,3.724242,98.956558,0, ,0.0,0.0,225.0,3.2,2,2000,0,0,0,0,2,0
TF,RW23,3.649844,98.882461,0, ,0.0,0.0,225.0,6.3,1,74,0,0,0,0,3,1
DF,RIBAS,3.979600,98.780700,2, ,0.0,0.0,1,5000,0,0,0,0,0,0
HM,RIBAS,3.979600,98.780700,1, ,0.0,0.0,344.0,04.3,2,5000,0,0,0,0,0,0,0

