SID,BORA2A,11,5
VA,0,113.0,2,500,0,0,0,0,0,0
DF,KMARO,-2.951889,104.863000,0, ,0.0,0.0,0,0,0,0,0,0,0,0
TF,KEMAS,-3.380111,105.248000,0, ,0.0,0.0,0.0,0.0,0,0,0,0,0,0,0,0
TF,BORAS,-3.610639,105.521167,0, ,0.0,0.0,0.0,0.0,0,0,0,0,0,0,0,0

SID,BORA2B,29,5
VA,0,293.0,2,2000,0,0,0,0,0,0
DF,BROWI,-2.778806,104.858694,2, ,0.0,0.0,3,5000,0,0,0,0,0,0
TF,DINFA,-2.818500,104.956194,0, ,0.0,0.0,0.0,0.0,2,7000,0,0,0,0,0,0
TF,KINAN,-2.866806,105.074806,0, ,0.0,0.0,0.0,0.0,2,9000,0,0,0,0,0,0
TF,KAYIS,-2.944444,105.100833,0, ,0.0,0.0,0.0,0.0,2,10000,0,0,0,0,0,0
TF,KEMAS,-3.380111,105.248000,0, ,0.0,0.0,0.0,0.0,0,0,0,0,0,0,0,0
TF,BORAS,-3.610639,105.521167,0, ,0.0,0.0,0.0,0.0,0,0,0,0,0,0,0,0

SID,FERE2A,11,5
VA,0,113.0,2,500,0,0,0,0,0,0
DF,KMARO,-2.951889,104.863000,0, ,0.0,0.0,0,0,0,0,0,0,0,0
TF,GETAS,-2.956472,105.065111,0, ,0.0,0.0,0.0,0.0,3,8000,0,0,0,0,0,0
TF,HANBU,-2.979000,105.287111,0, ,0.0,0.0,0.0,0.0,3,11000,0,0,0,0,0,0
TF,KUNDO,-2.837389,105.520389,0, ,0.0,0.0,0.0,0.0,0,0,0,0,0,0,0,0
TF,FERET,-2.812611,106.017472,0, ,0.0,0.0,0.0,0.0,0,0,0,0,0,0,0,0

SID,FERE2B,29,5
VA,0,293.0,2,2000,0,0,0,0,0,0
DF,BROWI,-2.778806,104.858694,2, ,0.0,0.0,3,5000,0,0,0,0,0,0
TF,DINFA,-2.818500,104.956194,0, ,0.0,0.0,0.0,0.0,2,7000,0,0,0,0,0,0
TF,KINAN,-2.866806,105.074806,0, ,0.0,0.0,0.0,0.0,2,9000,0,0,0,0,0,0
TF,DOLOR,-2.861111,105.174444,0, ,0.0,0.0,0.0,0.0,2,10000,0,0,0,0,0,0
TF,FERET,-2.812611,106.017472,0, ,0.0,0.0,0.0,0.0,0,0,0,0,0,0,0,0

SID,KALA2A,11,5
VA,0,113.0,2,500,0,0,0,0,0,0
DF,KMARO,-2.951889,104.863000,0, ,0.0,0.0,0,0,0,0,0,0,0,0
TF,YUPIT,-3.144389,104.713306,2, ,0.0,0.0,0.0,0.0,4,6000,5000,0,0,0,0,0
TF,JAYAK,-3.060694,104.516000,0, ,0.0,0.0,0.0,0.0,3,8000,0,0,0,0,0,0
TF,KITTO,-2.998111,104.225194,0, ,0.0,0.0,0.0,0.0,2,13000,0,0,0,0,0,0
TF,KATEK,-2.928611,104.076111,0, ,0.0,0.0,0.0,0.0,2,16000,0,0,0,0,0,0
TF,DAREN,-2.834389,103.860194,0, ,0.0,0.0,0.0,0.0,2,19000,0,0,0,0,0,0
TF,MALBI,-2.754694,103.682611,0, ,0.0,0.0,0.0,0.0,2,21000,0,0,0,0,0,0
TF,EMPEK,-2.693194,103.478306,0, ,0.0,0.0,0.0,0.0,2,23000,0,0,0,0,0,0
TF,KALAM,-2.313444,102.219139,0, ,0.0,0.0,0.0,0.0,0,0,0,0,0,0,0,0

SID,KALA2B,29,5
VA,0,293.0,2,2000,0,0,0,0,0,0
DF,PADIM,-2.754611,104.358889,0, ,0.0,0.0,3,8000,0,0,0,0,0,0
TF,HANIF,-2.656694,104.263306,0, ,0.0,0.0,0.0,0.0,3,10000,0,0,0,0,0,0
TF,ADETI,-2.291389,103.906806,0, ,0.0,0.0,0.0,0.0,0,0,0,0,0,0,0,0
TF,RIZZA,-2.292500,103.716000,0, ,0.0,0.0,0.0,0.0,2,23000,0,0,0,0,0,0
TF,ONTAX,-2.297611,102.791500,0, ,0.0,0.0,0.0,0.0,0,0,0,0,0,0,0,0
TF,KALAM,-2.313444,102.219139,0, ,0.0,0.0,0.0,0.0,0,0,0,0,0,0,0,0

SID,KUAL2A,11,5
VA,0,113.0,2,500,0,0,0,0,0,0
DF,KMARO,-2.951889,104.863000,0, ,0.0,0.0,0,0,0,0,0,0,0,0
TF,TIDUK,-2.778806,104.858889,1, ,0.0,0.0,0.0,0.0,0,0,0,0,0,0,0,0
TF,DUKIN,-2.616389,104.697000,0, ,0.0,0.0,0.0,0.0,2,8000,0,0,0,0,0,0
TF,EFKAR,-2.552694,104.591611,0, ,0.0,0.0,0.0,0.0,2,11000,0,0,0,0,0,0
TF,POSRI,-1.942806,104.112306,0, ,0.0,0.0,0.0,0.0,2,24000,0,0,0,0,0,0
TF,BLIDO,-1.754111,103.953500,0, ,0.0,0.0,0.0,0.0,0,0,0,0,0,0,0,0
TF,JAMBI,-1.636028,103.645056,0, ,0.0,0.0,0.0,0.0,0,0,0,0,0,0,0,0
TF,KUALA,-1.143806,103.143278,0, ,0.0,0.0,0.0,0.0,0,0,0,0,0,0,0,0

SID,KUAL2B,29,5
VA,0,293.0,2,2000,0,0,0,0,0,0
DF,PADIM,-2.754611,104.358889,0, ,0.0,0.0,3,8000,0,0,0,0,0,0
TF,HANIF,-2.656694,104.263306,0, ,0.0,0.0,0.0,0.0,3,10000,0,0,0,0,0,0
TF,ADETI,-2.291389,103.906806,0, ,0.0,0.0,0.0,0.0,0,0,0,0,0,0,0,0
TF,DANIF,-2.110889,103.834806,0, ,0.0,0.0,0.0,0.0,2,23000,0,0,0,0,0,0
TF,JAMBI,-1.636028,103.645056,0, ,0.0,0.0,0.0,0.0,0,0,0,0,0,0,0,0
TF,KUALA,-1.143806,103.143278,0, ,0.0,0.0,0.0,0.0,0,0,0,0,0,0,0,0

SID,PARD2A,11,5
VA,0,113.0,2,500,0,0,0,0,0,0
DF,KMARO,-2.951889,104.863000,0, ,0.0,0.0,0,0,0,0,0,0,0,0
TF,TIDUK,-2.778806,104.858889,1, ,0.0,0.0,0.0,0.0,0,0,0,0,0,0,0,0
TF,DUKIN,-2.616389,104.697000,0, ,0.0,0.0,0.0,0.0,2,8000,0,0,0,0,0,0
TF,EFKAR,-2.552694,104.591611,0, ,0.0,0.0,0.0,0.0,2,11000,0,0,0,0,0,0
TF,PARDI,-0.566667,104.216667,0, ,0.0,0.0,0.0,0.0,0,0,0,0,0,0,0,0

SID,PARD2B,29,5
VA,0,293.0,2,2000,0,0,0,0,0,0
DF,EFKAR,-2.552694,104.591611,0, ,0.0,0.0,4,7000,5000,0,0,0,0,0
TF,PARDI,-0.566667,104.216667,0, ,0.0,0.0,0.0,0.0,0,0,0,0,0,0,0,0

SID,PASO2A,11,5
VA,0,113.0,2,500,0,0,0,0,0,0
DF,KMARO,-2.951889,104.863000,0, ,0.0,0.0,0,0,0,0,0,0,0,0
TF,YUPIT,-3.144389,104.713306,2, ,0.0,0.0,0.0,0.0,4,6000,5000,0,0,0,0,0
TF,JAYAK,-3.060694,104.516000,0, ,0.0,0.0,0.0,0.0,3,8000,0,0,0,0,0,0
TF,KITTO,-2.998111,104.225194,0, ,0.0,0.0,0.0,0.0,2,13000,0,0,0,0,0,0
TF,KATEK,-2.928611,104.076111,0, ,0.0,0.0,0.0,0.0,2,16000,0,0,0,0,0,0
TF,DAREN,-2.834389,103.860194,0, ,0.0,0.0,0.0,0.0,2,19000,0,0,0,0,0,0
TF,MALBI,-2.754694,103.682611,0, ,0.0,0.0,0.0,0.0,2,21000,0,0,0,0,0,0
TF,JAKMI,-2.638194,103.520000,0, ,0.0,0.0,0.0,0.0,2,23000,0,0,0,0,0,0
TF,PASOL,-1.825000,102.385000,0, ,0.0,0.0,0.0,0.0,0,0,0,0,0,0,0,0

SID,PASO2B,29,5
VA,0,293.0,2,2000,0,0,0,0,0,0
DF,PADIM,-2.754611,104.358889,0, ,0.0,0.0,3,8000,0,0,0,0,0,0
TF,HANIF,-2.656694,104.263306,0, ,0.0,0.0,0.0,0.0,3,10000,0,0,0,0,0,0
TF,ADETI,-2.291389,103.906806,0, ,0.0,0.0,0.0,0.0,0,0,0,0,0,0,0,0
TF,UDAUL,-2.233611,103.718194,0, ,0.0,0.0,0.0,0.0,2,23000,0,0,0,0,0,0
TF,PASOL,-1.825000,102.385000,0, ,0.0,0.0,0.0,0.0,0,0,0,0,0,0,0,0

SID,RAWA2A,11,5
VA,0,113.0,2,500,0,0,0,0,0,0
DF,KMARO,-2.951889,104.863000,0, ,0.0,0.0,0,0,0,0,0,0,0,0
TF,YUPIT,-3.144389,104.713306,2, ,0.0,0.0,0.0,0.0,4,6000,5000,0,0,0,0,0
TF,ENJUK,-3.200194,104.453306,0, ,0.0,0.0,0.0,0.0,3,8000,0,0,0,0,0,0
TF,GASIK,-3.323694,104.145889,0, ,0.0,0.0,0.0,0.0,3,14000,0,0,0,0,0,0
TF,LIGAR,-3.547611,103.588806,0, ,0.0,0.0,0.0,0.0,0,0,0,0,0,0,0,0
TF,RAWAS,-3.527111,103.120611,0, ,0.0,0.0,0.0,0.0,0,0,0,0,0,0,0,0

SID,RAWA2B,29,5
VA,0,293.0,2,2000,0,0,0,0,0,0
DF,NARKO,-3.149111,104.351472,0, ,0.0,0.0,4,8000,5000,0,0,0,0,0
TF,LURIN,-3.269111,104.215000,0, ,0.0,0.0,0.0,0.0,0,0,0,0,0,0,0,0
TF,USTIN,-3.547611,103.588833,0, ,0.0,0.0,0.0,0.0,2,12000,0,0,0,0,0,0
TF,RAWAS,-3.527111,103.120611,0, ,0.0,0.0,0.0,0.0,0,0,0,0,0,0,0,0

SID,TERK2A,11,5
VA,0,113.0,2,500,0,0,0,0,0,0
DF,KMARO,-2.951889,104.863000,0, ,0.0,0.0,0,0,0,0,0,0,0,0
TF,YUPIT,-3.144389,104.713306,2, ,0.0,0.0,0.0,0.0,4,6000,5000,0,0,0,0,0
TF,GALAK,-3.258306,104.739306,0, ,0.0,0.0,0.0,0.0,3,8000,0,0,0,0,0,0
TF,SIKOK,-3.880194,104.880194,0, ,0.0,0.0,0.0,0.0,2,17000,0,0,0,0,0,0
TF,TERKA,-4.234000,104.960306,0, ,0.0,0.0,0.0,0.0,0,0,0,0,0,0,0,0

SID,TERK2B,29,5
VA,0,293.0,2,2000,0,0,0,0,0,0
DF,YUPIT,-3.144389,104.713306,1, ,0.0,0.0,4,6000,5000,0,0,0,0,0
TF,YUMEL,-3.632111,104.824111,0, ,0.0,0.0,0.0,0.0,2,17000,0,0,0,0,0,0
TF,TERKA,-4.234000,104.960306,0, ,0.0,0.0,0.0,0.0,0,0,0,0,0,0,0,0

SID,TODA2A,11,5
VA,0,113.0,2,500,0,0,0,0,0,0
DF,KMARO,-2.951889,104.863000,0, ,0.0,0.0,0,0,0,0,0,0,0,0
TF,TIDUK,-2.778806,104.858889,1, ,0.0,0.0,0.0,0.0,0,0,0,0,0,0,0,0
TF,GUYUR,-2.633806,105.157889,0, ,0.0,0.0,0.0,0.0,3,11000,0,0,0,0,0,0
TF,TODAK,-2.521861,105.388278,0, ,0.0,0.0,0.0,0.0,0,0,0,0,0,0,0,0

SID,TODA2B,29,5
VA,0,293.0,2,2000,0,0,0,0,0,0
DF,YUTIA,-2.591889,104.872194,2, ,0.0,0.0,4,5000,4000,0,0,0,0,0
TF,TODAK,-2.521861,105.388278,0, ,0.0,0.0,0.0,0.0,2,8000,0,0,0,0,0,0

STAR,DOMI1A,11,5
IF,DOMIL,-3.918917,105.238278, ,0.0,0.0,0,0,0,0,0,0,0,0
TF,BURGO,-3.520889,105.014611,0, ,0.0,0.0,0.0,0.0,3,16000,0,0,0,0,0,0
TF,KAFAD,-3.077000,104.745000,0, ,0.0,0.0,0.0,0.0,2,8000,0,0,0,0,0,0
TF,BESAK,-3.003389,104.700111,0, ,0.0,0.0,0.0,0.0,2,7000,0,0,0,0,0,0
TF,FUADA,-2.967806,104.611889,0, ,0.0,0.0,0.0,0.0,2,6000,0,0,0,0,0,0
TF,POLDI,-2.894389,104.424389,0, ,0.0,0.0,0.0,0.0,2,4000,0,0,0,0,0,0
TF,TASYA,-2.797778,104.461056,0, ,0.0,0.0,0.0,0.0,2,3000,0,0,0,0,0,0

STAR,DOMI1B,29,5
IF,DOMIL,-3.918917,105.238278, ,0.0,0.0,0,0,0,0,0,0,0,0
TF,BURGO,-3.520889,105.014611,0, ,0.0,0.0,0.0,0.0,3,13000,0,0,0,0,0,0
TF,MODEL,-3.079611,104.889000,0, ,0.0,0.0,0.0,0.0,2,4000,0,0,0,0,0,0
TF,EPBIN,-2.993306,104.925389,0, ,0.0,0.0,0.0,0.0,2,3000,0,0,0,0,0,0

STAR,FERE1D,29,5
IF,FERET,-2.812611,106.017472, ,0.0,0.0,0,0,0,0,0,0,0,0
TF,TODAK,-2.521861,105.388278,0, ,0.0,0.0,0.0,0.0,0,0,0,0,0,0,0,0
TF,HANDA,-2.724806,105.153306,0, ,0.0,0.0,0.0,0.0,0,0,0,0,0,0,0,0
TF,RETNO,-2.805889,105.069306,0, ,0.0,0.0,0.0,0.0,3,6000,0,0,0,0,0,0
TF,TEWAN,-2.911194,104.960000,0, ,0.0,0.0,0.0,0.0,2,4000,0,0,0,0,0,0
TF,EPBIN,-2.993306,104.925389,0, ,0.0,0.0,0.0,0.0,2,3000,0,0,0,0,0,0

STAR,FERE2C,11,5
IF,FERET,-2.812611,106.017472, ,0.0,0.0,0,0,0,0,0,0,0,0
TF,TODAK,-2.521861,105.388278,0, ,0.0,0.0,0.0,0.0,0,0,0,0,0,0,0,0
TF,ZANIA,-2.358389,104.830806,0, ,0.0,0.0,0.0,0.0,2,9000,0,0,0,0,0,0
TF,GENJE,-2.489389,104.706806,0, ,0.0,0.0,0.0,0.0,3,7000,0,0,0,0,0,0
TF,NAURA,-2.714500,104.493111,0, ,0.0,0.0,0.0,0.0,2,4000,0,0,0,0,0,0
TF,TASYA,-2.797778,104.461056,0, ,0.0,0.0,0.0,0.0,2,3000,0,0,0,0,0,0

STAR,KALA1C,11,5
IF,KALAM,-2.313444,102.219139, ,0.0,0.0,0,0,0,0,0,0,0,0
TF,AVARO,-2.280806,103.041000,0, ,0.0,0.0,0.0,0.0,3,24000,0,0,0,0,0,0
TF,RUKMA,-2.268306,103.339389,0, ,0.0,0.0,0.0,0.0,3,21000,0,0,0,0,0,0
TF,LEMPO,-2.704194,104.239889,0, ,0.0,0.0,0.0,0.0,2,7000,0,0,0,0,0,0
TF,TASYA,-2.797778,104.461056,0, ,0.0,0.0,0.0,0.0,2,3000,0,0,0,0,0,0

STAR,KALA1D,29,5
IF,KALAM,-2.313444,102.219139, ,0.0,0.0,0,0,0,0,0,0,0,0
TF,TEGUH,-2.610111,103.478611,0, ,0.0,0.0,0.0,0.0,0,0,0,0,0,0,0,0
TF,SOBAT,-2.713694,103.840194,0, ,0.0,0.0,0.0,0.0,3,22000,0,0,0,0,0,0
TF,LEMAK,-2.841611,104.286000,0, ,0.0,0.0,0.0,0.0,2,13000,0,0,0,0,0,0
TF,LAXAN,-2.932806,104.525111,0, ,0.0,0.0,0.0,0.0,2,11000,0,0,0,0,0,0
TF,BESAK,-3.003389,104.700111,0, ,0.0,0.0,0.0,0.0,2,8000,0,0,0,0,0,0
TF,MODEL,-3.079611,104.889000,0, ,0.0,0.0,0.0,0.0,2,4000,0,0,0,0,0,0
TF,EPBIN,-2.993306,104.925389,0, ,0.0,0.0,0.0,0.0,2,3000,0,0,0,0,0,0

STAR,KUAL1C,11,5
IF,KUALA,-1.143806,103.143278, ,0.0,0.0,0,0,0,0,0,0,0,0
TF,JAMBI,-1.636028,103.645056,0, ,0.0,0.0,0.0,0.0,0,0,0,0,0,0,0,0
TF,FEBIS,-1.903889,103.794306,0, ,0.0,0.0,0.0,0.0,3,24000,0,0,0,0,0,0
TF,LEMPO,-2.704194,104.239889,0, ,0.0,0.0,0.0,0.0,2,7000,0,0,0,0,0,0
TF,TASYA,-2.797778,104.461056,0, ,0.0,0.0,0.0,0.0,2,3000,0,0,0,0,0,0

STAR,KUAL1D,29,5
IF,KUALA,-1.143806,103.143278, ,0.0,0.0,0,0,0,0,0,0,0,0
TF,JAMBI,-1.636028,103.645056,0, ,0.0,0.0,0.0,0.0,0,0,0,0,0,0,0,0
TF,PURBO,-2.022611,103.958694,0, ,0.0,0.0,0.0,0.0,3,24000,0,0,0,0,0,0
TF,LOKAK,-2.731694,104.534000,0, ,0.0,0.0,0.0,0.0,1,10000,0,0,0,0,0,0
TF,KAGEK,-2.814500,104.730389,0, ,0.0,0.0,0.0,0.0,2,8000,0,0,0,0,0,0
TF,PILIH,-2.870306,104.862806,0, ,0.0,0.0,0.0,0.0,2,6000,0,0,0,0,0,0
TF,TEWAN,-2.911194,104.960000,0, ,0.0,0.0,0.0,0.0,2,4000,0,0,0,0,0,0
TF,EPBIN,-2.993306,104.925389,0, ,0.0,0.0,0.0,0.0,2,3000,0,0,0,0,0,0

STAR,PABI1A,11,5
IF,PABIO,-2.627972,102.167250, ,0.0,0.0,0,0,0,0,0,0,0,0
TF,YANIX,-2.356306,103.052806,0, ,0.0,0.0,0.0,0.0,3,24000,0,0,0,0,0,0
TF,RUKMA,-2.268306,103.339389,0, ,0.0,0.0,0.0,0.0,3,21000,0,0,0,0,0,0
TF,LEMPO,-2.704194,104.239889,0, ,0.0,0.0,0.0,0.0,2,7000,0,0,0,0,0,0
TF,TASYA,-2.797778,104.461056,0, ,0.0,0.0,0.0,0.0,2,3000,0,0,0,0,0,0

STAR,PABI1B,29,5
IF,PABIO,-2.627972,102.167250, ,0.0,0.0,0,0,0,0,0,0,0,0
TF,TEGUH,-2.610111,103.478611,0, ,0.0,0.0,0.0,0.0,0,0,0,0,0,0,0,0
TF,SOBAT,-2.713694,103.840194,0, ,0.0,0.0,0.0,0.0,3,22000,0,0,0,0,0,0
TF,LEMAK,-2.841611,104.286000,0, ,0.0,0.0,0.0,0.0,2,13000,0,0,0,0,0,0
TF,LAXAN,-2.932806,104.525111,0, ,0.0,0.0,0.0,0.0,2,11000,0,0,0,0,0,0
TF,BESAK,-3.003389,104.700111,0, ,0.0,0.0,0.0,0.0,2,8000,0,0,0,0,0,0
TF,MODEL,-3.079611,104.889000,0, ,0.0,0.0,0.0,0.0,2,4000,0,0,0,0,0,0
TF,EPBIN,-2.993306,104.925389,0, ,0.0,0.0,0.0,0.0,2,3000,0,0,0,0,0,0

STAR,PASO1C,11,5
IF,PASOL,-1.825000,102.385000, ,0.0,0.0,0,0,0,0,0,0,0,0
TF,RIRIN,-2.165306,103.117611,0, ,0.0,0.0,0.0,0.0,3,24000,0,0,0,0,0,0
TF,RUKMA,-2.268306,103.339389,0, ,0.0,0.0,0.0,0.0,3,21000,0,0,0,0,0,0
TF,LEMPO,-2.704194,104.239889,0, ,0.0,0.0,0.0,0.0,2,7000,0,0,0,0,0,0
TF,TASYA,-2.797778,104.461056,0, ,0.0,0.0,0.0,0.0,2,3000,0,0,0,0,0,0

STAR,PASO1D,29,5
IF,PASOL,-1.825000,102.385000, ,0.0,0.0,0,0,0,0,0,0,0,0
TF,TEGUH,-2.610111,103.478611,0, ,0.0,0.0,0.0,0.0,0,0,0,0,0,0,0,0
TF,SOBAT,-2.713694,103.840194,0, ,0.0,0.0,0.0,0.0,3,22000,0,0,0,0,0,0
TF,LEMAK,-2.841611,104.286000,0, ,0.0,0.0,0.0,0.0,2,13000,0,0,0,0,0,0
TF,LAXAN,-2.932806,104.525111,0, ,0.0,0.0,0.0,0.0,2,11000,0,0,0,0,0,0
TF,BESAK,-3.003389,104.700111,0, ,0.0,0.0,0.0,0.0,2,8000,0,0,0,0,0,0
TF,MODEL,-3.079611,104.889000,0, ,0.0,0.0,0.0,0.0,2,4000,0,0,0,0,0,0
TF,EPBIN,-2.993306,104.925389,0, ,0.0,0.0,0.0,0.0,2,3000,0,0,0,0,0,0

STAR,RAWA1C,11,5
IF,RAWAS,-3.527111,103.120611, ,0.0,0.0,0,0,0,0,0,0,0,0
TF,HITAM,-2.991889,103.848806,0, ,0.0,0.0,0.0,0.0,3,15000,0,0,0,0,0,0
TF,LEMPO,-2.704194,104.239889,0, ,0.0,0.0,0.0,0.0,2,7000,0,0,0,0,0,0
TF,TASYA,-2.797778,104.461056,0, ,0.0,0.0,0.0,0.0,2,3000,0,0,0,0,0,0

STAR,RAWA1D,29,5
IF,RAWAS,-3.527111,103.120611, ,0.0,0.0,0,0,0,0,0,0,0,0
TF,NIGUS,-2.997806,104.371694,0, ,0.0,0.0,0.0,0.0,2,14000,0,0,0,0,0,0
TF,LAXAN,-2.932806,104.525111,0, ,0.0,0.0,0.0,0.0,2,11000,0,0,0,0,0,0
TF,BESAK,-3.003389,104.700111,0, ,0.0,0.0,0.0,0.0,2,8000,0,0,0,0,0,0
TF,MODEL,-3.079611,104.889000,0, ,0.0,0.0,0.0,0.0,2,4000,0,0,0,0,0,0
TF,EPBIN,-2.993306,104.925389,0, ,0.0,0.0,0.0,0.0,2,3000,0,0,0,0,0,0

STAR,TERK1E,11,5
IF,TERKA,-4.234000,104.960306, ,0.0,0.0,0,0,0,0,0,0,0,0
TF,BURGO,-3.520889,105.014611,0, ,0.0,0.0,0.0,0.0,3,16000,0,0,0,0,0,0
TF,KAFAD,-3.077000,104.745000,0, ,0.0,0.0,0.0,0.0,2,8000,0,0,0,0,0,0
TF,BESAK,-3.003389,104.700111,0, ,0.0,0.0,0.0,0.0,2,7000,0,0,0,0,0,0
TF,FUADA,-2.967806,104.611889,0, ,0.0,0.0,0.0,0.0,2,6000,0,0,0,0,0,0
TF,POLDI,-2.894389,104.424389,0, ,0.0,0.0,0.0,0.0,2,4000,0,0,0,0,0,0
TF,TASYA,-2.797778,104.461056,0, ,0.0,0.0,0.0,0.0,2,3000,0,0,0,0,0,0

STAR,TERK1F,29,5
IF,TERKA,-4.234000,104.960306, ,0.0,0.0,0,0,0,0,0,0,0,0
TF,ANAMI,-3.670389,105.003000,0, ,0.0,0.0,0.0,0.0,0,0,0,0,0,0,0,0
TF,BURGO,-3.520889,105.014611,0, ,0.0,0.0,0.0,0.0,3,13000,0,0,0,0,0,0
TF,MODEL,-3.079611,104.889000,0, ,0.0,0.0,0.0,0.0,2,4000,0,0,0,0,0,0
TF,EPBIN,-2.993306,104.925389,0, ,0.0,0.0,0.0,0.0,2,3000,0,0,0,0,0,0

STAR,TIAM1B,29,5
IF,TIAMA,-1.035417,104.593778, ,0.0,0.0,0,0,0,0,0,0,0,0
TF,POCOK,-2.368000,104.742806,0, ,0.0,0.0,0.0,0.0,0,0,0,0,0,0,0,0
TF,KAGEK,-2.814500,104.730389,0, ,0.0,0.0,0.0,0.0,2,8000,0,0,0,0,0,0
TF,PILIH,-2.870306,104.862806,0, ,0.0,0.0,0.0,0.0,2,6000,0,0,0,0,0,0
TF,TEWAN,-2.911194,104.960000,0, ,0.0,0.0,0.0,0.0,2,4000,0,0,0,0,0,0
TF,EPBIN,-2.993306,104.925389,0, ,0.0,0.0,0.0,0.0,2,3000,0,0,0,0,0,0

STAR,TIAM2A,11,5
IF,TIAMA,-1.035417,104.593778, ,0.0,0.0,0,0,0,0,0,0,0,0
TF,ZANIA,-2.358389,104.830806,0, ,0.0,0.0,0.0,0.0,2,9000,0,0,0,0,0,0
TF,GENJE,-2.489389,104.706806,0, ,0.0,0.0,0.0,0.0,3,7000,0,0,0,0,0,0
TF,NAURA,-2.714500,104.493111,0, ,0.0,0.0,0.0,0.0,2,4000,0,0,0,0,0,0
TF,TASYA,-2.797778,104.461056,0, ,0.0,0.0,0.0,0.0,2,3000,0,0,0,0,0,0

STAR,TODA1D,29,5
IF,TODAK,-2.521861,105.388278, ,0.0,0.0,0,0,0,0,0,0,0,0
TF,HANDA,-2.724806,105.153306,0, ,0.0,0.0,0.0,0.0,0,0,0,0,0,0,0,0
TF,RETNO,-2.805889,105.069306,0, ,0.0,0.0,0.0,0.0,3,6000,0,0,0,0,0,0
TF,TEWAN,-2.911194,104.960000,0, ,0.0,0.0,0.0,0.0,2,4000,0,0,0,0,0,0
TF,EPBIN,-2.993306,104.925389,0, ,0.0,0.0,0.0,0.0,2,3000,0,0,0,0,0,0

STAR,TODA2C,11,5
IF,TODAK,-2.521861,105.388278, ,0.0,0.0,0,0,0,0,0,0,0,0
TF,ZANIA,-2.358389,104.830806,0, ,0.0,0.0,0.0,0.0,2,9000,0,0,0,0,0,0
TF,GENJE,-2.489389,104.706806,0, ,0.0,0.0,0.0,0.0,3,7000,0,0,0,0,0,0
TF,NAURA,-2.714500,104.493111,0, ,0.0,0.0,0.0,0.0,2,4000,0,0,0,0,0,0
TF,TASYA,-2.797778,104.461056,0, ,0.0,0.0,0.0,0.0,2,3000,0,0,0,0,0,0

APPTR,D11,11,TASYA
IF,TASYA,-2.797778,104.461056, ,0.0,0.0,2,3000,0,0,0,0,1,0
TF,CD11,-2.821058,104.516397,0, ,0.0,0.0,0.0,0.0,2,2500,0,0,0,0,1,0

FINAL,D11,11,D,3
IF,CD11,-2.821058,104.516397,PLB,292.7,8.9,2,2500,0,0,0,0,0,0
CF,FD11,-2.853378,104.593231,0,PLB,292.7,3.9,113.0,5.0,2,2000,0,0,0,0,2,0
CF,MD11,-2.885125,104.668500,0,PLB,113.0,0.0,113.0,4.9,1,450,0,0,0,0,3,0
CA,0,113.0,2,1500,0,0,0,0,0,0
VI,1, ,0.0,263.0,0,0,0,0,0,0,0,0
CF,TASYA,-2.797778,104.461056,0,PLB,292.7,12.5,293.0,9.0,2,3000,0,0,0,0,0,0

APPTR,D29,29,EPBIN
IF,EPBIN,-2.993306,104.925389, ,0.0,0.0,2,3000,0,0,0,0,1,0
TF,CD29,-2.973764,104.879006,0, ,0.0,0.0,0.0,0.0,2,2500,0,0,0,0,1,0

FINAL,D29,29,D,3
IF,CD29,-2.973764,104.879006,PLB,112.8,14.7,2,2500,0,0,0,0,0,0
CF,FD29,-2.941394,104.802186,0,PLB,112.8,9.7,293.0,5.0,2,2000,0,0,0,0,2,0
CF,MD29,-2.910314,104.728442,0,PLB,112.8,4.9,293.0,4.8,1,466,0,0,0,0,3,0
CA,0,293.0,2,1500,0,0,0,0,0,0
VI,2, ,0.0,143.0,0,0,0,0,0,0,0,0
CF,EPBIN,-2.993306,104.925389,0,PLB,112.8,17.7,113.0,8.0,2,3000,0,0,0,0,0,0

APPTR,I11,11,TASYA
IF,TASYA,-2.797778,104.461056, ,0.0,0.0,2,3000,0,0,0,0,1,0
CF,CI11,-2.821283,104.517272,0,IPLM,292.8,12.7,113.0,3.7,2,2500,0,0,0,0,1,0

FINAL,I11,11,I,3
IF,CI11,-2.821283,104.517272,IPLM,292.8,12.7,2,2500,0,0,0,0,0,0
CF,FI11,-2.853556,104.593583,0,IPLM,292.7,7.8,113.0,5.0,1,2000,0,0,0,0,2,0
CF,RW11,-2.892175,104.685367,0,IPLM,292.7,1.8,113.0,6.0,1,99,0,0,0,0,3,0
CA,0,113.0,2,1500,0,0,0,0,0,0
DF,TASYA,-2.797778,104.461056,1, ,0.0,0.0,2,3000,0,0,0,0,0,0

APPTR,I29,29,EPBIN
IF,EPBIN,-2.993306,104.925389, ,0.0,0.0,2,3000,0,0,0,0,1,0
CF,CI29,-2.974122,104.879844,0,IPLB,112.8,12.8,293.0,3.0,2,2500,0,0,0,0,1,0

FINAL,I29,29,I,3
IF,CI29,-2.974122,104.879844,IPLB,112.8,12.8,2,2500,0,0,0,0,0,0
CF,FI29,-2.941417,104.802528,0,IPLB,112.7,7.8,293.0,5.0,1,2000,0,0,0,0,2,0
CF,RW29,-2.902647,104.710256,0,IPLB,112.7,1.8,293.0,6.0,1,89,0,0,0,0,3,0
CA,0,293.0,2,1500,0,0,0,0,0,0
DF,EPBIN,-2.993306,104.925389,2, ,0.0,0.0,2,3000,0,0,0,0,0,0

APPTR,R11,11,TASYA
IF,TASYA,-2.797778,104.461056, ,0.0,0.0,2,3000,0,0,0,0,1,0
TF,PP501,-2.819917,104.513611,0, ,0.0,0.0,0.0,0.0,2,2500,0,0,0,0,1,0

FINAL,R11,11,R,3
IF,PP501,-2.819917,104.513611, ,0.0,0.0,2,2500,0,0,0,0,0,0
TF,PP502,-2.852222,104.590417,0, ,0.0,0.0,113.0,5.0,2,2000,0,0,0,0,2,0
TF,RW11,-2.892175,104.685367,0, ,0.0,0.0,113.0,6.2,1,99,0,0,0,0,3,1
CA,0,113.0,2,1500,0,0,0,0,0,0
DF,TASYA,-2.797778,104.461056,1, ,0.0,0.0,2,3000,0,0,0,0,0,0

APPTR,R29,29,EPBIN
IF,EPBIN,-2.993306,104.925389, ,0.0,0.0,2,3000,0,0,0,0,1,0
TF,PP701,-2.975111,104.882556,0, ,0.0,0.0,0.0,0.0,2,2500,0,0,0,0,1,0

FINAL,R29,29,R,3
IF,PP701,-2.975111,104.882556, ,0.0,0.0,2,2500,0,0,0,0,0,0
TF,PP702,-2.942806,104.805694,0, ,0.0,0.0,293.0,5.0,2,2000,0,0,0,0,2,0
TF,RW29,-2.902647,104.710256,0, ,0.0,0.0,293.0,6.2,1,89,0,0,0,0,3,1
CA,0,293.0,2,1500,0,0,0,0,0,0
DF,EPBIN,-2.993306,104.925389,2, ,0.0,0.0,2,3000,0,0,0,0,0,0

