SID,GUGI1C,10,5
VA,0,100.0,2,1000,0,0,0,0,0,0
DF,LIMVO,5.993811,102.382189,0, ,0.0,0.0,2,5000,0,1,250,0,0,0
TF,GUGIT,5.542361,102.562750,0, ,0.0,0.0,0.0,0.0,2,11000,0,0,0,0,0,0

SID,GUGI1D,28,5
VA,0,280.0,2,1000,0,0,0,0,0,0
DF,BIXOR,5.999400,102.207500,1, ,0.0,0.0,2,5000,0,0,0,0,0,0
TF,GUGIT,5.542361,102.562750,0, ,0.0,0.0,0.0,0.0,2,11000,0,0,0,0,0,0

SID,GUGI1E,10,2
VA,0,100.0,2,1000,0,0,0,0,0,0
CI,0, ,0.0,188.0,0,0,0,0,0,0,0,0
CF,D158L,5.976914,102.388919,0,VKB,158.2,12.0,158.0,8.0,2,5000,0,0,0,0,0,0
TF,GUGIT,5.542361,102.562750,0, ,0.0,0.0,0.0,0.0,0,0,0,0,0,0,0,0

SID,GUGI1F,28,2
VA,0,280.0,2,1000,0,0,0,0,0,0
VR,1,VKB,180.0,128.0,2,5000,0,0,0,0,0,0
VI,0, ,0.0,128.0,0,0,0,0,0,0,0,0
CF,GUGIT,5.542361,102.562750,0,VKB,158.2,40.0,158.0,31.0,0,0,0,0,0,0,0,0

SID,OPOM1C,10,5
VA,0,100.0,2,1000,0,0,0,0,0,0
DF,LIMVO,5.993811,102.382189,0, ,0.0,0.0,2,5000,0,1,250,0,0,0
TF,OPOMO,5.591189,101.942389,0, ,0.0,0.0,0.0,0.0,2,11000,0,0,0,0,0,0

SID,OPOM1D,28,5
VA,0,280.0,2,1000,0,0,0,0,0,0
DF,NISED,6.011417,102.114489,0, ,0.0,0.0,2,5000,0,0,0,0,0,0
TF,OPOMO,5.591189,101.942389,0, ,0.0,0.0,0.0,0.0,2,11000,0,0,0,0,0,0

SID,OPOM1E,10,2
VA,0,100.0,2,1000,0,0,0,0,0,0
VI,2, ,0.0,243.0,0,0,0,0,0,0,0,0
CF,OPOMO,5.591189,101.942389,0,VKB,213.1,40.8,213.0,34.0,0,0,0,0,0,0,0,0

SID,OPOM1F,28,2
VA,0,280.0,2,1000,0,0,0,0,0,0
VI,1, ,0.0,183.0,0,0,0,0,0,0,0,0
CF,OPOMO,5.591189,101.942389,0,VKB,213.1,40.8,213.0,32.0,0,0,0,0,0,0,0,0

SID,RUPO1C,10,5
VA,0,100.0,2,1000,0,0,0,0,0,0
DF,LIMVO,5.993811,102.382189,0, ,0.0,0.0,2,5000,0,1,250,0,0,0
TF,EMPUR,5.746111,102.243611,0, ,0.0,0.0,0.0,0.0,2,8500,0,0,0,0,0,0
TF,RUPOS,5.537331,102.209219,0, ,0.0,0.0,0.0,0.0,2,11000,0,0,0,0,0,0

SID,RUPO1D,28,5
VA,0,280.0,2,1000,0,0,0,0,0,0
DF,BIXOR,5.999400,102.207500,1, ,0.0,0.0,2,5000,0,0,0,0,0,0
TF,RUPOS,5.537331,102.209219,0, ,0.0,0.0,0.0,0.0,2,11000,0,0,0,0,0,0

SID,RUPO1E,10,2
VA,0,100.0,2,1000,0,0,0,0,0,0
CR,2,VKB,170.0,220.0,2,5000,0,0,0,0,0,0
CI,0, ,0.0,220.0,0,0,0,0,0,0,0,0
CF,RUPOS,5.537331,102.209219,0,VKB,189.5,37.9,190.0,33.0,0,0,0,0,0,0,0,0

SID,RUPO1F,28,2
VA,0,280.0,2,1000,0,0,0,0,0,0
VR,1,VKB,200.0,159.0,2,5000,0,0,0,0,0,0
VI,0, ,0.0,159.0,0,0,0,0,0,0,0,0
CF,RUPOS,5.537331,102.209219,0,VKB,189.5,37.9,190.0,28.0,0,0,0,0,0,0,0,0

SID,VKB1,10,1
VA,0,100.0,2,2500,0,0,0,0,0,0
VM,0,0,0,100.0,0,0,0,0,0,0,0,0

SID,VKB1,28,1
VA,0,280.0,2,1500,0,0,0,0,0,0
VM,0,0,0,280.0,0,0,0,0,0,0,0,0

STAR,GUGI1A,10,5
IF,GUGIT,5.542361,102.562750, ,0.0,0.0,2,10000,0,0,0,0,0,0
TF,ARALI,5.915917,102.272639,0, ,0.0,0.0,0.0,0.0,2,5500,0,0,0,0,0,0
TF,BIXOR,5.999400,102.207500,0, ,0.0,0.0,0.0,0.0,2,4500,0,0,0,0,0,0
TF,TUTSA,6.095417,102.132889,0, ,0.0,0.0,0.0,0.0,2,3000,0,0,0,0,0,0
TF,MIMOS,6.191311,102.149139,0, ,0.0,0.0,0.0,0.0,2,2000,0,1,220,0,0,0

STAR,GUGI1B,28,5
IF,GUGIT,5.542361,102.562750, ,0.0,0.0,2,9000,0,0,0,0,0,0
TF,DOVLO,5.931614,102.407036,0, ,0.0,0.0,0.0,0.0,2,5500,0,0,0,0,0,0
TF,LIMVO,5.993811,102.382189,0, ,0.0,0.0,0.0,0.0,2,4500,0,0,0,0,0,0
TF,IPKIN,6.052669,102.464919,0, ,0.0,0.0,0.0,0.0,2,3000,0,0,0,0,0,0
TF,AGPON,6.135139,102.478917,0, ,0.0,0.0,0.0,0.0,2,2000,0,1,220,0,0,0

STAR,OPOM1A,10,5
IF,OPOMO,5.591189,101.942389, ,0.0,0.0,2,11000,0,0,0,0,0,0
TF,ARALI,5.915917,102.272639,0, ,0.0,0.0,0.0,0.0,2,5500,0,0,0,0,0,0
TF,BIXOR,5.999400,102.207500,0, ,0.0,0.0,0.0,0.0,2,4500,0,0,0,0,0,0
TF,TUTSA,6.095417,102.132889,0, ,0.0,0.0,0.0,0.0,2,3000,0,0,0,0,0,0
TF,MIMOS,6.191311,102.149139,0, ,0.0,0.0,0.0,0.0,2,2000,0,1,220,0,0,0

STAR,OPOM1B,28,5
IF,OPOMO,5.591189,101.942389, ,0.0,0.0,2,11000,0,0,0,0,0,0
TF,ARALI,5.915917,102.272639,0, ,0.0,0.0,0.0,0.0,2,5500,0,0,0,0,0,0
TF,LIMVO,5.993811,102.382189,0, ,0.0,0.0,0.0,0.0,2,4500,0,0,0,0,0,0
TF,IPKIN,6.052669,102.464919,0, ,0.0,0.0,0.0,0.0,2,3000,0,0,0,0,0,0
TF,AGPON,6.135139,102.478917,0, ,0.0,0.0,0.0,0.0,2,2000,0,1,220,0,0,0

STAR,RUPO1A,10,5
IF,RUPOS,5.537331,102.209219, ,0.0,0.0,2,10000,0,0,0,0,0,0
TF,ARALI,5.915917,102.272639,0, ,0.0,0.0,0.0,0.0,2,5500,0,0,0,0,0,0
TF,BIXOR,5.999400,102.207500,0, ,0.0,0.0,0.0,0.0,2,4500,0,0,0,0,0,0
TF,TUTSA,6.095417,102.132889,0, ,0.0,0.0,0.0,0.0,2,3000,0,0,0,0,0,0
TF,MIMOS,6.191311,102.149139,0, ,0.0,0.0,0.0,0.0,2,2000,0,1,220,0,0,0

STAR,RUPO1B,28,5
IF,RUPOS,5.537331,102.209219, ,0.0,0.0,2,10000,0,0,0,0,0,0
TF,ARALI,5.915917,102.272639,0, ,0.0,0.0,0.0,0.0,2,5500,0,0,0,0,0,0
TF,LIMVO,5.993811,102.382189,0, ,0.0,0.0,0.0,0.0,2,4500,0,0,0,0,0,0
TF,IPKIN,6.052669,102.464919,0, ,0.0,0.0,0.0,0.0,2,3000,0,0,0,0,0,0
TF,AGPON,6.135139,102.478917,0, ,0.0,0.0,0.0,0.0,2,2000,0,1,220,0,0,0

APPTR,D10-Z,10,D158K
IF,D158K,5.992639,102.383142, ,0.0,0.0,2,5500,0,0,0,0,0,0
CI,0, ,0.0,338.0,0,0,0,0,0,0,0,0
AF,D250J,6.106147,102.156989,2,VKB,250.0,10.0,158.0,2,3000,0,0,0,0,0,0
AF,MIMOS,6.191311,102.149139,2,VKB,279.6,10.0,250.0,2,2000,0,0,0,0,0,0
CF,CD10,6.187378,102.172456,0,VKB,279.6,8.6,100.0,1.4,2,1600,0,0,0,0,1,0

APPTR,D10-Z,10,D190K
IF,D190K,5.982028,102.282261, ,0.0,0.0,2,5000,0,0,0,0,0,0
CI,0, ,0.0,10.0,0,0,0,0,0,0,0,0
AF,D250J,6.106147,102.156989,2,VKB,250.0,10.0,190.0,2,3000,0,0,0,0,0,0
AF,MIMOS,6.191311,102.149139,2,VKB,279.6,10.0,250.0,2,2000,0,0,0,0,0,0
CF,CD10,6.187378,102.172456,0,VKB,279.6,8.6,100.0,1.4,2,1600,0,0,0,0,1,0

APPTR,D10-Z,10,D213O
IF,D213O,5.952750,102.177564, ,0.0,0.0,2,5500,0,0,0,0,0,0
TF,D213K,6.008939,102.213994,0, ,0.0,0.0,0.0,0.0,2,4000,0,0,0,0,0,0
CI,0, ,0.0,33.0,0,0,0,0,0,0,0,0
AF,D250J,6.106147,102.156989,2,VKB,250.0,10.0,213.0,2,3000,0,0,0,0,0,0
AF,MIMOS,6.191311,102.149139,2,VKB,279.6,10.0,250.0,2,2000,0,0,0,0,0,0
CF,CD10,6.187378,102.172456,0,VKB,279.6,8.6,100.0,1.4,2,1600,0,0,0,0,1,0

APPTR,D10-Z,10,MIMOS
IF,MIMOS,6.191311,102.149139, ,0.0,0.0,2,2000,0,0,0,0,0,0
CF,CD10,6.187378,102.172456,0,VKB,279.6,8.6,100.0,1.4,2,1600,0,0,0,0,1,0

APPTR,D10-Z,10,VKB
IF,VKB,6.163450,102.314214, ,0.0,0.0,0,0,0,0,0,0,0,0
TF,D213I,6.037033,102.232211,0, ,0.0,0.0,0.0,0.0,0,0,0,0,0,0,0,0
CI,0, ,0.0,213.0,0,0,0,0,0,0,0,0
AF,D250J,6.106147,102.156989,2,VKB,250.0,10.0,213.0,2,3000,0,0,0,0,0,0
AF,MIMOS,6.191311,102.149139,2,VKB,279.6,10.0,250.0,2,2000,0,0,0,0,0,0
CF,CD10,6.187378,102.172456,0,VKB,279.6,8.6,100.0,1.4,2,1600,0,0,0,0,1,0

FINAL,D10-Z,10,D,3
IF,CD10,6.187378,102.172456,VKB,279.6,8.6,2,1600,0,0,0,0,0,0
CF,FD10,6.181811,102.205458,0,VKB,279.6,6.6,100.0,2.0,2,1600,0,0,0,0,2,0
CF,RW10,6.168253,102.284867,0,VKB,279.3,1.8,100.0,4.8,1,66,0,0,0,0,3,0
CF,VKB,6.163450,102.314214,0,VKB,0.0,0.0,100.0,1.8,0,0,0,0,0,0,0,0
CA,0,100.0,2,1000,0,0,0,0,0,0
DF,VKB,6.163450,102.314214,1, ,0.0,0.0,2,3000,0,1,230,0,0,0
HM,VKB,6.163450,102.314214,1, ,0.0,0.0,225.0,04.3,2,3000,0,1,230,0,0,0,0

APPTR,D28-Z,28,AGPON
IF,AGPON,6.135139,102.478917, ,0.0,0.0,2,2000,0,0,0,0,0,0
CF,CD28,6.141397,102.442492,0,VKB,99.7,7.8,280.0,2.2,2,1600,0,0,0,0,1,0

APPTR,D28-Z,28,D158N
IF,D158N,5.946053,102.401933, ,0.0,0.0,2,5000,0,0,0,0,0,0
TF,D158K,5.992639,102.383142,0, ,0.0,0.0,0.0,0.0,2,4100,0,0,0,0,0,0
CI,0, ,0.0,338.0,0,0,0,0,0,0,0,0
AF,D140J,6.035147,102.421744,1,VKB,140.0,10.0,158.0,2,3500,0,0,0,0,0,0
AF,AGPON,6.135139,102.478917,1,VKB,99.7,10.0,140.0,2,2000,0,0,0,0,0,0
CF,CD28,6.141397,102.442492,0,VKB,99.7,7.8,280.0,2.2,2,1600,0,0,0,0,1,0

APPTR,D28-Z,28,D190K
IF,D190K,5.982028,102.282261, ,0.0,0.0,2,5000,0,0,0,0,0,0
CI,0, ,0.0,10.0,0,0,0,0,0,0,0,0
AF,D140J,6.035147,102.421744,1,VKB,140.0,10.0,190.0,2,3500,0,0,0,0,0,0
AF,AGPON,6.135139,102.478917,1,VKB,99.7,10.0,140.0,2,2000,0,0,0,0,0,0
CF,CD28,6.141397,102.442492,0,VKB,99.7,7.8,280.0,2.2,2,1600,0,0,0,0,1,0

APPTR,D28-Z,28,D213K
IF,D213K,6.008939,102.213994, ,0.0,0.0,2,5500,0,0,0,0,0,0
CI,0, ,0.0,33.0,0,0,0,0,0,0,0,0
AF,D140J,6.035147,102.421744,1,VKB,140.0,10.0,213.0,2,3500,0,0,0,0,0,0
AF,AGPON,6.135139,102.478917,1,VKB,99.7,10.0,140.0,2,2000,0,0,0,0,0,0
CF,CD28,6.141397,102.442492,0,VKB,99.7,7.8,280.0,2.2,2,1600,0,0,0,0,1,0

APPTR,D28-Z,28,VKB
IF,VKB,6.163450,102.314214, ,0.0,0.0,0,0,0,0,0,0,0,0
TF,D070I,6.214981,102.455742,0, ,0.0,0.0,0.0,0.0,0,0,0,0,0,0,0,0
CI,0, ,0.0,70.0,0,0,0,0,0,0,0,0
AF,AGPON,6.135139,102.478917,2,VKB,99.7,10.0,70.0,2,2000,0,0,0,0,0,0
CF,CD28,6.141397,102.442492,0,VKB,99.7,7.8,280.0,2.2,2,1600,0,0,0,0,1,0

FINAL,D28-Z,28,D,3
IF,CD28,6.141397,102.442492,VKB,99.7,7.8,2,1600,0,0,0,0,0,0
CF,FD28,6.149894,102.393017,0,VKB,99.8,4.8,280.0,3.0,2,1600,0,0,0,0,2,0
CF,RW28,6.164614,102.306244,0,VKB,278.3,0.5,280.0,5.3,1,64,0,0,0,0,3,0
CA,0,280.0,2,1000,0,0,0,0,0,0
DF,VKB,6.163450,102.314214,1, ,0.0,0.0,2,3000,0,1,210,0,0,0
HM,VKB,6.163450,102.314214,2, ,0.0,0.0,60.0,04.3,2,3000,0,1,230,0,0,0,0

APPTR,I10-Z,10,D158K
IF,D158K,5.992639,102.383142, ,0.0,0.0,2,5000,0,0,0,0,0,0
CI,0, ,0.0,338.0,0,0,0,0,0,0,0,0
AF,D250J,6.106147,102.156989,2,VKB,250.0,10.0,158.0,2,3000,0,0,0,0,0,0
AF,MIMOS,6.191311,102.149139,2,VKB,279.6,10.0,250.0,2,2000,0,0,0,0,0,0
CF,CF10,6.187331,102.172392,0,IKB,279.6,8.3,100.0,1.4,2,1600,0,0,0,0,1,0

APPTR,I10-Z,10,D190K
IF,D190K,5.982028,102.282261, ,0.0,0.0,2,5000,0,0,0,0,0,0
CI,0, ,0.0,10.0,0,0,0,0,0,0,0,0
AF,D250J,6.106147,102.156989,2,VKB,250.0,10.0,190.0,2,3000,0,0,0,0,0,0
AF,MIMOS,6.191311,102.149139,2,VKB,279.6,10.0,250.0,2,2000,0,0,0,0,0,0
CF,CF10,6.187331,102.172392,0,IKB,279.6,8.3,100.0,1.4,2,1600,0,0,0,0,1,0

APPTR,I10-Z,10,D213O
IF,D213O,5.952750,102.177564, ,0.0,0.0,2,5500,0,0,0,0,0,0
TF,D213K,6.008939,102.213994,0, ,0.0,0.0,0.0,0.0,2,4000,0,0,0,0,0,0
CI,0, ,0.0,33.0,0,0,0,0,0,0,0,0
AF,D250J,6.106147,102.156989,2,VKB,250.0,10.0,213.0,2,3000,0,0,0,0,0,0
AF,MIMOS,6.191311,102.149139,2,VKB,279.6,10.0,250.0,2,2000,0,0,0,0,0,0
CF,CF10,6.187331,102.172392,0,IKB,279.6,8.3,100.0,1.4,2,1600,0,0,0,0,1,0

APPTR,I10-Z,10,MIMOS
IF,MIMOS,6.191311,102.149139, ,0.0,0.0,2,2000,0,0,0,0,0,0
CF,CF10,6.187331,102.172392,0,IKB,279.6,8.3,100.0,1.4,2,1600,0,0,0,0,1,0

APPTR,I10-Z,10,VKB
IF,VKB,6.163450,102.314214, ,0.0,0.0,0,0,0,0,0,0,0,0
TF,D213I,6.037033,102.232211,0, ,0.0,0.0,0.0,0.0,0,0,0,0,0,0,0,0
CI,0, ,0.0,213.0,0,0,0,0,0,0,0,0
AF,D250J,6.106147,102.156989,2,VKB,250.0,10.0,213.0,2,3000,0,0,0,0,0,0
AF,MIMOS,6.191311,102.149139,2,VKB,279.6,10.0,250.0,2,2000,0,0,0,0,0,0
CF,CF10,6.187331,102.172392,0,IKB,279.6,8.3,100.0,1.4,2,1600,0,0,0,0,1,0

FINAL,I10-Z,10,I,3
IF,CF10,6.187331,102.172392,IKB,279.6,8.3,2,1600,0,0,0,0,0,0
CF,FF10,6.181728,102.205389,0,IKB,279.6,6.3,100.0,2.0,1,1600,0,0,0,0,2,0
CF,RW10,6.168253,102.284867,0,IKB,279.7,1.5,100.0,4.8,1,66,0,0,0,0,3,0
CF,VKB,6.163450,102.314214,0,VKB,0.0,0.0,100.0,1.8,0,0,0,0,0,0,0,0
CA,0,100.0,2,1000,0,0,0,0,0,0
DF,VKB,6.163450,102.314214,1, ,0.0,0.0,2,3000,0,1,230,0,0,0
HM,VKB,6.163450,102.314214,1, ,0.0,0.0,225.0,04.3,2,3000,0,1,230,0,0,0,0

FINAL,R10-Y,10,R,3
IF,MIMOS,6.191311,102.149139, ,0.0,0.0,2,2000,0,1,220,0,0,0
TF,KC366,6.182739,102.199714,0, ,0.0,0.0,100.0,3.1,2,1600,0,0,0,0,2,0
TF,RW10,6.168253,102.284867,0, ,0.0,0.0,100.0,5.2,1,66,0,0,0,0,3,1
VA,0,100.0,2,1000,0,1,220,0,0,0
DF,SUGUS,6.064269,102.296744,2, ,0.0,0.0,2,3000,0,1,220,0,0,1
HM,SUGUS,6.064269,102.296744,1, ,0.0,0.0,280.0,04.3,2,3000,0,1,220,0,0,0,0

APPTR,R10-Z,10,MIMOS
IF,MIMOS,6.191311,102.149139, ,0.0,0.0,2,1700,0,0,0,0,1,0
TF,KC523,6.182714,102.199706,0, ,0.0,0.0,0.0,0.0,2,1600,0,0,0,0,0,0
TF,UPNOM,6.176106,102.238567,0, ,0.0,0.0,0.0,0.0,1,900,0,0,0,0,0,0

APPTR,R10-Z,10,PULIP
IF,PULIP,3.673333,101.896667, ,0.0,0.0,2,11000,0,0,0,0,0,0
TF,KC548,5.400986,102.127314,0, ,0.0,0.0,0.0,0.0,2,11000,0,0,0,0,0,0
TF,KC547,5.772583,102.177083,0, ,0.0,0.0,0.0,0.0,2,6000,0,0,0,0,0,0
TF,KC545,5.939972,102.199525,0, ,0.0,0.0,0.0,0.0,2,4600,0,0,0,0,0,0
TF,BIXOR,5.999400,102.207500,0, ,0.0,0.0,0.0,0.0,2,4000,0,0,0,0,1,0
TF,KC543,6.121231,102.184669,0, ,0.0,0.0,0.0,0.0,2,2400,0,1,225,0,0,0
RF,KC533,6.162778,102.197331,2,RKC01,72.1,2.8,2,1700,0,1,225,0,0,0
RF,UPNOM,6.176106,102.238567,2,RKC01,232.6,2.8,1,900,0,0,0,0,0,0

APPTR,R10-Z,10,TUTSA
IF,TUTSA,6.095417,102.132889, ,0.0,0.0,2,3000,0,0,0,0,1,0
TF,KC535,6.122619,102.157828,0, ,0.0,0.0,0.0,0.0,2,2700,0,0,0,0,0,0
TF,KC533,6.162778,102.197331,0, ,0.0,0.0,0.0,0.0,2,1700,0,1,225,0,0,0
RF,UPNOM,6.176106,102.238567,2,RKC01,360.1,2.8,1,900,0,0,0,0,0,0

FINAL,R10-Z,10,R,2
IF,UPNOM,6.176106,102.238567, ,0.0,0.0,1,900,0,0,0,0,2,0
TF,RW10,6.168253,102.284867,0, ,0.0,0.0,100.0,2.8,1,65,0,0,0,0,3,1
TF,KC592,6.155586,102.359092,0, ,0.0,0.0,0.0,0.0,0,0,0,0,0,0,0,0
RF,OMDIG,6.267139,102.370986,1,RKC03,141.0,3.4,2,5000,0,1,230,0,0,0

APPTR,R28-Y,28,AGPON
IF,AGPON,6.135139,102.478917, ,0.0,0.0,2,2000,0,0,0,0,1,0
TF,KC369,6.143633,102.429444,0, ,0.0,0.0,0.0,0.0,2,1600,0,0,0,0,1,0

FINAL,R28-Y,28,R,3
IF,KC369,6.143633,102.429444, ,0.0,0.0,2,1600,0,0,0,0,0,0
TF,KC368,6.150092,102.391503,0, ,0.0,0.0,280.0,2.3,2,1600,0,0,0,0,2,0
TF,RW28,6.164614,102.306244,0, ,0.0,0.0,280.0,5.2,1,64,0,0,0,0,3,1
VA,0,280.0,2,1000,0,0,0,0,0,0
DF,SUGUS,6.064269,102.296744,1, ,0.0,0.0,2,3000,0,1,210,0,0,1
HM,SUGUS,6.064269,102.296744,2, ,0.0,0.0,100.0,04.3,2,3000,0,1,220,0,0,0,0

APPTR,R28-Z,28,AGPON
IF,AGPON,6.135139,102.478917, ,0.0,0.0,2,2000,0,0,0,0,1,0
TF,KC424,6.146281,102.413642,0, ,0.0,0.0,0.0,0.0,2,2000,0,0,0,0,0,0
TF,GURIS,6.157642,102.347036,0, ,0.0,0.0,0.0,0.0,1,800,0,0,0,0,0,0

APPTR,R28-Z,28,IPKIN
IF,IPKIN,6.052669,102.464919, ,0.0,0.0,2,3000,0,0,0,0,1,0
TF,KC433,6.117647,102.400075,0, ,0.0,0.0,0.0,0.0,2,2000,0,0,0,0,0,0
TF,KC432,6.145094,102.371767,0, ,0.0,0.0,0.0,0.0,2,1300,0,1,225,0,0,0
RF,GURIS,6.157642,102.347036,1,RKC04,190.3,2.8,1,800,0,0,0,0,0,0

APPTR,R28-Z,28,PULIP
IF,PULIP,3.673333,101.896667, ,0.0,0.0,2,11000,0,0,0,0,0,0
TF,KC448,5.376942,102.274892,0, ,0.0,0.0,0.0,0.0,2,11000,0,0,0,0,0,0
TF,KC447,5.651361,102.335494,0, ,0.0,0.0,0.0,0.0,2,6000,0,0,0,0,0,0
TF,KC446,5.844050,102.377933,0, ,0.0,0.0,0.0,0.0,2,6000,0,0,0,0,0,0
TF,KC445,5.954503,102.381097,0, ,0.0,0.0,0.0,0.0,2,4600,0,0,0,0,0,0
TF,LIMVO,5.993811,102.382189,0, ,0.0,0.0,0.0,0.0,2,4000,0,0,0,0,1,0
TF,KC444,6.063500,102.384139,0, ,0.0,0.0,0.0,0.0,2,2800,0,0,0,0,0,0
TF,KC442,6.109539,102.385981,0, ,0.0,0.0,0.0,0.0,2,2000,0,1,225,0,0,0
RF,KC432,6.145094,102.371767,1,RKC04,297.1,2.8,2,1300,0,1,225,0,0,0
RF,GURIS,6.157642,102.347036,1,RKC04,360.1,2.8,1,800,0,0,0,0,0,0

FINAL,R28-Z,28,R,2
IF,GURIS,6.157642,102.347036, ,0.0,0.0,1,800,0,0,0,0,2,0
TF,RW28,6.164614,102.306244,0, ,0.0,0.0,280.0,2.5,1,64,0,0,0,0,3,1
TF,UPNOM,6.176106,102.238567,0, ,0.0,0.0,0.0,0.0,0,0,0,0,0,0,0,0
RF,KC495,6.067850,102.244586,1,RKC07,74.0,3.3,0,0,0,1,230,0,0,0
TF,AGPON,6.135139,102.478917,0, ,0.0,0.0,0.0,0.0,2,2000,0,0,0,0,0,1
HM,AGPON,6.135139,102.478917,2, ,0.0,0.0,280.0,04.3,2,2000,0,0,0,0,0,0,0

