SID,BN3,01R,1
CF,DER01,-27.374644,153.134347,0,BN,195.9,0.6,16.0,1.9,2,600,0,0,0,0,0,1
CA,0,16.0,2,600,0,0,0,0,0,0
VM,0,0,0,16.0,0,0,0,0,0,0,0,0

SID,BN3,14,1
CA,0,135.0,2,600,0,0,0,0,0,0
VM,0,0,0,135.0,0,0,0,0,0,0,0,0

SID,BN3,19L,1
CF,DER19,-27.403269,153.117975,0,BN,196.0,2.5,196.0,1.9,2,600,0,0,0,0,0,1
CA,0,196.0,2,600,0,0,0,0,0,0
VM,0,0,0,196.0,0,0,0,0,0,0,0,0

SID,BN3,32,1
CA,0,315.0,2,600,0,0,0,0,0,0
VM,0,0,0,315.0,0,0,0,0,0,0,0,0

SID,COODA4,01R,4
CF,BN499,-27.371528,153.136139,0,BN,195.8,0.4,16.0,2.1,2,600,0,0,0,0,0,1
CA,0,16.0,2,600,0,0,0,0,0,0
DF,ISRIB,-27.322444,153.223306,0, ,0.0,0.0,0,0,0,0,0,0,0,1
DF,COODA,-27.182917,153.661694,0, ,0.0,0.0,0,0,0,0,0,0,0,0

SID,COODA4,19L,4
CF,CITEE,-27.470028,153.079361,0,BN,195.9,7.0,196.0,4.5,2,3000,0,0,0,0,0,1
DF,NOGRA,-27.423333,152.992778,2, ,0.0,0.0,0,0,0,1,220,0,0,0
TF,AMBLE,-27.293333,153.095000,0, ,0.0,0.0,0.0,0.0,2,8000,0,0,0,0,0,0
TF,COODA,-27.182917,153.661694,0, ,0.0,0.0,0.0,0.0,0,0,0,0,0,0,0,0

SID,CORAL5,01R,4
CF,BN,-27.366083,153.139222,0,BN,0.0,0.0,16.0,2.5,2,513,0,0,0,0,0,0
TF,VERRY,-27.217250,153.224694,0, ,0.0,0.0,0.0,0.0,0,0,0,0,0,0,0,0
TF,CORAL,-26.547889,153.319528,0, ,0.0,0.0,0.0,0.0,0,0,0,0,0,0,0,0

SID,CORAL5,19L,4
CA,0,196.0,2,513,0,0,0,0,0,0
CF,CITEE,-27.470028,153.079361,0,BN,195.9,7.0,196.0,5.4,2,3000,0,0,0,0,0,1
DF,NOGRA,-27.423333,152.992778,2, ,0.0,0.0,0,0,0,1,220,0,0,0
TF,AMBLE,-27.293333,153.095000,0, ,0.0,0.0,0.0,0.0,2,8000,0,0,0,0,0,0
TF,DEBAY,-27.213517,153.173000,0, ,0.0,0.0,0.0,0.0,0,0,0,0,0,0,0,0
TF,CORAL,-26.547889,153.319528,0, ,0.0,0.0,0.0,0.0,0,0,0,0,0,0,0,0

SID,HUUGO6,01R,4
CF,BN499,-27.371528,153.136139,0,BN,195.8,0.4,16.0,2.1,2,600,0,0,0,0,0,1
CA,0,16.0,2,600,0,0,0,0,0,0
DF,ISRIB,-27.322444,153.223306,0, ,0.0,0.0,0,0,0,1,220,0,0,1
DF,LUMDI,-27.359722,153.305278,0, ,0.0,0.0,2,5000,0,1,220,0,0,0
TF,MANLI,-27.463333,153.198611,0, ,0.0,0.0,0.0,0.0,2,6000,0,0,0,0,0,0
TF,HUUGO,-28.089806,152.924778,0, ,0.0,0.0,0.0,0.0,0,0,0,0,0,0,0,0

SID,HUUGO6,19L,4
CF,BOSVU,-27.414861,153.111361,0,BN,196.0,3.3,196.0,2.4,2,600,0,0,0,0,0,1
DF,DADAN,-27.496806,153.149639,0, ,0.0,0.0,0,0,0,1,220,0,0,0
TF,DENIS,-27.556278,153.134806,0, ,0.0,0.0,0.0,0.0,0,0,0,0,0,0,0,0
TF,LILEE,-27.615444,153.111611,0, ,0.0,0.0,0.0,0.0,0,0,0,0,0,0,0,0
TF,HUUGO,-28.089806,152.924778,0, ,0.0,0.0,0.0,0.0,0,0,0,0,0,0,0,0

SID,SCOTT2,01R,4
CF,BN499,-27.371528,153.136139,0,BN,195.8,0.4,16.0,2.1,2,600,0,0,0,0,0,1
CA,0,16.0,2,600,0,0,0,0,0,0
DF,ISRIB,-27.322444,153.223306,0, ,0.0,0.0,0,0,0,1,220,0,0,1
DF,LUMDI,-27.359722,153.305278,0, ,0.0,0.0,2,5000,0,1,220,0,0,0
TF,IGARU,-27.420583,153.278389,0, ,0.0,0.0,0.0,0.0,2,6000,0,0,0,0,0,0
TF,OGOGA,-27.467222,153.257778,0, ,0.0,0.0,0.0,0.0,0,0,0,0,0,0,0,0
TF,SCOTT,-27.868333,153.800000,0, ,0.0,0.0,0.0,0.0,0,0,0,0,0,0,0,0

SID,SCOTT2,19L,4
CF,CITEE,-27.470028,153.079361,0,BN,196.2,7.0,196.0,4.5,2,3000,0,0,0,0,0,1
DF,NOGRA,-27.423333,152.992778,2, ,0.0,0.0,0,0,0,1,220,0,0,0
TF,AMBLE,-27.293333,153.095000,0, ,0.0,0.0,0.0,0.0,2,8000,0,0,0,0,0,0
TF,ODURA,-27.265028,153.241306,0, ,0.0,0.0,0.0,0.0,2,13000,0,0,0,0,0,0
TF,SCOTT,-27.868333,153.800000,0, ,0.0,0.0,0.0,0.0,0,0,0,0,0,0,0,0

SID,TRIKI5,01R,4
CF,BN,-27.366083,153.139222,0,BN,0.0,0.0,16.0,1.0,2,513,0,0,0,0,0,0
TF,VERRY,-27.217250,153.224694,0, ,0.0,0.0,0.0,0.0,0,0,0,0,0,0,0,0
TF,TRIKI,-26.872083,153.353611,0, ,0.0,0.0,0.0,0.0,0,0,0,0,0,0,0,0

SID,TRIKI5,19L,4
CF,CITEE,-27.470028,153.079361,0,BN,196.2,7.0,196.0,4.5,2,3000,0,0,0,0,0,1
DF,NOGRA,-27.423333,152.992778,2, ,0.0,0.0,0,0,0,1,220,0,0,0
TF,AMBLE,-27.293333,153.095000,0, ,0.0,0.0,0.0,0.0,2,8000,0,0,0,0,0,0
TF,DEBAY,-27.213517,153.173000,0, ,0.0,0.0,0.0,0.0,0,0,0,0,0,0,0,0
TF,TRIKI,-26.872083,153.353611,0, ,0.0,0.0,0.0,0.0,0,0,0,0,0,0,0,0

SID,WACKO2,01R,4
CF,BN499,-27.371528,153.136139,0,BN,195.8,0.4,16.0,2.1,2,600,0,0,0,0,0,1
CA,0,16.0,2,600,0,0,0,0,0,0
DF,ISRIB,-27.322444,153.223306,0, ,0.0,0.0,0,0,0,0,0,0,0,1
DF,LUMDI,-27.359722,153.305278,0, ,0.0,0.0,2,5000,0,0,0,0,0,0
TF,BAABA,-27.441278,153.222944,2, ,0.0,0.0,0.0,0.0,0,0,0,1,220,0,0,0
TF,CARSL,-27.351667,153.051667,0, ,0.0,0.0,0.0,0.0,0,0,0,0,0,0,0,0
TF,LAWNN,-27.290000,152.973333,0, ,0.0,0.0,0.0,0.0,0,0,0,0,0,0,0,0
TF,WACKO,-27.188139,152.753083,0, ,0.0,0.0,0.0,0.0,0,0,0,0,0,0,0,0

SID,WACKO2,19L,4
CF,CITEE,-27.470028,153.079361,0,BN,195.9,7.0,196.0,6.4,2,3000,0,0,0,0,0,1
DF,NAIDO,-27.475444,153.008917,0, ,0.0,0.0,0,0,0,1,220,0,0,0
TF,SAMSN,-27.321667,152.878333,0, ,0.0,0.0,0.0,0.0,2,7000,0,0,0,0,0,0
TF,WACKO,-27.188139,152.753083,0, ,0.0,0.0,0.0,0.0,0,0,0,0,0,0,0,0

STAR,BLAK3A,ALL,5
IF,BLAKA,-28.200000,153.221667, ,0.0,0.0,0,0,0,0,0,0,0,0
TF,MOOVI,-27.913528,153.294917,0, ,0.0,0.0,0.0,0.0,3,12000,0,0,0,0,0,0

STAR,BLAK3A,01R,6
IF,MOOVI,-27.913528,153.294917, ,0.0,0.0,3,12000,0,0,0,0,0,0
TF,BERTI,-27.781667,153.186667,0, ,0.0,0.0,0.0,0.0,3,7000,0,0,0,0,0,0
TF,ESKAN,-27.666000,153.093278,0, ,0.0,0.0,0.0,0.0,3,5000,0,1,230,0,0,0
TF,RUMRO,-27.629333,153.063722,0, ,0.0,0.0,0.0,0.0,2,4000,0,0,0,0,0,0
TF,GLENN,-27.575000,153.020000,0, ,0.0,0.0,0.0,0.0,0,0,0,1,185,0,0,0

STAR,BLAK3A,14,6
IF,MOOVI,-27.913528,153.294917, ,0.0,0.0,3,12000,0,0,0,0,0,0
TF,LAGOB,-27.761417,153.334333,0, ,0.0,0.0,0.0,0.0,0,0,0,0,0,0,0,0
TF,IGPIV,-27.623722,153.266194,0, ,0.0,0.0,0.0,0.0,3,4000,0,0,0,0,0,0
TF,BN,-27.366083,153.139222,0, ,0.0,0.0,0.0,0.0,0,0,0,0,0,0,0,0

STAR,BLAK3A,19L,6
IF,MOOVI,-27.913528,153.294917, ,0.0,0.0,3,12000,0,0,0,0,0,0
TF,LAGOB,-27.761417,153.334333,0, ,0.0,0.0,0.0,0.0,0,0,0,0,0,0,0,0
TF,LEAKY,-27.267500,153.339444,0, ,0.0,0.0,0.0,0.0,3,6000,0,1,230,0,0,0
TF,BOATS,-27.207222,153.289444,0, ,0.0,0.0,0.0,0.0,0,0,0,0,0,0,0,0
TF,SINNK,-27.210889,153.227778,0, ,0.0,0.0,0.0,0.0,0,0,0,1,185,0,0,0

STAR,BLAK3A,32,6
IF,MOOVI,-27.913528,153.294917, ,0.0,0.0,3,12000,0,0,0,0,0,0
TF,LAGOB,-27.761417,153.334333,0, ,0.0,0.0,0.0,0.0,0,0,0,0,0,0,0,0
TF,MEGUB,-27.587139,153.337611,0, ,0.0,0.0,0.0,0.0,3,4000,0,0,0,0,0,0
TF,POODL,-27.520250,153.338833,0, ,0.0,0.0,0.0,0.0,0,0,0,0,0,0,0,0

STAR,BLAK3P,ALL,5
IF,BLAKA,-28.200000,153.221667, ,0.0,0.0,0,0,0,0,0,0,0,0
TF,MOOVI,-27.913528,153.294917,0, ,0.0,0.0,0.0,0.0,3,12000,0,0,0,0,0,0
TF,LAGOB,-27.761417,153.334333,0, ,0.0,0.0,0.0,0.0,0,0,0,0,0,0,0,0

STAR,BLAK3P,01R,6
IF,LAGOB,-27.761417,153.334333, ,0.0,0.0,0,0,0,0,0,0,0,0
TF,PUNEK,-27.681944,153.268667,0, ,0.0,0.0,0.0,0.0,3,5000,0,1,230,0,0,0
TF,COTON,-27.618861,153.216556,0, ,0.0,0.0,0.0,0.0,0,0,0,0,0,0,0,0
TF,KASBA,-27.572444,153.179583,0, ,0.0,0.0,0.0,0.0,0,0,0,0,0,0,0,0
TF,SORVA,-27.541667,153.152833,0, ,0.0,0.0,0.0,0.0,1,3000,0,1,185,0,0,0

STAR,BLAK3P,19L,6
IF,LAGOB,-27.761417,153.334333, ,0.0,0.0,0,0,0,0,0,0,0,0
TF,POODL,-27.520250,153.338833,0, ,0.0,0.0,0.0,0.0,0,0,0,1,230,0,0,0
TF,FYSTI,-27.376194,153.262556,0, ,0.0,0.0,0.0,0.0,0,0,0,1,185,0,0,0

STAR,BLAK3V,ALL,5
IF,BLAKA,-28.200000,153.221667, ,0.0,0.0,0,0,0,0,0,0,0,0
TF,MOOVI,-27.913528,153.294917,0, ,0.0,0.0,0.0,0.0,3,12000,0,0,0,0,0,0
TF,LAGOB,-27.761417,153.334333,0, ,0.0,0.0,0.0,0.0,0,0,0,0,0,0,0,0

STAR,BLAK3V,01R,6
IF,LAGOB,-27.761417,153.334333, ,0.0,0.0,0,0,0,0,0,0,0,0
TF,PUNEK,-27.681944,153.268667,0, ,0.0,0.0,0.0,0.0,3,5000,0,1,230,0,0,0
TF,COTON,-27.618861,153.216556,0, ,0.0,0.0,0.0,0.0,0,0,0,0,0,0,0,0
TF,KASBA,-27.572444,153.179583,0, ,0.0,0.0,0.0,0.0,0,0,0,0,0,0,0,0
TF,SORVA,-27.541667,153.152833,0, ,0.0,0.0,0.0,0.0,2,3000,0,1,185,0,0,0
TF,ANNIE,-27.457556,153.087278,0, ,0.0,0.0,0.0,0.0,0,0,0,0,0,0,0,0

STAR,BLAK3V,14,6
IF,LAGOB,-27.761417,153.334333, ,0.0,0.0,0,0,0,0,0,0,0,0
TF,IGPIV,-27.623722,153.266194,0, ,0.0,0.0,0.0,0.0,3,4000,0,0,0,0,0,0
TF,BN,-27.366083,153.139222,0, ,0.0,0.0,0.0,0.0,0,0,0,0,0,0,0,0

STAR,BLAK3V,19L,6
IF,LAGOB,-27.761417,153.334333, ,0.0,0.0,0,0,0,0,0,0,0,0
TF,POODL,-27.520250,153.338833,0, ,0.0,0.0,0.0,0.0,0,0,0,1,230,0,0,0
TF,FYSTI,-27.376194,153.262556,0, ,0.0,0.0,0.0,0.0,0,0,0,1,185,0,0,0
TF,KOUPA,-27.333889,153.239167,0, ,0.0,0.0,0.0,0.0,0,0,0,0,0,0,0,0
TF,GRAEM,-27.315556,153.168083,0, ,0.0,0.0,0.0,0.0,0,0,0,0,0,0,0,0

STAR,BLAK3V,32,6
IF,LAGOB,-27.761417,153.334333, ,0.0,0.0,0,0,0,0,0,0,0,0
TF,IGPIV,-27.623722,153.266194,0, ,0.0,0.0,0.0,0.0,3,4000,0,0,0,0,0,0
TF,BN,-27.366083,153.139222,0, ,0.0,0.0,0.0,0.0,0,0,0,0,0,0,0,0

STAR,CG3A,ALL,5
IF,CG,-28.168944,153.504083, ,0.0,0.0,0,0,0,0,0,0,0,0

STAR,CG3A,01R,6
IF,CG,-28.168944,153.504083, ,0.0,0.0,0,0,0,0,0,0,0,0
TF,MOOVI,-27.913528,153.294917,0, ,0.0,0.0,0.0,0.0,3,12000,0,0,0,0,0,0
TF,BERTI,-27.781667,153.186667,0, ,0.0,0.0,0.0,0.0,3,7000,0,0,0,0,0,0
TF,ESKAN,-27.666000,153.093278,0, ,0.0,0.0,0.0,0.0,3,5000,0,1,230,0,0,0
TF,RUMRO,-27.629333,153.063722,0, ,0.0,0.0,0.0,0.0,2,4000,0,0,0,0,0,0
TF,GLENN,-27.575000,153.020000,0, ,0.0,0.0,0.0,0.0,0,0,0,1,185,0,0,0

STAR,CG3A,14,6
IF,CG,-28.168944,153.504083, ,0.0,0.0,0,0,0,0,0,0,0,0
TF,LEDON,-27.835972,153.445500,0, ,0.0,0.0,0.0,0.0,3,12000,0,0,0,0,0,0
TF,CRAWS,-27.700000,153.421667,0, ,0.0,0.0,0.0,0.0,0,0,0,0,0,0,0,0
TF,RUSIP,-27.583972,153.323250,0, ,0.0,0.0,0.0,0.0,3,4000,0,0,0,0,0,0
TF,WELLI,-27.500000,153.251667,0, ,0.0,0.0,0.0,0.0,0,0,0,0,0,0,0,0
TF,BN,-27.366083,153.139222,0, ,0.0,0.0,0.0,0.0,0,0,0,0,0,0,0,0

STAR,CG3A,19L,6
IF,CG,-28.168944,153.504083, ,0.0,0.0,0,0,0,0,0,0,0,0
TF,LEDON,-27.835972,153.445500,0, ,0.0,0.0,0.0,0.0,3,12000,0,0,0,0,0,0
TF,CRAWS,-27.700000,153.421667,0, ,0.0,0.0,0.0,0.0,0,0,0,0,0,0,0,0
TF,LEAKY,-27.267500,153.339444,0, ,0.0,0.0,0.0,0.0,3,6000,0,1,230,0,0,0
TF,BOATS,-27.207222,153.289444,0, ,0.0,0.0,0.0,0.0,0,0,0,0,0,0,0,0
TF,SINNK,-27.210889,153.227778,0, ,0.0,0.0,0.0,0.0,0,0,0,1,185,0,0,0

STAR,CG3A,32,6
IF,CG,-28.168944,153.504083, ,0.0,0.0,0,0,0,0,0,0,0,0
TF,LEDON,-27.835972,153.445500,0, ,0.0,0.0,0.0,0.0,3,12000,0,0,0,0,0,0
TF,CRAWS,-27.700000,153.421667,0, ,0.0,0.0,0.0,0.0,0,0,0,0,0,0,0,0
TF,OLTOK,-27.582167,153.367361,0, ,0.0,0.0,0.0,0.0,3,4000,0,0,0,0,0,0
TF,POODL,-27.520250,153.338833,0, ,0.0,0.0,0.0,0.0,0,0,0,0,0,0,0,0

STAR,CG3P,ALL,5
IF,CG,-28.168944,153.504083, ,0.0,0.0,0,0,0,0,0,0,0,0

STAR,CG3P,01R,6
IF,CG,-28.168944,153.504083, ,0.0,0.0,0,0,0,0,0,0,0,0
TF,OLDET,-27.866167,153.377833,0, ,0.0,0.0,0.0,0.0,3,12000,0,0,0,0,0,0
TF,LAGOB,-27.761417,153.334333,0, ,0.0,0.0,0.0,0.0,0,0,0,0,0,0,0,0
TF,PUNEK,-27.681944,153.268667,0, ,0.0,0.0,0.0,0.0,3,5000,0,1,230,0,0,0
TF,COTON,-27.618861,153.216556,0, ,0.0,0.0,0.0,0.0,0,0,0,0,0,0,0,0
TF,KASBA,-27.572444,153.179583,0, ,0.0,0.0,0.0,0.0,0,0,0,0,0,0,0,0
TF,SORVA,-27.541667,153.152833,0, ,0.0,0.0,0.0,0.0,1,3000,0,1,185,0,0,0

STAR,CG3P,19L,6
IF,CG,-28.168944,153.504083, ,0.0,0.0,0,0,0,0,0,0,0,0
TF,LEDON,-27.835972,153.445500,0, ,0.0,0.0,0.0,0.0,3,12000,0,0,0,0,0,0
TF,CRAWS,-27.700000,153.421667,0, ,0.0,0.0,0.0,0.0,0,0,0,0,0,0,0,0
TF,POODL,-27.520250,153.338833,0, ,0.0,0.0,0.0,0.0,0,0,0,1,230,0,0,0
TF,FYSTI,-27.376194,153.262556,0, ,0.0,0.0,0.0,0.0,0,0,0,1,185,0,0,0

STAR,CG3V,ALL,5
IF,CG,-28.168944,153.504083, ,0.0,0.0,0,0,0,0,0,0,0,0

STAR,CG3V,01R,6
IF,CG,-28.168944,153.504083, ,0.0,0.0,0,0,0,0,0,0,0,0
TF,OLDET,-27.866167,153.377833,0, ,0.0,0.0,0.0,0.0,3,12000,0,0,0,0,0,0
TF,LAGOB,-27.761417,153.334333,0, ,0.0,0.0,0.0,0.0,0,0,0,0,0,0,0,0
TF,PUNEK,-27.681944,153.268667,0, ,0.0,0.0,0.0,0.0,3,5000,0,1,230,0,0,0
TF,COTON,-27.618861,153.216556,0, ,0.0,0.0,0.0,0.0,0,0,0,0,0,0,0,0
TF,KASBA,-27.572444,153.179583,0, ,0.0,0.0,0.0,0.0,0,0,0,0,0,0,0,0
TF,SORVA,-27.541667,153.152833,0, ,0.0,0.0,0.0,0.0,2,3000,0,1,185,0,0,0
TF,ANNIE,-27.457556,153.087278,0, ,0.0,0.0,0.0,0.0,0,0,0,0,0,0,0,0

STAR,CG3V,14,6
IF,CG,-28.168944,153.504083, ,0.0,0.0,0,0,0,0,0,0,0,0
TF,LEDON,-27.835972,153.445500,0, ,0.0,0.0,0.0,0.0,3,12000,0,0,0,0,0,0
TF,CRAWS,-27.700000,153.421667,0, ,0.0,0.0,0.0,0.0,0,0,0,0,0,0,0,0
TF,RUSIP,-27.583972,153.323250,0, ,0.0,0.0,0.0,0.0,3,4000,0,0,0,0,0,0
TF,WELLI,-27.500000,153.251667,0, ,0.0,0.0,0.0,0.0,0,0,0,0,0,0,0,0
TF,BN,-27.366083,153.139222,0, ,0.0,0.0,0.0,0.0,0,0,0,0,0,0,0,0

STAR,CG3V,19L,6
IF,CG,-28.168944,153.504083, ,0.0,0.0,0,0,0,0,0,0,0,0
TF,LEDON,-27.835972,153.445500,0, ,0.0,0.0,0.0,0.0,3,12000,0,0,0,0,0,0
TF,CRAWS,-27.700000,153.421667,0, ,0.0,0.0,0.0,0.0,0,0,0,0,0,0,0,0
TF,POODL,-27.520250,153.338833,0, ,0.0,0.0,0.0,0.0,0,0,0,1,230,0,0,0
TF,FYSTI,-27.376194,153.262556,0, ,0.0,0.0,0.0,0.0,0,0,0,1,185,0,0,0
TF,KOUPA,-27.333889,153.239167,0, ,0.0,0.0,0.0,0.0,0,0,0,0,0,0,0,0
TF,GRAEM,-27.315556,153.168083,0, ,0.0,0.0,0.0,0.0,0,0,0,0,0,0,0,0

STAR,CG3V,32,6
IF,CG,-28.168944,153.504083, ,0.0,0.0,0,0,0,0,0,0,0,0
TF,LEDON,-27.835972,153.445500,0, ,0.0,0.0,0.0,0.0,3,12000,0,0,0,0,0,0
TF,CRAWS,-27.700000,153.421667,0, ,0.0,0.0,0.0,0.0,0,0,0,0,0,0,0,0
TF,RUSIP,-27.583972,153.323250,0, ,0.0,0.0,0.0,0.0,3,4000,0,0,0,0,0,0
TF,WELLI,-27.500000,153.251667,0, ,0.0,0.0,0.0,0.0,0,0,0,0,0,0,0,0
TF,BN,-27.366083,153.139222,0, ,0.0,0.0,0.0,0.0,0,0,0,0,0,0,0,0

STAR,KEVI5A,ALL,5
IF,KEVIE,-27.302528,152.771750, ,0.0,0.0,3,5000,0,0,0,0,0,0

STAR,KEVI5A,01R,6
IF,KEVIE,-27.302528,152.771750, ,0.0,0.0,3,5000,0,0,0,0,0,0
TF,ENBET,-27.464417,152.898222,0, ,0.0,0.0,0.0,0.0,0,0,0,1,230,0,0,0
TF,FLYNN,-27.519231,152.941156,0, ,0.0,0.0,0.0,0.0,0,0,0,0,0,0,0,0
TF,GLENN,-27.575000,153.020000,0, ,0.0,0.0,0.0,0.0,0,0,0,1,185,0,0,0

STAR,KEVI5A,14,6
IF,KEVIE,-27.302528,152.771750, ,0.0,0.0,3,5000,0,1,230,0,0,0
TF,DAKLA,-27.239500,152.928167,0, ,0.0,0.0,0.0,0.0,0,0,0,0,0,0,0,0

STAR,KEVI5A,19L,6
IF,KEVIE,-27.302528,152.771750, ,0.0,0.0,3,5000,0,0,0,0,0,0
TF,BILBI,-27.177250,152.987000,0, ,0.0,0.0,0.0,0.0,0,0,0,0,0,0,0,0
TF,DRAIN,-27.165150,153.084372,0, ,0.0,0.0,0.0,0.0,0,0,0,1,230,0,0,0
TF,PLUGG,-27.164447,153.194411,0, ,0.0,0.0,0.0,0.0,0,0,0,0,0,0,0,0
TF,SINNK,-27.210889,153.227778,0, ,0.0,0.0,0.0,0.0,0,0,0,1,185,0,0,0

STAR,KEVI5A,32,6
IF,KEVIE,-27.302528,152.771750, ,0.0,0.0,3,5000,0,1,230,0,0,0
TF,DAKLA,-27.239500,152.928167,0, ,0.0,0.0,0.0,0.0,0,0,0,0,0,0,0,0
TF,RAMON,-27.231667,153.000000,0, ,0.0,0.0,0.0,0.0,0,0,0,1,185,0,0,0
TF,BN,-27.366083,153.139222,0, ,0.0,0.0,0.0,0.0,0,0,0,0,0,0,0,0

STAR,LAVEG2,ALL,5
IF,LAVEG,-26.744819,152.761389, ,0.0,0.0,0,0,0,0,0,0,0,0
TF,REMOR,-26.889500,152.847389,0, ,0.0,0.0,0.0,0.0,3,12000,0,0,0,0,0,0
TF,GAYLA,-26.927389,152.869917,0, ,0.0,0.0,0.0,0.0,0,0,0,0,0,0,0,0
TF,BURPA,-27.073056,152.959083,0, ,0.0,0.0,0.0,0.0,3,6000,0,0,0,0,0,0
TF,BN,-27.366083,153.139222,0, ,0.0,0.0,0.0,0.0,0,0,0,0,0,0,0,0

STAR,QUIE5A,SMOKA,4
IF,SMOKA,-26.875750,152.632167, ,0.0,0.0,0,0,0,0,0,0,0,0
TF,QUIET,-27.110000,153.068333,0, ,0.0,0.0,0.0,0.0,2,5000,0,1,230,0,0,0

STAR,QUIE5A,19L,5
IF,QUIET,-27.110000,153.068333, ,0.0,0.0,2,5000,0,1,230,0,0,0
TF,SINNK,-27.210889,153.227778,0, ,0.0,0.0,0.0,0.0,0,0,0,1,185,0,0,0

STAR,SAVE2A,ALL,5
IF,SAVER,-27.519639,154.059917, ,0.0,0.0,0,0,0,0,0,0,0,0
TF,IRTED,-27.466694,153.737583,0, ,0.0,0.0,0.0,0.0,3,12000,0,0,0,0,0,0
TF,AMITY,-27.428278,153.507167,0, ,0.0,0.0,0.0,0.0,3,7000,0,0,0,0,0,0

STAR,SAVE2A,01R,6
IF,AMITY,-27.428278,153.507167, ,0.0,0.0,3,7000,0,0,0,0,0,0
TF,DUNNI,-27.480278,153.389306,0, ,0.0,0.0,0.0,0.0,4,5000,4000,0,0,0,0,0
TF,VETIS,-27.570500,153.184000,0, ,0.0,0.0,0.0,0.0,0,0,0,1,230,0,0,0
TF,LOGAN,-27.600000,153.116667,0, ,0.0,0.0,0.0,0.0,2,3000,0,0,0,0,0,0
TF,GLENN,-27.575000,153.020000,0, ,0.0,0.0,0.0,0.0,0,0,0,1,185,0,0,0

STAR,SAVE2A,19L,6
IF,AMITY,-27.428278,153.507167, ,0.0,0.0,3,7000,0,0,0,0,0,0
TF,LEAKY,-27.267500,153.339444,0, ,0.0,0.0,0.0,0.0,3,6000,0,1,230,0,0,0
TF,BOATS,-27.207222,153.289444,0, ,0.0,0.0,0.0,0.0,0,0,0,0,0,0,0,0
TF,SINNK,-27.210889,153.227778,0, ,0.0,0.0,0.0,0.0,0,0,0,1,185,0,0,0

STAR,SAVE2P,ALL,5
IF,SAVER,-27.519639,154.059917, ,0.0,0.0,0,0,0,0,0,0,0,0
TF,IRTED,-27.466694,153.737583,0, ,0.0,0.0,0.0,0.0,3,12000,0,0,0,0,0,0
TF,AMITY,-27.428278,153.507167,0, ,0.0,0.0,0.0,0.0,3,7000,0,0,0,0,0,0

STAR,SAVE2P,01R,6
IF,AMITY,-27.428278,153.507167, ,0.0,0.0,3,7000,0,0,0,0,0,0
TF,DUNNI,-27.480278,153.389306,0, ,0.0,0.0,0.0,0.0,4,5000,4000,0,0,0,0,0
TF,ADGET,-27.506972,153.328667,0, ,0.0,0.0,0.0,0.0,0,0,0,1,230,0,0,0
TF,BEDAT,-27.557694,153.213250,0, ,0.0,0.0,0.0,0.0,0,0,0,0,0,0,0,0
TF,KASBA,-27.572444,153.179583,0, ,0.0,0.0,0.0,0.0,3,4000,0,0,0,0,0,0
TF,SORVA,-27.541667,153.152833,0, ,0.0,0.0,0.0,0.0,1,3000,0,1,185,0,0,0

STAR,SAVE2P,19L,6
IF,AMITY,-27.428278,153.507167, ,0.0,0.0,3,7000,0,0,0,0,0,0
TF,MAVGA,-27.412806,153.434278,0, ,0.0,0.0,0.0,0.0,0,0,0,1,230,0,0,0
TF,FYSTI,-27.376194,153.262556,0, ,0.0,0.0,0.0,0.0,0,0,0,1,185,0,0,0

STAR,SAVE2V,ALL,5
IF,SAVER,-27.519639,154.059917, ,0.0,0.0,0,0,0,0,0,0,0,0
TF,IRTED,-27.466694,153.737583,0, ,0.0,0.0,0.0,0.0,3,12000,0,0,0,0,0,0
TF,AMITY,-27.428278,153.507167,0, ,0.0,0.0,0.0,0.0,3,7000,0,0,0,0,0,0

STAR,SAVE2V,01R,6
IF,AMITY,-27.428278,153.507167, ,0.0,0.0,3,7000,0,0,0,0,0,0
TF,DUNNI,-27.480278,153.389306,0, ,0.0,0.0,0.0,0.0,4,5000,4000,0,0,0,0,0
TF,ADGET,-27.506972,153.328667,0, ,0.0,0.0,0.0,0.0,0,0,0,1,230,0,0,0
TF,BEDAT,-27.557694,153.213250,0, ,0.0,0.0,0.0,0.0,0,0,0,0,0,0,0,0
TF,KASBA,-27.572444,153.179583,0, ,0.0,0.0,0.0,0.0,3,4000,0,0,0,0,0,0
TF,SORVA,-27.541667,153.152833,0, ,0.0,0.0,0.0,0.0,2,3000,0,1,185,0,0,0
TF,ANNIE,-27.457556,153.087278,0, ,0.0,0.0,0.0,0.0,0,0,0,0,0,0,0,0

STAR,SAVE2V,19L,6
IF,AMITY,-27.428278,153.507167, ,0.0,0.0,3,7000,0,0,0,0,0,0
TF,MAVGA,-27.412806,153.434278,0, ,0.0,0.0,0.0,0.0,0,0,0,1,230,0,0,0
TF,FYSTI,-27.376194,153.262556,0, ,0.0,0.0,0.0,0.0,0,0,0,1,185,0,0,0
TF,KOUPA,-27.333889,153.239167,0, ,0.0,0.0,0.0,0.0,0,0,0,0,0,0,0,0
TF,GRAEM,-27.315556,153.168083,0, ,0.0,0.0,0.0,0.0,0,0,0,0,0,0,0,0

STAR,SINNK1,GLENN,4
IF,GLENN,-27.575000,153.020000, ,0.0,0.0,0,0,0,0,0,0,0,0
TF,SORVA,-27.541667,153.152833,0, ,0.0,0.0,0.0,0.0,4,12000,8000,0,0,0,0,0
TF,LEAKY,-27.267500,153.339444,0, ,0.0,0.0,0.0,0.0,3,6000,0,1,230,0,0,0
TF,BOATS,-27.207222,153.289444,0, ,0.0,0.0,0.0,0.0,0,0,0,0,0,0,0,0
TF,SINNK,-27.210889,153.227778,0, ,0.0,0.0,0.0,0.0,0,0,0,1,185,0,0,0

STAR,SINNK1,19L,5
IF,SINNK,-27.210889,153.227778, ,0.0,0.0,0,0,0,1,185,0,0,0

STAR,SMOK8A,ALL,5
IF,SMOKA,-26.875750,152.632167, ,0.0,0.0,0,0,0,0,0,0,0,0
TF,OTGAT,-26.967500,152.726944,0, ,0.0,0.0,0.0,0.0,4,12000,9000,0,0,0,0,0
TF,DAYBO,-27.120917,152.884889,0, ,0.0,0.0,0.0,0.0,4,7000,5000,1,250,0,0,1

STAR,SMOK8A,01R,6
IF,DAYBO,-27.120917,152.884889, ,0.0,0.0,4,7000,5000,1,250,0,0,0
TF,GORRI,-27.452917,152.931750,0, ,0.0,0.0,0.0,0.0,0,0,0,1,230,0,0,0
TF,FLYNN,-27.519231,152.941156,0, ,0.0,0.0,0.0,0.0,0,0,0,0,0,0,0,0
TF,GLENN,-27.575000,153.020000,0, ,0.0,0.0,0.0,0.0,0,0,0,1,185,0,0,0

STAR,SMOK8A,14,6
IF,DAYBO,-27.120917,152.884889, ,0.0,0.0,4,7000,5000,1,250,0,0,0
TF,RAMON,-27.231667,153.000000,0, ,0.0,0.0,0.0,0.0,0,0,0,0,0,0,0,1

STAR,SMOK8A,19L,6
IF,DAYBO,-27.120917,152.884889, ,0.0,0.0,4,7000,5000,1,250,0,0,0
DF,BEKID,-27.152972,153.020417,0, ,0.0,0.0,2,4000,0,1,230,0,0,0
TF,DRAIN,-27.165150,153.084372,0, ,0.0,0.0,0.0,0.0,0,0,0,0,0,0,0,0
TF,PLUGG,-27.164447,153.194411,0, ,0.0,0.0,0.0,0.0,2,3000,0,0,0,0,0,0
TF,SINNK,-27.210889,153.227778,0, ,0.0,0.0,0.0,0.0,0,0,0,1,185,0,0,0

STAR,SMOK8M,ALL,5
IF,SMOKA,-26.875750,152.632167, ,0.0,0.0,0,0,0,0,0,0,0,0
TF,OTGAT,-26.967500,152.726944,0, ,0.0,0.0,0.0,0.0,3,12000,0,0,0,0,0,0
TF,DAYBO,-27.120917,152.884889,0, ,0.0,0.0,0.0,0.0,3,7000,0,1,250,0,0,1

STAR,SMOK8M,01R,6
IF,DAYBO,-27.120917,152.884889, ,0.0,0.0,3,7000,0,1,250,0,0,0
TF,ISVAN,-27.221694,152.933778,0, ,0.0,0.0,0.0,0.0,0,0,0,1,230,0,0,0
TF,SAGTA,-27.317944,152.980639,0, ,0.0,0.0,0.0,0.0,0,0,0,0,0,0,0,0
TF,BIPUD,-27.379278,153.010556,0, ,0.0,0.0,0.0,0.0,1,3000,0,1,185,0,0,0

STAR,SMOK8M,19L,6
IF,DAYBO,-27.120917,152.884889, ,0.0,0.0,3,7000,0,1,250,0,0,0
DF,BEKID,-27.152972,153.020417,0, ,0.0,0.0,0,0,0,1,230,0,0,0
TF,DRAIN,-27.165150,153.084372,0, ,0.0,0.0,0.0,0.0,0,0,0,0,0,0,0,0
TF,GUTTA,-27.178833,153.128722,0, ,0.0,0.0,0.0,0.0,0,0,0,0,0,0,0,0
TF,DEBAY,-27.213517,153.173000,0, ,0.0,0.0,0.0,0.0,0,0,0,1,185,0,0,0

STAR,SMOK8V,ALL,5
IF,SMOKA,-26.875750,152.632167, ,0.0,0.0,0,0,0,0,0,0,0,0
TF,OTGAT,-26.967500,152.726944,0, ,0.0,0.0,0.0,0.0,3,12000,0,0,0,0,0,0
TF,DAYBO,-27.120917,152.884889,0, ,0.0,0.0,0.0,0.0,3,7000,0,1,250,0,0,1

STAR,SMOK8V,01R,6
IF,DAYBO,-27.120917,152.884889, ,0.0,0.0,3,7000,0,1,250,0,0,0
TF,ISVAN,-27.221694,152.933778,0, ,0.0,0.0,0.0,0.0,0,0,0,1,230,0,0,0
TF,SAGTA,-27.317944,152.980639,0, ,0.0,0.0,0.0,0.0,0,0,0,0,0,0,0,0
TF,BIPUD,-27.379278,153.010556,0, ,0.0,0.0,0.0,0.0,2,3000,0,1,185,0,0,0
TF,OLBEV,-27.442444,153.048944,0, ,0.0,0.0,0.0,0.0,0,0,0,0,0,0,0,0
TF,PUNIG,-27.445444,153.093806,0, ,0.0,0.0,0.0,0.0,0,0,0,0,0,0,0,0

STAR,SMOK8V,14,6
IF,DAYBO,-27.120917,152.884889, ,0.0,0.0,3,7000,0,1,250,0,0,0
TF,BN,-27.366083,153.139222,0, ,0.0,0.0,0.0,0.0,0,0,0,0,0,0,0,0

STAR,SMOK8V,19L,6
IF,DAYBO,-27.120917,152.884889, ,0.0,0.0,3,7000,0,1,250,0,0,0
DF,BEKID,-27.152972,153.020417,0, ,0.0,0.0,0,0,0,1,230,0,0,0
TF,DRAIN,-27.165150,153.084372,0, ,0.0,0.0,0.0,0.0,0,0,0,0,0,0,0,0
TF,GUTTA,-27.178833,153.128722,0, ,0.0,0.0,0.0,0.0,0,0,0,0,0,0,0,0
TF,DEBAY,-27.213517,153.173000,0, ,0.0,0.0,0.0,0.0,0,0,0,1,185,0,0,0
TF,MORTN,-27.294250,153.180250,0, ,0.0,0.0,0.0,0.0,0,0,0,0,0,0,0,0

APPTR,D01R,01R,BN
FD,BN,-27.366083,153.139222,0,BN,0.0,12.0,174.0,12.0,2,3000,0,0,0,0,1,0
CI,0, ,0.0,174.0,0,0,0,0,0,0,0,0
AF,GLENN,-27.575000,153.020000,2,BN,196.0,14.0,174.0,2,3000,0,0,0,0,0,0
CF,CD01R,-27.514792,153.054211,0,BN,196.0,10.0,16.0,4.0,2,2500,0,0,0,0,0,0

APPTR,D01R,01R,GLENN
IF,GLENN,-27.575000,153.020000, ,0.0,0.0,2,3000,0,0,0,0,1,0
TF,CD01R,-27.514792,153.054211,0, ,0.0,0.0,0.0,0.0,2,2500,0,0,0,0,0,0

FINAL,D01R,01R,D,4
IF,CD01R,-27.514792,153.054211,BN,196.0,10.0,2,2500,0,0,0,0,0,0
CF,80VOR,-27.485017,153.071250,0,BN,196.0,8.0,16.0,2.0,2,1840,0,0,0,0,0,0
CF,FD01R,-27.455242,153.088281,0,BN,196.0,6.0,16.0,2.0,2,1190,0,0,0,0,2,0
CF,MA01R,-27.410561,153.113747,0,BN,196.1,3.0,16.0,3.0,1,232,0,0,0,0,3,0
CA,0,16.0,2,3000,0,0,0,0,0,0

APPTR,D14,14,BN
FD,BN,-27.366083,153.139222,0,BN,0.0,9.0,340.0,9.0,2,3000,0,0,0,0,1,0
CI,0, ,0.0,340.0,0,0,0,0,0,0,0,0
AF,RAMON,-27.231667,153.000000,1,BN,306.2,11.0,340.0,2,3000,0,0,0,0,0,0
CF,CF14,-27.256017,153.024422,0,BN,306.0,9.0,126.0,2.0,2,2650,0,0,0,0,0,0

APPTR,D14,14,RAMON
IF,RAMON,-27.231667,153.000000, ,0.0,0.0,2,3000,0,0,0,0,1,0
TF,CF14,-27.256017,153.024422,0, ,0.0,0.0,0.0,0.0,2,2650,0,0,0,0,0,0

FINAL,D14,14,D,5
IF,CF14,-27.256017,153.024422,BN,306.0,9.0,2,2650,0,0,0,0,0,0
CF,75VOR,-27.274214,153.043381,0,BN,306.0,7.5,126.0,1.5,2,2170,0,0,0,0,0,0
CF,FF14,-27.292714,153.062661,0,BN,306.0,6.0,126.0,1.5,2,1690,0,0,0,0,2,0
CF,ED14,-27.354378,153.126994,0,BN,306.0,0.0,126.0,5.0,1,61,0,0,0,0,0,1
CF,BN,-27.366083,153.139222,0,BN,0.0,0.0,126.0,1.0,2,513,0,0,0,0,3,1
CA,0,126.0,2,3000,0,0,0,0,0,0

APPTR,D19L,19L,BN1
IF,BN,-27.366083,153.139222, ,0.0,0.0,2,3000,0,1,210,0,1,0
FD,BN,-27.366083,153.139222,0,BN,0.0,7.0,42.0,7.0,0,0,0,0,0,0,0,0
CF,CD19L,-27.261822,153.198650,1,BN,16.0,7.0,196.0,1.0,2,2500,0,0,0,0,0,0

APPTR,D19L,19L,BN2
IF,BN,-27.366083,153.139222, ,0.0,0.0,2,3000,0,0,0,0,1,0
FD,BN,-27.366083,153.139222,0,BN,0.0,7.0,29.0,7.0,0,0,0,0,0,0,0,0
CF,CD19L,-27.261822,153.198650,1,BN,16.0,7.0,196.0,1.0,2,2500,0,0,0,0,0,0

APPTR,D19L,19L,SINNK
IF,SINNK,-27.210889,153.227778, ,0.0,0.0,2,2500,0,0,0,0,1,0
TF,CD19L,-27.261822,153.198650,0, ,0.0,0.0,0.0,0.0,2,2500,0,0,0,0,0,0

FINAL,D19L,19L,D,3
IF,CD19L,-27.261822,153.198650,BN,16.0,7.0,2,2500,0,0,0,0,0,0
CF,FD19L,-27.291611,153.181681,0,BN,16.0,5.0,196.0,2.0,2,1840,0,0,0,0,2,0
CF,BN,-27.366083,153.139222,0,BN,0.0,0.0,196.0,5.0,1,246,0,0,0,0,3,0
CA,0,196.0,2,3000,0,0,0,0,0,0

APPTR,I01RY,01R,BN
FD,BN,-27.366083,153.139222,0,BN,0.0,12.0,174.0,12.0,2,3000,0,0,0,0,1,0
CI,0, ,0.0,174.0,0,0,0,0,0,0,0,0
AF,D187N,-27.588586,153.058061,2,BN,187.0,14.0,174.0,2,3000,0,0,0,0,0,0
AF,D196N,-27.574431,153.020325,2,BN,196.0,14.0,187.0,2,2500,0,0,0,0,0,0
CF,CI01Y,-27.516444,153.053458,0,IBA,196.0,9.8,16.0,3.9,2,2500,0,0,0,0,0,0

APPTR,I01RY,01R,GLENN
IF,GLENN,-27.575000,153.020000, ,0.0,0.0,2,3000,0,1,185,0,1,0
CF,CI01Y,-27.516444,153.053458,0,IBA,196.0,9.8,16.0,3.9,2,2500,0,0,0,0,0,0

FINAL,I01RY,01R,I,3
IF,CI01Y,-27.516444,153.053458,IBA,196.0,9.8,2,2500,0,0,0,0,0,0
CF,GOGEX,-27.457414,153.086953,0,IBA,196.1,5.9,16.0,4.0,1,1220,0,0,0,0,2,0
CF,RW01R,-27.402803,153.118217,0,IBA,196.0,2.2,16.0,3.7,1,62,0,0,0,0,3,0
CA,0,16.0,2,3000,0,0,0,0,0,0

APPTR,I01RZ,01R,BN
FD,BN,-27.366083,153.139222,0,BN,0.0,12.0,174.0,12.0,2,3000,0,0,0,0,1,0
CI,0, ,0.0,174.0,0,0,0,0,0,0,0,0
AF,D187N,-27.588586,153.058061,2,BN,187.0,14.0,174.0,2,3000,0,0,0,0,0,0
AF,D196N,-27.574431,153.020325,2,BN,196.0,14.0,187.0,2,2500,0,0,0,0,0,0
CF,CI01Z,-27.516350,153.053514,0,IBA,196.0,9.8,16.0,3.9,2,2500,0,0,0,0,0,0

APPTR,I01RZ,01R,GLENN
IF,GLENN,-27.575000,153.020000, ,0.0,0.0,2,3000,0,1,185,0,1,0
CF,CI01Z,-27.516350,153.053514,0,IBA,196.0,9.8,16.0,3.9,2,2500,0,0,0,0,0,0

FINAL,I01RZ,01R,I,3
IF,CI01Z,-27.516350,153.053514,IBA,196.0,9.8,2,2500,0,0,0,0,0,0
CF,GOGEX,-27.457414,153.086953,0,IBA,196.1,5.9,16.0,4.0,1,1220,0,0,0,0,2,0
CF,RW01R,-27.402803,153.118217,0,IBA,196.0,2.2,16.0,3.7,1,62,0,0,0,0,3,0
CA,0,16.0,2,3000,0,0,0,0,0,0

APPTR,I19LY,19L,SINNK
IF,SINNK,-27.210889,153.227778, ,0.0,0.0,2,2500,0,1,185,0,1,0
CF,CI19Y,-27.261056,153.199186,0,IBS,16.0,9.8,196.0,3.4,2,2500,0,0,0,0,0,0

FINAL,I19LY,19L,I,3
IF,CI19Y,-27.261056,153.199186,IBS,16.0,9.8,2,2500,0,0,0,0,0,0
CF,PAPLA,-27.302722,153.175417,0,IBS,16.0,7.0,196.0,2.8,1,1600,0,0,0,0,2,0
CF,RW19L,-27.374672,153.134306,0,IBS,16.0,2.2,196.0,4.8,1,61,0,0,0,0,3,0
CA,0,196.0,2,3000,0,0,0,0,0,0

APPTR,I19LZ,19L,BN
IF,BN,-27.366083,153.139222, ,0.0,0.0,2,3000,0,0,0,0,1,0
TF,D054K,-27.288253,153.325711,0, ,0.0,0.0,0.0,0.0,0,0,0,0,0,0,0,0
AF,D016K,-27.202108,153.232781,1,BN,16.0,11.0,54.0,2,2500,0,0,0,0,0,0
CF,CI19Z,-27.260192,153.199681,0,IBS,16.0,9.9,196.0,3.9,2,2500,0,0,0,0,0,0

APPTR,I19LZ,19L,SINNK
IF,SINNK,-27.210889,153.227778, ,0.0,0.0,2,2500,0,1,185,0,1,0
CF,CI19Z,-27.260192,153.199681,0,IBS,16.0,9.9,196.0,3.3,2,2500,0,0,0,0,0,0

FINAL,I19LZ,19L,I,3
IF,CI19Z,-27.260192,153.199681,IBS,16.0,9.9,2,2500,0,0,0,0,0,0
CF,PAPLA,-27.302722,153.175417,0,IBS,16.0,7.0,196.0,2.9,1,1600,0,0,0,0,2,0
CF,RW19L,-27.374672,153.134306,0,IBS,16.0,2.2,196.0,4.8,1,61,0,0,0,0,3,0
CA,0,196.0,2,3000,0,0,0,0,0,0

FINAL,R01RM,01R,R,4
IF,BIPUD,-27.379278,153.010556, ,0.0,0.0,1,3000,0,1,185,0,1,0
TF,BN706,-27.427778,153.034222,0, ,0.0,0.0,146.0,3.2,1,2030,0,1,165,0,2,0
RF,BN707,-27.429639,153.102861,1,BN708,15.4,2.0,1,620,0,0,0,0,0,0
TF,RW01R,-27.402803,153.118217,0, ,0.0,0.0,16.0,1.8,1,62,0,0,0,0,3,1
TF,MORTN,-27.294250,153.180250,0, ,0.0,0.0,0.0,0.0,0,0,0,0,0,0,0,0
CA,0,16.0,2,3000,0,0,0,0,0,0

FINAL,R01RP,01R,R,4
IF,SORVA,-27.541667,153.152833, ,0.0,0.0,1,3000,0,1,185,0,1,0
TF,BN712,-27.490056,153.108000,0, ,0.0,0.0,311.0,3.9,1,1800,0,0,0,0,2,0
RF,BN713,-27.431417,153.101833,2,BN714,15.4,3.3,1,660,0,0,0,0,0,0
TF,RW01R,-27.402803,153.118217,0, ,0.0,0.0,16.0,1.9,1,62,0,0,0,0,3,1
TF,MORTN,-27.294250,153.180250,0, ,0.0,0.0,0.0,0.0,0,0,0,0,0,0,0,0
CA,0,16.0,2,3000,0,0,0,0,0,0

APPTR,R01RZ,01R,GLENN
IF,GLENN,-27.575000,153.020000, ,0.0,0.0,2,3000,0,1,185,0,1,0
TF,BBNSI,-27.517083,153.052806,0, ,0.0,0.0,0.0,0.0,2,2500,0,0,0,0,1,0

FINAL,R01RZ,01R,R,3
IF,BBNSI,-27.517083,153.052806, ,0.0,0.0,2,2500,0,0,0,0,0,0
TF,ANNIE,-27.457556,153.087278,0, ,0.0,0.0,16.0,4.0,2,1230,0,0,0,0,2,0
TF,RW01R,-27.402803,153.118217,0, ,0.0,0.0,16.0,3.7,1,62,0,0,0,0,3,1
DF,BBNSH,-27.365278,153.139694,0, ,0.0,0.0,0,0,0,0,0,0,0,0
CA,0,16.0,2,3000,0,0,0,0,0,0

APPTR,R14-Z,14,BBNWC
IF,BBNWC,-27.150583,153.072972, ,0.0,0.0,2,4000,0,1,220,0,1,0
TF,BBNWI,-27.218611,153.018694,0, ,0.0,0.0,0.0,0.0,2,3250,0,1,185,0,1,0

APPTR,R14-Z,14,BILBI
IF,BILBI,-27.177250,152.987000, ,0.0,0.0,2,4000,0,1,220,0,1,0
TF,BBNWI,-27.218611,153.018694,0, ,0.0,0.0,0.0,0.0,2,3250,0,1,185,0,1,0

APPTR,R14-Z,14,DAKLA
IF,DAKLA,-27.239500,152.928167, ,0.0,0.0,2,4000,0,1,220,0,1,0
TF,BBNWI,-27.218611,153.018694,0, ,0.0,0.0,0.0,0.0,2,3250,0,1,185,0,1,0

FINAL,R14-Z,14,R,3
IF,BBNWI,-27.218611,153.018694, ,0.0,0.0,2,3250,0,1,185,0,0,0
TF,BBNWF,-27.287556,153.071583,0, ,0.0,0.0,135.0,5.0,2,1650,0,1,150,0,2,0
TF,RW14,-27.356478,153.124481,0, ,0.0,0.0,135.0,5.0,1,61,0,0,0,0,3,1
TF,BBNWH,-27.397778,153.156333,0, ,0.0,0.0,0.0,0.0,0,0,0,0,0,0,0,0
CA,0,135.0,2,3000,0,0,0,0,0,0

FINAL,R19LM,19L,R,4
IF,DEBAY,-27.213517,153.173000, ,0.0,0.0,2,3200,0,1,185,0,1,0
TF,BN410,-27.278306,153.178833,0, ,0.0,0.0,164.0,3.9,1,2000,0,0,0,0,2,0
RF,BN420,-27.308500,153.172111,2,BN900,195.4,3.4,1,1430,0,0,0,0,0,0
TF,RW19L,-27.374672,153.134306,0, ,0.0,0.0,196.0,4.4,1,61,0,0,0,0,3,1
TF,CITEE,-27.470028,153.079361,0, ,0.0,0.0,0.0,0.0,2,3000,0,0,0,0,0,0

APPTR,R19LP,19L,FYSTI
IF,FYSTI,-27.376194,153.262556, ,0.0,0.0,2,2600,0,1,185,0,1,0
TF,BN450,-27.345056,153.245722,0, ,0.0,0.0,0.0,0.0,1,2600,0,0,0,0,1,0

FINAL,R19LP,19L,R,4
IF,BN450,-27.345056,153.245722, ,0.0,0.0,1,2600,0,0,0,0,0,0
RF,BN451,-27.319194,153.189806,1,BN901,222.1,2.8,1,1500,0,0,0,0,2,0
RF,BN452,-27.344111,153.151778,1,BN901,195.4,2.8,1,690,0,0,0,0,0,0
TF,RW19L,-27.374672,153.134306,0, ,0.0,0.0,196.0,2.1,1,61,0,0,0,0,3,1
TF,CITEE,-27.470028,153.079361,0, ,0.0,0.0,0.0,0.0,2,3000,0,0,0,0,0,0

APPTR,R19LZ,19L,SINNK
IF,SINNK,-27.210889,153.227778, ,0.0,0.0,2,2500,0,1,185,0,1,0
TF,BBNNI,-27.261528,153.198917,0, ,0.0,0.0,0.0,0.0,2,2480,0,0,0,0,1,0

FINAL,R19LZ,19L,R,3
IF,BBNNI,-27.261528,153.198917, ,0.0,0.0,2,2480,0,0,0,0,0,0
TF,BBNNF,-27.306194,153.173444,0, ,0.0,0.0,196.0,3.0,2,1530,0,0,0,0,2,0
TF,RW19L,-27.374672,153.134306,0, ,0.0,0.0,196.0,4.6,1,61,0,0,0,0,3,1
DF,BBNNH,-27.419333,153.108778,0, ,0.0,0.0,0,0,0,0,0,0,0,0
CA,0,196.0,2,3000,0,0,0,0,0,0

APPTR,R32-Z,32,POODL
IF,POODL,-27.520250,153.338833, ,0.0,0.0,2,3000,0,1,210,0,1,0
TF,BBNEI,-27.483917,153.270333,0, ,0.0,0.0,0.0,0.0,2,3000,0,1,185,0,1,0

FINAL,R32-Z,32,R,3
IF,BBNEI,-27.483917,153.270333, ,0.0,0.0,2,3000,0,1,185,0,0,0
TF,BBNEF,-27.441250,153.189778,0, ,0.0,0.0,290.0,5.0,2,1740,0,1,150,0,2,0
TF,RW32,-27.368681,153.133864,0, ,0.0,0.0,315.0,5.3,1,59,0,0,0,0,3,1
DF,BBNEH,-27.331028,153.105000,0, ,0.0,0.0,0,0,0,0,0,0,0,0
CA,0,315.0,2,3000,0,0,0,0,0,0

