APPTR,D14,14,D241L
IF,D241L,-20.422994,148.757075, ,0.0,0.0,0,0,0,1,210,0,0,0
AF,D270L,-20.323103,148.745139,2,HM,270.0,12.0,241.0,2,3000,0,0,0,0,1,0
AF,D304L,-20.216772,148.797839,2,HM,304.0,12.0,270.0,2,3000,0,0,0,0,0,0
TF,FF14,-20.261586,148.850489,0, ,0.0,0.0,0.0,0.0,2,2500,0,0,0,0,0,0

APPTR,D14,14,D304L
IF,D304L,-20.216772,148.797839, ,0.0,0.0,2,3000,0,1,210,0,1,0
TF,FF14,-20.261586,148.850489,0, ,0.0,0.0,0.0,0.0,2,2500,0,0,0,0,0,0

APPTR,D14,14,HM1
IF,HM,-20.351169,148.955881, ,0.0,0.0,2,3000,0,1,210,0,1,0
FD,HM,-20.351169,148.955881,0,HM,0.0,8.0,325.0,8.0,0,0,0,0,0,0,0,0
CF,FF14,-20.261586,148.850489,1,HM,304.0,8.0,124.0,1.0,2,2500,0,0,0,0,0,0

APPTR,D14,14,HM2
IF,HM,-20.351169,148.955881, ,0.0,0.0,2,3000,0,1,210,0,1,0
FD,HM,-20.351169,148.955881,0,HM,0.0,8.0,316.0,8.0,0,0,0,0,0,0,0,0
CF,FF14,-20.261586,148.850489,1,HM,304.0,8.0,124.0,1.0,2,2500,0,0,0,0,0,0

FINAL,D14,14,D,3
IF,FF14,-20.261586,148.850489,HM,304.0,8.0,2,2500,0,0,0,0,2,0
CF,65VOR,-20.278389,148.870239,0,HM,304.0,6.5,124.0,1.5,2,2030,0,0,0,0,0,0
CF,MA14,-20.323181,148.922931,0,HM,304.0,2.5,124.0,4.0,1,746,0,0,0,0,3,0
CA,0,124.0,2,3000,0,0,0,0,0,0

APPTR,D32,32,D150J
IF,D150J,-20.506261,149.022392, ,0.0,0.0,2,3000,0,1,210,0,1,0
TF,CF32,-20.490753,149.015733,0, ,0.0,0.0,0.0,0.0,2,2720,0,0,0,0,0,0

APPTR,D32,32,D250J
IF,D250J,-20.385864,148.782342, ,0.0,0.0,0,0,0,1,210,0,0,0
AF,D185J,-20.514161,148.915936,1,HM,185.0,10.0,250.0,2,3000,0,0,0,0,1,0
AF,D150J,-20.506261,149.022392,1,HM,150.0,10.0,185.0,2,3000,0,0,0,0,0,0
TF,CF32,-20.490753,149.015733,0, ,0.0,0.0,0.0,0.0,2,2720,0,0,0,0,0,0

APPTR,D32,32,HM1
IF,HM,-20.351169,148.955881, ,0.0,0.0,2,3000,0,1,210,0,1,0
FD,HM,-20.351169,148.955881,0,HM,0.0,9.0,130.0,9.0,0,0,0,0,0,0,0,0
CF,CF32,-20.490753,149.015733,2,HM,150.0,9.0,330.0,1.0,2,2720,0,0,0,0,0,0

APPTR,D32,32,HM2
IF,HM,-20.351169,148.955881, ,0.0,0.0,2,3000,0,1,210,0,1,0
FD,HM,-20.351169,148.955881,0,HM,0.0,9.0,140.0,9.0,0,0,0,0,0,0,0,0
CF,CF32,-20.490753,149.015733,2,HM,150.0,9.0,330.0,1.0,2,2720,0,0,0,0,0,0

FINAL,D32,32,D,4
IF,CF32,-20.490753,149.015733,HM,150.0,9.0,2,2720,0,0,0,0,0,0
CF,80VOR,-20.475244,149.009078,0,HM,150.0,8.0,330.0,1.0,2,2400,0,0,0,0,0,0
CF,FF32,-20.444228,148.995769,0,HM,150.0,6.0,330.0,2.0,2,1760,0,0,0,0,2,0
CF,MA32,-20.389944,148.972494,0,HM,150.0,2.5,330.0,3.5,1,640,0,0,0,0,3,0
CF,HM,-20.351169,148.955881,0,HM,0.0,0.0,330.0,2.5,0,0,0,0,0,0,0,1
VM,0,0,0,310.0,2,3000,0,0,0,0,0,0

APPTR,R14-P,14,IVSUD
IF,IVSUD,-20.540719,149.076164, ,0.0,0.0,2,4000,0,0,0,0,0,0
TF,MUPOG,-20.428997,148.962111,0, ,0.0,0.0,0.0,0.0,2,4000,0,1,200,0,0,0
TF,HM615,-20.355578,148.887189,0, ,0.0,0.0,0.0,0.0,1,2100,0,1,160,0,1,0

APPTR,R14-P,14,MUPOG
IF,MUPOG,-20.428997,148.962111, ,0.0,0.0,2,4000,0,1,200,0,0,0
TF,HM615,-20.355578,148.887189,0, ,0.0,0.0,0.0,0.0,1,2100,0,1,160,0,1,0

FINAL,R14-P,14,R,3
TF,HM615,-20.355578,148.887189,0, ,0.0,0.0,0.0,0.0,1,2100,0,1,160,0,2,0
RF,HM605,-20.324714,148.925372,2,RHM01,134.5,1.4,1,680,0,0,0,0,0,0
TF,RW14,-20.351342,148.946717,0, ,0.0,0.0,135.0,2.0,1,62,0,0,0,0,3,1
TF,HM685,-20.437869,149.016133,0, ,0.0,0.0,0.0,0.0,2,2800,0,0,0,0,0,0

APPTR,R14-U,14,HM
IF,HM,-20.351169,148.955881, ,0.0,0.0,2,4000,0,0,0,0,1,0
TF,HM645,-20.222172,148.928236,0, ,0.0,0.0,0.0,0.0,2,3000,0,1,200,0,0,0
RF,HM642,-20.196492,148.905278,1,RHM02,208.9,2.0,1,3000,0,0,0,0,0,0
RF,HM640,-20.247378,148.863656,1,RHM02,314.4,2.0,2,2400,0,0,0,0,1,0

APPTR,R14-U,14,MAMAG
IF,MAMAG,-20.124850,148.765497, ,0.0,0.0,2,4000,0,0,0,0,1,0
TF,HM660,-20.179383,148.809406,0, ,0.0,0.0,0.0,0.0,1,3000,0,1,200,0,0,0
TF,HM640,-20.247378,148.863656,0, ,0.0,0.0,0.0,0.0,1,2430,0,0,0,0,1,0

FINAL,R14-U,14,R,3
IF,HM640,-20.247378,148.863656, ,0.0,0.0,1,2430,0,0,0,0,0,0
TF,HM610,-20.310028,148.913692,0, ,0.0,0.0,0.0,0.0,1,1000,0,0,0,0,2,0
TF,RW14,-20.351342,148.946717,0, ,0.0,0.0,135.0,3.1,1,62,0,0,0,0,3,1
TF,HM685,-20.437869,149.016133,0, ,0.0,0.0,0.0,0.0,2,2800,0,0,0,0,0,0

APPTR,R14-Z,14,BHMNA
IF,BHMNA,-20.232306,148.724642, ,0.0,0.0,2,3900,0,1,230,0,1,0
TF,BHMNI,-20.200892,148.806764,0, ,0.0,0.0,0.0,0.0,2,3880,0,0,0,0,1,0

APPTR,R14-Z,14,BHMNC
IF,BHMNC,-20.138794,148.747422, ,0.0,0.0,2,3900,0,1,230,0,1,0
TF,BHMNI,-20.200892,148.806764,0, ,0.0,0.0,0.0,0.0,2,3880,0,0,0,0,1,0

APPTR,R14-Z,14,BHMND
IF,BHMND,-20.126989,148.848242, ,0.0,0.0,2,3900,0,1,230,0,1,0
TF,BHMNI,-20.200892,148.806764,0, ,0.0,0.0,0.0,0.0,2,3880,0,0,0,0,1,0

FINAL,R14-Z,14,R,3
IF,BHMNI,-20.200892,148.806764, ,0.0,0.0,2,3880,0,0,0,0,0,0
TF,BHMNF,-20.262967,148.866156,0, ,0.0,0.0,130.0,5.0,2,2290,0,0,0,0,2,0
TF,BHMNM,-20.324989,148.925564,0, ,0.0,0.0,130.0,5.0,1,693,0,0,0,0,3,1
DF,BHMNH,-20.387106,148.985136,0, ,0.0,0.0,0,0,0,0,0,0,0,0
CA,0,130.0,2,2800,0,0,0,0,0,0

APPTR,R32-U,32,ANGIT
IF,ANGIT,-20.607167,149.118417, ,0.0,0.0,2,4000,0,0,0,0,0,0
TF,HM745,-20.557497,149.103336,0, ,0.0,0.0,0.0,0.0,2,4000,0,0,0,0,0,0
RF,GOSVU,-20.528317,149.088825,1,RHM05,314.2,5.3,2,4000,0,0,0,0,1,0
TF,HM740,-20.491061,149.058878,0, ,0.0,0.0,0.0,0.0,2,3000,0,1,200,0,0,0
TF,HM735,-20.457789,149.032150,0, ,0.0,0.0,0.0,0.0,2,2000,0,0,0,0,0,0
TF,HM710,-20.404928,148.989608,0, ,0.0,0.0,0.0,0.0,1,1000,0,0,0,0,1,0

APPTR,R32-U,32,GOSVU
IF,GOSVU,-20.528317,149.088825, ,0.0,0.0,2,4000,0,0,0,0,1,0
TF,HM740,-20.491061,149.058878,0, ,0.0,0.0,0.0,0.0,2,3000,0,1,200,0,0,0
TF,HM735,-20.457789,149.032150,0, ,0.0,0.0,0.0,0.0,2,2000,0,0,0,0,0,0
TF,HM710,-20.404928,148.989608,0, ,0.0,0.0,0.0,0.0,1,1000,0,0,0,0,1,0

APPTR,R32-U,32,OPOSI
IF,OPOSI,-20.585528,148.974756, ,0.0,0.0,2,4000,0,0,0,0,1,0
TF,HM720,-20.520806,148.968867,0, ,0.0,0.0,0.0,0.0,2,3000,0,1,200,0,0,0
RF,HM715,-20.464211,148.987814,2,RHM04,-7.0,4.8,2,2000,0,0,0,0,0,0
RF,HM710,-20.404928,148.989608,1,RHM03,351.4,2.9,1,1000,0,0,0,0,1,0

FINAL,R32-U,32,R,2
IF,HM710,-20.404928,148.989608, ,0.0,0.0,1,1000,0,0,0,0,2,0
TF,RW32,-20.363619,148.956561,0, ,0.0,0.0,315.0,3.1,1,63,0,0,0,0,3,1
TF,HM765,-20.276986,148.887328,0, ,0.0,0.0,0.0,0.0,2,2800,0,0,0,0,0,0

APPTR,R32-Z,32,BHMSE
IF,BHMSE,-20.470836,149.191094, ,0.0,0.0,2,3900,0,1,230,0,1,0
TF,BHMSI,-20.509064,149.112161,0, ,0.0,0.0,0.0,0.0,2,3900,0,0,0,0,1,0

APPTR,R32-Z,32,BHMSG
IF,BHMSG,-20.565878,149.177300, ,0.0,0.0,2,3900,0,1,230,0,1,0
TF,BHMSI,-20.509064,149.112161,0, ,0.0,0.0,0.0,0.0,2,3900,0,0,0,0,1,0

APPTR,R32-Z,32,BHMSJ
IF,BHMSJ,-20.586144,149.077733, ,0.0,0.0,2,3900,0,1,230,0,1,0
TF,BHMSI,-20.509064,149.112161,0, ,0.0,0.0,0.0,0.0,2,3900,0,0,0,0,1,0

FINAL,R32-Z,32,R,3
IF,BHMSI,-20.509064,149.112161, ,0.0,0.0,2,3900,0,0,0,0,0,0
TF,BHMSF,-20.452217,149.047072,0, ,0.0,0.0,304.0,5.0,2,2420,0,0,0,0,2,0
TF,BHMSM,-20.395372,148.982064,0, ,0.0,0.0,304.0,5.0,1,818,0,0,0,0,3,1
DF,BHMSH,-20.338383,148.916972,0, ,0.0,0.0,0,0,0,0,0,0,0,0
CA,0,304.0,2,2800,0,0,0,0,0,0

