APPTR,R03-Z,03,BKTSA
IF,BKTSA,-17.956833,139.452333, ,0.0,0.0,2,1800,0,1,210,0,1,0
TF,BKTSI,-17.883028,139.411139,0, ,0.0,0.0,0.0,0.0,2,1800,0,0,0,0,1,0

APPTR,R03-Z,03,BKTSB
IF,BKTSB,-17.945278,139.352750, ,0.0,0.0,2,1800,0,1,210,0,1,0
TF,BKTSI,-17.883028,139.411139,0, ,0.0,0.0,0.0,0.0,2,1800,0,0,0,0,1,0

APPTR,R03-Z,03,BKTSC
IF,BKTSC,-17.851833,139.330083, ,0.0,0.0,2,1800,0,1,210,0,1,0
TF,BKTSI,-17.883028,139.411139,0, ,0.0,0.0,0.0,0.0,2,1800,0,0,0,0,1,0

FINAL,R03-Z,03,R,3
IF,BKTSI,-17.883028,139.411139, ,0.0,0.0,2,1800,0,0,0,0,0,0
TF,BKTSF,-17.820778,139.469500,0, ,0.0,0.0,37.0,5.0,2,1750,0,0,0,0,2,0
TF,BKTSM,-17.758500,139.527833,0, ,0.0,0.0,37.0,5.0,1,160,0,0,0,0,3,1
DF,BKTSH,-17.721139,139.562806,0, ,0.0,0.0,0,0,0,0,0,0,0,0
CA,0,37.0,2,1500,0,0,0,0,0,0

APPTR,R21-Z,21,BKTND
IF,BKTND,-17.547528,139.615056, ,0.0,0.0,2,1700,0,1,210,0,1,0
TF,BKTNI,-17.621333,139.656139,0, ,0.0,0.0,0.0,0.0,2,1700,0,0,0,0,1,0

APPTR,R21-Z,21,BKTNE
IF,BKTNE,-17.559056,139.714389, ,0.0,0.0,2,1700,0,1,210,0,1,0
TF,BKTNI,-17.621333,139.656139,0, ,0.0,0.0,0.0,0.0,2,1700,0,0,0,0,1,0

APPTR,R21-Z,21,BKTNG
IF,BKTNG,-17.652528,139.737139, ,0.0,0.0,2,1700,0,1,210,0,1,0
TF,BKTNI,-17.621333,139.656139,0, ,0.0,0.0,0.0,0.0,2,1700,0,0,0,0,1,0

FINAL,R21-Z,21,R,3
IF,BKTNI,-17.621333,139.656139, ,0.0,0.0,2,1700,0,0,0,0,0,0
TF,BKTNF,-17.683639,139.597889,0, ,0.0,0.0,217.0,5.0,2,1660,0,0,0,0,2,0
TF,BKTNM,-17.745917,139.539611,0, ,0.0,0.0,217.0,5.0,1,68,0,0,0,0,3,1
DF,BKTNH,-17.795750,139.492972,0, ,0.0,0.0,0,0,0,0,0,0,0,0
CA,0,217.0,2,1500,0,0,0,0,0,0

