SID,BLN1,03,4
DF,GURAB,-33.648853,115.424100,0, ,0.0,0.0,0,0,0,0,0,0,0,1
CA,0,28.0,2,1500,0,0,0,0,0,0
VM,0,0,0,28.0,0,0,0,0,0,0,0,0

SID,BLN1,21,4
DF,NULSO,-33.729228,115.378092,0, ,0.0,0.0,0,0,0,0,0,0,0,1
CA,0,208.0,2,1500,0,0,0,0,0,0
DF,PAGRI,-33.663789,115.237064,2, ,0.0,0.0,0,0,0,0,0,0,0,0
VM,0,0,0,296.0,0,0,0,0,0,0,0,0

APPTR,N03,03,BLN
IF,BLN,-33.692500,115.395278, ,0.0,0.0,2,2400,0,1,210,0,1,0
FC,BLN,-33.692500,115.395278,0,BLN,0.0,0.0,176.0,7.0,0,0,0,0,0,0,0,1
CF,FF03,-33.781572,115.362661,2,BLN,200.0,5.6,20.0,1.0,2,1800,0,0,0,0,0,0

FINAL,N03,03,N,2
IF,FF03,-33.781572,115.362661,BLN,0.0,0.0,2,1800,0,0,0,0,2,0
CF,RW03,-33.697328,115.396364,0,BLN,0.0,0.0,20.0,5.3,1,106,0,0,0,0,3,0
CF,BLN,-33.692500,115.395278,0,BLN,0.0,0.0,20.0,0.3,0,0,0,0,0,0,0,1
CA,0,20.0,2,2400,0,0,0,0,0,0

APPTR,N21,21,BLN1
IF,BLN,-33.692500,115.395278, ,0.0,0.0,2,2400,0,1,210,0,1,0
FC,BLN,-33.692500,115.395278,0,BLN,0.0,0.0,58.0,7.0,0,0,0,0,0,0,0,1
CF,FF21,-33.605064,115.458050,1,BLN,34.0,6.1,214.0,1.0,2,1700,0,0,0,0,0,0

APPTR,N21,21,BLN2
IF,BLN,-33.692500,115.395278, ,0.0,0.0,2,2400,0,1,140,0,1,0
FC,BLN,-33.692500,115.395278,0,BLN,0.0,0.0,48.0,7.0,0,0,0,0,0,0,0,1
CF,FF21,-33.605064,115.458050,1,BLN,34.0,6.1,214.0,1.5,2,1700,0,0,0,0,0,0

FINAL,N21,21,N,2
IF,FF21,-33.605064,115.458050,BLN,0.0,0.0,2,1700,0,0,0,0,2,0
CF,RW21,-33.677319,115.407817,0,BLN,0.0,0.0,214.0,5.0,1,106,0,0,0,0,3,0
CF,BLN,-33.692500,115.395278,0,BLN,0.0,0.0,214.0,1.1,0,0,0,0,0,0,0,1
CA,0,214.0,2,2400,0,0,0,0,0,0

APPTR,R03-W,03,KAGIT
IF,KAGIT,-33.558956,115.308678, ,0.0,0.0,2,2400,0,0,0,0,1,0
TF,QB306,-33.611814,115.251214,0, ,0.0,0.0,0.0,0.0,2,2400,0,0,0,0,0,0
RF,PAGRI,-33.663789,115.237064,1,QBC04,166.0,3.2,2,2400,0,0,0,0,0,0
TF,QB304,-33.721369,115.257703,0, ,0.0,0.0,0.0,0.0,2,2400,0,0,0,0,1,0

FINAL,R03-W,03,R,4
IF,QB304,-33.721369,115.257703, ,0.0,0.0,2,2400,0,0,0,0,0,0
RF,QB303,-33.754639,115.291744,1,QBC03,73.1,3.2,2,2400,0,0,0,0,2,0
RF,NULSO,-33.729228,115.378092,1,QBC03,28.1,3.2,2,780,0,0,0,0,0,0
TF,RW03,-33.697328,115.396364,0, ,0.0,0.0,28.0,2.1,1,106,0,0,0,0,3,1
TF,BQBSH,-33.635653,115.427017,0, ,0.0,0.0,0.0,0.0,0,0,0,0,0,0,0,0
CA,0,25.0,2,2400,0,0,0,0,0,0

APPTR,R03-X,03,AMVOB
IF,AMVOB,-33.729197,115.652781, ,0.0,0.0,2,2400,0,0,0,0,1,0
TF,QB206,-33.723972,115.613308,0, ,0.0,0.0,0.0,0.0,2,2400,0,0,0,0,0,0
RF,QB205,-33.735836,115.561714,1,QBC02,232.6,3.2,2,2400,0,0,0,0,0,0
TF,QB204,-33.794133,115.477961,0, ,0.0,0.0,0.0,0.0,2,2400,0,0,0,0,1,0

FINAL,R03-X,03,R,4
IF,QB204,-33.794133,115.477961, ,0.0,0.0,2,2400,0,0,0,0,0,0
RF,QB203,-33.801361,115.408522,2,QBC01,343.3,3.2,2,2400,0,0,0,0,2,0
RF,NULSO,-33.729228,115.378092,2,QBC01,28.1,3.2,2,780,0,0,0,0,0,0
TF,RW03,-33.697328,115.396364,0, ,0.0,0.0,28.0,2.1,1,106,0,0,0,0,3,1
TF,BQBSH,-33.635653,115.427017,0, ,0.0,0.0,0.0,0.0,0,0,0,0,0,0,0,0
CA,0,25.0,2,2400,0,0,0,0,0,0

APPTR,R03-Z,03,BQBSA
IF,BQBSA,-33.907558,115.380008, ,0.0,0.0,2,2400,0,1,210,0,1,0
TF,BQBSI,-33.847908,115.309983,0, ,0.0,0.0,0.0,0.0,2,2400,0,0,0,0,1,0

APPTR,R03-Z,03,BQBSB
IF,BQBSB,-33.923175,115.266678, ,0.0,0.0,2,2400,0,1,210,0,1,0
TF,BQBSI,-33.847908,115.309983,0, ,0.0,0.0,0.0,0.0,2,2400,0,0,0,0,1,0

APPTR,R03-Z,03,BQBSC
IF,BQBSC,-33.839692,115.210417, ,0.0,0.0,2,2400,0,1,210,0,1,0
TF,BQBSI,-33.847908,115.309983,0, ,0.0,0.0,0.0,0.0,2,2400,0,0,0,0,1,0

FINAL,R03-Z,03,R,3
IF,BQBSI,-33.847908,115.309983, ,0.0,0.0,2,2400,0,0,0,0,0,0
TF,BQBSF,-33.772625,115.353211,0, ,0.0,0.0,28.0,5.0,2,1690,0,0,0,0,2,0
TF,RW03,-33.697328,115.396364,0, ,0.0,0.0,28.0,5.0,1,106,0,0,0,0,3,1
TF,BQBSH,-33.635653,115.427017,0, ,0.0,0.0,0.0,0.0,0,0,0,0,0,0,0,0
VM,0,0,0,25.0,2,2400,0,0,0,0,0,0

APPTR,R21-X,21,BQBNI
IF,BQBNI,-33.526531,115.493933, ,0.0,0.0,2,2400,0,0,0,0,1,0
TF,QB007,-33.562825,115.473464,0, ,0.0,0.0,0.0,0.0,2,2400,0,0,0,0,1,0

FINAL,R21-X,21,R,7
IF,QB007,-33.562825,115.473464, ,0.0,0.0,2,2400,0,0,0,0,0,0
TF,QB006,-33.583586,115.475794,0, ,0.0,0.0,178.0,1.3,2,2400,0,1,185,0,2,0
TF,QB005,-33.602722,115.477944,0, ,0.0,0.0,178.0,1.1,2,2050,0,0,0,0,0,0
RF,QB004,-33.635861,115.452747,2,QBC06,252.8,1.9,2,1240,0,0,0,0,0,0
TF,QB003,-33.639236,115.441469,0, ,0.0,0.0,253.0,0.6,2,1060,0,0,0,0,0,0
RF,QB002,-33.654997,115.420583,1,QBC05,208.1,1.9,2,590,0,0,0,0,0,0
TF,RW21,-33.677319,115.407817,0, ,0.0,0.0,208.0,1.5,1,106,0,0,0,0,3,1
TF,BQBNH,-33.737561,115.373317,0, ,0.0,0.0,0.0,0.0,0,0,0,0,0,0,0,0
CA,0,208.0,2,2400,0,0,0,0,0,0

APPTR,R21-Z,21,BQBND
IF,BQBND,-33.466942,115.424139, ,0.0,0.0,2,2400,0,1,210,0,1,0
TF,BQBNI,-33.526531,115.493933,0, ,0.0,0.0,0.0,0.0,2,2400,0,0,0,0,1,0

APPTR,R21-Z,21,BQBNE
IF,BQBNE,-33.451181,115.536844, ,0.0,0.0,2,2400,0,1,210,0,1,0
TF,BQBNI,-33.526531,115.493933,0, ,0.0,0.0,0.0,0.0,2,2400,0,0,0,0,1,0

APPTR,R21-Z,21,BQBNG
IF,BQBNG,-33.534522,115.593164, ,0.0,0.0,2,2400,0,1,210,0,1,0
TF,BQBNI,-33.526531,115.493933,0, ,0.0,0.0,0.0,0.0,2,2400,0,0,0,0,1,0

FINAL,R21-Z,21,R,3
IF,BQBNI,-33.526531,115.493933, ,0.0,0.0,2,2400,0,0,0,0,0,0
TF,BQBNF,-33.601867,115.450953,0, ,0.0,0.0,208.0,5.0,2,1700,0,0,0,0,2,0
TF,RW21,-33.677319,115.407817,0, ,0.0,0.0,208.0,5.0,1,106,0,0,0,0,3,1
DF,BQBNH,-33.737561,115.373317,0, ,0.0,0.0,0,0,0,0,0,0,0,0
CA,0,208.0,2,1900,0,0,0,0,0,0

