APPTR,D16,16,D084J
IF,D084J,-20.664658,139.663569, ,0.0,0.0,0,0,0,0,0,0,0,0
AF,D002J,-20.499094,139.510542,1,MA,2.0,10.0,84.0,2,3300,0,1,210,0,1,1
CF,FF16,-20.565128,139.472844,0,MA,347.0,6.0,167.0,4.0,2,3080,0,0,0,0,0,0

APPTR,D16,16,D274J
IF,D274J,-20.635614,139.310831, ,0.0,0.0,0,0,0,0,0,0,0,0
AF,D332J,-20.509636,139.419319,2,MA,332.0,10.0,274.0,2,3300,0,1,210,0,1,1
CF,FF16,-20.565128,139.472844,0,MA,347.0,6.0,167.0,4.0,2,3080,0,0,0,0,0,0

APPTR,D16,16,D347J
IF,D347J,-20.498711,139.464197, ,0.0,0.0,2,3300,0,1,210,0,1,0
TF,FF16,-20.565128,139.472844,0, ,0.0,0.0,0.0,0.0,2,3080,0,0,0,0,0,0

APPTR,D16,16,MA1
FD,MA,-20.664750,139.485833,0,MA,0.0,6.0,17.0,6.0,2,3300,0,1,210,0,1,0
CF,FF16,-20.565128,139.472844,1,MA,347.0,6.0,167.0,1.0,2,3080,0,0,0,0,0,0

APPTR,D16,16,MA2
FD,MA,-20.664750,139.485833,0,MA,0.0,6.0,2.0,6.0,2,3300,0,1,210,0,1,0
CF,FF16,-20.565128,139.472844,1,MA,347.0,6.0,167.0,1.0,2,3080,0,0,0,0,0,0

FINAL,D16,16,D,3
IF,FF16,-20.565128,139.472844,MA,347.0,6.0,2,3080,0,0,0,0,2,0
CF,30VOR,-20.614939,139.479336,0,MA,347.0,3.0,167.0,3.0,2,2010,0,0,0,0,0,0
CF,MA16,-20.648147,139.483667,0,MA,347.0,0.0,167.0,2.0,1,1305,0,0,0,0,3,0
VM,0,0,0,152.0,2,3300,0,0,0,0,0,0

APPTR,N16-A,16,MA1
IF,MA,-20.675411,139.486561, ,0.0,0.0,2,3300,0,1,190,0,1,0
FC,MA,-20.675411,139.486561,0,MA,0.0,0.0,30.0,4.7,0,0,0,0,0,0,0,1
CF,FN167,-20.597961,139.476461,1,MA,346.5,4.0,167.0,1.0,2,2900,0,0,0,0,0,0

APPTR,N16-A,16,MA2
IF,MA,-20.675411,139.486561, ,0.0,0.0,2,3300,0,0,0,0,1,0
FC,MA,-20.675411,139.486561,0,MA,0.0,0.0,11.0,4.7,0,0,0,0,0,0,0,1
CF,FN167,-20.597961,139.476461,1,MA,346.5,4.0,167.0,1.0,2,2900,0,0,0,0,0,0

FINAL,N16-A,16,N,2
IF,FN167,-20.597961,139.476461,MA,0.0,0.0,2,2900,0,0,0,0,2,0
CF,MA,-20.675411,139.486561,0,MA,0.0,0.0,167.0,4.7,1,2350,0,0,0,0,3,0
VM,0,0,0,152.0,2,3300,0,0,0,0,0,0

APPTR,N34-A,34,MA1
IF,MA,-20.675411,139.486561, ,0.0,0.0,2,3300,0,1,190,0,1,0
FC,MA,-20.675411,139.486561,0,MA,0.0,0.0,30.0,4.7,0,0,0,0,0,0,0,1
CF,FN167,-20.597961,139.476461,1,MA,346.5,4.0,167.0,1.0,2,2900,0,0,0,0,0,0

APPTR,N34-A,34,MA2
IF,MA,-20.675411,139.486561, ,0.0,0.0,2,3300,0,0,0,0,1,0
FC,MA,-20.675411,139.486561,0,MA,0.0,0.0,11.0,4.7,0,0,0,0,0,0,0,1
CF,FN167,-20.597961,139.476461,1,MA,346.5,4.0,167.0,1.0,2,2900,0,0,0,0,0,0

FINAL,N34-A,34,N,2
IF,FN167,-20.597961,139.476461,MA,0.0,0.0,2,2900,0,0,0,0,2,0
CF,MA,-20.675411,139.486561,0,MA,0.0,0.0,167.0,4.7,1,2350,0,0,0,0,3,0
VM,0,0,0,152.0,2,3300,0,0,0,0,0,0

APPTR,R16-U,16,MA546
IF,MA546,-20.834392,139.769097, ,0.0,0.0,2,6500,0,0,0,0,1,0
RF,MA542,-20.769503,139.706203,2,RMA01,326.7,10.0,1,6500,0,0,0,0,0,0
TF,MA538,-20.563831,139.594389,0, ,0.0,0.0,0.0,0.0,1,5000,0,0,0,0,0,0
RF,MA534,-20.573531,139.492742,1,RMA02,9.1,3.1,1,2700,0,0,0,0,1,0

APPTR,R16-U,16,MA574
IF,MA574,-20.542094,139.502014, ,0.0,0.0,1,3300,0,0,0,0,1,0
TF,MA534,-20.573531,139.492742,0, ,0.0,0.0,0.0,0.0,1,2700,0,0,0,0,1,0

FINAL,R16-U,16,R,4
IF,MA534,-20.573531,139.492742, ,0.0,0.0,1,2700,0,0,0,0,2,0
TF,MA530,-20.612369,139.481264,0, ,0.0,0.0,0.0,0.0,1,1960,0,0,0,0,0,0
RF,MA526,-20.632453,139.480661,1,RMA04,161.4,2.5,1,1580,0,0,0,0,0,0
TF,RW16,-20.655039,139.485897,0, ,0.0,0.0,162.1,1.4,1,1152,0,0,0,0,3,1
TF,MA558,-20.791261,139.517378,0, ,0.0,0.0,0.0,0.0,2,3300,0,0,0,0,0,0

APPTR,R16-Z,16,BMAND
IF,BMAND,-20.443256,139.409636, ,0.0,0.0,2,3300,0,1,210,0,1,0
TF,BMANI,-20.475594,139.491483,0, ,0.0,0.0,0.0,0.0,2,3300,0,0,0,0,1,0

APPTR,R16-Z,16,BMANE
IF,BMANE,-20.392047,139.495708, ,0.0,0.0,2,3300,0,1,210,0,1,0
TF,BMANI,-20.475594,139.491483,0, ,0.0,0.0,0.0,0.0,2,3300,0,0,0,0,1,0

APPTR,R16-Z,16,BMANG
IF,BMANG,-20.450744,139.576228, ,0.0,0.0,2,3300,0,1,210,0,1,0
TF,BMANI,-20.475594,139.491483,0, ,0.0,0.0,0.0,0.0,2,3300,0,0,0,0,1,0

FINAL,R16-Z,16,R,3
IF,BMANI,-20.475594,139.491483, ,0.0,0.0,2,3300,0,0,0,0,0,0
TF,BMANF,-20.559142,139.487258,0, ,0.0,0.0,177.0,5.0,2,2980,0,0,0,0,2,0
TF,BMANM,-20.642686,139.483025,0, ,0.0,0.0,177.0,5.0,1,1385,0,0,0,0,3,1
DF,BMANH,-20.691142,139.496892,0, ,0.0,0.0,0,0,0,0,0,0,0,0
VM,0,0,0,152.0,2,3300,0,0,0,0,0,0

APPTR,R34-U,34,MA546
IF,MA546,-20.834392,139.769097, ,0.0,0.0,2,4700,0,0,0,0,1,0
RF,MA522,-20.809758,139.597972,1,RMA05,295.1,12.1,1,4700,0,0,0,0,0,0
RF,MA518,-20.759375,139.509994,2,RMA06,161.4,4.0,1,2700,0,0,0,0,1,0

APPTR,R34-U,34,MA558
IF,MA558,-20.791261,139.517378, ,0.0,0.0,1,3300,0,0,0,0,1,0
TF,MA518,-20.759375,139.509994,0, ,0.0,0.0,0.0,0.0,1,2700,0,0,0,0,1,0

FINAL,R34-U,34,R,2
IF,MA518,-20.759375,139.509994, ,0.0,0.0,1,2700,0,0,0,0,2,0
TF,RW34,-20.677633,139.491119,0, ,0.0,0.0,342.2,5.0,1,1161,0,0,0,0,3,1
TF,MA526,-20.632453,139.480661,0, ,0.0,0.0,0.0,0.0,0,0,0,0,0,0,0,0
RF,MA530,-20.612369,139.481264,2,RMA04,9.1,2.5,0,0,0,0,0,0,0,0
TF,MA574,-20.542094,139.502014,0, ,0.0,0.0,0.0,0.0,2,3300,0,0,0,0,0,0

APPTR,R34-Z,34,BMASA
IF,BMASA,-20.841447,139.650294, ,0.0,0.0,2,3300,0,1,210,0,1,0
TF,BMASI,-20.844783,139.561394,0, ,0.0,0.0,0.0,0.0,2,3300,0,0,0,0,1,0

APPTR,R34-Z,34,BMASB
IF,BMASB,-20.922164,139.595167, ,0.0,0.0,2,3300,0,1,210,0,1,0
TF,BMASI,-20.844783,139.561394,0, ,0.0,0.0,0.0,0.0,2,3300,0,0,0,0,1,0

APPTR,R34-Z,34,BMASC
IF,BMASC,-20.901028,139.495533, ,0.0,0.0,2,3300,0,1,210,0,1,0
TF,BMASI,-20.844783,139.561394,0, ,0.0,0.0,0.0,0.0,2,3300,0,0,0,0,1,0

FINAL,R34-Z,34,R,3
IF,BMASI,-20.844783,139.561394, ,0.0,0.0,2,3300,0,0,0,0,0,0
TF,BMASF,-20.767394,139.527658,0, ,0.0,0.0,332.0,5.0,2,3000,0,0,0,0,2,0
TF,BMASM,-20.689997,139.493958,0, ,0.0,0.0,332.0,5.0,1,1400,0,0,0,0,3,1
DF,BMASH,-20.643556,139.473753,0, ,0.0,0.0,0,0,0,0,0,0,0,1
VM,0,0,1,165.0,2,3300,0,0,0,0,0,0

APPTR,V16-A,16,MA1
IF,MA,-20.664750,139.485833, ,0.0,0.0,2,3300,0,1,190,0,1,0
FC,MA,-20.664750,139.485833,0,MA,0.0,0.0,30.0,4.7,0,0,0,0,0,0,0,1
CF,FV167,-20.597856,139.477108,1,MA,347.0,4.0,167.0,1.0,2,2900,0,0,0,0,0,0

APPTR,V16-A,16,MA2
IF,MA,-20.664750,139.485833, ,0.0,0.0,2,3300,0,0,0,0,1,0
FC,MA,-20.664750,139.485833,0,MA,0.0,0.0,11.0,4.7,0,0,0,0,0,0,0,1
CF,FV167,-20.597856,139.477108,1,MA,347.0,3.2,167.0,1.0,2,2900,0,0,0,0,0,0

FINAL,V16-A,16,D,2
IF,FV167,-20.597856,139.477108,MA,347.0,4.0,2,2900,0,0,0,0,2,0
CF,MA,-20.664750,139.485833,0,MA,0.0,0.0,167.0,4.0,1,2350,0,0,0,0,3,0
VM,0,0,0,152.0,2,3300,0,0,0,0,0,0

APPTR,V34-A,34,MA1
IF,MA,-20.664750,139.485833, ,0.0,0.0,2,3300,0,1,190,0,1,0
FC,MA,-20.664750,139.485833,0,MA,0.0,0.0,30.0,4.7,0,0,0,0,0,0,0,1
CF,FV167,-20.597856,139.477108,1,MA,347.0,4.0,167.0,1.0,2,2900,0,0,0,0,0,0

APPTR,V34-A,34,MA2
IF,MA,-20.664750,139.485833, ,0.0,0.0,2,3300,0,0,0,0,1,0
FC,MA,-20.664750,139.485833,0,MA,0.0,0.0,11.0,4.7,0,0,0,0,0,0,0,1
CF,FV167,-20.597856,139.477108,1,MA,347.0,3.2,167.0,1.0,2,2900,0,0,0,0,0,0

FINAL,V34-A,34,D,2
IF,FV167,-20.597856,139.477108,MA,347.0,4.0,2,2900,0,0,0,0,2,0
CF,MA,-20.664750,139.485833,0,MA,0.0,0.0,167.0,4.0,1,2350,0,0,0,0,3,0
VM,0,0,0,152.0,2,3300,0,0,0,0,0,0

