SID,LOFFA1,12,4
CA,0,122.0,2,2400,0,0,0,0,0,0
DF,LUKEY,-27.583592,151.660197,2, ,0.0,0.0,0,0,0,1,230,0,0,0
TF,LOFFA,-27.816667,150.188333,0, ,0.0,0.0,0.0,0.0,0,0,0,0,0,0,0,0

SID,LOFFA1,30,4
DF,DER30,-27.548753,151.784497,0, ,0.0,0.0,0,0,0,0,0,0,0,1
CA,0,287.0,2,2400,0,0,0,0,0,0
DF,LOFFA,-27.816667,150.188333,0, ,0.0,0.0,0,0,0,1,210,0,0,0

SID,MESED1,12,4
CA,0,122.0,2,2400,0,1,210,0,0,0
DF,BIVAT,-27.542056,151.911972,2, ,0.0,0.0,0,0,0,1,220,0,0,0

SID,MESED1,30,4
DF,DER30,-27.548753,151.784497,0, ,0.0,0.0,0,0,0,0,0,0,0,1
CA,0,287.0,2,2400,0,1,210,0,0,0
DF,BIVAT,-27.542056,151.911972,1, ,0.0,0.0,0,0,0,1,220,0,0,0

SID,MESED1,ALL,5
IF,BIVAT,-27.542056,151.911972, ,0.0,0.0,0,0,0,0,0,0,0,0
TF,MESED,-27.310342,151.857694,0, ,0.0,0.0,0.0,0.0,0,0,0,0,0,0,0,0

SID,PARRY1,12,4
CA,0,122.0,2,2400,0,0,0,0,0,0
DF,PARRY,-27.746206,152.355522,0, ,0.0,0.0,0,0,0,1,230,0,0,0

SID,PARRY1,30,4
DF,DER30,-27.548753,151.784497,0, ,0.0,0.0,0,0,0,0,0,0,0,1
CA,0,287.0,2,2400,0,0,0,0,0,0
DF,PARRY,-27.746206,152.355522,1, ,0.0,0.0,0,0,0,1,210,0,0,0

SID,UPMOG1,12,4
CA,0,122.0,2,2400,0,0,0,0,0,0
DF,GUMBA,-27.735561,151.805675,0, ,0.0,0.0,0,0,0,1,230,0,0,0

SID,UPMOG1,30,4
DF,DER30,-27.548753,151.784497,0, ,0.0,0.0,0,0,0,0,0,0,0,1
CA,0,287.0,2,2400,0,0,0,0,0,0
DF,GUMBA,-27.735561,151.805675,1, ,0.0,0.0,0,0,0,1,210,0,0,0

SID,UPMOG1,ALL,5
IF,GUMBA,-27.735561,151.805675, ,0.0,0.0,0,0,0,0,0,0,0,0
TF,UPMOG,-28.002678,151.839842,0, ,0.0,0.0,0.0,0.0,0,0,0,0,0,0,0,0

SID,WOODY1,12,4
CA,0,122.0,2,2400,0,0,0,0,0,0
DF,BIVAT,-27.542056,151.911972,2, ,0.0,0.0,0,0,0,1,230,0,0,0

SID,WOODY1,30,4
DF,DER30,-27.548753,151.784497,0, ,0.0,0.0,0,0,0,0,0,0,0,1
CA,0,287.0,2,2400,0,0,0,0,0,0
DF,BIVAT,-27.542056,151.911972,1, ,0.0,0.0,0,0,0,1,210,0,0,0

SID,WOODY1,ALL,5
IF,BIVAT,-27.542056,151.911972, ,0.0,0.0,0,0,0,0,0,0,0,0
TF,WOODY,-27.238025,152.404697,0, ,0.0,0.0,0.0,0.0,0,0,0,0,0,0,0,0

APPTR,R12-X,12,AKVEM
IF,AKVEM,-27.542633,151.470022, ,0.0,0.0,4,5000,4200,0,0,0,1,0
TF,WW400,-27.551331,151.593081,0, ,0.0,0.0,0.0,0.0,1,4200,0,0,0,0,0,0
TF,WW410,-27.499169,151.653853,0, ,0.0,0.0,0.0,0.0,1,4200,0,0,0,0,0,0

APPTR,R12-X,12,UDERI
IF,UDERI,-27.687206,151.635283, ,0.0,0.0,4,5000,4200,1,220,0,1,0
TF,WW400,-27.551331,151.593081,0, ,0.0,0.0,0.0,0.0,1,4200,0,1,220,0,0,0
TF,WW410,-27.499169,151.653853,0, ,0.0,0.0,0.0,0.0,1,4200,0,0,0,0,0,0

FINAL,R12-X,12,R,3
IF,WW410,-27.499169,151.653853, ,0.0,0.0,1,4200,0,0,0,0,2,0
RF,WW420,-27.498483,151.723272,2,RWW01,121.8,2.7,2,2900,0,0,0,0,0,0
TF,RW12,-27.548753,151.784497,0, ,0.0,0.0,122.0,4.4,1,1486,0,0,0,0,3,1
TF,WW430,-27.580206,151.822853,0, ,0.0,0.0,0.0,0.0,0,0,0,0,0,0,0,0
RF,WW440,-27.648433,151.857386,2,RWW02,167.9,5.7,0,0,0,0,0,0,0,0
TF,WW450,-27.740811,151.859464,0, ,0.0,0.0,0.0,0.0,1,4200,0,0,0,0,0,0

APPTR,R12-Y,12,OMBAS
IF,OMBAS,-27.496911,151.536203, ,0.0,0.0,1,4200,0,1,210,0,1,0
TF,BONRU,-27.438108,151.649833,0, ,0.0,0.0,0.0,0.0,1,4200,0,0,0,0,1,0

FINAL,R12-Y,12,R,3
IF,BONRU,-27.438108,151.649833, ,0.0,0.0,1,4200,0,0,0,0,0,0
TF,LUGDO,-27.494906,151.718908,0, ,0.0,0.0,122.0,5.0,2,3000,0,0,0,0,2,0
TF,BWWNM,-27.540194,151.774067,0, ,0.0,0.0,122.0,4.0,1,1726,0,0,0,0,3,1
CA,0,122.0,2,2010,0,0,0,0,0,0
DF,BWWNH,-27.630583,151.725278,2, ,0.0,0.0,0,0,0,1,210,0,0,0
VM,0,0,0,265.0,1,4200,0,0,0,0,0,0

APPTR,R12-Z,12,BWWND
IF,BWWND,-27.581292,151.587233, ,0.0,0.0,1,4200,0,1,210,0,1,0
TF,BWWNI,-27.506606,151.629283,0, ,0.0,0.0,0.0,0.0,1,4200,0,0,0,0,1,0

APPTR,R12-Z,12,OMBAS
IF,OMBAS,-27.496911,151.536203, ,0.0,0.0,1,4200,0,1,210,0,1,0
TF,BWWNI,-27.506606,151.629283,0, ,0.0,0.0,0.0,0.0,1,4200,0,0,0,0,1,0

FINAL,R12-Z,12,R,3
IF,BWWNI,-27.506606,151.629283, ,0.0,0.0,1,4200,0,0,0,0,0,0
TF,BWWNF,-27.516283,151.722853,0, ,0.0,0.0,86.0,5.0,2,2700,0,0,0,0,2,0
TF,BWWNM,-27.540194,151.774067,0, ,0.0,0.0,107.0,3.1,1,1722,0,0,0,0,3,1
CA,0,107.0,2,2010,0,0,0,0,0,0
DF,BWWNH,-27.630583,151.725278,2, ,0.0,0.0,0,0,0,1,210,0,0,0
VM,0,0,0,265.0,1,4200,0,0,0,0,0,0

APPTR,R30-Z,30,WTBSB
IF,WTBSB,-27.732156,152.008672, ,0.0,0.0,2,6000,0,1,210,0,1,0
TF,WTBSI,-27.675953,151.939850,0, ,0.0,0.0,0.0,0.0,2,4750,0,0,0,0,1,0

APPTR,R30-Z,30,WTBSC
IF,WTBSC,-27.752831,151.903464, ,0.0,0.0,2,6000,0,1,210,0,1,0
TF,WTBSI,-27.675953,151.939850,0, ,0.0,0.0,0.0,0.0,2,4750,0,0,0,0,1,0

FINAL,R30-Z,30,R,3
IF,WTBSI,-27.675953,151.939850, ,0.0,0.0,2,4750,0,0,0,0,0,0
TF,WTBSF,-27.619261,151.870539,0, ,0.0,0.0,302.0,5.0,2,3110,0,0,0,0,2,0
TF,RW30,-27.566294,151.805886,0, ,0.0,0.0,302.0,4.7,1,1559,0,0,0,0,3,1
CA,0,302.0,2,2010,0,0,0,0,0,0
DF,WTBSH,-27.646900,151.726303,1, ,0.0,0.0,0,0,0,1,210,0,0,0
VM,0,0,0,142.0,1,4200,0,0,0,0,0,0

