APPTR,R16-Z,16,CTMNA
IF,CTMNA,-34.416333,147.912139, ,0.0,0.0,2,4600,0,0,0,0,1,0
TF,CTMNI,-34.435667,148.010139,0, ,0.0,0.0,0.0,0.0,2,4600,0,0,0,0,1,0

APPTR,R16-Z,16,CTMNC
IF,CTMNC,-34.352750,147.998500, ,0.0,0.0,2,4600,0,0,0,0,1,0
TF,CTMNI,-34.435667,148.010139,0, ,0.0,0.0,0.0,0.0,2,4600,0,0,0,0,1,0

FINAL,R16-Z,16,R,3
IF,CTMNI,-34.435667,148.010139, ,0.0,0.0,2,4600,0,0,0,0,0,0
TF,CTMNF,-34.518583,148.021778,0, ,0.0,0.0,162.0,5.0,2,3050,0,0,0,0,2,0
TF,CTMNM,-34.601500,148.033417,0, ,0.0,0.0,162.0,5.0,1,1456,0,0,0,0,3,1
DF,CTMNH,-34.659556,148.041611,0, ,0.0,0.0,0,0,0,0,0,0,0,1
VM,0,0,2,327.0,2,4200,0,0,0,0,0,0

APPTR,R34-Z,34,CTMSE
IF,CTMSE,-34.819333,148.159917, ,0.0,0.0,2,4200,0,0,0,0,1,0
TF,CTMSI,-34.800083,148.061444,0, ,0.0,0.0,0.0,0.0,2,4200,0,0,0,0,1,0

APPTR,R34-Z,34,CTMSG
IF,CTMSG,-34.882972,148.073194, ,0.0,0.0,2,4200,0,0,0,0,1,0
TF,CTMSI,-34.800083,148.061444,0, ,0.0,0.0,0.0,0.0,2,4200,0,0,0,0,1,0

APPTR,R34-Z,34,CTMSJ
IF,CTMSJ,-34.837472,147.970944, ,0.0,0.0,2,4200,0,0,0,0,1,0
TF,CTMSI,-34.800083,148.061444,0, ,0.0,0.0,0.0,0.0,2,4200,0,0,0,0,1,0

FINAL,R34-Z,34,R,3
IF,CTMSI,-34.800083,148.061444, ,0.0,0.0,2,4200,0,0,0,0,0,0
TF,CTMSF,-34.717167,148.049722,0, ,0.0,0.0,342.0,5.0,2,2890,0,0,0,0,2,0
TF,CTMSM,-34.634250,148.038028,0, ,0.0,0.0,342.0,5.0,1,1296,0,0,0,0,3,1
DF,CTMSH,-34.584500,148.031028,0, ,0.0,0.0,0,0,0,0,0,0,0,1
VM,0,0,1,177.0,2,4200,0,0,0,0,0,0

