APPTR,R08,08,CWAWA
IF,CWAWA,-23.085192,118.595558, ,0.0,0.0,2,5300,0,1,230,0,1,0
TF,CWAWI,-22.987567,118.620611,0, ,0.0,0.0,0.0,0.0,2,5300,0,0,0,0,1,0

APPTR,R08,08,CWAWB
IF,CWAWB,-22.999142,118.512953, ,0.0,0.0,2,5300,0,1,230,0,1,0
TF,CWAWI,-22.987567,118.620611,0, ,0.0,0.0,0.0,0.0,2,5300,0,0,0,0,1,0

APPTR,R08,08,CWAWC
IF,CWAWC,-22.897875,118.572042, ,0.0,0.0,2,5300,0,1,230,0,1,0
TF,CWAWI,-22.987567,118.620611,0, ,0.0,0.0,0.0,0.0,2,5300,0,0,0,0,1,0

FINAL,R08,08,R,3
IF,CWAWI,-22.987567,118.620611, ,0.0,0.0,2,5300,0,0,0,0,0,0
TF,CWAWF,-22.977867,118.710311,0, ,0.0,0.0,82.0,5.0,2,4020,0,0,0,0,2,0
TF,RW08,-22.967531,118.805378,0, ,0.0,0.0,82.0,5.3,1,2331,0,0,0,0,3,1
DF,CWAWH,-22.962242,118.853806,0, ,0.0,0.0,0,0,0,0,0,0,0,0
CA,0,82.0,2,5300,0,0,0,0,0,0

APPTR,R26,26,CWAED
IF,CWAED,-22.847667,119.032250, ,0.0,0.0,2,5300,0,1,230,0,1,0
TF,CWAEI,-22.945356,119.007519,0, ,0.0,0.0,0.0,0.0,2,5300,0,0,0,0,1,0

APPTR,R26,26,CWAEE
IF,CWAEE,-22.933447,119.115089, ,0.0,0.0,2,5300,0,1,230,0,1,0
TF,CWAEI,-22.945356,119.007519,0, ,0.0,0.0,0.0,0.0,2,5300,0,0,0,0,1,0

FINAL,R26,26,R,3
IF,CWAEI,-22.945356,119.007519, ,0.0,0.0,2,5300,0,0,0,0,0,0
TF,CWAEF,-22.955225,118.917861,0, ,0.0,0.0,262.0,5.0,2,4060,0,0,0,0,2,0
TF,RW26,-22.965631,118.822808,0, ,0.0,0.0,262.0,5.3,1,2377,0,0,0,0,3,1
DF,CWAEH,-22.970908,118.774381,0, ,0.0,0.0,0,0,0,0,0,0,0,0
CA,0,262.0,2,5300,0,0,0,0,0,0

