SID,IVANH1,16,1
CA,0,164.0,2,1000,0,0,0,0,0,0
VM,0,0,0,164.0,2,1900,0,0,0,0,0,0

SID,IVANH1,34,1
CA,0,344.0,2,1000,0,0,0,0,0,0
VM,0,0,0,344.0,2,1900,0,0,0,0,0,0

APPTR,R16,16,IVZNA
IF,IVZNA,-32.696222,144.191469, ,0.0,0.0,2,2000,0,1,210,0,1,0
TF,IVZNI,-32.715481,144.287522,0, ,0.0,0.0,0.0,0.0,2,2000,0,0,0,0,1,0

APPTR,R16,16,IVZNC
IF,IVZNC,-32.632583,144.276039, ,0.0,0.0,2,2000,0,1,210,0,1,0
TF,IVZNI,-32.715481,144.287522,0, ,0.0,0.0,0.0,0.0,2,2000,0,0,0,0,1,0

APPTR,R16,16,IVZND
IF,IVZND,-32.677964,144.375706, ,0.0,0.0,2,2000,0,1,210,0,1,0
TF,IVZNI,-32.715481,144.287522,0, ,0.0,0.0,0.0,0.0,2,2000,0,0,0,0,1,0

FINAL,R16,16,R,3
IF,IVZNI,-32.715481,144.287522, ,0.0,0.0,2,2000,0,0,0,0,0,0
TF,IVZNF,-32.798381,144.299025,0, ,0.0,0.0,164.0,5.0,2,1970,0,0,0,0,2,0
TF,IVZNM,-32.881278,144.310542,0, ,0.0,0.0,164.0,5.0,1,381,0,0,0,0,3,1
DF,IVZNH,-32.931014,144.317458,0, ,0.0,0.0,0,0,0,0,0,0,0,0
CA,0,164.0,2,1900,0,0,0,0,0,0

APPTR,R34,34,IVZSE
IF,IVZSE,-33.077386,144.431658, ,0.0,0.0,2,2000,0,1,210,0,1,0
TF,IVZSI,-33.058217,144.335178,0, ,0.0,0.0,0.0,0.0,2,2000,0,0,0,0,1,0

APPTR,R34,34,IVZSG
IF,IVZSG,-33.141111,144.346744, ,0.0,0.0,2,2000,0,1,210,0,1,0
TF,IVZSI,-33.058217,144.335178,0, ,0.0,0.0,0.0,0.0,2,2000,0,0,0,0,1,0

APPTR,R34,34,IVZSJ
IF,IVZSJ,-33.095683,144.246592, ,0.0,0.0,2,2000,0,1,210,0,1,0
TF,IVZSI,-33.058217,144.335178,0, ,0.0,0.0,0.0,0.0,2,2000,0,0,0,0,1,0

FINAL,R34,34,R,3
IF,IVZSI,-33.058217,144.335178, ,0.0,0.0,2,2000,0,0,0,0,0,0
TF,IVZSF,-32.975322,144.323628,0, ,0.0,0.0,344.0,5.0,2,1950,0,0,0,0,2,0
TF,IVZSM,-32.892425,144.312092,0, ,0.0,0.0,344.0,5.0,1,356,0,0,0,0,3,1
DF,IVZSH,-32.842689,144.305178,0, ,0.0,0.0,0,0,0,0,0,0,0,0
CA,0,344.0,2,1900,0,0,0,0,0,0

