APPTR,R11,11,MGBWD
IF,MGBWD,-12.073983,134.669111, ,0.0,0.0,2,1800,0,1,210,0,1,0
TF,MGBWI,-12.016086,134.730572,0, ,0.0,0.0,0.0,0.0,2,1800,0,0,0,0,1,0

APPTR,R11,11,MGBWE
IF,MGBWE,-11.979044,134.654311, ,0.0,0.0,2,1800,0,1,210,0,1,0
TF,MGBWI,-12.016086,134.730572,0, ,0.0,0.0,0.0,0.0,2,1800,0,0,0,0,1,0

APPTR,R11,11,MGBWG
IF,MGBWG,-11.932864,134.739833, ,0.0,0.0,2,1800,0,1,210,0,1,0
TF,MGBWI,-12.016086,134.730572,0, ,0.0,0.0,0.0,0.0,2,1800,0,0,0,0,1,0

FINAL,R11,11,R,3
IF,MGBWI,-12.016086,134.730572, ,0.0,0.0,2,1800,0,0,0,0,0,0
TF,MGBWF,-12.053117,134.806881,0, ,0.0,0.0,112.0,5.0,2,1780,0,0,0,0,2,0
TF,RW11,-12.092122,134.887325,0, ,0.0,0.0,112.0,5.3,1,103,0,0,0,0,3,1
DF,MGBWH,-12.112317,134.929014,0, ,0.0,0.0,0,0,0,0,0,0,0,1
VM,0,0,1,310.0,2,1700,0,0,0,0,0,0

APPTR,R29,29,MGBEA
IF,MGBEA,-12.115711,135.117208, ,0.0,0.0,2,1800,0,1,210,0,1,0
TF,MGBEI,-12.173697,135.055806,0, ,0.0,0.0,0.0,0.0,2,1800,0,0,0,0,1,0

APPTR,R29,29,MGBEB
IF,MGBEB,-12.210625,135.132181, ,0.0,0.0,2,1800,0,1,210,0,1,0
TF,MGBEI,-12.173697,135.055806,0, ,0.0,0.0,0.0,0.0,2,1800,0,0,0,0,1,0

APPTR,R29,29,MGBEC
IF,MGBEC,-12.256928,135.046639, ,0.0,0.0,2,1800,0,1,210,0,1,0
TF,MGBEI,-12.173697,135.055806,0, ,0.0,0.0,0.0,0.0,2,1800,0,0,0,0,1,0

FINAL,R29,29,R,3
IF,MGBEI,-12.173697,135.055806, ,0.0,0.0,2,1800,0,0,0,0,0,0
TF,MGBEF,-12.136708,134.979431,0, ,0.0,0.0,292.0,5.0,2,1760,0,0,0,0,2,0
TF,RW29,-12.097758,134.898956,0, ,0.0,0.0,292.0,5.3,1,82,0,0,0,0,3,1
DF,MGBEH,-12.077561,134.857275,0, ,0.0,0.0,0,0,0,0,0,0,0,1
VM,0,0,2,90.0,2,1700,0,0,0,0,0,0

