SID,YMMU1,11,1
CA,0,106.0,2,1300,0,0,0,0,0,0
VM,0,0,0,106.0,2,3900,0,0,0,0,0,0

SID,YMMU1,29,1
CA,0,286.0,2,1400,0,0,0,0,0,0
VM,0,0,0,286.0,2,3900,0,0,0,0,0,0

APPTR,R11-E,11,MMZEA
IF,MMZEA,-22.853089,148.947844, ,0.0,0.0,2,2500,0,1,210,0,1,0
TF,MMZEI,-22.902325,148.874914,0, ,0.0,0.0,0.0,0.0,2,2500,0,0,0,0,1,0

APPTR,R11-E,11,MMZEB
IF,MMZEB,-22.948986,148.949814, ,0.0,0.0,2,2500,0,1,210,0,1,0
TF,MMZEI,-22.902325,148.874914,0, ,0.0,0.0,0.0,0.0,2,2500,0,0,0,0,1,0

APPTR,R11-E,11,MMZEC
IF,MMZEC,-22.983472,148.853161, ,0.0,0.0,2,2500,0,1,210,0,1,0
TF,MMZEI,-22.902325,148.874914,0, ,0.0,0.0,0.0,0.0,2,2500,0,0,0,0,1,0

FINAL,R11-E,11,R,3
IF,MMZEI,-22.902325,148.874914, ,0.0,0.0,2,2500,0,0,0,0,0,0
TF,MMZEF,-22.855622,148.800061,0, ,0.0,0.0,296.0,5.0,2,2420,0,0,0,0,2,0
TF,MMZEM,-22.808883,148.725261,0, ,0.0,0.0,296.0,5.0,1,823,0,0,0,0,3,1
TF,MMZEH,-22.780822,148.680403,0, ,0.0,0.0,0.0,0.0,0,0,0,0,0,0,0,0
CA,0,296.0,2,3900,0,0,0,0,0,0

APPTR,R11-W,11,MMZWD
IF,MMZWD,-22.789975,148.471572, ,0.0,0.0,2,3900,0,1,210,0,1,0
TF,MMZWI,-22.729906,148.534308,0, ,0.0,0.0,0.0,0.0,2,3780,0,0,0,0,1,0

APPTR,R11-W,11,MMZWE
IF,MMZWE,-22.695769,148.452019, ,0.0,0.0,2,3900,0,1,210,0,1,0
TF,MMZWI,-22.729906,148.534308,0, ,0.0,0.0,0.0,0.0,2,3780,0,0,0,0,1,0

APPTR,R11-W,11,MMZWG
IF,MMZWG,-22.646489,148.540714, ,0.0,0.0,2,3900,0,1,210,0,1,0
TF,MMZWI,-22.729906,148.534308,0, ,0.0,0.0,0.0,0.0,2,3780,0,0,0,0,1,0

FINAL,R11-W,11,R,3
IF,MMZWI,-22.729906,148.534308, ,0.0,0.0,2,3780,0,0,0,0,0,0
TF,MMZWF,-22.763997,148.616639,0, ,0.0,0.0,106.0,5.0,2,2190,0,0,0,0,2,0
TF,MMZWM,-22.798044,148.699006,0, ,0.0,0.0,106.0,5.0,1,596,0,0,0,0,3,1
TF,MMZWH,-22.818450,148.748444,0, ,0.0,0.0,0.0,0.0,0,0,0,0,0,0,0,0
CA,0,106.0,2,3900,0,0,0,0,0,0

APPTR,R29-E,29,MMZEA
IF,MMZEA,-22.853089,148.947844, ,0.0,0.0,2,2500,0,1,210,0,1,0
TF,MMZEI,-22.902325,148.874914,0, ,0.0,0.0,0.0,0.0,2,2500,0,0,0,0,1,0

APPTR,R29-E,29,MMZEB
IF,MMZEB,-22.948986,148.949814, ,0.0,0.0,2,2500,0,1,210,0,1,0
TF,MMZEI,-22.902325,148.874914,0, ,0.0,0.0,0.0,0.0,2,2500,0,0,0,0,1,0

APPTR,R29-E,29,MMZEC
IF,MMZEC,-22.983472,148.853161, ,0.0,0.0,2,2500,0,1,210,0,1,0
TF,MMZEI,-22.902325,148.874914,0, ,0.0,0.0,0.0,0.0,2,2500,0,0,0,0,1,0

FINAL,R29-E,29,R,3
IF,MMZEI,-22.902325,148.874914, ,0.0,0.0,2,2500,0,0,0,0,0,0
TF,MMZEF,-22.855622,148.800061,0, ,0.0,0.0,296.0,5.0,2,2420,0,0,0,0,2,0
TF,MMZEM,-22.808883,148.725261,0, ,0.0,0.0,296.0,5.0,1,823,0,0,0,0,3,1
TF,MMZEH,-22.780822,148.680403,0, ,0.0,0.0,0.0,0.0,0,0,0,0,0,0,0,0
CA,0,296.0,2,3900,0,0,0,0,0,0

APPTR,R29-W,29,MMZWD
IF,MMZWD,-22.789975,148.471572, ,0.0,0.0,2,3900,0,1,210,0,1,0
TF,MMZWI,-22.729906,148.534308,0, ,0.0,0.0,0.0,0.0,2,3780,0,0,0,0,1,0

APPTR,R29-W,29,MMZWE
IF,MMZWE,-22.695769,148.452019, ,0.0,0.0,2,3900,0,1,210,0,1,0
TF,MMZWI,-22.729906,148.534308,0, ,0.0,0.0,0.0,0.0,2,3780,0,0,0,0,1,0

APPTR,R29-W,29,MMZWG
IF,MMZWG,-22.646489,148.540714, ,0.0,0.0,2,3900,0,1,210,0,1,0
TF,MMZWI,-22.729906,148.534308,0, ,0.0,0.0,0.0,0.0,2,3780,0,0,0,0,1,0

FINAL,R29-W,29,R,3
IF,MMZWI,-22.729906,148.534308, ,0.0,0.0,2,3780,0,0,0,0,0,0
TF,MMZWF,-22.763997,148.616639,0, ,0.0,0.0,106.0,5.0,2,2190,0,0,0,0,2,0
TF,MMZWM,-22.798044,148.699006,0, ,0.0,0.0,106.0,5.0,1,596,0,0,0,0,3,1
TF,MMZWH,-22.818450,148.748444,0, ,0.0,0.0,0.0,0.0,0,0,0,0,0,0,0,0
CA,0,106.0,2,3900,0,0,0,0,0,0

