APPTR,R11-Z,11,MNEWD
IF,MNEWD,-27.275481,120.309936, ,0.0,0.0,1,3200,0,1,210,0,1,0
TF,MNEWI,-27.215503,120.375044,0, ,0.0,0.0,0.0,0.0,1,3200,0,0,0,0,1,0

APPTR,R11-Z,11,MNEWE
IF,MNEWE,-27.181325,120.289758, ,0.0,0.0,1,3200,0,1,210,0,1,0
TF,MNEWI,-27.215503,120.375044,0, ,0.0,0.0,0.0,0.0,1,3200,0,0,0,0,1,0

APPTR,R11-Z,11,MNEWG
IF,MNEWG,-27.132147,120.381756, ,0.0,0.0,1,3200,0,1,210,0,1,0
TF,MNEWI,-27.215503,120.375044,0, ,0.0,0.0,0.0,0.0,1,3200,0,0,0,0,1,0

FINAL,R11-Z,11,R,3
IF,MNEWI,-27.215503,120.375044, ,0.0,0.0,1,3200,0,0,0,0,0,0
TF,MNEWF,-27.256444,120.477458,0, ,0.0,0.0,113.0,6.0,2,3120,0,0,0,0,2,0
TF,RW11,-27.283697,120.545775,0, ,0.0,0.0,113.0,4.0,1,1842,0,0,0,0,3,1
DF,MNEWH,-27.310917,120.614125,0, ,0.0,0.0,3,3200,0,0,0,0,0,0
VM,0,0,0,113.0,2,3200,0,0,0,0,0,0

APPTR,R29-Z,29,MNEEA
IF,MNEEA,-27.298108,120.798272, ,0.0,0.0,1,3200,0,1,210,0,1,0
TF,MNEEI,-27.358283,120.733344,0, ,0.0,0.0,0.0,0.0,1,3200,0,0,0,0,1,0

APPTR,R29-Z,29,MNEEB
IF,MNEEB,-27.392186,120.818903, ,0.0,0.0,1,3200,0,1,210,0,1,0
TF,MNEEI,-27.358283,120.733344,0, ,0.0,0.0,0.0,0.0,1,3200,0,0,0,0,1,0

APPTR,R29-Z,29,MNEEC
IF,MNEEC,-27.441650,120.726883, ,0.0,0.0,1,3200,0,1,210,0,1,0
TF,MNEEI,-27.358283,120.733344,0, ,0.0,0.0,0.0,0.0,1,3200,0,0,0,0,1,0

FINAL,R29-Z,29,R,3
IF,MNEEI,-27.358283,120.733344, ,0.0,0.0,1,3200,0,0,0,0,0,0
TF,MNEEF,-27.317528,120.630744,0, ,0.0,0.0,293.0,6.0,2,3100,0,0,0,0,2,0
TF,RW29,-27.290317,120.562386,0, ,0.0,0.0,293.0,4.0,1,1822,0,0,0,0,3,1
DF,MNEEH,-27.263072,120.494061,0, ,0.0,0.0,3,3200,0,0,0,0,0,0
VM,0,0,0,293.0,2,3200,0,0,0,0,0,0

