APPTR,R23-Z,23,MULEA
IF,MULEA,-32.305250,115.944528, ,0.0,0.0,2,3100,0,0,0,0,1,0
TF,MULEI,-32.381222,115.985333,0, ,0.0,0.0,0.0,0.0,2,3100,0,0,0,0,1,0

APPTR,R23-Z,23,MULEB
IF,MULEB,-32.322639,116.055444, ,0.0,0.0,2,3100,0,0,0,0,1,0
TF,MULEI,-32.381222,115.985333,0, ,0.0,0.0,0.0,0.0,2,3100,0,0,0,0,1,0

APPTR,R23-Z,23,MULEC
IF,MULEC,-32.417111,116.074222, ,0.0,0.0,2,3100,0,0,0,0,1,0
TF,MULEI,-32.381222,115.985333,0, ,0.0,0.0,0.0,0.0,2,3100,0,0,0,0,1,0

FINAL,R23-Z,23,R,3
IF,MULEI,-32.381222,115.985333, ,0.0,0.0,2,3100,0,0,0,0,0,0
TF,MULEF,-32.439750,115.915139,0, ,0.0,0.0,227.0,5.0,2,1790,0,0,0,0,2,0
TF,MULEM,-32.498250,115.844833,0, ,0.0,0.0,227.0,5.0,1,205,0,0,0,0,3,1
DF,MULEH,-32.533333,115.802611,0, ,0.0,0.0,0,0,0,0,0,0,0,1
VM,0,0,1,70.0,2,3100,0,0,0,0,0,0

