APPTR,R14,14,NKRND
IF,NKRND,-15.472525,130.279486, ,0.0,0.0,2,2600,0,1,210,0,1,0
TF,NKRNI,-15.444439,130.360767,0, ,0.0,0.0,0.0,0.0,2,2600,0,0,0,0,1,0

APPTR,R14,14,NKRNE
IF,NKRNE,-15.380264,130.305403, ,0.0,0.0,2,2600,0,1,210,0,1,0
TF,NKRNI,-15.444439,130.360767,0, ,0.0,0.0,0.0,0.0,2,2600,0,0,0,0,1,0

APPTR,R14,14,NKRNG
IF,NKRNG,-15.372242,130.404386, ,0.0,0.0,2,2600,0,1,210,0,1,0
TF,NKRNI,-15.444439,130.360767,0, ,0.0,0.0,0.0,0.0,2,2600,0,0,0,0,1,0

FINAL,R14,14,R,3
IF,NKRNI,-15.444439,130.360767, ,0.0,0.0,2,2600,0,0,0,0,0,0
TF,NKRNF,-15.508603,130.416167,0, ,0.0,0.0,137.0,5.0,2,2040,0,0,0,0,2,0
TF,NKRNM,-15.572750,130.471600,0, ,0.0,0.0,137.0,5.0,1,450,0,0,0,0,3,1
TF,NKRNH,-15.611197,130.504919,0, ,0.0,0.0,0.0,0.0,0,0,0,0,0,0,0,0
CA,0,137.0,2,2600,0,0,0,0,0,0

APPTR,R32,32,NKRSA
IF,NKRSA,-15.679753,130.670133, ,0.0,0.0,2,2600,0,1,210,0,1,0
TF,NKRSI,-15.708383,130.588961,0, ,0.0,0.0,0.0,0.0,2,2600,0,0,0,0,1,0

APPTR,R32,32,NKRSB
IF,NKRSB,-15.772486,130.644503, ,0.0,0.0,2,2600,0,1,210,0,1,0
TF,NKRSI,-15.708383,130.588961,0, ,0.0,0.0,0.0,0.0,2,2600,0,0,0,0,1,0

APPTR,R32,32,NKRSC
IF,NKRSC,-15.780844,130.545744, ,0.0,0.0,2,2600,0,1,210,0,1,0
TF,NKRSI,-15.708383,130.588961,0, ,0.0,0.0,0.0,0.0,2,2600,0,0,0,0,1,0

FINAL,R32,32,R,3
IF,NKRSI,-15.708383,130.588961, ,0.0,0.0,2,2600,0,0,0,0,0,0
TF,NKRSF,-15.644264,130.533456,0, ,0.0,0.0,317.0,5.0,2,2070,0,0,0,0,2,0
TF,NKRSM,-15.580133,130.477983,0, ,0.0,0.0,317.0,5.0,1,473,0,0,0,0,3,1
TF,NKRSH,-15.541647,130.444717,0, ,0.0,0.0,0.0,0.0,0,0,0,0,0,0,0,0
VM,0,0,0,360.0,2,2600,0,0,0,0,0,0

