SID,PF9,03L,1
CA,0,20.0,2,3000,0,0,0,0,0,0
VM,0,0,0,20.0,0,0,0,0,0,0,0,0

SID,PF9,21R,1
DF,RW21R,-34.803778,138.630644,0, ,0.0,0.0,0,0,0,0,0,0,0,1
CA,0,215.0,2,800,0,0,0,0,0,0
CA,0,240.0,2,1600,0,0,0,0,0,0
VM,0,0,0,240.0,0,0,0,0,0,0,0,0

APPTR,N21RY,21R,PF
IF,PF,-34.796667,138.631667, ,0.0,0.0,2,4000,0,1,140,0,1,0
FC,PF,-34.796667,138.631667,0,AD,0.0,0.0,36.0,8.2,0,0,0,0,0,0,0,1
CF,FN21R,-34.699494,138.708053,1,AD,23.5,17.4,205.0,2.0,2,2200,0,0,0,0,0,0

FINAL,N21RY,21R,N,2
IF,FN21R,-34.699494,138.708053,PF,0.0,0.0,2,2200,0,0,0,0,2,0
CF,RW21R,-34.793056,138.637625,0,PF,0.0,0.0,205.0,6.6,1,99,0,0,0,0,3,0
CF,PF,-34.796667,138.631667,0,AD,22.5,10.4,205.0,0.4,0,0,0,0,0,0,0,1
CA,0,270.0,2,3000,0,0,0,0,0,0

APPTR,Q21RZ,21R,D205W
IF,D205W,-34.620650,138.769875, ,0.0,0.0,2,4000,0,1,140,0,1,0
TF,D205U,-34.648681,138.747911,0, ,0.0,0.0,0.0,0.0,2,3460,0,0,0,0,0,0
TF,CQ21R,-34.676711,138.725933,0, ,0.0,0.0,0.0,0.0,2,2810,0,0,0,0,0,0

APPTR,Q21RZ,21R,PF
IF,PF,-34.796667,138.631667, ,0.0,0.0,2,4000,0,1,140,0,1,0
FD,PF,-34.796667,138.631667,0,AD,22.5,19.0,36.0,19.0,0,0,0,0,0,0,0,0
CF,CQ21R,-34.676711,138.725933,1,AD,23.6,19.0,205.0,1.0,2,2810,0,0,0,0,0,0

FINAL,Q21RZ,21R,N,5
IF,CQ21R,-34.676711,138.725933,PF,0.0,0.0,2,2810,0,0,0,0,0,0
CF,FQ21R,-34.690725,138.714936,0,PF,0.0,0.0,205.0,1.0,2,2480,0,0,0,0,2,0
CF,DME15,-34.739769,138.676417,0,PF,0.0,0.0,205.0,3.5,2,1320,0,0,0,0,0,0
CF,DME14,-34.753783,138.665403,0,PF,0.0,0.0,205.0,1.0,2,990,0,0,0,0,0,0
CF,RW21R,-34.793056,138.637625,0,AD,0.0,10.8,205.0,2.7,1,99,0,0,0,0,3,0
CF,PF,-34.796667,138.631667,0,AD,22.5,10.4,205.0,0.4,0,0,0,0,0,0,0,1
CA,0,270.0,2,3000,0,0,0,0,0,0

APPTR,R21R,21R,PPFNA
IF,PPFNA,-34.583722,138.665889, ,0.0,0.0,2,4000,0,0,0,0,1,0
TF,PPFNI,-34.645944,138.733194,0, ,0.0,0.0,0.0,0.0,2,3280,0,0,0,0,0,0

APPTR,R21R,21R,PPFND
IF,PPFND,-34.657778,138.833194, ,0.0,0.0,2,4000,0,0,0,0,1,0
TF,PPFNI,-34.645944,138.733194,0, ,0.0,0.0,0.0,0.0,2,3280,0,0,0,0,0,0

FINAL,R21R,21R,R,3
IF,PPFNI,-34.645944,138.733194, ,0.0,0.0,2,3000,0,0,0,0,1,0
TF,PPFNF,-34.719500,138.685444,0, ,0.0,0.0,200.0,5.0,2,1690,0,0,0,0,2,0
TF,PPFNM,-34.793056,138.637639,0, ,0.0,0.0,200.0,5.0,1,102,0,0,0,0,3,1
DF,PPFNH,-34.778972,138.517417,0, ,0.0,0.0,0,0,0,0,0,0,0,0
VM,0,0,0,270.0,2,3000,0,0,0,0,0,0

APPTR,V03LA,03L,AD
IF,AD,-34.946972,138.524528, ,0.0,0.0,2,3000,0,1,140,0,1,0
FC,AD,-34.946972,138.524528,0,AD,0.0,0.0,226.0,3.5,0,0,0,0,0,0,0,1
CF,D202D,-34.997572,138.489028,1,AD,202.0,3.5,22.0,1.0,2,2100,0,0,0,0,0,0
TF,AD,-34.946972,138.524528,0, ,0.0,0.0,0.0,0.0,2,1500,0,0,0,0,0,0

FINAL,V03LA,03L,D,2
IF,AD,-34.946972,138.524528, ,0.0,0.0,2,1500,0,0,0,0,2,0
CF,MA022,-34.900708,138.556950,0,AD,22.0,3.2,22.0,3.2,1,1020,0,0,0,0,3,1
CA,1,270.0,2,3000,0,0,0,0,0,0

APPTR,V03RA,03R,AD
IF,AD,-34.946972,138.524528, ,0.0,0.0,2,3000,0,1,140,0,1,0
FC,AD,-34.946972,138.524528,0,AD,0.0,0.0,226.0,3.5,0,0,0,0,0,0,0,1
CF,D202D,-34.997572,138.489028,1,AD,202.0,3.5,22.0,1.0,2,2100,0,0,0,0,0,0
TF,AD,-34.946972,138.524528,0, ,0.0,0.0,0.0,0.0,2,1500,0,0,0,0,0,0

FINAL,V03RA,03R,D,2
IF,AD,-34.946972,138.524528, ,0.0,0.0,2,1500,0,0,0,0,2,0
CF,MA022,-34.900708,138.556950,0,AD,22.0,3.2,22.0,3.2,1,1020,0,0,0,0,3,1
CA,1,270.0,2,3000,0,0,0,0,0,0

APPTR,V08LA,08L,AD
IF,AD,-34.946972,138.524528, ,0.0,0.0,2,3000,0,1,140,0,1,0
FC,AD,-34.946972,138.524528,0,AD,0.0,0.0,226.0,3.5,0,0,0,0,0,0,0,1
CF,D202D,-34.997572,138.489028,1,AD,202.0,3.5,22.0,1.0,2,2100,0,0,0,0,0,0
TF,AD,-34.946972,138.524528,0, ,0.0,0.0,0.0,0.0,2,1500,0,0,0,0,0,0

FINAL,V08LA,08L,D,2
IF,AD,-34.946972,138.524528, ,0.0,0.0,2,1500,0,0,0,0,2,0
CF,MA022,-34.900708,138.556950,0,AD,22.0,3.2,22.0,3.2,1,1020,0,0,0,0,3,1
CA,1,270.0,2,3000,0,0,0,0,0,0

APPTR,V08RA,08R,AD
IF,AD,-34.946972,138.524528, ,0.0,0.0,2,3000,0,1,140,0,1,0
FC,AD,-34.946972,138.524528,0,AD,0.0,0.0,226.0,3.5,0,0,0,0,0,0,0,1
CF,D202D,-34.997572,138.489028,1,AD,202.0,3.5,22.0,1.0,2,2100,0,0,0,0,0,0
TF,AD,-34.946972,138.524528,0, ,0.0,0.0,0.0,0.0,2,1500,0,0,0,0,0,0

FINAL,V08RA,08R,D,2
IF,AD,-34.946972,138.524528, ,0.0,0.0,2,1500,0,0,0,0,2,0
CF,MA022,-34.900708,138.556950,0,AD,22.0,3.2,22.0,3.2,1,1020,0,0,0,0,3,1
CA,1,270.0,2,3000,0,0,0,0,0,0

APPTR,V21LA,21L,AD
IF,AD,-34.946972,138.524528, ,0.0,0.0,2,3000,0,1,140,0,1,0
FC,AD,-34.946972,138.524528,0,AD,0.0,0.0,226.0,3.5,0,0,0,0,0,0,0,1
CF,D202D,-34.997572,138.489028,1,AD,202.0,3.5,22.0,1.0,2,2100,0,0,0,0,0,0
TF,AD,-34.946972,138.524528,0, ,0.0,0.0,0.0,0.0,2,1500,0,0,0,0,0,0

FINAL,V21LA,21L,D,2
IF,AD,-34.946972,138.524528, ,0.0,0.0,2,1500,0,0,0,0,2,0
CF,MA022,-34.900708,138.556950,0,AD,22.0,3.2,22.0,3.2,1,1020,0,0,0,0,3,1
CA,1,270.0,2,3000,0,0,0,0,0,0

APPTR,V21RA,21R,AD
IF,AD,-34.946972,138.524528, ,0.0,0.0,2,3000,0,1,140,0,1,0
FC,AD,-34.946972,138.524528,0,AD,0.0,0.0,226.0,3.5,0,0,0,0,0,0,0,1
CF,D202D,-34.997572,138.489028,1,AD,202.0,3.5,22.0,1.0,2,2100,0,0,0,0,0,0
TF,AD,-34.946972,138.524528,0, ,0.0,0.0,0.0,0.0,2,1500,0,0,0,0,0,0

FINAL,V21RA,21R,D,2
IF,AD,-34.946972,138.524528, ,0.0,0.0,2,1500,0,0,0,0,2,0
CF,MA022,-34.900708,138.556950,0,AD,22.0,3.2,22.0,3.2,1,1020,0,0,0,0,3,1
CA,1,270.0,2,3000,0,0,0,0,0,0

APPTR,V26LA,26L,AD
IF,AD,-34.946972,138.524528, ,0.0,0.0,2,3000,0,1,140,0,1,0
FC,AD,-34.946972,138.524528,0,AD,0.0,0.0,226.0,3.5,0,0,0,0,0,0,0,1
CF,D202D,-34.997572,138.489028,1,AD,202.0,3.5,22.0,1.0,2,2100,0,0,0,0,0,0
TF,AD,-34.946972,138.524528,0, ,0.0,0.0,0.0,0.0,2,1500,0,0,0,0,0,0

FINAL,V26LA,26L,D,2
IF,AD,-34.946972,138.524528, ,0.0,0.0,2,1500,0,0,0,0,2,0
CF,MA022,-34.900708,138.556950,0,AD,22.0,3.2,22.0,3.2,1,1020,0,0,0,0,3,1
CA,1,270.0,2,3000,0,0,0,0,0,0

APPTR,V26RA,26R,AD
IF,AD,-34.946972,138.524528, ,0.0,0.0,2,3000,0,1,140,0,1,0
FC,AD,-34.946972,138.524528,0,AD,0.0,0.0,226.0,3.5,0,0,0,0,0,0,0,1
CF,D202D,-34.997572,138.489028,1,AD,202.0,3.5,22.0,1.0,2,2100,0,0,0,0,0,0
TF,AD,-34.946972,138.524528,0, ,0.0,0.0,0.0,0.0,2,1500,0,0,0,0,0,0

FINAL,V26RA,26R,D,2
IF,AD,-34.946972,138.524528, ,0.0,0.0,2,1500,0,0,0,0,2,0
CF,MA022,-34.900708,138.556950,0,AD,22.0,3.2,22.0,3.2,1,1020,0,0,0,0,3,1
CA,1,270.0,2,3000,0,0,0,0,0,0

