APPTR,R10-E,10,TNGEA
IF,TNGEA,-24.483056,150.820333, ,0.0,0.0,2,4300,0,1,210,0,1,0
TF,TNGEI,-24.549472,150.764833,0, ,0.0,0.0,0.0,0.0,2,3960,0,0,0,0,1,0

APPTR,R10-E,10,TNGEB
IF,TNGEB,-24.574444,150.852083, ,0.0,0.0,2,4300,0,1,210,0,1,0
TF,TNGEI,-24.549472,150.764833,0, ,0.0,0.0,0.0,0.0,2,3960,0,0,0,0,1,0

APPTR,R10-E,10,TNGEC
IF,TNGEC,-24.632972,150.769000, ,0.0,0.0,2,4300,0,1,210,0,1,0
TF,TNGEI,-24.549472,150.764833,0, ,0.0,0.0,0.0,0.0,2,3960,0,0,0,0,1,0

FINAL,R10-E,10,R,3
IF,TNGEI,-24.549472,150.764833, ,0.0,0.0,2,3960,0,0,0,0,0,0
TF,TNGEF,-24.524444,150.677639,0, ,0.0,0.0,278.0,5.0,2,2370,0,0,0,0,2,0
TF,TNGEM,-24.499361,150.590472,0, ,0.0,0.0,278.0,5.0,1,780,0,0,0,0,3,1
DF,TNGEH,-24.484306,150.538194,0, ,0.0,0.0,0,0,0,0,0,0,0,0
CA,0,278.0,2,4300,0,0,0,0,0,0

APPTR,R10-Z,10,TNGWD
IF,TNGWD,-24.492250,150.336750, ,0.0,0.0,2,4300,0,1,210,0,1,0
TF,TNGWI,-24.429694,150.397333,0, ,0.0,0.0,0.0,0.0,2,3950,0,0,0,0,1,0

APPTR,R10-Z,10,TNGWE
IF,TNGWE,-24.398944,150.312417, ,0.0,0.0,2,4300,0,1,210,0,1,0
TF,TNGWI,-24.429694,150.397333,0, ,0.0,0.0,0.0,0.0,2,3950,0,0,0,0,1,0

APPTR,R10-Z,10,TNGWG
IF,TNGWG,-24.346111,150.399806, ,0.0,0.0,2,4300,0,1,210,0,1,0
TF,TNGWI,-24.429694,150.397333,0, ,0.0,0.0,0.0,0.0,2,3950,0,0,0,0,1,0

FINAL,R10-Z,10,R,3
IF,TNGWI,-24.429694,150.397333, ,0.0,0.0,2,3950,0,0,0,0,0,0
TF,TNGWF,-24.460389,150.482278,0, ,0.0,0.0,102.0,5.0,2,2360,0,0,0,0,2,0
TF,TNGWM,-24.491028,150.567278,0, ,0.0,0.0,102.0,5.0,1,771,0,0,0,0,3,1
DF,TNGWH,-24.509389,150.618306,0, ,0.0,0.0,0,0,0,0,0,0,0,1
VM,0,0,2,260.0,2,4300,0,0,0,0,0,0

APPTR,R14-E,14,TNGEA
IF,TNGEA,-24.483056,150.820333, ,0.0,0.0,2,4300,0,1,210,0,1,0
TF,TNGEI,-24.549472,150.764833,0, ,0.0,0.0,0.0,0.0,2,3960,0,0,0,0,1,0

APPTR,R14-E,14,TNGEB
IF,TNGEB,-24.574444,150.852083, ,0.0,0.0,2,4300,0,1,210,0,1,0
TF,TNGEI,-24.549472,150.764833,0, ,0.0,0.0,0.0,0.0,2,3960,0,0,0,0,1,0

APPTR,R14-E,14,TNGEC
IF,TNGEC,-24.632972,150.769000, ,0.0,0.0,2,4300,0,1,210,0,1,0
TF,TNGEI,-24.549472,150.764833,0, ,0.0,0.0,0.0,0.0,2,3960,0,0,0,0,1,0

FINAL,R14-E,14,R,3
IF,TNGEI,-24.549472,150.764833, ,0.0,0.0,2,3960,0,0,0,0,0,0
TF,TNGEF,-24.524444,150.677639,0, ,0.0,0.0,278.0,5.0,2,2370,0,0,0,0,2,0
TF,TNGEM,-24.499361,150.590472,0, ,0.0,0.0,278.0,5.0,1,780,0,0,0,0,3,1
DF,TNGEH,-24.484306,150.538194,0, ,0.0,0.0,0,0,0,0,0,0,0,0
CA,0,278.0,2,4300,0,0,0,0,0,0

APPTR,R28-E,28,TNGEA
IF,TNGEA,-24.483056,150.820333, ,0.0,0.0,2,4300,0,1,210,0,1,0
TF,TNGEI,-24.549472,150.764833,0, ,0.0,0.0,0.0,0.0,2,3960,0,0,0,0,1,0

APPTR,R28-E,28,TNGEB
IF,TNGEB,-24.574444,150.852083, ,0.0,0.0,2,4300,0,1,210,0,1,0
TF,TNGEI,-24.549472,150.764833,0, ,0.0,0.0,0.0,0.0,2,3960,0,0,0,0,1,0

APPTR,R28-E,28,TNGEC
IF,TNGEC,-24.632972,150.769000, ,0.0,0.0,2,4300,0,1,210,0,1,0
TF,TNGEI,-24.549472,150.764833,0, ,0.0,0.0,0.0,0.0,2,3960,0,0,0,0,1,0

FINAL,R28-E,28,R,3
IF,TNGEI,-24.549472,150.764833, ,0.0,0.0,2,3960,0,0,0,0,0,0
TF,TNGEF,-24.524444,150.677639,0, ,0.0,0.0,278.0,5.0,2,2370,0,0,0,0,2,0
TF,TNGEM,-24.499361,150.590472,0, ,0.0,0.0,278.0,5.0,1,780,0,0,0,0,3,1
DF,TNGEH,-24.484306,150.538194,0, ,0.0,0.0,0,0,0,0,0,0,0,0
CA,0,278.0,2,4300,0,0,0,0,0,0

APPTR,R32-E,32,TNGEA
IF,TNGEA,-24.483056,150.820333, ,0.0,0.0,2,4300,0,1,210,0,1,0
TF,TNGEI,-24.549472,150.764833,0, ,0.0,0.0,0.0,0.0,2,3960,0,0,0,0,1,0

APPTR,R32-E,32,TNGEB
IF,TNGEB,-24.574444,150.852083, ,0.0,0.0,2,4300,0,1,210,0,1,0
TF,TNGEI,-24.549472,150.764833,0, ,0.0,0.0,0.0,0.0,2,3960,0,0,0,0,1,0

APPTR,R32-E,32,TNGEC
IF,TNGEC,-24.632972,150.769000, ,0.0,0.0,2,4300,0,1,210,0,1,0
TF,TNGEI,-24.549472,150.764833,0, ,0.0,0.0,0.0,0.0,2,3960,0,0,0,0,1,0

FINAL,R32-E,32,R,3
IF,TNGEI,-24.549472,150.764833, ,0.0,0.0,2,3960,0,0,0,0,0,0
TF,TNGEF,-24.524444,150.677639,0, ,0.0,0.0,278.0,5.0,2,2370,0,0,0,0,2,0
TF,TNGEM,-24.499361,150.590472,0, ,0.0,0.0,278.0,5.0,1,780,0,0,0,0,3,1
DF,TNGEH,-24.484306,150.538194,0, ,0.0,0.0,0,0,0,0,0,0,0,0
CA,0,278.0,2,4300,0,0,0,0,0,0

