APPTR,R13-Z,13,WBLWD
IF,WBLWD,-38.196950,142.201900, ,0.0,0.0,2,3300,0,1,210,0,1,0
TF,WBLWI,-38.165778,142.299917,0, ,0.0,0.0,0.0,0.0,2,3300,0,0,0,0,1,0

APPTR,R13-Z,13,WBLWE
IF,WBLWE,-38.103722,142.229306, ,0.0,0.0,2,3300,0,1,210,0,1,0
TF,WBLWI,-38.165778,142.299917,0, ,0.0,0.0,0.0,0.0,2,3300,0,0,0,0,1,0

APPTR,R13-Z,13,WBLWG
IF,WBLWG,-38.092111,142.349528, ,0.0,0.0,2,3300,0,1,210,0,1,0
TF,WBLWI,-38.165778,142.299917,0, ,0.0,0.0,0.0,0.0,2,3300,0,0,0,0,1,0

FINAL,R13-Z,13,R,3
IF,WBLWI,-38.165778,142.299917, ,0.0,0.0,2,3300,0,0,0,0,0,0
TF,WBLWF,-38.227806,142.370611,0, ,0.0,0.0,128.0,5.0,2,1880,0,0,0,0,2,0
TF,WBLWM,-38.289833,142.441333,0, ,0.0,0.0,128.0,5.0,1,292,0,0,0,0,3,1
DF,WBLWH,-38.351833,142.512194,0, ,0.0,0.0,0,0,0,0,0,0,0,0
CA,0,128.0,2,3300,0,0,0,0,0,0

APPTR,R31-Z,31,WBLEA
IF,WBLEA,-38.395083,142.695750, ,0.0,0.0,2,3300,0,1,210,0,1,0
TF,WBLEI,-38.426361,142.597472,0, ,0.0,0.0,0.0,0.0,2,3300,0,0,0,0,1,0

APPTR,R31-Z,31,WBLEB
IF,WBLEB,-38.488333,142.668472, ,0.0,0.0,2,3300,0,1,210,0,1,0
TF,WBLEI,-38.426361,142.597472,0, ,0.0,0.0,0.0,0.0,2,3300,0,0,0,0,1,0

APPTR,R31-Z,31,WBLEC
IF,WBLEC,-38.499972,142.547611, ,0.0,0.0,2,3300,0,1,210,0,1,0
TF,WBLEI,-38.426361,142.597472,0, ,0.0,0.0,0.0,0.0,2,3300,0,0,0,0,1,0

FINAL,R31-Z,31,R,3
IF,WBLEI,-38.426361,142.597472, ,0.0,0.0,2,3300,0,0,0,0,0,0
TF,WBLEF,-38.364361,142.526528,0, ,0.0,0.0,307.0,5.0,2,1950,0,0,0,0,2,0
TF,WBLEM,-38.302389,142.455667,0, ,0.0,0.0,307.0,5.0,1,357,0,0,0,0,3,1
DF,WBLEH,-38.265167,142.413194,0, ,0.0,0.0,0,0,0,0,0,0,0,1
VM,0,0,2,100.0,2,3300,0,0,0,0,0,0

