APPTR,R14,14,WWZND
IF,WWZND,-21.563219,121.003567, ,0.0,0.0,2,2800,0,0,0,0,1,0
TF,WWZNI,-21.510272,121.072761,0, ,0.0,0.0,0.0,0.0,2,2800,0,0,0,0,1,0

APPTR,R14,14,WWZNE
IF,WWZNE,-21.445539,121.016192, ,0.0,0.0,2,2800,0,0,0,0,1,0
TF,WWZNI,-21.510272,121.072761,0, ,0.0,0.0,0.0,0.0,2,2800,0,0,0,0,1,0

FINAL,R14,14,R,3
IF,WWZNI,-21.510272,121.072761, ,0.0,0.0,2,2800,0,0,0,0,0,0
TF,WWZNF,-21.574989,121.129381,0, ,0.0,0.0,139.0,5.0,2,2500,0,0,0,0,2,0
TF,RW14,-21.638575,121.185078,0, ,0.0,0.0,139.0,4.9,1,935,0,0,0,0,3,1
DF,WWZNH,-21.690319,121.230450,0, ,0.0,0.0,0,0,0,0,0,0,0,0
CA,0,139.0,2,2800,0,0,0,0,0,0

APPTR,R32,32,WWZSA
IF,WWZSA,-21.727611,121.378978, ,0.0,0.0,2,2800,0,0,0,0,1,0
TF,WWZSI,-21.780683,121.309792,0, ,0.0,0.0,0.0,0.0,2,2800,0,0,0,0,1,0

APPTR,R32,32,WWZSB
IF,WWZSB,-21.845314,121.366622, ,0.0,0.0,2,2800,0,0,0,0,1,0
TF,WWZSI,-21.780683,121.309792,0, ,0.0,0.0,0.0,0.0,2,2800,0,0,0,0,1,0

APPTR,R32,32,WWZSC
IF,WWZSC,-21.833725,121.240556, ,0.0,0.0,2,2800,0,0,0,0,1,0
TF,WWZSI,-21.780683,121.309792,0, ,0.0,0.0,0.0,0.0,2,2800,0,0,0,0,1,0

FINAL,R32,32,R,3
IF,WWZSI,-21.780683,121.309792, ,0.0,0.0,2,2800,0,0,0,0,0,0
TF,WWZSF,-21.716028,121.253011,0, ,0.0,0.0,319.0,5.0,2,2500,0,0,0,0,2,0
TF,RW32,-21.652547,121.197325,0, ,0.0,0.0,319.0,4.9,1,937,0,0,0,0,3,1
CA,0,319.0,2,1390,0,0,0,0,0,0
DF,WWZSH,-21.733750,121.111153,1, ,0.0,0.0,0,0,0,1,210,0,0,0
VM,0,0,0,140.0,2,2800,0,0,0,0,0,0

