APPTR,R12-E,12,YKIEA
IF,YKIEA,-9.795528,143.622083, ,0.0,0.0,2,1800,0,0,0,0,1,0
TF,YKIEI,-9.846722,143.555306,0, ,0.0,0.0,0.0,0.0,2,1800,0,0,0,0,1,0

APPTR,R12-E,12,YKIEB
IF,YKIEB,-9.891472,143.626694, ,0.0,0.0,2,1800,0,0,0,0,1,0
TF,YKIEI,-9.846722,143.555306,0, ,0.0,0.0,0.0,0.0,2,1800,0,0,0,0,1,0

APPTR,R12-E,12,YKIEC
IF,YKIEC,-9.928528,143.537333, ,0.0,0.0,2,1800,0,0,0,0,1,0
TF,YKIEI,-9.846722,143.555306,0, ,0.0,0.0,0.0,0.0,2,1800,0,0,0,0,1,0

FINAL,R12-E,12,R,3
IF,YKIEI,-9.846722,143.555306, ,0.0,0.0,2,1800,0,0,0,0,0,0
TF,YKIEF,-9.802000,143.483972,0, ,0.0,0.0,297.0,5.0,2,1740,0,0,0,0,2,0
TF,YKIEM,-9.757222,143.412639,0, ,0.0,0.0,297.0,5.0,1,149,0,0,0,0,3,1
DF,YKIEH,-9.730361,143.369833,0, ,0.0,0.0,0,0,0,0,0,0,0,1
CA,0,297.0,2,1800,0,0,0,0,0,0

APPTR,R30-E,30,YKIEA
IF,YKIEA,-9.795528,143.622083, ,0.0,0.0,2,1800,0,0,0,0,1,0
TF,YKIEI,-9.846722,143.555306,0, ,0.0,0.0,0.0,0.0,2,1800,0,0,0,0,1,0

APPTR,R30-E,30,YKIEB
IF,YKIEB,-9.891472,143.626694, ,0.0,0.0,2,1800,0,0,0,0,1,0
TF,YKIEI,-9.846722,143.555306,0, ,0.0,0.0,0.0,0.0,2,1800,0,0,0,0,1,0

APPTR,R30-E,30,YKIEC
IF,YKIEC,-9.928528,143.537333, ,0.0,0.0,2,1800,0,0,0,0,1,0
TF,YKIEI,-9.846722,143.555306,0, ,0.0,0.0,0.0,0.0,2,1800,0,0,0,0,1,0

FINAL,R30-E,30,R,3
IF,YKIEI,-9.846722,143.555306, ,0.0,0.0,2,1800,0,0,0,0,0,0
TF,YKIEF,-9.802000,143.483972,0, ,0.0,0.0,297.0,5.0,2,1740,0,0,0,0,2,0
TF,YKIEM,-9.757222,143.412639,0, ,0.0,0.0,297.0,5.0,1,149,0,0,0,0,3,1
DF,YKIEH,-9.730361,143.369833,0, ,0.0,0.0,0,0,0,0,0,0,0,1
CA,0,297.0,2,1800,0,0,0,0,0,0

