APPTR,R01-Z,01,YNGSB
IF,YNGSB,-34.507389,148.166861, ,0.0,0.0,2,3700,0,0,0,0,1,0
TF,YNGSI,-34.426667,148.192611,0, ,0.0,0.0,0.0,0.0,2,3700,0,0,0,0,1,0

APPTR,R01-Z,01,YNGSC
IF,YNGSC,-34.474278,148.275389, ,0.0,0.0,2,3700,0,0,0,0,1,0
TF,YNGSI,-34.426667,148.192611,0, ,0.0,0.0,0.0,0.0,2,3700,0,0,0,0,1,0

FINAL,R01-Z,01,R,3
IF,YNGSI,-34.426667,148.192611, ,0.0,0.0,2,3700,0,0,0,0,0,0
TF,YNGSF,-34.345972,148.218333,0, ,0.0,0.0,3.0,5.0,2,3000,0,0,0,0,2,0
TF,YNGSM,-34.265250,148.244028,0, ,0.0,0.0,3.0,5.0,1,1406,0,0,0,0,3,1
TF,YNGSH,-34.216833,148.259444,0, ,0.0,0.0,0.0,0.0,0,0,0,0,0,0,0,0
CA,0,3.0,2,3700,0,0,0,0,0,0

APPTR,R19-Z,19,YNGND
IF,YNGND,-34.025639,148.230333, ,0.0,0.0,2,3700,0,0,0,0,1,0
TF,YNGNI,-34.084472,148.301472,0, ,0.0,0.0,0.0,0.0,2,3700,0,0,0,0,1,0

APPTR,R19-Z,19,YNGNE
IF,YNGNE,-34.003750,148.327056, ,0.0,0.0,2,3700,0,0,0,0,1,0
TF,YNGNI,-34.084472,148.301472,0, ,0.0,0.0,0.0,0.0,2,3700,0,0,0,0,1,0

APPTR,R19-Z,19,YNGNG
IF,YNGNG,-34.076861,148.401389, ,0.0,0.0,2,3700,0,0,0,0,1,0
TF,YNGNI,-34.084472,148.301472,0, ,0.0,0.0,0.0,0.0,2,3700,0,0,0,0,1,0

FINAL,R19-Z,19,R,3
IF,YNGNI,-34.084472,148.301472, ,0.0,0.0,2,3700,0,0,0,0,0,0
TF,YNGNF,-34.165194,148.275833,0, ,0.0,0.0,183.0,5.0,2,2980,0,0,0,0,2,0
TF,YNGNM,-34.245889,148.250194,0, ,0.0,0.0,183.0,5.0,1,1390,0,0,0,0,3,1
DF,YNGNH,-34.294333,148.234778,0, ,0.0,0.0,0,0,0,0,0,0,0,0
CA,0,183.0,2,3700,0,0,0,0,0,0

