SID,OTB01D,08,2
CF,D080F,39.702317,119.218433,0,QHD,80.0,6.3,80.0,7.0,2,1970,0,0,0,0,0,1
DF,QHD,39.671667,119.088333,2, ,0.0,0.0,2,4930,0,1,205,0,0,0
TF,LUX,39.741667,118.726667,0, ,0.0,0.0,0.0,0.0,2,11800,0,0,0,0,0,0
TF,OTBUL,38.996389,118.498056,0, ,0.0,0.0,0.0,0.0,0,0,0,0,0,0,0,0

SID,OTB11D,26,2
CA,0,260.0,2,990,0,0,0,0,0,0
DF,LUX,39.741667,118.726667,2, ,0.0,0.0,2,11800,0,1,205,0,0,0
TF,OTBUL,38.996389,118.498056,0, ,0.0,0.0,0.0,0.0,0,0,0,0,0,0,0,0

SID,OTB12D,26,2
CA,0,260.0,2,1970,0,0,0,0,0,0
DF,QHD,39.671667,119.088333,1, ,0.0,0.0,2,4930,0,1,205,0,0,0
TF,LUX,39.741667,118.726667,0, ,0.0,0.0,0.0,0.0,2,11800,0,0,0,0,0,0
TF,OTBUL,38.996389,118.498056,0, ,0.0,0.0,0.0,0.0,0,0,0,0,0,0,0,0

SID,P5101D,08,2
CF,D080F,39.702317,119.218433,0,QHD,80.0,6.3,80.0,7.0,2,1970,0,0,0,0,0,1
DF,QHD,39.671667,119.088333,2, ,0.0,0.0,2,4930,0,1,205,0,0,0
TF,LUX,39.741667,118.726667,0, ,0.0,0.0,0.0,0.0,2,11800,0,0,0,0,0,0
TF,P516,39.720000,118.116667,0, ,0.0,0.0,0.0,0.0,0,0,0,0,0,0,0,0

SID,P5111D,26,2
CA,0,260.0,2,990,0,0,0,0,0,0
DF,LUX,39.741667,118.726667,2, ,0.0,0.0,2,11800,0,1,205,0,0,0
TF,P516,39.720000,118.116667,0, ,0.0,0.0,0.0,0.0,0,0,0,0,0,0,0,0

SID,P5112D,26,2
CA,0,260.0,2,1970,0,0,0,0,0,0
DF,QHD,39.671667,119.088333,1, ,0.0,0.0,2,4930,0,1,205,0,0,0
TF,LUX,39.741667,118.726667,0, ,0.0,0.0,0.0,0.0,2,11800,0,0,0,0,0,0
TF,P516,39.720000,118.116667,0, ,0.0,0.0,0.0,0.0,0,0,0,0,0,0,0,0

STAR,OTB01A,08,2
IF,OTBUL,38.996389,118.498056, ,0.0,0.0,0,0,0,0,0,0,0,0
TF,LUX,39.741667,118.726667,0, ,0.0,0.0,0.0,0.0,2,11800,0,0,0,0,0,0
TF,QHD,39.671667,119.088333,0, ,0.0,0.0,0.0,0.0,2,3940,0,1,205,0,0,0

STAR,OTB11A,26,2
IF,OTBUL,38.996389,118.498056, ,0.0,0.0,0,0,0,0,0,0,0,0
TF,LUX,39.741667,118.726667,0, ,0.0,0.0,0.0,0.0,2,11800,0,0,0,0,0,0
TF,QHD,39.671667,119.088333,0, ,0.0,0.0,0.0,0.0,2,3940,0,1,205,0,0,0

STAR,P5101A,08,2
IF,P516,39.720000,118.116667, ,0.0,0.0,0,0,0,0,0,0,0,0
TF,LUX,39.741667,118.726667,0, ,0.0,0.0,0.0,0.0,2,11800,0,0,0,0,0,0
TF,QHD,39.671667,119.088333,0, ,0.0,0.0,0.0,0.0,2,3940,0,1,205,0,0,0

STAR,P5111A,26,2
IF,P516,39.720000,118.116667, ,0.0,0.0,0,0,0,0,0,0,0,0
TF,LUX,39.741667,118.726667,0, ,0.0,0.0,0.0,0.0,2,11800,0,0,0,0,0,0
TF,QHD,39.671667,119.088333,0, ,0.0,0.0,0.0,0.0,2,3940,0,1,205,0,0,0

APPTR,D08,08,QHD1
IF,QHD,39.671667,119.088333, ,0.0,0.0,2,3940,0,1,205,0,1,0
FD,QHD,39.671667,119.088333,0,QHD,0.0,10.0,242.0,10.0,2,1970,0,0,0,0,0,0
CF,CD08,39.622711,118.882058,2,QHD,260.0,10.0,80.0,1.0,2,1970,0,0,0,0,1,0

APPTR,D08,08,QHD2
IF,QHD,39.671667,119.088333, ,0.0,0.0,2,3940,0,1,205,0,1,0
FD,QHD,39.671667,119.088333,0,QHD,0.0,10.0,278.0,10.0,2,1970,0,0,0,0,0,0
CF,CD08,39.622711,118.882058,1,QHD,260.0,10.0,80.0,1.0,2,1970,0,0,0,0,1,0

APPTR,D08,08,QHD3
IF,QHD,39.671667,119.088333, ,0.0,0.0,2,3940,0,1,205,0,1,0
FD,QHD,39.671667,119.088333,0,QHD,0.0,10.0,251.0,10.0,2,1970,0,0,0,0,0,0
CF,CD08,39.622711,118.882058,2,QHD,260.0,10.0,80.0,1.0,2,1970,0,0,0,0,1,0

APPTR,D08,08,QHD4
IF,QHD,39.671667,119.088333, ,0.0,0.0,2,3940,0,1,205,0,1,0
FD,QHD,39.671667,119.088333,0,QHD,0.0,10.0,269.0,10.0,2,1970,0,0,0,0,0,0
CF,CD08,39.622711,118.882058,1,QHD,260.0,10.0,80.0,1.0,2,1970,0,0,0,0,1,0

FINAL,D08,08,D,4
IF,CD08,39.622711,118.882058,QHD,260.0,10.0,2,1970,0,0,0,0,0,0
CF,FD08,39.632533,118.923292,0,QHD,260.0,8.0,80.0,2.0,2,1970,0,0,0,0,2,0
CF,40VOR,39.652128,119.005789,0,QHD,260.0,4.0,80.0,4.0,2,730,0,0,0,0,0,0
CF,MD08,39.657994,119.030547,0,QHD,260.0,2.8,80.0,1.2,1,334,0,0,0,0,3,0
FD,MD08,39.657994,119.030547,0,QHD,260.0,6.0,80.0,6.0,2,1650,0,0,0,0,0,0
DF,QHD,39.671667,119.088333,2, ,0.0,0.0,1,3940,0,1,185,0,0,0

APPTR,D26,26,QHD1
IF,QHD,39.671667,119.088333, ,0.0,0.0,2,3940,0,1,205,0,1,0
FD,QHD,39.671667,119.088333,0,QHD,0.0,7.0,98.0,7.0,0,0,0,0,0,0,0,0
CF,CF26,39.705514,119.232233,1,QHD,80.0,7.0,260.0,1.0,2,1970,0,0,0,0,1,0

APPTR,D26,26,QHD2
IF,QHD,39.671667,119.088333, ,0.0,0.0,2,3940,0,1,205,0,1,0
FD,QHD,39.671667,119.088333,0,QHD,0.0,7.0,89.0,7.0,0,0,0,0,0,0,0,0
CF,CF26,39.705514,119.232233,1,QHD,80.0,7.0,260.0,1.0,2,1970,0,0,0,0,1,0

FINAL,D26,26,D,4
IF,CF26,39.705514,119.232233,QHD,80.0,7.0,2,1970,0,0,0,0,0,0
CF,FF26,39.696789,119.195039,0,QHD,80.0,5.2,260.0,1.8,2,1970,0,0,0,0,2,0
CF,28VOR,39.685306,119.146142,0,QHD,80.0,2.8,260.0,2.4,2,1150,0,0,0,0,0,0
CF,QHD,39.671667,119.088333,0,QHD,0.0,0.0,260.0,2.8,1,309,0,0,0,0,3,0
CA,0,260.0,2,1650,0,0,0,0,0,0
DF,QHD,39.671667,119.088333,1, ,0.0,0.0,1,3940,0,1,185,0,0,0

APPTR,I26,26,QHD1
IF,QHD,39.671667,119.088333, ,0.0,0.0,2,3940,0,1,205,0,1,0
FD,QHD,39.671667,119.088333,0,QHD,0.0,7.0,99.0,7.0,0,0,0,0,0,0,0,0
CF,CF26,39.705514,119.232233,1,IQG,80.0,9.2,260.0,1.0,2,1970,0,0,0,0,1,0

APPTR,I26,26,QHD2
IF,QHD,39.671667,119.088333, ,0.0,0.0,2,3940,0,1,205,0,1,0
FD,QHD,39.671667,119.088333,0,QHD,0.0,7.0,89.0,7.0,0,0,0,0,0,0,0,0
CF,CF26,39.705514,119.232233,1,IQG,80.0,9.2,260.0,1.0,2,1970,0,0,0,0,1,0

FINAL,I26,26,I,3
IF,CF26,39.705514,119.232233,IQG,80.0,9.2,2,1970,0,0,0,0,0,0
CF,FF26,39.696789,119.195039,0,IQG,80.0,7.4,260.0,1.8,1,1970,0,0,0,0,2,0
CF,RW26,39.668422,119.074486,0,IQG,80.0,1.6,260.0,5.8,1,95,0,0,0,0,3,0
CA,0,260.0,2,1650,0,0,0,0,0,0
DF,QHD,39.671667,119.088333,1, ,0.0,0.0,2,3940,0,1,185,0,0,0

