SID,DKO01D,13,2
CA,0,133.0,2,5250,0,0,0,0,0,0
DF,BAV,40.556667,109.998333,2, ,0.0,0.0,0,0,0,0,0,0,0,0
TF,EGILO,40.646667,109.983889,0, ,0.0,0.0,0.0,0.0,2,8860,0,0,0,0,0,0
TF,BA27A,40.578728,109.408547,0, ,0.0,0.0,0.0,0.0,2,9850,0,0,0,0,0,0
TF,DKO,40.315000,106.996667,0, ,0.0,0.0,0.0,0.0,0,0,0,0,0,0,0,0

SID,DKO03D,13,2
CA,0,133.0,2,5250,0,0,0,0,0,0
DF,X,40.574000,109.974472,2, ,0.0,0.0,2,7880,0,0,0,0,0,0
TF,EGILO,40.646667,109.983889,0, ,0.0,0.0,0.0,0.0,2,8860,0,0,0,0,0,0
TF,DKO,40.315000,106.996667,0, ,0.0,0.0,0.0,0.0,0,0,0,0,0,0,0,0

SID,DKO11D,31,2
CA,0,313.0,2,5250,0,0,0,0,0,0
CF,D313G,40.631553,109.872406,0,BAV,313.0,7.3,313.0,5.0,2,5910,0,0,0,0,0,0
TF,BA27A,40.578728,109.408547,0, ,0.0,0.0,0.0,0.0,2,9850,0,0,0,0,0,0
TF,DKO,40.315000,106.996667,0, ,0.0,0.0,0.0,0.0,0,0,0,0,0,0,0,0

SID,DKO12D,31,2
CA,0,313.0,2,5250,0,0,0,0,0,0
DF,BAV,40.556667,109.998333,1, ,0.0,0.0,2,6890,0,0,0,0,0,0
TF,EGILO,40.646667,109.983889,0, ,0.0,0.0,0.0,0.0,2,8860,0,0,0,0,0,0
TF,D313G,40.631553,109.872406,0, ,0.0,0.0,0.0,0.0,2,9850,0,0,0,0,0,0
TF,BA27A,40.578728,109.408547,0, ,0.0,0.0,0.0,0.0,2,9850,0,0,0,0,0,0
TF,DKO,40.315000,106.996667,0, ,0.0,0.0,0.0,0.0,0,0,0,0,0,0,0,0

SID,DKO13D,31,2
CA,0,313.0,2,5250,0,0,0,0,0,0
CF,D315G,40.635936,109.873997,0,BAV,315.0,7.4,313.0,2.0,2,5910,0,0,0,0,0,0
TF,DKO,40.315000,106.996667,0, ,0.0,0.0,0.0,0.0,0,0,0,0,0,0,0,0

SID,DKO14D,31,2
CA,0,313.0,2,5250,0,0,0,0,0,0
DF,X,40.574000,109.974472,1, ,0.0,0.0,2,6890,0,0,0,0,0,0
TF,EGILO,40.646667,109.983889,0, ,0.0,0.0,0.0,0.0,2,7880,0,0,0,0,0,0
TF,D315G,40.635936,109.873997,1, ,0.0,0.0,0.0,0.0,2,8860,0,0,0,0,0,0
TF,DKO,40.315000,106.996667,0, ,0.0,0.0,0.0,0.0,0,0,0,0,0,0,0,0

SID,HDS01D,13,2
CA,0,133.0,2,5250,0,0,0,0,0,0
VI,2, ,0.0,218.0,0,0,0,0,0,0,0,0
CF,ALGOV,40.198611,109.965278,0,BAV,189.1,21.5,188.0,9.0,0,0,0,0,0,0,0,0
TF,HDS,39.490000,109.861667,0, ,0.0,0.0,0.0,0.0,0,0,0,0,0,0,0,0

SID,HDS03D,13,2
CA,0,133.0,2,5250,0,0,0,0,0,0
VI,2, ,0.0,230.0,0,0,0,0,0,0,0,0
CF,ALGOV,40.198611,109.965278,0,BAV,189.1,21.5,185.0,14.0,0,0,0,0,0,0,0,0
TF,HDS,39.490000,109.861667,0, ,0.0,0.0,0.0,0.0,0,0,0,0,0,0,0,0

SID,HDS11D,31,2
CA,0,313.0,2,5250,0,0,0,0,0,0
CI,1, ,0.0,133.0,0,0,0,0,0,0,0,0
CF,ALGOV,40.198611,109.965278,0,BAV,189.1,21.5,188.0,17.0,0,0,0,0,0,0,0,0
TF,HDS,39.490000,109.861667,0, ,0.0,0.0,0.0,0.0,0,0,0,0,0,0,0,0

SID,HDS13D,31,2
CA,0,313.0,2,5250,0,0,0,0,0,0
DF,OMGEL,40.422500,109.974722,1, ,0.0,0.0,0,0,0,0,0,0,0,0
TF,ALGOV,40.198611,109.965278,0, ,0.0,0.0,0.0,0.0,0,0,0,0,0,0,0,0
TF,HDS,39.490000,109.861667,0, ,0.0,0.0,0.0,0.0,0,0,0,0,0,0,0,0

SID,SAN01D,13,2
CA,0,133.0,2,5250,0,0,0,0,0,0
CI,2, ,0.0,313.0,0,0,0,0,0,0,0,0
CF,SANID,39.596944,108.223889,0,BAV,240.4,100.0,239.0,96.0,0,0,0,0,0,0,0,0

SID,SAN02D,13,2
CA,0,133.0,2,5250,0,0,0,0,0,0
DF,BAV,40.556667,109.998333,2, ,0.0,0.0,0,0,0,0,0,0,0,0
TF,SANID,39.596944,108.223889,0, ,0.0,0.0,0.0,0.0,0,0,0,0,0,0,0,0

SID,SAN03D,13,2
CA,0,133.0,2,5250,0,0,0,0,0,0
CI,2, ,0.0,313.0,0,0,0,0,0,0,0,0
CF,SANID,39.596944,108.223889,0,HDS,279.3,76.3,239.0,96.0,0,0,0,0,0,0,0,0

SID,SAN11D,31,2
CA,0,313.0,2,5250,0,0,0,0,0,0
CI,1, ,0.0,180.0,0,0,0,0,0,0,0,0
CF,SANID,39.596944,108.223889,0,BAV,240.4,100.0,239.0,93.0,0,0,0,0,0,0,0,0

SID,SAN13D,31,2
CA,0,313.0,2,5250,0,0,0,0,0,0
VI,1, ,0.0,194.0,0,0,0,0,0,0,0,0
CF,SANID,39.596944,108.223889,0,BAV,240.4,100.0,239.0,89.0,0,0,0,0,0,0,0,0

SID,UBR01D,13,2
CA,0,133.0,2,5250,0,0,0,0,0,0
CF,D133M,40.420903,110.225325,0,BAV,133.0,13.2,133.0,10.0,2,6890,0,0,0,0,0,0
TF,BA27B,40.419272,110.580053,0, ,0.0,0.0,0.0,0.0,2,6890,0,0,0,0,0,0
TF,UBRAG,40.399722,111.871667,0, ,0.0,0.0,0.0,0.0,0,0,0,0,0,0,0,0

SID,UBR02D,13,2
CA,0,133.0,2,5250,0,0,0,0,0,0
DF,BAV,40.556667,109.998333,2, ,0.0,0.0,0,0,0,0,0,0,0,0
TF,D133M,40.420903,110.225325,2, ,0.0,0.0,0.0,0.0,2,6890,0,0,0,0,0,0
TF,BA27B,40.419272,110.580053,0, ,0.0,0.0,0.0,0.0,2,6890,0,0,0,0,0,0
TF,UBRAG,40.399722,111.871667,0, ,0.0,0.0,0.0,0.0,0,0,0,0,0,0,0,0

SID,UBR03D,13,2
CA,0,133.0,2,5250,0,0,0,0,0,0
VI,0, ,0.0,126.0,0,0,0,0,0,0,0,0
CF,UBRAG,40.399722,111.871667,0,HDS,62.9,107.6,96.0,76.0,0,0,0,0,0,0,0,0

SID,UBR11D,31,2
CA,0,313.0,2,5250,0,0,0,0,0,0
DF,BAV,40.556667,109.998333,1, ,0.0,0.0,2,6890,0,0,0,0,0,0
TF,OMGEL,40.422500,109.974722,0, ,0.0,0.0,0.0,0.0,0,0,0,0,0,0,0,0
TF,BA27B,40.419272,110.580053,0, ,0.0,0.0,0.0,0.0,2,6890,0,0,0,0,0,0
TF,UBRAG,40.399722,111.871667,0, ,0.0,0.0,0.0,0.0,0,0,0,0,0,0,0,0

SID,UBR12D,31,2
CA,0,313.0,2,5250,0,0,0,0,0,0
DF,D268K,40.534061,109.759672,1, ,0.0,0.0,0,0,0,0,0,0,0,0
TF,BAV,40.556667,109.998333,1, ,0.0,0.0,0.0,0.0,2,6890,0,0,0,0,0,0
TF,OMGEL,40.422500,109.974722,0, ,0.0,0.0,0.0,0.0,0,0,0,0,0,0,0,0
TF,BA27B,40.419272,110.580053,0, ,0.0,0.0,0.0,0.0,2,6890,0,0,0,0,0,0
TF,UBRAG,40.399722,111.871667,0, ,0.0,0.0,0.0,0.0,0,0,0,0,0,0,0,0

SID,UBR13D,31,2
CA,0,313.0,2,5250,0,0,0,0,0,0
DF,OMGEL,40.422500,109.974722,1, ,0.0,0.0,0,0,0,0,0,0,0,0
TF,UBRAG,40.399722,111.871667,0, ,0.0,0.0,0.0,0.0,0,0,0,0,0,0,0,0

STAR,DKO01A,13,2
IF,DKO,40.315000,106.996667, ,0.0,0.0,0,0,0,0,0,0,0,0
TF,BA27C,40.408333,109.440000,0, ,0.0,0.0,0.0,0.0,2,9850,0,0,0,0,0,0
TF,BAV,40.556667,109.998333,0, ,0.0,0.0,0.0,0.0,2,6890,0,1,190,0,0,0

STAR,DKO03A,13,2
IF,DKO,40.315000,106.996667, ,0.0,0.0,0,0,0,0,0,0,0,0
TF,OMGEL,40.422500,109.974722,0, ,0.0,0.0,0.0,0.0,0,0,0,0,0,0,0,0
TF,X,40.574000,109.974472,0, ,0.0,0.0,0.0,0.0,2,8860,0,1,190,0,0,0

STAR,DKO11A,31,2
IF,DKO,40.315000,106.996667, ,0.0,0.0,0,0,0,0,0,0,0,0
TF,BA27C,40.408333,109.440000,0, ,0.0,0.0,0.0,0.0,2,9850,0,0,0,0,0,0
TF,BAV,40.556667,109.998333,0, ,0.0,0.0,0.0,0.0,2,6890,0,1,190,0,0,0

STAR,DKO13A,31,2
IF,DKO,40.315000,106.996667, ,0.0,0.0,0,0,0,0,0,0,0,0
TF,OMGEL,40.422500,109.974722,0, ,0.0,0.0,0.0,0.0,0,0,0,0,0,0,0,0
TF,X,40.574000,109.974472,0, ,0.0,0.0,0.0,0.0,2,8860,0,0,0,0,0,0

STAR,HDS01A,13,2
IF,HDS,39.490000,109.861667, ,0.0,0.0,0,0,0,0,0,0,0,0
TF,D189X,40.158333,109.960000,0, ,0.0,0.0,0.0,0.0,2,8860,0,0,0,0,0,0
TF,ALGOV,40.198611,109.965278,0, ,0.0,0.0,0.0,0.0,0,0,0,0,0,0,0,0
TF,D188R,40.257211,109.970450,0, ,0.0,0.0,0.0,0.0,0,0,0,0,0,0,0,0
TF,BAV,40.556667,109.998333,0, ,0.0,0.0,0.0,0.0,2,6890,0,1,190,0,0,0

STAR,HDS03A,13,2
IF,HDS,39.490000,109.861667, ,0.0,0.0,0,0,0,0,0,0,0,0
TF,ALGOV,40.198611,109.965278,0, ,0.0,0.0,0.0,0.0,0,0,0,0,0,0,0,0
TF,OMGEL,40.422500,109.974722,0, ,0.0,0.0,0.0,0.0,0,0,0,0,0,0,0,0
TF,X,40.574000,109.974472,0, ,0.0,0.0,0.0,0.0,2,8860,0,1,190,0,0,0

STAR,HDS11A,31,2
IF,HDS,39.490000,109.861667, ,0.0,0.0,0,0,0,0,0,0,0,0
TF,D189X,40.158333,109.960000,0, ,0.0,0.0,0.0,0.0,2,8860,0,0,0,0,0,0
TF,ALGOV,40.198611,109.965278,0, ,0.0,0.0,0.0,0.0,0,0,0,0,0,0,0,0
TF,D188R,40.257211,109.970450,0, ,0.0,0.0,0.0,0.0,0,0,0,0,0,0,0,0
TF,D188N,40.323486,109.982367,0, ,0.0,0.0,0.0,0.0,2,7880,0,1,190,0,0,0

STAR,HDS12A,31,2
IF,HDS,39.490000,109.861667, ,0.0,0.0,0,0,0,0,0,0,0,0
TF,D189X,40.158333,109.960000,0, ,0.0,0.0,0.0,0.0,2,8860,0,0,0,0,0,0
TF,ALGOV,40.198611,109.965278,0, ,0.0,0.0,0.0,0.0,0,0,0,0,0,0,0,0
TF,D188R,40.257211,109.970450,0, ,0.0,0.0,0.0,0.0,0,0,0,0,0,0,0,0
TF,D188N,40.323486,109.982367,0, ,0.0,0.0,0.0,0.0,2,7880,0,0,0,0,0,0
TF,BAV,40.556667,109.998333,0, ,0.0,0.0,0.0,0.0,2,6890,0,1,190,0,0,0

STAR,HDS13A,31,2
IF,HDS,39.490000,109.861667, ,0.0,0.0,0,0,0,0,0,0,0,0
TF,ALGOV,40.198611,109.965278,0, ,0.0,0.0,0.0,0.0,0,0,0,0,0,0,0,0
TF,OMGEL,40.422500,109.974722,0, ,0.0,0.0,0.0,0.0,0,0,0,0,0,0,0,0
TF,X,40.574000,109.974472,0, ,0.0,0.0,0.0,0.0,2,8860,0,0,0,0,0,0

STAR,UXO01A,13,2
IF,UXODI,40.610556,112.490278, ,0.0,0.0,0,0,0,0,0,0,0,0
TF,BA27D,40.648842,110.576625,0, ,0.0,0.0,0.0,0.0,2,9850,0,0,0,0,0,0
TF,EGILO,40.646667,109.983889,0, ,0.0,0.0,0.0,0.0,2,8860,0,0,0,0,0,0
TF,BAV,40.556667,109.998333,0, ,0.0,0.0,0.0,0.0,2,6890,0,1,190,0,0,0

STAR,UXO03A,13,2
IF,UXODI,40.610556,112.490278, ,0.0,0.0,0,0,0,0,0,0,0,0
TF,EGILO,40.646667,109.983889,0, ,0.0,0.0,0.0,0.0,2,9850,0,0,0,0,0,0
TF,X,40.574000,109.974472,0, ,0.0,0.0,0.0,0.0,2,9850,0,1,190,0,0,0

STAR,UXO11A,31,2
IF,UXODI,40.610556,112.490278, ,0.0,0.0,0,0,0,0,0,0,0,0
TF,BA27D,40.648842,110.576625,0, ,0.0,0.0,0.0,0.0,2,9850,0,0,0,0,0,0
TF,EGILO,40.646667,109.983889,0, ,0.0,0.0,0.0,0.0,2,8860,0,0,0,0,0,0
TF,BAV,40.556667,109.998333,0, ,0.0,0.0,0.0,0.0,2,6890,0,1,190,0,0,0

STAR,UXO13A,31,2
IF,UXODI,40.610556,112.490278, ,0.0,0.0,0,0,0,0,0,0,0,0
TF,EGILO,40.646667,109.983889,0, ,0.0,0.0,0.0,0.0,2,9850,0,0,0,0,0,0
TF,X,40.574000,109.974472,0, ,0.0,0.0,0.0,0.0,2,9850,0,0,0,0,0,0

STAR,VIK01A,13,2
IF,VIKON,39.533056,108.332500, ,0.0,0.0,0,0,0,0,0,0,0,0
TF,OMGEL,40.422500,109.974722,0, ,0.0,0.0,0.0,0.0,2,7880,0,0,0,0,0,0
TF,BAV,40.556667,109.998333,0, ,0.0,0.0,0.0,0.0,2,6890,0,1,190,0,0,0

STAR,VIK03A,13,2
IF,VIKON,39.533056,108.332500, ,0.0,0.0,0,0,0,0,0,0,0,0
TF,OMGEL,40.422500,109.974722,0, ,0.0,0.0,0.0,0.0,0,0,0,0,0,0,0,0
TF,X,40.574000,109.974472,0, ,0.0,0.0,0.0,0.0,2,8860,0,1,190,0,0,0

STAR,VIK11A,31,2
IF,VIKON,39.533056,108.332500, ,0.0,0.0,0,0,0,0,0,0,0,0
TF,OMGEL,40.422500,109.974722,0, ,0.0,0.0,0.0,0.0,2,7880,0,0,0,0,0,0
TF,BAV,40.556667,109.998333,0, ,0.0,0.0,0.0,0.0,2,6890,0,1,190,0,0,0

STAR,VIK13A,31,2
IF,VIKON,39.533056,108.332500, ,0.0,0.0,0,0,0,0,0,0,0,0
TF,OMGEL,40.422500,109.974722,0, ,0.0,0.0,0.0,0.0,0,0,0,0,0,0,0,0
TF,X,40.574000,109.974472,0, ,0.0,0.0,0.0,0.0,2,8860,0,0,0,0,0,0

APPTR,D13,13,BAV1
IF,BAV,40.556667,109.998333, ,0.0,0.0,2,6890,0,1,190,0,1,0
FD,BAV,40.556667,109.998333,0,BAV,0.0,8.0,296.0,8.0,0,0,0,0,0,0,0,0
CF,CD13,40.645869,109.868158,2,BAV,317.0,8.0,137.0,1.0,2,5250,0,0,0,0,1,0

APPTR,D13,13,BAV2
IF,BAV,40.556667,109.998333, ,0.0,0.0,2,6890,0,1,190,0,1,0
FD,BAV,40.556667,109.998333,0,BAV,0.0,8.0,305.0,8.0,0,0,0,0,0,0,0,0
CF,CD13,40.645869,109.868158,2,BAV,317.0,8.0,137.0,1.0,2,5250,0,0,0,0,1,0

FINAL,D13,13,D,4
IF,CD13,40.645869,109.868158,BAV,317.0,8.0,2,5250,0,0,0,0,0,0
CF,FD13,40.620239,109.905619,0,BAV,317.0,5.7,137.0,2.3,2,4930,0,0,0,0,2,0
CF,30VOR,40.590133,109.949558,0,BAV,317.0,3.0,137.0,2.7,2,4080,0,0,0,0,0,0
CF,MD13,40.576750,109.969072,0,BAV,317.0,1.8,137.0,1.2,1,3682,0,0,0,0,3,0
CA,0,137.0,2,4930,0,0,0,0,0,0
DF,BAV,40.556667,109.998333,2, ,0.0,0.0,1,6890,0,1,185,0,0,0

APPTR,D31,31,BAV1
IF,BAV,40.556667,109.998333, ,0.0,0.0,2,6890,0,1,190,0,1,0
FD,BAV,40.556667,109.998333,0,BAV,0.0,10.0,145.0,10.0,0,0,0,0,0,0,0,0
CF,CD31,40.463261,110.179364,1,BAV,129.0,10.0,309.0,1.0,2,5580,0,0,0,0,1,0

APPTR,D31,31,BAV2
IF,BAV,40.556667,109.998333, ,0.0,0.0,2,6890,0,1,190,0,1,0
FD,BAV,40.556667,109.998333,0,BAV,0.0,10.0,139.0,10.0,0,0,0,0,0,0,0,0
CF,CD31,40.463261,110.179364,1,BAV,129.0,10.0,309.0,1.0,2,5580,0,0,0,0,1,0

APPTR,D31,31,D188N
IF,D188N,40.323486,109.982367, ,0.0,0.0,2,7880,0,1,190,0,1,0
CI,0, ,0.0,10.0,0,0,0,0,0,0,0,0
AF,D139L,40.417483,110.186697,1,BAV,139.0,12.0,188.0,0,0,0,0,0,0,0,0
CF,CD31,40.463261,110.179364,0,BAV,129.0,10.0,309.0,2.0,2,5580,0,0,0,0,1,0

FINAL,D31,31,D,4
IF,CD31,40.463261,110.179364,BAV,129.0,10.0,2,5580,0,0,0,0,0,0
CF,FD31,40.483833,110.139578,0,BAV,129.0,7.8,309.0,2.2,2,5580,0,0,0,0,2,0
CF,32VOR,40.526806,110.056317,0,BAV,129.0,3.2,309.0,4.6,2,4110,0,0,0,0,0,0
CF,MD31,40.539872,110.030956,0,BAV,129.0,1.8,309.0,1.4,1,3706,0,0,0,0,3,0
CA,0,309.0,2,4930,0,0,0,0,0,0
DF,BAV,40.556667,109.998333,1, ,0.0,0.0,1,6890,0,1,185,0,0,0

APPTR,I13,13,BAV1
IF,BAV,40.556667,109.998333, ,0.0,0.0,2,6890,0,1,190,0,1,0
FD,BAV,40.556667,109.998333,0,BAV,0.0,8.0,292.0,8.0,0,0,0,0,0,0,0,0
CF,CI13,40.641603,109.863261,2,IXX,312.7,8.8,133.0,1.0,2,5250,0,0,0,0,1,0

APPTR,I13,13,BAV2
IF,BAV,40.556667,109.998333, ,0.0,0.0,2,6890,0,1,190,0,1,0
FD,BAV,40.556667,109.998333,0,BAV,0.0,8.0,301.0,8.0,0,0,0,0,0,0,0,0
CF,CI13,40.641603,109.863261,2,IXX,312.7,8.8,133.0,1.0,2,5250,0,0,0,0,1,0

FINAL,I13,13,I,3
IF,CI13,40.641603,109.863261,IXX,312.7,8.8,2,5250,0,0,0,0,0,0
CF,FI13,40.617686,109.902625,0,IXX,312.7,6.5,133.0,2.3,1,4930,0,0,0,0,2,0
CF,RW13,40.567222,109.985528,0,IXX,312.7,1.7,133.0,4.9,1,3370,0,0,0,0,3,0
CA,0,133.0,2,4930,0,0,0,0,0,0
DF,BAV,40.556667,109.998333,2, ,0.0,0.0,1,6890,0,1,185,0,0,0

APPTR,I31,31,BAV1
IF,BAV,40.556667,109.998333, ,0.0,0.0,2,6890,0,1,190,0,1,0
FD,BAV,40.556667,109.998333,0,BAV,0.0,10.0,149.0,10.0,0,0,0,0,0,0,0,0
CF,CI31,40.452633,110.172281,1,IZZ,132.8,11.1,313.0,1.0,2,5580,0,0,0,0,1,0

APPTR,I31,31,BAV2
IF,BAV,40.556667,109.998333, ,0.0,0.0,2,6890,0,1,190,0,1,0
FD,BAV,40.556667,109.998333,0,BAV,0.0,10.0,143.0,10.0,0,0,0,0,0,0,0,0
CF,CI31,40.452633,110.172281,1,IZZ,132.8,11.1,313.0,1.0,2,5580,0,0,0,0,1,0

APPTR,I31,31,D188N
IF,D188N,40.323486,109.982367, ,0.0,0.0,2,7880,0,1,190,0,1,0
CI,0, ,0.0,8.0,0,0,0,0,0,0,0,0
AF,D143L,40.407800,110.173522,1,BAV,143.0,12.0,188.0,0,0,0,0,0,0,0,0
CF,CI31,40.452633,110.172281,0,IZZ,132.8,11.1,313.0,2.0,2,5580,0,0,0,0,1,0

FINAL,I31,31,I,3
IF,CI31,40.452633,110.172281,IZZ,132.8,11.1,2,5580,0,0,0,0,0,0
CF,FI31,40.476697,110.133169,0,IZZ,132.8,8.8,313.0,2.3,1,5580,0,0,0,0,2,0
CF,RW31,40.551472,110.011333,0,IZZ,132.8,1.6,313.0,7.2,1,3346,0,0,0,0,3,0
CA,0,313.0,2,4930,0,0,0,0,0,0
DF,BAV,40.556667,109.998333,1, ,0.0,0.0,1,6890,0,1,185,0,0,0

APPTR,N13,13,BAV1
IF,X,40.574000,109.974472, ,0.0,0.0,2,6890,0,1,190,0,1,0
FC,X,40.574000,109.974472,0,BAV,0.0,0.0,283.0,4.8,0,0,0,0,0,0,0,1
CF,FN13,40.624350,109.892819,2,BAV,315.1,6.3,133.0,1.0,2,5580,0,0,0,0,0,0

APPTR,N13,13,BAV2
IF,X,40.574000,109.974472, ,0.0,0.0,2,6890,0,1,190,0,1,0
FC,X,40.574000,109.974472,0,BAV,0.0,0.0,295.0,6.0,0,0,0,0,0,0,0,1
CF,FN13,40.624350,109.892819,2,BAV,315.1,6.3,133.0,1.0,2,5580,0,0,0,0,0,0

FINAL,N13,13,N,2
IF,FN13,40.624350,109.892819,X,0.0,0.0,2,5580,0,0,0,0,2,0
CF,X,40.574000,109.974472,0,X,0.0,0.0,133.0,4.8,1,3634,0,0,0,0,3,0
CA,0,133.0,2,4930,0,0,0,0,0,0
DF,X,40.574000,109.974472,2, ,0.0,0.0,1,6890,0,1,185,0,0,0

