SID,ADB01D,15,2
CA,0,152.0,2,990,0,0,0,0,0,0
DF,D332J,38.420233,114.583542,1, ,0.0,0.0,0,0,0,1,205,0,0,0
TF,OC,38.455000,114.555000,0, ,0.0,0.0,0.0,0.0,0,0,0,0,0,0,0,0
TF,ADBES,38.419722,114.038889,0, ,0.0,0.0,0.0,0.0,0,0,0,0,0,0,0,0

SID,ADB02D,33,2
CA,0,332.0,2,1970,0,0,0,0,0,0
DF,D332J,38.420233,114.583542,0, ,0.0,0.0,0,0,0,0,0,0,0,0
TF,OC,38.455000,114.555000,0, ,0.0,0.0,0.0,0.0,0,0,0,0,0,0,0,0
TF,ADBES,38.419722,114.038889,0, ,0.0,0.0,0.0,0.0,0,0,0,0,0,0,0,0

SID,ADB8ZD,33,5
CF,OC,38.455000,114.555000,0,SJW,332.2,12.5,332.0,11.0,2,5910,0,1,205,0,0,0
TF,SJ911,38.569167,114.444444,0, ,0.0,0.0,0.0,0.0,2,7880,0,0,0,0,0,0
TF,ADBES,38.419722,114.038889,0, ,0.0,0.0,0.0,0.0,2,13800,0,0,0,0,0,0

SID,ADB9ZD,15,5
CA,0,152.0,2,1480,0,0,0,0,0,0
DF,ENTUD,38.324444,114.831111,1, ,0.0,0.0,2,3940,0,1,205,0,0,0
TF,PINAP,38.432222,114.748056,0, ,0.0,0.0,0.0,0.0,2,5910,0,0,0,0,0,0
TF,OSVUL,38.503611,114.692500,0, ,0.0,0.0,0.0,0.0,2,6890,0,0,0,0,0,0
TF,REVSI,38.623889,114.599722,0, ,0.0,0.0,0.0,0.0,2,8860,0,0,0,0,0,0
TF,SJ911,38.569167,114.444444,0, ,0.0,0.0,0.0,0.0,2,9850,0,0,0,0,0,0
TF,ADBES,38.419722,114.038889,0, ,0.0,0.0,0.0,0.0,2,13800,0,0,0,0,0,0

SID,BEL01D,15,2
CA,0,152.0,2,990,0,0,0,0,0,0
DF,D335J,38.424219,114.595275,1, ,0.0,0.0,0,0,0,1,205,0,0,1
CF,SJ36A,38.654272,115.282208,2,TYN,69.9,137.1,75.0,33.0,2,11800,0,0,0,0,0,0
TF,BELAX,38.720000,115.526389,0, ,0.0,0.0,0.0,0.0,0,0,0,0,0,0,0,0

SID,BEL02D,33,2
CA,0,332.0,2,1970,0,0,0,0,0,0
DF,D332J,38.420233,114.583542,0, ,0.0,0.0,0,0,0,0,0,0,0,0
TF,OC,38.455000,114.555000,0, ,0.0,0.0,0.0,0.0,0,0,0,0,0,0,0,0
TF,SJ36A,38.654272,115.282208,2, ,0.0,0.0,0.0,0.0,2,11800,0,0,0,0,0,0
TF,BELAX,38.720000,115.526389,0, ,0.0,0.0,0.0,0.0,0,0,0,0,0,0,0,0

SID,BEL8ZD,33,5
CF,OC,38.455000,114.555000,0,SJW,332.2,12.5,332.0,11.0,2,5910,0,1,205,0,0,0
TF,OSVUL,38.503611,114.692500,2, ,0.0,0.0,0.0,0.0,2,6890,0,0,0,0,0,0
TF,UNROD,38.569167,114.873056,0, ,0.0,0.0,0.0,0.0,2,8860,0,0,0,0,0,0
TF,AREKU,38.628889,115.039444,0, ,0.0,0.0,0.0,0.0,2,11800,0,0,0,0,0,0
TF,BELAX,38.720000,115.526389,0, ,0.0,0.0,0.0,0.0,0,0,0,0,0,0,0,0

SID,BEL9ZD,15,5
CA,0,152.0,2,1480,0,0,0,0,0,0
DF,ENTUD,38.324444,114.831111,1, ,0.0,0.0,2,3940,0,1,205,0,0,0
TF,PINAP,38.432222,114.748056,0, ,0.0,0.0,0.0,0.0,2,5910,0,0,0,0,0,0
TF,OSVUL,38.503611,114.692500,0, ,0.0,0.0,0.0,0.0,2,6890,0,0,0,0,0,0
TF,UNROD,38.569167,114.873056,0, ,0.0,0.0,0.0,0.0,2,8860,0,0,0,0,0,0
TF,AREKU,38.628889,115.039444,0, ,0.0,0.0,0.0,0.0,2,11800,0,0,0,0,0,0
TF,BELAX,38.720000,115.526389,0, ,0.0,0.0,0.0,0.0,0,0,0,0,0,0,0,0

SID,UKM01D,15,2
CA,0,152.0,2,990,0,0,0,0,0,0
DF,FL,38.248333,114.888333,0, ,0.0,0.0,0,0,0,1,205,0,0,0
TF,UKMIS,38.118056,115.430833,0, ,0.0,0.0,0.0,0.0,0,0,0,0,0,0,0,0

SID,UKM02D,33,2
CA,0,332.0,2,990,0,0,0,0,0,0
DF,FL,38.248333,114.888333,2, ,0.0,0.0,0,0,0,1,205,0,0,0
TF,UKMIS,38.118056,115.430833,0, ,0.0,0.0,0.0,0.0,0,0,0,0,0,0,0,0

SID,UKM03D,15,2
CA,0,152.0,2,990,0,0,0,0,0,0
DF,D152K,38.140956,114.833406,0, ,0.0,0.0,2,1970,0,0,0,0,0,0
TF,UKMIS,38.118056,115.430833,0, ,0.0,0.0,0.0,0.0,0,0,0,0,0,0,0,0

SID,UKM04D,33,2
CA,0,332.0,2,1970,0,0,0,0,0,0
DF,SJW,38.280000,114.698333,1, ,0.0,0.0,0,0,0,1,205,0,0,0
TF,FL,38.248333,114.888333,0, ,0.0,0.0,0.0,0.0,0,0,0,0,0,0,0,0
TF,UKMIS,38.118056,115.430833,0, ,0.0,0.0,0.0,0.0,0,0,0,0,0,0,0,0

SID,UKM8ZD,33,5
CF,OC,38.455000,114.555000,0,SJW,332.2,12.5,332.0,11.0,2,5910,0,1,205,0,0,0
TF,OSVUL,38.503611,114.692500,2, ,0.0,0.0,0.0,0.0,2,6890,0,0,0,0,0,0
TF,UNROD,38.569167,114.873056,0, ,0.0,0.0,0.0,0.0,2,8860,0,0,0,0,0,0
TF,DUBIX,38.327778,115.205556,0, ,0.0,0.0,0.0,0.0,2,11800,0,0,0,0,0,0
TF,UKMIS,38.118056,115.430833,0, ,0.0,0.0,0.0,0.0,2,11800,0,0,0,0,0,0

SID,UKM9ZD,15,5
CA,0,152.0,2,1480,0,0,0,0,0,0
DF,FL,38.248333,114.888333,1, ,0.0,0.0,2,2960,0,1,205,0,0,0
TF,DUBIX,38.327778,115.205556,0, ,0.0,0.0,0.0,0.0,2,6890,0,0,0,0,0,0
TF,UKMIS,38.118056,115.430833,0, ,0.0,0.0,0.0,0.0,2,11800,0,0,0,0,0,0

SID,VAD01D,15,2
CA,0,152.0,2,990,0,0,0,0,0,0
DF,D332J,38.420233,114.583542,1, ,0.0,0.0,0,0,0,1,205,0,0,0
TF,OC,38.455000,114.555000,0, ,0.0,0.0,0.0,0.0,0,0,0,0,0,0,0,0
TF,SJ36B,38.849578,114.455594,0, ,0.0,0.0,0.0,0.0,2,9850,0,0,0,0,0,0
TF,VADKA,39.068333,114.399444,0, ,0.0,0.0,0.0,0.0,0,0,0,0,0,0,0,0

SID,VAD02D,33,2
CA,0,332.0,2,1970,0,0,0,0,0,0
DF,D332J,38.420233,114.583542,0, ,0.0,0.0,0,0,0,0,0,0,0,0
TF,OC,38.455000,114.555000,0, ,0.0,0.0,0.0,0.0,0,0,0,0,0,0,0,0
TF,SJ36B,38.849578,114.455594,0, ,0.0,0.0,0.0,0.0,2,9850,0,0,0,0,0,0
TF,VADKA,39.068333,114.399444,0, ,0.0,0.0,0.0,0.0,0,0,0,0,0,0,0,0

SID,VAD8ZD,33,5
CF,OC,38.455000,114.555000,0,SJW,332.2,12.5,332.0,11.0,2,5910,0,1,205,0,0,0
TF,BONLU,38.594722,114.519444,0, ,0.0,0.0,0.0,0.0,2,6890,0,0,0,0,0,0
TF,SAKRI,38.789722,114.470000,0, ,0.0,0.0,0.0,0.0,2,7880,0,0,0,0,0,0
TF,VADKA,39.068333,114.399444,0, ,0.0,0.0,0.0,0.0,2,13800,0,0,0,0,0,0

SID,VAD9ZD,15,5
CA,0,152.0,2,1480,0,0,0,0,0,0
DF,ENTUD,38.324444,114.831111,1, ,0.0,0.0,2,3940,0,1,205,0,0,0
TF,PINAP,38.432222,114.748056,0, ,0.0,0.0,0.0,0.0,2,5910,0,0,0,0,0,0
TF,OSVUL,38.503611,114.692500,0, ,0.0,0.0,0.0,0.0,2,6890,0,0,0,0,0,0
TF,REVSI,38.623889,114.599722,0, ,0.0,0.0,0.0,0.0,2,8860,0,0,0,0,0,0
TF,SAKRI,38.789722,114.470000,0, ,0.0,0.0,0.0,0.0,2,11800,0,0,0,0,0,0
TF,VADKA,39.068333,114.399444,0, ,0.0,0.0,0.0,0.0,2,13800,0,0,0,0,0,0

STAR,AVL01A,15,2
IF,AVLIS,37.496667,115.153611, ,0.0,0.0,2,12800,0,0,0,0,0,0
TF,SJW,38.280000,114.698333,0, ,0.0,0.0,0.0,0.0,2,3940,0,1,205,0,0,0

STAR,AVL02A,33,2
IF,AVLIS,37.496667,115.153611, ,0.0,0.0,2,12800,0,0,0,0,0,0
TF,SJW,38.280000,114.698333,0, ,0.0,0.0,0.0,0.0,2,3940,0,1,190,0,0,0

STAR,AVL8YA,33,5
IF,AVLIS,37.496667,115.153611, ,0.0,0.0,2,12800,0,0,0,0,0,0
TF,VEMOT,38.126111,114.820833,0, ,0.0,0.0,0.0,0.0,2,4930,0,0,0,0,0,0
TF,SJW,38.280000,114.698333,0, ,0.0,0.0,0.0,0.0,2,3940,0,1,185,0,0,0

STAR,AVL8ZA,33,5
IF,AVLIS,37.496667,115.153611, ,0.0,0.0,2,17700,0,0,0,0,0,0
TF,IGDID,37.810278,115.340000,0, ,0.0,0.0,0.0,0.0,2,14800,0,0,0,0,0,0
TF,ALBOD,38.086111,115.301111,0, ,0.0,0.0,0.0,0.0,2,9850,0,0,0,0,0,0
TF,URKED,38.183333,115.195000,0, ,0.0,0.0,0.0,0.0,2,6890,0,0,0,0,0,0
TF,FL,38.248333,114.888333,0, ,0.0,0.0,0.0,0.0,2,2960,0,1,185,0,0,0

STAR,AVL9YA,15,5
IF,AVLIS,37.496667,115.153611, ,0.0,0.0,2,12800,0,0,0,0,0,0
TF,VEMOT,38.126111,114.820833,0, ,0.0,0.0,0.0,0.0,2,4930,0,0,0,0,0,0
TF,SJW,38.280000,114.698333,0, ,0.0,0.0,0.0,0.0,2,3940,0,1,205,0,0,0

STAR,AVL9ZA,15,5
IF,AVLIS,37.496667,115.153611, ,0.0,0.0,2,17700,0,0,0,0,0,0
TF,IGDID,37.810278,115.340000,0, ,0.0,0.0,0.0,0.0,2,17700,0,0,0,0,0,0
TF,ALBOD,38.086111,115.301111,0, ,0.0,0.0,0.0,0.0,2,12800,0,0,0,0,0,0
TF,ATRAR,38.294444,115.083333,0, ,0.0,0.0,0.0,0.0,2,9850,0,0,0,0,0,0
TF,UNROD,38.569167,114.873056,0, ,0.0,0.0,0.0,0.0,2,4930,0,0,0,0,0,0
TF,OSVUL,38.503611,114.692500,0, ,0.0,0.0,0.0,0.0,2,3940,0,0,0,0,0,0
TF,OC,38.455000,114.555000,0, ,0.0,0.0,0.0,0.0,2,2960,0,1,180,0,0,0

STAR,LIK01A,15,2
IF,LIKTI,37.962222,115.437778, ,0.0,0.0,2,12800,0,0,0,0,0,0
TF,FL,38.248333,114.888333,0, ,0.0,0.0,0.0,0.0,2,5910,0,1,205,0,0,0

STAR,LIK02A,33,2
IF,LIKTI,37.962222,115.437778, ,0.0,0.0,2,12800,0,0,0,0,0,0
TF,FL,38.248333,114.888333,0, ,0.0,0.0,0.0,0.0,2,2960,0,1,190,0,0,0

STAR,LIK03A,15,2
IF,LIKTI,37.962222,115.437778, ,0.0,0.0,2,12800,0,0,0,0,0,0
TF,D123Y,38.081061,115.162806,0, ,0.0,0.0,0.0,0.0,2,7880,0,0,0,0,0,0
TF,SJW,38.280000,114.698333,0, ,0.0,0.0,0.0,0.0,2,3940,0,1,205,0,0,0

STAR,LIK04A,33,2
IF,LIKTI,37.962222,115.437778, ,0.0,0.0,2,12800,0,0,0,0,0,0
TF,D129Y,38.045931,115.135628,0, ,0.0,0.0,0.0,0.0,2,7880,0,1,190,0,0,0

STAR,LIK8YA,33,5
IF,LIKTI,37.962222,115.437778, ,0.0,0.0,2,12800,0,0,0,0,0,0
TF,VEMOT,38.126111,114.820833,0, ,0.0,0.0,0.0,0.0,2,4930,0,0,0,0,0,0
TF,SJW,38.280000,114.698333,0, ,0.0,0.0,0.0,0.0,2,3940,0,1,185,0,0,0

STAR,LIK8ZA,33,5
IF,LIKTI,37.962222,115.437778, ,0.0,0.0,2,12800,0,0,0,0,0,0
TF,ALBOD,38.086111,115.301111,0, ,0.0,0.0,0.0,0.0,2,9850,0,0,0,0,0,0
TF,URKED,38.183333,115.195000,0, ,0.0,0.0,0.0,0.0,2,6890,0,0,0,0,0,0
TF,FL,38.248333,114.888333,0, ,0.0,0.0,0.0,0.0,2,2960,0,1,185,0,0,0

STAR,LIK9YA,15,5
IF,LIKTI,37.962222,115.437778, ,0.0,0.0,2,12800,0,0,0,0,0,0
TF,VEMOT,38.126111,114.820833,0, ,0.0,0.0,0.0,0.0,2,4930,0,0,0,0,0,0
TF,SJW,38.280000,114.698333,0, ,0.0,0.0,0.0,0.0,2,3940,0,1,205,0,0,0

STAR,LIK9ZA,15,5
IF,LIKTI,37.962222,115.437778, ,0.0,0.0,2,12800,0,0,0,0,0,0
TF,ALBOD,38.086111,115.301111,0, ,0.0,0.0,0.0,0.0,2,12800,0,0,0,0,0,0
TF,ATRAR,38.294444,115.083333,0, ,0.0,0.0,0.0,0.0,2,9850,0,0,0,0,0,0
TF,UNROD,38.569167,114.873056,0, ,0.0,0.0,0.0,0.0,2,4930,0,0,0,0,0,0
TF,OSVUL,38.503611,114.692500,0, ,0.0,0.0,0.0,0.0,2,3940,0,0,0,0,0,0
TF,OC,38.455000,114.555000,0, ,0.0,0.0,0.0,0.0,2,2960,0,1,180,0,0,0

STAR,PEG01A,15,2
IF,PEGSO,38.944722,115.505278, ,0.0,0.0,0,0,0,0,0,0,0,0
TF,D033Z,38.663586,114.955989,0, ,0.0,0.0,0.0,0.0,2,12800,0,0,0,0,0,0
TF,OC,38.455000,114.555000,0, ,0.0,0.0,0.0,0.0,2,2960,0,1,205,0,0,0

STAR,PEG02A,33,2
IF,PEGSO,38.944722,115.505278, ,0.0,0.0,0,0,0,0,0,0,0,0
TF,D033Z,38.663586,114.955989,0, ,0.0,0.0,0.0,0.0,2,12800,0,0,0,0,0,0
TF,OC,38.455000,114.555000,0, ,0.0,0.0,0.0,0.0,2,3940,0,0,0,0,0,0
TF,SJW,38.280000,114.698333,0, ,0.0,0.0,0.0,0.0,2,3940,0,1,190,0,0,0

STAR,PEG04A,33,2
IF,PEGSO,38.944722,115.505278, ,0.0,0.0,0,0,0,0,0,0,0,0
TF,SJ36C,38.679831,115.268522,0, ,0.0,0.0,0.0,0.0,2,9850,0,0,0,0,0,0
TF,FL,38.248333,114.888333,0, ,0.0,0.0,0.0,0.0,2,2960,0,1,190,0,0,0

STAR,PEG8ZA,33,5
IF,PEGSO,38.944722,115.505278, ,0.0,0.0,0,0,0,0,0,0,0,0
TF,IDGIS,38.758889,114.977778,0, ,0.0,0.0,0.0,0.0,2,9850,0,0,0,0,0,0
TF,REVSI,38.623889,114.599722,0, ,0.0,0.0,0.0,0.0,2,4930,0,0,0,0,0,0
TF,OSVUL,38.503611,114.692500,0, ,0.0,0.0,0.0,0.0,2,3940,0,0,0,0,0,0
TF,PINAP,38.432222,114.748056,0, ,0.0,0.0,0.0,0.0,2,3940,0,0,0,0,0,0
TF,ENTUD,38.324444,114.831111,0, ,0.0,0.0,0.0,0.0,2,3940,0,0,0,0,0,0
TF,FL,38.248333,114.888333,0, ,0.0,0.0,0.0,0.0,2,2960,0,1,185,0,0,0

STAR,PEG9ZA,15,5
IF,PEGSO,38.944722,115.505278, ,0.0,0.0,0,0,0,0,0,0,0,0
TF,IDGIS,38.758889,114.977778,0, ,0.0,0.0,0.0,0.0,2,9850,0,0,0,0,0,0
TF,BONLU,38.594722,114.519444,0, ,0.0,0.0,0.0,0.0,2,3940,0,0,0,0,0,0
TF,OC,38.455000,114.555000,0, ,0.0,0.0,0.0,0.0,2,2960,0,1,180,0,0,0

STAR,TON01A,15,2
IF,TONOV,38.188889,114.106667, ,0.0,0.0,2,7880,0,0,0,0,0,0
TF,OC,38.455000,114.555000,0, ,0.0,0.0,0.0,0.0,2,2960,0,1,205,0,0,0

STAR,TON02A,33,2
IF,TONOV,38.188889,114.106667, ,0.0,0.0,2,8860,0,0,0,0,0,0
TF,OC,38.455000,114.555000,0, ,0.0,0.0,0.0,0.0,2,3940,0,0,0,0,0,0
TF,SJW,38.280000,114.698333,0, ,0.0,0.0,0.0,0.0,2,3940,0,1,190,0,0,0

STAR,TON8ZA,33,5
IF,TONOV,38.188889,114.106667, ,0.0,0.0,2,9850,0,0,0,0,0,0
TF,SJ913,38.382500,114.614167,0, ,0.0,0.0,0.0,0.0,2,4930,0,0,0,0,0,0
TF,PINAP,38.432222,114.748056,0, ,0.0,0.0,0.0,0.0,2,3940,0,0,0,0,0,0
TF,ENTUD,38.324444,114.831111,0, ,0.0,0.0,0.0,0.0,2,3940,0,0,0,0,0,0
TF,FL,38.248333,114.888333,0, ,0.0,0.0,0.0,0.0,2,2960,0,1,185,0,0,0

STAR,TON9ZA,15,5
IF,TONOV,38.188889,114.106667, ,0.0,0.0,2,9850,0,0,0,0,0,0
TF,OC,38.455000,114.555000,0, ,0.0,0.0,0.0,0.0,2,2960,0,1,180,0,0,0

STAR,VAD01A,15,2
IF,VADKA,39.068333,114.399444, ,0.0,0.0,0,0,0,0,0,0,0,0
TF,SJ36B,38.849578,114.455594,0, ,0.0,0.0,0.0,0.0,2,9850,0,0,0,0,0,0
TF,OC,38.455000,114.555000,0, ,0.0,0.0,0.0,0.0,2,2960,0,1,205,0,0,0

STAR,VAD02A,33,2
IF,VADKA,39.068333,114.399444, ,0.0,0.0,0,0,0,0,0,0,0,0
TF,SJ36B,38.849578,114.455594,0, ,0.0,0.0,0.0,0.0,2,9850,0,0,0,0,0,0
TF,OC,38.455000,114.555000,0, ,0.0,0.0,0.0,0.0,2,3940,0,0,0,0,0,0
TF,SJW,38.280000,114.698333,0, ,0.0,0.0,0.0,0.0,2,3940,0,1,190,0,0,0

STAR,VAD8ZA,33,5
IF,VADKA,39.068333,114.399444, ,0.0,0.0,2,11800,0,0,0,0,0,0
TF,SAKRI,38.789722,114.470000,0, ,0.0,0.0,0.0,0.0,2,5910,0,0,0,0,0,0
TF,REVSI,38.623889,114.599722,0, ,0.0,0.0,0.0,0.0,2,4930,0,0,0,0,0,0
TF,OSVUL,38.503611,114.692500,0, ,0.0,0.0,0.0,0.0,2,3940,0,0,0,0,0,0
TF,PINAP,38.432222,114.748056,0, ,0.0,0.0,0.0,0.0,2,3940,0,0,0,0,0,0
TF,ENTUD,38.324444,114.831111,0, ,0.0,0.0,0.0,0.0,2,3940,0,0,0,0,0,0
TF,FL,38.248333,114.888333,0, ,0.0,0.0,0.0,0.0,2,2960,0,1,185,0,0,0

STAR,VAD9ZA,15,5
IF,VADKA,39.068333,114.399444, ,0.0,0.0,2,11800,0,0,0,0,0,0
TF,SAKRI,38.789722,114.470000,0, ,0.0,0.0,0.0,0.0,2,5910,0,0,0,0,0,0
TF,BONLU,38.594722,114.519444,0, ,0.0,0.0,0.0,0.0,2,3940,0,0,0,0,0,0
TF,OC,38.455000,114.555000,0, ,0.0,0.0,0.0,0.0,2,2960,0,1,180,0,0,0

APPTR,D15,15,FL
IF,FL,38.248333,114.888333, ,0.0,0.0,2,5910,0,1,205,0,1,0
FD,FL,38.248333,114.888333,0,SJW,106.9,10.0,321.0,10.0,2,1970,0,0,0,0,0,0
CF,CD15,38.409519,114.578681,1,SJW,329.0,9.6,149.0,1.0,2,1970,0,0,0,0,1,0

APPTR,D15,15,OC
IF,OC,38.455000,114.555000, ,0.0,0.0,2,2960,0,1,205,0,1,0
CF,CD15,38.409519,114.578681,0,SJW,329.0,9.6,159.0,3.0,2,1970,0,0,0,0,1,0

APPTR,D15,15,SJW1
IF,SJW,38.280000,114.698333, ,0.0,0.0,2,3940,0,1,205,0,1,0
FD,SJW,38.280000,114.698333,0,SJW,0.0,9.6,348.0,9.6,2,1970,0,0,0,0,0,0
CF,CD15,38.409519,114.578681,1,SJW,329.0,9.6,149.0,1.0,2,1970,0,0,0,0,1,0

APPTR,D15,15,SJW2
IF,SJW,38.280000,114.698333, ,0.0,0.0,2,3940,0,1,205,0,1,0
FD,SJW,38.280000,114.698333,0,SJW,0.0,9.6,341.0,9.6,2,1970,0,0,0,0,0,0
CF,CD15,38.409519,114.578681,1,SJW,329.0,9.6,149.0,1.0,2,1970,0,0,0,0,1,0

FINAL,D15,15,D,4
IF,CD15,38.409519,114.578681,SJW,329.0,9.6,2,1970,0,0,0,0,0,0
CF,FD15,38.369056,114.616119,0,SJW,329.0,6.6,149.0,3.0,2,1970,0,0,0,0,2,0
CF,41VOR,38.335331,114.647283,0,SJW,329.0,4.1,149.0,2.5,2,1230,0,0,0,0,0,0
CF,MD15,38.304292,114.675931,0,SJW,329.0,1.8,149.0,2.3,1,535,0,0,0,0,3,0
FA,MD15,38.304292,114.675931,0,SJW,0.0,0.0,149.0,2,1970,0,0,0,0,0,0
DF,FL,38.248333,114.888333,1, ,0.0,0.0,1,2960,0,0,0,0,0,0
HM,FL,38.248333,114.888333,2, ,0.0,0.0,321.0,04.3,2,6890,0,0,0,0,0,0,0

APPTR,D33,33,D129Y
IF,D129Y,38.045931,115.135628, ,0.0,0.0,2,7880,0,1,190,0,1,0
TF,CD33,38.134025,114.800744,0, ,0.0,0.0,0.0,0.0,2,1970,0,0,0,0,1,0

APPTR,D33,33,FL1
IF,FL,38.248333,114.888333, ,0.0,0.0,2,2960,0,1,190,0,1,0
CR,0,SJW,144.0,200.0,2,1970,0,0,0,0,0,0
CF,CD33,38.134025,114.800744,2,SJW,156.0,10.0,336.0,1.0,2,1970,0,0,0,0,1,0

APPTR,D33,33,FL2
IF,FL,38.248333,114.888333, ,0.0,0.0,2,2960,0,1,190,0,1,0
CR,0,SJW,144.0,207.0,2,1970,0,0,0,0,0,0
CF,CD33,38.134025,114.800744,2,SJW,156.0,10.0,336.0,1.0,2,1970,0,0,0,0,1,0

APPTR,D33,33,SJW1
IF,SJW,38.280000,114.698333, ,0.0,0.0,2,3940,0,1,190,0,1,0
FD,SJW,38.280000,114.698333,0,SJW,0.0,10.0,141.0,10.0,2,1970,0,0,0,0,0,0
CF,CD33,38.134025,114.800744,2,SJW,156.0,10.0,336.0,1.0,2,1970,0,0,0,0,1,0

APPTR,D33,33,SJW2
IF,SJW,38.280000,114.698333, ,0.0,0.0,2,3940,0,1,190,0,1,0
FD,SJW,38.280000,114.698333,0,SJW,0.0,10.0,147.0,10.0,2,1970,0,0,0,0,0,0
CF,CD33,38.134025,114.800744,2,SJW,156.0,10.0,336.0,1.0,2,1970,0,0,0,0,1,0

FINAL,D33,33,D,3
IF,CD33,38.134025,114.800744,SJW,156.0,10.0,2,1970,0,0,0,0,0,0
CF,FD33,38.185128,114.764947,0,SJW,156.0,6.5,336.0,3.5,2,1970,0,0,0,0,2,0
CF,MD33,38.255189,114.715772,0,SJW,156.0,1.7,336.0,4.8,1,537,0,0,0,0,3,0
CF,SJW,38.280000,114.698333,0,SJW,0.0,0.0,336.0,1.7,0,0,0,0,0,0,0,0
FA,SJW,38.280000,114.698333,0,SJW,0.0,0.0,336.0,2,990,0,0,0,0,0,0
DF,FL,38.248333,114.888333,2, ,0.0,0.0,1,2960,0,0,0,0,0,0
HM,FL,38.248333,114.888333,2, ,0.0,0.0,197.0,04.3,2,3940,0,0,0,0,0,0,0

APPTR,I15,15,FL
IF,FL,38.248333,114.888333, ,0.0,0.0,2,5910,0,1,205,0,1,0
FD,FL,38.248333,114.888333,0,SJW,106.9,10.0,321.0,10.0,2,1970,0,0,0,0,0,0
CF,CI15,38.414750,114.587958,1,IOO,332.3,10.6,152.0,1.0,2,1970,0,0,0,0,1,0

APPTR,I15,15,OC
IF,OC,38.455000,114.555000, ,0.0,0.0,2,2960,0,1,205,0,1,0
CF,CI15,38.414750,114.587958,0,IOO,332.3,10.6,152.0,2.9,2,1970,0,0,0,0,1,0

APPTR,I15,15,SJW1
IF,SJW,38.280000,114.698333, ,0.0,0.0,2,3940,0,1,205,0,1,0
FD,SJW,38.280000,114.698333,0,SJW,0.0,9.6,350.0,9.6,2,1970,0,0,0,0,0,0
CF,CI15,38.414750,114.587958,1,IOO,332.3,10.6,152.0,1.0,2,1970,0,0,0,0,1,0

APPTR,I15,15,SJW2
IF,SJW,38.280000,114.698333, ,0.0,0.0,2,3940,0,1,205,0,1,0
FD,SJW,38.280000,114.698333,0,SJW,0.0,9.6,343.0,9.6,2,1970,0,0,0,0,0,0
CF,CI15,38.414750,114.587958,1,IOO,332.3,10.6,152.0,1.0,2,1970,0,0,0,0,1,0

FINAL,I15,15,I,3
IF,CI15,38.414750,114.587958,IOO,332.3,10.6,2,1970,0,0,0,0,0,0
CF,FI15,38.368428,114.625772,0,IOO,332.3,7.3,152.0,3.3,1,1970,0,0,0,0,2,0
CF,RW15,38.293681,114.686678,0,IOO,332.3,2.0,152.0,5.3,1,288,0,0,0,0,3,0
CA,0,152.0,2,1970,0,0,0,0,0,0
DF,FL,38.248333,114.888333,1, ,0.0,0.0,1,2960,0,0,0,0,0,0
HM,FL,38.248333,114.888333,2, ,0.0,0.0,321.0,04.3,2,6890,0,1,230,0,0,0,0

APPTR,I33,33,D129Y
IF,D129Y,38.045931,115.135628, ,0.0,0.0,2,7880,0,1,190,0,1,0
FC,D129Y,38.045931,115.135628,0,SJW,0.0,0.0,295.0,8.0,0,0,0,0,0,0,0,0
CF,CF33,38.139547,114.811786,0,IFF,152.3,11.1,295.0,8.0,2,1970,0,0,0,0,1,0

APPTR,I33,33,FL1
IF,FL,38.248333,114.888333, ,0.0,0.0,2,2960,0,1,190,0,1,0
CF,D196F,38.152911,114.864842,0,SJW,139.0,11.0,196.0,5.8,2,1970,0,0,0,0,0,1
CF,CF33,38.139547,114.811786,2,IFF,152.3,11.1,332.0,1.0,2,1970,0,0,0,0,1,0

APPTR,I33,33,FL2
IF,FL,38.248333,114.888333, ,0.0,0.0,2,2960,0,1,190,0,1,0
CF,D203E,38.162092,114.852842,0,SJW,139.0,10.2,203.0,5.4,2,1970,0,0,0,0,0,1
CF,CF33,38.139547,114.811786,2,IFF,152.3,11.1,332.0,1.0,2,1970,0,0,0,0,1,0

APPTR,I33,33,SJW1
IF,SJW,38.280000,114.698333, ,0.0,0.0,2,3940,0,1,190,0,1,0
FD,SJW,38.280000,114.698333,0,SJW,0.0,10.0,137.0,10.0,2,1970,0,0,0,0,0,0
CF,CF33,38.139547,114.811786,2,IFF,152.3,11.1,332.0,1.0,2,1970,0,0,0,0,1,0

APPTR,I33,33,SJW2
IF,SJW,38.280000,114.698333, ,0.0,0.0,2,3940,0,1,190,0,1,0
FD,SJW,38.280000,114.698333,0,SJW,0.0,10.0,143.0,10.0,2,1970,0,0,0,0,0,0
CF,CF33,38.139547,114.811786,2,IFF,152.3,11.1,332.0,1.0,2,1970,0,0,0,0,1,0

FINAL,I33,33,I,3
IF,CF33,38.139547,114.811786,IFF,152.3,11.1,2,1970,0,0,0,0,0,0
CF,FI33,38.192953,114.768500,0,IFF,152.3,7.3,332.0,3.8,1,1970,0,0,0,0,2,0
CF,RW33,38.267883,114.707642,0,IFF,152.3,2.0,332.0,5.3,1,278,0,0,0,0,3,0
CA,0,332.0,2,990,0,0,0,0,0,0
DF,FL,38.248333,114.888333,2, ,0.0,0.0,1,2960,0,0,0,0,0,0
HM,FL,38.248333,114.888333,2, ,0.0,0.0,197.0,04.3,2,3940,0,1,230,0,0,0,0

APPTR,N15,15,OC
IF,OC,38.455000,114.555000, ,0.0,0.0,2,3940,0,1,205,0,0,0
HF,OC,38.455000,114.555000,1, ,0.0,0.0,152.0,04.3,2,2960,0,0,0,0,1,0,0

FINAL,N15,15,N,2
IF,OC,38.455000,114.555000,OC,0.0,0.0,2,2960,0,0,0,0,2,0
CF,O,38.301233,114.680450,0,OC,0.0,0.0,152.0,11.0,1,452,0,0,0,0,3,0
FA,O,38.301233,114.680450,0,SJW,0.0,0.0,152.0,2,1970,0,0,0,0,0,0
DF,FL,38.248333,114.888333,1, ,0.0,0.0,1,2960,0,0,0,0,0,0
HM,FL,38.248333,114.888333,2, ,0.0,0.0,321.0,04.3,2,6890,0,0,0,0,0,0,0

APPTR,N33,33,F1
IF,F,38.259950,114.714175, ,0.0,0.0,2,3940,0,1,190,0,1,0
CF,D134I,38.168367,114.855592,0,SJW,136.9,10.0,134.0,7.9,2,1970,0,0,0,0,0,1
CF,CF33,38.139547,114.811786,2,SJW,152.5,10.0,332.0,1.0,2,1970,0,0,0,0,1,0

APPTR,N33,33,F2
IF,F,38.259950,114.714175, ,0.0,0.0,2,3940,0,1,190,0,1,0
CF,D140I,38.157744,114.842306,0,SJW,142.1,10.0,140.0,9.0,2,1970,0,0,0,0,0,1
CF,CF33,38.139547,114.811786,2,SJW,152.5,10.0,332.0,1.0,2,1970,0,0,0,0,1,0

APPTR,N33,33,FL1
IF,FL,38.248333,114.888333, ,0.0,0.0,2,2960,0,1,190,0,1,0
CF,D197F,38.153206,114.862728,0,SJW,139.3,10.9,197.0,5.8,2,1970,0,0,0,0,0,1
CF,CF33,38.139547,114.811786,2,SJW,152.5,10.0,332.0,1.0,2,1970,0,0,0,0,1,0

APPTR,N33,33,FL2
IF,FL,38.248333,114.888333, ,0.0,0.0,2,2960,0,1,190,0,1,0
CF,D204E,38.161844,114.850617,0,SJW,139.5,10.1,204.0,5.5,2,1970,0,0,0,0,0,1
CF,CF33,38.139547,114.811786,2,SJW,152.5,10.0,332.0,1.0,2,1970,0,0,0,0,1,0

FINAL,N33,33,N,3
IF,CF33,38.139547,114.811786,F,0.0,0.0,2,1970,0,0,0,0,0,0
CF,FF33,38.188850,114.772664,0,F,0.0,0.0,332.0,3.5,2,1970,0,0,0,0,2,0
CF,F,38.259950,114.714175,0,F,0.0,0.0,332.0,5.1,1,451,0,0,0,0,3,0
CA,0,332.0,2,990,0,0,0,0,0,0
DF,FL,38.248333,114.888333,2, ,0.0,0.0,1,2960,0,0,0,0,0,0
HM,FL,38.248333,114.888333,2, ,0.0,0.0,197.0,04.3,2,3940,0,1,230,0,0,0,0

APPTR,Q15,15,FL
IF,FL,38.248333,114.888333, ,0.0,0.0,2,5910,0,1,205,0,1,0
FD,FL,38.248333,114.888333,0,SJW,106.9,10.0,321.0,10.0,2,1970,0,0,0,0,0,0
CF,CQ15,38.414694,114.588261,1,SJW,332.3,9.6,152.0,1.0,2,1970,0,0,0,0,1,0

APPTR,Q15,15,O1
IF,O,38.301233,114.680450, ,0.0,0.0,2,3940,0,1,205,0,1,0
FD,O,38.301233,114.680450,0,SJW,331.4,9.6,353.0,9.6,2,1970,0,0,0,0,0,0
CF,CQ15,38.414694,114.588261,1,SJW,332.3,9.6,152.0,1.0,2,1970,0,0,0,0,1,0

APPTR,Q15,15,O2
IF,O,38.301233,114.680450, ,0.0,0.0,2,3940,0,1,205,0,1,0
FD,O,38.301233,114.680450,0,SJW,331.4,9.6,343.0,9.6,2,1970,0,0,0,0,0,0
CF,CQ15,38.414694,114.588261,1,SJW,332.3,9.6,152.0,1.0,2,1970,0,0,0,0,1,0

APPTR,Q15,15,OC
IF,OC,38.455000,114.555000, ,0.0,0.0,2,2960,0,1,205,0,1,0
CF,CQ15,38.414694,114.588261,0,SJW,332.3,9.6,152.0,2.9,2,1970,0,0,0,0,1,0

FINAL,Q15,15,N,4
IF,CQ15,38.414694,114.588261,OC,0.0,0.0,2,1970,0,0,0,0,0,0
CF,FQ15,38.372703,114.622869,0,OC,0.0,0.0,152.0,3.0,2,1970,0,0,0,0,2,0
CF,41VO2,38.337189,114.650797,0,OC,0.0,0.0,152.0,2.5,2,1230,0,0,0,0,0,0
CF,O,38.301233,114.680450,0,SJW,0.0,1.5,152.0,2.6,1,452,0,0,0,0,3,0
CA,0,152.0,2,1970,0,0,0,0,0,0
DF,FL,38.248333,114.888333,1, ,0.0,0.0,1,2960,0,0,0,0,0,0
HM,FL,38.248333,114.888333,2, ,0.0,0.0,321.0,04.3,2,6890,0,1,230,0,0,0,0

APPTR,Q33,33,D129Y
IF,D129Y,38.045931,115.135628, ,0.0,0.0,2,7880,0,1,190,0,1,0
TF,CF33,38.139547,114.811786,0, ,0.0,0.0,0.0,0.0,2,1970,0,0,0,0,1,0

APPTR,Q33,33,F1
IF,F,38.259950,114.714175, ,0.0,0.0,2,3940,0,1,190,0,1,0
CF,D134I,38.168367,114.855592,0,SJW,136.9,10.0,134.0,8.7,2,1970,0,0,0,0,0,1
CF,CF33,38.139547,114.811786,2,SJW,152.5,10.0,332.0,1.0,2,1970,0,0,0,0,1,0

APPTR,Q33,33,F2
IF,F,38.259950,114.714175, ,0.0,0.0,2,3940,0,1,190,0,1,0
CF,D140I,38.157744,114.842306,0,SJW,142.1,10.0,140.0,8.6,2,1970,0,0,0,0,0,1
CF,CF33,38.139547,114.811786,2,SJW,152.5,10.0,332.0,1.0,2,1970,0,0,0,0,1,0

APPTR,Q33,33,FL1
IF,FL,38.248333,114.888333, ,0.0,0.0,2,2960,0,1,190,0,1,0
CF,D197F,38.153206,114.862728,0,SJW,139.3,10.9,197.0,5.8,2,1970,0,0,0,0,0,1
CF,CF33,38.139547,114.811786,2,SJW,152.5,10.0,332.0,1.0,2,1970,0,0,0,0,1,0

APPTR,Q33,33,FL2
IF,FL,38.248333,114.888333, ,0.0,0.0,2,2960,0,1,190,0,1,0
CF,D204E,38.161844,114.850617,0,SJW,139.5,10.1,204.0,5.5,2,1970,0,0,0,0,0,1
CF,CF33,38.139547,114.811786,2,SJW,152.5,10.0,332.0,1.0,2,1970,0,0,0,0,1,0

FINAL,Q33,33,N,3
IF,CF33,38.139547,114.811786,F,0.0,0.0,2,1970,0,0,0,0,0,0
CF,FF33,38.188850,114.772664,0,F,0.0,0.0,332.0,3.5,2,1970,0,0,0,0,2,0
CF,F,38.259950,114.714175,0,SJW,0.0,1.4,332.0,5.1,1,451,0,0,0,0,3,0
CA,0,332.0,2,990,0,0,0,0,0,0
DF,FL,38.248333,114.888333,2, ,0.0,0.0,1,2960,0,0,0,0,0,0
HM,FL,38.248333,114.888333,2, ,0.0,0.0,197.0,04.3,2,3940,0,1,230,0,0,0,0

