SID,ENH01D,08,2
CD, ,0,0,0,DYG,0,0.0,79.0,8.9,2,2300,0,0,0,0,0,0
CF,D080L,29.140292,110.623072,0,DYG,79.2,11.8,79.0,3.0,2,3120,0,0,0,0,0,1
CF,D059C,29.116686,110.444436,1,DYG,59.0,2.5,239.0,9.0,2,5910,0,1,205,0,0,1
CF,IGPAR,29.490000,110.141111,2,DYG,332.9,27.5,333.0,25.0,0,0,0,0,0,0,0,0
TF,ENH,30.291667,109.601667,0, ,0.0,0.0,0.0,0.0,0,0,0,0,0,0,0,0

SID,ENH11D,26,2
CD, ,0,0,0,DYG,0,0.0,259.0,7.2,2,3120,0,0,0,0,0,0
CF,D333I,29.226183,110.316883,2,DYG,332.8,9.2,37.0,8.0,2,5910,0,1,205,0,0,0
TF,IGPAR,29.490000,110.141111,0, ,0.0,0.0,0.0,0.0,0,0,0,0,0,0,0,0
TF,ENH,30.291667,109.601667,0, ,0.0,0.0,0.0,0.0,0,0,0,0,0,0,0,0

SID,HUY01D,08,2
CD, ,0,0,0,DYG,0,0.0,79.0,8.9,2,2300,0,0,0,0,0,0
CF,D080L,29.140292,110.623072,0,DYG,79.2,11.8,79.0,3.0,2,3120,0,0,0,0,0,1
CF,D059C,29.116686,110.444436,1,DYG,59.0,2.5,239.0,9.0,2,5910,0,1,205,0,0,0
TF,DYG,29.093333,110.405000,0, ,0.0,0.0,0.0,0.0,0,0,0,0,0,0,0,0
TF,HUY,28.580000,109.450000,0, ,0.0,0.0,0.0,0.0,0,0,0,0,0,0,0,0

SID,HUY11D,26,2
CD, ,0,0,0,DYG,0,0.0,259.0,7.2,2,3120,0,0,0,0,0,0
CF,D241L,28.989406,110.209864,0,DYG,241.8,12.0,212.0,5.0,2,4930,0,1,205,0,0,0
TF,D241O,28.966850,110.167636,0, ,0.0,0.0,0.0,0.0,2,5910,0,0,0,0,0,0
TF,HUY,28.580000,109.450000,0, ,0.0,0.0,0.0,0.0,0,0,0,0,0,0,0,0

SID,KAL01D,08,2
CD, ,0,0,0,DYG,0,0.0,79.0,8.9,2,2300,0,0,0,0,0,0
CF,D080L,29.140292,110.623072,0,DYG,79.2,11.8,79.0,3.0,2,3120,0,0,0,0,0,0
TF,D080T,29.172322,110.772881,0, ,0.0,0.0,0.0,0.0,2,5910,0,0,0,0,0,0
TF,KALMU,29.340833,111.579722,0, ,0.0,0.0,0.0,0.0,0,0,0,0,0,0,0,0

SID,KAL11D,26,2
CD, ,0,0,0,DYG,0,0.0,259.0,7.2,2,3120,0,0,0,0,0,0
CF,DYG,29.093333,110.405000,2,DYG,0.0,0.0,110.0,7.0,2,5910,0,1,205,0,0,0
TF,KALMU,29.340833,111.579722,0, ,0.0,0.0,0.0,0.0,0,0,0,0,0,0,0,0

SID,LIN01D,08,2
CD, ,0,0,0,DYG,0,0.0,79.0,8.9,2,2300,0,0,0,0,0,0
CF,D080L,29.140292,110.623072,0,DYG,79.2,11.8,79.0,3.0,2,3120,0,0,0,0,0,0
TF,D080T,29.172322,110.772881,0, ,0.0,0.0,0.0,0.0,2,5910,0,0,0,0,0,0
TF,KALMU,29.340833,111.579722,0, ,0.0,0.0,0.0,0.0,0,0,0,0,0,0,0,0
TF,LIN,29.353333,111.648333,0, ,0.0,0.0,0.0,0.0,0,0,0,0,0,0,0,0

SID,LIN11D,26,2
CD, ,0,0,0,DYG,0,0.0,259.0,7.2,2,3120,0,0,0,0,0,0
CF,DYG,29.093333,110.405000,2,DYG,0.0,0.0,110.0,7.0,2,5910,0,1,205,0,0,0
TF,KALMU,29.340833,111.579722,0, ,0.0,0.0,0.0,0.0,0,0,0,0,0,0,0,0
TF,LIN,29.353333,111.648333,0, ,0.0,0.0,0.0,0.0,0,0,0,0,0,0,0,0

SID,LLC01D,08,2
CD, ,0,0,0,DYG,0,0.0,79.0,8.9,2,2300,0,0,0,0,0,0
CF,D080L,29.140292,110.623072,0,DYG,79.2,11.8,79.0,3.0,2,3120,0,0,0,0,0,1
CF,D059C,29.116686,110.444436,1,DYG,59.0,2.5,239.0,9.0,2,5910,0,1,205,0,0,1
VI,0, ,0.0,156.0,0,0,0,0,0,0,0,0
IF,DYG,29.093333,110.405000, ,0.0,0.0,0,0,0,0,0,0,0,0
TF,LLC,28.068333,112.208333,0, ,0.0,0.0,0.0,0.0,0,0,0,0,0,0,0,0

SID,LLC11D,26,2
CD, ,0,0,0,DYG,0,0.0,259.0,7.2,2,3120,0,0,0,0,0,0
CF,DYG,29.093333,110.405000,2,DYG,0.0,0.0,110.0,7.0,2,5910,0,1,205,0,0,0
TF,LLC,28.068333,112.208333,0, ,0.0,0.0,0.0,0.0,0,0,0,0,0,0,0,0

STAR,ENH01A,08,2
IF,ENH,30.291667,109.601667, ,0.0,0.0,0,0,0,0,0,0,0,0
TF,IGPAR,29.490000,110.141111,0, ,0.0,0.0,0.0,0.0,0,0,0,0,0,0,0,0
TF,D333U,29.395208,110.204811,0, ,0.0,0.0,0.0,0.0,2,7880,0,0,0,0,0,0

STAR,ENH02A,08,2
IF,ENH,30.291667,109.601667, ,0.0,0.0,0,0,0,0,0,0,0,0
TF,IGPAR,29.490000,110.141111,0, ,0.0,0.0,0.0,0.0,0,0,0,0,0,0,0,0
TF,D333U,29.395208,110.204811,0, ,0.0,0.0,0.0,0.0,2,7880,0,0,0,0,0,0
TF,JX,29.181667,110.400000,0, ,0.0,0.0,0.0,0.0,2,5910,0,0,0,0,0,0

STAR,ENH03A,08,2
IF,ENH,30.291667,109.601667, ,0.0,0.0,0,0,0,0,0,0,0,0
TF,IGPAR,29.490000,110.141111,0, ,0.0,0.0,0.0,0.0,0,0,0,0,0,0,0,0
TF,D333U,29.395208,110.204811,0, ,0.0,0.0,0.0,0.0,2,7880,0,0,0,0,0,0
TF,DYG,29.093333,110.405000,0, ,0.0,0.0,0.0,0.0,2,6890,0,0,0,0,0,0

STAR,ENH06A,08,5
IF,ENH,30.291667,109.601667, ,0.0,0.0,0,0,0,0,0,0,0,0
TF,IGPAR,29.490000,110.141111,0, ,0.0,0.0,0.0,0.0,2,9850,0,0,0,0,0,0
TF,DG988,29.395556,110.205556,0, ,0.0,0.0,0.0,0.0,2,7880,0,1,250,0,0,0

STAR,ENH07A,08,5
IF,ENH,30.291667,109.601667, ,0.0,0.0,0,0,0,0,0,0,0,0
TF,IGPAR,29.490000,110.141111,0, ,0.0,0.0,0.0,0.0,2,9850,0,0,0,0,0,0
TF,DG988,29.395556,110.205556,0, ,0.0,0.0,0.0,0.0,2,7880,0,0,0,0,0,0
TF,JX001,29.180556,110.398889,0, ,0.0,0.0,0.0,0.0,2,5910,0,1,250,0,0,0

STAR,ENH11A,26,2
IF,ENH,30.291667,109.601667, ,0.0,0.0,0,0,0,0,0,0,0,0
TF,IGPAR,29.490000,110.141111,0, ,0.0,0.0,0.0,0.0,0,0,0,0,0,0,0,0
TF,D333T,29.376439,110.217297,0, ,0.0,0.0,0.0,0.0,2,7880,0,0,0,0,0,0

STAR,ENH12A,26,2
IF,ENH,30.291667,109.601667, ,0.0,0.0,0,0,0,0,0,0,0,0
TF,IGPAR,29.490000,110.141111,0, ,0.0,0.0,0.0,0.0,0,0,0,0,0,0,0,0
TF,D333U,29.395208,110.204811,0, ,0.0,0.0,0.0,0.0,2,7880,0,0,0,0,0,0
TF,JX,29.181667,110.400000,0, ,0.0,0.0,0.0,0.0,2,5910,0,0,0,0,0,0

STAR,ENH13A,26,2
IF,ENH,30.291667,109.601667, ,0.0,0.0,0,0,0,0,0,0,0,0
TF,IGPAR,29.490000,110.141111,0, ,0.0,0.0,0.0,0.0,0,0,0,0,0,0,0,0
TF,D333T,29.376439,110.217297,0, ,0.0,0.0,0.0,0.0,2,7880,0,0,0,0,0,0
TF,DYG,29.093333,110.405000,0, ,0.0,0.0,0.0,0.0,2,6890,0,0,0,0,0,0

STAR,ENH16A,26,5
IF,ENH,30.291667,109.601667, ,0.0,0.0,0,0,0,0,0,0,0,0
TF,IGPAR,29.490000,110.141111,0, ,0.0,0.0,0.0,0.0,2,9850,0,0,0,0,0,0
TF,DG988,29.395556,110.205556,0, ,0.0,0.0,0.0,0.0,2,7880,0,1,250,0,0,0

STAR,ENH17A,26,5
IF,ENH,30.291667,109.601667, ,0.0,0.0,0,0,0,0,0,0,0,0
TF,IGPAR,29.490000,110.141111,0, ,0.0,0.0,0.0,0.0,2,9850,0,0,0,0,0,0
TF,DG988,29.395556,110.205556,0, ,0.0,0.0,0.0,0.0,2,7880,0,0,0,0,0,0
TF,JX001,29.180556,110.398889,0, ,0.0,0.0,0.0,0.0,2,5910,0,1,250,0,0,0

STAR,HUY01A,08,2
IF,HUY,28.580000,109.450000, ,0.0,0.0,0,0,0,0,0,0,0,0
TF,D241U,28.912142,110.065392,0, ,0.0,0.0,0.0,0.0,2,6890,0,0,0,0,0,0

STAR,HUY02A,08,2
IF,HUY,28.580000,109.450000, ,0.0,0.0,0,0,0,0,0,0,0,0
TF,D241U,28.912142,110.065392,0, ,0.0,0.0,0.0,0.0,2,6890,0,0,0,0,0,0
TF,JX,29.181667,110.400000,0, ,0.0,0.0,0.0,0.0,2,5910,0,0,0,0,0,0

STAR,HUY03A,08,2
IF,HUY,28.580000,109.450000, ,0.0,0.0,0,0,0,0,0,0,0,0
TF,D241U,28.912142,110.065392,0, ,0.0,0.0,0.0,0.0,2,6890,0,0,0,0,0,0
TF,DYG,29.093333,110.405000,0, ,0.0,0.0,0.0,0.0,2,6890,0,0,0,0,0,0

STAR,HUY06A,08,5
IF,HUY,28.580000,109.450000, ,0.0,0.0,0,0,0,0,0,0,0,0
TF,DG964,28.851111,109.953889,0, ,0.0,0.0,0.0,0.0,2,7880,0,1,250,0,0,0

STAR,HUY07A,08,5
IF,HUY,28.580000,109.450000, ,0.0,0.0,0,0,0,0,0,0,0,0
TF,DG964,28.851111,109.953889,0, ,0.0,0.0,0.0,0.0,2,7880,0,0,0,0,0,0
TF,DG966,28.912222,110.067222,0, ,0.0,0.0,0.0,0.0,2,6890,0,0,0,0,0,0
TF,DG674,29.046944,110.188889,0, ,0.0,0.0,0.0,0.0,2,6570,0,0,0,0,0,0
TF,DG672,29.151667,110.283611,0, ,0.0,0.0,0.0,0.0,0,0,0,0,0,0,0,0
TF,JX001,29.180556,110.398889,0, ,0.0,0.0,0.0,0.0,2,5910,0,1,250,0,0,0

STAR,HUY11A,26,2
IF,HUY,28.580000,109.450000, ,0.0,0.0,0,0,0,0,0,0,0,0
TF,D241K,28.998078,110.226111,0, ,0.0,0.0,0.0,0.0,2,7880,0,0,0,0,0,0
TF,DYG,29.093333,110.405000,0, ,0.0,0.0,0.0,0.0,2,6890,0,0,0,0,0,0

STAR,HUY12A,26,2
IF,HUY,28.580000,109.450000, ,0.0,0.0,0,0,0,0,0,0,0,0
TF,D241K,28.998078,110.226111,0, ,0.0,0.0,0.0,0.0,2,7880,0,0,0,0,0,0
TF,JX,29.181667,110.400000,0, ,0.0,0.0,0.0,0.0,2,5910,0,0,0,0,0,0

STAR,HUY17A,26,5
IF,HUY,28.580000,109.450000, ,0.0,0.0,0,0,0,0,0,0,0,0
TF,DG964,28.851111,109.953889,0, ,0.0,0.0,0.0,0.0,2,7880,0,1,250,0,0,0
TF,DG966,28.912222,110.067222,0, ,0.0,0.0,0.0,0.0,2,6890,0,0,0,0,0,0
TF,DG674,29.046944,110.188889,0, ,0.0,0.0,0.0,0.0,2,6570,0,0,0,0,0,0
TF,DG672,29.151667,110.283611,0, ,0.0,0.0,0.0,0.0,0,0,0,0,0,0,0,0
TF,JX001,29.180556,110.398889,0, ,0.0,0.0,0.0,0.0,2,5910,0,1,250,0,0,0

STAR,KAL01A,08,2
IF,KALMU,29.340833,111.579722, ,0.0,0.0,0,0,0,0,0,0,0,0
TF,D080N,29.150592,110.671150,0, ,0.0,0.0,0.0,0.0,2,7880,0,0,0,0,0,0
TF,DYG,29.093333,110.405000,0, ,0.0,0.0,0.0,0.0,2,6890,0,0,0,0,0,0

STAR,KAL02A,08,2
IF,KALMU,29.340833,111.579722, ,0.0,0.0,0,0,0,0,0,0,0,0
TF,D080N,29.150592,110.671150,0, ,0.0,0.0,0.0,0.0,2,7880,0,0,0,0,0,0
TF,JX,29.181667,110.400000,0, ,0.0,0.0,0.0,0.0,2,5910,0,0,0,0,0,0

STAR,KAL11A,26,2
IF,KALMU,29.340833,111.579722, ,0.0,0.0,0,0,0,0,0,0,0,0
TF,D080X,29.187686,110.845044,0, ,0.0,0.0,0.0,0.0,2,6890,0,0,0,0,0,0

STAR,KAL12A,26,2
IF,KALMU,29.340833,111.579722, ,0.0,0.0,0,0,0,0,0,0,0,0
TF,D080X,29.187686,110.845044,0, ,0.0,0.0,0.0,0.0,2,6890,0,0,0,0,0,0
TF,JX,29.181667,110.400000,0, ,0.0,0.0,0.0,0.0,2,5910,0,0,0,0,0,0

STAR,KAL13A,26,2
IF,KALMU,29.340833,111.579722, ,0.0,0.0,0,0,0,0,0,0,0,0
TF,D080X,29.187686,110.845044,0, ,0.0,0.0,0.0,0.0,2,6890,0,0,0,0,0,0
TF,DYG,29.093333,110.405000,0, ,0.0,0.0,0.0,0.0,2,6890,0,0,0,0,0,0

STAR,LIN01A,08,2
IF,LIN,29.353333,111.648333, ,0.0,0.0,0,0,0,0,0,0,0,0
TF,KALMU,29.340833,111.579722,0, ,0.0,0.0,0.0,0.0,0,0,0,0,0,0,0,0
TF,D080N,29.150592,110.671150,0, ,0.0,0.0,0.0,0.0,2,7880,0,0,0,0,0,0
TF,DYG,29.093333,110.405000,0, ,0.0,0.0,0.0,0.0,2,6890,0,0,0,0,0,0

STAR,LIN02A,08,2
IF,LIN,29.353333,111.648333, ,0.0,0.0,0,0,0,0,0,0,0,0
TF,KALMU,29.340833,111.579722,0, ,0.0,0.0,0.0,0.0,0,0,0,0,0,0,0,0
TF,D080N,29.150592,110.671150,0, ,0.0,0.0,0.0,0.0,2,7880,0,0,0,0,0,0
TF,JX,29.181667,110.400000,0, ,0.0,0.0,0.0,0.0,2,5910,0,0,0,0,0,0

STAR,LIN07A,08,5
IF,LIN,29.353333,111.648333, ,0.0,0.0,0,0,0,0,0,0,0,0
TF,KALMU,29.340833,111.579722,0, ,0.0,0.0,0.0,0.0,2,13800,0,0,0,0,0,0
TF,DG940,29.279167,111.278056,0, ,0.0,0.0,0.0,0.0,0,0,0,0,0,0,0,0
TF,DG942,29.226111,110.998889,0, ,0.0,0.0,0.0,0.0,0,0,0,0,0,0,0,0
TF,DG944,29.192222,110.845556,0, ,0.0,0.0,0.0,0.0,2,5910,0,1,250,0,0,0
TF,DG828,29.183611,110.436667,0, ,0.0,0.0,0.0,0.0,0,0,0,0,0,0,0,0
TF,JX001,29.180556,110.398889,0, ,0.0,0.0,0.0,0.0,2,5910,0,1,250,0,0,0

STAR,LIN11A,26,2
IF,LIN,29.353333,111.648333, ,0.0,0.0,0,0,0,0,0,0,0,0
TF,KALMU,29.340833,111.579722,0, ,0.0,0.0,0.0,0.0,0,0,0,0,0,0,0,0
TF,D080X,29.187686,110.845044,0, ,0.0,0.0,0.0,0.0,2,6890,0,0,0,0,0,0

STAR,LIN12A,26,2
IF,LIN,29.353333,111.648333, ,0.0,0.0,0,0,0,0,0,0,0,0
TF,KALMU,29.340833,111.579722,0, ,0.0,0.0,0.0,0.0,0,0,0,0,0,0,0,0
TF,D080X,29.187686,110.845044,0, ,0.0,0.0,0.0,0.0,2,6890,0,0,0,0,0,0
TF,JX,29.181667,110.400000,0, ,0.0,0.0,0.0,0.0,2,5910,0,0,0,0,0,0

STAR,LIN13A,26,2
IF,LIN,29.353333,111.648333, ,0.0,0.0,0,0,0,0,0,0,0,0
TF,KALMU,29.340833,111.579722,0, ,0.0,0.0,0.0,0.0,0,0,0,0,0,0,0,0
TF,D080X,29.187686,110.845044,0, ,0.0,0.0,0.0,0.0,2,6890,0,0,0,0,0,0
TF,DYG,29.093333,110.405000,0, ,0.0,0.0,0.0,0.0,2,6890,0,0,0,0,0,0

STAR,LIN16A,26,5
IF,LIN,29.353333,111.648333, ,0.0,0.0,0,0,0,0,0,0,0,0
TF,KALMU,29.340833,111.579722,0, ,0.0,0.0,0.0,0.0,2,13800,0,0,0,0,0,0
TF,DG940,29.279167,111.278056,0, ,0.0,0.0,0.0,0.0,0,0,0,0,0,0,0,0
TF,DG942,29.226111,110.998889,0, ,0.0,0.0,0.0,0.0,0,0,0,0,0,0,0,0
TF,DG944,29.192222,110.845556,0, ,0.0,0.0,0.0,0.0,2,5910,0,1,250,0,0,0

STAR,LIN17A,26,5
IF,LIN,29.353333,111.648333, ,0.0,0.0,0,0,0,0,0,0,0,0
TF,KALMU,29.340833,111.579722,0, ,0.0,0.0,0.0,0.0,2,13800,0,0,0,0,0,0
TF,DG940,29.279167,111.278056,0, ,0.0,0.0,0.0,0.0,0,0,0,0,0,0,0,0
TF,DG942,29.226111,110.998889,0, ,0.0,0.0,0.0,0.0,0,0,0,0,0,0,0,0
TF,DG944,29.192222,110.845556,0, ,0.0,0.0,0.0,0.0,2,5910,0,0,0,0,0,0
TF,DG828,29.183611,110.436667,0, ,0.0,0.0,0.0,0.0,0,0,0,0,0,0,0,0
TF,JX001,29.180556,110.398889,0, ,0.0,0.0,0.0,0.0,2,5910,0,1,250,0,0,0

STAR,LLC01A,08,2
IF,LLC,28.068333,112.208333, ,0.0,0.0,0,0,0,0,0,0,0,0
TF,D126H,29.021753,110.533489,0, ,0.0,0.0,0.0,0.0,2,8860,0,0,0,0,0,0
TF,DYG,29.093333,110.405000,0, ,0.0,0.0,0.0,0.0,2,6890,0,0,0,0,0,0

STAR,LLC02A,08,2
IF,LLC,28.068333,112.208333, ,0.0,0.0,0,0,0,0,0,0,0,0
TF,D126H,29.021753,110.533489,0, ,0.0,0.0,0.0,0.0,2,8860,0,0,0,0,0,0
TF,JX,29.181667,110.400000,0, ,0.0,0.0,0.0,0.0,2,5910,0,0,0,0,0,0

STAR,LLC07A,08,5
IF,LLC,28.068333,112.208333, ,0.0,0.0,0,0,0,0,0,0,0,0
TF,DG950,28.601389,111.287778,0, ,0.0,0.0,0.0,0.0,2,13800,0,0,0,0,0,0
TF,DG952,28.750556,111.022778,0, ,0.0,0.0,0.0,0.0,0,0,0,0,0,0,0,0
TF,DG954,28.813333,110.910833,0, ,0.0,0.0,0.0,0.0,0,0,0,0,0,0,0,0
TF,DG955,28.870833,110.808056,0, ,0.0,0.0,0.0,0.0,2,8860,0,0,0,0,0,0
TF,DG828,29.183611,110.436667,0, ,0.0,0.0,0.0,0.0,0,0,0,0,0,0,0,0
TF,JX001,29.180556,110.398889,0, ,0.0,0.0,0.0,0.0,2,5910,0,1,250,0,0,0

STAR,LLC11A,26,2
IF,LLC,28.068333,112.208333, ,0.0,0.0,0,0,0,0,0,0,0,0
TF,D126H,29.021753,110.533489,0, ,0.0,0.0,0.0,0.0,2,8860,0,0,0,0,0,0
TF,DYG,29.093333,110.405000,0, ,0.0,0.0,0.0,0.0,2,6890,0,0,0,0,0,0

STAR,LLC12A,26,2
IF,LLC,28.068333,112.208333, ,0.0,0.0,0,0,0,0,0,0,0,0
TF,D126H,29.021753,110.533489,0, ,0.0,0.0,0.0,0.0,2,8860,0,0,0,0,0,0
TF,JX,29.181667,110.400000,0, ,0.0,0.0,0.0,0.0,2,5910,0,0,0,0,0,0

STAR,LLC16A,26,5
IF,LLC,28.068333,112.208333, ,0.0,0.0,0,0,0,0,0,0,0,0
TF,DG950,28.601389,111.287778,0, ,0.0,0.0,0.0,0.0,2,13800,0,0,0,0,0,0
TF,DG952,28.750556,111.022778,0, ,0.0,0.0,0.0,0.0,0,0,0,0,0,0,0,0
TF,DG954,28.813333,110.910833,0, ,0.0,0.0,0.0,0.0,0,0,0,0,0,0,0,0
TF,DG955,28.870833,110.808056,0, ,0.0,0.0,0.0,0.0,2,8860,0,1,250,0,0,0

STAR,LLC17A,26,5
IF,LLC,28.068333,112.208333, ,0.0,0.0,0,0,0,0,0,0,0,0
TF,DG950,28.601389,111.287778,0, ,0.0,0.0,0.0,0.0,2,13800,0,0,0,0,0,0
TF,DG952,28.750556,111.022778,0, ,0.0,0.0,0.0,0.0,0,0,0,0,0,0,0,0
TF,DG954,28.813333,110.910833,0, ,0.0,0.0,0.0,0.0,0,0,0,0,0,0,0,0
TF,DG955,28.870833,110.808056,0, ,0.0,0.0,0.0,0.0,2,8860,0,0,0,0,0,0
TF,DG828,29.183611,110.436667,0, ,0.0,0.0,0.0,0.0,0,0,0,0,0,0,0,0
TF,JX001,29.180556,110.398889,0, ,0.0,0.0,0.0,0.0,2,5910,0,1,250,0,0,0

APPTR,D08-Y,08,JX
IF,JX,29.181667,110.400000, ,0.0,0.0,2,5910,0,1,205,0,1,0
FD,JX,29.181667,110.400000,0,DYG,0.2,10.9,252.0,10.9,0,0,0,0,0,0,0,0
DF,CD08,29.059206,110.185869,1, ,0.0,0.0,2,4600,0,0,0,0,1,0
CF,FD08,29.070036,110.255153,0,DYG,263.0,8.0,83.0,3.7,2,3940,0,0,0,0,0,0

FINAL,D08-Y,08,D,3
IF,FD08,29.070036,110.255153,DYG,263.0,8.0,2,3940,0,0,0,0,2,0
CF,37VOR,29.082578,110.335686,0,DYG,263.0,3.7,83.0,4.3,2,2470,0,0,0,0,0,0
CF,DYG,29.093333,110.405000,0,DYG,0.0,0.0,83.0,3.7,1,1245,0,0,0,0,3,0
FD,DYG,29.093333,110.405000,0,DYG,0.0,7.1,79.0,7.1,0,0,0,0,0,0,0,0
DF,JX,29.181667,110.400000,1, ,0.0,0.0,1,5910,0,1,185,0,0,0

APPTR,D08-Z,08,D241U
IF,D241U,28.912142,110.065392, ,0.0,0.0,2,6890,0,1,205,0,1,0
CI,0, ,0.0,61.0,0,0,0,0,0,0,0,0
AF,D257S,29.003978,110.052361,2,DYG,257.0,19.3,241.0,0,0,0,0,0,0,0,0
CF,D263R,29.042156,110.077297,0,DYG,263.0,17.5,83.0,2.0,2,5910,0,0,0,0,0,0
CF,D263N,29.053628,110.150300,0,DYG,263.0,13.6,83.0,3.9,2,5250,0,0,0,0,0,0
CF,CD08,29.059206,110.185869,0,DYG,263.0,11.7,83.0,1.9,2,4600,0,0,0,0,1,0

APPTR,D08-Z,08,D287U
IF,D287U,29.177261,110.018892, ,0.0,0.0,2,6890,0,1,205,0,1,0
CI,0, ,0.0,107.0,0,0,0,0,0,0,0,0
AF,D268S,29.064728,110.039331,1,DYG,268.0,19.3,287.0,0,0,0,0,0,0,0,0
CF,D263R,29.042156,110.077297,0,DYG,263.0,17.5,83.0,2.0,2,5910,0,0,0,0,0,0
CF,D263N,29.053628,110.150300,0,DYG,263.0,13.6,83.0,3.9,2,5250,0,0,0,0,0,0
CF,CD08,29.059206,110.185869,0,DYG,263.0,11.7,83.0,1.9,2,4600,0,0,0,0,1,0

APPTR,D08-Z,08,D333U
IF,D333U,29.395208,110.204811, ,0.0,0.0,2,7880,0,1,205,0,1,0
CI,0, ,0.0,153.0,0,0,0,0,0,0,0,0
AF,D268S,29.064728,110.039331,1,DYG,268.0,19.3,333.0,0,0,0,0,0,0,0,0
CF,D263R,29.042156,110.077297,0,DYG,263.0,17.5,83.0,2.0,2,5910,0,0,0,0,0,0
CF,D263N,29.053628,110.150300,0,DYG,263.0,13.6,83.0,3.9,2,5250,0,0,0,0,0,0
CF,CD08,29.059206,110.185869,0,DYG,263.0,11.7,83.0,1.9,2,4600,0,0,0,0,1,0

APPTR,D08-Z,08,DYG
IF,DYG,29.093333,110.405000, ,0.0,0.0,2,6890,0,1,205,0,1,0
FD,DYG,29.093333,110.405000,0,DYG,0.0,17.5,287.0,17.5,2,5910,0,0,0,0,0,0
CI,0, ,0.0,287.0,0,0,0,0,0,0,0,0
AF,D268S,29.064728,110.039331,1,DYG,268.0,19.3,287.0,0,0,0,0,0,0,0,0
CF,D263R,29.042156,110.077297,0,DYG,263.0,17.5,83.0,2.0,2,5910,0,0,0,0,0,0
CF,D263N,29.053628,110.150300,0,DYG,263.0,13.6,83.0,3.9,2,5250,0,0,0,0,0,0
CF,CD08,29.059206,110.185869,0,DYG,263.0,11.7,83.0,1.9,2,4600,0,0,0,0,1,0

FINAL,D08-Z,08,D,4
IF,CD08,29.059206,110.185869,DYG,263.0,11.7,2,4600,0,0,0,0,0,0
CF,FD08,29.070036,110.255153,0,DYG,263.0,8.0,83.0,3.7,2,3940,0,0,0,0,2,0
CF,37VOR,29.082578,110.335686,0,DYG,263.0,3.7,83.0,4.3,2,2470,0,0,0,0,0,0
CF,DYG,29.093333,110.405000,0,DYG,0.0,0.0,83.0,3.7,1,1245,0,0,0,0,3,0
FD,DYG,29.093333,110.405000,0,DYG,0.0,7.1,79.0,7.1,0,0,0,0,0,0,0,0
DF,DYG,29.093333,110.405000,1, ,0.0,0.0,1,6890,0,1,185,0,0,0

APPTR,D26-Y,26,JX
IF,JX,29.181667,110.400000, ,0.0,0.0,2,5910,0,1,205,0,1,0
FD,JX,29.181667,110.400000,0,DYG,0.2,16.8,85.0,16.8,0,0,0,0,0,0,0,0
DF,D078R,29.170767,110.736011,2, ,0.0,0.0,2,4930,0,0,0,0,1,0
CF,FD26,29.145906,110.629297,0,DYG,78.0,12.2,258.0,5.8,2,3940,0,0,0,0,0,0

FINAL,D26-Y,26,D,4
IF,FD26,29.145906,110.629297,DYG,78.0,12.2,2,3940,0,0,0,0,2,0
CF,93VOR,29.133442,110.575961,0,DYG,78.0,9.3,258.0,2.9,2,2960,0,0,0,0,0,0
CF,64VOR,29.120958,110.522636,0,DYG,78.0,6.4,258.0,2.9,2,1970,0,0,0,0,0,0
CF,MD26,29.113200,110.489544,0,DYG,78.0,4.6,258.0,1.8,1,1340,0,0,0,0,3,0
CF,DYG,29.093333,110.405000,0,DYG,0.0,0.0,258.0,4.6,0,0,0,0,0,0,0,0
FA,DYG,29.093333,110.405000,0,DYG,0.0,0.0,263.0,2,3290,0,0,0,0,0,0
DF,JX,29.181667,110.400000,2, ,0.0,0.0,1,5910,0,1,185,0,0,0

APPTR,D26-Z,26,D080X
IF,D080X,29.187686,110.845044, ,0.0,0.0,2,6890,0,1,205,0,1,0
CF,D078R,29.170767,110.736011,0,DYG,78.0,18.0,262.0,5.8,2,4930,0,0,0,0,1,0
CF,FD26,29.145906,110.629297,0,DYG,78.0,12.2,258.0,5.8,2,3940,0,0,0,0,0,0

APPTR,D26-Z,26,D333T
IF,D333T,29.376439,110.217297, ,0.0,0.0,2,7880,0,1,205,0,1,0
CI,0, ,0.0,153.0,0,0,0,0,0,0,0,0
AF,D050R,29.298217,110.655936,2,DYG,50.0,18.0,333.0,2,5910,0,0,0,0,0,0
AF,D073R,29.195814,110.727100,2,DYG,73.0,18.0,50.0,0,0,0,0,0,0,0,0
AF,D078R,29.170767,110.736011,2,DYG,78.0,18.0,73.0,2,4930,0,0,0,0,1,0
CF,FD26,29.145906,110.629297,0,DYG,78.0,12.2,258.0,5.8,2,3940,0,0,0,0,0,0

APPTR,D26-Z,26,DYG
IF,DYG,29.093333,110.405000, ,0.0,0.0,2,6890,0,1,205,0,1,0
FD,DYG,29.093333,110.405000,0,DYG,0.0,16.3,66.0,16.3,0,0,0,0,0,0,0,0
DF,D078R,29.170767,110.736011,2, ,0.0,0.0,2,4930,0,0,0,0,1,0
CF,FD26,29.145906,110.629297,0,DYG,78.0,12.2,258.0,5.8,2,3940,0,0,0,0,0,0

FINAL,D26-Z,26,D,4
IF,FD26,29.145906,110.629297,DYG,78.0,12.2,2,3940,0,0,0,0,2,0
CF,93VOR,29.133442,110.575961,0,DYG,78.0,9.3,258.0,2.9,2,2960,0,0,0,0,0,0
CF,64VOR,29.120958,110.522636,0,DYG,78.0,6.4,258.0,2.9,2,1970,0,0,0,0,0,0
CF,MD26,29.113200,110.489544,0,DYG,78.0,4.6,258.0,1.8,1,1340,0,0,0,0,3,0
CF,DYG,29.093333,110.405000,0,DYG,0.0,0.0,258.0,4.6,0,0,0,0,0,0,0,0
FA,DYG,29.093333,110.405000,0,DYG,0.0,0.0,263.0,2,3290,0,0,0,0,0,0
DF,DYG,29.093333,110.405000,2, ,0.0,0.0,1,6890,0,1,185,0,0,0

APPTR,I08-X,08,DG964
IF,DG964,28.851111,109.953889, ,0.0,0.0,2,7880,0,1,250,0,1,0
TF,DG916,28.985833,110.055278,0, ,0.0,0.0,0.0,0.0,2,4930,0,0,0,0,0,0
TF,DG914,29.025278,110.100000,0, ,0.0,0.0,0.0,0.0,0,0,0,0,0,0,0,0
TF,DG906,29.048333,110.201111,0,IZJ,0.0,0.0,0.0,0.0,1,3940,0,1,220,0,1,0

APPTR,I08-X,08,DG988
IF,DG988,29.395556,110.205556, ,0.0,0.0,2,7880,0,1,250,0,1,0
TF,DG910,29.160278,110.128611,0, ,0.0,0.0,0.0,0.0,2,5750,0,0,0,0,0,0
TF,DG908,29.064167,110.138056,0, ,0.0,0.0,0.0,0.0,2,5250,0,0,0,0,0,0
TF,DG906,29.048333,110.201111,0,IZJ,0.0,0.0,0.0,0.0,1,3940,0,1,220,0,1,0

APPTR,I08-X,08,JX001
IF,JX001,29.180556,110.398889, ,0.0,0.0,2,5910,0,1,250,0,1,0
TF,DG910,29.160278,110.128611,0, ,0.0,0.0,0.0,0.0,2,5750,0,0,0,0,0,0
TF,DG908,29.064167,110.138056,0, ,0.0,0.0,0.0,0.0,2,5250,0,0,0,0,0,0
TF,DG906,29.048333,110.201111,0,IZJ,0.0,0.0,0.0,0.0,1,3940,0,1,220,0,1,0

FINAL,I08-X,08,I,3
IF,DG906,29.048333,110.201111,IZJ,258.7,14.0,1,3940,0,1,220,0,0,0
CF,FI08,29.061642,110.258606,0,IZJ,258.8,10.9,79.0,3.1,1,3940,0,0,0,0,2,0
CF,RW08,29.100069,110.430653,0,IZJ,258.8,1.5,79.0,9.3,1,768,0,0,0,0,3,0
CF,DG900,29.131111,110.569444,0,DYG,78.3,8.9,79.0,7.5,0,0,0,0,0,0,0,0
TF,DG921,29.156111,110.682500,0, ,0.0,0.0,0.0,0.0,0,0,0,0,0,0,0,0
TF,DG923,29.239444,110.738889,0, ,0.0,0.0,0.0,0.0,0,0,0,0,0,0,0,0
TF,DG925,29.291667,110.639167,0, ,0.0,0.0,0.0,0.0,0,0,0,1,220,0,0,0
TF,JX001,29.180556,110.398889,0, ,0.0,0.0,0.0,0.0,2,5910,0,0,0,0,0,0
HM,JX001,29.180556,110.398889,2, ,0.0,0.0,268.0,04.3,2,5910,0,1,220,0,0,0,0

APPTR,I08-Y,08,JX
IF,JX,29.181667,110.400000, ,0.0,0.0,2,5910,0,1,205,0,1,0
FD,JX,29.181667,110.400000,0,DYG,0.2,10.8,249.0,10.8,0,0,0,0,0,0,0,0
CI,1,IZJ,0.0,109.0,2,4600,0,0,0,0,0,0

FINAL,I08-Y,08,I,3
IF,CI08,29.046761,110.192275,IZJ,258.8,14.5,2,4600,0,0,0,0,0,0
CF,FI08,29.061642,110.258606,0,IZJ,258.8,10.9,79.0,3.6,1,3940,0,0,0,0,2,0
CF,RW08,29.100069,110.430653,0,IZJ,258.8,1.5,79.0,9.3,1,768,0,0,0,0,3,0
FD,RW08,29.100069,110.430653,0,DYG,76.4,9.5,79.0,9.5,0,0,0,0,0,0,0,0
DF,JX,29.181667,110.400000,1, ,0.0,0.0,1,5910,0,1,185,0,0,0

APPTR,I08-Z,08,D241U
IF,D241U,28.912142,110.065392, ,0.0,0.0,2,6890,0,1,205,0,1,0
CI,0, ,0.0,61.0,0,0,0,0,0,0,0,0
AF,D253S,28.982589,110.060344,2,DYG,253.0,19.3,241.0,0,0,0,0,0,0,0,0
CF,D259R,29.022008,110.082314,0,DYG,259.0,17.5,79.0,2.0,2,5910,0,0,0,0,0,0
CF,D259N,29.036944,110.148617,0,DYG,259.0,13.9,79.0,3.6,2,5580,0,0,0,0,0,0
CF,CI08,29.046761,110.192275,0,IZJ,258.8,14.5,79.0,2.4,2,4600,0,0,0,0,1,0

APPTR,I08-Z,08,D333U
IF,D333U,29.395208,110.204811, ,0.0,0.0,2,7880,0,1,205,0,1,0
CI,0, ,0.0,153.0,0,0,0,0,0,0,0,0
AF,D264S,29.042394,110.042531,1,DYG,264.0,19.3,333.0,0,0,0,0,0,0,0,0
CF,D259R,29.022008,110.082314,0,DYG,259.0,17.5,79.0,2.0,2,5910,0,0,0,0,0,0
CF,D259N,29.036944,110.148617,0,DYG,259.0,13.9,79.0,3.6,2,5580,0,0,0,0,0,0
CF,CI08,29.046761,110.192275,0,IZJ,258.8,14.5,79.0,2.4,2,4600,0,0,0,0,1,0

APPTR,I08-Z,08,DYG
IF,DYG,29.093333,110.405000, ,0.0,0.0,2,6890,0,1,205,0,1,0
FD,DYG,29.093333,110.405000,0,DYG,0.0,17.5,287.0,17.5,2,5910,0,0,0,0,0,0
CI,0, ,0.0,287.0,0,0,0,0,0,0,0,0
AF,D264S,29.042394,110.042531,1,DYG,264.0,19.3,287.0,0,0,0,0,0,0,0,0
CF,D259R,29.022008,110.082314,0,DYG,259.0,17.5,79.0,2.0,2,5910,0,0,0,0,0,0
CF,D259N,29.036944,110.148617,0,DYG,259.0,13.9,79.0,3.6,2,5580,0,0,0,0,0,0
CF,CI08,29.046761,110.192275,0,IZJ,258.8,14.5,79.0,2.4,2,4600,0,0,0,0,1,0

FINAL,I08-Z,08,I,3
IF,CI08,29.046761,110.192275,IZJ,258.8,14.5,2,4600,0,0,0,0,0,0
CF,FI08,29.061642,110.258606,0,IZJ,258.8,10.9,79.0,3.6,1,3940,0,0,0,0,2,0
CF,RW08,29.100069,110.430653,0,IZJ,258.8,1.5,79.0,9.3,1,768,0,0,0,0,3,0
FD,RW08,29.100069,110.430653,0,DYG,76.4,9.5,79.0,9.5,0,0,0,0,0,0,0,0
DF,DYG,29.093333,110.405000,1, ,0.0,0.0,1,6890,0,1,185,0,0,0

APPTR,I26-X,26,DG944
IF,DG944,29.192222,110.845556, ,0.0,0.0,2,5910,0,1,250,0,1,0
TF,DG989,29.176944,110.775556,0, ,0.0,0.0,0.0,0.0,2,4930,0,0,0,0,0,0
TF,DG984,29.161389,110.705556,0,IPS,0.0,0.0,0.0,0.0,1,3940,0,1,185,0,1,0

APPTR,I26-X,26,DG955
IF,DG955,28.870833,110.808056, ,0.0,0.0,2,8860,0,1,250,0,1,0
TF,DG965,29.118056,110.849444,0, ,0.0,0.0,0.0,0.0,0,0,0,1,220,0,0,0
TF,DG963,29.147778,110.760556,0, ,0.0,0.0,0.0,0.0,2,4760,0,0,0,0,0,0
TF,DG984,29.161389,110.705556,0,IPS,0.0,0.0,0.0,0.0,1,3940,0,1,185,0,1,0

APPTR,I26-X,26,DG988
IF,DG988,29.395556,110.205556, ,0.0,0.0,2,7880,0,1,250,0,1,0
TF,DG959,29.317778,110.596389,0, ,0.0,0.0,0.0,0.0,2,5580,0,0,0,0,0,0
TF,DG957,29.297778,110.694722,0, ,0.0,0.0,0.0,0.0,2,4930,0,0,0,0,0,0
TF,DG953,29.233056,110.755000,0, ,0.0,0.0,0.0,0.0,2,4110,0,1,220,0,0,0
TF,DG984,29.161389,110.705556,0,IPS,0.0,0.0,0.0,0.0,1,3940,0,1,185,0,1,0

APPTR,I26-X,26,JX001
IF,JX001,29.180556,110.398889, ,0.0,0.0,2,5910,0,1,250,0,1,0
TF,DG957,29.297778,110.694722,0, ,0.0,0.0,0.0,0.0,2,4930,0,0,0,0,0,0
TF,DG953,29.233056,110.755000,0, ,0.0,0.0,0.0,0.0,2,4110,0,1,220,0,0,0
TF,DG984,29.161389,110.705556,0,IPS,0.0,0.0,0.0,0.0,1,3940,0,1,185,0,1,0

FINAL,I26-X,26,I,3
IF,DG984,29.161389,110.705556,IPS,78.7,15.0,1,3940,0,1,185,0,0,0
CF,FI26,29.144625,110.631058,0,IPS,78.7,11.0,259.0,4.0,1,3940,0,0,0,0,2,0
CF,RW26,29.105836,110.456522,0,IPS,78.7,1.5,259.0,9.5,1,714,0,0,0,0,3,1
CF,DG992,29.092222,110.395833,0,DYG,265.1,0.5,259.0,3.3,0,0,0,1,185,0,0,0
TF,DG994,29.068056,110.169167,0, ,0.0,0.0,0.0,0.0,0,0,0,0,0,0,0,0
TF,DG996,29.160833,110.126389,0, ,0.0,0.0,0.0,0.0,0,0,0,0,0,0,0,0
TF,DG998,29.221389,110.217500,0, ,0.0,0.0,0.0,0.0,0,0,0,1,220,0,0,0
TF,JX001,29.180556,110.398889,0, ,0.0,0.0,0.0,0.0,2,5910,0,0,0,0,0,0
HM,JX001,29.180556,110.398889,1, ,0.0,0.0,77.0,04.3,2,5910,0,1,220,0,0,0,0

APPTR,I26-Y,26,JX
IF,JX,29.181667,110.400000, ,0.0,0.0,1,5910,0,1,205,0,1,0
FD,JX,29.181667,110.400000,0,DYG,0.2,16.8,86.0,16.8,0,0,0,0,0,0,0,0
CI,2,IPS,0.0,214.0,2,4930,0,0,0,0,0,0

FINAL,I26-Y,26,I,3
IF,CI26,29.168294,110.738122,IPS,78.7,16.8,2,4930,0,0,0,0,0,0
CF,FI26,29.144625,110.631058,0,IPS,78.7,11.0,259.0,5.8,1,3940,0,0,0,0,2,0
CF,RW26,29.105836,110.456522,0,IPS,78.7,1.5,259.0,9.5,1,714,0,0,0,0,3,0
CF,DYG,29.093333,110.405000,0,DYG,0.0,0.0,259.0,2.8,0,0,0,0,0,0,0,1
CA,0,263.0,2,3290,0,0,0,0,0,0
DF,JX,29.181667,110.400000,2, ,0.0,0.0,1,5910,0,1,185,0,0,0

APPTR,I26-Z,26,D080X
IF,D080X,29.187686,110.845044, ,0.0,0.0,2,6890,0,1,205,0,1,0
CF,CI26,29.168294,110.738122,0,IPS,78.7,16.8,261.0,5.8,2,4930,0,0,0,0,1,0

APPTR,I26-Z,26,D333T
IF,D333T,29.376439,110.217297, ,0.0,0.0,2,7880,0,1,205,0,1,0
CI,0, ,0.0,153.0,0,0,0,0,0,0,0,0
AF,D050R,29.298217,110.655936,2,DYG,50.0,18.0,333.0,2,5910,0,0,0,0,0,0
AF,D073R,29.195814,110.727100,2,DYG,73.0,18.0,50.0,0,0,0,0,0,0,0,0
CI,0,IPS,0.0,229.0,2,4930,0,0,0,0,0,0

APPTR,I26-Z,26,DYG
IF,DYG,29.093333,110.405000, ,0.0,0.0,2,6890,0,1,205,0,1,0
FD,DYG,29.093333,110.405000,0,DYG,0.0,16.3,67.0,16.3,0,0,0,0,0,0,0,0
CI,2,IPS,0.0,229.0,2,4930,0,0,0,0,0,0

FINAL,I26-Z,26,I,3
IF,CI26,29.168294,110.738122,IPS,78.7,16.8,2,4930,0,0,0,0,0,0
CF,FI26,29.144625,110.631058,0,IPS,78.7,11.0,259.0,5.8,1,3940,0,0,0,0,2,0
CF,RW26,29.105836,110.456522,0,IPS,78.7,1.5,259.0,9.5,1,714,0,0,0,0,3,0
CF,DYG,29.093333,110.405000,0,DYG,0.0,0.0,259.0,2.8,0,0,0,0,0,0,0,1
CA,0,263.0,2,3290,0,0,0,0,0,0
DF,DYG,29.093333,110.405000,2, ,0.0,0.0,1,6890,0,1,185,0,0,0

