SID,DPR01D,36L,2
CD, ,0,0,0,ICR,0,0.0,1.0,6.2,0,0,0,0,0,0,0,0
CF,LYH,28.393333,113.343333,0,LYH,0.0,0.0,55.0,9.0,0,0,0,1,205,0,0,0
TF,AVGUT,28.427778,113.507500,0, ,0.0,0.0,0.0,0.0,0,0,0,0,0,0,0,0
TF,LUMKO,28.481111,113.581944,0, ,0.0,0.0,0.0,0.0,2,6890,0,0,0,0,0,0
TF,AKUBA,28.755000,113.600278,0, ,0.0,0.0,0.0,0.0,0,0,0,0,0,0,0,0
TF,DAPRO,29.257778,113.639167,0, ,0.0,0.0,0.0,0.0,0,0,0,0,0,0,0,0

SID,DPR02D,36R,2
CD, ,0,0,0,ICR,0,0.0,1.0,6.2,0,0,0,0,0,0,0,0
CF,LYH,28.393333,113.343333,0,LYH,0.0,0.0,54.0,9.0,0,0,0,1,205,0,0,0
TF,AVGUT,28.427778,113.507500,0, ,0.0,0.0,0.0,0.0,0,0,0,0,0,0,0,0
TF,LUMKO,28.481111,113.581944,0, ,0.0,0.0,0.0,0.0,2,6890,0,0,0,0,0,0
TF,AKUBA,28.755000,113.600278,0, ,0.0,0.0,0.0,0.0,0,0,0,0,0,0,0,0
TF,DAPRO,29.257778,113.639167,0, ,0.0,0.0,0.0,0.0,0,0,0,0,0,0,0,0

SID,DPR11D,18R,2
CD, ,0,0,0,IWW,0,0.0,181.0,9.5,0,0,0,0,0,0,0,0
CF,D086U,28.031256,113.512919,1,DTM,86.0,20.8,86.0,13.0,4,5910,3940,1,205,0,0,1
CF,LUMKO,28.481111,113.581944,0,LIG,6.9,50.0,7.0,26.0,2,6890,0,0,0,0,0,0
TF,AKUBA,28.755000,113.600278,0, ,0.0,0.0,0.0,0.0,0,0,0,0,0,0,0,0
TF,DAPRO,29.257778,113.639167,0, ,0.0,0.0,0.0,0.0,0,0,0,0,0,0,0,0

SID,DPR12D,18L,2
CD, ,0,0,0,ISL,0,0.0,181.0,9.7,0,0,0,0,0,0,0,0
CF,D086U,28.031256,113.512919,1,DTM,86.0,20.8,86.0,13.0,4,5910,3940,1,205,0,0,1
CF,LUMKO,28.481111,113.581944,0,LIG,6.9,50.0,7.0,26.0,2,6890,0,0,0,0,0,0
TF,AKUBA,28.755000,113.600278,0, ,0.0,0.0,0.0,0.0,0,0,0,0,0,0,0,0
TF,DAPRO,29.257778,113.639167,0, ,0.0,0.0,0.0,0.0,0,0,0,0,0,0,0,0

SID,DPR7W,18L,5
CF,HA301,28.086667,113.226111,0,DTM,44.9,8.2,183.0,7.0,0,0,0,0,0,0,0,0
TF,HA307,28.062222,113.495000,0, ,0.0,0.0,0.0,0.0,4,5910,3940,0,0,0,0,0
TF,MOMRA,28.048056,113.647222,0, ,0.0,0.0,0.0,0.0,0,0,0,0,0,0,0,0
TF,HA309,28.184444,113.657778,0, ,0.0,0.0,0.0,0.0,2,9850,0,0,0,0,0,0
TF,HA312,28.407500,113.675278,0, ,0.0,0.0,0.0,0.0,0,0,0,0,0,0,0,0
TF,TASAD,28.562222,113.687222,0, ,0.0,0.0,0.0,0.0,0,0,0,0,0,0,0,0
TF,CS07,28.743889,113.701389,0, ,0.0,0.0,0.0,0.0,0,0,0,0,0,0,0,0
TF,HA310,29.111667,113.730556,0, ,0.0,0.0,0.0,0.0,0,0,0,0,0,0,0,0
TF,DAPRO,29.257778,113.639167,0, ,0.0,0.0,0.0,0.0,0,0,0,0,0,0,0,0

SID,DPR7X,36R,5
CF,HA321,28.282500,113.213889,0,DTM,18.7,18.5,358.0,5.0,0,0,0,1,205,0,0,0
TF,TASAD,28.562222,113.687222,0, ,0.0,0.0,0.0,0.0,4,8860,6890,0,0,0,0,0
TF,CS07,28.743889,113.701389,0, ,0.0,0.0,0.0,0.0,0,0,0,0,0,0,0,0
TF,HA310,29.111667,113.730556,0, ,0.0,0.0,0.0,0.0,0,0,0,0,0,0,0,0
TF,DAPRO,29.257778,113.639167,0, ,0.0,0.0,0.0,0.0,0,0,0,0,0,0,0,0

SID,DPR9W,18R,5
CF,HA301,28.086667,113.226111,0,DTM,44.9,8.2,181.0,7.0,0,0,0,0,0,0,0,0
TF,HA307,28.062222,113.495000,0, ,0.0,0.0,0.0,0.0,4,5910,3940,0,0,0,0,0
TF,MOMRA,28.048056,113.647222,0, ,0.0,0.0,0.0,0.0,0,0,0,0,0,0,0,0
TF,HA309,28.184444,113.657778,0, ,0.0,0.0,0.0,0.0,2,9850,0,0,0,0,0,0
TF,HA312,28.407500,113.675278,0, ,0.0,0.0,0.0,0.0,0,0,0,0,0,0,0,0
TF,TASAD,28.562222,113.687222,0, ,0.0,0.0,0.0,0.0,0,0,0,0,0,0,0,0
TF,CS07,28.743889,113.701389,0, ,0.0,0.0,0.0,0.0,0,0,0,0,0,0,0,0
TF,HA310,29.111667,113.730556,0, ,0.0,0.0,0.0,0.0,0,0,0,0,0,0,0,0
TF,DAPRO,29.257778,113.639167,0, ,0.0,0.0,0.0,0.0,0,0,0,0,0,0,0,0

SID,DPR9X,36L,5
CF,HA321,28.282500,113.213889,0,DTM,18.7,18.5,1.0,5.0,0,0,0,1,205,0,0,0
TF,TASAD,28.562222,113.687222,0, ,0.0,0.0,0.0,0.0,4,8860,6890,0,0,0,0,0
TF,CS07,28.743889,113.701389,0, ,0.0,0.0,0.0,0.0,0,0,0,0,0,0,0,0
TF,HA310,29.111667,113.730556,0, ,0.0,0.0,0.0,0.0,0,0,0,0,0,0,0,0
TF,DAPRO,29.257778,113.639167,0, ,0.0,0.0,0.0,0.0,0,0,0,0,0,0,0,0

SID,LLC01D,36L,2
CD, ,0,0,0,ICR,0,0.0,1.0,9.2,0,0,0,0,0,0,0,0
CF,D028L,28.172611,113.220114,2,DTM,28.0,12.4,208.0,10.0,2,8860,0,1,205,0,0,0
TF,DTM,27.983333,113.125000,0, ,0.0,0.0,0.0,0.0,0,0,0,0,0,0,0,0
TF,D276F,27.987389,113.015903,0, ,0.0,0.0,0.0,0.0,4,16700,9850,0,0,0,0,0
TF,OKIXA,28.010000,112.358056,0, ,0.0,0.0,0.0,0.0,0,0,0,0,0,0,0,0
TF,LLC,28.068333,112.208333,0, ,0.0,0.0,0.0,0.0,0,0,0,0,0,0,0,0

SID,LLC02D,36R,2
CD, ,0,0,0,ICR,0,0.0,1.0,9.2,0,0,0,0,0,0,0,0
CF,D028L,28.172611,113.220114,2,DTM,28.0,12.4,208.0,10.0,2,8860,0,1,205,0,0,0
TF,DTM,27.983333,113.125000,0, ,0.0,0.0,0.0,0.0,0,0,0,0,0,0,0,0
TF,D276F,27.987389,113.015903,0, ,0.0,0.0,0.0,0.0,4,16700,9850,0,0,0,0,0
TF,OKIXA,28.010000,112.358056,0, ,0.0,0.0,0.0,0.0,0,0,0,0,0,0,0,0
TF,LLC,28.068333,112.208333,0, ,0.0,0.0,0.0,0.0,0,0,0,0,0,0,0,0

SID,LLC03D,36L,2
CD, ,0,0,0,ICR,0,0.0,1.0,6.2,0,0,0,0,0,0,0,0
CF,LLC46,28.195822,113.053942,1,DTM,347.5,13.3,215.0,7.0,0,0,0,1,205,0,0,0
TF,D083X,28.137069,112.659694,0, ,0.0,0.0,0.0,0.0,0,0,0,0,0,0,0,0
TF,LLC,28.068333,112.208333,0, ,0.0,0.0,0.0,0.0,0,0,0,0,0,0,0,0

SID,LLC04D,36R,2
CD, ,0,0,0,ICR,0,0.0,1.0,6.2,0,0,0,0,0,0,0,0
CF,LLC46,28.195822,113.053942,1,DTM,347.5,13.3,215.0,7.0,0,0,0,1,205,0,0,0
TF,D083X,28.137069,112.659694,0, ,0.0,0.0,0.0,0.0,0,0,0,0,0,0,0,0
TF,LLC,28.068333,112.208333,0, ,0.0,0.0,0.0,0.0,0,0,0,0,0,0,0,0

SID,LLC11D,18R,2
CD, ,0,0,0,IWW,0,0.0,181.0,9.5,0,0,0,0,0,0,0,0
DF,DTM,27.983333,113.125000,0, ,0.0,0.0,0,0,0,1,205,0,0,0
TF,D276F,27.987389,113.015903,0, ,0.0,0.0,0.0,0.0,4,16700,9850,0,0,0,0,0
TF,OKIXA,28.010000,112.358056,0, ,0.0,0.0,0.0,0.0,0,0,0,0,0,0,0,0
TF,LLC,28.068333,112.208333,0, ,0.0,0.0,0.0,0.0,0,0,0,0,0,0,0,0

SID,LLC12D,18L,2
CD, ,0,0,0,ISL,0,0.0,181.0,9.7,0,0,0,0,0,0,0,0
DF,DTM,27.983333,113.125000,0, ,0.0,0.0,0,0,0,1,205,0,0,0
TF,D276F,27.987389,113.015903,0, ,0.0,0.0,0.0,0.0,4,16700,9850,0,0,0,0,0
TF,OKIXA,28.010000,112.358056,0, ,0.0,0.0,0.0,0.0,0,0,0,0,0,0,0,0
TF,LLC,28.068333,112.208333,0, ,0.0,0.0,0.0,0.0,0,0,0,0,0,0,0,0

SID,LLC13D,18R,2
CD, ,0,0,0,IWW,0,0.0,181.0,9.5,0,0,0,0,0,0,0,0
CF,DTM,27.983333,113.125000,1,DTM,0.0,0.0,231.0,9.0,0,0,0,1,205,0,0,0
TF,D276F,27.987389,113.015903,0, ,0.0,0.0,0.0,0.0,4,16700,9850,0,0,0,0,0
TF,OKIXA,28.010000,112.358056,0, ,0.0,0.0,0.0,0.0,0,0,0,0,0,0,0,0
TF,LLC,28.068333,112.208333,0, ,0.0,0.0,0.0,0.0,0,0,0,0,0,0,0,0

SID,LLC14D,18L,2
CD, ,0,0,0,ISL,0,0.0,181.0,9.7,0,0,0,0,0,0,0,0
CF,DTM,27.983333,113.125000,1,DTM,0.0,0.0,232.0,9.0,0,0,0,1,205,0,0,0
TF,D276F,27.987389,113.015903,0, ,0.0,0.0,0.0,0.0,4,16700,9850,0,0,0,0,0
TF,OKIXA,28.010000,112.358056,0, ,0.0,0.0,0.0,0.0,0,0,0,0,0,0,0,0
TF,LLC,28.068333,112.208333,0, ,0.0,0.0,0.0,0.0,0,0,0,0,0,0,0,0

SID,LLC6W,18L,5
CF,HA301,28.086667,113.226111,0,DTM,44.9,8.2,183.0,7.0,0,0,0,0,0,0,0,0
TF,HA302,27.984722,113.232500,0, ,0.0,0.0,0.0,0.0,0,0,0,1,205,0,0,0
TF,KAPSA,27.985000,113.340556,0, ,0.0,0.0,0.0,0.0,0,0,0,0,0,0,0,0
TF,HA306,28.111111,113.336667,0, ,0.0,0.0,0.0,0.0,0,0,0,1,205,0,0,0
TF,HA301,28.086667,113.226111,0, ,0.0,0.0,0.0,0.0,0,0,0,0,0,0,0,0
TF,HA304,27.988333,113.018056,0, ,0.0,0.0,0.0,0.0,4,16700,9850,0,0,0,0,0
TF,OKIXA,28.010000,112.358056,0, ,0.0,0.0,0.0,0.0,0,0,0,0,0,0,0,0
TF,LLC,28.068333,112.208333,0, ,0.0,0.0,0.0,0.0,0,0,0,0,0,0,0,0

SID,LLC7W,18L,5
CF,HA301,28.086667,113.226111,0,DTM,44.9,8.2,183.0,7.0,0,0,0,0,0,0,0,0
TF,HA302,27.984722,113.232500,0, ,0.0,0.0,0.0,0.0,0,0,0,1,205,0,0,0
TF,DTM,27.983333,113.125000,0, ,0.0,0.0,0.0,0.0,0,0,0,0,0,0,0,0
TF,HA304,27.988333,113.018056,0, ,0.0,0.0,0.0,0.0,4,16700,9850,0,0,0,0,0
TF,OKIXA,28.010000,112.358056,0, ,0.0,0.0,0.0,0.0,0,0,0,0,0,0,0,0
TF,LLC,28.068333,112.208333,0, ,0.0,0.0,0.0,0.0,0,0,0,0,0,0,0,0

SID,LLC7X,36R,5
CF,HA321,28.282500,113.213889,0,DTM,18.7,18.5,358.0,5.0,0,0,0,0,0,0,0,0
TF,HA362,28.385556,113.207500,0, ,0.0,0.0,0.0,0.0,0,0,0,0,0,0,0,0
TF,LYH,28.393333,113.343333,0, ,0.0,0.0,0.0,0.0,0,0,0,0,0,0,0,0
TF,HA324,28.284167,113.348333,0, ,0.0,0.0,0.0,0.0,0,0,0,1,205,0,0,0
TF,HA325,28.176111,113.227500,0, ,0.0,0.0,0.0,0.0,2,8860,0,0,0,0,0,0
TF,HA304,27.988333,113.018056,0, ,0.0,0.0,0.0,0.0,4,16700,9850,0,0,0,0,0
TF,OKIXA,28.010000,112.358056,0, ,0.0,0.0,0.0,0.0,0,0,0,0,0,0,0,0
TF,LLC,28.068333,112.208333,0, ,0.0,0.0,0.0,0.0,0,0,0,0,0,0,0,0

SID,LLC8W,18R,5
CF,HA301,28.086667,113.226111,0,DTM,44.9,8.2,181.0,7.0,0,0,0,0,0,0,0,0
TF,HA302,27.984722,113.232500,0, ,0.0,0.0,0.0,0.0,0,0,0,1,205,0,0,0
TF,KAPSA,27.985000,113.340556,0, ,0.0,0.0,0.0,0.0,0,0,0,0,0,0,0,0
TF,HA306,28.111111,113.336667,0, ,0.0,0.0,0.0,0.0,0,0,0,1,205,0,0,0
TF,HA301,28.086667,113.226111,0, ,0.0,0.0,0.0,0.0,0,0,0,0,0,0,0,0
TF,HA304,27.988333,113.018056,0, ,0.0,0.0,0.0,0.0,4,16700,9850,0,0,0,0,0
TF,OKIXA,28.010000,112.358056,0, ,0.0,0.0,0.0,0.0,0,0,0,0,0,0,0,0
TF,LLC,28.068333,112.208333,0, ,0.0,0.0,0.0,0.0,0,0,0,0,0,0,0,0

SID,LLC9W,18R,5
CF,HA301,28.086667,113.226111,0,DTM,44.9,8.2,181.0,7.0,0,0,0,0,0,0,0,0
TF,HA302,27.984722,113.232500,0, ,0.0,0.0,0.0,0.0,0,0,0,1,205,0,0,0
TF,DTM,27.983333,113.125000,0, ,0.0,0.0,0.0,0.0,0,0,0,0,0,0,0,0
TF,HA304,27.988333,113.018056,0, ,0.0,0.0,0.0,0.0,4,16700,9850,0,0,0,0,0
TF,OKIXA,28.010000,112.358056,0, ,0.0,0.0,0.0,0.0,0,0,0,0,0,0,0,0
TF,LLC,28.068333,112.208333,0, ,0.0,0.0,0.0,0.0,0,0,0,0,0,0,0,0

SID,LLC9X,36L,5
CF,HA321,28.282500,113.213889,0,DTM,18.7,18.5,1.0,5.0,0,0,0,0,0,0,0,0
TF,HA362,28.385556,113.207500,0, ,0.0,0.0,0.0,0.0,0,0,0,0,0,0,0,0
TF,LYH,28.393333,113.343333,0, ,0.0,0.0,0.0,0.0,0,0,0,0,0,0,0,0
TF,HA324,28.284167,113.348333,0, ,0.0,0.0,0.0,0.0,0,0,0,1,205,0,0,0
TF,HA325,28.176111,113.227500,0, ,0.0,0.0,0.0,0.0,2,8860,0,0,0,0,0,0
TF,HA304,27.988333,113.018056,0, ,0.0,0.0,0.0,0.0,4,16700,9850,0,0,0,0,0
TF,OKIXA,28.010000,112.358056,0, ,0.0,0.0,0.0,0.0,0,0,0,0,0,0,0,0
TF,LLC,28.068333,112.208333,0, ,0.0,0.0,0.0,0.0,0,0,0,0,0,0,0,0

SID,NIV01D,36L,2
CD, ,0,0,0,ICR,0,0.0,1.0,6.2,0,0,0,0,0,0,0,0
CF,SV,28.216667,113.348333,2,DTM,44.3,18.3,159.0,6.0,0,0,0,1,205,0,0,0
TF,LIG30,28.141042,113.497256,0, ,0.0,0.0,0.0,0.0,4,5910,3940,0,0,0,0,0
TF,D021Y,28.049169,113.660344,0, ,0.0,0.0,0.0,0.0,0,0,0,0,0,0,0,0
TF,LIG,27.648333,113.516667,0, ,0.0,0.0,0.0,0.0,0,0,0,0,0,0,0,0
TF,NIVEM,27.331944,113.611667,0, ,0.0,0.0,0.0,0.0,0,0,0,0,0,0,0,0

SID,NIV02D,36R,2
CD, ,0,0,0,ICR,0,0.0,1.0,6.2,0,0,0,0,0,0,0,0
CF,SV,28.216667,113.348333,2,DTM,44.3,18.3,161.0,6.0,0,0,0,1,205,0,0,0
TF,LIG30,28.141042,113.497256,0, ,0.0,0.0,0.0,0.0,4,5910,3940,0,0,0,0,0
TF,D021Y,28.049169,113.660344,0, ,0.0,0.0,0.0,0.0,0,0,0,0,0,0,0,0
TF,LIG,27.648333,113.516667,0, ,0.0,0.0,0.0,0.0,0,0,0,0,0,0,0,0
TF,NIVEM,27.331944,113.611667,0, ,0.0,0.0,0.0,0.0,0,0,0,0,0,0,0,0

SID,NIV11D,18R,2
CD, ,0,0,0,IWW,0,0.0,181.0,7.0,0,0,0,0,0,0,0,0
CI,0, ,0.0,139.0,0,0,0,1,205,0,0,0
CF,LIG,27.648333,113.516667,0,LIG,0.0,0.0,159.0,23.0,0,0,0,0,0,0,0,0
TF,NIVEM,27.331944,113.611667,0, ,0.0,0.0,0.0,0.0,0,0,0,0,0,0,0,0

SID,NIV12D,18L,2
CD, ,0,0,0,ISL,0,0.0,181.0,7.2,0,0,0,0,0,0,0,0
CI,0, ,0.0,140.0,0,0,0,1,205,0,0,0
CF,LIG,27.648333,113.516667,0,LIG,0.0,0.0,159.0,23.0,0,0,0,0,0,0,0,0
TF,NIVEM,27.331944,113.611667,0, ,0.0,0.0,0.0,0.0,0,0,0,0,0,0,0,0

SID,NIV7W,18L,5
CF,HA301,28.086667,113.226111,0,DTM,44.9,8.2,183.0,7.0,0,0,0,1,205,0,0,0
TF,KAPSA,27.985000,113.340556,0, ,0.0,0.0,0.0,0.0,0,0,0,0,0,0,0,0
TF,LIG,27.648333,113.516667,0, ,0.0,0.0,0.0,0.0,0,0,0,0,0,0,0,0
TF,NIVEM,27.331944,113.611667,0, ,0.0,0.0,0.0,0.0,0,0,0,0,0,0,0,0

SID,NIV7X,36R,5
CF,HA321,28.282500,113.213889,0,DTM,18.7,18.5,358.0,5.0,0,0,0,0,0,0,0,0
TF,HA324,28.284167,113.348333,2, ,0.0,0.0,0.0,0.0,0,0,0,1,205,0,0,0
TF,HA326,28.163056,113.501667,0, ,0.0,0.0,0.0,0.0,4,5910,3940,0,0,0,0,0
TF,MOMRA,28.048056,113.647222,0, ,0.0,0.0,0.0,0.0,0,0,0,0,0,0,0,0
TF,CS03,27.639444,113.626944,0, ,0.0,0.0,0.0,0.0,0,0,0,0,0,0,0,0
TF,NIVEM,27.331944,113.611667,0, ,0.0,0.0,0.0,0.0,0,0,0,0,0,0,0,0

SID,NIV9W,18R,5
CF,HA301,28.086667,113.226111,0,DTM,44.9,8.2,181.0,7.0,0,0,0,1,205,0,0,0
TF,KAPSA,27.985000,113.340556,0, ,0.0,0.0,0.0,0.0,0,0,0,0,0,0,0,0
TF,LIG,27.648333,113.516667,0, ,0.0,0.0,0.0,0.0,0,0,0,0,0,0,0,0
TF,NIVEM,27.331944,113.611667,0, ,0.0,0.0,0.0,0.0,0,0,0,0,0,0,0,0

SID,NIV9X,36L,5
CF,HA321,28.282500,113.213889,0,DTM,18.7,18.5,1.0,5.0,0,0,0,0,0,0,0,0
TF,HA324,28.284167,113.348333,2, ,0.0,0.0,0.0,0.0,0,0,0,1,205,0,0,0
TF,HA326,28.163056,113.501667,0, ,0.0,0.0,0.0,0.0,4,5910,3940,0,0,0,0,0
TF,MOMRA,28.048056,113.647222,0, ,0.0,0.0,0.0,0.0,0,0,0,0,0,0,0,0
TF,CS03,27.639444,113.626944,0, ,0.0,0.0,0.0,0.0,0,0,0,0,0,0,0,0
TF,NIVEM,27.331944,113.611667,0, ,0.0,0.0,0.0,0.0,0,0,0,0,0,0,0,0

SID,OVT01D,36L,2
CD, ,0,0,0,ICR,0,0.0,1.0,6.2,0,0,0,0,0,0,0,0
CF,SV,28.216667,113.348333,2,DTM,44.3,18.3,159.0,6.0,0,0,0,1,205,0,0,0
TF,LIG30,28.141042,113.497256,0, ,0.0,0.0,0.0,0.0,4,5910,3940,0,0,0,0,0
TF,D021Y,28.049169,113.660344,0, ,0.0,0.0,0.0,0.0,0,0,0,0,0,0,0,0
TF,CS02,28.081944,113.933611,0, ,0.0,0.0,0.0,0.0,0,0,0,0,0,0,0,0
TF,DTM58,28.113097,114.200111,0, ,0.0,0.0,0.0,0.0,0,0,0,0,0,0,0,0
TF,OVTAN,28.211389,114.347778,0, ,0.0,0.0,0.0,0.0,0,0,0,0,0,0,0,0

SID,OVT02D,36R,2
CD, ,0,0,0,ICR,0,0.0,1.0,6.2,0,0,0,0,0,0,0,0
CF,SV,28.216667,113.348333,2,DTM,44.3,18.3,161.0,6.0,0,0,0,1,205,0,0,0
TF,LIG30,28.141042,113.497256,0, ,0.0,0.0,0.0,0.0,4,5910,3940,0,0,0,0,0
TF,D021Y,28.049169,113.660344,0, ,0.0,0.0,0.0,0.0,0,0,0,0,0,0,0,0
TF,CS02,28.081944,113.933611,0, ,0.0,0.0,0.0,0.0,0,0,0,0,0,0,0,0
TF,DTM58,28.113097,114.200111,0, ,0.0,0.0,0.0,0.0,0,0,0,0,0,0,0,0
TF,OVTAN,28.211389,114.347778,0, ,0.0,0.0,0.0,0.0,0,0,0,0,0,0,0,0

SID,OVT11D,18R,2
CD, ,0,0,0,IWW,0,0.0,181.0,9.5,0,0,0,0,0,0,0,0
CF,D086U,28.031256,113.512919,1,DTM,86.0,20.8,86.0,13.0,4,5910,3940,1,205,0,0,0
TF,CS02,28.081944,113.933611,0, ,0.0,0.0,0.0,0.0,0,0,0,0,0,0,0,0
TF,DTM58,28.113097,114.200111,0, ,0.0,0.0,0.0,0.0,0,0,0,0,0,0,0,0
TF,OVTAN,28.211389,114.347778,0, ,0.0,0.0,0.0,0.0,0,0,0,0,0,0,0,0

SID,OVT12D,18L,2
CD, ,0,0,0,ISL,0,0.0,181.0,9.7,0,0,0,0,0,0,0,0
CF,D086U,28.031256,113.512919,1,DTM,86.0,20.8,86.0,13.0,4,5910,3940,1,205,0,0,0
TF,CS02,28.081944,113.933611,0, ,0.0,0.0,0.0,0.0,0,0,0,0,0,0,0,0
TF,DTM58,28.113097,114.200111,0, ,0.0,0.0,0.0,0.0,0,0,0,0,0,0,0,0
TF,OVTAN,28.211389,114.347778,0, ,0.0,0.0,0.0,0.0,0,0,0,0,0,0,0,0

SID,OVT7W,18L,5
CF,HA301,28.086667,113.226111,0,DTM,44.9,8.2,183.0,7.0,0,0,0,0,0,0,0,0
TF,HA307,28.062222,113.495000,0, ,0.0,0.0,0.0,0.0,4,5910,3940,0,0,0,0,0
TF,MOMRA,28.048056,113.647222,0, ,0.0,0.0,0.0,0.0,0,0,0,0,0,0,0,0
TF,CS02,28.081944,113.933611,0, ,0.0,0.0,0.0,0.0,0,0,0,0,0,0,0,0
TF,HA311,28.112778,114.200833,0, ,0.0,0.0,0.0,0.0,0,0,0,0,0,0,0,0
TF,OVTAN,28.211389,114.347778,0, ,0.0,0.0,0.0,0.0,0,0,0,0,0,0,0,0

SID,OVT7X,36R,5
CF,HA321,28.282500,113.213889,0,DTM,18.7,18.5,358.0,5.0,0,0,0,0,0,0,0,0
TF,HA324,28.284167,113.348333,2, ,0.0,0.0,0.0,0.0,0,0,0,1,205,0,0,0
TF,HA326,28.163056,113.501667,0, ,0.0,0.0,0.0,0.0,4,5910,3940,0,0,0,0,0
TF,MOMRA,28.048056,113.647222,0, ,0.0,0.0,0.0,0.0,0,0,0,0,0,0,0,0
TF,CS02,28.081944,113.933611,0, ,0.0,0.0,0.0,0.0,0,0,0,0,0,0,0,0
TF,HA311,28.112778,114.200833,0, ,0.0,0.0,0.0,0.0,0,0,0,0,0,0,0,0
TF,OVTAN,28.211389,114.347778,0, ,0.0,0.0,0.0,0.0,0,0,0,0,0,0,0,0

SID,OVT9W,18R,5
CF,HA301,28.086667,113.226111,0,DTM,44.9,8.2,181.0,7.0,0,0,0,0,0,0,0,0
TF,HA307,28.062222,113.495000,0, ,0.0,0.0,0.0,0.0,4,5910,3940,0,0,0,0,0
TF,MOMRA,28.048056,113.647222,0, ,0.0,0.0,0.0,0.0,0,0,0,0,0,0,0,0
TF,CS02,28.081944,113.933611,0, ,0.0,0.0,0.0,0.0,0,0,0,0,0,0,0,0
TF,HA311,28.112778,114.200833,0, ,0.0,0.0,0.0,0.0,0,0,0,0,0,0,0,0
TF,OVTAN,28.211389,114.347778,0, ,0.0,0.0,0.0,0.0,0,0,0,0,0,0,0,0

SID,OVT9X,36L,5
CF,HA321,28.282500,113.213889,0,DTM,18.7,18.5,1.0,5.0,0,0,0,0,0,0,0,0
TF,HA324,28.284167,113.348333,2, ,0.0,0.0,0.0,0.0,0,0,0,1,205,0,0,0
TF,HA326,28.163056,113.501667,0, ,0.0,0.0,0.0,0.0,4,5910,3940,0,0,0,0,0
TF,MOMRA,28.048056,113.647222,0, ,0.0,0.0,0.0,0.0,0,0,0,0,0,0,0,0
TF,CS02,28.081944,113.933611,0, ,0.0,0.0,0.0,0.0,0,0,0,0,0,0,0,0
TF,HA311,28.112778,114.200833,0, ,0.0,0.0,0.0,0.0,0,0,0,0,0,0,0,0
TF,OVTAN,28.211389,114.347778,0, ,0.0,0.0,0.0,0.0,0,0,0,0,0,0,0,0

SID,PUK6W,18L,5
CF,HA301,28.086667,113.226111,0,DTM,44.9,8.2,183.0,7.0,0,0,0,0,0,0,0,0
TF,HA302,27.984722,113.232500,0, ,0.0,0.0,0.0,0.0,0,0,0,1,205,0,0,0
TF,KAPSA,27.985000,113.340556,0, ,0.0,0.0,0.0,0.0,0,0,0,0,0,0,0,0
TF,HA306,28.111111,113.336667,0, ,0.0,0.0,0.0,0.0,0,0,0,1,205,0,0,0
TF,HA301,28.086667,113.226111,0, ,0.0,0.0,0.0,0.0,0,0,0,0,0,0,0,0
TF,HA304,27.988333,113.018056,0, ,0.0,0.0,0.0,0.0,4,16700,9850,0,0,0,0,0
TF,OKIXA,28.010000,112.358056,0, ,0.0,0.0,0.0,0.0,0,0,0,0,0,0,0,0
TF,CS04,27.999722,112.272778,0, ,0.0,0.0,0.0,0.0,0,0,0,0,0,0,0,0
TF,PUKAD,27.985000,112.151111,0, ,0.0,0.0,0.0,0.0,0,0,0,0,0,0,0,0

SID,PUK7W,18L,5
CF,HA301,28.086667,113.226111,0,DTM,44.9,8.2,183.0,7.0,0,0,0,0,0,0,0,0
TF,HA302,27.984722,113.232500,0, ,0.0,0.0,0.0,0.0,0,0,0,1,205,0,0,0
TF,DTM,27.983333,113.125000,0, ,0.0,0.0,0.0,0.0,0,0,0,0,0,0,0,0
TF,HA304,27.988333,113.018056,0, ,0.0,0.0,0.0,0.0,4,16700,9850,0,0,0,0,0
TF,OKIXA,28.010000,112.358056,0, ,0.0,0.0,0.0,0.0,0,0,0,0,0,0,0,0
TF,CS04,27.999722,112.272778,0, ,0.0,0.0,0.0,0.0,0,0,0,0,0,0,0,0
TF,PUKAD,27.985000,112.151111,0, ,0.0,0.0,0.0,0.0,0,0,0,0,0,0,0,0

SID,PUK7X,36R,5
CF,HA321,28.282500,113.213889,0,DTM,18.7,18.5,358.0,5.0,0,0,0,0,0,0,0,0
TF,HA362,28.385556,113.207500,0, ,0.0,0.0,0.0,0.0,0,0,0,0,0,0,0,0
TF,LYH,28.393333,113.343333,0, ,0.0,0.0,0.0,0.0,0,0,0,0,0,0,0,0
TF,HA324,28.284167,113.348333,0, ,0.0,0.0,0.0,0.0,0,0,0,1,205,0,0,0
TF,HA325,28.176111,113.227500,0, ,0.0,0.0,0.0,0.0,2,8860,0,0,0,0,0,0
TF,HA304,27.988333,113.018056,0, ,0.0,0.0,0.0,0.0,4,16700,9850,0,0,0,0,0
TF,OKIXA,28.010000,112.358056,0, ,0.0,0.0,0.0,0.0,0,0,0,0,0,0,0,0
TF,CS04,27.999722,112.272778,0, ,0.0,0.0,0.0,0.0,0,0,0,0,0,0,0,0
TF,PUKAD,27.985000,112.151111,0, ,0.0,0.0,0.0,0.0,0,0,0,0,0,0,0,0

SID,PUK8W,18R,5
CF,HA301,28.086667,113.226111,0,DTM,44.9,8.2,181.0,7.0,0,0,0,0,0,0,0,0
TF,HA302,27.984722,113.232500,0, ,0.0,0.0,0.0,0.0,0,0,0,1,205,0,0,0
TF,KAPSA,27.985000,113.340556,0, ,0.0,0.0,0.0,0.0,0,0,0,0,0,0,0,0
TF,HA306,28.111111,113.336667,0, ,0.0,0.0,0.0,0.0,0,0,0,1,205,0,0,0
TF,HA301,28.086667,113.226111,0, ,0.0,0.0,0.0,0.0,0,0,0,0,0,0,0,0
TF,HA304,27.988333,113.018056,0, ,0.0,0.0,0.0,0.0,4,16700,9850,0,0,0,0,0
TF,OKIXA,28.010000,112.358056,0, ,0.0,0.0,0.0,0.0,0,0,0,0,0,0,0,0
TF,CS04,27.999722,112.272778,0, ,0.0,0.0,0.0,0.0,0,0,0,0,0,0,0,0
TF,PUKAD,27.985000,112.151111,0, ,0.0,0.0,0.0,0.0,0,0,0,0,0,0,0,0

SID,PUK9W,18R,5
CF,HA301,28.086667,113.226111,0,DTM,44.9,8.2,181.0,7.0,0,0,0,0,0,0,0,0
TF,HA302,27.984722,113.232500,0, ,0.0,0.0,0.0,0.0,0,0,0,1,205,0,0,0
TF,DTM,27.983333,113.125000,0, ,0.0,0.0,0.0,0.0,0,0,0,0,0,0,0,0
TF,HA304,27.988333,113.018056,0, ,0.0,0.0,0.0,0.0,4,16700,9850,0,0,0,0,0
TF,OKIXA,28.010000,112.358056,0, ,0.0,0.0,0.0,0.0,0,0,0,0,0,0,0,0
TF,CS04,27.999722,112.272778,0, ,0.0,0.0,0.0,0.0,0,0,0,0,0,0,0,0
TF,PUKAD,27.985000,112.151111,0, ,0.0,0.0,0.0,0.0,0,0,0,0,0,0,0,0

SID,PUK9X,36L,5
CF,HA321,28.282500,113.213889,0,DTM,18.7,18.5,1.0,5.0,0,0,0,0,0,0,0,0
TF,HA362,28.385556,113.207500,0, ,0.0,0.0,0.0,0.0,0,0,0,0,0,0,0,0
TF,LYH,28.393333,113.343333,0, ,0.0,0.0,0.0,0.0,0,0,0,0,0,0,0,0
TF,HA324,28.284167,113.348333,0, ,0.0,0.0,0.0,0.0,0,0,0,1,205,0,0,0
TF,HA325,28.176111,113.227500,0, ,0.0,0.0,0.0,0.0,2,8860,0,0,0,0,0,0
TF,HA304,27.988333,113.018056,0, ,0.0,0.0,0.0,0.0,4,16700,9850,0,0,0,0,0
TF,OKIXA,28.010000,112.358056,0, ,0.0,0.0,0.0,0.0,0,0,0,0,0,0,0,0
TF,CS04,27.999722,112.272778,0, ,0.0,0.0,0.0,0.0,0,0,0,0,0,0,0,0
TF,PUKAD,27.985000,112.151111,0, ,0.0,0.0,0.0,0.0,0,0,0,0,0,0,0,0

STAR,BEM1W,18L,5
IF,BEMTA,28.148611,112.273889, ,0.0,0.0,0,0,0,0,0,0,0,0
TF,DODSA,28.109167,112.361667,0, ,0.0,0.0,0.0,0.0,0,0,0,1,250,0,0,0
TF,EKIBA,28.094167,113.014167,0, ,0.0,0.0,0.0,0.0,4,16700,9850,0,0,0,0,0
TF,HA368,28.241944,113.220278,0, ,0.0,0.0,0.0,0.0,0,0,0,0,0,0,0,0
TF,HA365,28.297778,113.343889,0, ,0.0,0.0,0.0,0.0,0,0,0,0,0,0,0,0
TF,LYH,28.393333,113.343333,0, ,0.0,0.0,0.0,0.0,2,2960,0,1,205,0,0,0

STAR,BEM1W,18R,5
IF,BEMTA,28.148611,112.273889, ,0.0,0.0,0,0,0,0,0,0,0,0
TF,DODSA,28.109167,112.361667,0, ,0.0,0.0,0.0,0.0,0,0,0,1,250,0,0,0
TF,EKIBA,28.094167,113.014167,0, ,0.0,0.0,0.0,0.0,4,16700,9850,0,0,0,0,0
TF,HA368,28.241944,113.220278,0, ,0.0,0.0,0.0,0.0,0,0,0,0,0,0,0,0
TF,HA365,28.297778,113.343889,0, ,0.0,0.0,0.0,0.0,0,0,0,0,0,0,0,0
TF,LYH,28.393333,113.343333,0, ,0.0,0.0,0.0,0.0,2,2960,0,1,205,0,0,0

STAR,BEM1X,36L,5
IF,BEMTA,28.148611,112.273889, ,0.0,0.0,0,0,0,0,0,0,0,0
TF,DODSA,28.109167,112.361667,0, ,0.0,0.0,0.0,0.0,0,0,0,1,250,0,0,0
TF,EKIBA,28.094167,113.014167,0, ,0.0,0.0,0.0,0.0,4,16700,9850,0,0,0,0,0
TF,HA385,28.100000,113.130833,0, ,0.0,0.0,0.0,0.0,3,8860,0,0,0,0,0,0
TF,HA379,28.110833,113.353889,0, ,0.0,0.0,0.0,0.0,0,0,0,0,0,0,0,0
TF,HA375,27.996111,113.360833,0, ,0.0,0.0,0.0,0.0,2,3940,0,1,205,0,0,0

STAR,BEM1X,36R,5
IF,BEMTA,28.148611,112.273889, ,0.0,0.0,0,0,0,0,0,0,0,0
TF,DODSA,28.109167,112.361667,0, ,0.0,0.0,0.0,0.0,0,0,0,1,250,0,0,0
TF,EKIBA,28.094167,113.014167,0, ,0.0,0.0,0.0,0.0,4,16700,9850,0,0,0,0,0
TF,HA385,28.100000,113.130833,0, ,0.0,0.0,0.0,0.0,3,8860,0,0,0,0,0,0
TF,HA379,28.110833,113.353889,0, ,0.0,0.0,0.0,0.0,0,0,0,0,0,0,0,0
TF,HA375,27.996111,113.360833,0, ,0.0,0.0,0.0,0.0,2,3940,0,1,205,0,0,0

STAR,BEM2X,36L,5
IF,BEMTA,28.148611,112.273889, ,0.0,0.0,0,0,0,0,0,0,0,0
TF,DODSA,28.109167,112.361667,0, ,0.0,0.0,0.0,0.0,0,0,0,1,250,0,0,0
TF,EKIBA,28.094167,113.014167,0, ,0.0,0.0,0.0,0.0,3,5910,0,0,0,0,0,0
TF,DTM,27.983333,113.125000,0, ,0.0,0.0,0.0,0.0,2,2960,0,1,205,0,0,0

STAR,BEM2X,36R,5
IF,BEMTA,28.148611,112.273889, ,0.0,0.0,0,0,0,0,0,0,0,0
TF,DODSA,28.109167,112.361667,0, ,0.0,0.0,0.0,0.0,0,0,0,1,250,0,0,0
TF,EKIBA,28.094167,113.014167,0, ,0.0,0.0,0.0,0.0,3,5910,0,0,0,0,0,0
TF,DTM,27.983333,113.125000,0, ,0.0,0.0,0.0,0.0,2,2960,0,1,205,0,0,0

STAR,DPR01A,36L,2
IF,DAPRO,29.257778,113.639167, ,0.0,0.0,0,0,0,0,0,0,0,0
TF,AKUBA,28.755000,113.600278,0, ,0.0,0.0,0.0,0.0,0,0,0,0,0,0,0,0
TF,D051R,28.597922,113.590342,0, ,0.0,0.0,0.0,0.0,0,0,0,0,0,0,0,0
TF,LUMKO,28.481111,113.581944,0, ,0.0,0.0,0.0,0.0,0,0,0,0,0,0,0,0
TF,SV,28.216667,113.348333,0, ,0.0,0.0,0.0,0.0,2,6890,0,0,0,0,0,0
TF,LLC61,28.081300,113.355700,0, ,0.0,0.0,0.0,0.0,0,0,0,0,0,0,0,0
TF,D091M,27.994233,113.363781,0, ,0.0,0.0,0.0,0.0,2,3940,0,1,205,0,0,0

STAR,DPR01A,36R,2
IF,DAPRO,29.257778,113.639167, ,0.0,0.0,0,0,0,0,0,0,0,0
TF,AKUBA,28.755000,113.600278,0, ,0.0,0.0,0.0,0.0,0,0,0,0,0,0,0,0
TF,D051R,28.597922,113.590342,0, ,0.0,0.0,0.0,0.0,0,0,0,0,0,0,0,0
TF,LUMKO,28.481111,113.581944,0, ,0.0,0.0,0.0,0.0,0,0,0,0,0,0,0,0
TF,SV,28.216667,113.348333,0, ,0.0,0.0,0.0,0.0,2,6890,0,0,0,0,0,0
TF,LLC61,28.081300,113.355700,0, ,0.0,0.0,0.0,0.0,0,0,0,0,0,0,0,0
TF,D091M,27.994233,113.363781,0, ,0.0,0.0,0.0,0.0,2,3940,0,1,205,0,0,0

STAR,DPR11A,18L,2
IF,DAPRO,29.257778,113.639167, ,0.0,0.0,0,0,0,0,0,0,0,0
TF,AKUBA,28.755000,113.600278,0, ,0.0,0.0,0.0,0.0,0,0,0,0,0,0,0,0
TF,D051R,28.597922,113.590342,0, ,0.0,0.0,0.0,0.0,0,0,0,0,0,0,0,0
TF,D091F,28.398789,113.462231,0, ,0.0,0.0,0.0,0.0,2,4930,0,0,0,0,0,0
TF,LYH,28.393333,113.343333,0, ,0.0,0.0,0.0,0.0,2,2960,0,1,205,0,0,0

STAR,DPR11A,18R,2
IF,DAPRO,29.257778,113.639167, ,0.0,0.0,0,0,0,0,0,0,0,0
TF,AKUBA,28.755000,113.600278,0, ,0.0,0.0,0.0,0.0,0,0,0,0,0,0,0,0
TF,D051R,28.597922,113.590342,0, ,0.0,0.0,0.0,0.0,0,0,0,0,0,0,0,0
TF,D091F,28.398789,113.462231,0, ,0.0,0.0,0.0,0.0,2,4930,0,0,0,0,0,0
TF,LYH,28.393333,113.343333,0, ,0.0,0.0,0.0,0.0,2,2960,0,1,205,0,0,0

STAR,DPR1W,18L,5
IF,DAPRO,29.257778,113.639167, ,0.0,0.0,0,0,0,0,0,0,0,0
TF,HA350,29.115556,113.540000,0, ,0.0,0.0,0.0,0.0,0,0,0,0,0,0,0,0
TF,CS06,28.765833,113.514167,0, ,0.0,0.0,0.0,0.0,0,0,0,1,250,0,0,0
TF,HA384,28.595556,113.501667,0, ,0.0,0.0,0.0,0.0,0,0,0,0,0,0,0,0
TF,NODEB,28.398889,113.487222,0, ,0.0,0.0,0.0,0.0,2,4930,0,0,0,0,0,0
TF,LYH,28.393333,113.343333,0, ,0.0,0.0,0.0,0.0,2,2960,0,1,205,0,0,0

STAR,DPR1W,18R,5
IF,DAPRO,29.257778,113.639167, ,0.0,0.0,0,0,0,0,0,0,0,0
TF,HA350,29.115556,113.540000,0, ,0.0,0.0,0.0,0.0,0,0,0,0,0,0,0,0
TF,CS06,28.765833,113.514167,0, ,0.0,0.0,0.0,0.0,0,0,0,1,250,0,0,0
TF,HA384,28.595556,113.501667,0, ,0.0,0.0,0.0,0.0,0,0,0,0,0,0,0,0
TF,NODEB,28.398889,113.487222,0, ,0.0,0.0,0.0,0.0,2,4930,0,0,0,0,0,0
TF,LYH,28.393333,113.343333,0, ,0.0,0.0,0.0,0.0,2,2960,0,1,205,0,0,0

STAR,DPR1X,36L,5
IF,DAPRO,29.257778,113.639167, ,0.0,0.0,0,0,0,0,0,0,0,0
TF,HA350,29.115556,113.540000,0, ,0.0,0.0,0.0,0.0,0,0,0,0,0,0,0,0
TF,CS06,28.765833,113.514167,0, ,0.0,0.0,0.0,0.0,0,0,0,1,250,0,0,0
TF,HA384,28.595556,113.501667,0, ,0.0,0.0,0.0,0.0,0,0,0,0,0,0,0,0
TF,NODEB,28.398889,113.487222,0, ,0.0,0.0,0.0,0.0,0,0,0,0,0,0,0,0
TF,HA383,28.267500,113.477778,0, ,0.0,0.0,0.0,0.0,0,0,0,0,0,0,0,0
TF,HA382,28.223611,113.443056,0, ,0.0,0.0,0.0,0.0,2,6890,0,0,0,0,0,0
TF,HA381,28.170278,113.400833,0, ,0.0,0.0,0.0,0.0,0,0,0,0,0,0,0,0
TF,HA379,28.110833,113.353889,0, ,0.0,0.0,0.0,0.0,0,0,0,0,0,0,0,0
TF,HA375,27.996111,113.360833,0, ,0.0,0.0,0.0,0.0,2,3940,0,1,205,0,0,0

STAR,DPR1X,36R,5
IF,DAPRO,29.257778,113.639167, ,0.0,0.0,0,0,0,0,0,0,0,0
TF,HA350,29.115556,113.540000,0, ,0.0,0.0,0.0,0.0,0,0,0,0,0,0,0,0
TF,CS06,28.765833,113.514167,0, ,0.0,0.0,0.0,0.0,0,0,0,1,250,0,0,0
TF,HA384,28.595556,113.501667,0, ,0.0,0.0,0.0,0.0,0,0,0,0,0,0,0,0
TF,NODEB,28.398889,113.487222,0, ,0.0,0.0,0.0,0.0,0,0,0,0,0,0,0,0
TF,HA383,28.267500,113.477778,0, ,0.0,0.0,0.0,0.0,0,0,0,0,0,0,0,0
TF,HA382,28.223611,113.443056,0, ,0.0,0.0,0.0,0.0,2,6890,0,0,0,0,0,0
TF,HA381,28.170278,113.400833,0, ,0.0,0.0,0.0,0.0,0,0,0,0,0,0,0,0
TF,HA379,28.110833,113.353889,0, ,0.0,0.0,0.0,0.0,0,0,0,0,0,0,0,0
TF,HA375,27.996111,113.360833,0, ,0.0,0.0,0.0,0.0,2,3940,0,1,205,0,0,0

STAR,LIG01A,36L,2
IF,LIG,27.648333,113.516667, ,0.0,0.0,0,0,0,0,0,0,0,0
TF,D348M,27.861406,113.452422,0, ,0.0,0.0,0.0,0.0,2,4930,0,0,0,0,0,0
TF,D091M,27.994233,113.363781,0, ,0.0,0.0,0.0,0.0,2,3940,0,1,205,0,0,0

STAR,LIG01A,36R,2
IF,LIG,27.648333,113.516667, ,0.0,0.0,0,0,0,0,0,0,0,0
TF,D348M,27.861406,113.452422,0, ,0.0,0.0,0.0,0.0,2,4930,0,0,0,0,0,0
TF,D091M,27.994233,113.363781,0, ,0.0,0.0,0.0,0.0,2,3940,0,1,205,0,0,0

STAR,LIG02A,36L,2
IF,LIG,27.648333,113.516667, ,0.0,0.0,0,0,0,0,0,0,0,0
TF,D348M,27.861406,113.452422,0, ,0.0,0.0,0.0,0.0,2,4930,0,0,0,0,0,0
TF,D108K,27.940747,113.316722,0, ,0.0,0.0,0.0,0.0,2,3940,0,1,205,0,0,0

STAR,LIG02A,36R,2
IF,LIG,27.648333,113.516667, ,0.0,0.0,0,0,0,0,0,0,0,0
TF,D348M,27.861406,113.452422,0, ,0.0,0.0,0.0,0.0,2,4930,0,0,0,0,0,0
TF,D108K,27.940747,113.316722,0, ,0.0,0.0,0.0,0.0,2,3940,0,1,205,0,0,0

STAR,LIG11A,18L,2
IF,LIG,27.648333,113.516667, ,0.0,0.0,0,0,0,0,0,0,0,0
TF,D007M,27.865067,113.533719,0, ,0.0,0.0,0.0,0.0,0,0,0,0,0,0,0,0
TF,D159R,27.938122,113.487939,0, ,0.0,0.0,0.0,0.0,0,0,0,0,0,0,0,0
TF,SV,28.216667,113.348333,0, ,0.0,0.0,0.0,0.0,2,6890,0,0,0,0,0,0
TF,LYH,28.393333,113.343333,0, ,0.0,0.0,0.0,0.0,2,2960,0,1,205,0,0,0

STAR,LIG11A,18R,2
IF,LIG,27.648333,113.516667, ,0.0,0.0,0,0,0,0,0,0,0,0
TF,D007M,27.865067,113.533719,0, ,0.0,0.0,0.0,0.0,0,0,0,0,0,0,0,0
TF,D159R,27.938122,113.487939,0, ,0.0,0.0,0.0,0.0,0,0,0,0,0,0,0,0
TF,SV,28.216667,113.348333,0, ,0.0,0.0,0.0,0.0,2,6890,0,0,0,0,0,0
TF,LYH,28.393333,113.343333,0, ,0.0,0.0,0.0,0.0,2,2960,0,1,205,0,0,0

STAR,LIG1W,18L,5
IF,LIG,27.648333,113.516667, ,0.0,0.0,0,0,0,1,250,0,0,0
TF,HA358,27.865556,113.531667,0, ,0.0,0.0,0.0,0.0,2,9850,0,0,0,0,0,0
TF,HA359,28.006111,113.542222,0, ,0.0,0.0,0.0,0.0,0,0,0,0,0,0,0,0
TF,HA367,28.222778,113.428889,0, ,0.0,0.0,0.0,0.0,2,5910,0,0,0,0,0,0
TF,HA365,28.297778,113.343889,0, ,0.0,0.0,0.0,0.0,0,0,0,0,0,0,0,0
TF,LYH,28.393333,113.343333,0, ,0.0,0.0,0.0,0.0,2,2960,0,1,205,0,0,0

STAR,LIG1W,18R,5
IF,LIG,27.648333,113.516667, ,0.0,0.0,0,0,0,1,250,0,0,0
TF,HA358,27.865556,113.531667,0, ,0.0,0.0,0.0,0.0,2,9850,0,0,0,0,0,0
TF,HA359,28.006111,113.542222,0, ,0.0,0.0,0.0,0.0,0,0,0,0,0,0,0,0
TF,HA367,28.222778,113.428889,0, ,0.0,0.0,0.0,0.0,2,5910,0,0,0,0,0,0
TF,HA365,28.297778,113.343889,0, ,0.0,0.0,0.0,0.0,0,0,0,0,0,0,0,0
TF,LYH,28.393333,113.343333,0, ,0.0,0.0,0.0,0.0,2,2960,0,1,205,0,0,0

STAR,LIG1X,36L,5
IF,LIG,27.648333,113.516667, ,0.0,0.0,0,0,0,1,250,0,0,0
TF,HA378,27.862778,113.452778,0, ,0.0,0.0,0.0,0.0,2,4930,0,0,0,0,0,0
TF,HA375,27.996111,113.360833,0, ,0.0,0.0,0.0,0.0,2,3940,0,1,205,0,0,0

STAR,LIG1X,36R,5
IF,LIG,27.648333,113.516667, ,0.0,0.0,0,0,0,1,250,0,0,0
TF,HA378,27.862778,113.452778,0, ,0.0,0.0,0.0,0.0,2,4930,0,0,0,0,0,0
TF,HA375,27.996111,113.360833,0, ,0.0,0.0,0.0,0.0,2,3940,0,1,205,0,0,0

STAR,LIG2X,36L,5
IF,LIG,27.648333,113.516667, ,0.0,0.0,0,0,0,1,250,0,0,0
TF,HA378,27.862778,113.452778,0, ,0.0,0.0,0.0,0.0,2,4930,0,0,0,0,0,0
TF,HA376,27.940000,113.320833,0, ,0.0,0.0,0.0,0.0,2,3940,0,1,205,0,0,0

STAR,LIG2X,36R,5
IF,LIG,27.648333,113.516667, ,0.0,0.0,0,0,0,1,250,0,0,0
TF,HA378,27.862778,113.452778,0, ,0.0,0.0,0.0,0.0,2,4930,0,0,0,0,0,0
TF,HA376,27.940000,113.320833,0, ,0.0,0.0,0.0,0.0,2,3940,0,1,205,0,0,0

STAR,LLC01A,36L,2
IF,LLC,28.068333,112.208333, ,0.0,0.0,0,0,0,0,0,0,0,0
TF,LLC43,28.078447,113.014664,0, ,0.0,0.0,0.0,0.0,4,16700,9850,0,0,0,0,0
TF,LLC49,28.079519,113.131481,0, ,0.0,0.0,0.0,0.0,3,8860,0,0,0,0,0,0
TF,LLC61,28.081300,113.355700,0, ,0.0,0.0,0.0,0.0,0,0,0,0,0,0,0,0
TF,D091M,27.994233,113.363781,0, ,0.0,0.0,0.0,0.0,2,3940,0,1,205,0,0,0

STAR,LLC01A,36R,2
IF,LLC,28.068333,112.208333, ,0.0,0.0,0,0,0,0,0,0,0,0
TF,LLC43,28.078447,113.014664,0, ,0.0,0.0,0.0,0.0,4,16700,9850,0,0,0,0,0
TF,LLC49,28.079519,113.131481,0, ,0.0,0.0,0.0,0.0,3,8860,0,0,0,0,0,0
TF,LLC61,28.081300,113.355700,0, ,0.0,0.0,0.0,0.0,0,0,0,0,0,0,0,0
TF,D091M,27.994233,113.363781,0, ,0.0,0.0,0.0,0.0,2,3940,0,1,205,0,0,0

STAR,LLC02A,36L,2
IF,LLC,28.068333,112.208333, ,0.0,0.0,0,0,0,0,0,0,0,0
TF,LLC43,28.078447,113.014664,0, ,0.0,0.0,0.0,0.0,3,5910,0,0,0,0,0,0
TF,DTM,27.983333,113.125000,0, ,0.0,0.0,0.0,0.0,2,2960,0,1,205,0,0,0

STAR,LLC02A,36R,2
IF,LLC,28.068333,112.208333, ,0.0,0.0,0,0,0,0,0,0,0,0
TF,LLC43,28.078447,113.014664,0, ,0.0,0.0,0.0,0.0,3,5910,0,0,0,0,0,0
TF,DTM,27.983333,113.125000,0, ,0.0,0.0,0.0,0.0,2,2960,0,1,205,0,0,0

STAR,LLC11A,18L,2
IF,LLC,28.068333,112.208333, ,0.0,0.0,0,0,0,0,0,0,0,0
TF,LLC43,28.078447,113.014664,0, ,0.0,0.0,0.0,0.0,4,16700,9850,0,0,0,0,0
TF,SV,28.216667,113.348333,0, ,0.0,0.0,0.0,0.0,2,6890,0,0,0,0,0,0
TF,LYH,28.393333,113.343333,0, ,0.0,0.0,0.0,0.0,2,2960,0,1,205,0,0,0

STAR,LLC11A,18R,2
IF,LLC,28.068333,112.208333, ,0.0,0.0,0,0,0,0,0,0,0,0
TF,LLC43,28.078447,113.014664,0, ,0.0,0.0,0.0,0.0,4,16700,9850,0,0,0,0,0
TF,SV,28.216667,113.348333,0, ,0.0,0.0,0.0,0.0,2,6890,0,0,0,0,0,0
TF,LYH,28.393333,113.343333,0, ,0.0,0.0,0.0,0.0,2,2960,0,1,205,0,0,0

STAR,LLC1W,18L,5
IF,LLC,28.068333,112.208333, ,0.0,0.0,0,0,0,0,0,0,0,0
TF,DODSA,28.109167,112.361667,0, ,0.0,0.0,0.0,0.0,0,0,0,1,250,0,0,0
TF,EKIBA,28.094167,113.014167,0, ,0.0,0.0,0.0,0.0,4,16700,9850,0,0,0,0,0
TF,HA368,28.241944,113.220278,0, ,0.0,0.0,0.0,0.0,0,0,0,0,0,0,0,0
TF,HA365,28.297778,113.343889,0, ,0.0,0.0,0.0,0.0,0,0,0,0,0,0,0,0
TF,LYH,28.393333,113.343333,0, ,0.0,0.0,0.0,0.0,2,2960,0,1,205,0,0,0

STAR,LLC1W,18R,5
IF,LLC,28.068333,112.208333, ,0.0,0.0,0,0,0,0,0,0,0,0
TF,DODSA,28.109167,112.361667,0, ,0.0,0.0,0.0,0.0,0,0,0,1,250,0,0,0
TF,EKIBA,28.094167,113.014167,0, ,0.0,0.0,0.0,0.0,4,16700,9850,0,0,0,0,0
TF,HA368,28.241944,113.220278,0, ,0.0,0.0,0.0,0.0,0,0,0,0,0,0,0,0
TF,HA365,28.297778,113.343889,0, ,0.0,0.0,0.0,0.0,0,0,0,0,0,0,0,0
TF,LYH,28.393333,113.343333,0, ,0.0,0.0,0.0,0.0,2,2960,0,1,205,0,0,0

STAR,LLC1X,36L,5
IF,LLC,28.068333,112.208333, ,0.0,0.0,0,0,0,0,0,0,0,0
TF,DODSA,28.109167,112.361667,0, ,0.0,0.0,0.0,0.0,0,0,0,1,250,0,0,0
TF,EKIBA,28.094167,113.014167,0, ,0.0,0.0,0.0,0.0,4,16700,9850,0,0,0,0,0
TF,HA385,28.100000,113.130833,0, ,0.0,0.0,0.0,0.0,3,8860,0,0,0,0,0,0
TF,HA379,28.110833,113.353889,0, ,0.0,0.0,0.0,0.0,0,0,0,0,0,0,0,0
TF,HA375,27.996111,113.360833,0, ,0.0,0.0,0.0,0.0,2,3940,0,1,205,0,0,0

STAR,LLC1X,36R,5
IF,LLC,28.068333,112.208333, ,0.0,0.0,0,0,0,0,0,0,0,0
TF,DODSA,28.109167,112.361667,0, ,0.0,0.0,0.0,0.0,0,0,0,1,250,0,0,0
TF,EKIBA,28.094167,113.014167,0, ,0.0,0.0,0.0,0.0,4,16700,9850,0,0,0,0,0
TF,HA385,28.100000,113.130833,0, ,0.0,0.0,0.0,0.0,3,8860,0,0,0,0,0,0
TF,HA379,28.110833,113.353889,0, ,0.0,0.0,0.0,0.0,0,0,0,0,0,0,0,0
TF,HA375,27.996111,113.360833,0, ,0.0,0.0,0.0,0.0,2,3940,0,1,205,0,0,0

STAR,LLC2X,36L,5
IF,LLC,28.068333,112.208333, ,0.0,0.0,0,0,0,0,0,0,0,0
TF,DODSA,28.109167,112.361667,0, ,0.0,0.0,0.0,0.0,0,0,0,1,250,0,0,0
TF,EKIBA,28.094167,113.014167,0, ,0.0,0.0,0.0,0.0,3,5910,0,0,0,0,0,0
TF,DTM,27.983333,113.125000,0, ,0.0,0.0,0.0,0.0,2,2960,0,1,205,0,0,0

STAR,LLC2X,36R,5
IF,LLC,28.068333,112.208333, ,0.0,0.0,0,0,0,0,0,0,0,0
TF,DODSA,28.109167,112.361667,0, ,0.0,0.0,0.0,0.0,0,0,0,1,250,0,0,0
TF,EKIBA,28.094167,113.014167,0, ,0.0,0.0,0.0,0.0,3,5910,0,0,0,0,0,0
TF,DTM,27.983333,113.125000,0, ,0.0,0.0,0.0,0.0,2,2960,0,1,205,0,0,0

STAR,OVT01A,36L,2
IF,OVTAN,28.211389,114.347778, ,0.0,0.0,0,0,0,0,0,0,0,0
TF,LYH40,28.261300,114.078111,0, ,0.0,0.0,0.0,0.0,0,0,0,0,0,0,0,0
TF,CS01,28.254722,113.970278,0, ,0.0,0.0,0.0,0.0,0,0,0,0,0,0,0,0
TF,D090Y,28.237825,113.821892,0, ,0.0,0.0,0.0,0.0,2,6890,0,0,0,0,0,0
TF,SV,28.216667,113.348333,0, ,0.0,0.0,0.0,0.0,2,6890,0,0,0,0,0,0
TF,LLC61,28.081300,113.355700,0, ,0.0,0.0,0.0,0.0,0,0,0,0,0,0,0,0
TF,D091M,27.994233,113.363781,0, ,0.0,0.0,0.0,0.0,2,3940,0,1,205,0,0,0

STAR,OVT01A,36R,2
IF,OVTAN,28.211389,114.347778, ,0.0,0.0,0,0,0,0,0,0,0,0
TF,LYH40,28.261300,114.078111,0, ,0.0,0.0,0.0,0.0,0,0,0,0,0,0,0,0
TF,CS01,28.254722,113.970278,0, ,0.0,0.0,0.0,0.0,0,0,0,0,0,0,0,0
TF,D090Y,28.237825,113.821892,0, ,0.0,0.0,0.0,0.0,2,6890,0,0,0,0,0,0
TF,SV,28.216667,113.348333,0, ,0.0,0.0,0.0,0.0,2,6890,0,0,0,0,0,0
TF,LLC61,28.081300,113.355700,0, ,0.0,0.0,0.0,0.0,0,0,0,0,0,0,0,0
TF,D091M,27.994233,113.363781,0, ,0.0,0.0,0.0,0.0,2,3940,0,1,205,0,0,0

STAR,OVT11A,18L,2
IF,OVTAN,28.211389,114.347778, ,0.0,0.0,0,0,0,0,0,0,0,0
TF,LYH40,28.261300,114.078111,0, ,0.0,0.0,0.0,0.0,0,0,0,0,0,0,0,0
TF,CS01,28.254722,113.970278,0, ,0.0,0.0,0.0,0.0,0,0,0,0,0,0,0,0
TF,D090Y,28.237825,113.821892,0, ,0.0,0.0,0.0,0.0,2,6890,0,0,0,0,0,0
TF,SV,28.216667,113.348333,0, ,0.0,0.0,0.0,0.0,2,6890,0,0,0,0,0,0
TF,LYH,28.393333,113.343333,0, ,0.0,0.0,0.0,0.0,2,2960,0,1,205,0,0,0

STAR,OVT11A,18R,2
IF,OVTAN,28.211389,114.347778, ,0.0,0.0,0,0,0,0,0,0,0,0
TF,LYH40,28.261300,114.078111,0, ,0.0,0.0,0.0,0.0,0,0,0,0,0,0,0,0
TF,CS01,28.254722,113.970278,0, ,0.0,0.0,0.0,0.0,0,0,0,0,0,0,0,0
TF,D090Y,28.237825,113.821892,0, ,0.0,0.0,0.0,0.0,2,6890,0,0,0,0,0,0
TF,SV,28.216667,113.348333,0, ,0.0,0.0,0.0,0.0,2,6890,0,0,0,0,0,0
TF,LYH,28.393333,113.343333,0, ,0.0,0.0,0.0,0.0,2,2960,0,1,205,0,0,0

STAR,OVT1W,18L,5
IF,OVTAN,28.211389,114.347778, ,0.0,0.0,0,0,0,0,0,0,0,0
TF,HA356,28.260833,114.076667,0, ,0.0,0.0,0.0,0.0,0,0,0,0,0,0,0,0
TF,CS01,28.254722,113.970278,0, ,0.0,0.0,0.0,0.0,0,0,0,1,250,0,0,0
TF,HA357,28.246111,113.821944,0, ,0.0,0.0,0.0,0.0,2,6890,0,0,0,0,0,0
TF,HA367,28.222778,113.428889,0, ,0.0,0.0,0.0,0.0,2,5910,0,0,0,0,0,0
TF,HA365,28.297778,113.343889,0, ,0.0,0.0,0.0,0.0,0,0,0,0,0,0,0,0
TF,LYH,28.393333,113.343333,0, ,0.0,0.0,0.0,0.0,2,2960,0,1,205,0,0,0

STAR,OVT1W,18R,5
IF,OVTAN,28.211389,114.347778, ,0.0,0.0,0,0,0,0,0,0,0,0
TF,HA356,28.260833,114.076667,0, ,0.0,0.0,0.0,0.0,0,0,0,0,0,0,0,0
TF,CS01,28.254722,113.970278,0, ,0.0,0.0,0.0,0.0,0,0,0,1,250,0,0,0
TF,HA357,28.246111,113.821944,0, ,0.0,0.0,0.0,0.0,2,6890,0,0,0,0,0,0
TF,HA367,28.222778,113.428889,0, ,0.0,0.0,0.0,0.0,2,5910,0,0,0,0,0,0
TF,HA365,28.297778,113.343889,0, ,0.0,0.0,0.0,0.0,0,0,0,0,0,0,0,0
TF,LYH,28.393333,113.343333,0, ,0.0,0.0,0.0,0.0,2,2960,0,1,205,0,0,0

STAR,OVT1X,36L,5
IF,OVTAN,28.211389,114.347778, ,0.0,0.0,0,0,0,0,0,0,0,0
TF,HA356,28.260833,114.076667,0, ,0.0,0.0,0.0,0.0,0,0,0,0,0,0,0,0
TF,CS01,28.254722,113.970278,0, ,0.0,0.0,0.0,0.0,0,0,0,1,250,0,0,0
TF,HA357,28.246111,113.821944,0, ,0.0,0.0,0.0,0.0,2,6890,0,0,0,0,0,0
TF,HA382,28.223611,113.443056,0, ,0.0,0.0,0.0,0.0,2,6890,0,0,0,0,0,0
TF,HA381,28.170278,113.400833,0, ,0.0,0.0,0.0,0.0,0,0,0,0,0,0,0,0
TF,HA379,28.110833,113.353889,0, ,0.0,0.0,0.0,0.0,0,0,0,0,0,0,0,0
TF,HA375,27.996111,113.360833,0, ,0.0,0.0,0.0,0.0,2,3940,0,1,205,0,0,0

STAR,OVT1X,36R,5
IF,OVTAN,28.211389,114.347778, ,0.0,0.0,0,0,0,0,0,0,0,0
TF,HA356,28.260833,114.076667,0, ,0.0,0.0,0.0,0.0,0,0,0,0,0,0,0,0
TF,CS01,28.254722,113.970278,0, ,0.0,0.0,0.0,0.0,0,0,0,1,250,0,0,0
TF,HA357,28.246111,113.821944,0, ,0.0,0.0,0.0,0.0,2,6890,0,0,0,0,0,0
TF,HA382,28.223611,113.443056,0, ,0.0,0.0,0.0,0.0,2,6890,0,0,0,0,0,0
TF,HA381,28.170278,113.400833,0, ,0.0,0.0,0.0,0.0,0,0,0,0,0,0,0,0
TF,HA379,28.110833,113.353889,0, ,0.0,0.0,0.0,0.0,0,0,0,0,0,0,0,0
TF,HA375,27.996111,113.360833,0, ,0.0,0.0,0.0,0.0,2,3940,0,1,205,0,0,0

APPTR,I18LY,18L,LYH
IF,LYH,28.393333,113.343333, ,0.0,0.0,2,2960,0,1,205,0,1,0
FD,LYH,28.393333,113.343333,0,LYH,0.0,5.4,271.0,5.4,0,0,0,0,0,0,0,0
VI,1,ISL,0.0,211.0,2,2140,0,1,170,0,0,0

FINAL,I18LY,18L,I,3
IF,CI18L,28.386564,113.211539,ISL,0.9,12.8,2,2140,0,1,170,0,0,0
CF,FI18L,28.306467,113.216450,0,ISL,0.9,8.0,181.0,4.8,1,2140,0,0,0,0,2,0
CF,RW18L,28.209100,113.222411,0,ISL,0.9,2.2,181.0,5.8,1,261,0,0,0,0,3,0
CD, ,0,0,0,ISL,0,0.0,181.0,3.0,2,830,0,0,0,0,0,0
CD, ,0,0,0,ISL,0,0.0,166.0,8.3,2,1650,0,0,0,0,0,0
DF,SV,28.216667,113.348333,1, ,0.0,0.0,1,2960,0,1,205,0,0,0
HM,SV,28.216667,113.348333,2, ,0.0,0.0,2.0,04.3,2,3940,0,1,205,0,0,0,0

APPTR,I18LZ,18L,LYH
IF,LYH,28.393333,113.343333, ,0.0,0.0,2,2960,0,1,205,0,1,0
TF,HA364,28.385833,113.211389,0,ISL,0.0,0.0,0.0,0.0,2,2140,0,1,170,0,1,0

FINAL,I18LZ,18L,I,3
IF,HA364,28.385833,113.211389,ISL,0.9,12.8,2,2140,0,1,170,0,0,0
CF,FI18L,28.306467,113.216450,0,ISL,0.9,8.0,181.0,4.8,1,2140,0,0,0,0,2,0
CF,RW18L,28.209100,113.222411,0,ISL,0.9,2.2,181.0,5.8,1,261,0,0,0,0,3,0
CD, ,0,0,0,ISL,0,0.0,181.0,3.0,2,830,0,0,0,0,0,0
CD, ,0,0,0,ISL,0,0.0,166.0,8.3,2,1650,0,0,0,0,0,0
DF,HA365,28.297778,113.343889,1, ,0.0,0.0,1,2960,0,1,205,0,0,0
HM,HA365,28.297778,113.343889,2, ,0.0,0.0,2.0,04.3,2,3940,0,1,205,0,0,0,0

APPTR,I18RY,18R,LYH
IF,LYH,28.393333,113.343333, ,0.0,0.0,2,2960,0,1,205,0,1,0
FD,LYH,28.393333,113.343333,0,LYH,0.0,5.6,271.0,5.6,0,0,0,0,0,0,0,0
VI,1,IWW,0.0,211.0,2,2140,0,1,170,0,0,0

FINAL,I18RY,18R,I,3
IF,CI18R,28.385244,113.207608,IWW,0.9,12.6,2,2140,0,1,170,0,0,0
CF,FI18R,28.303483,113.212683,0,IWW,0.9,7.7,181.0,4.9,1,2140,0,0,0,0,2,0
CF,RW18R,28.206225,113.218708,0,IWW,0.9,1.8,181.0,5.8,1,268,0,0,0,0,3,0
CA,0,181.0,2,1650,0,0,0,0,0,0
DF,SV,28.216667,113.348333,1, ,0.0,0.0,1,2960,0,1,205,0,0,0
HM,SV,28.216667,113.348333,2, ,0.0,0.0,2.0,04.3,2,3940,0,1,205,0,0,0,0

APPTR,I18RZ,18R,LYH
IF,LYH,28.393333,113.343333, ,0.0,0.0,2,2960,0,1,205,0,1,0
TF,HA362,28.385556,113.207500,0,IWW,0.0,0.0,0.0,0.0,2,2140,0,1,170,0,1,0

FINAL,I18RZ,18R,I,3
IF,HA362,28.385556,113.207500,IWW,0.8,12.6,2,2140,0,1,170,0,0,0
CF,FI18R,28.303483,113.212683,0,IWW,0.9,7.7,181.0,4.9,1,2140,0,0,0,0,2,0
CF,RW18R,28.206225,113.218708,0,IWW,0.9,1.8,181.0,5.8,1,268,0,0,0,0,3,0
CA,0,181.0,2,1650,0,0,0,0,0,0
DF,HA365,28.297778,113.343889,1, ,0.0,0.0,1,2960,0,1,205,0,0,0
HM,HA365,28.297778,113.343889,2, ,0.0,0.0,2.0,04.3,2,3940,0,1,205,0,0,0,0

APPTR,I36LY,36L,D091M
IF,D091M,27.994233,113.363781, ,0.0,0.0,2,3940,0,1,205,0,1,0
FD,D091M,27.994233,113.363781,0,DTM,91.0,7.1,271.0,7.1,0,0,0,0,0,0,0,0
VI,2,ISV,0.0,331.0,2,2300,0,1,170,0,0,0

APPTR,I36LY,36L,D108K
IF,D108K,27.940747,113.316722, ,0.0,0.0,2,3940,0,1,205,0,1,0
CF,CI36L,27.990056,113.232036,0,ISV,180.9,13.1,307.0,5.4,2,2300,0,1,170,0,1,0

APPTR,I36LY,36L,DTM
IF,DTM,27.983333,113.125000, ,0.0,0.0,2,2960,0,1,205,0,1,0
FD,DTM,27.983333,113.125000,0,DTM,0.0,4.1,91.0,4.1,0,0,0,0,0,0,0,0
VI,0,ISV,0.0,31.0,2,2300,0,1,170,0,0,0

FINAL,I36LY,36L,I,3
IF,CI36L,27.990056,113.232036,ISV,180.9,13.1,2,2300,0,1,170,0,0,0
CF,FI36L,28.070153,113.227103,0,ISV,180.9,8.3,1.0,4.8,1,2300,0,0,0,0,2,0
CF,RW36L,28.177389,113.220489,0,ISV,180.9,1.9,1.0,6.4,1,247,0,0,0,0,3,0
FA,RW36L,28.177389,113.220489,0,DTM,0.0,0.0,1.0,2,1320,0,0,0,0,0,0
DF,SV,28.216667,113.348333,2, ,0.0,0.0,1,2960,0,1,205,0,0,0
HM,SV,28.216667,113.348333,1, ,0.0,0.0,180.0,04.3,2,3940,0,1,205,0,0,0,0

APPTR,I36LZ,36L,DTM
IF,DTM,27.983333,113.125000, ,0.0,0.0,2,2960,0,1,205,0,1,0
TF,HA372,27.990000,113.232222,0,ISV,0.0,0.0,0.0,0.0,2,2300,0,1,170,0,1,0

APPTR,I36LZ,36L,HA375
IF,HA375,27.996111,113.360833, ,0.0,0.0,2,3940,0,1,205,0,1,0
TF,HA372,27.990000,113.232222,0,ISV,0.0,0.0,0.0,0.0,2,2300,0,1,170,0,1,0

APPTR,I36LZ,36L,HA376
IF,HA376,27.940000,113.320833, ,0.0,0.0,2,3940,0,1,205,0,1,0
TF,HA372,27.990000,113.232222,0,ISV,0.0,0.0,0.0,0.0,2,2300,0,1,170,0,1,0

FINAL,I36LZ,36L,I,3
IF,HA372,27.990000,113.232222,ISV,180.8,13.1,2,2300,0,1,170,0,0,0
CF,FI36L,28.070153,113.227103,0,ISV,180.9,8.3,1.0,4.9,1,2300,0,0,0,0,2,0
CF,RW36L,28.177389,113.220489,0,ISV,180.9,1.9,1.0,6.4,1,247,0,0,0,0,3,0
FA,RW36L,28.177389,113.220489,0,DTM,0.0,0.0,1.0,2,1320,0,0,0,0,0,0
DF,HA379,28.110833,113.353889,2, ,0.0,0.0,1,2960,0,1,205,0,0,0
TF,HA375,27.996111,113.360833,0, ,0.0,0.0,0.0,0.0,1,3940,0,0,0,0,0,0
HM,HA375,27.996111,113.360833,2, ,0.0,0.0,332.0,04.3,2,3940,0,1,205,0,0,0,0

APPTR,I36RY,36R,D091M
IF,D091M,27.994233,113.363781, ,0.0,0.0,2,3940,0,1,205,0,1,0
FD,D091M,27.994233,113.363781,0,DTM,91.0,7.3,271.0,7.3,0,0,0,0,0,0,0,0
VI,2,ICR,0.0,331.0,2,2300,0,1,170,0,0,0

APPTR,I36RY,36R,D108K
IF,D108K,27.940747,113.316722, ,0.0,0.0,2,3940,0,1,205,0,1,0
CF,CI36R,27.990481,113.235772,0,ICR,180.9,13.3,307.0,5.2,2,2300,0,1,170,0,1,0

APPTR,I36RY,36R,DTM
IF,DTM,27.983333,113.125000, ,0.0,0.0,2,2960,0,1,205,0,1,0
FD,DTM,27.983333,113.125000,0,DTM,0.0,4.3,91.0,4.3,0,0,0,0,0,0,0,0
VI,0,ICR,0.0,31.0,2,2300,0,1,170,0,0,0

FINAL,I36RY,36R,I,3
IF,CI36R,27.990481,113.235772,ICR,180.9,13.3,2,2300,0,1,170,0,0,0
CF,FI36R,28.067242,113.231089,0,ICR,180.9,8.7,1.0,4.6,1,2300,0,0,0,0,2,0
CF,RW36R,28.174861,113.224511,0,ICR,180.9,2.2,1.0,6.5,1,237,0,0,0,0,3,0
CD, ,0,0,0,ICR,0,0.0,1.0,3.0,2,830,0,0,0,0,0,0
CF,D217I,28.274175,113.255944,0,LYH,217.0,8.5,37.0,3.4,2,1320,0,0,0,0,0,1
DF,SV,28.216667,113.348333,2, ,0.0,0.0,1,2960,0,1,205,0,0,0
HM,SV,28.216667,113.348333,1, ,0.0,0.0,180.0,04.3,2,3940,0,1,205,0,0,0,0

APPTR,I36RZ,36R,DTM
IF,DTM,27.983333,113.125000, ,0.0,0.0,2,2960,0,1,205,0,1,0
TF,HA374,27.990000,113.235833,0,ICR,0.0,0.0,0.0,0.0,2,2300,0,1,170,0,1,0

APPTR,I36RZ,36R,HA375
IF,HA375,27.996111,113.360833, ,0.0,0.0,2,3940,0,1,205,0,1,0
TF,HA374,27.990000,113.235833,0,ICR,0.0,0.0,0.0,0.0,2,2300,0,1,170,0,1,0

APPTR,I36RZ,36R,HA376
IF,HA376,27.940000,113.320833, ,0.0,0.0,2,3940,0,1,205,0,1,0
TF,HA374,27.990000,113.235833,0,ICR,0.0,0.0,0.0,0.0,2,2300,0,1,170,0,1,0

FINAL,I36RZ,36R,I,3
IF,HA374,27.990000,113.235833,ICR,180.9,13.3,2,2300,0,1,170,0,0,0
CF,FI36R,28.067242,113.231089,0,ICR,180.9,8.7,1.0,4.6,1,2300,0,0,0,0,2,0
CF,RW36R,28.174861,113.224511,0,ICR,180.9,2.2,1.0,6.5,1,237,0,0,0,0,3,0
CD, ,0,0,0,ICR,0,0.0,1.0,3.0,2,830,0,0,0,0,0,0
CF,D217I,28.274175,113.255944,0,LYH,217.0,8.5,37.0,3.4,2,1320,0,0,0,0,0,1
DF,HA379,28.110833,113.353889,2, ,0.0,0.0,1,2960,0,1,205,0,0,0
TF,HA375,27.996111,113.360833,0, ,0.0,0.0,0.0,0.0,2,3940,0,0,0,0,0,0
HM,HA375,27.996111,113.360833,2, ,0.0,0.0,332.0,04.3,2,3940,0,1,205,0,0,0,0

