SID,LBN1Y,01,2
CF,D008O,25.453322,110.061981,0,KWL,7.5,14.5,7.0,14.0,2,5250,0,0,0,0,0,1
CF,KWL,25.212039,110.036236,1,KWL,0.0,0.0,160.0,15.0,2,7880,0,1,230,0,0,0
TF,D205M,25.011928,109.943072,0, ,0.0,0.0,0.0,0.0,3,9850,0,0,0,0,0,0
TF,KWL29,24.765553,109.828825,0, ,0.0,0.0,0.0,0.0,0,0,0,0,0,0,0,0
TF,MOTOM,24.690000,109.793889,0, ,0.0,0.0,0.0,0.0,3,14800,0,0,0,0,0,0
TF,LBN,23.763333,109.146667,0, ,0.0,0.0,0.0,0.0,0,0,0,0,0,0,0,0

SID,LBN1Z,19,2
CD, ,0,0,0,KWL,0,0.0,187.0,8.0,2,2790,0,0,0,0,0,0
CI,0, ,0.0,235.0,0,0,0,1,230,0,0,0
CF,KWL29,24.765553,109.828825,0,KWL,205.0,29.0,205.0,18.0,0,0,0,0,0,0,0,0
TF,MOTOM,24.690000,109.793889,0, ,0.0,0.0,0.0,0.0,3,14800,0,0,0,0,0,0
TF,LBN,23.763333,109.146667,0, ,0.0,0.0,0.0,0.0,0,0,0,0,0,0,0,0

SID,LBN8Y,01,5
CF,KL415,25.295000,110.046667,0,KWL,8.5,5.0,7.0,4.0,2,1320,0,0,0,0,0,1
DF,KL418,25.007222,110.019167,2, ,0.0,0.0,2,9850,0,1,230,0,0,0
TF,KL407,24.766944,109.830278,0, ,0.0,0.0,0.0,0.0,0,0,0,0,0,0,0,0
TF,MOTOM,24.690000,109.793889,0, ,0.0,0.0,0.0,0.0,0,0,0,0,0,0,0,0
TF,LBN,23.763333,109.146667,0, ,0.0,0.0,0.0,0.0,0,0,0,0,0,0,0,0

SID,LBN9Y,01,5
CA,0,7.0,2,4600,0,0,0,0,0,0
CF,KL519,25.198889,109.983056,1,KWL,256.8,3.0,172.0,9.0,0,0,0,1,230,0,0,0
TF,KL418,25.007222,110.019167,0, ,0.0,0.0,0.0,0.0,2,9850,0,0,0,0,0,0
TF,KL407,24.766944,109.830278,0, ,0.0,0.0,0.0,0.0,0,0,0,0,0,0,0,0
TF,MOTOM,24.690000,109.793889,0, ,0.0,0.0,0.0,0.0,0,0,0,0,0,0,0,0
TF,LBN,23.763333,109.146667,0, ,0.0,0.0,0.0,0.0,0,0,0,0,0,0,0,0

SID,LBN9Z,19,5
CF,KL418,25.007222,110.019167,0,KWL,186.3,12.3,187.0,12.0,0,0,0,0,0,0,0,0
TF,KL407,24.766944,109.830278,0, ,0.0,0.0,0.0,0.0,0,0,0,0,0,0,0,0
TF,MOTOM,24.690000,109.793889,0, ,0.0,0.0,0.0,0.0,0,0,0,0,0,0,0,0
TF,LBN,23.763333,109.146667,0, ,0.0,0.0,0.0,0.0,0,0,0,0,0,0,0,0

SID,ONE1Y,01,2
CF,D008O,25.453322,110.061981,0,KWL,7.5,14.5,7.0,14.0,2,5250,0,0,0,0,0,1
CF,KWL,25.212039,110.036236,1,KWL,0.0,0.0,160.0,15.0,2,7880,0,1,230,0,0,0
TF,Y,25.171667,110.318333,0, ,0.0,0.0,0.0,0.0,4,9850,6890,0,0,0,0,0
TF,A,25.566667,110.666667,0, ,0.0,0.0,0.0,0.0,0,0,0,0,0,0,0,0
TF,ONEMI,25.751111,110.608056,0, ,0.0,0.0,0.0,0.0,0,0,0,0,0,0,0,0

SID,ONE1Z,19,2
CD, ,0,0,0,KWL,0,0.0,187.0,8.0,2,2790,0,0,0,0,0,0
CF,D231E,25.162667,109.973847,2,KWL,231.0,4.5,51.0,4.0,0,0,0,1,230,0,0,0
TF,KWL,25.212039,110.036236,0, ,0.0,0.0,0.0,0.0,0,0,0,0,0,0,0,0
TF,Y,25.171667,110.318333,0, ,0.0,0.0,0.0,0.0,4,9850,6890,0,0,0,0,0
TF,A,25.566667,110.666667,0, ,0.0,0.0,0.0,0.0,0,0,0,0,0,0,0,0
TF,ONEMI,25.751111,110.608056,0, ,0.0,0.0,0.0,0.0,0,0,0,0,0,0,0,0

SID,ONE2Y,01,2
CA,0,7.0,2,1320,0,0,0,0,0,0
VI,0, ,0.0,76.0,0,0,0,1,230,0,0,0
CF,ONEMI,25.751111,110.608056,0,KWL,45.8,44.8,46.0,38.0,0,0,0,0,0,0,0,0

SID,ONE8Y,01,5
CF,KL415,25.295000,110.046667,0,KWL,8.5,5.0,7.0,4.0,2,1320,0,0,0,0,0,1
CF,KL410,25.456944,110.570278,0,KWL,65.1,32.5,77.0,30.0,0,0,0,0,0,0,0,0
TF,A,25.566667,110.666667,0, ,0.0,0.0,0.0,0.0,0,0,0,0,0,0,0,0
TF,ONEMI,25.751111,110.608056,0, ,0.0,0.0,0.0,0.0,0,0,0,0,0,0,0,0

SID,ONE8Z,19,5
CF,KL515,25.145278,110.032222,0,KWL,185.1,4.0,187.0,4.0,2,1320,0,0,0,0,0,1
DF,Y,25.171667,110.318333,1, ,0.0,0.0,4,9850,6890,1,230,0,0,0
TF,A,25.566667,110.666667,0, ,0.0,0.0,0.0,0.0,0,0,0,0,0,0,0,0
TF,ONEMI,25.751111,110.608056,0, ,0.0,0.0,0.0,0.0,0,0,0,0,0,0,0,0

SID,ONE9Y,01,5
CA,0,7.0,2,4600,0,0,0,0,0,0
DF,KL419,25.194722,110.036944,1, ,0.0,0.0,4,9850,6890,1,230,0,0,0
TF,Y,25.171667,110.318333,0, ,0.0,0.0,0.0,0.0,4,9850,6890,0,0,0,0,0
TF,KL410,25.456944,110.570278,0, ,0.0,0.0,0.0,0.0,0,0,0,0,0,0,0,0
TF,A,25.566667,110.666667,0, ,0.0,0.0,0.0,0.0,0,0,0,0,0,0,0,0
TF,ONEMI,25.751111,110.608056,0, ,0.0,0.0,0.0,0.0,0,0,0,0,0,0,0,0

SID,ONE9Z,19,5
CA,0,187.0,2,2790,0,0,0,0,0,0
DF,KL419,25.194722,110.036944,2, ,0.0,0.0,0,0,0,1,230,0,0,0
TF,Y,25.171667,110.318333,0, ,0.0,0.0,0.0,0.0,4,9850,6890,0,0,0,0,0
TF,A,25.566667,110.666667,0, ,0.0,0.0,0.0,0.0,0,0,0,0,0,0,0,0
TF,ONEMI,25.751111,110.608056,0, ,0.0,0.0,0.0,0.0,0,0,0,0,0,0,0,0

SID,QP1Y,01,2
CF,D008O,25.453322,110.061981,0,KWL,7.5,14.5,7.0,14.0,2,5250,0,0,0,0,0,1
CF,KWL,25.212039,110.036236,1,KWL,0.0,0.0,160.0,15.0,2,7880,0,1,230,0,0,0
TF,Y,25.171667,110.318333,0, ,0.0,0.0,0.0,0.0,4,9850,6890,0,0,0,0,0
TF,QP,24.670000,110.776667,0, ,0.0,0.0,0.0,0.0,2,14800,0,0,0,0,0,0

SID,QP1Z,19,2
CD, ,0,0,0,KWL,0,0.0,187.0,8.0,2,2790,0,0,0,0,0,0
CF,D231E,25.162667,109.973847,2,KWL,231.0,4.5,51.0,4.0,0,0,0,1,230,0,0,0
TF,KWL,25.212039,110.036236,0, ,0.0,0.0,0.0,0.0,0,0,0,0,0,0,0,0
TF,Y,25.171667,110.318333,0, ,0.0,0.0,0.0,0.0,4,9850,6890,0,0,0,0,0
TF,QP,24.670000,110.776667,0, ,0.0,0.0,0.0,0.0,2,14800,0,0,0,0,0,0

SID,QP8Y,01,5
CF,KL415,25.295000,110.046667,0,KWL,8.5,5.0,7.0,4.0,2,1320,0,0,0,0,0,1
CF,Y,25.171667,110.318333,2,KWL,100.9,15.5,137.0,14.0,4,9850,6890,1,230,0,0,0
TF,QP,24.670000,110.776667,0, ,0.0,0.0,0.0,0.0,2,14800,0,0,0,0,0,0

SID,QP8Z,19,5
CF,KL418,25.007222,110.019167,0,KWL,186.3,12.3,187.0,12.0,0,0,0,0,0,0,0,0
TF,B,24.675000,110.470000,0, ,0.0,0.0,0.0,0.0,0,0,0,0,0,0,0,0
TF,QP,24.670000,110.776667,0, ,0.0,0.0,0.0,0.0,2,14800,0,0,0,0,0,0

SID,QP9Y,01,5
CA,0,7.0,2,4600,0,0,0,0,0,0
DF,KL419,25.194722,110.036944,1, ,0.0,0.0,4,9850,6890,1,230,0,0,0
TF,Y,25.171667,110.318333,0, ,0.0,0.0,0.0,0.0,4,9850,6890,0,0,0,0,0
TF,QP,24.670000,110.776667,0, ,0.0,0.0,0.0,0.0,2,14800,0,0,0,0,0,0

SID,QP9Z,19,5
CA,0,187.0,2,2790,0,0,0,0,0,0
DF,KL419,25.194722,110.036944,2, ,0.0,0.0,0,0,0,1,230,0,0,0
TF,Y,25.171667,110.318333,0, ,0.0,0.0,0.0,0.0,4,9850,6890,0,0,0,0,0
TF,QP,24.670000,110.776667,0, ,0.0,0.0,0.0,0.0,2,14800,0,0,0,0,0,0

SID,SJG1Y,01,2
CF,D008O,25.453322,110.061981,0,SJG,130.2,31.2,7.0,14.0,2,5250,0,0,0,0,0,1
CI,0, ,0.0,284.0,0,0,0,1,230,0,0,0
CF,SJG,25.776667,109.610000,0,KWL,327.7,40.9,314.0,26.0,2,15700,0,0,0,0,0,0

SID,SJG1Z,19,2
CD, ,0,0,0,KWL,0,0.0,187.0,8.0,2,2790,0,0,0,0,0,0
CF,D231E,25.162667,109.973847,2,KWL,231.0,4.5,51.0,4.0,0,0,0,1,230,0,0,0
TF,KWL,25.212039,110.036236,0, ,0.0,0.0,0.0,0.0,0,0,0,0,0,0,0,0
TF,D008L,25.406569,110.058747,0, ,0.0,0.0,0.0,0.0,4,9850,6890,0,0,0,0,0
TF,SJG,25.776667,109.610000,0, ,0.0,0.0,0.0,0.0,2,15700,0,0,0,0,0,0

SID,SJG2Z,19,2
CD, ,0,0,0,KWL,0,0.0,187.0,8.0,2,2790,0,0,0,0,0,0
CF,D231E,25.162667,109.973847,2,KWL,231.0,4.5,51.0,4.0,0,0,0,1,230,0,0,1
CF,C,25.488333,109.693333,1,KWL,313.6,24.9,314.0,22.0,0,0,0,0,0,0,0,0
TF,SJG,25.776667,109.610000,0, ,0.0,0.0,0.0,0.0,2,15700,0,0,0,0,0,0

SID,SJG8Z,19,5
CA,0,187.0,2,2790,0,0,0,0,0,0
DF,KL516,25.323611,109.788611,2, ,0.0,0.0,0,0,0,1,230,0,0,0
TF,C,25.488333,109.693333,0, ,0.0,0.0,0.0,0.0,0,0,0,0,0,0,0,0
TF,SJG,25.776667,109.610000,0, ,0.0,0.0,0.0,0.0,2,15700,0,0,0,0,0,0

SID,SJG9Y,01,5
CA,0,7.0,2,4600,0,0,0,0,0,0
DF,KL416,25.520000,109.920556,1, ,0.0,0.0,0,0,0,1,230,0,0,0
TF,SJG,25.776667,109.610000,0, ,0.0,0.0,0.0,0.0,2,15700,0,0,0,0,0,0

SID,SJG9Z,19,5
CA,0,187.0,2,2790,0,0,0,0,0,0
DF,KL512,25.406667,110.057500,2, ,0.0,0.0,0,0,0,1,230,0,0,0
TF,SJG,25.776667,109.610000,0, ,0.0,0.0,0.0,0.0,2,15700,0,0,0,0,0,0

STAR,LBN1W,01,2
IF,LBN,23.763333,109.146667, ,0.0,0.0,0,0,0,0,0,0,0,0
TF,MOTOM,24.690000,109.793889,0, ,0.0,0.0,0.0,0.0,3,14800,0,0,0,0,0,0
TF,KWL29,24.765553,109.828825,0, ,0.0,0.0,0.0,0.0,0,0,0,0,0,0,0,0
TF,D205M,25.011928,109.943072,0, ,0.0,0.0,0.0,0.0,3,9850,0,0,0,0,0,0
TF,KWL,25.212039,110.036236,0, ,0.0,0.0,0.0,0.0,2,6890,0,1,205,0,0,0

STAR,LBN1X,19,2
IF,LBN,23.763333,109.146667, ,0.0,0.0,0,0,0,0,0,0,0,0
TF,MOTOM,24.690000,109.793889,0, ,0.0,0.0,0.0,0.0,3,14800,0,0,0,0,0,0
TF,KWL29,24.765553,109.828825,0, ,0.0,0.0,0.0,0.0,0,0,0,0,0,0,0,0
TF,D205M,25.011928,109.943072,0, ,0.0,0.0,0.0,0.0,3,9850,0,0,0,0,0,0
TF,KWL,25.212039,110.036236,0, ,0.0,0.0,0.0,0.0,0,0,0,0,0,0,0,0
TF,D343S,25.518656,109.919869,0, ,0.0,0.0,0.0,0.0,2,7880,0,1,205,0,0,0

STAR,LBN2X,19,2
IF,LBN,23.763333,109.146667, ,0.0,0.0,0,0,0,0,0,0,0,0
TF,MOTOM,24.690000,109.793889,0, ,0.0,0.0,0.0,0.0,3,14800,0,0,0,0,0,0
TF,KWL29,24.765553,109.828825,0, ,0.0,0.0,0.0,0.0,0,0,0,0,0,0,0,0
TF,D205M,25.011928,109.943072,0, ,0.0,0.0,0.0,0.0,3,9850,0,0,0,0,0,0
TF,KWL,25.212039,110.036236,0, ,0.0,0.0,0.0,0.0,2,5910,0,1,205,0,0,0

STAR,LBN8X,19,5
IF,LBN,23.763333,109.146667, ,0.0,0.0,0,0,0,0,0,0,0,0
TF,MOTOM,24.690000,109.793889,0, ,0.0,0.0,0.0,0.0,3,14800,0,0,0,0,0,0
TF,KL407,24.766944,109.830278,0, ,0.0,0.0,0.0,0.0,0,0,0,0,0,0,0,0
TF,KL511,24.892222,109.928611,0, ,0.0,0.0,0.0,0.0,0,0,0,0,0,0,0,0
TF,KL510,25.156389,110.113056,0, ,0.0,0.0,0.0,0.0,0,0,0,0,0,0,0,0
TF,KL508,25.491389,110.145556,0, ,0.0,0.0,0.0,0.0,2,5910,0,1,205,0,0,0

STAR,LBN9W,01,5
IF,LBN,23.763333,109.146667, ,0.0,0.0,0,0,0,0,0,0,0,0
TF,MOTOM,24.690000,109.793889,0, ,0.0,0.0,0.0,0.0,3,14800,0,0,0,0,0,0
TF,KL407,24.766944,109.830278,0, ,0.0,0.0,0.0,0.0,0,0,0,0,0,0,0,0
TF,KL405,24.753889,109.994722,0, ,0.0,0.0,0.0,0.0,0,0,0,0,0,0,0,0
TF,KL403,24.879444,110.006944,0, ,0.0,0.0,0.0,0.0,2,5910,0,1,205,0,0,0

STAR,LBN9X,19,5
IF,LBN,23.763333,109.146667, ,0.0,0.0,0,0,0,0,0,0,0,0
TF,MOTOM,24.690000,109.793889,0, ,0.0,0.0,0.0,0.0,3,14800,0,0,0,0,0,0
TF,KL407,24.766944,109.830278,0, ,0.0,0.0,0.0,0.0,0,0,0,0,0,0,0,0
TF,KL511,24.892222,109.928611,0, ,0.0,0.0,0.0,0.0,0,0,0,0,0,0,0,0
TF,KL513,25.412778,109.978333,0, ,0.0,0.0,0.0,0.0,0,0,0,0,0,0,0,0
TF,KL504,25.504167,109.986944,0, ,0.0,0.0,0.0,0.0,2,5910,0,1,205,0,0,0

STAR,ONE1W,01,2
IF,ONEMI,25.751111,110.608056, ,0.0,0.0,0,0,0,0,0,0,0,0
TF,A,25.566667,110.666667,0, ,0.0,0.0,0.0,0.0,0,0,0,0,0,0,0,0
TF,Y,25.171667,110.318333,0, ,0.0,0.0,0.0,0.0,4,9850,6890,0,0,0,0,0
TF,KWL,25.212039,110.036236,0, ,0.0,0.0,0.0,0.0,2,6890,0,1,205,0,0,0

STAR,ONE1X,19,2
IF,ONEMI,25.751111,110.608056, ,0.0,0.0,0,0,0,0,0,0,0,0
TF,A,25.566667,110.666667,0, ,0.0,0.0,0.0,0.0,0,0,0,0,0,0,0,0
TF,Y,25.171667,110.318333,0, ,0.0,0.0,0.0,0.0,4,9850,6890,0,0,0,0,0
TF,KWL,25.212039,110.036236,0, ,0.0,0.0,0.0,0.0,0,0,0,0,0,0,0,0
TF,D343S,25.518656,109.919869,0, ,0.0,0.0,0.0,0.0,2,7880,0,1,205,0,0,0

STAR,ONE2W,01,2
IF,ONEMI,25.751111,110.608056, ,0.0,0.0,0,0,0,0,0,0,0,0
TF,VQ,25.561667,110.476667,0, ,0.0,0.0,0.0,0.0,2,13800,0,0,0,0,0,0
TF,KWL,25.212039,110.036236,0, ,0.0,0.0,0.0,0.0,2,6890,0,1,205,0,0,0

STAR,ONE2X,19,2
IF,ONEMI,25.751111,110.608056, ,0.0,0.0,0,0,0,0,0,0,0,0
TF,VQ,25.561667,110.476667,0, ,0.0,0.0,0.0,0.0,2,13800,0,0,0,0,0,0
TF,D025U,25.539747,110.189594,0, ,0.0,0.0,0.0,0.0,2,7880,0,1,205,0,0,0

STAR,ONE6W,01,5
IF,ONEMI,25.751111,110.608056, ,0.0,0.0,2,13800,0,0,0,0,0,0
TF,VQ,25.561667,110.476667,0, ,0.0,0.0,0.0,0.0,0,0,0,0,0,0,0,0
TF,KL409,25.282500,110.125278,0, ,0.0,0.0,0.0,0.0,0,0,0,0,0,0,0,0
TF,KL412,25.001111,110.098056,0, ,0.0,0.0,0.0,0.0,0,0,0,0,0,0,0,0
TF,KL414,24.873056,110.085556,0, ,0.0,0.0,0.0,0.0,0,0,0,0,0,0,0,0
TF,KL403,24.879444,110.006944,0, ,0.0,0.0,0.0,0.0,2,5910,0,1,205,0,0,0

STAR,ONE7W,01,5
IF,ONEMI,25.751111,110.608056, ,0.0,0.0,2,13800,0,0,0,0,0,0
TF,VQ,25.561667,110.476667,0, ,0.0,0.0,0.0,0.0,0,0,0,0,0,0,0,0
TF,KL409,25.282500,110.125278,0, ,0.0,0.0,0.0,0.0,0,0,0,0,0,0,0,0
TF,KL412,25.001111,110.098056,0, ,0.0,0.0,0.0,0.0,2,4930,0,1,205,0,0,0

STAR,ONE8W,01,5
IF,ONEMI,25.751111,110.608056, ,0.0,0.0,2,13800,0,0,0,0,0,0
TF,KL413,25.689167,110.628056,0, ,0.0,0.0,0.0,0.0,0,0,0,0,0,0,0,0
TF,A,25.566667,110.666667,0, ,0.0,0.0,0.0,0.0,0,0,0,0,0,0,0,0
TF,KL410,25.456944,110.570278,0, ,0.0,0.0,0.0,0.0,0,0,0,0,0,0,0,0
TF,Y,25.171667,110.318333,0, ,0.0,0.0,0.0,0.0,4,9850,6890,0,0,0,0,0
TF,KL411,25.108889,110.108333,0, ,0.0,0.0,0.0,0.0,0,0,0,0,0,0,0,0
TF,KL406,25.014444,109.930278,0, ,0.0,0.0,0.0,0.0,0,0,0,0,0,0,0,0
TF,KL404,24.886389,109.918056,0, ,0.0,0.0,0.0,0.0,0,0,0,0,0,0,0,0
TF,KL403,24.879444,110.006944,0, ,0.0,0.0,0.0,0.0,2,5910,0,1,205,0,0,0

STAR,ONE8X,19,5
IF,ONEMI,25.751111,110.608056, ,0.0,0.0,2,13800,0,0,0,0,0,0
TF,VQ,25.561667,110.476667,0, ,0.0,0.0,0.0,0.0,0,0,0,0,0,0,0,0
TF,KL508,25.491389,110.145556,0, ,0.0,0.0,0.0,0.0,2,5910,0,1,205,0,0,0

STAR,ONE9W,01,5
IF,ONEMI,25.751111,110.608056, ,0.0,0.0,2,13800,0,0,0,0,0,0
TF,KL413,25.689167,110.628056,0, ,0.0,0.0,0.0,0.0,0,0,0,0,0,0,0,0
TF,A,25.566667,110.666667,0, ,0.0,0.0,0.0,0.0,0,0,0,0,0,0,0,0
TF,KL410,25.456944,110.570278,0, ,0.0,0.0,0.0,0.0,0,0,0,0,0,0,0,0
TF,Y,25.171667,110.318333,0, ,0.0,0.0,0.0,0.0,4,9850,6890,0,0,0,0,0
TF,KL420,25.139167,110.212222,0, ,0.0,0.0,0.0,0.0,0,0,0,1,205,0,0,0
TF,KL411,25.108889,110.108333,0, ,0.0,0.0,0.0,0.0,2,6890,0,0,0,0,0,0
TF,KL412,25.001111,110.098056,0, ,0.0,0.0,0.0,0.0,2,4930,0,1,205,0,0,0

STAR,ONE9X,19,5
IF,ONEMI,25.751111,110.608056, ,0.0,0.0,2,13800,0,0,0,0,0,0
TF,KL413,25.689167,110.628056,0, ,0.0,0.0,0.0,0.0,0,0,0,0,0,0,0,0
TF,A,25.566667,110.666667,0, ,0.0,0.0,0.0,0.0,0,0,0,0,0,0,0,0
TF,KL410,25.456944,110.570278,0, ,0.0,0.0,0.0,0.0,0,0,0,0,0,0,0,0
TF,Y,25.171667,110.318333,0, ,0.0,0.0,0.0,0.0,4,9850,6890,0,0,0,0,0
TF,KL509,25.306944,110.127500,0, ,0.0,0.0,0.0,0.0,2,6890,0,0,0,0,0,0
TF,KL513,25.412778,109.978333,0, ,0.0,0.0,0.0,0.0,0,0,0,0,0,0,0,0
TF,KL504,25.504167,109.986944,0, ,0.0,0.0,0.0,0.0,2,5910,0,1,205,0,0,0

STAR,QP1W,01,2
IF,QP,24.670000,110.776667, ,0.0,0.0,2,15700,0,0,0,0,0,0
TF,Y,25.171667,110.318333,0, ,0.0,0.0,0.0,0.0,4,9850,6890,0,0,0,0,0
TF,KWL,25.212039,110.036236,0, ,0.0,0.0,0.0,0.0,2,6890,0,1,205,0,0,0

STAR,QP1X,19,2
IF,QP,24.670000,110.776667, ,0.0,0.0,2,15700,0,0,0,0,0,0
TF,Y,25.171667,110.318333,0, ,0.0,0.0,0.0,0.0,4,9850,6890,0,0,0,0,0
TF,KWL,25.212039,110.036236,0, ,0.0,0.0,0.0,0.0,0,0,0,0,0,0,0,0
TF,D343S,25.518656,109.919869,0, ,0.0,0.0,0.0,0.0,2,7880,0,1,205,0,0,0

STAR,QP2X,19,2
IF,QP,24.670000,110.776667, ,0.0,0.0,2,15700,0,0,0,0,0,0
TF,Y,25.171667,110.318333,0, ,0.0,0.0,0.0,0.0,4,9850,6890,0,0,0,0,0
TF,KWL,25.212039,110.036236,0, ,0.0,0.0,0.0,0.0,2,5910,0,1,205,0,0,0

STAR,QP7W,01,5
IF,QP,24.670000,110.776667, ,0.0,0.0,2,15700,0,0,0,0,0,0
TF,B,24.675000,110.470000,0, ,0.0,0.0,0.0,0.0,0,0,0,0,0,0,0,0
TF,KL403,24.879444,110.006944,0, ,0.0,0.0,0.0,0.0,2,5910,0,1,205,0,0,0

STAR,QP8W,01,5
IF,QP,24.670000,110.776667, ,0.0,0.0,2,15700,0,0,0,0,0,0
TF,Y,25.171667,110.318333,0, ,0.0,0.0,0.0,0.0,4,9850,6890,0,0,0,0,0
TF,KL411,25.108889,110.108333,0, ,0.0,0.0,0.0,0.0,0,0,0,0,0,0,0,0
TF,KL406,25.014444,109.930278,0, ,0.0,0.0,0.0,0.0,0,0,0,0,0,0,0,0
TF,KL404,24.886389,109.918056,0, ,0.0,0.0,0.0,0.0,0,0,0,0,0,0,0,0
TF,KL403,24.879444,110.006944,0, ,0.0,0.0,0.0,0.0,2,5910,0,1,205,0,0,0

STAR,QP8X,19,5
IF,QP,24.670000,110.776667, ,0.0,0.0,2,15700,0,0,0,0,0,0
TF,KL510,25.156389,110.113056,0, ,0.0,0.0,0.0,0.0,0,0,0,0,0,0,0,0
TF,KL508,25.491389,110.145556,0, ,0.0,0.0,0.0,0.0,2,5910,0,1,205,0,0,0

STAR,QP9W,01,5
IF,QP,24.670000,110.776667, ,0.0,0.0,2,15700,0,0,0,0,0,0
TF,Y,25.171667,110.318333,0, ,0.0,0.0,0.0,0.0,4,9850,6890,0,0,0,0,0
TF,KL420,25.139167,110.212222,0, ,0.0,0.0,0.0,0.0,0,0,0,1,205,0,0,0
TF,KL411,25.108889,110.108333,0, ,0.0,0.0,0.0,0.0,2,6890,0,0,0,0,0,0
TF,KL412,25.001111,110.098056,0, ,0.0,0.0,0.0,0.0,2,4930,0,1,205,0,0,0

STAR,QP9X,19,5
IF,QP,24.670000,110.776667, ,0.0,0.0,2,15700,0,0,0,0,0,0
TF,Y,25.171667,110.318333,0, ,0.0,0.0,0.0,0.0,4,9850,6890,0,0,0,0,0
TF,KL509,25.306944,110.127500,0, ,0.0,0.0,0.0,0.0,2,6890,0,0,0,0,0,0
TF,KL513,25.412778,109.978333,0, ,0.0,0.0,0.0,0.0,0,0,0,0,0,0,0,0
TF,KL504,25.504167,109.986944,0, ,0.0,0.0,0.0,0.0,2,5910,0,1,205,0,0,0

STAR,SJG1W,01,2
IF,SJG,25.776667,109.610000, ,0.0,0.0,2,14800,0,0,0,0,0,0
TF,D008L,25.406569,110.058747,0, ,0.0,0.0,0.0,0.0,2,7880,0,0,0,0,0,0
TF,KWL,25.212039,110.036236,0, ,0.0,0.0,0.0,0.0,2,6890,0,1,205,0,0,0

STAR,SJG1X,19,2
IF,SJG,25.776667,109.610000, ,0.0,0.0,2,14800,0,0,0,0,0,0
TF,D343S,25.518656,109.919869,0, ,0.0,0.0,0.0,0.0,2,7880,0,1,205,0,0,0

STAR,SJG2W,01,2
IF,SJG,25.776667,109.610000, ,0.0,0.0,2,14800,0,0,0,0,0,0
TF,C,25.488333,109.693333,0, ,0.0,0.0,0.0,0.0,0,0,0,0,0,0,0,0
TF,KWL,25.212039,110.036236,0, ,0.0,0.0,0.0,0.0,2,6890,0,1,205,0,0,0

STAR,SJG8W,01,5
IF,SJG,25.776667,109.610000, ,0.0,0.0,2,14800,0,0,0,0,0,0
TF,C,25.488333,109.693333,0, ,0.0,0.0,0.0,0.0,0,0,0,0,0,0,0,0
TF,KL406,25.014444,109.930278,0, ,0.0,0.0,0.0,0.0,0,0,0,0,0,0,0,0
TF,KL404,24.886389,109.918056,0, ,0.0,0.0,0.0,0.0,0,0,0,0,0,0,0,0
TF,KL403,24.879444,110.006944,0, ,0.0,0.0,0.0,0.0,2,5910,0,1,205,0,0,0

STAR,SJG8X,19,5
IF,SJG,25.776667,109.610000, ,0.0,0.0,2,14800,0,0,0,0,0,0
TF,KL506,25.640278,109.773611,0, ,0.0,0.0,0.0,0.0,0,0,0,0,0,0,0,0
TF,KL518,25.624444,109.973056,0, ,0.0,0.0,0.0,0.0,2,7880,0,0,0,0,0,0
TF,KL507,25.616111,110.077778,0, ,0.0,0.0,0.0,0.0,2,6890,0,1,205,0,0,0

STAR,SJG9W,01,5
IF,SJG,25.776667,109.610000, ,0.0,0.0,2,14800,0,0,0,0,0,0
TF,KL408,25.475833,109.974444,0, ,0.0,0.0,0.0,0.0,2,7880,0,0,0,0,0,0
TF,KL406,25.014444,109.930278,0, ,0.0,0.0,0.0,0.0,0,0,0,0,0,0,0,0
TF,KL404,24.886389,109.918056,0, ,0.0,0.0,0.0,0.0,0,0,0,0,0,0,0,0
TF,KL403,24.879444,110.006944,0, ,0.0,0.0,0.0,0.0,2,5910,0,1,205,0,0,0

STAR,SJG9X,19,5
IF,SJG,25.776667,109.610000, ,0.0,0.0,2,14800,0,0,0,0,0,0
TF,KL506,25.640278,109.773611,0, ,0.0,0.0,0.0,0.0,0,0,0,0,0,0,0,0
TF,KL505,25.546944,109.965833,0, ,0.0,0.0,0.0,0.0,2,7220,0,1,205,0,0,0

APPTR,D01,01,KWL1
IF,KWL,25.212039,110.036236, ,0.0,0.0,2,6890,0,1,205,0,1,0
FD,KWL,25.212039,110.036236,0,KWL,0.0,11.2,164.0,11.2,2,3940,0,0,0,0,0,0
CF,CD01,25.024900,110.043408,2,KWL,180.0,11.2,360.0,1.0,2,3940,0,0,0,0,1,0

APPTR,D01,01,KWL2
IF,KWL,25.212039,110.036236, ,0.0,0.0,2,6890,0,1,205,0,1,0
FD,KWL,25.212039,110.036236,0,KWL,0.0,11.2,172.0,11.2,2,3940,0,0,0,0,0,0
CF,CD01,25.024900,110.043408,2,KWL,180.0,11.2,360.0,1.0,2,3940,0,0,0,0,1,0

FINAL,D01,01,D,4
IF,CD01,25.024900,110.043408,KWL,180.0,11.2,2,3940,0,0,0,0,0,0
CF,FD01,25.075028,110.041489,0,KWL,180.0,8.2,360.0,3.0,2,3120,0,0,0,0,2,0
CF,36VOR,25.151886,110.038542,0,KWL,180.0,3.6,360.0,4.6,2,1650,0,0,0,0,0,0
CF,MD01,25.171936,110.037772,0,KWL,180.0,2.4,360.0,1.2,1,1266,0,0,0,0,3,0
FA,MD01,25.171936,110.037772,0,KWL,0.0,0.0,360.0,2,2790,0,0,0,0,0,0
DF,KWL,25.212039,110.036236,2, ,0.0,0.0,1,5910,0,1,205,0,0,0

APPTR,D19,19,D025U
IF,D025U,25.539747,110.189594, ,0.0,0.0,2,7880,0,1,205,0,1,0
CR,0,KWL,14.0,267.0,0,0,0,0,0,0,0,0
CF,D010Q,25.500097,110.080844,0,KWL,10.0,17.4,190.0,2.0,2,5090,0,0,0,0,1,0
CF,FD19,25.407392,110.066464,0,KWL,10.0,11.8,190.0,5.6,2,3940,0,0,0,0,0,0

APPTR,D19,19,D343S
IF,D343S,25.518656,109.919869, ,0.0,0.0,2,7880,0,1,205,0,1,0
CR,0,KWL,353.0,87.0,2,7220,0,0,0,0,0,0
CR,0,KWL,5.0,87.0,2,5910,0,0,0,0,0,0
CF,D010Q,25.500097,110.080844,2,KWL,10.0,17.4,190.0,2.0,2,5090,0,0,0,0,1,0
CF,FD19,25.407392,110.066464,0,KWL,10.0,11.8,190.0,5.6,2,3940,0,0,0,0,0,0

APPTR,D19,19,KWL1
IF,KWL,25.212039,110.036236, ,0.0,0.0,2,5910,0,1,205,0,1,0
FD,KWL,25.212039,110.036236,0,KWL,0.0,11.8,25.0,11.8,2,3940,0,0,0,0,0,0
CF,FD19,25.407392,110.066464,1,KWL,10.0,11.8,190.0,1.0,2,3940,0,0,0,0,0,0

APPTR,D19,19,KWL2
IF,KWL,25.212039,110.036236, ,0.0,0.0,2,5910,0,1,205,0,1,0
FD,KWL,25.212039,110.036236,0,KWL,0.0,11.8,18.0,11.8,2,3940,0,0,0,0,0,0
CF,FD19,25.407392,110.066464,1,KWL,10.0,11.8,190.0,1.0,2,3940,0,0,0,0,0,0

FINAL,D19,19,D,4
IF,FD19,25.407392,110.066464,KWL,10.0,11.8,2,3940,0,0,0,0,2,0
CF,66VOR,25.321306,110.053131,0,KWL,10.0,6.6,190.0,5.2,2,2300,0,0,0,0,0,0
CF,46VOR,25.288194,110.048008,0,KWL,10.0,4.6,190.0,2.0,2,1650,0,0,0,0,0,0
CF,MD19,25.268328,110.044936,0,KWL,10.0,3.4,190.0,1.2,1,1269,0,0,0,0,3,0
FA,MD19,25.268328,110.044936,0,KWL,0.0,0.0,190.0,2,2960,0,0,0,0,0,0
DF,KWL,25.212039,110.036236,1, ,0.0,0.0,0,0,0,1,205,0,0,0
TF,D343S,25.518656,109.919869,0, ,0.0,0.0,0.0,0.0,1,7880,0,0,0,0,0,0
HM,D343S,25.518656,109.919869,1, ,0.0,0.0,87.0,04.3,2,7880,0,1,205,0,0,0,0

APPTR,I01-Y,01,KWL1
IF,KWL,25.212039,110.036236, ,0.0,0.0,2,6890,0,1,205,0,1,0
FD,KWL,25.212039,110.036236,0,KWL,0.0,12.3,172.0,12.3,0,0,0,0,0,0,0,0
CF,CI01,25.007147,110.019097,2,IJJ,187.0,13.8,7.0,1.0,2,3940,0,0,0,0,1,0

APPTR,I01-Y,01,KWL2
IF,KWL,25.212039,110.036236, ,0.0,0.0,2,6890,0,1,205,0,1,0
FD,KWL,25.212039,110.036236,0,KWL,0.0,12.3,179.0,12.3,0,0,0,0,0,0,0,0
CF,CI01,25.007147,110.019097,2,IJJ,187.0,13.8,7.0,1.0,2,3940,0,0,0,0,1,0

FINAL,I01-Y,01,I,3
IF,CI01,25.007147,110.019097,IJJ,187.0,13.8,2,3940,0,0,0,0,0,0
CF,FI01,25.075436,110.025631,0,IJJ,187.0,9.7,7.0,4.1,1,3120,0,0,0,0,2,0
CF,RW01,25.205550,110.038106,0,IJJ,187.0,1.9,7.0,7.8,1,626,0,0,0,0,3,0
FA,RW01,25.205550,110.038106,0,KWL,0.0,0.0,7.0,2,1810,0,0,0,0,0,0
DF,KWL,25.212039,110.036236,2, ,0.0,0.0,2,3940,0,1,205,0,0,0
HM,KWL,25.212039,110.036236,2, ,0.0,0.0,172.0,04.3,2,6890,0,1,205,0,0,0,0

APPTR,I01-Z,01,KL403
IF,KL403,24.879444,110.006944, ,0.0,0.0,2,5910,0,1,205,0,1,0
TF,KL417,24.935278,110.012222,0, ,0.0,0.0,0.0,0.0,0,0,0,0,0,0,0,0
TF,KL418,25.007222,110.019167,0,IJJ,0.0,0.0,0.0,0.0,2,3940,0,0,0,0,1,0

APPTR,I01-Z,01,KL412
IF,KL412,25.001111,110.098056, ,0.0,0.0,2,4930,0,1,205,0,1,0
TF,KL418,25.007222,110.019167,0,IJJ,0.0,0.0,0.0,0.0,2,3940,0,0,0,0,1,0

FINAL,I01-Z,01,I,3
IF,KL418,25.007222,110.019167,IJJ,187.0,13.8,2,3940,0,0,0,0,0,0
CF,FI01,25.075436,110.025631,0,IJJ,187.0,9.7,7.0,4.1,1,3120,0,0,0,0,2,0
CF,RW01,25.205550,110.038106,0,IJJ,187.0,1.9,7.0,7.8,1,626,0,0,0,0,3,0
CF,KL415,25.295000,110.046667,0,KWL,8.5,5.0,7.0,5.4,0,0,0,0,0,0,0,1
CF,KL412,25.001111,110.098056,2,KWL,167.1,13.1,187.0,17.0,1,4930,0,1,205,0,0,0
HM,KL412,25.001111,110.098056,2, ,0.0,0.0,187.0,04.3,2,5910,0,1,205,0,0,0,0

APPTR,I19-Y,19,D025U
IF,D025U,25.539747,110.189594, ,0.0,0.0,2,7880,0,1,205,0,1,0
CR,0,KWL,11.0,267.0,0,0,0,0,0,0,0,0
CF,CI19,25.497836,110.066269,0,IPA,7.0,17.7,187.0,2.0,2,5090,0,0,0,0,1,0

APPTR,I19-Y,19,D343S
IF,D343S,25.518656,109.919869, ,0.0,0.0,2,7880,0,1,205,0,1,0
CR,0,KWL,351.0,87.0,2,7220,0,0,0,0,0,0
CR,0,KWL,2.0,87.0,0,0,0,0,0,0,0,0
CF,CI19,25.497836,110.066269,2,IPA,7.0,17.7,187.0,2.0,2,5090,0,0,0,0,1,0

APPTR,I19-Y,19,KWL1
IF,KWL,25.212039,110.036236, ,0.0,0.0,2,5910,0,1,205,0,1,0
FD,KWL,25.212039,110.036236,0,KWL,0.0,17.2,18.0,17.2,0,0,0,0,0,0,0,0
CF,CI19,25.497836,110.066269,1,IPA,7.0,17.7,187.0,1.0,2,5090,0,0,0,0,1,0

APPTR,I19-Y,19,KWL2
IF,KWL,25.212039,110.036236, ,0.0,0.0,2,5910,0,1,205,0,1,0
FD,KWL,25.212039,110.036236,0,KWL,0.0,17.2,13.0,17.2,0,0,0,0,0,0,0,0
CF,CI19,25.497836,110.066269,1,IPA,7.0,17.7,187.0,1.0,2,5090,0,0,0,0,1,0

FINAL,I19-Y,19,I,3
IF,CI19,25.497836,110.066269,IPA,7.0,17.7,2,5090,0,0,0,0,0,0
CF,FF19,25.424558,110.059194,0,IPA,7.0,13.3,187.0,4.4,1,4270,0,0,0,0,2,0
CF,RW19,25.234322,110.040864,0,IPA,7.0,1.9,187.0,11.4,1,616,0,0,0,0,3,0
FD,RW19,25.234322,110.040864,0,KWL,12.7,9.0,187.0,9.0,2,2140,0,0,0,0,0,0
DF,KWL,25.212039,110.036236,1, ,0.0,0.0,0,0,0,1,205,0,0,0
TF,D343S,25.518656,109.919869,0, ,0.0,0.0,0.0,0.0,1,7880,0,0,0,0,0,0
HM,D343S,25.518656,109.919869,1, ,0.0,0.0,87.0,04.3,2,7880,0,1,205,0,0,0,0

APPTR,I19-Z,19,KL504
IF,KL504,25.504167,109.986944, ,0.0,0.0,2,5910,0,1,205,0,1,0
TF,KL503,25.497778,110.066389,0,IPA,0.0,0.0,0.0,0.0,2,5090,0,0,0,0,1,0

APPTR,I19-Z,19,KL505
IF,KL505,25.546944,109.965833, ,0.0,0.0,2,7220,0,1,205,0,1,0
TF,KL503,25.497778,110.066389,0,IPA,0.0,0.0,0.0,0.0,2,5090,0,0,0,0,1,0

APPTR,I19-Z,19,KL507
IF,KL507,25.616111,110.077778, ,0.0,0.0,2,6890,0,1,205,0,1,0
TF,KL503,25.497778,110.066389,0,IPA,0.0,0.0,0.0,0.0,2,5090,0,0,0,0,1,0

APPTR,I19-Z,19,KL508
IF,KL508,25.491389,110.145556, ,0.0,0.0,2,5910,0,1,205,0,1,0
TF,KL503,25.497778,110.066389,0,IPA,0.0,0.0,0.0,0.0,2,5090,0,0,0,0,1,0

FINAL,I19-Z,19,I,3
IF,KL503,25.497778,110.066389,IPA,7.0,17.7,2,5090,0,0,0,0,0,0
CF,FF19,25.424558,110.059194,0,IPA,7.0,13.3,187.0,4.4,1,4270,0,0,0,0,2,0
CF,RW19,25.234322,110.040864,0,IPA,7.0,1.9,187.0,11.4,1,616,0,0,0,0,3,0
CF,KL514,25.111944,110.029167,0,KWL,185.7,6.0,187.0,7.4,0,0,0,0,0,0,0,1
DF,KL510,25.156389,110.113056,1, ,0.0,0.0,0,0,0,1,205,0,0,0
TF,KL508,25.491389,110.145556,0, ,0.0,0.0,0.0,0.0,1,5910,0,1,205,0,0,0
HM,KL508,25.491389,110.145556,2, ,0.0,0.0,277.0,04.3,2,6890,0,1,205,0,0,0,0

