SID,IDU1WD,15,2
CD, ,0,0,0,IQJ,0,0.0,155.0,7.5,2,1150,0,0,0,0,0,0
VI,1, ,0.0,53.0,0,0,0,1,230,0,0,0
CF,GLN,22.708333,114.033333,0,GLN,0.0,0.0,23.0,10.0,2,6890,0,0,0,0,0,0
TF,IDUMA,22.896389,113.951667,0, ,0.0,0.0,0.0,0.0,0,0,0,0,0,0,0,0

SID,IDU1XD,16,2
DF,DER16,22.623881,113.801619,0, ,0.0,0.0,0,0,0,0,0,0,0,1
CD, ,0,0,0,ISZ,0,0.0,170.0,7.4,2,1150,0,0,0,0,0,0
VI,1, ,0.0,53.0,0,0,0,1,230,0,0,0
CF,GLN,22.708333,114.033333,0,GLN,0.0,0.0,23.0,10.0,2,6890,0,0,0,0,0,0
TF,IDUMA,22.896389,113.951667,0, ,0.0,0.0,0.0,0.0,0,0,0,0,0,0,0,0

SID,IDU1YD,33,2
CD, ,0,0,0,IMH,0,0.0,335.0,5.5,2,830,0,0,0,0,0,0
VI,2, ,0.0,77.0,0,0,0,1,230,0,0,0
CF,D167N,22.862269,113.916322,0,SHL,167.0,14.2,47.0,9.0,0,0,0,0,0,0,0,0
TF,IDUMA,22.896389,113.951667,0, ,0.0,0.0,0.0,0.0,0,0,0,0,0,0,0,0

SID,IDU1ZD,34,2
DF,DER34,22.654461,113.784853,0, ,0.0,0.0,0,0,0,0,0,0,0,1
CD, ,0,0,0,IBA,0,0.0,320.0,5.0,2,830,0,0,0,0,0,0
VI,2, ,0.0,77.0,0,0,0,1,230,0,0,0
CF,D167N,22.862269,113.916322,0,SHL,167.0,14.2,47.0,9.0,0,0,0,0,0,0,0,0
TF,IDUMA,22.896389,113.951667,0, ,0.0,0.0,0.0,0.0,0,0,0,0,0,0,0,0

SID,IDU9WD,15,5
CA,0,155.0,2,400,0,0,0,0,0,0
CF,SZ101,22.493333,113.890000,0,GLN,213.8,15.1,155.0,9.0,2,2960,0,1,230,0,0,0
TF,SZ102,22.553333,114.018333,0, ,0.0,0.0,0.0,0.0,2,4930,0,0,0,0,0,0
TF,GLN,22.708333,114.033333,0, ,0.0,0.0,0.0,0.0,2,6890,0,0,0,0,0,0
TF,IDUMA,22.896389,113.951667,0, ,0.0,0.0,0.0,0.0,0,0,0,0,0,0,0,0

SID,IDU9XD,16,5
DF,DER16,22.623881,113.801619,0, ,0.0,0.0,0,0,0,0,0,0,0,1
CF,SZ111,22.466667,113.836667,0,SHK,246.2,4.1,170.0,9.0,2,3940,0,1,230,0,0,0
TF,SZ102,22.553333,114.018333,1, ,0.0,0.0,0.0,0.0,2,5910,0,0,0,0,0,0
TF,GLN,22.708333,114.033333,0, ,0.0,0.0,0.0,0.0,2,6890,0,0,0,0,0,0
TF,IDUMA,22.896389,113.951667,0, ,0.0,0.0,0.0,0.0,0,0,0,0,0,0,0,0

SID,IDU9YD,33,5
CA,0,335.0,2,400,0,0,0,0,0,0
CF,SZ001,22.763333,113.740000,0,SHL,199.3,20.6,335.0,8.0,0,0,0,1,230,0,0,0
TF,SZ003,22.796667,113.866667,2, ,0.0,0.0,0.0,0.0,0,0,0,0,0,0,0,0
TF,SZ004,22.828333,113.988333,0, ,0.0,0.0,0.0,0.0,0,0,0,1,250,0,0,0
TF,IDUMA,22.896389,113.951667,1, ,0.0,0.0,0.0,0.0,0,0,0,0,0,0,0,0

SID,IDU9ZD,34,5
DF,DER34,22.654461,113.784853,0, ,0.0,0.0,0,0,0,0,0,0,0,1
CF,SZ011,22.793333,113.646667,0,SHL,214.3,21.1,320.0,11.0,2,2960,0,1,230,0,0,0
TF,SZ005,22.840000,113.785000,2, ,0.0,0.0,0.0,0.0,2,4930,0,0,0,0,0,0
TF,IDUMA,22.896389,113.951667,0, ,0.0,0.0,0.0,0.0,0,0,0,0,0,0,0,0

SID,LKC1WD,15,2
CD, ,0,0,0,IQJ,0,0.0,155.0,7.5,2,1150,0,0,0,0,0,0
CF,LKC,22.378922,113.883750,0,LKC,0.0,0.0,176.0,10.0,0,0,0,1,230,0,0,0

SID,LKC1XD,16,2
DF,DER16,22.623881,113.801619,0, ,0.0,0.0,0,0,0,0,0,0,0,1
CD, ,0,0,0,ISZ,0,0.0,170.0,7.4,2,1150,0,0,0,0,0,0
CF,LKC,22.378922,113.883750,0,LKC,0.0,0.0,162.0,10.0,0,0,0,1,230,0,0,0

SID,LKC1YD,33,2
CD, ,0,0,0,IMH,0,0.0,335.0,5.5,2,830,0,0,0,0,0,0
VI,2, ,0.0,151.0,0,0,0,1,230,0,0,0
CF,D001O,22.628747,113.879050,0,LKC,2.0,14.9,181.0,4.0,2,5910,0,0,0,0,0,0
TF,LKC,22.378922,113.883750,0, ,0.0,0.0,0.0,0.0,0,0,0,0,0,0,0,0

SID,LKC1ZD,34,2
DF,DER34,22.654461,113.784853,0, ,0.0,0.0,0,0,0,0,0,0,0,1
CA,0,320.0,2,500,0,0,0,0,0,0
DF,LKC,22.378922,113.883750,1, ,0.0,0.0,0,0,0,1,230,0,0,0

SID,LKC9WD,15,5
CA,0,155.0,2,400,0,0,0,0,0,0
CF,SZ101,22.493333,113.890000,0,GLN,213.8,15.1,155.0,9.0,2,2960,0,1,230,0,0,0
TF,LKC,22.378922,113.883750,0, ,0.0,0.0,0.0,0.0,0,0,0,0,0,0,0,0

SID,LKC9XD,16,5
DF,DER16,22.623881,113.801619,0, ,0.0,0.0,0,0,0,0,0,0,0,1
CF,SZ111,22.466667,113.836667,0,LKC,336.5,5.9,170.0,9.0,2,3940,0,1,230,0,0,0
TF,LKC,22.378922,113.883750,0, ,0.0,0.0,0.0,0.0,0,0,0,0,0,0,0,0

SID,LKC9YD,33,5
CA,0,335.0,2,400,0,0,0,0,0,0
CF,SZ001,22.763333,113.740000,0,GLN,283.5,16.6,335.0,8.0,0,0,0,0,0,0,0,0
TF,SZ003,22.796667,113.866667,2, ,0.0,0.0,0.0,0.0,0,0,0,1,205,0,0,0
TF,LKC,22.378922,113.883750,0, ,0.0,0.0,0.0,0.0,0,0,0,0,0,0,0,0

SID,LKC9ZD,34,5
DF,DER34,22.654461,113.784853,0, ,0.0,0.0,0,0,0,0,0,0,0,1
CF,SZ021,22.688333,113.751667,0,NLG,50.4,14.1,320.0,3.0,0,0,0,1,230,0,0,1
DF,LKC,22.378922,113.883750,1, ,0.0,0.0,0,0,0,0,0,0,0,0

SID,MIP1WD,15,2
CD, ,0,0,0,IQJ,0,0.0,155.0,7.5,2,1150,0,0,0,0,0,0
VI,1, ,0.0,53.0,0,0,0,1,230,0,0,0
CF,GLN,22.708333,114.033333,0,GLN,0.0,0.0,23.0,10.0,2,6890,0,0,0,0,0,0
TF,MIPAG,22.921667,113.741667,0, ,0.0,0.0,0.0,0.0,0,0,0,0,0,0,0,0

SID,MIP1XD,16,2
DF,DER16,22.623881,113.801619,0, ,0.0,0.0,0,0,0,0,0,0,0,1
CD, ,0,0,0,ISZ,0,0.0,170.0,7.4,2,1150,0,0,0,0,0,0
VI,1, ,0.0,53.0,0,0,0,1,230,0,0,0
CF,GLN,22.708333,114.033333,0,GLN,0.0,0.0,23.0,10.0,2,6890,0,0,0,0,0,0
TF,MIPAG,22.921667,113.741667,0, ,0.0,0.0,0.0,0.0,0,0,0,0,0,0,0,0

SID,MIP1YD,33,2
CD, ,0,0,0,IMH,0,0.0,335.0,5.5,2,830,0,0,0,0,0,0
VI,0, ,0.0,13.0,0,0,0,1,230,0,0,0
CF,MIPAG,22.921667,113.741667,0,SHL,212.6,11.8,343.0,9.0,0,0,0,0,0,0,0,0

SID,MIP1ZD,34,2
DF,DER34,22.654461,113.784853,0, ,0.0,0.0,0,0,0,0,0,0,0,1
CD, ,0,0,0,IBA,0,0.0,320.0,7.4,0,0,0,0,0,0,0,0
VI,0, ,0.0,340.0,0,0,0,1,230,0,0,0
CF,MIPAG,22.921667,113.741667,0,SHL,212.6,11.8,25.0,10.0,0,0,0,0,0,0,0,0

SID,MIP8XD,16,5
DF,DER16,22.623881,113.801619,0, ,0.0,0.0,0,0,0,0,0,0,0,1
CF,SZ415,22.486667,113.833333,0,LKC,339.5,7.0,170.0,8.0,0,0,0,0,0,0,0,0
TF,SZ414,22.480000,113.735000,2, ,0.0,0.0,0.0,0.0,0,0,0,1,230,0,0,0
TF,SZ413,22.578333,113.713333,0, ,0.0,0.0,0.0,0.0,2,5910,0,0,0,0,0,0
TF,MIPAG,22.921667,113.741667,0, ,0.0,0.0,0.0,0.0,0,0,0,0,0,0,0,0

SID,MIP9WD,15,5
CA,0,155.0,2,400,0,0,0,0,0,0
CF,SZ101,22.493333,113.890000,0,GLN,213.8,15.1,155.0,9.0,2,2960,0,1,230,0,0,0
TF,SZ102,22.553333,114.018333,0, ,0.0,0.0,0.0,0.0,2,4930,0,0,0,0,0,0
TF,GLN,22.708333,114.033333,0, ,0.0,0.0,0.0,0.0,2,6890,0,0,0,0,0,0
TF,MIPAG,22.921667,113.741667,0, ,0.0,0.0,0.0,0.0,0,0,0,0,0,0,0,0

SID,MIP9XD,16,5
DF,DER16,22.623881,113.801619,0, ,0.0,0.0,0,0,0,0,0,0,0,1
CF,SZ111,22.466667,113.836667,0,SHK,246.2,4.1,170.0,9.0,2,3940,0,1,230,0,0,0
TF,SZ102,22.553333,114.018333,1, ,0.0,0.0,0.0,0.0,2,5910,0,0,0,0,0,0
TF,MIPAG,22.921667,113.741667,0, ,0.0,0.0,0.0,0.0,0,0,0,0,0,0,0,0

SID,MIP9YD,33,5
CA,0,335.0,2,400,0,0,0,0,0,0
CF,SZ001,22.763333,113.740000,0,ZUH,27.1,35.8,335.0,8.0,0,0,0,1,230,0,0,0
TF,MIPAG,22.921667,113.741667,0, ,0.0,0.0,0.0,0.0,0,0,0,0,0,0,0,0

SID,MIP9ZD,34,5
DF,DER34,22.654461,113.784853,0, ,0.0,0.0,0,0,0,0,0,0,0,1
CF,SZ011,22.793333,113.646667,0,SHL,214.3,21.1,320.0,11.0,2,2960,0,1,230,0,0,0
TF,MIPAG,22.921667,113.741667,0, ,0.0,0.0,0.0,0.0,0,0,0,0,0,0,0,0

SID,OVG1WD,15,2
CD, ,0,0,0,IQJ,0,0.0,155.0,7.5,2,1150,0,0,0,0,0,0
VI,1, ,0.0,53.0,0,0,0,1,230,0,0,0
CF,GLN,22.708333,114.033333,0,GLN,0.0,0.0,23.0,10.0,2,6890,0,0,0,0,0,0
TF,SHK34,22.751933,114.440203,0, ,0.0,0.0,0.0,0.0,0,0,0,0,0,0,0,0
TF,VIPAP,22.761389,114.532222,0, ,0.0,0.0,0.0,0.0,0,0,0,0,0,0,0,0
TF,OVGOT,22.783611,114.750000,0, ,0.0,0.0,0.0,0.0,0,0,0,0,0,0,0,0

SID,OVG1XD,16,2
DF,DER16,22.623881,113.801619,0, ,0.0,0.0,0,0,0,0,0,0,0,1
CD, ,0,0,0,ISZ,0,0.0,170.0,7.4,2,1150,0,0,0,0,0,0
VI,1, ,0.0,53.0,0,0,0,1,230,0,0,0
CF,GLN,22.708333,114.033333,0,GLN,0.0,0.0,23.0,10.0,2,6890,0,0,0,0,0,0
TF,SHK34,22.751933,114.440203,0, ,0.0,0.0,0.0,0.0,0,0,0,0,0,0,0,0
TF,VIPAP,22.761389,114.532222,0, ,0.0,0.0,0.0,0.0,0,0,0,0,0,0,0,0
TF,OVGOT,22.783611,114.750000,0, ,0.0,0.0,0.0,0.0,0,0,0,0,0,0,0,0

SID,OVG1YD,33,2
CD, ,0,0,0,IMH,0,0.0,335.0,5.5,2,830,0,0,0,0,0,0
VI,2, ,0.0,84.0,0,0,0,1,230,0,0,0
CF,GLN,22.708333,114.033333,0,GLN,0.0,0.0,114.0,11.0,2,5910,0,0,0,0,0,0
TF,VIPAP,22.761389,114.532222,0, ,0.0,0.0,0.0,0.0,0,0,0,0,0,0,0,0
TF,OVGOT,22.783611,114.750000,0, ,0.0,0.0,0.0,0.0,0,0,0,0,0,0,0,0

SID,OVG1ZD,34,2
DF,DER34,22.654461,113.784853,0, ,0.0,0.0,0,0,0,0,0,0,0,1
CD, ,0,0,0,IBA,0,0.0,320.0,5.0,2,830,0,0,0,0,0,0
DF,GLN,22.708333,114.033333,2, ,0.0,0.0,2,5910,0,1,230,0,0,0
TF,VIPAP,22.761389,114.532222,0, ,0.0,0.0,0.0,0.0,0,0,0,0,0,0,0,0
TF,OVGOT,22.783611,114.750000,0, ,0.0,0.0,0.0,0.0,0,0,0,0,0,0,0,0

SID,OVG2WD,15,2
CD, ,0,0,0,IQJ,0,0.0,155.0,7.5,2,1150,0,0,0,0,0,0
VI,0, ,0.0,95.0,0,0,0,1,230,0,0,0
CF,SHK34,22.751933,114.440203,0,GLN,85.3,22.7,65.0,33.0,0,0,0,0,0,0,0,0
TF,VIPAP,22.761389,114.532222,0, ,0.0,0.0,0.0,0.0,0,0,0,0,0,0,0,0
TF,OVGOT,22.783611,114.750000,0, ,0.0,0.0,0.0,0.0,0,0,0,0,0,0,0,0

SID,OVG2XD,16,2
DF,DER16,22.623881,113.801619,0, ,0.0,0.0,0,0,0,0,0,0,0,1
CD, ,0,0,0,ISZ,0,0.0,170.0,7.4,2,1150,0,0,0,0,0,0
VI,0, ,0.0,95.0,0,0,0,1,230,0,0,0
CF,SHK34,22.751933,114.440203,0,GLN,85.3,22.7,65.0,33.0,0,0,0,0,0,0,0,0
TF,VIPAP,22.761389,114.532222,0, ,0.0,0.0,0.0,0.0,0,0,0,0,0,0,0,0
TF,OVGOT,22.783611,114.750000,0, ,0.0,0.0,0.0,0.0,0,0,0,0,0,0,0,0

SID,OVG8YD,33,5
CA,0,335.0,2,400,0,0,0,0,0,0
CF,SZ001,22.763333,113.740000,0,GLN,283.5,16.6,335.0,8.0,0,0,0,1,230,0,0,0
TF,SZ003,22.796667,113.866667,2, ,0.0,0.0,0.0,0.0,0,0,0,0,0,0,0,0
TF,SZ004,22.828333,113.988333,0, ,0.0,0.0,0.0,0.0,0,0,0,0,0,0,0,0
TF,VIPAP,22.761389,114.532222,0, ,0.0,0.0,0.0,0.0,0,0,0,0,0,0,0,0
TF,OVGOT,22.783611,114.750000,0, ,0.0,0.0,0.0,0.0,0,0,0,0,0,0,0,0

SID,OVG8ZD,34,5
DF,DER34,22.654461,113.784853,0, ,0.0,0.0,0,0,0,0,0,0,0,1
CF,SZ011,22.793333,113.646667,0,SHL,214.3,21.1,320.0,11.0,2,2960,0,1,230,0,0,0
TF,SZ005,22.840000,113.785000,2, ,0.0,0.0,0.0,0.0,2,4930,0,0,0,0,0,0
TF,SZ004,22.828333,113.988333,0, ,0.0,0.0,0.0,0.0,0,0,0,0,0,0,0,0
TF,VIPAP,22.761389,114.532222,0, ,0.0,0.0,0.0,0.0,0,0,0,0,0,0,0,0
TF,OVGOT,22.783611,114.750000,0, ,0.0,0.0,0.0,0.0,0,0,0,0,0,0,0,0

SID,OVG9WD,15,5
CA,0,155.0,2,400,0,0,0,0,0,0
CF,SZ101,22.493333,113.890000,0,GLN,213.8,15.1,155.0,9.0,2,2960,0,1,230,0,0,0
TF,SZ102,22.553333,114.018333,0, ,0.0,0.0,0.0,0.0,2,4930,0,0,0,0,0,0
TF,SZ103,22.751667,114.443333,0, ,0.0,0.0,0.0,0.0,0,0,0,0,0,0,0,0
TF,VIPAP,22.761389,114.532222,0, ,0.0,0.0,0.0,0.0,0,0,0,0,0,0,0,0
TF,OVGOT,22.783611,114.750000,0, ,0.0,0.0,0.0,0.0,0,0,0,0,0,0,0,0

SID,OVG9XD,16,5
DF,DER16,22.623881,113.801619,0, ,0.0,0.0,0,0,0,0,0,0,0,1
CF,SZ111,22.466667,113.836667,0,SHK,246.2,4.1,170.0,9.0,2,3940,0,1,230,0,0,0
TF,SZ102,22.553333,114.018333,1, ,0.0,0.0,0.0,0.0,2,5910,0,0,0,0,0,0
TF,SZ103,22.751667,114.443333,0, ,0.0,0.0,0.0,0.0,0,0,0,0,0,0,0,0
TF,VIPAP,22.761389,114.532222,0, ,0.0,0.0,0.0,0.0,0,0,0,0,0,0,0,0
TF,OVGOT,22.783611,114.750000,0, ,0.0,0.0,0.0,0.0,0,0,0,0,0,0,0,0

SID,OVG9YD,33,5
CA,0,335.0,2,400,0,0,0,0,0,0
CF,SZ001,22.763333,113.740000,0,GLN,283.5,16.6,335.0,8.0,0,0,0,1,230,0,0,0
TF,SZ003,22.796667,113.866667,2, ,0.0,0.0,0.0,0.0,0,0,0,0,0,0,0,0
TF,GLN,22.708333,114.033333,0, ,0.0,0.0,0.0,0.0,2,6890,0,0,0,0,0,0
TF,VIPAP,22.761389,114.532222,0, ,0.0,0.0,0.0,0.0,0,0,0,0,0,0,0,0
TF,OVGOT,22.783611,114.750000,0, ,0.0,0.0,0.0,0.0,0,0,0,0,0,0,0,0

SID,OVG9ZD,34,5
DF,DER34,22.654461,113.784853,0, ,0.0,0.0,0,0,0,0,0,0,0,1
CF,SZ011,22.793333,113.646667,0,SHL,214.3,21.1,320.0,11.0,2,2960,0,1,230,0,0,0
TF,SZ005,22.840000,113.785000,2, ,0.0,0.0,0.0,0.0,2,4930,0,0,0,0,0,0
TF,SZ003,22.796667,113.866667,0, ,0.0,0.0,0.0,0.0,2,5910,0,0,0,0,0,0
TF,GLN,22.708333,114.033333,0, ,0.0,0.0,0.0,0.0,0,0,0,0,0,0,0,0
TF,VIPAP,22.761389,114.532222,0, ,0.0,0.0,0.0,0.0,0,0,0,0,0,0,0,0
TF,OVGOT,22.783611,114.750000,0, ,0.0,0.0,0.0,0.0,0,0,0,0,0,0,0,0

SID,SIE1WD,15,2
CA,0,155.0,2,990,0,0,0,0,0,0
DF,NLG,22.531667,113.561667,2, ,0.0,0.0,2,5910,0,1,230,0,0,0
TF,ZUH,22.221667,113.466667,0, ,0.0,0.0,0.0,0.0,0,0,0,0,0,0,0,0
TF,SIERA,21.986667,113.553333,0, ,0.0,0.0,0.0,0.0,0,0,0,0,0,0,0,0

SID,SIE1XD,16,2
DF,DER16,22.623881,113.801619,0, ,0.0,0.0,0,0,0,0,0,0,0,1
CA,0,170.0,2,500,0,0,0,0,0,0
DF,NLG,22.531667,113.561667,2, ,0.0,0.0,2,5910,0,1,230,0,0,0
TF,ZUH,22.221667,113.466667,0, ,0.0,0.0,0.0,0.0,0,0,0,0,0,0,0,0
TF,SIERA,21.986667,113.553333,0, ,0.0,0.0,0.0,0.0,0,0,0,0,0,0,0,0

SID,SIE1YD,33,2
CD, ,0,0,0,IMH,0,0.0,335.0,4.5,2,500,0,0,0,0,0,0
VI,1, ,0.0,245.0,0,0,0,1,230,0,0,0
CF,NLG,22.531667,113.561667,0,NLG,0.0,0.0,215.0,12.0,2,3940,0,0,0,0,0,0
TF,ZUH,22.221667,113.466667,0, ,0.0,0.0,0.0,0.0,0,0,0,0,0,0,0,0
TF,SIERA,21.986667,113.553333,0, ,0.0,0.0,0.0,0.0,0,0,0,0,0,0,0,0

SID,SIE1ZD,34,2
DF,DER34,22.654461,113.784853,0, ,0.0,0.0,0,0,0,0,0,0,0,1
CA,0,320.0,2,500,0,0,0,0,0,0
DF,NLG,22.531667,113.561667,1, ,0.0,0.0,2,3940,0,1,230,0,0,0
TF,ZUH,22.221667,113.466667,0, ,0.0,0.0,0.0,0.0,0,0,0,0,0,0,0,0
TF,SIERA,21.986667,113.553333,0, ,0.0,0.0,0.0,0.0,0,0,0,0,0,0,0,0

SID,SIE3WD,15,2
CA,0,155.0,2,990,0,0,0,0,0,0
DF,NLG,22.531667,113.561667,2, ,0.0,0.0,2,5910,0,1,230,0,0,0
TF,LINSI,22.221667,113.466667,0, ,0.0,0.0,0.0,0.0,0,0,0,0,0,0,0,0
TF,SIERA,21.986667,113.553333,0, ,0.0,0.0,0.0,0.0,0,0,0,0,0,0,0,0

SID,SIE3XD,16,2
DF,DER16,22.623881,113.801619,0, ,0.0,0.0,0,0,0,0,0,0,0,1
CA,0,170.0,2,500,0,0,0,0,0,0
DF,NLG,22.531667,113.561667,2, ,0.0,0.0,2,5910,0,1,230,0,0,0
TF,LINSI,22.221667,113.466667,0, ,0.0,0.0,0.0,0.0,0,0,0,0,0,0,0,0
TF,SIERA,21.986667,113.553333,0, ,0.0,0.0,0.0,0.0,0,0,0,0,0,0,0,0

SID,SIE3YD,33,2
CD, ,0,0,0,IMH,0,0.0,335.0,4.5,2,500,0,0,0,0,0,0
VI,1, ,0.0,245.0,0,0,0,1,230,0,0,0
CF,NLG,22.531667,113.561667,0,NLG,0.0,0.0,215.0,12.0,2,3940,0,0,0,0,0,0
TF,LINSI,22.221667,113.466667,0, ,0.0,0.0,0.0,0.0,0,0,0,0,0,0,0,0
TF,SIERA,21.986667,113.553333,0, ,0.0,0.0,0.0,0.0,0,0,0,0,0,0,0,0

SID,SIE3ZD,34,2
DF,DER34,22.654461,113.784853,0, ,0.0,0.0,0,0,0,0,0,0,0,1
CA,0,320.0,2,500,0,0,0,0,0,0
DF,NLG,22.531667,113.561667,1, ,0.0,0.0,2,3940,0,1,230,0,0,0
TF,LINSI,22.221667,113.466667,0, ,0.0,0.0,0.0,0.0,0,0,0,0,0,0,0,0
TF,SIERA,21.986667,113.553333,0, ,0.0,0.0,0.0,0.0,0,0,0,0,0,0,0,0

SID,SIE9WD,15,5
CA,0,155.0,2,400,0,0,0,0,0,0
CF,SZ101,22.493333,113.890000,0,GLN,213.8,15.1,155.0,9.0,2,2960,0,1,230,0,0,0
TF,SZ112,22.468333,113.588333,2, ,0.0,0.0,0.0,0.0,2,3940,0,0,0,0,0,0
TF,SZ113,22.378333,113.505000,0, ,0.0,0.0,0.0,0.0,0,0,0,0,0,0,0,0
TF,ZUH,22.221667,113.466667,0, ,0.0,0.0,0.0,0.0,0,0,0,0,0,0,0,0
TF,SIERA,21.986667,113.553333,0, ,0.0,0.0,0.0,0.0,0,0,0,0,0,0,0,0

SID,SIE9XD,16,5
DF,DER16,22.623881,113.801619,0, ,0.0,0.0,0,0,0,0,0,0,0,1
CF,SZ415,22.486667,113.833333,0,LKC,339.5,7.0,170.0,8.0,0,0,0,1,230,0,0,0
TF,SZ112,22.468333,113.588333,2, ,0.0,0.0,0.0,0.0,2,3940,0,0,0,0,0,0
TF,SZ113,22.378333,113.505000,0, ,0.0,0.0,0.0,0.0,0,0,0,0,0,0,0,0
TF,ZUH,22.221667,113.466667,0, ,0.0,0.0,0.0,0.0,0,0,0,0,0,0,0,0
TF,SIERA,21.986667,113.553333,0, ,0.0,0.0,0.0,0.0,0,0,0,0,0,0,0,0

SID,SIE9YD,33,5
CA,0,335.0,2,400,0,0,0,0,0,0
CF,SZ002,22.796667,113.721667,0,ZUH,24.4,37.2,335.0,10.0,0,0,0,1,230,0,0,0
TF,SZ012,22.710000,113.490000,0, ,0.0,0.0,0.0,0.0,2,3940,0,0,0,0,0,0
TF,SZ013,22.568333,113.408333,0, ,0.0,0.0,0.0,0.0,0,0,0,0,0,0,0,0
TF,ZUH,22.221667,113.466667,0, ,0.0,0.0,0.0,0.0,2,8860,0,0,0,0,0,0
TF,SIERA,21.986667,113.553333,0, ,0.0,0.0,0.0,0.0,0,0,0,0,0,0,0,0

SID,SIE9ZD,34,5
DF,DER34,22.654461,113.784853,0, ,0.0,0.0,0,0,0,0,0,0,0,1
CF,SZ021,22.688333,113.751667,0,NLG,50.4,14.1,320.0,3.0,0,0,0,1,230,0,0,1
DF,SZ012,22.710000,113.490000,1, ,0.0,0.0,2,3940,0,0,0,0,0,0
TF,SZ013,22.568333,113.408333,0, ,0.0,0.0,0.0,0.0,2,3940,0,0,0,0,0,0
TF,ZUH,22.221667,113.466667,0, ,0.0,0.0,0.0,0.0,2,8860,0,0,0,0,0,0
TF,SIERA,21.986667,113.553333,0, ,0.0,0.0,0.0,0.0,0,0,0,0,0,0,0,0

SID,SLS1WD,15,2
CD, ,0,0,0,IQJ,0,0.0,155.0,7.5,2,1150,0,0,0,0,0,0
VI,1, ,0.0,53.0,0,0,0,1,230,0,0,0
CF,GLN,22.708333,114.033333,0,GLN,0.0,0.0,23.0,10.0,2,6890,0,0,0,0,0,0
TF,SULAS,22.916111,114.221111,0, ,0.0,0.0,0.0,0.0,0,0,0,0,0,0,0,0

SID,SLS1XD,16,2
DF,DER16,22.623881,113.801619,0, ,0.0,0.0,0,0,0,0,0,0,0,1
CD, ,0,0,0,ISZ,0,0.0,170.0,7.4,2,1150,0,0,0,0,0,0
VI,1, ,0.0,53.0,0,0,0,1,230,0,0,0
CF,GLN,22.708333,114.033333,0,GLN,0.0,0.0,23.0,10.0,2,6890,0,0,0,0,0,0
TF,SULAS,22.916111,114.221111,0, ,0.0,0.0,0.0,0.0,0,0,0,0,0,0,0,0

SID,SLS1YD,33,2
CD, ,0,0,0,IMH,0,0.0,335.0,5.5,2,830,0,0,0,0,0,0
VI,2, ,0.0,84.0,0,0,0,1,230,0,0,0
CF,GLN,22.708333,114.033333,0,GLN,0.0,0.0,114.0,11.0,2,5910,0,0,0,0,0,0
TF,SULAS,22.916111,114.221111,0, ,0.0,0.0,0.0,0.0,0,0,0,0,0,0,0,0

SID,SLS1ZD,34,2
DF,DER34,22.654461,113.784853,0, ,0.0,0.0,0,0,0,0,0,0,0,1
CD, ,0,0,0,IBA,0,0.0,320.0,5.0,2,830,0,0,0,0,0,0
DF,GLN,22.708333,114.033333,2, ,0.0,0.0,2,5910,0,1,230,0,0,0
TF,SULAS,22.916111,114.221111,0, ,0.0,0.0,0.0,0.0,0,0,0,0,0,0,0,0

SID,SLS9WD,15,5
CA,0,155.0,2,400,0,0,0,0,0,0
CF,SZ101,22.493333,113.890000,0,GLN,213.8,15.1,155.0,9.0,2,2960,0,1,230,0,0,0
TF,SZ102,22.553333,114.018333,0, ,0.0,0.0,0.0,0.0,2,4930,0,0,0,0,0,0
TF,GLN,22.708333,114.033333,0, ,0.0,0.0,0.0,0.0,2,6890,0,0,0,0,0,0
TF,SULAS,22.916111,114.221111,0, ,0.0,0.0,0.0,0.0,0,0,0,0,0,0,0,0

SID,SLS9XD,16,5
DF,DER16,22.623881,113.801619,0, ,0.0,0.0,0,0,0,0,0,0,0,1
CF,SZ111,22.466667,113.836667,0,SHK,246.2,4.1,170.0,9.0,2,3940,0,1,230,0,0,0
TF,SZ102,22.553333,114.018333,1, ,0.0,0.0,0.0,0.0,2,5910,0,0,0,0,0,0
TF,GLN,22.708333,114.033333,0, ,0.0,0.0,0.0,0.0,2,6890,0,0,0,0,0,0
TF,SULAS,22.916111,114.221111,0, ,0.0,0.0,0.0,0.0,0,0,0,0,0,0,0,0

SID,SLS9YD,33,5
CA,0,335.0,2,400,0,0,0,0,0,0
CF,SZ001,22.763333,113.740000,0,SHL,199.3,20.6,335.0,8.0,0,0,0,1,230,0,0,0
TF,SZ003,22.796667,113.866667,2, ,0.0,0.0,0.0,0.0,0,0,0,0,0,0,0,0
TF,SZ004,22.828333,113.988333,0, ,0.0,0.0,0.0,0.0,0,0,0,0,0,0,0,0
TF,SULAS,22.916111,114.221111,0, ,0.0,0.0,0.0,0.0,0,0,0,0,0,0,0,0

SID,SLS9ZD,34,5
DF,DER34,22.654461,113.784853,0, ,0.0,0.0,0,0,0,0,0,0,0,1
CF,SZ011,22.793333,113.646667,0,SHL,214.3,21.1,320.0,11.0,2,2960,0,1,230,0,0,0
TF,SZ005,22.840000,113.785000,2, ,0.0,0.0,0.0,0.0,2,4930,0,0,0,0,0,0
TF,SZ004,22.828333,113.988333,0, ,0.0,0.0,0.0,0.0,0,0,0,0,0,0,0,0
TF,SULAS,22.916111,114.221111,0, ,0.0,0.0,0.0,0.0,0,0,0,0,0,0,0,0

SID,TOM1WD,15,2
CA,0,155.0,2,990,0,0,0,0,0,0
DF,NLG,22.531667,113.561667,2, ,0.0,0.0,2,5910,0,1,230,0,0,0
TF,ZUH,22.221667,113.466667,0, ,0.0,0.0,0.0,0.0,0,0,0,0,0,0,0,0
TF,KIBAS,22.138333,113.241667,0, ,0.0,0.0,0.0,0.0,0,0,0,0,0,0,0,0
TF,BOKAT,22.037778,113.000000,0, ,0.0,0.0,0.0,0.0,0,0,0,0,0,0,0,0
TF,ADBIN,21.968056,112.821111,0, ,0.0,0.0,0.0,0.0,0,0,0,0,0,0,0,0
TF,TOMUD,21.857500,112.547222,0, ,0.0,0.0,0.0,0.0,0,0,0,0,0,0,0,0

SID,TOM1XD,16,2
DF,DER16,22.623881,113.801619,0, ,0.0,0.0,0,0,0,0,0,0,0,1
CA,0,170.0,2,500,0,0,0,0,0,0
DF,NLG,22.531667,113.561667,2, ,0.0,0.0,2,5910,0,1,230,0,0,0
TF,ZUH,22.221667,113.466667,0, ,0.0,0.0,0.0,0.0,0,0,0,0,0,0,0,0
TF,KIBAS,22.138333,113.241667,0, ,0.0,0.0,0.0,0.0,0,0,0,0,0,0,0,0
TF,BOKAT,22.037778,113.000000,0, ,0.0,0.0,0.0,0.0,0,0,0,0,0,0,0,0
TF,ADBIN,21.968056,112.821111,0, ,0.0,0.0,0.0,0.0,0,0,0,0,0,0,0,0
TF,TOMUD,21.857500,112.547222,0, ,0.0,0.0,0.0,0.0,0,0,0,0,0,0,0,0

SID,TOM1YD,33,2
CD, ,0,0,0,IMH,0,0.0,335.0,4.5,2,500,0,0,0,0,0,0
VI,1, ,0.0,245.0,0,0,0,1,230,0,0,0
CF,NLG,22.531667,113.561667,0,NLG,0.0,0.0,215.0,12.0,2,3940,0,0,0,0,0,0
TF,ZUH,22.221667,113.466667,0, ,0.0,0.0,0.0,0.0,0,0,0,0,0,0,0,0
TF,KIBAS,22.138333,113.241667,0, ,0.0,0.0,0.0,0.0,0,0,0,0,0,0,0,0
TF,BOKAT,22.037778,113.000000,0, ,0.0,0.0,0.0,0.0,0,0,0,0,0,0,0,0
TF,ADBIN,21.968056,112.821111,0, ,0.0,0.0,0.0,0.0,0,0,0,0,0,0,0,0
TF,TOMUD,21.857500,112.547222,0, ,0.0,0.0,0.0,0.0,0,0,0,0,0,0,0,0

SID,TOM1ZD,34,2
DF,DER34,22.654461,113.784853,0, ,0.0,0.0,0,0,0,0,0,0,0,1
CA,0,320.0,2,500,0,0,0,0,0,0
DF,NLG,22.531667,113.561667,1, ,0.0,0.0,2,3940,0,1,230,0,0,0
TF,ZUH,22.221667,113.466667,0, ,0.0,0.0,0.0,0.0,0,0,0,0,0,0,0,0
TF,KIBAS,22.138333,113.241667,0, ,0.0,0.0,0.0,0.0,0,0,0,0,0,0,0,0
TF,BOKAT,22.037778,113.000000,0, ,0.0,0.0,0.0,0.0,0,0,0,0,0,0,0,0
TF,ADBIN,21.968056,112.821111,0, ,0.0,0.0,0.0,0.0,0,0,0,0,0,0,0,0
TF,TOMUD,21.857500,112.547222,0, ,0.0,0.0,0.0,0.0,0,0,0,0,0,0,0,0

SID,TOM2WD,15,2
CA,0,155.0,2,990,0,0,0,0,0,0
DF,NLG,22.531667,113.561667,2, ,0.0,0.0,2,5910,0,1,230,0,0,0
TF,KIBAS,22.138333,113.241667,0, ,0.0,0.0,0.0,0.0,0,0,0,0,0,0,0,0
TF,BOKAT,22.037778,113.000000,0, ,0.0,0.0,0.0,0.0,0,0,0,0,0,0,0,0
TF,ADBIN,21.968056,112.821111,0, ,0.0,0.0,0.0,0.0,0,0,0,0,0,0,0,0
TF,TOMUD,21.857500,112.547222,0, ,0.0,0.0,0.0,0.0,0,0,0,0,0,0,0,0

SID,TOM2XD,16,2
DF,DER16,22.623881,113.801619,0, ,0.0,0.0,0,0,0,0,0,0,0,1
CA,0,170.0,2,500,0,0,0,0,0,0
DF,NLG,22.531667,113.561667,2, ,0.0,0.0,2,5910,0,1,230,0,0,0
TF,KIBAS,22.138333,113.241667,0, ,0.0,0.0,0.0,0.0,0,0,0,0,0,0,0,0
TF,BOKAT,22.037778,113.000000,0, ,0.0,0.0,0.0,0.0,0,0,0,0,0,0,0,0
TF,ADBIN,21.968056,112.821111,0, ,0.0,0.0,0.0,0.0,0,0,0,0,0,0,0,0
TF,TOMUD,21.857500,112.547222,0, ,0.0,0.0,0.0,0.0,0,0,0,0,0,0,0,0

SID,TOM2YD,33,2
CD, ,0,0,0,IMH,0,0.0,335.0,4.5,2,500,0,0,0,0,0,0
VI,1, ,0.0,245.0,0,0,0,1,230,0,0,0
CF,NLG,22.531667,113.561667,0,NLG,0.0,0.0,215.0,12.0,2,3940,0,0,0,0,0,0
TF,KIBAS,22.138333,113.241667,0, ,0.0,0.0,0.0,0.0,0,0,0,0,0,0,0,0
TF,BOKAT,22.037778,113.000000,0, ,0.0,0.0,0.0,0.0,0,0,0,0,0,0,0,0
TF,ADBIN,21.968056,112.821111,0, ,0.0,0.0,0.0,0.0,0,0,0,0,0,0,0,0
TF,TOMUD,21.857500,112.547222,0, ,0.0,0.0,0.0,0.0,0,0,0,0,0,0,0,0

SID,TOM2ZD,34,2
DF,DER34,22.654461,113.784853,0, ,0.0,0.0,0,0,0,0,0,0,0,1
CA,0,320.0,2,500,0,0,0,0,0,0
DF,NLG,22.531667,113.561667,1, ,0.0,0.0,2,3940,0,1,230,0,0,0
TF,KIBAS,22.138333,113.241667,0, ,0.0,0.0,0.0,0.0,0,0,0,0,0,0,0,0
TF,BOKAT,22.037778,113.000000,0, ,0.0,0.0,0.0,0.0,0,0,0,0,0,0,0,0
TF,ADBIN,21.968056,112.821111,0, ,0.0,0.0,0.0,0.0,0,0,0,0,0,0,0,0
TF,TOMUD,21.857500,112.547222,0, ,0.0,0.0,0.0,0.0,0,0,0,0,0,0,0,0

SID,TOM3WD,15,2
CA,0,155.0,2,990,0,0,0,0,0,0
DF,NLG,22.531667,113.561667,2, ,0.0,0.0,2,5910,0,1,230,0,0,0
TF,LINSI,22.221667,113.466667,0, ,0.0,0.0,0.0,0.0,0,0,0,0,0,0,0,0
TF,KIBAS,22.138333,113.241667,0, ,0.0,0.0,0.0,0.0,0,0,0,0,0,0,0,0
TF,BOKAT,22.037778,113.000000,0, ,0.0,0.0,0.0,0.0,0,0,0,0,0,0,0,0
TF,ADBIN,21.968056,112.821111,0, ,0.0,0.0,0.0,0.0,0,0,0,0,0,0,0,0
TF,TOMUD,21.857500,112.547222,0, ,0.0,0.0,0.0,0.0,0,0,0,0,0,0,0,0

SID,TOM3XD,16,2
DF,DER16,22.623881,113.801619,0, ,0.0,0.0,0,0,0,0,0,0,0,1
CA,0,170.0,2,500,0,0,0,0,0,0
DF,NLG,22.531667,113.561667,2, ,0.0,0.0,2,5910,0,1,230,0,0,0
TF,LINSI,22.221667,113.466667,0, ,0.0,0.0,0.0,0.0,0,0,0,0,0,0,0,0
TF,KIBAS,22.138333,113.241667,0, ,0.0,0.0,0.0,0.0,0,0,0,0,0,0,0,0
TF,BOKAT,22.037778,113.000000,0, ,0.0,0.0,0.0,0.0,0,0,0,0,0,0,0,0
TF,ADBIN,21.968056,112.821111,0, ,0.0,0.0,0.0,0.0,0,0,0,0,0,0,0,0
TF,TOMUD,21.857500,112.547222,0, ,0.0,0.0,0.0,0.0,0,0,0,0,0,0,0,0

SID,TOM3YD,33,2
CD, ,0,0,0,IMH,0,0.0,335.0,4.5,2,500,0,0,0,0,0,0
VI,1, ,0.0,245.0,0,0,0,1,230,0,0,0
CF,NLG,22.531667,113.561667,0,NLG,0.0,0.0,215.0,12.0,2,3940,0,0,0,0,0,0
TF,LINSI,22.221667,113.466667,0, ,0.0,0.0,0.0,0.0,0,0,0,0,0,0,0,0
TF,KIBAS,22.138333,113.241667,0, ,0.0,0.0,0.0,0.0,0,0,0,0,0,0,0,0
TF,BOKAT,22.037778,113.000000,0, ,0.0,0.0,0.0,0.0,0,0,0,0,0,0,0,0
TF,ADBIN,21.968056,112.821111,0, ,0.0,0.0,0.0,0.0,0,0,0,0,0,0,0,0
TF,TOMUD,21.857500,112.547222,0, ,0.0,0.0,0.0,0.0,0,0,0,0,0,0,0,0

SID,TOM3ZD,34,2
DF,DER34,22.654461,113.784853,0, ,0.0,0.0,0,0,0,0,0,0,0,1
CA,0,320.0,2,500,0,0,0,0,0,0
DF,NLG,22.531667,113.561667,1, ,0.0,0.0,2,3940,0,1,230,0,0,0
TF,LINSI,22.221667,113.466667,0, ,0.0,0.0,0.0,0.0,0,0,0,0,0,0,0,0
TF,KIBAS,22.138333,113.241667,0, ,0.0,0.0,0.0,0.0,0,0,0,0,0,0,0,0
TF,BOKAT,22.037778,113.000000,0, ,0.0,0.0,0.0,0.0,0,0,0,0,0,0,0,0
TF,ADBIN,21.968056,112.821111,0, ,0.0,0.0,0.0,0.0,0,0,0,0,0,0,0,0
TF,TOMUD,21.857500,112.547222,0, ,0.0,0.0,0.0,0.0,0,0,0,0,0,0,0,0

SID,TOM9WD,15,5
CA,0,155.0,2,400,0,0,0,0,0,0
CF,SZ101,22.493333,113.890000,0,GLN,213.8,15.1,155.0,9.0,2,2960,0,1,230,0,0,0
TF,SZ112,22.468333,113.588333,2, ,0.0,0.0,0.0,0.0,2,3940,0,0,0,0,0,0
TF,SZ113,22.378333,113.505000,0, ,0.0,0.0,0.0,0.0,0,0,0,0,0,0,0,0
TF,ZUH,22.221667,113.466667,0, ,0.0,0.0,0.0,0.0,0,0,0,0,0,0,0,0
TF,KIBAS,22.138333,113.241667,0, ,0.0,0.0,0.0,0.0,0,0,0,0,0,0,0,0
TF,BOKAT,22.037778,113.000000,0, ,0.0,0.0,0.0,0.0,0,0,0,0,0,0,0,0
TF,ADBIN,21.968056,112.821111,0, ,0.0,0.0,0.0,0.0,0,0,0,0,0,0,0,0
TF,TOMUD,21.857500,112.547222,0, ,0.0,0.0,0.0,0.0,0,0,0,0,0,0,0,0

SID,TOM9XD,16,5
DF,DER16,22.623881,113.801619,0, ,0.0,0.0,0,0,0,0,0,0,0,1
CF,SZ415,22.486667,113.833333,0,NLG,102.1,15.3,170.0,8.0,0,0,0,1,230,0,0,0
TF,SZ112,22.468333,113.588333,2, ,0.0,0.0,0.0,0.0,2,3940,0,0,0,0,0,0
TF,SZ113,22.378333,113.505000,0, ,0.0,0.0,0.0,0.0,0,0,0,0,0,0,0,0
TF,ZUH,22.221667,113.466667,0, ,0.0,0.0,0.0,0.0,0,0,0,0,0,0,0,0
TF,KIBAS,22.138333,113.241667,0, ,0.0,0.0,0.0,0.0,0,0,0,0,0,0,0,0
TF,BOKAT,22.037778,113.000000,0, ,0.0,0.0,0.0,0.0,0,0,0,0,0,0,0,0
TF,ADBIN,21.968056,112.821111,0, ,0.0,0.0,0.0,0.0,0,0,0,0,0,0,0,0
TF,TOMUD,21.857500,112.547222,0, ,0.0,0.0,0.0,0.0,0,0,0,0,0,0,0,0

SID,TOM9YD,33,5
CA,0,335.0,2,400,0,0,0,0,0,0
CF,SZ002,22.796667,113.721667,0,ZUH,24.4,37.2,335.0,10.0,0,0,0,1,230,0,0,0
TF,SZ012,22.710000,113.490000,0, ,0.0,0.0,0.0,0.0,2,3940,0,0,0,0,0,0
TF,SZ013,22.568333,113.408333,0, ,0.0,0.0,0.0,0.0,0,0,0,0,0,0,0,0
TF,ZUH,22.221667,113.466667,0, ,0.0,0.0,0.0,0.0,2,8860,0,0,0,0,0,0
TF,KIBAS,22.138333,113.241667,0, ,0.0,0.0,0.0,0.0,0,0,0,0,0,0,0,0
TF,BOKAT,22.037778,113.000000,0, ,0.0,0.0,0.0,0.0,0,0,0,0,0,0,0,0
TF,ADBIN,21.968056,112.821111,0, ,0.0,0.0,0.0,0.0,0,0,0,0,0,0,0,0
TF,TOMUD,21.857500,112.547222,0, ,0.0,0.0,0.0,0.0,0,0,0,0,0,0,0,0

SID,TOM9ZD,34,5
DF,DER34,22.654461,113.784853,0, ,0.0,0.0,0,0,0,0,0,0,0,1
CF,SZ021,22.688333,113.751667,0,NLG,50.4,14.1,320.0,3.0,0,0,0,1,230,0,0,1
DF,SZ012,22.710000,113.490000,1, ,0.0,0.0,2,3940,0,0,0,0,0,0
TF,SZ013,22.568333,113.408333,0, ,0.0,0.0,0.0,0.0,2,3940,0,0,0,0,0,0
TF,ZUH,22.221667,113.466667,0, ,0.0,0.0,0.0,0.0,2,8860,0,0,0,0,0,0
TF,KIBAS,22.138333,113.241667,0, ,0.0,0.0,0.0,0.0,0,0,0,0,0,0,0,0
TF,BOKAT,22.037778,113.000000,0, ,0.0,0.0,0.0,0.0,0,0,0,0,0,0,0,0
TF,ADBIN,21.968056,112.821111,0, ,0.0,0.0,0.0,0.0,0,0,0,0,0,0,0,0
TF,TOMUD,21.857500,112.547222,0, ,0.0,0.0,0.0,0.0,0,0,0,0,0,0,0,0

STAR,BEK1XA,ALL,2
IF,BEKOL,22.543333,114.133333, ,0.0,0.0,0,0,0,0,0,0,0,0

STAR,BEK1XA,15,3
IF,BEKOL,22.543333,114.133333, ,0.0,0.0,0,0,0,0,0,0,0,0
TF,GLN,22.708333,114.033333,0, ,0.0,0.0,0.0,0.0,2,4930,0,1,205,0,0,0

STAR,BEK1XA,16,3
IF,BEKOL,22.543333,114.133333, ,0.0,0.0,0,0,0,0,0,0,0,0
TF,GLN,22.708333,114.033333,0, ,0.0,0.0,0.0,0.0,2,4930,0,1,205,0,0,0

STAR,BEK1ZA,ALL,2
IF,BEKOL,22.543333,114.133333, ,0.0,0.0,0,0,0,0,0,0,0,0

STAR,BEK1ZA,33,3
IF,BEKOL,22.543333,114.133333, ,0.0,0.0,0,0,0,0,0,0,0,0
TF,D153I,22.577992,114.112908,0, ,0.0,0.0,0.0,0.0,0,0,0,0,0,0,0,0
TF,GLN,22.708333,114.033333,0, ,0.0,0.0,0.0,0.0,2,4930,0,1,205,0,0,0

STAR,BEK1ZA,34,3
IF,BEKOL,22.543333,114.133333, ,0.0,0.0,0,0,0,0,0,0,0,0
TF,D153I,22.577992,114.112908,0, ,0.0,0.0,0.0,0.0,0,0,0,0,0,0,0,0
TF,GLN,22.708333,114.033333,0, ,0.0,0.0,0.0,0.0,2,4930,0,1,205,0,0,0

STAR,BEK2ZA,ALL,2
IF,BEKOL,22.543333,114.133333, ,0.0,0.0,0,0,0,0,0,0,0,0

STAR,BEK2ZA,33,3
IF,BEKOL,22.543333,114.133333, ,0.0,0.0,0,0,0,0,0,0,0,0
TF,D153I,22.577992,114.112908,0, ,0.0,0.0,0.0,0.0,0,0,0,0,0,0,0,1
CF,D065L,22.583875,114.087869,0,GLN,159.9,8.0,245.0,1.0,2,4930,0,1,205,0,0,0

STAR,BEK2ZA,34,3
IF,BEKOL,22.543333,114.133333, ,0.0,0.0,0,0,0,0,0,0,0,0
TF,D153I,22.577992,114.112908,0, ,0.0,0.0,0.0,0.0,0,0,0,0,0,0,0,1
CF,D065L,22.583875,114.087869,0,GLN,159.9,8.0,245.0,1.0,2,4930,0,1,205,0,0,0

STAR,BEK9XA,ALL,5
IF,BEKOL,22.543333,114.133333, ,0.0,0.0,0,0,0,0,0,0,0,0

STAR,BEK9XA,15,6
IF,BEKOL,22.543333,114.133333, ,0.0,0.0,0,0,0,0,0,0,0,0
TF,GLN,22.708333,114.033333,0, ,0.0,0.0,0.0,0.0,2,4930,0,1,205,0,0,0

STAR,BEK9XA,16,6
IF,BEKOL,22.543333,114.133333, ,0.0,0.0,0,0,0,0,0,0,0,0
TF,GLN,22.708333,114.033333,0, ,0.0,0.0,0.0,0.0,2,4930,0,1,205,0,0,0

STAR,BEK9ZA,ALL,5
IF,BEKOL,22.543333,114.133333, ,0.0,0.0,0,0,0,0,0,0,0,0

STAR,BEK9ZA,33,6
IF,BEKOL,22.543333,114.133333, ,0.0,0.0,0,0,0,0,0,0,0,0
TF,SZ051,22.593333,114.103333,0, ,0.0,0.0,0.0,0.0,2,4930,0,1,205,0,0,0

STAR,BEK9ZA,34,6
IF,BEKOL,22.543333,114.133333, ,0.0,0.0,0,0,0,0,0,0,0,0
TF,SZ051,22.593333,114.103333,0, ,0.0,0.0,0.0,0.0,2,4930,0,1,205,0,0,0

STAR,LAN0ZA,ALL,2
IF,LANDA,21.613122,113.045206, ,0.0,0.0,0,0,0,0,0,0,0,0

STAR,LAN0ZA,33,3
IF,LANDA,21.613122,113.045206, ,0.0,0.0,0,0,0,0,0,0,0,0
TF,UJ,21.920000,113.293333,0, ,0.0,0.0,0.0,0.0,0,0,0,0,0,0,0,0
TF,LINSI,22.221667,113.466667,0, ,0.0,0.0,0.0,0.0,0,0,0,0,0,0,0,0
TF,D245V,22.334100,113.554489,0, ,0.0,0.0,0.0,0.0,2,6890,0,0,0,0,0,0
TF,D245R,22.363547,113.622956,0, ,0.0,0.0,0.0,0.0,2,4930,0,1,205,0,0,0

STAR,LAN0ZA,34,3
IF,LANDA,21.613122,113.045206, ,0.0,0.0,0,0,0,0,0,0,0,0
TF,UJ,21.920000,113.293333,0, ,0.0,0.0,0.0,0.0,0,0,0,0,0,0,0,0
TF,LINSI,22.221667,113.466667,0, ,0.0,0.0,0.0,0.0,0,0,0,0,0,0,0,0
TF,D245V,22.334100,113.554489,0, ,0.0,0.0,0.0,0.0,2,6890,0,0,0,0,0,0
TF,D245R,22.363547,113.622956,0, ,0.0,0.0,0.0,0.0,2,4930,0,1,205,0,0,0

STAR,LAN1XA,ALL,2
IF,LANDA,21.613122,113.045206, ,0.0,0.0,0,0,0,0,0,0,0,0

STAR,LAN1XA,15,3
IF,LANDA,21.613122,113.045206, ,0.0,0.0,0,0,0,0,0,0,0,0
TF,UJ,21.920000,113.293333,0, ,0.0,0.0,0.0,0.0,0,0,0,0,0,0,0,0
TF,ZUH,22.221667,113.466667,0, ,0.0,0.0,0.0,0.0,0,0,0,0,0,0,0,0
TF,NLG,22.531667,113.561667,0, ,0.0,0.0,0.0,0.0,0,0,0,0,0,0,0,0
TF,D068G,22.579242,113.676831,0, ,0.0,0.0,0.0,0.0,2,4930,0,1,205,0,0,0

STAR,LAN1XA,16,3
IF,LANDA,21.613122,113.045206, ,0.0,0.0,0,0,0,0,0,0,0,0
TF,UJ,21.920000,113.293333,0, ,0.0,0.0,0.0,0.0,0,0,0,0,0,0,0,0
TF,ZUH,22.221667,113.466667,0, ,0.0,0.0,0.0,0.0,0,0,0,0,0,0,0,0
TF,NLG,22.531667,113.561667,0, ,0.0,0.0,0.0,0.0,0,0,0,0,0,0,0,0
TF,D068G,22.579242,113.676831,0, ,0.0,0.0,0.0,0.0,2,4930,0,1,205,0,0,0

STAR,LAN1ZA,ALL,2
IF,LANDA,21.613122,113.045206, ,0.0,0.0,0,0,0,0,0,0,0,0

STAR,LAN1ZA,33,3
IF,LANDA,21.613122,113.045206, ,0.0,0.0,0,0,0,0,0,0,0,0
TF,UJ,21.920000,113.293333,0, ,0.0,0.0,0.0,0.0,0,0,0,0,0,0,0,0
TF,ZUH,22.221667,113.466667,0, ,0.0,0.0,0.0,0.0,0,0,0,0,0,0,0,0
TF,NLG,22.531667,113.561667,0, ,0.0,0.0,0.0,0.0,2,4930,0,1,205,0,0,0

STAR,LAN1ZA,34,3
IF,LANDA,21.613122,113.045206, ,0.0,0.0,0,0,0,0,0,0,0,0
TF,UJ,21.920000,113.293333,0, ,0.0,0.0,0.0,0.0,0,0,0,0,0,0,0,0
TF,ZUH,22.221667,113.466667,0, ,0.0,0.0,0.0,0.0,0,0,0,0,0,0,0,0
TF,NLG,22.531667,113.561667,0, ,0.0,0.0,0.0,0.0,2,4930,0,1,205,0,0,0

STAR,LAN2XA,ALL,2
IF,LANDA,21.613122,113.045206, ,0.0,0.0,0,0,0,0,0,0,0,0

STAR,LAN2XA,15,3
IF,LANDA,21.613122,113.045206, ,0.0,0.0,0,0,0,0,0,0,0,0
TF,UJ,21.920000,113.293333,0, ,0.0,0.0,0.0,0.0,0,0,0,0,0,0,0,0
TF,LINSI,22.221667,113.466667,0, ,0.0,0.0,0.0,0.0,0,0,0,0,0,0,0,0
TF,NLG,22.531667,113.561667,0, ,0.0,0.0,0.0,0.0,0,0,0,0,0,0,0,0
TF,D068G,22.579242,113.676831,0, ,0.0,0.0,0.0,0.0,2,4930,0,1,205,0,0,0

STAR,LAN2XA,16,3
IF,LANDA,21.613122,113.045206, ,0.0,0.0,0,0,0,0,0,0,0,0
TF,UJ,21.920000,113.293333,0, ,0.0,0.0,0.0,0.0,0,0,0,0,0,0,0,0
TF,LINSI,22.221667,113.466667,0, ,0.0,0.0,0.0,0.0,0,0,0,0,0,0,0,0
TF,NLG,22.531667,113.561667,0, ,0.0,0.0,0.0,0.0,0,0,0,0,0,0,0,0
TF,D068G,22.579242,113.676831,0, ,0.0,0.0,0.0,0.0,2,4930,0,1,205,0,0,0

STAR,LAN2ZA,ALL,2
IF,LANDA,21.613122,113.045206, ,0.0,0.0,0,0,0,0,0,0,0,0

STAR,LAN2ZA,33,3
IF,LANDA,21.613122,113.045206, ,0.0,0.0,0,0,0,0,0,0,0,0
TF,UJ,21.920000,113.293333,0, ,0.0,0.0,0.0,0.0,0,0,0,0,0,0,0,0
TF,ZUH,22.221667,113.466667,0, ,0.0,0.0,0.0,0.0,0,0,0,0,0,0,0,0
TF,D245V,22.334100,113.554489,0, ,0.0,0.0,0.0,0.0,2,6890,0,0,0,0,0,0
TF,D245R,22.363547,113.622956,0, ,0.0,0.0,0.0,0.0,2,4930,0,1,205,0,0,0

STAR,LAN2ZA,34,3
IF,LANDA,21.613122,113.045206, ,0.0,0.0,0,0,0,0,0,0,0,0
TF,UJ,21.920000,113.293333,0, ,0.0,0.0,0.0,0.0,0,0,0,0,0,0,0,0
TF,ZUH,22.221667,113.466667,0, ,0.0,0.0,0.0,0.0,0,0,0,0,0,0,0,0
TF,D245V,22.334100,113.554489,0, ,0.0,0.0,0.0,0.0,2,6890,0,0,0,0,0,0
TF,D245R,22.363547,113.622956,0, ,0.0,0.0,0.0,0.0,2,4930,0,1,205,0,0,0

STAR,LAN3ZA,ALL,2
IF,LANDA,21.613122,113.045206, ,0.0,0.0,0,0,0,0,0,0,0,0

STAR,LAN3ZA,33,3
IF,LANDA,21.613122,113.045206, ,0.0,0.0,0,0,0,0,0,0,0,0
TF,UJ,21.920000,113.293333,0, ,0.0,0.0,0.0,0.0,0,0,0,0,0,0,0,0
TF,LINSI,22.221667,113.466667,0, ,0.0,0.0,0.0,0.0,0,0,0,0,0,0,0,0
TF,NLG,22.531667,113.561667,0, ,0.0,0.0,0.0,0.0,2,4930,0,1,205,0,0,0

STAR,LAN3ZA,34,3
IF,LANDA,21.613122,113.045206, ,0.0,0.0,0,0,0,0,0,0,0,0
TF,UJ,21.920000,113.293333,0, ,0.0,0.0,0.0,0.0,0,0,0,0,0,0,0,0
TF,LINSI,22.221667,113.466667,0, ,0.0,0.0,0.0,0.0,0,0,0,0,0,0,0,0
TF,NLG,22.531667,113.561667,0, ,0.0,0.0,0.0,0.0,2,4930,0,1,205,0,0,0

STAR,LAN9XA,ALL,5
IF,LANDA,21.613122,113.045206, ,0.0,0.0,0,0,0,0,0,0,0,0

STAR,LAN9XA,15,6
IF,LANDA,21.613122,113.045206, ,0.0,0.0,0,0,0,0,0,0,0,0
TF,UJ,21.920000,113.293333,0, ,0.0,0.0,0.0,0.0,0,0,0,0,0,0,0,0
TF,ZUH,22.221667,113.466667,0, ,0.0,0.0,0.0,0.0,0,0,0,0,0,0,0,0
TF,SZ161,22.515000,113.365000,0, ,0.0,0.0,0.0,0.0,2,6890,0,0,0,0,0,0
TF,SZ163,22.598333,113.548333,0, ,0.0,0.0,0.0,0.0,2,4930,0,1,205,0,0,0

STAR,LAN9XA,16,6
IF,LANDA,21.613122,113.045206, ,0.0,0.0,0,0,0,0,0,0,0,0
TF,UJ,21.920000,113.293333,0, ,0.0,0.0,0.0,0.0,0,0,0,0,0,0,0,0
TF,ZUH,22.221667,113.466667,0, ,0.0,0.0,0.0,0.0,0,0,0,0,0,0,0,0
TF,SZ161,22.515000,113.365000,0, ,0.0,0.0,0.0,0.0,2,6890,0,0,0,0,0,0
TF,SZ163,22.598333,113.548333,0, ,0.0,0.0,0.0,0.0,2,4930,0,1,205,0,0,0

STAR,LAN9ZA,ALL,5
IF,LANDA,21.613122,113.045206, ,0.0,0.0,0,0,0,0,0,0,0,0

STAR,LAN9ZA,33,6
IF,LANDA,21.613122,113.045206, ,0.0,0.0,0,0,0,0,0,0,0,0
TF,UJ,21.920000,113.293333,0, ,0.0,0.0,0.0,0.0,0,0,0,0,0,0,0,0
TF,ZUH,22.221667,113.466667,0, ,0.0,0.0,0.0,0.0,0,0,0,0,0,0,0,0
TF,SZ062,22.331667,113.550000,0, ,0.0,0.0,0.0,0.0,2,4930,0,1,205,0,0,0

STAR,LAN9ZA,34,6
IF,LANDA,21.613122,113.045206, ,0.0,0.0,0,0,0,0,0,0,0,0
TF,UJ,21.920000,113.293333,0, ,0.0,0.0,0.0,0.0,0,0,0,0,0,0,0,0
TF,ZUH,22.221667,113.466667,0, ,0.0,0.0,0.0,0.0,0,0,0,0,0,0,0,0
TF,SZ062,22.331667,113.550000,0, ,0.0,0.0,0.0,0.0,2,4930,0,1,205,0,0,0

STAR,LOV0ZA,ALL,2
IF,LOVTA,21.748056,112.570278, ,0.0,0.0,0,0,0,0,0,0,0,0

STAR,LOV0ZA,33,3
IF,LOVTA,21.748056,112.570278, ,0.0,0.0,0,0,0,0,0,0,0,0
TF,GURIN,21.851111,113.000000,0, ,0.0,0.0,0.0,0.0,0,0,0,0,0,0,0,0
TF,UJ,21.920000,113.293333,0, ,0.0,0.0,0.0,0.0,0,0,0,0,0,0,0,0
TF,LINSI,22.221667,113.466667,0, ,0.0,0.0,0.0,0.0,0,0,0,0,0,0,0,0
TF,D245V,22.334100,113.554489,0, ,0.0,0.0,0.0,0.0,2,6890,0,0,0,0,0,0
TF,D245R,22.363547,113.622956,0, ,0.0,0.0,0.0,0.0,2,4930,0,1,205,0,0,0

STAR,LOV0ZA,34,3
IF,LOVTA,21.748056,112.570278, ,0.0,0.0,0,0,0,0,0,0,0,0
TF,GURIN,21.851111,113.000000,0, ,0.0,0.0,0.0,0.0,0,0,0,0,0,0,0,0
TF,UJ,21.920000,113.293333,0, ,0.0,0.0,0.0,0.0,0,0,0,0,0,0,0,0
TF,LINSI,22.221667,113.466667,0, ,0.0,0.0,0.0,0.0,0,0,0,0,0,0,0,0
TF,D245V,22.334100,113.554489,0, ,0.0,0.0,0.0,0.0,2,6890,0,0,0,0,0,0
TF,D245R,22.363547,113.622956,0, ,0.0,0.0,0.0,0.0,2,4930,0,1,205,0,0,0

STAR,LOV1XA,ALL,2
IF,LOVTA,21.748056,112.570278, ,0.0,0.0,0,0,0,0,0,0,0,0

STAR,LOV1XA,15,3
IF,LOVTA,21.748056,112.570278, ,0.0,0.0,0,0,0,0,0,0,0,0
TF,GURIN,21.851111,113.000000,0, ,0.0,0.0,0.0,0.0,0,0,0,0,0,0,0,0
TF,UJ,21.920000,113.293333,0, ,0.0,0.0,0.0,0.0,0,0,0,0,0,0,0,0
TF,ZUH,22.221667,113.466667,0, ,0.0,0.0,0.0,0.0,0,0,0,0,0,0,0,0
TF,NLG,22.531667,113.561667,0, ,0.0,0.0,0.0,0.0,0,0,0,0,0,0,0,0
TF,D068G,22.579242,113.676831,0, ,0.0,0.0,0.0,0.0,2,4930,0,1,205,0,0,0

STAR,LOV1XA,16,3
IF,LOVTA,21.748056,112.570278, ,0.0,0.0,0,0,0,0,0,0,0,0
TF,GURIN,21.851111,113.000000,0, ,0.0,0.0,0.0,0.0,0,0,0,0,0,0,0,0
TF,UJ,21.920000,113.293333,0, ,0.0,0.0,0.0,0.0,0,0,0,0,0,0,0,0
TF,ZUH,22.221667,113.466667,0, ,0.0,0.0,0.0,0.0,0,0,0,0,0,0,0,0
TF,NLG,22.531667,113.561667,0, ,0.0,0.0,0.0,0.0,0,0,0,0,0,0,0,0
TF,D068G,22.579242,113.676831,0, ,0.0,0.0,0.0,0.0,2,4930,0,1,205,0,0,0

STAR,LOV1ZA,ALL,2
IF,LOVTA,21.748056,112.570278, ,0.0,0.0,0,0,0,0,0,0,0,0

STAR,LOV1ZA,33,3
IF,LOVTA,21.748056,112.570278, ,0.0,0.0,0,0,0,0,0,0,0,0
TF,GURIN,21.851111,113.000000,0, ,0.0,0.0,0.0,0.0,0,0,0,0,0,0,0,0
TF,UJ,21.920000,113.293333,0, ,0.0,0.0,0.0,0.0,0,0,0,0,0,0,0,0
TF,ZUH,22.221667,113.466667,0, ,0.0,0.0,0.0,0.0,0,0,0,0,0,0,0,0
TF,NLG,22.531667,113.561667,0, ,0.0,0.0,0.0,0.0,2,4930,0,1,205,0,0,0

STAR,LOV1ZA,34,3
IF,LOVTA,21.748056,112.570278, ,0.0,0.0,0,0,0,0,0,0,0,0
TF,GURIN,21.851111,113.000000,0, ,0.0,0.0,0.0,0.0,0,0,0,0,0,0,0,0
TF,UJ,21.920000,113.293333,0, ,0.0,0.0,0.0,0.0,0,0,0,0,0,0,0,0
TF,ZUH,22.221667,113.466667,0, ,0.0,0.0,0.0,0.0,0,0,0,0,0,0,0,0
TF,NLG,22.531667,113.561667,0, ,0.0,0.0,0.0,0.0,2,4930,0,1,205,0,0,0

STAR,LOV2XA,ALL,2
IF,LOVTA,21.748056,112.570278, ,0.0,0.0,0,0,0,0,0,0,0,0

STAR,LOV2XA,15,3
IF,LOVTA,21.748056,112.570278, ,0.0,0.0,0,0,0,0,0,0,0,0
TF,GURIN,21.851111,113.000000,0, ,0.0,0.0,0.0,0.0,0,0,0,0,0,0,0,0
TF,UJ,21.920000,113.293333,0, ,0.0,0.0,0.0,0.0,0,0,0,0,0,0,0,0
TF,LINSI,22.221667,113.466667,0, ,0.0,0.0,0.0,0.0,0,0,0,0,0,0,0,0
TF,NLG,22.531667,113.561667,0, ,0.0,0.0,0.0,0.0,0,0,0,0,0,0,0,0
TF,D068G,22.579242,113.676831,0, ,0.0,0.0,0.0,0.0,2,4930,0,1,205,0,0,0

STAR,LOV2XA,16,3
IF,LOVTA,21.748056,112.570278, ,0.0,0.0,0,0,0,0,0,0,0,0
TF,GURIN,21.851111,113.000000,0, ,0.0,0.0,0.0,0.0,0,0,0,0,0,0,0,0
TF,UJ,21.920000,113.293333,0, ,0.0,0.0,0.0,0.0,0,0,0,0,0,0,0,0
TF,LINSI,22.221667,113.466667,0, ,0.0,0.0,0.0,0.0,0,0,0,0,0,0,0,0
TF,NLG,22.531667,113.561667,0, ,0.0,0.0,0.0,0.0,0,0,0,0,0,0,0,0
TF,D068G,22.579242,113.676831,0, ,0.0,0.0,0.0,0.0,2,4930,0,1,205,0,0,0

STAR,LOV2ZA,ALL,2
IF,LOVTA,21.748056,112.570278, ,0.0,0.0,0,0,0,0,0,0,0,0

STAR,LOV2ZA,33,3
IF,LOVTA,21.748056,112.570278, ,0.0,0.0,0,0,0,0,0,0,0,0
TF,GURIN,21.851111,113.000000,0, ,0.0,0.0,0.0,0.0,0,0,0,0,0,0,0,0
TF,UJ,21.920000,113.293333,0, ,0.0,0.0,0.0,0.0,0,0,0,0,0,0,0,0
TF,ZUH,22.221667,113.466667,0, ,0.0,0.0,0.0,0.0,0,0,0,0,0,0,0,0
TF,D245V,22.334100,113.554489,0, ,0.0,0.0,0.0,0.0,2,6890,0,0,0,0,0,0
TF,D245R,22.363547,113.622956,0, ,0.0,0.0,0.0,0.0,2,4930,0,1,205,0,0,0

STAR,LOV2ZA,34,3
IF,LOVTA,21.748056,112.570278, ,0.0,0.0,0,0,0,0,0,0,0,0
TF,GURIN,21.851111,113.000000,0, ,0.0,0.0,0.0,0.0,0,0,0,0,0,0,0,0
TF,UJ,21.920000,113.293333,0, ,0.0,0.0,0.0,0.0,0,0,0,0,0,0,0,0
TF,ZUH,22.221667,113.466667,0, ,0.0,0.0,0.0,0.0,0,0,0,0,0,0,0,0
TF,D245V,22.334100,113.554489,0, ,0.0,0.0,0.0,0.0,2,6890,0,0,0,0,0,0
TF,D245R,22.363547,113.622956,0, ,0.0,0.0,0.0,0.0,2,4930,0,1,205,0,0,0

STAR,LOV3ZA,ALL,2
IF,LOVTA,21.748056,112.570278, ,0.0,0.0,0,0,0,0,0,0,0,0

STAR,LOV3ZA,33,3
IF,LOVTA,21.748056,112.570278, ,0.0,0.0,0,0,0,0,0,0,0,0
TF,GURIN,21.851111,113.000000,0, ,0.0,0.0,0.0,0.0,0,0,0,0,0,0,0,0
TF,UJ,21.920000,113.293333,0, ,0.0,0.0,0.0,0.0,0,0,0,0,0,0,0,0
TF,LINSI,22.221667,113.466667,0, ,0.0,0.0,0.0,0.0,0,0,0,0,0,0,0,0
TF,NLG,22.531667,113.561667,0, ,0.0,0.0,0.0,0.0,2,4930,0,1,205,0,0,0

STAR,LOV3ZA,34,3
IF,LOVTA,21.748056,112.570278, ,0.0,0.0,0,0,0,0,0,0,0,0
TF,GURIN,21.851111,113.000000,0, ,0.0,0.0,0.0,0.0,0,0,0,0,0,0,0,0
TF,UJ,21.920000,113.293333,0, ,0.0,0.0,0.0,0.0,0,0,0,0,0,0,0,0
TF,LINSI,22.221667,113.466667,0, ,0.0,0.0,0.0,0.0,0,0,0,0,0,0,0,0
TF,NLG,22.531667,113.561667,0, ,0.0,0.0,0.0,0.0,2,4930,0,1,205,0,0,0

STAR,LOV9XA,ALL,5
IF,LOVTA,21.748056,112.570278, ,0.0,0.0,0,0,0,0,0,0,0,0

STAR,LOV9XA,15,6
IF,LOVTA,21.748056,112.570278, ,0.0,0.0,0,0,0,0,0,0,0,0
TF,GURIN,21.851111,113.000000,0, ,0.0,0.0,0.0,0.0,0,0,0,0,0,0,0,0
TF,UJ,21.920000,113.293333,0, ,0.0,0.0,0.0,0.0,0,0,0,0,0,0,0,0
TF,ZUH,22.221667,113.466667,0, ,0.0,0.0,0.0,0.0,0,0,0,0,0,0,0,0
TF,SZ161,22.515000,113.365000,0, ,0.0,0.0,0.0,0.0,2,6890,0,0,0,0,0,0
TF,SZ163,22.598333,113.548333,0, ,0.0,0.0,0.0,0.0,2,4930,0,1,205,0,0,0

STAR,LOV9XA,16,6
IF,LOVTA,21.748056,112.570278, ,0.0,0.0,0,0,0,0,0,0,0,0
TF,GURIN,21.851111,113.000000,0, ,0.0,0.0,0.0,0.0,0,0,0,0,0,0,0,0
TF,UJ,21.920000,113.293333,0, ,0.0,0.0,0.0,0.0,0,0,0,0,0,0,0,0
TF,ZUH,22.221667,113.466667,0, ,0.0,0.0,0.0,0.0,0,0,0,0,0,0,0,0
TF,SZ161,22.515000,113.365000,0, ,0.0,0.0,0.0,0.0,2,6890,0,0,0,0,0,0
TF,SZ163,22.598333,113.548333,0, ,0.0,0.0,0.0,0.0,2,4930,0,1,205,0,0,0

STAR,LOV9ZA,ALL,5
IF,LOVTA,21.748056,112.570278, ,0.0,0.0,0,0,0,0,0,0,0,0

STAR,LOV9ZA,33,6
IF,LOVTA,21.748056,112.570278, ,0.0,0.0,0,0,0,0,0,0,0,0
TF,GURIN,21.851111,113.000000,0, ,0.0,0.0,0.0,0.0,0,0,0,0,0,0,0,0
TF,UJ,21.920000,113.293333,0, ,0.0,0.0,0.0,0.0,0,0,0,0,0,0,0,0
TF,ZUH,22.221667,113.466667,0, ,0.0,0.0,0.0,0.0,0,0,0,0,0,0,0,0
TF,SZ062,22.331667,113.550000,0, ,0.0,0.0,0.0,0.0,2,4930,0,1,205,0,0,0

STAR,LOV9ZA,34,6
IF,LOVTA,21.748056,112.570278, ,0.0,0.0,0,0,0,0,0,0,0,0
TF,GURIN,21.851111,113.000000,0, ,0.0,0.0,0.0,0.0,0,0,0,0,0,0,0,0
TF,UJ,21.920000,113.293333,0, ,0.0,0.0,0.0,0.0,0,0,0,0,0,0,0,0
TF,ZUH,22.221667,113.466667,0, ,0.0,0.0,0.0,0.0,0,0,0,0,0,0,0,0
TF,SZ062,22.331667,113.550000,0, ,0.0,0.0,0.0,0.0,2,4930,0,1,205,0,0,0

STAR,OVG1XA,ALL,2
IF,OVGOT,22.783611,114.750000, ,0.0,0.0,0,0,0,0,0,0,0,0

STAR,OVG1XA,15,3
IF,OVGOT,22.783611,114.750000, ,0.0,0.0,0,0,0,0,0,0,0,0
TF,VIPAP,22.761389,114.532222,0, ,0.0,0.0,0.0,0.0,0,0,0,0,0,0,0,0
TF,GLN,22.708333,114.033333,0, ,0.0,0.0,0.0,0.0,2,4930,0,1,205,0,0,0

STAR,OVG1XA,16,3
IF,OVGOT,22.783611,114.750000, ,0.0,0.0,0,0,0,0,0,0,0,0
TF,VIPAP,22.761389,114.532222,0, ,0.0,0.0,0.0,0.0,0,0,0,0,0,0,0,0
TF,GLN,22.708333,114.033333,0, ,0.0,0.0,0.0,0.0,2,4930,0,1,205,0,0,0

STAR,OVG1ZA,ALL,2
IF,OVGOT,22.783611,114.750000, ,0.0,0.0,0,0,0,0,0,0,0,0

STAR,OVG1ZA,33,3
IF,OVGOT,22.783611,114.750000, ,0.0,0.0,0,0,0,0,0,0,0,0
TF,VIPAP,22.761389,114.532222,0, ,0.0,0.0,0.0,0.0,0,0,0,0,0,0,0,0
TF,D086W,22.751836,114.445217,0, ,0.0,0.0,0.0,0.0,0,0,0,0,0,0,0,0
TF,GLN,22.708333,114.033333,0, ,0.0,0.0,0.0,0.0,2,4930,0,1,205,0,0,0

STAR,OVG1ZA,34,3
IF,OVGOT,22.783611,114.750000, ,0.0,0.0,0,0,0,0,0,0,0,0
TF,VIPAP,22.761389,114.532222,0, ,0.0,0.0,0.0,0.0,0,0,0,0,0,0,0,0
TF,D086W,22.751836,114.445217,0, ,0.0,0.0,0.0,0.0,0,0,0,0,0,0,0,0
TF,GLN,22.708333,114.033333,0, ,0.0,0.0,0.0,0.0,2,4930,0,1,205,0,0,0

STAR,OVG2ZA,ALL,2
IF,OVGOT,22.783611,114.750000, ,0.0,0.0,0,0,0,0,0,0,0,0

STAR,OVG2ZA,33,3
IF,OVGOT,22.783611,114.750000, ,0.0,0.0,0,0,0,0,0,0,0,0
TF,VIPAP,22.761389,114.532222,0, ,0.0,0.0,0.0,0.0,0,0,0,0,0,0,0,0
TF,D086W,22.751836,114.445217,0, ,0.0,0.0,0.0,0.0,0,0,0,0,0,0,0,0
TF,D065L,22.583875,114.087869,0, ,0.0,0.0,0.0,0.0,2,4930,0,1,205,0,0,0

STAR,OVG2ZA,34,3
IF,OVGOT,22.783611,114.750000, ,0.0,0.0,0,0,0,0,0,0,0,0
TF,VIPAP,22.761389,114.532222,0, ,0.0,0.0,0.0,0.0,0,0,0,0,0,0,0,0
TF,D086W,22.751836,114.445217,0, ,0.0,0.0,0.0,0.0,0,0,0,0,0,0,0,0
TF,D065L,22.583875,114.087869,0, ,0.0,0.0,0.0,0.0,2,4930,0,1,205,0,0,0

STAR,OVG9XA,ALL,5
IF,OVGOT,22.783611,114.750000, ,0.0,0.0,0,0,0,0,0,0,0,0

STAR,OVG9XA,15,6
IF,OVGOT,22.783611,114.750000, ,0.0,0.0,0,0,0,0,0,0,0,0
TF,VIPAP,22.761389,114.532222,0, ,0.0,0.0,0.0,0.0,0,0,0,0,0,0,0,0
TF,SZ151,22.740000,114.325000,0, ,0.0,0.0,0.0,0.0,0,0,0,0,0,0,0,0
TF,GLN,22.708333,114.033333,0, ,0.0,0.0,0.0,0.0,2,4930,0,1,205,0,0,0

STAR,OVG9XA,16,6
IF,OVGOT,22.783611,114.750000, ,0.0,0.0,0,0,0,0,0,0,0,0
TF,VIPAP,22.761389,114.532222,0, ,0.0,0.0,0.0,0.0,0,0,0,0,0,0,0,0
TF,SZ151,22.740000,114.325000,0, ,0.0,0.0,0.0,0.0,0,0,0,0,0,0,0,0
TF,GLN,22.708333,114.033333,0, ,0.0,0.0,0.0,0.0,2,4930,0,1,205,0,0,0

STAR,OVG9ZA,ALL,5
IF,OVGOT,22.783611,114.750000, ,0.0,0.0,0,0,0,0,0,0,0,0

STAR,OVG9ZA,33,6
IF,OVGOT,22.783611,114.750000, ,0.0,0.0,0,0,0,0,0,0,0,0
TF,VIPAP,22.761389,114.532222,0, ,0.0,0.0,0.0,0.0,0,0,0,0,0,0,0,0
TF,SZ151,22.740000,114.325000,0, ,0.0,0.0,0.0,0.0,0,0,0,0,0,0,0,0
TF,GLN,22.708333,114.033333,0, ,0.0,0.0,0.0,0.0,2,4930,0,1,205,0,0,0

STAR,OVG9ZA,34,6
IF,OVGOT,22.783611,114.750000, ,0.0,0.0,0,0,0,0,0,0,0,0
TF,VIPAP,22.761389,114.532222,0, ,0.0,0.0,0.0,0.0,0,0,0,0,0,0,0,0
TF,SZ151,22.740000,114.325000,0, ,0.0,0.0,0.0,0.0,0,0,0,0,0,0,0,0
TF,GLN,22.708333,114.033333,0, ,0.0,0.0,0.0,0.0,2,4930,0,1,205,0,0,0

STAR,SAR1XA,ALL,2
IF,POU,23.021667,113.190000, ,0.0,0.0,0,0,0,0,0,0,0,0

STAR,SAR1XA,15,3
IF,POU,23.021667,113.190000, ,0.0,0.0,0,0,0,0,0,0,0,0
TF,SAREX,22.881667,113.483333,0, ,0.0,0.0,0.0,0.0,2,4930,0,0,0,0,0,0
TF,NLG,22.531667,113.561667,0, ,0.0,0.0,0.0,0.0,0,0,0,0,0,0,0,0
TF,D068G,22.579242,113.676831,1, ,0.0,0.0,0.0,0.0,2,4930,0,1,205,0,0,0

STAR,SAR1XA,16,3
IF,POU,23.021667,113.190000, ,0.0,0.0,0,0,0,0,0,0,0,0
TF,SAREX,22.881667,113.483333,0, ,0.0,0.0,0.0,0.0,2,4930,0,0,0,0,0,0
TF,NLG,22.531667,113.561667,0, ,0.0,0.0,0.0,0.0,0,0,0,0,0,0,0,0
TF,D068G,22.579242,113.676831,1, ,0.0,0.0,0.0,0.0,2,4930,0,1,205,0,0,0

STAR,SAR1ZA,ALL,2
IF,POU,23.021667,113.190000, ,0.0,0.0,0,0,0,0,0,0,0,0

STAR,SAR1ZA,33,3
IF,POU,23.021667,113.190000, ,0.0,0.0,0,0,0,0,0,0,0,0
TF,SAREX,22.881667,113.483333,0, ,0.0,0.0,0.0,0.0,0,0,0,0,0,0,0,0
TF,NLG,22.531667,113.561667,0, ,0.0,0.0,0.0,0.0,2,4930,0,1,205,0,0,0

STAR,SAR1ZA,34,3
IF,POU,23.021667,113.190000, ,0.0,0.0,0,0,0,0,0,0,0,0
TF,SAREX,22.881667,113.483333,0, ,0.0,0.0,0.0,0.0,0,0,0,0,0,0,0,0
TF,NLG,22.531667,113.561667,0, ,0.0,0.0,0.0,0.0,2,4930,0,1,205,0,0,0

STAR,SAR2XA,ALL,2
IF,POU,23.021667,113.190000, ,0.0,0.0,0,0,0,0,0,0,0,0

STAR,SAR2XA,15,3
IF,POU,23.021667,113.190000, ,0.0,0.0,0,0,0,0,0,0,0,0
TF,SAREX,22.881667,113.483333,0, ,0.0,0.0,0.0,0.0,2,4930,0,1,205,0,0,0

STAR,SAR2XA,16,3
IF,POU,23.021667,113.190000, ,0.0,0.0,0,0,0,0,0,0,0,0
TF,SAREX,22.881667,113.483333,0, ,0.0,0.0,0.0,0.0,2,4930,0,1,205,0,0,0

STAR,SAR9XA,ALL,5
IF,POU,23.021667,113.190000, ,0.0,0.0,0,0,0,0,0,0,0,0

STAR,SAR9XA,15,6
IF,POU,23.021667,113.190000, ,0.0,0.0,0,0,0,0,0,0,0,0
TF,SAREX,22.881667,113.483333,0, ,0.0,0.0,0.0,0.0,0,0,0,0,0,0,0,0
TF,SZ461,22.606667,113.455000,0, ,0.0,0.0,0.0,0.0,0,0,0,0,0,0,0,0
TF,SZ163,22.598333,113.548333,0, ,0.0,0.0,0.0,0.0,2,4930,0,1,205,0,0,0

STAR,SAR9XA,16,6
IF,POU,23.021667,113.190000, ,0.0,0.0,0,0,0,0,0,0,0,0
TF,SAREX,22.881667,113.483333,0, ,0.0,0.0,0.0,0.0,0,0,0,0,0,0,0,0
TF,SZ461,22.606667,113.455000,0, ,0.0,0.0,0.0,0.0,0,0,0,0,0,0,0,0
TF,SZ163,22.598333,113.548333,0, ,0.0,0.0,0.0,0.0,2,4930,0,1,205,0,0,0

STAR,SAR9ZA,ALL,5
IF,POU,23.021667,113.190000, ,0.0,0.0,0,0,0,0,0,0,0,0

STAR,SAR9ZA,33,6
IF,POU,23.021667,113.190000, ,0.0,0.0,0,0,0,0,0,0,0,0
TF,SAREX,22.881667,113.483333,0, ,0.0,0.0,0.0,0.0,0,0,0,0,0,0,0,0
TF,SZ061,22.746667,113.513333,0, ,0.0,0.0,0.0,0.0,0,0,0,0,0,0,0,0
TF,NLG,22.531667,113.561667,0, ,0.0,0.0,0.0,0.0,2,4930,0,1,205,0,0,0

STAR,SAR9ZA,34,6
IF,POU,23.021667,113.190000, ,0.0,0.0,0,0,0,0,0,0,0,0
TF,SAREX,22.881667,113.483333,0, ,0.0,0.0,0.0,0.0,0,0,0,0,0,0,0,0
TF,SZ061,22.746667,113.513333,0, ,0.0,0.0,0.0,0.0,0,0,0,0,0,0,0,0
TF,NLG,22.531667,113.561667,0, ,0.0,0.0,0.0,0.0,2,4930,0,1,205,0,0,0

APPTR,I15-Y,15,D068G
IF,D068G,22.579242,113.676831, ,0.0,0.0,2,4930,0,1,205,0,1,0
CF,D157W,22.810547,113.588200,1,NLG,7.0,16.7,337.0,15.0,0,0,0,0,0,0,0,1
CF,D014T,22.860425,113.637072,0,NLG,14.0,20.1,65.0,4.0,0,0,0,0,0,0,0,0
VI,0,IQJ,0.0,125.0,0,0,0,0,0,0,0,0

APPTR,I15-Y,15,GLN
IF,GLN,22.708333,114.033333, ,0.0,0.0,2,4930,0,1,205,0,1,0
CF,D309S,22.903342,113.753647,0,GLN,309.0,19.4,309.0,19.4,0,0,0,0,0,0,0,1
CF,D303U,22.892072,113.702672,0,GLN,303.0,21.4,245.0,3.0,0,0,0,0,0,0,0,0
VI,0,IQJ,0.0,185.0,0,0,0,0,0,0,0,0

APPTR,I15-Y,15,SAREX
IF,SAREX,22.881667,113.483333, ,0.0,0.0,2,4930,0,1,205,0,1,0
CF,D002S,22.844478,113.560369,0,NLG,1.8,18.7,120.0,4.8,0,0,0,0,0,0,0,1
CF,D014T,22.860425,113.637072,0,NLG,14.0,20.1,65.0,4.0,0,0,0,0,0,0,0,0
VI,0,IQJ,0.0,125.0,0,0,0,0,0,0,0,0

FINAL,I15-Y,15,I,3
IF,CF15,22.881667,113.675000,IQJ,334.6,17.4,2,3290,0,0,0,0,0,0
CF,FI15,22.803969,113.720264,0,IQJ,335.0,12.1,155.0,5.3,1,3290,0,0,0,0,2,0
CF,RW15,22.652967,113.803144,0,IQJ,335.0,2.0,155.0,10.1,1,63,0,0,0,0,3,0
CF,D155A,22.611711,113.825758,0,GLN,245.4,12.9,155.0,2.8,0,0,0,0,0,0,0,0
CF,D146F,22.575506,113.861589,0,GLN,232.2,12.4,140.0,2.9,0,0,0,1,185,0,0,1
CF,GLN,22.708333,114.033333,1,GLN,0.0,0.0,42.0,11.0,1,4930,0,1,185,0,0,1
HM,GLN,22.708333,114.033333,2, ,0.0,0.0,266.0,04.3,2,4930,0,1,205,0,0,0,0

APPTR,I15-Z,15,GLN
IF,GLN,22.708333,114.033333, ,0.0,0.0,2,4930,0,1,205,0,1,0
TF,SZ152,22.693333,113.888333,0, ,0.0,0.0,0.0,0.0,0,0,0,0,0,0,0,0
TF,SZ153,22.841667,113.806667,0, ,0.0,0.0,0.0,0.0,0,0,0,0,0,0,0,0
TF,SZ154,22.921667,113.761667,0, ,0.0,0.0,0.0,0.0,0,0,0,0,0,0,0,0
TF,CF15,22.881667,113.675000,0,IQJ,0.0,0.0,0.0,0.0,2,3290,0,0,0,0,1,0

APPTR,I15-Z,15,SZ163
IF,SZ163,22.598333,113.548333, ,0.0,0.0,2,4930,0,1,205,0,1,0
TF,SZ462,22.726667,113.561667,0, ,0.0,0.0,0.0,0.0,0,0,0,0,0,0,0,0
TF,SZ166,22.833333,113.573333,0, ,0.0,0.0,0.0,0.0,0,0,0,0,0,0,0,0
TF,CF15,22.881667,113.675000,0,IQJ,0.0,0.0,0.0,0.0,2,3290,0,0,0,0,1,0

FINAL,I15-Z,15,I,3
IF,CF15,22.881667,113.675000,IQJ,334.6,17.4,2,3290,0,0,0,0,0,0
CF,FI15,22.803969,113.720264,0,IQJ,335.0,12.1,155.0,5.3,1,3290,0,0,0,0,2,0
CF,RW15,22.652967,113.803144,0,IQJ,335.0,2.0,155.0,10.1,1,63,0,0,0,0,3,0
CF,D155A,22.611711,113.825758,0,GLN,245.4,12.9,155.0,2.8,0,0,0,0,0,0,0,0
CF,D146F,22.575506,113.861589,0,GLN,232.2,12.4,140.0,2.9,0,0,0,1,185,0,0,1
CF,GLN,22.708333,114.033333,1,GLN,0.0,0.0,42.0,11.0,1,4930,0,1,185,0,0,1
HM,GLN,22.708333,114.033333,2, ,0.0,0.0,266.0,04.3,2,4930,0,1,205,0,0,0,0

APPTR,I16-Y,16,D068G
IF,D068G,22.579242,113.676831, ,0.0,0.0,2,4930,0,1,205,0,1,0
CF,D157W,22.810547,113.588200,1,NLG,7.0,16.7,337.0,14.0,0,0,0,0,0,0,0,1
CF,D014T,22.860425,113.637072,0,NLG,14.0,20.1,65.0,4.0,0,0,0,0,0,0,0,1
VI,0,ISZ,0.0,110.0,0,0,0,0,0,0,0,0

APPTR,I16-Y,16,GLN
IF,GLN,22.708333,114.033333, ,0.0,0.0,2,4930,0,1,205,0,1,0
CF,D309S,22.903342,113.753647,0,GLN,309.0,19.4,309.0,19.4,0,0,0,0,0,0,0,1
DF,D306U,22.902408,113.722272,1, ,0.0,0.0,2,2960,0,0,0,0,0,0
CF,D301V,22.885614,113.687428,0,GLN,301.0,21.9,245.0,2.2,0,0,0,0,0,0,0,1
VI,0,ISZ,0.0,200.0,0,0,0,0,0,0,0,0

APPTR,I16-Y,16,SAREX
IF,SAREX,22.881667,113.483333, ,0.0,0.0,2,4930,0,1,205,0,1,0
CF,D002S,22.844478,113.560369,0,NLG,1.8,18.7,120.0,4.8,0,0,0,0,0,0,0,1
CF,D014T,22.860425,113.637072,0,NLG,14.0,20.1,65.0,4.0,0,0,0,0,0,0,0,0
VI,0,ISZ,0.0,110.0,0,0,0,0,0,0,0,0

FINAL,I16-Y,16,I,3
IF,CF16,22.875000,113.660000,ISZ,334.4,17.1,2,2300,0,0,0,0,0,0
CF,FI16,22.760767,113.726506,0,ISZ,335.0,9.3,155.0,7.8,1,2300,0,0,0,0,2,0
CF,RW16,22.654461,113.784853,0,ISZ,335.0,2.2,155.0,7.1,1,67,0,0,0,0,3,0
CA,0,155.0,2,500,0,0,0,0,0,0
CD, ,0,0,0,ISZ,0,0.0,185.0,8.0,0,0,0,0,0,0,0,0
DF,NLG,22.531667,113.561667,2, ,0.0,0.0,1,4930,0,1,220,0,0,1
HM,NLG,22.531667,113.561667,1, ,0.0,0.0,68.0,04.3,2,4930,0,1,205,0,0,0,0

APPTR,I16-Z,16,GLN
IF,GLN,22.708333,114.033333, ,0.0,0.0,2,4930,0,1,205,0,1,0
TF,SZ152,22.693333,113.888333,0, ,0.0,0.0,0.0,0.0,0,0,0,0,0,0,0,0
TF,SZ153,22.841667,113.806667,0, ,0.0,0.0,0.0,0.0,0,0,0,0,0,0,0,0
TF,SZ154,22.921667,113.761667,0, ,0.0,0.0,0.0,0.0,2,2960,0,0,0,0,0,0
TF,CF16,22.875000,113.660000,0,ISZ,0.0,0.0,0.0,0.0,2,2300,0,0,0,0,1,0

APPTR,I16-Z,16,SZ163
IF,SZ163,22.598333,113.548333, ,0.0,0.0,2,4930,0,1,205,0,1,0
TF,SZ462,22.726667,113.561667,0, ,0.0,0.0,0.0,0.0,0,0,0,0,0,0,0,0
TF,SZ166,22.833333,113.573333,0, ,0.0,0.0,0.0,0.0,2,2300,0,0,0,0,0,0
TF,CF16,22.875000,113.660000,0,ISZ,0.0,0.0,0.0,0.0,2,2300,0,0,0,0,1,0

FINAL,I16-Z,16,I,3
IF,CF16,22.875000,113.660000,ISZ,334.4,17.1,2,2300,0,0,0,0,0,0
CF,FI16,22.760767,113.726506,0,ISZ,335.0,9.3,155.0,7.8,1,2300,0,0,0,0,2,0
CF,RW16,22.654461,113.784853,0,ISZ,335.0,2.2,155.0,7.1,1,67,0,0,0,0,3,0
CA,0,155.0,2,500,0,0,0,0,0,0
CD, ,0,0,0,ISZ,0,0.0,185.0,8.0,0,0,0,1,220,0,0,0
DF,NLG,22.531667,113.561667,2, ,0.0,0.0,1,4930,0,1,220,0,0,1
HM,NLG,22.531667,113.561667,1, ,0.0,0.0,68.0,04.3,2,4930,0,1,205,0,0,0,0

APPTR,I33-X,33,GLN
IF,GLN,22.708333,114.033333, ,0.0,0.0,2,4930,0,1,205,0,1,0
FD,GLN,22.708333,114.033333,0,GLN,0.0,9.5,210.0,9.5,2,2960,0,0,0,0,0,0
CF,D210M,22.516328,113.923469,0,GLN,210.0,13.0,210.0,3.5,0,0,0,0,0,0,0,0
VI,2,IMH,0.0,305.0,0,0,0,0,0,0,0,0

APPTR,I33-X,33,NLG
IF,NLG,22.531667,113.561667, ,0.0,0.0,2,4930,0,1,205,0,1,0
CF,D106O,22.470761,113.823575,0,NLG,106.0,15.0,106.0,15.0,0,0,0,0,0,0,0,0
VI,1,IMH,0.0,5.0,0,0,0,0,0,0,0,0

FINAL,I33-X,33,I,3
IF,CF33,22.491667,113.890000,IMH,155.4,10.9,2,2300,0,0,0,0,0,0
CF,FI33,22.544594,113.862503,0,IMH,155.0,7.4,335.0,3.5,1,1810,0,0,0,0,2,0
CF,RW33,22.625600,113.818139,0,IMH,155.0,2.0,335.0,5.4,1,66,0,0,0,0,3,0
CF,D335A,22.665336,113.796347,0,GLN,261.0,13.4,335.0,2.7,0,0,0,0,0,0,0,0
CF,D341D,22.690144,113.790375,0,GLN,267.4,13.5,350.0,1.5,0,0,0,1,185,0,0,1
CF,GLN,22.708333,114.033333,2,GLN,0.0,0.0,98.0,12.0,1,4930,0,1,185,0,0,1
HM,GLN,22.708333,114.033333,2, ,0.0,0.0,266.0,04.3,2,4930,0,1,205,0,0,0,0

APPTR,I33-Y,33,D065L
IF,D065L,22.583875,114.087869, ,0.0,0.0,2,4930,0,1,205,0,1,0
CF,D065F,22.538400,113.991561,0,SHK,65.0,5.5,245.0,6.0,2,2960,0,0,0,0,0,0
CF,D065B,22.508053,113.927389,0,SHK,65.0,1.5,245.0,4.0,0,0,0,0,0,0,0,1
CI,0,IMH,0.0,305.0,0,0,0,0,0,0,0,0

APPTR,I33-Y,33,D245R
IF,D245R,22.363547,113.622956, ,0.0,0.0,2,4930,0,1,205,0,1,0
CF,D245D,22.466281,113.839200,0,SHK,245.0,4.0,65.0,13.5,0,0,0,0,0,0,0,0
FC,D245D,22.466281,113.839200,0,SHK,0.0,0.0,65.0,1.8,0,0,0,0,0,0,0,1
CI,0,IMH,0.0,5.0,0,0,0,0,0,0,0,0

APPTR,I33-Y,33,GLN
IF,GLN,22.708333,114.033333, ,0.0,0.0,2,4930,0,1,205,0,1,0
CF,D210J,22.568031,113.953017,0,GLN,210.0,9.5,210.0,9.5,2,2960,0,0,0,0,0,0
FD,D210J,22.568031,113.953017,0,SHK,34.9,1.5,210.0,1.5,0,0,0,0,0,0,0,0
CI,2,IMH,0.0,305.0,0,0,0,0,0,0,0,0

APPTR,I33-Y,33,NLG
IF,NLG,22.531667,113.561667, ,0.0,0.0,2,4930,0,1,205,0,1,0
FD,NLG,22.531667,113.561667,0,NLG,0.0,15.0,106.0,15.0,0,0,0,0,0,0,0,0
CF,D245B,22.479958,113.868056,0,SHK,245.0,2.2,65.0,2.0,0,0,0,0,0,0,0,1
CI,0,IMH,0.0,5.0,0,0,0,0,0,0,0,0

FINAL,I33-Y,33,I,3
IF,CF33,22.491667,113.890000,IMH,155.4,10.9,2,2300,0,0,0,0,0,0
CF,FI33,22.544594,113.862503,0,IMH,155.0,7.4,335.0,3.5,1,1810,0,0,0,0,2,0
CF,RW33,22.625600,113.818139,0,IMH,155.0,2.0,335.0,5.4,1,66,0,0,0,0,3,0
CF,D335A,22.665336,113.796347,0,GLN,261.0,13.4,335.0,2.7,0,0,0,0,0,0,0,0
CF,D341D,22.690144,113.790375,0,GLN,267.4,13.5,350.0,1.5,0,0,0,1,185,0,0,1
CF,GLN,22.708333,114.033333,2,GLN,0.0,0.0,98.0,12.0,1,4930,0,1,185,0,0,1
HM,GLN,22.708333,114.033333,2, ,0.0,0.0,266.0,04.3,2,4930,0,1,205,0,0,0,0

APPTR,I33-Z,33,GLN
IF,GLN,22.708333,114.033333, ,0.0,0.0,2,4930,0,1,205,0,1,0
TF,SZ052,22.533333,113.976667,0, ,0.0,0.0,0.0,0.0,2,2960,0,0,0,0,0,0
TF,CF33,22.491667,113.890000,0,IMH,0.0,0.0,0.0,0.0,2,2300,0,0,0,0,1,0

APPTR,I33-Z,33,NLG
IF,NLG,22.531667,113.561667, ,0.0,0.0,2,4930,0,1,205,0,1,0
TF,SZ063,22.445000,113.790000,0, ,0.0,0.0,0.0,0.0,0,0,0,0,0,0,0,0
TF,CF33,22.491667,113.890000,0,IMH,0.0,0.0,0.0,0.0,2,2300,0,0,0,0,1,0

APPTR,I33-Z,33,SZ051
IF,SZ051,22.593333,114.103333, ,0.0,0.0,2,4930,0,1,205,0,1,0
TF,SZ052,22.533333,113.976667,0, ,0.0,0.0,0.0,0.0,2,2960,0,0,0,0,0,0
TF,CF33,22.491667,113.890000,0,IMH,0.0,0.0,0.0,0.0,2,2300,0,0,0,0,1,0

APPTR,I33-Z,33,SZ062
IF,SZ062,22.331667,113.550000, ,0.0,0.0,2,4930,0,1,205,0,1,0
TF,SZ063,22.445000,113.790000,0, ,0.0,0.0,0.0,0.0,0,0,0,0,0,0,0,0
TF,CF33,22.491667,113.890000,0,IMH,0.0,0.0,0.0,0.0,2,2300,0,0,0,0,1,0

FINAL,I33-Z,33,I,3
IF,CF33,22.491667,113.890000,IMH,155.4,10.9,2,2300,0,0,0,0,0,0
CF,FI33,22.544594,113.862503,0,IMH,155.0,7.4,335.0,3.5,1,1810,0,0,0,0,2,0
CF,RW33,22.625600,113.818139,0,IMH,155.0,2.0,335.0,5.4,1,66,0,0,0,0,3,0
CF,D335A,22.665336,113.796347,0,GLN,261.0,13.4,335.0,2.7,0,0,0,0,0,0,0,0
CF,D341D,22.690144,113.790375,0,GLN,267.4,13.5,350.0,1.5,0,0,0,1,185,0,0,1
CF,GLN,22.708333,114.033333,2,GLN,0.0,0.0,98.0,12.0,1,4930,0,1,185,0,0,1
HM,GLN,22.708333,114.033333,2, ,0.0,0.0,266.0,04.3,2,4930,0,1,205,0,0,0,0

APPTR,I34-X,34,GLN
IF,GLN,22.708333,114.033333, ,0.0,0.0,2,4930,0,1,205,0,1,0
FD,GLN,22.708333,114.033333,0,GLN,0.0,9.5,210.0,9.5,2,2960,0,0,0,0,0,0
CF,D210M,22.516328,113.923469,0,GLN,210.0,13.0,210.0,3.5,0,0,0,0,0,0,0,0
VI,2,IBA,0.0,305.0,0,0,0,0,0,0,0,0

APPTR,I34-X,34,NLG
IF,NLG,22.531667,113.561667, ,0.0,0.0,2,4930,0,1,205,0,1,0
CF,D106O,22.470761,113.823575,0,NLG,106.0,15.0,106.0,15.0,0,0,0,0,0,0,0,0
VI,1,IBA,0.0,5.0,0,0,0,0,0,0,0,0

FINAL,I34-X,34,I,3
IF,CF34,22.486667,113.876667,IBA,155.0,11.4,2,2300,0,0,0,0,0,0
CF,FI34,22.542892,113.845989,0,IBA,155.0,7.6,335.0,3.8,1,1810,0,0,0,0,2,0
CF,RW34,22.623881,113.801619,0,IBA,155.0,2.2,335.0,5.4,1,68,0,0,0,0,3,0
CA,0,335.0,2,500,0,0,0,0,0,0
CD, ,0,0,0,IBA,0,0.0,305.0,5.0,0,0,0,1,220,0,0,0
DF,NLG,22.531667,113.561667,1, ,0.0,0.0,1,4930,0,1,220,0,0,1
HM,NLG,22.531667,113.561667,1, ,0.0,0.0,170.0,04.3,2,4930,0,1,205,0,0,0,0

APPTR,I34-Y,34,D065L
IF,D065L,22.583875,114.087869, ,0.0,0.0,2,4930,0,1,205,0,1,0
CF,D065F,22.538400,113.991561,0,SHK,65.0,5.5,245.0,6.0,2,2960,0,0,0,0,0,0
CF,D065B,22.508053,113.927389,0,SHK,65.0,1.5,245.0,4.0,0,0,0,0,0,0,0,1
CF,SHK,22.496667,113.903333,0,SHK,0.0,0.0,245.0,1.5,0,0,0,0,0,0,0,0
VI,0,IBA,0.0,305.0,0,0,0,0,0,0,0,0

APPTR,I34-Y,34,D245R
IF,D245R,22.363547,113.622956, ,0.0,0.0,2,4930,0,1,205,0,1,0
CF,D245D,22.466281,113.839200,0,SHK,245.0,4.0,65.0,13.5,0,0,0,0,0,0,0,0
VI,0,IBA,0.0,5.0,0,0,0,0,0,0,0,0

APPTR,I34-Y,34,GLN
IF,GLN,22.708333,114.033333, ,0.0,0.0,2,4930,0,1,205,0,1,0
FD,GLN,22.708333,114.033333,0,GLN,0.0,9.5,210.0,9.5,2,2960,0,0,0,0,0,0
CF,D210M,22.516328,113.923469,0,GLN,210.0,13.0,210.0,3.5,0,0,0,0,0,0,0,0
VI,2,IBA,0.0,305.0,0,0,0,0,0,0,0,0

APPTR,I34-Y,34,NLG
IF,NLG,22.531667,113.561667, ,0.0,0.0,2,4930,0,1,205,0,1,0
CF,D106O,22.470761,113.823575,0,NLG,106.0,15.0,106.0,15.0,0,0,0,0,0,0,0,0
VI,1,IBA,0.0,5.0,0,0,0,0,0,0,0,0

FINAL,I34-Y,34,I,3
IF,CF34,22.486667,113.876667,IBA,155.0,11.4,1,2300,0,0,0,0,0,0
CF,FI34,22.542892,113.845989,0,IBA,155.0,7.6,335.0,3.8,1,1810,0,0,0,0,2,0
CF,RW34,22.623881,113.801619,0,IBA,155.0,2.2,335.0,5.4,1,68,0,0,0,0,3,0
CA,0,335.0,2,500,0,0,0,0,0,0
CD, ,0,0,0,IBA,0,0.0,305.0,5.0,0,0,0,1,220,0,0,0
DF,NLG,22.531667,113.561667,1, ,0.0,0.0,1,4930,0,1,220,0,0,1
HM,NLG,22.531667,113.561667,1, ,0.0,0.0,170.0,04.3,2,4930,0,1,205,0,0,0,0

APPTR,I34-Z,34,GLN
IF,GLN,22.708333,114.033333, ,0.0,0.0,2,4930,0,1,205,0,1,0
TF,SZ052,22.533333,113.976667,0, ,0.0,0.0,0.0,0.0,2,2960,0,0,0,0,0,0
TF,CF34,22.486667,113.876667,0,IBA,0.0,0.0,0.0,0.0,2,2300,0,0,0,0,1,0

APPTR,I34-Z,34,NLG
IF,NLG,22.531667,113.561667, ,0.0,0.0,2,4930,0,1,205,0,1,0
TF,SZ063,22.445000,113.790000,0, ,0.0,0.0,0.0,0.0,0,0,0,0,0,0,0,0
TF,CF34,22.486667,113.876667,0,IBA,0.0,0.0,0.0,0.0,2,2300,0,0,0,0,1,0

APPTR,I34-Z,34,SZ051
IF,SZ051,22.593333,114.103333, ,0.0,0.0,2,4930,0,1,205,0,1,0
TF,SZ052,22.533333,113.976667,0, ,0.0,0.0,0.0,0.0,2,2960,0,0,0,0,0,0
TF,CF34,22.486667,113.876667,0,IBA,0.0,0.0,0.0,0.0,2,2300,0,0,0,0,1,0

APPTR,I34-Z,34,SZ062
IF,SZ062,22.331667,113.550000, ,0.0,0.0,2,4930,0,1,205,0,1,0
TF,SZ063,22.445000,113.790000,0, ,0.0,0.0,0.0,0.0,0,0,0,0,0,0,0,0
TF,CF34,22.486667,113.876667,0,IBA,0.0,0.0,0.0,0.0,2,2300,0,0,0,0,1,0

FINAL,I34-Z,34,I,3
IF,CF34,22.486667,113.876667,IBA,155.0,11.4,2,2300,0,0,0,0,0,0
CF,FI34,22.542892,113.845989,0,IBA,155.0,7.6,335.0,3.8,1,1810,0,0,0,0,2,0
CF,RW34,22.623881,113.801619,0,IBA,155.0,2.2,335.0,5.4,1,68,0,0,0,0,3,0
CA,0,335.0,2,500,0,0,0,0,0,0
CD, ,0,0,0,IBA,0,0.0,305.0,5.0,0,0,0,1,220,0,0,0
DF,NLG,22.531667,113.561667,1, ,0.0,0.0,1,4930,0,1,220,0,0,1
HM,NLG,22.531667,113.561667,1, ,0.0,0.0,170.0,04.3,2,4930,0,1,205,0,0,0,0

