SID,DYG01D,19,2
CF,D189E,30.253736,109.473842,0,DYK,189.0,5.0,192.0,4.0,0,0,0,0,0,0,0,0
TF,D189M,30.120814,109.457783,0, ,0.0,0.0,0.0,0.0,2,4430,0,0,0,0,0,1
VI,0, ,0.0,144.0,0,0,0,1,220,0,0,0
AF,D161K,30.128864,109.677325,1,DYK,144.0,16.0,189.0,2,6890,0,0,0,0,0,1
CF,DYG,29.093333,110.405000,2,ENH,152.5,83.1,153.0,70.0,0,0,0,0,0,0,0,0

SID,DYG11D,01,2
CA,0,12.0,2,2030,0,0,0,0,0,0
CF,D030B,30.365092,109.500517,0,DYK,30.0,1.9,22.0,1.0,0,0,0,0,0,0,0,0
TF,D030G,30.439503,109.544294,0, ,0.0,0.0,0.0,0.0,2,3940,0,0,0,0,0,1
DF,D007E,30.366656,109.607783,2, ,0.0,0.0,2,4930,0,1,205,0,0,0
TF,ENH,30.291667,109.601667,0, ,0.0,0.0,0.0,0.0,0,0,0,0,0,0,0,0
TF,DYG,29.093333,110.405000,0, ,0.0,0.0,0.0,0.0,0,0,0,0,0,0,0,0

SID,FLG01D,19,2
CF,D189E,30.253736,109.473842,0,DYK,189.0,5.0,192.0,4.0,0,0,0,0,0,0,0,0
TF,D189M,30.120814,109.457783,0, ,0.0,0.0,0.0,0.0,2,4430,0,0,0,0,0,1
CF,ENH,30.291667,109.601667,1,ENH,0.0,0.0,14.0,11.0,0,0,0,1,220,0,0,0
TF,FLG,29.700000,107.378333,1, ,0.0,0.0,0.0,0.0,0,0,0,0,0,0,0,0

SID,FLG11D,01,2
CA,0,12.0,2,2030,0,0,0,0,0,0
CF,D030B,30.365092,109.500517,0,DYG,331.4,89.6,22.0,1.0,0,0,0,0,0,0,0,0
TF,D030G,30.439503,109.544294,0, ,0.0,0.0,0.0,0.0,2,3940,0,0,0,0,0,1
DF,D007E,30.366656,109.607783,2, ,0.0,0.0,2,4930,0,1,205,0,0,0
TF,ENH,30.291667,109.601667,0, ,0.0,0.0,0.0,0.0,0,0,0,0,0,0,0,0
TF,FLG,29.700000,107.378333,0, ,0.0,0.0,0.0,0.0,0,0,0,0,0,0,0,0

SID,YIH01D,19,2
CF,D189E,30.253736,109.473842,0,DYK,189.0,5.0,192.0,4.0,0,0,0,0,0,0,0,0
TF,D189M,30.120814,109.457783,0, ,0.0,0.0,0.0,0.0,2,4430,0,0,0,0,0,1
CF,ENH,30.291667,109.601667,1,ENH,0.0,0.0,14.0,11.0,0,0,0,1,220,0,0,0
TF,YIH,30.563333,111.476667,0, ,0.0,0.0,0.0,0.0,0,0,0,0,0,0,0,0

SID,YIH11D,01,2
CA,0,12.0,2,2030,0,0,0,0,0,0
CF,D030B,30.365092,109.500517,0,DYK,30.0,1.9,22.0,1.0,0,0,0,0,0,0,0,0
TF,D030G,30.439503,109.544294,0, ,0.0,0.0,0.0,0.0,2,3940,0,0,0,0,0,1
DF,D007E,30.366656,109.607783,2, ,0.0,0.0,2,4930,0,1,205,0,0,1
CF,YIH,30.563333,111.476667,1,ENH,83.0,98.6,84.0,95.0,0,0,0,0,0,0,0,0

SID,ZHJ01D,19,2
CF,D189E,30.253736,109.473842,0,DYK,189.0,5.0,192.0,4.0,0,0,0,0,0,0,0,0
TF,D189M,30.120814,109.457783,0, ,0.0,0.0,0.0,0.0,2,4430,0,0,0,0,0,1
DF,D181Q,30.012819,109.612397,0, ,0.0,0.0,2,6890,0,1,220,0,0,0
TF,ZHJ,27.450000,109.708333,0, ,0.0,0.0,0.0,0.0,0,0,0,0,0,0,0,0

SID,ZHJ11D,01,2
CA,0,12.0,2,2030,0,0,0,0,0,0
CF,D030B,30.365092,109.500517,0,DYK,30.0,1.9,22.0,1.0,0,0,0,0,0,0,0,0
TF,D030G,30.439503,109.544294,0, ,0.0,0.0,0.0,0.0,2,3940,0,0,0,0,0,1
DF,D007E,30.366656,109.607783,2, ,0.0,0.0,2,4930,0,1,205,0,0,0
TF,ENH,30.291667,109.601667,0, ,0.0,0.0,0.0,0.0,0,0,0,0,0,0,0,0
TF,ZHJ,27.450000,109.708333,0, ,0.0,0.0,0.0,0.0,0,0,0,0,0,0,0,0

STAR,DYG01A,01,2
IF,DYG,29.093333,110.405000, ,0.0,0.0,0,0,0,0,0,0,0,0
TF,D153J,30.145000,109.700000,0, ,0.0,0.0,0.0,0.0,2,8860,0,0,0,0,0,0
TF,ENH,30.291667,109.601667,0, ,0.0,0.0,0.0,0.0,2,8860,0,1,205,0,0,0

STAR,DYG02A,01,2
IF,DYG,29.093333,110.405000, ,0.0,0.0,0,0,0,0,0,0,0,0
TF,D153J,30.145000,109.700000,0, ,0.0,0.0,0.0,0.0,2,8860,0,1,205,0,0,0

STAR,DYG11A,19,2
IF,DYG,29.093333,110.405000, ,0.0,0.0,0,0,0,0,0,0,0,0
TF,ENH,30.291667,109.601667,0, ,0.0,0.0,0.0,0.0,2,8860,0,1,205,0,0,0

STAR,FLG01A,01,2
IF,FLG,29.700000,107.378333, ,0.0,0.0,0,0,0,0,0,0,0,0
TF,ENH,30.291667,109.601667,0, ,0.0,0.0,0.0,0.0,2,8860,0,1,205,0,0,0

STAR,FLG11A,19,2
IF,FLG,29.700000,107.378333, ,0.0,0.0,0,0,0,0,0,0,0,0
TF,ENH,30.291667,109.601667,0, ,0.0,0.0,0.0,0.0,2,8860,0,1,205,0,0,0

STAR,YIH01A,01,2
IF,YIH,30.563333,111.476667, ,0.0,0.0,0,0,0,0,0,0,0,0
TF,ENH,30.291667,109.601667,0, ,0.0,0.0,0.0,0.0,2,8860,0,1,205,0,0,0

STAR,YIH11A,19,2
IF,YIH,30.563333,111.476667, ,0.0,0.0,0,0,0,0,0,0,0,0
TF,D084N,30.333333,109.866667,0, ,0.0,0.0,0.0,0.0,2,8860,0,0,0,0,0,0
TF,ENH,30.291667,109.601667,0, ,0.0,0.0,0.0,0.0,2,8860,0,1,205,0,0,0

STAR,YIH12A,19,2
IF,YIH,30.563333,111.476667, ,0.0,0.0,0,0,0,0,0,0,0,0
TF,D084N,30.333333,109.866667,0, ,0.0,0.0,0.0,0.0,2,8860,0,1,205,0,0,0

STAR,ZHJ01A,01,2
IF,ZHJ,27.450000,109.708333, ,0.0,0.0,0,0,0,0,0,0,0,0
TF,D181R,29.988333,109.615000,0, ,0.0,0.0,0.0,0.0,2,8860,0,0,0,0,0,0
TF,D181M,30.081667,109.608333,0, ,0.0,0.0,0.0,0.0,0,0,0,0,0,0,0,0
TF,ENH,30.291667,109.601667,0, ,0.0,0.0,0.0,0.0,2,8860,0,1,205,0,0,0

STAR,ZHJ02A,01,2
IF,ZHJ,27.450000,109.708333, ,0.0,0.0,0,0,0,0,0,0,0,0
TF,D181R,29.988333,109.615000,0, ,0.0,0.0,0.0,0.0,2,8860,0,0,0,0,0,0
TF,D181M,30.081667,109.608333,0, ,0.0,0.0,0.0,0.0,2,6890,0,1,205,0,0,0

STAR,ZHJ11A,19,2
IF,ZHJ,27.450000,109.708333, ,0.0,0.0,0,0,0,0,0,0,0,0
TF,ENH,30.291667,109.601667,0, ,0.0,0.0,0.0,0.0,2,8860,0,1,205,0,0,0

APPTR,D01,01,D153J
IF,D153J,30.145000,109.700000, ,0.0,0.0,2,8860,0,1,205,0,1,0
CI,0, ,0.0,333.0,0,0,0,0,0,0,0,0
AF,D165N,30.114339,109.567033,2,DYK,165.0,14.0,137.0,2,6890,0,0,0,0,0,0
AF,CD01,30.103239,109.469819,2,DYK,186.0,14.0,165.0,2,5250,0,0,0,0,1,0

APPTR,D01,01,D181M
IF,D181M,30.081667,109.608333, ,0.0,0.0,2,6890,0,1,205,0,1,0
CI,0, ,0.0,1.0,0,0,0,0,0,0,0,0
AF,D165N,30.114339,109.567033,2,DYK,165.0,14.0,156.0,2,6890,0,0,0,0,0,0
AF,CD01,30.103239,109.469819,2,DYK,186.0,14.0,165.0,2,5250,0,0,0,0,1,0

APPTR,D01,01,ENH
IF,ENH,30.291667,109.601667, ,0.0,0.0,2,8860,0,1,205,0,1,0
FD,ENH,30.291667,109.601667,0,ENH,0.0,11.0,202.0,11.0,2,5250,0,0,0,0,0,0
DF,D179N,30.101675,109.500708,0, ,0.0,0.0,0,0,0,0,0,0,0,1
CF,CD01,30.103239,109.469819,2,DYK,186.0,14.0,6.0,1.0,2,5250,0,0,0,0,1,0

FINAL,D01,01,D,4
IF,CD01,30.103239,109.469819,DYK,186.0,14.0,2,5250,0,0,0,0,0,0
CF,FD01,30.186658,109.474842,0,DYK,186.0,9.0,6.0,5.0,2,4270,0,0,0,0,2,0
CF,54VOR,30.246719,109.478461,0,DYK,186.0,5.4,6.0,3.6,2,2960,0,0,0,0,0,0
CF,MD01,30.295100,109.481381,0,DYK,186.0,2.5,6.0,2.9,1,2043,0,0,0,0,3,0
CF,DYK,30.336811,109.483900,0,DYK,0.0,0.0,6.0,2.5,0,0,0,0,0,0,0,0
FD,DYK,30.336811,109.483900,0,DYK,0.0,5.3,30.0,5.3,2,3610,0,0,0,0,0,0
DF,ENH,30.291667,109.601667,2, ,0.0,0.0,1,8860,0,0,0,0,0,0
HM,ENH,30.291667,109.601667,1, ,0.0,0.0,207.0,04.3,2,8860,0,1,205,0,0,0,0

APPTR,D19,19,D084N
IF,D084N,30.333333,109.866667, ,0.0,0.0,2,8860,0,1,205,0,1,0
CI,0, ,0.0,264.0,0,0,0,0,0,0,0,0
AF,D035Q,30.577539,109.657831,1,DYK,35.0,17.0,95.0,0,0,0,0,0,0,0,0
CF,CD19,30.591989,109.627806,0,DYK,29.0,17.0,209.0,1.0,2,6890,0,0,0,0,1,0

APPTR,D19,19,ENH
IF,ENH,30.291667,109.601667, ,0.0,0.0,2,8860,0,1,205,0,1,0
FD,ENH,30.291667,109.601667,0,ENH,0.0,15.5,17.0,15.5,2,6890,0,0,0,0,0,0
DF,D035Q,30.577539,109.657831,1, ,0.0,0.0,0,0,0,0,0,0,0,1
CF,CD19,30.591989,109.627806,1,DYK,29.0,17.0,209.0,1.0,2,6890,0,0,0,0,1,0

FINAL,D19,19,D,4
IF,CD19,30.591989,109.627806,DYK,29.0,17.0,2,6890,0,0,0,0,0,0
CF,FD19,30.474928,109.561683,0,DYK,29.0,9.2,209.0,7.8,2,5090,0,0,0,0,2,0
CF,52VOR,30.414883,109.527836,0,DYK,29.0,5.2,209.0,4.0,2,3610,0,0,0,0,0,0
CF,MD19,30.350322,109.491497,0,DYK,29.0,0.9,209.0,4.3,1,2036,0,0,0,0,3,0
CF,DYK,30.336811,109.483900,0,DYK,0.0,0.0,209.0,0.9,0,0,0,0,0,0,0,0
FA,DYK,30.336811,109.483900,0,DYK,0.0,0.0,189.0,2,4430,0,0,0,0,0,0
DF,ENH,30.291667,109.601667,1, ,0.0,0.0,1,8860,0,0,0,0,0,0
HM,ENH,30.291667,109.601667,2, ,0.0,0.0,17.0,04.3,2,8860,0,1,205,0,0,0,0

APPTR,I01,01,D153J
IF,D153J,30.145000,109.700000, ,0.0,0.0,2,8860,0,1,205,0,1,0
CI,0, ,0.0,333.0,0,0,0,0,0,0,0,0
AF,D165N,30.114339,109.567033,2,DYK,165.0,14.0,137.0,2,6890,0,0,0,0,0,0
AF,D183N,30.102919,109.483900,2,DYK,183.0,14.0,165.0,0,0,0,0,0,0,0,0
VI,0,IGG,0.0,342.0,0,0,0,0,0,0,0,0

APPTR,I01,01,D181M
IF,D181M,30.081667,109.608333, ,0.0,0.0,2,6890,0,1,205,0,1,0
CI,0, ,0.0,1.0,0,0,0,0,0,0,0,0
AF,D165N,30.114339,109.567033,2,DYK,165.0,14.0,156.0,2,6890,0,0,0,0,0,0
AF,D183N,30.102919,109.483900,2,DYK,183.0,14.0,165.0,0,0,0,0,0,0,0,0
VI,0,IGG,0.0,342.0,0,0,0,0,0,0,0,0

APPTR,I01,01,ENH
IF,ENH,30.291667,109.601667, ,0.0,0.0,2,8860,0,1,205,0,1,0
FD,ENH,30.291667,109.601667,0,ENH,0.0,11.6,207.0,11.6,2,5250,0,0,0,0,0,0
DF,D183N,30.102919,109.483900,0, ,0.0,0.0,0,0,0,0,0,0,0,1
VI,2,IGG,0.0,342.0,0,0,0,0,0,0,0,0

FINAL,I01,01,I,3
IF,CI01,30.104317,109.447078,IGG,192.0,14.1,2,5250,0,0,0,0,0,0
CF,FI01,30.219831,109.468094,0,IGG,192.0,7.1,12.0,7.0,1,3610,0,0,0,0,2,0
CF,RW01,30.312889,109.485064,0,IGG,192.0,1.4,12.0,5.7,1,1676,0,0,0,0,3,0
CI,0, ,0.0,12.0,0,0,0,0,0,0,0,0
CF,D030E,30.415694,109.530278,0,DYK,30.0,5.3,30.0,4.7,2,3610,0,0,0,0,0,1
DF,ENH,30.291667,109.601667,2, ,0.0,0.0,1,8860,0,0,0,0,0,0
HM,ENH,30.291667,109.601667,1, ,0.0,0.0,207.0,04.3,2,8860,0,1,205,0,0,0,0

