SID,BIV01D,04L,2
CF,HG,30.925167,114.355739,0,WHA,46.5,11.7,46.0,12.0,0,0,0,0,0,0,0,0
TF,D046Z,31.103169,114.542142,0, ,0.0,0.0,0.0,0.0,2,11800,0,0,0,0,0,0
TF,BIVIP,31.128889,115.280278,0, ,0.0,0.0,0.0,0.0,0,0,0,0,0,0,0,0

SID,BIV02D,04R,2
DF,DE04R,30.781931,114.235550,0, ,0.0,0.0,0,0,0,0,0,0,0,1
CF,D055I,30.873061,114.334272,0,DHP,275.5,7.0,46.0,7.0,2,1650,0,0,0,0,0,0
TF,D055Y,31.040792,114.575731,0, ,0.0,0.0,0.0,0.0,2,11800,0,0,0,0,0,0
TF,WHA31,31.101483,114.663467,0, ,0.0,0.0,0.0,0.0,0,0,0,0,0,0,0,0
TF,BIVIP,31.128889,115.280278,0, ,0.0,0.0,0.0,0.0,0,0,0,0,0,0,0,0

SID,BIV03D,04L,2
DF,DE04L,30.795200,114.219925,0, ,0.0,0.0,0,0,0,0,0,0,0,1
CA,0,46.0,2,1650,0,0,0,0,0,0
DF,DHP,30.870000,114.470000,2, ,0.0,0.0,0,0,0,1,210,0,0,0
TF,BIVIP,31.128889,115.280278,0, ,0.0,0.0,0.0,0.0,0,0,0,0,0,0,0,0

SID,BIV04D,04R,2
DF,DE04R,30.781931,114.235550,0, ,0.0,0.0,0,0,0,0,0,0,0,1
CA,0,61.0,2,830,0,0,0,0,0,0
DF,DHP,30.870000,114.470000,0, ,0.0,0.0,0,0,0,1,210,0,0,0
TF,BIVIP,31.128889,115.280278,0, ,0.0,0.0,0.0,0.0,0,0,0,0,0,0,0,0

SID,BIV06D,04R,5
DF,DE04R,30.781931,114.235550,0, ,0.0,0.0,0,0,0,0,0,0,0,1
VA,0,46.0,2,500,0,0,0,0,0,0
CF,HH466,30.835556,114.329722,0,WHA,67.7,7.3,61.0,4.0,2,1320,0,1,210,0,0,0
TF,DHP,30.870000,114.470000,0, ,0.0,0.0,0.0,0.0,0,0,0,0,0,0,0,0
TF,BIVIP,31.128889,115.280278,0, ,0.0,0.0,0.0,0.0,0,0,0,0,0,0,0,0

SID,BIV07D,04L,5
DF,DE04L,30.795200,114.219925,0, ,0.0,0.0,0,0,0,0,0,0,0,1
VA,0,46.0,2,560,0,0,0,0,0,0
DF,HH460,30.923611,114.351389,0, ,0.0,0.0,2,1650,0,1,210,0,0,0
TF,DHP,30.870000,114.470000,0, ,0.0,0.0,0.0,0.0,0,0,0,0,0,0,0,0
TF,BIVIP,31.128889,115.280278,0, ,0.0,0.0,0.0,0.0,0,0,0,0,0,0,0,0

SID,BIV08D,04R,5
DF,DE04R,30.781931,114.235550,0, ,0.0,0.0,0,0,0,0,0,0,0,1
VA,0,46.0,2,500,0,0,0,0,0,0
DF,HH464,30.910833,114.368056,0, ,0.0,0.0,2,1650,0,0,0,0,0,0
TF,HH452,31.108333,114.571111,0, ,0.0,0.0,0.0,0.0,2,11800,0,0,0,0,0,0
TF,BIVIP,31.128889,115.280278,0, ,0.0,0.0,0.0,0.0,0,0,0,0,0,0,0,0

SID,BIV09D,04L,5
DF,DE04L,30.795200,114.219925,0, ,0.0,0.0,0,0,0,0,0,0,0,1
VA,0,46.0,2,560,0,0,0,0,0,0
DF,HH460,30.923611,114.351389,0, ,0.0,0.0,2,1650,0,0,0,0,0,0
TF,HH451,31.106667,114.540000,0, ,0.0,0.0,0.0,0.0,2,11800,0,0,0,0,0,0
TF,BIVIP,31.128889,115.280278,0, ,0.0,0.0,0.0,0.0,0,0,0,0,0,0,0,0

SID,BIV11D,22R,2
DF,DE22R,30.772211,114.196417,0, ,0.0,0.0,0,0,0,0,0,0,0,1
CD, ,0,0,0,WHA,0,0.0,226.0,9.4,2,1810,0,0,0,0,0,0
CI,0, ,0.0,136.0,0,0,0,1,210,0,0,0
CF,DCD40,30.930603,114.671797,0,DHP,74.8,11.0,46.0,35.0,0,0,0,0,0,0,0,0
TF,BIVIP,31.128889,115.280278,0, ,0.0,0.0,0.0,0.0,0,0,0,0,0,0,0,0

SID,BIV12D,22L,2
DF,DE22L,30.757567,114.210692,0, ,0.0,0.0,0,0,0,0,0,0,0,1
CD, ,0,0,0,WHA,0,0.0,211.0,4.8,2,830,0,0,0,0,0,0
CF,D110S,30.608969,114.329981,1,WHA,151.6,12.2,110.0,8.0,0,0,0,1,210,0,0,0
TF,DCD40,30.930603,114.671797,0, ,0.0,0.0,0.0,0.0,0,0,0,0,0,0,0,0
TF,BIVIP,31.128889,115.280278,0, ,0.0,0.0,0.0,0.0,0,0,0,0,0,0,0,0

SID,BIV13D,22R,2
DF,DE22R,30.772211,114.196417,0, ,0.0,0.0,0,0,0,0,0,0,0,1
CA,0,241.0,2,660,0,0,0,0,0,0
CI,0, ,0.0,316.0,3,5910,0,1,210,0,0,0
CF,HOK22,31.050339,114.143083,0,DHP,306.7,20.0,46.0,14.0,2,11800,0,0,0,0,0,0
TF,DHP,30.870000,114.470000,0, ,0.0,0.0,0.0,0.0,0,0,0,0,0,0,0,0
TF,BIVIP,31.128889,115.280278,0, ,0.0,0.0,0.0,0.0,0,0,0,0,0,0,0,0

SID,BIV14D,22L,2
DF,DE22L,30.757567,114.210692,0, ,0.0,0.0,0,0,0,0,0,0,0,1
CA,0,226.0,2,1810,0,0,0,0,0,0
DF,DHB,30.698333,113.971667,2, ,0.0,0.0,0,0,0,1,210,0,0,1
CI,0, ,0.0,316.0,3,5910,0,0,0,0,0,0
CF,HOK22,31.050339,114.143083,0,DHP,306.7,20.0,46.0,23.0,2,11800,0,0,0,0,0,0
TF,DHP,30.870000,114.470000,0, ,0.0,0.0,0.0,0.0,0,0,0,0,0,0,0,0
TF,BIVIP,31.128889,115.280278,0, ,0.0,0.0,0.0,0.0,0,0,0,0,0,0,0,0

SID,BIV16D,22L,5
DF,DE22L,30.757567,114.210692,0, ,0.0,0.0,0,0,0,0,0,0,0,1
VA,0,226.0,2,500,0,0,0,0,0,0
DF,HH560,30.621389,114.071667,0, ,0.0,0.0,2,1810,0,1,210,0,0,0
TF,HH455,30.756389,113.894167,0, ,0.0,0.0,0.0,0.0,3,5910,0,0,0,0,0,0
TF,HH456,31.046389,114.190278,0, ,0.0,0.0,0.0,0.0,2,11800,0,0,0,0,0,0
TF,HH552,30.935833,114.664722,0, ,0.0,0.0,0.0,0.0,0,0,0,0,0,0,0,0
TF,BIVIP,31.128889,115.280278,0, ,0.0,0.0,0.0,0.0,0,0,0,0,0,0,0,0

SID,BIV17D,22R,5
DF,DE22R,30.772211,114.196417,0, ,0.0,0.0,0,0,0,0,0,0,0,1
VA,0,226.0,2,500,0,0,0,0,0,0
CF,HH563,30.726944,114.117778,0,WHA,237.5,5.5,241.0,4.0,2,1150,0,1,210,0,0,0
TF,HH556,30.835556,113.975000,0, ,0.0,0.0,0.0,0.0,3,5910,0,0,0,0,0,0
TF,HH456,31.046389,114.190278,0, ,0.0,0.0,0.0,0.0,2,11800,0,0,0,0,0,0
TF,HH552,30.935833,114.664722,0, ,0.0,0.0,0.0,0.0,0,0,0,0,0,0,0,0
TF,BIVIP,31.128889,115.280278,0, ,0.0,0.0,0.0,0.0,0,0,0,0,0,0,0,0

SID,BIV18D,22L,5
DF,DE22L,30.757567,114.210692,0, ,0.0,0.0,0,0,0,0,0,0,0,1
VA,0,226.0,2,500,0,0,0,0,0,0
CF,HH562,30.673889,114.162500,0,WHA,202.1,6.8,211.0,4.0,2,1320,0,1,210,0,0,0
TF,HH551,30.574444,114.293056,0, ,0.0,0.0,0.0,0.0,0,0,0,0,0,0,0,0
TF,HH552,30.935833,114.664722,0, ,0.0,0.0,0.0,0.0,0,0,0,0,0,0,0,0
TF,BIVIP,31.128889,115.280278,0, ,0.0,0.0,0.0,0.0,0,0,0,0,0,0,0,0

SID,BIV19D,22R,5
DF,DE22R,30.772211,114.196417,0, ,0.0,0.0,0,0,0,0,0,0,0,1
VA,0,226.0,2,500,0,0,0,0,0,0
DF,HH554,30.633889,114.055278,0, ,0.0,0.0,2,1810,0,1,210,0,0,0
TF,HH553,30.505833,114.223056,0, ,0.0,0.0,0.0,0.0,0,0,0,0,0,0,0,0
TF,HH552,30.935833,114.664722,0, ,0.0,0.0,0.0,0.0,0,0,0,0,0,0,0,0
TF,BIVIP,31.128889,115.280278,0, ,0.0,0.0,0.0,0.0,0,0,0,0,0,0,0,0

SID,LKO01D,04L,2
DF,DE04L,30.795200,114.219925,0, ,0.0,0.0,0,0,0,0,0,0,0,1
CA,0,46.0,2,1650,0,0,0,0,0,0
DF,DHP,30.870000,114.470000,2, ,0.0,0.0,0,0,0,1,210,0,0,0
TF,D189H,30.735203,114.456347,0, ,0.0,0.0,0.0,0.0,0,0,0,0,0,0,0,0
TF,DCD,30.440000,114.158333,0, ,0.0,0.0,0.0,0.0,2,11800,0,0,0,0,0,0
TF,LKO,29.906667,113.691667,0, ,0.0,0.0,0.0,0.0,0,0,0,0,0,0,0,0

SID,LKO02D,04R,2
DF,DE04R,30.781931,114.235550,0, ,0.0,0.0,0,0,0,0,0,0,0,1
CA,0,61.0,2,830,0,0,0,0,0,0
CI,2, ,0.0,136.0,0,0,0,1,210,0,0,0
CF,DCD,30.440000,114.158333,0,LKO,41.1,40.1,226.0,22.0,2,11800,0,0,0,0,0,0
TF,LKO,29.906667,113.691667,0, ,0.0,0.0,0.0,0.0,0,0,0,0,0,0,0,0

SID,LKO06D,04R,5
DF,DE04R,30.781931,114.235550,0, ,0.0,0.0,0,0,0,0,0,0,0,1
VA,0,46.0,2,500,0,0,0,0,0,0
DF,HH464,30.910833,114.368056,0, ,0.0,0.0,2,1650,0,1,210,0,0,0
TF,HH456,31.046389,114.190278,0, ,0.0,0.0,0.0,0.0,3,5910,0,0,0,0,0,0
TF,HH455,30.756389,113.894167,0, ,0.0,0.0,0.0,0.0,0,0,0,0,0,0,0,0
TF,HH463,30.686944,113.823889,0, ,0.0,0.0,0.0,0.0,0,0,0,0,0,0,0,0
TF,LKO,29.906667,113.691667,0, ,0.0,0.0,0.0,0.0,0,0,0,0,0,0,0,0

SID,LKO07D,04L,5
DF,DE04L,30.795200,114.219925,0, ,0.0,0.0,0,0,0,0,0,0,0,1
VA,0,46.0,2,560,0,0,0,0,0,0
CF,HH465,30.870556,114.263333,0,WHA,34.2,6.2,31.0,4.0,2,1150,0,1,210,0,0,0
TF,HH454,30.978889,114.121111,0, ,0.0,0.0,0.0,0.0,3,5910,0,0,0,0,0,0
TF,HH455,30.756389,113.894167,0, ,0.0,0.0,0.0,0.0,0,0,0,0,0,0,0,0
TF,HH463,30.686944,113.823889,0, ,0.0,0.0,0.0,0.0,0,0,0,0,0,0,0,0
TF,LKO,29.906667,113.691667,0, ,0.0,0.0,0.0,0.0,0,0,0,0,0,0,0,0

SID,LKO08D,04R,5
DF,DE04R,30.781931,114.235550,0, ,0.0,0.0,0,0,0,0,0,0,0,1
VA,0,46.0,2,500,0,0,0,0,0,0
CF,HH466,30.835556,114.329722,0,WHA,67.7,7.3,61.0,4.0,2,1320,0,1,210,0,0,0
TF,HH457,30.736389,114.459167,0, ,0.0,0.0,0.0,0.0,0,0,0,0,0,0,0,0
TF,HH458,30.587500,114.306389,0, ,0.0,0.0,0.0,0.0,0,0,0,0,0,0,0,0
TF,DCD,30.440000,114.158333,0, ,0.0,0.0,0.0,0.0,2,11800,0,0,0,0,0,0
TF,LKO,29.906667,113.691667,0, ,0.0,0.0,0.0,0.0,0,0,0,0,0,0,0,0

SID,LKO09D,04L,5
DF,DE04L,30.795200,114.219925,0, ,0.0,0.0,0,0,0,0,0,0,0,1
VA,0,46.0,2,560,0,0,0,0,0,0
DF,HH460,30.923611,114.351389,0, ,0.0,0.0,2,1650,0,1,210,0,0,0
TF,DHP,30.870000,114.470000,0, ,0.0,0.0,0.0,0.0,0,0,0,0,0,0,0,0
TF,HH457,30.736389,114.459167,0, ,0.0,0.0,0.0,0.0,0,0,0,0,0,0,0,0
TF,HH458,30.587500,114.306389,0, ,0.0,0.0,0.0,0.0,0,0,0,0,0,0,0,0
TF,DCD,30.440000,114.158333,0, ,0.0,0.0,0.0,0.0,2,11800,0,0,0,0,0,0
TF,LKO,29.906667,113.691667,0, ,0.0,0.0,0.0,0.0,0,0,0,0,0,0,0,0

SID,LKO11D,22R,2
DF,DE22R,30.772211,114.196417,0, ,0.0,0.0,0,0,0,0,0,0,0,1
CD, ,0,0,0,WHA,0,0.0,226.0,9.4,2,1810,0,0,0,0,0,0
DF,DCD,30.440000,114.158333,1, ,0.0,0.0,0,0,0,1,210,0,0,0
TF,LKO,29.906667,113.691667,0, ,0.0,0.0,0.0,0.0,0,0,0,0,0,0,0,0

SID,LKO12D,22L,2
DF,DE22L,30.757567,114.210692,0, ,0.0,0.0,0,0,0,0,0,0,0,1
CD, ,0,0,0,WHA,0,0.0,211.0,4.8,2,830,0,0,0,0,0,0
CF,D009G,30.553164,114.169772,0,DCD,9.0,6.8,189.0,9.0,0,0,0,0,0,0,0,0
TF,DCD,30.440000,114.158333,0, ,0.0,0.0,0.0,0.0,0,0,0,0,0,0,0,0
TF,LKO,29.906667,113.691667,0, ,0.0,0.0,0.0,0.0,0,0,0,0,0,0,0,0

SID,LKO13D,22R,2
DF,DE22R,30.772211,114.196417,0, ,0.0,0.0,0,0,0,0,0,0,0,1
CA,0,226.0,2,4930,0,0,0,0,0,0
CF,WHA43,30.244153,113.647122,0,LKO,357.5,20.3,226.0,34.0,0,0,0,0,0,0,0,0
TF,LKO,29.906667,113.691667,0, ,0.0,0.0,0.0,0.0,0,0,0,0,0,0,0,0

SID,LKO14D,22L,2
DF,DE22L,30.757567,114.210692,0, ,0.0,0.0,0,0,0,0,0,0,0,1
CA,0,226.0,2,4930,0,0,0,0,0,0
CF,WHA43,30.244153,113.647122,0,LKO,357.5,20.3,226.0,34.0,0,0,0,0,0,0,0,0
TF,LKO,29.906667,113.691667,0, ,0.0,0.0,0.0,0.0,0,0,0,0,0,0,0,0

SID,LKO16D,22L,5
DF,DE22L,30.757567,114.210692,0, ,0.0,0.0,0,0,0,0,0,0,0,1
VA,0,226.0,2,500,0,0,0,0,0,0
DF,HH560,30.621389,114.071667,0, ,0.0,0.0,2,1810,0,0,0,0,0,0
TF,HH558,30.213333,113.658056,0, ,0.0,0.0,0.0,0.0,0,0,0,0,0,0,0,0
TF,LKO,29.906667,113.691667,0, ,0.0,0.0,0.0,0.0,0,0,0,0,0,0,0,0

SID,LKO17D,22R,5
DF,DE22R,30.772211,114.196417,0, ,0.0,0.0,0,0,0,0,0,0,0,1
VA,0,226.0,2,500,0,0,0,0,0,0
DF,HH554,30.633889,114.055278,0, ,0.0,0.0,2,1810,0,0,0,0,0,0
TF,HH559,30.238889,113.655278,0, ,0.0,0.0,0.0,0.0,0,0,0,0,0,0,0,0
TF,LKO,29.906667,113.691667,0, ,0.0,0.0,0.0,0.0,0,0,0,0,0,0,0,0

SID,LKO18D,22L,5
DF,DE22L,30.757567,114.210692,0, ,0.0,0.0,0,0,0,0,0,0,0,1
VA,0,226.0,2,500,0,0,0,0,0,0
CF,HH562,30.673889,114.162500,0,WHA,202.1,6.8,211.0,4.0,2,1320,0,1,210,0,0,0
TF,DCD,30.440000,114.158333,0, ,0.0,0.0,0.0,0.0,0,0,0,0,0,0,0,0
TF,LKO,29.906667,113.691667,0, ,0.0,0.0,0.0,0.0,0,0,0,0,0,0,0,0

SID,LKO19D,22R,5
DF,DE22R,30.772211,114.196417,0, ,0.0,0.0,0,0,0,0,0,0,0,1
VA,0,226.0,2,500,0,0,0,0,0,0
DF,HH554,30.633889,114.055278,0, ,0.0,0.0,2,1810,0,1,210,0,0,0
TF,DCD,30.440000,114.158333,0, ,0.0,0.0,0.0,0.0,0,0,0,0,0,0,0,0
TF,LKO,29.906667,113.691667,0, ,0.0,0.0,0.0,0.0,0,0,0,0,0,0,0,0

SID,UBG01D,04L,2
DF,DE04L,30.795200,114.219925,0, ,0.0,0.0,0,0,0,0,0,0,0,1
CA,0,31.0,2,660,0,0,0,0,0,0
CI,0, ,0.0,316.0,3,5910,0,1,210,0,0,0
CF,HOK,31.325000,114.430000,0,HOK,0.0,0.0,46.0,30.0,0,0,0,0,0,0,0,0
TF,UBGIV,31.696389,114.501111,0, ,0.0,0.0,0.0,0.0,0,0,0,0,0,0,0,0

SID,UBG02D,04R,2
DF,DE04R,30.781931,114.235550,0, ,0.0,0.0,0,0,0,0,0,0,0,1
CF,D055I,30.873061,114.334272,0,HOK,194.4,27.5,46.0,7.0,2,1650,0,0,0,0,0,1
DF,HG,30.925167,114.355739,1, ,0.0,0.0,0,0,0,1,210,0,0,1
CI,0, ,0.0,316.0,3,5910,0,0,0,0,0,0
CF,HOK,31.325000,114.430000,0,HOK,0.0,0.0,46.0,22.0,0,0,0,0,0,0,0,0
TF,UBGIV,31.696389,114.501111,0, ,0.0,0.0,0.0,0.0,0,0,0,0,0,0,0,0

SID,UBG03D,04L,2
CF,HG,30.925167,114.355739,0,WHA,46.5,11.7,46.0,12.0,0,0,0,0,0,0,0,0
TF,D046Z,31.103169,114.542142,0, ,0.0,0.0,0.0,0.0,0,0,0,0,0,0,0,0
TF,HOK,31.325000,114.430000,0, ,0.0,0.0,0.0,0.0,0,0,0,0,0,0,0,0
TF,UBGIV,31.696389,114.501111,0, ,0.0,0.0,0.0,0.0,0,0,0,0,0,0,0,0

SID,UBG04D,04R,2
DF,DE04R,30.781931,114.235550,0, ,0.0,0.0,0,0,0,0,0,0,0,1
CF,D055I,30.873061,114.334272,0,WHA,55.0,8.7,46.0,7.0,2,1650,0,0,0,0,0,0
TF,D055Y,31.040792,114.575731,0, ,0.0,0.0,0.0,0.0,2,11800,0,0,0,0,0,0
TF,HOK,31.325000,114.430000,0, ,0.0,0.0,0.0,0.0,0,0,0,0,0,0,0,0
TF,UBGIV,31.696389,114.501111,0, ,0.0,0.0,0.0,0.0,0,0,0,0,0,0,0,0

SID,UBG06D,04R,5
DF,DE04R,30.781931,114.235550,0, ,0.0,0.0,0,0,0,0,0,0,0,1
VA,0,46.0,2,500,0,0,0,0,0,0
DF,HH464,30.910833,114.368056,0, ,0.0,0.0,2,1650,0,0,0,0,0,0
TF,HH452,31.108333,114.571111,0, ,0.0,0.0,0.0,0.0,0,0,0,0,0,0,0,0
TF,HH462,31.360556,114.603056,0, ,0.0,0.0,0.0,0.0,0,0,0,0,0,0,0,0
TF,UBGIV,31.696389,114.501111,0, ,0.0,0.0,0.0,0.0,0,0,0,0,0,0,0,0

SID,UBG07D,04L,5
DF,DE04L,30.795200,114.219925,0, ,0.0,0.0,0,0,0,0,0,0,0,1
VA,0,46.0,2,560,0,0,0,0,0,0
DF,HH460,30.923611,114.351389,0, ,0.0,0.0,2,1650,0,0,0,0,0,0
TF,HH453,31.141111,114.575278,0, ,0.0,0.0,0.0,0.0,0,0,0,0,0,0,0,0
TF,HH462,31.360556,114.603056,0, ,0.0,0.0,0.0,0.0,0,0,0,0,0,0,0,0
TF,UBGIV,31.696389,114.501111,0, ,0.0,0.0,0.0,0.0,0,0,0,0,0,0,0,0

SID,UBG08D,04R,5
DF,DE04R,30.781931,114.235550,0, ,0.0,0.0,0,0,0,0,0,0,0,1
VA,0,46.0,2,500,0,0,0,0,0,0
DF,HH464,30.910833,114.368056,0, ,0.0,0.0,2,1650,0,1,210,0,0,0
TF,HH456,31.046389,114.190278,0, ,0.0,0.0,0.0,0.0,3,5910,0,0,0,0,0,0
TF,UBGIV,31.696389,114.501111,0, ,0.0,0.0,0.0,0.0,0,0,0,0,0,0,0,0

SID,UBG09D,04L,5
DF,DE04L,30.795200,114.219925,0, ,0.0,0.0,0,0,0,0,0,0,0,1
VA,0,46.0,2,560,0,0,0,0,0,0
CF,HH465,30.870556,114.263333,0,WHA,34.2,6.2,31.0,4.0,2,1150,0,1,210,0,0,0
TF,HH454,30.978889,114.121111,0, ,0.0,0.0,0.0,0.0,3,5910,0,0,0,0,0,0
TF,HH456,31.046389,114.190278,0, ,0.0,0.0,0.0,0.0,0,0,0,0,0,0,0,0
TF,UBGIV,31.696389,114.501111,0, ,0.0,0.0,0.0,0.0,0,0,0,0,0,0,0,0

SID,UBG11D,22R,2
DF,DE22R,30.772211,114.196417,0, ,0.0,0.0,0,0,0,0,0,0,0,1
CA,0,241.0,2,660,0,0,0,0,0,0
CI,0, ,0.0,316.0,3,5910,0,1,210,0,0,0
CF,HOK22,31.050339,114.143083,0,HOK,226.0,22.1,46.0,14.0,0,0,0,0,0,0,0,0
TF,HOK,31.325000,114.430000,0, ,0.0,0.0,0.0,0.0,0,0,0,0,0,0,0,0
TF,UBGIV,31.696389,114.501111,0, ,0.0,0.0,0.0,0.0,0,0,0,0,0,0,0,0

SID,UBG12D,22L,2
DF,DE22L,30.757567,114.210692,0, ,0.0,0.0,0,0,0,0,0,0,0,1
CA,0,226.0,2,1810,0,0,0,0,0,0
DF,DHB,30.698333,113.971667,2, ,0.0,0.0,0,0,0,1,210,0,0,1
CI,0, ,0.0,316.0,3,5910,0,0,0,0,0,0
CF,HOK22,31.050339,114.143083,0,HOK,226.0,22.1,46.0,23.0,0,0,0,0,0,0,0,0
TF,HOK,31.325000,114.430000,0, ,0.0,0.0,0.0,0.0,0,0,0,0,0,0,0,0
TF,UBGIV,31.696389,114.501111,0, ,0.0,0.0,0.0,0.0,0,0,0,0,0,0,0,0

SID,UBG16D,22L,5
DF,DE22L,30.757567,114.210692,0, ,0.0,0.0,0,0,0,0,0,0,0,1
VA,0,226.0,2,500,0,0,0,0,0,0
CF,HH562,30.673889,114.162500,0,WHA,202.1,6.8,211.0,4.0,2,1320,0,1,210,0,0,0
TF,HH551,30.574444,114.293056,0, ,0.0,0.0,0.0,0.0,0,0,0,0,0,0,0,0
TF,HH552,30.935833,114.664722,0, ,0.0,0.0,0.0,0.0,0,0,0,0,0,0,0,0
TF,HH561,31.381389,114.701111,0, ,0.0,0.0,0.0,0.0,0,0,0,0,0,0,0,0
TF,UBGIV,31.696389,114.501111,0, ,0.0,0.0,0.0,0.0,0,0,0,0,0,0,0,0

SID,UBG18D,22L,5
DF,DE22L,30.757567,114.210692,0, ,0.0,0.0,0,0,0,0,0,0,0,1
VA,0,226.0,2,500,0,0,0,0,0,0
DF,HH560,30.621389,114.071667,0, ,0.0,0.0,2,1810,0,1,210,0,0,0
TF,HH455,30.756389,113.894167,0, ,0.0,0.0,0.0,0.0,3,5910,0,0,0,0,0,0
TF,HH456,31.046389,114.190278,0, ,0.0,0.0,0.0,0.0,0,0,0,0,0,0,0,0
TF,UBGIV,31.696389,114.501111,0, ,0.0,0.0,0.0,0.0,0,0,0,0,0,0,0,0

SID,UBG19D,22R,5
DF,DE22R,30.772211,114.196417,0, ,0.0,0.0,0,0,0,0,0,0,0,1
VA,0,226.0,2,500,0,0,0,0,0,0
CF,HH563,30.726944,114.117778,0,WHA,237.5,5.5,241.0,4.0,2,1150,0,1,210,0,0,0
TF,HH556,30.835556,113.975000,0, ,0.0,0.0,0.0,0.0,3,5910,0,0,0,0,0,0
TF,HH456,31.046389,114.190278,0, ,0.0,0.0,0.0,0.0,0,0,0,0,0,0,0,0
TF,UBGIV,31.696389,114.501111,0, ,0.0,0.0,0.0,0.0,0,0,0,0,0,0,0,0

SID,WTM01D,04L,2
DF,DE04L,30.795200,114.219925,0, ,0.0,0.0,0,0,0,0,0,0,0,1
CA,0,31.0,2,660,0,0,0,0,0,0
CI,0, ,0.0,316.0,3,5910,0,1,210,0,0,0
CF,WTM33,30.684689,113.776831,0,WTM,89.0,32.9,226.0,24.0,0,0,0,0,0,0,0,0
TF,WTM,30.638333,113.143333,0, ,0.0,0.0,0.0,0.0,0,0,0,0,0,0,0,0

SID,WTM02D,04R,2
DF,DE04R,30.781931,114.235550,0, ,0.0,0.0,0,0,0,0,0,0,0,1
CF,D055I,30.873061,114.334272,0,WHA,55.0,8.7,46.0,7.0,2,1650,0,0,0,0,0,1
DF,HG,30.925167,114.355739,1, ,0.0,0.0,0,0,0,1,210,0,0,1
CI,0, ,0.0,316.0,3,5910,0,0,0,0,0,0
CF,WTM33,30.684689,113.776831,0,WTM,89.0,32.9,226.0,34.0,0,0,0,0,0,0,0,0
TF,WTM,30.638333,113.143333,0, ,0.0,0.0,0.0,0.0,0,0,0,0,0,0,0,0

SID,WTM08D,04R,5
DF,DE04R,30.781931,114.235550,0, ,0.0,0.0,0,0,0,0,0,0,0,1
VA,0,46.0,2,500,0,0,0,0,0,0
DF,HH464,30.910833,114.368056,0, ,0.0,0.0,2,1650,0,1,210,0,0,0
TF,HH456,31.046389,114.190278,0, ,0.0,0.0,0.0,0.0,3,5910,0,0,0,0,0,0
TF,HH455,30.756389,113.894167,0, ,0.0,0.0,0.0,0.0,0,0,0,0,0,0,0,0
TF,HH463,30.686944,113.823889,0, ,0.0,0.0,0.0,0.0,0,0,0,0,0,0,0,0
TF,WTM,30.638333,113.143333,0, ,0.0,0.0,0.0,0.0,0,0,0,0,0,0,0,0

SID,WTM09D,04L,5
DF,DE04L,30.795200,114.219925,0, ,0.0,0.0,0,0,0,0,0,0,0,1
VA,0,46.0,2,560,0,0,0,0,0,0
CF,HH465,30.870556,114.263333,0,WHA,34.2,6.2,31.0,4.0,2,1150,0,1,210,0,0,0
TF,HH454,30.978889,114.121111,0, ,0.0,0.0,0.0,0.0,3,5910,0,0,0,0,0,0
TF,HH455,30.756389,113.894167,0, ,0.0,0.0,0.0,0.0,0,0,0,0,0,0,0,0
TF,HH463,30.686944,113.823889,0, ,0.0,0.0,0.0,0.0,0,0,0,0,0,0,0,0
TF,WTM,30.638333,113.143333,0, ,0.0,0.0,0.0,0.0,0,0,0,0,0,0,0,0

SID,WTM11D,22R,2
DF,DE22R,30.772211,114.196417,0, ,0.0,0.0,0,0,0,0,0,0,0,1
CA,0,241.0,2,660,0,0,0,0,0,0
DF,DHB,30.698333,113.971667,0, ,0.0,0.0,0,0,0,1,210,0,0,0
TF,WTM,30.638333,113.143333,0, ,0.0,0.0,0.0,0.0,0,0,0,0,0,0,0,0

SID,WTM12D,22L,2
DF,DE22L,30.757567,114.210692,0, ,0.0,0.0,0,0,0,0,0,0,0,1
CA,0,226.0,2,1810,0,0,0,0,0,0
DF,DHB,30.698333,113.971667,2, ,0.0,0.0,0,0,0,1,210,0,0,0
TF,WTM,30.638333,113.143333,0, ,0.0,0.0,0.0,0.0,0,0,0,0,0,0,0,0

SID,WTM18D,22L,5
DF,DE22L,30.757567,114.210692,0, ,0.0,0.0,0,0,0,0,0,0,0,1
VA,0,226.0,2,500,0,0,0,0,0,0
DF,HH560,30.621389,114.071667,0, ,0.0,0.0,2,1810,0,1,210,0,0,0
TF,DHB,30.698333,113.971667,0, ,0.0,0.0,0.0,0.0,0,0,0,0,0,0,0,0
TF,WTM,30.638333,113.143333,0, ,0.0,0.0,0.0,0.0,0,0,0,0,0,0,0,0

SID,WTM19D,22R,5
DF,DE22R,30.772211,114.196417,0, ,0.0,0.0,0,0,0,0,0,0,0,1
VA,0,226.0,2,500,0,0,0,0,0,0
CF,HH563,30.726944,114.117778,0,WHA,237.5,5.5,241.0,4.0,2,1150,0,1,210,0,0,0
TF,DHB,30.698333,113.971667,0, ,0.0,0.0,0.0,0.0,0,0,0,0,0,0,0,0
TF,WTM,30.638333,113.143333,0, ,0.0,0.0,0.0,0.0,0,0,0,0,0,0,0,0

SID,XSH01D,04L,2
DF,DE04L,30.795200,114.219925,0, ,0.0,0.0,0,0,0,0,0,0,0,1
CA,0,46.0,2,1650,0,0,0,0,0,0
DF,DHP,30.870000,114.470000,2, ,0.0,0.0,0,0,0,1,210,0,0,0
TF,D189H,30.735203,114.456347,0, ,0.0,0.0,0.0,0.0,0,0,0,0,0,0,0,0
TF,DCD12,30.585164,114.309497,0, ,0.0,0.0,0.0,0.0,0,0,0,0,0,0,0,1
DF,XSH48,30.529106,114.351094,1, ,0.0,0.0,2,11800,0,0,0,0,0,0
TF,XSH,30.435000,115.266667,0, ,0.0,0.0,0.0,0.0,0,0,0,0,0,0,0,0

SID,XSH02D,04R,2
DF,DE04R,30.781931,114.235550,0, ,0.0,0.0,0,0,0,0,0,0,0,1
CA,0,61.0,2,830,0,0,0,0,0,0
CI,2, ,0.0,136.0,0,0,0,1,210,0,0,0
CF,DCD12,30.585164,114.309497,0,XSH,282.5,50.4,226.0,10.0,0,0,0,0,0,0,0,1
DF,XSH48,30.529106,114.351094,1, ,0.0,0.0,2,11800,0,0,0,0,0,0
TF,XSH,30.435000,115.266667,0, ,0.0,0.0,0.0,0.0,0,0,0,0,0,0,0,0

SID,XSH04D,04R,5
DF,DE04R,30.781931,114.235550,0, ,0.0,0.0,0,0,0,0,0,0,0,1
VA,0,46.0,2,500,0,0,0,0,0,0
DF,HH464,30.910833,114.368056,0, ,0.0,0.0,2,1650,0,1,210,0,0,0
TF,HH456,31.046389,114.190278,0, ,0.0,0.0,0.0,0.0,3,5910,0,0,0,0,0,0
TF,HH455,30.756389,113.894167,0, ,0.0,0.0,0.0,0.0,0,0,0,0,0,0,0,0
TF,DHB,30.698333,113.971667,0, ,0.0,0.0,0.0,0.0,0,0,0,0,0,0,0,0
TF,HH459,30.493889,114.411667,0, ,0.0,0.0,0.0,0.0,2,11800,0,0,0,0,0,0
TF,HH461,30.456944,114.972500,0, ,0.0,0.0,0.0,0.0,0,0,0,0,0,0,0,0
TF,XSH,30.435000,115.266667,0, ,0.0,0.0,0.0,0.0,0,0,0,0,0,0,0,0

SID,XSH05D,04L,5
DF,DE04L,30.795200,114.219925,0, ,0.0,0.0,0,0,0,0,0,0,0,1
VA,0,46.0,2,560,0,0,0,0,0,0
CF,HH465,30.870556,114.263333,0,WHA,34.2,6.2,31.0,4.0,2,1150,0,1,210,0,0,0
TF,HH454,30.978889,114.121111,0, ,0.0,0.0,0.0,0.0,3,5910,0,0,0,0,0,0
TF,HH455,30.756389,113.894167,0, ,0.0,0.0,0.0,0.0,0,0,0,0,0,0,0,0
TF,DHB,30.698333,113.971667,0, ,0.0,0.0,0.0,0.0,0,0,0,0,0,0,0,0
TF,HH459,30.493889,114.411667,0, ,0.0,0.0,0.0,0.0,2,11800,0,0,0,0,0,0
TF,HH461,30.456944,114.972500,0, ,0.0,0.0,0.0,0.0,0,0,0,0,0,0,0,0
TF,XSH,30.435000,115.266667,0, ,0.0,0.0,0.0,0.0,0,0,0,0,0,0,0,0

SID,XSH06D,04R,5
DF,DE04R,30.781931,114.235550,0, ,0.0,0.0,0,0,0,0,0,0,0,1
VA,0,46.0,2,500,0,0,0,0,0,0
CF,HH466,30.835556,114.329722,0,WHA,67.7,7.3,61.0,4.0,2,1320,0,1,210,0,0,0
TF,HH457,30.736389,114.459167,0, ,0.0,0.0,0.0,0.0,0,0,0,0,0,0,0,0
TF,HH461,30.456944,114.972500,0, ,0.0,0.0,0.0,0.0,0,0,0,0,0,0,0,0
TF,XSH,30.435000,115.266667,0, ,0.0,0.0,0.0,0.0,0,0,0,0,0,0,0,0

SID,XSH07D,04L,5
DF,DE04L,30.795200,114.219925,0, ,0.0,0.0,0,0,0,0,0,0,0,1
VA,0,46.0,2,560,0,0,0,0,0,0
DF,HH460,30.923611,114.351389,0, ,0.0,0.0,2,1650,0,1,210,0,0,0
TF,DHP,30.870000,114.470000,0, ,0.0,0.0,0.0,0.0,0,0,0,0,0,0,0,0
TF,HH457,30.736389,114.459167,0, ,0.0,0.0,0.0,0.0,0,0,0,0,0,0,0,0
TF,HH461,30.456944,114.972500,0, ,0.0,0.0,0.0,0.0,0,0,0,0,0,0,0,0
TF,XSH,30.435000,115.266667,0, ,0.0,0.0,0.0,0.0,0,0,0,0,0,0,0,0

SID,XSH08D,04R,5
DF,DE04R,30.781931,114.235550,0, ,0.0,0.0,0,0,0,0,0,0,0,1
VA,0,46.0,2,500,0,0,0,0,0,0
CF,HH466,30.835556,114.329722,0,WHA,67.7,7.3,61.0,4.0,2,1320,0,1,210,0,0,0
TF,HH457,30.736389,114.459167,0, ,0.0,0.0,0.0,0.0,0,0,0,0,0,0,0,0
TF,HH458,30.587500,114.306389,0, ,0.0,0.0,0.0,0.0,0,0,0,0,0,0,0,0
TF,HH459,30.493889,114.411667,0, ,0.0,0.0,0.0,0.0,2,11800,0,0,0,0,0,0
TF,HH461,30.456944,114.972500,0, ,0.0,0.0,0.0,0.0,0,0,0,0,0,0,0,0
TF,XSH,30.435000,115.266667,0, ,0.0,0.0,0.0,0.0,0,0,0,0,0,0,0,0

SID,XSH09D,04L,5
DF,DE04L,30.795200,114.219925,0, ,0.0,0.0,0,0,0,0,0,0,0,1
VA,0,46.0,2,560,0,0,0,0,0,0
DF,HH460,30.923611,114.351389,0, ,0.0,0.0,2,1650,0,1,210,0,0,0
TF,DHP,30.870000,114.470000,0, ,0.0,0.0,0.0,0.0,0,0,0,0,0,0,0,0
TF,HH457,30.736389,114.459167,0, ,0.0,0.0,0.0,0.0,0,0,0,0,0,0,0,0
TF,HH458,30.587500,114.306389,0, ,0.0,0.0,0.0,0.0,0,0,0,0,0,0,0,0
TF,HH459,30.493889,114.411667,0, ,0.0,0.0,0.0,0.0,2,11800,0,0,0,0,0,0
TF,HH461,30.456944,114.972500,0, ,0.0,0.0,0.0,0.0,0,0,0,0,0,0,0,0
TF,XSH,30.435000,115.266667,0, ,0.0,0.0,0.0,0.0,0,0,0,0,0,0,0,0

SID,XSH11D,22R,2
DF,DE22R,30.772211,114.196417,0, ,0.0,0.0,0,0,0,0,0,0,0,1
CD, ,0,0,0,WHA,0,0.0,226.0,9.4,2,1810,0,0,0,0,0,0
CI,0, ,0.0,136.0,0,0,0,1,210,0,0,0
CF,XSH,30.435000,115.266667,0,XSH,0.0,0.0,99.0,55.0,0,0,0,0,0,0,0,0

SID,XSH12D,22L,2
DF,DE22L,30.757567,114.210692,0, ,0.0,0.0,0,0,0,0,0,0,0,1
CD, ,0,0,0,WHA,0,0.0,211.0,4.8,2,830,0,0,0,0,0,0
CF,D009G,30.553164,114.169772,0,WHA,191.2,13.8,189.0,10.0,0,0,0,1,210,0,0,0
CF,XSH,30.435000,115.266667,0,XSH,0.0,0.0,99.0,57.0,0,0,0,0,0,0,0,0

SID,XSH13D,22R,2
DF,DE22R,30.772211,114.196417,0, ,0.0,0.0,0,0,0,0,0,0,0,1
CA,0,241.0,2,660,0,0,0,0,0,0
CI,0, ,0.0,316.0,3,5910,0,1,210,0,0,0
CF,HOK22,31.050339,114.143083,0,DHP,306.7,20.0,46.0,14.0,2,11800,0,0,0,0,0,0
TF,DHP,30.870000,114.470000,0, ,0.0,0.0,0.0,0.0,0,0,0,0,0,0,0,0
TF,XSH,30.435000,115.266667,0, ,0.0,0.0,0.0,0.0,0,0,0,0,0,0,0,0

SID,XSH14D,22L,2
DF,DE22L,30.757567,114.210692,0, ,0.0,0.0,0,0,0,0,0,0,0,1
CA,0,226.0,2,1810,0,0,0,0,0,0
DF,DHB,30.698333,113.971667,2, ,0.0,0.0,0,0,0,1,210,0,0,1
CI,0, ,0.0,316.0,3,5910,0,0,0,0,0,0
CF,HOK22,31.050339,114.143083,0,DHP,306.7,20.0,46.0,24.0,2,11800,0,0,0,0,0,0
TF,DHP,30.870000,114.470000,0, ,0.0,0.0,0.0,0.0,0,0,0,0,0,0,0,0
TF,XSH,30.435000,115.266667,0, ,0.0,0.0,0.0,0.0,0,0,0,0,0,0,0,0

SID,XSH16D,22L,5
DF,DE22L,30.757567,114.210692,0, ,0.0,0.0,0,0,0,0,0,0,0,1
VA,0,226.0,2,500,0,0,0,0,0,0
DF,HH560,30.621389,114.071667,0, ,0.0,0.0,2,1810,0,1,210,0,0,0
TF,HH455,30.756389,113.894167,0, ,0.0,0.0,0.0,0.0,3,5910,0,0,0,0,0,0
TF,HH456,31.046389,114.190278,0, ,0.0,0.0,0.0,0.0,2,11800,0,0,0,0,0,0
TF,HH552,30.935833,114.664722,0, ,0.0,0.0,0.0,0.0,0,0,0,0,0,0,0,0
TF,XSH,30.435000,115.266667,0, ,0.0,0.0,0.0,0.0,0,0,0,0,0,0,0,0

SID,XSH17D,22R,5
DF,DE22R,30.772211,114.196417,0, ,0.0,0.0,0,0,0,0,0,0,0,1
VA,0,226.0,2,500,0,0,0,0,0,0
CF,HH563,30.726944,114.117778,0,WHA,237.5,5.5,241.0,4.0,2,1150,0,1,210,0,0,0
TF,HH556,30.835556,113.975000,0, ,0.0,0.0,0.0,0.0,3,5910,0,0,0,0,0,0
TF,HH456,31.046389,114.190278,0, ,0.0,0.0,0.0,0.0,2,11800,0,0,0,0,0,0
TF,HH552,30.935833,114.664722,0, ,0.0,0.0,0.0,0.0,0,0,0,0,0,0,0,0
TF,XSH,30.435000,115.266667,0, ,0.0,0.0,0.0,0.0,0,0,0,0,0,0,0,0

SID,XSH18D,22L,5
DF,DE22L,30.757567,114.210692,0, ,0.0,0.0,0,0,0,0,0,0,0,1
VA,0,226.0,2,500,0,0,0,0,0,0
CF,HH562,30.673889,114.162500,0,WHA,202.1,6.8,211.0,4.0,2,1320,0,1,210,0,0,0
TF,HH553,30.505833,114.223056,0, ,0.0,0.0,0.0,0.0,0,0,0,0,0,0,0,0
TF,XSH,30.435000,115.266667,0, ,0.0,0.0,0.0,0.0,0,0,0,0,0,0,0,0

SID,XSH19D,22R,5
DF,DE22R,30.772211,114.196417,0, ,0.0,0.0,0,0,0,0,0,0,0,1
VA,0,226.0,2,500,0,0,0,0,0,0
DF,HH554,30.633889,114.055278,0,WHA,224.9,11.7,2,1810,0,1,210,0,0,0
TF,HH553,30.505833,114.223056,0, ,0.0,0.0,0.0,0.0,0,0,0,0,0,0,0,0
TF,XSH,30.435000,115.266667,0, ,0.0,0.0,0.0,0.0,0,0,0,0,0,0,0,0

STAR,GUG00A,04R,2
IF,GUGAM,30.216389,113.185556, ,0.0,0.0,0,0,0,0,0,0,0,0
TF,DHB30,30.419078,113.495442,0, ,0.0,0.0,0.0,0.0,2,8860,0,0,0,0,0,0
TF,D272S,30.428153,113.784567,0, ,0.0,0.0,0.0,0.0,2,3940,0,1,205,0,0,0

STAR,GUG01A,04L,2
IF,GUGAM,30.216389,113.185556, ,0.0,0.0,0,0,0,0,0,0,0,0
TF,DHB30,30.419078,113.495442,0, ,0.0,0.0,0.0,0.0,2,8860,0,0,0,0,0,0
TF,D272S,30.428153,113.784567,0, ,0.0,0.0,0.0,0.0,2,3940,0,1,205,0,0,0

STAR,GUG01A,04R,2
IF,GUGAM,30.216389,113.185556, ,0.0,0.0,0,0,0,0,0,0,0,0
TF,DHB30,30.419078,113.495442,0, ,0.0,0.0,0.0,0.0,2,8860,0,0,0,0,0,0
TF,D272S,30.428153,113.784567,0, ,0.0,0.0,0.0,0.0,2,3940,0,1,205,0,0,0

STAR,GUG06A,04R,5
IF,GUGAM,30.216389,113.185556, ,0.0,0.0,0,0,0,0,0,0,0,0
TF,HH420,30.475000,113.636389,0, ,0.0,0.0,0.0,0.0,2,6890,0,0,0,0,0,0
TF,HH421,30.524444,113.723333,0, ,0.0,0.0,0.0,0.0,0,0,0,0,0,0,0,0
TF,HH422,30.573889,113.810556,0, ,0.0,0.0,0.0,0.0,0,0,0,0,0,0,0,0
TF,HH424,30.675278,113.950833,0, ,0.0,0.0,0.0,0.0,2,3940,0,1,205,0,0,0

STAR,GUG09A,ALL,5
IF,GUGAM,30.216389,113.185556, ,0.0,0.0,0,0,0,0,0,0,0,0
TF,HH420,30.475000,113.636389,0, ,0.0,0.0,0.0,0.0,2,6890,0,0,0,0,0,0
TF,HH421,30.524444,113.723333,0, ,0.0,0.0,0.0,0.0,0,0,0,0,0,0,0,0
TF,HH422,30.573889,113.810556,0, ,0.0,0.0,0.0,0.0,0,0,0,0,0,0,0,0

STAR,GUG09A,04L,6
IF,HH422,30.573889,113.810556, ,0.0,0.0,0,0,0,0,0,0,0,0
TF,HH403,30.623056,113.897778,0, ,0.0,0.0,0.0,0.0,2,2960,0,1,205,0,0,0

STAR,GUG09A,04R,6
IF,HH422,30.573889,113.810556, ,0.0,0.0,0,0,0,0,0,0,0,0
TF,HH403,30.623056,113.897778,0, ,0.0,0.0,0.0,0.0,2,3940,0,1,205,0,0,0

STAR,GUG11A,22L,2
IF,GUGAM,30.216389,113.185556, ,0.0,0.0,0,0,0,0,0,0,0,0
TF,DHB28,30.434731,113.539222,0, ,0.0,0.0,0.0,0.0,2,8860,0,0,0,0,0,0
TF,DHB,30.698333,113.971667,0, ,0.0,0.0,0.0,0.0,0,0,0,0,0,0,0,0
TF,D046L,30.844731,114.124533,0, ,0.0,0.0,0.0,0.0,2,7880,0,0,0,0,0,0
TF,DHB29,31.052844,114.342975,0, ,0.0,0.0,0.0,0.0,2,3940,0,1,205,0,0,0

STAR,GUG11A,22R,2
IF,GUGAM,30.216389,113.185556, ,0.0,0.0,0,0,0,0,0,0,0,0
TF,DHB28,30.434731,113.539222,0, ,0.0,0.0,0.0,0.0,2,8860,0,0,0,0,0,0
TF,DHB,30.698333,113.971667,0, ,0.0,0.0,0.0,0.0,0,0,0,0,0,0,0,0
TF,D046L,30.844731,114.124533,0, ,0.0,0.0,0.0,0.0,2,7880,0,0,0,0,0,0
TF,DHB29,31.052844,114.342975,0, ,0.0,0.0,0.0,0.0,2,3940,0,1,205,0,0,0

STAR,GUG12A,ALL,2
IF,GUGAM,30.216389,113.185556, ,0.0,0.0,0,0,0,0,0,0,0,0
TF,DHB28,30.434731,113.539222,0, ,0.0,0.0,0.0,0.0,2,8860,0,0,0,0,0,0
TF,D274G,30.439936,114.031083,0, ,0.0,0.0,0.0,0.0,0,0,0,0,0,0,0,0
TF,D136G,30.706567,114.299811,0, ,0.0,0.0,0.0,0.0,2,7880,0,0,0,0,0,0
TF,DHP,30.870000,114.470000,0, ,0.0,0.0,0.0,0.0,0,0,0,0,0,0,0,0

STAR,GUG12A,22L,3
IF,DHP,30.870000,114.470000, ,0.0,0.0,0,0,0,0,0,0,0,0
TF,D046D,30.915922,114.517967,0, ,0.0,0.0,0.0,0.0,2,2960,0,1,205,0,0,0

STAR,GUG12A,22R,3
IF,DHP,30.870000,114.470000, ,0.0,0.0,0,0,0,0,0,0,0,0
TF,D046D,30.915922,114.517967,0, ,0.0,0.0,0.0,0.0,2,3940,0,1,205,0,0,0

STAR,GUG18A,ALL,5
IF,GUGAM,30.216389,113.185556, ,0.0,0.0,0,0,0,0,0,0,0,0
TF,HH518,30.434444,113.540278,0, ,0.0,0.0,0.0,0.0,2,8860,0,0,0,0,0,0
TF,HH505,30.440000,114.030278,0, ,0.0,0.0,0.0,0.0,0,0,0,0,0,0,0,0
TF,HH504,30.634444,114.228333,0, ,0.0,0.0,0.0,0.0,0,0,0,0,0,0,0,0
TF,HH414,30.707500,114.303333,0, ,0.0,0.0,0.0,0.0,2,7880,0,0,0,0,0,0

STAR,GUG18A,22L,6
IF,HH414,30.707500,114.303333, ,0.0,0.0,2,7880,0,0,0,0,0,0
TF,HH503,30.936389,114.538611,0, ,0.0,0.0,0.0,0.0,2,2960,0,1,205,0,0,0

STAR,GUG18A,22R,6
IF,HH414,30.707500,114.303333, ,0.0,0.0,2,7880,0,0,0,0,0,0
TF,HH503,30.936389,114.538611,0, ,0.0,0.0,0.0,0.0,2,3940,0,1,205,0,0,0

STAR,GUG19A,22L,5
IF,GUGAM,30.216389,113.185556, ,0.0,0.0,0,0,0,0,0,0,0,0
TF,HH518,30.434444,113.540278,0, ,0.0,0.0,0.0,0.0,2,8860,0,0,0,0,0,0
TF,DHB,30.698333,113.971667,0, ,0.0,0.0,0.0,0.0,0,0,0,0,0,0,0,0
TF,HH404,30.844722,114.123333,0, ,0.0,0.0,0.0,0.0,2,7880,0,0,0,0,0,0
TF,HH513,31.074167,114.358333,0, ,0.0,0.0,0.0,0.0,2,3940,0,1,205,0,0,0

STAR,GUG19A,22R,5
IF,GUGAM,30.216389,113.185556, ,0.0,0.0,0,0,0,0,0,0,0,0
TF,HH518,30.434444,113.540278,0, ,0.0,0.0,0.0,0.0,2,8860,0,0,0,0,0,0
TF,DHB,30.698333,113.971667,0, ,0.0,0.0,0.0,0.0,0,0,0,0,0,0,0,0
TF,HH404,30.844722,114.123333,0, ,0.0,0.0,0.0,0.0,2,7880,0,0,0,0,0,0
TF,HH513,31.074167,114.358333,0, ,0.0,0.0,0.0,0.0,2,3940,0,1,205,0,0,0

STAR,LKO00A,04R,2
IF,LKO,29.906667,113.691667, ,0.0,0.0,0,0,0,0,0,0,0,0
TF,DHB31,30.211294,113.798847,0, ,0.0,0.0,0.0,0.0,2,8860,0,0,0,0,0,0
TF,D272O,30.431197,113.877428,0, ,0.0,0.0,0.0,0.0,2,2960,0,1,205,0,0,0

STAR,LKO01A,ALL,2
IF,LKO,29.906667,113.691667, ,0.0,0.0,0,0,0,0,0,0,0,0
TF,DHB31,30.211294,113.798847,0, ,0.0,0.0,0.0,0.0,2,8860,0,0,0,0,0,0

STAR,LKO01A,04L,3
IF,DHB31,30.211294,113.798847, ,0.0,0.0,2,8860,0,0,0,0,0,0
TF,D272O,30.431197,113.877428,0, ,0.0,0.0,0.0,0.0,2,2960,0,1,205,0,0,0

STAR,LKO01A,04R,3
IF,DHB31,30.211294,113.798847, ,0.0,0.0,2,8860,0,0,0,0,0,0
TF,D272O,30.431197,113.877428,0, ,0.0,0.0,0.0,0.0,2,4930,0,1,205,0,0,0

STAR,LKO09A,04L,5
IF,LKO,29.906667,113.691667, ,0.0,0.0,0,0,0,0,0,0,0,0
TF,HH417,30.344722,113.790556,0, ,0.0,0.0,0.0,0.0,2,6890,0,1,205,0,0,0

STAR,LKO09A,04R,5
IF,LKO,29.906667,113.691667, ,0.0,0.0,0,0,0,0,0,0,0,0
TF,HH417,30.344722,113.790556,0, ,0.0,0.0,0.0,0.0,2,6890,0,1,205,0,0,0

STAR,LKO11A,22L,2
IF,LKO,29.906667,113.691667, ,0.0,0.0,0,0,0,0,0,0,0,0
TF,DHB31,30.211294,113.798847,0, ,0.0,0.0,0.0,0.0,2,8860,0,0,0,0,0,0
TF,DHB,30.698333,113.971667,0, ,0.0,0.0,0.0,0.0,0,0,0,0,0,0,0,0
TF,D046L,30.844731,114.124533,0, ,0.0,0.0,0.0,0.0,2,7880,0,0,0,0,0,0
TF,DHB29,31.052844,114.342975,0, ,0.0,0.0,0.0,0.0,2,3940,0,1,205,0,0,0

STAR,LKO11A,22R,2
IF,LKO,29.906667,113.691667, ,0.0,0.0,0,0,0,0,0,0,0,0
TF,DHB31,30.211294,113.798847,0, ,0.0,0.0,0.0,0.0,2,8860,0,0,0,0,0,0
TF,DHB,30.698333,113.971667,0, ,0.0,0.0,0.0,0.0,0,0,0,0,0,0,0,0
TF,D046L,30.844731,114.124533,0, ,0.0,0.0,0.0,0.0,2,7880,0,0,0,0,0,0
TF,DHB29,31.052844,114.342975,0, ,0.0,0.0,0.0,0.0,2,3940,0,1,205,0,0,0

STAR,LKO12A,ALL,2
IF,LKO,29.906667,113.691667, ,0.0,0.0,0,0,0,0,0,0,0,0
TF,DHB31,30.211294,113.798847,0, ,0.0,0.0,0.0,0.0,2,8860,0,0,0,0,0,0
TF,D274G,30.439936,114.031083,0, ,0.0,0.0,0.0,0.0,0,0,0,0,0,0,0,0
TF,D136G,30.706567,114.299811,0, ,0.0,0.0,0.0,0.0,2,7880,0,0,0,0,0,0
TF,DHP,30.870000,114.470000,0, ,0.0,0.0,0.0,0.0,0,0,0,0,0,0,0,0

STAR,LKO12A,22L,3
IF,DHP,30.870000,114.470000, ,0.0,0.0,0,0,0,0,0,0,0,0
TF,D046D,30.915922,114.517967,0, ,0.0,0.0,0.0,0.0,2,2960,0,1,205,0,0,0

STAR,LKO12A,22R,3
IF,DHP,30.870000,114.470000, ,0.0,0.0,0,0,0,0,0,0,0,0
TF,D046D,30.915922,114.517967,0, ,0.0,0.0,0.0,0.0,2,3940,0,1,205,0,0,0

STAR,LKO18A,ALL,5
IF,LKO,29.906667,113.691667, ,0.0,0.0,0,0,0,0,0,0,0,0
TF,HH519,30.211111,113.798056,0, ,0.0,0.0,0.0,0.0,2,8860,0,0,0,0,0,0
TF,HH505,30.440000,114.030278,0, ,0.0,0.0,0.0,0.0,0,0,0,0,0,0,0,0
TF,HH504,30.634444,114.228333,0, ,0.0,0.0,0.0,0.0,0,0,0,0,0,0,0,0
TF,HH414,30.707500,114.303333,0, ,0.0,0.0,0.0,0.0,2,7880,0,0,0,0,0,0

STAR,LKO18A,22L,6
IF,HH414,30.707500,114.303333, ,0.0,0.0,2,7880,0,0,0,0,0,0
TF,HH503,30.936389,114.538611,0, ,0.0,0.0,0.0,0.0,2,2960,0,1,205,0,0,0

STAR,LKO18A,22R,6
IF,HH414,30.707500,114.303333, ,0.0,0.0,2,7880,0,0,0,0,0,0
TF,HH503,30.936389,114.538611,0, ,0.0,0.0,0.0,0.0,2,3940,0,1,205,0,0,0

STAR,LKO19A,22L,5
IF,LKO,29.906667,113.691667, ,0.0,0.0,0,0,0,0,0,0,0,0
TF,HH519,30.211111,113.798056,0, ,0.0,0.0,0.0,0.0,2,8860,0,0,0,0,0,0
TF,DHB,30.698333,113.971667,0, ,0.0,0.0,0.0,0.0,0,0,0,0,0,0,0,0
TF,HH404,30.844722,114.123333,0, ,0.0,0.0,0.0,0.0,2,7880,0,0,0,0,0,0
TF,HH513,31.074167,114.358333,0, ,0.0,0.0,0.0,0.0,2,3940,0,1,205,0,0,0

STAR,LKO19A,22R,5
IF,LKO,29.906667,113.691667, ,0.0,0.0,0,0,0,0,0,0,0,0
TF,HH519,30.211111,113.798056,0, ,0.0,0.0,0.0,0.0,2,8860,0,0,0,0,0,0
TF,DHB,30.698333,113.971667,0, ,0.0,0.0,0.0,0.0,0,0,0,0,0,0,0,0
TF,HH404,30.844722,114.123333,0, ,0.0,0.0,0.0,0.0,2,7880,0,0,0,0,0,0
TF,HH513,31.074167,114.358333,0, ,0.0,0.0,0.0,0.0,2,3940,0,1,205,0,0,0

STAR,ONI00A,04R,2
IF,ONIXO,31.778056,114.394722, ,0.0,0.0,0,0,0,0,0,0,0,0
TF,HOK,31.325000,114.430000,0, ,0.0,0.0,0.0,0.0,0,0,0,0,0,0,0,0
TF,D360Q,31.156497,114.444856,0, ,0.0,0.0,0.0,0.0,2,11800,0,0,0,0,0,0
TF,D307M,30.984472,114.265111,0, ,0.0,0.0,0.0,0.0,0,0,0,0,0,0,0,0
TF,D046L,30.844731,114.124533,0, ,0.0,0.0,0.0,0.0,2,7880,0,0,0,0,0,0
TF,DHB,30.698333,113.971667,0, ,0.0,0.0,0.0,0.0,2,3940,0,1,205,0,0,0

STAR,ONI01A,ALL,2
IF,ONIXO,31.778056,114.394722, ,0.0,0.0,0,0,0,0,0,0,0,0
TF,HOK,31.325000,114.430000,0, ,0.0,0.0,0.0,0.0,0,0,0,0,0,0,0,0
TF,D360Q,31.156497,114.444856,0, ,0.0,0.0,0.0,0.0,2,11800,0,0,0,0,0,0
TF,D307M,30.984472,114.265111,0, ,0.0,0.0,0.0,0.0,0,0,0,0,0,0,0,0
TF,D046L,30.844731,114.124533,0, ,0.0,0.0,0.0,0.0,2,7880,0,0,0,0,0,0
TF,DHB,30.698333,113.971667,0, ,0.0,0.0,0.0,0.0,0,0,0,0,0,0,0,0

STAR,ONI01A,04L,3
IF,DHB,30.698333,113.971667, ,0.0,0.0,0,0,0,0,0,0,0,0
TF,D226D,30.644939,113.916075,0, ,0.0,0.0,0.0,0.0,2,2960,0,1,205,0,0,0

STAR,ONI01A,04R,3
IF,DHB,30.698333,113.971667, ,0.0,0.0,0,0,0,0,0,0,0,0
TF,D226D,30.644939,113.916075,0, ,0.0,0.0,0.0,0.0,2,3940,0,1,205,0,0,0

STAR,ONI02A,ALL,2
IF,ONIXO,31.778056,114.394722, ,0.0,0.0,0,0,0,0,0,0,0,0
TF,HOK,31.325000,114.430000,0, ,0.0,0.0,0.0,0.0,0,0,0,0,0,0,0,0
TF,D360Q,31.156497,114.444856,0, ,0.0,0.0,0.0,0.0,2,11800,0,0,0,0,0,0
TF,DHP,30.870000,114.470000,0, ,0.0,0.0,0.0,0.0,0,0,0,0,0,0,0,0
TF,D226M,30.707261,114.300531,0, ,0.0,0.0,0.0,0.0,2,7880,0,0,0,0,0,0

STAR,ONI02A,04L,3
IF,D226M,30.707261,114.300531, ,0.0,0.0,2,7880,0,0,0,0,0,0
TF,DHP29,30.506947,114.093033,0, ,0.0,0.0,0.0,0.0,2,2960,0,1,205,0,0,0

STAR,ONI02A,04R,3
IF,D226M,30.707261,114.300531, ,0.0,0.0,2,7880,0,0,0,0,0,0
TF,DHP29,30.506947,114.093033,0, ,0.0,0.0,0.0,0.0,2,3940,0,1,205,0,0,0

STAR,ONI03A,04R,2
IF,ONIXO,31.778056,114.394722, ,0.0,0.0,0,0,0,0,0,0,0,0
TF,HOK,31.325000,114.430000,0, ,0.0,0.0,0.0,0.0,0,0,0,0,0,0,0,0
TF,D360Q,31.156497,114.444856,0, ,0.0,0.0,0.0,0.0,2,11800,0,0,0,0,0,0
TF,DHP,30.870000,114.470000,0, ,0.0,0.0,0.0,0.0,0,0,0,0,0,0,0,0
TF,D226M,30.707261,114.300531,0, ,0.0,0.0,0.0,0.0,2,7880,0,0,0,0,0,0
TF,D226Y,30.559236,114.147081,0, ,0.0,0.0,0.0,0.0,2,3940,0,1,205,0,0,0

STAR,ONI05A,04R,5
IF,ONIXO,31.778056,114.394722, ,0.0,0.0,0,0,0,0,0,0,0,0
TF,HOK,31.325000,114.430000,0, ,0.0,0.0,0.0,0.0,0,0,0,0,0,0,0,0
TF,HH405,31.158056,114.444722,0, ,0.0,0.0,0.0,0.0,2,11800,0,0,0,0,0,0
TF,DHP,30.870000,114.470000,0, ,0.0,0.0,0.0,0.0,0,0,0,0,0,0,0,0
TF,HH414,30.707500,114.303333,0, ,0.0,0.0,0.0,0.0,2,7880,0,0,0,0,0,0
TF,HH423,30.538333,114.130556,0, ,0.0,0.0,0.0,0.0,2,3940,0,1,205,0,0,0

STAR,ONI06A,04R,5
IF,ONIXO,31.778056,114.394722, ,0.0,0.0,0,0,0,0,0,0,0,0
TF,HOK,31.325000,114.430000,0, ,0.0,0.0,0.0,0.0,0,0,0,0,0,0,0,0
TF,HH405,31.158056,114.444722,0, ,0.0,0.0,0.0,0.0,2,11800,0,0,0,0,0,0
TF,HH418,30.982778,114.264722,0, ,0.0,0.0,0.0,0.0,0,0,0,0,0,0,0,0
TF,HH404,30.844722,114.123333,0, ,0.0,0.0,0.0,0.0,2,7880,0,0,0,0,0,0
TF,HH424,30.675278,113.950833,0, ,0.0,0.0,0.0,0.0,2,3940,0,1,205,0,0,0

STAR,ONI08A,ALL,5
IF,ONIXO,31.778056,114.394722, ,0.0,0.0,0,0,0,0,0,0,0,0
TF,HOK,31.325000,114.430000,0, ,0.0,0.0,0.0,0.0,0,0,0,0,0,0,0,0
TF,HH405,31.158056,114.444722,0, ,0.0,0.0,0.0,0.0,2,11800,0,0,0,0,0,0
TF,DHP,30.870000,114.470000,0, ,0.0,0.0,0.0,0.0,0,0,0,0,0,0,0,0
TF,HH414,30.707500,114.303333,0, ,0.0,0.0,0.0,0.0,2,7880,0,0,0,0,0,0

STAR,ONI08A,04L,6
IF,HH414,30.707500,114.303333, ,0.0,0.0,2,7880,0,0,0,0,0,0
TF,HH413,30.486389,114.077222,0, ,0.0,0.0,0.0,0.0,2,2960,0,1,205,0,0,0

STAR,ONI08A,04R,6
IF,HH414,30.707500,114.303333, ,0.0,0.0,2,7880,0,0,0,0,0,0
TF,HH413,30.486389,114.077222,0, ,0.0,0.0,0.0,0.0,2,3940,0,1,205,0,0,0

STAR,ONI09A,ALL,5
IF,ONIXO,31.778056,114.394722, ,0.0,0.0,0,0,0,0,0,0,0,0
TF,HOK,31.325000,114.430000,0, ,0.0,0.0,0.0,0.0,0,0,0,0,0,0,0,0
TF,HH405,31.158056,114.444722,0, ,0.0,0.0,0.0,0.0,2,11800,0,0,0,0,0,0
TF,HH418,30.982778,114.264722,0, ,0.0,0.0,0.0,0.0,0,0,0,0,0,0,0,0
TF,HH404,30.844722,114.123333,0, ,0.0,0.0,0.0,0.0,2,7880,0,0,0,0,0,0

STAR,ONI09A,04L,6
IF,HH404,30.844722,114.123333, ,0.0,0.0,2,7880,0,0,0,0,0,0
TF,HH403,30.623056,113.897778,0, ,0.0,0.0,0.0,0.0,2,2960,0,1,205,0,0,0

STAR,ONI09A,04R,6
IF,HH404,30.844722,114.123333, ,0.0,0.0,2,7880,0,0,0,0,0,0
TF,HH403,30.623056,113.897778,0, ,0.0,0.0,0.0,0.0,2,3940,0,1,205,0,0,0

STAR,ONI11A,22L,2
IF,ONIXO,31.778056,114.394722, ,0.0,0.0,0,0,0,0,0,0,0,0
TF,HOK,31.325000,114.430000,0, ,0.0,0.0,0.0,0.0,0,0,0,0,0,0,0,0
TF,D170G,31.209919,114.463381,0, ,0.0,0.0,0.0,0.0,2,5910,0,1,205,0,0,0

STAR,ONI11A,22R,2
IF,ONIXO,31.778056,114.394722, ,0.0,0.0,0,0,0,0,0,0,0,0
TF,HOK,31.325000,114.430000,0, ,0.0,0.0,0.0,0.0,0,0,0,0,0,0,0,0
TF,D170G,31.209919,114.463381,0, ,0.0,0.0,0.0,0.0,2,5910,0,1,205,0,0,0

STAR,ONI19A,22L,5
IF,ONIXO,31.778056,114.394722, ,0.0,0.0,0,0,0,0,0,0,0,0
TF,HOK,31.325000,114.430000,0, ,0.0,0.0,0.0,0.0,0,0,0,0,0,0,0,0
TF,HH521,31.238333,114.499444,0, ,0.0,0.0,0.0,0.0,2,6890,0,1,205,0,0,0

STAR,ONI19A,22R,5
IF,ONIXO,31.778056,114.394722, ,0.0,0.0,0,0,0,0,0,0,0,0
TF,HOK,31.325000,114.430000,0, ,0.0,0.0,0.0,0.0,0,0,0,0,0,0,0,0
TF,HH521,31.238333,114.499444,0, ,0.0,0.0,0.0,0.0,2,6890,0,1,205,0,0,0

STAR,XSH00A,04R,2
IF,XSH,30.435000,115.266667, ,0.0,0.0,0,0,0,0,0,0,0,0
TF,D307N,30.560386,115.038678,0, ,0.0,0.0,0.0,0.0,0,0,0,0,0,0,0,0
TF,D127H,30.799861,114.599547,0, ,0.0,0.0,0.0,0.0,2,11800,0,0,0,0,0,0
TF,DHP,30.870000,114.470000,0, ,0.0,0.0,0.0,0.0,0,0,0,0,0,0,0,0
TF,D226M,30.707261,114.300531,0, ,0.0,0.0,0.0,0.0,2,7880,0,0,0,0,0,0
TF,D226Y,30.559236,114.147081,0, ,0.0,0.0,0.0,0.0,2,3940,0,1,205,0,0,0

STAR,XSH01A,ALL,2
IF,XSH,30.435000,115.266667, ,0.0,0.0,0,0,0,0,0,0,0,0
TF,D307N,30.560386,115.038678,0, ,0.0,0.0,0.0,0.0,0,0,0,0,0,0,0,0
TF,D127H,30.799861,114.599547,0, ,0.0,0.0,0.0,0.0,2,11800,0,0,0,0,0,0
TF,DHP,30.870000,114.470000,0, ,0.0,0.0,0.0,0.0,0,0,0,0,0,0,0,0
TF,D226M,30.707261,114.300531,0, ,0.0,0.0,0.0,0.0,2,7880,0,0,0,0,0,0

STAR,XSH01A,04L,3
IF,D226M,30.707261,114.300531, ,0.0,0.0,2,7880,0,0,0,0,0,0
TF,DHP29,30.506947,114.093033,0, ,0.0,0.0,0.0,0.0,2,2960,0,1,205,0,0,0

STAR,XSH01A,04R,3
IF,D226M,30.707261,114.300531, ,0.0,0.0,2,7880,0,0,0,0,0,0
TF,DHP29,30.506947,114.093033,0, ,0.0,0.0,0.0,0.0,2,3940,0,1,205,0,0,0

STAR,XSH02A,ALL,2
IF,XSH,30.435000,115.266667, ,0.0,0.0,0,0,0,0,0,0,0,0
TF,D307N,30.560386,115.038678,0, ,0.0,0.0,0.0,0.0,0,0,0,0,0,0,0,0
TF,D127H,30.799861,114.599547,0, ,0.0,0.0,0.0,0.0,2,11800,0,0,0,0,0,0
TF,DHP,30.870000,114.470000,0, ,0.0,0.0,0.0,0.0,0,0,0,0,0,0,0,0
TF,D307M,30.984472,114.265111,0, ,0.0,0.0,0.0,0.0,0,0,0,0,0,0,0,0
TF,D046L,30.844731,114.124533,0, ,0.0,0.0,0.0,0.0,2,7880,0,0,0,0,0,0
TF,DHB,30.698333,113.971667,0, ,0.0,0.0,0.0,0.0,0,0,0,0,0,0,0,0

STAR,XSH02A,04L,3
IF,DHB,30.698333,113.971667, ,0.0,0.0,0,0,0,0,0,0,0,0
TF,D226D,30.644939,113.916075,0, ,0.0,0.0,0.0,0.0,2,2960,0,1,205,0,0,0

STAR,XSH02A,04R,3
IF,DHB,30.698333,113.971667, ,0.0,0.0,0,0,0,0,0,0,0,0
TF,D226D,30.644939,113.916075,0, ,0.0,0.0,0.0,0.0,2,3940,0,1,205,0,0,0

STAR,XSH03A,04R,2
IF,XSH,30.435000,115.266667, ,0.0,0.0,0,0,0,0,0,0,0,0
TF,D307N,30.560386,115.038678,0, ,0.0,0.0,0.0,0.0,0,0,0,0,0,0,0,0
TF,D127H,30.799861,114.599547,0, ,0.0,0.0,0.0,0.0,2,11800,0,0,0,0,0,0
TF,DHP,30.870000,114.470000,0, ,0.0,0.0,0.0,0.0,0,0,0,0,0,0,0,0
TF,D307M,30.984472,114.265111,0, ,0.0,0.0,0.0,0.0,0,0,0,0,0,0,0,0
TF,D046L,30.844731,114.124533,0, ,0.0,0.0,0.0,0.0,2,7880,0,0,0,0,0,0
TF,DHB,30.698333,113.971667,0, ,0.0,0.0,0.0,0.0,2,3940,0,1,205,0,0,0

STAR,XSH05A,04R,5
IF,XSH,30.435000,115.266667, ,0.0,0.0,0,0,0,0,0,0,0,0
TF,HH407,30.561667,115.040000,0, ,0.0,0.0,0.0,0.0,0,0,0,0,0,0,0,0
TF,HH406,30.801111,114.601111,0, ,0.0,0.0,0.0,0.0,2,11800,0,0,0,0,0,0
TF,DHP,30.870000,114.470000,0, ,0.0,0.0,0.0,0.0,0,0,0,0,0,0,0,0
TF,HH414,30.707500,114.303333,0, ,0.0,0.0,0.0,0.0,2,7880,0,0,0,0,0,0
TF,HH423,30.538333,114.130556,0, ,0.0,0.0,0.0,0.0,2,3940,0,1,205,0,0,0

STAR,XSH06A,04R,5
IF,XSH,30.435000,115.266667, ,0.0,0.0,0,0,0,0,0,0,0,0
TF,HH407,30.561667,115.040000,0, ,0.0,0.0,0.0,0.0,0,0,0,0,0,0,0,0
TF,HH406,30.801111,114.601111,0, ,0.0,0.0,0.0,0.0,2,11800,0,0,0,0,0,0
TF,DHP,30.870000,114.470000,0, ,0.0,0.0,0.0,0.0,0,0,0,0,0,0,0,0
TF,HH418,30.982778,114.264722,0, ,0.0,0.0,0.0,0.0,0,0,0,0,0,0,0,0
TF,HH404,30.844722,114.123333,0, ,0.0,0.0,0.0,0.0,2,7880,0,0,0,0,0,0
TF,HH424,30.675278,113.950833,0, ,0.0,0.0,0.0,0.0,2,3940,0,1,205,0,0,0

STAR,XSH08A,ALL,5
IF,XSH,30.435000,115.266667, ,0.0,0.0,0,0,0,0,0,0,0,0
TF,HH407,30.561667,115.040000,0, ,0.0,0.0,0.0,0.0,0,0,0,0,0,0,0,0
TF,HH406,30.801111,114.601111,0, ,0.0,0.0,0.0,0.0,2,11800,0,0,0,0,0,0
TF,DHP,30.870000,114.470000,0, ,0.0,0.0,0.0,0.0,0,0,0,0,0,0,0,0
TF,HH418,30.982778,114.264722,0, ,0.0,0.0,0.0,0.0,0,0,0,0,0,0,0,0
TF,HH404,30.844722,114.123333,0, ,0.0,0.0,0.0,0.0,2,7880,0,0,0,0,0,0

STAR,XSH08A,04L,6
IF,HH404,30.844722,114.123333, ,0.0,0.0,2,7880,0,0,0,0,0,0
TF,HH403,30.623056,113.897778,0, ,0.0,0.0,0.0,0.0,2,2960,0,1,205,0,0,0

STAR,XSH08A,04R,6
IF,HH404,30.844722,114.123333, ,0.0,0.0,2,7880,0,0,0,0,0,0
TF,HH403,30.623056,113.897778,0, ,0.0,0.0,0.0,0.0,2,3940,0,1,205,0,0,0

STAR,XSH09A,ALL,5
IF,XSH,30.435000,115.266667, ,0.0,0.0,0,0,0,0,0,0,0,0
TF,HH407,30.561667,115.040000,0, ,0.0,0.0,0.0,0.0,0,0,0,0,0,0,0,0
TF,HH406,30.801111,114.601111,0, ,0.0,0.0,0.0,0.0,2,11800,0,0,0,0,0,0
TF,DHP,30.870000,114.470000,0, ,0.0,0.0,0.0,0.0,0,0,0,0,0,0,0,0
TF,HH414,30.707500,114.303333,0, ,0.0,0.0,0.0,0.0,2,7880,0,0,0,0,0,0

STAR,XSH09A,04L,6
IF,HH414,30.707500,114.303333, ,0.0,0.0,2,7880,0,0,0,0,0,0
TF,HH413,30.486389,114.077222,0, ,0.0,0.0,0.0,0.0,2,2960,0,1,205,0,0,0

STAR,XSH09A,04R,6
IF,HH414,30.707500,114.303333, ,0.0,0.0,2,7880,0,0,0,0,0,0
TF,HH413,30.486389,114.077222,0, ,0.0,0.0,0.0,0.0,2,3940,0,1,205,0,0,0

STAR,XSH11A,ALL,2
IF,XSH,30.435000,115.266667, ,0.0,0.0,0,0,0,0,0,0,0,0
TF,D288O,30.501947,114.995906,0, ,0.0,0.0,0.0,0.0,0,0,0,0,0,0,0,0
TF,D108Y,30.605422,114.436667,0, ,0.0,0.0,0.0,0.0,2,11800,0,1,240,0,0,0
TF,D136G,30.706567,114.299811,0, ,0.0,0.0,0.0,0.0,2,7880,0,0,0,0,0,0
TF,DHP,30.870000,114.470000,0, ,0.0,0.0,0.0,0.0,0,0,0,0,0,0,0,0

STAR,XSH11A,22L,3
IF,DHP,30.870000,114.470000, ,0.0,0.0,0,0,0,0,0,0,0,0
TF,D046D,30.915922,114.517967,0, ,0.0,0.0,0.0,0.0,2,2960,0,1,205,0,0,0

STAR,XSH11A,22R,3
IF,DHP,30.870000,114.470000, ,0.0,0.0,0,0,0,0,0,0,0,0
TF,D046D,30.915922,114.517967,0, ,0.0,0.0,0.0,0.0,2,3940,0,1,205,0,0,0

STAR,XSH12A,ALL,2
IF,XSH,30.435000,115.266667, ,0.0,0.0,0,0,0,0,0,0,0,0
TF,D307N,30.560386,115.038678,0, ,0.0,0.0,0.0,0.0,0,0,0,0,0,0,0,0
TF,D127E,30.826511,114.550372,0, ,0.0,0.0,0.0,0.0,2,3940,0,0,0,0,0,0
TF,DHP,30.870000,114.470000,0, ,0.0,0.0,0.0,0.0,0,0,0,0,0,0,0,0

STAR,XSH12A,22L,3
IF,DHP,30.870000,114.470000, ,0.0,0.0,0,0,0,0,0,0,0,0
TF,D046D,30.915922,114.517967,0, ,0.0,0.0,0.0,0.0,2,2960,0,1,205,0,0,0

STAR,XSH12A,22R,3
IF,DHP,30.870000,114.470000, ,0.0,0.0,0,0,0,0,0,0,0,0
TF,D046D,30.915922,114.517967,0, ,0.0,0.0,0.0,0.0,2,3940,0,1,205,0,0,0

STAR,XSH17A,ALL,5
IF,XSH,30.435000,115.266667, ,0.0,0.0,0,0,0,0,0,0,0,0
TF,HH461,30.456944,114.972500,0, ,0.0,0.0,0.0,0.0,0,0,0,0,0,0,0,0
TF,HH459,30.493889,114.411667,0, ,0.0,0.0,0.0,0.0,2,11800,0,0,0,0,0,0
TF,HH504,30.634444,114.228333,0, ,0.0,0.0,0.0,0.0,0,0,0,0,0,0,0,0
TF,HH414,30.707500,114.303333,0, ,0.0,0.0,0.0,0.0,2,7880,0,0,0,0,0,0

STAR,XSH17A,22L,6
IF,HH414,30.707500,114.303333, ,0.0,0.0,2,7880,0,0,0,0,0,0
TF,HH503,30.936389,114.538611,0, ,0.0,0.0,0.0,0.0,2,2960,0,1,205,0,0,0

STAR,XSH17A,22R,6
IF,HH414,30.707500,114.303333, ,0.0,0.0,2,7880,0,0,0,0,0,0
TF,HH503,30.936389,114.538611,0, ,0.0,0.0,0.0,0.0,2,3940,0,1,205,0,0,0

STAR,XSH18A,22L,5
IF,XSH,30.435000,115.266667, ,0.0,0.0,0,0,0,0,0,0,0,0
TF,HH516,30.630000,115.136389,0, ,0.0,0.0,0.0,0.0,0,0,0,0,0,0,0,0
TF,HH517,31.086667,114.823333,0, ,0.0,0.0,0.0,0.0,2,7880,0,1,205,0,0,0

STAR,XSH18A,22R,5
IF,XSH,30.435000,115.266667, ,0.0,0.0,0,0,0,0,0,0,0,0
TF,HH516,30.630000,115.136389,0, ,0.0,0.0,0.0,0.0,0,0,0,0,0,0,0,0
TF,HH517,31.086667,114.823333,0, ,0.0,0.0,0.0,0.0,2,7880,0,1,205,0,0,0

STAR,XSH19A,ALL,5
IF,XSH,30.435000,115.266667, ,0.0,0.0,0,0,0,0,0,0,0,0
TF,HH515,30.492778,114.993056,0, ,0.0,0.0,0.0,0.0,0,0,0,0,0,0,0,0
TF,HH514,30.605278,114.436944,0, ,0.0,0.0,0.0,0.0,2,11800,0,1,240,0,0,0
TF,HH414,30.707500,114.303333,0, ,0.0,0.0,0.0,0.0,2,7880,0,0,0,0,0,0

STAR,XSH19A,22L,6
IF,HH414,30.707500,114.303333, ,0.0,0.0,2,7880,0,0,0,0,0,0
TF,HH503,30.936389,114.538611,0, ,0.0,0.0,0.0,0.0,2,2960,0,1,205,0,0,0

STAR,XSH19A,22R,6
IF,HH414,30.707500,114.303333, ,0.0,0.0,2,7880,0,0,0,0,0,0
TF,HH503,30.936389,114.538611,0, ,0.0,0.0,0.0,0.0,2,3940,0,1,205,0,0,0

APPTR,I04LY,04L,D226D
IF,D226D,30.644939,113.916075, ,0.0,0.0,2,2960,0,1,205,0,1,0
CR,0,WHA,231.0,136.0,0,0,0,0,0,0,0,0
CI,0,IHN,0.0,76.0,2,2960,0,0,0,0,0,0

APPTR,I04LY,04L,D272O
IF,D272O,30.431197,113.877428, ,0.0,0.0,2,2960,0,1,205,0,1,0
TF,D201N,30.474650,113.892719,0, ,0.0,0.0,0.0,0.0,0,0,0,0,0,0,0,0
TF,D226V,30.506031,113.925039,0, ,0.0,0.0,0.0,0.0,2,2960,0,0,0,0,0,0
CF,CI04L,30.558708,113.978581,0,IHN,225.5,19.0,46.0,4.2,2,2960,0,0,0,0,1,0

APPTR,I04LY,04L,D272S
IF,D272S,30.428153,113.784567, ,0.0,0.0,2,3940,0,1,205,0,1,0
TF,D272P,30.430181,113.846214,0, ,0.0,0.0,0.0,0.0,0,0,0,0,0,0,0,0
TF,D201N,30.474650,113.892719,0, ,0.0,0.0,0.0,0.0,0,0,0,0,0,0,0,0
TF,D226V,30.506031,113.925039,0, ,0.0,0.0,0.0,0.0,2,2960,0,0,0,0,0,0
CF,CI04L,30.558708,113.978581,0,IHN,225.5,19.0,46.0,4.2,2,2960,0,0,0,0,1,0

APPTR,I04LY,04L,DHP29
IF,DHP29,30.506947,114.093033, ,0.0,0.0,2,2960,0,1,205,0,1,0
CR,0,WHA,221.0,316.0,0,0,0,0,0,0,0,0
CI,0,IHN,0.0,16.0,2,2960,0,0,0,0,0,0

FINAL,I04LY,04L,I,3
IF,CI04L,30.558708,113.978581,IHN,225.5,19.0,2,2960,0,0,0,0,0,0
CF,FI04L,30.660236,114.082000,0,IHN,225.5,10.9,46.0,8.1,1,2960,0,0,0,0,2,0
CF,RW04L,30.772211,114.196417,0,IHN,225.5,2.0,46.0,8.9,1,144,0,0,0,0,3,0
CA,0,46.0,2,660,0,0,0,0,0,0
DF,D046L,30.844731,114.124533,1, ,0.0,0.0,0,0,0,1,205,0,0,0
CF,DHB,30.698333,113.971667,0,DHB,0.0,0.0,226.0,11.8,1,2960,0,0,0,0,0,0
TF,DHB30,30.419078,113.495442,0, ,0.0,0.0,0.0,0.0,1,8860,0,0,0,0,0,0
HM,DHB30,30.419078,113.495442,1, ,0.0,0.0,60.0,04.3,2,8860,0,1,205,0,0,0,0

APPTR,I04LZ,04L,HH403
IF,HH403,30.623056,113.897778, ,0.0,0.0,2,2960,0,1,205,0,1,0
TF,HH402,30.560278,113.980278,0,IHN,0.0,0.0,0.0,0.0,2,2960,0,0,0,0,1,0

APPTR,I04LZ,04L,HH413
IF,HH413,30.486389,114.077222, ,0.0,0.0,2,2960,0,1,205,0,1,0
TF,HH402,30.560278,113.980278,0,IHN,0.0,0.0,0.0,0.0,2,2960,0,0,0,0,1,0

APPTR,I04LZ,04L,HH417
IF,HH417,30.344722,113.790556, ,0.0,0.0,2,6890,0,1,205,0,1,0
TF,HH410,30.381389,113.799167,0, ,0.0,0.0,0.0,0.0,0,0,0,0,0,0,0,0
TF,HH429,30.424722,113.843056,0, ,0.0,0.0,0.0,0.0,0,0,0,0,0,0,0,0
TF,HH428,30.492500,113.911667,0, ,0.0,0.0,0.0,0.0,2,2960,0,0,0,0,0,0
TF,HH402,30.560278,113.980278,0,IHN,0.0,0.0,0.0,0.0,2,2960,0,0,0,0,1,0

FINAL,I04LZ,04L,I,3
IF,HH402,30.560278,113.980278,IHN,225.5,18.9,2,2960,0,0,0,0,0,0
CF,FI04L,30.660236,114.082000,0,IHN,225.5,10.9,46.0,8.0,1,2960,0,0,0,0,2,0
CF,RW04L,30.772211,114.196417,0,IHN,225.5,2.0,46.0,8.9,1,144,0,0,0,0,3,0
CA,0,46.0,2,660,0,0,0,0,0,0
DF,HH404,30.844722,114.123333,1, ,0.0,0.0,0,0,0,1,205,0,0,0
TF,HH403,30.623056,113.897778,0, ,0.0,0.0,0.0,0.0,1,2960,0,0,0,0,0,0
TF,HH420,30.475000,113.636389,0, ,0.0,0.0,0.0,0.0,1,6890,0,0,0,0,0,0
HM,HH420,30.475000,113.636389,1, ,0.0,0.0,62.0,04.3,2,8860,0,1,205,0,0,0,0

APPTR,I04RW,04R,D226Y
IF,D226Y,30.559236,114.147081, ,0.0,0.0,2,3940,0,1,205,0,1,0
CR,0,WHA,214.0,316.0,0,0,0,0,0,0,0,0
CI,0,IWF,0.0,16.0,2,2960,0,0,0,0,0,0

APPTR,I04RW,04R,D272O
IF,D272O,30.431197,113.877428, ,0.0,0.0,2,2960,0,1,205,0,1,0
CF,CI04W,30.599144,114.049206,0,IWF,225.4,14.8,46.0,13.4,2,2960,0,0,0,0,1,0

APPTR,I04RW,04R,D272S
IF,D272S,30.428153,113.784567, ,0.0,0.0,2,3940,0,1,205,0,1,0
TF,D272O,30.431197,113.877428,0, ,0.0,0.0,0.0,0.0,2,2960,0,0,0,0,0,0
CF,CI04W,30.599144,114.049206,0,IWF,225.4,14.8,46.0,13.4,2,2960,0,0,0,0,1,0

APPTR,I04RW,04R,DHB
IF,DHB,30.698333,113.971667, ,0.0,0.0,2,3940,0,1,205,0,1,0
CR,0,WHA,228.0,136.0,0,0,0,0,0,0,0,0
CI,0,IWF,0.0,76.0,2,2960,0,0,0,0,0,0

FINAL,I04RW,04R,I,3
IF,CI04W,30.599144,114.049206,IWF,225.4,14.8,2,2960,0,0,0,0,0,0
CF,FF04R,30.646797,114.097703,0,IWF,225.4,11.0,46.0,3.8,1,2960,0,0,0,0,2,0
CF,RW04R,30.757567,114.210692,0,IWF,225.4,2.1,46.0,8.8,1,146,0,0,0,0,3,0
CA,0,46.0,2,830,0,0,0,0,0,0
DF,D030R,30.705675,114.308339,2, ,0.0,0.0,2,2140,0,1,205,0,0,0
CF,DCD,30.440000,114.158333,0,DCD,0.0,0.0,210.0,17.7,1,2960,0,0,0,0,0,0
TF,D238W,30.211683,113.797294,0, ,0.0,0.0,0.0,0.0,1,8860,0,0,0,0,0,0
HM,D238W,30.211683,113.797294,1, ,0.0,0.0,21.0,04.3,2,8860,0,1,205,0,0,0,0

APPTR,I04RX,04R,HH417
IF,HH417,30.344722,113.790556, ,0.0,0.0,2,6890,0,1,205,0,1,0
TF,HH416,30.412500,113.859167,0, ,0.0,0.0,0.0,0.0,0,0,0,0,0,0,0,0
TF,HH415,30.480278,113.927778,0, ,0.0,0.0,0.0,0.0,0,0,0,0,0,0,0,0
TF,HH425,30.600000,114.049722,0,IWF,0.0,0.0,0.0,0.0,2,2960,0,0,0,0,1,0

APPTR,I04RX,04R,HH423
IF,HH423,30.538333,114.130556, ,0.0,0.0,2,3940,0,1,205,0,1,0
TF,HH425,30.600000,114.049722,0,IWF,0.0,0.0,0.0,0.0,2,2960,0,0,0,0,1,0

APPTR,I04RX,04R,HH424
IF,HH424,30.675278,113.950833, ,0.0,0.0,2,3940,0,1,205,0,1,0
TF,HH425,30.600000,114.049722,0,IWF,0.0,0.0,0.0,0.0,2,2960,0,0,0,0,1,0

FINAL,I04RX,04R,I,3
IF,HH425,30.600000,114.049722,IWF,225.5,14.7,2,2960,0,0,0,0,0,0
CF,FF04R,30.646797,114.097703,0,IWF,225.4,11.0,46.0,3.7,1,2960,0,0,0,0,2,0
CF,RW04R,30.757567,114.210692,0,IWF,225.4,2.1,46.0,8.8,1,146,0,0,0,0,3,0
CA,0,46.0,2,830,0,0,0,0,0,0
DF,HH414,30.707500,114.303333,2, ,0.0,0.0,2,2140,0,1,205,0,0,0
TF,DCD,30.440000,114.158333,0, ,0.0,0.0,0.0,0.0,1,2960,0,0,0,0,0,0
TF,HH417,30.344722,113.790556,0, ,0.0,0.0,0.0,0.0,1,6890,0,0,0,0,0,0
HM,HH417,30.344722,113.790556,1, ,0.0,0.0,16.0,04.3,2,8860,0,1,205,0,0,0,0

APPTR,I04RY,04R,D226D
IF,D226D,30.644939,113.916075, ,0.0,0.0,2,3940,0,1,205,0,1,0
CR,0,WHA,227.0,136.0,0,0,0,0,0,0,0,0
CI,0,IWF,0.0,76.0,2,3940,0,0,0,0,0,0

APPTR,I04RY,04R,D272O
IF,D272O,30.431197,113.877428, ,0.0,0.0,2,4930,0,1,205,0,1,0
CF,CI04R,30.547711,113.996933,0,IWF,225.4,18.9,46.0,9.3,2,3940,0,0,0,0,1,0

APPTR,I04RY,04R,D272S
IF,D272S,30.428153,113.784567, ,0.0,0.0,2,3940,0,1,205,0,1,0
TF,D272O,30.431197,113.877428,0, ,0.0,0.0,0.0,0.0,0,0,0,0,0,0,0,0
CF,CI04R,30.547711,113.996933,0,IWF,225.4,18.9,46.0,9.3,2,3940,0,0,0,0,1,0

APPTR,I04RY,04R,DHP29
IF,DHP29,30.506947,114.093033, ,0.0,0.0,2,3940,0,1,205,0,1,0
CR,0,WHA,217.0,316.0,0,0,0,0,0,0,0,0
CI,0,IWF,0.0,16.0,2,3940,0,0,0,0,0,0

FINAL,I04RY,04R,I,3
IF,CI04R,30.547711,113.996933,IWF,225.4,18.9,2,3940,0,0,0,0,0,0
CF,FI04R,30.607925,114.058136,0,IWF,225.4,14.1,46.0,4.8,1,3940,0,0,0,0,2,0
CF,RW04R,30.757567,114.210692,0,IWF,225.4,2.1,46.0,11.9,1,146,0,0,0,0,3,0
CA,0,46.0,2,830,0,0,0,0,0,0
DF,D030R,30.705675,114.308339,2, ,0.0,0.0,2,2140,0,1,205,0,0,0
CF,DCD,30.440000,114.158333,0,DCD,0.0,0.0,210.0,17.7,1,2960,0,0,0,0,0,0
TF,D238W,30.211683,113.797294,0, ,0.0,0.0,0.0,0.0,1,8860,0,0,0,0,0,0
HM,D238W,30.211683,113.797294,1, ,0.0,0.0,21.0,04.3,2,8860,0,1,205,0,0,0,0

APPTR,I04RZ,04R,HH403
IF,HH403,30.623056,113.897778, ,0.0,0.0,2,3940,0,1,205,0,1,0
TF,HH412,30.547778,113.996667,0,IWF,0.0,0.0,0.0,0.0,2,3940,0,0,0,0,1,0

APPTR,I04RZ,04R,HH413
IF,HH413,30.486389,114.077222, ,0.0,0.0,2,3940,0,1,205,0,1,0
TF,HH412,30.547778,113.996667,0,IWF,0.0,0.0,0.0,0.0,2,3940,0,0,0,0,1,0

APPTR,I04RZ,04R,HH417
IF,HH417,30.344722,113.790556, ,0.0,0.0,2,6890,0,1,205,0,1,0
TF,HH416,30.412500,113.859167,0, ,0.0,0.0,0.0,0.0,0,0,0,0,0,0,0,0
TF,HH415,30.480278,113.927778,0, ,0.0,0.0,0.0,0.0,0,0,0,0,0,0,0,0
TF,HH412,30.547778,113.996667,0,IWF,0.0,0.0,0.0,0.0,2,3940,0,0,0,0,1,0

FINAL,I04RZ,04R,I,3
IF,HH412,30.547778,113.996667,IWF,225.5,18.9,2,3940,0,0,0,0,0,0
CF,FI04R,30.607925,114.058136,0,IWF,225.4,14.1,46.0,4.8,1,3940,0,0,0,0,2,0
CF,RW04R,30.757567,114.210692,0,IWF,225.4,2.1,46.0,11.9,1,146,0,0,0,0,3,0
CA,0,46.0,2,830,0,0,0,0,0,0
DF,HH414,30.707500,114.303333,2, ,0.0,0.0,2,2140,0,1,205,0,0,0
TF,DCD,30.440000,114.158333,0, ,0.0,0.0,0.0,0.0,1,2960,0,0,0,0,0,0
TF,HH417,30.344722,113.790556,0, ,0.0,0.0,0.0,0.0,1,6890,0,0,0,0,0,0
HM,HH417,30.344722,113.790556,1, ,0.0,0.0,16.0,04.3,2,8860,0,1,205,0,0,0,0

APPTR,I22LY,22L,D046D
IF,D046D,30.915922,114.517967, ,0.0,0.0,2,2960,0,1,205,0,1,0
CR,0,WHA,55.0,316.0,0,0,0,0,0,0,0,0
CI,0,IUT,0.0,256.0,2,2960,0,0,0,0,0,0

APPTR,I22LY,22L,D170G
IF,D170G,31.209919,114.463381, ,0.0,0.0,2,5910,0,1,205,0,1,0
TF,D170S,31.051061,114.509325,0, ,0.0,0.0,0.0,0.0,2,2960,0,0,0,0,0,0
CF,CI22L,30.998886,114.458053,0,IUT,45.4,19.5,226.0,4.1,2,2960,0,0,0,0,1,0

APPTR,I22LY,22L,DHB29
IF,DHB29,31.052844,114.342975, ,0.0,0.0,2,3940,0,1,205,0,1,0
CR,0,WHA,45.0,136.0,0,0,0,0,0,0,0,0
CI,0,IUT,0.0,196.0,2,2960,0,0,0,0,0,0

FINAL,I22LY,22L,I,3
IF,CI22L,30.998886,114.458053,IUT,45.4,19.5,2,2960,0,0,0,0,0,0
CF,FI22L,30.892575,114.348847,0,IUT,45.4,11.0,226.0,8.5,1,2960,0,0,0,0,2,0
CF,RW22L,30.781931,114.235550,0,IUT,45.4,2.1,226.0,8.8,1,146,0,0,0,0,3,0
CA,0,226.0,2,830,0,0,0,0,0,0
DF,D226M,30.707261,114.300531,1, ,0.0,0.0,0,0,0,1,205,0,0,0
CF,DHP,30.870000,114.470000,0,DHP,0.0,0.0,46.0,13.1,1,3940,0,0,0,0,0,0
HM,DHP,30.870000,114.470000,2, ,0.0,0.0,46.0,04.3,2,3940,0,1,205,0,0,0,0

APPTR,I22LZ,22L,HH503
IF,HH503,30.936389,114.538611, ,0.0,0.0,2,2960,0,1,205,0,1,0
TF,HH502,30.998333,114.457778,0,IUT,0.0,0.0,0.0,0.0,2,2960,0,0,0,0,1,0

APPTR,I22LZ,22L,HH513
IF,HH513,31.074167,114.358333, ,0.0,0.0,2,3940,0,1,205,0,1,0
TF,HH502,30.998333,114.457778,0,IUT,0.0,0.0,0.0,0.0,2,2960,0,0,0,0,1,0

APPTR,I22LZ,22L,HH517
IF,HH517,31.086667,114.823333, ,0.0,0.0,2,7880,0,1,205,0,1,0
TF,HH507,31.051389,114.512500,0, ,0.0,0.0,0.0,0.0,2,2960,0,0,0,0,0,0
TF,HH502,30.998333,114.457778,0,IUT,0.0,0.0,0.0,0.0,2,2960,0,0,0,0,1,0

APPTR,I22LZ,22L,HH521
IF,HH521,31.238333,114.499444, ,0.0,0.0,2,6890,0,1,205,0,1,0
TF,HH507,31.051389,114.512500,0, ,0.0,0.0,0.0,0.0,2,2960,0,0,0,0,0,0
TF,HH502,30.998333,114.457778,0,IUT,0.0,0.0,0.0,0.0,2,2960,0,0,0,0,1,0

FINAL,I22LZ,22L,I,3
IF,HH502,30.998333,114.457778,IUT,45.5,19.4,2,2960,0,0,0,0,0,0
CF,FI22L,30.892575,114.348847,0,IUT,45.4,11.0,226.0,8.5,1,2960,0,0,0,0,2,0
CF,RW22L,30.781931,114.235550,0,IUT,45.4,2.1,226.0,8.8,1,146,0,0,0,0,3,0
CA,0,226.0,2,830,0,0,0,0,0,0
DF,HH414,30.707500,114.303333,1, ,0.0,0.0,0,0,0,1,205,0,0,0
TF,DHP,30.870000,114.470000,0, ,0.0,0.0,0.0,0.0,1,3940,0,0,0,0,0,0
HM,DHP,30.870000,114.470000,2, ,0.0,0.0,46.0,04.3,2,3940,0,1,205,0,0,0,0

APPTR,I22RY,22R,D046D
IF,D046D,30.915922,114.517967, ,0.0,0.0,2,3940,0,1,205,0,1,0
CR,0,WHA,52.0,316.0,0,0,0,0,0,0,0,0
CI,0,ITS,0.0,256.0,2,3940,0,0,0,0,0,0

APPTR,I22RY,22R,D170G
IF,D170G,31.209919,114.463381, ,0.0,0.0,2,5910,0,1,205,0,1,0
TF,D170P,31.073758,114.502769,0, ,0.0,0.0,0.0,0.0,0,0,0,0,0,0,0,0
CF,CI22R,31.010642,114.441286,0,ITS,45.5,19.2,226.0,4.9,2,3940,0,0,0,0,1,0

APPTR,I22RY,22R,DHB29
IF,DHB29,31.052844,114.342975, ,0.0,0.0,2,3940,0,1,205,0,1,0
CR,0,WHA,42.0,136.0,0,0,0,0,0,0,0,0
CI,0,ITS,0.0,196.0,2,3940,0,0,0,0,0,0

FINAL,I22RY,22R,I,3
IF,CI22R,31.010642,114.441286,ITS,45.5,19.2,2,3940,0,0,0,0,0,0
CF,FI22R,30.943164,114.371806,0,ITS,45.5,13.8,226.0,5.4,1,3940,0,0,0,0,2,0
CF,RW22R,30.795200,114.219925,0,ITS,45.5,2.0,226.0,11.8,1,162,0,0,0,0,3,0
CA,0,226.0,2,660,0,0,0,0,0,0
DF,D046L,30.844731,114.124533,2, ,0.0,0.0,0,0,0,1,205,0,0,0
CF,DHB29,31.052844,114.342975,0,DHB,46.0,28.6,46.0,16.8,1,3940,0,0,0,0,0,0

APPTR,I22RZ,22R,HH503
IF,HH503,30.936389,114.538611, ,0.0,0.0,2,3940,0,1,205,0,1,0
TF,HH512,31.010833,114.441111,0,ITS,0.0,0.0,0.0,0.0,2,3940,0,0,0,0,1,0

APPTR,I22RZ,22R,HH513
IF,HH513,31.074167,114.358333, ,0.0,0.0,2,3940,0,1,205,0,1,0
TF,HH512,31.010833,114.441111,0,ITS,0.0,0.0,0.0,0.0,2,3940,0,0,0,0,1,0

APPTR,I22RZ,22R,HH517
IF,HH517,31.086667,114.823333, ,0.0,0.0,2,7880,0,1,205,0,1,0
TF,HH522,31.047500,114.478889,0, ,0.0,0.0,0.0,0.0,0,0,0,0,0,0,0,0
TF,HH512,31.010833,114.441111,0,ITS,0.0,0.0,0.0,0.0,2,3940,0,0,0,0,1,0

APPTR,I22RZ,22R,HH521
IF,HH521,31.238333,114.499444, ,0.0,0.0,2,6890,0,1,205,0,1,0
TF,HH508,31.078333,114.510556,0, ,0.0,0.0,0.0,0.0,0,0,0,0,0,0,0,0
TF,HH512,31.010833,114.441111,0,ITS,0.0,0.0,0.0,0.0,2,3940,0,0,0,0,1,0

FINAL,I22RZ,22R,I,3
IF,HH512,31.010833,114.441111,ITS,45.4,19.2,2,3940,0,0,0,0,0,0
CF,FI22R,30.943164,114.371806,0,ITS,45.5,13.8,226.0,5.4,1,3940,0,0,0,0,2,0
CF,RW22R,30.795200,114.219925,0,ITS,45.5,2.0,226.0,11.8,1,162,0,0,0,0,3,0
CA,0,226.0,2,660,0,0,0,0,0,0
DF,HH404,30.844722,114.123333,2, ,0.0,0.0,0,0,0,1,205,0,0,0
TF,HH513,31.074167,114.358333,0, ,0.0,0.0,0.0,0.0,1,3940,0,0,0,0,0,0

