SID,AGT1YD,09,2
CA,0,91.0,2,660,0,0,0,0,0,0
DF,D208H,20.038369,110.612253,0, ,0.0,0.0,0,0,0,1,205,0,0,0
TF,D291F,20.185397,110.575097,0, ,0.0,0.0,0.0,0.0,2,6890,0,0,0,0,0,0
TF,D291R,20.253261,110.376833,0, ,0.0,0.0,0.0,0.0,0,0,0,0,0,0,0,0
TF,AGTEL,20.500000,110.293333,0, ,0.0,0.0,0.0,0.0,0,0,0,0,0,0,0,0

SID,AGT1ZD,27,2
CF,D271J,19.934469,110.288883,0,NYB,120.2,9.9,271.0,9.0,0,0,0,0,0,0,0,1
CF,D030P,20.253439,110.276744,2,NYB,30.0,16.3,5.0,18.0,0,0,0,1,205,0,0,0
TF,AGTEL,20.500000,110.293333,0, ,0.0,0.0,0.0,0.0,0,0,0,0,0,0,0,0

SID,AGT2YD,09,2
CA,0,91.0,2,660,0,0,0,0,0,0
DF,D343G,20.042128,110.450142,1, ,0.0,0.0,0,0,0,1,205,0,0,0
TF,D291R,20.253261,110.376833,0, ,0.0,0.0,0.0,0.0,0,0,0,0,0,0,0,0
TF,AGTEL,20.500000,110.293333,0, ,0.0,0.0,0.0,0.0,0,0,0,0,0,0,0,0

SID,AGT8YD,09,5
CA,0,91.0,2,1320,0,0,0,0,0,0
DF,HK419,20.151944,110.584167,1, ,0.0,0.0,0,0,0,0,0,0,0,0
TF,HK420,20.150833,110.413333,0, ,0.0,0.0,0.0,0.0,0,0,0,0,0,0,0,0
TF,AGTEL,20.500000,110.293333,0, ,0.0,0.0,0.0,0.0,0,0,0,0,0,0,0,0

SID,AGT9YD,09,5
CA,0,91.0,2,1320,0,0,0,0,0,0
DF,HK420,20.150833,110.413333,1, ,0.0,0.0,0,0,0,0,0,0,0,0
TF,AGTEL,20.500000,110.293333,0, ,0.0,0.0,0.0,0.0,0,0,0,0,0,0,0,0

SID,AGT9ZD,27,5
CA,0,271.0,2,1320,0,0,0,0,0,0
DF,HK520,20.115278,110.307778,2, ,0.0,0.0,0,0,0,0,0,0,0,0
TF,HK521,20.233611,110.305278,0, ,0.0,0.0,0.0,0.0,0,0,0,0,0,0,0,0
TF,AGTEL,20.500000,110.293333,0, ,0.0,0.0,0.0,0.0,0,0,0,0,0,0,0,0

SID,ASS1YD,09,2
CA,0,91.0,2,660,0,0,0,0,0,0
DF,D208H,20.038369,110.612253,0, ,0.0,0.0,0,0,0,1,205,0,0,0
TF,D291F,20.185397,110.575097,0, ,0.0,0.0,0.0,0.0,2,6890,0,0,0,0,0,0
TF,D291R,20.253261,110.376833,0, ,0.0,0.0,0.0,0.0,0,0,0,0,0,0,0,0
TF,AGPOR,20.302500,110.230000,0, ,0.0,0.0,0.0,0.0,0,0,0,0,0,0,0,0
TF,ASSAD,18.341667,107.681667,0, ,0.0,0.0,0.0,0.0,0,0,0,0,0,0,0,0

SID,ASS1ZD,27,2
CF,D271J,19.934469,110.288883,0,NYB,120.2,9.9,271.0,9.0,0,0,0,0,0,0,0,1
CF,D030P,20.253439,110.276744,2,MLT,286.3,23.2,5.0,18.0,0,0,0,1,205,0,0,1
DF,D011P,20.270356,110.184381,1, ,0.0,0.0,0,0,0,0,0,0,0,0
TF,ASSAD,18.341667,107.681667,0, ,0.0,0.0,0.0,0.0,0,0,0,0,0,0,0,0

SID,ASS9YD,09,5
CA,0,91.0,2,1320,0,0,0,0,0,0
DF,HK419,20.151944,110.584167,1, ,0.0,0.0,0,0,0,0,0,0,0,0
TF,HK420,20.150833,110.413333,0, ,0.0,0.0,0.0,0.0,0,0,0,0,0,0,0,0
TF,HK407,20.146944,110.023056,0, ,0.0,0.0,0.0,0.0,0,0,0,0,0,0,0,0
TF,ASSAD,18.341667,107.681667,0, ,0.0,0.0,0.0,0.0,0,0,0,0,0,0,0,0

SID,ASS9ZD,27,5
CA,0,271.0,2,1320,0,0,0,0,0,0
DF,HK520,20.115278,110.307778,2, ,0.0,0.0,0,0,0,0,0,0,0,0
TF,HK521,20.233611,110.305278,0, ,0.0,0.0,0.0,0.0,0,0,0,0,0,0,0,0
TF,HK522,20.230278,110.133056,0, ,0.0,0.0,0.0,0.0,0,0,0,0,0,0,0,0
TF,HK407,20.146944,110.023056,0, ,0.0,0.0,0.0,0.0,0,0,0,0,0,0,0,0
TF,ASSAD,18.341667,107.681667,0, ,0.0,0.0,0.0,0.0,0,0,0,0,0,0,0,0

SID,SAM1YD,09,2
CA,0,91.0,2,660,0,0,0,0,0,0
DF,D208H,20.038369,110.612253,0, ,0.0,0.0,0,0,0,1,205,0,0,0
TF,D291F,20.185397,110.575097,0, ,0.0,0.0,0.0,0.0,2,6890,0,0,0,0,0,0
TF,SAMAS,20.505000,110.495000,0, ,0.0,0.0,0.0,0.0,0,0,0,0,0,0,0,0

SID,SAM1ZD,27,2
CA,0,271.0,2,660,0,0,0,0,0,0
DF,D008J,20.104917,110.453753,2, ,0.0,0.0,2,3940,0,1,205,0,0,0
TF,SAMAS,20.505000,110.495000,0, ,0.0,0.0,0.0,0.0,0,0,0,0,0,0,0,0

SID,SAM2ZD,27,2
CF,D271J,19.934469,110.288883,0,NYB,120.2,9.9,271.0,9.0,0,0,0,0,0,0,0,1
CF,D030P,20.253439,110.276744,2,MLT,286.3,23.2,5.0,18.0,0,0,0,1,205,0,0,1
TF,SAMAS,20.505000,110.495000,0, ,0.0,0.0,0.0,0.0,0,0,0,0,0,0,0,0

SID,SAM8ZD,27,2
CA,0,271.0,2,1320,0,0,0,0,0,0
DF,HK520,20.115278,110.307778,2, ,0.0,0.0,0,0,0,0,0,0,0,0
TF,HK521,20.233611,110.305278,0, ,0.0,0.0,0.0,0.0,0,0,0,0,0,0,0,0
TF,SAMAS,20.505000,110.495000,0, ,0.0,0.0,0.0,0.0,0,0,0,0,0,0,0,0

SID,SAM9YD,09,5
CA,0,91.0,2,1320,0,0,0,0,0,0
DF,HK419,20.151944,110.584167,1, ,0.0,0.0,0,0,0,0,0,0,0,0
TF,SAMAS,20.505000,110.495000,0, ,0.0,0.0,0.0,0.0,0,0,0,0,0,0,0,0

SID,SAM9ZD,27,5
CA,0,271.0,2,1320,0,0,0,0,0,0
DF,HK418,20.115278,110.451667,2, ,0.0,0.0,0,0,0,0,0,0,0,0
TF,SAMAS,20.505000,110.495000,0, ,0.0,0.0,0.0,0.0,0,0,0,0,0,0,0,0

SID,UPR1YD,09,2
CA,0,91.0,2,660,0,0,0,0,0,0
DF,D208H,20.038369,110.612253,0, ,0.0,0.0,0,0,0,1,205,0,0,0
TF,D291F,20.185397,110.575097,0, ,0.0,0.0,0.0,0.0,2,6890,0,0,0,0,0,0
TF,D291R,20.253261,110.376833,0, ,0.0,0.0,0.0,0.0,0,0,0,0,0,0,0,0
TF,NYB,20.015000,110.136667,0, ,0.0,0.0,0.0,0.0,2,22600,0,0,0,0,0,0
TF,UPRIS,19.250000,109.769167,0, ,0.0,0.0,0.0,0.0,0,0,0,0,0,0,0,0

SID,UPR1ZD,27,2
CF,D271J,19.934469,110.288883,0,NYB,120.2,9.9,271.0,9.0,0,0,0,0,0,0,0,1
CF,D030P,20.253439,110.276744,2,MLT,286.3,23.2,5.0,18.0,0,0,0,1,205,0,0,1
DF,D011P,20.270356,110.184381,1, ,0.0,0.0,0,0,0,0,0,0,0,0
TF,NYB,20.015000,110.136667,0, ,0.0,0.0,0.0,0.0,2,22600,0,0,0,0,0,0
TF,UPRIS,19.250000,109.769167,0, ,0.0,0.0,0.0,0.0,0,0,0,0,0,0,0,0

SID,UPR2YD,09,2
CA,0,91.0,2,660,0,0,0,0,0,0
DF,D224Y,19.847981,110.374286,2, ,0.0,0.0,2,1970,0,1,205,0,0,0
TF,UPRIS,19.250000,109.769167,0, ,0.0,0.0,0.0,0.0,0,0,0,0,0,0,0,0

SID,UPR2ZD,27,2
CA,0,271.0,2,660,0,0,0,0,0,0
VI,0, ,0.0,194.0,0,0,0,1,205,0,0,0
CF,UPRIS,19.250000,109.769167,0,NYB,205.5,50.2,224.0,51.0,0,0,0,0,0,0,0,0

SID,UPR8YD,09,5
CA,0,91.0,2,1320,0,0,0,0,0,0
DF,HK506,19.843611,110.365278,2, ,0.0,0.0,2,1970,0,0,0,0,0,0
TF,UPRIS,19.250000,109.769167,0, ,0.0,0.0,0.0,0.0,0,0,0,0,0,0,0,0

SID,UPR8ZD,27,5
CA,0,271.0,2,1320,0,0,0,0,0,0
DF,HK510,19.817222,110.338889,1, ,0.0,0.0,0,0,0,0,0,0,0,0
TF,UPRIS,19.250000,109.769167,0, ,0.0,0.0,0.0,0.0,0,0,0,0,0,0,0,0

SID,UPR9YD,09,5
CA,0,91.0,2,1320,0,0,0,0,0,0
DF,HK419,20.151944,110.584167,1, ,0.0,0.0,0,0,0,0,0,0,0,0
TF,HK420,20.150833,110.413333,0, ,0.0,0.0,0.0,0.0,0,0,0,0,0,0,0,0
TF,HK421,20.148611,110.180833,0, ,0.0,0.0,0.0,0.0,0,0,0,0,0,0,0,0
TF,NYB,20.015000,110.136667,0, ,0.0,0.0,0.0,0.0,2,22600,0,0,0,0,0,0
TF,UPRIS,19.250000,109.769167,0, ,0.0,0.0,0.0,0.0,0,0,0,0,0,0,0,0

SID,UPR9ZD,27,5
CA,0,271.0,2,1320,0,0,0,0,0,0
DF,HK520,20.115278,110.307778,2, ,0.0,0.0,0,0,0,0,0,0,0,0
TF,HK521,20.233611,110.305278,0, ,0.0,0.0,0.0,0.0,0,0,0,0,0,0,0,0
TF,HK522,20.230278,110.133056,0, ,0.0,0.0,0.0,0.0,0,0,0,0,0,0,0,0
TF,NYB,20.015000,110.136667,0, ,0.0,0.0,0.0,0.0,2,22600,0,0,0,0,0,0
TF,UPRIS,19.250000,109.769167,0, ,0.0,0.0,0.0,0.0,0,0,0,0,0,0,0,0

STAR,ASS1YA,09,2
IF,ASSAD,18.341667,107.681667, ,0.0,0.0,0,0,0,0,0,0,0,0
TF,D322J,20.148522,110.021386,0, ,0.0,0.0,0.0,0.0,2,5910,0,0,0,0,0,0
TF,NYB,20.015000,110.136667,0, ,0.0,0.0,0.0,0.0,2,2960,0,1,205,0,0,0

STAR,ASS1ZA,27,2
IF,ASSAD,18.341667,107.681667, ,0.0,0.0,0,0,0,0,0,0,0,0
TF,D322J,20.148522,110.021386,0, ,0.0,0.0,0.0,0.0,0,0,0,0,0,0,0,0
TF,NYB,20.015000,110.136667,0, ,0.0,0.0,0.0,0.0,2,9850,0,0,0,0,0,0
TF,D091X,20.014486,110.563219,0, ,0.0,0.0,0.0,0.0,2,2960,0,1,205,0,0,0

STAR,ASS2ZA,27,2
IF,ASSAD,18.341667,107.681667, ,0.0,0.0,0,0,0,0,0,0,0,0
TF,D322J,20.148522,110.021386,0, ,0.0,0.0,0.0,0.0,0,0,0,0,0,0,0,0
TF,NYB,20.015000,110.136667,0, ,0.0,0.0,0.0,0.0,2,9850,0,0,0,0,0,0
TF,P,19.934822,110.487039,0, ,0.0,0.0,0.0,0.0,2,3940,0,1,205,0,0,0

STAR,ASS9YA,09,5
IF,ASSAD,18.341667,107.681667, ,0.0,0.0,0,0,0,0,0,0,0,0
TF,HK407,20.146944,110.023056,0, ,0.0,0.0,0.0,0.0,0,0,0,0,0,0,0,0
TF,NYB,20.015000,110.136667,0, ,0.0,0.0,0.0,0.0,2,2960,0,1,205,0,0,0

STAR,ASS9ZA,27,5
IF,ASSAD,18.341667,107.681667, ,0.0,0.0,0,0,0,0,0,0,0,0
TF,HK407,20.146944,110.023056,0, ,0.0,0.0,0.0,0.0,0,0,0,0,0,0,0,0
TF,NYB,20.015000,110.136667,0, ,0.0,0.0,0.0,0.0,0,0,0,0,0,0,0,0
TF,HK423,19.850278,110.268889,0, ,0.0,0.0,0.0,0.0,0,0,0,0,0,0,0,0
TF,HK513,19.850278,110.674722,0, ,0.0,0.0,0.0,0.0,2,3940,0,1,205,0,0,0

STAR,DOM1YA,09,2
IF,DOMGO,20.500000,110.840000, ,0.0,0.0,0,0,0,0,0,0,0,0
TF,MLT,20.151667,110.673333,0, ,0.0,0.0,0.0,0.0,2,9850,0,1,205,0,0,0

STAR,DOM1ZA,27,2
IF,DOMGO,20.500000,110.840000, ,0.0,0.0,0,0,0,0,0,0,0,0
TF,MLT,20.151667,110.673333,0, ,0.0,0.0,0.0,0.0,2,2960,0,1,205,0,0,0

STAR,DOM2YA,09,2
IF,DOMGO,20.500000,110.840000, ,0.0,0.0,0,0,0,0,0,0,0,0
TF,MLT,20.151667,110.673333,0, ,0.0,0.0,0.0,0.0,2,9850,0,0,0,0,0,0
TF,D227I,20.047039,110.558722,0, ,0.0,0.0,0.0,0.0,2,7880,0,0,0,0,0,0
TF,H,19.934722,110.431633,0, ,0.0,0.0,0.0,0.0,2,3940,0,1,205,0,0,0

STAR,DOM8YA,09,5
IF,DOMGO,20.500000,110.840000, ,0.0,0.0,0,0,0,0,0,0,0,0
TF,HK515,20.152500,110.813333,0, ,0.0,0.0,0.0,0.0,0,0,0,0,0,0,0,0
TF,BESVU,19.850000,110.790000,0, ,0.0,0.0,0.0,0.0,2,5910,0,0,0,0,0,0
TF,HK414,19.850278,110.618333,0, ,0.0,0.0,0.0,0.0,0,0,0,0,0,0,0,0
TF,HK415,19.760000,110.618333,0, ,0.0,0.0,0.0,0.0,0,0,0,1,205,0,0,0
TF,HK416,19.760000,110.391389,0, ,0.0,0.0,0.0,0.0,0,0,0,0,0,0,0,0
TF,HK422,19.759167,110.225278,0, ,0.0,0.0,0.0,0.0,0,0,0,0,0,0,0,0
TF,HK412,19.850278,110.230833,0, ,0.0,0.0,0.0,0.0,2,3940,0,1,205,0,0,0

STAR,DOM9YA,09,5
IF,DOMGO,20.500000,110.840000, ,0.0,0.0,0,0,0,0,0,0,0,0
TF,HK515,20.152500,110.813333,0, ,0.0,0.0,0.0,0.0,0,0,0,0,0,0,0,0
TF,BESVU,19.850000,110.790000,0, ,0.0,0.0,0.0,0.0,2,5910,0,0,0,0,0,0
TF,HK414,19.850278,110.618333,0, ,0.0,0.0,0.0,0.0,0,0,0,0,0,0,0,0
TF,HK413,19.850278,110.391389,0, ,0.0,0.0,0.0,0.0,0,0,0,0,0,0,0,0
TF,HK412,19.850278,110.230833,0, ,0.0,0.0,0.0,0.0,2,3940,0,1,205,0,0,0

STAR,DOM9ZA,27,5
IF,DOMGO,20.500000,110.840000, ,0.0,0.0,0,0,0,0,0,0,0,0
TF,HK515,20.152500,110.813333,0, ,0.0,0.0,0.0,0.0,2,6890,0,1,205,0,0,0

STAR,LID1YA,09,2
IF,LIDLU,20.500000,109.716667, ,0.0,0.0,0,0,0,0,0,0,0,0
TF,D322J,20.148522,110.021386,0, ,0.0,0.0,0.0,0.0,2,5910,0,0,0,0,0,0
TF,NYB,20.015000,110.136667,0, ,0.0,0.0,0.0,0.0,2,2960,0,1,205,0,0,0

STAR,LID1ZA,27,2
IF,LIDLU,20.500000,109.716667, ,0.0,0.0,0,0,0,0,0,0,0,0
TF,D322J,20.148522,110.021386,0, ,0.0,0.0,0.0,0.0,0,0,0,0,0,0,0,0
TF,NYB,20.015000,110.136667,0, ,0.0,0.0,0.0,0.0,2,9850,0,0,0,0,0,0
TF,D091X,20.014486,110.563219,0, ,0.0,0.0,0.0,0.0,2,2960,0,1,205,0,0,0

STAR,LID2ZA,27,2
IF,LIDLU,20.500000,109.716667, ,0.0,0.0,0,0,0,0,0,0,0,0
TF,D322J,20.148522,110.021386,0, ,0.0,0.0,0.0,0.0,0,0,0,0,0,0,0,0
TF,NYB,20.015000,110.136667,0, ,0.0,0.0,0.0,0.0,2,9850,0,0,0,0,0,0
TF,P,19.934822,110.487039,0, ,0.0,0.0,0.0,0.0,2,3940,0,1,205,0,0,0

STAR,LID9YA,09,5
IF,LIDLU,20.500000,109.716667, ,0.0,0.0,0,0,0,0,0,0,0,0
TF,HK407,20.146944,110.023056,0, ,0.0,0.0,0.0,0.0,0,0,0,0,0,0,0,0
TF,NYB,20.015000,110.136667,0, ,0.0,0.0,0.0,0.0,2,2960,0,1,205,0,0,0

STAR,LID9ZA,27,5
IF,LIDLU,20.500000,109.716667, ,0.0,0.0,0,0,0,0,0,0,0,0
TF,HK407,20.146944,110.023056,0, ,0.0,0.0,0.0,0.0,0,0,0,0,0,0,0,0
TF,NYB,20.015000,110.136667,0, ,0.0,0.0,0.0,0.0,0,0,0,0,0,0,0,0
TF,HK423,19.850278,110.268889,0, ,0.0,0.0,0.0,0.0,0,0,0,0,0,0,0,0
TF,HK513,19.850278,110.674722,0, ,0.0,0.0,0.0,0.0,2,3940,0,1,205,0,0,0

STAR,POR1YA,09,2
IF,PORAP,19.250000,109.979167, ,0.0,0.0,0,0,0,0,0,0,0,0
TF,NYB,20.015000,110.136667,0, ,0.0,0.0,0.0,0.0,2,2960,0,1,205,0,0,0

STAR,POR1ZA,27,2
IF,PORAP,19.250000,109.979167, ,0.0,0.0,0,0,0,0,0,0,0,0
TF,NYB,20.015000,110.136667,0, ,0.0,0.0,0.0,0.0,2,9850,0,0,0,0,0,0
TF,D091X,20.014486,110.563219,0, ,0.0,0.0,0.0,0.0,2,2960,0,1,205,0,0,0

STAR,POR2ZA,27,2
IF,PORAP,19.250000,109.979167, ,0.0,0.0,0,0,0,0,0,0,0,0
TF,D091X,20.014486,110.563219,0, ,0.0,0.0,0.0,0.0,2,2960,0,1,205,0,0,0

STAR,POR3ZA,27,2
IF,PORAP,19.250000,109.979167, ,0.0,0.0,0,0,0,0,0,0,0,0
TF,NYB,20.015000,110.136667,0, ,0.0,0.0,0.0,0.0,2,9850,0,0,0,0,0,0
TF,P,19.934822,110.487039,0, ,0.0,0.0,0.0,0.0,2,3940,0,1,205,0,0,0

STAR,POR8YA,09,5
IF,PORAP,19.250000,109.979167, ,0.0,0.0,0,0,0,0,0,0,0,0
TF,HK422,19.759167,110.225278,0, ,0.0,0.0,0.0,0.0,0,0,0,0,0,0,0,0
TF,HK423,19.850278,110.268889,0, ,0.0,0.0,0.0,0.0,2,22600,0,0,0,0,0,0
TF,NUMKU,20.083333,110.381389,0, ,0.0,0.0,0.0,0.0,0,0,0,0,0,0,0,0
TF,HK515,20.152500,110.813333,0, ,0.0,0.0,0.0,0.0,0,0,0,0,0,0,0,0
TF,BESVU,19.850000,110.790000,2, ,0.0,0.0,0.0,0.0,2,5910,0,0,0,0,0,0
TF,HK414,19.850278,110.618333,0, ,0.0,0.0,0.0,0.0,0,0,0,0,0,0,0,0
TF,HK413,19.850278,110.391389,0, ,0.0,0.0,0.0,0.0,0,0,0,0,0,0,0,0
TF,HK412,19.850278,110.230833,0, ,0.0,0.0,0.0,0.0,2,3940,0,1,205,0,0,0

STAR,POR8ZA,27,5
IF,PORAP,19.250000,109.979167, ,0.0,0.0,0,0,0,0,0,0,0,0
TF,HK423,19.850278,110.268889,0, ,0.0,0.0,0.0,0.0,2,22600,0,0,0,0,0,0
TF,NUMKU,20.083333,110.381389,0, ,0.0,0.0,0.0,0.0,0,0,0,0,0,0,0,0
TF,HK515,20.152500,110.813333,0, ,0.0,0.0,0.0,0.0,2,6890,0,1,205,0,0,0

STAR,POR9YA,09,5
IF,PORAP,19.250000,109.979167, ,0.0,0.0,0,0,0,0,0,0,0,0
TF,HK422,19.759167,110.225278,0, ,0.0,0.0,0.0,0.0,0,0,0,0,0,0,0,0
TF,HK412,19.850278,110.230833,0, ,0.0,0.0,0.0,0.0,2,3940,0,1,205,0,0,0

STAR,POR9ZA,27,5
IF,PORAP,19.250000,109.979167, ,0.0,0.0,0,0,0,0,0,0,0,0
TF,HK423,19.850278,110.268889,0, ,0.0,0.0,0.0,0.0,0,0,0,0,0,0,0,0
TF,HK513,19.850278,110.674722,0, ,0.0,0.0,0.0,0.0,2,3940,0,1,205,0,0,0

APPTR,I09-Y,09,H1
IF,H,19.934722,110.431633, ,0.0,0.0,2,3940,0,1,205,0,1,0
FD,H,19.934722,110.431633,0,IHH,0.0,10.3,251.0,10.3,0,0,0,0,0,0,0,0
CI,2,IHH,0.0,61.0,2,1970,0,0,0,0,0,0

APPTR,I09-Y,09,H2
IF,H,19.934722,110.431633, ,0.0,0.0,2,3940,0,1,205,0,1,0
FD,H,19.934722,110.431633,0,IHH,0.0,10.3,260.0,10.3,0,0,0,0,0,0,0,0
CI,2,IHH,0.0,61.0,2,1970,0,0,0,0,0,0

APPTR,I09-Y,09,MLT
IF,MLT,20.151667,110.673333, ,0.0,0.0,2,9850,0,1,205,0,1,0
CF,D249I,20.095203,110.525561,0,MLT,249.0,9.0,249.0,9.0,2,7880,0,0,0,0,0,0
FD,D249I,20.095203,110.525561,0,MLT,249.0,25.8,249.0,25.8,0,0,0,0,0,0,0,0
CI,1,IHH,0.0,121.0,2,1970,0,0,0,0,0,0

APPTR,I09-Y,09,NYB
IF,NYB,20.015000,110.136667, ,0.0,0.0,2,2960,0,1,205,0,1,0
CF,CF09,19.934008,110.230775,0,IHH,270.8,14.0,133.0,7.2,2,1970,0,0,0,0,1,0

FINAL,I09-Y,09,I,3
IF,CF09,19.934008,110.230775,IHH,270.8,14.0,2,1970,0,0,0,0,0,0
CF,FF09,19.934303,110.338686,0,IHH,270.8,7.9,91.0,6.1,1,1970,0,0,0,0,2,0
CF,RW09,19.934722,110.441664,0,IHH,270.8,2.1,91.0,5.8,1,131,0,0,0,0,3,0
FA,RW09,19.934722,110.441664,0,NYB,0.0,0.0,91.0,2,1320,0,0,0,0,0,0
DF,MLT,20.151667,110.673333,1, ,0.0,0.0,1,3940,0,1,205,0,0,0

APPTR,I09-Z,09,HK412
IF,HK412,19.850278,110.230833, ,0.0,0.0,2,3940,0,1,205,0,1,0
TF,HK410,19.850000,110.106111,0, ,0.0,0.0,0.0,0.0,0,0,0,0,0,0,0,0
TF,HK406,19.933889,110.106111,0, ,0.0,0.0,0.0,0.0,2,2960,0,0,0,0,0,0
TF,HK404,19.934167,110.230556,0,IHH,0.0,0.0,0.0,0.0,2,1970,0,0,0,0,0,0

APPTR,I09-Z,09,NYB
IF,NYB,20.015000,110.136667, ,0.0,0.0,2,2960,0,1,205,0,1,0
TF,HK404,19.934167,110.230556,0,IHH,0.0,0.0,0.0,0.0,2,1970,0,0,0,0,1,0

FINAL,I09-Z,09,I,3
IF,HK404,19.934167,110.230556,IHH,270.9,14.0,2,1970,0,0,0,0,0,0
CF,FF09,19.934303,110.338686,0,IHH,270.8,7.9,91.0,6.1,1,1970,0,0,0,0,2,0
CF,RW09,19.934722,110.441664,0,IHH,270.8,2.1,91.0,5.8,1,131,0,0,0,0,3,0
CA,0,91.0,2,1320,0,0,0,0,0,0
DF,HK413,19.850278,110.391389,2, ,0.0,0.0,1,2960,0,1,205,0,0,0
TF,HK412,19.850278,110.230833,0, ,0.0,0.0,0.0,0.0,0,0,0,1,205,0,0,0
HM,HK412,19.850278,110.230833,2, ,0.0,0.0,271.0,04.3,2,3940,0,1,205,0,0,0,0

APPTR,I27-Y,27,D091X
IF,D091X,20.014486,110.563219, ,0.0,0.0,2,2960,0,1,205,0,1,0
FD,D091X,20.014486,110.563219,0,NYB,91.0,28.5,91.0,28.5,0,0,0,0,0,0,0,0
DF,D181K,19.967642,110.673333,2, ,0.0,0.0,0,0,0,0,0,0,0,1
CI,2,IPP,0.0,241.0,2,1970,0,0,0,0,0,0

APPTR,I27-Y,27,MLT
IF,MLT,20.151667,110.673333, ,0.0,0.0,2,2960,0,1,205,0,1,0
CF,D181K,19.967642,110.673333,0,MLT,181.0,11.0,181.0,11.0,0,0,0,0,0,0,0,1
CI,2,IPP,0.0,241.0,2,1970,0,0,0,0,0,0

APPTR,I27-Y,27,P1
IF,P,19.934822,110.487039, ,0.0,0.0,2,3940,0,1,205,0,1,0
FD,P,19.934822,110.487039,0,IPP,0.0,9.5,112.0,9.5,0,0,0,0,0,0,0,0
CI,1,IPP,0.0,301.0,2,1970,0,0,0,0,0,0

APPTR,I27-Y,27,P2
IF,P,19.934822,110.487039, ,0.0,0.0,2,3940,0,1,205,0,1,0
FD,P,19.934822,110.487039,0,IPP,0.0,9.5,102.0,9.5,0,0,0,0,0,0,0,0
CI,1,IPP,0.0,301.0,2,1970,0,0,0,0,0,0

FINAL,I27-Y,27,I,3
IF,CF27,19.935247,110.674556,IPP,90.8,13.3,2,1970,0,0,0,0,0,0
CF,FF27,19.935125,110.579028,0,IPP,90.8,7.9,271.0,5.4,1,1970,0,0,0,0,2,0
CF,RW27,19.934825,110.476056,0,IPP,90.8,2.1,271.0,5.8,1,119,0,0,0,0,3,0
FA,RW27,19.934825,110.476056,0,MLT,0.0,0.0,271.0,2,1320,0,0,0,0,0,0
DF,NYB,20.015000,110.136667,2, ,0.0,0.0,1,3940,0,1,205,0,0,0

APPTR,I27-Z,27,HK513
IF,HK513,19.850278,110.674722, ,0.0,0.0,2,3940,0,1,205,0,1,0
TF,BESVU,19.850000,110.790000,0, ,0.0,0.0,0.0,0.0,0,0,0,0,0,0,0,0
TF,HK514,19.934722,110.790278,0, ,0.0,0.0,0.0,0.0,2,2960,0,0,0,0,0,0
TF,HK504,19.935000,110.674722,0,IPP,0.0,0.0,0.0,0.0,2,1970,0,0,0,0,1,0

APPTR,I27-Z,27,HK515
IF,HK515,20.152500,110.813333, ,0.0,0.0,2,6890,0,1,205,0,1,0
TF,HK514,19.934722,110.790278,0, ,0.0,0.0,0.0,0.0,2,2960,0,0,0,0,0,0
TF,HK504,19.935000,110.674722,0,IPP,0.0,0.0,0.0,0.0,2,1970,0,0,0,0,1,0

FINAL,I27-Z,27,I,3
IF,HK504,19.935000,110.674722,IPP,90.9,13.3,2,1970,0,0,0,0,0,0
CF,FF27,19.935125,110.579028,0,IPP,90.8,7.9,271.0,5.4,1,1970,0,0,0,0,2,0
CF,RW27,19.934825,110.476056,0,IPP,90.8,2.1,271.0,5.8,1,119,0,0,0,0,3,0
CA,0,271.0,2,1320,0,0,0,0,0,0
DF,HK513,19.850278,110.674722,1, ,0.0,0.0,1,3940,0,1,205,0,0,0
HM,HK513,19.850278,110.674722,1, ,0.0,0.0,91.0,04.3,2,3940,0,1,205,0,0,0,0

APPTR,Q09-Y,09,H1
IF,H,19.934722,110.431633, ,0.0,0.0,2,3940,0,1,205,0,1,0
FD,H,19.934722,110.431633,0,IPP,0.0,11.8,251.0,11.8,0,0,0,0,0,0,0,0
CF,FF09,19.934303,110.338686,2,MLT,236.6,22.9,91.0,5.0,2,1970,0,0,0,0,0,0

APPTR,Q09-Y,09,H2
IF,H,19.934722,110.431633, ,0.0,0.0,2,3940,0,1,205,0,1,0
FD,H,19.934722,110.431633,0,IPP,0.0,11.8,260.0,11.8,0,0,0,0,0,0,0,0
CF,FF09,19.934303,110.338686,2,MLT,236.6,22.9,91.0,5.0,2,1970,0,0,0,0,0,0

APPTR,Q09-Y,09,MLT
IF,MLT,20.151667,110.673333, ,0.0,0.0,2,9850,0,1,205,0,1,0
CF,D249I,20.095203,110.525561,0,MLT,249.0,9.0,249.0,9.0,2,7880,0,0,0,0,0,0
FD,D249I,20.095203,110.525561,0,MLT,249.0,25.8,249.0,25.8,0,0,0,0,0,0,0,0
CF,FF09,19.934303,110.338686,1,MLT,236.6,22.9,91.0,5.0,2,1970,0,0,0,0,0,0

APPTR,Q09-Y,09,NYB
IF,NYB,20.015000,110.136667, ,0.0,0.0,2,2960,0,1,205,0,1,0
CF,CF09,19.934008,110.230775,0,NYB,133.3,7.2,133.0,7.2,2,1970,0,0,0,0,1,0
CF,FF09,19.934303,110.338686,0,MLT,236.6,22.9,91.0,6.1,2,1970,0,0,0,0,0,0

FINAL,Q09-Y,09,N,3
IF,FF09,19.934303,110.338686,H,0.0,0.0,2,1970,0,0,0,0,2,0
CF,34ND1,19.934714,110.384419,0,H,0.0,0.0,91.0,2.6,2,1150,0,0,0,0,0,0
CF,H,19.934722,110.431633,0,IPP,0.0,2.3,91.0,2.7,1,311,0,0,0,0,3,0
FA,H,19.934722,110.431633,0,NYB,0.0,0.0,91.0,2,1320,0,0,0,0,0,0
DF,MLT,20.151667,110.673333,1, ,0.0,0.0,1,3940,0,1,205,0,0,0

APPTR,Q09-Z,09,H1
IF,H,19.934722,110.431633, ,0.0,0.0,2,3940,0,1,205,0,1,0
FD,H,19.934722,110.431633,0,IHH,0.0,10.3,251.0,10.3,0,0,0,0,0,0,0,0
CF,FF09,19.934303,110.338686,2,MLT,236.6,22.9,91.0,5.0,2,1970,0,0,0,0,0,0

APPTR,Q09-Z,09,H2
IF,H,19.934722,110.431633, ,0.0,0.0,2,3940,0,1,205,0,1,0
FD,H,19.934722,110.431633,0,IHH,0.0,10.3,260.0,10.3,0,0,0,0,0,0,0,0
CF,FF09,19.934303,110.338686,2,MLT,236.6,22.9,91.0,5.0,2,1970,0,0,0,0,0,0

APPTR,Q09-Z,09,MLT
IF,MLT,20.151667,110.673333, ,0.0,0.0,2,9850,0,1,205,0,1,0
CF,D249I,20.095203,110.525561,0,MLT,249.0,9.0,249.0,9.0,2,7880,0,0,0,0,0,0
FD,D249I,20.095203,110.525561,0,MLT,249.0,25.8,249.0,25.8,0,0,0,0,0,0,0,0
CF,FF09,19.934303,110.338686,1,MLT,236.6,22.9,91.0,5.0,2,1970,0,0,0,0,0,0

APPTR,Q09-Z,09,NYB
IF,NYB,20.015000,110.136667, ,0.0,0.0,2,2960,0,1,205,0,1,0
CF,CF09,19.934008,110.230775,0,NYB,133.3,7.2,133.0,7.2,2,1970,0,0,0,0,1,0
CF,FF09,19.934303,110.338686,0,NYB,113.9,12.4,91.0,6.1,2,1970,0,0,0,0,0,0

FINAL,Q09-Z,09,N,3
IF,FF09,19.934303,110.338686,H,0.0,0.0,2,1970,0,0,0,0,2,0
CF,34ND1,19.934714,110.384419,0,H,0.0,0.0,91.0,2.6,2,1150,0,0,0,0,0,0
CF,H,19.934722,110.431633,0,IHH,0.0,0.8,91.0,2.7,1,311,0,0,0,0,3,0
FA,H,19.934722,110.431633,0,NYB,0.0,0.0,91.0,2,1320,0,0,0,0,0,0
DF,MLT,20.151667,110.673333,1, ,0.0,0.0,1,3940,0,1,205,0,0,0

APPTR,Q27,27,D091X
IF,D091X,20.014486,110.563219, ,0.0,0.0,2,2960,0,1,205,0,1,0
FD,D091X,20.014486,110.563219,0,NYB,91.0,28.5,91.0,28.5,0,0,0,0,0,0,0,0
DF,D181K,19.967642,110.673333,2, ,0.0,0.0,0,0,0,0,0,0,0,1
CF,FF27,19.935125,110.579028,2,MLT,203.4,14.0,271.0,6.0,2,1970,0,0,0,0,0,0

APPTR,Q27,27,MLT
IF,MLT,20.151667,110.673333, ,0.0,0.0,2,2960,0,1,205,0,1,0
CF,D181K,19.967642,110.673333,0,MLT,181.0,11.0,181.0,11.0,0,0,0,0,0,0,0,1
CF,FF27,19.935125,110.579028,2,MLT,203.4,14.0,271.0,6.0,2,1970,0,0,0,0,0,0

APPTR,Q27,27,P1
IF,P,19.934822,110.487039, ,0.0,0.0,2,3940,0,1,205,0,1,0
FD,P,19.934822,110.487039,0,IPP,0.0,9.5,112.0,9.5,0,0,0,0,0,0,0,0
CF,FF27,19.935125,110.579028,1,MLT,203.4,14.0,271.0,6.0,2,1970,0,0,0,0,0,0

APPTR,Q27,27,P2
IF,P,19.934822,110.487039, ,0.0,0.0,2,3940,0,1,205,0,1,0
FD,P,19.934822,110.487039,0,IPP,0.0,9.5,102.0,9.5,0,0,0,0,0,0,0,0
CF,FF27,19.935125,110.579028,1,MLT,203.4,14.0,271.0,6.0,2,1970,0,0,0,0,0,0

FINAL,Q27,27,N,3
IF,FF27,19.935125,110.579028,P,0.0,0.0,2,1970,0,0,0,0,2,0
CF,34ND2,19.934814,110.532997,0,P,0.0,0.0,271.0,2.6,2,1150,0,0,0,0,0,0
CF,P,19.934822,110.487039,0,IPP,0.0,0.8,271.0,2.6,1,317,0,0,0,0,3,0
FA,P,19.934822,110.487039,0,MLT,0.0,0.0,271.0,2,1320,0,0,0,0,0,0
DF,NYB,20.015000,110.136667,2, ,0.0,0.0,1,3940,0,1,205,0,0,0

