SID,BULA1A,10,2
CA,0,103.0,2,7550,0,0,0,0,0,0
VI,0, ,0.0,140.0,0,0,0,0,0,0,0,0
IF,MU,49.653028,100.174167, ,0.0,0.0,0,0,0,0,0,0,0,0
TF,BULAG,48.855833,103.475000,0, ,0.0,0.0,0.0,0.0,0,0,0,0,0,0,0,0

SID,BULA1B,28,2
CA,0,283.0,2,7550,0,0,0,0,0,0
DF,MU,49.653028,100.174167,1, ,0.0,0.0,0,0,0,0,0,0,0,0
TF,BULAG,48.855833,103.475000,0, ,0.0,0.0,0.0,0.0,0,0,0,0,0,0,0,0

SID,DALA1A,10,2
CA,0,103.0,2,7550,0,0,0,0,0,0
VI,0, ,0.0,163.0,0,0,0,0,0,0,0,0
IF,MU,49.653028,100.174167, ,0.0,0.0,0,0,0,0,0,0,0,0
TF,DALAM,48.750833,101.669167,0, ,0.0,0.0,0.0,0.0,0,0,0,0,0,0,0,0

SID,DALA1B,28,2
CA,0,283.0,2,7550,0,0,0,0,0,0
VI,1, ,0.0,103.0,0,0,0,0,0,0,0,0
IF,MU,49.653028,100.174167, ,0.0,0.0,0,0,0,0,0,0,0,0
TF,DALAM,48.750833,101.669167,0, ,0.0,0.0,0.0,0.0,0,0,0,0,0,0,0,0

SID,TC1B,28,2
CA,0,283.0,2,7550,0,0,0,0,0,0
VI,0, ,0.0,205.0,0,0,0,0,0,0,0,0
IF,MU,49.653028,100.174167, ,0.0,0.0,0,0,0,0,0,0,0,0
TF,TC,48.740194,98.274111,0, ,0.0,0.0,0.0,0.0,0,0,0,0,0,0,0,0

SID,TSON1A,10,2
CA,0,103.0,2,7550,0,0,0,0,0,0
VI,2, ,0.0,286.0,0,0,0,0,0,0,0,0
IF,MU,49.653028,100.174167, ,0.0,0.0,0,0,0,0,0,0,0,0
TF,TSONJ,49.228333,97.792222,0, ,0.0,0.0,0.0,0.0,0,0,0,0,0,0,0,0

SID,TSON1B,28,2
CA,0,283.0,2,7550,0,0,0,0,0,0
VI,0, ,0.0,226.0,0,0,0,0,0,0,0,0
IF,MU,49.653028,100.174167, ,0.0,0.0,0,0,0,0,0,0,0,0
TF,TSONJ,49.228333,97.792222,0, ,0.0,0.0,0.0,0.0,0,0,0,0,0,0,0,0

APPTR,N28-1,28,MU
IF,MU,49.653028,100.174167, ,0.0,0.0,2,9680,0,0,0,0,1,0
HF,MU,49.653028,100.174167,2, ,0.0,0.0,290.0,04.3,2,7880,0,0,0,0,0,0,0

FINAL,N28-1,28,N,2
IF,FN28,49.604358,100.390747,MU,0.0,0.0,2,7880,0,0,0,0,2,0
CF,MU,49.653028,100.174167,0,MU,0.0,0.0,290.0,8.9,1,5031,0,0,0,0,3,0
VA,2,110.0,2,7880,0,0,0,0,0,0

APPTR,N28-2,28,MU
IF,MU,49.653028,100.174167, ,0.0,0.0,2,9680,0,0,0,0,1,0
TF,D096I,49.639736,100.404053,0, ,0.0,0.0,0.0,0.0,2,7880,0,0,0,0,0,1
CF,FN28,49.604358,100.390747,2,MU,110.0,8.9,290.0,1.0,2,7880,0,0,0,0,0,0

FINAL,N28-2,28,N,2
IF,FN28,49.604358,100.390747,MU,0.0,0.0,2,7880,0,0,0,0,2,0
CF,MU,49.653028,100.174167,0,MU,0.0,0.0,290.0,8.9,1,5028,0,0,0,0,3,0
VA,2,110.0,2,7880,0,0,0,0,0,0

APPTR,R28,28,MN101
IF,MN101,49.591139,100.615444, ,0.0,0.0,2,9850,0,1,185,0,1,0
TF,MN103,49.612222,100.465194,0, ,0.0,0.0,0.0,0.0,2,8860,0,0,0,0,1,0

APPTR,R28,28,MN102
IF,MN102,49.513250,100.486222, ,0.0,0.0,2,9850,0,1,185,0,1,0
TF,MN103,49.612222,100.465194,0, ,0.0,0.0,0.0,0.0,2,8860,0,0,0,0,1,0

FINAL,R28,28,R,3
IF,MN103,49.612222,100.465194, ,0.0,0.0,2,8860,0,0,0,0,0,0
TF,MN104,49.629750,100.339917,0, ,0.0,0.0,283.0,5.0,1,7550,0,0,0,0,2,0
TF,MN28M,49.654222,100.166000,0, ,0.0,0.0,283.0,6.9,1,5019,0,0,0,0,3,1
DF,MN105,49.679750,99.983000,0, ,0.0,0.0,2,6570,0,1,185,0,0,0
TF,MN106,49.590500,99.952889,0, ,0.0,0.0,0.0,0.0,0,0,0,1,185,0,0,0
TF,MN102,49.513250,100.486222,0, ,0.0,0.0,0.0,0.0,2,9850,0,1,185,0,0,0
HM,MN102,49.513250,100.486222,2, ,0.0,0.0,353.0,04.3,2,9850,0,1,230,0,0,0,0

