SID,TURU1A,31,2
CA,0,310.0,2,5250,0,0,0,0,0,0
CI,2, ,0.0,129.0,0,0,0,0,0,0,0,0
IF,US,50.011972,92.029056, ,0.0,0.0,0,0,0,0,0,0,0,0
TF,TURUN,49.672500,94.372500,0, ,0.0,0.0,0.0,0.0,0,0,0,0,0,0,0,0

SID,TURU1B,13,2
CA,0,130.0,2,6570,0,0,0,0,0,0
CI,0, ,0.0,69.0,0,0,0,0,0,0,0,0
IF,US,50.011972,92.029056, ,0.0,0.0,0,0,0,0,0,0,0,0
TF,TURUN,49.672500,94.372500,0, ,0.0,0.0,0.0,0.0,0,0,0,0,0,0,0,0

SID,UGOB1A,31,2
CA,0,310.0,2,5250,0,0,0,0,0,0
DF,US,50.011972,92.029056,2, ,0.0,0.0,0,0,0,0,0,0,0,0
TF,UGOBI,49.095556,91.699722,0, ,0.0,0.0,0.0,0.0,0,0,0,0,0,0,0,0

SID,UGOB1B,13,2
CA,0,130.0,2,8860,0,0,0,0,0,0
CI,2, ,0.0,220.0,0,0,0,0,0,0,0,0
IF,US,50.011972,92.029056, ,0.0,0.0,0,0,0,0,0,0,0,0
TF,UGOBI,49.095556,91.699722,0, ,0.0,0.0,0.0,0.0,0,0,0,0,0,0,0,0

STAR,GOTBI1,31,5
IF,GOTBI,49.440128,91.827122, ,0.0,0.0,0,0,0,0,0,0,0,0
TF,TAVIM,49.685197,92.071953,0, ,0.0,0.0,0.0,0.0,2,11820,0,0,0,0,0,0

STAR,LEBIR1,31,5
IF,LEBIR,49.898486,92.875772, ,0.0,0.0,0,0,0,0,0,0,0,0
TF,TEKUR,49.899147,92.603094,0, ,0.0,0.0,0.0,0.0,2,11820,0,0,0,0,0,0

APPTR,N31,31,US1
IF,US,50.011972,92.029056, ,0.0,0.0,2,7880,0,1,160,0,1,0
HF,US,50.011972,92.029056,2, ,0.0,0.0,310.0,04.3,2,5910,0,0,0,0,0,0,0

APPTR,N31,31,US2
IF,US,50.011972,92.029056, ,0.0,0.0,2,7880,0,1,120,0,1,0
HF,US,50.011972,92.029056,2, ,0.0,0.0,310.0,04.3,2,5910,0,0,0,0,0,0,0

FINAL,N31,31,N,2
IF,US,50.011972,92.029056,US,0.0,0.0,2,4520,0,0,0,0,2,0
CF,MN31,50.046311,91.972031,0,US,0.0,0.0,310.0,3.0,1,3415,0,0,0,0,3,0
CA,0,310.0,2,5580,0,0,0,0,0,0
DF,US,50.011972,92.029056,2, ,0.0,0.0,1,7880,0,0,0,0,0,0
HM,US,50.011972,92.029056,2, ,0.0,0.0,310.0,04.3,2,7880,0,0,0,0,0,0,0

APPTR,R31,31,TAVIM
IF,TAVIM,49.685197,92.071953, ,0.0,0.0,2,11820,0,0,0,0,1,0
TF,UG002,49.900283,92.213367,0, ,0.0,0.0,0.0,0.0,2,6890,0,0,0,0,1,0

APPTR,R31,31,TEKUR
IF,TEKUR,49.899147,92.603094, ,0.0,0.0,2,11820,0,0,0,0,1,0
TF,UG002,49.900283,92.213367,0, ,0.0,0.0,0.0,0.0,2,6890,0,0,0,0,1,0

APPTR,R31,31,UGUNA
IF,UGUNA,49.991442,92.345839, ,0.0,0.0,2,7550,0,0,0,0,1,0
TF,UG002,49.900283,92.213367,0, ,0.0,0.0,0.0,0.0,2,6890,0,0,0,0,1,0

FINAL,R31,31,R,3
IF,UG002,49.900283,92.213367, ,0.0,0.0,2,6890,0,0,0,0,0,0
TF,UG001,49.998706,92.050783,0, ,0.0,0.0,310.0,8.6,1,4700,0,0,0,0,2,0
TF,RW31,50.058664,91.951486,0, ,0.0,0.0,310.0,5.3,1,3016,0,0,0,0,3,1
CA,0,310.0,2,4270,0,0,0,0,0,0
DF,UGUNA,49.991442,92.345839,2, ,0.0,0.0,2,7550,0,0,0,0,0,0
HM,UGUNA,49.991442,92.345839,2, ,0.0,0.0,220.0,04.3,2,7550,0,1,230,0,0,0,0

