SID,TOS01D,05,2
CA,0,45.0,2,3940,0,0,0,0,0,0
CF,D042P,24.607014,98.732458,0,LUM,42.0,16.0,42.0,15.0,2,8540,0,0,0,0,0,1
CF,D017E,24.493075,98.564978,1,LUM,17.0,5.3,197.0,11.0,2,12800,0,1,205,0,0,0
TF,LUM,24.408333,98.536667,0, ,0.0,0.0,0.0,0.0,0,0,0,0,0,0,0,0
TF,TOSEM,24.466667,99.264167,0, ,0.0,0.0,0.0,0.0,0,0,0,0,0,0,0,0

SID,TOS11D,23,2
CD, ,0,0,0,LUM,0,0.0,225.0,3.5,2,3550,0,0,0,0,0,0
DF,LUM,24.408333,98.536667,2, ,0.0,0.0,2,6240,0,1,190,0,0,0
TF,D087H,24.419675,98.674889,0, ,0.0,0.0,0.0,0.0,2,8540,0,0,0,0,0,0
TF,TOSEM,24.466667,99.264167,0, ,0.0,0.0,0.0,0.0,0,0,0,0,0,0,0,0

SID,TOS81D,05,5
CF,MS301,24.446944,98.581667,0,LUM,46.9,3.4,45.0,3.0,2,3940,0,0,0,0,0,1
TF,MS302,24.640000,98.766111,0, ,0.0,0.0,0.0,0.0,2,9090,0,1,205,0,0,0
TF,MS303,24.560556,98.876389,0, ,0.0,0.0,0.0,0.0,2,11490,0,0,0,0,0,0
TF,MS902,24.448889,99.031389,0, ,0.0,0.0,0.0,0.0,2,14770,0,0,0,0,0,0
TF,TOSEM,24.466667,99.264167,0, ,0.0,0.0,0.0,0.0,0,0,0,0,0,0,0,0

SID,TOS91D,23,5
CF,MS401,24.367500,98.495278,0,LUM,222.9,3.3,225.0,2.0,2,3550,0,1,190,0,0,1
TF,MS405,24.380556,98.316389,0, ,0.0,0.0,0.0,0.0,2,6570,0,1,190,0,0,0
TF,MS407,24.443889,98.246389,0, ,0.0,0.0,0.0,0.0,2,8210,0,1,205,0,0,0
TF,MS408,24.510833,98.312222,0, ,0.0,0.0,0.0,0.0,2,9850,0,0,0,0,0,0
TF,MS409,24.526111,98.500000,0, ,0.0,0.0,0.0,0.0,2,11820,0,0,0,0,0,0
TF,MS410,24.539444,98.669444,0, ,0.0,0.0,0.0,0.0,0,0,0,0,0,0,0,0
TF,MS411,24.438056,98.883889,0, ,0.0,0.0,0.0,0.0,0,0,0,0,0,0,0,0
TF,MS902,24.448889,99.031389,0, ,0.0,0.0,0.0,0.0,2,14770,0,0,0,0,0,0
TF,TOSEM,24.466667,99.264167,0, ,0.0,0.0,0.0,0.0,0,0,0,0,0,0,0,0

SID,TOS92D,23,5
CF,MS401,24.367500,98.495278,0,LUM,222.9,3.3,225.0,2.0,2,3550,0,1,190,0,0,1
DF,LUM,24.408333,98.536667,2, ,0.0,0.0,2,6240,0,1,190,0,0,0
TF,MS404,24.420833,98.677222,0, ,0.0,0.0,0.0,0.0,2,8540,0,0,0,0,0,0
TF,MS411,24.438056,98.883889,0, ,0.0,0.0,0.0,0.0,2,10830,0,0,0,0,0,0
TF,MS902,24.448889,99.031389,0, ,0.0,0.0,0.0,0.0,2,14770,0,0,0,0,0,0
TF,TOSEM,24.466667,99.264167,0, ,0.0,0.0,0.0,0.0,0,0,0,0,0,0,0,0

SID,TOS93D,23,5
CF,MS401,24.367500,98.495278,0,LUM,222.9,3.3,225.0,2.0,2,3550,0,1,190,0,0,1
DF,LUM,24.408333,98.536667,2, ,0.0,0.0,2,6240,0,1,190,0,0,0
TF,MS410,24.539444,98.669444,0, ,0.0,0.0,0.0,0.0,0,0,0,0,0,0,0,0
TF,MS411,24.438056,98.883889,0, ,0.0,0.0,0.0,0.0,2,10830,0,0,0,0,0,0
TF,MS902,24.448889,99.031389,0, ,0.0,0.0,0.0,0.0,2,14770,0,0,0,0,0,0
TF,TOSEM,24.466667,99.264167,0, ,0.0,0.0,0.0,0.0,0,0,0,0,0,0,0,0

STAR,TOS01A,23,2
IF,TOSEM,24.466667,99.264167, ,0.0,0.0,0,0,0,0,0,0,0,0
TF,D087Q,24.434117,98.853161,0, ,0.0,0.0,0.0,0.0,2,11820,0,0,0,0,0,0
TF,LUM,24.408333,98.536667,0, ,0.0,0.0,0.0,0.0,2,9850,0,1,190,0,0,0

STAR,TOS91A,23,5
IF,TOSEM,24.466667,99.264167, ,0.0,0.0,0,0,0,0,0,0,0,0
TF,MS902,24.448889,99.031389,0, ,0.0,0.0,0.0,0.0,0,0,0,0,0,0,0,0
TF,MS209,24.653333,98.963611,0, ,0.0,0.0,0.0,0.0,2,11490,0,1,205,0,0,0
TF,MS901,24.701944,98.825278,0, ,0.0,0.0,0.0,0.0,2,9850,0,1,190,0,0,0

APPTR,D23,23,LUM1
IF,LUM,24.408333,98.536667, ,0.0,0.0,2,9850,0,1,190,0,1,0
FD,LUM,24.408333,98.536667,0,LUM,0.0,19.0,36.0,19.0,2,9030,0,0,0,0,0,0
CF,CD23,24.632767,98.782417,2,LUM,45.0,19.0,225.0,1.0,2,9030,0,0,0,0,1,0

APPTR,D23,23,LUM2
IF,LUM,24.408333,98.536667, ,0.0,0.0,2,9850,0,1,190,0,1,0
FD,LUM,24.408333,98.536667,0,LUM,0.0,19.0,40.0,19.0,2,9030,0,0,0,0,0,0
CF,CD23,24.632767,98.782417,2,LUM,45.0,19.0,225.0,1.0,2,9030,0,0,0,0,1,0

FINAL,D23,23,D,5
IF,CD23,24.632767,98.782417,LUM,45.0,19.0,2,9030,0,0,0,0,0,0
CF,FD23,24.576106,98.720250,0,LUM,45.0,14.2,225.0,4.8,2,8540,0,0,0,0,2,0
CF,81VOR,24.504061,98.641325,0,LUM,45.0,8.1,225.0,6.1,2,6140,0,0,0,0,0,0
CF,47VOR,24.463889,98.597375,0,LUM,45.0,4.7,225.0,3.4,2,4800,0,0,0,0,0,0
CF,MD23,24.435522,98.566367,0,LUM,45.0,2.3,225.0,2.4,1,3816,0,0,0,0,3,0
CF,LUM,24.408333,98.536667,0,LUM,0.0,0.0,225.0,2.3,0,0,0,0,0,0,0,0
FD,LUM,24.408333,98.536667,0,LUM,0.0,3.0,225.0,3.0,2,4800,0,0,0,0,0,0
DF,LUM,24.408333,98.536667,2, ,0.0,0.0,2,6240,0,1,190,0,0,0

APPTR,I23-Y,23,LUM1
IF,LUM,24.408333,98.536667, ,0.0,0.0,2,9850,0,1,190,0,1,0
FD,LUM,24.408333,98.536667,0,LUM,0.0,19.0,36.0,19.0,2,9030,0,0,0,0,0,0
CF,CI23,24.633333,98.784444,2,IMS,44.5,20.6,225.0,1.0,2,9030,0,0,0,0,1,0

APPTR,I23-Y,23,LUM2
IF,LUM,24.408333,98.536667, ,0.0,0.0,2,9850,0,1,190,0,1,0
FD,LUM,24.408333,98.536667,0,LUM,0.0,19.0,40.0,19.0,2,9030,0,0,0,0,0,0
CF,CI23,24.633333,98.784444,2,IMS,44.5,20.6,225.0,1.0,2,9030,0,0,0,0,1,0

FINAL,I23-Y,23,I,3
IF,CI23,24.633333,98.784444,IMS,44.5,20.6,2,9030,0,0,0,0,0,0
CF,FI23,24.575306,98.725181,0,IMS,45.0,15.8,225.0,4.8,1,8210,0,0,0,0,2,0
CF,RW23,24.407019,98.541000,0,IMS,45.0,1.6,225.0,14.2,1,2933,0,0,0,0,3,0
FD,RW23,24.407019,98.541000,0,LUM,108.3,3.0,225.0,3.0,2,3940,0,0,0,0,0,0
DF,LUM,24.408333,98.536667,2, ,0.0,0.0,2,6240,0,1,190,0,0,0

APPTR,I23-Z,23,MS901
IF,MS901,24.701944,98.825278, ,0.0,0.0,2,9850,0,1,190,0,1,0
TF,CI23,24.633333,98.784444,0,IMS,0.0,0.0,0.0,0.0,2,9030,0,0,0,0,1,0

FINAL,I23-Z,23,I,3
IF,CI23,24.633333,98.784444,IMS,44.5,20.6,2,9030,0,0,0,0,0,0
CF,FI23,24.575306,98.725181,0,IMS,45.0,15.8,225.0,4.8,1,8210,0,0,0,0,2,0
CF,RW23,24.407019,98.541000,0,IMS,45.0,1.6,225.0,14.2,1,2933,0,0,0,0,3,1
CF,MS401,24.367500,98.495278,0,LUM,222.9,3.3,225.0,3.4,2,3880,0,1,190,0,0,1
TF,MS405,24.380556,98.316389,0, ,0.0,0.0,0.0,0.0,2,6240,0,1,190,0,0,0
TF,MS407,24.443889,98.246389,0, ,0.0,0.0,0.0,0.0,2,7550,0,1,205,0,0,0
TF,MS408,24.510833,98.312222,0, ,0.0,0.0,0.0,0.0,2,8860,0,0,0,0,0,0
TF,MS409,24.526111,98.500000,0, ,0.0,0.0,0.0,0.0,1,10830,0,0,0,0,0,0
TF,MS410,24.539444,98.669444,0, ,0.0,0.0,0.0,0.0,1,10830,0,0,0,0,0,0
TF,MS901,24.701944,98.825278,0, ,0.0,0.0,0.0,0.0,1,10830,0,0,0,0,0,0
HM,MS901,24.701944,98.825278,2, ,0.0,0.0,209.0,04.3,0,0,0,1,205,0,0,0,0

