SID,LAG01D,04,2
CD, ,0,0,0,HUN,0,0.0,41.0,6.7,2,990,0,0,0,0,0,0
CF,HUN,33.774811,119.111189,2,HUN,0.0,0.0,262.0,7.0,2,2960,0,1,205,0,0,0
TF,LAGAL,33.467222,118.705556,0, ,0.0,0.0,0.0,0.0,2,6890,0,0,0,0,0,0

SID,LAG11D,22,2
CD, ,0,0,0,HUN,0,0.0,221.0,4.0,2,990,0,0,0,0,0,0
CF,D233I,33.674011,118.977803,0,HUN,233.9,9.0,242.0,5.0,2,1970,0,1,205,0,0,0
TF,LAGAL,33.467222,118.705556,0, ,0.0,0.0,0.0,0.0,2,6890,0,0,0,0,0,0

SID,LAG81F,04,5
CF,SH801,33.865556,119.189722,0,HUN,42.1,6.7,41.0,6.0,2,990,0,0,0,0,0,1
DF,HUN,33.774811,119.111189,2, ,0.0,0.0,2,2960,0,1,205,0,0,0
TF,SH605,33.606667,118.889167,0, ,0.0,0.0,0.0,0.0,2,5910,0,0,0,0,0,0
TF,LAGAL,33.467222,118.705556,0, ,0.0,0.0,0.0,0.0,2,6890,0,0,0,0,0,0

SID,LAG82F,22,5
CF,SH901,33.730000,119.072500,0,HUN,222.2,3.3,221.0,4.0,2,990,0,0,0,0,0,1
DF,SH605,33.606667,118.889167,0, ,0.0,0.0,2,3940,0,1,205,0,0,0
TF,LAGAL,33.467222,118.705556,0, ,0.0,0.0,0.0,0.0,2,6890,0,0,0,0,0,0

SID,NIX01D,04,2
CD, ,0,0,0,HUN,0,0.0,41.0,6.7,2,990,0,0,0,0,0,0
CF,HUN,33.774811,119.111189,2,HUN,0.0,0.0,262.0,7.0,2,2960,0,1,205,0,0,0
TF,NIXEM,32.941944,119.160556,0, ,0.0,0.0,0.0,0.0,0,0,0,0,0,0,0,0

SID,NIX11D,22,2
CD, ,0,0,0,HUN,0,0.0,221.0,4.0,2,990,0,0,0,0,0,0
CF,D183I,33.631386,119.119658,0,HUN,183.2,8.9,149.0,6.0,2,1970,0,1,205,0,0,0
TF,NIXEM,32.941944,119.160556,0, ,0.0,0.0,0.0,0.0,0,0,0,0,0,0,0,0

SID,NIX81F,04,5
CF,SH801,33.865556,119.189722,0,HUN,42.1,6.7,41.0,6.0,2,990,0,0,0,0,0,1
DF,SH706,33.741667,119.215833,2, ,0.0,0.0,2,2960,0,1,205,0,0,0
TF,SH613,33.631111,119.119722,0, ,0.0,0.0,0.0,0.0,2,5910,0,0,0,0,0,0
TF,NIXEM,32.941944,119.160556,0, ,0.0,0.0,0.0,0.0,0,0,0,0,0,0,0,0

SID,NIX82F,22,5
CF,SH901,33.730000,119.072500,0,HUN,222.2,3.3,221.0,4.0,2,990,0,0,0,0,0,1
DF,SH613,33.631111,119.119722,1, ,0.0,0.0,2,2960,0,1,205,0,0,0
TF,NIXEM,32.941944,119.160556,0, ,0.0,0.0,0.0,0.0,0,0,0,0,0,0,0,0

SID,OMU01D,04,2
CD, ,0,0,0,HUN,0,0.0,41.0,6.7,2,990,0,0,0,0,0,0
CF,HUN,33.774811,119.111189,2,HUN,0.0,0.0,262.0,7.0,2,2960,0,1,205,0,0,0
TF,IDKOT,33.854444,118.767500,0, ,0.0,0.0,0.0,0.0,2,5910,0,0,0,0,0,0
TF,OMUDI,33.970556,118.266667,0, ,0.0,0.0,0.0,0.0,2,12800,0,0,0,0,0,0

SID,OMU11D,22,2
CD, ,0,0,0,HUN,0,0.0,221.0,4.0,2,990,0,0,0,0,0,0
CF,D291I,33.813050,118.947486,2,HUN,291.7,8.5,336.0,8.0,2,2960,0,1,205,0,0,0
TF,IDKOT,33.854444,118.767500,0, ,0.0,0.0,0.0,0.0,2,5910,0,0,0,0,0,0
TF,OMUDI,33.970556,118.266667,0, ,0.0,0.0,0.0,0.0,2,12800,0,0,0,0,0,0

SID,OMU81F,04,5
CF,SH801,33.865556,119.189722,0,HUN,42.1,6.7,41.0,6.0,2,990,0,0,0,0,0,1
DF,HUN,33.774811,119.111189,2, ,0.0,0.0,2,2960,0,1,205,0,0,0
TF,IDKOT,33.854444,118.767500,0, ,0.0,0.0,0.0,0.0,2,5910,0,0,0,0,0,0
TF,OMUDI,33.970556,118.266667,0, ,0.0,0.0,0.0,0.0,2,12800,0,0,0,0,0,0

SID,OMU82F,22,5
CF,SH901,33.730000,119.072500,0,HUN,222.2,3.3,221.0,4.0,2,990,0,0,0,0,0,1
DF,IDKOT,33.854444,118.767500,2, ,0.0,0.0,2,5910,0,1,205,0,0,0
TF,OMUDI,33.970556,118.266667,0, ,0.0,0.0,0.0,0.0,2,12800,0,0,0,0,0,0

SID,OMU83F,04,5
CF,SH801,33.865556,119.189722,0,HUN,42.1,6.7,41.0,6.0,2,990,0,0,0,0,0,1
DF,IDKOT,33.854444,118.767500,1, ,0.0,0.0,2,5910,0,1,205,0,0,0
TF,OMUDI,33.970556,118.266667,0, ,0.0,0.0,0.0,0.0,2,12800,0,0,0,0,0,0

SID,YCH01D,04,2
CD, ,0,0,0,HUN,0,0.0,41.0,6.7,2,990,0,0,0,0,0,0
VI,2, ,0.0,150.0,0,0,0,1,205,0,0,0
CF,D107H,33.748900,119.270117,0,HUN,107.0,8.1,180.0,8.0,0,0,0,0,0,0,0,0
CF,HUN28,33.608097,119.633719,0,HUN,116.8,28.0,117.0,20.0,2,13800,0,0,0,0,0,0
TF,YCH,33.423064,120.203703,0, ,0.0,0.0,0.0,0.0,2,25600,0,0,0,0,0,0

SID,YCH03D,04,2
CD, ,0,0,0,HUN,0,0.0,41.0,6.7,2,990,0,0,0,0,0,0
CF,HUN,33.774811,119.111189,2,HUN,0.0,0.0,262.0,7.0,2,2960,0,1,205,0,0,0
TF,HUN28,33.608097,119.633719,0, ,0.0,0.0,0.0,0.0,2,13800,0,0,0,0,0,0
TF,YCH,33.423064,120.203703,0, ,0.0,0.0,0.0,0.0,2,25600,0,0,0,0,0,0

SID,YCH11D,22,2
CD, ,0,0,0,HUN,0,0.0,221.0,4.0,2,990,0,0,0,0,0,0
CR,1,HUN,127.0,60.0,0,0,0,1,205,0,0,0
CF,HUN28,33.608097,119.633719,0,HUN,116.8,28.0,117.0,22.0,2,13800,0,0,0,0,0,0
TF,YCH,33.423064,120.203703,0, ,0.0,0.0,0.0,0.0,2,25600,0,0,0,0,0,0

SID,YCH13D,22,2
CD, ,0,0,0,HUN,0,0.0,221.0,4.0,2,990,0,0,0,0,0,0
CF,HUN,33.774811,119.111189,1,HUN,0.0,0.0,335.0,4.0,2,2960,0,1,205,0,0,0
TF,HUN28,33.608097,119.633719,0, ,0.0,0.0,0.0,0.0,2,13800,0,0,0,0,0,0
TF,YCH,33.423064,120.203703,0, ,0.0,0.0,0.0,0.0,2,25600,0,0,0,0,0,0

SID,YCH81F,04,5
CF,SH801,33.865556,119.189722,0,HUN,42.1,6.7,41.0,6.0,2,990,0,0,0,0,0,1
DF,SH706,33.741667,119.215833,2, ,0.0,0.0,2,2960,0,1,205,0,0,0
TF,SH611,33.613056,119.634444,0, ,0.0,0.0,0.0,0.0,2,13800,0,0,0,0,0,0
TF,YCH,33.423064,120.203703,0, ,0.0,0.0,0.0,0.0,2,25600,0,0,0,0,0,0

SID,YCH82F,22,5
CF,SH901,33.730000,119.072500,0,HUN,222.2,3.3,221.0,4.0,2,990,0,0,0,0,0,1
DF,SH706,33.741667,119.215833,1, ,0.0,0.0,2,2960,0,1,205,0,0,0
TF,SH611,33.613056,119.634444,0, ,0.0,0.0,0.0,0.0,2,13800,0,0,0,0,0,0
TF,YCH,33.423064,120.203703,0, ,0.0,0.0,0.0,0.0,2,25600,0,0,0,0,0,0

STAR,LAG01A,04,2
IF,LAGAL,33.467222,118.705556, ,0.0,0.0,2,7880,0,0,0,0,0,0
TF,SH605,33.606667,118.889167,0, ,0.0,0.0,0.0,0.0,2,2960,0,1,205,0,0,0

STAR,LAG11A,22,2
IF,LAGAL,33.467222,118.705556, ,0.0,0.0,2,7880,0,0,0,0,0,0
TF,HUN,33.774811,119.111189,0, ,0.0,0.0,0.0,0.0,2,3940,0,1,205,0,0,0

STAR,LAG91X,04,5
IF,LAGAL,33.467222,118.705556, ,0.0,0.0,2,7880,0,0,0,0,0,0
TF,SH605,33.606667,118.889167,0, ,0.0,0.0,0.0,0.0,2,2960,0,1,205,0,0,0

STAR,LAG92X,22,5
IF,LAGAL,33.467222,118.705556, ,0.0,0.0,2,7880,0,0,0,0,0,0
TF,SH605,33.606667,118.889167,0, ,0.0,0.0,0.0,0.0,0,0,0,0,0,0,0,0
TF,SH706,33.741667,119.215833,0, ,0.0,0.0,0.0,0.0,2,4930,0,1,205,0,0,0

STAR,NIX01A,04,2
IF,NIXEM,32.941944,119.160556, ,0.0,0.0,0,0,0,0,0,0,0,0
TF,D183N,33.542997,119.124864,0, ,0.0,0.0,0.0,0.0,2,3940,0,1,205,0,0,0

STAR,NIX11A,22,2
IF,NIXEM,32.941944,119.160556, ,0.0,0.0,0,0,0,0,0,0,0,0
TF,HUN,33.774811,119.111189,0, ,0.0,0.0,0.0,0.0,2,3940,0,1,205,0,0,0

STAR,NIX91X,04,5
IF,NIXEM,32.941944,119.160556, ,0.0,0.0,0,0,0,0,0,0,0,0
TF,SH612,33.543611,119.124722,0, ,0.0,0.0,0.0,0.0,0,0,0,0,0,0,0,0
TF,SH606,33.575278,119.072500,0, ,0.0,0.0,0.0,0.0,2,2960,0,1,205,0,0,0

STAR,NIX92X,22,5
IF,NIXEM,32.941944,119.160556, ,0.0,0.0,0,0,0,0,0,0,0,0
TF,SH613,33.631111,119.119722,0, ,0.0,0.0,0.0,0.0,0,0,0,0,0,0,0,0
TF,SH706,33.741667,119.215833,0, ,0.0,0.0,0.0,0.0,2,4930,0,1,205,0,0,0

STAR,OMU01A,04,2
IF,OMUDI,33.970556,118.266667, ,0.0,0.0,2,13800,0,0,0,0,0,0
TF,IDKOT,33.854444,118.767500,0, ,0.0,0.0,0.0,0.0,2,6890,0,0,0,0,0,0
TF,D291M,33.833372,118.860817,0, ,0.0,0.0,0.0,0.0,2,4930,0,1,205,0,0,0

STAR,OMU03A,04,2
IF,OMUDI,33.970556,118.266667, ,0.0,0.0,2,13800,0,0,0,0,0,0
TF,IDKOT,33.854444,118.767500,0, ,0.0,0.0,0.0,0.0,2,6890,0,0,0,0,0,0
TF,D291M,33.833372,118.860817,0, ,0.0,0.0,0.0,0.0,2,4930,0,0,0,0,0,0
TF,HUN,33.774811,119.111189,0, ,0.0,0.0,0.0,0.0,2,3940,0,1,205,0,0,0

STAR,OMU11A,22,2
IF,OMUDI,33.970556,118.266667, ,0.0,0.0,2,13800,0,0,0,0,0,0
TF,IDKOT,33.854444,118.767500,0, ,0.0,0.0,0.0,0.0,2,6890,0,0,0,0,0,0
TF,HUN,33.774811,119.111189,0, ,0.0,0.0,0.0,0.0,2,3940,0,1,205,0,0,0

STAR,OMU91X,04,5
IF,OMUDI,33.970556,118.266667, ,0.0,0.0,2,13800,0,0,0,0,0,0
TF,IDKOT,33.854444,118.767500,0, ,0.0,0.0,0.0,0.0,2,6890,0,0,0,0,0,0
TF,SH604,33.681667,118.897222,0, ,0.0,0.0,0.0,0.0,2,2960,0,1,205,0,0,0

STAR,OMU92X,22,5
IF,OMUDI,33.970556,118.266667, ,0.0,0.0,2,13800,0,0,0,0,0,0
TF,IDKOT,33.854444,118.767500,0, ,0.0,0.0,0.0,0.0,2,6890,0,0,0,0,0,0
TF,SH607,33.800833,119.000278,0, ,0.0,0.0,0.0,0.0,0,0,0,0,0,0,0,0
TF,HUN,33.774811,119.111189,0, ,0.0,0.0,0.0,0.0,0,0,0,0,0,0,0,0
TF,SH706,33.741667,119.215833,0, ,0.0,0.0,0.0,0.0,2,4930,0,1,205,0,0,0

STAR,OMU94X,22,5
IF,OMUDI,33.970556,118.266667, ,0.0,0.0,2,13800,0,0,0,0,0,0
TF,IDKOT,33.854444,118.767500,0, ,0.0,0.0,0.0,0.0,2,6890,0,0,0,0,0,0
TF,SH607,33.800833,119.000278,0, ,0.0,0.0,0.0,0.0,2,2960,0,1,205,0,0,0

STAR,YCH01A,04,2
IF,YCH,33.423064,120.203703, ,0.0,0.0,2,25600,0,0,0,0,0,0
TF,HUN28,33.608097,119.633719,0, ,0.0,0.0,0.0,0.0,2,14800,0,0,0,0,0,0
TF,D117M,33.697700,119.354050,0, ,0.0,0.0,0.0,0.0,2,7880,0,1,205,0,0,0

STAR,YCH03A,04,2
IF,YCH,33.423064,120.203703, ,0.0,0.0,2,25600,0,0,0,0,0,0
TF,HUN28,33.608097,119.633719,0, ,0.0,0.0,0.0,0.0,2,14800,0,0,0,0,0,0
TF,D117M,33.697700,119.354050,0, ,0.0,0.0,0.0,0.0,2,7880,0,0,0,0,0,0
TF,HUN,33.774811,119.111189,0, ,0.0,0.0,0.0,0.0,2,3940,0,1,205,0,0,0

STAR,YCH11A,22,2
IF,YCH,33.423064,120.203703, ,0.0,0.0,2,25600,0,0,0,0,0,0
TF,HUN28,33.608097,119.633719,0, ,0.0,0.0,0.0,0.0,2,14800,0,0,0,0,0,0
TF,D117O,33.685794,119.391375,0, ,0.0,0.0,0.0,0.0,2,7880,0,1,205,0,0,0

STAR,YCH13A,22,2
IF,YCH,33.423064,120.203703, ,0.0,0.0,2,25600,0,0,0,0,0,0
TF,HUN28,33.608097,119.633719,0, ,0.0,0.0,0.0,0.0,2,14800,0,0,0,0,0,0
TF,D117O,33.685794,119.391375,0, ,0.0,0.0,0.0,0.0,2,7880,0,0,0,0,0,0
TF,HUN,33.774811,119.111189,0, ,0.0,0.0,0.0,0.0,2,3940,0,1,205,0,0,0

STAR,YCH91X,04,5
IF,YCH,33.423064,120.203703, ,0.0,0.0,2,25600,0,0,0,0,0,0
TF,SH611,33.613056,119.634444,0, ,0.0,0.0,0.0,0.0,2,14800,0,0,0,0,0,0
TF,SH706,33.741667,119.215833,0, ,0.0,0.0,0.0,0.0,0,0,0,0,0,0,0,0
TF,SH606,33.575278,119.072500,0, ,0.0,0.0,0.0,0.0,2,2960,0,1,205,0,0,0

STAR,YCH92X,22,5
IF,YCH,33.423064,120.203703, ,0.0,0.0,2,25600,0,0,0,0,0,0
TF,SH611,33.613056,119.634444,0, ,0.0,0.0,0.0,0.0,2,14800,0,0,0,0,0,0
TF,SH706,33.741667,119.215833,0, ,0.0,0.0,0.0,0.0,2,4930,0,1,205,0,0,0

APPTR,D04,04,D117M
IF,D117M,33.697700,119.354050, ,0.0,0.0,2,7880,0,1,205,0,1,0
CI,0, ,0.0,297.0,0,0,0,0,0,0,0,0
AF,D211K,33.609689,119.014958,2,HUN,211.0,11.0,117.0,0,0,0,0,0,0,0,0
CF,CD04,33.650486,119.003222,0,HUN,221.0,9.2,41.0,2.0,2,1970,0,0,0,0,1,0

APPTR,D04,04,D291M
IF,D291M,33.833372,118.860817, ,0.0,0.0,2,4930,0,1,205,0,1,0
CI,0, ,0.0,111.0,0,0,0,0,0,0,0,0
AF,D231K,33.647119,118.953214,1,HUN,231.0,11.0,291.0,0,0,0,0,0,0,0,0
CF,CD04,33.650486,119.003222,0,HUN,221.0,9.2,41.0,2.0,2,1970,0,0,0,0,1,0

APPTR,D04,04,HUN1
IF,HUN,33.774811,119.111189, ,0.0,0.0,2,3940,0,1,205,0,1,0
FD,HUN,33.774811,119.111189,0,HUN,0.0,9.2,202.0,9.2,0,0,0,0,0,0,0,0
CF,CD04,33.650486,119.003222,2,HUN,221.0,9.2,41.0,1.0,2,1970,0,0,0,0,1,0

APPTR,D04,04,HUN2
IF,HUN,33.774811,119.111189, ,0.0,0.0,2,3940,0,1,205,0,1,0
FD,HUN,33.774811,119.111189,0,HUN,0.0,9.2,211.0,9.2,0,0,0,0,0,0,0,0
CF,CD04,33.650486,119.003222,2,HUN,221.0,9.2,41.0,1.0,2,1970,0,0,0,0,1,0

APPTR,D04,04,SH605
IF,SH605,33.606667,118.889167, ,0.0,0.0,2,2960,0,1,205,0,1,0
CF,CD04,33.650486,119.003222,0,HUN,221.0,9.2,71.0,6.3,2,1970,0,0,0,0,1,0

APPTR,D04,04,SH612
IF,SH612,33.543611,119.124722, ,0.0,0.0,2,3940,0,1,205,0,1,0
CF,D211K,33.609689,119.014958,0,HUN,211.0,11.0,311.0,6.8,0,0,0,0,0,0,0,1
CF,CD04,33.650486,119.003222,0,HUN,221.0,9.2,41.0,2.0,2,1970,0,0,0,0,1,0

FINAL,D04,04,D,4
IF,CD04,33.650486,119.003222,HUN,221.0,9.2,2,1970,0,0,0,0,0,0
CF,FD04,33.701847,119.047778,0,HUN,221.0,5.4,41.0,3.8,2,1970,0,0,0,0,2,0
CF,18VOR,33.750492,119.090039,0,HUN,221.0,1.8,41.0,3.6,2,830,0,0,0,0,0,0
CF,MD04,33.770758,119.107661,0,HUN,221.0,0.3,41.0,1.5,1,351,0,0,0,0,3,0
CA,0,41.0,2,1320,0,0,0,0,0,0
DF,HUN,33.774811,119.111189,1, ,0.0,0.0,1,2960,0,1,205,0,0,0
HM,HUN,33.774811,119.111189,1, ,0.0,0.0,202.0,04.3,2,3940,0,1,215,0,0,0,0

APPTR,D22,22,D117O
IF,D117O,33.685794,119.391375, ,0.0,0.0,2,7880,0,1,205,0,1,0
CI,0, ,0.0,297.0,0,0,0,0,0,0,0,0
AF,D049M,33.930817,119.292075,1,HUN,49.0,13.0,117.0,0,0,0,0,0,0,0,0
CF,CD22,33.927381,119.244225,0,HUN,41.0,11.3,221.0,2.0,2,1970,0,0,0,0,1,0

APPTR,D22,22,HUN1
IF,HUN,33.774811,119.111189, ,0.0,0.0,2,3940,0,1,205,0,1,0
FD,HUN,33.774811,119.111189,0,HUN,0.0,11.3,57.0,11.3,0,0,0,0,0,0,0,0
CF,CD22,33.927381,119.244225,1,HUN,41.0,11.3,221.0,1.0,2,1970,0,0,0,0,1,0

APPTR,D22,22,HUN2
IF,HUN,33.774811,119.111189, ,0.0,0.0,2,3940,0,1,205,0,1,0
FD,HUN,33.774811,119.111189,0,HUN,0.0,11.3,49.0,11.3,0,0,0,0,0,0,0,0
CF,CD22,33.927381,119.244225,1,HUN,41.0,11.3,221.0,1.0,2,1970,0,0,0,0,1,0

FINAL,D22,22,D,4
IF,CD22,33.927381,119.244225,HUN,41.0,11.3,2,1970,0,0,0,0,0,0
CF,FD22,33.882839,119.205325,0,HUN,41.0,8.0,221.0,3.3,2,1970,0,0,0,0,2,0
CF,44VOR,33.834236,119.162933,0,HUN,41.0,4.4,221.0,3.6,2,830,0,0,0,0,0,0
CF,MD22,33.812628,119.144108,0,HUN,41.0,2.8,221.0,1.6,1,322,0,0,0,0,3,0
FD,MD22,33.812628,119.144108,0,HUN,41.0,4.0,221.0,4.0,2,1320,0,0,0,0,0,0
DF,HUN,33.774811,119.111189,2, ,0.0,0.0,1,2960,0,1,205,0,0,0
HM,HUN,33.774811,119.111189,2, ,0.0,0.0,57.0,04.3,2,3940,0,1,215,0,0,0,0

APPTR,I04-Y,04,D117M
IF,D117M,33.697700,119.354050, ,0.0,0.0,2,7880,0,1,205,0,1,0
CI,0, ,0.0,297.0,0,0,0,0,0,0,0,0
AF,D211K,33.609689,119.014958,2,HUN,211.0,11.0,117.0,0,0,0,0,0,0,0,0
CF,CI04,33.648858,119.002914,0,IHA,220.8,11.5,41.0,2.0,2,1970,0,0,0,0,1,0

APPTR,I04-Y,04,D291M
IF,D291M,33.833372,118.860817, ,0.0,0.0,2,4930,0,1,205,0,1,0
CI,0, ,0.0,111.0,0,0,0,0,0,0,0,0
AF,D231K,33.647119,118.953214,1,HUN,231.0,11.0,291.0,0,0,0,0,0,0,0,0
CF,CI04,33.648858,119.002914,0,IHA,220.8,11.5,41.0,2.0,2,1970,0,0,0,0,1,0

APPTR,I04-Y,04,HUN1
IF,HUN,33.774811,119.111189, ,0.0,0.0,2,3940,0,1,205,0,1,0
FD,HUN,33.774811,119.111189,0,HUN,0.0,9.2,202.0,9.2,0,0,0,0,0,0,0,0
CF,CI04,33.648858,119.002914,2,IHA,220.8,11.5,41.0,1.0,2,1970,0,0,0,0,1,0

APPTR,I04-Y,04,HUN2
IF,HUN,33.774811,119.111189, ,0.0,0.0,2,3940,0,1,205,0,1,0
FD,HUN,33.774811,119.111189,0,HUN,0.0,9.2,211.0,9.2,0,0,0,0,0,0,0,0
CF,CI04,33.648858,119.002914,2,IHA,220.8,11.5,41.0,1.0,2,1970,0,0,0,0,1,0

APPTR,I04-Y,04,SH605
IF,SH605,33.606667,118.889167, ,0.0,0.0,2,2960,0,1,205,0,1,0
CF,CI04,33.648858,119.002914,0,IHA,220.8,11.5,71.0,6.2,2,1970,0,0,0,0,1,0

APPTR,I04-Y,04,SH612
IF,SH612,33.543611,119.124722, ,0.0,0.0,2,3940,0,1,205,0,1,0
CF,D211K,33.609689,119.014958,0,HUN,211.0,11.0,311.0,6.8,0,0,0,0,0,0,0,0
CF,CI04,33.648858,119.002914,0,IHA,220.8,11.5,41.0,2.0,2,1970,0,0,0,0,1,0

FINAL,I04-Y,04,I,3
IF,CI04,33.648858,119.002914,IHA,220.8,11.5,2,1970,0,0,0,0,0,0
CF,FI04,33.701744,119.048356,0,IHA,220.8,7.6,41.0,3.9,1,1970,0,0,0,0,2,0
CF,RW04,33.782108,119.117536,0,IHA,220.8,1.7,41.0,5.9,1,83,0,0,0,0,3,0
FA,RW04,33.782108,119.117536,0,HUN,0.0,0.0,41.0,2,1320,0,0,0,0,0,0
DF,HUN,33.774811,119.111189,1, ,0.0,0.0,1,2960,0,1,205,0,0,0
HM,HUN,33.774811,119.111189,1, ,0.0,0.0,202.0,04.3,2,3940,0,1,215,0,0,0,0

APPTR,I04-Z,04,SH604
IF,SH604,33.681667,118.897222, ,0.0,0.0,2,2960,0,1,205,0,1,0
TF,SH603,33.628611,118.985000,0,IHA,0.0,0.0,0.0,0.0,2,1970,0,0,0,0,1,0

APPTR,I04-Z,04,SH605
IF,SH605,33.606667,118.889167, ,0.0,0.0,2,2960,0,1,205,0,1,0
TF,SH603,33.628611,118.985000,0,IHA,0.0,0.0,0.0,0.0,2,1970,0,0,0,0,1,0

APPTR,I04-Z,04,SH606
IF,SH606,33.575278,119.072500, ,0.0,0.0,2,2960,0,1,205,0,1,0
TF,SH603,33.628611,118.985000,0,IHA,0.0,0.0,0.0,0.0,2,1970,0,0,0,0,1,0

FINAL,I04-Z,04,I,3
IF,SH603,33.628611,118.985000,IHA,220.9,13.0,2,1970,0,0,0,0,0,0
CF,FI04,33.701744,119.048356,0,IHA,220.8,7.6,41.0,5.4,1,1970,0,0,0,0,2,0
CF,RW04,33.782108,119.117536,0,IHA,220.8,1.7,41.0,5.9,1,83,0,0,0,0,3,0
FA,RW04,33.782108,119.117536,0,HUN,0.0,0.0,41.0,2,1320,0,0,0,0,0,0
DF,HUN,33.774811,119.111189,1, ,0.0,0.0,1,2960,0,1,205,0,0,0
HM,HUN,33.774811,119.111189,1, ,0.0,0.0,202.0,04.3,2,3940,0,1,215,0,0,0,0

APPTR,I22-Y,22,D117O
IF,D117O,33.685794,119.391375, ,0.0,0.0,2,7880,0,1,205,0,1,0
CI,0, ,0.0,297.0,0,0,0,0,0,0,0,0
AF,D049M,33.930817,119.292075,1,HUN,49.0,13.0,117.0,0,0,0,0,0,0,0,0
CF,CI22,33.927586,119.243197,0,IPY,40.8,10.9,221.0,2.0,2,1970,0,0,0,0,1,0

APPTR,I22-Y,22,HUN1
IF,HUN,33.774811,119.111189, ,0.0,0.0,2,3940,0,1,205,0,1,0
FD,HUN,33.774811,119.111189,0,HUN,0.0,11.3,57.0,11.3,0,0,0,0,0,0,0,0
CF,CI22,33.927586,119.243197,1,IPY,40.8,10.9,221.0,1.0,2,1970,0,0,0,0,1,0

APPTR,I22-Y,22,HUN2
IF,HUN,33.774811,119.111189, ,0.0,0.0,2,3940,0,1,205,0,1,0
FD,HUN,33.774811,119.111189,0,HUN,0.0,11.3,49.0,11.3,0,0,0,0,0,0,0,0
CF,CI22,33.927586,119.243197,1,IPY,40.8,10.9,221.0,1.0,2,1970,0,0,0,0,1,0

FINAL,I22-Y,22,I,3
IF,CI22,33.927586,119.243197,IPY,40.8,10.9,2,1970,0,0,0,0,0,0
CF,FI22,33.882900,119.204536,0,IPY,40.8,7.6,221.0,3.3,1,1970,0,0,0,0,2,0
CF,RW22,33.802600,119.135189,0,IPY,40.8,1.7,221.0,5.9,1,83,0,0,0,0,3,0
FD,RW22,33.802600,119.135189,0,HUN,40.8,4.0,221.0,4.0,2,1320,0,0,0,0,0,0
DF,HUN,33.774811,119.111189,2, ,0.0,0.0,1,2960,0,1,205,0,0,0
HM,HUN,33.774811,119.111189,2, ,0.0,0.0,57.0,04.3,2,3940,0,1,215,0,0,0,0

APPTR,I22-Z,22,SH607
IF,SH607,33.800833,119.000278, ,0.0,0.0,2,2960,0,1,205,0,1,0
TF,SH704,34.008611,119.181389,0, ,0.0,0.0,0.0,0.0,0,0,0,0,0,0,0,0
TF,SH703,33.956111,119.268056,0,IPY,0.0,0.0,0.0,0.0,2,1970,0,0,0,0,1,0

APPTR,I22-Z,22,SH706
IF,SH706,33.741667,119.215833, ,0.0,0.0,2,4930,0,1,205,0,1,0
TF,SH705,33.902500,119.356111,0, ,0.0,0.0,0.0,0.0,2,2960,0,0,0,0,0,0
TF,SH703,33.956111,119.268056,0,IPY,0.0,0.0,0.0,0.0,2,1970,0,0,0,0,1,0

FINAL,I22-Z,22,I,3
IF,SH703,33.956111,119.268056,IPY,40.8,13.0,2,1970,0,0,0,0,0,0
CF,FI22,33.882900,119.204536,0,IPY,40.8,7.6,221.0,5.4,1,1970,0,0,0,0,2,0
CF,RW22,33.802600,119.135189,0,IPY,40.8,1.7,221.0,5.9,1,83,0,0,0,0,3,0
FD,RW22,33.802600,119.135189,0,HUN,40.8,4.0,221.0,4.0,2,1320,0,0,0,0,0,0
DF,HUN,33.774811,119.111189,2, ,0.0,0.0,1,2960,0,1,205,0,0,0

