SID,DAX01D,11,2
CA,0,113.0,2,2960,0,0,0,0,0,0
DF,WZH,30.805000,108.430000,1, ,0.0,0.0,0,0,0,1,205,0,0,0
TF,DAX,31.158333,107.441667,0, ,0.0,0.0,0.0,0.0,0,0,0,0,0,0,0,0

SID,DAX11D,29,2
CF,DAX,31.158333,107.441667,0,DAX,0.0,0.0,295.0,55.0,0,0,0,0,0,0,0,0

SID,DAX12D,29,2
CA,0,293.0,2,2790,0,0,0,0,0,0
DF,WZH,30.805000,108.430000,1, ,0.0,0.0,0,0,0,1,205,0,0,0
TF,DAX,31.158333,107.441667,0, ,0.0,0.0,0.0,0.0,0,0,0,0,0,0,0,0

SID,ENH01D,11,2
CA,0,113.0,2,3610,0,0,0,0,0,0
CF,ENH,30.291667,109.601667,0,ENH,0.0,0.0,120.0,63.0,0,0,0,0,0,0,0,0

SID,ENH11D,29,2
CA,0,293.0,2,2790,0,0,0,0,0,0
DF,WZH,30.805000,108.430000,1, ,0.0,0.0,0,0,0,1,205,0,0,0
TF,ENH,30.291667,109.601667,0, ,0.0,0.0,0.0,0.0,0,0,0,0,0,0,0,0

STAR,DAX01A,11,2
IF,DAX,31.158333,107.441667, ,0.0,0.0,0,0,0,0,0,0,0,0
TF,D294V,30.940300,108.033864,0, ,0.0,0.0,0.0,0.0,2,7880,0,0,0,0,0,0
TF,D293R,30.912347,108.104425,0, ,0.0,0.0,0.0,0.0,2,6890,0,1,190,0,0,0

STAR,DAX11A,29,2
IF,DAX,31.158333,107.441667, ,0.0,0.0,0,0,0,0,0,0,0,0
TF,WZH,30.805000,108.430000,0, ,0.0,0.0,0.0,0.0,2,6890,0,1,190,0,0,0

STAR,ENH01A,11,2
IF,ENH,30.291667,109.601667, ,0.0,0.0,0,0,0,0,0,0,0,0
TF,D120E,30.767636,108.516525,0, ,0.0,0.0,0.0,0.0,2,7880,0,0,0,0,0,0
TF,WZH,30.805000,108.430000,0, ,0.0,0.0,0.0,0.0,2,6890,0,1,190,0,0,0

STAR,ENH11A,29,2
IF,ENH,30.291667,109.601667, ,0.0,0.0,0,0,0,0,0,0,0,0
TF,D120X,30.625131,108.844714,0, ,0.0,0.0,0.0,0.0,2,7880,0,0,0,0,0,0
TF,D120T,30.655200,108.775700,0, ,0.0,0.0,0.0,0.0,2,6890,0,1,190,0,0,0

APPTR,D29,29,D120T
IF,D120T,30.655200,108.775700, ,0.0,0.0,2,6890,0,1,190,0,1,0
FD,D120T,30.655200,108.775700,0,WZH,118.6,16.5,304.0,16.5,2,5910,0,0,0,0,0,0
CF,CD29,30.719878,108.650800,0,WZH,116.0,12.5,304.0,4.4,2,4930,0,0,0,0,1,0

APPTR,D29,29,WZH1
IF,WZH,30.805000,108.430000, ,0.0,0.0,2,6890,0,1,190,0,1,0
FD,WZH,30.805000,108.430000,0,WZH,0.0,12.5,101.0,12.5,0,0,0,0,0,0,0,0
CF,CD29,30.719878,108.650800,2,WZH,116.0,12.5,296.0,1.0,2,4930,0,0,0,0,1,0

APPTR,D29,29,WZH2
IF,WZH,30.805000,108.430000, ,0.0,0.0,2,6890,0,1,190,0,1,0
FD,WZH,30.805000,108.430000,0,WZH,0.0,12.5,108.0,12.5,0,0,0,0,0,0,0,0
CF,CD29,30.719878,108.650800,2,WZH,116.0,12.5,296.0,1.0,2,4930,0,0,0,0,1,0

FINAL,D29,29,D,4
IF,CD29,30.719878,108.650800,WZH,116.0,12.5,2,4930,0,0,0,0,0,0
CF,FD29,30.758739,108.550161,0,WZH,116.0,6.8,296.0,5.7,2,3780,0,0,0,0,2,0
CF,53VOR,30.768953,108.523667,0,WZH,116.0,5.3,296.0,1.5,2,3290,0,0,0,0,0,0
CF,MD29,30.789364,108.470656,0,WZH,116.0,2.3,296.0,3.0,1,2405,0,0,0,0,3,0
FD,MD29,30.789364,108.470656,0,WZH,116.0,3.0,296.0,3.0,0,0,0,0,0,0,0,0
DF,WZH,30.805000,108.430000,1, ,0.0,0.0,0,0,0,1,205,0,0,0

APPTR,I29-Y,29,D120T
IF,D120T,30.655200,108.775700, ,0.0,0.0,2,6890,0,1,190,0,1,0
FD,D120T,30.655200,108.775700,0,WZH,118.6,16.5,308.0,16.5,2,5910,0,0,0,0,0,0
CF,CI29,30.730406,108.651089,0,ILL,113.0,12.9,308.0,4.4,2,4760,0,0,0,0,1,0

APPTR,I29-Y,29,WZH1
IF,WZH,30.805000,108.430000, ,0.0,0.0,2,6890,0,1,190,0,1,0
FD,WZH,30.805000,108.430000,0,WZH,0.0,12.5,98.0,12.5,0,0,0,0,0,0,0,0
CF,CI29,30.730406,108.651089,2,ILL,113.0,12.9,293.0,1.0,2,4760,0,0,0,0,1,0

APPTR,I29-Y,29,WZH2
IF,WZH,30.805000,108.430000, ,0.0,0.0,2,6890,0,1,190,0,1,0
FD,WZH,30.805000,108.430000,0,WZH,0.0,12.5,105.0,12.5,0,0,0,0,0,0,0,0
CF,CI29,30.730406,108.651089,2,ILL,113.0,12.9,293.0,1.0,2,4760,0,0,0,0,1,0

FINAL,I29-Y,29,I,3
IF,CI29,30.730406,108.651089,ILL,113.0,12.9,2,4760,0,0,0,0,0,0
CF,FI29,30.749042,108.595153,0,ILL,113.0,9.8,293.0,3.1,1,4600,0,0,0,0,2,0
CF,RW29,30.799453,108.443372,0,ILL,113.0,1.4,293.0,8.4,1,1916,0,0,0,0,3,0
CA,0,293.0,2,2790,0,0,0,0,0,0
DF,WZH,30.805000,108.430000,1, ,0.0,0.0,0,0,0,1,205,0,0,0

APPTR,L11,11,D293R
IF,D293R,30.912347,108.104425, ,0.0,0.0,2,6890,0,1,190,0,1,0
CF,CL11,30.881647,108.194486,0,IWZ,293.0,13.9,113.0,5.0,2,5750,0,0,0,0,1,0

APPTR,L11,11,WZH1
IF,WZH,30.805000,108.430000, ,0.0,0.0,2,6890,0,1,190,0,1,0
FD,WZH,30.805000,108.430000,0,WZH,0.0,13.0,280.0,13.0,0,0,0,0,0,0,0,0
CF,CL11,30.881647,108.194486,2,IWZ,293.0,13.9,113.0,1.0,2,5750,0,0,0,0,1,0

APPTR,L11,11,WZH2
IF,WZH,30.805000,108.430000, ,0.0,0.0,2,6890,0,1,190,0,1,0
FD,WZH,30.805000,108.430000,0,WZH,0.0,13.0,285.0,13.0,0,0,0,0,0,0,0,0
CF,CL11,30.881647,108.194486,2,IWZ,293.0,13.9,113.0,1.0,2,5750,0,0,0,0,1,0

FINAL,L11,11,D,4
IF,CL11,30.881647,108.194486,IWZ,293.0,13.9,2,5750,0,0,0,0,0,0
CF,FL11,30.861389,108.256000,0,IWZ,293.0,10.5,113.0,3.4,2,5250,0,0,0,0,2,0
CF,60LOC,30.839908,108.321106,0,IWZ,293.0,6.9,113.0,3.6,2,3940,0,0,0,0,0,0
CF,ML11,30.811214,108.407867,0,IWZ,293.0,2.1,113.0,4.8,1,2138,0,0,0,0,3,0
FD,ML11,30.811214,108.407867,0,WZH,290.0,5.0,113.0,5.0,0,0,0,0,0,0,0,0
DF,WZH,30.805000,108.430000,1, ,0.0,0.0,0,0,0,1,205,0,0,0

