SID,P4101D,18,2
CF,D179A,27.763294,107.242247,0,GZY,179.2,0.0,184.0,3.0,0,0,0,0,0,0,0,0
CD, ,0,0,0,GZY,0,0.0,199.0,4.0,0,0,0,0,0,0,0,0
CI,0, ,0.0,258.0,0,0,0,1,205,0,0,0
CF,P441,27.561667,106.985000,0,GZY,227.4,18.9,229.0,11.0,0,0,0,0,0,0,0,0

SID,P4111D,36,2
CD, ,0,0,0,GZY,0,0.0,4.0,4.0,0,0,0,0,0,0,0,0
CA,0,349.0,2,5250,0,0,0,0,0,0
DF,GZY,27.780000,107.241667,2, ,0.0,0.0,0,0,0,1,205,0,0,0
TF,P441,27.561667,106.985000,0, ,0.0,0.0,0.0,0.0,0,0,0,0,0,0,0,0

SID,TAX01D,18,2
CF,D179A,27.763294,107.242247,0,GZY,179.2,0.0,184.0,3.0,0,0,0,0,0,0,0,0
CD, ,0,0,0,GZY,0,0.0,199.0,4.0,0,0,0,0,0,0,0,0
DF,GZY,27.780000,107.241667,2, ,0.0,0.0,0,0,0,1,205,0,0,0
TF,TAXOR,27.828056,107.773056,0, ,0.0,0.0,0.0,0.0,0,0,0,0,0,0,0,0

SID,TAX11D,36,2
CD, ,0,0,0,GZY,0,0.0,4.0,4.0,0,0,0,0,0,0,0,0
CA,0,349.0,2,5250,0,0,0,0,0,0
DF,GZY,27.780000,107.241667,1, ,0.0,0.0,0,0,0,1,205,0,0,0
TF,TAXOR,27.828056,107.773056,0, ,0.0,0.0,0.0,0.0,0,0,0,0,0,0,0,0

STAR,P4101A,18,2
IF,P441,27.561667,106.985000, ,0.0,0.0,0,0,0,0,0,0,0,0
TF,GZY,27.780000,107.241667,0, ,0.0,0.0,0.0,0.0,2,7880,0,1,205,0,0,0

STAR,P4111A,36,2
IF,P441,27.561667,106.985000, ,0.0,0.0,0,0,0,0,0,0,0,0
TF,D229M,27.629958,107.065111,0, ,0.0,0.0,0.0,0.0,2,7880,0,1,205,0,0,0

STAR,TAX01A,18,2
IF,TAXOR,27.828056,107.773056, ,0.0,0.0,0,0,0,0,0,0,0,0
TF,D085O,27.805750,107.522067,0, ,0.0,0.0,0.0,0.0,2,11800,0,0,0,0,0,0
TF,GZY,27.780000,107.241667,0, ,0.0,0.0,0.0,0.0,2,7880,0,1,205,0,0,0

STAR,TAX11A,36,2
IF,TAXOR,27.828056,107.773056, ,0.0,0.0,0,0,0,0,0,0,0,0
TF,D085O,27.805750,107.522067,0, ,0.0,0.0,0.0,0.0,2,11800,0,0,0,0,0,0
TF,GZY,27.780000,107.241667,0, ,0.0,0.0,0.0,0.0,2,7880,0,1,205,0,0,0

APPTR,D18,18,GZY1
IF,GZY,27.780000,107.241667, ,0.0,0.0,2,7880,0,1,205,0,1,0
FD,GZY,27.780000,107.241667,0,GZY,0.0,15.0,350.0,15.0,0,0,0,0,0,0,0,0
CF,CF18,28.030278,107.258003,2,GZY,4.3,15.0,184.0,1.0,2,5910,0,0,0,0,1,0

APPTR,D18,18,GZY2
IF,GZY,27.780000,107.241667, ,0.0,0.0,2,7880,0,1,205,0,1,0
FD,GZY,27.780000,107.241667,0,GZY,0.0,15.0,357.0,15.0,0,0,0,0,0,0,0,0
CF,CF18,28.030278,107.258003,2,GZY,4.3,15.0,184.0,1.0,2,5910,0,0,0,0,1,0

FINAL,D18,18,D,5
IF,CF18,28.030278,107.258003,GZY,4.3,15.0,2,5910,0,0,0,0,0,0
CF,FD18,27.976933,107.253292,0,GZY,4.0,11.8,184.0,3.2,2,5910,0,0,0,0,2,0
CF,89VOR,27.928536,107.250431,0,GZY,4.0,8.9,184.0,2.9,2,4930,0,0,0,0,0,0
CF,72VOR,27.900164,107.248753,0,GZY,4.0,7.2,184.0,1.7,2,4370,0,0,0,0,0,0
CF,MD18,27.883475,107.247769,0,GZY,4.0,6.2,184.0,1.0,1,4026,0,0,0,0,3,0
CF,GZY,27.780000,107.241667,0,GZY,0.0,0.0,184.0,6.2,0,0,0,0,0,0,0,0
FD,GZY,27.780000,107.241667,0,GZY,0.0,4.0,199.0,4.0,0,0,0,0,0,0,0,0
DF,GZY,27.780000,107.241667,2, ,0.0,0.0,1,5910,0,1,205,0,0,0

APPTR,D36,36,D229M
IF,D229M,27.629958,107.065111, ,0.0,0.0,2,7880,0,1,205,0,1,0
CI,0, ,0.0,49.0,0,0,0,0,0,0,0,0
AF,D198K,27.604178,107.181331,1,GZY,198.0,11.0,229.0,0,0,0,0,0,0,0,0
CF,CD36,27.630406,107.224011,0,GZY,187.0,9.0,7.0,2.0,2,5250,0,0,0,0,1,0

APPTR,D36,36,GZY1
IF,GZY,27.780000,107.241667, ,0.0,0.0,2,7880,0,1,205,0,1,0
FD,GZY,27.780000,107.241667,0,GZY,0.0,9.0,209.0,9.0,0,0,0,0,0,0,0,0
CF,CD36,27.630406,107.224011,1,GZY,187.0,9.0,7.0,1.0,2,5250,0,0,0,0,1,0

APPTR,D36,36,GZY2
IF,GZY,27.780000,107.241667, ,0.0,0.0,2,7880,0,1,205,0,1,0
FD,GZY,27.780000,107.241667,0,GZY,0.0,9.0,198.0,9.0,0,0,0,0,0,0,0,0
CF,CD36,27.630406,107.224011,1,GZY,187.0,9.0,7.0,1.0,2,5250,0,0,0,0,1,0

FINAL,D36,36,D,3
IF,CD36,27.630406,107.224011,GZY,187.0,9.0,2,5250,0,0,0,0,0,0
CF,FD36,27.666975,107.228322,0,GZY,187.0,6.8,7.0,2.2,2,5250,0,0,0,0,2,0
CF,MD36,27.735122,107.236364,0,GZY,187.0,2.7,7.0,4.1,1,3969,0,0,0,0,3,0
CF,GZY,27.780000,107.241667,0,GZY,0.0,0.0,7.0,2.7,0,0,0,0,0,0,0,0
FD,GZY,27.780000,107.241667,0,GZY,0.0,6.0,7.0,6.0,0,0,0,0,0,0,0,0
DF,GZY,27.780000,107.241667,1, ,0.0,0.0,1,5250,0,1,205,0,0,0

APPTR,I18-Y,18,GZY1
IF,GZY,27.780000,107.241667, ,0.0,0.0,2,7880,0,1,205,0,1,0
FD,GZY,27.780000,107.241667,0,GZY,0.0,15.0,350.0,15.0,0,0,0,0,0,0,0,0
CF,CF18,28.030278,107.258003,2,IGZ,4.0,14.1,184.0,1.0,2,5910,0,0,0,0,1,0

APPTR,I18-Y,18,GZY2
IF,GZY,27.780000,107.241667, ,0.0,0.0,2,7880,0,1,205,0,1,0
FD,GZY,27.780000,107.241667,0,GZY,0.0,15.0,357.0,15.0,0,0,0,0,0,0,0,0
CF,CF18,28.030278,107.258003,2,IGZ,4.0,14.1,184.0,1.0,2,5910,0,0,0,0,1,0

FINAL,I18-Y,18,I,3
IF,CF18,28.030278,107.258003,IGZ,4.0,14.1,2,5910,0,0,0,0,0,0
CF,FI18,27.987222,107.255456,0,IGZ,4.0,11.5,184.0,2.6,1,5910,0,0,0,0,2,0
CF,RW18,27.822614,107.245742,0,IGZ,4.0,1.7,184.0,9.8,1,2773,0,0,0,0,3,0
CF,GZY,27.780000,107.241667,0,GZY,0.0,0.0,184.0,2.6,0,0,0,0,0,0,0,0
CA,0,199.0,2,5250,0,0,0,0,0,0
DF,GZY,27.780000,107.241667,2, ,0.0,0.0,1,5910,0,1,205,0,0,0

