SID,FKG01D,07,2
CD, ,0,0,0,WUR,0,0.0,71.0,3.5,0,0,0,0,0,0,0,0
DF,D050J,44.014281,87.691881,0, ,0.0,0.0,0,0,0,1,205,0,0,0
TF,FKG,44.173333,87.983333,0, ,0.0,0.0,0.0,0.0,0,0,0,0,0,0,0,0

SID,FKG11D,25,2
CD, ,0,0,0,WUR,0,0.0,251.0,6.5,0,0,0,0,0,0,0,0
DF,D050D,43.954219,87.581133,2, ,0.0,0.0,0,0,0,1,205,0,0,0
TF,FKG,44.173333,87.983333,0, ,0.0,0.0,0.0,0.0,0,0,0,0,0,0,0,0

SID,IKA19D,25,5
CF,WW501,43.884167,87.363889,0,WUR,251.0,6.5,251.0,4.0,0,0,0,0,0,0,0,1
DF,WW542,44.171389,87.320278,2, ,0.0,0.0,0,0,0,1,230,0,0,0
TF,WW544,44.277500,87.557222,0, ,0.0,0.0,0.0,0.0,2,12800,0,0,0,0,0,0
TF,VARMI,44.334167,87.684722,0, ,0.0,0.0,0.0,0.0,0,0,0,0,0,0,0,0
TF,UGPEL,44.551944,87.286944,1, ,0.0,0.0,0.0,0.0,0,0,0,0,0,0,0,0
TF,IKARA,44.722222,86.992778,0, ,0.0,0.0,0.0,0.0,0,0,0,0,0,0,0,0

SID,KAB01D,07,2
CD, ,0,0,0,WUR,0,0.0,71.0,3.5,0,0,0,0,0,0,0,0
DF,WUR,43.914119,87.507428,1, ,0.0,0.0,2,5910,0,1,205,0,0,0
TF,KABDO,43.543333,86.716111,0, ,0.0,0.0,0.0,0.0,2,13800,0,0,0,0,0,0

SID,KAB11D,25,2
CD, ,0,0,0,WUR,0,0.0,251.0,6.5,0,0,0,0,0,0,0,0
DF,D234M,43.801042,87.265783,0, ,0.0,0.0,2,4930,0,1,205,0,0,0
TF,KABDO,43.543333,86.716111,0, ,0.0,0.0,0.0,0.0,2,13800,0,0,0,0,0,0

SID,KEX09D,07,5
CF,WW410,43.930278,87.584722,0,WUR,70.8,3.5,71.0,4.0,0,0,0,1,210,0,0,1
DF,WW602,43.952500,87.687222,0, ,0.0,0.0,0,0,0,0,0,0,0,0
TF,WW604,43.996111,87.891111,0, ,0.0,0.0,0.0,0.0,0,0,0,0,0,0,0,0
TF,WW511,44.063333,88.025556,0, ,0.0,0.0,0.0,0.0,0,0,0,0,0,0,0,0
TF,WW512,44.034722,88.148611,0, ,0.0,0.0,0.0,0.0,2,11800,0,0,0,0,0,0
TF,WW513,43.962222,88.458889,0, ,0.0,0.0,0.0,0.0,2,15700,0,0,0,0,0,0
TF,KEXAB,43.557778,89.393056,0, ,0.0,0.0,0.0,0.0,0,0,0,0,0,0,0,0

SID,KEX19D,25,5
CF,WW501,43.884167,87.363889,0,WUR,251.0,6.5,251.0,4.0,0,0,0,1,210,0,0,1
DF,WW621,43.842500,87.610833,1, ,0.0,0.0,2,7880,0,0,0,0,0,0
TF,WW623,43.909722,87.926111,0, ,0.0,0.0,0.0,0.0,2,10800,0,0,0,0,0,0
TF,WW512,44.034722,88.148611,0, ,0.0,0.0,0.0,0.0,2,11800,0,0,0,0,0,0
TF,WW513,43.962222,88.458889,0, ,0.0,0.0,0.0,0.0,2,15700,0,0,0,0,0,0
TF,KEXAB,43.557778,89.393056,0, ,0.0,0.0,0.0,0.0,0,0,0,0,0,0,0,0

SID,VAR01D,07,2
CD, ,0,0,0,WUR,0,0.0,71.0,3.5,0,0,0,0,0,0,0,0
DF,D014I,44.056978,87.568219,1, ,0.0,0.0,0,0,0,1,205,0,0,0
TF,VARMI,44.334167,87.684722,0, ,0.0,0.0,0.0,0.0,0,0,0,0,0,0,0,0

SID,VAR09D,07,5
CF,WW410,43.930278,87.584722,0,WUR,70.8,3.5,71.0,4.0,0,0,0,1,210,0,0,1
DF,WW412,44.030556,87.613333,1, ,0.0,0.0,2,4270,0,0,0,0,0,0
TF,VARMI,44.334167,87.684722,0, ,0.0,0.0,0.0,0.0,2,7880,0,0,0,0,0,0

SID,VAR11D,25,2
CD, ,0,0,0,WUR,0,0.0,251.0,6.5,0,0,0,0,0,0,0,0
DF,D014H,44.041019,87.561550,2, ,0.0,0.0,2,5910,0,1,205,0,0,0
TF,VARMI,44.334167,87.684722,0, ,0.0,0.0,0.0,0.0,0,0,0,0,0,0,0,0

SID,VAR18D,25,5
CA,0,251.0,2,2630,0,1,180,0,0,0
DF,WW543,44.037778,87.536944,2, ,0.0,0.0,2,5910,0,0,0,0,0,0
TF,VARMI,44.334167,87.684722,0, ,0.0,0.0,0.0,0.0,0,0,0,0,0,0,0,0

SID,VAR19D,25,5
CF,WW501,43.884167,87.363889,0,WUR,251.0,6.5,251.0,4.0,0,0,0,1,210,0,0,1
DF,WW542,44.171389,87.320278,2, ,0.0,0.0,2,5910,0,0,0,0,0,0
TF,VARMI,44.334167,87.684722,0, ,0.0,0.0,0.0,0.0,2,7880,0,0,0,0,0,0

SID,VES19D,25,5
CF,WW501,43.884167,87.363889,0,WUR,251.0,6.5,251.0,4.0,0,0,0,0,0,0,0,1
DF,WW542,44.171389,87.320278,2, ,0.0,0.0,0,0,0,1,230,0,0,0
TF,WW544,44.277500,87.557222,0, ,0.0,0.0,0.0,0.0,2,12800,0,0,0,0,0,0
TF,VARMI,44.334167,87.684722,0, ,0.0,0.0,0.0,0.0,0,0,0,0,0,0,0,0
TF,OMDAX,44.574722,87.990833,0, ,0.0,0.0,0.0,0.0,0,0,0,0,0,0,0,0
TF,MULOR,44.555278,88.204444,0, ,0.0,0.0,0.0,0.0,0,0,0,0,0,0,0,0
TF,VESED,44.527778,88.509444,0, ,0.0,0.0,0.0,0.0,0,0,0,0,0,0,0,0

STAR,AGO08A,07,5
IF,AGOXA,44.075278,88.845000, ,0.0,0.0,0,0,0,0,0,0,0,0
TF,WW641,44.135278,88.323056,0, ,0.0,0.0,0.0,0.0,2,7880,0,0,0,0,0,0
TF,WW606,44.149444,88.199444,0, ,0.0,0.0,0.0,0.0,2,7880,0,0,0,0,0,0
TF,WW607,44.163333,88.075833,0, ,0.0,0.0,0.0,0.0,2,7880,0,0,0,0,0,0
TF,FKG,44.173333,87.983333,0, ,0.0,0.0,0.0,0.0,2,7880,0,0,0,0,0,0
TF,WW411,44.056111,87.733333,0, ,0.0,0.0,0.0,0.0,2,7880,0,0,0,0,0,0
TF,WW412,44.030556,87.613333,0, ,0.0,0.0,0.0,0.0,2,7880,0,0,0,0,0,0
TF,WW601,43.925833,87.561667,0, ,0.0,0.0,0.0,0.0,2,7880,0,0,0,0,0,0
TF,WW414,43.798889,87.464167,0, ,0.0,0.0,0.0,0.0,2,7880,0,1,210,0,0,0
TF,WW415,43.772778,87.342222,0, ,0.0,0.0,0.0,0.0,2,7880,0,0,0,0,0,0
TF,WW405,43.746944,87.221667,0, ,0.0,0.0,0.0,0.0,2,6890,0,1,210,0,0,0

STAR,AGO09A,07,5
IF,AGOXA,44.075278,88.845000, ,0.0,0.0,0,0,0,0,0,0,0,0
TF,WW641,44.135278,88.323056,0, ,0.0,0.0,0.0,0.0,2,7880,0,0,0,0,0,0
TF,WW606,44.149444,88.199444,0, ,0.0,0.0,0.0,0.0,2,7880,0,0,0,0,0,0
TF,WW607,44.163333,88.075833,0, ,0.0,0.0,0.0,0.0,2,7880,0,0,0,0,0,0
TF,FKG,44.173333,87.983333,0, ,0.0,0.0,0.0,0.0,2,7880,0,0,0,0,0,0
TF,WW411,44.056111,87.733333,0, ,0.0,0.0,0.0,0.0,2,7880,0,0,0,0,0,0
TF,WW412,44.030556,87.613333,0, ,0.0,0.0,0.0,0.0,2,7880,0,0,0,0,0,0
TF,FF807,44.011944,87.526111,0, ,0.0,0.0,0.0,0.0,0,0,0,0,0,0,0,0
TF,WW432,43.977222,87.363056,0, ,0.0,0.0,0.0,0.0,2,7880,0,0,0,0,0,0
TF,WW406,43.930833,87.145556,0, ,0.0,0.0,0.0,0.0,2,5910,0,1,210,0,0,0

STAR,AGO16A,25,5
IF,AGOXA,44.075278,88.845000, ,0.0,0.0,2,14800,0,0,0,0,0,0
TF,WW641,44.135278,88.323056,0, ,0.0,0.0,0.0,0.0,0,0,0,0,0,0,0,0
TF,WW609,44.044167,88.039444,0, ,0.0,0.0,0.0,0.0,2,7880,0,0,0,0,0,0
TF,WW604,43.996111,87.891111,0, ,0.0,0.0,0.0,0.0,2,5910,0,1,210,0,0,0

STAR,AGO17A,25,5
IF,AGOXA,44.075278,88.845000, ,0.0,0.0,0,0,0,0,0,0,0,0
TF,WW641,44.135278,88.323056,0, ,0.0,0.0,0.0,0.0,2,7880,0,0,0,0,0,0
TF,WW606,44.149444,88.199444,0, ,0.0,0.0,0.0,0.0,2,7880,0,0,0,0,0,0
TF,WW607,44.163333,88.075833,0, ,0.0,0.0,0.0,0.0,2,7880,0,0,0,0,0,0
TF,FKG,44.173333,87.983333,0, ,0.0,0.0,0.0,0.0,2,7880,0,0,0,0,0,0
TF,WW611,44.181389,87.880556,0, ,0.0,0.0,0.0,0.0,2,6890,0,0,0,0,0,0
TF,WW612,44.142500,87.698056,0, ,0.0,0.0,0.0,0.0,2,6890,0,0,0,0,0,0
TF,WW613,44.116944,87.578056,0, ,0.0,0.0,0.0,0.0,2,5910,0,0,0,0,0,0
TF,WW412,44.030556,87.613333,0, ,0.0,0.0,0.0,0.0,2,5910,0,1,210,0,0,0
TF,WW411,44.056111,87.733333,0, ,0.0,0.0,0.0,0.0,2,5910,0,0,0,0,0,0
TF,WW614,44.082222,87.855833,0, ,0.0,0.0,0.0,0.0,2,5910,0,0,0,0,0,0
TF,WW604,43.996111,87.891111,0, ,0.0,0.0,0.0,0.0,2,5910,0,1,210,0,0,0

STAR,AGO18A,25,5
IF,AGOXA,44.075278,88.845000, ,0.0,0.0,0,0,0,0,0,0,0,0
TF,WW641,44.135278,88.323056,0, ,0.0,0.0,0.0,0.0,2,7880,0,0,0,0,0,0
TF,WW606,44.149444,88.199444,0, ,0.0,0.0,0.0,0.0,2,7880,0,0,0,0,0,0
TF,WW607,44.163333,88.075833,0, ,0.0,0.0,0.0,0.0,2,7880,0,0,0,0,0,0
TF,FKG,44.173333,87.983333,0, ,0.0,0.0,0.0,0.0,2,7880,0,0,0,0,0,0
TF,WW604,43.996111,87.891111,0, ,0.0,0.0,0.0,0.0,2,5910,0,1,210,0,0,0

STAR,AGO19A,25,5
IF,AGOXA,44.075278,88.845000, ,0.0,0.0,0,0,0,0,0,0,0,0
TF,WW641,44.135278,88.323056,0, ,0.0,0.0,0.0,0.0,2,7880,0,0,0,0,0,0
TF,WW608,44.040556,88.029444,0, ,0.0,0.0,0.0,0.0,2,6890,0,0,0,0,0,0
TF,WW604,43.996111,87.891111,0, ,0.0,0.0,0.0,0.0,2,5910,0,1,210,0,0,0

STAR,DUM08A,07,5
IF,DUMAM,43.965556,88.811667, ,0.0,0.0,0,0,0,0,0,0,0,0
TF,FKG,44.173333,87.983333,0, ,0.0,0.0,0.0,0.0,2,7880,0,0,0,0,0,0
TF,WW411,44.056111,87.733333,0, ,0.0,0.0,0.0,0.0,2,7880,0,0,0,0,0,0
TF,WW412,44.030556,87.613333,0, ,0.0,0.0,0.0,0.0,2,7880,0,0,0,0,0,0
TF,WW601,43.925833,87.561667,0, ,0.0,0.0,0.0,0.0,2,7880,0,0,0,0,0,0
TF,WW414,43.798889,87.464167,0, ,0.0,0.0,0.0,0.0,2,7880,0,1,210,0,0,0
TF,WW415,43.772778,87.342222,0, ,0.0,0.0,0.0,0.0,2,7880,0,0,0,0,0,0
TF,WW405,43.746944,87.221667,0, ,0.0,0.0,0.0,0.0,2,6890,0,1,210,0,0,0

STAR,DUM09A,07,5
IF,DUMAM,43.965556,88.811667, ,0.0,0.0,0,0,0,0,0,0,0,0
TF,FKG,44.173333,87.983333,0, ,0.0,0.0,0.0,0.0,2,7880,0,0,0,0,0,0
TF,WW411,44.056111,87.733333,0, ,0.0,0.0,0.0,0.0,2,7880,0,0,0,0,0,0
TF,WW412,44.030556,87.613333,0, ,0.0,0.0,0.0,0.0,2,7880,0,0,0,0,0,0
TF,FF807,44.011944,87.526111,0, ,0.0,0.0,0.0,0.0,0,0,0,0,0,0,0,0
TF,WW432,43.977222,87.363056,0, ,0.0,0.0,0.0,0.0,2,7880,0,0,0,0,0,0
TF,WW406,43.930833,87.145556,0, ,0.0,0.0,0.0,0.0,2,5910,0,1,210,0,0,0

STAR,DUM18A,25,5
IF,DUMAM,43.965556,88.811667, ,0.0,0.0,0,0,0,0,0,0,0,0
TF,FKG,44.173333,87.983333,0, ,0.0,0.0,0.0,0.0,2,7880,0,0,0,0,0,0
TF,WW611,44.181389,87.880556,0, ,0.0,0.0,0.0,0.0,2,6890,0,0,0,0,0,0
TF,WW612,44.142500,87.698056,0, ,0.0,0.0,0.0,0.0,2,6890,0,0,0,0,0,0
TF,WW613,44.116944,87.578056,0, ,0.0,0.0,0.0,0.0,2,5910,0,0,0,0,0,0
TF,WW412,44.030556,87.613333,0, ,0.0,0.0,0.0,0.0,2,5910,0,1,210,0,0,0
TF,WW411,44.056111,87.733333,0, ,0.0,0.0,0.0,0.0,2,5910,0,0,0,0,0,0
TF,WW614,44.082222,87.855833,0, ,0.0,0.0,0.0,0.0,2,5910,0,0,0,0,0,0
TF,WW604,43.996111,87.891111,0, ,0.0,0.0,0.0,0.0,2,5910,0,1,210,0,0,0

STAR,DUM19A,25,5
IF,DUMAM,43.965556,88.811667, ,0.0,0.0,0,0,0,0,0,0,0,0
TF,FKG,44.173333,87.983333,0, ,0.0,0.0,0.0,0.0,2,7880,0,0,0,0,0,0
TF,WW604,43.996111,87.891111,0, ,0.0,0.0,0.0,0.0,2,5910,0,1,210,0,0,0

STAR,EPD01A,07,2
IF,EPDAG,43.293611,86.202222, ,0.0,0.0,2,19700,0,0,0,0,0,0
TF,AKVOV,43.416667,86.455556,0, ,0.0,0.0,0.0,0.0,2,18700,0,0,0,0,0,0
TF,KABDO,43.543333,86.716111,0, ,0.0,0.0,0.0,0.0,2,16700,0,0,0,0,0,0
TF,WUR34,43.606697,86.850725,0, ,0.0,0.0,0.0,0.0,2,14800,0,0,0,0,0,0
TF,D234T,43.731611,87.116828,0, ,0.0,0.0,0.0,0.0,2,11800,0,0,0,0,0,0
TF,D234D,43.878158,87.429786,0, ,0.0,0.0,0.0,0.0,2,7880,0,1,210,0,0,1
DF,D305D,43.952067,87.440156,1, ,0.0,0.0,0,0,0,0,0,0,0,0
TF,D305J,44.016592,87.325419,0, ,0.0,0.0,0.0,0.0,2,5910,0,1,205,0,0,0

STAR,EPD11A,25,2
IF,EPDAG,43.293611,86.202222, ,0.0,0.0,2,19700,0,0,0,0,0,0
TF,AKVOV,43.416667,86.455556,0, ,0.0,0.0,0.0,0.0,2,18700,0,0,0,0,0,0
TF,KABDO,43.543333,86.716111,0, ,0.0,0.0,0.0,0.0,2,16700,0,0,0,0,0,0
TF,WUR34,43.606697,86.850725,0, ,0.0,0.0,0.0,0.0,2,14800,0,0,0,0,0,0
TF,D234Y,43.688233,87.024144,0, ,0.0,0.0,0.0,0.0,2,12800,0,0,0,0,0,0
TF,D234J,43.823539,87.314219,0, ,0.0,0.0,0.0,0.0,2,9850,0,0,0,0,0,0
TF,WUR,43.914119,87.507428,0, ,0.0,0.0,0.0,0.0,2,7880,0,1,205,0,0,0

STAR,EPD12A,25,2
IF,EPDAG,43.293611,86.202222, ,0.0,0.0,2,19700,0,0,0,0,0,0
TF,AKVOV,43.416667,86.455556,0, ,0.0,0.0,0.0,0.0,2,18700,0,0,0,0,0,0
TF,KABDO,43.543333,86.716111,0, ,0.0,0.0,0.0,0.0,2,16700,0,0,0,0,0,0
TF,WUR34,43.606697,86.850725,0, ,0.0,0.0,0.0,0.0,2,14800,0,0,0,0,0,0
TF,D234Y,43.688233,87.024144,0, ,0.0,0.0,0.0,0.0,2,12800,0,0,0,0,0,0
TF,D234J,43.823539,87.314219,0, ,0.0,0.0,0.0,0.0,2,9850,0,0,0,0,0,0
TF,WUR,43.914119,87.507428,0, ,0.0,0.0,0.0,0.0,2,7880,0,1,205,0,0,0

STAR,FKG01A,07,2
IF,FKG,44.173333,87.983333, ,0.0,0.0,4,11800,7880,0,0,0,0,0
TF,D050H,43.994272,87.654942,0, ,0.0,0.0,0.0,0.0,2,8860,0,1,205,0,0,0

STAR,FKG11A,25,2
IF,FKG,44.173333,87.983333, ,0.0,0.0,0,0,0,0,0,0,0,0
TF,D050S,44.104169,87.858422,0, ,0.0,0.0,0.0,0.0,2,6890,0,1,205,0,0,0

STAR,FKG13A,25,2
IF,FKG,44.173333,87.983333, ,0.0,0.0,0,0,0,0,0,0,0,0
TF,D050M,44.047269,87.752889,0, ,0.0,0.0,0.0,0.0,2,4930,0,1,205,0,0,0

STAR,IKA19A,25,5
IF,IKARA,44.722222,86.992778, ,0.0,0.0,0,0,0,0,0,0,0,0
TF,UGPEL,44.551944,87.286944,0, ,0.0,0.0,0.0,0.0,0,0,0,0,0,0,0,0
TF,VARMI,44.334167,87.684722,0, ,0.0,0.0,0.0,0.0,3,11800,0,0,0,0,0,0
TF,WW610,44.058889,87.748611,0, ,0.0,0.0,0.0,0.0,2,5910,0,1,210,0,0,0

STAR,UGP08A,07,5
IF,UGPEL,44.551944,87.286944, ,0.0,0.0,0,0,0,0,0,0,0,0
TF,WW691,44.471389,87.434722,0, ,0.0,0.0,0.0,0.0,2,7880,0,0,0,0,0,0
TF,WW681,44.308889,87.982222,0, ,0.0,0.0,0.0,0.0,2,7880,0,0,0,0,0,0
TF,WW671,44.294722,88.105833,0, ,0.0,0.0,0.0,0.0,2,7880,0,0,0,0,0,0
TF,WW661,44.281389,88.228889,0, ,0.0,0.0,0.0,0.0,2,7880,0,0,0,0,0,0
TF,WW651,44.266944,88.353056,0, ,0.0,0.0,0.0,0.0,2,7880,0,0,0,0,0,0
TF,WW641,44.135278,88.323056,0, ,0.0,0.0,0.0,0.0,2,7880,0,0,0,0,0,0
TF,WW606,44.149444,88.199444,0, ,0.0,0.0,0.0,0.0,2,7880,0,0,0,0,0,0
TF,WW607,44.163333,88.075833,0, ,0.0,0.0,0.0,0.0,2,7880,0,0,0,0,0,0
TF,FKG,44.173333,87.983333,0, ,0.0,0.0,0.0,0.0,2,7880,0,0,0,0,0,0
TF,WW411,44.056111,87.733333,0, ,0.0,0.0,0.0,0.0,2,7880,0,0,0,0,0,0
TF,WW412,44.030556,87.613333,0, ,0.0,0.0,0.0,0.0,2,7880,0,0,0,0,0,0
TF,WW601,43.925833,87.561667,0, ,0.0,0.0,0.0,0.0,2,7880,0,0,0,0,0,0
TF,WW414,43.798889,87.464167,0, ,0.0,0.0,0.0,0.0,2,7880,0,1,210,0,0,0
TF,WW415,43.772778,87.342222,0, ,0.0,0.0,0.0,0.0,2,7880,0,0,0,0,0,0
TF,WW405,43.746944,87.221667,0, ,0.0,0.0,0.0,0.0,2,6890,0,1,210,0,0,0

STAR,UGP09A,07,5
IF,UGPEL,44.551944,87.286944, ,0.0,0.0,0,0,0,0,0,0,0,0
TF,WW691,44.471389,87.434722,0, ,0.0,0.0,0.0,0.0,2,7880,0,0,0,0,0,0
TF,WW681,44.308889,87.982222,0, ,0.0,0.0,0.0,0.0,2,7880,0,0,0,0,0,0
TF,WW671,44.294722,88.105833,0, ,0.0,0.0,0.0,0.0,2,7880,0,0,0,0,0,0
TF,WW661,44.281389,88.228889,0, ,0.0,0.0,0.0,0.0,2,7880,0,0,0,0,0,0
TF,WW651,44.266944,88.353056,0, ,0.0,0.0,0.0,0.0,2,7880,0,0,0,0,0,0
TF,WW641,44.135278,88.323056,0, ,0.0,0.0,0.0,0.0,2,7880,0,0,0,0,0,0
TF,WW606,44.149444,88.199444,0, ,0.0,0.0,0.0,0.0,2,7880,0,0,0,0,0,0
TF,WW607,44.163333,88.075833,0, ,0.0,0.0,0.0,0.0,2,7880,0,0,0,0,0,0
TF,FKG,44.173333,87.983333,0, ,0.0,0.0,0.0,0.0,2,7880,0,0,0,0,0,0
TF,WW411,44.056111,87.733333,0, ,0.0,0.0,0.0,0.0,2,7880,0,0,0,0,0,0
TF,WW412,44.030556,87.613333,0, ,0.0,0.0,0.0,0.0,2,7880,0,0,0,0,0,0
TF,FF807,44.011944,87.526111,0, ,0.0,0.0,0.0,0.0,0,0,0,0,0,0,0,0
TF,WW432,43.977222,87.363056,0, ,0.0,0.0,0.0,0.0,2,7880,0,0,0,0,0,0
TF,WW406,43.930833,87.145556,0, ,0.0,0.0,0.0,0.0,2,5910,0,1,210,0,0,0

STAR,UGP17A,25,5
IF,UGPEL,44.551944,87.286944, ,0.0,0.0,0,0,0,0,0,0,0,0
TF,WW691,44.471389,87.434722,0, ,0.0,0.0,0.0,0.0,2,7880,0,0,0,0,0,0
TF,WW681,44.308889,87.982222,0, ,0.0,0.0,0.0,0.0,2,7880,0,0,0,0,0,0
TF,WW671,44.294722,88.105833,0, ,0.0,0.0,0.0,0.0,2,7880,0,0,0,0,0,0
TF,WW661,44.281389,88.228889,0, ,0.0,0.0,0.0,0.0,2,7880,0,0,0,0,0,0
TF,WW651,44.266944,88.353056,0, ,0.0,0.0,0.0,0.0,2,7880,0,0,0,0,0,0
TF,WW641,44.135278,88.323056,0, ,0.0,0.0,0.0,0.0,2,7880,0,0,0,0,0,0
TF,WW606,44.149444,88.199444,0, ,0.0,0.0,0.0,0.0,2,7880,0,0,0,0,0,0
TF,WW607,44.163333,88.075833,0, ,0.0,0.0,0.0,0.0,2,7880,0,0,0,0,0,0
TF,FKG,44.173333,87.983333,0, ,0.0,0.0,0.0,0.0,2,7880,0,0,0,0,0,0
TF,WW611,44.181389,87.880556,0, ,0.0,0.0,0.0,0.0,2,6890,0,0,0,0,0,0
TF,WW612,44.142500,87.698056,0, ,0.0,0.0,0.0,0.0,2,6890,0,0,0,0,0,0
TF,WW613,44.116944,87.578056,0, ,0.0,0.0,0.0,0.0,2,5910,0,0,0,0,0,0
TF,WW412,44.030556,87.613333,0, ,0.0,0.0,0.0,0.0,2,5910,0,1,210,0,0,0
TF,WW411,44.056111,87.733333,0, ,0.0,0.0,0.0,0.0,2,5910,0,0,0,0,0,0
TF,WW614,44.082222,87.855833,0, ,0.0,0.0,0.0,0.0,2,5910,0,0,0,0,0,0
TF,WW604,43.996111,87.891111,0, ,0.0,0.0,0.0,0.0,2,5910,0,1,210,0,0,0

STAR,UGP18A,25,5
IF,UGPEL,44.551944,87.286944, ,0.0,0.0,0,0,0,0,0,0,0,0
TF,WW691,44.471389,87.434722,0, ,0.0,0.0,0.0,0.0,2,7880,0,0,0,0,0,0
TF,WW681,44.308889,87.982222,0, ,0.0,0.0,0.0,0.0,2,7880,0,0,0,0,0,0
TF,WW671,44.294722,88.105833,0, ,0.0,0.0,0.0,0.0,2,7880,0,0,0,0,0,0
TF,WW661,44.281389,88.228889,0, ,0.0,0.0,0.0,0.0,2,7880,0,0,0,0,0,0
TF,WW651,44.266944,88.353056,0, ,0.0,0.0,0.0,0.0,2,7880,0,0,0,0,0,0
TF,WW641,44.135278,88.323056,0, ,0.0,0.0,0.0,0.0,2,7880,0,0,0,0,0,0
TF,WW606,44.149444,88.199444,0, ,0.0,0.0,0.0,0.0,2,7880,0,0,0,0,0,0
TF,WW607,44.163333,88.075833,0, ,0.0,0.0,0.0,0.0,2,7880,0,0,0,0,0,0
TF,FKG,44.173333,87.983333,0, ,0.0,0.0,0.0,0.0,2,7880,0,0,0,0,0,0
TF,WW604,43.996111,87.891111,0, ,0.0,0.0,0.0,0.0,2,5910,0,1,210,0,0,0

STAR,UGP19A,25,5
IF,UGPEL,44.551944,87.286944, ,0.0,0.0,0,0,0,0,0,0,0,0
TF,WW691,44.471389,87.434722,0, ,0.0,0.0,0.0,0.0,2,7880,0,0,0,0,0,0
TF,WW681,44.308889,87.982222,0, ,0.0,0.0,0.0,0.0,2,7880,0,0,0,0,0,0
TF,WW671,44.294722,88.105833,0, ,0.0,0.0,0.0,0.0,2,7880,0,0,0,0,0,0
TF,WW661,44.281389,88.228889,0, ,0.0,0.0,0.0,0.0,2,7880,0,0,0,0,0,0
TF,WW651,44.266944,88.353056,0, ,0.0,0.0,0.0,0.0,2,7880,0,0,0,0,0,0
TF,WW641,44.135278,88.323056,0, ,0.0,0.0,0.0,0.0,2,7880,0,0,0,0,0,0
TF,WW608,44.040556,88.029444,0, ,0.0,0.0,0.0,0.0,2,6890,0,0,0,0,0,0
TF,WW604,43.996111,87.891111,0, ,0.0,0.0,0.0,0.0,2,5910,0,1,210,0,0,0

APPTR,D07,07,D0501
IF,D050H,43.994272,87.654942, ,0.0,0.0,2,8860,0,1,205,0,1,0
TF,WUR,43.914119,87.507428,0, ,0.0,0.0,0.0,0.0,2,6890,0,0,0,0,0,0
FD,WUR,43.914119,87.507428,0,WUR,0.0,15.0,260.0,15.0,0,0,0,0,0,0,0,0
CF,CD07,43.843933,87.176258,1,WUR,250.8,15.0,71.0,1.0,2,5910,0,1,170,0,1,0

APPTR,D07,07,D0502
IF,D050H,43.994272,87.654942, ,0.0,0.0,2,8860,0,1,205,0,1,0
TF,WUR,43.914119,87.507428,0, ,0.0,0.0,0.0,0.0,2,6890,0,0,0,0,0,0
FD,WUR,43.914119,87.507428,0,WUR,0.0,15.0,257.0,15.0,0,0,0,0,0,0,0,0
CF,CD07,43.843933,87.176258,1,WUR,250.8,15.0,71.0,1.0,2,5910,0,1,170,0,1,0

APPTR,D07,07,D305J
IF,D305J,44.016592,87.325419, ,0.0,0.0,2,5910,0,1,205,0,1,0
FD,D305J,44.016592,87.325419,0,WUR,305.0,14.9,305.0,14.9,2,5910,0,0,0,0,0,0
CI,0, ,0.0,305.0,0,0,0,0,0,0,0,0
AF,D297Q,44.055292,87.167158,1,WUR,297.0,17.0,305.0,0,0,0,0,0,0,0,0
AF,D258Q,43.869136,87.120564,1,WUR,258.0,17.0,297.0,0,0,0,0,0,0,0,0
CF,CD07,43.843933,87.176258,0,WUR,250.8,15.0,71.0,3.0,2,5910,0,0,0,0,1,0

FINAL,D07,07,D,5
IF,CD07,43.843933,87.176258,WUR,250.8,15.0,2,5910,0,0,0,0,0,0
CF,VOR13,43.855567,87.231550,0,WUR,250.7,12.5,71.0,2.5,2,5250,0,0,0,0,0,0
CF,FD07,43.862069,87.262522,0,WUR,250.7,11.1,71.0,1.4,2,4930,0,0,0,0,2,0
CF,70VOR,43.881067,87.353267,0,WUR,250.5,7.0,71.0,4.1,2,3610,0,0,0,0,0,0
CF,MD07,43.899394,87.436519,0,WUR,251.0,3.2,71.0,3.8,1,2406,0,0,0,0,3,0
CA,0,71.0,2,3610,0,0,0,0,0,0
DF,D305G,43.981783,87.387372,1, ,0.0,0.0,2,5910,0,0,0,0,0,0
TF,D305J,44.016592,87.325419,0, ,0.0,0.0,0.0,0.0,2,5910,0,0,0,0,0,0
HM,D305J,44.016592,87.325419,2, ,0.0,0.0,305.0,04.3,2,5910,0,0,0,0,0,0,0

APPTR,D25-Y,25,D050M
IF,D050M,44.047269,87.752889, ,0.0,0.0,2,4930,0,1,205,0,1,0
CF,CD25Y,43.940819,87.641378,0,WUR,71.5,6.0,215.0,8.0,2,3610,0,0,0,0,1,0

APPTR,D25-Y,25,WUR
IF,WUR,43.914119,87.507428, ,0.0,0.0,2,7880,0,1,205,0,1,0
FD,WUR,43.914119,87.507428,0,WUR,0.0,10.3,37.0,10.3,0,0,0,0,0,0,0,0
CF,D058K,44.001183,87.725544,2,WUR,58.0,10.8,224.0,1.0,2,4930,0,0,0,0,0,0
CF,CD25Y,43.940819,87.641378,0,WUR,71.5,6.0,224.0,5.1,2,3610,0,0,0,0,1,0

FINAL,D25-Y,25,D,3
IF,CD25Y,43.940819,87.641378,WUR,71.5,6.0,2,3610,0,0,0,0,0,0
CF,FD25Y,43.931675,87.597014,0,WUR,71.8,4.0,251.0,2.0,2,3610,0,0,0,0,2,0
CF,WUR,43.914119,87.507428,0,WUR,0.0,0.0,251.0,4.0,1,2352,0,0,0,0,3,0
FD,WUR,43.914119,87.507428,0,WUR,0.0,5.0,251.0,5.0,0,0,0,0,0,0,0,0
DF,WUR,43.914119,87.507428,2, ,0.0,0.0,1,4930,0,0,0,0,0,0

APPTR,D25-Z,25,D050S
IF,D050S,44.104169,87.858422, ,0.0,0.0,2,6890,0,1,205,0,1,0
TF,CD25Z,43.963608,87.752342,0, ,0.0,0.0,0.0,0.0,2,4930,0,0,0,0,1,0

APPTR,D25-Z,25,WUR1
IF,WUR,43.914119,87.507428, ,0.0,0.0,2,7880,0,1,205,0,1,0
FD,WUR,43.914119,87.507428,0,WUR,0.0,11.0,52.0,11.0,0,0,0,0,0,0,0,0
CF,CD25Z,43.963608,87.752342,2,WUR,71.3,11.0,251.0,1.0,2,4930,0,0,0,0,1,0

APPTR,D25-Z,25,WUR2
IF,WUR,43.914119,87.507428, ,0.0,0.0,2,7880,0,1,205,0,1,0
FD,WUR,43.914119,87.507428,0,WUR,0.0,11.0,62.0,11.0,0,0,0,0,0,0,0,0
CF,CD25Z,43.963608,87.752342,2,WUR,71.3,11.0,251.0,1.0,2,4930,0,0,0,0,1,0

FINAL,D25-Z,25,D,4
IF,CD25Z,43.963608,87.752342,WUR,71.3,11.0,2,4930,0,0,0,0,0,0
CF,FD25Z,43.950406,87.687972,0,WUR,71.4,8.1,251.0,2.9,2,4930,0,0,0,0,2,0
CF,24VOR,43.924347,87.561536,0,WUR,72.3,2.4,251.0,5.7,2,3120,0,0,0,0,0,0
CF,WUR,43.914119,87.507428,0,WUR,0.0,0.0,251.0,2.4,1,2352,0,0,0,0,3,0
FD,WUR,43.914119,87.507428,0,WUR,0.0,5.0,251.0,5.0,0,0,0,0,0,0,0,0
DF,WUR,43.914119,87.507428,2, ,0.0,0.0,1,4930,0,1,205,0,0,0

APPTR,I07-Y,07,D0501
IF,D050H,43.994272,87.654942, ,0.0,0.0,2,8860,0,1,205,0,1,0
TF,WUR,43.914119,87.507428,0, ,0.0,0.0,0.0,0.0,2,6890,0,0,0,0,0,0
FD,WUR,43.914119,87.507428,0,WUR,0.0,15.0,260.0,15.0,0,0,0,0,0,0,0,0
CF,D251M,43.843231,87.176019,1,WUR,250.6,15.0,71.0,1.0,2,5910,0,1,170,0,1,0
CF,CI07,43.855122,87.231208,0,IOY,250.6,12.1,71.0,2.5,2,5250,0,0,0,0,0,0

APPTR,I07-Y,07,D0502
IF,D050H,43.994272,87.654942, ,0.0,0.0,2,8860,0,1,205,0,1,0
TF,WUR,43.914119,87.507428,0, ,0.0,0.0,0.0,0.0,2,6890,0,0,0,0,0,0
FD,WUR,43.914119,87.507428,0,WUR,0.0,15.0,257.0,15.0,0,0,0,0,0,0,0,0
CF,D251M,43.843231,87.176019,1,WUR,250.6,15.0,71.0,1.0,2,5910,0,1,170,0,1,0
CF,CI07,43.855122,87.231208,0,IOY,250.6,12.1,71.0,2.5,2,5250,0,0,0,0,0,0

APPTR,I07-Y,07,D305J
IF,D305J,44.016592,87.325419, ,0.0,0.0,2,5910,0,1,205,0,1,0
FD,D305J,44.016592,87.325419,0,WUR,305.0,14.9,305.0,14.9,2,5910,0,0,0,0,0,0
CI,0, ,0.0,305.0,0,0,0,0,0,0,0,0
AF,D297Q,44.055292,87.167158,1,WUR,297.0,17.0,305.0,0,0,0,0,0,0,0,0
AF,D258Q,43.869136,87.120564,1,WUR,258.0,17.0,297.0,0,0,0,0,0,0,0,0
CF,D251M,43.843231,87.176019,0,WUR,250.6,15.0,71.0,3.0,2,5910,0,0,0,0,1,0
CF,CI07,43.855122,87.231208,0,IOY,250.6,12.1,71.0,2.5,2,5250,0,0,0,0,0,0

FINAL,I07-Y,07,I,3
IF,CI07,43.855122,87.231208,IOY,250.6,12.1,2,5250,0,0,0,0,0,0
CF,FF07,43.861769,87.262122,0,IOY,250.6,10.7,71.0,1.4,1,4930,0,0,0,0,2,0
CF,RW07,43.902536,87.452708,0,IOY,250.6,2.1,71.0,8.6,1,2174,0,0,0,0,3,0
FA,RW07,43.902536,87.452708,0,WUR,0.0,0.0,71.0,2,3610,0,0,0,0,0,0
DF,D305G,43.981783,87.387372,1, ,0.0,0.0,2,5910,0,0,0,0,0,0
TF,D305J,44.016592,87.325419,0, ,0.0,0.0,0.0,0.0,2,5910,0,0,0,0,0,0
HM,D305J,44.016592,87.325419,2, ,0.0,0.0,305.0,04.3,2,5910,0,0,0,0,0,0,0

APPTR,I07-Z,07,WW405
IF,WW405,43.746944,87.221667, ,0.0,0.0,2,6890,0,1,210,0,1,0
TF,WW404,43.794444,87.201944,0, ,0.0,0.0,0.0,0.0,2,6400,0,0,0,0,0,0
TF,WW403,43.844444,87.181111,0,IOY,0.0,0.0,0.0,0.0,2,5910,0,0,0,0,1,0

APPTR,I07-Z,07,WW406
IF,WW406,43.930833,87.145556, ,0.0,0.0,2,5910,0,1,210,0,1,0
TF,WW403,43.844444,87.181111,0,IOY,0.0,0.0,0.0,0.0,2,5910,0,0,0,0,1,0

FINAL,I07-Z,07,I,3
IF,WW403,43.844444,87.181111,IOY,250.7,14.4,2,5910,0,0,0,0,0,0
CF,FF07,43.861769,87.262122,0,IOY,250.6,10.7,71.0,3.7,1,4930,0,0,0,0,2,0
CF,RW07,43.902536,87.452708,0,IOY,250.6,2.1,71.0,8.6,1,2173,0,0,0,0,3,0
FA,RW07,43.902536,87.452708,0,WUR,0.0,0.0,71.0,2,3610,0,0,0,0,0,0
DF,D305G,43.981783,87.387372,1, ,0.0,0.0,2,5910,0,0,0,0,0,0
TF,D305J,44.016592,87.325419,0, ,0.0,0.0,0.0,0.0,2,5910,0,0,0,0,0,0
HM,D305J,44.016592,87.325419,2, ,0.0,0.0,305.0,04.3,2,5910,0,0,0,0,0,0,0

APPTR,I25-X,25,D050M
IF,D050M,44.047269,87.752889, ,0.0,0.0,2,4930,0,1,205,0,1,0
CF,CI25X,43.942219,87.639867,0,IRM,70.6,8.6,215.0,8.0,2,3610,0,0,0,0,1,0

APPTR,I25-X,25,WUR
IF,WUR,43.914119,87.507428, ,0.0,0.0,2,7880,0,1,205,0,1,0
FD,WUR,43.914119,87.507428,0,WUR,0.0,10.3,37.0,10.3,0,0,0,0,0,0,0,0
CF,D058K,44.001183,87.725544,2,WUR,58.0,10.8,224.0,1.0,2,4930,0,0,0,0,0,0
CF,CI25X,43.942219,87.639867,0,IRM,70.6,8.6,224.0,5.1,2,3610,0,0,0,0,1,0

FINAL,I25-X,25,I,3
IF,CI25X,43.942219,87.639867,IRM,70.6,8.6,2,3610,0,0,0,0,0,0
CF,FI25X,43.932867,87.595586,0,IRM,70.6,6.6,251.0,2.0,1,3610,0,0,0,0,2,0
CF,RW25,43.911700,87.495697,0,IRM,70.6,2.1,251.0,4.5,1,2175,0,0,0,0,3,0
FD,RW25,43.911700,87.495697,0,WUR,251.1,5.0,251.0,5.0,0,0,0,0,0,0,0,0
DF,WUR,43.914119,87.507428,2, ,0.0,0.0,1,4930,0,0,0,0,0,0

APPTR,I25-Y,25,D050S
IF,D050S,44.104169,87.858422, ,0.0,0.0,2,6890,0,1,205,0,1,0
FC,D050S,44.104169,87.858422,0,WUR,0.0,0.0,206.0,7.0,0,0,0,0,0,0,0,0
CF,CF25,43.965525,87.750631,0,IRM,70.6,13.6,206.0,2.5,2,4930,0,0,0,0,1,0

APPTR,I25-Y,25,WUR1
IF,WUR,43.914119,87.507428, ,0.0,0.0,2,7880,0,1,205,0,1,0
FD,WUR,43.914119,87.507428,0,WUR,0.0,11.0,52.0,11.0,0,0,0,0,0,0,0,0
CF,CF25,43.965525,87.750631,2,IRM,70.6,13.6,251.0,1.0,2,4930,0,0,0,0,1,0

APPTR,I25-Y,25,WUR2
IF,WUR,43.914119,87.507428, ,0.0,0.0,2,7880,0,1,205,0,1,0
FD,WUR,43.914119,87.507428,0,WUR,0.0,11.0,62.0,11.0,0,0,0,0,0,0,0,0
CF,CF25,43.965525,87.750631,2,IRM,70.6,13.6,251.0,1.0,2,4930,0,0,0,0,1,0

FINAL,I25-Y,25,I,3
IF,CF25,43.965525,87.750631,IRM,70.6,13.6,2,4930,0,0,0,0,0,0
CF,FF25,43.952022,87.686378,0,IRM,70.6,10.7,251.0,2.9,1,4930,0,0,0,0,2,0
CF,RW25,43.911700,87.495697,0,IRM,70.6,2.1,251.0,8.6,1,2175,0,0,0,0,3,0
FD,RW25,43.911700,87.495697,0,WUR,251.1,5.0,251.0,5.0,0,0,0,0,0,0,0,0
DF,WUR,43.914119,87.507428,2, ,0.0,0.0,1,4930,0,0,0,0,0,0

APPTR,I25-Z,25,WW604
IF,WW604,43.996111,87.891111, ,0.0,0.0,2,5910,0,1,210,0,1,0
TF,WW603,43.970278,87.770000,0,IRM,0.0,0.0,0.0,0.0,2,4930,0,0,0,0,1,0

APPTR,I25-Z,25,WW610
IF,WW610,44.058889,87.748611, ,0.0,0.0,2,5910,0,1,210,0,1,0
TF,WW603,43.970278,87.770000,0,IRM,0.0,0.0,0.0,0.0,2,4930,0,0,0,0,1,0

FINAL,I25-Z,25,I,3
IF,WW603,43.970278,87.770000,IRM,70.4,14.5,2,4930,0,0,0,0,0,0
CF,FF25,43.952022,87.686378,0,IRM,70.6,10.7,251.0,3.8,1,4930,0,0,0,0,2,0
CF,RW25,43.911700,87.495697,0,IRM,70.6,2.1,251.0,8.6,1,2175,0,0,0,0,3,0
FD,RW25,43.911700,87.495697,0,WUR,251.1,5.0,251.0,5.0,0,0,0,0,0,0,0,0
DF,WUR,43.914119,87.507428,2, ,0.0,0.0,1,4930,0,0,0,0,0,0

