SID,CHI01D,10,2
CD, ,0,0,0,DBL,0,0.0,103.0,8.0,2,2630,0,0,0,0,0,0
CF,VENOS,38.902778,122.326667,0,DBL,102.4,35.6,103.0,28.0,0,0,0,0,0,0,0,0
TF,CHI,39.266667,122.616667,0, ,0.0,0.0,0.0,0.0,0,0,0,0,0,0,0,0

SID,CHI02D,10,2
CD, ,0,0,0,DBL,0,0.0,103.0,8.0,2,2630,0,1,205,0,0,0
CI,0, ,0.0,31.0,0,0,0,0,0,0,0,0
CF,CHI,39.266667,122.616667,0,DBL,76.2,52.3,77.0,41.0,0,0,0,0,0,0,0,0

SID,CHI07D,10,5
CF,TL201,38.950000,121.740556,0,DBL,102.0,8.0,103.0,9.0,2,2630,0,0,0,0,0,0
TF,TL202,39.039444,121.752222,0, ,0.0,0.0,0.0,0.0,0,0,0,0,0,0,0,0
TF,TL203,39.055556,121.542778,0, ,0.0,0.0,0.0,0.0,2,8860,0,0,0,0,0,0
TF,TL205,38.965556,121.538889,1, ,0.0,0.0,0.0,0.0,0,0,0,1,220,0,0,0
TF,TL201,38.950000,121.740556,0, ,0.0,0.0,0.0,0.0,0,0,0,0,0,0,0,0
TF,TL304,38.924167,122.067222,0, ,0.0,0.0,0.0,0.0,0,0,0,0,0,0,0,0
TF,VENOS,38.902778,122.326667,0, ,0.0,0.0,0.0,0.0,2,13800,0,0,0,0,0,0
TF,CHI,39.266667,122.616667,0, ,0.0,0.0,0.0,0.0,0,0,0,0,0,0,0,0

SID,CHI08D,10,5
CF,TL201,38.950000,121.740556,0,DBL,102.0,8.0,103.0,9.0,2,2630,0,0,0,0,0,0
TF,TL304,38.924167,122.067222,0, ,0.0,0.0,0.0,0.0,0,0,0,0,0,0,0,0
TF,VENOS,38.902778,122.326667,0, ,0.0,0.0,0.0,0.0,2,13800,0,0,0,0,0,0
TF,CHI,39.266667,122.616667,0, ,0.0,0.0,0.0,0.0,0,0,0,0,0,0,0,0

SID,CHI09D,10,5
CF,TL201,38.950000,121.740556,0,DBL,102.0,8.0,103.0,9.0,2,2630,0,0,0,0,0,0
TF,TL209,39.036667,121.819167,0, ,0.0,0.0,0.0,0.0,0,0,0,0,0,0,0,0
TF,CHI,39.266667,122.616667,0, ,0.0,0.0,0.0,0.0,0,0,0,0,0,0,0,0

SID,CHI11D,28,2
CD, ,0,0,0,DBL,0,0.0,283.0,10.0,2,2630,0,0,0,0,0,0
DF,DBL,38.961667,121.570000,2, ,0.0,0.0,2,6890,0,1,205,0,0,0
TF,VENOS,38.902778,122.326667,0, ,0.0,0.0,0.0,0.0,0,0,0,0,0,0,0,0
TF,CHI,39.266667,122.616667,0, ,0.0,0.0,0.0,0.0,0,0,0,0,0,0,0,0

SID,CHI12D,28,2
CD, ,0,0,0,DBL,0,0.0,283.0,10.0,2,2630,0,1,205,0,0,0
CF,T,39.032633,121.809881,2,DBL,76.2,12.0,103.0,21.0,2,7880,0,0,0,0,0,0
TF,CHI,39.266667,122.616667,0, ,0.0,0.0,0.0,0.0,0,0,0,0,0,0,0,0

SID,CHI18D,28,5
CF,TL401,38.978889,121.361667,0,DBL,283.1,9.8,283.0,8.0,2,2300,0,0,0,0,0,0
TF,TL404,39.068611,121.372778,0, ,0.0,0.0,0.0,0.0,0,0,0,1,230,0,0,0
TF,TL406,39.052778,121.581667,0, ,0.0,0.0,0.0,0.0,2,8860,0,0,0,0,0,0
TF,TL407,39.034722,121.812778,0, ,0.0,0.0,0.0,0.0,0,0,0,0,0,0,0,0
TF,CHI,39.266667,122.616667,0, ,0.0,0.0,0.0,0.0,0,0,0,0,0,0,0,0

SID,CHI19D,28,5
CF,TL401,38.978889,121.361667,0,DBL,283.1,9.8,283.0,8.0,2,2300,0,0,0,0,0,0
TF,TL404,39.068611,121.372778,0, ,0.0,0.0,0.0,0.0,0,0,0,1,230,0,0,0
TF,TL406,39.052778,121.581667,0, ,0.0,0.0,0.0,0.0,2,8860,0,0,0,0,0,0
TF,TL301,38.949167,121.750833,0, ,0.0,0.0,0.0,0.0,0,0,0,0,0,0,0,0
TF,TL304,38.924167,122.067222,0, ,0.0,0.0,0.0,0.0,0,0,0,0,0,0,0,0
TF,VENOS,38.902778,122.326667,0, ,0.0,0.0,0.0,0.0,0,0,0,0,0,0,0,0
TF,CHI,39.266667,122.616667,0, ,0.0,0.0,0.0,0.0,0,0,0,0,0,0,0,0

SID,KAR01D,10,2
CD, ,0,0,0,DBL,0,0.0,103.0,8.0,2,2630,0,1,205,0,0,0
DF,DBL,38.961667,121.570000,1, ,0.0,0.0,2,6890,0,0,0,0,0,0
TF,EKULI,38.543889,121.215833,0, ,0.0,0.0,0.0,0.0,0,0,0,0,0,0,0,0
TF,KARPI,38.250000,120.717222,0, ,0.0,0.0,0.0,0.0,0,0,0,0,0,0,0,0

SID,KAR02D,10,2
CD, ,0,0,0,DBL,0,0.0,103.0,8.0,2,2630,0,1,205,0,0,0
CF,D089G,38.884922,121.780258,0,DBL,122.0,10.9,161.0,4.0,0,0,0,0,0,0,0,1
CF,EKULI,38.543889,121.215833,0,CHI,245.0,78.6,243.0,33.0,0,0,0,0,0,0,0,0
TF,KARPI,38.250000,120.717222,0, ,0.0,0.0,0.0,0.0,0,0,0,0,0,0,0,0

SID,KAR08D,10,5
CF,TL201,38.950000,121.740556,0,DBL,102.0,8.0,103.0,9.0,2,2630,0,0,0,0,0,0
TF,TL202,39.039444,121.752222,0, ,0.0,0.0,0.0,0.0,0,0,0,1,230,0,0,0
TF,TL203,39.055556,121.542778,0, ,0.0,0.0,0.0,0.0,2,8860,0,0,0,0,0,0
TF,TL204,39.066944,121.391944,0, ,0.0,0.0,0.0,0.0,0,0,0,0,0,0,0,0
TF,TL107,38.895556,121.248889,0, ,0.0,0.0,0.0,0.0,2,12800,0,0,0,0,0,0
TF,KARPI,38.250000,120.717222,0, ,0.0,0.0,0.0,0.0,0,0,0,0,0,0,0,0

SID,KAR09D,10,5
CF,TL201,38.950000,121.740556,0,DBL,102.0,8.0,103.0,9.0,2,2630,0,0,0,0,0,0
TF,TL202,39.039444,121.752222,0, ,0.0,0.0,0.0,0.0,0,0,0,1,230,0,0,0
TF,TL203,39.055556,121.542778,0, ,0.0,0.0,0.0,0.0,2,8860,0,0,0,0,0,0
TF,TL206,38.881389,121.430833,0, ,0.0,0.0,0.0,0.0,2,12800,0,0,0,0,0,0
TF,EKULI,38.543889,121.215833,0, ,0.0,0.0,0.0,0.0,2,21700,0,0,0,0,0,0
TF,KARPI,38.250000,120.717222,0, ,0.0,0.0,0.0,0.0,0,0,0,0,0,0,0,0

SID,KAR11D,28,2
CD, ,0,0,0,DBL,0,0.0,283.0,10.0,2,2630,0,0,0,0,0,0
DF,DBL,38.961667,121.570000,2, ,0.0,0.0,2,6890,0,1,205,0,0,0
TF,EKULI,38.543889,121.215833,0, ,0.0,0.0,0.0,0.0,0,0,0,0,0,0,0,0
TF,KARPI,38.250000,120.717222,0, ,0.0,0.0,0.0,0.0,0,0,0,0,0,0,0,0

SID,KAR12D,28,2
CA,0,283.0,2,1650,0,0,0,0,0,0
DF,N,38.780903,121.416703,1, ,0.0,0.0,0,0,0,1,205,0,0,0
TF,EKULI,38.543889,121.215833,0, ,0.0,0.0,0.0,0.0,0,0,0,0,0,0,0,0
TF,KARPI,38.250000,120.717222,0, ,0.0,0.0,0.0,0.0,0,0,0,0,0,0,0,0

SID,KAR17D,28,5
CF,TL401,38.978889,121.361667,0,DBL,283.1,9.8,283.0,8.0,2,2300,0,0,0,0,0,0
TF,TL402,38.989167,121.223333,0, ,0.0,0.0,0.0,0.0,2,3940,0,0,0,0,0,0
TF,TL403,39.078889,121.234444,0, ,0.0,0.0,0.0,0.0,0,0,0,1,225,0,0,0
TF,TL404,39.068611,121.372778,0, ,0.0,0.0,0.0,0.0,0,0,0,1,250,0,0,0
TF,TL401,38.978889,121.361667,0, ,0.0,0.0,0.0,0.0,0,0,0,0,0,0,0,0
TF,TL409,38.894167,121.285833,0, ,0.0,0.0,0.0,0.0,2,12800,0,0,0,0,0,0
TF,KARPI,38.250000,120.717222,0, ,0.0,0.0,0.0,0.0,0,0,0,0,0,0,0,0

SID,KAR18D,28,5
CF,TL401,38.978889,121.361667,0,DBL,283.1,9.8,283.0,8.0,2,2300,0,0,0,0,0,0
TF,TL410,38.806111,121.340556,0, ,0.0,0.0,0.0,0.0,0,0,0,0,0,0,0,0
TF,TL411,38.671944,121.323889,0, ,0.0,0.0,0.0,0.0,0,0,0,0,0,0,0,0
TF,EKULI,38.543889,121.215833,0, ,0.0,0.0,0.0,0.0,0,0,0,0,0,0,0,0
TF,KARPI,38.250000,120.717222,0, ,0.0,0.0,0.0,0.0,0,0,0,0,0,0,0,0

SID,KAR19D,28,5
CF,TL401,38.978889,121.361667,0,DBL,283.1,9.8,283.0,8.0,2,2300,0,0,0,0,0,0
TF,TL404,39.068611,121.372778,0, ,0.0,0.0,0.0,0.0,0,0,0,1,230,0,0,0
TF,TL406,39.052778,121.581667,0, ,0.0,0.0,0.0,0.0,2,8860,0,1,250,0,0,0
TF,TL112,38.963333,121.571111,0, ,0.0,0.0,0.0,0.0,0,0,0,0,0,0,0,0
TF,TL408,38.878333,121.498333,0, ,0.0,0.0,0.0,0.0,2,12800,0,0,0,0,0,0
TF,TL411,38.671944,121.323889,0, ,0.0,0.0,0.0,0.0,0,0,0,0,0,0,0,0
TF,EKULI,38.543889,121.215833,0, ,0.0,0.0,0.0,0.0,2,21700,0,0,0,0,0,0
TF,KARPI,38.250000,120.717222,0, ,0.0,0.0,0.0,0.0,0,0,0,0,0,0,0,0

SID,ORA01D,10,2
CD, ,0,0,0,DBL,0,0.0,103.0,8.0,2,2630,0,1,205,0,0,0
DF,DBL,38.961667,121.570000,1, ,0.0,0.0,2,6890,0,0,0,0,0,0
TF,ORAVA,38.710000,120.205833,0, ,0.0,0.0,0.0,0.0,0,0,0,0,0,0,0,0

SID,ORA02D,10,2
CD, ,0,0,0,DBL,0,0.0,103.0,8.0,2,2630,0,1,205,0,0,0
DF,DBL,38.961667,121.570000,1, ,0.0,0.0,2,6890,0,0,0,0,0,0
TF,EKULI,38.543889,121.215833,0, ,0.0,0.0,0.0,0.0,0,0,0,0,0,0,0,0
TF,BUBLO,38.647500,120.586111,0, ,0.0,0.0,0.0,0.0,0,0,0,0,0,0,0,0
TF,ORAVA,38.710000,120.205833,0, ,0.0,0.0,0.0,0.0,0,0,0,0,0,0,0,0

SID,ORA03D,10,2
CD, ,0,0,0,DBL,0,0.0,103.0,8.0,2,2630,0,1,205,0,0,0
CF,D089G,38.884922,121.780258,0,CHI,247.9,45.3,161.0,4.0,0,0,0,0,0,0,0,1
CF,EKULI,38.543889,121.215833,0,DBL,220.6,30.1,243.0,33.0,0,0,0,0,0,0,0,0
TF,BUBLO,38.647500,120.586111,0, ,0.0,0.0,0.0,0.0,0,0,0,0,0,0,0,0
TF,ORAVA,38.710000,120.205833,0, ,0.0,0.0,0.0,0.0,0,0,0,0,0,0,0,0

SID,ORA09D,10,5
CF,TL201,38.950000,121.740556,0,DBL,102.0,8.0,103.0,9.0,2,2630,0,0,0,0,0,0
TF,TL202,39.039444,121.752222,0, ,0.0,0.0,0.0,0.0,0,0,0,1,230,0,0,0
TF,TL203,39.055556,121.542778,0, ,0.0,0.0,0.0,0.0,2,8860,0,0,0,0,0,0
TF,TL206,38.881389,121.430833,0, ,0.0,0.0,0.0,0.0,2,12800,0,0,0,0,0,0
TF,EKULI,38.543889,121.215833,0, ,0.0,0.0,0.0,0.0,2,21700,0,0,0,0,0,0
TF,BUBLO,38.647500,120.586111,0, ,0.0,0.0,0.0,0.0,0,0,0,0,0,0,0,0
TF,ORAVA,38.710000,120.205833,0, ,0.0,0.0,0.0,0.0,0,0,0,0,0,0,0,0

SID,ORA11D,28,2
CA,0,283.0,2,1650,0,0,0,0,0,0
VI,0, ,0.0,234.0,0,0,0,1,205,0,0,0
CF,ORAVA,38.710000,120.205833,0,DBL,264.2,65.7,264.0,60.0,0,0,0,0,0,0,0,0

SID,ORA12D,28,2
CA,0,283.0,2,1650,0,0,0,0,0,0
DF,N,38.780903,121.416703,1, ,0.0,0.0,0,0,0,1,205,0,0,0
TF,EKULI,38.543889,121.215833,0, ,0.0,0.0,0.0,0.0,0,0,0,0,0,0,0,0
TF,BUBLO,38.647500,120.586111,0, ,0.0,0.0,0.0,0.0,0,0,0,0,0,0,0,0
TF,ORAVA,38.710000,120.205833,0, ,0.0,0.0,0.0,0.0,0,0,0,0,0,0,0,0

SID,ORA13D,28,2
CD, ,0,0,0,DBL,0,0.0,283.0,10.0,2,2630,0,0,0,0,0,0
DF,DBL,38.961667,121.570000,2, ,0.0,0.0,2,6890,0,1,205,0,0,0
TF,EKULI,38.543889,121.215833,0, ,0.0,0.0,0.0,0.0,0,0,0,0,0,0,0,0
TF,BUBLO,38.647500,120.586111,0, ,0.0,0.0,0.0,0.0,0,0,0,0,0,0,0,0
TF,ORAVA,38.710000,120.205833,0, ,0.0,0.0,0.0,0.0,0,0,0,0,0,0,0,0

SID,ORA18D,28,5
CF,TL401,38.978889,121.361667,0,DBL,283.1,9.8,283.0,8.0,2,2300,0,0,0,0,0,0
TF,TL410,38.806111,121.340556,0, ,0.0,0.0,0.0,0.0,0,0,0,0,0,0,0,0
TF,TL411,38.671944,121.323889,0, ,0.0,0.0,0.0,0.0,0,0,0,0,0,0,0,0
TF,EKULI,38.543889,121.215833,0, ,0.0,0.0,0.0,0.0,0,0,0,0,0,0,0,0
TF,BUBLO,38.647500,120.586111,0, ,0.0,0.0,0.0,0.0,0,0,0,0,0,0,0,0
TF,ORAVA,38.710000,120.205833,0, ,0.0,0.0,0.0,0.0,0,0,0,0,0,0,0,0

SID,ORA19D,28,5
CF,TL401,38.978889,121.361667,0,DBL,283.1,9.8,283.0,8.0,2,2300,0,0,0,0,0,0
TF,TL404,39.068611,121.372778,0, ,0.0,0.0,0.0,0.0,0,0,0,1,230,0,0,0
TF,TL406,39.052778,121.581667,0, ,0.0,0.0,0.0,0.0,2,8860,0,1,250,0,0,0
TF,TL112,38.963333,121.571111,0, ,0.0,0.0,0.0,0.0,0,0,0,0,0,0,0,0
TF,TL408,38.878333,121.498333,0, ,0.0,0.0,0.0,0.0,2,12800,0,0,0,0,0,0
TF,TL411,38.671944,121.323889,0, ,0.0,0.0,0.0,0.0,0,0,0,0,0,0,0,0
TF,EKULI,38.543889,121.215833,0, ,0.0,0.0,0.0,0.0,2,21700,0,0,0,0,0,0
TF,BUBLO,38.647500,120.586111,0, ,0.0,0.0,0.0,0.0,0,0,0,0,0,0,0,0
TF,ORAVA,38.710000,120.205833,0, ,0.0,0.0,0.0,0.0,0,0,0,0,0,0,0,0

SID,SAN01D,10,2
CD, ,0,0,0,DBL,0,0.0,103.0,8.0,2,2630,0,1,205,0,0,0
CF,DBL04,39.028031,121.578942,1,DBL,13.0,4.0,283.0,8.0,0,0,0,0,0,0,0,1
CF,DBL,38.961667,121.570000,1,DBL,0.0,0.0,103.0,1.0,2,6890,0,0,0,0,0,0
TF,POVAG,38.278889,122.251111,0, ,0.0,0.0,0.0,0.0,0,0,0,0,0,0,0,0
TF,SANKO,38.250000,122.453333,0, ,0.0,0.0,0.0,0.0,0,0,0,0,0,0,0,0

SID,SAN02D,10,2
CD, ,0,0,0,DBL,0,0.0,103.0,8.0,2,2630,0,1,205,0,0,0
CF,D089G,38.884922,121.780258,0,DBL,122.0,10.9,161.0,4.0,0,0,0,0,0,0,0,1
CI,0, ,0.0,194.0,0,0,0,0,0,0,0,0
CF,POVAG,38.278889,122.251111,0,DBL,148.7,52.0,149.0,38.0,0,0,0,0,0,0,0,0
TF,SANKO,38.250000,122.453333,0, ,0.0,0.0,0.0,0.0,0,0,0,0,0,0,0,0

SID,SAN08D,10,5
CF,TL201,38.950000,121.740556,0,DBL,102.0,8.0,103.0,9.0,2,2630,0,0,0,0,0,0
TF,TL208,38.774167,121.760000,0, ,0.0,0.0,0.0,0.0,0,0,0,0,0,0,0,0
TF,POVAG,38.278889,122.251111,0, ,0.0,0.0,0.0,0.0,0,0,0,0,0,0,0,0
TF,SANKO,38.250000,122.453333,0, ,0.0,0.0,0.0,0.0,0,0,0,0,0,0,0,0

SID,SAN09D,10,5
CF,TL201,38.950000,121.740556,0,DBL,102.0,8.0,103.0,9.0,2,2630,0,0,0,0,0,0
TF,TL202,39.039444,121.752222,0, ,0.0,0.0,0.0,0.0,0,0,0,1,230,0,0,0
TF,TL203,39.055556,121.542778,0, ,0.0,0.0,0.0,0.0,2,8860,0,0,0,0,0,0
TF,TL205,38.965556,121.538889,1, ,0.0,0.0,0.0,0.0,0,0,0,0,0,0,0,0
TF,TL208,38.774167,121.760000,0, ,0.0,0.0,0.0,0.0,0,0,0,0,0,0,0,0
TF,POVAG,38.278889,122.251111,0, ,0.0,0.0,0.0,0.0,0,0,0,0,0,0,0,0
TF,SANKO,38.250000,122.453333,0, ,0.0,0.0,0.0,0.0,0,0,0,0,0,0,0,0

SID,SAN11D,28,2
CD, ,0,0,0,DBL,0,0.0,283.0,10.0,2,2630,0,0,0,0,0,0
DF,DBL,38.961667,121.570000,2, ,0.0,0.0,2,6890,0,1,205,0,0,0
TF,POVAG,38.278889,122.251111,0, ,0.0,0.0,0.0,0.0,0,0,0,0,0,0,0,0
TF,SANKO,38.250000,122.453333,0, ,0.0,0.0,0.0,0.0,0,0,0,0,0,0,0,0

SID,SAN18D,28,5
CF,TL401,38.978889,121.361667,0,DBL,283.1,9.8,283.0,8.0,2,2300,0,0,0,0,0,0
TF,TL410,38.806111,121.340556,0, ,0.0,0.0,0.0,0.0,0,0,0,0,0,0,0,0
TF,POVAG,38.278889,122.251111,0, ,0.0,0.0,0.0,0.0,0,0,0,0,0,0,0,0
TF,SANKO,38.250000,122.453333,0, ,0.0,0.0,0.0,0.0,0,0,0,0,0,0,0,0

SID,SAN19D,28,5
CF,TL401,38.978889,121.361667,0,DBL,283.1,9.8,283.0,8.0,2,2300,0,0,0,0,0,0
TF,TL404,39.068611,121.372778,0, ,0.0,0.0,0.0,0.0,0,0,0,1,230,0,0,0
TF,TL406,39.052778,121.581667,0, ,0.0,0.0,0.0,0.0,2,8860,0,0,0,0,0,0
TF,TL112,38.963333,121.571111,0, ,0.0,0.0,0.0,0.0,0,0,0,0,0,0,0,0
TF,POVAG,38.278889,122.251111,0, ,0.0,0.0,0.0,0.0,0,0,0,0,0,0,0,0
TF,SANKO,38.250000,122.453333,0, ,0.0,0.0,0.0,0.0,0,0,0,0,0,0,0,0

SID,SAR09D,10,5
CF,TL201,38.950000,121.740556,0,DBL,102.0,8.0,103.0,9.0,2,2630,0,0,0,0,0,0
TF,TL202,39.039444,121.752222,0, ,0.0,0.0,0.0,0.0,0,0,0,1,230,0,0,0
TF,TL204,39.066944,121.391944,0, ,0.0,0.0,0.0,0.0,0,0,0,0,0,0,0,0
TF,TL104,39.084444,121.155556,0, ,0.0,0.0,0.0,0.0,0,0,0,0,0,0,0,0
TF,SARUD,38.831389,120.163333,0, ,0.0,0.0,0.0,0.0,0,0,0,0,0,0,0,0

SID,SAR19D,28,5
CF,TL401,38.978889,121.361667,0,DBL,283.1,9.8,283.0,8.0,2,2300,0,0,0,0,0,0
TF,TL402,38.989167,121.223333,0, ,0.0,0.0,0.0,0.0,2,3940,0,0,0,0,0,0
TF,TL405,39.014167,120.876111,0, ,0.0,0.0,0.0,0.0,2,11800,0,0,0,0,0,0
TF,SARUD,38.831389,120.163333,0, ,0.0,0.0,0.0,0.0,0,0,0,0,0,0,0,0

STAR,ANR01A,10,2
IF,ANRAT,38.658333,119.956667, ,0.0,0.0,0,0,0,0,0,0,0,0
TF,LOTGO,38.533889,120.158889,0, ,0.0,0.0,0.0,0.0,0,0,0,0,0,0,0,0
TF,GOTSU,38.516111,120.266944,0, ,0.0,0.0,0.0,0.0,0,0,0,0,0,0,0,0
TF,INTIV,38.474722,120.519722,0, ,0.0,0.0,0.0,0.0,0,0,0,0,0,0,0,0
TF,TANIB,38.381667,121.086944,0, ,0.0,0.0,0.0,0.0,0,0,0,0,0,0,0,0
TF,PATRI,38.557500,121.511667,0, ,0.0,0.0,0.0,0.0,0,0,0,0,0,0,0,0
TF,V,38.653597,121.547406,0, ,0.0,0.0,0.0,0.0,2,4930,0,1,205,0,0,0

STAR,ANR02A,10,2
IF,ANRAT,38.658333,119.956667, ,0.0,0.0,0,0,0,0,0,0,0,0
TF,LOTGO,38.533889,120.158889,0, ,0.0,0.0,0.0,0.0,0,0,0,0,0,0,0,0
TF,GOTSU,38.516111,120.266944,0, ,0.0,0.0,0.0,0.0,0,0,0,0,0,0,0,0
TF,INTIV,38.474722,120.519722,0, ,0.0,0.0,0.0,0.0,0,0,0,0,0,0,0,0
TF,TANIB,38.381667,121.086944,0, ,0.0,0.0,0.0,0.0,0,0,0,0,0,0,0,0
TF,PATRI,38.557500,121.511667,0, ,0.0,0.0,0.0,0.0,0,0,0,0,0,0,0,0
TF,V,38.653597,121.547406,0, ,0.0,0.0,0.0,0.0,2,4930,0,0,0,0,0,0
TF,FC,38.868333,121.628333,0, ,0.0,0.0,0.0,0.0,2,3940,0,1,205,0,0,0

STAR,ANR03A,10,2
IF,ANRAT,38.658333,119.956667, ,0.0,0.0,0,0,0,0,0,0,0,0
TF,LOTGO,38.533889,120.158889,0, ,0.0,0.0,0.0,0.0,0,0,0,0,0,0,0,0
TF,GOTSU,38.516111,120.266944,0, ,0.0,0.0,0.0,0.0,0,0,0,0,0,0,0,0
TF,INTIV,38.474722,120.519722,0, ,0.0,0.0,0.0,0.0,0,0,0,0,0,0,0,0
TF,TANIB,38.381667,121.086944,0, ,0.0,0.0,0.0,0.0,0,0,0,0,0,0,0,0
TF,PATRI,38.557500,121.511667,0, ,0.0,0.0,0.0,0.0,0,0,0,0,0,0,0,0
TF,V,38.653597,121.547406,0, ,0.0,0.0,0.0,0.0,2,4930,0,0,0,0,0,0
TF,FC,38.868333,121.628333,0, ,0.0,0.0,0.0,0.0,2,3940,0,0,0,0,0,0
TF,DBL,38.961667,121.570000,0, ,0.0,0.0,0.0,0.0,2,3940,0,1,205,0,0,0

STAR,ANR07A,10,5
IF,ANRAT,38.658333,119.956667, ,0.0,0.0,0,0,0,0,0,0,0,0
TF,LOTGO,38.533889,120.158889,0, ,0.0,0.0,0.0,0.0,0,0,0,0,0,0,0,0
TF,INTIV,38.474722,120.519722,0, ,0.0,0.0,0.0,0.0,0,0,0,0,0,0,0,0
TF,TANIB,38.381667,121.086944,0, ,0.0,0.0,0.0,0.0,2,11800,0,0,0,0,0,0
TF,PATRI,38.557500,121.511667,0, ,0.0,0.0,0.0,0.0,3,9850,0,0,0,0,0,0
TF,TL111,38.877778,121.486667,0, ,0.0,0.0,0.0,0.0,0,0,0,1,210,0,0,0
TF,TL107,38.895556,121.248889,0, ,0.0,0.0,0.0,0.0,2,3940,0,1,210,0,0,0

STAR,ANR08A,10,5
IF,ANRAT,38.658333,119.956667, ,0.0,0.0,0,0,0,0,0,0,0,0
TF,LOTGO,38.533889,120.158889,0, ,0.0,0.0,0.0,0.0,0,0,0,0,0,0,0,0
TF,INTIV,38.474722,120.519722,0, ,0.0,0.0,0.0,0.0,0,0,0,0,0,0,0,0
TF,TANIB,38.381667,121.086944,0, ,0.0,0.0,0.0,0.0,2,11800,0,0,0,0,0,0
TF,PATRI,38.557500,121.511667,0, ,0.0,0.0,0.0,0.0,3,9850,0,0,0,0,0,0
TF,TL111,38.877778,121.486667,0, ,0.0,0.0,0.0,0.0,0,0,0,0,0,0,0,0
TF,TL110,39.061111,121.472500,0, ,0.0,0.0,0.0,0.0,0,0,0,1,210,0,0,0
TF,TL106,39.076111,121.271111,0, ,0.0,0.0,0.0,0.0,2,3940,0,1,210,0,0,0

STAR,ANR11A,28,2
IF,ANRAT,38.658333,119.956667, ,0.0,0.0,0,0,0,0,0,0,0,0
TF,LOTGO,38.533889,120.158889,0, ,0.0,0.0,0.0,0.0,0,0,0,0,0,0,0,0
TF,GOTSU,38.516111,120.266944,0, ,0.0,0.0,0.0,0.0,0,0,0,0,0,0,0,0
TF,INTIV,38.474722,120.519722,0, ,0.0,0.0,0.0,0.0,0,0,0,0,0,0,0,0
TF,TANIB,38.381667,121.086944,0, ,0.0,0.0,0.0,0.0,0,0,0,0,0,0,0,0
TF,PATRI,38.557500,121.511667,0, ,0.0,0.0,0.0,0.0,0,0,0,0,0,0,0,0
TF,FC,38.868333,121.628333,0, ,0.0,0.0,0.0,0.0,2,3940,0,1,205,0,0,0

STAR,ANR18A,28,5
IF,ANRAT,38.658333,119.956667, ,0.0,0.0,0,0,0,0,0,0,0,0
TF,LOTGO,38.533889,120.158889,0, ,0.0,0.0,0.0,0.0,0,0,0,0,0,0,0,0
TF,INTIV,38.474722,120.519722,0, ,0.0,0.0,0.0,0.0,0,0,0,0,0,0,0,0
TF,TANIB,38.381667,121.086944,0, ,0.0,0.0,0.0,0.0,2,11800,0,0,0,0,0,0
TF,PATRI,38.557500,121.511667,0, ,0.0,0.0,0.0,0.0,3,9850,0,0,0,0,0,0
TF,TL311,38.872500,121.558889,0, ,0.0,0.0,0.0,0.0,0,0,0,0,0,0,0,0
TF,TL309,38.856389,121.765556,0, ,0.0,0.0,0.0,0.0,2,2960,0,1,210,0,0,0

STAR,ANR19A,28,5
IF,ANRAT,38.658333,119.956667, ,0.0,0.0,0,0,0,0,0,0,0,0
TF,LOTGO,38.533889,120.158889,0, ,0.0,0.0,0.0,0.0,0,0,0,0,0,0,0,0
TF,INTIV,38.474722,120.519722,0, ,0.0,0.0,0.0,0.0,0,0,0,0,0,0,0,0
TF,TANIB,38.381667,121.086944,0, ,0.0,0.0,0.0,0.0,2,11800,0,0,0,0,0,0
TF,PATRI,38.557500,121.511667,0, ,0.0,0.0,0.0,0.0,3,9850,0,0,0,0,0,0
TF,TL312,38.599444,121.613333,0, ,0.0,0.0,0.0,0.0,3,9850,0,0,0,0,0,0
TF,TL309,38.856389,121.765556,0, ,0.0,0.0,0.0,0.0,2,2960,0,1,210,0,0,0

STAR,CHI01A,10,2
IF,CHI,39.266667,122.616667, ,0.0,0.0,0,0,0,0,0,0,0,0
TF,VENOS,38.902778,122.326667,0, ,0.0,0.0,0.0,0.0,0,0,0,0,0,0,0,0
TF,H,38.837211,122.287086,0, ,0.0,0.0,0.0,0.0,0,0,0,0,0,0,0,1
CF,OGIPO,38.851667,121.825278,0,DBL,125.8,13.6,283.0,21.0,0,0,0,0,0,0,0,0
TF,DBL,38.961667,121.570000,0, ,0.0,0.0,0.0,0.0,2,3940,0,1,205,0,0,0

STAR,CHI02A,10,2
IF,CHI,39.266667,122.616667, ,0.0,0.0,0,0,0,0,0,0,0,0
TF,VENOS,38.902778,122.326667,0, ,0.0,0.0,0.0,0.0,0,0,0,0,0,0,0,0
TF,H,38.837211,122.287086,0, ,0.0,0.0,0.0,0.0,0,0,0,0,0,0,0,1
CF,OGIPO,38.851667,121.825278,0,DBL,125.8,13.6,283.0,21.0,0,0,0,0,0,0,0,0
TF,FC,38.868333,121.628333,0, ,0.0,0.0,0.0,0.0,2,3940,0,1,205,0,0,0

STAR,CHI07A,10,5
IF,CHI,39.266667,122.616667, ,0.0,0.0,0,0,0,0,0,0,0,0
TF,VENOS,38.902778,122.326667,0, ,0.0,0.0,0.0,0.0,0,0,0,0,0,0,0,0
TF,TL113,38.816667,122.258611,0, ,0.0,0.0,0.0,0.0,0,0,0,0,0,0,0,0
TF,TL111,38.877778,121.486667,0, ,0.0,0.0,0.0,0.0,0,0,0,1,210,0,0,0
TF,TL107,38.895556,121.248889,0, ,0.0,0.0,0.0,0.0,2,3940,0,1,210,0,0,0

STAR,CHI08A,10,5
IF,CHI,39.266667,122.616667, ,0.0,0.0,0,0,0,0,0,0,0,0
TF,VENOS,38.902778,122.326667,0, ,0.0,0.0,0.0,0.0,0,0,0,0,0,0,0,0
TF,TL113,38.816667,122.258611,0, ,0.0,0.0,0.0,0.0,0,0,0,0,0,0,0,0
TF,TL111,38.877778,121.486667,0, ,0.0,0.0,0.0,0.0,0,0,0,0,0,0,0,0
TF,TL110,39.061111,121.472500,0, ,0.0,0.0,0.0,0.0,0,0,0,1,210,0,0,0
TF,TL106,39.076111,121.271111,0, ,0.0,0.0,0.0,0.0,2,3940,0,1,210,0,0,0

STAR,CHI11A,28,2
IF,CHI,39.266667,122.616667, ,0.0,0.0,0,0,0,0,0,0,0,0
TF,VENOS,38.902778,122.326667,0, ,0.0,0.0,0.0,0.0,0,0,0,0,0,0,0,0
TF,X,38.940172,121.856381,0, ,0.0,0.0,0.0,0.0,2,3940,0,1,205,0,0,0

STAR,CHI19A,28,5
IF,CHI,39.266667,122.616667, ,0.0,0.0,0,0,0,0,0,0,0,0
TF,VENOS,38.902778,122.326667,0, ,0.0,0.0,0.0,0.0,0,0,0,0,0,0,0,0
TF,TL304,38.924167,122.067222,0, ,0.0,0.0,0.0,0.0,2,2960,0,1,210,0,0,0

STAR,NIX01A,10,2
IF,NIXEP,38.250000,120.988333, ,0.0,0.0,0,0,0,0,0,0,0,0
TF,DOBGA,38.413056,121.458611,0, ,0.0,0.0,0.0,0.0,0,0,0,0,0,0,0,0
TF,PATRI,38.557500,121.511667,0, ,0.0,0.0,0.0,0.0,0,0,0,0,0,0,0,0
TF,V,38.653597,121.547406,0, ,0.0,0.0,0.0,0.0,2,4930,0,1,205,0,0,0

STAR,NIX02A,10,2
IF,NIXEP,38.250000,120.988333, ,0.0,0.0,0,0,0,0,0,0,0,0
TF,DOBGA,38.413056,121.458611,0, ,0.0,0.0,0.0,0.0,0,0,0,0,0,0,0,0
TF,PATRI,38.557500,121.511667,0, ,0.0,0.0,0.0,0.0,0,0,0,0,0,0,0,0
TF,V,38.653597,121.547406,0, ,0.0,0.0,0.0,0.0,2,4930,0,0,0,0,0,0
TF,FC,38.868333,121.628333,0, ,0.0,0.0,0.0,0.0,2,3940,0,1,205,0,0,0

STAR,NIX03A,10,2
IF,NIXEP,38.250000,120.988333, ,0.0,0.0,0,0,0,0,0,0,0,0
TF,DOBGA,38.413056,121.458611,0, ,0.0,0.0,0.0,0.0,0,0,0,0,0,0,0,0
TF,PATRI,38.557500,121.511667,0, ,0.0,0.0,0.0,0.0,0,0,0,0,0,0,0,0
TF,V,38.653597,121.547406,0, ,0.0,0.0,0.0,0.0,2,4930,0,0,0,0,0,0
TF,FC,38.868333,121.628333,0, ,0.0,0.0,0.0,0.0,2,3940,0,0,0,0,0,0
TF,DBL,38.961667,121.570000,0, ,0.0,0.0,0.0,0.0,2,3940,0,1,205,0,0,0

STAR,NIX07A,10,5
IF,NIXEP,38.250000,120.988333, ,0.0,0.0,0,0,0,0,0,0,0,0
TF,DOBGA,38.413056,121.458611,0, ,0.0,0.0,0.0,0.0,0,0,0,0,0,0,0,0
TF,PATRI,38.557500,121.511667,0, ,0.0,0.0,0.0,0.0,3,9850,0,0,0,0,0,0
TF,TL111,38.877778,121.486667,0, ,0.0,0.0,0.0,0.0,0,0,0,1,210,0,0,0
TF,TL107,38.895556,121.248889,0, ,0.0,0.0,0.0,0.0,2,3940,0,1,210,0,0,0

STAR,NIX08A,10,5
IF,NIXEP,38.250000,120.988333, ,0.0,0.0,0,0,0,0,0,0,0,0
TF,DOBGA,38.413056,121.458611,0, ,0.0,0.0,0.0,0.0,0,0,0,0,0,0,0,0
TF,PATRI,38.557500,121.511667,0, ,0.0,0.0,0.0,0.0,3,9850,0,0,0,0,0,0
TF,TL111,38.877778,121.486667,0, ,0.0,0.0,0.0,0.0,0,0,0,0,0,0,0,0
TF,TL110,39.061111,121.472500,0, ,0.0,0.0,0.0,0.0,0,0,0,1,210,0,0,0
TF,TL106,39.076111,121.271111,0, ,0.0,0.0,0.0,0.0,2,3940,0,1,210,0,0,0

STAR,NIX11A,28,2
IF,NIXEP,38.250000,120.988333, ,0.0,0.0,0,0,0,0,0,0,0,0
TF,DOBGA,38.413056,121.458611,0, ,0.0,0.0,0.0,0.0,0,0,0,0,0,0,0,0
TF,PATRI,38.557500,121.511667,0, ,0.0,0.0,0.0,0.0,0,0,0,0,0,0,0,0
TF,FC,38.868333,121.628333,0, ,0.0,0.0,0.0,0.0,2,3940,0,1,205,0,0,0

STAR,NIX18A,28,5
IF,NIXEP,38.250000,120.988333, ,0.0,0.0,0,0,0,0,0,0,0,0
TF,DOBGA,38.413056,121.458611,0, ,0.0,0.0,0.0,0.0,0,0,0,0,0,0,0,0
TF,PATRI,38.557500,121.511667,0, ,0.0,0.0,0.0,0.0,3,9850,0,0,0,0,0,0
TF,TL311,38.872500,121.558889,0, ,0.0,0.0,0.0,0.0,0,0,0,0,0,0,0,0
TF,TL309,38.856389,121.765556,0, ,0.0,0.0,0.0,0.0,2,2960,0,1,210,0,0,0

STAR,NIX19A,28,5
IF,NIXEP,38.250000,120.988333, ,0.0,0.0,0,0,0,0,0,0,0,0
TF,DOBGA,38.413056,121.458611,0, ,0.0,0.0,0.0,0.0,0,0,0,0,0,0,0,0
TF,TL312,38.599444,121.613333,0, ,0.0,0.0,0.0,0.0,3,9850,0,0,0,0,0,0
TF,TL309,38.856389,121.765556,0, ,0.0,0.0,0.0,0.0,2,2960,0,1,210,0,0,0

STAR,SAN01A,10,2
IF,SANKO,38.250000,122.453333, ,0.0,0.0,0,0,0,0,0,0,0,0
TF,RUPID,38.408056,122.411111,0, ,0.0,0.0,0.0,0.0,0,0,0,0,0,0,0,0
TF,UDETI,38.691667,122.160000,0, ,0.0,0.0,0.0,0.0,0,0,0,0,0,0,0,0
TF,OGIPO,38.851667,121.825278,0, ,0.0,0.0,0.0,0.0,0,0,0,0,0,0,0,0
TF,DBL,38.961667,121.570000,0, ,0.0,0.0,0.0,0.0,2,3940,0,1,205,0,0,0

STAR,SAN02A,10,2
IF,SANKO,38.250000,122.453333, ,0.0,0.0,0,0,0,0,0,0,0,0
TF,RUPID,38.408056,122.411111,0, ,0.0,0.0,0.0,0.0,0,0,0,0,0,0,0,0
TF,UDETI,38.691667,122.160000,0, ,0.0,0.0,0.0,0.0,0,0,0,0,0,0,0,0
TF,OGIPO,38.851667,121.825278,0, ,0.0,0.0,0.0,0.0,0,0,0,0,0,0,0,0
TF,FC,38.868333,121.628333,0, ,0.0,0.0,0.0,0.0,2,3940,0,1,205,0,0,0

STAR,SAN07A,10,5
IF,SANKO,38.250000,122.453333, ,0.0,0.0,0,0,0,0,0,0,0,0
TF,RUPID,38.408056,122.411111,0, ,0.0,0.0,0.0,0.0,0,0,0,0,0,0,0,0
TF,UDETI,38.691667,122.160000,0, ,0.0,0.0,0.0,0.0,3,9850,0,0,0,0,0,0
TF,TL111,38.877778,121.486667,0, ,0.0,0.0,0.0,0.0,0,0,0,1,210,0,0,0
TF,TL107,38.895556,121.248889,0, ,0.0,0.0,0.0,0.0,2,3940,0,1,210,0,0,0

STAR,SAN08A,10,5
IF,SANKO,38.250000,122.453333, ,0.0,0.0,0,0,0,0,0,0,0,0
TF,RUPID,38.408056,122.411111,0, ,0.0,0.0,0.0,0.0,0,0,0,0,0,0,0,0
TF,UDETI,38.691667,122.160000,0, ,0.0,0.0,0.0,0.0,3,9850,0,0,0,0,0,0
TF,TL111,38.877778,121.486667,0, ,0.0,0.0,0.0,0.0,0,0,0,0,0,0,0,0
TF,TL110,39.061111,121.472500,0, ,0.0,0.0,0.0,0.0,0,0,0,1,210,0,0,0
TF,TL106,39.076111,121.271111,0, ,0.0,0.0,0.0,0.0,2,3940,0,1,210,0,0,0

STAR,SAN11A,28,2
IF,SANKO,38.250000,122.453333, ,0.0,0.0,0,0,0,0,0,0,0,0
TF,RUPID,38.408056,122.411111,0, ,0.0,0.0,0.0,0.0,0,0,0,0,0,0,0,0
TF,UDETI,38.691667,122.160000,0, ,0.0,0.0,0.0,0.0,0,0,0,0,0,0,0,0
TF,D128S,38.806181,121.911103,0, ,0.0,0.0,0.0,0.0,0,0,0,0,0,0,0,0
CR,0,DBL,109.0,13.0,0,0,0,0,0,0,0,0
CF,X,38.940172,121.856381,1,DBL,102.4,13.5,283.0,1.0,2,3940,0,1,205,0,0,0

STAR,SAN19A,28,5
IF,SANKO,38.250000,122.453333, ,0.0,0.0,0,0,0,0,0,0,0,0
TF,RUPID,38.408056,122.411111,0, ,0.0,0.0,0.0,0.0,0,0,0,0,0,0,0,0
TF,UDETI,38.691667,122.160000,0, ,0.0,0.0,0.0,0.0,3,9850,0,0,0,0,0,0
TF,TL305,38.833889,122.055278,0, ,0.0,0.0,0.0,0.0,0,0,0,0,0,0,0,0
TF,TL304,38.924167,122.067222,0, ,0.0,0.0,0.0,0.0,2,2960,0,1,210,0,0,0

APPTR,D28,28,FC
IF,FC,38.868333,121.628333, ,0.0,0.0,2,3940,0,1,205,0,1,0
FD,FC,38.868333,121.628333,0,DBL,161.0,9.7,103.0,9.7,0,0,0,0,0,0,0,0
CF,D113J,38.915964,121.773217,1,DBL,113.0,9.9,13.0,3.0,0,0,0,0,0,0,0,1
CF,CD28,38.947592,121.739972,1,DBL,103.0,8.0,283.0,1.0,2,2000,0,0,0,0,1,0

APPTR,D28,28,X
IF,X,38.940172,121.856381, ,0.0,0.0,2,3940,0,1,205,0,1,0
CF,CD28,38.947592,121.739972,0,DBL,103.0,8.0,283.0,5.5,2,2000,0,0,0,0,1,0

FINAL,D28,28,D,3
IF,CD28,38.947592,121.739972,DBL,103.0,8.0,2,2000,0,0,0,0,0,0
CF,FD28,38.952897,121.676239,0,DBL,103.0,5.0,283.0,3.0,2,2000,0,0,0,0,2,0
CF,DBL,38.961667,121.570000,0,DBL,0.0,0.0,283.0,5.0,1,381,0,0,0,0,3,0
FA,DBL,38.961667,121.570000,0,DBL,0.0,0.0,283.0,2,1480,0,0,0,0,0,0
DF,FC,38.868333,121.628333,1, ,0.0,0.0,2,2960,0,1,205,0,0,0

APPTR,I10-Y,10,DBL1
IF,DBL,38.961667,121.570000, ,0.0,0.0,2,3940,0,1,205,0,1,0
FD,DBL,38.961667,121.570000,0,DBL,0.0,13.0,294.0,13.0,2,2960,0,0,0,0,0,0
CF,CI10,38.976864,121.290753,1,IZF,280.0,12.1,100.0,1.0,2,2960,0,0,0,0,1,0

APPTR,I10-Y,10,DBL2
IF,DBL,38.961667,121.570000, ,0.0,0.0,2,3940,0,1,205,0,1,0
FD,DBL,38.961667,121.570000,0,DBL,0.0,13.0,287.0,13.0,2,2960,0,0,0,0,0,0
CF,CI10,38.976864,121.290753,1,IZF,280.0,12.1,100.0,1.0,2,2960,0,0,0,0,1,0

APPTR,I10-Y,10,FC
IF,FC,38.868333,121.628333, ,0.0,0.0,2,3940,0,1,205,0,1,0
TF,D265N,38.913092,121.279672,0, ,0.0,0.0,0.0,0.0,0,0,0,0,0,0,0,1
CF,CI10,38.976864,121.290753,2,IZF,280.0,12.1,100.0,1.0,2,2960,0,0,0,0,1,0

APPTR,I10-Y,10,V
IF,V,38.653597,121.547406, ,0.0,0.0,2,4930,0,1,205,0,1,0
CI,0, ,0.0,9.0,0,0,0,0,0,0,0,0
AF,D240O,38.810786,121.314564,2,DBL,240.0,15.0,189.0,2,3940,0,0,0,0,0,0
AF,D272O,38.939419,121.250800,2,DBL,272.0,15.0,240.0,0,0,0,0,0,0,0,0
CF,CI10,38.976864,121.290753,0,IZF,280.0,12.1,100.0,2.0,2,2960,0,0,0,0,1,0

FINAL,I10-Y,10,I,3
IF,CI10,38.976864,121.290753,IZF,280.0,12.1,2,2960,0,0,0,0,0,0
CF,FI10,38.974453,121.352653,0,IZF,280.0,9.5,100.0,2.9,1,2960,0,0,0,0,2,0
CF,RW10,38.966953,121.521844,0,IZF,277.9,1.2,100.0,7.9,1,165,0,0,0,0,3,0
FA,RW10,38.966953,121.521844,0,DBL,0.0,0.0,100.0,2,1480,0,0,0,0,0,0
DF,FC,38.868333,121.628333,2, ,0.0,0.0,2,2960,0,1,205,0,0,0

APPTR,I10-Z,10,TL106
IF,TL106,39.076111,121.271111, ,0.0,0.0,2,3940,0,1,210,0,1,0
TF,TL102,38.976389,121.258889,0,IZF,0.0,0.0,0.0,0.0,2,2960,0,0,0,0,1,0

APPTR,I10-Z,10,TL107
IF,TL107,38.895556,121.248889, ,0.0,0.0,2,3940,0,1,210,0,1,0
TF,TL105,38.904167,121.133889,0, ,0.0,0.0,0.0,0.0,0,0,0,0,0,0,0,0
TF,TL103,38.980278,121.143056,0, ,0.0,0.0,0.0,0.0,2,2960,0,0,0,0,0,0
TF,TL102,38.976389,121.258889,0,IZF,0.0,0.0,0.0,0.0,2,2960,0,0,0,0,1,0

FINAL,I10-Z,10,I,3
IF,TL102,38.976389,121.258889,IZF,279.6,13.5,2,2960,0,0,0,0,0,0
CF,FI10,38.974453,121.352653,0,IZF,280.0,9.2,100.0,4.4,1,2960,0,0,0,0,2,0
CF,RW10,38.966953,121.521844,0,IZF,277.9,1.2,100.0,7.9,1,165,0,0,0,0,3,0
FA,RW10,38.966953,121.521844,0,DBL,0.0,0.0,100.0,2,1480,0,0,0,0,0,0
DF,TL111,38.877778,121.486667,2, ,0.0,0.0,1,4930,0,1,210,0,0,0

APPTR,I28-Y,28,FC
IF,FC,38.868333,121.628333, ,0.0,0.0,2,3940,0,1,205,0,1,0
FD,FC,38.868333,121.628333,0,DBL,161.0,9.7,103.0,9.7,0,0,0,0,0,0,0,0
CF,D113J,38.915964,121.773217,1,DBL,113.0,9.9,13.0,3.0,0,0,0,0,0,0,0,1
CF,CI28,38.949858,121.741731,1,IKD,102.6,10.6,283.0,1.0,2,2000,0,0,0,0,1,0

APPTR,I28-Y,28,X
IF,X,38.940172,121.856381, ,0.0,0.0,2,3940,0,1,205,0,1,0
CF,CI28,38.949858,121.741731,0,IKD,102.6,10.6,283.0,5.4,2,2000,0,0,0,0,1,0

FINAL,I28-Y,28,I,3
IF,CI28,38.949858,121.741731,IKD,102.6,10.6,2,2000,0,0,0,0,0,0
CF,FI28,38.955028,121.675831,0,IKD,102.6,7.5,283.0,3.1,1,2000,0,0,0,0,2,0
CF,RW28,38.964486,121.554014,0,IKD,102.6,1.8,283.0,5.7,1,138,0,0,0,0,3,0
FA,RW28,38.964486,121.554014,0,DBL,0.0,0.0,283.0,2,1480,0,0,0,0,0,0
DF,FC,38.868333,121.628333,1, ,0.0,0.0,1,2960,0,1,205,0,0,0

APPTR,I28-Z,28,TL304
IF,TL304,38.924167,122.067222, ,0.0,0.0,2,2960,0,1,210,0,1,0
TF,TL303,38.938056,121.893056,0, ,0.0,0.0,0.0,0.0,2,2960,0,0,0,0,0,0
TF,TL302,38.946944,121.777222,0,IKD,0.0,0.0,0.0,0.0,2,2000,0,0,0,0,1,0

APPTR,I28-Z,28,TL309
IF,TL309,38.856389,121.765556, ,0.0,0.0,2,2960,0,1,210,0,1,0
TF,TL307,38.847222,121.881111,0, ,0.0,0.0,0.0,0.0,0,0,0,0,0,0,0,0
TF,TL305,38.833889,122.055278,0, ,0.0,0.0,0.0,0.0,0,0,0,0,0,0,0,0
TF,TL304,38.924167,122.067222,0, ,0.0,0.0,0.0,0.0,2,2960,0,0,0,0,0,0
TF,TL303,38.938056,121.893056,0, ,0.0,0.0,0.0,0.0,2,2960,0,0,0,0,0,0
TF,TL302,38.946944,121.777222,0,IKD,0.0,0.0,0.0,0.0,2,2000,0,0,0,0,1,0

FINAL,I28-Z,28,I,3
IF,TL302,38.946944,121.777222,IKD,102.7,12.3,2,2000,0,0,0,0,0,0
CF,FI28,38.955028,121.675831,0,IKD,102.6,7.5,283.0,4.8,1,2000,0,0,0,0,2,0
CF,RW28,38.964486,121.554014,0,IKD,102.6,1.8,283.0,5.7,1,138,0,0,0,0,3,0
FA,RW28,38.964486,121.554014,0,DBL,0.0,0.0,283.0,2,1480,0,0,0,0,0,0
DF,TL311,38.872500,121.558889,1, ,0.0,0.0,2,2960,0,1,210,0,0,0

APPTR,R10-Y,10,TL106
IF,TL106,39.076111,121.271111, ,0.0,0.0,2,3940,0,1,210,0,1,0
TF,TL102,38.976389,121.258889,0, ,0.0,0.0,0.0,0.0,2,2960,0,0,0,0,1,0

APPTR,R10-Y,10,TL107
IF,TL107,38.895556,121.248889, ,0.0,0.0,2,3940,0,1,210,0,1,0
TF,TL105,38.904167,121.133889,0, ,0.0,0.0,0.0,0.0,0,0,0,0,0,0,0,0
TF,TL103,38.980278,121.143056,0, ,0.0,0.0,0.0,0.0,2,2960,0,0,0,0,0,0
TF,TL102,38.976389,121.258889,0, ,0.0,0.0,0.0,0.0,2,2960,0,0,0,0,1,0

FINAL,R10-Y,10,R,4
IF,TL102,38.976389,121.258889, ,0.0,0.0,2,2960,0,0,0,0,0,0
TF,TL503,38.973306,121.351306,0, ,0.0,0.0,100.0,4.3,2,2960,0,1,160,0,2,0
TF,TL501,38.968639,121.489889,0, ,0.0,0.0,100.0,6.5,0,0,0,0,0,0,0,0
TF,TL500,38.967528,121.521944,0, ,0.0,0.0,100.0,1.5,1,155,0,0,0,0,3,1
TF,TL504,38.963639,121.633750,0, ,0.0,0.0,0.0,0.0,0,0,0,0,0,0,0,0
RF,FC,38.868333,121.628333,2,TLC04,282.2,2.9,1,2960,0,1,210,0,0,0
TF,TL111,38.877778,121.486667,0, ,0.0,0.0,0.0,0.0,1,4930,0,0,0,0,0,0

APPTR,R10-Z,10,TL106
IF,TL106,39.076111,121.271111, ,0.0,0.0,2,3940,0,1,210,0,1,0
TF,TL102,38.976389,121.258889,0, ,0.0,0.0,0.0,0.0,2,2960,0,0,0,0,1,0

APPTR,R10-Z,10,TL107
IF,TL107,38.895556,121.248889, ,0.0,0.0,2,3940,0,1,210,0,1,0
TF,TL105,38.904167,121.133889,0, ,0.0,0.0,0.0,0.0,0,0,0,0,0,0,0,0
TF,TL103,38.980278,121.143056,0, ,0.0,0.0,0.0,0.0,2,2960,0,0,0,0,0,0
TF,TL102,38.976389,121.258889,0, ,0.0,0.0,0.0,0.0,2,2960,0,0,0,0,1,0

FINAL,R10-Z,10,R,4
IF,TL102,38.976389,121.258889, ,0.0,0.0,2,2960,0,0,0,0,0,0
TF,TL502,38.972972,121.361250,0, ,0.0,0.0,100.0,4.8,2,2960,0,1,160,0,2,0
TF,TL501,38.968639,121.489889,0, ,0.0,0.0,100.0,6.0,0,0,0,0,0,0,0,0
TF,TL500,38.967528,121.521944,0, ,0.0,0.0,100.0,1.5,1,159,0,0,0,0,3,1
TF,TL504,38.963639,121.633750,0, ,0.0,0.0,0.0,0.0,0,0,0,0,0,0,0,0
RF,FC,38.868333,121.628333,2,TLC04,282.2,2.9,1,2960,0,1,210,0,0,0
TF,TL111,38.877778,121.486667,0, ,0.0,0.0,0.0,0.0,1,4930,0,0,0,0,0,0

